lsstCam/transmission_filter_detector/r33_s11/g_6/19700101T000000.ecsv
# %ECSV 1.0
# ---
# datatype:
# - {name: wavelength, unit: nm, datatype: float32}
# - {name: efficiency, unit: '%', datatype: float64}
# meta: !!omap
# - {MODE: DETECTOR}
# - {TYPE: transmission_filter_detector}
# - {CALIBDATE: '1970-01-01T00:00:00'}
# - {INSTRUME: LSSTCam}
# - {OBSTYPE: transmission_filter_detector}
# - {CALIBCLS: lsst.ip.isr.IntermediateFilterDetectorTransmissionCurve}
# - {SOURCE: Materion (DM-46256)}
# - {DETECTOR: 148}
# - {FILTER: g_6}
# - {CALIB_ID: 'calibDate=1970-01-01T00:00:00 filter=g_6 detector=148'}
# - {DATE: '2025-04-02T15:59:42.712244'}
# - {CALIB_CREATION_DATE: '2025-04-02'}
# - {CALIB_CREATION_TIME: '15:59:42'}
# - __serialized_columns__:
#     efficiency:
#       __class__: astropy.units.quantity.Quantity
#       unit: !astropy.units.Unit {unit: '%'}
#       value: !astropy.table.SerializedColumn {name: efficiency}
#     wavelength:
#       __class__: astropy.units.quantity.Quantity
#       unit: !astropy.units.Unit {unit: nm}
#       value: !astropy.table.SerializedColumn {name: wavelength}
# schema: astropy-2.0
wavelength efficiency
300.0 0.3661946626380086
301.0 0.3140057437121868
302.0 0.26181675493717194
303.0 0.2463580807670951
304.0 0.23089940659701824
305.0 0.22639159578830004
306.0 0.22188378497958183
307.0 0.21599398460239172
308.0 0.21010416094213724
309.0 0.20533527713268995
310.0 0.2005663700401783
311.0 0.20079989917576313
312.0 0.2010334050282836
313.0 0.19353025127202272
314.0 0.18602712079882622
315.0 0.18148553790524602
316.0 0.1769439782947302
317.0 0.17461890820413828
318.0 0.172293814830482
319.0 0.16149820294231176
320.0 0.15070257941260934
321.0 0.14040576061233878
322.0 0.13010890688747168
323.0 0.11496498482301831
324.0 0.09982106275856495
325.0 0.0894438591785729
326.0 0.07906666724011302
327.0 0.07239190163090825
328.0 0.06571714184246957
329.0 0.062280503334477544
330.0 0.05884385900571942
331.0 0.05436346400529146
332.0 0.0498830690048635
333.0 0.04726601473521441
334.0 0.044648960465565324
335.0 0.042137899436056614
336.0 0.03962684131693095
337.0 0.03993619466200471
338.0 0.040245550917461514
339.0 0.039564771577715874
340.0 0.03888398932758719
341.0 0.03726817376445979
342.0 0.03565235820133239
343.0 0.0329875125316903
344.0 0.030322663951665163
345.0 0.026495763449929655
346.0 0.022668862948194146
347.0 0.02073075156658888
348.0 0.01879263872979209
349.0 0.017395072791259736
350.0 0.8863052353262901
351.0 1.1121883988380432
352.0 0.7959353737533092
353.0 0.8119016885757446
354.0 0.7178095169365406
355.0 0.8885378018021584
356.0 0.706896185874939
357.0 0.9473200887441635
358.0 0.6891526747494936
359.0 0.8385174907743931
360.0 0.6368576548993587
361.0 0.8441989310085773
362.0 0.5003043450415134
363.0 0.7586014922708273
364.0 0.47793472185730934
365.0 0.7969662547111511
366.0 0.5909547209739685
367.0 0.8112656883895397
368.0 0.44335993006825447
369.0 0.5703282542526722
370.0 0.45848474837839603
371.0 0.5624701268970966
372.0 0.41311923414468765
373.0 0.6145310122519732
374.0 0.48494176007807255
375.0 0.7022314704954624
376.0 0.3266334068030119
377.0 0.5392761435359716
378.0 0.3615356981754303
379.0 0.5286660511046648
380.0 0.47620106488466263
381.0 0.4488169215619564
382.0 0.5661591421812773
383.0 0.5611444357782602
384.0 0.5935280583798885
385.0 0.50355507992208
386.0 0.6220899522304535
387.0 0.6926398258656263
388.0 0.8716211654245853
389.0 1.1859419755637646
390.0 1.6404282301664352
391.0 2.539200894534588
392.0 4.019070416688919
393.0 6.4124636352062225
394.0 9.684771299362183
395.0 14.19680267572403
396.0 19.7677344083786
397.0 26.85900628566742
398.0 35.18435060977936
399.0 44.272831082344055
400.0 53.66367697715759
401.0 62.80303597450256
402.0 71.30177617073059
403.0 78.71047854423523
404.0 84.25942063331604
405.0 88.45759630203247
406.0 90.85674285888672
407.0 92.80692338943481
408.0 94.01437044143677
409.0 94.62741613388062
410.0 94.86867785453796
411.0 94.75417733192444
412.0 94.36497688293457
413.0 94.14973855018616
414.0 93.99310946464539
415.0 94.13232207298279
416.0 94.38856840133667
417.0 94.71442699432373
418.0 95.26659846305847
419.0 95.78275680541992
420.0 96.32620215415955
421.0 96.99432253837585
422.0 97.15038537979126
423.0 97.35998511314392
424.0 97.15293049812317
425.0 97.05497622489929
426.0 97.03012108802795
427.0 97.08377122879028
428.0 96.85820937156677
429.0 96.7064619064331
430.0 96.48723602294922
431.0 96.50760889053345
432.0 96.61263227462769
433.0 96.63147926330566
434.0 96.73598408699036
435.0 96.86833024024963
436.0 96.91974520683289
437.0 96.92850708961487
438.0 97.01815843582153
439.0 97.10593223571777
440.0 97.06953763961792
441.0 97.19807505607605
442.0 97.19085693359375
443.0 97.16755151748657
444.0 97.14258313179016
445.0 96.88137769699097
446.0 96.7786192893982
447.0 96.54422402381897
448.0 96.55618667602539
449.0 96.70783877372742
450.0 96.96977138519287
451.0 97.15271592140198
452.0 97.36015200614929
453.0 97.45177030563354
454.0 97.55318760871887
455.0 97.75564670562744
456.0 97.83306121826172
457.0 98.03376197814941
458.0 98.02714586257935
459.0 98.11755418777466
460.0 98.08810353279114
461.0 98.29255938529968
462.0 98.19449186325073
463.0 98.17453622817993
464.0 98.22694659233093
465.0 98.13675284385681
466.0 98.14887046813965
467.0 98.15309047698975
468.0 98.1650173664093
469.0 98.22534918785095
470.0 98.10705184936523
471.0 97.97821044921875
472.0 98.08549880981445
473.0 97.94976711273193
474.0 97.75422215461731
475.0 97.82347083091736
476.0 97.80914783477783
477.0 97.83507585525513
478.0 98.00531268119812
479.0 97.92367815971375
480.0 98.09122085571289
481.0 98.1629490852356
482.0 98.34442734718323
483.0 98.26117157936096
484.0 98.42615723609924
485.0 98.47678542137146
486.0 98.50180745124817
487.0 98.54288101196289
488.0 98.47519993782043
489.0 98.6382782459259
490.0 98.54602813720703
491.0 98.5962450504303
492.0 98.46768379211426
493.0 98.47570061683655
494.0 98.45059514045715
495.0 98.51132035255432
496.0 98.33430051803589
497.0 98.2395887374878
498.0 98.0787992477417
499.0 98.1494665145874
500.0 98.07679653167725
501.0 97.97155857086182
502.0 97.91056513786316
503.0 98.08093309402466
504.0 97.91672229766846
505.0 97.88106679916382
506.0 97.9390025138855
507.0 97.89297580718994
508.0 97.87013530731201
509.0 97.90794253349304
510.0 97.83433675765991
511.0 97.80045747756958
512.0 97.74279594421387
513.0 97.80988693237305
514.0 97.76889681816101
515.0 97.80763983726501
516.0 97.91087508201599
517.0 97.88713455200195
518.0 97.94996976852417
519.0 97.94039726257324
520.0 98.03935885429382
521.0 98.16036820411682
522.0 98.16741943359375
523.0 98.18401336669922
524.0 98.20019006729126
525.0 98.18547368049622
526.0 98.2927680015564
527.0 98.21658134460449
528.0 98.37599992752075
529.0 98.44367504119873
530.0 98.4767735004425
531.0 98.61604571342468
532.0 98.47204685211182
533.0 98.44968914985657
534.0 98.49157333374023
535.0 98.32563400268555
536.0 97.96494245529175
537.0 97.48122692108154
538.0 96.75964713096619
539.0 95.46061158180237
540.0 93.78340244293213
541.0 91.27110838890076
542.0 88.52541446685791
543.0 84.95587706565857
544.0 80.4213285446167
545.0 76.41567587852478
546.0 71.47892117500305
547.0 66.82283878326416
548.0 62.22522854804993
549.0 58.031272888183594
550.0 54.71671223640442
551.0 51.46821737289429
552.0 49.06945526599884
553.0 46.57805562019348
554.0 43.762269616127014
555.0 40.63093662261963
556.0 36.54336631298065
557.0 31.759434938430786
558.0 26.444587111473083
559.0 21.144674718379974
560.0 15.90595692396164
561.0 11.016910523176193
562.0 7.203058153390884
563.0 4.320722445845604
564.0 2.4092791602015495
565.0 1.1837937869131565
566.0 0.6330534815788269
567.0 0.3138760570436716
568.0 0.1893643056973815
569.0 0.10876047890633345
570.0 0.080242840340361
571.0 0.06109679816290736
572.0 0.06121492478996515
573.0 0.03879136638715863
574.0 0.04447834799066186
575.0 0.03564067301340401
576.0 0.038250142824836075
577.0 0.023087979934643954
578.0 0.03978668537456542
579.0 0.023488063015975058
580.0 0.025126742548309267
581.0 0.02420790697215125
582.0 0.037641721428371966
583.0 0.02469414030201733
584.0 0.022410567908082157
585.0 0.015076217823661864
586.0 0.026017846539616585
587.0 0.01648582547204569
588.0 0.02953825460281223
589.0 0.02007111324928701
590.0 0.025074699078686535
591.0 0.005451854667626321
592.0 0.02573641249909997
593.0 0.018274650210514665
594.0 0.01940644724527374
595.0 0.007128636207198724
596.0 0.01756712590577081
597.0 0.005132162550580688
598.0 0.02561940927989781
599.0 0.012898110435344279
600.0 0.009760339162312448
601.0 0.002351722287130542
602.0 0.0022810785594629124
603.0 0.0022104346498963423
604.0 0.002032369957305491
605.0 0.001854304900916759
606.0 0.0018458309568814002
607.0 0.0018373571947449818
608.0 0.0018264965547132306
609.0 0.001815635732782539
610.0 0.0019119654098176397
611.0 0.0020082949049538
612.0 0.0018728242139331996
613.0 0.0017373537048115395
614.0 0.0017215601474163122
615.0 0.0017057667719200253
616.0 0.0015432126019732095
617.0 0.0013806585229758639
618.0 0.0015580249964841641
619.0 0.0017353915609419346
620.0 0.0015807097952347249
621.0 0.0014260275747801643
622.0 0.0014660836313851178
623.0 0.0015061393241921905
624.0 0.0015206446732918266
625.0 0.0015351502952398732
626.0 0.0015312911273213103
627.0 0.001527431777503807
628.0 0.0014852287677058484
629.0 0.00144302584885736
630.0 0.001435892227164004
631.0 0.0014287586964201182
632.0 0.0013730917999055237
633.0 0.0013174251762393396
634.0 0.0014261420801631175
635.0 0.0015348590750363655
636.0 0.0014330194062495138
637.0 0.0013311795555637218
638.0 0.001219596106238896
639.0 0.0011080128388130106
640.0 0.001271351175091695
641.0 0.0014346896932693198
642.0 0.0013190796380513348
643.0 0.00120346976473229
644.0 0.0011172246558999177
645.0 0.0010309798199159559
646.0 0.0011749073564715218
647.0 0.0013188348930270877
648.0 0.0013364278856897727
649.0 0.0013540206964535173
650.0 0.0012622333997569513
651.0 0.0011704458302119747
652.0 0.001114556198444916
653.0 0.0010586666576273274
654.0 0.0010702050531108398
655.0 0.0010817434485943522
656.0 0.001111600431613624
657.0 0.001141457414632896
658.0 0.0011345844541210681
659.0 0.00112771140265977
660.0 0.0010920191016339231
661.0 0.0010563265277596656
662.0 0.000998776886262931
663.0 0.0009412271538167261
664.0 0.0010169958841288462
665.0 0.0010927645234914962
666.0 0.0010927563380391803
667.0 0.0010927482435363345
668.0 0.0011211894161533564
669.0 0.001149630406871438
670.0 0.0012227539627929218
671.0 0.0012958773368154652
672.0 0.0012336548934399616
673.0 0.0011714329048118088
674.0 0.0011255411664023995
675.0 0.0010796494279929902
676.0 0.0010659497093001846
677.0 0.0010522497177589685
678.0 0.0009623420737625565
679.0 0.0008724344297661446
680.0 0.0009229777788277715
681.0 0.0009735211278893985
682.0 0.0009240708095603622
683.0 0.0008746207640797365
684.0 0.0008591378900746349
685.0 0.0008436551070190035
686.0 0.0009146598131337669
687.0 0.0009856645192485303
688.0 0.0010638797903084196
689.0 0.0011420952432672493
690.0 0.0010845177712326404
691.0 0.0010269403901475016
692.0 0.0010158272743865382
693.0 0.0010047143405245151
694.0 0.0010341032066207845
695.0 0.001063492163666524
696.0 0.0011032518159481697
697.0 0.001143011741078226
698.0 0.0011626744708337355
699.0 0.001182337109639775
700.0 0.0011747985809051897
701.0 0.0011672598702716641
702.0 0.0012372195669740904
703.0 0.0013071791727270465
704.0 0.0012396121746860445
705.0 0.0011720450856955722
706.0 0.0011685578101605643
707.0 0.0011650702617771458
708.0 0.0011421483577578329
709.0 0.00111922654468799
710.0 0.001155539575847797
711.0 0.0011918526979570743
712.0 0.0013346570085559506
713.0 0.0014774612282053567
714.0 0.0014078025742492173
715.0 0.0013381439202930778
716.0 0.0014781551726628095
717.0 0.0016181664250325412
718.0 0.0016726333342376165
719.0 0.0017271004253416322
720.0 0.001554839218442794
721.0 0.0013825779205944855
722.0 0.001575766145833768
723.0 0.0017689544620225206
724.0 0.0017977448806050234
725.0 0.001826535299187526
726.0 0.001909956154122483
727.0 0.00199337700905744
728.0 0.0020195624529151246
729.0 0.002045747714873869
730.0 0.0020558902178891003
731.0 0.0020660330847022124
732.0 0.001863615216279868
733.0 0.001661197529756464
734.0 0.0014547901628247928
735.0 0.0012483824320952408
736.0 0.0011128414371341933
737.0 0.0009773002602742054
738.0 0.0010013376595452428
739.0 0.00102537496786681
740.0 0.0008691731636645272
741.0 0.0007129714049369795
742.0 0.0008389186405111104
743.0 0.0009648659215599764
744.0 0.0009136572771240026
745.0 0.0008624486326880287
746.0 0.0007049448413454229
747.0 0.0005474409590533469
748.0 0.0007187425126176095
749.0 0.0008900439752324019
750.0 0.0009021938240039162
751.0 0.0009143437637249008
752.0 0.0008720474397705402
753.0 0.0008297510248667095
754.0 0.0007975609150889795
755.0 0.0007653707143617794
756.0 0.0007966581506479997
757.0 0.0008279454959847499
758.0 0.000868743154569529
759.0 0.0009095410860027187
760.0 0.0008928707757149823
761.0 0.0008762003744777758
762.0 0.0007954132343002129
763.0 0.0007146261395973852
764.0 0.0007164190719777253
765.0 0.0007182121862570057
766.0 0.0007495058980566682
767.0 0.0007807996553310659
768.0 0.0007158112566685304
769.0 0.0006508229944302002
770.0 0.0007092003215802833
771.0 0.0007675776942051016
772.0 0.0006713837137795053
773.0 0.0005751895514549688
774.0 0.0005039380994276144
775.0 0.0004326866019255249
776.0 0.0005837369826622307
777.0 0.0007347871814999962
778.0 0.000668243501422694
779.0 0.0006016999122948619
780.0 0.0006319394742604345
781.0 0.0006621789907512721
782.0 0.000595888332100003
783.0 0.000529597673448734
784.0 0.000399822965846397
785.0 0.00027004825824406
786.0 0.00033435351269872626
787.0 0.00039865876715339255
788.0 0.00037287597933755023
789.0 0.00034709321425907547
790.0 0.0003880004442180507
791.0 0.00042890765143965837
792.0 0.00044264238567848224
793.0 0.00045637707444257103
794.0 0.0003600579248086433
795.0 0.0002637386842252454
796.0 0.0002605715962999966
797.0 0.00025740453111211536
798.0 0.00029247200927784434
799.0 0.00032753951018094085
800.0 0.0004550770427158568
801.0 0.0005826146662002429
802.0 0.0005414170573203592
803.0 0.0005002195393899456
804.0 0.0005430411420093151
805.0 0.0005858626991539495
806.0 0.000528321379533736
807.0 0.0004707799689640524
808.0 0.00048676615733711515
809.0 0.000502752391184913
810.0 0.0004004662059742259
811.0 0.0002981799752888037
812.0 0.00035413220302871196
813.0 0.0004100845217180904
814.0 0.00045031811168882996
815.0 0.0004905516561848344
816.0 0.0005799582140753046
817.0 0.0006693647719657747
818.0 0.0005094609605293954
819.0 0.0003495572173051187
820.0 0.0004066146630066214
821.0 0.0004636720859707566
822.0 0.0004670361704484094
823.0 0.000470400163976592
824.0 0.00046246582314779516
825.0 0.0004545314823189983
826.0 0.0004573172191157937
827.0 0.0004601030013873242
828.0 0.00038292746467050165
829.0 0.0003057519734284142
830.0 0.00037573647659883136
831.0 0.0004457209342945134
832.0 0.00041514940676279366
833.0 0.0003845778337563388
834.0 0.0003623197926572175
835.0 0.0003400617288207286
836.0 0.00035053433293796843
837.0 0.0003610069143178407
838.0 0.0005439673259388655
839.0 0.0007269278285093606
840.0 0.0006098419362388086
841.0 0.0004927561349177267
842.0 0.00048405445340904407
843.0 0.0004753527719003614
844.0 0.0005627986865874846
845.0 0.0006502446012746077
846.0 0.0004796376742888242
847.0 0.0003090307018283056
848.0 0.00036535664094117237
849.0 0.00042168258005403914
850.0 0.0003281647195763071
851.0 0.00023464683636120753
852.0 0.00013260922742119874
853.0 3.0571590059480513e-05
854.0 0.00015551077012787573
855.0 0.00028044994451192906
856.0 0.0003558753633114975
857.0 0.00043130085032316856
858.0 0.0004232971605233615
859.0 0.00041529356167302467
860.0 0.0004376711785880616
861.0 0.0004600487955030985
862.0 0.0005342820259102155
863.0 0.0006085152108425973
864.0 0.00041153225538437255
865.0 0.00021454927718878025
866.0 0.0004493734195420984
867.0 0.000684197539158049
868.0 0.0005515045359061332
869.0 0.00041881144170474727
870.0 0.0004601477030519163
871.0 0.0005014840553485556
872.0 0.00048626543502905406
873.0 0.00047104695113375783
874.0 0.0005178927040105918
875.0 0.0005647384568874259
876.0 0.0004093410552741261
877.0 0.00025394363092345884
878.0 0.0004513136445893906
879.0 0.0006486836809926899
880.0 0.0007510082014050568
881.0 0.0008533328582416289
882.0 0.0006681786544504575
883.0 0.0004830244961340213
884.0 0.0005361591774999397
885.0 0.000589293813391123
886.0 0.0005571547717408976
887.0 0.0005250158210401423
888.0 0.00047591615839337464
889.0 0.00042681658669607714
890.0 0.0005242688985163113
891.0 0.0006217212558112806
892.0 0.0005973673978587613
893.0 0.000573013585380977
894.0 0.00042931706047966145
895.0 0.00028562051284097834
896.0 0.0003645155175036052
897.0 0.00044341049942886457
898.0 0.00043976206143270247
899.0 0.00043611362343654037
900.0 0.0003994295639131451
901.0 0.00036274554986448493
902.0 0.0004410715973790502
903.0 0.0005193976448936155
904.0 0.0004873290436080424
905.0 0.00045526035137299914
