lsstcam/qe_curve/r10_s02/19700101T000000.ecsv
# %ECSV 0.9
# ---
# datatype:
# - {name: amp_name, datatype: string}
# - {name: wavelength, unit: nm, datatype: float32}
# - {name: efficiency, unit: '%', datatype: float32}
# meta: !!omap
# - {MODE: AMP}
# - {TYPE: QE}
# - {CALIBDATE: '1970-01-01T00:00:00'}
# - {INSTRUME: LSSTCAM}
# - {OBSTYPE: qe_curve}
# - {DETECTOR: 29}
# - {PICKLEFILE: RaftRun10517.p}
# - {CALIB_ID: 'raftName=R10 detectorName=S02 detector=29 calibDate=1970-01-01T00:00:00 ccd=29 ccdnum=29 filter=None'}
# - {DATE: '2019-11-26T21:24:01.246990'}
# - {CALIB_CREATION_DATE: '2019-11-26'}
# - {CALIB_CREATION_TIME: '21:24:01'}
# - __serialized_columns__:
#     efficiency:
#       __class__: astropy.units.quantity.Quantity
#       unit: !astropy.units.Unit {unit: '%'}
#       value: !astropy.table.SerializedColumn {name: efficiency}
#     wavelength:
#       __class__: astropy.units.quantity.Quantity
#       unit: !astropy.units.Unit {unit: nm}
#       value: !astropy.table.SerializedColumn {name: wavelength}
# schema: astropy-2.0
amp_name wavelength efficiency
C16 319.994 48.995636
C16 324.969 51.009468
C16 349.982 61.67962
C16 374.975 74.34392
C16 400.019 83.06587
C16 424.965 83.28285
C16 450.035 82.71281
C16 475.003 82.65714
C16 500.018 83.2216
C16 525.002 84.34012
C16 550.029 85.789406
C16 575.023 87.77439
C16 599.982 90.06885
C16 619.997 91.12712
C16 624.979 91.53297
C16 650.012 93.00307
C16 675.004 94.289986
C16 700.03 95.04641
C16 725.012 96.16067
C16 750.022 97.65803
C16 774.987 98.95697
C16 799.976 98.887825
C16 824.988 97.99098
C16 850.022 96.93923
C16 869.967 94.220924
C16 875.002 93.352066
C16 899.999 86.06418
C16 919.999 77.39554
C16 925.012 74.53328
C16 949.965 62.178596
C16 975.002 51.92215
C16 999.976 30.409605
C16 1025.028 14.721972
C16 1050.014 5.794387
C16 1075.002 3.1007826
C16 1099.99 2.1906958
C10 319.994 46.966324
C10 324.969 48.78032
C10 349.982 59.123512
C10 374.975 73.28444
C10 400.019 83.20447
C10 424.965 83.7561
C10 450.035 83.153206
C10 475.003 82.99757
C10 500.018 83.384514
C10 525.002 84.26161
C10 550.029 85.46196
C10 575.023 87.238884
C10 599.982 89.36819
C10 619.997 90.36188
C10 624.979 90.75727
C10 650.012 92.21836
C10 675.004 93.54955
C10 700.03 94.392204
C10 725.012 95.61437
C10 750.022 97.23103
C10 774.987 98.62608
C10 799.976 98.67487
C10 824.988 97.84928
C10 850.022 96.8625
C10 869.967 94.35195
C10 875.002 93.54496
C10 899.999 86.40927
C10 919.999 77.661934
C10 925.012 74.75871
C10 949.965 61.837505
C10 975.002 51.642654
C10 999.976 30.358456
C10 1025.028 14.702462
C10 1050.014 5.789884
C10 1075.002 3.1732635
C10 1099.99 2.180883
C01 319.994 49.30845
C01 324.969 51.360962
C01 349.982 62.054043
C01 374.975 74.648056
C01 400.019 83.32099
C01 424.965 83.49279
C01 450.035 82.894485
C01 475.003 82.807396
C01 500.018 83.35955
C01 525.002 84.48949
C01 550.029 85.964264
C01 575.023 88.030785
C01 599.982 90.33075
C01 619.997 91.417206
C01 624.979 91.82258
C01 650.012 93.31636
C01 675.004 94.60463
C01 700.03 95.26802
C01 725.012 96.12433
C01 750.022 97.2757
C01 774.987 98.23746
C01 799.976 98.07546
C01 824.988 97.171364
C01 850.022 96.03305
C01 869.967 93.361015
C01 875.002 92.52733
C01 899.999 85.538
C01 919.999 77.35982
C01 925.012 74.59043
C01 949.965 61.73094
C01 975.002 50.912037
C01 999.976 30.080063
C01 1025.028 14.588069
C01 1050.014 5.693793
C01 1075.002 3.1050313
C01 1099.99 2.1722367
C13 319.994 47.908245
C13 324.969 49.82166
C13 349.982 60.31897
C13 374.975 73.793884
C13 400.019 83.13802
C13 424.965 83.51091
C13 450.035 82.90619
C13 475.003 82.76944
C13 500.018 83.22474
C13 525.002 84.20483
C13 550.029 85.51305
C13 575.023 87.410164
C13 599.982 89.59873
C13 619.997 90.630356
C13 624.979 91.03127
C13 650.012 92.50201
C13 675.004 93.81924
C13 700.03 94.64507
C13 725.012 95.88298
C13 750.022 97.53305
C13 774.987 98.97195
C13 799.976 99.03201
C13 824.988 98.13902
C13 850.022 97.12482
C13 869.967 94.418785
C13 875.002 93.548195
C13 899.999 86.248726
C13 919.999 77.48649
C13 925.012 74.58871
C13 949.965 62.177685
C13 975.002 51.980244
C13 999.976 30.472454
C13 1025.028 14.692636
C13 1050.014 5.7525263
C13 1075.002 3.094122
C13 1099.99 2.189973
C00 319.994 49.630276
C00 324.969 51.732273
C00 349.982 62.47018
C00 374.975 74.744125
C00 400.019 83.19893
C00 424.965 83.323
C00 450.035 82.76783
C00 475.003 82.75847
C00 500.018 83.3837
C00 525.002 84.55778
C00 550.029 86.05437
C00 575.023 88.14198
C00 599.982 90.43162
C00 619.997 91.51606
C00 624.979 91.92325
C00 650.012 93.40992
C00 675.004 94.68534
C00 700.03 95.32249
C00 725.012 96.12488
C00 750.022 97.20779
C00 774.987 98.106255
C00 799.976 97.91475
C00 824.988 96.98654
C00 850.022 95.80571
C00 869.967 93.08486
C00 875.002 92.22575
C00 899.999 85.13732
C00 919.999 76.98128
C00 925.012 74.24902
C00 949.965 61.556297
C00 975.002 50.744213
C00 999.976 29.820045
C00 1025.028 14.45692
C00 1050.014 5.6416745
C00 1075.002 3.0685074
C00 1099.99 2.1362119
C15 319.994 48.583126
C15 324.969 50.54839
C15 349.982 61.13255
C15 374.975 74.08167
C15 400.019 83.03042
C15 424.965 83.31824
C15 450.035 82.76944
C15 475.003 82.738144
C15 500.018 83.30613
C15 525.002 84.3797
C15 550.029 85.77319
C15 575.023 87.69865
C15 599.982 89.932846
C15 619.997 90.95989
C15 624.979 91.35805
C15 650.012 92.81522
C15 675.004 94.11044
C15 700.03 94.88894
C15 725.012 96.05033
C15 750.022 97.604645
C15 774.987 98.95646
C15 799.976 98.93119
C15 824.988 98.044266
C15 850.022 97.00558
C15 869.967 94.293686
C15 875.002 93.42281
C15 899.999 86.136566
C15 919.999 77.44045
C15 925.012 74.56618
C15 949.965 62.1879
C15 975.002 51.94717
C15 999.976 30.431887
C15 1025.028 14.713983
C15 1050.014 5.777454
C15 1075.002 3.0958748
C15 1099.99 2.1930163
C04 319.994 48.09415
C04 324.969 50.037895
C04 349.982 60.551388
C04 374.975 73.995575
C04 400.019 83.30795
C04 424.965 83.65429
C04 450.035 83.01796
C04 475.003 82.83706
C04 500.018 83.2619
C04 525.002 84.26024
C04 550.029 85.60818
C04 575.023 87.59396
C04 599.982 89.80584
C04 619.997 90.862434
C04 624.979 91.27014
C04 650.012 92.76048
C04 675.004 94.07159
C04 700.03 94.81603
C04 725.012 95.824005
C04 750.022 97.16957
C04 774.987 98.3265
C04 799.976 98.30788
C04 824.988 97.42486
C04 850.022 96.38159
C04 869.967 93.706154
C04 875.002 92.86221
C04 899.999 85.75679
C04 919.999 77.564384
C04 925.012 74.80044
C04 949.965 62.169197
C04 975.002 51.369698
C04 999.976 30.354683
C04 1025.028 14.705193
C04 1050.014 5.6993713
C04 1075.002 3.1535134
C04 1099.99 2.2027104
C07 319.994 47.300426
C07 324.969 49.136448
C07 349.982 59.445354
C07 374.975 73.6443
C07 400.019 83.62153
C07 424.965 84.20402
C07 450.035 83.627106
C07 475.003 83.49798
C07 500.018 83.923706
C07 525.002 84.819305
C07 550.029 86.03401
C07 575.023 87.85791
C07 599.982 89.93859
C07 619.997 90.92592
C07 624.979 91.32071
C07 650.012 92.77264
C07 675.004 94.087555
C07 700.03 94.8512
C07 725.012 95.86976
C07 750.022 97.2205
C07 774.987 98.38492
C07 799.976 98.3946
C07 824.988 97.57653
C07 850.022 96.56804
C07 869.967 93.940346
C07 875.002 93.11802
C07 899.999 86.37314
C07 919.999 78.22017
C07 925.012 75.4044
C07 949.965 62.304325
C07 975.002 51.485443
C07 999.976 30.370726
C07 1025.028 14.68616
C07 1050.014 5.921526
C07 1075.002 3.2159824
C07 1099.99 2.2181249
C06 319.994 47.440254
C06 324.969 49.299706
C06 349.982 59.660515
C06 374.975 73.62786
C06 400.019 83.410034
C06 424.965 83.930016
C06 450.035 83.34414
C06 475.003 83.20644
C06 500.018 83.641624
C06 525.002 84.5652
C06 550.029 85.8082
C06 575.023 87.65162
C06 599.982 89.77949
C06 619.997 90.785736
C06 624.979 91.18217
C06 650.012 92.6493
C06 675.004 93.965034
C06 700.03 94.733765
C06 725.012 95.780266
C06 750.022 97.18849
C06 774.987 98.40074
C06 799.976 98.40548
C06 824.988 97.590614
C06 850.022 96.604965
C06 869.967 93.90295
C06 875.002 93.03844
C06 899.999 86.07896
C06 919.999 77.97127
C06 925.012 75.18845
C06 949.965 62.48141
C06 975.002 51.535564
C06 999.976 30.49093
C06 1025.028 14.704809
C06 1050.014 5.78958
C06 1075.002 3.1836038
C06 1099.99 2.1997175
C02 319.994 49.574905
C02 324.969 51.604115
C02 349.982 62.328304
C02 374.975 75.35234
C02 400.019 84.37017
C02 424.965 84.63612
C02 450.035 84.054794
C02 475.003 83.98509
C02 500.018 84.53527
C02 525.002 85.643
C02 550.029 87.079094
C02 575.023 89.120544
C02 599.982 91.39826
C02 619.997 92.471375
C02 624.979 92.884094
C02 650.012 94.386116
C02 675.004 95.69357
C02 700.03 96.39255
C02 725.012 97.311516
C02 750.022 98.54221
C02 774.987 99.589424
C02 799.976 99.47333
C02 824.988 98.56459
C02 850.022 97.441864
C02 869.967 94.74893
C02 875.002 93.90241
C02 899.999 86.7987
C02 919.999 78.48586
C02 925.012 75.67162
C02 949.965 62.675907
C02 975.002 51.72737
C02 999.976 30.595633
C02 1025.028 14.829216
C02 1050.014 5.7692056
C02 1075.002 3.1585898
C02 1099.99 2.2175713
C11 319.994 47.24215
C11 324.969 49.07922
C11 349.982 59.467075
C11 374.975 73.391624
C11 400.019 83.11723
C11 424.965 83.61289
C11 450.035 83.0173
C11 475.003 82.86562
C11 500.018 83.279366
C11 525.002 84.19233
C11 550.029 85.42638
C11 575.023 87.22319
C11 599.982 89.388374
C11 619.997 90.396576
C11 624.979 90.795135
C11 650.012 92.26173
C11 675.004 93.59214
C11 700.03 94.440636
C11 725.012 95.70095
C11 750.022 97.37376
C11 774.987 98.828026
C11 799.976 98.87957
C11 824.988 98.05221
C11 850.022 97.06709
C11 869.967 94.463974
C11 875.002 93.6293
C11 899.999 86.472404
C11 919.999 77.663
C11 925.012 74.74531
C11 949.965 62.03521
C11 975.002 51.862038
C11 999.976 30.445858
C11 1025.028 14.73397
C11 1050.014 5.713997
C11 1075.002 3.1306722
C11 1099.99 2.1728811
C14 319.994 48.138714
C14 324.969 50.07636
C14 349.982 60.596428
C14 374.975 73.818825
C14 400.019 82.96093
C14 424.965 83.29527
C14 450.035 82.722046
C14 475.003 82.64157
C14 500.018 83.14771
C14 525.002 84.174126
C14 550.029 85.51743
C14 575.023 87.4257
C14 599.982 89.62541
C14 619.997 90.64959
C14 624.979 91.05005
C14 650.012 92.51003
C14 675.004 93.81366
C14 700.03 94.61303
C14 725.012 95.819145
C14 750.022 97.42147
C14 774.987 98.81911
C14 799.976 98.84536
C14 824.988 97.95
C14 850.022 96.93119
C14 869.967 94.23198
C14 875.002 93.36658
C14 899.999 86.0881
C14 919.999 77.363976
C14 925.012 74.47788
C14 949.965 62.109127
C14 975.002 51.92995
C14 999.976 30.44297
C14 1025.028 14.691825
C14 1050.014 5.7809844
C14 1075.002 3.103277
C14 1099.99 2.2005527
C05 319.994 47.469532
C05 324.969 49.35767
C05 349.982 59.74855
C05 374.975 73.47697
C05 400.019 83.03491
C05 424.965 83.469124
C05 450.035 82.83631
C05 475.003 82.64168
C05 500.018 83.04181
C05 525.002 83.99306
C05 550.029 85.28097
C05 575.023 87.20062
C05 599.982 89.375694
C05 619.997 90.41612
C05 624.979 90.81892
C05 650.012 92.301544
C05 675.004 93.61704
C05 700.03 94.37853
C05 725.012 95.42384
C05 750.022 96.80943
C05 774.987 98.00927
C05 799.976 98.01364
C05 824.988 97.16367
C05 850.022 96.1648
C05 869.967 93.47186
C05 875.002 92.60931
C05 899.999 85.54132
C05 919.999 77.44057
C05 925.012 74.685844
C05 949.965 62.113605
C05 975.002 51.274185
C05 999.976 30.331291
C05 1025.028 14.664634
C05 1050.014 5.6969485
C05 1075.002 3.1582775
C05 1099.99 2.1964595
C17 319.994 49.36573
C17 324.969 51.43863
C17 349.982 62.260193
C17 374.975 74.77863
C17 400.019 83.35031
C17 424.965 83.50386
C17 450.035 82.96402
C17 475.003 82.982925
C17 500.018 83.613495
C17 525.002 84.761826
C17 550.029 86.21787
C17 575.023 88.208694
C17 599.982 90.5021
C17 619.997 91.55627
C17 624.979 91.96316
C17 650.012 93.42957
C17 675.004 94.71322
C17 700.03 95.451454
C17 725.012 96.5348
C17 750.022 97.98549
C17 774.987 99.238045
C17 799.976 99.14776
C17 824.988 98.22918
C17 850.022 97.16111
C17 869.967 94.39914
C17 875.002 93.50529
C17 899.999 86.096054
C17 919.999 77.397766
C17 925.012 74.54331
C17 949.965 62.295975
C17 975.002 51.983326
C17 999.976 30.370659
C17 1025.028 14.693636
C17 1050.014 5.7822666
C17 1075.002 3.0918777
C17 1099.99 2.1768754
C12 319.994 47.63863
C12 324.969 49.519585
C12 349.982 59.98686
C12 374.975 73.72009
C12 400.019 83.274506
C12 424.965 83.710236
C12 450.035 83.110916
C12 475.003 82.97551
C12 500.018 83.41212
C12 525.002 84.35964
C12 550.029 85.62145
C12 575.023 87.4652
C12 599.982 89.63815
C12 619.997 90.657524
C12 624.979 91.05339
C12 650.012 92.52601
C12 675.004 93.85162
C12 700.03 94.68987
C12 725.012 95.951485
C12 750.022 97.63486
C12 774.987 99.10151
C12 799.976 99.170235
C12 824.988 98.305176
C12 850.022 97.315056
C12 869.967 94.6273
C12 875.002 93.76112
C12 899.999 86.50797
C12 919.999 77.72709
C12 925.012 74.81829
C12 949.965 62.279797
C12 975.002 52.054943
C12 999.976 30.50794
C12 1025.028 14.744119
C12 1050.014 5.7225327
C12 1075.002 3.1012716
C12 1099.99 2.1839013
C03 319.994 48.54389
C03 324.969 50.525307
C03 349.982 61.07074
C03 374.975 74.17551
C03 400.019 83.25261
C03 424.965 83.54945
C03 450.035 82.94978
C03 475.003 82.8228
C03 500.018 83.30836
C03 525.002 84.35869
C03 550.029 85.74714
C03 575.023 87.75208
C03 599.982 89.98218
C03 619.997 91.044495
C03 624.979 91.45117
C03 650.012 92.93775
C03 675.004 94.2373
C03 700.03 94.95458
C03 725.012 95.914856
C03 750.022 97.1954
C03 774.987 98.29336
C03 799.976 98.230316
C03 824.988 97.33942
C03 850.022 96.26591
C03 869.967 93.622795
C03 875.002 92.787476
C03 899.999 85.742966
C03 919.999 77.525276
C03 925.012 74.754906
C03 949.965 62.053802
C03 975.002 51.271088
C03 999.976 30.31371
C03 1025.028 14.708542
C03 1050.014 5.709176
C03 1075.002 3.1390421
C03 1099.99 2.1998796
