lsstCam/transmission_filter_detector/r30_s01/z_20/19700101T000000.ecsv
# %ECSV 1.0
# ---
# datatype:
# - {name: wavelength, unit: nm, datatype: float32}
# - {name: efficiency, unit: '%', datatype: float64}
# meta: !!omap
# - {MODE: DETECTOR}
# - {TYPE: transmission_filter_detector}
# - {CALIBDATE: '1970-01-01T00:00:00'}
# - {INSTRUME: LSSTCam}
# - {OBSTYPE: transmission_filter_detector}
# - {CALIBCLS: lsst.ip.isr.IntermediateFilterDetectorTransmissionCurve}
# - {SOURCE: Materion (DM-46256)}
# - {DETECTOR: 118}
# - {FILTER: z_20}
# - {CALIB_ID: 'calibDate=1970-01-01T00:00:00 filter=z_20 detector=118'}
# - {DATE: '2025-04-02T15:59:49.186240'}
# - {CALIB_CREATION_DATE: '2025-04-02'}
# - {CALIB_CREATION_TIME: '15:59:49'}
# - __serialized_columns__:
#     efficiency:
#       __class__: astropy.units.quantity.Quantity
#       unit: !astropy.units.Unit {unit: '%'}
#       value: !astropy.table.SerializedColumn {name: efficiency}
#     wavelength:
#       __class__: astropy.units.quantity.Quantity
#       unit: !astropy.units.Unit {unit: nm}
#       value: !astropy.table.SerializedColumn {name: wavelength}
# schema: astropy-2.0
wavelength efficiency
300.0 0.3507062792778015
301.0 0.30963639728724957
302.0 0.26856656186282635
303.0 0.24210717529058456
304.0 0.21564776543527842
305.0 0.18441976280882955
306.0 0.15319172525778413
307.0 0.1499502337537706
308.0 0.14670871896669269
309.0 0.1367720658890903
310.0 0.1268354244530201
311.0 0.12283907271921635
312.0 0.1188427209854126
313.0 0.11474320199340582
314.0 0.11064368300139904
315.0 0.09718657238408923
316.0 0.08372946176677942
317.0 0.07553109899163246
318.0 0.0673327362164855
319.0 0.06620179046876729
320.0 0.06507084472104907
321.0 0.06109446985647082
322.0 0.057118094991892576
323.0 0.05526538006961346
324.0 0.05341266514733434
325.0 0.04790174134541303
326.0 0.04239081754349172
327.0 0.0397271360270679
328.0 0.03706344868987799
329.0 0.03407152253203094
330.0 0.031079593463800848
331.0 0.03199353232048452
332.0 0.03290747117716819
333.0 0.030712372972629964
334.0 0.028517268947325647
335.0 0.02796642656903714
336.0 0.027415581280365586
337.0 0.02350959985051304
338.0 0.019603618420660496
339.0 0.018823990831151605
340.0 0.018044363241642714
341.0 0.01731985539663583
342.0 0.016595347551628947
343.0 0.016283516015391797
344.0 0.01597168593434617
345.0 0.013559282524511218
346.0 0.011146876204293221
347.0 0.013136948109604418
348.0 0.015127018559724092
349.0 0.014241665485315025
350.0 0.013356309500522912
351.0 0.012804099242202938
352.0 0.012251890439074486
353.0 0.013693021901417524
354.0 0.01513415336376056
355.0 0.013194858911447227
356.0 0.011255564459133893
357.0 0.010965437832055613
358.0 0.010675311204977334
359.0 0.010466125240782276
360.0 0.010256941459374502
361.0 0.009530945681035519
362.0 0.00880495208548382
363.0 0.008454704220639542
364.0 0.008104456355795264
365.0 0.00792209175415337
366.0 0.007739726424915716
367.0 0.007897212344687432
368.0 0.00805469899205491
369.0 0.008389176218770444
370.0 0.00872365344548598
371.0 0.008291755511891097
372.0 0.007859856123104692
373.0 0.007436340092681348
374.0 0.007012822607066482
375.0 0.006371124618453905
376.0 0.005729425902245566
377.0 0.005859831071575172
378.0 0.005990235513309017
379.0 0.0058341534895589575
380.0 0.005678071465808898
381.0 0.005691689148079604
382.0 0.0057053057389566675
383.0 0.005244713247520849
384.0 0.00478412039228715
385.0 0.004619623359758407
386.0 0.004455126327229664
387.0 0.00459468828921672
388.0 0.004734250251203775
389.0 0.004820520916837268
390.0 0.00490679158247076
391.0 0.004193477070657536
392.0 0.0034801621950464323
393.0 0.0037418092688312754
394.0 0.004003456706413999
395.0 0.003773537537199445
396.0 0.0035436190955806524
397.0 0.003863489837385714
398.0 0.004183360215392895
399.0 0.004297920531826094
400.0 0.004412481212057173
401.0 0.004436364906723611
402.0 0.00446024896518793
403.0 0.004192002597847022
404.0 0.003923756230506115
405.0 0.003292543988209218
406.0 0.0026613319278112613
407.0 0.003425822433200665
408.0 0.0041903134842868894
409.0 0.0033456453820690513
410.0 0.002500977279851213
411.0 0.003138218744425103
412.0 0.0037754598452011123
413.0 0.003918635047739372
414.0 0.00406180988647975
415.0 0.004085084583493881
416.0 0.004108358916710131
417.0 0.0033209820685442537
418.0 0.0025336055841762573
419.0 0.0032498035579919815
420.0 0.0039660018956055865
421.0 0.0038509911973960698
422.0 0.003735980499186553
423.0 0.003550005567376502
424.0 0.00336403027176857
425.0 0.003007338455063291
426.0 0.0026506464564590715
427.0 0.0026467876523383893
428.0 0.0026429286663187668
429.0 0.002521571150282398
430.0 0.0024002138161449693
431.0 0.0018152031771023758
432.0 0.001230192447110312
433.0 0.0017115686205215752
434.0 0.002192944702983368
435.0 0.0024765946363913827
436.0 0.0027602442060015164
437.0 0.0024420627596555278
438.0 0.0021238811314105988
439.0 0.0022839072698843665
440.0 0.0024439334083581343
441.0 0.0026445901312399656
442.0 0.002845246854121797
443.0 0.002783293712127488
444.0 0.002721340388234239
445.0 0.002605970439617522
446.0 0.0024906006728997454
447.0 0.002539743400120642
448.0 0.0025888866730383597
449.0 0.0020581988792400807
450.0 0.001527511267340742
451.0 0.0016507407053723
452.0 0.0017739705072017387
453.0 0.0014606466720579192
454.0 0.00114732292786357
455.0 0.0013294356904225424
456.0 0.001511548543930985
457.0 0.0014239069969335105
458.0 0.001336265449936036
459.0 0.0018512733731768094
460.0 0.0023662811145186424
461.0 0.001726541631796863
462.0 0.0010868026038224343
463.0 0.0012045388757542241
464.0 0.0013222754205344245
465.0 0.0013583109648607206
466.0 0.001394346691085957
467.0 0.0013862009836884681
468.0 0.0013780548215436283
469.0 0.0012018636880384292
470.0 0.0010256725545332301
471.0 0.0009962838703359012
472.0 0.000966895095189102
473.0 0.0010837396985152736
474.0 0.0012005843018414453
475.0 0.0012583500392793212
476.0 0.001316115685767727
477.0 0.0015451980289071798
478.0 0.0017742800991982222
479.0 0.001778878504410386
480.0 0.00178347690962255
481.0 0.0016257312381640077
482.0 0.0014679856576549355
483.0 0.0012719357982859947
484.0 0.0010758859389170539
485.0 0.0012580260772665497
486.0 0.0014401660337171052
487.0 0.0014586253200832289
488.0 0.001477084788348293
489.0 0.0016812937246868387
490.0 0.001885502933873795
491.0 0.0017375061361235566
492.0 0.001589509156474378
493.0 0.0017314509022980928
494.0 0.0018733931938186288
495.0 0.001733494718791917
496.0 0.0015935958799673244
497.0 0.0015833213183213957
498.0 0.0015730465747765265
499.0 0.0013686297279491555
500.0 0.0011642128811217844
501.0 0.001112455538532231
502.0 0.001060698468791088
503.0 0.001165662888524821
504.0 0.0012706273992080241
505.0 0.0016894771761144511
506.0 0.0021083267711219378
507.0 0.001510791298642289
508.0 0.0009132556442636997
509.0 0.001243473252543481
510.0 0.0015736908608232625
511.0 0.001604755198059138
512.0 0.0016358195352950133
513.0 0.001301966949540656
514.0 0.0009681142728368286
515.0 0.0010878177818085533
516.0 0.0012075210179318674
517.0 0.0011806659131252673
518.0 0.0011538108992681373
519.0 0.001330990380665753
520.0 0.0015081697711138986
521.0 0.0014343162547447719
522.0 0.0013604625564767048
523.0 0.0015714831533841789
524.0 0.0017825035683927126
525.0 0.0014499104509013705
526.0 0.0011173173334100284
527.0 0.001179861374112079
528.0 0.0012424054148141295
529.0 0.0013898674296797253
530.0 0.0015373294445453212
531.0 0.0014865372577332892
532.0 0.0014357451618707273
533.0 0.0013713270163862035
534.0 0.0013069088709016796
535.0 0.0013480525922204833
536.0 0.0013891964044887573
537.0 0.0014925054529157933
538.0 0.00159581486514071
539.0 0.0014280002687883098
540.0 0.0012601854905369692
541.0 0.001096496907848632
542.0 0.0009328085070592351
543.0 0.0009414904525328893
544.0 0.0009501723980065435
545.0 0.0011899017408723012
546.0 0.0014296309927885886
547.0 0.001561407589178998
548.0 0.0016931842765188776
549.0 0.001846305349317845
550.0 0.001999426240217872
551.0 0.0019413439076743089
552.0 0.0018832617570296861
553.0 0.0020143108486081474
554.0 0.0021453597582876682
555.0 0.0016796599084045738
556.0 0.0012139600585214794
557.0 0.0012791246263077483
558.0 0.0013442894669424277
559.0 0.0011272823940089438
560.0 0.0009102754120249301
561.0 0.0011107158570666797
562.0 0.0013111563021084294
563.0 0.0015429544873768464
564.0 0.001774752490746323
565.0 0.0019334760509082116
566.0 0.0020921996110701002
567.0 0.0021888143237447366
568.0 0.0022854288545204327
569.0 0.0025652319891378284
570.0 0.002845035123755224
571.0 0.002600363950477913
572.0 0.0023556929590995423
573.0 0.001969668664969504
574.0 0.0015836445527384058
575.0 0.001662193244555965
576.0 0.0017407419363735244
577.0 0.0018947868738905527
578.0 0.0020488314476097003
579.0 0.002033118835242931
580.0 0.0020174058590782806
581.0 0.0020814481104025617
582.0 0.002145489997928962
583.0 0.0020936618966516107
584.0 0.0020418337953742594
585.0 0.0022306474420474842
586.0 0.0024194612706196494
587.0 0.0018291206288267858
588.0 0.001238779896084452
589.0 0.0013654053873324301
590.0 0.0014920309695298783
591.0 0.0017078249584301375
592.0 0.001923619129229337
593.0 0.0012938762665726244
594.0 0.0006641335403401172
595.0 0.0009256614248442929
596.0 0.0011871891729242634
597.0 0.0008419980076723732
598.0 0.0004968067969457479
599.0 0.0009118946763919666
600.0 0.00132698232846451
601.0 0.0012260898074600846
602.0 0.001125197195506189
603.0 0.001481870458519552
604.0 0.0018385437215329148
605.0 0.0015773544873809442
606.0 0.0013161655260773841
607.0 0.001206290107802488
608.0 0.0010964149623760022
609.0 0.0010709401976782829
610.0 0.0010454654329805635
611.0 0.0010835760804184247
612.0 0.0011216866369068157
613.0 0.0012962987966602668
614.0 0.0014709112292621285
615.0 0.0013982717064209282
616.0 0.0013256320016807877
617.0 0.0014644504517491441
618.0 0.001603269083716441
619.0 0.001554700247652363
620.0 0.0015061315934872255
621.0 0.0016539128409931436
622.0 0.001801693724701181
623.0 0.0013680070878763217
624.0 0.0009343203601019923
625.0 0.0011676846952468622
626.0 0.0014010491213412024
627.0 0.0016156996935023926
628.0 0.0018303502656635828
629.0 0.0018792832634062506
630.0 0.001928216079249978
631.0 0.0023332753698923625
632.0 0.0027383344786358066
633.0 0.0030002296625752933
634.0 0.0032621246646158397
635.0 0.005951662024017423
636.0 0.008641199383419007
637.0 0.015334553609136492
638.0 0.022027910745237023
639.0 0.02013026096392423
640.0 0.018232615548186004
641.0 0.015544499910902232
642.0 0.012856382818426937
643.0 0.009345052967546508
644.0 0.005833722752868198
645.0 0.006293696060311049
646.0 0.006753669731551781
647.0 0.006412780930986628
648.0 0.006071892130421475
649.0 0.004788339356309734
650.0 0.0035047869459958747
651.0 0.0036010253097629175
652.0 0.0036972633097320795
653.0 0.00302859116345644
654.0 0.002359919199079741
655.0 0.00228142616833793
656.0 0.002202933137596119
657.0 0.0024733093596296385
658.0 0.0027436853997642174
659.0 0.0021410005501820706
660.0 0.001538315882498864
661.0 0.002005873102461919
662.0 0.002473430140526034
663.0 0.002248171585961245
664.0 0.0020229132132953964
665.0 0.0018432501747156493
666.0 0.0016635871361359023
667.0 0.001634267573535908
668.0 0.0016049478290369734
669.0 0.0015066383639350533
670.0 0.0014083288988331333
671.0 0.0014570563507732004
672.0 0.0015057837117637973
673.0 0.0014017647117725573
674.0 0.001297745529882377
675.0 0.0012728873116429895
676.0 0.001248029093403602
677.0 0.0013519589629140683
678.0 0.001455889105272945
679.0 0.0014818559066043235
680.0 0.0015078227988851722
681.0 0.0018692682715482078
682.0 0.0022307136532617733
683.0 0.0024154014681698754
684.0 0.0026000891011790372
685.0 0.0024479717467329465
686.0 0.0022958543922868557
687.0 0.0019619541490101255
688.0 0.0016280540876323357
689.0 0.002243949711555615
690.0 0.0028598455173778348
691.0 0.0025396711862413213
692.0 0.0022194966732058674
693.0 0.0024871174900908954
694.0 0.002754738488874864
695.0 0.003246870983275585
696.0 0.0037390032957773656
697.0 0.004173955676378682
698.0 0.004608907693182118
699.0 0.005983547453070059
700.0 0.0073581861215643585
701.0 0.00735593494027853
702.0 0.007353684486588463
703.0 0.00641599835944362
704.0 0.0054783122322987765
705.0 0.004576755236485042
706.0 0.0036751986044691876
707.0 0.003295348142273724
708.0 0.0029154974981793202
709.0 0.0037010526284575462
710.0 0.004486607576836832
711.0 0.004162409459240735
712.0 0.0038382113416446373
713.0 0.0028467082302086055
714.0 0.0018552051187725738
715.0 0.0021279463908285834
716.0 0.0024006872990867123
717.0 0.0018894972527050413
718.0 0.0013783071153739002
719.0 0.001637714376556687
720.0 0.0018971217286889441
721.0 0.0018834962247638032
722.0 0.0018698705389397219
723.0 0.0021874373487662524
724.0 0.0025050043404917233
725.0 0.0016073690858320333
726.0 0.000709734194970224
727.0 0.0009237488484359346
728.0 0.001137763410952175
729.0 0.0012737505130644422
730.0 0.0014097377970756497
731.0 0.0009781488188309595
732.0 0.0005465600224852096
733.0 0.0010890389603446238
734.0 0.0016315181710524485
735.0 0.0016771215086919256
736.0 0.0017227252101292834
737.0 0.0013337914424482733
738.0 0.0009448576747672632
739.0 0.001446656278858427
740.0 0.0019484548829495907
741.0 0.0017616213881410658
742.0 0.001574787893332541
743.0 0.0017556973034515977
744.0 0.0019366067135706544
745.0 0.001972511199710425
746.0 0.0020084156858501956
747.0 0.0020522844351944514
748.0 0.002096153184538707
749.0 0.002725093872868456
750.0 0.0033540345611982048
751.0 0.0028213033147039823
752.0 0.0022885724320076406
753.0 0.002679176577657927
754.0 0.003069780723308213
755.0 0.0024159662643796764
756.0 0.0017621516235521995
757.0 0.0019528659322531894
758.0 0.002143580059055239
759.0 0.002504367512301542
760.0 0.0028651547836489044
761.0 0.004718740092357621
762.0 0.006572325219167396
763.0 0.00639250356471166
764.0 0.006212682637851685
765.0 0.005345579484128393
766.0 0.004478477058000863
767.0 0.004511021688813344
768.0 0.004543565955827944
769.0 0.005348290869733319
770.0 0.006153016147436574
771.0 0.005460447937366553
772.0 0.0047678793634986505
773.0 0.004615255966200493
774.0 0.004462632932700217
775.0 1.6561775822293567e-10
776.0 1.6561775822293567e-10
777.0 1.6561775822293567e-10
778.0 0.024890273925848305
779.0 1.6561775822293567e-10
780.0 0.04558823420666158
781.0 1.6561775822293567e-10
782.0 0.12854448286816478
783.0 1.6561775822293567e-10
784.0 1.6561775822293567e-10
785.0 1.6561775822293567e-10
786.0 0.006771014159312472
787.0 1.6561775822293567e-10
788.0 0.0360573292709887
789.0 0.07663441356271505
790.0 1.6561775822293567e-10
791.0 0.048302256618626416
792.0 0.013553010649047792
793.0 0.028237525839358568
794.0 0.07286422769539058
795.0 0.02205707278335467
796.0 0.16599118243902922
797.0 0.14071331825107336
798.0 0.12068060459569097
799.0 0.20718637388199568
800.0 0.3284865291789174
801.0 0.4689582623541355
802.0 0.870283879339695
803.0 1.3831982389092445
804.0 2.403895929455757
805.0 3.6263342946767807
806.0 5.347214639186859
807.0 7.532855123281479
808.0 9.917528927326202
809.0 12.94654756784439
810.0 16.36625826358795
811.0 19.453930854797363
812.0 22.64055758714676
813.0 26.00543200969696
814.0 29.84139323234558
815.0 34.909120202064514
816.0 40.24779200553894
817.0 46.568188071250916
818.0 52.769654989242554
819.0 59.40788388252258
820.0 66.9586718082428
821.0 74.50589537620544
822.0 80.24169206619263
823.0 84.93497967720032
824.0 89.39246535301208
825.0 93.14560294151306
826.0 95.59621214866638
827.0 97.05520868301392
828.0 98.56508374214172
829.0 99.35779571533203
830.0 98.7574577331543
831.0 99.1387665271759
832.0 98.33618402481079
833.0 99.3840217590332
834.0 98.21761846542358
835.0 99.17066097259521
836.0 98.79120588302612
837.0 99.01907444000244
838.0 97.92500734329224
839.0 98.61748218536377
840.0 98.67754578590393
841.0 99.21787977218628
842.0 99.40818548202515
843.0 99.87160563468933
844.0 98.01350831985474
845.0 98.48545789718628
846.0 98.93985986709595
847.0 98.76118898391724
848.0 99.49979186058044
849.0 98.87377619743347
850.0 97.98727035522461
851.0 99.1090476512909
852.0 99.29283857345581
853.0 98.67994785308838
854.0 99.66826438903809
855.0 98.66893291473389
856.0 98.84702563285828
857.0 97.89719581604004
858.0 98.4738290309906
859.0 99.07117486000061
860.0 98.23896288871765
861.0 98.84843826293945
862.0 99.13169145584106
863.0 98.29322695732117
864.0 99.3639886379242
865.0 99.26425814628601
866.0 98.63975048065186
867.0 99.27561283111572
868.0 99.22507405281067
869.0 98.66412281990051
870.0 97.71494269371033
871.0 98.81867170333862
872.0 99.1703987121582
873.0 99.32361841201782
874.0 99.73306655883789
875.0 99.10465478897095
876.0 98.83813858032227
877.0 99.67379570007324
878.0 98.93102049827576
879.0 98.54423403739929
880.0 98.84198904037476
881.0 99.92712140083313
882.0 98.81370663642883
883.0 98.62222075462341
884.0 99.11854863166809
885.0 99.03252124786377
886.0 98.85748624801636
887.0 98.69734048843384
888.0 99.14124011993408
889.0 99.4321346282959
890.0 98.35110902786255
891.0 99.12538528442383
892.0 98.79989624023438
893.0 98.6118733882904
894.0 98.08824062347412
895.0 99.14180040359497
