lsstCam/transmission_filter_detector/r30_s01/z_20/19700101T000000.ecsv
# %ECSV 1.0
# ---
# datatype:
# - {name: wavelength, unit: nm, datatype: float32}
# - {name: efficiency, unit: '%', datatype: float64}
# meta: !!omap
# - {MODE: DETECTOR}
# - {TYPE: transmission_filter_detector}
# - {CALIBDATE: '1970-01-01T00:00:00'}
# - {INSTRUME: LSSTCam}
# - {OBSTYPE: transmission_filter_detector}
# - {CALIBCLS: lsst.ip.isr.IntermediateFilterDetectorTransmissionCurve}
# - {SOURCE: Materion (DM-46256)}
# - {DETECTOR: 118}
# - {FILTER: z_20}
# - {CALIB_ID: 'calibDate=1970-01-01T00:00:00 filter=z_20 detector=118'}
# - {DATE: '2025-04-02T15:59:49.186240'}
# - {CALIB_CREATION_DATE: '2025-04-02'}
# - {CALIB_CREATION_TIME: '15:59:49'}
# - __serialized_columns__:
#     efficiency:
#       __class__: astropy.units.quantity.Quantity
#       unit: !astropy.units.Unit {unit: '%'}
#       value: !astropy.table.SerializedColumn {name: efficiency}
#     wavelength:
#       __class__: astropy.units.quantity.Quantity
#       unit: !astropy.units.Unit {unit: nm}
#       value: !astropy.table.SerializedColumn {name: wavelength}
# schema: astropy-2.0
wavelength efficiency
[from data line 597]
897.0 99.19095635414124
898.0 98.53429794311523
899.0 98.38144779205322
900.0 98.80083799362183
901.0 99.09469485282898
902.0 99.26738142967224
903.0 98.99744987487793
904.0 98.1036901473999
905.0 98.25248122215271
906.0 98.10444712638855
907.0 98.62363338470459
908.0 98.1060802936554
909.0 98.0839192867279
910.0 98.11790585517883
911.0 96.80706858634949
912.0 95.82656621932983
913.0 95.12239694595337
914.0 92.73577332496643
915.0 90.6602680683136
916.0 88.1851315498352
917.0 86.82501316070557
918.0 82.96015858650208
919.0 81.78308010101318
920.0 79.18155193328857
921.0 74.96645450592041
922.0 70.61905264854431
923.0 64.71092700958252
924.0 59.06548500061035
925.0 53.63067984580994
926.0 47.61779010295868
927.0 40.1921272277832
928.0 34.16084945201874
929.0 28.02281081676483
930.0 22.388331592082977
931.0 17.1355739235878
932.0 11.900424212217331
933.0 7.760155946016312
934.0 4.969949275255203
935.0 3.033650293946266
936.0 1.6381468623876572
937.0 1.1121864430606365
938.0 0.6380592007189989
939.0 0.29246837366372347
940.0 0.2370685338973999
941.0 0.24583092890679836
942.0 0.12897475389763713
943.0 0.07557803764939308
944.0 0.03809438203461468
945.0 0.07240419508889318
946.0 0.08060086402110755
947.0 0.05045955767855048
948.0 1.6561775822293567e-10
949.0 0.029156578239053488
950.0 1.6561775822293567e-10
951.0 0.05813688621856272
952.0 0.009596345626050606
953.0 1.6561775822293567e-10
954.0 1.6561775822293567e-10
955.0 0.10806928621605039
956.0 1.6561775822293567e-10
957.0 1.6561775822293567e-10
958.0 1.6561775822293567e-10
959.0 0.19050849368795753
960.0 0.14377497136592865
961.0 1.6561775822293567e-10
962.0 1.6561775822293567e-10
963.0 1.6561775822293567e-10
964.0 1.6561775822293567e-10
965.0 1.6561775822293567e-10
966.0 0.08357733604498208
967.0 0.011299787001917139
968.0 0.04808868688996881
969.0 1.6561775822293567e-10
970.0 1.6561775822293567e-10
971.0 1.6561775822293567e-10
972.0 1.6561775822293567e-10
973.0 0.01961885573109612
974.0 1.6561775822293567e-10
975.0 0.09790478507056832
976.0 0.006276553176576272
977.0 0.006223507079994306
978.0 0.006170460255816579
979.0 0.00593831719015725
980.0 0.0057061737607000396
981.0 0.005605764454230666
982.0 0.005505354783963412
983.0 0.00536926781933289
984.0 0.005233180490904488
985.0 0.005197604332352057
986.0 0.005162027810001746
987.0 0.005063995558884926
988.0 0.0049659633077681065
989.0 0.004896661994280294
990.0 0.004827360680792481
991.0 0.004673389412346296
992.0 0.004519418143900111
993.0 0.0044769098167307675
994.0 0.004434401125763543
995.0 0.004403068669489585
996.0 0.004371735849417746
997.0 0.004370457463664934
998.0 0.004369179077912122
999.0 0.004383772102301009
1000.0 0.004398364762892015
1001.0 0.004274873936083168
1002.0 0.004151383473072201
1003.0 0.004216672095935792
1004.0 0.004281960355001502
1005.0 0.004225185330142267
1006.0 0.004168410305283032
1007.0 0.0042174542613793164
1008.0 0.00426649785367772
1009.0 0.004119739605812356
1010.0 0.003972980994149111
1011.0 0.004049427661811933
1012.0 0.004125874693272635
1013.0 0.004246834578225389
1014.0 0.004367794463178143
1015.0 0.004316918420954607
1016.0 0.004266042742528953
1017.0 0.004302368324715644
1018.0 0.004338693906902336
1019.0 0.004227461977279745
1020.0 0.0041162300476571545
1021.0 0.004127957072341815
1022.0 0.004139684097026475
1023.0 0.00428233397542499
1024.0 0.004424984217621386
1025.0 0.00434188186773099
1026.0 0.004258779154042713
1027.0 0.004290058859623969
1028.0 0.0043213378376094624
1029.0 0.004310689109843224
1030.0 0.004300040018279105
1031.0 0.004394587085698731
1032.0 0.004489134516916238
1033.0 0.004583701593219303
1034.0 0.004678269033320248
1035.0 0.0048477755626663566
1036.0 0.005017282092012465
1037.0 0.0050369981181574985
1038.0 0.005056714508100413
1039.0 0.00523321759828832
1040.0 0.005409720688476227
1041.0 0.005260672332951799
1042.0 0.0051116243412252516
1043.0 0.00535026156285312
1044.0 0.005588898420683108
1045.0 0.005805901309940964
1046.0 0.00602290419919882
1047.0 0.006108393426984549
1048.0 0.006193882290972397
1049.0 0.006148630200186744
1050.0 0.006103376654209569
1051.0 0.0064124149503186345
1052.0 0.006721451791236177
1053.0 0.007144433038774878
1054.0 0.00756741501390934
1055.0 0.007306574116228148
1056.0 0.007045733218546957
1057.0 0.007391642429865897
1058.0 0.0077375530963763595
1059.0 0.0077038363087922335
1060.0 0.0076701195212081075
1061.0 0.008183171303244308
1062.0 0.00869622454047203
1063.0 0.008867830183589831
1064.0 0.009039438009494916
1065.0 0.009287011926062405
1066.0 0.009534585115034133
1067.0 0.00947572334553115
1068.0 0.009416860120836645
1069.0 0.009893362584989518
1070.0 0.010369867231929675
1071.0 0.010415235010441393
1072.0 0.010460604244144633
1073.0 0.010755629773484543
1074.0 0.011050655302824453
1075.0 0.01069926074706018
1076.0 0.0103478625533171
1077.0 0.011772778088925406
1078.0 0.013197690714150667
1079.0 0.012705566769000143
1080.0 0.012213442823849618
1081.0 0.012972390686627477
1082.0 0.01373134000459686
1083.0 0.014329823898151517
1084.0 0.014928309246897697
1085.0 0.014745298540219665
1086.0 0.014562287833541632
1087.0 0.014917015505488962
1088.0 0.015271746087819338
1089.0 0.015211962454486638
1090.0 0.015152180276345462
1091.0 0.015529905795119703
1092.0 0.01590763422427699
1093.0 0.016794043767731637
1094.0 0.017680453311186284
1095.0 0.018471147632226348
1096.0 0.01926184049807489
1097.0 0.019265999435447156
1098.0 0.019270155462436378
1099.0 0.02019658131757751
1100.0 0.02112300571752712
1101.0 0.022061793424654752
1102.0 0.02300057967659086
1103.0 0.023710000095888972
1104.0 0.024419420515187085
1105.0 0.025023624766618013
1106.0 0.025627826107665896
1107.0 0.026234635151922703
1108.0 0.02684144419617951
1109.0 0.02764262317214161
1110.0 0.02844379923772067
1111.0 0.028730308986268938
1112.0 0.029016821645200253
1113.0 0.0299896695651114
1114.0 0.0309625145746395
1115.0 0.031661969842389226
1116.0 0.03236142219975591
1117.0 0.03295155765954405
1118.0 0.03354169602971524
1119.0 0.03523746272549033
1120.0 0.03693322651088238
1121.0 0.03791339695453644
1122.0 0.03889356448780745
1123.0 0.040045613422989845
1124.0 0.04119766235817224
1125.0 0.0423718272941187
1126.0 0.04354599514044821
1127.0 0.045327175757847726
1128.0 0.04710835637524724
1129.0 0.04978327779099345
1130.0 0.052458199206739664
1131.0 0.05690117250196636
1132.0 0.06134414579719305
1133.0 0.06014263490214944
1134.0 0.05894112982787192
1135.0 0.06247665733098984
1136.0 0.06601218483410776
1137.0 0.07260383572429419
1138.0 0.0791954982560128
1139.0 0.08149849600158632
1140.0 0.08380149374715984
1141.0 0.0966461724601686
1142.0 0.10949083371087909
1143.0 0.1419929787516594
1144.0 0.17449513543397188
1145.0 0.36482191644608974
1146.0 0.555148720741272
1147.0 1.028001308441162
1148.0 1.5008540824055672
1149.0 1.557033322751522
1150.0 1.6132127493619919
