lsstCam/transmission_filter_detector/r31_s11/i_39/19700101T000000.ecsv
# %ECSV 1.0
# ---
# datatype:
# - {name: wavelength, unit: nm, datatype: float32}
# - {name: efficiency, unit: '%', datatype: float64}
# meta: !!omap
# - {MODE: DETECTOR}
# - {TYPE: transmission_filter_detector}
# - {CALIBDATE: '1970-01-01T00:00:00'}
# - {INSTRUME: LSSTCam}
# - {OBSTYPE: transmission_filter_detector}
# - {CALIBCLS: lsst.ip.isr.IntermediateFilterDetectorTransmissionCurve}
# - {SOURCE: Materion (DM-46256)}
# - {DETECTOR: 130}
# - {FILTER: i_39}
# - {CALIB_ID: 'calibDate=1970-01-01T00:00:00 filter=i_39 detector=130'}
# - {DATE: '2025-04-02T15:59:47.081953'}
# - {CALIB_CREATION_DATE: '2025-04-02'}
# - {CALIB_CREATION_TIME: '15:59:47'}
# - __serialized_columns__:
#     efficiency:
#       __class__: astropy.units.quantity.Quantity
#       unit: !astropy.units.Unit {unit: '%'}
#       value: !astropy.table.SerializedColumn {name: efficiency}
#     wavelength:
#       __class__: astropy.units.quantity.Quantity
#       unit: !astropy.units.Unit {unit: nm}
#       value: !astropy.table.SerializedColumn {name: wavelength}
# schema: astropy-2.0
wavelength efficiency
[from data line 597]
897.0 7.832879873603815e-05
898.0 5.675914849234687e-05
899.0 1.5926356370862815e-10
900.0 1.5926356370862815e-10
901.0 1.5926356370862815e-10
902.0 1.5926356370862815e-10
903.0 1.5926356370862815e-10
904.0 1.5926356370862815e-10
905.0 1.5926356370862815e-10
906.0 1.5926356370862815e-10
907.0 1.5926356370862815e-10
908.0 1.5926356370862815e-10
909.0 1.5926356370862815e-10
910.0 7.568502269350574e-05
911.0 1.5926356370862815e-10
912.0 1.5926356370862815e-10
913.0 1.5926356370862815e-10
914.0 1.5926356370862815e-10
915.0 1.5926356370862815e-10
916.0 1.5926356370862815e-10
917.0 1.5926356370862815e-10
918.0 1.5926356370862815e-10
919.0 1.5926356370862815e-10
920.0 0.0001176630576082971
921.0 1.5926356370862815e-10
922.0 1.5926356370862815e-10
923.0 1.5926356370862815e-10
924.0 2.94936938871615e-05
925.0 1.5926356370862815e-10
926.0 1.5926356370862815e-10
927.0 1.5926356370862815e-10
928.0 1.5926356370862815e-10
929.0 1.5926356370862815e-10
930.0 1.5926356370862815e-10
931.0 1.5926356370862815e-10
932.0 4.502601029798825e-05
933.0 1.5926356370862815e-10
934.0 1.5926356370862815e-10
935.0 1.5926356370862815e-10
936.0 1.1378295994290966e-05
937.0 8.959192996371712e-05
938.0 0.00016780554688011762
939.0 7.09376479335333e-05
940.0 1.5926356370862815e-10
941.0 0.00013111916814523283
942.0 0.00028816855319746537
943.0 0.00019720780528587056
944.0 0.00010624701189954067
945.0 1.5926356370862815e-10
946.0 1.5926356370862815e-10
947.0 1.5926356370862815e-10
948.0 0.00021790644950669957
949.0 0.00010557499763308442
950.0 1.5926356370862815e-10
951.0 4.395613757424144e-05
952.0 9.466868391427852e-05
953.0 4.1923706817215134e-05
954.0 1.5926356370862815e-10
955.0 2.26264944558352e-05
956.0 5.607428761322808e-05
957.0 8.49946275138791e-05
958.0 0.00011391496173018822
959.0 0.00016506304518770776
960.0 0.0002162111286452273
961.0 0.00022220951905183028
962.0 0.00022820790945843328
963.0 0.0002690277142392006
964.0 0.0003098475417573354
965.0 9.237377298632055e-05
966.0 1.5926356370862815e-10
967.0 1.5926356370862815e-10
968.0 1.5926356370862815e-10
969.0 1.5926356370862815e-10
970.0 1.5926356370862815e-10
971.0 1.5926356370862815e-10
972.0 1.5926356370862815e-10
973.0 1.2855254283294926e-05
974.0 3.8917386291359435e-05
975.0 0.00011983253216385492
976.0 0.00020074767235200852
977.0 0.00020262493762857048
978.0 0.0002045021801677649
979.0 0.00013859115597369964
980.0 7.268009198924119e-05
981.0 1.5926356370862815e-10
982.0 1.5926356370862815e-10
983.0 1.5926356370862815e-10
984.0 1.5926356370862815e-10
985.0 1.5926356370862815e-10
986.0 1.5926356370862815e-10
987.0 1.5926356370862815e-10
988.0 1.5926356370862815e-10
989.0 1.2060466758612165e-05
990.0 9.296782650380919e-05
991.0 0.00016408580449933652
992.0 0.00023520378817920573
993.0 0.00021111243313498562
994.0 0.0001870210780907655
995.0 0.00018761501223707455
996.0 0.0001882089463833836
997.0 0.00016470662558276672
998.0 0.0001412042820447823
999.0 0.00011484549986562342
1000.0 8.848666652738757e-05
1001.0 0.00018908312995336019
1002.0 0.00028967956495762337
1003.0 0.0003027870889127371
1004.0 0.0003158946128678508
1005.0 0.0002134648411811213
1006.0 0.00011103509223175934
1007.0 4.8075412450998556e-05
1008.0 1.5926356370862815e-10
1009.0 0.00011952515706070699
1010.0 0.000253934490501706
1011.0 0.00022917631667951355
1012.0 0.00020441816559468862
1013.0 0.00022984970655670622
1014.0 0.0002552812929934589
1015.0 8.11405641343299e-05
1016.0 1.5926356370862815e-10
1017.0 7.166757427512493e-05
1018.0 0.00023633526780031389
1019.0 2.5089624955398904e-05
1020.0 1.5926356370862815e-10
1021.0 1.5926356370862815e-10
1022.0 0.0001666262733124313
1023.0 0.00013963874607725302
1024.0 0.00011265123021075851
1025.0 0.00011479620525278733
1026.0 0.00011694125987560255
1027.0 0.0004545688170765061
1028.0 0.0007921962605905719
1029.0 0.0009742009751789737
1030.0 0.0011562055988179054
1031.0 0.001678859734965954
1032.0 0.0022015137801645324
1033.0 0.0024047882106970064
1034.0 0.0026080626412294805
1035.0 0.002893755299737677
1036.0 0.0031794479582458735
1037.0 0.003216600089217536
1038.0 0.003253751856391318
1039.0 0.002992952249769587
1040.0 0.002732152643147856
1041.0 0.002571478398749605
1042.0 0.0024108041543513536
1043.0 0.0028109991035307758
1044.0 0.0032111944165080786
1045.0 0.0032540439860895276
1046.0 0.0032968935556709766
1047.0 0.0031985564419301227
1048.0 0.0031002193281892687
1049.0 0.0028012111215502955
1050.0 0.0025022025511134416
1051.0 0.002214222331531346
1052.0 0.0019262422938481905
1053.0 0.0015850577256060205
1054.0 0.0012438729754649103
1055.0 0.0009820297236728948
1056.0 0.0007201863809314091
1057.0 0.0008582179361837916
1058.0 0.0009962496733351145
1059.0 0.0009135284926742315
1060.0 0.0008308074939122889
1061.0 0.0009004416824609507
1062.0 0.0009700759619590826
1063.0 0.0016121415683301166
1064.0 0.00225420699280221
1065.0 0.002780997056106571
1066.0 0.003307787119410932
1067.0 0.004147093932260759
1068.0 0.004986401108908467
1069.0 0.00451710366178304
1070.0 0.004047806578455493
1071.0 0.00408595115004573
1072.0 0.004124095357838087
1073.0 0.0033071664802264422
1074.0 0.0024902376026147977
1075.0 0.0026626463295542635
1076.0 0.002835054874594789
1077.0 0.0030970270017860457
1078.0 0.003358999310876243
1079.0 0.0033724234526744112
1080.0 0.0033858475944725797
1081.0 0.0023547132514067926
1082.0 0.001323579181189416
1083.0 0.0010879777619265951
1084.0 0.0008523764336132444
1085.0 0.0003545502522683819
1086.0 1.5926356370862815e-10
1087.0 0.0005391395461629145
1088.0 0.0012215549759275746
1089.0 0.0005696770585927879
1090.0 1.5926356370862815e-10
1091.0 0.00039657716115470976
1092.0 0.0008753549991524778
1093.0 1.5926356370862815e-10
1094.0 1.5926356370862815e-10
1095.0 1.5926356370862815e-10
1096.0 1.5926356370862815e-10
1097.0 1.5926356370862815e-10
1098.0 1.5926356370862815e-10
1099.0 3.2221294077317e-05
1100.0 0.0008265391443273984
