lsstCam/transmission_filter_detector/r31_s11/i_39/19700101T000000.ecsv
# %ECSV 1.0
# ---
# datatype:
# - {name: wavelength, unit: nm, datatype: float32}
# - {name: efficiency, unit: '%', datatype: float64}
# meta: !!omap
# - {MODE: DETECTOR}
# - {TYPE: transmission_filter_detector}
# - {CALIBDATE: '1970-01-01T00:00:00'}
# - {INSTRUME: LSSTCam}
# - {OBSTYPE: transmission_filter_detector}
# - {CALIBCLS: lsst.ip.isr.IntermediateFilterDetectorTransmissionCurve}
# - {SOURCE: Materion (DM-46256)}
# - {DETECTOR: 130}
# - {FILTER: i_39}
# - {CALIB_ID: 'calibDate=1970-01-01T00:00:00 filter=i_39 detector=130'}
# - {DATE: '2025-04-02T15:59:47.081953'}
# - {CALIB_CREATION_DATE: '2025-04-02'}
# - {CALIB_CREATION_TIME: '15:59:47'}
# - __serialized_columns__:
#     efficiency:
#       __class__: astropy.units.quantity.Quantity
#       unit: !astropy.units.Unit {unit: '%'}
#       value: !astropy.table.SerializedColumn {name: efficiency}
#     wavelength:
#       __class__: astropy.units.quantity.Quantity
#       unit: !astropy.units.Unit {unit: nm}
#       value: !astropy.table.SerializedColumn {name: wavelength}
# schema: astropy-2.0
wavelength efficiency
300.0 1.5926356370862815e-10
301.0 1.5926356370862815e-10
302.0 0.01318769936915487
303.0 0.007922507938928902
304.0 0.002657315053511411
305.0 0.010406100773252547
306.0 0.018154886492993683
307.0 0.010617791122058406
308.0 0.003080693568335846
309.0 0.005010081440559588
310.0 0.006939471495570615
311.0 1.5926356370862815e-10
312.0 1.5926356370862815e-10
313.0 1.5926356370862815e-10
314.0 1.5926356370862815e-10
315.0 1.5926356370862815e-10
316.0 1.5926356370862815e-10
317.0 1.5926356370862815e-10
318.0 0.0008449346751149278
319.0 0.005717622843803838
320.0 0.010590309830149636
321.0 0.0037917263398412615
322.0 1.5926356370862815e-10
323.0 1.5926356370862815e-10
324.0 0.002554548882471863
325.0 0.001998144216486253
326.0 0.0014417400052479934
327.0 0.0013334451068658382
328.0 0.0012251509360794444
329.0 0.002407399551884737
330.0 0.0035896482586394995
331.0 0.003715584898600355
332.0 0.003841520083369687
333.0 0.0029274722692207433
334.0 0.0020134253645665012
335.0 0.0014042192560737021
336.0 0.0007950136023282539
337.0 0.0015879195416346192
338.0 0.0023808253899915144
339.0 0.0009736786523717456
340.0 1.5926356370862815e-10
341.0 1.5926356370862815e-10
342.0 1.5926356370862815e-10
343.0 1.5926356370862815e-10
344.0 0.0002600185325718485
345.0 0.0011010474736394826
346.0 0.0019420765966060571
347.0 0.0002708928150241263
348.0 1.5926356370862815e-10
349.0 1.5926356370862815e-10
350.0 0.0007693946827203035
351.0 1.5926356370862815e-10
352.0 1.5926356370862815e-10
353.0 1.5926356370862815e-10
354.0 1.5926356370862815e-10
355.0 1.5926356370862815e-10
356.0 0.0012988840353500564
357.0 0.00035050720725848805
358.0 1.5926356370862815e-10
359.0 1.5926356370862815e-10
360.0 0.00035259563446743414
361.0 1.5926356370862815e-10
362.0 1.5926356370862815e-10
363.0 1.5926356370862815e-10
364.0 1.5926356370862815e-10
365.0 1.5926356370862815e-10
366.0 0.0007939244824228808
367.0 0.001188015448860824
368.0 0.0015821064152987674
369.0 0.0008320457709487528
370.0 8.19853426037298e-05
371.0 2.508969600967248e-05
372.0 1.5926356370862815e-10
373.0 0.00011141055438201874
374.0 0.0002546269115555333
375.0 0.0005158261046744883
376.0 0.0007770253432681784
377.0 0.00047669750529166777
378.0 0.0001763697582646273
379.0 0.0006033852514519822
380.0 0.0010304004717909265
381.0 0.00044542362047650386
382.0 1.5926356370862815e-10
383.0 1.5926356370862815e-10
384.0 1.5926356370862815e-10
385.0 7.975369271662203e-05
386.0 0.0004690839887189213
387.0 9.15602981876873e-05
388.0 1.5926356370862815e-10
389.0 1.5926356370862815e-10
390.0 1.5926356370862815e-10
391.0 1.5926356370862815e-10
392.0 1.5926356370862815e-10
393.0 1.5926356370862815e-10
394.0 0.00017352047052554553
395.0 0.000724205619917484
396.0 0.0012748909284709953
397.0 0.0010733349881775212
398.0 0.0008717792297829874
399.0 0.0010724368621595204
400.0 0.0012730946764349937
401.0 0.0020635532564483583
402.0 0.002854010926967021
403.0 0.002289378608111292
404.0 0.001724745743558742
405.0 0.0025889701646519825
406.0 0.0034531953133409843
407.0 0.004038502447656356
408.0 0.004623809581971727
409.0 0.004676909520640038
410.0 0.004730009095510468
411.0 0.004911212818115018
412.0 0.0050924169045174494
413.0 0.004155279020778835
414.0 0.0032181404094444588
415.0 0.002988816959259566
416.0 0.0027594933271757327
417.0 0.0038270678487606347
418.0 0.004894641460850835
419.0 0.004378667290438898
420.0 0.003862692028633319
421.0 0.0037523168430197984
422.0 0.003641941657406278
423.0 0.004010068732895888
424.0 0.0043781961721833795
425.0 0.004869410986430012
426.0 0.005360626528272405
427.0 0.005181469168746844
428.0 0.005002312173019163
429.0 0.004579667802317999
430.0 0.004157023431616835
431.0 0.0040785191231407225
432.0 0.004000014450866729
433.0 0.0026293595510651357
434.0 0.0012587048331624828
435.0 0.0017426502381567843
436.0 0.0022265954612521455
437.0 0.0017439819202991202
438.0 0.0012613682883966248
439.0 0.0013133701031620149
440.0 0.001365372008876875
441.0 0.0011416427696531173
442.0 0.0009179134394798893
443.0 0.0018696609913604334
444.0 0.002821408270392567
445.0 0.001429027906851843
446.0 3.664735857000778e-05
447.0 0.00013541966836783104
448.0 0.00023419181616191054
449.0 0.0005253887138678692
450.0 0.0008165854524122551
451.0 0.0009877408956526779
452.0 0.0011588964298425708
453.0 0.0009420790775038768
454.0 0.0007252616796904476
455.0 0.0008800795512797777
456.0 0.001034897559293313
457.0 0.0006258833309402689
458.0 0.00021686907984985737
459.0 0.00033642470498307375
460.0 0.0004559802619041875
461.0 0.0004319719664636068
462.0 0.0004079637164977612
463.0 0.0004961611466569593
464.0 0.0005843585313414223
465.0 0.0005195766334509244
466.0 0.000454795008408837
467.0 0.0005121856702317018
468.0 0.0005695762411050964
469.0 0.0006998875960562145
470.0 0.000830199132906273
471.0 0.0006199170002219034
472.0 0.0004096351858606795
473.0 0.0005404508101491956
474.0 0.0006712663889629766
475.0 0.0005267658252705587
476.0 0.0003822651251539355
477.0 0.0005812451945530483
478.0 0.0007802250365784857
479.0 0.0014239964002626948
480.0 0.0020677680367953144
481.0 0.002355678952881135
482.0 0.0026435898689669557
483.0 0.0037315956433303654
484.0 0.004819601235794835
485.0 0.0063808009144850075
486.0 0.007941998774185777
487.0 0.01014450826914981
488.0 0.01234701630892232
489.0 0.015025626635178924
490.0 0.017704236961435527
491.0 0.020749669056385756
492.0 0.02379510406171903
493.0 0.025452868430875242
494.0 0.027110637165606022
495.0 0.024900774587877095
496.0 0.0226909076445736
497.0 0.01914175954880193
498.0 0.015592611453030258
499.0 0.011109779734397307
500.0 0.006626950926147401
501.0 0.004513029853114858
502.0 0.002399107688688673
503.0 0.0019862343833665363
504.0 0.00157336125994334
505.0 0.001787265318853315
506.0 0.0020011691958643496
507.0 0.002100895653711632
508.0 0.002200622111558914
509.0 0.0021213687432464212
510.0 0.002042115193034988
511.0 0.0018831680790754035
512.0 0.0017242211470147595
513.0 0.0018229835404781625
514.0 0.0019217462977394462
515.0 0.0022221236577024683
516.0 0.00252250083576655
517.0 0.0023760265321470797
518.0 0.00222955259232549
519.0 0.0019019664250663482
520.0 0.0015743802578072064
521.0 0.0016319976566592231
522.0 0.0016896152374101803
523.0 0.0017160560673801228
524.0 0.0017424970792490058
525.0 0.0020187959307804704
526.0 0.002295094782311935
527.0 0.0025731244022608735
528.0 0.0028511542041087523
529.0 0.0026705452910391614
530.0 0.00248993619607063
531.0 0.00208137535082642
532.0 0.0016728145055822097
533.0 0.001637385503272526
534.0 0.0016019565009628423
535.0 0.001776714634615928
536.0 0.0019514727682690136
537.0 0.0026206376787740737
538.0 0.003289802771178074
539.0 0.00393786103813909
540.0 0.004585919668897986
541.0 0.005035454159951769
542.0 0.005484989014803432
543.0 0.005183327812119387
544.0 0.004881666973233223
545.0 0.003997976455138996
546.0 0.0031142859370447695
547.0 0.002480896182532888
548.0 0.001847506246122066
549.0 0.0017222750102519058
550.0 0.0015970437743817456
551.0 0.0016546562619623728
552.0 0.001712268749543
553.0 0.0017560269043315202
554.0 0.0017997852410189807
555.0 0.0013067439795122482
556.0 0.0008137028089549858
557.0 0.0007671484127058648
558.0 0.0007205940619314788
559.0 0.0006164220394566655
560.0 0.0005122501079313224
561.0 0.0009966763172997162
562.0 0.0014811026630923152
563.0 0.0016601408788119443
564.0 0.0018391790945315734
565.0 0.0017094342183554545
566.0 0.001579689524078276
567.0 0.0011909631211892702
568.0 0.0008022367183002643
569.0 0.0008245973731391132
570.0 0.000846958027977962
571.0 0.0006525967819470679
572.0 0.00045823549044143874
573.0 0.0004874329079029849
574.0 0.000516630325364531
575.0 0.0004287477622710867
576.0 0.0003408652219150099
577.0 0.00033831486234703334
578.0 0.00033576459372852696
579.0 0.0004916725629300345
580.0 0.0006475806003436446
581.0 0.0005393304945755517
582.0 0.0004310803888074588
583.0 0.00039161946006061044
584.0 0.000352158485839027
585.0 0.00046681398089276627
586.0 0.0005814694304717705
587.0 0.0005292357400321634
588.0 0.0004770020950672915
589.0 0.0006326577931758948
590.0 0.0007883136277087033
591.0 0.000475474143968313
592.0 0.00016263453517240123
593.0 0.0003747931032194174
594.0 0.0005869516826351173
595.0 0.00042238457353960257
596.0 0.0002578173962319852
597.0 0.0003680282134155277
598.0 0.0004782390533364378
599.0 0.00038707294152118266
600.0 0.00029590689791803015
601.0 0.00035910404676542385
602.0 0.00042230130929965526
603.0 0.0003192611529811984
604.0 0.00021622106487484416
605.0 0.000208464825846022
606.0 0.00020070856407983229
607.0 0.00036936316973879
608.0 0.0005380177753977478
609.0 0.0004853372047364246
610.0 0.00043265667954983655
611.0 0.00044688763409794774
612.0 0.0004611185886460589
613.0 0.0004039984105475014
614.0 0.00034687836887314916
615.0 0.00037293164041329874
616.0 0.0003989849119534483
617.0 0.000331242085849226
618.0 0.0002634992824823712
619.0 0.00017812470787248458
620.0 9.275015031562361e-05
621.0 0.00017706354356050724
622.0 0.000261376931121049
623.0 0.0003026211288670311
624.0 0.00034386532661301317
625.0 0.00034109998523490503
626.0 0.00033833466659416445
627.0 0.0003749370534933405
628.0 0.00041153944039251655
629.0 0.00041140920075122267
630.0 0.0004112789611099288
631.0 0.0003969199042330729
632.0 0.00038256061998254154
633.0 0.0003551662985046278
634.0 0.0003277719088146114
635.0 0.0003790127038882929
636.0 0.00043025352169934195
637.0 0.00040379954953095876
638.0 0.00037734546367573785
639.0 0.00044341172724671196
640.0 0.0005094781045045238
641.0 0.000576972297494649
642.0 0.0006444665359595092
643.0 0.0006028995358065004
644.0 0.0005613323992292862
645.0 0.0006761615622963291
646.0 0.0007909908163128421
647.0 0.0007706035830779001
648.0 0.0007502161679440178
649.0 0.0008114412594295572
650.0 0.0008726664418645669
651.0 0.00087875723693287
652.0 0.0008848480320011731
653.0 0.0007900071068434045
654.0 0.0006951661362109007
655.0 0.001127829818869941
656.0 0.0015604933651047759
657.0 0.0025904990252456628
658.0 0.0036205045034876093
659.0 0.005877620060346089
660.0 0.05859444499947131
661.0 0.09508026414550841
662.0 0.06320098182186484
663.0 0.14423980610445142
664.0 0.0857698789332062
665.0 0.1474069315008819
666.0 0.16416177386417985
667.0 0.20790495909750462
668.0 0.19556276965886354
669.0 0.3147359937429428
670.0 0.39364034309983253
671.0 0.5957788322120905
672.0 0.9189323522150517
673.0 1.4936348423361778
674.0 2.201044373214245
675.0 3.1643569469451904
676.0 4.2902544140815735
677.0 5.544484779238701
678.0 6.8951524794101715
679.0 8.401664346456528
680.0 10.371959209442139
681.0 12.479104101657867
682.0 15.041868388652802
683.0 17.72511899471283
684.0 20.719538629055023
685.0 23.615625500679016
686.0 26.619884371757507
687.0 29.937714338302612
688.0 33.28413963317871
689.0 36.73025965690613
690.0 40.61770439147949
691.0 44.93614435195923
692.0 49.90774691104889
693.0 55.20913600921631
694.0 61.2008273601532
695.0 66.85592532157898
696.0 73.09783101081848
697.0 78.56242656707764
698.0 84.31007862091064
699.0 88.55911493301392
700.0 91.82919263839722
701.0 94.28120851516724
702.0 95.9842324256897
703.0 96.97271585464478
704.0 97.26686477661133
705.0 97.68297672271729
706.0 97.65540361404419
707.0 97.7770984172821
708.0 97.82323837280273
709.0 97.82811999320984
710.0 97.63745665550232
711.0 97.85142540931702
712.0 97.83788323402405
713.0 97.918701171875
714.0 97.99192547798157
715.0 98.05335402488708
716.0 97.86742329597473
717.0 98.03647994995117
718.0 98.06981682777405
719.0 98.05915355682373
720.0 98.25816750526428
721.0 98.18723797798157
722.0 97.87576198577881
723.0 97.61379957199097
724.0 97.30152487754822
725.0 97.03961610794067
726.0 96.8149483203888
727.0 96.69526219367981
728.0 96.41706943511963
729.0 96.220463514328
730.0 96.27776145935059
731.0 96.380215883255
732.0 96.37516140937805
733.0 96.67877554893494
734.0 96.9927430152893
735.0 97.18881845474243
736.0 97.62531518936157
737.0 97.97017574310303
738.0 98.16360473632812
739.0 98.55791926383972
740.0 98.67503046989441
741.0 98.54705333709717
742.0 98.8771140575409
743.0 98.61171841621399
744.0 98.41395020484924
745.0 98.49349856376648
746.0 98.4880805015564
747.0 98.71039986610413
748.0 98.56273531913757
749.0 98.42429757118225
750.0 98.4529972076416
751.0 98.33204746246338
752.0 98.28139543533325
753.0 98.46450090408325
754.0 98.36082458496094
755.0 98.49362969398499
756.0 98.55762720108032
757.0 98.58991503715515
758.0 98.67518544197083
759.0 98.62892627716064
760.0 98.60091209411621
761.0 98.56772422790527
762.0 98.65068197250366
763.0 98.54458570480347
764.0 98.42677116394043
765.0 98.36620688438416
766.0 98.4104335308075
767.0 98.22800755500793
768.0 98.20472002029419
769.0 98.27966094017029
770.0 97.97206521034241
771.0 97.99115061759949
772.0 98.01564812660217
773.0 97.93285131454468
774.0 97.7281928062439
775.0 97.79481887817383
776.0 97.76498079299927
777.0 97.79082536697388
778.0 97.84016013145447
779.0 97.87970781326294
780.0 97.79559969902039
781.0 98.16932082176208
782.0 98.22525382041931
783.0 98.2366144657135
784.0 98.21860194206238
785.0 98.36515784263611
786.0 98.54378700256348
787.0 98.19531440734863
788.0 98.29258918762207
789.0 98.33396673202515
790.0 98.31101298332214
791.0 98.39387536048889
792.0 98.17620515823364
793.0 98.04326891899109
794.0 98.03270697593689
795.0 97.89839386940002
796.0 97.92079329490662
797.0 97.89859056472778
798.0 97.85537719726562
799.0 97.71621227264404
800.0 97.47514128684998
801.0 97.53761887550354
802.0 97.39091396331787
803.0 97.07490801811218
804.0 96.79611325263977
805.0 96.13834619522095
806.0 95.49068212509155
807.0 94.36067342758179
808.0 93.02488565444946
809.0 91.43713712692261
810.0 89.57027196884155
811.0 87.21621036529541
812.0 84.42631959915161
813.0 81.34510517120361
814.0 77.68813967704773
815.0 73.65003824234009
816.0 69.53190565109253
817.0 64.95401859283447
818.0 60.05120277404785
819.0 55.81193566322327
820.0 50.95280408859253
821.0 46.51923179626465
822.0 42.16393232345581
823.0 37.54231333732605
824.0 32.84294605255127
825.0 28.629544377326965
826.0 24.23648089170456
827.0 19.688765704631805
828.0 15.619586408138275
829.0 11.85678318142891
830.0 8.264386653900146
831.0 5.740843340754509
832.0 3.595772758126259
833.0 2.1889224648475647
834.0 1.2847532518208027
835.0 0.7945052348077297
836.0 0.43187099508941174
837.0 0.2285089110955596
838.0 0.1263663754798472
839.0 0.10122304083779454
840.0 0.05763511871919036
841.0 0.03524831554386765
842.0 0.008973425428848714
843.0 0.013399460294749588
844.0 0.00546140581718646
845.0 1.5926356370862815e-10
846.0 1.5926356370862815e-10
847.0 1.5926356370862815e-10
848.0 1.5926356370862815e-10
849.0 1.5926356370862815e-10
850.0 1.5926356370862815e-10
851.0 0.0021771371393697336
852.0 0.0033788302971515805
853.0 0.0019168484868714586
854.0 0.000454866813015542
855.0 0.0003714215381478425
856.0 0.0002879762860175106
857.0 0.0006141176072560484
858.0 0.0009402589057572186
859.0 0.0003733742914846516
860.0 1.5926356370862815e-10
861.0 1.5926356370862815e-10
862.0 1.5926356370862815e-10
863.0 1.5926356370862815e-10
864.0 1.5926356370862815e-10
865.0 8.332671797006697e-06
866.0 7.732077733635379e-05
867.0 1.5926356370862815e-10
868.0 1.5926356370862815e-10
869.0 1.5926356370862815e-10
870.0 6.887827908030886e-05
871.0 9.439860377824516e-05
872.0 0.00011991890005447203
873.0 7.147392580009182e-05
874.0 2.3028910334232933e-05
875.0 1.5926356370862815e-10
876.0 1.5926356370862815e-10
877.0 1.5926356370862815e-10
878.0 2.4303250256707543e-05
879.0 1.5926356370862815e-10
880.0 1.5926356370862815e-10
881.0 3.212812487163319e-05
882.0 0.00012298891078899032
883.0 1.5926356370862815e-10
884.0 1.5926356370862815e-10
885.0 1.5926356370862815e-10
886.0 1.8769404164231673e-05
887.0 1.5926356370862815e-10
888.0 1.5926356370862815e-10
889.0 9.260705269298342e-06
890.0 0.00010827675396285485
891.0 1.5926356370862815e-10
892.0 1.5926356370862815e-10
893.0 1.5926356370862815e-10
894.0 1.5926356370862815e-10
895.0 3.156333718834503e-05
