lsstCam/transmission_filter_detector/r11_s11/u_24/19700101T000000.ecsv
# %ECSV 1.0
# ---
# datatype:
# - {name: wavelength, unit: nm, datatype: float32}
# - {name: efficiency, unit: '%', datatype: float64}
# meta: !!omap
# - {MODE: DETECTOR}
# - {TYPE: transmission_filter_detector}
# - {CALIBDATE: '1970-01-01T00:00:00'}
# - {INSTRUME: LSSTCam}
# - {OBSTYPE: transmission_filter_detector}
# - {CALIBCLS: lsst.ip.isr.IntermediateFilterDetectorTransmissionCurve}
# - {SOURCE: Materion (DM-46256)}
# - {DETECTOR: 40}
# - {FILTER: u_24}
# - {CALIB_ID: 'calibDate=1970-01-01T00:00:00 filter=u_24 detector=40'}
# - {DATE: '2025-04-02T15:59:39.934507'}
# - {CALIB_CREATION_DATE: '2025-04-02'}
# - {CALIB_CREATION_TIME: '15:59:39'}
# - __serialized_columns__:
#     efficiency:
#       __class__: astropy.units.quantity.Quantity
#       unit: !astropy.units.Unit {unit: '%'}
#       value: !astropy.table.SerializedColumn {name: efficiency}
#     wavelength:
#       __class__: astropy.units.quantity.Quantity
#       unit: !astropy.units.Unit {unit: nm}
#       value: !astropy.table.SerializedColumn {name: wavelength}
# schema: astropy-2.0
wavelength efficiency
[from data line 587]
882.0 0.002809045145113487
883.0 0.0027137324650539085
884.0 0.0026184205125900917
885.0 0.0022604908735956997
886.0 0.001902561416500248
887.0 0.001925106334965676
888.0 0.0019476512534311041
889.0 0.001988618168979883
890.0 0.0020295847207307816
891.0 0.002229273013654165
892.0 0.0024289614884764887
893.0 0.0025567363991285674
894.0 0.0026845109459827654
895.0 0.00298531012958847
896.0 0.0032861094950931147
897.0 0.0034869091905420646
898.0 0.0036877092497888952
899.0 0.0038337919249897823
900.0 0.003979874600190669
901.0 0.004017731043859385
902.0 0.004055588215123862
903.0 0.004351435200078413
904.0 0.004647281821235083
905.0 0.004780221206601709
906.0 0.004913159864372574
907.0 0.005369853170122951
908.0 0.005826546112075448
909.0 0.005646854697261006
910.0 0.005467163646244444
911.0 0.0056667504395591095
912.0 0.005866337232873775
913.0 0.005561943180509843
914.0 0.005257548400550149
915.0 0.004996531060896814
916.0 0.004735514085041359
917.0 0.0042536077671684325
918.0 0.0037717021768912673
919.0 0.004120647645322606
920.0 0.004469593113753945
921.0 0.004630050898413174
922.0 0.004790508683072403
923.0 0.005219538070377894
924.0 0.005648566002491862
925.0 0.006017740452080034
926.0 0.006386914901668206
927.0 0.006833770021330565
928.0 0.00728062295820564
929.0 0.007384749187622219
930.0 0.007488875417038798
931.0 0.007237809768412262
932.0 0.006986741936998442
933.0 0.0068515524617396295
934.0 0.006716362258885056
935.0 0.007204097346402705
936.0 0.007691830978728831
937.0 0.0073967850767076015
938.0 0.007101740629877895
939.0 0.007266063039423898
940.0 0.007430384721374139
941.0 0.006210052379174158
942.0 0.004989719309378415
943.0 0.004059301863890141
944.0 0.0031288855097955093
945.0 0.002461303120071534
946.0 0.0017937209122464992
947.0 0.0015598281606798992
948.0 0.001325935318163829
949.0 0.0013705410310649313
950.0 0.0014151465620670933
951.0 0.0012385573427309282
952.0 0.001061968123394763
953.0 0.001099534802051494
954.0 0.0011371017535566352
955.0 0.001854598849604372
956.0 0.0025720957637531683
957.0 0.0026182106012129225
958.0 0.0026643248929758556
959.0 0.00283862573269289
960.0 0.003012926026713103
961.0 0.0035600754927145317
962.0 0.00410722459491808
963.0 0.004452717257663608
964.0 0.004798210284207016
965.0 0.004408266977407038
966.0 0.004018324034404941
967.0 0.004402462218422443
968.0 0.004786601130035706
969.0 0.004819489186047576
970.0 0.004852377242059447
971.0 0.004845229341299273
972.0 0.00483808180433698
973.0 0.004490932769840583
974.0 0.004143783371546306
975.0 0.004038718907395378
976.0 0.003933653715648688
977.0 0.003431678851484321
978.0 0.002929704169218894
979.0 0.002818634129653219
980.0 0.0027075642719864845
981.0 0.002344330096093472
982.0 0.0019810957383015193
983.0 0.0025056688173208386
984.0 0.0030302417144412175
985.0 0.0035013348679058254
986.0 0.003972429112764075
987.0 0.004071032890351489
988.0 0.004169636304141022
989.0 0.004909164272248745
990.0 0.0056486911489628255
991.0 0.00599994309595786
992.0 0.006351195042952895
993.0 0.006287807627813891
994.0 0.006224420212674886
995.0 0.005867353320354596
996.0 0.0055102827900554985
997.0 0.0052800030971411616
998.0 0.00504972595081199
999.0 0.005834219336975366
1000.0 0.006618710904149339
1001.0 0.006513242988148704
1002.0 0.006407772161765024
1003.0 0.00612533331150189
1004.0 0.005842891550855711
1005.0 0.005838394281454384
1006.0 0.005833896648255177
1007.0 0.005612174572888762
1008.0 0.005390449950937182
1009.0 0.0047126821300480515
1010.0 0.004034915036754683
1011.0 0.0038746460631955415
1012.0 0.003714377453434281
1013.0 0.0031985480745788664
1014.0 0.0026827185138245113
1015.0 0.0023628101189387962
1016.0 0.0020429013602552004
1017.0 0.0017127316823462024
1018.0 0.001382561822538264
1019.0 0.0013841718100593425
1020.0 0.0013857815247320104
1021.0 0.001159559360530693
1022.0 0.0009333371963293757
1023.0 0.0009779390893527307
1024.0 0.0010225409823760856
1025.0 0.001299874384130817
1026.0 0.0015772078768350184
1027.0 0.0014619370631407946
1028.0 0.001346666340396041
1029.0 0.0014576910871255677
1030.0 0.0015687159248045646
1031.0 0.0017064368876162916
1032.0 0.0018441582142258994
1033.0 0.0020791589122381993
1034.0 0.00231415997404838
1035.0 0.0024020724595175125
1036.0 0.0024899845811887644
1037.0 0.002579381543910131
1038.0 0.002668778870429378
1039.0 0.002359049722144846
1040.0 0.0020493209376581945
1041.0 0.0016119962310767733
1042.0 0.0011746721611416433
1043.0 0.001515679105068557
1044.0 0.0018566865037428215
1045.0 0.0013969923202239443
1046.0 0.0009372984095534775
1047.0 0.002193002546846401
1048.0 0.0034487071388866752
1049.0 0.002404805854894221
1050.0 0.0013609041161544155
1051.0 0.0014507821106235497
1052.0 0.001540660196042154
1053.0 0.0017101221601478755
1054.0 0.0018795837604557164
1055.0 0.0011916521543753333
1056.0 0.0005037206847191555
1057.0 0.001440723008272471
1058.0 0.002377725650148932
1059.0 0.0017386309991707094
1060.0 0.0010995367119903676
1061.0 0.0010906785064435098
1062.0 0.0010818202099471819
1063.0 0.0013070334716758225
1064.0 0.0015322464605560526
1065.0 0.0010996941455232445
1066.0 0.0006671419214399066
1067.0 0.001053139021678362
1068.0 0.0014391356671694666
1069.0 0.0019891509509761818
1070.0 0.0025391658709850162
1071.0 0.0012682433407462668
1072.0 1.588486612212614e-10
1073.0 0.0003705733661263366
1074.0 0.0007438256488967454
1075.0 0.0025972602088586427
1076.0 0.004450694541446865
1077.0 0.004048840128234588
1078.0 0.0036469857150223106
1079.0 0.004884395457338542
1080.0 0.006121802289271727
1081.0 0.0040013936086324975
1082.0 0.0018809843822964467
1083.0 0.001022699143504724
1084.0 0.00016441381376353092
1085.0 0.0022313211957225576
1086.0 0.004298227941035293
1087.0 0.0033173775591421872
1088.0 0.0023365271772490814
1089.0 0.004732936577056535
1090.0 0.007129345613066107
1091.0 0.005138811684446409
1092.0 0.0031482781196245924
1093.0 0.0023044731278787367
1094.0 0.0014606688637286425
1095.0 0.000461964555142913
1096.0 1.588486612212614e-10
1097.0 0.0018879612980526872
1098.0 0.004312662349548191
1099.0 0.004110149166081101
1100.0 0.003907636346411891
