lsstCam/transmission_filter_detector/r11_s11/u_24/19700101T000000.ecsv
# %ECSV 1.0
# ---
# datatype:
# - {name: wavelength, unit: nm, datatype: float32}
# - {name: efficiency, unit: '%', datatype: float64}
# meta: !!omap
# - {MODE: DETECTOR}
# - {TYPE: transmission_filter_detector}
# - {CALIBDATE: '1970-01-01T00:00:00'}
# - {INSTRUME: LSSTCam}
# - {OBSTYPE: transmission_filter_detector}
# - {CALIBCLS: lsst.ip.isr.IntermediateFilterDetectorTransmissionCurve}
# - {SOURCE: Materion (DM-46256)}
# - {DETECTOR: 40}
# - {FILTER: u_24}
# - {CALIB_ID: 'calibDate=1970-01-01T00:00:00 filter=u_24 detector=40'}
# - {DATE: '2025-04-02T15:59:39.934507'}
# - {CALIB_CREATION_DATE: '2025-04-02'}
# - {CALIB_CREATION_TIME: '15:59:39'}
# - __serialized_columns__:
#     efficiency:
#       __class__: astropy.units.quantity.Quantity
#       unit: !astropy.units.Unit {unit: '%'}
#       value: !astropy.table.SerializedColumn {name: efficiency}
#     wavelength:
#       __class__: astropy.units.quantity.Quantity
#       unit: !astropy.units.Unit {unit: nm}
#       value: !astropy.table.SerializedColumn {name: wavelength}
# schema: astropy-2.0
wavelength efficiency
295.0 1.588486612212614e-10
296.0 1.588486612212614e-10
297.0 1.588486612212614e-10
298.0 1.588486612212614e-10
299.0 1.588486612212614e-10
300.0 1.588486612212614e-10
301.0 1.588486612212614e-10
302.0 0.2616652986034751
303.0 1.588486612212614e-10
304.0 0.04873537982348353
305.0 0.6171504501253366
306.0 1.443395484238863
307.0 3.0419696122407913
308.0 5.091475322842598
309.0 8.270638436079025
310.0 11.26190796494484
311.0 15.28526395559311
312.0 18.874818086624146
313.0 22.19482511281967
314.0 25.16067922115326
315.0 27.65834331512451
316.0 29.810163378715515
317.0 32.182684540748596
318.0 34.85630750656128
319.0 38.52883577346802
320.0 43.728527426719666
321.0 49.04264509677887
322.0 55.068230628967285
323.0 60.596764087677
324.0 65.36816954612732
325.0 68.72938871383667
326.0 71.09863758087158
327.0 72.97484874725342
328.0 74.73064661026001
329.0 76.05808973312378
330.0 77.4724006652832
331.0 78.33116054534912
332.0 78.72527837753296
333.0 78.90353798866272
334.0 78.66976857185364
335.0 78.89805436134338
336.0 79.01047468185425
337.0 79.48189377784729
338.0 80.31561374664307
339.0 80.9068500995636
340.0 81.26441240310669
341.0 81.92492127418518
342.0 82.17366933822632
343.0 82.10897445678711
344.0 82.35543966293335
345.0 82.69754648208618
346.0 83.05108547210693
347.0 83.3268404006958
348.0 83.6243212223053
349.0 83.78312587738037
350.0 83.90613794326782
351.0 84.08082723617554
352.0 83.99484157562256
353.0 83.92130732536316
354.0 83.85370373725891
355.0 84.07537937164307
356.0 84.25754904747009
357.0 84.16532278060913
358.0 83.85373950004578
359.0 83.71880650520325
360.0 83.4568440914154
361.0 83.37921500205994
362.0 83.18341374397278
363.0 83.20971131324768
364.0 83.40057730674744
365.0 83.60476493835449
366.0 83.8988721370697
367.0 83.85417461395264
368.0 83.88003706932068
369.0 83.84830355644226
370.0 83.56962203979492
371.0 83.38292241096497
372.0 83.41094255447388
373.0 83.48773121833801
374.0 83.53042006492615
375.0 83.80855321884155
376.0 83.90365242958069
377.0 83.90989303588867
378.0 84.05197858810425
379.0 83.73137712478638
380.0 83.11161994934082
381.0 81.93128705024719
382.0 80.16707301139832
383.0 78.2852828502655
384.0 76.1771023273468
385.0 73.87472987174988
386.0 71.48809432983398
387.0 68.2504951953888
388.0 65.01345038414001
389.0 61.10576391220093
390.0 57.13186860084534
391.0 52.87265181541443
392.0 48.393723368644714
393.0 44.62091624736786
394.0 41.33664071559906
395.0 37.975651025772095
396.0 34.4594806432724
397.0 29.81434464454651
398.0 24.34919774532318
399.0 17.700065672397614
400.0 11.371952295303345
401.0 6.462760269641876
402.0 2.94851902872324
403.0 0.9882333688437939
404.0 0.2877708990126848
405.0 0.13947231927886605
406.0 0.06062118336558342
407.0 1.588486612212614e-10
408.0 0.0013613489500130527
409.0 1.588486612212614e-10
410.0 0.000652028393233195
411.0 1.588486612212614e-10
412.0 1.588486612212614e-10
413.0 1.588486612212614e-10
414.0 1.588486612212614e-10
415.0 1.588486612212614e-10
416.0 1.588486612212614e-10
417.0 1.588486612212614e-10
418.0 1.588486612212614e-10
419.0 1.588486612212614e-10
420.0 1.588486612212614e-10
421.0 1.588486612212614e-10
422.0 1.588486612212614e-10
423.0 1.588486612212614e-10
424.0 1.588486612212614e-10
425.0 1.588486612212614e-10
426.0 1.588486612212614e-10
427.0 1.588486612212614e-10
428.0 1.588486612212614e-10
429.0 0.0010196527910011355
430.0 0.003376856693648733
431.0 0.0018900795112131163
432.0 0.00040330246520170476
433.0 0.0009204521120409481
434.0 0.0014376021681528073
435.0 0.0017383010344929062
436.0 0.0020390005374792963
437.0 0.0006787246093153954
438.0 1.588486612212614e-10
439.0 0.0001021369257614424
440.0 0.0008858256478561088
441.0 0.0001892106979539676
442.0 1.588486612212614e-10
443.0 1.588486612212614e-10
444.0 1.588486612212614e-10
445.0 1.588486612212614e-10
446.0 1.588486612212614e-10
447.0 1.588486612212614e-10
448.0 8.554895885026781e-05
449.0 9.569886287863483e-05
450.0 0.00010584826668491587
451.0 1.588486612212614e-10
452.0 1.588486612212614e-10
453.0 0.0004937333869747818
454.0 0.001217016233567847
455.0 0.00025973924948630156
456.0 1.588486612212614e-10
457.0 1.588486612212614e-10
458.0 1.588486612212614e-10
459.0 1.588486612212614e-10
460.0 1.588486612212614e-10
461.0 1.588486612212614e-10
462.0 1.588486612212614e-10
463.0 1.588486612212614e-10
464.0 0.00010227129223494558
465.0 0.00039715641833026893
466.0 0.0006920415671629598
467.0 1.588486612212614e-10
468.0 1.588486612212614e-10
469.0 1.588486612212614e-10
470.0 0.0011744843504857272
471.0 1.588486612212614e-10
472.0 1.588486612212614e-10
473.0 1.588486612212614e-10
474.0 1.588486612212614e-10
475.0 1.588486612212614e-10
476.0 1.588486612212614e-10
477.0 1.588486612212614e-10
478.0 3.433487165693805e-05
479.0 1.588486612212614e-10
480.0 1.588486612212614e-10
481.0 1.588486612212614e-10
482.0 0.0002435800297462265
483.0 1.588486612212614e-10
484.0 1.588486612212614e-10
485.0 1.588486612212614e-10
486.0 1.588486612212614e-10
487.0 1.588486612212614e-10
488.0 1.588486612212614e-10
489.0 1.588486612212614e-10
490.0 1.588486612212614e-10
491.0 1.588486612212614e-10
492.0 1.588486612212614e-10
493.0 1.588486612212614e-10
494.0 1.588486612212614e-10
495.0 1.588486612212614e-10
496.0 0.00042485826270421967
497.0 8.232044024225615e-05
498.0 1.588486612212614e-10
499.0 1.588486612212614e-10
500.0 1.588486612212614e-10
501.0 1.588486612212614e-10
502.0 1.588486612212614e-10
503.0 1.588486612212614e-10
504.0 1.588486612212614e-10
505.0 1.588486612212614e-10
506.0 1.588486612212614e-10
507.0 1.588486612212614e-10
508.0 1.588486612212614e-10
509.0 1.588486612212614e-10
510.0 1.588486612212614e-10
511.0 1.588486612212614e-10
512.0 0.0001212939764627663
513.0 0.00028407082481862744
514.0 0.00044684752538159955
515.0 0.0004951906248606974
516.0 0.0005435337698145304
517.0 1.588486612212614e-10
518.0 1.588486612212614e-10
519.0 1.588486612212614e-10
520.0 4.99471298098797e-05
521.0 0.0006842147740826476
522.0 0.0013184823728806805
523.0 0.0006466998456744477
524.0 1.588486612212614e-10
525.0 1.588486612212614e-10
526.0 1.588486612212614e-10
527.0 1.588486612212614e-10
528.0 1.588486612212614e-10
529.0 4.852528832088865e-05
530.0 0.00016953114254647517
531.0 0.00028145987016614527
532.0 0.00039338856367976405
533.0 1.588486612212614e-10
534.0 1.588486612212614e-10
535.0 1.588486612212614e-10
536.0 1.588486612212614e-10
537.0 1.588486612212614e-10
538.0 1.588486612212614e-10
539.0 1.588486612212614e-10
540.0 1.588486612212614e-10
541.0 1.588486612212614e-10
542.0 1.588486612212614e-10
543.0 1.588486612212614e-10
544.0 1.588486612212614e-10
545.0 1.588486612212614e-10
546.0 2.931376457127044e-05
547.0 0.0001556181018713687
548.0 0.000281922439171467
549.0 1.588486612212614e-10
550.0 1.588486612212614e-10
551.0 1.588486612212614e-10
552.0 1.588486612212614e-10
553.0 0.00015433109865625738
554.0 0.00037895840705459705
555.0 1.588486612212614e-10
556.0 1.588486612212614e-10
557.0 1.588486612212614e-10
558.0 1.588486612212614e-10
559.0 1.588486612212614e-10
560.0 0.00037159622934268555
561.0 6.53853362564405e-05
562.0 1.588486612212614e-10
563.0 1.588486612212614e-10
564.0 1.588486612212614e-10
565.0 1.588486612212614e-10
566.0 1.588486612212614e-10
567.0 1.588486612212614e-10
568.0 0.00023530089947598753
569.0 0.0002871583319574711
570.0 0.0003390156280147494
571.0 0.00038378061617549974
572.0 0.000428545808972558
573.0 0.00044523776523419656
574.0 0.0004619301307684509
575.0 0.0002750766498138546
576.0 8.822331096780545e-05
577.0 0.00038753046283090953
578.0 0.0006868375294288853
579.0 0.00044152529881102964
580.0 0.0001962129772437038
581.0 0.0004650114078685874
582.0 0.0007338101113418816
583.0 0.0011083820027124602
584.0 0.0014829540305072442
585.0 0.000988478677754756
586.0 0.0004940030066791223
587.0 0.0009275483535020612
588.0 0.0013610940186481457
589.0 0.0010857807865249924
590.0 0.0008104675544018392
591.0 0.0008372104275622405
592.0 0.0008639531188237015
593.0 0.000728470604371978
594.0 0.0005929877715971088
595.0 0.0007679000191274099
596.0 0.0009428119483345654
597.0 0.000973545502347406
598.0 0.0010042786016128957
599.0 0.0011198363608855288
600.0 0.0012353938473097514
601.0 0.0014098960491537582
602.0 0.0015843983419472352
603.0 0.0015400968550238758
604.0 0.001495795640948927
605.0 0.001637517925701104
606.0 0.001779240665200632
607.0 0.0017473221305408515
608.0 0.0017154037777800113
609.0 0.0011412381354602985
610.0 0.0005670724476658506
611.0 0.0007970867045514751
612.0 0.0010271010978613049
613.0 0.0006747442967025563
614.0 0.000322387631968013
615.0 0.0007038292096694931
616.0 0.0010852709237951785
617.0 0.0008705739674041979
618.0 0.0006558771929121576
619.0 0.0005808680725749582
620.0 0.0005058592705609044
621.0 0.000715742817192222
622.0 0.0009256263183488045
623.0 0.0005587864961853484
624.0 0.00019194656033505453
625.0 0.0005018126557843061
626.0 0.0008116787284961902
627.0 0.000724295387044549
628.0 0.0006369123184413183
629.0 0.0005215606961428421
630.0 0.00040620925574330613
631.0 0.0010788055078592151
632.0 0.0017514015780761838
633.0 0.0015557263395749032
634.0 0.001360051282972563
635.0 0.0018210372218163684
636.0 0.0022820231606601737
637.0 0.002410052911727689
638.0 0.002538082298997324
639.0 0.0022422851543524303
640.0 0.0019464880097075365
641.0 0.0015918074495857581
642.0 0.00123712707136292
643.0 0.0007128932793420972
644.0 0.00018865948732127436
645.0 0.00015329059124269406
646.0 0.00011792162695201114
647.0 1.588486612212614e-10
648.0 1.588486612212614e-10
649.0 9.449306048736617e-05
650.0 0.00032971797736536246
651.0 0.0006488753115263535
652.0 0.0009680328730610199
653.0 0.0015118018382054288
654.0 0.0020555706214508973
655.0 0.0014835093679721467
656.0 0.0009114479325944558
657.0 0.0020940515241818503
658.0 0.0032766554795671254
659.0 0.00351661401509773
660.0 0.003756572914426215
661.0 0.003960739195463248
662.0 0.00416490547650028
663.0 0.0035344037314644083
664.0 0.002903902350226417
665.0 0.0026248040740028955
666.0 0.002345705433981493
667.0 0.0019680977857206017
668.0 0.0015904895917628892
669.0 0.0011799848834925797
670.0 0.0007694801752222702
671.0 0.0005713992777600652
672.0 0.0003733183120857575
673.0 0.0001417197836417472
674.0 1.588486612212614e-10
675.0 0.0002488644440745702
676.0 0.0005876077466382412
677.0 0.0011024180821550544
678.0 0.0016172287359950133
679.0 0.0018273505702381954
680.0 0.0020374720406834967
681.0 0.0026984422220266424
682.0 0.0033594122214708477
683.0 0.0047684010496595874
684.0 0.006177389877848327
685.0 0.006741383549524471
686.0 0.007305380859179422
687.0 0.007301570440176874
688.0 0.0072977600211743265
689.0 0.006432917143683881
690.0 0.005568075357587077
691.0 0.004968200664734468
692.0 0.004368325971881859
693.0 0.0036440062103793025
694.0 0.0029196857212809846
695.0 0.002516092899895739
696.0 0.0021125002604094334
697.0 0.001621717819944024
698.0 0.0011309355613775551
699.0 0.0008572948900109623
700.0 0.000583654036745429
701.0 0.0003278607664469746
702.0 7.206765531009296e-05
703.0 0.00029921588975412305
704.0 0.0005263643743091961
705.0 0.0006206124908203492
706.0 0.0007148607892304426
707.0 0.0008388124115299433
708.0 0.0009627637155062985
709.0 0.0007870941772125661
710.0 0.0006114244115451584
711.0 0.0008417414392170031
712.0 0.0010720581485657021
713.0 0.0009542924090055749
714.0 0.0008365267603949178
715.0 0.0008148734195856377
716.0 0.0007932201697258279
717.0 0.0007017320058366749
718.0 0.0006102437509980518
719.0 0.0005680733920598868
720.0 0.0005259029876469867
721.0 0.0006868529908388155
722.0 0.0008478030395053793
723.0 0.0006232314717635745
724.0 0.00039865990402176976
725.0 0.00014736697266926058
726.0 1.588486612212614e-10
727.0 0.00021032517452113098
728.0 0.0005245764896244509
729.0 0.0002111495632561855
730.0 1.588486612212614e-10
731.0 1.588486612212614e-10
732.0 1.588486612212614e-10
733.0 1.588486612212614e-10
734.0 1.588486612212614e-10
735.0 0.000283504255094158
736.0 0.0007615573849761859
737.0 0.0006431385372707155
738.0 0.0005247195986157749
739.0 0.0003644603111752076
740.0 0.0002042009100478026
741.0 0.0006726292667735834
742.0 0.001141057782660937
743.0 0.001392820013279561
744.0 0.0016445819710497744
745.0 0.002033014243352227
746.0 0.002421446333755739
747.0 0.0032163006835617125
748.0 0.004011155033367686
749.0 0.0036891102354275063
750.0 0.003367066165083088
751.0 0.0036982928577344865
752.0 0.004029519550385885
753.0 0.003259521326981485
754.0 0.002489522739779204
755.0 0.0024594550268375315
756.0 0.0024293876776937395
757.0 0.002057599886029493
758.0 0.0016858119124663062
759.0 0.0013024211511947215
760.0 0.0009190303899231367
761.0 0.0008970034286903683
762.0 0.0008749764674575999
763.0 0.0007326266313611995
764.0 0.0005902767497900641
765.0 0.0006524376658489928
766.0 0.0007145986273826566
767.0 0.0007204009762062924
768.0 0.0007262030976562528
769.0 0.0005867752861377085
770.0 0.0004473472017707536
771.0 0.0003493153599265497
772.0 0.000251283358920773
773.0 0.0003278183385191369
774.0 0.0004043532499053981
775.0 0.0003297795046819374
776.0 0.00025520573672110913
777.0 0.0005135332230565837
778.0 0.0007718604138062801
779.0 0.0008904727110348176
780.0 0.001009084917313885
781.0 0.0010483761798241176
782.0 0.0010876675332838204
783.0 0.0009001210855785757
784.0 0.0007125746378733311
785.0 0.0008701730621396564
786.0 0.001027771122608101
787.0 0.0010946200745820533
788.0 0.0011614688446570653
789.0 0.00104026703411364
790.0 0.0009190652235702146
791.0 0.0009402766409039032
792.0 0.0009614877853891812
793.0 0.000503738374391105
794.0 4.5988991814738256e-05
795.0 9.893500418911572e-05
796.0 0.00015188087445494602
797.0 0.00014063643902773038
798.0 0.00012939194675709587
799.0 2.118769373282703e-05
800.0 1.588486612212614e-10
801.0 1.588486612212614e-10
802.0 1.588486612212614e-10
803.0 7.188755830611626e-05
804.0 0.0005184371275390731
805.0 5.442921491294328e-06
806.0 1.588486612212614e-10
807.0 1.588486612212614e-10
808.0 1.588486612212614e-10
809.0 0.0001130750547417847
810.0 0.0006992656835791422
811.0 1.588486612212614e-10
812.0 1.588486612212614e-10
813.0 1.588486612212614e-10
814.0 0.0005761513875768287
815.0 0.0006496063178929035
816.0 0.0007230609298858326
817.0 0.00026046413950098213
818.0 1.588486612212614e-10
819.0 1.588486612212614e-10
820.0 1.588486612212614e-10
821.0 1.588486612212614e-10
822.0 1.588486612212614e-10
823.0 1.588486612212614e-10
824.0 1.588486612212614e-10
825.0 1.588486612212614e-10
826.0 1.588486612212614e-10
827.0 0.00010175619991059648
828.0 0.0004759407602250576
829.0 0.0004147471827309346
830.0 0.0003535539917720598
831.0 1.588486612212614e-10
832.0 1.588486612212614e-10
833.0 1.588486612212614e-10
834.0 1.588486612212614e-10
835.0 1.588486612212614e-10
836.0 1.588486612212614e-10
837.0 1.588486612212614e-10
838.0 1.588486612212614e-10
839.0 1.588486612212614e-10
840.0 1.588486612212614e-10
841.0 1.588486612212614e-10
842.0 1.588486612212614e-10
843.0 1.588486612212614e-10
844.0 4.559537956083659e-05
845.0 9.08042181890778e-05
846.0 0.0001360129772365326
847.0 6.461242492150632e-05
848.0 1.588486612212614e-10
849.0 7.576627467642538e-05
850.0 0.00015832056305953301
851.0 0.00029952957447676454
852.0 0.00044073867684346624
853.0 1.588486612212614e-10
854.0 1.588486612212614e-10
855.0 1.588486612212614e-10
856.0 1.588486612212614e-10
857.0 0.0002536070269343327
858.0 0.0008095881639746949
859.0 0.0005781438176200027
860.0 0.0003466994485279429
861.0 0.0005359215720091015
862.0 0.0007251435818034224
863.0 0.0008011547834030353
864.0 0.0008771657121542376
865.0 0.0014194543837220408
866.0 0.0019617427824414335
867.0 0.0017748698155628517
868.0 0.0015879972124821506
869.0 0.0014644626389781479
870.0 0.001340927974524675
871.0 0.0014148403352010064
872.0 0.0014887525139783975
873.0 0.0017374728486174718
874.0 0.0019861934561049566
875.0 0.0021043571905465797
876.0 0.002222521106887143
877.0 0.002192527063016314
878.0 0.002162533564842306
879.0 0.002280830085510388
880.0 0.0023991269699763507
