lsstCam/transmission_filter_detector/r22_s02/i_39/19700101T000000.ecsv
# %ECSV 1.0
# ---
# datatype:
# - {name: wavelength, unit: nm, datatype: float32}
# - {name: efficiency, unit: '%', datatype: float64}
# meta: !!omap
# - {MODE: DETECTOR}
# - {TYPE: transmission_filter_detector}
# - {CALIBDATE: '1970-01-01T00:00:00'}
# - {INSTRUME: LSSTCam}
# - {OBSTYPE: transmission_filter_detector}
# - {CALIBCLS: lsst.ip.isr.IntermediateFilterDetectorTransmissionCurve}
# - {SOURCE: Materion (DM-46256)}
# - {DETECTOR: 92}
# - {FILTER: i_39}
# - {CALIB_ID: 'calibDate=1970-01-01T00:00:00 filter=i_39 detector=92'}
# - {DATE: '2025-04-02T15:59:46.907061'}
# - {CALIB_CREATION_DATE: '2025-04-02'}
# - {CALIB_CREATION_TIME: '15:59:46'}
# - __serialized_columns__:
#     efficiency:
#       __class__: astropy.units.quantity.Quantity
#       unit: !astropy.units.Unit {unit: '%'}
#       value: !astropy.table.SerializedColumn {name: efficiency}
#     wavelength:
#       __class__: astropy.units.quantity.Quantity
#       unit: !astropy.units.Unit {unit: nm}
#       value: !astropy.table.SerializedColumn {name: wavelength}
# schema: astropy-2.0
wavelength efficiency
300.0 0.06742317928001285
301.0 0.029903891845606267
302.0 1.5800284258044028e-10
303.0 0.01613243657629937
304.0 0.03988023963756859
305.0 0.035237110569141805
306.0 0.030593984411098063
307.0 0.010524610115680844
308.0 1.5800284258044028e-10
309.0 1.5800284258044028e-10
310.0 1.5800284258044028e-10
311.0 7.2222043456804386e-06
312.0 0.007045984239084646
313.0 0.0025082059437409043
314.0 1.5800284258044028e-10
315.0 1.5800284258044028e-10
316.0 1.5800284258044028e-10
317.0 1.5800284258044028e-10
318.0 1.5800284258044028e-10
319.0 1.5800284258044028e-10
320.0 1.5800284258044028e-10
321.0 1.5800284258044028e-10
322.0 0.0015086570783751085
323.0 1.5800284258044028e-10
324.0 1.5800284258044028e-10
325.0 1.5800284258044028e-10
326.0 1.5800284258044028e-10
327.0 1.5800284258044028e-10
328.0 0.0026141917260247283
329.0 0.001494995376560837
330.0 0.0003757989361474756
331.0 0.0012861291907029226
332.0 0.0021964599000057206
333.0 0.002467642661940772
334.0 0.0027388252419768833
335.0 0.0025185852791764773
336.0 0.0022983458620728925
337.0 0.0026299750970792957
338.0 0.0029616041501867585
339.0 0.003032399581570644
340.0 0.0031031951948534697
341.0 1.5800284258044028e-10
342.0 1.5800284258044028e-10
343.0 1.5800284258044028e-10
344.0 1.5800284258044028e-10
345.0 1.5800284258044028e-10
346.0 1.5800284258044028e-10
347.0 1.5800284258044028e-10
348.0 1.5800284258044028e-10
349.0 1.5800284258044028e-10
350.0 1.5800284258044028e-10
351.0 1.5800284258044028e-10
352.0 0.00021229488993412815
353.0 1.5800284258044028e-10
354.0 1.5800284258044028e-10
355.0 1.5800284258044028e-10
356.0 1.5800284258044028e-10
357.0 0.0004040300609631231
358.0 0.0010423023013572674
359.0 0.0012311748832871672
360.0 0.001420047010469716
361.0 0.0010601802387100179
362.0 0.0007003135578997899
363.0 0.0003137424073429429
364.0 1.5800284258044028e-10
365.0 0.0007419549092446687
366.0 0.0015567389709758572
367.0 0.0008741586498217657
368.0 0.00019157851056661457
369.0 0.0006875809503981145
370.0 0.0011835834811790846
371.0 0.0011887984328495804
372.0 0.0011940134754695464
373.0 0.000992318928183522
374.0 0.0007906243808974978
375.0 1.5800284258044028e-10
376.0 1.5800284258044028e-10
377.0 1.5800284258044028e-10
378.0 0.00020051725186931435
379.0 6.301345933934499e-05
380.0 1.5800284258044028e-10
381.0 1.5800284258044028e-10
382.0 1.5800284258044028e-10
383.0 6.434269153032801e-05
384.0 0.0014445225133385975
385.0 0.0011644016922218725
386.0 0.0008842806892062072
387.0 1.5800284258044028e-10
388.0 1.5800284258044028e-10
389.0 1.5800284258044028e-10
390.0 1.5800284258044028e-10
391.0 1.5800284258044028e-10
392.0 1.5800284258044028e-10
393.0 1.5800284258044028e-10
394.0 0.00040771155909169465
395.0 1.5800284258044028e-10
396.0 1.5800284258044028e-10
397.0 1.5800284258044028e-10
398.0 1.5800284258044028e-10
399.0 1.5800284258044028e-10
400.0 1.5800284258044028e-10
401.0 0.002378436693106778
402.0 0.005000091914553195
403.0 0.004229755722917616
404.0 0.003459419895079918
405.0 0.004336051279096864
406.0 0.00521268266311381
407.0 0.0026200554202659987
408.0 2.7425164716987638e-05
409.0 0.0004687461114372127
410.0 0.0009100653187488206
411.0 0.0028542164727696218
412.0 0.004798368172487244
413.0 0.004101650119991973
414.0 0.003404933158890344
415.0 0.003240584919694811
416.0 0.0030762370442971587
417.0 0.0025133504095720127
418.0 0.001950463411048986
419.0 0.0038054928154451773
420.0 0.0056605222198413685
421.0 0.0048387679271399975
422.0 0.004017013270640746
423.0 0.004772753163706511
424.0 0.005528492692974396
425.0 0.004395534779177979
426.0 0.003262575773987919
427.0 0.003891501182806678
428.0 0.004520426955423318
429.0 0.0049619779019849375
430.0 0.0054035295761423185
431.0 0.0041617353417677805
432.0 0.002919941834989004
433.0 0.003371026468812488
434.0 0.003822111466433853
435.0 0.0028171076337457635
436.0 0.001812103801057674
437.0 0.001573729605297558
438.0 0.0013353555004869122
439.0 0.001921283001138363
440.0 0.002507210592739284
441.0 0.0008185724254872184
442.0 1.5800284258044028e-10
443.0 1.5800284258044028e-10
444.0 1.5800284258044028e-10
445.0 1.5800284258044028e-10
446.0 1.5800284258044028e-10
447.0 6.037412276782561e-05
448.0 0.0003257424850744428
449.0 1.5800284258044028e-10
450.0 1.5800284258044028e-10
451.0 0.000169447821463109
452.0 0.0011236827049287967
453.0 0.001460540352127282
454.0 0.0017973983631236479
455.0 0.001812874870665837
456.0 0.0018283515601069666
457.0 0.001201871236844454
458.0 0.0005753909135819413
459.0 0.0004163332050666213
460.0 0.00025727549655130133
461.0 0.0005018907813791884
462.0 0.0007465059752576053
463.0 0.00032526261293241987
464.0 1.5800284258044028e-10
465.0 0.00018157350041292375
466.0 0.0004591277502186131
467.0 0.0005887338829779765
468.0 0.0007183400612120749
469.0 0.0005678315574186854
470.0 0.00041732314457476605
471.0 0.000443842145614326
472.0 0.00047036119212862104
473.0 0.0009091100764635485
474.0 0.0013478591426974162
475.0 0.0008291248377645388
476.0 0.0003103908966295421
477.0 0.0007699891284573823
478.0 0.0012295875421841629
479.0 0.0012789857464667875
480.0 0.0013283841326483525
481.0 0.0025960514903999865
482.0 0.003863717574859038
483.0 0.005582718586083502
484.0 0.007301718869712204
485.0 0.008753240399528295
486.0 0.010204762656940147
487.0 0.012288110156077892
488.0 0.014371458382811397
489.0 0.01744872279232368
490.0 0.020525984291452914
491.0 0.022647387231700122
492.0 0.024768791627138853
493.0 0.0255248392932117
494.0 0.02628088986966759
495.0 0.02286425733473152
496.0 0.019447621889412403
497.0 0.015404680743813515
498.0 0.01136173596023582
499.0 0.008147408516379073
500.0 0.004933081436320208
501.0 0.003764307257370092
502.0 0.002595533078419976
503.0 0.002413537004031241
504.0 0.0022315405658446252
505.0 0.002121788202202879
506.0 0.002012036020460073
507.0 0.0018418108084006235
508.0 0.001671585596341174
509.0 0.0016632246115477756
510.0 0.0016548638086533174
511.0 0.0013798779946228024
512.0 0.0011048922715417575
513.0 0.0015764662748551928
514.0 0.002048040369118098
515.0 0.0025389248548890464
516.0 0.003029809522558935
517.0 0.002505865995772183
518.0 0.001981922468985431
519.0 0.0020164105080766603
520.0 0.0020508985471678898
521.0 0.0016455109289381653
522.0 0.001240123401657911
523.0 0.001299015639233403
524.0 0.001357907967758365
525.0 0.0019210538084735163
526.0 0.002484199467289727
527.0 0.002529505036363844
528.0 0.00257481042353902
529.0 0.0019781713490374386
530.0 0.0013815320016874466
531.0 0.0012968500413990114
532.0 0.0012121681720600463
533.0 0.0013597317774838302
534.0 0.0015072954738570843
535.0 0.0017294716599280946
536.0 0.001951647936948575
537.0 0.0027214222427573986
538.0 0.003491196548566222
539.0 0.004144356353208423
540.0 0.004797516521648504
541.0 0.005373599924496375
542.0 0.005949683327344246
543.0 0.005005099228583276
544.0 0.004060515129822306
545.0 0.0031695031793788075
546.0 0.002278492320328951
547.0 0.0018968965378007852
548.0 0.00151530102812103
549.0 0.0017331374692730606
550.0 0.0019509740013745613
551.0 0.0017109414329752326
552.0 0.001470908955525374
553.0 0.001362020611850312
554.0 0.00125313226817525
555.0 0.0010031545571109746
556.0 0.0007531766641477589
557.0 0.0007126475793484133
558.0 0.0006721185400238028
559.0 0.0003222894974896917
560.0 1.5800284258044028e-10
561.0 0.000724943311070092
562.0 0.0014774262126593385
563.0 0.001678380067460239
564.0 0.0018793338313116692
565.0 0.00143381766974926
566.0 0.0009883017810352612
567.0 0.0006616694463446038
568.0 0.00033503727081551915
569.0 0.0005018473075324437
570.0 0.0006686571396130603
571.0 0.0005275811872706981
572.0 0.0003865052804030711
573.0 0.00039350597944576293
574.0 0.00040050681491266005
575.0 0.0003588975005186512
576.0 0.00031728816338727484
577.0 0.00041065836740017403
578.0 0.0005040286396251759
579.0 0.00028334688977338374
580.0 6.266515129027539e-05
581.0 0.0001590057877365325
582.0 0.0002553464355514734
583.0 0.00041545858948666137
584.0 0.0005755706752097467
585.0 0.0006435378054447938
586.0 0.0007115051175787812
587.0 0.0008032759978959803
588.0 0.0008950468327384442
589.0 0.000694638401910197
590.0 0.0004942299710819498
591.0 0.0005969049652776448
592.0 0.00069958005042281
593.0 0.0005209986738918815
594.0 0.0003424172746235854
595.0 0.000608634582022205
596.0 0.0008748517757339869
597.0 0.0006947658675926505
598.0 0.0005146800958755193
599.0 0.0005091690127301263
600.0 0.0005036578841099981
601.0 0.00045390170271275565
602.0 0.0004041455213155132
603.0 0.00032954956168396166
604.0 0.0002549534883655724
605.0 0.00026775080641527893
606.0 0.00028054812446498545
607.0 0.00044963890104554594
608.0 0.0006187296094140038
609.0 0.000623397909293999
610.0 0.0006280659818003187
611.0 0.0007283804734470323
612.0 0.0008286950105684809
613.0 0.0005229871021583676
614.0 0.00021727926196035696
615.0 1.5800284258044028e-10
616.0 1.5800284258044028e-10
617.0 1.5800284258044028e-10
618.0 9.038184316523257e-05
619.0 0.0002620605528136366
620.0 0.00043373938751756214
621.0 0.0006036947524989955
622.0 0.0007736500265309587
623.0 0.0006331983968266286
624.0 0.0004927467216475634
625.0 0.0003969129920733394
626.0 0.0003010793079738505
627.0 0.00027600847261055605
628.0 0.00025093761450989405
629.0 0.00043030445340264123
630.0 0.000609671360507491
631.0 0.0005514568783837603
632.0 0.0004932423507852945
633.0 0.00042530491555226035
634.0 0.00035736743484449107
635.0 0.0003460686912148958
636.0 0.00033476985663583037
637.0 0.00032839682262419956
638.0 0.0003220236976630986
639.0 0.0006040012067387579
640.0 0.000885978624864947
641.0 0.0006482459866674617
642.0 0.00041051334846997634
643.0 0.0006396406206476968
644.0 0.0008687679837748874
645.0 0.0007620279120601481
646.0 0.0006552879312948789
647.0 0.0007709619239903986
648.0 0.0008866362804837991
649.0 0.000785341217124369
650.0 0.0006840462447144091
651.0 0.0009286436579714064
652.0 0.001173241253127344
653.0 0.0012774206879839767
654.0 0.0013816001228406094
655.0 0.0019642466213554144
656.0 0.0025468931198702194
657.0 0.0035800498153548688
658.0 0.004613204873749055
659.0 0.007362711039604619
660.0 0.044829354737885296
661.0 0.10466272942721844
662.0 0.10677403770387173
663.0 0.13389857485890388
664.0 0.14887468423694372
665.0 0.1728158793412149
666.0 0.19736755639314651
667.0 0.23252367973327637
668.0 0.29098375234752893
669.0 0.379790598526597
670.0 0.6268527824431658
671.0 0.8877066895365715
672.0 1.3979129493236542
673.0 2.0724816247820854
674.0 2.9396018013358116
675.0 4.015106707811356
676.0 5.171080678701401
677.0 6.566521525382996
678.0 8.105165511369705
679.0 9.753511846065521
680.0 11.99040561914444
681.0 14.316639304161072
682.0 16.917070746421814
683.0 19.811338186264038
684.0 22.836710512638092
685.0 25.717085599899292
686.0 28.71662974357605
687.0 32.09905922412872
688.0 35.62256395816803
689.0 39.38656449317932
690.0 43.76257658004761
691.0 48.588427901268005
692.0 54.20031547546387
693.0 59.90458130836487
694.0 66.159987449646
695.0 71.98031544685364
696.0 78.16995978355408
697.0 83.37268233299255
698.0 88.41401934623718
699.0 91.8468713760376
700.0 94.25270557403564
701.0 95.82096934318542
702.0 96.94035053253174
703.0 97.32080101966858
704.0 97.48507142066956
705.0 97.75197505950928
706.0 97.69243597984314
707.0 97.68418073654175
708.0 97.74851202964783
709.0 97.90955185890198
710.0 97.63169884681702
711.0 97.9679524898529
712.0 97.8340208530426
713.0 97.96361923217773
714.0 98.01095128059387
715.0 98.19161891937256
716.0 97.9643166065216
717.0 98.0999231338501
718.0 98.11903238296509
719.0 97.95887470245361
720.0 98.08470606803894
721.0 97.93055653572083
722.0 97.55008816719055
723.0 97.29121327400208
724.0 97.04435467720032
725.0 96.90486788749695
726.0 96.70220613479614
727.0 96.51485681533813
728.0 96.39630317687988
729.0 96.24025821685791
730.0 96.43822312355042
731.0 96.44361734390259
732.0 96.68353796005249
733.0 97.0801055431366
734.0 97.4196195602417
735.0 97.57781624794006
736.0 97.87362813949585
737.0 98.19923043251038
738.0 98.45117926597595
739.0 98.61688017845154
740.0 98.70299696922302
741.0 98.54618906974792
742.0 98.89355301856995
743.0 98.71189594268799
744.0 98.54456782341003
745.0 98.4903872013092
746.0 98.51434230804443
747.0 98.63301515579224
748.0 98.50847125053406
749.0 98.42108488082886
750.0 98.39937686920166
751.0 98.30629825592041
752.0 98.28916192054749
753.0 98.45191836357117
754.0 98.4085738658905
755.0 98.5991358757019
756.0 98.57144355773926
757.0 98.64670038223267
758.0 98.62408638000488
759.0 98.73416423797607
760.0 98.61749410629272
761.0 98.54437112808228
762.0 98.67641925811768
763.0 98.52924346923828
764.0 98.47860336303711
765.0 98.50960969924927
766.0 98.39468598365784
767.0 98.14284443855286
768.0 98.19797277450562
769.0 98.15234541893005
770.0 97.8790819644928
771.0 97.90619611740112
772.0 97.88509607315063
773.0 97.8015661239624
774.0 97.66904711723328
775.0 97.7398157119751
776.0 97.68550395965576
777.0 97.88597226142883
778.0 97.87493944168091
779.0 98.02932739257812
780.0 98.07243943214417
781.0 98.41029047966003
782.0 98.4231948852539
783.0 98.4742820262909
784.0 98.45007658004761
785.0 98.53236079216003
786.0 98.68261814117432
787.0 98.44249486923218
788.0 98.45258593559265
789.0 98.5329806804657
790.0 98.39597940444946
791.0 98.43069314956665
792.0 98.26056361198425
793.0 98.22513461112976
794.0 98.09747338294983
795.0 97.87752628326416
796.0 97.87130951881409
797.0 97.87655472755432
798.0 97.77743220329285
799.0 97.66316413879395
800.0 97.42305278778076
801.0 97.36366868019104
802.0 97.04909920692444
803.0 96.53869271278381
804.0 95.76715230941772
805.0 94.74940299987793
806.0 93.75226497650146
807.0 92.04427003860474
808.0 90.05968570709229
809.0 87.93749213218689
810.0 85.30204892158508
811.0 82.21704959869385
812.0 78.64266633987427
813.0 74.70433712005615
814.0 70.30907273292542
815.0 65.86654782295227
816.0 61.469000577926636
817.0 56.72880411148071
818.0 51.98321342468262
819.0 47.90877103805542
820.0 43.13918352127075
821.0 38.73170018196106
822.0 34.27489995956421
823.0 29.580605030059814
824.0 24.888454377651215
825.0 20.603057742118835
826.0 16.23765379190445
827.0 11.964896321296692
828.0 8.463668078184128
829.0 5.648339167237282
830.0 3.332678973674774
831.0 2.06338781863451
832.0 1.1692444793879986
833.0 0.6690444890409708
834.0 0.35964157432317734
835.0 0.1814495655708015
836.0 0.13458635658025742
837.0 0.12531422544270754
838.0 0.007487957191187888
839.0 0.013405544450506568
840.0 0.02807615092024207
841.0 0.013940760982222855
842.0 1.5800284258044028e-10
843.0 1.5800284258044028e-10
844.0 1.5800284258044028e-10
845.0 1.5800284258044028e-10
846.0 1.5800284258044028e-10
847.0 1.5800284258044028e-10
848.0 1.5800284258044028e-10
849.0 0.014143087901175022
850.0 1.5800284258044028e-10
851.0 1.5800284258044028e-10
852.0 0.0005994815637677675
853.0 0.0008897881343727931
854.0 0.0011800949323514942
855.0 0.0009654683708504308
856.0 0.0007508418548241025
857.0 0.0007705795724177733
858.0 0.0007903170626377687
859.0 0.000458334625363932
860.0 0.00012635211987799266
861.0 0.00016477443978146766
862.0 0.00020319664599810494
863.0 5.676931209563918e-05
864.0 1.5800284258044028e-10
865.0 1.5800284258044028e-10
866.0 1.5800284258044028e-10
867.0 1.5800284258044028e-10
868.0 1.2254476189355046e-05
869.0 1.5800284258044028e-10
870.0 1.5800284258044028e-10
871.0 1.5800284258044028e-10
872.0 0.00014763862736799638
873.0 0.00022893350433150772
874.0 0.00031022834718896775
875.0 0.00029125253604433965
876.0 0.0002722767476370791
877.0 1.5800284258044028e-10
878.0 1.5800284258044028e-10
879.0 1.5800284258044028e-10
880.0 0.00033440260267525446
881.0 0.0001281298750654969
882.0 1.5800284258044028e-10
883.0 9.708106745165423e-05
884.0 0.00027230498744756915
885.0 0.00015291283261831268
886.0 3.352068063122715e-05
887.0 7.364332645920513e-05
888.0 0.00011376597512935405
889.0 9.79620935481762e-06
890.0 1.5800284258044028e-10
891.0 1.0632753344452794e-05
892.0 0.00011543904747668421
893.0 0.0002094010369546595
894.0 0.00030336304917000234
