lsstCam/transmission_filter_detector/r22_s02/i_39/19700101T000000.ecsv
# %ECSV 1.0
# ---
# datatype:
# - {name: wavelength, unit: nm, datatype: float32}
# - {name: efficiency, unit: '%', datatype: float64}
# meta: !!omap
# - {MODE: DETECTOR}
# - {TYPE: transmission_filter_detector}
# - {CALIBDATE: '1970-01-01T00:00:00'}
# - {INSTRUME: LSSTCam}
# - {OBSTYPE: transmission_filter_detector}
# - {CALIBCLS: lsst.ip.isr.IntermediateFilterDetectorTransmissionCurve}
# - {SOURCE: Materion (DM-46256)}
# - {DETECTOR: 92}
# - {FILTER: i_39}
# - {CALIB_ID: 'calibDate=1970-01-01T00:00:00 filter=i_39 detector=92'}
# - {DATE: '2025-04-02T15:59:46.907061'}
# - {CALIB_CREATION_DATE: '2025-04-02'}
# - {CALIB_CREATION_TIME: '15:59:46'}
# - __serialized_columns__:
#     efficiency:
#       __class__: astropy.units.quantity.Quantity
#       unit: !astropy.units.Unit {unit: '%'}
#       value: !astropy.table.SerializedColumn {name: efficiency}
#     wavelength:
#       __class__: astropy.units.quantity.Quantity
#       unit: !astropy.units.Unit {unit: nm}
#       value: !astropy.table.SerializedColumn {name: wavelength}
# schema: astropy-2.0
wavelength efficiency
[from data line 596]
896.0 1.5800284258044028e-10
897.0 1.5800284258044028e-10
898.0 1.5800284258044028e-10
899.0 1.5800284258044028e-10
900.0 1.5800284258044028e-10
901.0 1.5800284258044028e-10
902.0 1.5800284258044028e-10
903.0 1.5800284258044028e-10
904.0 1.5800284258044028e-10
905.0 1.5800284258044028e-10
906.0 1.5800284258044028e-10
907.0 5.248622301223804e-05
908.0 0.00018865357560571283
909.0 1.5800284258044028e-10
910.0 1.5800284258044028e-10
911.0 1.5800284258044028e-10
912.0 3.122424629964371e-05
913.0 7.995412829586712e-05
914.0 0.0001286840074499196
915.0 8.313055843700567e-06
916.0 1.5800284258044028e-10
917.0 1.5800284258044028e-10
918.0 1.5800284258044028e-10
919.0 1.5800284258044028e-10
920.0 6.943010077975487e-06
921.0 1.5800284258044028e-10
922.0 1.5800284258044028e-10
923.0 1.5800284258044028e-10
924.0 1.5800284258044028e-10
925.0 0.00011966833426413359
926.0 0.00027526982648851117
927.0 1.2019937400964409e-05
928.0 1.5800284258044028e-10
929.0 1.5800284258044028e-10
930.0 0.00016796238924143836
931.0 0.00015865284694882575
932.0 0.0001493432819188456
933.0 0.0001592665853422659
934.0 0.00016918993424042128
935.0 1.5800284258044028e-10
936.0 1.5800284258044028e-10
937.0 1.5800284258044028e-10
938.0 1.5800284258044028e-10
939.0 1.5800284258044028e-10
940.0 1.5800284258044028e-10
941.0 1.5800284258044028e-10
942.0 1.5800284258044028e-10
943.0 1.5800284258044028e-10
944.0 1.5800284258044028e-10
945.0 1.5800284258044028e-10
946.0 1.5800284258044028e-10
947.0 1.5800284258044028e-10
948.0 1.5800284258044028e-10
949.0 1.5800284258044028e-10
950.0 1.5800284258044028e-10
951.0 1.5800284258044028e-10
952.0 1.5800284258044028e-10
953.0 1.5800284258044028e-10
954.0 1.5800284258044028e-10
955.0 1.2739549504203751e-05
956.0 0.00016466921124447254
957.0 0.00013777149661109434
958.0 0.0001108737137656135
959.0 0.00013678219374924083
960.0 0.00016269068510155194
961.0 0.0001646044552217063
962.0 0.00016651824807922821
963.0 8.196700491680531e-05
964.0 1.5800284258044028e-10
965.0 1.5800284258044028e-10
966.0 1.5800284258044028e-10
967.0 1.5800284258044028e-10
968.0 1.5800284258044028e-10
969.0 1.5800284258044028e-10
970.0 1.5800284258044028e-10
971.0 1.5800284258044028e-10
972.0 1.5800284258044028e-10
973.0 1.5800284258044028e-10
974.0 7.41272685900185e-05
975.0 1.834859943983247e-05
976.0 1.5800284258044028e-10
977.0 1.5800284258044028e-10
978.0 1.5800284258044028e-10
979.0 1.5800284258044028e-10
980.0 1.5800284258044028e-10
981.0 1.5800284258044028e-10
982.0 1.5800284258044028e-10
983.0 1.5800284258044028e-10
984.0 1.5800284258044028e-10
985.0 0.0001484926201555936
986.0 0.0003129367087240098
987.0 8.559895263715589e-05
988.0 1.5800284258044028e-10
989.0 1.5800284258044028e-10
990.0 1.5800284258044028e-10
991.0 1.5800284258044028e-10
992.0 1.5800284258044028e-10
993.0 1.5800284258044028e-10
994.0 1.0540928485625045e-05
995.0 1.5800284258044028e-10
996.0 1.5800284258044028e-10
997.0 1.5800284258044028e-10
998.0 0.0002491560280759586
999.0 0.0003170026275256532
1000.0 0.00038484918150061276
1001.0 0.00023872669316915562
1002.0 9.260414230993774e-05
1003.0 8.628575187685783e-05
1004.0 7.996737849680358e-05
1005.0 1.650045078349649e-05
1006.0 1.5800284258044028e-10
1007.0 7.74049397023191e-05
1008.0 0.00020177642454655143
1009.0 0.00013124158613209147
1010.0 6.0706702242896426e-05
1011.0 0.00011798598507084535
1012.0 0.00017526522242405917
1013.0 0.00029717871257162187
1014.0 0.00041909224819391966
1015.0 0.0003656177568700514
1016.0 0.00031214333375828573
1017.0 0.00040430913941236213
1018.0 0.0004964750132785412
1019.0 0.0004059102138853632
1020.0 0.0003153453462800826
1021.0 0.000237597532759537
1022.0 0.00015984971923899138
1023.0 0.0004548475772025995
1024.0 0.0007498454579035752
1025.0 0.0006131595455372008
1026.0 0.00047647358769609127
1027.0 0.00044070384319638833
1028.0 0.0004049340986966854
1029.0 0.0008320747838297393
1030.0 0.0012592154234880581
1031.0 0.0018169781469623558
1032.0 0.002374740688537713
1033.0 0.002577187660790514
1034.0 0.002779634087346494
1035.0 0.003337608723086305
1036.0 0.0038955826312303543
1037.0 0.003963750714319758
1038.0 0.004031918433611281
1039.0 0.0035618770198198035
1040.0 0.0030918359698262066
1041.0 0.0029320312023628503
1042.0 0.0027722266167984344
1043.0 0.0032277715945383534
1044.0 0.003683316390379332
1045.0 0.003246523192501627
1046.0 0.002809730176522862
1047.0 0.0025734454538905993
1048.0 0.002337161095056217
1049.0 0.002031632902799174
1050.0 0.0017261048924410716
1051.0 0.0018688208001549356
1052.0 0.0020115370716666803
1053.0 0.0013673874491360039
1054.0 0.0007232377811305923
1055.0 0.0005458819941850379
1056.0 0.0003685261617647484
1057.0 0.0005878793672309257
1058.0 0.0008072327545960434
1059.0 0.0008546845492674038
1060.0 0.0009021366167871747
1061.0 0.0015852372598601505
1062.0 0.002268337811983656
1063.0 0.0026860785510507412
1064.0 0.0031038194720167667
1065.0 0.003389414632692933
1066.0 0.00367501015716698
1067.0 0.004432591958902776
1068.0 0.005190173760638572
1069.0 0.004265380994183943
1070.0 0.0033405878639314324
1071.0 0.0033239692129427567
1072.0 0.0033073498343583196
1073.0 0.003614132947404869
1074.0 0.0039209156966535375
1075.0 0.0036984481994295493
1076.0 0.003475981066003442
1077.0 0.002816831874952186
1078.0 0.0021576825020019896
1079.0 0.001997328217839822
1080.0 0.001836974115576595
1081.0 0.0011428812285885215
1082.0 0.00044878843254991807
1083.0 9.202301498589804e-05
1084.0 1.5800284258044028e-10
1085.0 0.0006612147444684524
1086.0 0.001587172482686583
1087.0 0.0010615060091367923
1088.0 0.000535839762960677
1089.0 1.5800284258044028e-10
1090.0 1.5800284258044028e-10
1091.0 1.5800284258044028e-10
1092.0 1.5800284258044028e-10
1093.0 1.5800284258044028e-10
1094.0 0.0005258840701571899
1095.0 0.0002940384092653403
1096.0 6.219286774467037e-05
1097.0 1.5800284258044028e-10
1098.0 1.5800284258044028e-10
1099.0 1.5800284258044028e-10
1100.0 1.5800284258044028e-10
