lsstCam/transmission_filter_detector/r34_s11/y_10/19700101T000000.ecsv
# %ECSV 1.0
# ---
# datatype:
# - {name: wavelength, unit: nm, datatype: float32}
# - {name: efficiency, unit: '%', datatype: float64}
# meta: !!omap
# - {MODE: DETECTOR}
# - {TYPE: transmission_filter_detector}
# - {CALIBDATE: '1970-01-01T00:00:00'}
# - {INSTRUME: LSSTCam}
# - {OBSTYPE: transmission_filter_detector}
# - {CALIBCLS: lsst.ip.isr.IntermediateFilterDetectorTransmissionCurve}
# - {SOURCE: Materion (DM-46256)}
# - {DETECTOR: 157}
# - {FILTER: y_10}
# - {CALIB_ID: 'calibDate=1970-01-01T00:00:00 filter=y_10 detector=157'}
# - {DATE: '2025-04-02T15:59:51.470951'}
# - {CALIB_CREATION_DATE: '2025-04-02'}
# - {CALIB_CREATION_TIME: '15:59:51'}
# - __serialized_columns__:
#     efficiency:
#       __class__: astropy.units.quantity.Quantity
#       unit: !astropy.units.Unit {unit: '%'}
#       value: !astropy.table.SerializedColumn {name: efficiency}
#     wavelength:
#       __class__: astropy.units.quantity.Quantity
#       unit: !astropy.units.Unit {unit: nm}
#       value: !astropy.table.SerializedColumn {name: wavelength}
# schema: astropy-2.0
wavelength efficiency
[from data line 578]
878.0 0.002527080323488917
879.0 0.0018693039237405173
880.0 0.0511569669470191
881.0 0.08756405441090465
882.0 0.06053271936252713
883.0 0.0698752817697823
884.0 0.057053251657634974
885.0 0.10086746187880635
886.0 0.05446159630082548
887.0 0.095102604245767
888.0 0.07630817126482725
889.0 0.08740094490349293
890.0 0.06580861518159509
891.0 0.07983065443113446
892.0 0.0659990357235074
893.0 0.10269999038428068
894.0 0.07025727536529303
895.0 0.09181496570818126
896.0 0.06309531163424253
897.0 0.0940472527872771
898.0 0.07222137064673007
899.0 0.11475780047476292
900.0 0.08310094708576798
901.0 0.1208364381454885
902.0 0.1351943938061595
903.0 0.13965765247121453
904.0 0.14959685504436493
905.0 0.18642502836883068
906.0 0.20126155577600002
907.0 0.2475429093465209
908.0 0.3202416002750397
909.0 0.4103702027350664
910.0 0.542684318497777
911.0 0.738822715356946
912.0 1.0486206971108913
913.0 1.5815220773220062
914.0 2.233804017305374
915.0 3.2701659947633743
916.0 4.63770255446434
917.0 6.272128224372864
918.0 8.2892045378685
919.0 10.361941903829575
920.0 13.330844044685364
921.0 16.467995941638947
922.0 19.56595778465271
923.0 23.078927397727966
924.0 26.85970962047577
925.0 30.984365940093994
926.0 36.184877157211304
927.0 42.02236533164978
928.0 47.59186804294586
929.0 53.821754455566406
930.0 59.74787473678589
931.0 65.94328284263611
932.0 72.00672030448914
933.0 77.65631079673767
934.0 82.19791054725647
935.0 85.79948544502258
936.0 88.8131320476532
937.0 91.17080569267273
938.0 92.88472533226013
939.0 93.96781325340271
940.0 94.7369933128357
941.0 95.20338177680969
942.0 95.67822217941284
943.0 95.90602517127991
944.0 96.38813734054565
945.0 96.47929668426514
946.0 96.67707681655884
947.0 96.84374332427979
948.0 96.99638485908508
949.0 96.92345261573792
950.0 97.03355431556702
951.0 96.99129462242126
952.0 97.0648467540741
953.0 97.19351530075073
954.0 97.19630479812622
955.0 97.28564620018005
956.0 97.44541049003601
957.0 97.61691689491272
958.0 97.82430529594421
959.0 97.95507192611694
960.0 98.11493754386902
961.0 98.26383590698242
962.0 98.35965037345886
963.0 98.44805598258972
964.0 98.53008985519409
965.0 98.57990145683289
966.0 98.6776351928711
967.0 98.7538754940033
968.0 98.75423908233643
969.0 98.76821041107178
970.0 98.82245659828186
971.0 98.85854721069336
972.0 98.89559149742126
973.0 98.95287752151489
974.0 98.97592067718506
975.0 98.95493984222412
976.0 99.02433753013611
977.0 98.98739457130432
978.0 99.06898140907288
979.0 99.01028871536255
980.0 99.01039004325867
981.0 98.98242354393005
982.0 98.89734387397766
983.0 98.95222187042236
984.0 98.90356659889221
985.0 98.90294671058655
986.0 98.79397749900818
987.0 98.82229566574097
988.0 98.68512749671936
989.0 98.6866295337677
990.0 98.60587120056152
991.0 98.64897727966309
992.0 98.62819910049438
993.0 98.5833466053009
994.0 98.53415489196777
995.0 98.5854983329773
996.0 98.56892228126526
997.0 98.66839647293091
998.0 98.70545268058777
999.0 98.71896505355835
1000.0 98.78541231155396
1001.0 98.75210523605347
1002.0 98.86844754219055
1003.0 98.9202082157135
1004.0 99.01633858680725
1005.0 98.94497394561768
1006.0 99.11439418792725
1007.0 99.11879301071167
1008.0 99.07909631729126
1009.0 99.03983473777771
1010.0 99.07040596008301
1011.0 99.11661744117737
1012.0 98.99225234985352
1013.0 99.0239143371582
1014.0 99.00588393211365
1015.0 98.90518188476562
1016.0 98.9392101764679
1017.0 98.9432692527771
1018.0 98.9690363407135
1019.0 98.84761571884155
1020.0 98.92545938491821
1021.0 99.05033707618713
1022.0 98.93249273300171
1023.0 98.92615675926208
1024.0 98.91153573989868
1025.0 98.88286590576172
1026.0 98.92187118530273
1027.0 99.02551770210266
1028.0 98.97944331169128
1029.0 99.0430235862732
1030.0 99.09734725952148
1031.0 99.04826283454895
1032.0 99.05887246131897
1033.0 99.03878569602966
1034.0 99.07535314559937
1035.0 99.13237690925598
1036.0 99.08649325370789
1037.0 99.08838868141174
1038.0 99.02113080024719
1039.0 99.04155731201172
1040.0 98.92846941947937
1041.0 98.95382523536682
1042.0 98.98135662078857
1043.0 98.86723160743713
1044.0 98.95264506340027
1045.0 98.684161901474
1046.0 98.90233874320984
1047.0 98.72009754180908
1048.0 98.75692129135132
1049.0 98.65981936454773
1050.0 98.7038254737854
1051.0 98.64314794540405
1052.0 98.68371486663818
1053.0 98.54594469070435
1054.0 98.77492785453796
1055.0 98.85988235473633
1056.0 98.77585172653198
1057.0 98.85079264640808
1058.0 98.59562516212463
1059.0 98.74829053878784
1060.0 98.78739714622498
1061.0 98.74963760375977
1062.0 98.7695574760437
1063.0 98.74446392059326
1064.0 99.01159405708313
1065.0 98.90285134315491
1066.0 98.90962243080139
1067.0 99.03038144111633
1068.0 98.8804817199707
1069.0 98.71178865432739
1070.0 99.08164739608765
1071.0 98.74576330184937
1072.0 98.98494482040405
1073.0 99.10299777984619
1074.0 98.79646301269531
1075.0 98.71665239334106
1076.0 98.51175546646118
1077.0 98.81917238235474
1078.0 99.06034469604492
1079.0 98.53171110153198
1080.0 99.30755496025085
1081.0 98.77423644065857
1082.0 98.57621788978577
1083.0 98.60303997993469
1084.0 98.86721968650818
1085.0 98.81744384765625
1086.0 98.66068363189697
1087.0 98.59857559204102
1088.0 98.60934019088745
1089.0 98.31637144088745
1090.0 98.60758781433105
1091.0 98.52011799812317
1092.0 98.59338998794556
1093.0 98.53737950325012
1094.0 98.43875169754028
1095.0 98.16974997520447
1096.0 98.46038818359375
1097.0 98.50962162017822
1098.0 97.76641130447388
1099.0 98.70643615722656
1100.0 98.29290509223938
