lsstCam/transmission_filter_detector/r34_s11/y_10/19700101T000000.ecsv
# %ECSV 1.0
# ---
# datatype:
# - {name: wavelength, unit: nm, datatype: float32}
# - {name: efficiency, unit: '%', datatype: float64}
# meta: !!omap
# - {MODE: DETECTOR}
# - {TYPE: transmission_filter_detector}
# - {CALIBDATE: '1970-01-01T00:00:00'}
# - {INSTRUME: LSSTCam}
# - {OBSTYPE: transmission_filter_detector}
# - {CALIBCLS: lsst.ip.isr.IntermediateFilterDetectorTransmissionCurve}
# - {SOURCE: Materion (DM-46256)}
# - {DETECTOR: 157}
# - {FILTER: y_10}
# - {CALIB_ID: 'calibDate=1970-01-01T00:00:00 filter=y_10 detector=157'}
# - {DATE: '2025-04-02T15:59:51.470951'}
# - {CALIB_CREATION_DATE: '2025-04-02'}
# - {CALIB_CREATION_TIME: '15:59:51'}
# - __serialized_columns__:
#     efficiency:
#       __class__: astropy.units.quantity.Quantity
#       unit: !astropy.units.Unit {unit: '%'}
#       value: !astropy.table.SerializedColumn {name: efficiency}
#     wavelength:
#       __class__: astropy.units.quantity.Quantity
#       unit: !astropy.units.Unit {unit: nm}
#       value: !astropy.table.SerializedColumn {name: wavelength}
# schema: astropy-2.0
wavelength efficiency
300.0 0.021964777261018753
301.0 0.021436151291709393
302.0 0.020907522412016988
303.0 0.016367588250432163
304.0 0.011827650450868532
305.0 0.010150657908525318
306.0 0.008473660273011774
307.0 0.00897290010470897
308.0 0.009472139936406165
309.0 0.007823728083167225
310.0 0.0061753191403113306
311.0 0.004481175710679963
312.0 0.0027870326448464766
313.0 0.004785042256116867
314.0 0.006783052231185138
315.0 0.004573750265990384
316.0 0.0023644472094019875
317.0 0.0029894594263168983
318.0 0.0036144712794339284
319.0 0.0020572282664943486
320.0 0.0004999850716558285
321.0 0.0011712279047060292
322.0 0.0018424709196551703
323.0 0.003088678204221651
324.0 0.004334885670687072
325.0 0.0035375895095057786
326.0 0.0027402935302234255
327.0 0.003529620880726725
328.0 0.004318947685533203
329.0 0.004147760773776099
330.0 0.003976573862018995
331.0 0.0029811577405780554
332.0 0.001985742346732877
333.0 0.0027023250368074514
334.0 0.003418907363084145
335.0 0.0024776580175966956
336.0 0.0015364081264124252
337.0 0.0017090087567339651
338.0 0.0018816092051565647
339.0 0.0018725031623034738
340.0 0.0018633971194503829
341.0 0.0012990442883165088
342.0 0.0007346913207584294
343.0 0.0008602999514550902
344.0 0.000985908536677016
345.0 0.00100842571555404
346.0 0.001030942894431064
347.0 0.0012098144907213282
348.0 0.0013886860870115925
349.0 0.001211400103784399
350.0 0.0010341141205572058
351.0 0.0011479808563308325
352.0 0.0012618476830539294
353.0 0.0012920168956043199
354.0 0.0013221858353062999
355.0 0.001386625717714196
356.0 0.0014510655091726221
357.0 0.0011708320926118176
358.0 0.0008905989488994237
359.0 0.000844549504108727
360.0 0.0007985003321664408
361.0 0.0007683654985157773
362.0 0.0007382307103398489
363.0 0.0008469173735647928
364.0 0.0009556039913150016
365.0 0.001176747082354268
366.0 0.0013978903552924749
367.0 0.0019318293198011816
368.0 0.0024657678295625374
369.0 0.002070985283353366
370.0 0.0016762032828410156
371.0 0.0016718036931706592
372.0 0.0016674042853992432
373.0 0.0018669372366275638
374.0 0.002066470005956944
375.0 0.0030066314138821326
376.0 0.003946792639908381
377.0 0.004043703302158974
378.0 0.004140613964409567
379.0 0.0037961570342304185
380.0 0.0034517001040512696
381.0 0.0027965843401034363
382.0 0.002141468576155603
383.0 0.001618983515072614
384.0 0.0010964981811412144
385.0 0.0009529312592349015
386.0 0.0008093646101769991
387.0 0.0005417060037871124
388.0 0.0002740474883466959
389.0 0.00043965073928120546
390.0 0.000605253990215715
391.0 0.000543841861144756
392.0 0.0004824297320737969
393.0 0.0005774167675554054
394.0 0.0006724037120875437
395.0 0.0006457067229348468
396.0 0.0006190095973579446
397.0 0.0007281251782842446
398.0 0.0008372407137358095
399.0 0.0009299381417804398
400.0 0.0010226356607745402
401.0 0.0013663975551025942
402.0 0.0017101594494306482
403.0 0.0017800575733417645
404.0 0.0018499556972528808
405.0 0.00173526605067309
406.0 0.0016205765859922394
407.0 0.0016706291717127897
408.0 0.00172068175743334
409.0 0.0013854061762685888
410.0 0.0010501305951038375
411.0 0.0008821951269055717
412.0 0.0007142594768083654
413.0 0.0011529726180015132
414.0 0.0015916859410936013
415.0 0.0012120693099859636
416.0 0.0008324522241309751
417.0 0.00039012898014334496
418.0 1.6826518477175423e-10
419.0 7.366266459030157e-05
420.0 0.0001995197180804098
421.0 0.000519571312906919
422.0 0.0008396229532081634
423.0 0.0007476517566828988
424.0 0.0006556805146828992
425.0 0.0003441548642513226
426.0 3.262928203184856e-05
427.0 0.0005198050075705396
428.0 0.0010069808013213333
429.0 0.0004772712600242812
430.0 1.6826518477175423e-10
431.0 1.6826518477175423e-10
432.0 1.6826518477175423e-10
433.0 1.6826518477175423e-10
434.0 1.6826518477175423e-10
435.0 1.6826518477175423e-10
436.0 0.0001731801376081421
437.0 3.2904884506024246e-05
438.0 1.6826518477175423e-10
439.0 0.00014930486713637947
440.0 0.00040598006307845935
441.0 0.0004103452738490887
442.0 0.0004147107119933935
443.0 0.0004496847395785153
444.0 0.0004846587671636371
445.0 0.00023257416614796966
446.0 1.6826518477175423e-10
447.0 0.0003765559085877612
448.0 0.0007726223884674255
449.0 0.0002634965767356334
450.0 1.6826518477175423e-10
451.0 1.6826518477175423e-10
452.0 8.836007623358455e-05
453.0 2.891916608405154e-05
454.0 1.6826518477175423e-10
455.0 0.00044969460759602953
456.0 0.0009299110388383269
457.0 0.000390435252484167
458.0 1.6826518477175423e-10
459.0 1.6826518477175423e-10
460.0 1.6826518477175423e-10
461.0 1.1735161109527326e-05
462.0 0.00032002460557123413
463.0 0.00045751885409117676
464.0 0.0005950130798737518
465.0 0.0005745548605773365
466.0 0.0005540967322303914
467.0 0.0007436919986503199
468.0 0.0009332873560197186
469.0 0.0014010358427185565
470.0 0.0018687844203668647
471.0 0.002027753544098232
472.0 0.002186722485930659
473.0 0.002322967156942468
474.0 0.0024592118279542774
475.0 0.002903003405663185
476.0 0.003346795347169973
477.0 0.003160957567160949
478.0 0.0029751194233540446
479.0 0.003093122722930275
480.0 0.0032111260225065053
481.0 0.0037873822293477133
482.0 0.004363638799986802
483.0 0.004136233110330068
484.0 0.003908827420673333
485.0 0.00358346187567804
486.0 0.003258096330682747
487.0 0.003064630800508894
488.0 0.002871165270335041
489.0 0.0025202522010658868
490.0 0.0021693391317967325
491.0 0.0020399013010319322
492.0 0.0019104632883681916
493.0 0.0017833222955232486
494.0 0.001656180938880425
495.0 0.0016800928278826177
496.0 0.0017040045349858701
497.0 0.0015976773283910006
498.0 0.0014913501217961311
499.0 0.0017594944438314997
500.0 0.0020276389477658086
501.0 0.0023150047127273865
502.0 0.002602370841486845
503.0 0.0026406196411699057
504.0 0.002678868440852966
505.0 0.0026270621674484573
506.0 0.002575256075942889
507.0 0.0024927290724008344
508.0 0.00241020206885878
509.0 0.002140177457476966
510.0 0.0018701530279940926
511.0 0.0015973484551068395
512.0 0.0013245437912701163
513.0 0.001705417707853485
514.0 0.0020862917153863236
515.0 0.0015062993043102324
516.0 0.0009263068932341412
517.0 0.0012090852578694467
518.0 0.0014918637134542223
519.0 0.001248722674063174
520.0 0.001005581725621596
521.0 0.0011765934686991386
522.0 0.0013476050298777409
523.0 0.001543923826829996
524.0 0.0017402422599843703
525.0 0.001970851189980749
526.0 0.002201460301876068
527.0 0.0021844512957613915
528.0 0.0021674424715456553
529.0 0.0023626425900147296
530.0 0.002557842708483804
531.0 0.0024121645765262656
532.0 0.002266486444568727
533.0 0.0020709101590909995
534.0 0.0018753340555122122
535.0 0.0017889673472382128
536.0 0.0017026006389642134
537.0 0.0017673030015430413
538.0 0.0018320053641218692
539.0 0.0022375677872332744
540.0 0.0026431302103446797
541.0 0.00324222601193469
542.0 0.0038413218135247007
543.0 0.00418526578869205
544.0 0.004529209763859399
545.0 0.00467990139441099
546.0 0.004830592661164701
547.0 0.004404999708640389
548.0 0.003979406392318197
549.0 0.0033979264117078856
550.0 0.002816446249198634
551.0 0.002625315755722113
552.0 0.002434184898447711
553.0 0.0025748639018274844
554.0 0.002715543087106198
555.0 0.0033401749533368275
556.0 0.003964806819567457
557.0 0.003952885163016617
558.0 0.003940963506465778
559.0 0.003849165659630671
560.0 0.003757367448997684
561.0 0.003795657175942324
562.0 0.0038339469028869644
563.0 0.003465185363893397
564.0 0.0030964245524955913
565.0 0.0033920008718268946
566.0 0.0036875775549560785
567.0 0.003990180630353279
568.0 0.004292784069548361
569.0 0.005094911830383353
570.0 0.005897039591218345
571.0 0.006370281334966421
572.0 0.006843523442512378
573.0 0.00679076329106465
574.0 0.00673800241202116
575.0 0.00657765704090707
576.0 0.006417312397388741
577.0 0.005744243389926851
578.0 0.00507117438246496
579.0 0.005184585097595118
580.0 0.005297995085129514
581.0 0.006016483166604303
582.0 0.00673497052048333
583.0 0.008087889000307769
584.0 0.009440808207727969
585.0 0.010077815386466682
586.0 0.010714822565205395
587.0 0.010676195961423218
588.0 0.010637571540428326
589.0 0.010622743866406381
590.0 0.010607918375171721
591.0 0.009883452003123239
592.0 0.009158984175883234
593.0 0.007832447590772063
594.0 0.006505913188448176
595.0 0.005947138924966566
596.0 0.00538836648047436
597.0 0.0055619912018300965
598.0 0.0057356162869837135
599.0 0.006769049650756642
600.0 0.007802483014529571
601.0 0.008884970156941563
602.0 0.009967455844162032
603.0 0.010329551150789484
604.0 0.010691645729821175
605.0 0.01083478273358196
606.0 0.010977919009746984
607.0 0.009848002082435414
608.0 0.008718082244740799
609.0 0.00719963209121488
610.0 0.0056811833928804845
611.0 0.0047592544433427975
612.0 0.003837325857602991
613.0 0.00365750165656209
614.0 0.003477677091723308
615.0 0.004271190118743107
616.0 0.005064702781965025
617.0 0.006267923163250089
618.0 0.007471143180737272
619.0 0.008759308548178524
620.0 0.010047472460428253
621.0 0.010335344268241897
622.0 0.010623216803651303
623.0 0.01110089069698006
624.0 0.011578563135117292
625.0 0.01076842745533213
626.0 0.009958291775546968
627.0 0.008126496686600149
628.0 0.006294702325249091
629.0 0.004970166992279701
630.0 0.0036456312955124304
631.0 0.003071059109061025
632.0 0.002496487468306441
633.0 0.002549855526012834
634.0 0.002603223401820287
635.0 0.0029118542443029583
636.0 0.0032204847229877487
637.0 0.0034646334825083613
638.0 0.0037087815144332126
639.0 0.004481213545659557
640.0 0.005253645940683782
641.0 0.005454273559735157
642.0 0.005654901542584412
643.0 0.005667406730935909
644.0 0.005679911919287406
645.0 0.005055908331996761
646.0 0.004431904380908236
647.0 0.003912121610483155
648.0 0.003392339203855954
649.0 0.002641670471348334
650.0 0.0018910019207396545
651.0 0.001603035707375966
652.0 0.001315069221163867
653.0 0.0011731080121535342
654.0 0.0010311469850421418
655.0 0.001082880680769449
656.0 0.0011346143764967564
657.0 0.001345318742096424
658.0 0.001556023198645562
659.0 0.0016003426935640164
660.0 0.0016446623703814112
661.0 0.0017082211343222298
662.0 0.0017717800801619887
663.0 0.0017790947822504677
664.0 0.0017864089386421256
665.0 0.0024832512281136587
666.0 0.0031800936994841322
667.0 0.003784776708926074
668.0 0.004389460082165897
669.0 0.004951964001520537
670.0 0.005514467920875177
671.0 0.006183225923450664
672.0 0.006851983198430389
673.0 0.007331665983656421
674.0 0.007811349496478215
675.0 0.007771286618662998
676.0 0.00773122301325202
677.0 0.0065599386289250106
678.0 0.00538865351700224
679.0 0.0038278623833321035
680.0 0.002267071067763027
681.0 0.001389550197927747
682.0 0.0005120297828398179
683.0 0.000510728887093137
684.0 0.0005094280822959263
685.0 0.00028322911020950414
686.0 5.703003580492805e-05
687.0 0.00020871420929324813
688.0 0.00036039828046341427
689.0 0.00023860573037381982
690.0 0.00011681315754685784
691.0 5.51713469576498e-05
692.0 1.6826518477175423e-10
693.0 0.0001817876295717724
694.0 0.00037004576824983815
695.0 0.00027614148621069035
696.0 0.00018223731785838027
697.0 0.0003211429657312692
698.0 0.00046004865907889325
699.0 0.0003016784148712759
700.0 0.00014330832982523134
701.0 0.000275155866802379
702.0 0.00040700338104215916
703.0 0.00023154336759034777
704.0 5.6083445088006556e-05
705.0 0.00015552794820905547
706.0 0.0002549723149058991
707.0 0.00025865797397273127
708.0 0.0002623436103021959
709.0 0.00036336623452370986
710.0 0.00046438885874522384
711.0 0.00042951614886987954
712.0 0.00039464334804506507
713.0 0.0001076717580872355
714.0 1.6826518477175423e-10
715.0 1.6826518477175423e-10
716.0 0.00017389195363648469
717.0 9.534257401355717e-05
718.0 1.6793102020074002e-05
719.0 0.0002249224735351163
720.0 0.000433051900472492
721.0 0.0005353417691367213
722.0 0.0006376317287504207
723.0 0.00047234939302143175
724.0 0.0003070669663429726
725.0 0.0003660292804852361
726.0 0.0004249915036780294
727.0 0.00035167502119293204
728.0 0.00027835867513203993
729.0 0.00039176325117296074
730.0 0.0005051677817391464
731.0 0.0002984181037390954
732.0 9.166851100417261e-05
733.0 0.0003267677357143839
734.0 0.0005618671366391936
735.0 0.00024085595669021131
736.0 1.6826518477175423e-10
737.0 7.613042640741696e-06
738.0 9.538124459140818e-05
739.0 0.000260224237536022
740.0 0.0004250672645866871
741.0 0.00030328214961627964
742.0 0.0001814969891711371
743.0 0.0003355434500917909
744.0 0.0004895897291135043
745.0 0.0005526747372641694
746.0 0.0006157593361422187
747.0 0.0005261728801997378
748.0 0.00043658633330778684
749.0 0.00029546204132202547
750.0 0.00015433780617968296
751.0 0.0005272300313663436
752.0 0.0009001223588711582
753.0 0.0005408522611105582
754.0 0.00018158215198127436
755.0 0.0004230180365993874
756.0 0.0006644540007982869
757.0 0.0004121015081182122
758.0 0.00015974906091287266
759.0 6.17682985648571e-05
760.0 1.6826518477175423e-10
761.0 0.0003199708316969918
762.0 0.0006761541044397745
763.0 0.0006523038337036269
764.0 0.0006284533810685389
765.0 0.0005479912033479195
766.0 0.00046752902562730014
767.0 0.0006494666649814462
768.0 0.0008314043043355923
769.0 0.0006959706752240891
770.0 0.0005605368642136455
771.0 0.0007648503014934249
772.0 0.0009691636478237342
773.0 0.0006917258815519745
774.0 0.0004142880698054796
775.0 0.0002177469696107437
776.0 2.1205936207024934e-05
777.0 0.00010040217830464826
778.0 0.00017959836213776725
779.0 0.0006491926797025371
780.0 0.0011187870768480934
781.0 0.001026660993375117
782.0 0.00093453463705373
783.0 0.0007293996077351039
784.0 0.0005242645329417428
785.0 0.0005450411208585138
786.0 0.0005658176178258145
787.0 0.0004216546585666947
788.0 0.0002774916538328398
789.0 0.00021305468180798925
790.0 0.00014861761883366853
791.0 0.0004886632268608082
792.0 0.0008287088348879479
793.0 0.00087909065769054
794.0 0.0009294726623920724
795.0 0.0007994254701770842
796.0 0.000669378232487361
797.0 0.0007342215667449636
798.0 0.0007990647645783611
799.0 0.0005198619419388706
800.0 0.00024065914203674765
801.0 0.000545448574484908
802.0 0.0008502381206199061
803.0 0.00075370562626631
804.0 0.000657173177387449
805.0 0.0006310735898296116
806.0 0.000604973911322304
807.0 0.00024651599233038723
808.0 1.6826518477175423e-10
809.0 0.00037779202557430835
810.0 0.0008675262506585568
811.0 0.0007063050816213945
812.0 0.0005450839580589673
813.0 0.0005892567060072906
814.0 0.0006334294994303491
815.0 0.0006024846697982866
816.0 0.0005715398401662242
817.0 0.0008510114639648236
818.0 0.0011304831787128933
819.0 0.0010545001714490354
820.0 0.0009785170732357074
821.0 0.000966926927503664
822.0 0.0009553366908221506
823.0 0.0008054433237703051
824.0 0.0006555501840921352
825.0 0.0010668411050573923
826.0 0.0014781321624468546
827.0 0.0009709186997497454
828.0 0.00046370519157790113
829.0 0.000438768165622605
830.0 0.000413831185142044
831.0 0.0005547677119466243
832.0 0.00069570437517541
833.0 0.0008704862011654768
834.0 0.0010452680726302788
835.0 0.000993715730146505
836.0 0.0009421634786122013
837.0 0.0006440418019337812
838.0 0.00034592014799272874
839.0 0.0004496899691730505
840.0 0.0005534596766665345
841.0 0.0010992709576385096
842.0 0.0016450821931357495
843.0 0.0013575553566624876
844.0 0.0010700286111386959
845.0 0.0008355315003427677
846.0 0.0006010343440721044
847.0 0.0009692418643680867
848.0 0.0013374495210882742
849.0 0.0011630319932010025
850.0 0.0009886143743642606
851.0 0.000943015947996173
852.0 0.0008974173397291452
853.0 0.0007805655513948295
854.0 0.0006637136721110437
855.0 0.0006836118700448424
856.0 0.000703510067978641
857.0 0.0007622343673574505
858.0 0.0008209586667362601
859.0 0.0005598157258646097
860.0 0.00029867289867979707
861.0 0.0007235907560243504
862.0 0.001148508454207331
863.0 0.0012666566362895537
864.0 0.0013848047274223063
865.0 0.0018798917153617367
866.0 0.0023749784304527566
867.0 0.002357721132284496
868.0 0.0023404634703183547
869.0 0.0026890613298746757
870.0 0.0030376590075320564
871.0 0.003495921555440873
872.0 0.003954183921450749
873.0 0.0032013122108764946
874.0 0.0024484405003022403
875.0 0.0022894686480867676
876.0 0.0021304966139723547
