ts8/qe_curves/rtm-015_s01/19700101T000000.ecsv
# %ECSV 0.9
# ---
# datatype:
# - {name: amp_name, datatype: string}
# - {name: wavelength, unit: nm, datatype: float32}
# - {name: efficiency, unit: '%', datatype: float32}
# meta: !!omap
# - {MODE: AMP}
# - {TYPE: QE}
# - {CALIBDATE: '1970-01-01T00:00:00'}
# - {INSTRUME: TS8}
# - {OBSTYPE: qe_curves}
# - {DETECTOR: 118}
# - {PICKLEFILE: RaftRun12002.p}
# - {CALIB_ID: 'raftName=RTM-015 detectorName=S01 detector=118 calibDate=1970-01-01T00:00:00 ccd=118 ccdnum=118 filter=None'}
# - {DATE: '2020-01-23T14:33:54.115406'}
# - {CALIB_CREATION_DATE: '2020-01-23'}
# - {CALIB_CREATION_TIME: '14:33:54'}
# - __serialized_columns__:
#     efficiency:
#       __class__: astropy.units.quantity.Quantity
#       unit: !astropy.units.Unit {unit: '%'}
#       value: !astropy.table.SerializedColumn {name: efficiency}
#     wavelength:
#       __class__: astropy.units.quantity.Quantity
#       unit: !astropy.units.Unit {unit: nm}
#       value: !astropy.table.SerializedColumn {name: wavelength}
# schema: astropy-2.0
amp_name wavelength efficiency
C04 349.982 71.23549
C04 450.035 86.61001
C04 500.018 91.11325
C04 619.997 98.58005
C04 750.022 96.51551
C04 869.967 89.59726
C04 999.976 30.512854
C17 349.982 71.1888
C17 450.035 86.11128
C17 500.018 90.473755
C17 619.997 97.880775
C17 750.022 96.656525
C17 869.967 90.02261
C17 999.976 30.070822
C14 349.982 71.94256
C14 450.035 86.4228
C14 500.018 90.746445
C14 619.997 98.1244
C14 750.022 96.86752
C14 869.967 90.311714
C14 999.976 30.393364
C03 349.982 70.86481
C03 450.035 86.47935
C03 500.018 91.01102
C03 619.997 98.48982
C03 750.022 96.41371
C03 869.967 89.475365
C03 999.976 30.372423
C12 349.982 72.3976
C12 450.035 86.50086
C12 500.018 90.80477
C12 619.997 98.15499
C12 750.022 96.91366
C12 869.967 90.3923
C12 999.976 30.528954
C16 349.982 71.67293
C16 450.035 86.3357
C16 500.018 90.672165
C16 619.997 98.066666
C16 750.022 96.81686
C16 869.967 90.20939
C16 999.976 30.190443
C15 349.982 71.83786
C15 450.035 86.40935
C15 500.018 90.73205
C15 619.997 98.11368
C15 750.022 96.862724
C15 869.967 90.29157
C15 999.976 30.328693
C02 349.982 70.72959
C02 450.035 86.43015
C02 500.018 90.97118
C02 619.997 98.45678
C02 750.022 96.38719
C02 869.967 89.4206
C02 999.976 30.377787
C05 349.982 71.29878
C05 450.035 86.56752
C05 500.018 91.067024
C05 619.997 98.51048
C05 750.022 96.45088
C05 869.967 89.58375
C05 999.976 30.563042
C00 349.982 70.083405
C00 450.035 86.247284
C00 500.018 90.83505
C00 619.997 98.369545
C00 750.022 96.37529
C00 869.967 89.41883
C00 999.976 30.29936
C01 349.982 70.57504
C01 450.035 86.46342
C01 500.018 91.02646
C01 619.997 98.536026
C01 750.022 96.49498
C01 869.967 89.523605
C01 999.976 30.315742
C11 349.982 72.46183
C11 450.035 86.524315
C11 500.018 90.82873
C11 619.997 98.16329
C11 750.022 96.94068
C11 869.967 90.47756
C11 999.976 30.708475
C06 349.982 71.26908
C06 450.035 86.52087
C06 500.018 91.01309
C06 619.997 98.45054
C06 750.022 96.42959
C06 869.967 89.635864
C06 999.976 30.664606
C13 349.982 72.25534
C13 450.035 86.543884
C13 500.018 90.8469
C13 619.997 98.22759
C13 750.022 96.989365
C13 869.967 90.4409
C13 999.976 30.478176
C10 349.982 72.342224
C10 450.035 86.41689
C10 500.018 90.73036
C10 619.997 98.06301
C10 750.022 96.879265
C10 869.967 90.49563
C10 999.976 30.812616
C07 349.982 71.189644
C07 450.035 86.555916
C07 500.018 91.06826
C07 619.997 98.52006
C07 750.022 96.54892
C07 869.967 89.825874
C07 999.976 30.765888
