lsstCam/transmission_filter_detector/r02_s01/i_39/19700101T000000.ecsv
# %ECSV 1.0
# ---
# datatype:
# - {name: wavelength, unit: nm, datatype: float32}
# - {name: efficiency, unit: '%', datatype: float64}
# meta: !!omap
# - {MODE: DETECTOR}
# - {TYPE: transmission_filter_detector}
# - {CALIBDATE: '1970-01-01T00:00:00'}
# - {INSTRUME: LSSTCam}
# - {OBSTYPE: transmission_filter_detector}
# - {CALIBCLS: lsst.ip.isr.IntermediateFilterDetectorTransmissionCurve}
# - {SOURCE: Materion (DM-46256)}
# - {DETECTOR: 10}
# - {FILTER: i_39}
# - {CALIB_ID: 'calibDate=1970-01-01T00:00:00 filter=i_39 detector=10'}
# - {DATE: '2025-04-02T15:59:46.525170'}
# - {CALIB_CREATION_DATE: '2025-04-02'}
# - {CALIB_CREATION_TIME: '15:59:46'}
# - __serialized_columns__:
#     efficiency:
#       __class__: astropy.units.quantity.Quantity
#       unit: !astropy.units.Unit {unit: '%'}
#       value: !astropy.table.SerializedColumn {name: efficiency}
#     wavelength:
#       __class__: astropy.units.quantity.Quantity
#       unit: !astropy.units.Unit {unit: nm}
#       value: !astropy.table.SerializedColumn {name: wavelength}
# schema: astropy-2.0
wavelength efficiency
[from data line 596]
896.0 1.7072420950905998e-10
897.0 1.7072420950905998e-10
898.0 1.7072420950905998e-10
899.0 1.7072420950905998e-10
900.0 1.7072420950905998e-10
901.0 1.7072420950905998e-10
902.0 1.7072420950905998e-10
903.0 1.7072420950905998e-10
904.0 1.7072420950905998e-10
905.0 1.7072420950905998e-10
906.0 1.7072420950905998e-10
907.0 1.7072420950905998e-10
908.0 0.0001171624603557575
909.0 1.7072420950905998e-10
910.0 1.7072420950905998e-10
911.0 1.7072420950905998e-10
912.0 6.587348480024957e-05
913.0 0.0001022275455397903
914.0 0.00013858160627933103
915.0 5.205389470575028e-05
916.0 1.7072420950905998e-10
917.0 1.7072420950905998e-10
918.0 1.7072420950905998e-10
919.0 1.7072420950905998e-10
920.0 8.539253713024664e-05
921.0 2.958279026188393e-05
922.0 1.7072420950905998e-10
923.0 1.7072420950905998e-10
924.0 1.7072420950905998e-10
925.0 1.7072420950905998e-10
926.0 0.00019674764644150855
927.0 1.4024971051185275e-05
928.0 1.7072420950905998e-10
929.0 1.7072420950905998e-10
930.0 0.00010695929404391791
931.0 0.00014612991208196036
932.0 0.00018530051875131903
933.0 8.059844844865438e-05
934.0 1.7072420950905998e-10
935.0 1.7072420950905998e-10
936.0 1.7072420950905998e-10
937.0 1.7072420950905998e-10
938.0 1.7072420950905998e-10
939.0 1.7072420950905998e-10
940.0 1.7072420950905998e-10
941.0 1.7072420950905998e-10
942.0 7.421309646815644e-05
943.0 1.7072420950905998e-10
944.0 1.7072420950905998e-10
945.0 1.7072420950905998e-10
946.0 1.7072420950905998e-10
947.0 1.7072420950905998e-10
948.0 1.7072420950905998e-10
949.0 1.7072420950905998e-10
950.0 1.7072420950905998e-10
951.0 1.7072420950905998e-10
952.0 1.7072420950905998e-10
953.0 1.7072420950905998e-10
954.0 1.7072420950905998e-10
955.0 5.2954260354454163e-05
956.0 0.000264937852989533
957.0 0.00014921869251338649
958.0 3.3499463825137354e-05
959.0 0.00013704694765692693
960.0 0.00024059445422608405
961.0 0.00023230252281791763
962.0 0.00022401056867238367
963.0 5.863084879820235e-05
964.0 1.7072420950905998e-10
965.0 1.7072420950905998e-10
966.0 1.7072420950905998e-10
967.0 1.7072420950905998e-10
968.0 1.7072420950905998e-10
969.0 1.7072420950905998e-10
970.0 7.267420301104721e-05
971.0 1.7072420950905998e-10
972.0 1.7072420950905998e-10
973.0 1.7072420950905998e-10
974.0 1.7072420950905998e-10
975.0 1.7072420950905998e-10
976.0 1.7072420950905998e-10
977.0 1.7072420950905998e-10
978.0 1.7072420950905998e-10
979.0 1.7072420950905998e-10
980.0 1.7072420950905998e-10
981.0 1.7072420950905998e-10
982.0 1.7072420950905998e-10
983.0 1.7072420950905998e-10
984.0 2.3840648566419986e-05
985.0 0.00017669138969722553
986.0 0.00032954212656477466
987.0 6.405297199307824e-05
988.0 1.7072420950905998e-10
989.0 1.7072420950905998e-10
990.0 1.7072420950905998e-10
991.0 1.7072420950905998e-10
992.0 1.7072420950905998e-10
993.0 1.7072420950905998e-10
994.0 1.7072420950905998e-10
995.0 1.7072420950905998e-10
996.0 1.7072420950905998e-10
997.0 2.034928030525407e-05
998.0 0.00022089641333877807
999.0 0.00035320665574545274
1000.0 0.00048551682994002476
1001.0 0.00024651287731103366
1002.0 7.5088713913373795e-06
1003.0 8.350108942067891e-05
1004.0 0.00015949334510878543
1005.0 1.7072420950905998e-10
1006.0 1.7072420950905998e-10
1007.0 1.7072420950905998e-10
1008.0 0.000108053552594356
1009.0 4.190003153325961e-05
1010.0 1.7072420950905998e-10
1011.0 0.00011374141877240618
1012.0 0.0002517363554943586
1013.0 0.0003926958925148938
1014.0 0.0005336554750101641
1015.0 0.0004468137831281638
1016.0 0.00035997209124616347
1017.0 0.00041765997593756765
1018.0 0.0004753480425279122
1019.0 0.0003527835133354529
1020.0 0.00023021891593089094
1021.0 0.00019179497030563653
1022.0 0.0001533709905743308
1023.0 0.00042967908484570216
1024.0 0.000705987304172595
1025.0 0.0005502070052898489
1026.0 0.00039442670640710276
1027.0 0.000412197323385044
1028.0 0.00042996784941351507
1029.0 0.0007856784577597864
1030.0 0.0011413890206313226
1031.0 0.0016792899259598926
1032.0 0.002217190558440052
1033.0 0.0024258028133772314
1034.0 0.002634414158819709
1035.0 0.003208970883861184
1036.0 0.003783527063205838
1037.0 0.0037916397559456527
1038.0 0.0037997524486854672
1039.0 0.0030551396775990725
1040.0 0.0023105272703105584
1041.0 0.0018050683138426393
1042.0 0.0012996090845263097
1043.0 0.0019556478946469724
1044.0 0.0026116867957171053
1045.0 0.0031125186069402844
1046.0 0.0036133515095571056
1047.0 0.0035653596569318324
1048.0 0.0035173678043065593
1049.0 0.003033340362890158
1050.0 0.002549312739574816
1051.0 0.0026337085728300735
1052.0 0.0027181045879842713
1053.0 0.0018170032490161248
1054.0 0.0009159020009974483
1055.0 0.0007862525308155455
1056.0 0.0006566029242094373
1057.0 0.0008979591257229913
1058.0 0.0011393155546102207
1059.0 0.0011347074178047478
1060.0 0.0011300994628982153
1061.0 0.0018502145394450054
1062.0 0.002570329343143385
1063.0 0.0026173955120611936
1064.0 0.002664461499080062
1065.0 0.0029548235033871606
1066.0 0.00324518587149214
1067.0 0.004198478927719407
1068.0 0.005151771983946674
1069.0 0.00423649835283868
1070.0 0.0033212247217306867
1071.0 0.003064289194298908
1072.0 0.002807353303069249
1073.0 0.0026865347535931505
1074.0 0.002565716567914933
1075.0 0.002598330502223689
1076.0 0.002630944254633505
1077.0 0.0021733691028202884
1078.0 0.0017157935872091912
1079.0 0.0019334314856678247
1080.0 0.0021510695660253987
1081.0 0.0012904275536129717
1082.0 0.00042978522287739906
1083.0 9.978507620189703e-06
1084.0 1.7072420950905998e-10
1085.0 0.0005302462341205683
1086.0 0.0014703212400490884
1087.0 0.001562243778607808
1088.0 0.001654166408115998
1089.0 1.7072420950905998e-10
1090.0 1.7072420950905998e-10
1091.0 1.7072420950905998e-10
1092.0 1.7072420950905998e-10
1093.0 1.7072420950905998e-10
1094.0 0.0002987542757182382
1095.0 0.00028436836601031246
1096.0 0.00026998263820132706
1097.0 1.7072420950905998e-10
1098.0 1.7072420950905998e-10
1099.0 1.7072420950905998e-10
1100.0 0.0007522874966525706
