lsstCam/transmission_filter_detector/r02_s01/i_39/19700101T000000.ecsv
# %ECSV 1.0
# ---
# datatype:
# - {name: wavelength, unit: nm, datatype: float32}
# - {name: efficiency, unit: '%', datatype: float64}
# meta: !!omap
# - {MODE: DETECTOR}
# - {TYPE: transmission_filter_detector}
# - {CALIBDATE: '1970-01-01T00:00:00'}
# - {INSTRUME: LSSTCam}
# - {OBSTYPE: transmission_filter_detector}
# - {CALIBCLS: lsst.ip.isr.IntermediateFilterDetectorTransmissionCurve}
# - {SOURCE: Materion (DM-46256)}
# - {DETECTOR: 10}
# - {FILTER: i_39}
# - {CALIB_ID: 'calibDate=1970-01-01T00:00:00 filter=i_39 detector=10'}
# - {DATE: '2025-04-02T15:59:46.525170'}
# - {CALIB_CREATION_DATE: '2025-04-02'}
# - {CALIB_CREATION_TIME: '15:59:46'}
# - __serialized_columns__:
#     efficiency:
#       __class__: astropy.units.quantity.Quantity
#       unit: !astropy.units.Unit {unit: '%'}
#       value: !astropy.table.SerializedColumn {name: efficiency}
#     wavelength:
#       __class__: astropy.units.quantity.Quantity
#       unit: !astropy.units.Unit {unit: nm}
#       value: !astropy.table.SerializedColumn {name: wavelength}
# schema: astropy-2.0
wavelength efficiency
300.0 0.09327566367574036
301.0 0.052070472156628966
302.0 0.010865312651731074
303.0 0.026088100275956094
304.0 0.04131089081056416
305.0 0.03550042165443301
306.0 0.029689952498301864
307.0 0.005531387068913318
308.0 1.7072420950905998e-10
309.0 1.7072420950905998e-10
310.0 1.7072420950905998e-10
311.0 1.7072420950905998e-10
312.0 0.005970640268060379
313.0 0.0036322413507150486
314.0 0.0012938400686834939
315.0 1.7072420950905998e-10
316.0 1.7072420950905998e-10
317.0 1.7072420950905998e-10
318.0 0.0002200025392085081
319.0 1.7072420950905998e-10
320.0 1.7072420950905998e-10
321.0 1.7072420950905998e-10
322.0 1.7072420950905998e-10
323.0 1.7072420950905998e-10
324.0 1.7072420950905998e-10
325.0 1.7072420950905998e-10
326.0 1.7072420950905998e-10
327.0 1.7072420950905998e-10
328.0 0.0031769784982316196
329.0 0.0024891998691600747
330.0 0.0018014221495832317
331.0 0.0013311402653926052
332.0 0.0008608586540503893
333.0 0.0014762321370653808
334.0 0.002091605892928783
335.0 0.0016348150893463753
336.0 0.0011780248314607888
337.0 0.0015307632565964013
338.0 0.0018835014998330735
339.0 0.003017163908225484
340.0 0.004150826498516835
341.0 1.7072420950905998e-10
342.0 1.7072420950905998e-10
343.0 1.7072420950905998e-10
344.0 1.7072420950905998e-10
345.0 1.7072420950905998e-10
346.0 1.7072420950905998e-10
347.0 1.7072420950905998e-10
348.0 1.7072420950905998e-10
349.0 1.7072420950905998e-10
350.0 1.7072420950905998e-10
351.0 1.7072420950905998e-10
352.0 0.00019545907434803667
353.0 1.7072420950905998e-10
354.0 1.7072420950905998e-10
355.0 1.7072420950905998e-10
356.0 1.7072420950905998e-10
357.0 0.0004708799679065123
358.0 0.0014401847693079617
359.0 0.0011938309398829006
360.0 0.0009474766557104886
361.0 0.0005502420663106022
362.0 0.00015300759059755364
363.0 1.7072420950905998e-10
364.0 1.7072420950905998e-10
365.0 0.0007429945526382653
366.0 0.002215808490291238
367.0 0.001561401404615026
368.0 0.0009069944098882843
369.0 0.0011586730579438154
370.0 0.0014103517969488166
371.0 0.0010621693945722654
372.0 0.0007139869012462441
373.0 0.0004683161932916846
374.0 0.00022264543986239005
375.0 4.165046334492217e-05
376.0 1.7072420950905998e-10
377.0 1.7072420950905998e-10
378.0 8.688023171998793e-05
379.0 1.7072420950905998e-10
380.0 1.7072420950905998e-10
381.0 1.7072420950905998e-10
382.0 1.7072420950905998e-10
383.0 0.00030262881409726106
384.0 0.0014173247109283693
385.0 0.0012010631508019287
386.0 0.0009848013178270776
387.0 1.7072420950905998e-10
388.0 1.7072420950905998e-10
389.0 1.7072420950905998e-10
390.0 1.7072420950905998e-10
391.0 1.7072420950905998e-10
392.0 1.7072420950905998e-10
393.0 1.7072420950905998e-10
394.0 0.0002433384679534356
395.0 1.7072420950905998e-10
396.0 1.7072420950905998e-10
397.0 1.7072420950905998e-10
398.0 1.7072420950905998e-10
399.0 1.7072420950905998e-10
400.0 1.7072420950905998e-10
401.0 1.7072420950905998e-10
402.0 0.00014107106380834011
403.0 0.001241732115886407
404.0 0.002342393054277636
405.0 0.0037018991861259565
406.0 0.005061405317974277
407.0 0.00238709180848673
408.0 1.7072420950905998e-10
409.0 1.7072420950905998e-10
410.0 1.7072420950905998e-10
411.0 0.0012413474905770272
412.0 0.003731667311512865
413.0 0.0045791359298164025
414.0 0.005426605639513582
415.0 0.004535383050097153
416.0 0.0036441600968828425
417.0 0.0019658406017697416
418.0 0.00028752078833349515
419.0 0.0029917930078227073
420.0 0.005696064908988774
421.0 0.004825517316930927
422.0 0.0039549693610752
423.0 0.004243955117999576
424.0 0.004532940511126071
425.0 0.0035392331483308226
426.0 0.002545524330344051
427.0 0.003540264879120514
428.0 0.0045350054278969765
429.0 0.005008804509998299
430.0 0.005482603955897503
431.0 0.0043738480599131435
432.0 0.003265092891524546
433.0 0.0045378699724096805
434.0 0.0058106477808905765
435.0 0.003949779056711122
436.0 0.0020889108782284893
437.0 0.0019353077732375823
438.0 0.001781705032044556
439.0 0.002210071761510335
440.0 0.0026384388547739945
441.0 0.0008819409231364261
442.0 1.7072420950905998e-10
443.0 1.7072420950905998e-10
444.0 1.7072420950905998e-10
445.0 1.7072420950905998e-10
446.0 1.7072420950905998e-10
447.0 0.00010927905123025994
448.0 0.00025890174129017396
449.0 1.7072420950905998e-10
450.0 1.7072420950905998e-10
451.0 5.572185841629107e-05
452.0 0.0012112043805245776
453.0 0.0014604723219235893
454.0 0.0017097405361710116
455.0 0.001815521864045877
456.0 0.0019213033738196827
457.0 0.0014669541087641846
458.0 0.0010126047527592164
459.0 0.00047786875256861094
460.0 1.7072420950905998e-10
461.0 0.0002705891574805719
462.0 0.0005980456535326084
463.0 0.00010798228231578832
464.0 1.7072420950905998e-10
465.0 0.00015602796565872268
466.0 0.0006941369974811096
467.0 0.0007332719633268425
468.0 0.0007724069291725755
469.0 0.00044037365114490967
470.0 0.00010834049817276536
471.0 0.0005031300133850891
472.0 0.0008979195627034642
473.0 0.000999899384623859
474.0 0.0011018794793926645
475.0 0.0005132231763127493
476.0 1.7072420950905998e-10
477.0 0.0002966896317957435
478.0 0.0006688121175102424
479.0 0.0009206662980432156
480.0 0.001172520478576189
481.0 0.0025203757104463875
482.0 0.003868229396175593
483.0 0.005188575232750736
484.0 0.006508921069325879
485.0 0.00641314109088853
486.0 0.006317361112451181
487.0 0.00917263823794201
488.0 0.01202791536343284
489.0 0.015842271386645734
490.0 0.019656626682262868
491.0 0.023175303067546338
492.0 0.02669398090802133
493.0 0.02943925792351365
494.0 0.03218453784938902
495.0 0.02881825785152614
496.0 0.025451972032897174
497.0 0.019453672575764358
498.0 0.013455368753056973
499.0 0.00982164274319075
500.0 0.006187916733324528
501.0 0.004526034172158688
502.0 0.0028641517928917892
503.0 0.0023091724870027974
504.0 0.0017541929992148653
505.0 0.0016368710930692032
506.0 0.001519549095974071
507.0 0.001808229171729181
508.0 0.0020969089746358804
509.0 0.0022176162019604817
510.0 0.0023383232473861426
511.0 0.0018199905753135681
512.0 0.0013016578122915234
513.0 0.0014625362382503226
514.0 0.0016234145732596517
515.0 0.0021226795070106164
516.0 0.0026219446226605214
517.0 0.0021673040464520454
518.0 0.0017126636521425098
519.0 0.0019253722712164745
520.0 0.002138080890290439
521.0 0.001755603079800494
522.0 0.0013731254512094893
523.0 0.0014786287465540227
524.0 0.0015841324056964368
525.0 0.001967211937881075
526.0 0.002350291470065713
527.0 0.002501609742466826
528.0 0.002652928014867939
529.0 0.002736184251261875
530.0 0.0028194406695547514
531.0 0.002628337279020343
532.0 0.002437234070384875
533.0 0.0020285946447984315
534.0 0.0016199554011109285
535.0 0.0016248257452389225
536.0 0.0016296959074679762
537.0 0.002272449273732491
538.0 0.0029152022761991248
539.0 0.003418799678911455
540.0 0.003922397081623785
541.0 0.004590378375723958
542.0 0.005258359669824131
543.0 0.005158333806321025
544.0 0.005058307942817919
545.0 0.004254100349498913
546.0 0.0034498927561799064
547.0 0.0027655465601128526
548.0 0.002081200000247918
549.0 0.002034116732829716
550.0 0.0019870336473104544
551.0 0.001608046113688033
552.0 0.001229058761964552
553.0 0.0016183175830519758
554.0 0.0020075764041393995
555.0 0.0016165700799319893
556.0 0.0012255639376235195
557.0 0.0009611425412003882
558.0 0.0006967213266761974
559.0 0.00025298829768871656
560.0 1.7072420950905998e-10
561.0 0.000581914491704083
562.0 0.0013545738511311356
563.0 0.0015375269867945462
564.0 0.0017204800315084867
565.0 0.0013465200026985258
566.0 0.0009725599738885649
567.0 0.0009456176485400647
568.0 0.0009186752322420944
569.0 0.0008310768862429541
570.0 0.0007434782673954032
571.0 0.0004407300366437994
572.0 0.00013798179452351178
573.0 0.0003530935146045522
574.0 0.000568205314266379
575.0 0.0005112427970743738
576.0 0.00045428014345816337
577.0 0.0006103960004111286
578.0 0.0007665118573640939
579.0 0.00034267964110767934
580.0 1.7072420950905998e-10
581.0 0.00012070922821294516
582.0 0.00032257094062515534
583.0 0.00036066692246095045
584.0 0.00039876281334727537
585.0 0.0005413112376118079
586.0 0.0006838597528258106
587.0 0.0006993565420998493
588.0 0.0007148531949496828
589.0 0.0006797617970732972
590.0 0.0006446703991969116
591.0 0.0009007030712382402
592.0 0.0011567360161279794
593.0 0.0007299399840121623
594.0 0.00030314390642161015
595.0 0.0005557524218602339
596.0 0.0008083608918241225
597.0 0.0006979740192036843
598.0 0.0005875873284821864
599.0 0.0005694380888598971
600.0 0.0005512886673386674
601.0 0.0004745821570395492
602.0 0.0003978755557909608
603.0 0.00027320420485921204
604.0 0.00014853274024062557
605.0 0.00014225122413336067
606.0 0.00013596970802609576
607.0 0.00036081378311791923
608.0 0.0005856576990481699
609.0 0.0005460058218886843
610.0 0.000506353580931318
611.0 0.0007136692147469148
612.0 0.0009209848940372467
613.0 0.0005407541266322369
614.0 0.0001605233819645946
615.0 1.7072420950905998e-10
616.0 1.7072420950905998e-10
617.0 1.7072420950905998e-10
618.0 9.37323534344614e-05
619.0 0.00022818476281827316
620.0 0.00036263722904550377
621.0 0.0005166283244761871
622.0 0.0006706193744321354
623.0 0.0005712064648832893
624.0 0.0004717935553344432
625.0 0.0004608459676092025
626.0 0.00044989833440922666
627.0 0.0003391604650460067
628.0 0.0002284225502080517
629.0 0.00036509459278022405
630.0 0.0005017666808271315
631.0 0.00046468608161376324
632.0 0.0004276054369256599
633.0 0.00047817225095059257
634.0 0.0005287390195007902
635.0 0.0004476748927118024
636.0 0.0003666107204480795
637.0 0.00029733048449998023
638.0 0.00022805006665294059
639.0 0.0005301365490595344
640.0 0.0008322229405166581
641.0 0.0005823713763675187
642.0 0.00033251981221837923
643.0 0.0005223190328251803
644.0 0.0007121182534319814
645.0 0.0006538877187267644
646.0 0.0005956572749710176
647.0 0.0006778501301596407
648.0 0.0007600434400956146
649.0 0.0006649724582530325
650.0 0.0005699015218851855
651.0 0.0007838898454792798
652.0 0.0009978783054975793
653.0 0.001190807597595267
654.0 0.0013837367077940144
655.0 0.0019025967048946768
656.0 0.0024214567019953392
657.0 0.0032242427550954744
658.0 0.004027027534903027
659.0 0.006563336501130834
660.0 0.03507452202029526
661.0 0.09391669882461429
662.0 0.09636346367187798
663.0 0.09016583790071309
664.0 0.09755492210388184
665.0 0.14701415784657001
666.0 0.11491964105516672
667.0 0.15509938821196556
668.0 0.20921481773257256
669.0 0.24886939208954573
670.0 0.32174785155802965
671.0 0.47128074802458286
672.0 0.6661930121481419
673.0 1.103193499147892
674.0 1.6633505001664162
675.0 2.508639544248581
676.0 3.5208847373723984
677.0 4.831351712346077
678.0 6.177419051527977
679.0 7.585268467664719
680.0 9.390099346637726
681.0 11.397117376327515
682.0 13.95253986120224
683.0 16.705210506916046
684.0 19.735237956047058
685.0 22.63863980770111
686.0 25.61478316783905
687.0 28.80823314189911
688.0 31.96132481098175
689.0 35.1173996925354
690.0 38.71169686317444
691.0 42.58413910865784
692.0 47.315481305122375
693.0 52.357739210128784
694.0 58.11104774475098
695.0 63.68119716644287
696.0 69.97236013412476
697.0 75.56989789009094
698.0 81.79760575294495
699.0 86.41926646232605
700.0 90.17149209976196
701.0 93.23199987411499
702.0 95.33807635307312
703.0 96.53463363647461
704.0 97.17082977294922
705.0 97.64333367347717
706.0 97.7276861667633
707.0 97.86132574081421
708.0 97.9418933391571
709.0 98.03327918052673
710.0 97.77066111564636
711.0 97.94109463691711
712.0 97.8597342967987
713.0 97.89794683456421
714.0 97.96463251113892
715.0 98.04312586784363
716.0 97.89469838142395
717.0 98.08768033981323
718.0 98.14375042915344
719.0 98.14215302467346
720.0 98.38035702705383
721.0 98.29077124595642
722.0 98.00857305526733
723.0 97.7895975112915
724.0 97.47489094734192
725.0 97.17428684234619
726.0 96.90098166465759
727.0 96.57062292098999
728.0 96.33651971817017
729.0 96.07766270637512
730.0 96.05575203895569
731.0 96.14412784576416
732.0 96.17179036140442
733.0 96.45048379898071
734.0 96.89494967460632
735.0 97.15511202812195
736.0 97.45705127716064
737.0 97.9621171951294
738.0 98.16604852676392
739.0 98.54386448860168
740.0 98.6154854297638
741.0 98.48765730857849
742.0 98.78235459327698
743.0 98.65610003471375
744.0 98.48135709762573
745.0 98.4065592288971
746.0 98.42722415924072
747.0 98.66663217544556
748.0 98.54893684387207
749.0 98.40282201766968
750.0 98.39500784873962
751.0 98.32397699356079
752.0 98.27970266342163
753.0 98.44014644622803
754.0 98.33380579948425
755.0 98.46040606498718
756.0 98.51188659667969
757.0 98.52949380874634
758.0 98.67610931396484
759.0 98.68587851524353
760.0 98.49544167518616
761.0 98.44900369644165
762.0 98.50204586982727
763.0 98.42687249183655
764.0 98.34197759628296
765.0 98.24838638305664
766.0 98.38021397590637
767.0 98.16337823867798
768.0 98.19068908691406
769.0 98.2447862625122
770.0 97.9967474937439
771.0 98.07372093200684
772.0 98.15720319747925
773.0 98.06022047996521
774.0 97.88087606430054
775.0 98.01211953163147
776.0 97.88492321968079
777.0 97.9181170463562
778.0 97.8901207447052
779.0 97.91879653930664
780.0 97.7933943271637
781.0 98.06755781173706
782.0 97.89798259735107
783.0 97.92358875274658
784.0 97.8733241558075
785.0 98.06497097015381
786.0 98.12781810760498
787.0 97.88695573806763
788.0 98.03586602210999
789.0 98.21125268936157
790.0 98.07044863700867
791.0 98.11444282531738
792.0 97.97860980033875
793.0 97.931569814682
794.0 97.87331223487854
795.0 97.81807065010071
796.0 97.83222675323486
797.0 97.962886095047
798.0 97.95010089874268
799.0 97.82059788703918
800.0 97.72421717643738
801.0 97.72763848304749
802.0 97.66963720321655
803.0 97.42168188095093
804.0 97.26792573928833
805.0 96.99165225028992
806.0 96.77518010139465
807.0 96.19047045707703
808.0 95.46976089477539
809.0 94.59755420684814
810.0 93.54414343833923
811.0 91.96839332580566
812.0 90.0779664516449
813.0 87.83968687057495
814.0 85.12828946113586
815.0 81.84435963630676
816.0 78.43093276023865
817.0 74.32072162628174
818.0 69.63410377502441
819.0 65.3068482875824
820.0 60.32683253288269
821.0 55.67800998687744
822.0 51.19490027427673
823.0 46.478271484375
824.0 41.84974730014801
825.0 37.571027874946594
826.0 33.07015001773834
827.0 28.430303931236267
828.0 24.201984703540802
829.0 20.039692521095276
830.0 15.692873299121857
831.0 12.22982183098793
832.0 8.783268183469772
833.0 6.026919186115265
834.0 3.944934532046318
835.0 2.4321792647242546
836.0 1.442626677453518
837.0 0.8110292255878448
838.0 0.4857010208070278
839.0 0.287056271918118
840.0 0.15421740245074034
841.0 0.06424267776310444
842.0 0.049246568232774734
843.0 0.026600892306305468
844.0 0.001532888927613385
845.0 1.7072420950905998e-10
846.0 1.7072420950905998e-10
847.0 1.7072420950905998e-10
848.0 1.7072420950905998e-10
849.0 1.7072420950905998e-10
850.0 0.0103148260677699
851.0 1.7072420950905998e-10
852.0 0.001253487243957352
853.0 0.0010229815416096244
854.0 0.0007924760211608373
855.0 0.0009689277248980943
856.0 0.0011453794286353514
857.0 0.0010677988029783592
858.0 0.000990217722574016
859.0 0.0005629151473840466
860.0 0.00013561242440118804
861.0 0.00030553362648788607
862.0 0.00047545472625643015
863.0 0.00017510517409391468
864.0 1.7072420950905998e-10
865.0 1.2623198131223035e-05
866.0 0.00015049064359118347
867.0 0.00010037211950475466
868.0 5.025354994359077e-05
869.0 1.7072420950905998e-10
870.0 1.7072420950905998e-10
871.0 1.6280031900350878e-05
872.0 0.0001616220060896012
873.0 0.00018384857867204119
874.0 0.00020607510577974608
875.0 0.00016157210893652518
876.0 0.00011706911209330428
877.0 1.7072420950905998e-10
878.0 1.7072420950905998e-10
879.0 1.7072420950905998e-10
880.0 0.0002805661551974481
881.0 0.0001246887677552877
882.0 1.7072420950905998e-10
883.0 0.00020478548776736716
884.0 0.0004407596406963421
885.0 0.00023117236196412705
886.0 2.1585094600595767e-05
887.0 8.353187013199204e-05
888.0 0.0001454786456633883
889.0 1.7072420950905998e-10
890.0 1.7072420950905998e-10
891.0 1.437855416952516e-05
892.0 0.0001862922886175511
893.0 0.00026733796403277665
894.0 0.000348383650816686
