lsstCam/transmission_filter_detector/r01_s21/z_20/19700101T000000.ecsv
# %ECSV 1.0
# ---
# datatype:
# - {name: wavelength, unit: nm, datatype: float32}
# - {name: efficiency, unit: '%', datatype: float64}
# meta: !!omap
# - {MODE: DETECTOR}
# - {TYPE: transmission_filter_detector}
# - {CALIBDATE: '1970-01-01T00:00:00'}
# - {INSTRUME: LSSTCam}
# - {OBSTYPE: transmission_filter_detector}
# - {CALIBCLS: lsst.ip.isr.IntermediateFilterDetectorTransmissionCurve}
# - {SOURCE: Materion (DM-46256)}
# - {DETECTOR: 7}
# - {FILTER: z_20}
# - {CALIB_ID: 'calibDate=1970-01-01T00:00:00 filter=z_20 detector=7'}
# - {DATE: '2025-04-02T15:59:48.666631'}
# - {CALIB_CREATION_DATE: '2025-04-02'}
# - {CALIB_CREATION_TIME: '15:59:48'}
# - __serialized_columns__:
#     efficiency:
#       __class__: astropy.units.quantity.Quantity
#       unit: !astropy.units.Unit {unit: '%'}
#       value: !astropy.table.SerializedColumn {name: efficiency}
#     wavelength:
#       __class__: astropy.units.quantity.Quantity
#       unit: !astropy.units.Unit {unit: nm}
#       value: !astropy.table.SerializedColumn {name: wavelength}
# schema: astropy-2.0
wavelength efficiency
[from data line 596]
896.0 99.14636611938477
897.0 99.23997521400452
898.0 98.95786046981812
899.0 98.56747388839722
900.0 98.8743543624878
901.0 99.37883019447327
902.0 98.94067645072937
903.0 98.51935505867004
904.0 97.5932776927948
905.0 98.55647087097168
906.0 98.06087613105774
907.0 98.8949716091156
908.0 98.19436073303223
909.0 98.47232699394226
910.0 98.20699691772461
911.0 96.9748854637146
912.0 95.98957300186157
913.0 95.03262639045715
914.0 92.60232448577881
915.0 90.1531457901001
916.0 88.23550343513489
917.0 86.68492436408997
918.0 82.96313881874084
919.0 81.87177777290344
920.0 78.80605459213257
921.0 75.1248836517334
922.0 70.54542899131775
923.0 64.76472616195679
924.0 59.17563438415527
925.0 53.836292028427124
926.0 47.63976037502289
927.0 40.67597687244415
928.0 34.732675552368164
929.0 28.490257263183594
930.0 22.89838194847107
931.0 17.839127779006958
932.0 12.425671517848969
933.0 8.27086865901947
934.0 5.225437507033348
935.0 3.2388530671596527
936.0 1.7864998430013657
937.0 1.1178594082593918
938.0 0.6556843407452106
939.0 0.35017335321754217
940.0 0.2107976470142603
941.0 0.17461908282712102
942.0 0.22507284302264452
943.0 0.147241132799536
944.0 1.6488045737755863e-10
945.0 0.13869940303266048
946.0 1.6488045737755863e-10
947.0 1.6488045737755863e-10
948.0 0.18323875265195966
949.0 1.6488045737755863e-10
950.0 1.6488045737755863e-10
951.0 1.6488045737755863e-10
952.0 1.6488045737755863e-10
953.0 0.03951534163206816
954.0 1.6488045737755863e-10
955.0 1.6488045737755863e-10
956.0 0.017576014215592295
957.0 1.6488045737755863e-10
958.0 1.6488045737755863e-10
959.0 1.6488045737755863e-10
960.0 1.6488045737755863e-10
961.0 1.6488045737755863e-10
962.0 0.016012194100767374
963.0 1.6488045737755863e-10
964.0 1.6488045737755863e-10
965.0 1.6488045737755863e-10
966.0 1.6488045737755863e-10
967.0 0.05654579144902527
968.0 1.6488045737755863e-10
969.0 1.6488045737755863e-10
970.0 0.021919875871390104
971.0 0.04956962075084448
972.0 0.07647706079296768
973.0 0.0858637155033648
974.0 1.6488045737755863e-10
975.0 1.6488045737755863e-10
976.0 0.0062052757130004466
977.0 0.006230267172213644
978.0 0.006255260086618364
979.0 0.0060750131524400786
980.0 0.005894765126868151
981.0 0.005802945452160202
982.0 0.005711126868845895
983.0 0.005579913340625353
984.0 0.005448700540000573
985.0 0.0051798422646243125
986.0 0.004910983261652291
987.0 0.004905035166302696
988.0 0.004899087070953101
989.0 0.004835202344111167
990.0 0.004771317981067114
991.0 0.004848079333896749
992.0 0.004924841414322145
993.0 0.0048240261094179004
994.0 0.004723210076917894
995.0 0.0047008048568386585
996.0 0.004678400000557303
997.0 0.004501367948250845
998.0 0.004324335895944387
999.0 0.00430684958701022
1000.0 0.004289362914278172
1001.0 0.004409132088767365
1002.0 0.004528900899458677
1003.0 0.004456171882338822
1004.0 0.004383442865218967
1005.0 0.004256969623384066
1006.0 0.004130496745347045
1007.0 0.004205794175504707
1008.0 0.004281091969460249
1009.0 0.004381373946671374
1010.0 0.00448165628768038
1011.0 0.004563526090350933
1012.0 0.004645395893021487
1013.0 0.004455409725778736
1014.0 0.004265423558535986
1015.0 0.004392690971144475
1016.0 0.004519957292359322
1017.0 0.004769640509039164
1018.0 0.005019323725719005
1019.0 0.004834886567550711
1020.0 0.004650449409382418
1021.0 0.004605173671734519
1022.0 0.00455989757028874
1023.0 0.004584891212289222
1024.0 0.004609884854289703
1025.0 0.0047010449634399265
1026.0 0.004792205436388031
1027.0 0.004728617568616755
1028.0 0.004665030064643361
1029.0 0.004646590969059616
1030.0 0.004628152601071633
1031.0 0.004740770236821845
1032.0 0.004853388236369938
1033.0 0.004877375249634497
1034.0 0.004901362626696937
1035.0 0.005140866414876655
1036.0 0.005380370203056373
1037.0 0.005446117938845418
1038.0 0.005511865310836583
1039.0 0.005433988553704694
1040.0 0.005356111068977043
1041.0 0.005698619497707114
1042.0 0.006041127926437184
1043.0 0.005563974627875723
1044.0 0.005086821693112142
1045.0 0.005854169285157695
1046.0 0.006621516513405368
1047.0 0.0062172031903173774
1048.0 0.005812888775835745
1049.0 0.00596869649598375
1050.0 0.0061245038523338735
1051.0 0.00642760205664672
1052.0 0.00673070244374685
1053.0 0.006727018626406789
1054.0 0.006723334809066728
1055.0 0.007358850416494533
1056.0 0.007994366023922339
1057.0 0.0077641860116273165
1058.0 0.007534006726928055
1059.0 0.007716010441072285
1060.0 0.007898013427620754
1061.0 0.008497075759805739
1062.0 0.009096138819586486
1063.0 0.00904108674149029
1064.0 0.008986035390989855
1065.0 0.009118223533732817
1066.0 0.009250414586858824
1067.0 0.009385551675222814
1068.0 0.009520690218778327
1069.0 0.010346876661060378
1070.0 0.011173061648150906
1071.0 0.010925855895038694
1072.0 0.010678649414330721
1073.0 0.010647116869222373
1074.0 0.010615585051709786
1075.0 0.011280043690931052
1076.0 0.011944506695726886
1077.0 0.01197469246108085
1078.0 0.012004876771243289
1079.0 0.01315962290391326
1080.0 0.014314366853795946
1081.0 0.014206768537405878
1082.0 0.014099173131398857
1083.0 0.013978451897855848
1084.0 0.01385773066431284
1085.0 0.014667994400952011
1086.0 0.015478259592782706
1087.0 0.015227305993903428
1088.0 0.014976355305407196
1089.0 0.016524811508134007
1090.0 0.01807326771086082
1091.0 0.018149593961425126
1092.0 0.01822591293603182
1093.0 0.01786839566193521
1094.0 0.017510875477455556
1095.0 0.018688167619984597
1096.0 0.019865459762513638
1097.0 0.0202788898604922
1098.0 0.020692321413662285
1099.0 0.02241482143290341
1100.0 0.024137315631378442
1101.0 0.02415077033219859
1102.0 0.02416422066744417
1103.0 0.02554381499066949
1104.0 0.026923406403511763
1105.0 0.02711136476136744
1106.0 0.027299326029606164
1107.0 0.028277913224883378
1108.0 0.029256503330543637
1109.0 0.030555514968000352
1110.0 0.03185452660545707
1111.0 0.031854305416345596
1112.0 0.03185408713761717
1113.0 0.03337726229801774
1114.0 0.0349004432791844
1115.0 0.03344230353832245
1116.0 0.03198416961822659
1117.0 0.032767836819402874
1118.0 0.033551506930962205
1119.0 0.036851229378953576
1120.0 0.0401509489165619
1121.0 0.042272108839824796
1122.0 0.044393271673470736
1123.0 0.04406247171573341
1124.0 0.04373167466837913
1125.0 0.04401483456604183
1126.0 0.04429800028447062
1127.0 0.04780182207468897
1128.0 0.05130564677529037
1129.0 0.055720756063237786
1130.0 0.0601358653511852
1131.0 0.05952817155048251
1132.0 0.05892047192901373
1133.0 0.0615685828961432
1134.0 0.06421669386327267
1135.0 0.06380689446814358
1136.0 0.0633970950730145
1137.0 0.06895791157148778
1138.0 0.07451873971149325
1139.0 0.08117882534861565
1140.0 0.0878388702403754
1141.0 0.09403072181157768
1142.0 0.10022255592048168
1143.0 0.12319487286731601
1144.0 0.14616715488955379
1145.0 0.2944823121652007
1146.0 0.4427975043654442
1147.0 0.9385312907397747
1148.0 1.4342650771141052
1149.0 1.6326745972037315
1150.0 1.8310854211449623
