lsstCam/transmission_filter_detector/r01_s21/z_20/19700101T000000.ecsv
# %ECSV 1.0
# ---
# datatype:
# - {name: wavelength, unit: nm, datatype: float32}
# - {name: efficiency, unit: '%', datatype: float64}
# meta: !!omap
# - {MODE: DETECTOR}
# - {TYPE: transmission_filter_detector}
# - {CALIBDATE: '1970-01-01T00:00:00'}
# - {INSTRUME: LSSTCam}
# - {OBSTYPE: transmission_filter_detector}
# - {CALIBCLS: lsst.ip.isr.IntermediateFilterDetectorTransmissionCurve}
# - {SOURCE: Materion (DM-46256)}
# - {DETECTOR: 7}
# - {FILTER: z_20}
# - {CALIB_ID: 'calibDate=1970-01-01T00:00:00 filter=z_20 detector=7'}
# - {DATE: '2025-04-02T15:59:48.666631'}
# - {CALIB_CREATION_DATE: '2025-04-02'}
# - {CALIB_CREATION_TIME: '15:59:48'}
# - __serialized_columns__:
#     efficiency:
#       __class__: astropy.units.quantity.Quantity
#       unit: !astropy.units.Unit {unit: '%'}
#       value: !astropy.table.SerializedColumn {name: efficiency}
#     wavelength:
#       __class__: astropy.units.quantity.Quantity
#       unit: !astropy.units.Unit {unit: nm}
#       value: !astropy.table.SerializedColumn {name: wavelength}
# schema: astropy-2.0
wavelength efficiency
300.0 0.8760279044508934
301.0 0.5896072369068861
302.0 0.30318673234432936
303.0 0.2957507036626339
304.0 0.28831467498093843
305.0 0.24351291358470917
306.0 0.1987111521884799
307.0 0.18219324992969632
308.0 0.16567534767091274
309.0 0.1459469785913825
310.0 0.12621860951185226
311.0 0.12698653154075146
312.0 0.12775447685271502
313.0 0.11224125046283007
314.0 0.09672805899754167
315.0 0.09534064447507262
316.0 0.09395324159413576
317.0 0.07925753016024828
318.0 0.06456183618865907
319.0 0.06426405161619186
320.0 0.06396626122295856
321.0 0.06305021815933287
322.0 0.06213417509570718
323.0 0.054832472233101726
324.0 0.04753076937049627
325.0 0.04363366460893303
326.0 0.039736562757752836
327.0 0.03901283198501915
328.0 0.03828910121228546
329.0 0.03389872726984322
330.0 0.029508353327400982
331.0 0.026932157925330102
332.0 0.024355958157684654
333.0 0.023566425079479814
334.0 0.022776887635700405
335.0 0.021489610662683845
336.0 0.02020233223447576
337.0 0.024372414918616414
338.0 0.028542490326799452
339.0 0.024520736769773066
340.0 0.02049898903351277
341.0 0.017237641441170126
342.0 0.013976293848827481
343.0 0.013651793415192515
344.0 0.013327294436749071
345.0 0.012538109149318188
346.0 0.011748924589483067
347.0 0.011265209468547255
348.0 0.01078149871318601
349.0 0.013434505672194064
350.0 0.0160875148139894
351.0 0.013235979713499546
352.0 0.010384443157818168
353.0 0.010970834409818053
354.0 0.011557227117009461
355.0 0.009923460311256349
356.0 0.008289696415886283
357.0 0.009308518201578408
358.0 0.010327343625249341
359.0 0.010081721120513976
360.0 0.009836097888182849
361.0 0.00885709305293858
362.0 0.007878090400481597
363.0 0.009160591434920207
364.0 0.010443091014167294
365.0 0.010157482756767422
366.0 0.009871877409750596
367.0 0.008651430835016072
368.0 0.0074309835326857865
369.0 0.007829059177311137
370.0 0.008227136277128011
371.0 0.008207651262637228
372.0 0.008188168430933729
373.0 0.007095776527421549
374.0 0.006003385715303011
375.0 0.006365076114889234
376.0 0.006726766150677577
377.0 0.007105565600795671
378.0 0.007484363595722243
379.0 0.006269506411626935
380.0 0.005054648499935865
381.0 0.003176501195412129
382.0 0.0012983536180399824
383.0 0.0035467011912260205
384.0 0.005795048491563648
385.0 0.005514147051144391
386.0 0.005233245610725135
387.0 0.005902769044041634
388.0 0.0065722939325496554
389.0 0.005817752753500827
390.0 0.00506321266584564
391.0 0.0046880919398972765
392.0 0.004312971213948913
393.0 0.004784825432579964
394.0 0.005256680015008897
395.0 0.004337819336797111
396.0 0.003418958294787444
397.0 0.0036059478588867933
398.0 0.0037929370591882616
399.0 0.004012769204564393
400.0 0.004232600622344762
401.0 0.004772442480316386
402.0 0.005312284338288009
403.0 0.005199219594942406
404.0 0.005086155215394683
405.0 0.004132190588279627
406.0 0.0031782266887603328
407.0 0.0015765230273245834
408.0 1.6488045737755863e-10
409.0 0.001806055661290884
410.0 0.0036372912290971726
411.0 0.004218401954858564
412.0 0.004799512316822074
413.0 0.004732141678687185
414.0 0.004664770312956534
415.0 0.003782993007916957
416.0 0.0029012158847763203
417.0 0.003871575609082356
418.0 0.004841935515287332
419.0 0.004302504385123029
420.0 0.003763073618756607
421.0 0.0036360670492285863
422.0 0.003509060843498446
423.0 0.003621958603616804
424.0 0.003734857455128804
425.0 0.0027053292797063477
426.0 0.001675801286182832
427.0 0.0018686119801714085
428.0 0.0020614228560589254
429.0 0.001320721366937505
430.0 0.0005800202416139655
431.0 0.0007047177859931253
432.0 0.0008294153303722851
433.0 0.0006882976322231116
434.0 0.0005471799340739381
435.0 0.0012373082427075133
436.0 0.0019274366422905587
437.0 0.002019189741986338
438.0 0.002110943023581058
439.0 0.0021495874534593895
440.0 0.0021882320652366616
441.0 0.0015738514775875956
442.0 0.0009594709808879998
443.0 0.0021580277461907826
444.0 0.0033565844205440953
445.0 0.0033342595997964963
446.0 0.0033119347790488973
447.0 0.002611893796711229
448.0 0.0019118524505756795
449.0 0.002567114461271558
450.0 0.003222377199563198
451.0 0.002571652476035524
452.0 0.0019209272068110295
453.0 0.0017908361769514158
454.0 0.0016607453289907426
455.0 0.0023958207748364657
456.0 0.0031308965844800696
457.0 0.0022601936507271603
458.0 0.0013894908988731913
459.0 0.0014815710528637283
460.0 0.0015736512068542652
461.0 0.0007528846253990196
462.0 1.6488045737755863e-10
463.0 0.0009287070497521199
464.0 0.0019252962374594063
465.0 0.0021889425624976866
466.0 0.0024525890694349073
467.0 0.0021308520445018075
468.0 0.0018091144738718867
469.0 0.001634153704799246
470.0 0.0014591928447771352
471.0 0.0013493006008502562
472.0 0.001239408811670728
473.0 0.0012565717952384148
474.0 0.0012737347788061015
475.0 0.0011118464499304537
476.0 0.0009499581210548058
477.0 0.0012969874660484493
478.0 0.0016440166291431524
479.0 0.001987037649087142
480.0 0.0023300584871321917
481.0 0.0018937002096208744
482.0 0.001457341841160087
483.0 0.0009453338861931115
484.0 0.00043332597670087125
485.0 0.0012512010471255053
486.0 0.0020690760720754042
487.0 0.001454600987926824
488.0 0.0008401259037782438
489.0 0.0016464558939333074
490.0 0.0024527855202904902
491.0 0.002308690091012977
492.0 0.0021645944798365235
493.0 0.001976698695216328
494.0 0.001788803274394013
495.0 0.0016059420886449516
496.0 0.0014230811757443007
497.0 0.0012811710803362075
498.0 0.0011392612577765249
499.0 0.0012495554983615875
500.0 0.0013598499208455905
501.0 0.000912549967324594
502.0 0.0004652498773793923
503.0 0.0012500224329414777
504.0 0.0020347950339782983
505.0 0.0022342554075294174
506.0 0.002433715962979477
507.0 0.002290374322910793
508.0 0.002147032500943169
509.0 0.001839432297856547
510.0 0.001531832640466746
511.0 0.00118878288049018
512.0 0.0008457333024125546
513.0 0.0012871378203271888
514.0 0.0017285427020397037
515.0 0.0013235144251666497
516.0 0.0009184866939904168
517.0 0.0009153756764135323
518.0 0.0009122644769377075
519.0 0.0010958717211906333
520.0 0.0012794786016456783
521.0 0.001658090332057327
522.0 0.0020367020624689758
523.0 0.0013866910194337834
524.0 0.000736679976398591
525.0 0.0007835019459889736
526.0 0.0008303240974782966
527.0 0.0012296512977627572
528.0 0.0016289788618450984
529.0 0.0013491149729816243
530.0 0.0010692505384213291
531.0 0.0011476612598926295
532.0 0.0012260718904144596
533.0 0.0008673547199578024
534.0 0.00050863741307694
535.0 0.0011077708222728688
536.0 0.001706904367893003
537.0 0.001673254337219987
538.0 0.0016396041246480308
539.0 0.0011425964657973964
540.0 0.0006455885340983514
541.0 0.000740207315175212
542.0 0.000834826278151013
543.0 0.001280733249586774
544.0 0.0017266402210225351
545.0 0.0011444914889580105
546.0 0.0005623429842671612
547.0 0.001233221064467216
548.0 0.0019040986444451846
549.0 0.0016490215784870088
550.0 0.0013939441487309523
551.0 0.0014466148968494963
552.0 0.0014992853721196298
553.0 0.0013185766874812543
554.0 0.0011378676390449982
555.0 0.0010288917110301554
556.0 0.0009199156011163723
557.0 0.0013288520676724147
558.0 0.001737788443278987
559.0 0.0017189007849083282
560.0 0.0017000127627397887
561.0 0.0015656178220524453
562.0 0.0014312228813651018
563.0 0.0011579578313103411
564.0 0.0008846927812555805
565.0 0.0016773963579908013
566.0 0.0024701004804228432
567.0 0.0028318139811744913
568.0 0.003193527300027199
569.0 0.0030287807021522895
570.0 0.00286403410427738
571.0 0.002657847471709829
572.0 0.002451660475344397
573.0 0.0020114101062063128
574.0 0.0015711601008661091
575.0 0.0020364273950690404
576.0 0.0025016946892719716
577.0 0.002081071215798147
578.0 0.0016604482880211435
579.0 0.0017377435142407194
580.0 0.0018150383766624145
581.0 0.0016332596715074033
582.0 0.0014514806935039815
583.0 0.0019175087800249457
584.0 0.00238353695749538
585.0 0.002559467247920111
586.0 0.002735397720243782
587.0 0.0020601702999556437
588.0 0.001384942606819095
589.0 0.0020593734006979503
590.0 0.0027338042855262756
591.0 0.0019182081814506091
592.0 0.0011026119864254724
593.0 0.0008653290933580138
594.0 0.0006280460183916148
595.0 0.0010746446605480742
596.0 0.0015212432117550634
597.0 0.0014135296623862814
598.0 0.0013058161130174994
599.0 0.0009586008673068136
600.0 0.0006113858489698032
601.0 0.0005118641638546251
602.0 0.0004123423877899768
603.0 0.0008919068932300434
604.0 0.0013714708074985538
605.0 0.0008701404112798627
606.0 0.000368809651263291
607.0 0.0007951147381390911
608.0 0.0012214199159643613
609.0 0.001185879773402121
610.0 0.0011503394489409402
611.0 0.000995678510662401
612.0 0.0008410174814343918
613.0 0.0008098871148831677
614.0 0.0007787565664330032
615.0 0.0012544508535938803
616.0 0.001730145413603168
617.0 0.002186412712035235
618.0 0.002642680010467302
619.0 0.002221113390987739
620.0 0.0017995464077102952
621.0 0.0015337238437496126
622.0 0.00126790127978893
623.0 0.0016076841347967274
624.0 0.0019474671717034653
625.0 0.0017246375136892311
626.0 0.0015018081285234075
627.0 0.0018757373254629783
628.0 0.0022496669771499
629.0 0.0020270766981411725
630.0 0.0018044866010313854
631.0 0.001581393189553637
632.0 0.001358299414278008
633.0 0.001788609370123595
634.0 0.0022189196897670627
635.0 0.005158149724593386
636.0 0.00809737975941971
637.0 0.015449487545993179
638.0 0.02280159678775817
639.0 0.019861519103869796
640.0 0.01692144141998142
641.0 0.014614580140914768
642.0 0.012307721772231162
643.0 0.009861426224233583
644.0 0.007415132859023288
645.0 0.006725102866766974
646.0 0.0060350732383085415
647.0 0.005514560325536877
648.0 0.004994047412765212
649.0 0.004071375587955117
650.0 0.003148703763145022
651.0 0.00363767467206344
652.0 0.004126645944779739
653.0 0.003328609818709083
654.0 0.0025305733288405463
655.0 0.002830390258168336
656.0 0.0031302075512940064
657.0 0.003000073047587648
658.0 0.0028699383619823493
659.0 0.0026962195988744497
660.0 0.00252250083576655
661.0 0.0027043646696256474
662.0 0.0028862279577879235
663.0 0.0019978971977252513
664.0 0.0011095664376625791
665.0 0.00159375777002424
666.0 0.0020779492842848413
667.0 0.002409161243122071
668.0 0.002740373383858241
669.0 0.001987667019420769
670.0 0.0012349607459327672
671.0 0.0009160155968856998
672.0 0.000597070265939692
673.0 0.0013153102372598369
674.0 0.002033550299529452
675.0 0.002125089849869255
676.0 0.0022166292183101177
677.0 0.0019366631022421643
678.0 0.0016566962585784495
679.0 0.0013886649867345113
680.0 0.0011206335329916328
681.0 0.001173707551060943
682.0 0.0012267814781807829
683.0 0.002355570723011624
684.0 0.0034843600587919354
685.0 0.0029000921131228097
686.0 0.0023158248950494453
687.0 0.00173403495864477
688.0 0.0011522449312906247
689.0 0.001471748691983521
690.0 0.0017912521798280068
691.0 0.002122988553310279
692.0 0.0024547247448936105
693.0 0.0028146161639597267
694.0 0.0031745079468237236
695.0 0.0032904026738833636
696.0 0.003406297037145123
697.0 0.003656925036921166
698.0 0.003907552672899328
699.0 0.005724667789763771
700.0 0.007541781815234572
701.0 0.0071299429691862315
702.0 0.006718101940350607
703.0 0.006182727520354092
704.0 0.0056473527365596965
705.0 0.005116141983307898
706.0 0.00458493159385398
707.0 0.0043267129512969404
708.0 0.004068493581144139
709.0 0.004216905654175207
710.0 0.004365317363408394
711.0 0.0038855323509778827
712.0 0.0034057473385473713
713.0 0.002408265027042944
714.0 0.0014107827155385166
715.0 0.002145584221580066
716.0 0.002880385727621615
717.0 0.002505703378119506
718.0 0.0021310208467184566
719.0 0.0016927930118981749
720.0 0.0012545649951789528
721.0 0.001160596548288595
722.0 0.0010666278285498265
723.0 0.0009438970664632507
724.0 0.0008211662134272046
725.0 0.001246637293661479
726.0 0.0016721083738957532
727.0 0.0017137837858172134
728.0 0.0017554588339407928
729.0 0.0018055168766295537
730.0 0.001855575101217255
731.0 0.001435851754649775
732.0 0.0010161286809307057
733.0 0.0009476570085098501
734.0 0.0008791852451395243
735.0 0.0010356984603276942
736.0 0.0011922113117179833
737.0 0.0013842042790201958
738.0 0.0015761968825245276
739.0 0.0012023389899695758
740.0 0.0008284811883640941
741.0 0.000978768821369158
742.0 0.001129056363424752
743.0 0.0015657225958420895
744.0 0.0020023884644615464
745.0 0.0013269532246340532
746.0 0.0006515179393318249
747.0 0.0011679689123411663
748.0 0.0016844198398757726
749.0 0.0023239985239342786
750.0 0.002963577389891725
751.0 0.0029618406188092194
752.0 0.002960103847726714
753.0 0.0029570437618531287
754.0 0.002953983857878484
755.0 0.0019076585886068642
756.0 0.0008613334102847148
757.0 0.0018649039702722803
758.0 0.002868474621209316
759.0 0.002734587906161323
760.0 0.0026007006454165094
761.0 0.00437692942796275
762.0 0.006153158756205812
763.0 0.005696891821571626
764.0 0.005240624523139559
765.0 0.005224036794970743
766.0 0.0052074508857913315
767.0 0.004493726009968668
768.0 0.003780000042752363
769.0 0.003333927088533528
770.0 0.0028878546800115146
771.0 0.0038304293411783874
772.0 0.00477300382044632
773.0 0.004006898598163389
774.0 0.0032407930120825768
775.0 1.6488045737755863e-10
776.0 0.017144656158052385
777.0 1.6488045737755863e-10
778.0 0.029439653735607862
779.0 0.07930586580187082
780.0 1.6488045737755863e-10
781.0 1.6488045737755863e-10
782.0 0.031215319177135825
783.0 1.6488045737755863e-10
784.0 1.6488045737755863e-10
785.0 0.02215852728113532
786.0 1.6488045737755863e-10
787.0 1.6488045737755863e-10
788.0 1.6488045737755863e-10
789.0 1.6488045737755863e-10
790.0 1.6488045737755863e-10
791.0 1.6488045737755863e-10
792.0 0.11728625977411866
793.0 0.0960388220846653
794.0 0.1436033402569592
795.0 0.15211296267807484
796.0 0.0735377601813525
797.0 0.026272714603692293
798.0 0.05553629016503692
799.0 0.14069947646930814
800.0 0.28885132633149624
801.0 0.4760193172842264
802.0 0.9257064200937748
803.0 1.3913854025304317
804.0 2.4022260680794716
805.0 3.603971004486084
806.0 5.433334410190582
807.0 7.492700219154358
808.0 9.89198386669159
809.0 12.856535613536835
810.0 16.149842739105225
811.0 19.399233162403107
812.0 22.322872281074524
813.0 25.6272554397583
814.0 29.306352138519287
815.0 34.04226899147034
816.0 39.39378559589386
817.0 45.47567367553711
818.0 51.67595148086548
819.0 58.196085691452026
820.0 66.10150337219238
821.0 73.3355700969696
822.0 79.13769483566284
823.0 83.98141264915466
824.0 88.34986090660095
825.0 92.63593554496765
826.0 94.77607607841492
827.0 96.85235619544983
828.0 98.72251749038696
829.0 98.83288145065308
830.0 98.6890435218811
831.0 99.11553859710693
832.0 98.76258969306946
833.0 99.56322312355042
834.0 98.14798831939697
835.0 99.3410050868988
836.0 99.45598840713501
837.0 99.00785088539124
838.0 98.34442734718323
839.0 98.2397973537445
840.0 98.6836850643158
841.0 99.39650297164917
842.0 99.19116497039795
843.0 99.72703456878662
844.0 97.75615334510803
845.0 98.59009385108948
846.0 99.1511344909668
847.0 98.75867366790771
848.0 99.89426732063293
849.0 98.87937307357788
850.0 98.14333915710449
851.0 99.13002252578735
852.0 99.32114481925964
853.0 98.58014583587646
854.0 99.94676113128662
855.0 98.57645630836487
856.0 98.91521334648132
857.0 97.98583388328552
858.0 98.54756593704224
859.0 99.35515522956848
860.0 98.4656274318695
861.0 98.89181852340698
862.0 99.03814196586609
863.0 98.3266532421112
864.0 99.43458437919617
865.0 99.51760768890381
866.0 98.94945025444031
867.0 99.34700727462769
868.0 99.59924817085266
869.0 98.92585873603821
870.0 98.20438623428345
871.0 98.69388341903687
872.0 99.40804839134216
873.0 99.20125603675842
874.0 99.75953102111816
875.0 98.91864657402039
876.0 99.09892678260803
877.0 99.22991394996643
878.0 99.13276433944702
879.0 98.70455265045166
880.0 98.48030805587769
881.0 99.68892335891724
882.0 98.67193698883057
883.0 98.99185299873352
884.0 99.2182195186615
885.0 98.61980080604553
886.0 98.9905595779419
887.0 98.46829175949097
888.0 98.90685081481934
889.0 99.44927096366882
890.0 98.19127321243286
891.0 99.40078854560852
892.0 98.61955046653748
893.0 98.43840599060059
894.0 98.32322001457214
