lsstCam/transmission_filter_detector/r43_s20/z_20/19700101T000000.ecsv
# %ECSV 1.0
# ---
# datatype:
# - {name: wavelength, unit: nm, datatype: float32}
# - {name: efficiency, unit: '%', datatype: float64}
# meta: !!omap
# - {MODE: DETECTOR}
# - {TYPE: transmission_filter_detector}
# - {CALIBDATE: '1970-01-01T00:00:00'}
# - {INSTRUME: LSSTCam}
# - {OBSTYPE: transmission_filter_detector}
# - {CALIBCLS: lsst.ip.isr.IntermediateFilterDetectorTransmissionCurve}
# - {SOURCE: Materion (DM-46256)}
# - {DETECTOR: 186}
# - {FILTER: z_20}
# - {CALIB_ID: 'calibDate=1970-01-01T00:00:00 filter=z_20 detector=186'}
# - {DATE: '2025-04-02T15:59:49.503729'}
# - {CALIB_CREATION_DATE: '2025-04-02'}
# - {CALIB_CREATION_TIME: '15:59:49'}
# - __serialized_columns__:
#     efficiency:
#       __class__: astropy.units.quantity.Quantity
#       unit: !astropy.units.Unit {unit: '%'}
#       value: !astropy.table.SerializedColumn {name: efficiency}
#     wavelength:
#       __class__: astropy.units.quantity.Quantity
#       unit: !astropy.units.Unit {unit: nm}
#       value: !astropy.table.SerializedColumn {name: wavelength}
# schema: astropy-2.0
wavelength efficiency
300.0 0.3302852623164654
301.0 0.2990603446960449
302.0 0.26783545035868883
303.0 0.2339550293982029
304.0 0.20007460843771696
305.0 0.18312145257368684
306.0 0.16616829670965672
307.0 0.1577678951434791
308.0 0.1493674935773015
309.0 0.1314197783358395
310.0 0.1134720747359097
311.0 0.1078524044714868
312.0 0.1022327458485961
313.0 0.09483996545895934
314.0 0.08744718506932259
315.0 0.07203251007013023
316.0 0.05661784089170396
317.0 0.05978274275548756
318.0 0.06294763879850507
319.0 0.05922215059399605
320.0 0.05549666821025312
321.0 0.0531587575096637
322.0 0.050820852629840374
323.0 0.04496049077715725
324.0 0.039100131834857166
325.0 0.03793003270402551
326.0 0.036759936483576894
327.0 0.038383284118026495
328.0 0.04000663466285914
329.0 0.03793128707911819
330.0 0.03585593949537724
331.0 0.03355173103045672
332.0 0.0312475225655362
333.0 0.028562199440784752
334.0 0.02587687922641635
335.0 0.025070508127100766
336.0 0.024264132662210613
337.0 0.023309997050091624
338.0 0.022355861437972635
339.0 0.01990259625017643
340.0 0.017449332517571747
341.0 0.01654877414694056
342.0 0.01564821577630937
343.0 0.017159010167233646
344.0 0.018669803102966398
345.0 0.016612470790278167
346.0 0.014555138477589935
347.0 0.014201417798176408
348.0 0.013847698573954403
349.0 0.013095956819597632
350.0 0.01234421506524086
351.0 0.0119687887490727
352.0 0.011593359522521496
353.0 0.010817702423082665
354.0 0.010042044596048072
355.0 0.009589755063643679
356.0 0.00913746771402657
357.0 0.009493342076893896
358.0 0.009849218622548506
359.0 0.008967152825789526
360.0 0.008085087756626308
361.0 0.00874885663506575
362.0 0.00941262478590943
363.0 0.009025044710142538
364.0 0.00863746099639684
365.0 0.00885069603100419
366.0 0.009063929610420018
367.0 0.008386641275137663
368.0 0.007709352212259546
369.0 0.007888743130024523
370.0 0.008068135502981022
371.0 0.008583398448536173
372.0 0.009098661394091323
373.0 0.0072583679866511375
374.0 0.00541807348781731
375.0 0.00600021994614508
376.0 0.006582366768270731
377.0 0.00628602210781537
378.0 0.005989678538753651
379.0 0.006000213397783227
380.0 0.006010747529217042
381.0 0.004967036147718318
382.0 0.003923324402421713
383.0 0.004534431354841217
384.0 0.005145538307260722
385.0 0.005049544051871635
386.0 0.004953549796482548
387.0 0.004455338421394117
388.0 0.003957127410103567
389.0 0.004007921234006062
390.0 0.004058714694110677
391.0 0.004116608761250973
392.0 0.004174502464593388
393.0 0.003934366031899117
394.0 0.0036942295992048457
395.0 0.003582693898351863
396.0 0.003471158561296761
397.0 0.0036894551158184186
398.0 0.003907752034137957
399.0 0.004370853639557026
400.0 0.004833955244976096
401.0 0.003994270446128212
402.0 0.003154585647280328
403.0 0.003697137435665354
404.0 0.004239689587848261
405.0 0.004180087489658035
406.0 0.00412048539146781
407.0 0.0034352135116932914
408.0 0.0027499412681208923
409.0 0.002769098682620097
410.0 0.002788255915220361
411.0 0.002913115531555377
412.0 0.0030379751478903927
413.0 0.0039680759073235095
414.0 0.004898176121059805
415.0 0.004403889397508465
416.0 0.003909602673957124
417.0 0.0029610184355988167
418.0 0.00201243474293733
419.0 0.002994693750224542
420.0 0.003976952575612813
421.0 0.003728003503056243
422.0 0.003479054066701792
423.0 0.003203847518307157
424.0 0.0029286404242157005
425.0 0.002786018194456119
426.0 0.0026433959646965377
427.0 0.0018846012608264573
428.0 0.0011258068298047874
429.0 0.0013035164556640666
430.0 0.0014812263543717563
431.0 0.00143834740811144
432.0 0.001395468552800594
433.0 0.0016639491150272079
434.0 0.0019324295863043517
435.0 0.00251167675742181
436.0 0.0030909239285392687
437.0 0.0025618090148782358
438.0 0.0020326939193182625
439.0 0.0019125851395074278
440.0 0.001792475813999772
441.0 0.0015196767890301999
442.0 0.0012468775821616873
443.0 0.0014411569281946868
444.0 0.001635436638025567
445.0 0.001955388688656967
446.0 0.0022753407392883673
447.0 0.0027607942683971487
448.0 0.00324624779750593
449.0 0.0025014996936079115
450.0 0.0017567514078109525
451.0 0.0017467595171183348
452.0 0.001736767626425717
453.0 0.0021294325051712804
454.0 0.0025220973839168437
455.0 0.00226921183639206
456.0 0.0020163264707662165
457.0 0.0019700481061590835
458.0 0.001923769923450891
459.0 0.001999047708522994
460.0 0.002074325857392978
461.0 0.001773505391611252
462.0 0.0014726850167789962
463.0 0.001231560599990189
464.0 0.0009904360013024416
465.0 0.001343714575341437
466.0 0.001696992876532022
467.0 0.0012789657375833485
468.0 0.0008609383257862646
469.0 0.0007717662811046466
470.0 0.0006825941909482935
471.0 0.0008888937372830696
472.0 0.001095193420042051
473.0 0.001347986744804075
474.0 0.0016007799786166288
475.0 0.0015919424185995013
476.0 0.001583105040481314
477.0 0.00155999277922092
478.0 0.0015368806998594664
479.0 0.0013068893167655915
480.0 0.001076898115570657
481.0 0.0008774325578997377
482.0 0.0006779670457035536
483.0 0.0008157509000739083
484.0 0.0009535346180200577
485.0 0.000912187260837527
486.0 0.0008708399946044665
487.0 0.0010868584467971232
488.0 0.0013028770808887202
489.0 0.001546340536151547
490.0 0.0017898039004649036
491.0 0.001239919765794184
492.0 0.0006900357675476698
493.0 0.0010913884580077138
494.0 0.0014927411939424928
495.0 0.001137126764660934
496.0 0.0007815126991772559
497.0 0.0009891113222693093
498.0 0.0011967101272603031
499.0 0.001305224395764526
500.0 0.0014137386642687488
501.0 0.0013240780390333384
502.0 0.0012344172318989877
503.0 0.0011258500308031216
504.0 0.0010172827387577854
505.0 0.001444903955416521
506.0 0.0018725251720752567
507.0 0.001812997470551636
508.0 0.0017534697690280154
509.0 0.0016099102140287869
510.0 0.0014663506590295583
511.0 0.001325167977483943
512.0 0.0011839851140393876
513.0 0.0010605939678498544
514.0 0.0009372026397613809
515.0 0.0009174432307190727
516.0 0.0008976838216767646
517.0 0.0009634899470256642
518.0 0.0010292961633240338
519.0 0.0013159760783310048
520.0 0.0016026559023885056
521.0 0.001608021921128966
522.0 0.0016133879398694262
523.0 0.0013157479770598002
524.0 0.001018107923300704
525.0 0.0008073914614215028
526.0 0.0005966750904917717
527.0 0.0010529850442253519
528.0 0.001509294997958932
529.0 0.001407546915288549
530.0 0.001305798923567636
531.0 0.0014674973499495536
532.0 0.0016291958672809415
533.0 0.0013676693924935535
534.0 0.0011061429177061655
535.0 0.0014171794646244962
536.0 0.0017282163753407076
537.0 0.001540676566946786
538.0 0.001353136667603394
539.0 0.001231910391652491
540.0 0.001110684206651058
541.0 0.0012220523785799742
542.0 0.0013334204595594201
543.0 0.001064647949533537
544.0 0.0007958755304571241
545.0 0.0008116302524285857
546.0 0.0008273850653495174
547.0 0.0014146110515866894
548.0 0.0020018369468743913
549.0 0.0019018065358977765
550.0 0.001801775761123281
551.0 0.0019388309738133103
552.0 0.002075885822705459
553.0 0.0020298457457101904
554.0 0.001983805668714922
555.0 0.001453949425922474
556.0 0.0009240928193321452
557.0 0.0011947798157052603
558.0 0.0014654669030278455
559.0 0.0015856683603487909
560.0 0.0017058700905181468
561.0 0.0013888974535802845
562.0 0.001071924725692952
563.0 0.0012802424862456974
564.0 0.0014885602467984427
565.0 0.001534064176667016
566.0 0.0015795680155861191
567.0 0.0019582390450523235
568.0 0.002336910074518528
569.0 0.0024123302864609286
570.0 0.002487750316504389
571.0 0.002520344060030766
572.0 0.0025529376216582023
573.0 0.0023908158254926093
574.0 0.0022286942112259567
575.0 0.0021423178623081185
576.0 0.00205594133149134
577.0 0.002153863897547126
578.0 0.002251786099805031
579.0 0.001945405347214546
580.0 0.0016390249584219418
581.0 0.0016081283320090733
582.0 0.0015772318874951452
583.0 0.001694063757895492
584.0 0.0018108954463968985
585.0 0.0018780192476697266
586.0 0.001945142685144674
587.0 0.002139453135896474
588.0 0.002333763586648274
589.0 0.0022887725208420306
590.0 0.002243781455035787
591.0 0.0021023999579483643
592.0 0.0019610188246588223
593.0 0.0017345390006084926
594.0 0.001508059176558163
595.0 0.0012408157999743707
596.0 0.0009735726052895188
597.0 0.0011664649719023146
598.0 0.0013593576113635208
599.0 0.001186490317195421
600.0 0.0010136231139767915
601.0 0.0009746860087034293
602.0 0.000935748903430067
603.0 0.001096183495974401
604.0 0.0012566179066197947
605.0 0.0009176792445941828
606.0 0.000578740582568571
607.0 0.0008091590643743984
608.0 0.0010395772733318154
609.0 0.000969223583524581
610.0 0.0008988698027678765
611.0 0.0009254220458387863
612.0 0.0009519743798591662
613.0 0.0007350980013143271
614.0 0.0005182216682442231
615.0 0.001017474369291449
616.0 0.00151672711581341
617.0 0.0014459669728239533
618.0 0.0013752069207839668
619.0 0.001266822528123157
620.0 0.0011584380445128772
621.0 0.0013897868484491482
622.0 0.001621135561435949
623.0 0.0014761564671061933
624.0 0.0013311771908774972
625.0 0.0016221463738474995
626.0 0.0019131153749185614
627.0 0.0021083511455799453
628.0 0.0023035870981402695
629.0 0.002318352198926732
630.0 0.002333117663511075
631.0 0.0024471457436447963
632.0 0.0025611738237785175
633.0 0.003098946763202548
634.0 0.0036367197026265785
635.0 0.006229416612768546
636.0 0.008822113886708394
637.0 0.015858004917390645
638.0 0.02289389813086018
639.0 0.01983531255973503
640.0 0.016776725533418357
641.0 0.014706981892231852
642.0 0.012637236795853823
643.0 0.009165912342723459
644.0 0.005694584979210049
645.0 0.005706664524041116
646.0 0.005718744432670064
647.0 0.00555715560039971
648.0 0.005395567131927237
649.0 0.004325693225837313
650.0 0.0032558189559495077
651.0 0.003092713450314477
652.0 0.002929607580881566
653.0 0.0028432146791601554
654.0 0.0027568219593376853
655.0 0.0023565004084957764
656.0 0.001956179221451748
657.0 0.0020312570995884016
658.0 0.0021063347958261147
659.0 0.0022294327209237963
660.0 0.002352530646021478
661.0 0.002221114482381381
662.0 0.0020896985006402247
663.0 0.002070273694698699
664.0 0.0020508487068582326
665.0 0.0018918710338766687
666.0 0.0017328937246929854
667.0 0.0018254140741191804
668.0 0.0019179347873432562
669.0 0.001740188235999085
670.0 0.0015624416846549138
671.0 0.0015652762158424594
672.0 0.0015681107470300049
673.0 0.0014370014469022863
674.0 0.0013058920558250975
675.0 0.0011289664143987466
676.0 0.0009520406820229255
677.0 0.001106976833398221
678.0 0.0012619129847735167
679.0 0.0013525372196454555
680.0 0.0014431615454668645
681.0 0.0017285236026509665
682.0 0.0020138857507845387
683.0 0.0024398612367804162
684.0 0.0028658367227762938
685.0 0.0028494840080384165
686.0 0.0028331309295026585
687.0 0.002660243262653239
688.0 0.002487354868208058
689.0 0.002286569906573277
690.0 0.0020857849449384958
691.0 0.0025280378395109437
692.0 0.0029702907340833917
693.0 0.003126231604255736
694.0 0.0032821728382259607
695.0 0.003368357283761725
696.0 0.003454541729297489
697.0 0.0036071149224881083
698.0 0.003759687751880847
699.0 0.005283534846967086
700.0 0.006807380123063922
701.0 0.0067098291765432805
702.0 0.006612278230022639
703.0 0.006013609527144581
704.0 0.0054149415518622845
705.0 0.004654091026168317
706.0 0.0038932408642722294
707.0 0.003482434476609342
708.0 0.0030716277251485735
709.0 0.003563442442100495
710.0 0.004055257159052417
711.0 0.0035954173654317856
712.0 0.0031355772080132738
713.0 0.002363991006859578
714.0 0.0015924046238069423
715.0 0.0018589676983538084
716.0 0.002125530591001734
717.0 0.002204419070039876
718.0 0.002283307367179077
719.0 0.0023619812054676004
720.0 0.002440655225655064
721.0 0.0018483444364392199
722.0 0.0012560339200717863
723.0 0.0016028003301471472
724.0 0.0019495668311719783
725.0 0.0016477471945108846
726.0 0.0013459272850013804
727.0 0.0016649912140564993
728.0 0.0019840554159600288
729.0 0.0018254424503538758
730.0 0.0016668298485456035
731.0 0.0019441826225374825
732.0 0.002221535032731481
733.0 0.002008021510846447
734.0 0.0017945078070624731
735.0 0.0012521941243903711
736.0 0.000709880396243534
737.0 0.0009870850590232294
738.0 0.0012642894034797791
739.0 0.0012748875633405987
740.0 0.0012854852684540674
741.0 0.0012635866369237192
742.0 0.0012416878234944306
743.0 0.0013254477380542085
744.0 0.0014092077435634565
745.0 0.0017493150153313763
746.0 0.002089422196149826
747.0 0.002305296220583841
748.0 0.0025211704269167967
749.0 0.0030722996598342434
750.0 0.0036234290746506304
751.0 0.003694555562105961
752.0 0.0037656824133591726
753.0 0.0033144991903100163
754.0 0.002863316512957681
755.0 0.0030710420105606318
756.0 0.003278767690062523
757.0 0.002823812792485114
758.0 0.002368857713008765
759.0 0.002912580930569675
760.0 0.003456303966231644
761.0 0.005017681905883364
762.0 0.006579062028322369
763.0 0.006288473377935588
764.0 0.005997884363750927
765.0 0.005531159331439994
766.0 0.0050644335715333
767.0 0.004788446312886663
768.0 0.004512459054240026
769.0 0.004487465776037425
770.0 0.004462472497834824
771.0 0.004218760659568943
772.0 0.003975049185100943
773.0 0.0040754945075605065
774.0 0.00417593983002007
775.0 1.7204597121955878e-10
776.0 1.7204597121955878e-10
777.0 1.7204597121955878e-10
778.0 1.7204597121955878e-10
779.0 0.022598418581765145
780.0 1.7204597121955878e-10
781.0 1.7204597121955878e-10
782.0 1.7204597121955878e-10
783.0 1.7204597121955878e-10
784.0 1.7204597121955878e-10
785.0 0.01724897447274998
786.0 1.7204597121955878e-10
787.0 1.7204597121955878e-10
788.0 1.7204597121955878e-10
789.0 0.033406473812647164
790.0 1.7204597121955878e-10
791.0 0.08388221613131464
792.0 0.014411142910830677
793.0 0.04608273156918585
794.0 0.07575790514238179
795.0 0.028457530424930155
796.0 0.02157155831810087
797.0 0.0030033143048058264
798.0 0.04873458528891206
799.0 0.269982498139143
800.0 0.5124506540596485
801.0 0.8309396915137768
802.0 1.2646565213799477
803.0 2.2379517555236816
804.0 3.572019562125206
805.0 5.102566257119179
806.0 7.236310839653015
807.0 9.756500273942947
808.0 12.864083051681519
809.0 15.735551714897156
810.0 19.042211771011353
811.0 21.97027951478958
812.0 25.594115257263184
813.0 30.092853307724
814.0 34.7203403711319
815.0 40.20521938800812
816.0 46.198394894599915
817.0 52.9668390750885
818.0 59.7844123840332
819.0 66.36621356010437
820.0 74.22294020652771
821.0 80.50574660301208
822.0 85.694020986557
823.0 89.10347819328308
824.0 93.33098530769348
825.0 95.65126299858093
826.0 97.04511165618896
827.0 98.17947745323181
828.0 99.16356801986694
829.0 99.22089576721191
830.0 98.6207127571106
831.0 99.1106390953064
832.0 98.21171164512634
833.0 99.2502212524414
834.0 98.54236245155334
835.0 98.74171614646912
836.0 98.83170127868652
837.0 98.86139035224915
838.0 97.70902395248413
839.0 97.98974394798279
840.0 98.55272769927979
841.0 99.4385838508606
842.0 99.59041476249695
843.0 99.47567582130432
844.0 97.78589606285095
845.0 98.48728775978088
846.0 98.82810711860657
847.0 98.60920310020447
848.0 99.61525797843933
849.0 98.91958832740784
850.0 98.31909537315369
851.0 99.1428792476654
852.0 99.2491066455841
853.0 98.53715896606445
854.0 99.44642782211304
855.0 98.26832413673401
856.0 98.77804517745972
857.0 97.76103496551514
858.0 98.2842206954956
859.0 99.50719475746155
860.0 98.54757189750671
861.0 98.77554178237915
862.0 98.96378517150879
863.0 98.45759272575378
864.0 99.63364005088806
865.0 99.966299533844
866.0 98.7148642539978
867.0 99.11692142486572
868.0 99.38337802886963
869.0 98.83124232292175
870.0 98.14231991767883
871.0 98.72857928276062
872.0 99.16618466377258
873.0 98.6469030380249
874.0 99.44385886192322
875.0 98.9712655544281
876.0 99.0039587020874
877.0 99.29984211921692
878.0 99.20194745063782
879.0 98.19743633270264
880.0 98.5583484172821
881.0 99.84021186828613
882.0 98.68655204772949
883.0 98.54342937469482
884.0 99.22352433204651
885.0 98.95897507667542
886.0 98.56700897216797
887.0 98.19003343582153
888.0 98.809152841568
889.0 99.43718314170837
890.0 98.21745157241821
891.0 99.41880702972412
892.0 98.3436644077301
893.0 98.30656051635742
894.0 98.15347194671631
895.0 99.24917221069336
896.0 98.94431233406067
