lsstCam/transmission_filter_detector/r43_s20/z_20/19700101T000000.ecsv
# %ECSV 1.0
# ---
# datatype:
# - {name: wavelength, unit: nm, datatype: float32}
# - {name: efficiency, unit: '%', datatype: float64}
# meta: !!omap
# - {MODE: DETECTOR}
# - {TYPE: transmission_filter_detector}
# - {CALIBDATE: '1970-01-01T00:00:00'}
# - {INSTRUME: LSSTCam}
# - {OBSTYPE: transmission_filter_detector}
# - {CALIBCLS: lsst.ip.isr.IntermediateFilterDetectorTransmissionCurve}
# - {SOURCE: Materion (DM-46256)}
# - {DETECTOR: 186}
# - {FILTER: z_20}
# - {CALIB_ID: 'calibDate=1970-01-01T00:00:00 filter=z_20 detector=186'}
# - {DATE: '2025-04-02T15:59:49.503729'}
# - {CALIB_CREATION_DATE: '2025-04-02'}
# - {CALIB_CREATION_TIME: '15:59:49'}
# - __serialized_columns__:
#     efficiency:
#       __class__: astropy.units.quantity.Quantity
#       unit: !astropy.units.Unit {unit: '%'}
#       value: !astropy.table.SerializedColumn {name: efficiency}
#     wavelength:
#       __class__: astropy.units.quantity.Quantity
#       unit: !astropy.units.Unit {unit: nm}
#       value: !astropy.table.SerializedColumn {name: wavelength}
# schema: astropy-2.0
wavelength efficiency
[from data line 598]
898.0 98.63851070404053
899.0 98.49166870117188
900.0 98.69287610054016
901.0 98.97644519805908
902.0 99.12746548652649
903.0 98.785001039505
904.0 97.55310416221619
905.0 98.30330014228821
906.0 97.72825241088867
907.0 98.27258586883545
908.0 97.87654876708984
909.0 98.17625880241394
910.0 97.71472811698914
911.0 96.72727584838867
912.0 95.54553031921387
913.0 94.04615759849548
914.0 91.93576574325562
915.0 89.16179537773132
916.0 87.01291084289551
917.0 85.50683259963989
918.0 81.94491863250732
919.0 80.79642653465271
920.0 76.83543562889099
921.0 72.53550291061401
922.0 67.52623915672302
923.0 61.40030026435852
924.0 56.015998125076294
925.0 50.64806938171387
926.0 43.96345317363739
927.0 36.502376198768616
928.0 30.55996596813202
929.0 24.514515697956085
930.0 19.052892923355103
931.0 14.261794090270996
932.0 9.341784566640854
933.0 5.714019387960434
934.0 3.5021625459194183
935.0 2.2227581590414047
936.0 1.1378079652786255
937.0 0.6908301264047623
938.0 0.43562762439250946
939.0 0.42617558501660824
940.0 0.2681806683540344
941.0 0.0048071364290080965
942.0 1.7204597121955878e-10
943.0 0.3365201875567436
944.0 1.7204597121955878e-10
945.0 1.7204597121955878e-10
946.0 1.7204597121955878e-10
947.0 0.06941671599633992
948.0 1.7204597121955878e-10
949.0 1.7204597121955878e-10
950.0 0.05260326433926821
951.0 0.02571496879681945
952.0 1.7204597121955878e-10
953.0 1.7204597121955878e-10
954.0 1.7204597121955878e-10
955.0 0.03872149682138115
956.0 1.7204597121955878e-10
957.0 1.7204597121955878e-10
958.0 0.06069138180464506
959.0 0.07371084648184478
960.0 0.07241233834065497
961.0 0.018142684712074697
962.0 1.7204597121955878e-10
963.0 1.7204597121955878e-10
964.0 1.7204597121955878e-10
965.0 0.012391232303343713
966.0 1.7204597121955878e-10
967.0 0.059470662381500006
968.0 1.7204597121955878e-10
969.0 1.7204597121955878e-10
970.0 0.010893841681536287
971.0 0.03128383541479707
972.0 1.7204597121955878e-10
973.0 1.7204597121955878e-10
974.0 1.7204597121955878e-10
975.0 1.7204597121955878e-10
976.0 0.005383987809182145
977.0 0.0053305895562516525
978.0 0.005277191667119041
979.0 0.005177398634259589
980.0 0.005077605237602256
981.0 0.004982387690688483
982.0 0.004887169416178949
983.0 0.004746640479424968
984.0 0.0046061115426709875
985.0 0.004633908974938095
986.0 0.004661706771003082
987.0 0.004554441693471745
988.0 0.004447176979738288
989.0 0.004315860496717505
990.0 0.004184544013696723
991.0 0.004191386324237101
992.0 0.004198228270979598
993.0 0.004231288403389044
994.0 0.00426434853579849
995.0 0.004156638897256926
996.0 0.004048929622513242
997.0 0.003987675881944597
998.0 0.003926421777578071
999.0 0.003844064849545248
1000.0 0.003761707921512425
1001.0 0.0036986657505622134
1002.0 0.0036356235796120018
1003.0 0.003684323382913135
1004.0 0.003733023550012149
1005.0 0.0036410056054592133
1006.0 0.0035489880247041583
1007.0 0.0036773191823158413
1008.0 0.0038056499761296436
1009.0 0.003795225711655803
1010.0 0.003784801810979843
1011.0 0.0037219171645119786
1012.0 0.003659032518044114
1013.0 0.0038166181184351444
1014.0 0.003974203355028294
1015.0 0.0037919213355053216
1016.0 0.00360963967978023
1017.0 0.003601556090870872
1018.0 0.0035934721381636336
1019.0 0.003555484363459982
1020.0 0.0035174962249584496
1021.0 0.0035830973502015695
1022.0 0.0036486981116468087
1023.0 0.003820409983745776
1024.0 0.003992122219642624
1025.0 0.004010714837932028
1026.0 0.004029307820019312
1027.0 0.003985208968515508
1028.0 0.0039411101170117036
1029.0 0.004039728810312226
1030.0 0.004138347503612749
1031.0 0.004154536145506427
1032.0 0.004170724423602223
1033.0 0.004306789924157783
1034.0 0.004442855424713343
1035.0 0.004230743070365861
1036.0 0.00401863144361414
1037.0 0.004229707701597363
1038.0 0.004440783595782705
1039.0 0.004518298010225408
1040.0 0.004595812788465992
1041.0 0.004746337071992457
1042.0 0.004896861355518922
1043.0 0.005014254202251323
1044.0 0.005131646685185842
1045.0 0.005272872658679262
1046.0 0.005414098632172681
1047.0 0.005406395212048665
1048.0 0.005398692155722529
1049.0 0.005528052497538738
1050.0 0.0056574124755570665
1051.0 0.005715441875508986
1052.0 0.005773471639258787
1053.0 0.005943275755271316
1054.0 0.00611307768849656
1055.0 0.006108733214205131
1056.0 0.006104388012317941
1057.0 0.006270076119108126
1058.0 0.0064357642258983105
1059.0 0.006995440344326198
1060.0 0.007555117190349847
1061.0 0.007525351247750223
1062.0 0.0074955874879378825
1063.0 0.007646578887943178
1064.0 0.007797567377565429
1065.0 0.007777317659929395
1066.0 0.007757068669889122
1067.0 0.007813734555384144
1068.0 0.007870403351262212
1069.0 0.008355666068382561
1070.0 0.008840930240694433
1071.0 0.009159266483038664
1072.0 0.009477603452978656
1073.0 0.009459267312195152
1074.0 0.009440930443815887
1075.0 0.010146114800591022
1076.0 0.01085130061255768
1077.0 0.010830402607098222
1078.0 0.010809504601638764
1079.0 0.01133411715272814
1080.0 0.011858729703817517
1081.0 0.011459800589364022
1082.0 0.01106087293010205
1083.0 0.011697260924847797
1084.0 0.012333653285168111
1085.0 0.012769487511832267
1086.0 0.013205323193687946
1087.0 0.013157265493646264
1088.0 0.013109210703987628
1089.0 0.013782241148874164
1090.0 0.014455274504143745
1091.0 0.014605819887947291
1092.0 0.014756365271750838
1093.0 0.014790243585593998
1094.0 0.01482411753386259
1095.0 0.01567202270962298
1096.0 0.01651992934057489
1097.0 0.01730372168822214
1098.0 0.01808751403586939
1099.0 0.01890351268230006
1100.0 0.019719508418347687
1101.0 0.02033970959018916
1102.0 0.020959916582796723
1103.0 0.021309073781594634
1104.0 0.02165823243558407
1105.0 0.02228134108008817
1106.0 0.02290444972459227
1107.0 0.02373469469603151
1108.0 0.024564939667470753
1109.0 0.024922681041061878
1110.0 0.025280422414653003
1111.0 0.025745094171725214
1112.0 0.026209765928797424
1113.0 0.027249247068539262
1114.0 0.0282887282082811
1115.0 0.028671155450865626
1116.0 0.029053582693450153
1117.0 0.02940119302365929
1118.0 0.02974880626425147
1119.0 0.030909961787983775
1120.0 0.032071114401333034
1121.0 0.03516368451528251
1122.0 0.038256251718848944
1123.0 0.03618372429627925
1124.0 0.034111199784092605
1125.0 0.03710162709467113
1126.0 0.04009205149486661
1127.0 0.04100505611859262
1128.0 0.041918063652701676
1129.0 0.04293742240406573
1130.0 0.04395678115542978
1131.0 0.04979787627235055
1132.0 0.055638974299654365
1133.0 0.05608123610727489
1134.0 0.056523497914895415
1135.0 0.06309940363280475
1136.0 0.06967530935071409
1137.0 0.07930046995170414
1138.0 0.08892562473192811
1139.0 0.11941451812162995
1140.0 0.14990342315286398
1141.0 0.24045594036579132
1142.0 0.331008480861783
1143.0 0.6193963345140219
1144.0 0.907784141600132
1145.0 1.2989073060452938
1146.0 1.6900304704904556
1147.0 1.893640123307705
1148.0 2.0972495898604393
1149.0 2.6477815583348274
1150.0 3.1983129680156708
