lsstCam/transmission_filter_detector/r20_s02/g_6/19700101T000000.ecsv
# %ECSV 1.0
# ---
# datatype:
# - {name: wavelength, unit: nm, datatype: float32}
# - {name: efficiency, unit: '%', datatype: float64}
# meta: !!omap
# - {MODE: DETECTOR}
# - {TYPE: transmission_filter_detector}
# - {CALIBDATE: '1970-01-01T00:00:00'}
# - {INSTRUME: LSSTCam}
# - {OBSTYPE: transmission_filter_detector}
# - {CALIBCLS: lsst.ip.isr.IntermediateFilterDetectorTransmissionCurve}
# - {SOURCE: Materion (DM-46256)}
# - {DETECTOR: 74}
# - {FILTER: g_6}
# - {CALIB_ID: 'calibDate=1970-01-01T00:00:00 filter=g_6 detector=74'}
# - {DATE: '2025-04-02T15:59:42.371205'}
# - {CALIB_CREATION_DATE: '2025-04-02'}
# - {CALIB_CREATION_TIME: '15:59:42'}
# - __serialized_columns__:
#     efficiency:
#       __class__: astropy.units.quantity.Quantity
#       unit: !astropy.units.Unit {unit: '%'}
#       value: !astropy.table.SerializedColumn {name: efficiency}
#     wavelength:
#       __class__: astropy.units.quantity.Quantity
#       unit: !astropy.units.Unit {unit: nm}
#       value: !astropy.table.SerializedColumn {name: wavelength}
# schema: astropy-2.0
wavelength efficiency
[from data line 608]
908.0 0.00042436854528205004
909.0 0.0003413774493310484
910.0 0.0003138222837151261
911.0 0.00028626714083657134
912.0 0.000429627698395052
913.0 0.0005729882104787976
914.0 0.0004003427875431953
915.0 0.00022769741008232813
916.0 0.0002340175797144184
917.0 0.00024033770387177356
918.0 0.0003099323294009082
919.0 0.00037952695493004285
920.0 0.0004235432243149262
921.0 0.0004675595391745446
922.0 0.0005603430508926976
923.0 0.0006531265626108507
924.0 0.0005499250164575642
925.0 0.00044672342482954264
926.0 0.0005581244295171928
927.0 0.0006695255706290482
928.0 0.000623410733169294
929.0 0.0005772959411842749
930.0 0.0005297654752212111
931.0 0.00048223496378341224
932.0 0.0005335814876161749
933.0 0.0005849280114489375
934.0 0.0004762320259033004
935.0 0.00036753601762029575
936.0 0.000476354443890159
937.0 0.0005851728928973898
938.0 0.0006041678261681227
939.0 0.0006231628503883258
940.0 0.00058672221712186
941.0 0.000550281447431189
942.0 0.0006812622814322822
943.0 0.0008122431609081104
944.0 0.0007398329671559623
945.0 0.0006674227734038141
946.0 0.0006599715106858639
947.0 0.0006525201570184436
948.0 0.0009545293323753867
949.0 0.0012565387805807404
950.0 0.001081103164324304
951.0 0.0009056675480678678
952.0 0.0009420553396921605
953.0 0.0009784431313164532
954.0 0.0008894866368791554
955.0 0.0008005301424418576
956.0 0.0007257897777890321
957.0 0.0006510492312372662
958.0 0.0007397424269584008
959.0 0.0008284355317300651
960.0 0.000723236053090659
961.0 0.0006180363925523125
962.0 0.0006353903245326364
963.0 0.0006527442110382253
964.0 0.0006779368050047196
965.0 0.0007031292625470087
966.0 0.0006951008799660485
967.0 0.0006870724064356182
968.0 0.000707647814124357
969.0 0.0007282232218130957
970.0 0.0007157755590014858
971.0 0.0007033278961898759
972.0 0.0008185687875084113
973.0 0.0009338096788269468
974.0 0.0008917267223296221
975.0 0.000849644038680708
976.0 0.0008675697245053016
977.0 0.0008854956831783056
978.0 0.0009490667252975982
979.0 0.0010126377674168907
980.0 0.0010312268386769574
981.0 0.0010498159099370241
982.0 0.0009680027687863912
983.0 0.0008861896276357584
984.0 0.0009278069228457753
985.0 0.0009694243999547325
986.0 0.0011239928426221013
987.0 0.0012785611033905298
988.0 0.0013838684935763013
989.0 0.0014891754290147219
990.0 0.0015102559700608253
991.0 0.0015313364201574586
992.0 0.0014789721717534121
993.0 0.0014266080142988358
994.0 0.0013819054402119946
995.0 0.001337203138973564
996.0 0.0012325056559348013
997.0 0.001127808354794979
998.0 0.0012592284292622935
999.0 0.0013906486856285483
1000.0 0.0013683848919754382
1001.0 0.0013461210983223282
1002.0 0.0013141690942575224
1003.0 0.0012822171811421867
1004.0 0.0012335143765085377
1005.0 0.0011848115718748886
1006.0 0.0014346448551805224
1007.0 0.0016844782294356264
1008.0 0.0016569078070460819
1009.0 0.0016293379303533584
1010.0 0.0017762798961484805
1011.0 0.001923222043842543
1012.0 0.0020232868337188847
1013.0 0.0021233516235952266
1014.0 0.0021405356164905243
1015.0 0.0021577197912847623
1016.0 0.0024658624170115218
1017.0 0.002774005406536162
1018.0 0.0029869746867916547
1019.0 0.0031999439670471475
1020.0 0.0033196753065567464
1021.0 0.0034394062822684646
1022.0 0.00368319742847234
1023.0 0.003926988938474096
1024.0 0.00408957785111852
1025.0 0.0042521667637629434
1026.0 0.004382280530990101
1027.0 0.004512393934419379
1028.0 0.00465402081317734
1029.0 0.004795647691935301
1030.0 0.004871080091106705
1031.0 0.004946512126480229
1032.0 0.005313185465638526
1033.0 0.005679858440998942
1034.0 0.005567037806031294
1035.0 0.005454217534861527
1036.0 0.00555112274014391
1037.0 0.005648027217830531
1038.0 0.005878755109733902
1039.0 0.006109482637839392
1040.0 0.006400620623026043
1041.0 0.006691757880616933
1042.0 0.006956732977414504
1043.0 0.007221707346616313
1044.0 0.00743620767025277
1045.0 0.007650707266293466
1046.0 0.008722252823645249
1047.0 0.00979379765340127
1048.0 0.011334574082866311
1049.0 0.012875348329544067
1050.0 0.01521653903182596
1051.0 0.017557726823724806
1052.0 0.021432442008517683
1053.0 0.02530716301407665
1054.0 0.03033477405551821
1055.0 0.035362388007342815
1056.0 0.04218565009068698
1057.0 0.04900891217403114
1058.0 0.05678785964846611
1059.0 0.06456680130213499
1060.0 0.07210098556242883
1061.0 0.07963514653965831
1062.0 0.08683605119585991
1063.0 0.09403692092746496
1064.0 0.09973358828574419
1065.0 0.10543023236095905
1066.0 0.11153832310810685
1067.0 0.11764642549678683
1068.0 0.12464586179703474
1069.0 0.13164534466341138
1070.0 0.14227457577362657
1071.0 0.15290380688384175
1072.0 0.16520654316991568
1073.0 0.17750925617292523
1074.0 0.19058772595599294
1075.0 0.2036662306636572
1076.0 0.21669520065188408
1077.0 0.2297241473570466
1078.0 0.24288410786539316
1079.0 0.25604404509067535
1080.0 0.2734725596383214
1081.0 0.2909010509029031
1082.0 0.3186569083482027
1083.0 0.34641274251043797
1084.0 0.386742246337235
1085.0 0.427071750164032
1086.0 0.46265735290944576
1087.0 0.4982429090887308
1088.0 0.5629098042845726
1089.0 0.6275766994804144
1090.0 0.7025995757430792
1091.0 0.777622452005744
1092.0 0.8094535209238529
1093.0 0.8412843570113182
1094.0 0.8817764930427074
1095.0 0.9222683496773243
1096.0 0.9727008640766144
1097.0 1.023133471608162
1098.0 1.066784281283617
1099.0 1.1104353703558445
1100.0 1.2782128527760506
1101.0 1.4459901489317417
