lsstCam/transmission_filter_detector/r20_s02/g_6/19700101T000000.ecsv
# %ECSV 1.0
# ---
# datatype:
# - {name: wavelength, unit: nm, datatype: float32}
# - {name: efficiency, unit: '%', datatype: float64}
# meta: !!omap
# - {MODE: DETECTOR}
# - {TYPE: transmission_filter_detector}
# - {CALIBDATE: '1970-01-01T00:00:00'}
# - {INSTRUME: LSSTCam}
# - {OBSTYPE: transmission_filter_detector}
# - {CALIBCLS: lsst.ip.isr.IntermediateFilterDetectorTransmissionCurve}
# - {SOURCE: Materion (DM-46256)}
# - {DETECTOR: 74}
# - {FILTER: g_6}
# - {CALIB_ID: 'calibDate=1970-01-01T00:00:00 filter=g_6 detector=74'}
# - {DATE: '2025-04-02T15:59:42.371205'}
# - {CALIB_CREATION_DATE: '2025-04-02'}
# - {CALIB_CREATION_TIME: '15:59:42'}
# - __serialized_columns__:
#     efficiency:
#       __class__: astropy.units.quantity.Quantity
#       unit: !astropy.units.Unit {unit: '%'}
#       value: !astropy.table.SerializedColumn {name: efficiency}
#     wavelength:
#       __class__: astropy.units.quantity.Quantity
#       unit: !astropy.units.Unit {unit: nm}
#       value: !astropy.table.SerializedColumn {name: wavelength}
# schema: astropy-2.0
wavelength efficiency
300.0 0.47814082354307175
301.0 0.35980327520519495
302.0 0.24146568030118942
303.0 0.22052323911339045
304.0 0.1995807746425271
305.0 0.20456076599657536
306.0 0.20954073406755924
307.0 0.21461029537022114
308.0 0.21967985667288303
309.0 0.2219652058556676
310.0 0.22425062488764524
311.0 0.21382721606642008
312.0 0.20340383052825928
313.0 0.20016643684357405
314.0 0.19692899659276009
315.0 0.1873608911409974
316.0 0.17779279733076692
317.0 0.17423699609935284
318.0 0.17068121815100312
319.0 0.1598488655872643
320.0 0.1490165013819933
321.0 0.14175329124554992
322.0 0.1344901043921709
323.0 0.11606517946347594
324.0 0.09764028363861144
325.0 0.08936258382163942
326.0 0.08108487818390131
327.0 0.07328621577471495
328.0 0.06548755336552858
329.0 0.062071101274341345
330.0 0.058654649183154106
331.0 0.054131116485223174
332.0 0.04960758960805833
333.0 0.0470400758786127
334.0 0.044472565059550107
335.0 0.04240981652401388
336.0 0.0403470650780946
337.0 0.04130834131501615
338.0 0.042269614641554654
339.0 0.04081320657860488
340.0 0.039356801426038146
341.0 0.037437878199853
342.0 0.035518957884050906
343.0 0.03212102747056633
344.0 0.02872309705708176
345.0 0.025479093892499804
346.0 0.02223509072791785
347.0 0.02103487349813804
348.0 0.019834654813166708
349.0 0.018181948689743876
350.0 0.7833607494831085
351.0 1.2202135287225246
352.0 0.8589570410549641
353.0 1.129941362887621
354.0 0.7637937553226948
355.0 0.9348129853606224
356.0 0.7896345108747482
357.0 0.9148221462965012
358.0 0.5600079894065857
359.0 0.7999570108950138
360.0 0.6207226775586605
361.0 0.7264587562531233
362.0 0.5628230050206184
363.0 0.5583265330642462
364.0 0.5059630610048771
365.0 0.7762440014630556
366.0 0.4704725928604603
367.0 0.6360494997352362
368.0 0.42001805268228054
369.0 0.6098976358771324
370.0 0.44786673970520496
371.0 0.6707952357828617
372.0 0.5651690997183323
373.0 0.600227527320385
374.0 0.3028164152055979
375.0 0.5057033617049456
376.0 0.3038701834157109
377.0 0.5109351128339767
378.0 0.38087479770183563
379.0 0.5856976844370365
380.0 0.4111484158784151
381.0 0.5441369023174047
382.0 0.5078413989394903
383.0 0.5514889024198055
384.0 0.5736990831792355
385.0 0.5815369542688131
386.0 0.6094927433878183
387.0 0.7402997929602861
388.0 0.8944305591285229
389.0 1.1830581352114677
390.0 1.616557314991951
391.0 2.431381307542324
392.0 3.959515318274498
393.0 6.3034094870090485
394.0 9.560878574848175
395.0 13.919679820537567
396.0 19.463777542114258
397.0 26.613691449165344
398.0 34.80912148952484
399.0 43.96404027938843
400.0 53.34058403968811
401.0 62.496793270111084
402.0 71.0736632347107
403.0 78.44785451889038
404.0 83.85281562805176
405.0 88.12602162361145
406.0 90.54917693138123
407.0 92.38325357437134
408.0 93.56082081794739
409.0 94.12941336631775
410.0 94.35063004493713
411.0 94.23174262046814
412.0 93.91453862190247
413.0 93.72438192367554
414.0 93.50155591964722
415.0 93.61429214477539
416.0 93.96058320999146
417.0 94.21247243881226
418.0 94.6860671043396
419.0 95.31434178352356
420.0 95.83641290664673
421.0 96.39942646026611
422.0 96.61011695861816
423.0 96.84476852416992
424.0 96.64323329925537
425.0 96.56094908714294
426.0 96.56625986099243
427.0 96.57723307609558
428.0 96.39354348182678
429.0 96.1910605430603
430.0 96.08680009841919
431.0 96.14777565002441
432.0 96.09160423278809
433.0 96.19593620300293
434.0 96.31060361862183
435.0 96.46443128585815
436.0 96.54914140701294
437.0 96.53320908546448
438.0 96.57706618309021
439.0 96.60332202911377
440.0 96.57408595085144
441.0 96.75750732421875
442.0 96.70848846435547
443.0 96.72680497169495
444.0 96.69992923736572
445.0 96.40071392059326
446.0 96.30188941955566
447.0 96.07095718383789
448.0 96.10228538513184
449.0 96.19225263595581
450.0 96.4250922203064
451.0 96.61893844604492
452.0 96.84024453163147
453.0 96.93884253501892
454.0 97.04251885414124
455.0 97.33840227127075
456.0 97.40111231803894
457.0 97.54371047019958
458.0 97.56053686141968
459.0 97.63683080673218
460.0 97.6388931274414
461.0 97.75215983390808
462.0 97.70352840423584
463.0 97.65172600746155
464.0 97.75091409683228
465.0 97.67211675643921
466.0 97.61730432510376
467.0 97.66273498535156
468.0 97.70863652229309
469.0 97.70663380622864
470.0 97.59413599967957
471.0 97.4848210811615
472.0 97.51598238945007
473.0 97.42560982704163
474.0 97.34224677085876
475.0 97.33531475067139
476.0 97.33631014823914
477.0 97.35350608825684
478.0 97.48480319976807
479.0 97.45442867279053
480.0 97.60225415229797
481.0 97.70529270172119
482.0 97.91618585586548
483.0 97.809898853302
484.0 97.98357486724854
485.0 97.99198508262634
486.0 98.0381965637207
487.0 98.11328649520874
488.0 98.04857969284058
489.0 98.15652966499329
490.0 98.12284708023071
491.0 98.15163612365723
492.0 98.07337522506714
493.0 98.05545806884766
494.0 98.04770946502686
495.0 98.06286096572876
496.0 97.87207841873169
497.0 97.83840775489807
498.0 97.67303466796875
499.0 97.6685643196106
500.0 97.61173725128174
501.0 97.54242300987244
502.0 97.50635623931885
503.0 97.6204514503479
504.0 97.50657677650452
505.0 97.47948050498962
506.0 97.47980833053589
507.0 97.46725559234619
508.0 97.47663736343384
509.0 97.43784070014954
510.0 97.42869138717651
511.0 97.38057255744934
512.0 97.30847477912903
513.0 97.37496972084045
514.0 97.33821153640747
515.0 97.3793625831604
516.0 97.46188521385193
517.0 97.40596413612366
518.0 97.504061460495
519.0 97.5745677947998
520.0 97.61204719543457
521.0 97.7046012878418
522.0 97.77401089668274
523.0 97.72694706916809
524.0 97.75462746620178
525.0 97.75218963623047
526.0 97.84665703773499
527.0 97.86396622657776
528.0 97.88870811462402
529.0 98.00282716751099
530.0 98.02579879760742
531.0 98.19092154502869
532.0 98.04983735084534
533.0 98.04635643959045
534.0 98.01900386810303
535.0 97.88875579833984
536.0 97.58152365684509
537.0 97.1287727355957
538.0 96.45397067070007
539.0 95.22438645362854
540.0 93.6253547668457
541.0 91.18976593017578
542.0 88.59108090400696
543.0 85.10836362838745
544.0 80.6506335735321
545.0 76.68961882591248
546.0 71.77264094352722
547.0 67.21996665000916
548.0 62.55565285682678
549.0 58.31407904624939
550.0 54.9502432346344
551.0 51.72305703163147
552.0 49.29625689983368
553.0 46.79757356643677
554.0 44.040414690971375
555.0 41.02694392204285
556.0 37.01283931732178
557.0 32.31051862239838
558.0 27.0327091217041
559.0 21.727193892002106
560.0 16.438022255897522
561.0 11.468908935785294
562.0 7.534319162368774
563.0 4.539051279425621
564.0 2.5506801903247833
565.0 1.2617507949471474
566.0 0.6526838522404432
567.0 0.3283549565821886
568.0 0.20771517883986235
569.0 0.11946004815399647
570.0 0.08635917329229414
571.0 0.05642148316837847
572.0 0.05807714187540114
573.0 0.0376697164028883
574.0 0.04513347812462598
575.0 0.03610863059293479
576.0 0.034489366225898266
577.0 0.024074249085970223
578.0 0.028651158208958805
579.0 0.027691363357007504
580.0 0.02496110973879695
581.0 0.022556970361620188
582.0 0.02389990258961916
583.0 0.017632653180044144
584.0 0.024624637444503605
585.0 0.0193353378563188
586.0 0.029939308296889067
587.0 0.01686317118583247
588.0 0.020676803251262754
589.0 0.016232620691880584
590.0 0.015892779629211873
591.0 0.008642501052236184
592.0 0.01432269491488114
593.0 0.01622830459382385
594.0 0.016524308011867106
595.0 0.01539212535135448
596.0 0.008582435111748055
597.0 0.014811809523962438
598.0 0.008203157631214708
599.0 0.007686459139222279
600.0 0.00813105798442848
601.0 0.002251086880278308
602.0 0.0023572218196932226
603.0 0.0024633563953102566
604.0 0.0022114982130005956
605.0 0.001959639848791994
606.0 0.002030580071732402
607.0 0.0021015202946728095
608.0 0.0018920698494184762
609.0 0.0016826192222652026
610.0 0.0018399146938463673
611.0 0.0019972099835285917
612.0 0.0019185852579539642
613.0 0.0018399605323793367
614.0 0.0018541304598329589
615.0 0.0018683005691855215
616.0 0.001896559479064308
617.0 0.0019248182070441544
618.0 0.0017940030375029892
619.0 0.0016631880498607643
620.0 0.0016675479855621234
621.0 0.0016719082850613631
622.0 0.0015772586266393773
623.0 0.0014826088772679213
624.0 0.001455241726944223
625.0 0.001427874667569995
626.0 0.0013827709153702017
627.0 0.0013376675269682892
628.0 0.0014643989743490238
629.0 0.001591130785527639
630.0 0.0014055352949071676
631.0 0.0012199394404888153
632.0 0.0013044257684668992
633.0 0.0013889117326471023
634.0 0.0014156064025883097
635.0 0.0014423007087316364
636.0 0.001399248321831692
637.0 0.0013561965715780389
638.0 0.0011929733773285989
639.0 0.0010297501830791589
640.0 0.0010659185136319138
641.0 0.0011020865713362582
642.0 0.0012425148270267528
643.0 0.0013829430827172473
644.0 0.0012905919902550522
645.0 0.001198240806843387
646.0 0.001175195757241454
647.0 0.0011521505257405806
648.0 0.0010677523277990986
649.0 0.000983353857009206
650.0 0.0011791733413701877
651.0 0.0013749924619332887
652.0 0.0011968964827246964
653.0 0.001018800503516104
654.0 0.0010843336895050015
655.0 0.0011498669664433692
656.0 0.0011670694220811129
657.0 0.0011842719686683267
658.0 0.0010892286809394136
659.0 0.0009941858479578514
660.0 0.0009413371117261704
661.0 0.0008884884664439596
662.0 0.0010546624253038317
663.0 0.0012208366570121143
664.0 0.0012921251254738308
665.0 0.0013634132301376667
666.0 0.0012269910257600714
667.0 0.0010905683666351251
668.0 0.0011291555892967153
669.0 0.0011677428119583055
670.0 0.0011520641237439122
671.0 0.0011363853445800487
672.0 0.0010926354661933146
673.0 0.0010488854059076402
674.0 0.0010639208994689398
675.0 0.001078956211131299
676.0 0.0010594193554425146
677.0 0.0010398821359558497
678.0 0.0010739714525698218
679.0 0.001108060769183794
680.0 0.0010484709491720423
681.0 0.0009888812201097608
682.0 0.0010366909009462688
683.0 0.0010845005817827769
684.0 0.0009412816325493623
685.0 0.0007980625923664775
686.0 0.0009916260751197115
687.0 0.0011851894669234753
688.0 0.0011724095202225726
689.0 0.0011596294825721998
690.0 0.0010644762369338423
691.0 0.0009693229912954848
692.0 0.0009859170859272126
693.0 0.0010025111805589404
694.0 0.001042461644829018
695.0 0.0010824121090990957
696.0 0.0011039626770070754
697.0 0.0011255127901677042
698.0 0.0011951866326853633
699.0 0.0012648604752030224
700.0 0.001160827923740726
701.0 0.0010567951903794892
702.0 0.0010958247003145516
703.0 0.0011348543011990841
704.0 0.0011421657291066367
705.0 0.0011494770660647191
706.0 0.0011369278581696562
707.0 0.0011243786502745934
708.0 0.001092743877961766
709.0 0.0010611091965984087
710.0 0.0012135491488152184
711.0 0.0013659893738804385
712.0 0.0012664569112530444
713.0 0.0011669247214740608
714.0 0.0011930336768273264
715.0 0.0012191429050290026
716.0 0.0014441115126828663
717.0 0.0016690804841346107
718.0 0.0019232084014220163
719.0 0.0021773361368104815
720.0 0.0018360162357566878
721.0 0.001494696334702894
722.0 0.0015592324416502379
723.0 0.001623768730496522
724.0 0.0016827008948894218
725.0 0.0017416330592823215
726.0 0.001813118979043793
727.0 0.0018846048988052644
728.0 0.002029379720625002
729.0 0.0021741545424447395
730.0 0.0021452720829984173
731.0 0.0021163898054510355
732.0 0.0019433235138421878
733.0 0.0017702574041322805
734.0 0.0014852394087938592
735.0 0.0012002214134554379
736.0 0.001137094932346372
737.0 0.001073968451237306
738.0 0.0010733217095548753
739.0 0.0010726749678724445
740.0 0.0009001965736388229
741.0 0.0007277181339304661
742.0 0.0007839296813472174
743.0 0.0008401412742387038
744.0 0.0009033895366883371
745.0 0.000966638071986381
746.0 0.0009233316632162314
747.0 0.0008800254363450222
748.0 0.0010655741789378226
749.0 0.001251122921530623
750.0 0.0010750890396593604
751.0 0.0008990554306365084
752.0 0.000891088984644739
753.0 0.0008831226296024397
754.0 0.0008940201041696128
755.0 0.000904917669686256
756.0 0.0009167262760456651
757.0 0.0009285347914556041
758.0 0.0008756654096941929
759.0 0.0008227962098317221
760.0 0.0007317416020669043
761.0 0.0006406869033526164
762.0 0.000664702338326606
763.0 0.0006887176368763903
764.0 0.000765631102694897
765.0 0.0008425448868365493
766.0 0.0007496584657928906
767.0 0.0006567720902239671
768.0 0.0005908212187932804
769.0 0.0005248702564131236
770.0 0.00044789621824747883
771.0 0.00037092211186973145
772.0 0.0005567396783590084
773.0 0.0007425573585351231
774.0 0.0008012879334273748
775.0 0.0008600185537943617
776.0 0.0008001247806532774
777.0 0.0007402308710879879
778.0 0.0007342496701312484
779.0 0.0007282685601239791
780.0 0.0006557794677064521
781.0 0.00058329032981419
782.0 0.0005975135536573362
783.0 0.000611736641076277
784.0 0.0007113595074770274
785.0 0.0008109823284030426
786.0 0.0007251118404383305
787.0 0.000639241625322029
788.0 0.0005155906364961993
789.0 0.00039193973861983977
790.0 0.000359829505214293
791.0 0.00032771927180874627
792.0 0.0002592670170997735
793.0 0.0001908147851281683
794.0 0.0002923413831013022
795.0 0.00039386795833706856
796.0 0.0004431268280313816
797.0 0.0004923856067762244
798.0 0.0004915023055218626
799.0 0.0004906190042675007
800.0 0.00047930702748999465
801.0 0.00046799514166195877
802.0 0.00040372074181505013
803.0 0.0003394464556549792
804.0 0.0003037471969946637
805.0 0.0002680480292838183
806.0 0.00034983775094588054
807.0 0.0004316274953453103
808.0 0.00048174420044233557
809.0 0.0005318608600646257
810.0 0.0004689859451900702
811.0 0.00040611098484077957
812.0 0.00039400497371389065
813.0 0.00038189887163753156
814.0 0.00040249419726023916
815.0 0.00042308961383241694
816.0 0.00048012129809649196
817.0 0.0005371528914110968
818.0 0.0003960826234106207
819.0 0.00025501235541014466
820.0 0.00039913466025609523
821.0 0.0005432568286778405
822.0 0.0005282194706524024
823.0 0.0005131821126269642
824.0 0.0005271144345897483
825.0 0.0005410467110777972
826.0 0.000641219230601564
827.0 0.0007413917046505958
828.0 0.0006474000201706076
829.0 0.0005534082902158843
830.0 0.0005009903816244332
831.0 0.0004485724730329821
832.0 0.0006161059900477994
833.0 0.0007836393706384115
834.0 0.0005973388397251256
835.0 0.00041103830881183967
836.0 0.0004817456556338584
837.0 0.0005524530934053473
838.0 0.0005087089903099695
839.0 0.0004649649326893268
840.0 0.0005798286110803019
841.0 0.0006946921075723367
842.0 0.0004511255156103289
843.0 0.0002075587872241158
844.0 0.0002356172444706317
845.0 0.0002636757926666178
846.0 0.00043603563426586334
847.0 0.0006083956122893142
848.0 0.0005379871709010331
849.0 0.0004675788204622222
850.0 0.0004965804237144766
851.0 0.0005255820269667311
852.0 0.0004886392616754165
853.0 0.0004516962690104265
854.0 0.0005374467946239747
855.0 0.0006231972292880528
856.0 0.0006107718490966363
857.0 0.00059834655985469
858.0 0.0005992401383991819
859.0 0.0006001337624184089
860.0 0.0005635235993395327
861.0 0.0005269134817353915
862.0 0.000526420717505971
863.0 0.0005259280442260206
864.0 0.0004453962446859805
865.0 0.00036486446788330795
866.0 0.0004738230927614495
867.0 0.0005827817403769586
868.0 0.0006627341463172343
869.0 0.000742686597732245
870.0 0.0006160825705592288
871.0 0.0004894784524367424
872.0 0.0004106761934963288
873.0 0.0003318737753943424
874.0 0.00038054256492614513
875.0 0.00042921133172058035
876.0 0.000541352346772328
877.0 0.0006534932708746055
878.0 0.0006719265002175234
879.0 0.0006903595931362361
880.0 0.000694144910085015
881.0 0.0006979304544074694
882.0 0.0005719310593121918
883.0 0.00044593184611585457
884.0 0.0005394925210566726
885.0 0.0006330533324216958
886.0 0.0007088867732818471
887.0 0.0007847203960409388
888.0 0.0007218313839985058
889.0 0.0006589423719560727
890.0 0.0006083807875256753
891.0 0.000557819339519483
892.0 0.0005375929958972847
893.0 0.0005173667886992916
894.0 0.00048365682232542895
895.0 0.0004499469923757715
896.0 0.0002840388560798601
897.0 0.00011813074252131628
898.0 0.00024659852897457313
899.0 0.0003750663381651975
900.0 0.00039853853195381816
901.0 0.0004220107712171739
902.0 0.0005095675078337081
903.0 0.0005971242444502423
904.0 0.00037849877116968855
905.0 0.00015987320693966467
906.0 0.000333616480929777
