lsstCam/transmission_filter_detector/r41_s20/i_39/19700101T000000.ecsv
# %ECSV 1.0
# ---
# datatype:
# - {name: wavelength, unit: nm, datatype: float32}
# - {name: efficiency, unit: '%', datatype: float64}
# meta: !!omap
# - {MODE: DETECTOR}
# - {TYPE: transmission_filter_detector}
# - {CALIBDATE: '1970-01-01T00:00:00'}
# - {INSTRUME: LSSTCam}
# - {OBSTYPE: transmission_filter_detector}
# - {CALIBCLS: lsst.ip.isr.IntermediateFilterDetectorTransmissionCurve}
# - {SOURCE: Materion (DM-46256)}
# - {DETECTOR: 168}
# - {FILTER: i_39}
# - {CALIB_ID: 'calibDate=1970-01-01T00:00:00 filter=i_39 detector=168'}
# - {DATE: '2025-04-02T15:59:47.257290'}
# - {CALIB_CREATION_DATE: '2025-04-02'}
# - {CALIB_CREATION_TIME: '15:59:47'}
# - __serialized_columns__:
#     efficiency:
#       __class__: astropy.units.quantity.Quantity
#       unit: !astropy.units.Unit {unit: '%'}
#       value: !astropy.table.SerializedColumn {name: efficiency}
#     wavelength:
#       __class__: astropy.units.quantity.Quantity
#       unit: !astropy.units.Unit {unit: nm}
#       value: !astropy.table.SerializedColumn {name: wavelength}
# schema: astropy-2.0
wavelength efficiency
[from data line 599]
899.0 7.01217402365728e-05
900.0 2.672510650281179e-10
901.0 2.672510650281179e-10
902.0 2.672510650281179e-10
903.0 7.481578911949782e-07
904.0 2.5599226205486048e-05
905.0 9.154165354630095e-05
906.0 0.00015748410078231245
907.0 2.672510650281179e-10
908.0 2.672510650281179e-10
909.0 2.672510650281179e-10
910.0 2.672510650281179e-10
911.0 2.672510650281179e-10
912.0 8.692655910635949e-05
913.0 4.755980569370877e-05
914.0 8.193055123228987e-06
915.0 2.672510650281179e-10
916.0 2.672510650281179e-10
917.0 2.672510650281179e-10
918.0 2.672510650281179e-10
919.0 2.672510650281179e-10
920.0 2.672510650281179e-10
921.0 2.672510650281179e-10
922.0 2.672510650281179e-10
923.0 2.672510650281179e-10
924.0 2.672510650281179e-10
925.0 2.672510650281179e-10
926.0 2.672510650281179e-10
927.0 2.672510650281179e-10
928.0 2.672510650281179e-10
929.0 0.00010217659109912347
930.0 0.0003379073177711689
931.0 3.949402582748007e-05
932.0 2.672510650281179e-10
933.0 2.672510650281179e-10
934.0 2.672510650281179e-10
935.0 2.672510650281179e-10
936.0 2.672510650281179e-10
937.0 2.672510650281179e-10
938.0 1.4916774659923249e-05
939.0 0.00016644083871142357
940.0 0.00031796491839486407
941.0 0.0003423730959184468
942.0 0.0003667813416541321
943.0 0.00016942349247983657
944.0 2.672510650281179e-10
945.0 2.672510650281179e-10
946.0 1.3857537339845294e-05
947.0 1.848973738560744e-05
948.0 2.3122002801301278e-05
949.0 2.672510650281179e-10
950.0 2.672510650281179e-10
951.0 2.672510650281179e-10
952.0 2.672510650281179e-10
953.0 2.672510650281179e-10
954.0 2.672510650281179e-10
955.0 2.672510650281179e-10
956.0 2.672510650281179e-10
957.0 2.672510650281179e-10
958.0 2.672510650281179e-10
959.0 2.672510650281179e-10
960.0 3.9977544474822935e-05
961.0 8.559873663216422e-05
962.0 0.00013121990605213796
963.0 0.0001182746473205043
964.0 0.00010532934311413555
965.0 2.672510650281179e-10
966.0 2.672510650281179e-10
967.0 2.672510650281179e-10
968.0 2.672510650281179e-10
969.0 3.8918153677514056e-05
970.0 8.640765258860483e-05
971.0 1.5361271721303638e-05
972.0 2.672510650281179e-10
973.0 2.672510650281179e-10
974.0 2.6369912120571826e-05
975.0 0.00010539789627728169
976.0 0.00018442589180267532
977.0 8.522442840330768e-05
978.0 2.672510650281179e-10
979.0 6.360695010698691e-05
980.0 0.00014119092384135
981.0 0.0001100215058613685
982.0 7.885209356572886e-05
983.0 7.124565968297247e-05
984.0 6.363921443153231e-05
985.0 2.672510650281179e-10
986.0 2.672510650281179e-10
987.0 2.672510650281179e-10
988.0 2.672510650281179e-10
989.0 5.5745289273545495e-05
990.0 0.0001181991365228896
991.0 3.645681374564447e-05
992.0 2.672510650281179e-10
993.0 8.443222441201215e-05
994.0 0.0002141499862773344
995.0 0.00018900838085755822
996.0 0.00016386677543778205
997.0 8.393467965106538e-05
998.0 4.002576048378614e-06
999.0 2.672510650281179e-10
1000.0 2.672510650281179e-10
1001.0 2.672510650281179e-10
1002.0 5.761878583143698e-05
1003.0 0.00010313611937817768
1004.0 0.0001486534415562346
1005.0 0.0001777790885171271
1006.0 0.00020690483779617352
1007.0 0.0002281183469676762
1008.0 0.0002493319925633841
1009.0 0.0002744356606854126
1010.0 0.00029953937428217614
1011.0 0.000269789984486124
1012.0 0.00024004064016480697
1013.0 0.00011485439017633325
1014.0 2.672510650281179e-10
1015.0 5.395143602981989e-05
1016.0 0.0001182347091344127
1017.0 0.00031574570584780304
1018.0 0.0005132566911925096
1019.0 0.00033373078167642234
1020.0 0.00015420488352901884
1021.0 5.5103117801991175e-05
1022.0 2.672510650281179e-10
1023.0 9.647022807257599e-05
1024.0 0.00023693910407018848
1025.0 8.147473522512882e-05
1026.0 2.672510650281179e-10
1027.0 0.0002699108790693572
1028.0 0.0006138113349152263
1029.0 0.0006659346126980381
1030.0 0.0007180578450061148
1031.0 0.0009987546036427375
1032.0 0.0012794514077540953
1033.0 0.0015809995602467097
1034.0 0.0018825478036887944
1035.0 0.0022789154172642156
1036.0 0.002675283030839637
1037.0 0.002768572812783532
1038.0 0.0028618625947274268
1039.0 0.003047487189178355
1040.0 0.0032331117836292833
1041.0 0.0032310137612512335
1042.0 0.0032289157388731837
1043.0 0.0031571071303915232
1044.0 0.0030852985219098628
1045.0 0.0032506726711289957
1046.0 0.0034160468203481287
1047.0 0.003460526932030916
1048.0 0.003505006679915823
1049.0 0.003102525806752965
1050.0 0.002700044569792226
1051.0 0.002666991167643573
1052.0 0.0026339379473938607
1053.0 0.002520326597732492
1054.0 0.002406715248071123
1055.0 0.0021133328118594363
1056.0 0.0018199501937488094
1057.0 0.0014650795492343605
1058.0 0.001110208631871501
1059.0 0.0009687963029136881
1060.0 0.0008273836101579946
1061.0 0.00086778436525492
1062.0 0.0009081851203518454
1063.0 0.0010472649591974914
1064.0 0.0011863447070936672
1065.0 0.0020763956854352728
1066.0 0.0029664466637768783
1067.0 0.0033760454243747517
1068.0 0.0037856447306694463
1069.0 0.0034721786505542696
1070.0 0.003158712206641212
1071.0 0.0033287778933299705
1072.0 0.0034988432162208483
1073.0 0.0028563359592226334
1074.0 0.002213828338426538
1075.0 0.002334160490136128
1076.0 0.0024544922780478373
1077.0 0.0027259118724032305
1078.0 0.0029973312848596834
1079.0 0.0027911077268072404
1080.0 0.0025848836230579764
1081.0 0.0017983440557145514
1082.0 0.001011804306472186
1083.0 0.0011063972124247812
1084.0 0.0012009898455289658
1085.0 0.0008509752660756931
1086.0 0.0005009607775718905
1087.0 0.00014863492197036976
1088.0 2.672510650281179e-10
1089.0 0.0001539147092444182
1090.0 0.0005115211479278514
1091.0 0.001750233059283346
1092.0 0.0029889450161135755
1093.0 0.002065752778435126
1094.0 0.001142560904554557
1095.0 0.00037739287108706776
1096.0 2.672510650281179e-10
1097.0 2.672510650281179e-10
1098.0 2.672510650281179e-10
1099.0 2.672510650281179e-10
1100.0 2.672510650281179e-10
