lsstCam/transmission_filter_detector/r41_s20/i_39/19700101T000000.ecsv
# %ECSV 1.0
# ---
# datatype:
# - {name: wavelength, unit: nm, datatype: float32}
# - {name: efficiency, unit: '%', datatype: float64}
# meta: !!omap
# - {MODE: DETECTOR}
# - {TYPE: transmission_filter_detector}
# - {CALIBDATE: '1970-01-01T00:00:00'}
# - {INSTRUME: LSSTCam}
# - {OBSTYPE: transmission_filter_detector}
# - {CALIBCLS: lsst.ip.isr.IntermediateFilterDetectorTransmissionCurve}
# - {SOURCE: Materion (DM-46256)}
# - {DETECTOR: 168}
# - {FILTER: i_39}
# - {CALIB_ID: 'calibDate=1970-01-01T00:00:00 filter=i_39 detector=168'}
# - {DATE: '2025-04-02T15:59:47.257290'}
# - {CALIB_CREATION_DATE: '2025-04-02'}
# - {CALIB_CREATION_TIME: '15:59:47'}
# - __serialized_columns__:
#     efficiency:
#       __class__: astropy.units.quantity.Quantity
#       unit: !astropy.units.Unit {unit: '%'}
#       value: !astropy.table.SerializedColumn {name: efficiency}
#     wavelength:
#       __class__: astropy.units.quantity.Quantity
#       unit: !astropy.units.Unit {unit: nm}
#       value: !astropy.table.SerializedColumn {name: wavelength}
# schema: astropy-2.0
wavelength efficiency
300.0 0.12050752993673086
301.0 0.055910833179950714
302.0 2.672510650281179e-10
303.0 2.672510650281179e-10
304.0 2.672510650281179e-10
305.0 2.672510650281179e-10
306.0 2.672510650281179e-10
307.0 0.004118982178624719
308.0 0.009721386595629156
309.0 0.0005498695827554911
310.0 2.672510650281179e-10
311.0 2.672510650281179e-10
312.0 0.0015814923244761303
313.0 2.672510650281179e-10
314.0 2.672510650281179e-10
315.0 0.0043894229747820646
316.0 0.0106196450360585
317.0 0.007792390533722937
318.0 0.004965136031387374
319.0 0.0026332159904995933
320.0 0.0003012961769854883
321.0 2.672510650281179e-10
322.0 2.672510650281179e-10
323.0 0.0026148503820877522
324.0 0.005823219908052124
325.0 0.002683125239855144
326.0 2.672510650281179e-10
327.0 0.0005148072432348272
328.0 0.001486582823417848
329.0 2.672510650281179e-10
330.0 2.672510650281179e-10
331.0 2.672510650281179e-10
332.0 0.0027390946343075484
333.0 0.0008836551387503278
334.0 2.672510650281179e-10
335.0 0.00020707198018499184
336.0 0.0013859288628736977
337.0 0.0010157185897696763
338.0 0.0006455074071709532
339.0 2.672510650281179e-10
340.0 2.672510650281179e-10
341.0 0.00017035314385793754
342.0 0.0025253433705074713
343.0 0.0020439150830497965
344.0 0.001562486431794241
345.0 0.0007359899882430909
346.0 2.672510650281179e-10
347.0 0.00031848389880906325
348.0 0.0007274744802998612
349.0 0.00024696291802683845
350.0 2.672510650281179e-10
351.0 2.672510650281179e-10
352.0 2.672510650281179e-10
353.0 0.00027892153866559966
354.0 0.000799312510935124
355.0 0.0012920842891617212
356.0 0.0017848562492872588
357.0 0.0008309277291118633
358.0 2.672510650281179e-10
359.0 2.672510650281179e-10
360.0 2.672510650281179e-10
361.0 0.0005245809461484896
362.0 0.001544692349852994
363.0 0.0012608118595380802
364.0 0.0009769314601726364
365.0 0.0009666296136856545
366.0 0.0009563277671986725
367.0 0.0005545199655898614
368.0 0.0001527122662992042
369.0 2.672510650281179e-10
370.0 2.672510650281179e-10
371.0 2.672510650281179e-10
372.0 0.0007287093922059285
373.0 0.00045427050281432457
374.0 0.00017983159068535315
375.0 0.00011228362382098567
376.0 4.4735526216754806e-05
377.0 2.672510650281179e-10
378.0 2.672510650281179e-10
379.0 2.672510650281179e-10
380.0 2.672510650281179e-10
381.0 2.672510650281179e-10
382.0 2.672510650281179e-10
383.0 2.672510650281179e-10
384.0 2.672510650281179e-10
385.0 2.672510650281179e-10
386.0 8.868626650837541e-05
387.0 2.672510650281179e-10
388.0 2.672510650281179e-10
389.0 2.672510650281179e-10
390.0 2.672510650281179e-10
391.0 2.672510650281179e-10
392.0 0.00036816868487221655
393.0 0.0009907155799737666
394.0 0.0016132622477016412
395.0 0.0015059141333040316
396.0 0.0013985657460580114
397.0 0.0017247819414478727
398.0 0.0020509984096861444
399.0 0.0022078560505178757
400.0 0.002364713691349607
401.0 0.005246548607829027
402.0 0.008128384070005268
403.0 0.005871564644621685
404.0 0.003614747038227506
405.0 0.0005173523277335335
406.0 2.672510650281179e-10
407.0 2.672510650281179e-10
408.0 2.672510650281179e-10
409.0 0.0028160990041214973
410.0 0.005914415305596776
411.0 0.005755430902354419
412.0 0.005596446499112062
413.0 0.005336521280696616
414.0 0.005076596062281169
415.0 0.005594822141574696
416.0 0.00611304712947458
417.0 0.006263141403906047
418.0 0.006413235678337514
419.0 0.0057063676649704576
420.0 0.004999500742997043
421.0 0.005041523763793521
422.0 0.005083548603579402
423.0 0.0051535633247112855
424.0 0.0052235762268537655
425.0 0.005375286491471343
426.0 0.005526996392291039
427.0 0.004530781370704062
428.0 0.0035345663491170853
429.0 0.003197391197318211
430.0 0.002860216591216158
431.0 0.004789878221345134
432.0 0.00671953966957517
433.0 0.005938576941844076
434.0 0.005157614214112982
435.0 0.0034464774216758087
436.0 0.001735340993036516
437.0 0.0010789175576064736
438.0 0.0004224942586006364
439.0 0.0006877994565002155
440.0 0.0009531046089250594
441.0 0.0009555325959809124
442.0 0.0009579604920872953
443.0 0.0009834343472903129
444.0 0.0010089081115438603
445.0 0.001104756120184902
446.0 0.0012006040378764737
447.0 0.00042440342440386303
448.0 2.672510650281179e-10
449.0 0.00015923188811939326
450.0 0.0006702611699438421
451.0 0.00036055073451279895
452.0 5.084031613478146e-05
453.0 2.672510650281179e-10
454.0 2.672510650281179e-10
455.0 2.672510650281179e-10
456.0 1.7926286943747982e-05
457.0 0.00012637973441087524
458.0 0.00023483307813876309
459.0 0.0002635643340909155
460.0 0.0002922957719420083
461.0 0.000559060254090582
462.0 0.0008258248271886259
463.0 0.00038703460631950293
464.0 2.672510650281179e-10
465.0 2.672510650281179e-10
466.0 2.5317669383184693e-05
467.0 0.0003018665211129701
468.0 0.0005784152563137468
469.0 0.00046021159505471587
470.0 0.00034200797927042004
471.0 0.00036902902138535865
472.0 0.000396049927076092
473.0 1.4140032078557851e-05
474.0 2.672510650281179e-10
475.0 2.672510650281179e-10
476.0 0.00035564537483878667
477.0 0.00046910863602533937
478.0 0.0005825718744745245
479.0 0.0002942261744465213
480.0 5.880511366740393e-06
481.0 0.0004563739366858499
482.0 0.0009068672625289764
483.0 0.001196349967358401
484.0 0.0014858325812383555
485.0 0.0023214539396576583
486.0 0.00315707475238014
487.0 0.0048047033487819135
488.0 0.006452330853790045
489.0 0.013236353697720915
490.0 0.020020376541651785
491.0 0.02636786666698754
492.0 0.03271535970270634
493.0 0.03584470832720399
494.0 0.03897406277246773
495.0 0.03582005447242409
496.0 0.03266604908276349
497.0 0.025879795430228114
498.0 0.019093543232884258
499.0 0.014129589544609189
500.0 0.009165638766717166
501.0 0.005982422590022907
502.0 0.0027992069590254687
503.0 0.0022239586542127654
504.0 0.0016487105312990025
505.0 0.002231237158412114
506.0 0.002813763785525225
507.0 0.002933528048743028
508.0 0.0030532919481629506
509.0 0.0031456398573936895
510.0 0.0032379877666244283
511.0 0.002922038584074471
512.0 0.002606089401524514
513.0 0.002074133044516202
514.0 0.0015421770513057709
515.0 0.0013258249055070337
516.0 0.0011094728506577667
517.0 0.0015651881767553277
518.0 0.0020209034119034186
519.0 0.0016936997781158425
520.0 0.0013664962352777366
521.0 0.0011318716133246198
522.0 0.0008972473551693838
523.0 0.0012916136256535538
524.0 0.0016859798051882535
525.0 0.002457128903188277
526.0 0.0032282783649861813
527.0 0.004263889422873035
528.0 0.00529950084455777
529.0 0.005462062836159021
530.0 0.005624624463962391
531.0 0.005187659917282872
532.0 0.004750695370603353
533.0 0.003928291698684916
534.0 0.0031058883905643597
535.0 0.0023290309400181286
536.0 0.0015521736713708378
537.0 0.0017552365534356795
538.0 0.0019582996173994616
539.0 0.0026272642571711913
540.0 0.0032962292607408017
541.0 0.0041152881749439985
542.0 0.004934347452945076
543.0 0.0051746148528764024
544.0 0.005414882252807729
545.0 0.005342724762158468
546.0 0.005270567271509208
547.0 0.004235146479913965
548.0 0.0031997249607229605
549.0 0.0025195186026394367
550.0 0.0018393120626569726
551.0 0.0022551765141543
552.0 0.0026710413294495083
553.0 0.0027602185582509264
554.0 0.0028493957870523445
555.0 0.0023792797946953215
556.0 0.0019091641661361791
557.0 0.0014570847270078957
558.0 0.0010050051969301421
559.0 0.0006823372586950427
560.0 0.0003596692749852082
561.0 0.0003545117351677618
562.0 0.0003493543772492558
563.0 0.0009701776434667408
564.0 0.0015910007277852856
565.0 0.0017846508853835985
566.0 0.001978300861082971
567.0 0.0020691721147159114
568.0 0.0021600431864499114
569.0 0.0018065537005895749
570.0 0.0014530638509313576
571.0 0.0010797203685797285
572.0 0.0007063768407533644
573.0 0.0006932245469215559
574.0 0.0006800722985644825
575.0 0.0005635302841255907
576.0 0.00044698817873722874
577.0 0.0005251608854450751
578.0 0.0006033335466781864
579.0 0.0005076846264273627
580.0 0.00041203570617653895
581.0 0.0002771934077827609
582.0 0.00014235116623240174
583.0 0.00025842025479505537
584.0 0.00037448933198902523
585.0 0.00043358386392355897
586.0 0.000492678282171255
587.0 0.0006279320587054826
588.0 0.0007631858352397103
589.0 0.0009476104423811194
590.0 0.0011320350495225284
591.0 0.0009953876542567741
592.0 0.0008587399861426093
593.0 0.0007092415671650087
594.0 0.0005597432846116135
595.0 0.0005288824013405247
596.0 0.0004980214271199657
597.0 0.0003508938107188442
598.0 0.00020376617158035515
599.0 0.00017404609025106765
600.0 0.00014432605439651525
601.0 0.0003530622279868112
602.0 0.0005617984243144747
603.0 0.0004062365405843593
604.0 0.00025067465685424395
605.0 0.00044060921027266886
606.0 0.0006305437182163587
607.0 0.00048740939746494405
608.0 0.0003442749630266917
609.0 0.0005708827757189283
610.0 0.0007974907020980027
611.0 0.000635309061181033
612.0 0.0004731273747893283
613.0 0.00022288691070571076
614.0 2.672510650281179e-10
615.0 7.528062724304618e-05
616.0 0.00017791481923268293
617.0 0.0003236324573663296
618.0 0.00046935019781813025
619.0 0.0004012211775261676
620.0 0.0003330922936584102
621.0 0.0001813788458093768
622.0 2.966546617244603e-05
623.0 0.0001145091687249078
624.0 0.00019935291675210465
625.0 0.00023286811483558267
626.0 0.00026638333565642824
627.0 0.0002843071342795156
628.0 0.00030223097837733803
629.0 0.00027891549052583287
630.0 0.00025560002541169524
631.0 0.0002698373236853513
632.0 0.00028407457648427226
633.0 0.0002708679630814004
634.0 0.0002576613496785285
635.0 0.0003146677954646293
636.0 0.0003716742412507301
637.0 0.0003221587348889443
638.0 0.0002726432285271585
639.0 0.0004248833647579886
640.0 0.0005771233645646134
641.0 0.0004973986960976617
642.0 0.00041767407310544513
643.0 0.0003391104883121443
644.0 0.0002605468125693733
645.0 0.00040597637962491717
646.0 0.0005514060376299312
647.0 0.000569159465158009
648.0 0.0005869128472113516
649.0 0.0005810207767353859
650.0 0.000575128660784685
651.0 0.0007059694780764403
652.0 0.0008368102498934604
653.0 0.0008442639227723703
654.0 0.0008517175956512801
655.0 0.0007991039638000075
656.0 0.0007464904683729401
657.0 0.001183168660645606
658.0 0.0016198469893424772
659.0 0.003171489152009599
660.0 0.03969615208916366
661.0 0.04550087032839656
662.0 0.06605979287996888
663.0 0.10287649929523468
664.0 0.09402419091202319
665.0 0.05058310925960541
666.0 0.14912926126271486
667.0 0.12676469050347805
668.0 0.22089872509241104
669.0 0.24050753563642502
670.0 0.2691911533474922
671.0 0.3800865029916167
672.0 0.6299698259681463
673.0 1.0018104687333107
674.0 1.585870236158371
675.0 2.328857034444809
676.0 3.3930834382772446
677.0 4.698210209608078
678.0 6.11913688480854
679.0 7.519276440143585
680.0 9.322060644626617
681.0 11.38068363070488
682.0 13.963061571121216
683.0 16.892357170581818
684.0 20.021790266036987
685.0 23.01330417394638
686.0 26.092001795768738
687.0 29.420658946037292
688.0 32.59668052196503
689.0 35.74552237987518
690.0 39.18280899524689
691.0 42.87239909172058
692.0 47.38797843456268
693.0 52.22347974777222
694.0 57.75706768035889
695.0 63.27413320541382
696.0 69.52254176139832
697.0 75.14280676841736
698.0 81.31181597709656
699.0 86.02921962738037
700.0 89.94441628456116
701.0 93.08465719223022
702.0 95.2486515045166
703.0 96.58892154693604
704.0 97.23721742630005
705.0 97.78481721878052
706.0 97.86582589149475
707.0 98.069828748703
708.0 98.15441966056824
709.0 98.20998907089233
710.0 97.88550734519958
711.0 98.12807440757751
712.0 97.97838926315308
713.0 98.05952310562134
714.0 98.15884828567505
715.0 98.22935461997986
716.0 98.12395572662354
717.0 98.32348823547363
718.0 98.39502573013306
719.0 98.35774898529053
720.0 98.6160159111023
721.0 98.50921034812927
722.0 98.30785393714905
723.0 98.03087711334229
724.0 97.68278002738953
725.0 97.3875880241394
726.0 96.97481989860535
727.0 96.69216871261597
728.0 96.3924765586853
729.0 96.17577195167542
730.0 96.30891680717468
731.0 96.3489294052124
732.0 96.39165997505188
733.0 96.77020311355591
734.0 97.23033308982849
735.0 97.53550291061401
736.0 97.89460301399231
737.0 98.22376370429993
738.0 98.50237965583801
739.0 98.75363111495972
740.0 98.8865077495575
741.0 98.66498708724976
742.0 98.99430274963379
743.0 98.82461428642273
744.0 98.54184985160828
745.0 98.57810139656067
746.0 98.48193526268005
747.0 98.88766407966614
748.0 98.76289367675781
749.0 98.65422248840332
750.0 98.62890839576721
751.0 98.43812584877014
752.0 98.4438419342041
753.0 98.769211769104
754.0 98.60669374465942
755.0 98.74500632286072
756.0 98.74498844146729
757.0 98.73214364051819
758.0 98.87080192565918
759.0 98.85344505310059
760.0 98.71875643730164
761.0 98.53749871253967
762.0 98.66262078285217
763.0 98.56768250465393
764.0 98.44135642051697
765.0 98.37425947189331
766.0 98.40501546859741
767.0 98.3061134815216
768.0 98.34814071655273
769.0 98.42280149459839
770.0 98.21199178695679
771.0 98.40430617332458
772.0 98.40058088302612
773.0 98.38232398033142
774.0 98.18618893623352
775.0 98.35587739944458
776.0 98.2187807559967
777.0 98.22518825531006
778.0 98.22107553482056
779.0 98.17845821380615
780.0 97.94318675994873
781.0 98.18892478942871
782.0 98.12644124031067
783.0 98.05377721786499
784.0 97.92304635047913
785.0 98.15133810043335
786.0 98.27132821083069
787.0 98.01262617111206
788.0 98.04301857948303
789.0 98.14205765724182
790.0 98.15938472747803
791.0 98.22806715965271
792.0 98.0714201927185
793.0 98.08195233345032
794.0 98.0851948261261
795.0 98.06443452835083
796.0 98.1287956237793
797.0 98.20749759674072
798.0 98.30111861228943
799.0 98.14623594284058
800.0 97.9634940624237
801.0 97.9292631149292
802.0 97.93972969055176
803.0 97.7440893650055
804.0 97.49051332473755
805.0 97.27143049240112
806.0 97.01117873191833
807.0 96.63296937942505
808.0 96.01836204528809
809.0 95.3086793422699
810.0 94.3813681602478
811.0 92.95163154602051
812.0 91.28556251525879
813.0 89.14216756820679
814.0 86.62232756614685
815.0 83.51665735244751
816.0 80.22975325584412
817.0 76.2353777885437
818.0 71.55686616897583
819.0 67.33869314193726
820.0 62.276482582092285
821.0 57.5691819190979
822.0 52.958136796951294
823.0 48.24356436729431
824.0 43.47838759422302
825.0 39.12270665168762
826.0 34.53334867954254
827.0 29.779574275016785
828.0 25.538060069084167
829.0 21.250851452350616
830.0 16.79219901561737
831.0 13.261398673057556
832.0 9.64009314775467
833.0 6.700464338064194
834.0 4.404998943209648
835.0 2.7409376576542854
836.0 1.6898315399885178
837.0 0.988845806568861
838.0 0.5418843124061823
839.0 0.28758710250258446
840.0 0.17934965435415506
841.0 0.11562079889699817
842.0 0.09204403613694012
843.0 0.01597749360371381
844.0 2.672510650281179e-10
845.0 2.672510650281179e-10
846.0 2.672510650281179e-10
847.0 2.672510650281179e-10
848.0 2.672510650281179e-10
849.0 2.672510650281179e-10
850.0 2.672510650281179e-10
851.0 0.0022092430299380794
852.0 0.0026125826479983516
853.0 0.0022328975319396704
854.0 0.00185321277967887
855.0 0.0013075639799353667
856.0 0.0007619151347171282
857.0 0.0008748877917241771
858.0 0.000987860494205961
859.0 0.0006490744908660417
860.0 0.0003102886466876953
861.0 0.00013435783330351114
862.0 2.672510650281179e-10
863.0 2.441649940010393e-05
864.0 9.040607551469293e-05
865.0 0.00013878908475817298
866.0 0.00018717213379204622
867.0 3.7359839666351036e-05
868.0 2.672510650281179e-10
869.0 2.672510650281179e-10
870.0 2.672510650281179e-10
871.0 2.672510650281179e-10
872.0 2.672510650281179e-10
873.0 2.672510650281179e-10
874.0 2.589033556432696e-05
875.0 4.721067625723663e-05
876.0 6.853098852843686e-05
877.0 0.00020003324152639834
878.0 0.00033153548884001793
879.0 0.00026878844892053166
880.0 0.00020604149995051557
881.0 0.00018677950492929085
882.0 0.00016751753264543368
883.0 0.00017680524706520373
884.0 0.00018609296148497378
885.0 0.00014122922493697843
886.0 9.636545428293175e-05
887.0 2.672510650281179e-10
888.0 2.672510650281179e-10
889.0 2.672510650281179e-10
890.0 0.00010228834526060382
891.0 0.00014767808806936955
892.0 0.00019306783087813528
893.0 0.0001251627736564842
894.0 5.725775622522633e-05
895.0 7.044887411211675e-05
896.0 8.363997494598152e-05
897.0 0.00012129106607972062
