lsstCam/transmission_sensor/r23_s00/19700101T000000.ecsv
# %ECSV 1.0
# ---
# datatype:
# - {name: amp_name, datatype: string}
# - {name: wavelength, unit: nm, datatype: float32}
# - {name: efficiency, unit: '%', datatype: float64}
# meta: !!omap
# - {MODE: AMP}
# - {TYPE: transmission_sensor}
# - {CALIBDATE: '1970-01-01T00:00:00'}
# - {INSTRUME: LSSTCam}
# - {OBSTYPE: transmission_sensor}
# - {DETECTOR: 99}
# - {PARQUETFILE: qe_raft_allvalues_nircorrected_20230725_adjust.parquet}
# - {CORRFILE: qe_corr_factor_bydetnum.parquet}
# - {CALIBCLS: lsst.ip.isr.IntermediateSensorTransmissionCurve}
# - {CALIB_ID: 'raftName=R23 detectorName=S00 detector=99 calibDate=1970-01-01T00:00:00 ccd=99 ccdnum=99 filter=None'}
# - {DATE: '2025-03-03T21:56:47.932882'}
# - {CALIB_CREATION_DATE: '2025-03-03'}
# - {CALIB_CREATION_TIME: '21:56:47'}
# - __serialized_columns__:
#     efficiency:
#       __class__: astropy.units.quantity.Quantity
#       unit: !astropy.units.Unit {unit: '%'}
#       value: !astropy.table.SerializedColumn {name: efficiency}
#     wavelength:
#       __class__: astropy.units.quantity.Quantity
#       unit: !astropy.units.Unit {unit: nm}
#       value: !astropy.table.SerializedColumn {name: wavelength}
# schema: astropy-2.0
amp_name wavelength efficiency
C00 319.994 43.873927441759626
C00 324.969 49.488846988873
C00 349.982 73.04636787803848
C00 374.975 76.9520690738986
C00 400.019 83.3802471244171
C00 424.965 85.82286519526038
C00 450.035 87.39732327964477
C00 475.003 90.32750345421611
C00 500.018 91.81557058861763
C00 525.002 94.37097536034835
C00 550.029 95.31785710637118
C00 575.023 96.97925557527591
C00 599.982 97.30239176262903
C00 619.997 97.93270001160748
C00 624.979 98.78984841421112
C00 650.012 98.76060628716101
C00 675.004 97.82649126309926
C00 700.03 97.85783192484112
C00 725.012 97.20742352903333
C00 750.022 98.21841360213028
C00 774.987 97.67064263033713
C00 799.976 97.10696858109813
C00 824.988 96.30599222891617
C00 850.022 93.35750520079752
C00 869.967 90.12467816849977
C00 875.002 88.94099013682475
C00 899.999 81.15716630647172
C00 919.999 73.00835769149448
C00 925.012 69.94551960026364
C00 949.965 56.85308597744014
C00 975.002 42.43964765926645
C00 999.976 25.816646902079867
C00 1025.028 11.102467577231641
C00 1050.014 3.9299454717659517
C00 1075.002 0.9357219770165552
C00 1099.99 0.09284147492946847
C01 319.994 44.14958332783252
C01 324.969 49.7995140646395
C01 349.982 73.51286832449665
C01 374.975 77.40162099108268
C01 400.019 83.73121369730043
C01 424.965 86.12791582908824
C01 450.035 87.67783250413203
C01 475.003 90.59747421903317
C01 500.018 92.07694117671615
C01 525.002 94.6314607483587
C01 550.029 95.57294735246494
C01 575.023 97.23207177286733
C01 599.982 97.55722255352453
C01 619.997 98.18437918494773
C01 624.979 99.047960550261
C01 650.012 99.01433057794631
C01 675.004 98.07862829855408
C01 700.03 98.12954256569353
C01 725.012 97.54486790746655
C01 750.022 98.63651802307909
C01 774.987 98.16873556270015
C01 799.976 97.63806574088593
C01 824.988 96.82954229484892
C01 850.022 93.88877787439591
C01 869.967 90.63314930879291
C01 875.002 89.42019625696204
C01 899.999 81.58751090794986
C01 919.999 73.35846958843062
C01 925.012 70.25105862034702
C01 949.965 57.22502263517047
C01 975.002 42.72018740789468
C01 999.976 25.97997204162106
C01 1025.028 11.08988400011639
C01 1050.014 3.9144353926351165
C01 1075.002 0.9397052355082528
C01 1099.99 0.09323669017767035
C02 319.994 44.20970062347469
C02 324.969 49.86313782097571
C02 349.982 73.58247862798076
C02 374.975 77.40899257112714
C02 400.019 83.60293599487025
C02 424.965 85.93465986156627
C02 450.035 87.45337323350256
C02 475.003 90.3435209971906
C02 500.018 91.80791666026917
C02 525.002 94.34623554409144
C02 550.029 95.27702343678737
C02 575.023 96.93033300833481
C02 599.982 97.24460193273589
C02 619.997 97.86758438788132
C02 624.979 98.72531274916341
C02 650.012 98.69014893876495
C02 675.004 97.7566596595931
C02 700.03 97.8132972031646
C02 725.012 97.25191246449842
C02 750.022 98.37668127306436
C02 774.987 97.94938908568332
C02 799.976 97.438743100346
C02 824.988 96.63567584450755
C02 850.022 93.73469201077485
C02 869.967 90.4733935859865
C02 875.002 89.24197342886825
C02 899.999 81.50145572351767
C02 919.999 73.2884319469729
C02 925.012 70.17566399214893
C02 949.965 57.233706753276685
C02 975.002 42.71616966783939
C02 999.976 26.006150308021223
C02 1025.028 11.080444409521142
C02 1050.014 3.9149981814842674
C02 1075.002 0.9372297828307166
C02 1099.99 0.09299107803715682
C03 319.994 44.51020316029789
C03 324.969 50.201562787437624
C03 349.982 74.02893997589153
C03 374.975 77.79104035055408
C03 400.019 83.915182694932
C03 424.965 86.21806887944577
C03 450.035 87.72369502594078
C03 475.003 90.6125531446728
C03 500.018 92.07096607612108
C03 525.002 94.6083463426085
C03 550.029 95.5352347762954
C03 575.023 97.18276002312885
C03 599.982 97.49747154757401
C03 619.997 98.11424234003186
C03 624.979 98.97903703994872
C03 650.012 98.93762341168646
C03 675.004 97.99416036945237
C03 700.03 98.04950063703261
C03 725.012 97.48816168457788
C03 750.022 98.62073704219713
C03 774.987 98.19756561384716
C03 799.976 97.68855267005179
C03 824.988 96.9010222019675
C03 850.022 93.9973903990056
C03 869.967 90.68864219707798
C03 875.002 89.45577977429886
C03 899.999 81.81592305483505
C03 919.999 73.56913957837648
C03 925.012 70.43978175293482
C03 949.965 57.46843739734285
C03 975.002 42.84492812548986
C03 999.976 26.092049056230938
C03 1025.028 11.122152786519651
C03 1050.014 3.9326401810860383
C03 1075.002 0.9395548899766678
C03 1099.99 0.09322177303214607
C04 319.994 44.82172109649396
C04 324.969 50.55125497743541
C04 349.982 74.48464250748124
C04 374.975 78.16084794945169
C04 400.019 84.17192124463818
C04 424.965 86.4243052379156
C04 450.035 87.90321513002586
C04 475.003 90.78198502016699
C04 500.018 92.23211064734167
C04 525.002 94.76284428213268
C04 550.029 95.68845070189879
C04 575.023 97.3315728413972
C04 599.982 97.63603588551138
C04 619.997 98.25286009521594
C04 624.979 99.11233596356861
C04 650.012 99.06904510063664
C04 675.004 98.12411689963595
C04 700.03 98.17044491459453
C04 725.012 97.599712157756
C04 750.022 98.71768934495593
C04 774.987 98.28349107068023
C04 799.976 97.77053288166437
C04 824.988 96.98556644142164
C04 850.022 94.07537194815099
C04 869.967 90.74502028545123
C04 875.002 89.52403175350979
C04 899.999 82.00214320786323
C04 919.999 73.65051693820489
C04 925.012 70.51423013276282
C04 949.965 57.52732991182857
C04 975.002 42.840948540610775
C04 999.976 26.11326333420571
C04 1025.028 11.164247484677324
C04 1050.014 3.9367158693152065
C04 1075.002 0.9404785501220483
C04 1099.99 0.09331341774322159
C05 319.994 44.98068319163512
C05 324.969 50.72998908489048
C05 349.982 74.69931879092952
C05 374.975 78.29838972866654
C05 400.019 84.21832556994917
C05 424.965 86.42864729696872
C05 450.035 87.89158543231595
C05 475.003 90.76021367661949
C05 500.018 92.20356294449864
C05 525.002 94.7284817304347
C05 550.029 95.64786122544275
C05 575.023 97.28545849542542
C05 599.982 97.58725067720464
C05 619.997 98.20102247281211
C05 624.979 99.06056702048197
C05 650.012 99.01046927411349
C05 675.004 98.0620384279364
C05 700.03 98.0990489488636
C05 725.012 97.51210787316954
C05 750.022 98.60842055131538
C05 774.987 98.15944859280975
C05 799.976 97.63989718934418
C05 824.988 96.87265001293507
C05 850.022 93.92762747481662
C05 869.967 90.63614067460806
C05 875.002 89.42803333015632
C05 899.999 82.01897727160868
C05 919.999 73.56069202236279
C05 925.012 70.45221270934522
C05 949.965 57.49310090324734
C05 975.002 42.67451184644936
C05 999.976 26.012753061264988
C05 1025.028 11.14905218575025
C05 1050.014 3.9282637823743363
C05 1075.002 0.9394375521728514
C05 1099.99 0.09321013088304744
C06 319.994 45.19523356300191
C06 324.969 50.969214408714606
C06 349.982 75.00181302795107
C06 374.975 78.55268634709505
C06 400.019 84.44145704044641
C06 424.965 86.64403326669458
C06 450.035 88.10600989160123
C06 475.003 90.97530966700613
C06 500.018 92.41971201774878
C06 525.002 94.9478587315925
C06 550.029 95.86387294005851
C06 575.023 97.50485838968896
C06 599.982 97.80563564378089
C06 619.997 98.41869775311079
C06 624.979 99.28032557340191
C06 650.012 99.22730514053548
C06 675.004 98.27010623486449
C06 700.03 98.29630357885276
C06 725.012 97.69206294626345
C06 750.022 98.77558600934248
C06 774.987 98.30375146924965
C06 799.976 97.78107897236981
C06 824.988 97.02182148985982
C06 850.022 94.06760355427389
C06 869.967 90.86036338314499
C06 875.002 89.65894845660112
C06 899.999 82.20476245562801
C06 919.999 73.67935462038713
C06 925.012 70.6390433451928
C06 949.965 57.681137242663276
C06 975.002 42.671554820292805
C06 999.976 26.015183545989796
C06 1025.028 11.129285896712787
C06 1050.014 3.9418441634681676
C06 1075.002 0.9410301295578753
C06 1099.99 0.09336814494811874
C07 319.994 45.24310686259714
C07 324.969 51.02593589367377
C07 349.982 75.03058203081613
C07 374.975 78.52433705116833
C07 400.019 84.38110318271171
C07 424.965 86.57241600094163
C07 450.035 88.02658607679496
C07 475.003 90.89658027640695
C07 500.018 92.34060107538747
C07 525.002 94.86859516852634
C07 550.029 95.78190035948118
C07 575.023 97.41897108803211
C07 599.982 97.72020620423861
C07 619.997 98.32778923026423
C07 624.979 99.18452555696477
C07 650.012 99.12984155841541
C07 675.004 98.17168877333908
C07 700.03 98.19040007175424
C07 725.012 97.57646039337143
C07 750.022 98.63893706125103
C07 774.987 98.15474787510024
C07 799.976 97.63073231601768
C07 824.988 96.86654518474089
C07 850.022 93.9407528554341
C07 869.967 90.80741162959573
C07 875.002 89.62204477016732
C07 899.999 82.08577172308823
C07 919.999 73.67585960624596
C07 925.012 70.59561512362647
C07 949.965 57.63179878430145
C07 975.002 42.61986981859384
C07 999.976 25.99342746451279
C07 1025.028 11.14004661028443
C07 1050.014 3.967447002117058
C07 1075.002 0.9397282822092329
C07 1099.99 0.093238976850169
C10 319.994 43.116871512917164
C10 324.969 48.62392637687464
C10 349.982 71.51510908416316
C10 374.975 75.4887951730007
C10 400.019 82.59557829454884
C10 424.965 85.38990314869399
C10 450.035 87.16501167375054
C10 475.003 90.2095429114341
C10 500.018 91.77242471535527
C10 525.002 94.36969334642758
C10 550.029 95.34730527137285
C10 575.023 97.02286694168808
C10 599.982 97.35523668168489
C10 619.997 97.98183624753537
C10 624.979 98.84761535099854
C10 650.012 98.81712936520385
C10 675.004 97.86632526706627
C10 700.03 97.82166081779062
C10 725.012 96.98638296219262
C10 750.022 97.76818252280961
C10 774.987 97.02379029695244
C10 799.976 96.40417312834904
C10 824.988 95.67553899026811
C10 850.022 92.80251526966475
C10 869.967 89.60291376481382
C10 875.002 88.45559524710562
C10 899.999 81.13845500805657
C10 919.999 73.29062968512281
C10 925.012 70.19394032155525
C10 949.965 56.907953120835316
C10 975.002 42.384021227864615
C10 999.976 25.85085110979656
C10 1025.028 11.190278853649062
C10 1050.014 3.9654770026751787
C10 1075.002 0.9314326527041907
C10 1099.99 0.09241589211171693
C11 319.994 43.523365313744165
C11 324.969 49.08020505162517
C11 349.982 72.19258476197689
C11 374.975 76.11578392164857
C11 400.019 83.06449777917894
C11 424.965 85.780001670302
C11 450.035 87.51362788777911
C11 475.003 90.53916547874353
C11 500.018 92.08989867455828
C11 525.002 94.68509166404458
C11 550.029 95.64910508418731
C11 575.023 97.32606323395196
C11 599.982 97.6549913770543
C11 619.997 98.28435337766265
C11 624.979 99.1483620809495
C11 650.012 99.1131753774453
C11 675.004 98.16541606236957
C11 700.03 98.14069150818314
C11 725.012 97.36522570681761
C11 750.022 98.23017302743932
C11 774.987 97.56284662649841
C11 799.976 96.96913682254406
C11 824.988 96.22371440692913
C11 850.022 93.35395676940966
C11 869.967 90.1334691210994
C11 875.002 88.95042209638477
C11 899.999 81.5210369599505
C11 919.999 73.46625796123409
C11 925.012 70.32842205563776
C11 949.965 57.2023431984291
C11 975.002 42.59182576407683
C11 999.976 25.979168875161765
C11 1025.028 11.169027374377483
C11 1050.014 3.9422929637283803
C11 1075.002 0.9358340117034253
C11 1099.99 0.09285259090817558
C12 319.994 43.762789044484606
C12 324.969 49.35192713903044
C12 349.982 72.58644538395956
C12 374.975 76.45823425920102
C12 400.019 83.26271391960867
C12 424.965 85.90653949669684
C12 450.035 87.60399460712344
C12 475.003 90.60943968229377
C12 500.018 92.14501764211647
C12 525.002 94.73006135472994
C12 550.029 95.69209833674482
C12 575.023 97.3597771476543
C12 599.982 97.68347803161538
C12 619.997 98.30964262845704
C12 624.979 99.17324688687603
C12 650.012 99.13474068304124
C12 675.004 98.18382975041025
C12 700.03 98.16440113468228
C12 725.012 97.40347245545414
C12 750.022 98.29277040953538
C12 774.987 97.6456509899172
C12 799.976 97.06169364900305
C12 824.988 96.3172861610754
C12 850.022 93.42032388291562
C12 869.967 90.2071849215441
C12 875.002 89.02480942793083
C12 899.999 81.68279201399051
C12 919.999 73.48245101801915
C12 925.012 70.34028068440495
C12 949.965 57.22353076778052
C12 975.002 42.5609200713438
C12 999.976 26.01878348686555
C12 1025.028 11.198756933803729
C12 1050.014 3.9174322432568447
C12 1075.002 0.9364303733493471
C12 1099.99 0.09291176136281774
C13 319.994 43.97163140148983
C13 324.969 49.58249886888932
C13 349.982 72.87098379505498
C13 374.975 76.68787500276028
C13 400.019 83.43664047486082
C13 424.965 86.05515390804887
C13 450.035 87.74273445887138
C13 475.003 90.74159395062725
C13 500.018 92.27399739978898
C13 525.002 94.85595817416439
C13 550.029 95.80770852067207
C13 575.023 97.47544074882826
C13 599.982 97.79334967704011
C13 619.997 98.41418781128235
C13 624.979 99.28294301849017
C13 650.012 99.23856854855373
C13 675.004 98.28255245334537
C13 700.03 98.25354688838777
C13 725.012 97.48095798730876
C13 750.022 98.35621483654337
C13 774.987 97.69839670551491
C13 799.976 97.10482426019492
C13 824.988 96.3728172045367
C13 850.022 93.44105740567011
C13 869.967 90.25439050555558
C13 875.002 89.09739583515962
C13 899.999 81.73285160518276
C13 919.999 73.46585351636622
C13 925.012 70.42896094496064
C13 949.965 57.30943714702547
C13 975.002 42.455111952185824
C13 999.976 26.009210353153556
C13 1025.028 11.202005847058318
C13 1050.014 3.895300571763988
C13 1075.002 0.9370348055969593
C13 1099.99 0.09297173257514534
C14 319.994 44.27262614008619
C14 324.969 49.922556876893175
C14 349.982 73.33535518268042
C14 374.975 77.08007205906004
C14 400.019 83.70206314267323
C14 424.965 86.26389324607833
C14 450.035 87.9183169487712
C14 475.003 90.90692032916084
C14 500.018 92.4259313114716
C14 525.002 95.00432839238866
C14 550.029 95.9520342902177
C14 575.023 97.6151268489463
C14 599.982 97.92744222832525
C14 619.997 98.54654048653214
C14 624.979 99.41690584217618
C14 650.012 99.36802906144653
C14 675.004 98.40215366870457
C14 700.03 98.3671501100462
C14 725.012 97.56786021665289
C14 750.022 98.41351628018099
C14 774.987 97.72314415280705
C14 799.976 97.12316926891843
C14 824.988 96.40218905918594
C14 850.022 93.44738353388632
C14 869.967 90.25382580894762
C14 875.002 89.15436151324654
C14 899.999 81.77292980227755
C14 919.999 73.44025902416213
C14 925.012 70.55613214728062
C14 949.965 57.529306349956435
C14 975.002 42.343950661805074
C14 999.976 25.859010594229844
C14 1025.028 11.17407435031114
C14 1050.014 3.8982657058954886
C14 1075.002 0.9375807142869599
C14 1099.99 0.09302589713385119
C15 319.994 44.41032435552351
C15 324.969 50.078256704468075
C15 349.982 73.53351790586345
C15 374.975 77.22828202554422
C15 400.019 83.76954438732463
C15 424.965 86.28642006211484
C15 450.035 87.91836273498267
C15 475.003 90.89225347942433
C15 500.018 92.40207669530285
C15 525.002 94.97287326511815
C15 550.029 95.91563425210991
C15 575.023 97.56917275471463
C15 599.982 97.8805495167587
C15 619.997 98.49515309520764
C15 624.979 99.36039039516857
C15 650.012 99.30998740739038
C15 675.004 98.33941892797414
C15 700.03 98.2879704883677
C15 725.012 97.46496333744
C15 750.022 98.2726473696003
C15 774.987 97.54720300425083
C15 799.976 96.93386617765219
C15 824.988 96.22853722120253
C15 850.022 93.29207670462641
C15 869.967 90.17647000469213
C15 875.002 89.01373679579363
C15 899.999 81.75225732780501
C15 919.999 73.65125714862343
C15 925.012 70.58857930913268
C15 949.965 57.280050030305745
C15 975.002 42.41251169794332
C15 999.976 25.989173162364974
C15 1025.028 11.134520786889295
C15 1050.014 3.8984166573113836
C15 1075.002 0.9362386639362472
C15 1099.99 0.0928927401309698
C16 319.994 44.53616394219363
C16 324.969 50.218984440896755
C16 349.982 73.72851374942076
C16 374.975 77.40667273641336
C16 400.019 83.88904639922568
C16 424.965 86.37969420588665
C16 450.035 87.99713791179329
C16 475.003 90.96300843819486
C16 500.018 92.46692523279552
C16 525.002 95.03367735393216
C16 550.029 95.97592706156266
C16 575.023 97.63078573326437
C16 599.982 97.93860643288535
C16 619.997 98.55322527340476
C16 624.979 99.41625720418054
C16 650.012 99.36825799250381
C16 675.004 98.39366795751467
C16 700.03 98.33352776876676
C16 725.012 97.48054591140564
C16 750.022 98.25324927801331
C16 774.987 97.49786836140663
C16 799.976 96.87959425500594
C16 824.988 96.18587210316046
C16 850.022 93.2566915942059
C16 869.967 90.19173970621283
C16 875.002 89.05531830683124
C16 899.999 81.74933464130704
C16 919.999 73.75954153871767
C16 925.012 70.74838844918578
C16 949.965 57.375773736390464
C16 975.002 42.35794598044023
C16 999.976 25.88220703360891
C16 1025.028 11.100565541697392
C16 1050.014 3.9176020337909954
C16 1075.002 0.936053860042282
C16 1099.99 0.09287440405838643
C17 319.994 44.65374674873114
C17 324.969 50.35231388865762
C17 349.982 73.94522751927886
C17 374.975 77.63207062437768
C17 400.019 84.06493413053519
C17 424.965 86.52872832417704
C17 450.035 88.1309939009859
C17 475.003 91.09408673055911
C17 500.018 92.60155958758288
C17 525.002 95.16968529506322
C17 550.029 96.11209525443381
C17 575.023 97.77050998855864
C17 599.982 98.08112364707844
C17 619.997 98.69533804273
C17 624.979 99.56113240826365
C17 650.012 99.51163751367935
C17 675.004 98.53437661635523
C17 700.03 98.46401847141733
C17 725.012 97.59199718112562
C17 750.022 98.33924341416356
C17 774.987 97.55760410528666
C17 799.976 96.92438843188073
C17 824.988 96.23500070805312
C17 850.022 93.34547868925499
C17 869.967 90.28807389511697
C17 875.002 89.17249285298325
C17 899.999 81.81084841639864
C17 919.999 74.0253457582922
C17 925.012 70.95844032527698
C17 949.965 57.38769722895722
C17 975.002 42.48116049098686
C17 999.976 25.913948324701018
C17 1025.028 11.154079130216394
C17 1050.014 3.9483405591582383
C17 1075.002 0.936873122512351
C17 1099.99 0.0929556905280257
