lsstCam/transmission_sensor/r23_s00/19700101T000000.ecsv
# %ECSV 1.0
# ---
# datatype:
# - {name: amp_name, datatype: string}
# - {name: wavelength, unit: nm, datatype: float32}
# - {name: efficiency, unit: '%', datatype: float64}
# meta: !!omap
# - {MODE: AMP}
# - {TYPE: transmission_sensor}
# - {CALIBDATE: '1970-01-01T00:00:00'}
# - {INSTRUME: LSSTCAM}
# - {OBSTYPE: transmission_sensor}
# - {DETECTOR: 99}
# - {PARQUETFILE: qe_raft_allvalues_nircorrected_20230725.parquet}
# - {CALIBCLS: lsst.ip.isr.IntermediateSensorTransmissionCurve}
# - {CALIB_ID: 'raftName=R23 detectorName=S00 detector=99 calibDate=1970-01-01T00:00:00 ccd=99 ccdnum=99 filter=None'}
# - {DATE: '2024-01-18T22:42:25.324996'}
# - {CALIB_CREATION_DATE: '2024-01-18'}
# - {CALIB_CREATION_TIME: '22:42:25'}
# - __serialized_columns__:
#     efficiency:
#       __class__: astropy.units.quantity.Quantity
#       unit: !astropy.units.Unit {unit: '%'}
#       value: !astropy.table.SerializedColumn {name: efficiency}
#     wavelength:
#       __class__: astropy.units.quantity.Quantity
#       unit: !astropy.units.Unit {unit: nm}
#       value: !astropy.table.SerializedColumn {name: wavelength}
# schema: astropy-2.0
amp_name wavelength efficiency
C00 319.994 43.86449432373047
C00 324.969 49.478206634521484
C00 349.982 73.0306625366211
C00 374.975 76.9355239868164
C00 400.019 83.36231994628906
C00 424.965 85.80441284179688
C00 450.035 87.37853240966797
C00 475.003 90.3080825805664
C00 500.018 91.79582977294922
C00 525.002 94.3506851196289
C00 550.029 95.29736328125
C00 575.023 96.95840454101562
C00 599.982 97.2814712524414
C00 619.997 97.9116439819336
C00 624.979 98.76860809326172
C00 650.012 98.73937225341797
C00 675.004 97.80545806884766
C00 700.03 97.8367919921875
C00 725.012 97.1865234375
C00 750.022 98.19729614257812
C00 774.987 97.64964294433594
C00 799.976 97.08609008789062
C00 824.988 96.28528594970703
C00 850.022 93.33743286132812
C00 869.967 90.10530090332031
C00 875.002 88.92186737060547
C00 899.999 81.13971710205078
C00 919.999 72.99266052246094
C00 925.012 69.93048095703125
C00 949.965 56.84086227416992
C00 975.002 42.43052291870117
C00 999.976 25.81109619140625
C00 1025.028 11.100080490112305
C00 1050.014 3.929100513458252
C00 1075.002 0.9355207920220413
C00 1099.99 0.09282151353913766
C01 319.994 44.14009094238281
C01 324.969 49.7888069152832
C01 349.982 73.49706268310547
C01 374.975 77.38497924804688
C01 400.019 83.71321105957031
C01 424.965 86.1093978881836
C01 450.035 87.65898132324219
C01 475.003 90.57799530029297
C01 500.018 92.05714416503906
C01 525.002 94.61111450195312
C01 550.029 95.55239868164062
C01 575.023 97.21116638183594
C01 599.982 97.53624725341797
C01 619.997 98.16326904296875
C01 624.979 99.02666473388672
C01 650.012 98.9930419921875
C01 675.004 98.05754089355469
C01 700.03 98.10844421386719
C01 725.012 97.52389526367188
C01 750.022 98.61531066894531
C01 774.987 98.14762878417969
C01 799.976 97.61707305908203
C01 824.988 96.80872344970703
C01 850.022 93.86859130859375
C01 869.967 90.61366271972656
C01 875.002 89.40097045898438
C01 899.999 81.5699691772461
C01 919.999 73.34269714355469
C01 925.012 70.23595428466797
C01 949.965 57.21271896362305
C01 975.002 42.711002349853516
C01 999.976 25.97438621520996
C01 1025.028 11.087499618530273
C01 1050.014 3.9135937690734863
C01 1075.002 0.9395031940928602
C01 1099.99 0.09321664381404672
C02 319.994 44.2001953125
C02 324.969 49.8524169921875
C02 349.982 73.56665802001953
C02 374.975 77.39234924316406
C02 400.019 83.5849609375
C02 424.965 85.91618347167969
C02 450.035 87.4345703125
C02 475.003 90.3240966796875
C02 500.018 91.78817749023438
C02 525.002 94.3259506225586
C02 550.029 95.25653839111328
C02 575.023 96.90949249267578
C02 599.982 97.22369384765625
C02 619.997 97.84654235839844
C02 624.979 98.70408630371094
C02 650.012 98.66893005371094
C02 675.004 97.73564147949219
C02 700.03 97.79226684570312
C02 725.012 97.23100280761719
C02 750.022 98.35552978515625
C02 774.987 97.92832946777344
C02 799.976 97.41779327392578
C02 824.988 96.61489868164062
C02 850.022 93.71453857421875
C02 869.967 90.45394134521484
C02 875.002 89.22278594970703
C02 899.999 81.48393249511719
C02 919.999 73.27267456054688
C02 925.012 70.16057586669922
C02 949.965 57.22140121459961
C02 975.002 42.70698547363281
C02 999.976 26.000558853149414
C02 1025.028 11.078062057495117
C02 1050.014 3.914156436920166
C02 1075.002 0.9370282736502672
C02 1099.99 0.09297108448139532
C03 319.994 44.500633239746094
C03 324.969 50.19076919555664
C03 349.982 74.01302337646484
C03 374.975 77.7743148803711
C03 400.019 83.89714050292969
C03 424.965 86.19953155517578
C03 450.035 87.704833984375
C03 475.003 90.59307098388672
C03 500.018 92.0511703491211
C03 525.002 94.58800506591797
C03 550.029 95.51469421386719
C03 575.023 97.161865234375
C03 599.982 97.47650909423828
C03 619.997 98.09314727783203
C03 624.979 98.95775604248047
C03 650.012 98.91635131835938
C03 675.004 97.97309112548828
C03 700.03 98.0284194946289
C03 725.012 97.46720123291016
C03 750.022 98.59953308105469
C03 774.987 98.17645263671875
C03 799.976 97.66754913330078
C03 824.988 96.88018798828125
C03 850.022 93.97718048095703
C03 869.967 90.66914367675781
C03 875.002 89.4365463256836
C03 899.999 81.79833221435547
C03 919.999 73.5533218383789
C03 925.012 70.42463684082031
C03 949.965 57.45608139038086
C03 975.002 42.835716247558594
C03 999.976 26.08643913269043
C03 1025.028 11.11976146697998
C03 1050.014 3.9317946434020996
C03 1075.002 0.9393528808863307
C03 1099.99 0.09320172987578478
C04 319.994 44.81208419799805
C04 324.969 50.54038619995117
C04 349.982 74.4686279296875
C04 374.975 78.14404296875
C04 400.019 84.15382385253906
C04 424.965 86.40572357177734
C04 450.035 87.88431549072266
C04 475.003 90.76246643066406
C04 500.018 92.2122802734375
C04 525.002 94.74246978759766
C04 550.029 95.66787719726562
C04 575.023 97.3106460571289
C04 599.982 97.61504364013672
C04 619.997 98.23173522949219
C04 624.979 99.09102630615234
C04 650.012 99.04774475097656
C04 675.004 98.10301971435547
C04 700.03 98.14933776855469
C04 725.012 97.57872772216797
C04 750.022 98.69646453857422
C04 774.987 98.26235961914062
C04 799.976 97.74951171875
C04 824.988 96.96471405029297
C04 850.022 94.05514526367188
C04 869.967 90.72550964355469
C04 875.002 89.5047836303711
C04 899.999 81.98451232910156
C04 919.999 73.63468170166016
C04 925.012 70.49906921386719
C04 949.965 57.51496124267578
C04 975.002 42.83173751831055
C04 999.976 26.107648849487305
C04 1025.028 11.161847114562988
C04 1050.014 3.9358694553375244
C04 1075.002 0.9402763424400721
C04 1099.99 0.09329335488278029
C05 319.994 44.971012115478516
C05 324.969 50.71908187866211
C05 349.982 74.68325805664062
C05 374.975 78.28155517578125
C05 400.019 84.2002182006836
C05 424.965 86.41006469726562
C05 450.035 87.87268829345703
C05 475.003 90.7406997680664
C05 500.018 92.1837387084961
C05 525.002 94.70811462402344
C05 550.029 95.6272964477539
C05 575.023 97.26454162597656
C05 599.982 97.56626892089844
C05 619.997 98.1799087524414
C05 624.979 99.03926849365234
C05 650.012 98.98918151855469
C05 675.004 98.04095458984375
C05 700.03 98.07795715332031
C05 725.012 97.49114227294922
C05 750.022 98.58721923828125
C05 774.987 98.13834381103516
C05 799.976 97.61890411376953
C05 824.988 96.85182189941406
C05 850.022 93.90743255615234
C05 869.967 90.61665344238281
C05 875.002 89.40880584716797
C05 899.999 82.0013427734375
C05 919.999 73.54487609863281
C05 925.012 70.43706512451172
C05 949.965 57.48073959350586
C05 975.002 42.66533660888672
C05 999.976 26.007160186767578
C05 1025.028 11.146655082702637
C05 1050.014 3.9274191856384277
C05 1075.002 0.9392355683107403
C05 1099.99 0.09319009022980754
C06 319.994 45.185516357421875
C06 324.969 50.958255767822266
C06 349.982 74.98568725585938
C06 374.975 78.53579711914062
C06 400.019 84.42330169677734
C06 424.965 86.62540435791016
C06 450.035 88.08706665039062
C06 475.003 90.95574951171875
C06 500.018 92.39984130859375
C06 525.002 94.92744445800781
C06 550.029 95.84326171875
C06 575.023 97.48389434814453
C06 599.982 97.78460693359375
C06 619.997 98.39753723144531
C06 624.979 99.25897979736328
C06 650.012 99.20597076416016
C06 675.004 98.24897766113281
C06 700.03 98.2751693725586
C06 725.012 97.67105865478516
C06 750.022 98.75434875488281
C06 774.987 98.2826156616211
C06 799.976 97.76005554199219
C06 824.988 97.00096130371094
C06 850.022 94.04737854003906
C06 869.967 90.84082794189453
C06 875.002 89.6396713256836
C06 899.999 82.18708801269531
C06 919.999 73.66351318359375
C06 925.012 70.62385559082031
C06 949.965 57.66873550415039
C06 975.002 42.66238021850586
C06 999.976 26.00959014892578
C06 1025.028 11.126893043518066
C06 1050.014 3.9409966468811035
C06 1075.002 0.9408278032835089
C06 1099.99 0.09334807032104943
C07 319.994 45.23337936401367
C07 324.969 51.01496505737305
C07 349.982 75.01445007324219
C07 374.975 78.50745391845703
C07 400.019 84.36296081542969
C07 424.965 86.55380249023438
C07 450.035 88.00765991210938
C07 475.003 90.87703704833984
C07 500.018 92.32074737548828
C07 525.002 94.84819793701172
C07 550.029 95.76130676269531
C07 575.023 97.39802551269531
C07 599.982 97.6991958618164
C07 619.997 98.30664825439453
C07 624.979 99.16320037841797
C07 650.012 99.10852813720703
C07 675.004 98.15058135986328
C07 700.03 98.1692886352539
C07 725.012 97.55548095703125
C07 750.022 98.61772918701172
C07 774.987 98.1336441040039
C07 799.976 97.6097412109375
C07 824.988 96.84571838378906
C07 850.022 93.9205551147461
C07 869.967 90.78788757324219
C07 875.002 89.60277557373047
C07 899.999 82.06812286376953
C07 919.999 73.66001892089844
C07 925.012 70.58043670654297
C07 949.965 57.619407653808594
C07 975.002 42.6107063293457
C07 999.976 25.987838745117188
C07 1025.028 11.137651443481445
C07 1050.014 3.9665939807891846
C07 1075.002 0.9395262358386821
C07 1099.99 0.09321892999489914
C10 319.994 43.107601165771484
C10 324.969 48.61347198486328
C10 349.982 71.4997329711914
C10 374.975 75.47256469726562
C10 400.019 82.57781982421875
C10 424.965 85.37154388427734
C10 450.035 87.14627075195312
C10 475.003 90.19014739990234
C10 500.018 91.75269317626953
C10 525.002 94.34940338134766
C10 550.029 95.3268051147461
C10 575.023 97.00200653076172
C10 599.982 97.33430480957031
C10 619.997 97.96076965332031
C10 624.979 98.82636260986328
C10 650.012 98.79588317871094
C10 675.004 97.84528350830078
C10 700.03 97.80062866210938
C10 725.012 96.96553039550781
C10 750.022 97.74716186523438
C10 774.987 97.0029296875
C10 799.976 96.3834457397461
C10 824.988 95.65496826171875
C10 850.022 92.78256225585938
C10 869.967 89.58364868164062
C10 875.002 88.43657684326172
C10 899.999 81.12100982666016
C10 919.999 73.27487182617188
C10 925.012 70.17884826660156
C10 949.965 56.89571762084961
C10 975.002 42.374908447265625
C10 999.976 25.845293045043945
C10 1025.028 11.187872886657715
C10 1050.014 3.9646244049072266
C10 1075.002 0.931232389936267
C10 1099.99 0.09239602222386116
C11 319.994 43.514007568359375
C11 324.969 49.06965255737305
C11 349.982 72.17706298828125
C11 374.975 76.09941864013672
C11 400.019 83.04663848876953
C11 424.965 85.76155853271484
C11 450.035 87.49481201171875
C11 475.003 90.51969909667969
C11 500.018 92.07009887695312
C11 525.002 94.66473388671875
C11 550.029 95.6285400390625
C11 575.023 97.30513763427734
C11 599.982 97.63399505615234
C11 619.997 98.26322174072266
C11 624.979 99.12704467773438
C11 650.012 99.09186553955078
C11 675.004 98.1443099975586
C11 700.03 98.11959075927734
C11 725.012 97.34429168701172
C11 750.022 98.20905303955078
C11 774.987 97.5418701171875
C11 799.976 96.94828796386719
C11 824.988 96.2030258178711
C11 850.022 93.3338851928711
C11 869.967 90.11408996582031
C11 875.002 88.9312973022461
C11 899.999 81.50350952148438
C11 919.999 73.4504623413086
C11 925.012 70.31330108642578
C11 949.965 57.19004440307617
C11 975.002 42.58266830444336
C11 999.976 25.973583221435547
C11 1025.028 11.1666259765625
C11 1050.014 3.9414453506469727
C11 1075.002 0.9356328026208827
C11 1099.99 0.09283262712785267
C12 319.994 43.753379821777344
C12 324.969 49.34131622314453
C12 349.982 72.57083892822266
C12 374.975 76.4417953491211
C12 400.019 83.24481201171875
C12 424.965 85.88806915283203
C12 450.035 87.58515930175781
C12 475.003 90.58995819091797
C12 500.018 92.12520599365234
C12 525.002 94.7096939086914
C12 550.029 95.67152404785156
C12 575.023 97.3388442993164
C12 599.982 97.6624755859375
C12 619.997 98.28850555419922
C12 624.979 99.15192413330078
C12 650.012 99.1134262084961
C12 675.004 98.1627197265625
C12 700.03 98.14329528808594
C12 725.012 97.38253021240234
C12 750.022 98.27163696289062
C12 774.987 97.6246566772461
C12 799.976 97.04082489013672
C12 824.988 96.29657745361328
C12 850.022 93.40023803710938
C12 869.967 90.18778991699219
C12 875.002 89.00566864013672
C12 899.999 81.66522979736328
C12 919.999 73.4666519165039
C12 925.012 70.32515716552734
C12 949.965 57.21122741699219
C12 975.002 42.5517692565918
C12 999.976 26.0131893157959
C12 1025.028 11.196349143981934
C12 1050.014 3.9165899753570557
C12 1075.002 0.9362290360460108
C12 1099.99 0.0928917848605455
C13 319.994 43.96217727661133
C13 324.969 49.57183837890625
C13 349.982 72.85531616210938
C13 374.975 76.67138671875
C13 400.019 83.418701171875
C13 424.965 86.03665161132812
C13 450.035 87.72386932373047
C13 475.003 90.72208404541016
C13 500.018 92.25415802001953
C13 525.002 94.83556365966797
C13 550.029 95.787109375
C13 575.023 97.45448303222656
C13 599.982 97.77232360839844
C13 619.997 98.39302825927734
C13 624.979 99.2615966796875
C13 650.012 99.21723175048828
C13 675.004 98.26142120361328
C13 700.03 98.232421875
C13 725.012 97.45999908447266
C13 750.022 98.33506774902344
C13 774.987 97.6773910522461
C13 799.976 97.08394622802734
C13 824.988 96.35209655761719
C13 850.022 93.42096710205078
C13 869.967 90.2349853515625
C13 875.002 89.07823944091797
C13 899.999 81.71527862548828
C13 919.999 73.45005798339844
C13 925.012 70.413818359375
C13 949.965 57.297115325927734
C13 975.002 42.44598388671875
C13 999.976 26.003618240356445
C13 1025.028 11.199597358703613
C13 1050.014 3.894463062286377
C13 1075.002 0.936833338337609
C13 1099.99 0.09295174317875676
C14 319.994 44.26310729980469
C14 324.969 49.91182327270508
C14 349.982 73.31958770751953
C14 374.975 77.0634994506836
C14 400.019 83.68406677246094
C14 424.965 86.24534606933594
C14 450.035 87.8994140625
C14 475.003 90.88737487792969
C14 500.018 92.40605926513672
C14 525.002 94.98390197753906
C14 550.029 95.93140411376953
C14 575.023 97.5941390991211
C14 599.982 97.90638732910156
C14 619.997 98.52535247802734
C14 624.979 99.3955307006836
C14 650.012 99.34666442871094
C14 675.004 98.38099670410156
C14 700.03 98.34600067138672
C14 725.012 97.54688262939453
C14 750.022 98.3923568725586
C14 774.987 97.70213317871094
C14 799.976 97.10228729248047
C14 824.988 96.38146209716797
C14 850.022 93.42729187011719
C14 869.967 90.23442077636719
C14 875.002 89.13519287109375
C14 899.999 81.7553482055664
C14 919.999 73.42446899414062
C14 925.012 70.54096221923828
C14 949.965 57.516937255859375
C14 975.002 42.33484649658203
C14 999.976 25.853450775146484
C14 1025.028 11.171671867370605
C14 1050.014 3.897427558898926
C14 1075.002 0.9373791296544587
C14 1099.99 0.09300589609180641
C15 319.994 44.40077590942383
C15 324.969 50.06748962402344
C15 349.982 73.51770782470703
C15 374.975 77.21167755126953
C15 400.019 83.75153350830078
C15 424.965 86.26786804199219
C15 450.035 87.89945983886719
C15 475.003 90.87271118164062
C15 500.018 92.38220977783203
C15 525.002 94.95245361328125
C15 550.029 95.89501190185547
C15 575.023 97.5481948852539
C15 599.982 97.85950469970703
C15 619.997 98.4739761352539
C15 624.979 99.33902740478516
C15 650.012 99.28863525390625
C15 675.004 98.31827545166016
C15 700.03 98.26683807373047
C15 725.012 97.44400787353516
C15 750.022 98.25151824951172
C15 774.987 97.52622985839844
C15 799.976 96.91302490234375
C15 824.988 96.20784759521484
C15 850.022 93.27201843261719
C15 869.967 90.1570816040039
C15 875.002 88.99459838867188
C15 899.999 81.73468017578125
C15 919.999 73.63542175292969
C15 925.012 70.57340240478516
C15 949.965 57.26773452758789
C15 975.002 42.40339279174805
C15 999.976 25.983585357666016
C15 1025.028 11.132126808166504
C15 1050.014 3.897578477859497
C15 1075.002 0.936037367851412
C15 1099.99 0.09287276771835937
C16 319.994 44.526588439941406
C16 324.969 50.208187103271484
C16 349.982 73.71266174316406
C16 374.975 77.39002990722656
C16 400.019 83.87100982666016
C16 424.965 86.36112213134766
C16 450.035 87.97821807861328
C16 475.003 90.94345092773438
C16 500.018 92.4470443725586
C16 525.002 95.01324462890625
C16 550.029 95.95529174804688
C16 575.023 97.60979461669922
C16 599.982 97.91754913330078
C16 619.997 98.53203582763672
C16 624.979 99.39488220214844
C16 650.012 99.34689331054688
C16 675.004 98.37251281738281
C16 700.03 98.31238555908203
C16 725.012 97.45958709716797
C16 750.022 98.23212432861328
C16 774.987 97.4769058227539
C16 799.976 96.8587646484375
C16 824.988 96.16519165039062
C16 850.022 93.23664093017578
C16 869.967 90.17234802246094
C16 875.002 89.03617095947266
C16 899.999 81.73175811767578
C16 919.999 73.74368286132812
C16 925.012 70.7331771850586
C16 949.965 57.36343765258789
C16 975.002 42.348838806152344
C16 999.976 25.87664222717285
C16 1025.028 11.09817886352539
C16 1050.014 3.916759729385376
C16 1075.002 0.9358526036912259
C16 1099.99 0.09285443558812505
C17 319.994 44.64414596557617
C17 324.969 50.341487884521484
C17 349.982 73.92932891845703
C17 374.975 77.6153793334961
C17 400.019 84.04685974121094
C17 424.965 86.51012420654297
C17 450.035 88.11204528808594
C17 475.003 91.07450103759766
C17 500.018 92.58164978027344
C17 525.002 95.14922332763672
C17 550.029 96.0914306640625
C17 575.023 97.7494888305664
C17 599.982 98.0600357055664
C17 619.997 98.67411804199219
C17 624.979 99.53972625732422
C17 650.012 99.49024200439453
C17 675.004 98.51319122314453
C17 700.03 98.4428482055664
C17 725.012 97.57101440429688
C17 750.022 98.31809997558594
C17 774.987 97.53662872314453
C17 799.976 96.90354919433594
C17 824.988 96.21430969238281
C17 850.022 93.32540893554688
C17 869.967 90.26866149902344
C17 875.002 89.1533203125
C17 899.999 81.79325866699219
C17 919.999 74.00942993164062
C17 925.012 70.94318389892578
C17 949.965 57.37535858154297
C17 975.002 42.47202682495117
C17 999.976 25.908376693725586
C17 1025.028 11.151680946350098
C17 1050.014 3.9474916458129883
C17 1075.002 0.936671690015688
C17 1099.99 0.09293570458075903
