lsstcam/transmission_sensor/r23_s00/19700101T000000.ecsv
# %ECSV 0.9
# ---
# datatype:
# - {name: amp_name, datatype: string}
# - {name: wavelength, unit: nm, datatype: float32}
# - {name: efficiency, unit: '%', datatype: float32}
# meta: !!omap
# - {MODE: AMP}
# - {TYPE: QE}
# - {CALIBDATE: '1970-01-01T00:00:00'}
# - {INSTRUME: LSSTCAM}
# - {OBSTYPE: qe_curve}
# - {DETECTOR: 99}
# - {PICKLEFILE: RaftRun11852.p}
# - {CALIB_ID: 'raftName=R23 detectorName=S00 detector=99 calibDate=1970-01-01T00:00:00 ccd=99 ccdnum=99 filter=None'}
# - {DATE: '2020-07-23T19:15:58.984473'}
# - {CALIB_CREATION_DATE: '2020-07-23'}
# - {CALIB_CREATION_TIME: '19:15:58'}
# - __serialized_columns__:
#     efficiency:
#       __class__: astropy.units.quantity.Quantity
#       unit: !astropy.units.Unit {unit: '%'}
#       value: !astropy.table.SerializedColumn {name: efficiency}
#     wavelength:
#       __class__: astropy.units.quantity.Quantity
#       unit: !astropy.units.Unit {unit: nm}
#       value: !astropy.table.SerializedColumn {name: wavelength}
# schema: astropy-2.0
amp_name wavelength efficiency
C10 319.994 43.1076
C10 324.969 48.613472
C10 349.982 71.49973
C10 374.975 75.472565
C10 400.019 82.57782
C10 424.965 85.371544
C10 450.035 87.14627
C10 475.003 90.19015
C10 500.018 91.75269
C10 525.002 94.3494
C10 550.029 95.326805
C10 575.023 97.00201
C10 599.982 97.334305
C10 619.997 97.96077
C10 624.979 98.82636
C10 650.012 98.79588
C10 675.004 97.84528
C10 700.03 97.80063
C10 725.012 96.96553
C10 750.022 97.74716
C10 774.987 97.00293
C10 799.976 96.383446
C10 824.988 95.65497
C10 850.022 92.78256
C10 869.967 89.58365
C10 875.002 88.43658
C10 899.999 81.12101
C10 919.999 73.27487
C10 925.012 70.17885
C10 949.965 56.895718
C10 975.002 42.37491
C10 999.976 25.845293
C10 1025.028 11.187873
C10 1050.014 3.9646244
C10 1075.002 2.1587136
C10 1099.99 1.690796
C00 319.994 43.864494
C00 324.969 49.478207
C00 349.982 73.03066
C00 374.975 76.935524
C00 400.019 83.36232
C00 424.965 85.80441
C00 450.035 87.37853
C00 475.003 90.30808
C00 500.018 91.79583
C00 525.002 94.350685
C00 550.029 95.29736
C00 575.023 96.958405
C00 599.982 97.28147
C00 619.997 97.911644
C00 624.979 98.76861
C00 650.012 98.73937
C00 675.004 97.80546
C00 700.03 97.83679
C00 725.012 97.18652
C00 750.022 98.197296
C00 774.987 97.64964
C00 799.976 97.08609
C00 824.988 96.285286
C00 850.022 93.33743
C00 869.967 90.1053
C00 875.002 88.92187
C00 899.999 81.13972
C00 919.999 72.99266
C00 925.012 69.93048
C00 949.965 56.840862
C00 975.002 42.430523
C00 999.976 25.811096
C00 1025.028 11.1000805
C00 1050.014 3.9291005
C00 1075.002 2.1650848
C00 1099.99 1.6949438
C13 319.994 43.962177
C13 324.969 49.57184
C13 349.982 72.855316
C13 374.975 76.67139
C13 400.019 83.4187
C13 424.965 86.03665
C13 450.035 87.72387
C13 475.003 90.722084
C13 500.018 92.25416
C13 525.002 94.83556
C13 550.029 95.78711
C13 575.023 97.45448
C13 599.982 97.77232
C13 619.997 98.39303
C13 624.979 99.2616
C13 650.012 99.21723
C13 675.004 98.26142
C13 700.03 98.23242
C13 725.012 97.46
C13 750.022 98.33507
C13 774.987 97.67739
C13 799.976 97.08395
C13 824.988 96.3521
C13 850.022 93.42097
C13 869.967 90.234985
C13 875.002 89.07824
C13 899.999 81.71528
C13 919.999 73.45006
C13 925.012 70.41382
C13 949.965 57.297115
C13 975.002 42.445984
C13 999.976 26.003618
C13 1025.028 11.199597
C13 1050.014 3.894463
C13 1075.002 2.1352105
C13 1099.99 1.6921896
C03 319.994 44.500633
C03 324.969 50.19077
C03 349.982 74.01302
C03 374.975 77.774315
C03 400.019 83.89714
C03 424.965 86.19953
C03 450.035 87.704834
C03 475.003 90.59307
C03 500.018 92.05117
C03 525.002 94.588005
C03 550.029 95.514694
C03 575.023 97.161865
C03 599.982 97.47651
C03 619.997 98.09315
C03 624.979 98.957756
C03 650.012 98.91635
C03 675.004 97.97309
C03 700.03 98.02842
C03 725.012 97.4672
C03 750.022 98.59953
C03 774.987 98.17645
C03 799.976 97.66755
C03 824.988 96.88019
C03 850.022 93.97718
C03 869.967 90.66914
C03 875.002 89.43655
C03 899.999 81.79833
C03 919.999 73.55332
C03 925.012 70.42464
C03 949.965 57.45608
C03 975.002 42.835716
C03 999.976 26.08644
C03 1025.028 11.119761
C03 1050.014 3.9317946
C03 1075.002 2.156796
C03 1099.99 1.696794
C17 319.994 44.644146
C17 324.969 50.341488
C17 349.982 73.92933
C17 374.975 77.61538
C17 400.019 84.04686
C17 424.965 86.510124
C17 450.035 88.112045
C17 475.003 91.0745
C17 500.018 92.58165
C17 525.002 95.14922
C17 550.029 96.09143
C17 575.023 97.74949
C17 599.982 98.060036
C17 619.997 98.67412
C17 624.979 99.53973
C17 650.012 99.49024
C17 675.004 98.51319
C17 700.03 98.44285
C17 725.012 97.571014
C17 750.022 98.3181
C17 774.987 97.53663
C17 799.976 96.90355
C17 824.988 96.21431
C17 850.022 93.32541
C17 869.967 90.26866
C17 875.002 89.15332
C17 899.999 81.79326
C17 919.999 74.00943
C17 925.012 70.943184
C17 949.965 57.37536
C17 975.002 42.472027
C17 999.976 25.908377
C17 1025.028 11.151681
C17 1050.014 3.9474916
C17 1075.002 2.178938
C17 1099.99 1.7060678
C04 319.994 44.812084
C04 324.969 50.540386
C04 349.982 74.46863
C04 374.975 78.14404
C04 400.019 84.153824
C04 424.965 86.40572
C04 450.035 87.884315
C04 475.003 90.76247
C04 500.018 92.21228
C04 525.002 94.74247
C04 550.029 95.66788
C04 575.023 97.310646
C04 599.982 97.61504
C04 619.997 98.231735
C04 624.979 99.09103
C04 650.012 99.047745
C04 675.004 98.10302
C04 700.03 98.14934
C04 725.012 97.57873
C04 750.022 98.696465
C04 774.987 98.26236
C04 799.976 97.74951
C04 824.988 96.964714
C04 850.022 94.055145
C04 869.967 90.72551
C04 875.002 89.50478
C04 899.999 81.98451
C04 919.999 73.63468
C04 925.012 70.49907
C04 949.965 57.51496
C04 975.002 42.831738
C04 999.976 26.107649
C04 1025.028 11.161847
C04 1050.014 3.9358695
C04 1075.002 2.1516643
C04 1099.99 1.6976638
C01 319.994 44.14009
C01 324.969 49.788807
C01 349.982 73.49706
C01 374.975 77.38498
C01 400.019 83.71321
C01 424.965 86.1094
C01 450.035 87.65898
C01 475.003 90.577995
C01 500.018 92.057144
C01 525.002 94.611115
C01 550.029 95.5524
C01 575.023 97.21117
C01 599.982 97.53625
C01 619.997 98.16327
C01 624.979 99.026665
C01 650.012 98.99304
C01 675.004 98.05754
C01 700.03 98.108444
C01 725.012 97.523895
C01 750.022 98.61531
C01 774.987 98.14763
C01 799.976 97.61707
C01 824.988 96.80872
C01 850.022 93.86859
C01 869.967 90.61366
C01 875.002 89.40097
C01 899.999 81.56997
C01 919.999 73.3427
C01 925.012 70.235954
C01 949.965 57.21272
C01 975.002 42.711002
C01 999.976 25.974386
C01 1025.028 11.0875
C01 1050.014 3.9135938
C01 1075.002 2.1608567
C01 1099.99 1.6975085
C14 319.994 44.263107
C14 324.969 49.911823
C14 349.982 73.31959
C14 374.975 77.0635
C14 400.019 83.68407
C14 424.965 86.245346
C14 450.035 87.899414
C14 475.003 90.887375
C14 500.018 92.40606
C14 525.002 94.9839
C14 550.029 95.931404
C14 575.023 97.59414
C14 599.982 97.90639
C14 619.997 98.52535
C14 624.979 99.39553
C14 650.012 99.346664
C14 675.004 98.381
C14 700.03 98.346
C14 725.012 97.54688
C14 750.022 98.39236
C14 774.987 97.70213
C14 799.976 97.10229
C14 824.988 96.38146
C14 850.022 93.42729
C14 869.967 90.23442
C14 875.002 89.13519
C14 899.999 81.75535
C14 919.999 73.42447
C14 925.012 70.54096
C14 949.965 57.516937
C14 975.002 42.334846
C14 999.976 25.85345
C14 1025.028 11.171672
C14 1050.014 3.8974276
C14 1075.002 2.1400614
C14 1099.99 1.6942225
C07 319.994 45.23338
C07 324.969 51.014965
C07 349.982 75.01445
C07 374.975 78.507454
C07 400.019 84.36296
C07 424.965 86.5538
C07 450.035 88.00766
C07 475.003 90.87704
C07 500.018 92.32075
C07 525.002 94.8482
C07 550.029 95.76131
C07 575.023 97.398026
C07 599.982 97.699196
C07 619.997 98.30665
C07 624.979 99.1632
C07 650.012 99.10853
C07 675.004 98.15058
C07 700.03 98.16929
C07 725.012 97.55548
C07 750.022 98.61773
C07 774.987 98.133644
C07 799.976 97.60974
C07 824.988 96.84572
C07 850.022 93.920555
C07 869.967 90.78789
C07 875.002 89.602776
C07 899.999 82.06812
C07 919.999 73.66002
C07 925.012 70.58044
C07 949.965 57.619408
C07 975.002 42.610706
C07 999.976 25.987839
C07 1025.028 11.137651
C07 1050.014 3.966594
C07 1075.002 2.1738882
C07 1099.99 1.7025687
C05 319.994 44.971012
C05 324.969 50.71908
C05 349.982 74.68326
C05 374.975 78.281555
C05 400.019 84.20022
C05 424.965 86.410065
C05 450.035 87.87269
C05 475.003 90.7407
C05 500.018 92.18374
C05 525.002 94.708115
C05 550.029 95.6273
C05 575.023 97.26454
C05 599.982 97.56627
C05 619.997 98.17991
C05 624.979 99.03927
C05 650.012 98.98918
C05 675.004 98.040955
C05 700.03 98.07796
C05 725.012 97.49114
C05 750.022 98.58722
C05 774.987 98.13834
C05 799.976 97.618904
C05 824.988 96.85182
C05 850.022 93.90743
C05 869.967 90.61665
C05 875.002 89.408806
C05 899.999 82.00134
C05 919.999 73.544876
C05 925.012 70.437065
C05 949.965 57.48074
C05 975.002 42.665337
C05 999.976 26.00716
C05 1025.028 11.146655
C05 1050.014 3.9274192
C05 1075.002 2.1527421
C05 1099.99 1.6954194
C02 319.994 44.200195
C02 324.969 49.852417
C02 349.982 73.56666
C02 374.975 77.39235
C02 400.019 83.58496
C02 424.965 85.91618
C02 450.035 87.43457
C02 475.003 90.3241
C02 500.018 91.78818
C02 525.002 94.32595
C02 550.029 95.25654
C02 575.023 96.90949
C02 599.982 97.223694
C02 619.997 97.84654
C02 624.979 98.70409
C02 650.012 98.66893
C02 675.004 97.73564
C02 700.03 97.79227
C02 725.012 97.231
C02 750.022 98.35553
C02 774.987 97.92833
C02 799.976 97.41779
C02 824.988 96.6149
C02 850.022 93.71454
C02 869.967 90.45394
C02 875.002 89.222786
C02 899.999 81.48393
C02 919.999 73.272675
C02 925.012 70.160576
C02 949.965 57.2214
C02 975.002 42.706985
C02 999.976 26.000559
C02 1025.028 11.078062
C02 1050.014 3.9141564
C02 1075.002 2.154181
C02 1099.99 1.6931707
C12 319.994 43.75338
C12 324.969 49.341316
C12 349.982 72.57084
C12 374.975 76.441795
C12 400.019 83.24481
C12 424.965 85.88807
C12 450.035 87.58516
C12 475.003 90.58996
C12 500.018 92.125206
C12 525.002 94.709694
C12 550.029 95.671524
C12 575.023 97.338844
C12 599.982 97.662476
C12 619.997 98.288506
C12 624.979 99.151924
C12 650.012 99.11343
C12 675.004 98.16272
C12 700.03 98.143295
C12 725.012 97.38253
C12 750.022 98.27164
C12 774.987 97.62466
C12 799.976 97.040825
C12 824.988 96.29658
C12 850.022 93.40024
C12 869.967 90.18779
C12 875.002 89.00567
C12 899.999 81.66523
C12 919.999 73.46665
C12 925.012 70.32516
C12 949.965 57.211227
C12 975.002 42.55177
C12 999.976 26.01319
C12 1025.028 11.196349
C12 1050.014 3.91659
C12 1075.002 2.1404526
C12 1099.99 1.6916064
C11 319.994 43.514008
C11 324.969 49.069653
C11 349.982 72.17706
C11 374.975 76.09942
C11 400.019 83.04664
C11 424.965 85.76156
C11 450.035 87.49481
C11 475.003 90.5197
C11 500.018 92.0701
C11 525.002 94.664734
C11 550.029 95.62854
C11 575.023 97.30514
C11 599.982 97.633995
C11 619.997 98.26322
C11 624.979 99.127045
C11 650.012 99.091866
C11 675.004 98.14431
C11 700.03 98.11959
C11 725.012 97.34429
C11 750.022 98.20905
C11 774.987 97.54187
C11 799.976 96.94829
C11 824.988 96.203026
C11 850.022 93.333885
C11 869.967 90.11409
C11 875.002 88.9313
C11 899.999 81.50351
C11 919.999 73.45046
C11 925.012 70.3133
C11 949.965 57.190044
C11 975.002 42.58267
C11 999.976 25.973583
C11 1025.028 11.166626
C11 1050.014 3.9414454
C11 1075.002 2.1526816
C11 1099.99 1.6934946
C15 319.994 44.400776
C15 324.969 50.06749
C15 349.982 73.51771
C15 374.975 77.21168
C15 400.019 83.75153
C15 424.965 86.26787
C15 450.035 87.89946
C15 475.003 90.87271
C15 500.018 92.38221
C15 525.002 94.95245
C15 550.029 95.89501
C15 575.023 97.548195
C15 599.982 97.859505
C15 619.997 98.473976
C15 624.979 99.33903
C15 650.012 99.288635
C15 675.004 98.318275
C15 700.03 98.26684
C15 725.012 97.44401
C15 750.022 98.25152
C15 774.987 97.52623
C15 799.976 96.913025
C15 824.988 96.20785
C15 850.022 93.27202
C15 869.967 90.15708
C15 875.002 88.9946
C15 899.999 81.73468
C15 919.999 73.63542
C15 925.012 70.5734
C15 949.965 57.267735
C15 975.002 42.403393
C15 999.976 25.983585
C15 1025.028 11.132127
C15 1050.014 3.8975785
C15 1075.002 2.150029
C15 1099.99 1.6970943
C16 319.994 44.52659
C16 324.969 50.208187
C16 349.982 73.71266
C16 374.975 77.39003
C16 400.019 83.87101
C16 424.965 86.36112
C16 450.035 87.97822
C16 475.003 90.94345
C16 500.018 92.447044
C16 525.002 95.013245
C16 550.029 95.95529
C16 575.023 97.609795
C16 599.982 97.91755
C16 619.997 98.532036
C16 624.979 99.39488
C16 650.012 99.34689
C16 675.004 98.37251
C16 700.03 98.312386
C16 725.012 97.45959
C16 750.022 98.232124
C16 774.987 97.476906
C16 799.976 96.858765
C16 824.988 96.16519
C16 850.022 93.23664
C16 869.967 90.17235
C16 875.002 89.03617
C16 899.999 81.73176
C16 919.999 73.74368
C16 925.012 70.73318
C16 949.965 57.363438
C16 975.002 42.34884
C16 999.976 25.876642
C16 1025.028 11.098179
C16 1050.014 3.9167597
C16 1075.002 2.1646204
C16 1099.99 1.7012504
C06 319.994 45.185516
C06 324.969 50.958256
C06 349.982 74.98569
C06 374.975 78.5358
C06 400.019 84.4233
C06 424.965 86.625404
C06 450.035 88.08707
C06 475.003 90.95575
C06 500.018 92.39984
C06 525.002 94.927444
C06 550.029 95.84326
C06 575.023 97.483894
C06 599.982 97.78461
C06 619.997 98.39754
C06 624.979 99.25898
C06 650.012 99.20597
C06 675.004 98.24898
C06 700.03 98.27517
C06 725.012 97.67106
C06 750.022 98.75435
C06 774.987 98.282616
C06 799.976 97.760056
C06 824.988 97.00096
C06 850.022 94.04738
C06 869.967 90.84083
C06 875.002 89.63967
C06 899.999 82.18709
C06 919.999 73.66351
C06 925.012 70.623856
C06 949.965 57.668736
C06 975.002 42.66238
C06 999.976 26.00959
C06 1025.028 11.126893
C06 1050.014 3.9409966
C06 1075.002 2.1628447
C06 1099.99 1.7005055
