lsstCam/transmission_filter_detector/r22_s00/i_39/19700101T000000.ecsv
# %ECSV 1.0
# ---
# datatype:
# - {name: wavelength, unit: nm, datatype: float32}
# - {name: efficiency, unit: '%', datatype: float64}
# meta: !!omap
# - {MODE: DETECTOR}
# - {TYPE: transmission_filter_detector}
# - {CALIBDATE: '1970-01-01T00:00:00'}
# - {INSTRUME: LSSTCam}
# - {OBSTYPE: transmission_filter_detector}
# - {CALIBCLS: lsst.ip.isr.IntermediateFilterDetectorTransmissionCurve}
# - {SOURCE: Materion (DM-46256)}
# - {DETECTOR: 90}
# - {FILTER: i_39}
# - {CALIB_ID: 'calibDate=1970-01-01T00:00:00 filter=i_39 detector=90'}
# - {DATE: '2025-04-02T15:59:46.897977'}
# - {CALIB_CREATION_DATE: '2025-04-02'}
# - {CALIB_CREATION_TIME: '15:59:46'}
# - __serialized_columns__:
#     efficiency:
#       __class__: astropy.units.quantity.Quantity
#       unit: !astropy.units.Unit {unit: '%'}
#       value: !astropy.table.SerializedColumn {name: efficiency}
#     wavelength:
#       __class__: astropy.units.quantity.Quantity
#       unit: !astropy.units.Unit {unit: nm}
#       value: !astropy.table.SerializedColumn {name: wavelength}
# schema: astropy-2.0
wavelength efficiency
[from data line 596]
896.0 1.5834059324121297e-10
897.0 1.5834059324121297e-10
898.0 1.5834059324121297e-10
899.0 1.5834059324121297e-10
900.0 1.5834059324121297e-10
901.0 1.5834059324121297e-10
902.0 1.5834059324121297e-10
903.0 1.5834059324121297e-10
904.0 1.5834059324121297e-10
905.0 1.5834059324121297e-10
906.0 1.5834059324121297e-10
907.0 8.61478952174366e-05
908.0 0.00019304770830785856
909.0 1.5834059324121297e-10
910.0 1.5834059324121297e-10
911.0 1.5834059324121297e-10
912.0 0.00014533111425407697
913.0 0.00012352701332929428
914.0 0.00010172291240451159
915.0 1.5834059324121297e-10
916.0 1.5834059324121297e-10
917.0 1.5834059324121297e-10
918.0 1.5834059324121297e-10
919.0 1.5834059324121297e-10
920.0 1.5834059324121297e-10
921.0 1.5834059324121297e-10
922.0 1.5834059324121297e-10
923.0 1.5834059324121297e-10
924.0 1.5834059324121297e-10
925.0 7.62111199037463e-05
926.0 0.00024402106646448374
927.0 3.172757203628862e-05
928.0 1.5834059324121297e-10
929.0 2.555911464696692e-05
930.0 0.00023168411189544713
931.0 0.00016172658661162131
932.0 9.176903290608607e-05
933.0 6.820717999289627e-05
934.0 4.464536118575779e-05
935.0 1.5834059324121297e-10
936.0 1.5834059324121297e-10
937.0 1.5834059324121297e-10
938.0 1.5834059324121297e-10
939.0 1.5834059324121297e-10
940.0 1.5834059324121297e-10
941.0 1.5834059324121297e-10
942.0 1.5834059324121297e-10
943.0 1.5834059324121297e-10
944.0 1.5834059324121297e-10
945.0 1.5834059324121297e-10
946.0 1.5834059324121297e-10
947.0 1.5834059324121297e-10
948.0 6.515277277685527e-05
949.0 1.5834059324121297e-10
950.0 1.5834059324121297e-10
951.0 1.5834059324121297e-10
952.0 1.5834059324121297e-10
953.0 1.5834059324121297e-10
954.0 1.5834059324121297e-10
955.0 1.5834059324121297e-10
956.0 0.00022825875021226238
957.0 0.00017770264548744308
958.0 0.0001271464839192049
959.0 0.00014234030913939932
960.0 0.00015753413435959374
961.0 0.00017947980950339115
962.0 0.0002014254732785048
963.0 8.4754373119722e-05
964.0 1.5834059324121297e-10
965.0 1.5834059324121297e-10
966.0 1.5834059324121297e-10
967.0 1.5834059324121297e-10
968.0 1.5834059324121297e-10
969.0 1.5834059324121297e-10
970.0 1.5834059324121297e-10
971.0 1.5834059324121297e-10
972.0 1.5834059324121297e-10
973.0 1.5834059324121297e-10
974.0 9.099453563976567e-05
975.0 1.5834059324121297e-10
976.0 1.5834059324121297e-10
977.0 1.5834059324121297e-10
978.0 1.5834059324121297e-10
979.0 1.5834059324121297e-10
980.0 1.5834059324121297e-10
981.0 1.5834059324121297e-10
982.0 1.5834059324121297e-10
983.0 1.5834059324121297e-10
984.0 1.5834059324121297e-10
985.0 0.0001227967800332408
986.0 0.0002826219770213356
987.0 2.7254617407379556e-05
988.0 1.5834059324121297e-10
989.0 1.5834059324121297e-10
990.0 1.5834059324121297e-10
991.0 1.5834059324121297e-10
992.0 1.5834059324121297e-10
993.0 1.5834059324121297e-10
994.0 3.7818384868160138e-06
995.0 1.5834059324121297e-10
996.0 1.5834059324121297e-10
997.0 7.762913014630612e-05
998.0 0.00021799578462378122
999.0 0.000260947558672342
1000.0 0.00030389924177143257
1001.0 0.0001894879574138031
1002.0 7.507661052841286e-05
1003.0 0.00011130199482067837
1004.0 0.00014752740753465332
1005.0 3.180544752012793e-05
1006.0 1.5834059324121297e-10
1007.0 8.285521744255675e-05
1008.0 0.0002496270099072717
1009.0 0.00016112503544718493
1010.0 7.262301551236305e-05
1011.0 6.918221515661571e-05
1012.0 6.574137501047517e-05
1013.0 0.00021543098682741402
1014.0 0.00036512064980342984
1015.0 0.00032504401588084875
1016.0 0.00028496747290773783
1017.0 0.00033873043321364094
1018.0 0.0003924935299437493
1019.0 0.00034549298106867354
1020.0 0.0002984923412441276
1021.0 0.00017786322814572486
1022.0 5.723410367863835e-05
1023.0 0.0004230977538099978
1024.0 0.0007889614607847761
1025.0 0.0006477995157183614
1026.0 0.0005066375706519466
1027.0 0.00047519592953904066
1028.0 0.00044375428842613474
1029.0 0.0008336256541952025
1030.0 0.0012234970199642703
1031.0 0.001741862615745049
1032.0 0.002260227847727947
1033.0 0.0024177961677196436
1034.0 0.002575363942014519
1035.0 0.0031319450499722734
1036.0 0.0036885256122332066
1037.0 0.003797120734816417
1038.0 0.003905715129803866
1039.0 0.003415639730519615
1040.0 0.002925564331235364
1041.0 0.0027347619834472425
1042.0 0.0025439598175580613
1043.0 0.0030680090276291594
1044.0 0.0035920587833970785
1045.0 0.0032089552405523136
1046.0 0.00282585242530331
1047.0 0.0025954144803108647
1048.0 0.0023649765353184193
1049.0 0.0021657988327206112
1050.0 0.001966620948223863
1051.0 0.001999213418457657
1052.0 0.0020318060705903918
1053.0 0.0012973770935786888
1054.0 0.0005629479801427806
1055.0 0.0006472770564869279
1056.0 0.0007316061783058103
1057.0 0.0006348858732962981
1058.0 0.0005381657956604613
1059.0 0.000654513360132114
1060.0 0.0007708614248258527
1061.0 0.0014632159036409575
1062.0 0.002155570109607652
1063.0 0.002609255170682445
1064.0 0.0030629402317572385
1065.0 0.0033762844395823777
1066.0 0.003689628647407517
1067.0 0.0045557266275864094
1068.0 0.005421824243967421
1069.0 0.004491057188715786
1070.0 0.00356029013346415
1071.0 0.003561067205737345
1072.0 0.003561843914212659
1073.0 0.003506254870444536
1074.0 0.0034506654628785327
1075.0 0.0036324716347735375
1076.0 0.0038142778066685423
1077.0 0.0028158015993540175
1078.0 0.0018173253920394927
1079.0 0.0017733611457515508
1080.0 0.0017293968994636089
1081.0 0.0010984623258991633
1082.0 0.0004675275704357773
1083.0 3.3589935810596216e-05
1084.0 1.5834059324121297e-10
1085.0 0.0005024750407756073
1086.0 0.0014052982805878855
1087.0 0.000929610996536212
1088.0 0.00045392380343400873
1089.0 1.5834059324121297e-10
1090.0 1.5834059324121297e-10
1091.0 1.5834059324121297e-10
1092.0 1.5834059324121297e-10
1093.0 1.5834059324121297e-10
1094.0 1.5834059324121297e-10
1095.0 8.40954498926294e-05
1096.0 0.0003229344201827189
1097.0 1.5834059324121297e-10
1098.0 1.5834059324121297e-10
1099.0 1.5834059324121297e-10
1100.0 1.5834059324121297e-10
