lsstCam/transmission_filter_detector/r22_s00/i_39/19700101T000000.ecsv
# %ECSV 1.0
# ---
# datatype:
# - {name: wavelength, unit: nm, datatype: float32}
# - {name: efficiency, unit: '%', datatype: float64}
# meta: !!omap
# - {MODE: DETECTOR}
# - {TYPE: transmission_filter_detector}
# - {CALIBDATE: '1970-01-01T00:00:00'}
# - {INSTRUME: LSSTCam}
# - {OBSTYPE: transmission_filter_detector}
# - {CALIBCLS: lsst.ip.isr.IntermediateFilterDetectorTransmissionCurve}
# - {SOURCE: Materion (DM-46256)}
# - {DETECTOR: 90}
# - {FILTER: i_39}
# - {CALIB_ID: 'calibDate=1970-01-01T00:00:00 filter=i_39 detector=90'}
# - {DATE: '2025-04-02T15:59:46.897977'}
# - {CALIB_CREATION_DATE: '2025-04-02'}
# - {CALIB_CREATION_TIME: '15:59:46'}
# - __serialized_columns__:
#     efficiency:
#       __class__: astropy.units.quantity.Quantity
#       unit: !astropy.units.Unit {unit: '%'}
#       value: !astropy.table.SerializedColumn {name: efficiency}
#     wavelength:
#       __class__: astropy.units.quantity.Quantity
#       unit: !astropy.units.Unit {unit: nm}
#       value: !astropy.table.SerializedColumn {name: wavelength}
# schema: astropy-2.0
wavelength efficiency
300.0 0.06463779718615115
301.0 0.04259692505002022
302.0 0.02055608347291127
303.0 0.03118145978078246
304.0 0.04180684045422822
305.0 0.03401312860660255
306.0 0.02621941384859383
307.0 0.013340437726583332
308.0 0.00046146369641064666
309.0 1.5834059324121297e-10
310.0 1.5834059324121297e-10
311.0 1.5834059324121297e-10
312.0 0.00406094804930035
313.0 1.5834059324121297e-10
314.0 1.5834059324121297e-10
315.0 1.5834059324121297e-10
316.0 1.5834059324121297e-10
317.0 1.5834059324121297e-10
318.0 1.5834059324121297e-10
319.0 1.5834059324121297e-10
320.0 1.5834059324121297e-10
321.0 1.5834059324121297e-10
322.0 0.0014202018064679578
323.0 1.5834059324121297e-10
324.0 1.5834059324121297e-10
325.0 1.5834059324121297e-10
326.0 1.5834059324121297e-10
327.0 1.5834059324121297e-10
328.0 0.00350668269675225
329.0 0.001971749952645041
330.0 0.00043681734496203717
331.0 0.001039844300976256
332.0 0.0016428723029093817
333.0 0.001723917193885427
334.0 0.0018049622667604126
335.0 0.0017888818547362462
336.0 0.0017728019884089008
337.0 0.0021879446649109013
338.0 0.0026030871595139615
339.0 0.002998436684720218
340.0 0.003393786391825415
341.0 1.5834059324121297e-10
342.0 1.5834059324121297e-10
343.0 1.5834059324121297e-10
344.0 1.5834059324121297e-10
345.0 1.5834059324121297e-10
346.0 1.5834059324121297e-10
347.0 1.5834059324121297e-10
348.0 1.5834059324121297e-10
349.0 1.5834059324121297e-10
350.0 1.5834059324121297e-10
351.0 1.5834059324121297e-10
352.0 0.000330006560034235
353.0 1.5834059324121297e-10
354.0 1.5834059324121297e-10
355.0 1.5834059324121297e-10
356.0 1.5834059324121297e-10
357.0 0.0006078685146349017
358.0 0.0017302190826740116
359.0 0.0015256910955940839
360.0 0.0013211625628173351
361.0 0.0011280413673375733
362.0 0.0009349201718578115
363.0 0.00028446090709621785
364.0 1.5834059324121297e-10
365.0 0.00063395577853953
366.0 0.0016339103240170516
367.0 0.000983056816039607
368.0 0.0003322034444863675
369.0 0.0005316744136507623
370.0 0.0007311455647140974
371.0 0.0008158344826370012
372.0 0.0009005234460346401
373.0 0.0009033475180331152
374.0 0.0009061714990821201
375.0 1.2841538499230865e-06
376.0 1.5834059324121297e-10
377.0 1.5834059324121297e-10
378.0 6.45671036636486e-05
379.0 2.8480761216087558e-05
380.0 1.5834059324121297e-10
381.0 1.5834059324121297e-10
382.0 1.5834059324121297e-10
383.0 0.0005685199084837222
384.0 0.0017508386008557864
385.0 0.0014555963389284443
386.0 0.001160353986051632
387.0 1.5834059324121297e-10
388.0 1.5834059324121297e-10
389.0 1.5834059324121297e-10
390.0 1.5834059324121297e-10
391.0 1.5834059324121297e-10
392.0 1.5834059324121297e-10
393.0 4.513149463036825e-05
394.0 0.0009953166227205656
395.0 1.5834059324121297e-10
396.0 1.5834059324121297e-10
397.0 1.5834059324121297e-10
398.0 1.5834059324121297e-10
399.0 1.5834059324121297e-10
400.0 0.0001017408749248716
401.0 0.0006976548320380971
402.0 0.0012935676750203129
403.0 0.0022146818082546815
404.0 0.00313579585053958
405.0 0.004640125189325772
406.0 0.006144453800516203
407.0 0.0035691598895937204
408.0 0.000993862977338722
409.0 0.001166743732028408
410.0 0.0013396228496276308
411.0 0.0029002607334405184
412.0 0.004460899435798638
413.0 0.004625160727300681
414.0 0.004789423473994248
415.0 0.0044298922148300335
416.0 0.0040703613194637
417.0 0.0030120789233478718
418.0 0.001953796345333103
419.0 0.0038238416891545057
420.0 0.005693886487279087
421.0 0.00464925542473793
422.0 0.003604623634601012
423.0 0.004142556281294674
424.0 0.004680488200392574
425.0 0.004015954618807882
426.0 0.0033514195820316672
427.0 0.004230313061270863
428.0 0.005109206540510058
429.0 0.005075378066976555
430.0 0.005041550684836693
431.0 0.003905016274075024
432.0 0.002768482590909116
433.0 0.0032923802791628987
434.0 0.0038162779674166813
435.0 0.0029548546081059612
436.0 0.0020934310668963008
437.0 0.0017523272617836483
438.0 0.0014112236385699362
439.0 0.0017784253941499628
440.0 0.00214562733162893
441.0 0.0009270817827200517
442.0 1.5834059324121297e-10
443.0 1.5834059324121297e-10
444.0 1.5834059324121297e-10
445.0 1.5834059324121297e-10
446.0 1.5834059324121297e-10
447.0 0.0001340408289252082
448.0 0.0005332928594725672
449.0 1.5834059324121297e-10
450.0 1.5834059324121297e-10
451.0 2.6118871687685896e-05
452.0 0.0008969013833848294
453.0 0.001495359629188897
454.0 0.0020938181478413753
455.0 0.0021245223251753487
456.0 0.0021552266844082624
457.0 0.0013084228157822508
458.0 0.00046161876525729895
459.0 0.00030027993034309475
460.0 0.00013894104995415546
461.0 0.0005258315468381625
462.0 0.0009127219527726993
463.0 0.0003987799118476687
464.0 1.5834059324121297e-10
465.0 0.00021952034785499563
466.0 0.0005542028702620883
467.0 0.0006353474873321829
468.0 0.0007164920589275425
469.0 0.0005220325419941219
470.0 0.00032757311601017136
471.0 0.00045944384510221425
472.0 0.0005913146196689922
473.0 0.0009584000508766621
474.0 0.0013254857549327426
475.0 0.0006894425951031735
476.0 5.3399730859382544e-05
477.0 0.0005528127530851634
478.0 0.0010522257980483118
479.0 0.0011590221220103558
480.0 0.0012658184459723998
481.0 0.0025436531359446235
482.0 0.0038214864616747946
483.0 0.005570127541432157
484.0 0.007318767893593758
485.0 0.008579115092288703
486.0 0.009839461563387886
487.0 0.012192511348985136
488.0 0.014545560406986624
489.0 0.01741153246257454
490.0 0.020277503062970936
491.0 0.02251119731226936
492.0 0.024744891561567783
493.0 0.025516562163829803
494.0 0.026288238586857915
495.0 0.022894526773598045
496.0 0.019500813505146652
497.0 0.015323288971558213
498.0 0.011145763710374013
499.0 0.008190071093849838
500.0 0.005234378841123544
501.0 0.003992204801761545
502.0 0.002750031308096368
503.0 0.0023889722797321156
504.0 0.0020279132513678633
505.0 0.0019169336155755445
506.0 0.0018059537978842854
507.0 0.0018319089576834813
508.0 0.001857863571785856
509.0 0.0018717371858656406
510.0 0.0018856107999454252
511.0 0.001479953425587155
512.0 0.0010742961421783548
513.0 0.0015949484804878011
514.0 0.0021156007278477773
515.0 0.002589262840047013
516.0 0.0030629249522462487
517.0 0.002531266181904357
518.0 0.001999607775360346
519.0 0.0020992332792957313
520.0 0.002198858965130057
521.0 0.0016904730728128925
522.0 0.0011820873623946682
523.0 0.0013207829397288151
524.0 0.0014594786989619024
525.0 0.0019537494154064916
526.0 0.0024480199499521405
527.0 0.002544717790442519
528.0 0.0026414158128318377
529.0 0.0019305445675854571
530.0 0.0012196732313896064
531.0 0.001159745534096146
532.0 0.0010998181096510962
533.0 0.0012828387298213784
534.0 0.0014658594409411307
535.0 0.0017057844161172397
536.0 0.0019457093003438786
537.0 0.0026434969186084345
538.0 0.003341283809277229
539.0 0.0041110401070909575
540.0 0.004880796041106805
541.0 0.005370915096136741
542.0 0.0058610341511666775
543.0 0.004971499947714619
544.0 0.004081966108060442
545.0 0.0033067870390368626
546.0 0.0025316085157101043
547.0 0.0021032925360486843
548.0 0.001674976374488324
549.0 0.0018029482816928066
550.0 0.00193092055269517
551.0 0.0015883993910392746
552.0 0.0012458785022317898
553.0 0.001310792868025601
554.0 0.0013757074157183524
555.0 0.0010248703802062664
556.0 0.0006740333901689155
557.0 0.0007033733254502295
558.0 0.0007327133516810136
559.0 0.0003335149585836916
560.0 1.5834059324121297e-10
561.0 0.0006703451163048157
562.0 0.001406373758072732
563.0 0.0015974819689290598
564.0 0.0017885902707348578
565.0 0.0013551376468967646
566.0 0.0009216851140081417
567.0 0.0006291175395745086
568.0 0.0003365501015650807
569.0 0.00048732645154814236
570.0 0.0006381025741575286
571.0 0.00048289812184520997
572.0 0.000327693737744994
573.0 0.0003809102054219693
574.0 0.0004341267413110472
575.0 0.00036707715480588377
576.0 0.0003000274773512501
577.0 0.0004079376594745554
578.0 0.0005158478415978607
579.0 0.00031538004350295523
580.0 0.0001149122795141011
581.0 0.00024468802166666137
582.0 0.0003744637751879054
583.0 0.00047088828978303354
584.0 0.000567312736166059
585.0 0.0006897213097545318
586.0 0.0008121300197672099
587.0 0.0008837997484079096
588.0 0.0009554694770486094
589.0 0.0007005408406257629
590.0 0.00044561224967765156
591.0 0.0005536045136977918
592.0 0.0006615968686674023
593.0 0.0004867615189141361
594.0 0.0003119260554740322
595.0 0.0005996099844196578
596.0 0.0008872937542037107
597.0 0.0007502710104745347
598.0 0.0006132483122200938
599.0 0.0005302928911987692
600.0 0.00044733737922797445
601.0 0.0003989725883002393
602.0 0.0003506077291604015
603.0 0.0003229646836189204
604.0 0.0002953215471279691
605.0 0.0002741754315138678
606.0 0.00025302933863713406
607.0 0.0004709609584097052
608.0 0.0006888924872328062
609.0 0.000615641010881518
610.0 0.0005423892616818193
611.0 0.000759416752771358
612.0 0.0009764442438608967
613.0 0.0005629517090710578
614.0 0.0001494592197559541
615.0 1.5834059324121297e-10
616.0 1.5834059324121297e-10
617.0 1.5834059324121297e-10
618.0 0.00015850437193876132
619.0 0.00030229207368392963
620.0 0.0004460799118533032
621.0 0.000610241795584443
622.0 0.0007744036338408478
623.0 0.0006241241862880997
624.0 0.0004738447387353517
625.0 0.00043261020437057596
626.0 0.0003913757609552704
627.0 0.00031548788683721796
628.0 0.00023960003545653308
629.0 0.0004220130904286634
630.0 0.0006044261681381613
631.0 0.0005643219537887489
632.0 0.0005242176939646015
633.0 0.0004284036094759358
634.0 0.00033258947951253504
635.0 0.0003842751539195888
636.0 0.0004359607828519074
637.0 0.0004125106443098048
638.0 0.00038906041481823195
639.0 0.0005857582436874509
640.0 0.0007824559361324646
641.0 0.0005385984877648298
642.0 0.000294741039397195
643.0 0.0005438550488179317
644.0 0.0007929690582386684
645.0 0.0007848009772715159
646.0 0.0007766330782033037
647.0 0.0008076040103333071
648.0 0.000838575215311721
649.0 0.0007476658083760412
650.0 0.0006567563559656264
651.0 0.0009039097676577512
652.0 0.001151063224824611
653.0 0.0012629156117327511
654.0 0.0013747679986408912
655.0 0.001994498052226845
656.0 0.002614227923913859
657.0 0.0035719869629247114
658.0 0.0045297441829461604
659.0 0.007216473022708669
660.0 0.01870157429948449
661.0 0.09434875682927668
662.0 0.14243358746170998
663.0 0.11686114594340324
664.0 0.13739101123064756
665.0 0.1829787390306592
666.0 0.21006760653108358
667.0 0.18673310987651348
668.0 0.23626808542758226
669.0 0.3545226529240608
670.0 0.547701632604003
671.0 0.8272930979728699
672.0 1.3275133445858955
673.0 2.015402354300022
674.0 2.8636297211050987
675.0 3.9151933044195175
676.0 5.074993520975113
677.0 6.495589762926102
678.0 7.909514755010605
679.0 9.581257402896881
680.0 11.75045371055603
681.0 14.032435417175293
682.0 16.757182776927948
683.0 19.50352191925049
684.0 22.56346344947815
685.0 25.45001208782196
686.0 28.476127982139587
687.0 31.828773021697998
688.0 35.36743223667145
689.0 39.107006788253784
690.0 43.44033598899841
691.0 48.173776268959045
692.0 53.630512952804565
693.0 59.41528677940369
694.0 65.72713255882263
695.0 71.50627970695496
696.0 77.69496440887451
697.0 82.97045230865479
698.0 88.12962770462036
699.0 91.59506559371948
700.0 94.03618574142456
701.0 95.81105709075928
702.0 96.83409333229065
703.0 97.26024270057678
704.0 97.52812385559082
705.0 97.69458770751953
706.0 97.68570065498352
707.0 97.75226712226868
708.0 97.84514307975769
709.0 97.80831336975098
710.0 97.66408205032349
711.0 97.91696667671204
712.0 97.91110754013062
713.0 97.87975549697876
714.0 98.03374409675598
715.0 98.13796877861023
716.0 97.97508716583252
717.0 98.06448221206665
718.0 98.04988503456116
719.0 98.00518155097961
720.0 98.06248545646667
721.0 98.01036715507507
722.0 97.59653210639954
723.0 97.33520746231079
724.0 97.09019660949707
725.0 96.90585136413574
726.0 96.70771360397339
727.0 96.56663537025452
728.0 96.40194773674011
729.0 96.27572894096375
730.0 96.434086561203
731.0 96.48900628089905
732.0 96.67789340019226
733.0 97.03891277313232
734.0 97.28996157646179
735.0 97.53507375717163
736.0 97.86064624786377
737.0 98.20556640625
738.0 98.43406081199646
739.0 98.6703872680664
740.0 98.73204827308655
741.0 98.58378171920776
742.0 98.81033897399902
743.0 98.70691895484924
744.0 98.60661625862122
745.0 98.5269844532013
746.0 98.49122762680054
747.0 98.70287775993347
748.0 98.56911301612854
749.0 98.42810034751892
750.0 98.42730760574341
751.0 98.32005500793457
752.0 98.28169345855713
753.0 98.50833415985107
754.0 98.43224883079529
755.0 98.56513142585754
756.0 98.578542470932
757.0 98.61343502998352
758.0 98.65623712539673
759.0 98.8271415233612
760.0 98.67652654647827
761.0 98.51654171943665
762.0 98.69466423988342
763.0 98.68102669715881
764.0 98.45642447471619
765.0 98.49387407302856
766.0 98.4734833240509
767.0 98.23440313339233
768.0 98.24554324150085
769.0 98.21023344993591
770.0 97.94833064079285
771.0 97.93213605880737
772.0 97.97770380973816
773.0 97.74155020713806
774.0 97.65462875366211
775.0 97.79171943664551
776.0 97.72597551345825
777.0 97.83732295036316
778.0 97.90514707565308
779.0 98.10002446174622
780.0 98.06963801383972
781.0 98.35904836654663
782.0 98.3994722366333
783.0 98.49229454994202
784.0 98.48452806472778
785.0 98.53302240371704
786.0 98.68765473365784
787.0 98.37817549705505
788.0 98.44975471496582
789.0 98.51908087730408
790.0 98.3562707901001
791.0 98.44022989273071
792.0 98.28858375549316
793.0 98.19947481155396
794.0 98.09696674346924
795.0 97.89518117904663
796.0 97.89368510246277
797.0 97.85827994346619
798.0 97.8492259979248
799.0 97.60304093360901
800.0 97.49943614006042
801.0 97.27334976196289
802.0 97.13672995567322
803.0 96.5910792350769
804.0 95.91041207313538
805.0 94.89811062812805
806.0 93.76965165138245
807.0 92.15614795684814
808.0 90.1940643787384
809.0 88.05493116378784
810.0 85.5604887008667
811.0 82.53781795501709
812.0 78.9324700832367
813.0 75.06231665611267
814.0 70.68844437599182
815.0 66.18337035179138
816.0 61.90282702445984
817.0 57.142436504364014
818.0 52.446448802948
819.0 48.27129244804382
820.0 43.51103901863098
821.0 39.01301026344299
822.0 34.56999063491821
823.0 29.952174425125122
824.0 25.26283860206604
825.0 21.001730859279633
826.0 16.583380103111267
827.0 12.232733517885208
828.0 8.71145948767662
829.0 5.787501856684685
830.0 3.429674729704857
831.0 2.1074825897812843
832.0 1.1981409974396229
833.0 0.714699225500226
834.0 0.41010440327227116
835.0 0.2465608064085245
836.0 0.15092859975993633
837.0 0.071057298919186
838.0 0.10972765740007162
839.0 0.022350845392793417
840.0 0.016469648107886314
841.0 1.5834059324121297e-10
842.0 1.5834059324121297e-10
843.0 1.5834059324121297e-10
844.0 1.5834059324121297e-10
845.0 0.032877427292987704
846.0 1.5834059324121297e-10
847.0 1.5834059324121297e-10
848.0 1.5834059324121297e-10
849.0 1.5834059324121297e-10
850.0 1.5834059324121297e-10
851.0 1.5834059324121297e-10
852.0 0.00020168147329968633
853.0 0.0005583057827607263
854.0 0.0009149302968580741
855.0 0.0008001350579434074
856.0 0.0006853399099782109
857.0 0.0007459297648892971
858.0 0.0008065193469519727
859.0 0.0004225105840305332
860.0 3.850172163311072e-05
861.0 0.00017425727492081933
862.0 0.00031001272873254493
863.0 7.421582495226176e-05
864.0 1.5834059324121297e-10
865.0 1.5834059324121297e-10
866.0 1.5647512441319122e-05
867.0 1.5834059324121297e-10
868.0 1.5834059324121297e-10
869.0 1.5834059324121297e-10
870.0 1.5834059324121297e-10
871.0 1.5834059324121297e-10
872.0 0.0001249251340595947
873.0 0.00018517670241635642
874.0 0.00024542825940443436
875.0 0.0002572112634879886
876.0 0.00026899431304627797
877.0 1.5834059324121297e-10
878.0 1.5834059324121297e-10
879.0 1.599100443172574e-05
880.0 0.0003321858457638882
881.0 0.00016764565771154594
882.0 3.1055229499088455e-06
883.0 0.00015456502069355338
884.0 0.00030602454899053555
885.0 0.0001184492703032447
886.0 1.5834059324121297e-10
887.0 4.422437882567465e-05
888.0 0.00015757476603539544
889.0 8.000573075150896e-05
890.0 2.436730994759273e-06
891.0 2.3252826508723956e-05
892.0 4.4068929128116e-05
893.0 0.00014010886388859944
894.0 0.0002361487986490829
