lsstCam/transmission_filter_detector/r42_s21/g_6/19700101T000000.ecsv
# %ECSV 1.0
# ---
# datatype:
# - {name: wavelength, unit: nm, datatype: float32}
# - {name: efficiency, unit: '%', datatype: float64}
# meta: !!omap
# - {MODE: DETECTOR}
# - {TYPE: transmission_filter_detector}
# - {CALIBDATE: '1970-01-01T00:00:00'}
# - {INSTRUME: LSSTCam}
# - {OBSTYPE: transmission_filter_detector}
# - {CALIBCLS: lsst.ip.isr.IntermediateFilterDetectorTransmissionCurve}
# - {SOURCE: Materion (DM-46256)}
# - {DETECTOR: 178}
# - {FILTER: g_6}
# - {CALIB_ID: 'calibDate=1970-01-01T00:00:00 filter=g_6 detector=178'}
# - {DATE: '2025-04-02T15:59:42.853019'}
# - {CALIB_CREATION_DATE: '2025-04-02'}
# - {CALIB_CREATION_TIME: '15:59:42'}
# - __serialized_columns__:
#     efficiency:
#       __class__: astropy.units.quantity.Quantity
#       unit: !astropy.units.Unit {unit: '%'}
#       value: !astropy.table.SerializedColumn {name: efficiency}
#     wavelength:
#       __class__: astropy.units.quantity.Quantity
#       unit: !astropy.units.Unit {unit: nm}
#       value: !astropy.table.SerializedColumn {name: wavelength}
# schema: astropy-2.0
wavelength efficiency
300.0 0.3452316392213106
301.0 0.2921335166320205
302.0 0.23903539404273033
303.0 0.22878742311149836
304.0 0.21853945218026638
305.0 0.21957140415906906
306.0 0.22060335613787174
307.0 0.21251619327813387
308.0 0.20442905370146036
309.0 0.1950765959918499
310.0 0.18572413828223944
311.0 0.18679661443457007
312.0 0.1878691022284329
313.0 0.18987254006788135
314.0 0.1918759779073298
315.0 0.1840799581259489
316.0 0.17628393834456801
317.0 0.17601244617253542
318.0 0.17574091907590628
319.0 0.15952277462929487
320.0 0.14330458361655474
321.0 0.13536347541958094
322.0 0.12742235558107495
323.0 0.11070419568568468
324.0 0.09398602996952832
325.0 0.0845917733386159
326.0 0.07519751670770347
327.0 0.07040836499072611
328.0 0.06561921327374876
329.0 0.06001022411510348
330.0 0.05440123495645821
331.0 0.050801539327949286
332.0 0.04720184369944036
333.0 0.0446642137831077
334.0 0.042126583866775036
335.0 0.04083158855792135
336.0 0.03953659615945071
337.0 0.039607600774616
338.0 0.03967860830016434
339.0 0.03945235803257674
340.0 0.03922611067537218
341.0 0.03703416441567242
342.0 0.03484221815597266
343.0 0.031416447018273175
344.0 0.027990678790956736
345.0 0.025156917399726808
346.0 0.022323148732539266
347.0 0.02067691966658458
348.0 0.019030689145438373
349.0 0.017212468083016574
350.0 0.2148569794371724
351.0 0.8017787709832191
352.0 0.21231479477137327
353.0 0.5987894721329212
354.0 0.18238913035020232
355.0 0.5358202382922173
356.0 0.09976790752261877
357.0 0.9837104007601738
358.0 0.16271353233605623
359.0 0.8568535558879375
360.0 0.20301223266869783
361.0 0.5473270080983639
362.0 0.16562549863010645
363.0 0.5060541909188032
364.0 0.1912300824187696
365.0 0.7446697913110256
366.0 0.15666524413973093
367.0 0.6959304679185152
368.0 0.16653978964313865
369.0 0.6749405991286039
370.0 0.14229791704565287
371.0 0.6083660293370485
372.0 0.13545247493311763
373.0 0.5861935205757618
374.0 0.11959371622651815
375.0 0.5175415892153978
376.0 0.10870656697079539
377.0 0.6445169448852539
378.0 0.14443574473261833
379.0 0.5982806906104088
380.0 0.1448843046091497
381.0 0.5677503068000078
382.0 0.5031736101955175
383.0 0.5915583577007055
384.0 0.5015024449676275
385.0 0.5324082914739847
386.0 0.6108620204031467
387.0 0.739585654810071
388.0 0.9805892594158649
389.0 1.2484573759138584
390.0 1.9036727026104927
391.0 3.007837012410164
392.0 4.679964855313301
393.0 7.422970235347748
394.0 11.276265978813171
395.0 16.209162771701813
396.0 22.42216467857361
397.0 29.996252059936523
398.0 38.885298371315
399.0 48.386165499687195
400.0 57.80860185623169
401.0 66.62124991416931
402.0 74.55101609230042
403.0 81.03289008140564
404.0 85.62774062156677
405.0 88.98099064826965
406.0 90.86049795150757
407.0 92.37192273139954
408.0 93.2147741317749
409.0 93.56247782707214
410.0 93.63905191421509
411.0 93.42237710952759
412.0 93.11310648918152
413.0 92.91154146194458
414.0 92.7389144897461
415.0 93.03945899009705
416.0 93.38064193725586
417.0 93.74915957450867
418.0 94.26554441452026
419.0 94.79326605796814
420.0 95.30397653579712
421.0 95.88905572891235
422.0 95.95693945884705
423.0 96.14656567573547
424.0 95.89688181877136
425.0 95.8716094493866
426.0 95.77291011810303
427.0 95.72014212608337
428.0 95.57227492332458
429.0 95.38291692733765
430.0 95.30650973320007
431.0 95.4475462436676
432.0 95.52677869796753
433.0 95.59247493743896
434.0 95.65454125404358
435.0 95.81168293952942
436.0 95.83893418312073
437.0 95.74794173240662
438.0 95.90049386024475
439.0 95.98130583763123
440.0 95.99812626838684
441.0 96.14496231079102
442.0 96.02843523025513
443.0 95.9851324558258
444.0 95.90628743171692
445.0 95.58257460594177
446.0 95.47513127326965
447.0 95.26838660240173
448.0 95.38353681564331
449.0 95.60987949371338
450.0 95.84113359451294
451.0 96.06257677078247
452.0 96.30047082901001
453.0 96.37285470962524
454.0 96.44463658332825
455.0 96.64525389671326
456.0 96.82451486587524
457.0 96.93295359611511
458.0 96.92756533622742
459.0 96.99040055274963
460.0 96.95595502853394
461.0 97.03142642974854
462.0 96.96692824363708
463.0 96.86619639396667
464.0 96.92600965499878
465.0 96.85314297676086
466.0 96.81307077407837
467.0 96.8876838684082
468.0 96.87144756317139
469.0 96.9007670879364
470.0 96.76418900489807
471.0 96.61086201667786
472.0 96.66762351989746
473.0 96.5796411037445
474.0 96.44633531570435
475.0 96.56648635864258
476.0 96.5829849243164
477.0 96.68357968330383
478.0 96.8289852142334
479.0 96.80818319320679
480.0 96.9474732875824
481.0 97.02378511428833
482.0 97.27453589439392
483.0 97.12705612182617
484.0 97.31136560440063
485.0 97.33625650405884
486.0 97.41548299789429
487.0 97.42152690887451
488.0 97.41758108139038
489.0 97.49133586883545
490.0 97.5344181060791
491.0 97.55538702011108
492.0 97.46251106262207
493.0 97.53774404525757
494.0 97.45917320251465
495.0 97.5318193435669
496.0 97.37557768821716
497.0 97.26699590682983
498.0 97.06987142562866
499.0 97.15458154678345
500.0 97.07047939300537
501.0 97.04619646072388
502.0 97.04598784446716
503.0 97.17996716499329
504.0 97.0283567905426
505.0 96.97278141975403
506.0 97.03985452651978
507.0 96.95776700973511
508.0 96.9804048538208
509.0 97.02346920967102
510.0 96.93415760993958
511.0 96.89132571220398
512.0 96.82230949401855
513.0 96.9037115573883
514.0 96.86426520347595
515.0 96.96846604347229
516.0 97.02151417732239
517.0 97.05116152763367
518.0 97.17414379119873
519.0 97.12255597114563
520.0 97.16469645500183
521.0 97.25374579429626
522.0 97.18880653381348
523.0 97.15524911880493
524.0 97.17943668365479
525.0 97.1659004688263
526.0 97.2310483455658
527.0 97.21108078956604
528.0 97.28459119796753
529.0 97.41476774215698
530.0 97.39294648170471
531.0 97.541344165802
532.0 97.37073183059692
533.0 97.33414053916931
534.0 97.35132455825806
535.0 97.0917820930481
536.0 96.62703275680542
537.0 95.99525928497314
538.0 95.04206776618958
539.0 93.42089891433716
540.0 91.42443537712097
541.0 88.55338096618652
542.0 85.48360466957092
543.0 81.49822354316711
544.0 76.63421034812927
545.0 72.29945063591003
546.0 67.29384660720825
547.0 62.87437081336975
548.0 58.575451374053955
549.0 54.866987466812134
550.0 52.05814242362976
551.0 49.29830729961395
552.0 47.052863240242004
553.0 44.52068209648132
554.0 41.344812512397766
555.0 37.721553444862366
556.0 32.99841582775116
557.0 27.68149971961975
558.0 22.11132049560547
559.0 16.867047548294067
560.0 12.096637487411499
561.0 7.866930961608887
562.0 4.8507727682590485
563.0 2.7340369299054146
564.0 1.4541874639689922
565.0 0.5156037863343954
566.0 0.3717479296028614
567.0 0.1686419826000929
568.0 0.13633972266688943
569.0 0.06598822074010968
570.0 0.055604573572054505
571.0 0.02928171306848526
572.0 0.05192608805373311
573.0 0.018155902216676623
574.0 0.03029374056495726
575.0 0.011393199383746833
576.0 0.02416387724224478
577.0 0.008176571282092482
578.0 0.023926887661218643
579.0 0.01009477928164415
580.0 0.0226432821364142
581.0 0.009124342614086345
582.0 0.0201310875127092
583.0 0.010557674249866977
584.0 0.00879386134329252
585.0 0.0017422698874725029
586.0 0.02190001105191186
587.0 0.005499885810422711
588.0 0.015263530076481402
589.0 0.0030582217732444406
590.0 0.02105482417391613
591.0 0.004147491563344374
592.0 0.008145150786731392
593.0 1.7044486481931909e-10
594.0 0.007427140371873975
595.0 0.005229512316873297
596.0 0.0033394640922779217
597.0 0.0023682026949245483
598.0 0.01470858696848154
599.0 0.0030958002753322944
600.0 0.0048434474592795596
601.0 0.0019832423276966438
602.0 0.002062972998828627
603.0 0.002142703851859551
604.0 0.0020561790734063834
605.0 0.0019696541130542755
606.0 0.0019072735085501336
607.0 0.0018448929040459916
608.0 0.001808725755836349
609.0 0.0017725587895256467
610.0 0.0018382592315902002
611.0 0.001903959855553694
612.0 0.0019006862203241326
613.0 0.0018974129488924518
614.0 0.0018180133338319138
615.0 0.0017386137187713757
616.0 0.0017291293261223473
617.0 0.0017196452972711995
618.0 0.0015834568330319598
619.0 0.0014472683687927201
620.0 0.001391505793435499
621.0 0.0013357429452298675
622.0 0.0014338365872390568
623.0 0.0015319305020966567
624.0 0.0013889575711800717
625.0 0.0012459847312129568
626.0 0.0013129519174981397
627.0 0.0013799192856822629
628.0 0.0013615460375149269
629.0 0.0013431727893475909
630.0 0.0012698487807938363
631.0 0.001196524863189552
632.0 0.0012839326700486708
633.0 0.0013713404769077897
634.0 0.001311183859797893
635.0 0.0012510272426879965
636.0 0.001162301214208128
637.0 0.00107357545857667
638.0 0.0010496104550838936
639.0 0.0010256454515911173
640.0 0.0011445911695773248
641.0 0.0012635370694624726
642.0 0.0012368805073492695
643.0 0.0012102240361855365
644.0 0.0011754473234759644
645.0 0.0011406708836148027
646.0 0.001145610622188542
647.0 0.0011505504517117515
648.0 0.0011352175533829723
649.0 0.0011198848369531333
650.0 0.001074484043783741
651.0 0.0010290832506143488
652.0 0.0011090432963101193
653.0 0.0011890030691574793
654.0 0.0010323235983378254
655.0 0.0008756438546697609
656.0 0.0008781070391705725
657.0 0.0008805703146208543
658.0 0.0009181232599075884
659.0 0.0009556762051943224
660.0 0.000979116612143116
661.0 0.00100255711004138
662.0 0.0010382722393842414
663.0 0.0010739877325249836
664.0 0.0009852002222032752
665.0 0.0008964124390331563
666.0 0.0008708595487405546
667.0 0.0008453066584479529
668.0 0.0009322813639300875
669.0 0.0010192560694122221
670.0 0.0010690174349292647
671.0 0.0011187787094968371
672.0 0.0011770164746849332
673.0 0.0012352547855698504
674.0 0.0010924646630883217
675.0 0.0009496746315562632
676.0 0.0009321114703197964
677.0 0.0009145482181338593
678.0 0.0009645617865317035
679.0 0.0010145753549295478
680.0 0.0010199500138696749
681.0 0.0010253248547087424
682.0 0.0009755313840287272
683.0 0.0009257382771465927
684.0 0.000938420544116525
685.0 0.0009511030839348678
686.0 0.0009443044291401748
687.0 0.0009375060471938923
688.0 0.0009070653504750226
689.0 0.0008766243809077423
690.0 0.0008813495696813334
691.0 0.0008860747584549244
692.0 0.000873431872605579
693.0 0.0008607889867562335
694.0 0.0009178645996144041
695.0 0.0009749402124725748
696.0 0.0009408598998561502
697.0 0.0009067794962902553
698.0 0.0009419024536327925
699.0 0.0009770253200258594
700.0 0.0010448703505971935
701.0 0.0011127153811685275
702.0 0.0010594868399493862
703.0 0.001006258389679715
704.0 0.0010191437468165532
705.0 0.0010320291949028615
706.0 0.0009909580512612592
707.0 0.0009498868166701868
708.0 0.0010319979992345907
709.0 0.0011141092727484647
710.0 0.001041814175550826
711.0 0.0009695190783531871
712.0 0.0009806463822314981
713.0 0.0009917738680087496
714.0 0.0010883907634706702
715.0 0.0011850075679831207
716.0 0.0012662452718359418
717.0 0.0013474832485371735
718.0 0.0013698908333026338
719.0 0.0013922982361691538
720.0 0.0010930469215963967
721.0 0.0007937954251246992
722.0 0.0009386867532157339
723.0 0.0010835781722562388
724.0 0.001150044408859685
725.0 0.0012165105545136612
726.0 0.0012709754628303926
727.0 0.0013254400073492434
728.0 0.0014578909940610174
729.0 0.0015903418898233213
730.0 0.0016650334146106616
731.0 0.0017397247574990615
732.0 0.0016561894881306216
733.0 0.0015726542187621817
734.0 0.0015599740436300635
735.0 0.001547294232295826
736.0 0.0013835126992489677
737.0 0.0012197310752526391
738.0 0.0011844048458442558
739.0 0.0011490787073853426
740.0 0.001246793272002833
741.0 0.0013445077456708532
742.0 0.00131119768411736
743.0 0.001277887622563867
744.0 0.0011545133020263165
745.0 0.0010311390724382363
746.0 0.0009979148671845905
747.0 0.000964690752880415
748.0 0.0008973745025286917
749.0 0.0008300584340759087
750.0 0.0008802569027466234
751.0 0.0009304554623668082
752.0 0.0008946920388552826
753.0 0.000858928615343757
754.0 0.0007941382136777975
755.0 0.000729347857486573
756.0 0.0007117822860891465
757.0 0.0006942166237422498
758.0 0.000710263566361391
759.0 0.0007263105999300024
760.0 0.0006221654984983616
761.0 0.0005180203515919857
762.0 0.0005459325166157214
763.0 0.0005738445452152519
764.0 0.0006028799361956771
765.0 0.0006319151907518972
766.0 0.000585581346967956
767.0 0.00053924754865875
768.0 0.0004816211458091857
769.0 0.00042399474295962136
770.0 0.0006023903097229777
771.0 0.0007807858310115989
772.0 0.0007283732429641532
773.0 0.0006759607003914425
774.0 0.0005884346592210932
775.0 0.0005009086180507438
776.0 0.000565867640034412
777.0 0.0006308267074928153
778.0 0.0006950870556465816
779.0 0.0007593474492750829
780.0 0.0007575064500997541
781.0 0.0007556654509244254
782.0 0.0007376696885330603
783.0 0.00071967388066696
784.0 0.0006408435183402617
785.0 0.0005620130650640931
786.0 0.0005169752057554433
787.0 0.0004719374373962637
788.0 0.00041777734622883145
789.0 0.0003636172095866641
790.0 0.00025992073915404035
791.0 0.00015622425735273282
792.0 0.000210282610169088
793.0 0.0002643409970914945
794.0 0.0002882282842620043
795.0 0.00031211552595777903
796.0 0.0003140916533084237
797.0 0.00031606775792170083
798.0 0.0003138349939035834
799.0 0.00031160222988546593
800.0 0.0003163213023071876
801.0 0.00032104032925417414
802.0 0.00029485029244824545
803.0 0.0002686602329049492
804.0 0.00033379608339600964
805.0 0.00039893193388707004
806.0 0.00031169058729574317
807.0 0.00022444921796704875
808.0 0.00032237846880889265
809.0 0.0004203076514386339
810.0 0.0003127732043139986
811.0 0.00020523871171462815
812.0 0.00024003927592275431
813.0 0.0002748397946561454
814.0 0.0004307792551117018
815.0 0.0005867187610419933
816.0 0.00047537910177197773
817.0 0.0003640395107140648
818.0 0.00040638060454512015
819.0 0.00044872163016407285
820.0 0.0004266324140189681
821.0 0.0004045431069243932
822.0 0.0003947789537050994
823.0 0.0003850148004858056
824.0 0.0002746347718129982
825.0 0.00016425468629677198
826.0 0.00028025187930325046
827.0 0.00039624906094104517
828.0 0.00043683303374564275
829.0 0.0004774170520249754
830.0 0.0004970122063241433
831.0 0.0005166073151485762
832.0 0.0005263003913569264
833.0 0.0005359934675652767
834.0 0.0005334614797902759
835.0 0.0005309295829647454
836.0 0.000440267103840597
837.0 0.00034960464745381614
838.0 0.00035155612749804277
839.0 0.0003535076075422694
840.0 0.00038803591451141983
841.0 0.0004225641987432027
842.0 0.00043790519157482777
843.0 0.0004532461844064528
844.0 0.00039421088331437204
845.0 0.00033517558222229127
846.0 0.0003909298811777262
847.0 0.00044668413465842605
848.0 0.000450685956820962
849.0 0.000454687778983498
850.0 0.0004517417892202502
851.0 0.0004487958904064726
852.0 0.00037028821679996327
853.0 0.000291780588668189
854.0 0.00034721417705441127
855.0 0.0004026478563901037
856.0 0.0003590352207538672
857.0 0.0003154226078549982
858.0 0.00029008497222093865
859.0 0.00026474731384951156
860.0 0.0002661199914655299
861.0 0.00026749262360681314
862.0 0.00031503229820373235
863.0 0.0003625719955380191
864.0 0.0003162499979225686
865.0 0.0002699280685192207
866.0 0.0002159477617169614
867.0 0.00016196747765206965
868.0 0.0002757260972430231
869.0 0.0003894847395713441
870.0 0.0003148840050926083
871.0 0.00024028327061387245
872.0 0.0002786592176562408
873.0 0.0003170351419612416
874.0 0.00028798094717785716
875.0 0.00025892672965710517
876.0 0.0002715838036237983
877.0 0.00028424087759049144
878.0 0.0002779346687020734
879.0 0.00027162845981365535
880.0 0.00040839172470441554
881.0 0.0005451548531709705
882.0 0.0005362401680031326
883.0 0.0005273253009363543
884.0 0.0004699739747593412
885.0 0.00041262255763285793
886.0 0.0004133051334065385
887.0 0.0004139877091802191
888.0 0.0005431718818726949
889.0 0.0006723560545651708
890.0 0.0005966724074824015
891.0 0.0005209887149248971
892.0 0.00047975772758945823
893.0 0.0004385266038298141
894.0 0.00042233782551193144
895.0 0.0004061490017193137
896.0 0.0004536616870609578
897.0 0.0005011743724026019
898.0 0.0004483730208448833
899.0 0.0003955717147618998
900.0 0.000391558705814532
901.0 0.00038754565139242914
902.0 0.00035277776078146417
903.0 0.00031800989290786674
904.0 0.0004122638529224787
