lsstCam/transmission_filter_detector/r42_s21/g_6/19700101T000000.ecsv
# %ECSV 1.0
# ---
# datatype:
# - {name: wavelength, unit: nm, datatype: float32}
# - {name: efficiency, unit: '%', datatype: float64}
# meta: !!omap
# - {MODE: DETECTOR}
# - {TYPE: transmission_filter_detector}
# - {CALIBDATE: '1970-01-01T00:00:00'}
# - {INSTRUME: LSSTCam}
# - {OBSTYPE: transmission_filter_detector}
# - {CALIBCLS: lsst.ip.isr.IntermediateFilterDetectorTransmissionCurve}
# - {SOURCE: Materion (DM-46256)}
# - {DETECTOR: 178}
# - {FILTER: g_6}
# - {CALIB_ID: 'calibDate=1970-01-01T00:00:00 filter=g_6 detector=178'}
# - {DATE: '2025-04-02T15:59:42.853019'}
# - {CALIB_CREATION_DATE: '2025-04-02'}
# - {CALIB_CREATION_TIME: '15:59:42'}
# - __serialized_columns__:
#     efficiency:
#       __class__: astropy.units.quantity.Quantity
#       unit: !astropy.units.Unit {unit: '%'}
#       value: !astropy.table.SerializedColumn {name: efficiency}
#     wavelength:
#       __class__: astropy.units.quantity.Quantity
#       unit: !astropy.units.Unit {unit: nm}
#       value: !astropy.table.SerializedColumn {name: wavelength}
# schema: astropy-2.0
wavelength efficiency
[from data line 606]
906.0 0.00039432215999113396
907.0 0.00028212639335833956
908.0 0.0003144749598504859
909.0 0.0003468235036052647
910.0 0.00038673651943099685
911.0 0.0004266496944183018
912.0 0.00035006228245038074
913.0 0.0002734749386945623
914.0 0.0003437366785874474
915.0 0.0004139984412177
916.0 0.000416929151469958
917.0 0.00041985967982327566
918.0 0.0003955696683988208
919.0 0.0003712794978127931
920.0 0.000385033990824013
921.0 0.00039878850657260045
922.0 0.00040350751078221947
923.0 0.0004082265149918385
924.0 0.0003863786332658492
925.0 0.0003645307515398599
926.0 0.00038221460272325203
927.0 0.00039989836295717396
928.0 0.00039227875276992563
929.0 0.0003846590971079422
930.0 0.0003697061856655637
931.0 0.00035475327422318514
932.0 0.0004392132723296527
933.0 0.00052367317948665
934.0 0.0005188322120375233
935.0 0.0005139912445883965
936.0 0.00038072448660386726
937.0 0.00024745775135670556
938.0 0.0003483744876575656
939.0 0.00044929120122105815
940.0 0.0005095211236039177
941.0 0.0005697510005120421
942.0 0.0004270121735316934
943.0 0.00028427325560187455
944.0 0.00044219855226401705
945.0 0.0006001238489261596
946.0 0.0007438050033670152
947.0 0.0008874861123331357
948.0 0.0008241727300628554
949.0 0.0007608595751662506
950.0 0.0007200410891528009
951.0 0.0006792225121898809
952.0 0.0005716398391086841
953.0 0.00046405721150222234
954.0 0.0005494468496181071
955.0 0.0006348365332087269
956.0 0.0006593767011509044
957.0 0.0006839170055172872
958.0 0.0006511080300697358
959.0 0.0006182990091474494
960.0 0.0006133428541943431
961.0 0.0006083867447159719
962.0 0.0006080009370634798
963.0 0.0006076150839362526
964.0 0.0006234764441614971
965.0 0.0006393377134372713
966.0 0.0006260372174438089
967.0 0.0006127366305008763
968.0 0.0006262274382606847
969.0 0.0006397182914952282
970.0 0.0006200432380865095
971.0 0.0006003682301525259
972.0 0.00062479120970238
973.0 0.0006492142802017042
974.0 0.0007034090685920091
975.0 0.0007576037660328439
976.0 0.0008025039278436452
977.0 0.0008474040441797115
978.0 0.0009089913874049671
979.0 0.0009705786396807525
980.0 0.0009493147445027716
981.0 0.0009280509402742609
982.0 0.0011678508599288762
983.0 0.0014076509614824317
984.0 0.0014605943761125673
985.0 0.001513537881692173
986.0 0.0014958895917516202
987.0 0.0014782413927605376
988.0 0.001464403248974122
989.0 0.0014505649232887663
990.0 0.001582367804076057
991.0 0.0017141705029644072
992.0 0.0017536636732984334
993.0 0.0017931566617335193
994.0 0.0017897216821438633
995.0 0.0017862863387563266
996.0 0.0016895397493499331
997.0 0.0015927931599435396
998.0 0.0015986708604032174
999.0 0.0016045487427618355
1000.0 0.0015266046830220148
1001.0 0.0014486608961306047
1002.0 0.0013954550922790077
1003.0 0.0013422491065284703
1004.0 0.0013945607861387543
1005.0 0.0014468724657490384
1006.0 0.0014492326954496093
1007.0 0.00145159283420071
1008.0 0.0013798579857393634
1009.0 0.0013081232282274868
1010.0 0.0012888785931863822
1011.0 0.0012696339581452776
1012.0 0.0011661586540867575
1013.0 0.001062683168129297
1014.0 0.0012437478289939463
1015.0 0.0014248128536564764
1016.0 0.0016374113329220563
1017.0 0.0018500099031371064
1018.0 0.001978112959477585
1019.0 0.0021062156520201825
1020.0 0.002146496444765944
1021.0 0.0021867772375117056
1022.0 0.002348606903979089
1023.0 0.0025104363885475323
1024.0 0.002772227526293136
1025.0 0.00303401866403874
1026.0 0.0031028954253997654
1027.0 0.0031717725505586714
1028.0 0.0033646610972937196
1029.0 0.003557549644028768
1030.0 0.0037061636248836294
1031.0 0.0038547779695363715
1032.0 0.004099454599781893
1033.0 0.004344131230027415
1034.0 0.004436398376128636
1035.0 0.004528665158431977
1036.0 0.0046590685087721795
1037.0 0.004789471495314501
1038.0 0.0048510104534216225
1039.0 0.004912549411528744
1040.0 0.004967717904946767
1041.0 0.005022886034566909
1042.0 0.005279245669953525
1043.0 0.005535605669138022
1044.0 0.005839744335389696
1045.0 0.006143881910247728
1046.0 0.006388922338373959
1047.0 0.0066339620389044285
1048.0 0.007043371442705393
1049.0 0.007452780846506357
1050.0 0.008222425094572827
1051.0 0.008992069342639297
1052.0 0.010218134411843494
1053.0 0.011444201663834974
1054.0 0.012976792640984058
1055.0 0.014509382890537381
1056.0 0.017128841136582196
1057.0 0.019748297927435488
1058.0 0.024084013421088457
1059.0 0.02841973036993295
1060.0 0.03423869202379137
1061.0 0.040057653677649796
1062.0 0.04793079278897494
1063.0 0.05580392898991704
1064.0 0.06514135748147964
1065.0 0.07447878597304225
1066.0 0.08432581671513617
1067.0 0.09417286491952837
1068.0 0.10363860055804253
1069.0 0.11310436530038714
1070.0 0.12221578508615494
1071.0 0.13132721651345491
1072.0 0.14146730536594987
1073.0 0.151607405859977
1074.0 0.161779613699764
1075.0 0.17195182153955102
1076.0 0.18212831346318126
1077.0 0.1923048053868115
1078.0 0.20100872498005629
1079.0 0.20971265621483326
1080.0 0.21909275092184544
1081.0 0.22847279906272888
1082.0 0.23793112486600876
1083.0 0.247389473952353
1084.0 0.26023604441434145
1085.0 0.2730826148763299
1086.0 0.29221915174275637
1087.0 0.31135568860918283
1088.0 0.34437128342688084
1089.0 0.3773868316784501
1090.0 0.42130332440137863
1091.0 0.46521974727511406
1092.0 0.5141791887581348
1093.0 0.5631386302411556
1094.0 0.6489749997854233
1095.0 0.7348112296313047
1096.0 0.8364087902009487
1097.0 0.9380062110722065
1098.0 0.9945345111191273
1099.0 1.0510629042983055
1100.0 1.1351730674505234
1101.0 1.2192833237349987
