lsstCam/transmission_sensor/r22_s01/19700101T000000.ecsv
# %ECSV 1.0
# ---
# datatype:
# - {name: amp_name, datatype: string}
# - {name: wavelength, unit: nm, datatype: float32}
# - {name: efficiency, unit: '%', datatype: float64}
# meta: !!omap
# - {MODE: AMP}
# - {TYPE: transmission_sensor}
# - {CALIBDATE: '1970-01-01T00:00:00'}
# - {INSTRUME: LSSTCAM}
# - {OBSTYPE: transmission_sensor}
# - {DETECTOR: 91}
# - {PARQUETFILE: qe_raft_allvalues_nircorrected_20230725.parquet}
# - {CALIBCLS: lsst.ip.isr.IntermediateSensorTransmissionCurve}
# - {CALIB_ID: 'raftName=R22 detectorName=S01 detector=91 calibDate=1970-01-01T00:00:00 ccd=91 ccdnum=91 filter=None'}
# - {DATE: '2023-08-02T16:57:55.803853'}
# - {CALIB_CREATION_DATE: '2023-08-02'}
# - {CALIB_CREATION_TIME: '16:57:55'}
# - __serialized_columns__:
#     efficiency:
#       __class__: astropy.units.quantity.Quantity
#       unit: !astropy.units.Unit {unit: '%'}
#       value: !astropy.table.SerializedColumn {name: efficiency}
#     wavelength:
#       __class__: astropy.units.quantity.Quantity
#       unit: !astropy.units.Unit {unit: nm}
#       value: !astropy.table.SerializedColumn {name: wavelength}
# schema: astropy-2.0
amp_name wavelength efficiency
C00 319.994 43.39378356933594
C00 324.969 49.12260055541992
C00 349.982 75.69940948486328
C00 374.975 81.4161148071289
C00 400.019 86.52963256835938
C00 424.965 86.51021575927734
C00 450.035 87.22541046142578
C00 475.003 89.18219757080078
C00 500.018 91.10597229003906
C00 525.002 93.0582275390625
C00 550.029 94.67890167236328
C00 575.023 95.53997802734375
C00 599.982 97.20063781738281
C00 619.997 97.52412414550781
C00 624.979 97.67766571044922
C00 650.012 98.20137786865234
C00 675.004 98.6079330444336
C00 700.03 98.17996215820312
C00 725.012 97.9629135131836
C00 750.022 98.52613067626953
C00 774.987 98.97213745117188
C00 799.976 98.30007934570312
C00 824.988 96.45035552978516
C00 850.022 94.54240417480469
C00 869.967 91.47525787353516
C00 875.002 90.92150115966797
C00 899.999 83.33646392822266
C00 919.999 73.81967163085938
C00 925.012 71.61260223388672
C00 949.965 58.40739822387695
C00 975.002 43.731773376464844
C00 999.976 26.25008773803711
C00 1025.028 11.356446266174316
C00 1050.014 4.082199573516846
C00 1075.002 0.9386494290034019
C00 1099.99 0.09313193402620853
C01 319.994 43.59000778198242
C01 324.969 49.34407424926758
C01 349.982 76.00611114501953
C01 374.975 81.68344116210938
C01 400.019 86.7391128540039
C01 424.965 86.69059753417969
C01 450.035 87.3920669555664
C01 475.003 89.34861755371094
C01 500.018 91.27178192138672
C01 525.002 93.22371673583984
C01 550.029 94.83899688720703
C01 575.023 95.69583129882812
C01 599.982 97.35801696777344
C01 619.997 97.67877960205078
C01 624.979 97.83045196533203
C01 650.012 98.34931945800781
C01 675.004 98.75579833984375
C01 700.03 98.3183822631836
C01 725.012 98.09850311279297
C01 750.022 98.65516662597656
C01 774.987 99.09423065185547
C01 799.976 98.41851043701172
C01 824.988 96.57340240478516
C01 850.022 94.67084503173828
C01 869.967 91.60514831542969
C01 875.002 91.05046081542969
C01 899.999 83.44989776611328
C01 919.999 73.94727325439453
C01 925.012 71.73609161376953
C01 949.965 58.4879150390625
C01 975.002 43.74860763549805
C01 999.976 26.254833221435547
C01 1025.028 11.308757781982422
C01 1050.014 4.052378177642822
C01 1075.002 0.9398788058871492
C01 1099.99 0.09325391167120861
C02 319.994 43.7803840637207
C02 324.969 49.56206512451172
C02 349.982 76.29818725585938
C02 374.975 81.87007141113281
C02 400.019 86.80005645751953
C02 424.965 86.69959259033203
C02 450.035 87.38175201416016
C02 475.003 89.32180786132812
C02 500.018 91.23352813720703
C02 525.002 93.17967224121094
C02 550.029 94.78704071044922
C02 575.023 95.63822937011719
C02 599.982 97.29063415527344
C02 619.997 97.6085205078125
C02 624.979 97.75880432128906
C02 650.012 98.27262115478516
C02 675.004 98.67069244384766
C02 700.03 98.23202514648438
C02 725.012 98.00691223144531
C02 750.022 98.56228637695312
C02 774.987 98.99664306640625
C02 799.976 98.31916809082031
C02 824.988 96.47341918945312
C02 850.022 94.57209777832031
C02 869.967 91.4959716796875
C02 875.002 90.9356689453125
C02 899.999 83.41364288330078
C02 919.999 73.87451171875
C02 925.012 71.66553497314453
C02 949.965 58.45111846923828
C02 975.002 43.69403076171875
C02 999.976 26.22480010986328
C02 1025.028 11.293128967285156
C02 1050.014 4.0393171310424805
C02 1075.002 0.9389939692118066
C02 1099.99 0.09316611898916385
C03 319.994 44.096736907958984
C03 324.969 49.9210319519043
C03 349.982 76.74351501464844
C03 374.975 82.14057159423828
C03 400.019 86.91278076171875
C03 424.965 86.75707244873047
C03 450.035 87.41353607177734
C03 475.003 89.34622192382812
C03 500.018 91.24909973144531
C03 525.002 93.18706512451172
C03 550.029 94.78903198242188
C03 575.023 95.62797546386719
C03 599.982 97.27398681640625
C03 619.997 97.5814208984375
C03 624.979 97.7302017211914
C03 650.012 98.23653411865234
C03 675.004 98.6235580444336
C03 700.03 98.17971801757812
C03 725.012 97.9483413696289
C03 750.022 98.49842071533203
C03 774.987 98.92767333984375
C03 799.976 98.24742126464844
C03 824.988 96.40496826171875
C03 850.022 94.50450897216797
C03 869.967 91.42080688476562
C03 875.002 90.85498809814453
C03 899.999 83.36598205566406
C03 919.999 73.81244659423828
C03 925.012 71.59054565429688
C03 949.965 58.37436294555664
C03 975.002 43.6397819519043
C03 999.976 26.213708877563477
C03 1025.028 11.296615600585938
C03 1050.014 4.03694486618042
C03 1075.002 0.9383855682513331
C03 1099.99 0.09310575400479217
C04 319.994 44.346412658691406
C04 324.969 50.20405578613281
C04 349.982 77.0267562866211
C04 374.975 82.26325225830078
C04 400.019 87.04510498046875
C04 424.965 86.90687561035156
C04 450.035 87.58694458007812
C04 475.003 89.5330581665039
C04 500.018 91.44615936279297
C04 525.002 93.38836669921875
C04 550.029 94.98709869384766
C04 575.023 95.82221221923828
C04 599.982 97.46321868896484
C04 619.997 97.76178741455078
C04 624.979 97.91028594970703
C04 650.012 98.4061279296875
C04 675.004 98.78886413574219
C04 700.03 98.33284759521484
C04 725.012 98.10009002685547
C04 750.022 98.65150451660156
C04 774.987 99.08403778076172
C04 799.976 98.39812469482422
C04 824.988 96.54806518554688
C04 850.022 94.65635681152344
C04 869.967 91.54645538330078
C04 875.002 90.96656799316406
C04 899.999 83.51789093017578
C04 919.999 73.904052734375
C04 925.012 71.67463684082031
C04 949.965 58.43422317504883
C04 975.002 43.674102783203125
C04 999.976 26.235885620117188
C04 1025.028 11.308846473693848
C04 1050.014 4.050153732299805
C04 1075.002 0.9398439685030876
C04 1099.99 0.09325045513796645
C05 319.994 44.645931243896484
C05 324.969 50.54377365112305
C05 349.982 77.36485290527344
C05 374.975 82.36102294921875
C05 400.019 87.10912322998047
C05 424.965 86.98533630371094
C05 450.035 87.68098449707031
C05 475.003 89.6415786743164
C05 500.018 91.56321716308594
C05 525.002 93.50572967529297
C05 550.029 95.10498046875
C05 575.023 95.92972564697266
C05 599.982 97.5598373413086
C05 619.997 97.85154724121094
C05 624.979 97.9939956665039
C05 650.012 98.47835540771484
C05 675.004 98.85066223144531
C05 700.03 98.3843994140625
C05 725.012 98.15111541748047
C05 750.022 98.70755767822266
C05 774.987 99.14384460449219
C05 799.976 98.45648193359375
C05 824.988 96.61285400390625
C05 850.022 94.71269989013672
C05 869.967 91.5687026977539
C05 875.002 90.98108673095703
C05 899.999 83.65003204345703
C05 919.999 73.93877410888672
C05 925.012 71.66161346435547
C05 949.965 58.38882827758789
C05 975.002 43.66581344604492
C05 999.976 26.292865753173828
C05 1025.028 11.372074127197266
C05 1050.014 4.061559200286865
C05 1075.002 0.9403779481380145
C05 1099.99 0.0933034361067869
C06 319.994 44.92250442504883
C06 324.969 50.8570671081543
C06 349.982 77.622314453125
C06 374.975 82.36127471923828
C06 400.019 87.02738189697266
C06 424.965 86.89927673339844
C06 450.035 87.60359954833984
C06 475.003 89.5720443725586
C06 500.018 91.49474334716797
C06 525.002 93.43193817138672
C06 550.029 95.01976776123047
C06 575.023 95.83257293701172
C06 599.982 97.44857025146484
C06 619.997 97.72681427001953
C06 624.979 97.86904907226562
C06 650.012 98.337646484375
C06 675.004 98.69470977783203
C06 700.03 98.22445678710938
C06 725.012 97.99273681640625
C06 750.022 98.5570297241211
C06 774.987 98.99980163574219
C06 799.976 98.31565856933594
C06 824.988 96.48421478271484
C06 850.022 94.56549072265625
C06 869.967 91.44821166992188
C06 875.002 90.88265991210938
C06 899.999 83.6559829711914
C06 919.999 73.6659164428711
C06 925.012 71.32571411132812
C06 949.965 58.29302978515625
C06 975.002 43.64652633666992
C06 999.976 26.493314743041992
C06 1025.028 11.487601280212402
C06 1050.014 4.051736831665039
C06 1075.002 0.9389438161025953
C06 1099.99 0.09316114284374263
C07 319.994 45.230506896972656
C07 324.969 51.20694351196289
C07 349.982 77.94807434082031
C07 374.975 82.4524917602539
C07 400.019 87.08675384521484
C07 424.965 86.96803283691406
C07 450.035 87.69123840332031
C07 475.003 89.66845703125
C07 500.018 91.59941864013672
C07 525.002 93.53925323486328
C07 550.029 95.12086486816406
C07 575.023 95.92598724365234
C07 599.982 97.5314712524414
C07 619.997 97.79963684082031
C07 624.979 97.9412612915039
C07 650.012 98.39791870117188
C07 675.004 98.74298095703125
C07 700.03 98.26950073242188
C07 725.012 98.0405044555664
C07 750.022 98.62351989746094
C07 774.987 99.08081817626953
C07 799.976 98.40628814697266
C07 824.988 96.56941223144531
C07 850.022 94.67474365234375
C07 869.967 91.60208129882812
C07 875.002 91.05068969726562
C07 899.999 83.70226287841797
C07 919.999 73.6408920288086
C07 925.012 71.34307098388672
C07 949.965 58.40419006347656
C07 975.002 43.807151794433594
C07 999.976 26.674806594848633
C07 1025.028 11.6012601852417
C07 1050.014 4.0802483558654785
C07 1075.002 0.9395771274767647
C07 1099.99 0.09322397941647652
C10 319.994 42.71553421020508
C10 324.969 48.3493537902832
C10 349.982 74.02655792236328
C10 374.975 79.55860900878906
C10 400.019 85.60875701904297
C10 424.965 86.10295104980469
C10 450.035 87.10540008544922
C10 475.003 89.24156188964844
C10 500.018 91.27545928955078
C10 525.002 93.29656982421875
C10 550.029 94.94804382324219
C10 575.023 95.81895446777344
C10 599.982 97.48568725585938
C10 619.997 97.79694366455078
C10 624.979 97.94717407226562
C10 650.012 98.45604705810547
C10 675.004 98.8318862915039
C10 700.03 98.28630065917969
C10 725.012 97.77640533447266
C10 750.022 97.9788589477539
C10 774.987 98.07193756103516
C10 799.976 97.26168060302734
C10 824.988 95.49229431152344
C10 850.022 93.53557586669922
C10 869.967 90.44408416748047
C10 875.002 89.9330062866211
C10 899.999 82.95842742919922
C10 919.999 73.59809112548828
C10 925.012 71.36083221435547
C10 949.965 57.685218811035156
C10 975.002 43.150482177734375
C10 999.976 26.043254852294922
C10 1025.028 11.41289234161377
C10 1050.014 4.07445764541626
C10 1075.002 0.9334387027110584
C10 1099.99 0.09261493055047809
C11 319.994 42.9566764831543
C11 324.969 48.62502670288086
C11 349.982 74.4306869506836
C11 374.975 79.91091918945312
C11 400.019 85.8369369506836
C11 424.965 86.2703857421875
C11 450.035 87.24577331542969
C11 475.003 89.3668441772461
C11 500.018 91.39491271972656
C11 525.002 93.4062728881836
C11 550.029 95.05757141113281
C11 575.023 95.92493438720703
C11 599.982 97.58643341064453
C11 619.997 97.89303588867188
C11 624.979 98.0451431274414
C11 650.012 98.55010986328125
C11 675.004 98.92022705078125
C11 700.03 98.36345672607422
C11 725.012 97.84822082519531
C11 750.022 98.03125
C11 774.987 98.11357879638672
C11 799.976 97.29327392578125
C11 824.988 95.53045654296875
C11 850.022 93.57304382324219
C11 869.967 90.47978973388672
C11 875.002 89.95687866210938
C11 899.999 83.06351470947266
C11 919.999 73.64958190917969
C11 925.012 71.40762329101562
C11 949.965 57.73678207397461
C11 975.002 43.13346862792969
C11 999.976 26.04242706298828
C11 1025.028 11.388996124267578
C11 1050.014 4.049086093902588
C11 1075.002 0.9339379468414248
C11 1099.99 0.09266446509444688
C12 319.994 43.06904602050781
C12 324.969 48.753883361816406
C12 349.982 74.659423828125
C12 374.975 80.07756805419922
C12 400.019 85.82269287109375
C12 424.965 86.1686019897461
C12 450.035 87.09874725341797
C12 475.003 89.19457244873047
C12 500.018 91.19786834716797
C12 525.002 93.19611358642578
C12 550.029 94.83656311035156
C12 575.023 95.69487762451172
C12 599.982 97.35262298583984
C12 619.997 97.65848541259766
C12 624.979 97.8070297241211
C12 650.012 98.31128692626953
C12 675.004 98.67813873291016
C12 700.03 98.12538146972656
C12 725.012 97.60458374023438
C12 750.022 97.77971649169922
C12 774.987 97.8549575805664
C12 799.976 97.03852844238281
C12 824.988 95.28416442871094
C12 850.022 93.33939361572266
C12 869.967 90.25005340576172
C12 875.002 89.72848510742188
C12 899.999 82.867919921875
C12 919.999 73.52726745605469
C12 925.012 71.27437591552734
C12 949.965 57.55467987060547
C12 975.002 43.03304672241211
C12 999.976 25.97334861755371
C12 1025.028 11.356036186218262
C12 1050.014 4.024722576141357
C12 1075.002 0.9315416691576937
C12 1099.99 0.09242670862408214
C13 319.994 43.48291778564453
C13 324.969 49.22366714477539
C13 349.982 75.31509399414062
C13 374.975 80.61455535888672
C13 400.019 86.2091293334961
C13 424.965 86.48680877685547
C13 450.035 87.38533782958984
C13 475.003 89.46855926513672
C13 500.018 91.46735382080078
C13 525.002 93.46057891845703
C13 550.029 95.09806823730469
C13 575.023 95.9522476196289
C13 599.982 97.6047134399414
C13 619.997 97.90940856933594
C13 624.979 98.05487823486328
C13 650.012 98.55528259277344
C13 675.004 98.91783142089844
C13 700.03 98.35716247558594
C13 725.012 97.82909393310547
C13 750.022 98.00183868408203
C13 774.987 98.07304382324219
C13 799.976 97.24821472167969
C13 824.988 95.4902572631836
C13 850.022 93.54182434082031
C13 869.967 90.44017791748047
C13 875.002 89.93446350097656
C13 899.999 83.06704711914062
C13 919.999 73.68959045410156
C13 925.012 71.3814468383789
C13 949.965 57.719268798828125
C13 975.002 43.08656311035156
C13 999.976 26.043338775634766
C13 1025.028 11.391931533813477
C13 1050.014 4.024784564971924
C13 1075.002 0.9336578533597796
C13 1099.99 0.09263667447651464
C14 319.994 43.72914505004883
C14 324.969 49.502960205078125
C14 349.982 75.59847259521484
C14 374.975 80.7314682006836
C14 400.019 86.24453735351562
C14 424.965 86.49995422363281
C14 450.035 87.39190673828125
C14 475.003 89.46871948242188
C14 500.018 91.46125793457031
C14 525.002 93.44955444335938
C14 550.029 95.07533264160156
C14 575.023 95.92053985595703
C14 599.982 97.5609359741211
C14 619.997 97.8585433959961
C14 624.979 98.00149536132812
C14 650.012 98.4906005859375
C14 675.004 98.84425354003906
C14 700.03 98.27467346191406
C14 725.012 97.74439239501953
C14 750.022 97.91938781738281
C14 774.987 97.98786163330078
C14 799.976 97.16336822509766
C14 824.988 95.41040802001953
C14 850.022 93.43927764892578
C14 869.967 90.413330078125
C14 875.002 89.84815979003906
C14 899.999 83.03472900390625
C14 919.999 73.41371154785156
C14 925.012 71.35728454589844
C14 949.965 57.489288330078125
C14 975.002 43.28224563598633
C14 999.976 26.02229881286621
C14 1025.028 11.429014205932617
C14 1050.014 4.023348808288574
C14 1075.002 0.932872368110561
C14 1099.99 0.09255873935169763
C15 319.994 44.03403854370117
C15 324.969 49.84776306152344
C15 349.982 75.93765258789062
C15 374.975 80.8521499633789
C15 400.019 86.33070373535156
C15 424.965 86.59276580810547
C15 450.035 87.50003814697266
C15 475.003 89.5892333984375
C15 500.018 91.58935546875
C15 525.002 93.5770492553711
C15 550.029 95.1987533569336
C15 575.023 96.0311508178711
C15 599.982 97.66291046142578
C15 619.997 97.9480972290039
C15 624.979 98.09052276611328
C15 650.012 98.56478118896484
C15 675.004 98.9070053100586
C15 700.03 98.32923889160156
C15 725.012 97.79563903808594
C15 750.022 97.97344970703125
C15 774.987 98.05026245117188
C15 799.976 97.2278823852539
C15 824.988 95.47862243652344
C15 850.022 93.52196502685547
C15 869.967 90.50263214111328
C15 875.002 90.00582885742188
C15 899.999 83.13192749023438
C15 919.999 73.58123016357422
C15 925.012 71.30506134033203
C15 949.965 57.81389236450195
C15 975.002 43.224971771240234
C15 999.976 26.19210433959961
C15 1025.028 11.464872360229492
C15 1050.014 4.018325328826904
C15 1075.002 0.9333873390162231
C15 1099.99 0.09260983429186337
C16 319.994 44.45022201538086
C16 324.969 50.31508255004883
C16 349.982 76.44908142089844
C16 374.975 81.15505981445312
C16 400.019 86.55125427246094
C16 424.965 86.79886627197266
C16 450.035 87.71416473388672
C16 475.003 89.80850982666016
C16 500.018 91.8131103515625
C16 525.002 93.80133819580078
C16 550.029 95.41816711425781
C16 575.023 96.24131774902344
C16 599.982 97.86373901367188
C16 619.997 98.13883209228516
C16 624.979 98.27835083007812
C16 650.012 98.7414321899414
C16 675.004 99.072265625
C16 700.03 98.48841857910156
C16 725.012 97.95561981201172
C16 750.022 98.15081787109375
C16 774.987 98.23555755615234
C16 799.976 97.42491149902344
C16 824.988 95.67247772216797
C16 850.022 93.7347412109375
C16 869.967 90.72126770019531
C16 875.002 90.23423767089844
C16 899.999 83.29222106933594
C16 919.999 73.7571792602539
C16 925.012 71.5015869140625
C16 949.965 57.901973724365234
C16 975.002 43.45132827758789
C16 999.976 26.308937072753906
C16 1025.028 11.511064529418945
C16 1050.014 4.0521440505981445
C16 1075.002 0.9350770252782518
C16 1099.99 0.09277748341049899
C17 319.994 44.58181381225586
C17 324.969 50.46372604370117
C17 349.982 76.55738067626953
C17 374.975 81.1265869140625
C17 400.019 86.50396728515625
C17 424.965 86.75822448730469
C17 450.035 87.67779541015625
C17 475.003 89.78094482421875
C17 500.018 91.78841400146484
C17 525.002 93.77552795410156
C17 550.029 95.385986328125
C17 575.023 96.20459747314453
C17 599.982 97.81739807128906
C17 619.997 98.08787536621094
C17 624.979 98.22722625732422
C17 650.012 98.68087005615234
C17 675.004 99.00747680664062
C17 700.03 98.419677734375
C17 725.012 97.90442657470703
C17 750.022 98.12271881103516
C17 774.987 98.23237609863281
C17 799.976 97.432861328125
C17 824.988 95.68003845214844
C17 850.022 93.7632827758789
C17 869.967 90.7763442993164
C17 875.002 90.30964660644531
C17 899.999 83.31875610351562
C17 919.999 73.79424285888672
C17 925.012 71.53519439697266
C17 949.965 57.948787689208984
C17 975.002 43.558597564697266
C17 999.976 26.37989044189453
C17 1025.028 11.573347091674805
C17 1050.014 4.085688591003418
C17 1075.002 0.934809093865928
C17 1099.99 0.09275089950191177
