lsstCam/transmission_sensor/r22_s01/19700101T000000.ecsv
# %ECSV 1.0
# ---
# datatype:
# - {name: amp_name, datatype: string}
# - {name: wavelength, unit: nm, datatype: float32}
# - {name: efficiency, unit: '%', datatype: float64}
# meta: !!omap
# - {MODE: AMP}
# - {TYPE: transmission_sensor}
# - {CALIBDATE: '1970-01-01T00:00:00'}
# - {INSTRUME: LSSTCam}
# - {OBSTYPE: transmission_sensor}
# - {DETECTOR: 91}
# - {PARQUETFILE: qe_raft_allvalues_nircorrected_20230725_adjust.parquet}
# - {CORRFILE: qe_corr_factor_bydetnum.parquet}
# - {CALIBCLS: lsst.ip.isr.IntermediateSensorTransmissionCurve}
# - {CALIB_ID: 'raftName=R22 detectorName=S01 detector=91 calibDate=1970-01-01T00:00:00 ccd=91 ccdnum=91 filter=None'}
# - {DATE: '2025-03-03T21:56:47.886657'}
# - {CALIB_CREATION_DATE: '2025-03-03'}
# - {CALIB_CREATION_TIME: '21:56:47'}
# - __serialized_columns__:
#     efficiency:
#       __class__: astropy.units.quantity.Quantity
#       unit: !astropy.units.Unit {unit: '%'}
#       value: !astropy.table.SerializedColumn {name: efficiency}
#     wavelength:
#       __class__: astropy.units.quantity.Quantity
#       unit: !astropy.units.Unit {unit: nm}
#       value: !astropy.table.SerializedColumn {name: wavelength}
# schema: astropy-2.0
amp_name wavelength efficiency
C00 319.994 43.614972959130384
C00 324.969 49.37299121390234
C00 349.982 76.08526904387138
C00 374.975 81.83111389852753
C00 400.019 86.97069658842463
C00 424.965 86.95118080682167
C00 450.035 87.67002104219492
C00 475.003 89.63678240389545
C00 500.018 91.57036310272919
C00 525.002 93.53256950400844
C00 550.029 95.16150463446398
C00 575.023 96.02697011935796
C00 599.982 97.69609472383358
C00 619.997 98.021229945824
C00 624.979 98.17555415201639
C00 650.012 98.70193580716523
C00 675.004 99.11056330031205
C00 700.03 98.68041093527543
C00 725.012 98.46225593691682
C00 750.022 99.02834396422287
C00 774.987 99.47662415154215
C00 799.976 98.80114039128999
C00 824.988 96.94198805247133
C00 850.022 95.02431137369439
C00 869.967 91.94153103079528
C00 875.002 91.38495167507574
C00 899.999 83.76125153805293
C00 919.999 74.19594967761616
C00 925.012 71.9776302744676
C00 949.965 58.705115908530516
C00 975.002 43.954685588125606
C00 999.976 26.383891255758712
C00 1025.028 11.414333023521365
C00 1050.014 4.103007605414838
C00 1075.002 0.943433969030902
C00 1099.99 0.0936066516922705
C01 319.994 43.81219737757337
C01 324.969 49.595593816712714
C01 349.982 76.39353404207927
C01 374.975 82.09980288539835
C01 400.019 87.18124464951404
C01 424.965 87.132482034499
C01 450.035 87.83752702778828
C01 475.003 89.80405067269916
C01 500.018 91.7370179088499
C01 525.002 93.69890224222057
C01 550.029 95.32241589621509
C01 575.023 96.18361781546221
C01 599.982 97.85427607664533
C01 619.997 98.17667372141287
C01 624.979 98.32911919813857
C01 650.012 98.85063149324108
C01 675.004 99.25918230355252
C01 700.03 98.81953660349647
C01 725.012 98.59853667194544
C01 750.022 99.15803764369277
C01 774.987 99.59933969299293
C01 799.976 98.92017515664276
C01 824.988 97.06566212936428
C01 850.022 95.15340692704837
C01 869.967 92.07208355802138
C01 875.002 91.51456867171026
C01 899.999 83.87526357768863
C01 919.999 74.324201719781
C01 925.012 72.10174911180573
C01 949.965 58.786043138843624
C01 975.002 43.97160565575112
C01 999.976 26.388660928119045
C01 1025.028 11.366401458734718
C01 1050.014 4.073034202137596
C01 1075.002 0.9446696123680529
C01 1099.99 0.09372925108902042
C02 319.994 44.00354405668485
C02 324.969 49.81469584808821
C02 349.982 76.68709894074577
C02 374.975 82.28738443729291
C02 400.019 87.24249889841167
C02 424.965 87.14152294078974
C02 450.035 87.82715950844558
C02 475.003 89.77710432434834
C02 500.018 91.69856913519281
C02 525.002 93.65463324135852
C02 550.029 95.27019488532464
C02 575.023 96.12572227475401
C02 599.982 97.78654979644206
C02 619.997 98.10605649831594
C02 624.979 98.25710634743781
C02 650.012 98.77354223883849
C02 675.004 99.17364260069161
C02 700.03 98.7327393021354
C02 725.012 98.50647892807763
C02 750.022 99.06468395990713
C02 774.987 99.50125467826464
C02 799.976 98.82032643670084
C02 824.988 96.96516927360521
C02 850.022 95.05415633322238
C02 869.967 91.96235042059962
C02 875.002 91.39919167760489
C02 899.999 83.83882389431838
C02 919.999 74.25106929968378
C02 925.012 72.03083282565085
C02 949.965 58.74905900734221
C02 975.002 43.91675058946554
C02 999.976 26.358474729973636
C02 1025.028 11.350692979908128
C02 1050.014 4.059906579989101
C02 1075.002 0.9437802654502703
C02 1099.99 0.09364101090486424
C03 319.994 44.3215094335677
C03 324.969 50.17549242266983
C03 349.982 77.13469665083022
C03 374.975 82.55926343011532
C03 400.019 87.35579778767837
C03 424.965 87.19929578896134
C03 450.035 87.85910557766283
C03 475.003 89.80164283166837
C03 500.018 91.71422010189288
C03 525.002 93.66206380810637
C03 550.029 95.27219630732793
C03 575.023 96.1154161016796
C03 599.982 97.76981760176321
C03 619.997 98.07881875519071
C03 624.979 98.22835795245568
C03 650.012 98.73727125770607
C03 675.004 99.12626794499687
C03 700.03 98.68016555020223
C03 725.012 98.44760951536017
C03 750.022 99.00049275841464
C03 774.987 99.43193339508555
C03 799.976 98.74821389831409
C03 824.988 96.89636943370668
C03 850.022 94.98622300936358
C03 869.967 91.88680249118806
C03 875.002 91.31809957919572
C03 899.999 83.79092012705955
C03 919.999 74.18868781310613
C03 925.012 71.95546126676066
C03 949.965 58.67191224081309
C03 975.002 43.86222525937208
C03 999.976 26.34732696278098
C03 1025.028 11.35419738548477
C03 1050.014 4.057522223076656
C03 1075.002 0.9431687633120214
C03 1099.99 0.09358033822448267
C04 319.994 44.57245784647448
C04 324.969 50.45995890291906
C04 349.982 77.41938167716027
C04 374.975 82.68256942939848
C04 400.019 87.48879649735295
C04 424.965 87.34986253622034
C04 450.035 88.0333979941869
C04 475.003 89.98943142721846
C04 500.018 91.91228419738322
C04 525.002 93.86439146924357
C04 550.029 95.47127261624523
C04 575.023 96.31064293226106
C04 599.982 97.96001403834407
C04 619.997 98.26010464630097
C04 624.979 98.40936011707507
C04 650.012 98.90772953246137
C04 675.004 99.2924166444041
C04 700.03 98.83407566908359
C04 725.012 98.60013167492124
C04 750.022 99.15435686759477
C04 774.987 99.58909486618681
C04 799.976 98.89968550303053
C04 824.988 97.04019575973622
C04 850.022 95.13884485661063
C04 869.967 92.01309145276731
C04 875.002 91.4302482259318
C04 899.999 83.94360332057491
C04 919.999 74.28076089354101
C04 925.012 72.03998108791109
C04 949.965 58.732077593448395
C04 975.002 43.89672103286557
C04 999.976 26.36961674595364
C04 1025.028 11.36649060253084
C04 1050.014 4.070798418218692
C04 1075.002 0.9446345974087931
C04 1099.99 0.09372577693693021
C05 319.994 44.87350315573181
C05 324.969 50.80140839813553
C05 349.982 77.75920166212502
C05 374.975 82.78083848293167
C05 400.019 87.5531410645162
C05 424.965 87.42872316412009
C05 450.035 88.12791725707025
C05 475.003 90.098505092256
C05 500.018 92.02993867169923
C05 525.002 93.98235267490108
C05 550.029 95.5897552651833
C05 575.023 96.41870438387166
C05 599.982 98.05712518106309
C05 619.997 98.35032200211978
C05 624.979 98.49349652404862
C05 650.012 98.98032517271098
C05 675.004 99.35452974105793
C05 700.03 98.88589026094654
C05 725.012 98.6514171552201
C05 750.022 99.21069574674485
C05 774.987 99.64920654083735
C05 799.976 98.95834020380894
C05 824.988 97.10531482353674
C05 850.022 95.19547513053514
C05 869.967 92.0354521675627
C05 875.002 91.44484096950369
C05 899.999 84.07641799144459
C05 919.999 74.31565925192022
C05 925.012 72.02689132791257
C05 949.965 58.686451306400215
C05 975.002 43.888389442802065
C05 999.976 26.42688732155353
C05 1025.028 11.430040543812511
C05 1050.014 4.082262022839547
C05 1075.002 0.9451712988766622
C05 1099.99 0.09377902796351471
C06 319.994 45.15148610225008
C06 324.969 51.116298793319835
C06 349.982 78.01797555838183
C06 374.975 82.78109153628841
C06 400.019 87.47098307469531
C06 424.965 87.34222492581698
C06 450.035 88.05013785714928
C06 475.003 90.02861635609513
C06 500.018 91.96111582695008
C06 525.002 93.90818503652629
C06 550.029 95.50410820635285
C06 575.023 96.321056461305
C06 599.982 97.94529093395205
C06 619.997 98.22495323456504
C06 624.979 98.36791304455483
C06 650.012 98.83889901942868
C06 675.004 99.19778235726768
C06 700.03 98.72513236486618
C06 725.012 98.49223125726493
C06 750.022 99.05940051254979
C06 774.987 99.50442934764916
C06 799.976 98.81679902627359
C06 824.988 96.97601989481079
C06 850.022 95.04751559967889
C06 869.967 91.9143469656548
C06 875.002 91.34591244358627
C06 899.999 84.08239925260384
C06 919.999 74.04141075948472
C06 925.012 71.68927980860661
C06 949.965 58.59016450416147
C06 975.002 43.86900402201924
C06 999.976 26.62835805200541
C06 1025.028 11.546156568743813
C06 1050.014 4.072389587052725
C06 1075.002 0.9437298566976301
C06 1099.99 0.09363600939473686
C07 319.994 45.461058542801126
C07 324.969 51.4679586080665
C07 349.982 78.34539592886642
C07 374.975 82.87277353426288
C07 400.019 87.53065765718421
C07 424.965 87.41133149705702
C07 450.035 88.13822343014466
C07 475.003 90.12552045515865
C07 500.018 92.06632467708471
C07 525.002 94.01604711276491
C07 550.029 95.60572063150839
C07 575.023 96.41494692493828
C07 599.982 98.02861450287062
C07 619.997 98.29814700093057
C07 624.979 98.44049334823735
C07 650.012 98.89947845937502
C07 675.004 99.2462995872095
C07 700.03 98.77040591087165
C07 725.012 98.54024238049328
C07 750.022 99.12622960357918
C07 774.987 99.58585885053398
C07 799.976 98.90789056641566
C07 824.988 97.06165161707416
C07 850.022 95.15732541993604
C07 869.967 92.0690009080393
C07 875.002 91.51479872021639
C07 899.999 84.12891506054237
C07 919.999 74.01625878948168
C07 925.012 71.70672515365445
C07 949.965 58.701891395302994
C07 975.002 44.03044822947621
C07 999.976 26.810775014937466
C07 1025.028 11.660394822743866
C07 1050.014 4.10104644190012
C07 1075.002 0.9443663962244261
C07 1099.99 0.0936991662618087
C10 319.994 42.93326638678752
C10 324.969 48.59580300909217
C10 349.982 74.4038905223028
C10 374.975 79.96413991050062
C10 400.019 86.04512709716364
C10 424.965 86.54184016330585
C10 450.035 87.54939894214989
C10 475.003 89.69644931810082
C10 500.018 91.74071402151496
C10 525.002 93.77212668172025
C10 550.029 95.43201867281671
C10 575.023 96.30736857519055
C10 599.982 97.98259713336203
C10 619.997 98.29544009684182
C10 624.979 98.44643626797892
C10 650.012 98.9579031116473
C10 675.004 99.33565809527211
C10 700.03 98.78729147122124
C10 725.012 98.27479707755884
C10 750.022 98.4782826495102
C10 774.987 98.57183570866783
C10 799.976 97.7574486604172
C10 824.988 95.97904334724852
C10 850.022 94.01235100009983
C10 869.967 90.90510116443251
C10 875.002 90.3914181868218
C10 899.999 83.38128808876931
C10 919.999 73.97323971883625
C10 925.012 71.72457691772978
C10 949.965 57.97925535957867
C10 975.002 43.37043139711919
C10 999.976 26.176004089056818
C10 1025.028 11.471066819273632
C10 1050.014 4.09522621469515
C10 1075.002 0.9381966823127513
C10 1099.99 0.09308701291549203
C11 319.994 43.1756378245576
C11 324.969 48.872881098153016
C11 349.982 74.8100795012847
C11 374.975 80.31824590769574
C11 400.019 86.27447012120349
C11 424.965 86.71012831382004
C11 450.035 87.69048769095653
C11 475.003 89.82237020207027
C11 500.018 91.86077633686176
C11 525.002 93.8823889307061
C11 550.029 95.54210455128121
C11 575.023 96.4138887018101
C11 599.982 98.08385681747485
C11 619.997 98.39202212799675
C11 624.979 98.54490469688409
C11 650.012 99.05244537938125
C11 675.004 99.42444915035294
C11 700.03 98.86484082263608
C11 725.012 98.34697863049743
C11 750.022 98.53094075256229
C11 774.987 98.61368920021556
C11 799.976 97.78920302254603
C11 824.988 96.01740010150314
C11 850.022 94.05000994055253
C11 869.967 90.94098873138806
C11 875.002 90.41541224601067
C11 899.999 83.48691102621497
C11 919.999 74.02499296443091
C11 925.012 71.77160650066533
C11 949.965 58.03108145386693
C11 975.002 43.35333112483055
C11 999.976 26.175172080293
C11 1025.028 11.44704879669871
C11 1050.014 4.069725337791161
C11 1075.002 0.938698471220168
C11 1099.99 0.09313679994990191
C12 319.994 43.28858013863981
C12 324.969 49.002394572959794
C12 349.982 75.0399823100228
C12 374.975 80.48574422500558
C12 400.019 86.26015343583896
C12 424.965 86.60782574314612
C12 450.035 87.54271219890518
C12 475.003 89.64922035979329
C12 500.018 91.6627275779385
C12 525.002 93.67115839238186
C12 550.029 95.31996971376662
C12 575.023 96.18265928002002
C12 599.982 97.84885460018432
C12 619.997 98.1562760872031
C12 624.979 98.30557756767841
C12 650.012 98.81240509980658
C12 675.004 99.18112684542422
C12 700.03 98.62555203484808
C12 725.012 98.10209966401058
C12 750.022 98.27812511261412
C12 774.987 98.35374972486105
C12 799.976 97.53315903522858
C12 824.988 95.76985257234526
C12 850.022 93.8151687572163
C12 869.967 90.71008137750657
C12 875.002 90.18585451003177
C12 899.999 83.29031924116383
C12 919.999 73.90205504275755
C12 925.012 71.63767992868272
C12 949.965 57.848051028251874
C12 975.002 43.25239734276807
C12 999.976 26.1057415240735
C12 1025.028 11.413920853281224
C12 1050.014 4.045237632849565
C12 1075.002 0.9362899790864616
C12 1099.99 0.09289783157303182
C13 319.994 43.70456151569911
C13 324.969 49.474572965923734
C13 349.982 75.69899459723639
C13 374.975 81.02546869350967
C13 400.019 86.64855966529737
C13 424.965 86.92765451292858
C13 450.035 87.8307636017082
C13 475.003 89.92460375819235
C13 500.018 91.93358668905041
C13 525.002 93.9369717729261
C13 550.029 95.58280780029831
C13 575.023 96.44134115687439
C13 599.982 98.10223002483072
C13 619.997 98.40847826446826
C13 624.979 98.55468942667795
C13 650.012 99.0576444756197
C13 675.004 99.42204130932217
C13 700.03 98.85851448871763
C13 725.012 98.32775424366889
C13 750.022 98.50137951952519
C13 774.987 98.57294760978077
C13 799.976 97.7439141399735
C13 824.988 95.97699591554401
C13 850.022 94.01863132431704
C13 869.967 90.90117500326132
C13 875.002 90.39288282897746
C13 899.999 83.49046144149284
C13 919.999 74.06520544330161
C13 925.012 71.74529661984813
C13 949.965 58.01347890900658
C13 975.002 43.30618651764193
C13 999.976 26.176088440175732
C13 1025.028 11.449999168789766
C13 1050.014 4.045299937653308
C13 1075.002 0.9384169500292706
C13 1099.99 0.09310886767596928
C14 319.994 43.952043864446935
C14 324.969 49.75528965552313
C14 349.982 75.98381765267011
C14 374.975 81.14297747043847
C14 400.019 86.68414816919496
C14 424.965 86.94086696546371
C14 450.035 87.837365993834
C14 475.003 89.92476479214663
C14 500.018 91.92745973050394
C14 525.002 93.9258911032144
C14 550.029 95.55995631535653
C14 575.023 96.40947177049249
C14 599.982 98.05822941389249
C14 619.997 98.35735381812367
C14 624.979 98.501034446766
C14 650.012 98.99263276778868
C14 675.004 99.34808838288642
C14 700.03 98.77560500711007
C14 725.012 98.24262095983545
C14 750.022 98.41850837933532
C14 774.987 98.48733122408447
C14 799.976 97.65863515875284
C14 824.988 95.89673966004042
C14 850.022 93.91556192528937
C14 869.967 90.87419031349282
C14 875.002 90.30613920560116
C14 899.999 83.45797859242795
C14 919.999 73.78792031058525
C14 925.012 71.72101116588483
C14 949.965 57.78232617005188
C14 975.002 43.50286648795375
C14 999.976 26.154941231250163
C14 1025.028 11.487270860923832
C14 1050.014 4.043856862545092
C14 1075.002 0.9376274609576453
C14 1099.99 0.0930305352955713
C15 319.994 44.258491479456445
C15 324.969 50.10185006171735
C15 349.982 76.32472653389719
C15 374.975 81.26427437943481
C15 400.019 86.7707537634676
C15 424.965 87.03415163469752
C15 450.035 87.94604857641113
C15 475.003 90.04589299890515
C15 500.018 92.05621021109873
C15 525.002 94.05403578940972
C15 550.029 95.68400613814283
C15 575.023 96.52064654521931
C15 599.982 98.16072369165485
C15 619.997 98.44736413028697
C15 624.979 98.59051564736521
C15 650.012 99.06719148862389
C15 675.004 99.41116001498244
C15 700.03 98.83044857097035
C15 725.012 98.2941288203569
C15 750.022 98.47284583648211
C15 774.987 98.55005011513776
C15 799.976 97.72347816434603
C15 824.988 95.9653017831493
C15 850.022 93.9986707822689
C15 869.967 90.96394757229936
C15 875.002 90.46461195318733
C15 899.999 83.55567252469582
C15 919.999 73.95629281221835
C15 925.012 71.66852176507058
C15 949.965 58.10858479558054
C15 975.002 43.445300683437665
C15 999.976 26.325612300873637
C15 1025.028 11.523311793550128
C15 1050.014 4.038807777103363
C15 1075.002 0.9381450568038177
C15 1099.99 0.093081890679923
C16 319.994 44.67679634642761
C16 324.969 50.571551599098676
C16 349.982 76.83876225255064
C16 374.975 81.56872824072455
C16 400.019 86.99242850396993
C16 424.965 87.24130264617982
C16 450.035 88.16126662217488
C16 475.003 90.26628713605672
C16 500.018 92.28110563068682
C16 525.002 94.27946798884544
C16 550.029 95.90453830439807
C16 575.023 96.7318847518271
C16 599.982 98.36257591921272
C16 619.997 98.63907121872471
C16 624.979 98.77930111977516
C16 650.012 99.2447429256514
C16 675.004 99.57726270468844
C16 700.03 98.99043963869696
C16 725.012 98.45492505785495
C16 750.022 98.65111809216214
C16 774.987 98.73628971741327
C16 799.976 97.92151158670222
C16 824.988 96.1601451995539
C16 850.022 94.21253154184652
C16 869.967 91.1836975736338
C16 875.002 90.6941850257333
C16 899.999 83.71678316181891
C16 919.999 74.1331387671604
C16 925.012 71.8660490807133
C16 949.965 58.19711512902109
C16 975.002 43.67281098771205
C16 999.976 26.443040560825295
C16 1025.028 11.569739416227982
C16 1050.014 4.0727988816865395
C16 1075.002 0.9398433558357525
C16 1099.99 0.09325039434967632
C17 319.994 44.809058900882576
C17 324.969 50.72095276725998
C17 349.982 76.94761353736558
C17 374.975 81.54011020656257
C17 400.019 86.94490048260444
C17 424.965 87.2004536997755
C17 450.035 88.12471191455157
C17 475.003 90.2385816276357
C17 500.018 92.2562833968759
C17 525.002 94.25352618563805
C17 550.029 95.87219348443686
C17 575.023 96.69497730316105
C17 599.982 98.31599876500589
C17 619.997 98.58785475297769
C17 624.979 98.72791595179031
C17 650.012 99.18387209093065
C17 675.004 99.5121436408879
C17 700.03 98.92134840402399
C17 725.012 98.40347087531826
C17 750.022 98.62287580389349
C17 774.987 98.73309204317812
C17 799.976 97.9295019381483
C17 824.988 96.16774446853957
C17 850.022 94.24121859056034
C17 869.967 91.23905491249107
C17 875.002 90.76997834021805
C17 899.999 83.74345345196237
C17 919.999 74.17039128858563
C17 925.012 71.89982786969603
C17 949.965 58.244167716807254
C17 975.002 43.780627054249436
C17 999.976 26.514355597724137
C17 1025.028 11.632339448886444
C17 1050.014 4.106514407330086
C17 1075.002 0.939574058707404
C17 1099.99 0.09322367493599977
