lsstCam/transmission_filter_detector/r21_s00/r_57/19700101T000000.ecsv
# %ECSV 1.0
# ---
# datatype:
# - {name: wavelength, unit: nm, datatype: float32}
# - {name: efficiency, unit: '%', datatype: float64}
# meta: !!omap
# - {MODE: DETECTOR}
# - {TYPE: transmission_filter_detector}
# - {CALIBDATE: '1970-01-01T00:00:00'}
# - {INSTRUME: LSSTCam}
# - {OBSTYPE: transmission_filter_detector}
# - {CALIBCLS: lsst.ip.isr.IntermediateFilterDetectorTransmissionCurve}
# - {SOURCE: Materion (DM-46256)}
# - {DETECTOR: 81}
# - {FILTER: r_57}
# - {CALIB_ID: 'calibDate=1970-01-01T00:00:00 filter=r_57 detector=81'}
# - {DATE: '2025-04-02T15:59:44.557855'}
# - {CALIB_CREATION_DATE: '2025-04-02'}
# - {CALIB_CREATION_TIME: '15:59:44'}
# - __serialized_columns__:
#     efficiency:
#       __class__: astropy.units.quantity.Quantity
#       unit: !astropy.units.Unit {unit: '%'}
#       value: !astropy.table.SerializedColumn {name: efficiency}
#     wavelength:
#       __class__: astropy.units.quantity.Quantity
#       unit: !astropy.units.Unit {unit: nm}
#       value: !astropy.table.SerializedColumn {name: wavelength}
# schema: astropy-2.0
wavelength efficiency
300.0 0.0016841369870235212
301.0 0.004483915472519584
302.0 0.007283694139914587
303.0 0.00983801219263114
304.0 0.012392329517751932
305.0 0.011082627315772697
306.0 0.00977292365860194
307.0 0.009017866250360385
308.0 0.00826280884211883
309.0 0.007710843055974692
310.0 0.007158876542234793
311.0 0.006245358235901222
312.0 0.00533183992956765
313.0 0.005047536251368001
314.0 0.004763233300764114
315.0 0.004332631579018198
316.0 0.003902030221070163
317.0 0.003815976742771454
318.0 0.0037299232644727454
319.0 0.0036320623621577397
320.0 0.0035342021874384955
321.0 0.0033024352887878194
322.0 0.0030706683901371434
323.0 0.002788216261251364
324.0 0.002505764859961346
325.0 0.0021685968022211455
326.0 0.0018314291082788259
327.0 0.0019415427232161164
328.0 0.0020516561562544666
329.0 0.002190845953009557
330.0 0.0023300353859667666
331.0 0.0021265064788167365
332.0 0.0019229777535656467
333.0 0.0016686075468896888
334.0 0.0014142374311632011
335.0 0.0013559626495407429
336.0 0.001297688049817225
337.0 0.0012200163837405853
338.0 0.0011423448086134158
339.0 0.0010568101970420685
340.0 0.0009712755854707211
341.0 0.0009619103366276249
342.0 0.0009525451787339989
343.0 0.0009128759302257095
344.0 0.00087320668171742
345.0 0.0008900086868379731
346.0 0.000906810601009056
347.0 0.0008649481969769113
348.0 0.0008230857019952964
349.0 0.0007984382136783097
350.0 0.00565581394766923
351.0 0.005781835716334172
352.0 0.005907857121201232
353.0 0.0051809467549901456
354.0 0.0044540371163748205
355.0 0.00473842846986372
356.0 0.005022820914746262
357.0 0.006219146598596126
358.0 0.007415471918648109
359.0 0.005867409345228225
360.0 0.00431934604421258
361.0 0.002891879739763681
362.0 0.0014644131624663714
363.0 0.0025482535420451313
364.0 0.0036320936487754807
365.0 0.0037512334529310465
366.0 0.0038703732570866123
367.0 0.002983625017805025
368.0 0.002096876414725557
369.0 0.0016509380657225847
370.0 0.0012050000805174932
371.0 0.0018514225303079002
372.0 0.0024978451619972475
373.0 0.0029396363970590755
374.0 0.0033814274502219632
375.0 0.0029831313440809026
376.0 0.0025848356017377228
377.0 0.0012326648175076116
378.0 1.5973675290478773e-10
379.0 0.000908307538338704
380.0 0.0019361208615009673
381.0 0.002516466884117108
382.0 0.0030968130886321887
383.0 0.0030848321330267936
384.0 0.003072851541219279
385.0 0.004188197999610566
386.0 0.005303544094203971
387.0 0.004712674490292557
388.0 0.004121804886381142
389.0 0.003583704528864473
390.0 0.003045603989448864
391.0 0.0022117301341495477
392.0 0.0013778565516986419
393.0 0.0013899899386160541
394.0 0.0014021227798366453
395.0 0.001032211093843216
396.0 0.0006622994078497868
397.0 0.0006679074431303889
398.0 0.0006735159786330769
399.0 0.0006421099442377454
400.0 0.0006107035460445331
401.0 0.00020449133444344625
402.0 1.5973675290478773e-10
403.0 9.852267339738319e-05
404.0 0.00039876690607343335
405.0 0.0008656859790789895
406.0 0.0013326046428119298
407.0 0.001868492654466536
408.0 0.002404380575171672
409.0 0.0018997554434463382
410.0 0.0013951299479231238
411.0 0.0008854982297634706
412.0 0.00037586655707855243
413.0 0.0004935589004162466
414.0 0.0006112512437539408
415.0 0.0006571878657268826
416.0 0.0007031248514977051
417.0 0.0012376797712931875
418.0 0.001772235191310756
419.0 0.0022118158085504547
420.0 0.0026513964257901534
421.0 0.0039908321923576295
422.0 0.005330267231329344
423.0 0.008186649210983887
424.0 0.011043029371649027
425.0 0.015140185132622719
426.0 0.019237337983213365
427.0 0.019967847038060427
428.0 0.02069835754809901
429.0 0.015793018974363804
430.0 0.010887680400628597
431.0 0.007718458800809458
432.0 0.004549235382000916
433.0 0.003550359542714432
434.0 0.002551483157731127
435.0 0.00202703959075734
436.0 0.001502595841884613
437.0 0.0013106233382131904
438.0 0.0011186511073901784
439.0 0.0009474782018514816
440.0 0.000776305387262255
441.0 0.0010345339433115441
442.0 0.0012927625903103035
443.0 0.0016248981410171837
444.0 0.0019570336007745937
445.0 0.001921082912303973
446.0 0.0018851322238333523
447.0 0.0016693051293259487
448.0 0.001453478034818545
449.0 0.0013781155757897068
450.0 0.0013027525710640475
451.0 0.0014138642654870637
452.0 0.00152497605085955
453.0 0.0015763605915708467
454.0 0.0016277452232316136
455.0 0.001434275236533722
456.0 0.0012408055226842407
457.0 0.0008889111995813437
458.0 0.0005370169219531817
459.0 0.0007462170287908521
460.0 0.0009554170901537873
461.0 0.001592197259014938
462.0 0.002228977064078208
463.0 0.0028734068109770305
464.0 0.0035178367397747934
465.0 0.004469147825147957
466.0 0.00542045891052112
467.0 0.006081704486859962
468.0 0.006742951518390328
469.0 0.005827670247526839
470.0 0.004912390795652755
471.0 0.003766339796129614
472.0 0.0026202886147075333
473.0 0.002159812174795661
474.0 0.001699335189186968
475.0 0.0014105628906690981
476.0 0.0011217908649996389
477.0 0.0008729595720069483
478.0 0.0006241281880647875
479.0 0.0008392564268433489
480.0 0.0010543844837229699
481.0 0.000790102785686031
482.0 0.0005258210876490921
483.0 0.0005936735760769807
484.0 0.0006615258826059289
485.0 0.000581342465011403
486.0 0.0005011589564674068
487.0 0.0005453714493341977
488.0 0.0005895838967262534
489.0 0.0005368767233449034
490.0 0.00048416950448881835
491.0 0.0006308586762315826
492.0 0.000777547847974347
493.0 0.0009246877198165748
494.0 0.0010718275916588027
495.0 0.0009241715815733187
496.0 0.0007765154805383645
497.0 0.0010547122656134889
498.0 0.0013329088687896729
499.0 0.0013472887076204643
500.0 0.0013616685464512557
501.0 0.0015040921425679699
502.0 0.0016465159205836244
503.0 0.0019601602616603486
504.0 0.002273804602737073
505.0 0.0027982223400613293
506.0 0.003322640259284526
507.0 0.003925005876226351
508.0 0.004527370765572414
509.0 0.005043628698331304
510.0 0.005559885539696552
511.0 0.004957206692779437
512.0 0.004354527482064441
513.0 0.003708654912770726
514.0 0.00306278197967913
515.0 0.002879470594052691
516.0 0.0026961593903251924
517.0 0.002513780418667011
518.0 0.002331401265109889
519.0 0.06605965318158269
520.0 0.07475707679986954
521.0 0.11793524026870728
522.0 0.11553835356608033
523.0 0.07779932930134237
524.0 0.15127483056858182
525.0 0.05628204089589417
526.0 0.099209975451231
527.0 0.0936754688154906
528.0 0.12067961506545544
529.0 0.1510946429334581
530.0 0.09523185435682535
531.0 0.12223562225699425
532.0 0.21329359151422977
533.0 0.23054860066622496
534.0 0.31114218290895224
535.0 0.36951086949557066
536.0 0.488513195887208
537.0 0.7608211133629084
538.0 1.1534478515386581
539.0 1.855696365237236
540.0 2.9214998707175255
541.0 4.4784873723983765
542.0 6.570079177618027
543.0 9.460395574569702
544.0 12.794630229473114
545.0 16.627223789691925
546.0 21.180622279644012
547.0 26.976221799850464
548.0 34.23929214477539
549.0 42.35086143016815
550.0 49.23910200595856
551.0 57.191234827041626
552.0 63.020384311676025
553.0 68.46769452095032
554.0 73.06447625160217
555.0 77.43693590164185
556.0 81.15121126174927
557.0 83.98231267929077
558.0 87.33720183372498
559.0 90.45909643173218
560.0 91.72002673149109
561.0 93.35576295852661
562.0 94.66042518615723
563.0 94.68840956687927
564.0 95.29639482498169
565.0 94.91543173789978
566.0 95.64816951751709
567.0 94.65339183807373
568.0 95.29361128807068
569.0 95.99568843841553
570.0 95.42143940925598
571.0 96.17801308631897
572.0 96.18197679519653
573.0 96.29875421524048
574.0 96.71995639801025
575.0 96.52150273323059
576.0 96.89063429832458
577.0 96.61967158317566
578.0 96.66885733604431
579.0 96.27940654754639
580.0 96.33462429046631
581.0 95.80300450325012
582.0 96.30452990531921
583.0 96.16602659225464
584.0 95.59240341186523
585.0 96.13295793533325
586.0 96.09435796737671
587.0 95.64875960350037
588.0 96.18467092514038
589.0 96.78293466567993
590.0 95.99049687385559
591.0 95.30396461486816
592.0 95.85323929786682
593.0 95.21231651306152
594.0 95.5979585647583
595.0 96.25944495201111
596.0 96.75618410110474
597.0 96.5710461139679
598.0 96.73824310302734
599.0 96.48918509483337
600.0 96.67078852653503
601.0 95.59009671211243
602.0 96.1549162864685
603.0 95.9093451499939
604.0 95.82034945487976
605.0 96.51525616645813
606.0 95.79376578330994
607.0 95.91661095619202
608.0 96.07197642326355
609.0 95.28579711914062
610.0 95.7006573677063
611.0 95.38186192512512
612.0 95.49180269241333
613.0 96.29049301147461
614.0 96.27279043197632
615.0 95.59178352355957
616.0 95.97671627998352
617.0 95.85540294647217
618.0 95.9320068359375
619.0 96.46319150924683
620.0 95.3818142414093
621.0 95.13688087463379
622.0 96.121084690094
623.0 95.91531753540039
624.0 96.13399505615234
625.0 96.35656476020813
626.0 95.94287276268005
627.0 94.91211771965027
628.0 96.84728384017944
629.0 95.49262523651123
630.0 95.91076970100403
631.0 95.69978713989258
632.0 96.33423089981079
633.0 96.18833065032959
634.0 95.46305537223816
635.0 95.5512285232544
636.0 95.68333625793457
637.0 95.04311084747314
638.0 95.12495398521423
639.0 95.11266350746155
640.0 95.03809213638306
641.0 95.46399116516113
642.0 95.17070651054382
643.0 95.76857089996338
644.0 95.75265645980835
645.0 95.77645659446716
646.0 95.93707919120789
647.0 96.6062605381012
648.0 96.31645679473877
649.0 95.3750491142273
650.0 95.92702984809875
651.0 96.28316164016724
652.0 96.45379781723022
653.0 95.33060789108276
654.0 96.17143869400024
655.0 96.09850645065308
656.0 95.58331966400146
657.0 95.50319910049438
658.0 95.86325287818909
659.0 96.02461457252502
660.0 95.20922899246216
661.0 94.88856792449951
662.0 95.79868912696838
663.0 95.2725887298584
664.0 95.4206109046936
665.0 95.07107138633728
666.0 95.09133100509644
667.0 95.33137083053589
668.0 94.62000131607056
669.0 95.40404677391052
670.0 94.97232437133789
671.0 95.52714228630066
672.0 95.16956806182861
673.0 95.30425071716309
674.0 94.5991575717926
675.0 95.36111950874329
676.0 94.7214424610138
677.0 93.99503469467163
678.0 93.34056377410889
679.0 92.47709512710571
680.0 91.65505170822144
681.0 90.31473398208618
682.0 88.20717930793762
683.0 85.70613265037537
684.0 82.40419626235962
685.0 79.04402017593384
686.0 75.33796429634094
687.0 70.55113315582275
688.0 66.13215208053589
689.0 61.87015175819397
690.0 56.570351123809814
691.0 52.3781955242157
692.0 47.906848788261414
693.0 43.407270312309265
694.0 38.648560643196106
695.0 33.46676230430603
696.0 28.378677368164062
697.0 23.3563169836998
698.0 17.691807448863983
699.0 12.918566167354584
700.0 9.341853111982346
701.0 5.959149822592735
702.0 3.793681412935257
703.0 2.241266332566738
704.0 1.2540893629193306
705.0 0.7017515134066343
706.0 0.5012499634176493
707.0 0.32817735336720943
708.0 0.22476918529719114
709.0 0.16732054064050317
710.0 0.12962659820914268
711.0 0.07324658217839897
712.0 0.060466089053079486
713.0 0.03864578320644796
714.0 0.033672747667878866
715.0 0.08012410253286362
716.0 0.0867377792019397
717.0 0.07498549530282617
718.0 0.07905501988716424
719.0 0.03831302747130394
720.0 1.5973675290478773e-10
721.0 0.00456830530310981
722.0 0.004301869194023311
723.0 0.004035433448734693
724.0 0.0037495687138289213
725.0 0.00346370434272103
726.0 0.003237356577301398
727.0 0.0030110086299828254
728.0 0.002865595160983503
729.0 0.0027201813281862997
730.0 0.0025024119167937897
731.0 0.00228464268730022
732.0 0.002248482451250311
733.0 0.002212322215200402
734.0 0.0021527699573198333
735.0 0.002093217699439265
736.0 0.001915396387630608
737.0 0.0017375752577208914
738.0 0.0017340193153358996
739.0 0.0017304633729509078
740.0 0.00167868838616414
741.0 0.0016269137631752528
742.0 0.0014776606803934556
743.0 0.001328407415712718
744.0 0.001412839992553927
745.0 0.0014972722055972554
746.0 0.0014213758731784765
747.0 0.0013454795407596976
748.0 0.0012092827091692016
749.0 0.0010730857866292354
750.0 0.0010447392014611978
751.0 0.0010163930710405111
752.0 0.00109810671347077
753.0 0.001179820355901029
754.0 0.001145333590102382
755.0 0.0011108470971521456
756.0 0.0010696089702832978
757.0 0.0010283705705660395
758.0 0.0010604087037791032
759.0 0.0010924467460426968
760.0 0.0011249321687500924
761.0 0.0011574176824069582
762.0 0.0011381828699086327
763.0 0.001118948421208188
764.0 0.0010708651643653866
765.0 0.0010227819075225852
766.0 0.0008247985533671454
767.0 0.0006268151992117055
768.0 0.0006159656550153159
769.0 0.0006051160198694561
770.0 0.0007774121513648424
771.0 0.0009497084647591691
772.0 0.0008711708687769715
773.0 0.0007926331818453036
774.0 0.0008891101060726214
775.0 0.0009855868484009989
776.0 0.0009482719178777188
777.0 0.0009109570783039089
778.0 0.0008680405699124094
779.0 0.0008251243343693204
780.0 0.000749164155422477
781.0 0.000673204112899839
782.0 0.0007329662366828416
783.0 0.0007927283149911091
784.0 0.0008290015102829784
785.0 0.0008652744327264372
786.0 0.0007353766704909503
787.0 0.0006054789082554635
788.0 0.0006382199899235275
789.0 0.0006709612080157967
790.0 0.0007369998456852045
791.0 0.0008030384378798772
792.0 0.0008323576366819907
793.0 0.0008616768354841042
794.0 0.0008825624718156178
795.0 0.0009034477443492506
796.0 0.0007658548383915331
797.0 0.0006282617960096104
798.0 0.0007890796041465364
799.0 0.0009498974577581976
800.0 0.0008556942702853121
801.0 0.0007614909009134863
802.0 0.0006870337529107928
803.0 0.000612576377534424
804.0 0.0007161520898080198
805.0 0.0008197278475563508
806.0 0.0007208697752503213
807.0 0.0006220117484190268
808.0 0.0007628837465745164
809.0 0.0009037556992552709
810.0 0.0008199514013540465
811.0 0.0007361471944022924
812.0 0.0007664250006200746
813.0 0.0007967027158883866
814.0 0.0006541800757986493
815.0 0.0005116574357089121
816.0 0.0006182958713907283
817.0 0.0007249344434967497
818.0 0.0006791366558900336
819.0 0.0006333389137580525
820.0 0.0005173217232368188
821.0 0.00040130457819032017
822.0 0.00041123898881778587
823.0 0.00042117344491998665
824.0 0.00043495888348843437
825.0 0.00044874436753161717
826.0 0.0005427347787190229
827.0 0.0006367251899064286
828.0 0.00047520361476927064
829.0 0.00031368194868264254
830.0 0.0001957665745067061
831.0 7.78512173837953e-05
832.0 7.927052365630516e-05
833.0 8.068984698184067e-05
834.0 5.8217932519255555e-05
835.0 3.574599247713195e-05
836.0 0.0003177552116540028
837.0 0.0005997645985189592
838.0 0.0007792285032337531
839.0 0.0009586924534232821
840.0 0.0012164734471298289
841.0 0.0014742542589374352
842.0 0.0019453957065707073
843.0 0.0024165372451534495
844.0 0.0022048630853532813
845.0 0.0019931891074520536
846.0 0.001761362364050001
847.0 0.0015295354387490079
848.0 0.001487444114900427
849.0 0.0014453524272539653
850.0 0.0013890943591832183
851.0 0.0013328362911124714
852.0 0.0012148321729910094
853.0 0.0010968276001221966
854.0 0.0009788658644538373
855.0 0.0008609036740381271
856.0 0.0006571780431841034
857.0 0.0004534524123300798
858.0 0.0005660467650159262
859.0 0.0006786410722270375
860.0 0.0005404775038186926
861.0 0.0004023137989861425
862.0 0.00035651144116854994
863.0 0.0003107090606135898
864.0 0.0002195324896092643
865.0 0.00012835599818572518
866.0 9.599136774340877e-05
867.0 6.362669182635727e-05
868.0 0.00011033740747734555
869.0 0.00015704807765359874
870.0 4.0944115653474e-05
871.0 1.5973675290478773e-10
872.0 1.5973675290478773e-10
873.0 1.5973675290478773e-10
874.0 1.5973675290478773e-10
875.0 1.5973675290478773e-10
876.0 1.5973675290478773e-10
877.0 1.5973675290478773e-10
878.0 7.399891046588891e-05
879.0 0.0001736427520881989
880.0 0.0001754770778461534
881.0 0.00017731139223542414
882.0 0.00014124261724646203
883.0 0.00010517386499486747
884.0 7.769201459950636e-06
885.0 1.5973675290478773e-10
886.0 5.5336055737598144e-06
887.0 0.00010070265261674649
888.0 0.00016491193264300819
889.0 0.00022912122403795365
890.0 0.00016101977280413848
891.0 9.291831588598143e-05
892.0 1.5973675290478773e-10
893.0 1.5973675290478773e-10
894.0 1.5973675290478773e-10
895.0 1.4674274950721156e-05
896.0 5.293553613228141e-05
897.0 9.11968356831494e-05
898.0 0.0001320288561146299
899.0 0.0001728608708617685
900.0 6.541735615428479e-05
