lsstCam/transmission_filter_detector/r21_s00/r_57/19700101T000000.ecsv
# %ECSV 1.0
# ---
# datatype:
# - {name: wavelength, unit: nm, datatype: float32}
# - {name: efficiency, unit: '%', datatype: float64}
# meta: !!omap
# - {MODE: DETECTOR}
# - {TYPE: transmission_filter_detector}
# - {CALIBDATE: '1970-01-01T00:00:00'}
# - {INSTRUME: LSSTCam}
# - {OBSTYPE: transmission_filter_detector}
# - {CALIBCLS: lsst.ip.isr.IntermediateFilterDetectorTransmissionCurve}
# - {SOURCE: Materion (DM-46256)}
# - {DETECTOR: 81}
# - {FILTER: r_57}
# - {CALIB_ID: 'calibDate=1970-01-01T00:00:00 filter=r_57 detector=81'}
# - {DATE: '2025-04-02T15:59:44.557855'}
# - {CALIB_CREATION_DATE: '2025-04-02'}
# - {CALIB_CREATION_TIME: '15:59:44'}
# - __serialized_columns__:
#     efficiency:
#       __class__: astropy.units.quantity.Quantity
#       unit: !astropy.units.Unit {unit: '%'}
#       value: !astropy.table.SerializedColumn {name: efficiency}
#     wavelength:
#       __class__: astropy.units.quantity.Quantity
#       unit: !astropy.units.Unit {unit: nm}
#       value: !astropy.table.SerializedColumn {name: wavelength}
# schema: astropy-2.0
wavelength efficiency
[from data line 602]
902.0 1.5973675290478773e-10
903.0 1.5973675290478773e-10
904.0 1.5973675290478773e-10
905.0 1.5973675290478773e-10
906.0 1.5973675290478773e-10
907.0 1.5973675290478773e-10
908.0 1.5973675290478773e-10
909.0 1.5973675290478773e-10
910.0 1.5973675290478773e-10
911.0 1.5973675290478773e-10
912.0 1.5973675290478773e-10
913.0 1.5973675290478773e-10
914.0 1.5973675290478773e-10
915.0 5.495539880939759e-05
916.0 4.289857997719082e-05
917.0 3.084178956669348e-05
918.0 9.653027746026055e-05
919.0 0.00016221872556343442
920.0 4.8641351213518647e-05
921.0 1.5973675290478773e-10
922.0 7.640531975994236e-05
923.0 0.00021774669676233316
924.0 0.0002150195541616995
925.0 0.0002122924570358009
926.0 0.00016005420775400125
927.0 0.00010781598120956914
928.0 0.00015086660596352885
929.0 0.00019391723071748856
930.0 0.0002214014102719375
931.0 0.0002488856353011215
932.0 7.137377338040096e-05
933.0 1.5973675290478773e-10
934.0 5.863366823177785e-05
935.0 0.00022340534542308887
936.0 0.0002171717596866074
937.0 0.00021093815121275838
938.0 0.0002547374151617987
939.0 0.00029853667911083903
940.0 0.00026865984636970097
941.0 0.0002387830136285629
942.0 0.0002962290864161332
943.0 0.0003536751592037035
944.0 0.00037549039006989915
945.0 0.00039730566641082987
946.0 0.00037959364362905035
947.0 0.0003618815981099033
948.0 0.0005055421297583962
949.0 0.0006492027750937268
950.0 0.000606087587584625
951.0 0.0005629723546007881
952.0 0.0006844104518677341
953.0 0.0008058485946094152
954.0 0.0011347733561706264
955.0 0.0014636984815297183
956.0 0.001552526191517245
957.0 0.001641353992454242
958.0 0.0017291633412241936
959.0 0.0018169728718930855
960.0 0.0019474466171232052
961.0 0.0020779205442522652
962.0 0.0022628644728683867
963.0 0.0024478085833834484
964.0 0.0024923057935666293
965.0 0.0025368026399519295
966.0 0.002527565993659664
967.0 0.0025183289835695177
968.0 0.0025495039153611287
969.0 0.00258067902905168
970.0 0.002608988870633766
971.0 0.002637298712215852
972.0 0.002677425800357014
973.0 0.002717552342801355
974.0 0.002913329444709234
975.0 0.003109106546617113
976.0 0.003170624404447153
977.0 0.0032321422622771934
978.0 0.003106769872829318
979.0 0.0029813978471793234
980.0 0.002953474540845491
981.0 0.002925551416410599
982.0 0.0029728165827691555
983.0 0.003020081749127712
984.0 0.0029953434932394885
985.0 0.002970605237351265
986.0 0.002859667620214168
987.0 0.002748729821178131
988.0 0.002558397136454005
989.0 0.0023680648155277595
990.0 0.0024159027816494927
991.0 0.0024637409296701662
992.0 0.0025016806830535643
993.0 0.002539620800234843
994.0 0.0026320716642658226
995.0 0.002724521982599981
996.0 0.0028156066036899574
997.0 0.0029066910428809933
998.0 0.0030513487217831425
999.0 0.003196006582584232
1000.0 0.0032957501389319077
1001.0 0.0033954936952795833
1002.0 0.0035808170650852844
1003.0 0.0037661400710931048
1004.0 0.0039030626794556156
1005.0 0.004039984924020246
1006.0 0.004206921948934905
1007.0 0.0043738593376474455
1008.0 0.004284942042431794
1009.0 0.004196024383418262
1010.0 0.00420135838794522
1011.0 0.004206692392472178
1012.0 0.0041684652387630194
1013.0 0.004130238085053861
1014.0 0.0038804868381703272
1015.0 0.0036307352274889126
1016.0 0.00343265819537919
1017.0 0.0032345815270673484
1018.0 0.002870303978852462
1019.0 0.0025060269763343967
1020.0 0.0021498512069229037
1021.0 0.0017936754375114106
1022.0 0.001614498432900291
1023.0 0.0014353208825923502
1024.0 0.0014786656720389146
1025.0 0.0015220106433844194
1026.0 0.001399584289174527
1027.0 0.0012771579349646345
1028.0 0.0011670102139760274
1029.0 0.00105686231108848
1030.0 0.0009464025424676947
1031.0 0.0008359421372006182
1032.0 0.0008112028808682226
1033.0 0.0007864633516874164
1034.0 0.0007519062364735873
1035.0 0.0007173490757850232
1036.0 0.0008063245331868529
1037.0 0.0008952997632150073
1038.0 0.0007913607078080531
1039.0 0.0006874217888253042
1040.0 0.0007666108103876468
1041.0 0.0008457997864752542
1042.0 0.0009050000699062366
1043.0 0.0009642000804888085
1044.0 0.0008946919479058124
1045.0 0.0008251840881712269
1046.0 0.000822016954771243
1047.0 0.0008188500942196697
1048.0 0.0007312671641557245
1049.0 0.0006436842795665143
1050.0 0.0006069286428100895
1051.0 0.0005701729605789296
1052.0 0.0008761383469391149
1053.0 0.0011821032785519492
1054.0 0.0010028911674453411
1055.0 0.0008236788744397927
1056.0 0.0008965957931650337
1057.0 0.0009695129847386852
1058.0 0.0007950923645694274
1059.0 0.000620671880824375
1060.0 0.0010005445801652968
1061.0 0.0013804167792841326
1062.0 0.0013702630894840695
1063.0 0.001360109217785066
1064.0 0.0010212203051196411
1065.0 0.0006823312105552759
1066.0 0.0010765665138023905
1067.0 0.0014708019079989754
1068.0 0.001737914681143593
1069.0 0.00200502709049033
1070.0 0.0015247848750732373
1071.0 0.0010445427506056149
1072.0 0.0012992503798159305
1073.0 0.0015539582818746567
1074.0 0.002146816950698849
1075.0 0.002739675619523041
1076.0 0.0030134286134853028
1077.0 0.0032871819712454453
1078.0 0.00397214935219381
1079.0 0.004657116733142175
1080.0 0.004438497853698209
1081.0 0.004219878610456362
1082.0 0.0039683698560111225
1083.0 0.0037168614653637633
1084.0 0.004465204983716831
1085.0 0.005213548138272017
1086.0 0.005182802487979643
1087.0 0.0051520572014851496
1088.0 0.005035549474996515
1089.0 0.004919042476103641
1090.0 0.004622624328476377
1091.0 0.004326206180849113
1092.0 0.004045460445922799
1093.0 0.0037647143471986055
1094.0 0.0041969218727899715
1095.0 0.0046291293983813375
1096.0 0.0036723475204780698
1097.0 0.0027155654606758617
1098.0 0.0020009068975923583
1099.0 0.001286248425458325
1100.0 0.001511944537924137
1101.0 0.001737640195642598
