lsstCam/transmission_filter_detector/r13_s21/r_57/19700101T000000.ecsv
# %ECSV 1.0
# ---
# datatype:
# - {name: wavelength, unit: nm, datatype: float32}
# - {name: efficiency, unit: '%', datatype: float64}
# meta: !!omap
# - {MODE: DETECTOR}
# - {TYPE: transmission_filter_detector}
# - {CALIBDATE: '1970-01-01T00:00:00'}
# - {INSTRUME: LSSTCam}
# - {OBSTYPE: transmission_filter_detector}
# - {CALIBCLS: lsst.ip.isr.IntermediateFilterDetectorTransmissionCurve}
# - {SOURCE: Materion (DM-46256)}
# - {DETECTOR: 61}
# - {FILTER: r_57}
# - {CALIB_ID: 'calibDate=1970-01-01T00:00:00 filter=r_57 detector=61'}
# - {DATE: '2025-04-02T15:59:44.465980'}
# - {CALIB_CREATION_DATE: '2025-04-02'}
# - {CALIB_CREATION_TIME: '15:59:44'}
# - __serialized_columns__:
#     efficiency:
#       __class__: astropy.units.quantity.Quantity
#       unit: !astropy.units.Unit {unit: '%'}
#       value: !astropy.table.SerializedColumn {name: efficiency}
#     wavelength:
#       __class__: astropy.units.quantity.Quantity
#       unit: !astropy.units.Unit {unit: nm}
#       value: !astropy.table.SerializedColumn {name: wavelength}
# schema: astropy-2.0
wavelength efficiency
[from data line 603]
903.0 1.5833056437111748e-10
904.0 1.5833056437111748e-10
905.0 6.403291763490415e-06
906.0 1.5833056437111748e-10
907.0 1.5833056437111748e-10
908.0 1.5833056437111748e-10
909.0 1.5833056437111748e-10
910.0 1.5833056437111748e-10
911.0 1.5833056437111748e-10
912.0 1.5833056437111748e-10
913.0 1.5833056437111748e-10
914.0 1.3603822424101963e-05
915.0 0.00011718151426975965
916.0 6.515350605695858e-05
917.0 1.3125510633926751e-05
918.0 0.00010587035603748518
919.0 0.000198615157387394
920.0 8.793682013674697e-05
921.0 1.5833056437111748e-10
922.0 0.00011182510206708685
923.0 0.00024639175535412505
924.0 0.00023690063244430348
925.0 0.0002274095095344819
926.0 0.00018169465647588368
927.0 0.00013597980341728544
928.0 0.00016169402670129784
929.0 0.00018740823861662648
930.0 0.00024506464342266554
931.0 0.0003027210595973884
932.0 0.00013987413467475562
933.0 1.5833056437111748e-10
934.0 0.00013907319953432307
935.0 0.0003011190983670531
936.0 0.0002831480287568411
937.0 0.00026517698188399663
938.0 0.0002927239847849705
939.0 0.0003202710331606795
940.0 0.0003252696615163586
941.0 0.00033026831260940526
942.0 0.00038089001463958994
943.0 0.0004315117166697746
944.0 0.00034951688121509505
945.0 0.00026752206849778304
946.0 0.000329849581248709
947.0 0.0003921770712622674
948.0 0.0004700360477727372
949.0 0.0005478951607074123
950.0 0.0005275740932120243
951.0 0.0005072530257166363
952.0 0.0006907338047312805
953.0 0.0008742147656448651
954.0 0.0011489230928418692
955.0 0.001423631783836754
956.0 0.0015067911590449512
957.0 0.0015899504433036782
958.0 0.0017263640984310769
959.0 0.0018627781173563562
960.0 0.0019865252397721633
961.0 0.002110272544086911
962.0 0.0023105980289983563
963.0 0.002510923695808742
964.0 0.002530352139729075
965.0 0.0025497804017504677
966.0 0.002504503572708927
967.0 0.0024592267436673865
968.0 0.002439429590594955
969.0 0.002419632983219344
970.0 0.0025472667402937077
971.0 0.002674900861165952
972.0 0.0026807383619598113
973.0 0.0026865753170568496
974.0 0.0028872149414382875
975.0 0.0030878542020218447
976.0 0.0031871299142949283
977.0 0.0032864052627701312
978.0 0.003156421735184267
979.0 0.0030264383894973435
980.0 0.002943839535873849
981.0 0.0028612403184524737
982.0 0.0029743612685706466
983.0 0.00308748240058776
984.0 0.003001883851538878
985.0 0.0029162851205910556
986.0 0.0028555912649608217
987.0 0.002794897409330588
988.0 0.002628990296216216
989.0 0.0024630835468997248
990.0 0.002481371848261915
991.0 0.0024996601496241055
992.0 0.002517106258892454
993.0 0.0025345527319586836
994.0 0.0026005269319284707
995.0 0.002666500586201437
996.0 0.0027452171707409434
997.0 0.0028239333914825693
998.0 0.002966029387607705
999.0 0.003108125747530721
1000.0 0.0032710435334593058
1001.0 0.0034339613193878904
1002.0 0.0036366232961881906
1003.0 0.0038392852729884908
1004.0 0.0039589529478689656
1005.0 0.004078620986547321
1006.0 0.004216480374452658
1007.0 0.004354340489953756
1008.0 0.004304695903556421
1009.0 0.0042550513171590865
1010.0 0.004221825656713918
1011.0 0.00418860036006663
1012.0 0.004164333586231805
1013.0 0.0041400664485991
1014.0 0.003891707820002921
1015.0 0.003643348827608861
1016.0 0.0035094220947939903
1017.0 0.003375495725777
1018.0 0.0029741328035015613
1019.0 0.0025727704269229434
1020.0 0.002181546005886048
1021.0 0.0017903215848491527
1022.0 0.0015890040231170133
1023.0 0.001387686006637523
1024.0 0.0014745094631507527
1025.0 0.0015613330106134526
1026.0 0.001406731280439999
1027.0 0.0012521292774181347
1028.0 0.0011028904737031553
1029.0 0.0009536514880892355
1030.0 0.0008900995453586802
1031.0 0.0008265469659818336
1032.0 0.0008231946594605688
1033.0 0.0008198421710403636
1034.0 0.0007962898962432519
1035.0 0.0007727374395471998
1036.0 0.0008691280527273193
1037.0 0.0009655183021095581
1038.0 0.0008513890861649998
1039.0 0.0007372599611699115
1040.0 0.0008058508683461696
1041.0 0.0008744417755224276
1042.0 0.001006024467642419
1043.0 0.001137606886914
1044.0 0.0009690787919680588
1045.0 0.0008005509698705282
1046.0 0.0007832581104594283
1047.0 0.0007659654329472687
1048.0 0.0006968642082938459
1049.0 0.0006277630745898932
1050.0 0.0006409193701983895
1051.0 0.0006540755748574156
1052.0 0.0009689398211776279
1053.0 0.0012838036127504893
1054.0 0.001083071492757881
1055.0 0.0008823391908663325
1056.0 0.0009823667824093718
1057.0 0.0010823946468008216
1058.0 0.0008896314284356777
1059.0 0.0006968685283936793
1060.0 0.00103192587630474
1061.0 0.001366982723993715
1062.0 0.0015192201317404397
1063.0 0.0016714575394871645
1064.0 0.001238990171259502
1065.0 0.0008065225301834289
1066.0 0.001144746693171328
1067.0 0.0014829707652097568
1068.0 0.001716654332994949
1069.0 0.0019503375369822606
1070.0 0.0014938316780899186
1071.0 0.0010373259101470467
1072.0 0.0013563222637458239
1073.0 0.0016753187082940713
1074.0 0.002230445716122631
1075.0 0.0027855725420522504
1076.0 0.002989419772347901
1077.0 0.0031932668207446113
1078.0 0.003734749770956114
1079.0 0.0042762327211676165
1080.0 0.00436908048868645
1081.0 0.004461927892407402
1082.0 0.004208139216643758
1083.0 0.0039543509046779945
1084.0 0.004541295857052319
1085.0 0.005128240809426643
1086.0 0.00504373965668492
1087.0 0.004959238503943197
1088.0 0.004984628685633652
1089.0 0.005010019594919868
1090.0 0.004610367977875285
1091.0 0.004210715997032821
1092.0 0.0036137858842266724
1093.0 0.003016855589521583
1094.0 0.0037753605283796787
1095.0 0.004533865285338834
1096.0 0.0033387950679752976
1097.0 0.002143724850611761
1098.0 0.0017352802387904376
1099.0 0.0013268360817164648
1100.0 0.001692172372713685
1101.0 0.002057508027064614
