lsstCam/transmission_filter_detector/r13_s21/r_57/19700101T000000.ecsv
# %ECSV 1.0
# ---
# datatype:
# - {name: wavelength, unit: nm, datatype: float32}
# - {name: efficiency, unit: '%', datatype: float64}
# meta: !!omap
# - {MODE: DETECTOR}
# - {TYPE: transmission_filter_detector}
# - {CALIBDATE: '1970-01-01T00:00:00'}
# - {INSTRUME: LSSTCam}
# - {OBSTYPE: transmission_filter_detector}
# - {CALIBCLS: lsst.ip.isr.IntermediateFilterDetectorTransmissionCurve}
# - {SOURCE: Materion (DM-46256)}
# - {DETECTOR: 61}
# - {FILTER: r_57}
# - {CALIB_ID: 'calibDate=1970-01-01T00:00:00 filter=r_57 detector=61'}
# - {DATE: '2025-04-02T15:59:44.465980'}
# - {CALIB_CREATION_DATE: '2025-04-02'}
# - {CALIB_CREATION_TIME: '15:59:44'}
# - __serialized_columns__:
#     efficiency:
#       __class__: astropy.units.quantity.Quantity
#       unit: !astropy.units.Unit {unit: '%'}
#       value: !astropy.table.SerializedColumn {name: efficiency}
#     wavelength:
#       __class__: astropy.units.quantity.Quantity
#       unit: !astropy.units.Unit {unit: nm}
#       value: !astropy.table.SerializedColumn {name: wavelength}
# schema: astropy-2.0
wavelength efficiency
300.0 0.0017311002011410892
301.0 0.004757861097459681
302.0 0.007784621266182512
303.0 0.01020750860334374
304.0 0.012630397395696491
305.0 0.01109341683331877
306.0 0.009556436270941049
307.0 0.008136108226608485
308.0 0.0067157809098716825
309.0 0.006187249528011307
310.0 0.005658718146150932
311.0 0.005002424950362183
312.0 0.004346132118371315
313.0 0.0036720051866723225
314.0 0.00299787843687227
315.0 0.003045307494176086
316.0 0.0030927367333788425
317.0 0.0030570412491215393
318.0 0.003021346310561057
319.0 0.002868965566449333
320.0 0.0027165851861354895
321.0 0.002471650623192545
322.0 0.00222671587835066
323.0 0.0021274385289871134
324.0 0.0020281611796235666
325.0 0.0020481522369664162
326.0 0.002068143294309266
327.0 0.0021848267351742834
328.0 0.002301510176039301
329.0 0.002267562558699865
330.0 0.0022336147594614886
331.0 0.0021477751943166368
332.0 0.0020619354472728446
333.0 0.0019947006876464
334.0 0.0019274659280199558
335.0 0.0016315332686644979
336.0 0.0013356007002585102
337.0 0.0012197681826364715
338.0 0.0011039356650144327
339.0 0.001035578861774411
340.0 0.0009672220585343894
341.0 0.0008497255294059869
342.0 0.0007322291367017897
343.0 0.0008051158147281967
344.0 0.0008780025382293388
345.0 0.000858978910400765
346.0 0.0008399553735216614
347.0 0.0007707899385422934
348.0 0.0007016244580881903
349.0 0.0007174826805567136
350.0 0.005620718366117217
351.0 0.005420966408564709
352.0 0.005221214087214321
353.0 0.004852090205531567
354.0 0.0044829666876466945
355.0 0.0047172779886750504
356.0 0.004951589653501287
357.0 0.00645990003249608
358.0 0.007968211139086634
359.0 0.006071295865694992
360.0 0.00417438022850547
361.0 0.002783817399176769
362.0 0.0013932542969996575
363.0 0.002577725172159262
364.0 0.003762195774470456
365.0 0.003924444172298536
366.0 0.004086692933924496
367.0 0.003293046393082477
368.0 0.002499399852240458
369.0 0.0019414377675275318
370.0 0.0013834757737640757
371.0 0.001705201248114463
372.0 0.0020269268134143203
373.0 0.0025522158466628753
374.0 0.0030775045161135495
375.0 0.0028434180421754718
376.0 0.0026093317501363344
377.0 0.0009857852091954555
378.0 1.5833056437111748e-10
379.0 0.0004000323770014802
380.0 0.001437826176697854
381.0 0.002269236938445829
382.0 0.003100648245890625
383.0 0.0032465562981087714
384.0 0.0033924647141247988
385.0 0.004207761958241463
386.0 0.005023058474762365
387.0 0.0046685898269061
388.0 0.004314120815251954
389.0 0.0037175792385824025
390.0 0.003121036570519209
391.0 0.0020996985767851584
392.0 0.0010783604011521675
393.0 0.0011668010301946197
394.0 0.001255241204489721
395.0 0.0009679666618467309
396.0 0.0006806919827795355
397.0 0.0007340744105022168
398.0 0.0007874572474975139
399.0 0.0006677852525172057
400.0 0.0005481128482642816
401.0 0.0001039560629578773
402.0 1.5833056437111748e-10
403.0 1.5833056437111748e-10
404.0 0.00015528379435636452
405.0 0.0006092575858929195
406.0 0.001063231047737645
407.0 0.001667970536800567
408.0 0.0022727095711161382
409.0 0.0018011211068369448
410.0 0.0013295322787598707
411.0 0.0009201069588016253
412.0 0.0005106816388433799
413.0 0.0005646442332363222
414.0 0.0006186068731039995
415.0 0.0006274983206822071
416.0 0.0006363901320582954
417.0 0.0012501249329943676
418.0 0.0018638602341525257
419.0 0.0022794918550061993
420.0 0.002695123475859873
421.0 0.003993849168182351
422.0 0.005292574496706948
423.0 0.00818160769995302
424.0 0.011070639448007569
425.0 0.015167254605330527
426.0 0.019263866124674678
427.0 0.01993338082684204
428.0 0.020602898439392447
429.0 0.01573201298015192
430.0 0.01086112970369868
431.0 0.007721698057139292
432.0 0.0045822656829841435
433.0 0.003587014725781046
434.0 0.002591763040982187
435.0 0.0021273830498103052
436.0 0.001663002694840543
437.0 0.0014222223398974165
438.0 0.0011814421668532304
439.0 0.0010091172043757979
440.0 0.0008367923328478355
441.0 0.0011699655260599684
442.0 0.0015031388102215715
443.0 0.0017923897758009844
444.0 0.0020816409232793376
445.0 0.00201480979740154
446.0 0.0019479786715237424
447.0 0.001681216963334009
448.0 0.001414455437043216
449.0 0.001327763675362803
450.0 0.0012410714589350391
451.0 0.0013576873243437149
452.0 0.0014743032807018608
453.0 0.0014831086446065456
454.0 0.0014919140085112303
455.0 0.001369326582789654
456.0 0.0012467393389670178
457.0 0.0009171693818643689
458.0 0.0005875994702364551
459.0 0.0007809321687091142
460.0 0.0009742649126565084
461.0 0.0016120975487865508
462.0 0.0022499298211187124
463.0 0.002826551462931093
464.0 0.0034031731047434732
465.0 0.004435848313733004
466.0 0.005468523522722535
467.0 0.006120299076428637
468.0 0.006772075721528381
469.0 0.005830922600580379
470.0 0.00488977057102602
471.0 0.0037351634091464803
472.0 0.00258055588346906
473.0 0.00213542407436762
474.0 0.0016902919014682993
475.0 0.0013865490473108366
476.0 0.0010828064660017844
477.0 0.0009108445738092996
478.0 0.0007388824997178745
479.0 0.0009400141607329715
480.0 0.001141145548899658
481.0 0.0008630791853647679
482.0 0.0005850130492035532
483.0 0.0006179038336995291
484.0 0.0006507944817712996
485.0 0.0005934392447670689
486.0 0.0005360838713386329
487.0 0.000544428212378989
488.0 0.0005527724624698749
489.0 0.0005769494691776345
490.0 0.000601126475885394
491.0 0.000737654681870481
492.0 0.0008741827514313627
493.0 0.000986985833151266
494.0 0.0010997890058206394
495.0 0.0009542864972900134
496.0 0.0008087839887593873
497.0 0.0010587140423012897
498.0 0.0013086439139442518
499.0 0.0013113581189827528
500.0 0.001314072505920194
501.0 0.0014482368897006381
502.0 0.0015824014553800225
503.0 0.001937980778166093
504.0 0.0022935601009521633
505.0 0.002768717058643233
506.0 0.0032438740163343027
507.0 0.003884535180986859
508.0 0.004525195981841534
509.0 0.005046972000855021
510.0 0.005568746564676985
511.0 0.004931382864015177
512.0 0.004294018799555488
513.0 0.003690570520120673
514.0 0.0030871215130900964
515.0 0.0029052142053842545
516.0 0.002723307079577353
517.0 0.0024923896489781328
518.0 0.0022614722183789127
519.0 0.07788751390762627
520.0 0.10015794541686773
521.0 0.13626959407702088
522.0 0.08829835569486022
523.0 0.11283063795417547
524.0 0.10220062686130404
525.0 0.08350923890247941
526.0 0.1171182724647224
527.0 0.14897214714437723
528.0 0.10964940302073956
529.0 0.15562847256660461
530.0 0.14964168658480048
531.0 0.13936730101704597
532.0 0.1691654440946877
533.0 0.2307165414094925
534.0 0.2806185046210885
535.0 0.3932140301913023
536.0 0.5605652462691069
537.0 0.7393294014036655
538.0 1.119527406990528
539.0 1.6894280910491943
540.0 2.852777950465679
541.0 4.3942641466856
542.0 6.444587558507919
543.0 9.25120934844017
544.0 12.669031322002411
545.0 16.372425854206085
546.0 20.97467929124832
547.0 26.806065440177917
548.0 34.15783941745758
549.0 42.09486544132233
550.0 49.13973808288574
551.0 57.033079862594604
552.0 63.01964521408081
553.0 68.36670637130737
554.0 72.76012301445007
555.0 77.01767086982727
556.0 80.95033764839172
557.0 84.0644359588623
558.0 87.6150369644165
559.0 90.740305185318
560.0 91.76292419433594
561.0 93.76366138458252
562.0 94.49068903923035
563.0 94.63176131248474
564.0 95.0404942035675
565.0 94.90538239479065
566.0 95.4175591468811
567.0 94.9394941329956
568.0 95.17269134521484
569.0 95.99030613899231
570.0 95.30210494995117
571.0 96.44818305969238
572.0 96.42689824104309
573.0 96.23080492019653
574.0 96.56794667243958
575.0 96.50489687919617
576.0 96.6664969921112
577.0 96.80103659629822
578.0 96.81682586669922
579.0 96.46649956703186
580.0 96.02035284042358
581.0 96.04150652885437
582.0 96.31606340408325
583.0 96.34096622467041
584.0 95.66940665245056
585.0 96.20047807693481
586.0 96.05887532234192
587.0 95.89692950248718
588.0 95.99604606628418
589.0 96.8629777431488
590.0 95.78332901000977
591.0 95.71572542190552
592.0 95.39333581924438
593.0 95.31818628311157
594.0 95.62380909919739
595.0 96.04439735412598
596.0 96.33852243423462
597.0 96.86270952224731
598.0 96.42631411552429
599.0 96.40631675720215
600.0 96.40629887580872
601.0 95.62727808952332
602.0 96.32901549339294
603.0 96.00597023963928
604.0 95.84524035453796
605.0 96.37881517410278
606.0 95.86718082427979
607.0 95.5869972705841
608.0 95.97572684288025
609.0 95.16297578811646
610.0 95.52453756332397
611.0 95.42046189308167
612.0 95.47123908996582
613.0 96.42707109451294
614.0 96.17178440093994
615.0 96.00021839141846
616.0 95.78994512557983
617.0 95.84747552871704
618.0 95.86701989173889
619.0 96.70518040657043
620.0 95.65311670303345
621.0 95.11169195175171
622.0 96.27416729927063
623.0 96.20267152786255
624.0 96.1405336856842
625.0 96.49120569229126
626.0 95.86869478225708
627.0 94.55998539924622
628.0 96.7343807220459
629.0 94.92568969726562
630.0 95.99467515945435
631.0 95.79795598983765
632.0 96.52082324028015
633.0 96.22288346290588
634.0 95.27416229248047
635.0 95.92271447181702
636.0 95.7765281200409
637.0 95.12043595314026
638.0 95.23254036903381
639.0 95.10387778282166
640.0 95.38787007331848
641.0 95.04342675209045
642.0 95.55526971817017
643.0 95.48089504241943
644.0 95.47542333602905
645.0 95.79269289970398
646.0 95.53642272949219
647.0 96.97185158729553
648.0 96.16572260856628
649.0 95.4996407032013
650.0 96.21533751487732
651.0 96.50896787643433
652.0 96.56457304954529
653.0 95.52476406097412
654.0 96.0358202457428
655.0 96.25725746154785
656.0 95.40606737136841
657.0 95.70844769477844
658.0 95.90661525726318
659.0 96.10986709594727
660.0 95.21121382713318
661.0 95.50421833992004
662.0 95.48746347427368
663.0 95.43142914772034
664.0 95.3175961971283
665.0 95.01394033432007
666.0 95.07763981819153
667.0 95.31827569007874
668.0 94.72051858901978
669.0 95.1448380947113
670.0 95.44686675071716
671.0 95.30172944068909
672.0 95.30707597732544
673.0 95.05771398544312
674.0 94.52354311943054
675.0 95.20428776741028
676.0 94.86222267150879
677.0 93.66971850395203
678.0 92.99960732460022
679.0 92.07078814506531
680.0 91.40453934669495
681.0 89.89096879959106
682.0 87.84469962120056
683.0 85.15182137489319
684.0 81.7534863948822
685.0 78.15412878990173
686.0 74.64800477027893
687.0 70.0158178806305
688.0 65.34892320632935
689.0 60.674262046813965
690.0 55.355387926101685
691.0 51.261550188064575
692.0 46.52990400791168
693.0 42.31097102165222
694.0 37.48696744441986
695.0 32.44367241859436
696.0 27.19915509223938
697.0 22.276592254638672
698.0 16.633345186710358
699.0 12.22003549337387
700.0 8.644125610589981
701.0 5.521738529205322
702.0 3.4867286682128906
703.0 2.021224796772003
704.0 1.196918822824955
705.0 0.6967808585613966
706.0 0.4186880774796009
707.0 0.30734415631741285
708.0 0.15848446637392044
709.0 0.16511314315721393
710.0 0.08206848870031536
711.0 0.09946037316694856
712.0 0.057019194355234504
713.0 0.06602883222512901
714.0 0.056838704040274024
715.0 0.05006399005651474
716.0 0.04333170654717833
717.0 0.03442562301643193
718.0 0.049509789096191525
719.0 0.04463726654648781
720.0 1.5833056437111748e-10
721.0 0.004543483373709023
722.0 0.004260786226950586
723.0 0.003978089443990029
724.0 0.003693702456075698
725.0 0.0034093158319592476
726.0 0.0031326439057011157
727.0 0.0028559721613419242
728.0 0.002735829730227124
729.0 0.0026156871172133833
730.0 0.0024437746105832048
731.0 0.0022718622858519666
732.0 0.002265051080030389
733.0 0.002258240056107752
734.0 0.0021561449102591723
735.0 0.0020540495825116523
736.0 0.0018507493223296478
737.0 0.0016474492440465838
738.0 0.0016273159417323768
739.0 0.0016071828213171102
740.0 0.0016310386854456738
741.0 0.0016548950952710584
742.0 0.0014807017578277737
743.0 0.0013065085113339592
744.0 0.0013866920198779553
745.0 0.001466875346523011
746.0 0.0014167068002279848
747.0 0.0013665382539329585
748.0 0.00120372114906786
749.0 0.0010409039532532915
750.0 0.001046378838509554
751.0 0.0010518540875636972
752.0 0.0011131810424558353
753.0 0.001174507815449033
754.0 0.001136641458288068
755.0 0.0010987752830260433
756.0 0.0010780163393064868
757.0 0.0010572571227385197
758.0 0.0010836422916327138
759.0 0.0011100273695774376
760.0 0.001076097305485746
761.0 0.001042167696141405
762.0 0.0010431686860101763
763.0 0.0010441700396768283
764.0 0.0010114501492353156
765.0 0.0009787304406927433
766.0 0.0008082412932708394
767.0 0.0006377523732226109
768.0 0.0006293738351814682
769.0 0.0006209951607161202
770.0 0.0007571102742076619
771.0 0.0008932256605476141
772.0 0.0007997326974873431
773.0 0.0007062396434776019
774.0 0.0008119188350974582
775.0 0.0009175979357678443
776.0 0.000869861469254829
777.0 0.0008221250936912838
778.0 0.0008422307473665569
779.0 0.0008623364919913001
780.0 0.0007713903869444039
781.0 0.0006804443273722427
782.0 0.0007620780706929509
783.0 0.0008437117685389239
784.0 0.000866715799929807
785.0 0.0008897196494217496
786.0 0.0007854498107917607
787.0 0.000681180108585977
788.0 0.0006980570105952211
789.0 0.0007149340945034055
790.0 0.000776139222580241
791.0 0.0008373443051823415
792.0 0.0007907314284238964
793.0 0.0007441185061907163
794.0 0.0008101563253148925
795.0 0.000876193826115923
796.0 0.00073637684181449
797.0 0.000596559812038322
798.0 0.0007468520379916299
799.0 0.0008971442184702028
800.0 0.0008248774975072592
801.0 0.0007526104582211701
802.0 0.0006797129117330769
803.0 0.0006068150923965732
804.0 0.0007046629434626084
805.0 0.0008025108400033787
806.0 0.0007124892363208346
807.0 0.0006224677235877607
808.0 0.0007339801868511131
809.0 0.0008454927410639357
810.0 0.000761416913519497
811.0 0.0006773413588234689
812.0 0.0006979352292546537
813.0 0.0007185290542111034
814.0 0.0006006048806739273
815.0 0.00048268075261148624
816.0 0.0006329289590212284
817.0 0.0007831772563804407
818.0 0.0006907921488163993
819.0 0.0005984069957776228
820.0 0.0004565546987578273
821.0 0.0003147023562632967
822.0 0.00040620243453304283
823.0 0.0004977026037522592
824.0 0.0004916175839753123
825.0 0.00048553256419836544
826.0 0.000555142014491139
827.0 0.0006247515102586476
828.0 0.00048275319386448245
829.0 0.0003407548774703173
830.0 0.00017382928945153253
831.0 6.903717775230689e-06
832.0 3.3518065833959554e-05
833.0 6.01324074978038e-05
834.0 1.5833056437111748e-10
835.0 1.5833056437111748e-10
836.0 0.0002508437546566711
837.0 0.0005709580818802351
838.0 0.0007235359134938335
839.0 0.000876113790582167
840.0 0.0012204129234305583
841.0 0.0015647119653294794
842.0 0.0020107236196054146
843.0 0.0024567352738813497
844.0 0.0022516323952004313
845.0 0.002046529516519513
846.0 0.001855304253695067
847.0 0.0016640786270727403
848.0 0.0016303749362123199
849.0 0.0015966706996550784
850.0 0.0014594423191738315
851.0 0.0013222139386925846
852.0 0.0012494659131334629
853.0 0.0011767177056754008
854.0 0.0010232103704765905
855.0 0.0008697027624293696
856.0 0.0006713926723023178
857.0 0.00047308271859947126
858.0 0.0005907767899770988
859.0 0.0007084707249305211
860.0 0.0005489536306413356
861.0 0.00038943649087741505
862.0 0.00039945221033121925
863.0 0.00040946788431028835
864.0 0.00026814484499482205
865.0 0.00012682183978540706
866.0 9.763375601323787e-05
867.0 6.844564950370113e-05
868.0 0.00015899167919997126
869.0 0.0002495376975275576
870.0 0.00012001678442175034
871.0 1.5833056437111748e-10
872.0 1.5833056437111748e-10
873.0 1.5833056437111748e-10
874.0 1.5833056437111748e-10
875.0 1.5833056437111748e-10
876.0 1.5833056437111748e-10
877.0 1.821056305750801e-07
878.0 0.00014998159940660116
879.0 0.0002997810724991723
880.0 0.00021607377220789203
881.0 0.00013236642644187668
882.0 0.00011459011375336559
883.0 9.681382380222203e-05
884.0 1.5833056437111748e-10
885.0 1.5833056437111748e-10
886.0 1.5833056437111748e-10
887.0 9.628390671423404e-05
888.0 0.00018160159243052476
889.0 0.0002669192781468155
890.0 0.00019797014374489663
891.0 0.000129020997974294
892.0 1.5833056437111748e-10
893.0 1.5833056437111748e-10
894.0 1.5833056437111748e-10
895.0 9.07350397483242e-05
896.0 7.040181344564189e-05
897.0 5.006863830203656e-05
898.0 6.275955684031942e-05
899.0 7.545047537860228e-05
900.0 2.656547621882055e-05
901.0 1.5833056437111748e-10
