lsstCam/transmission_filter_detector/r30_s10/z_20/19700101T000000.ecsv
# %ECSV 1.0
# ---
# datatype:
# - {name: wavelength, unit: nm, datatype: float32}
# - {name: efficiency, unit: '%', datatype: float64}
# meta: !!omap
# - {MODE: DETECTOR}
# - {TYPE: transmission_filter_detector}
# - {CALIBDATE: '1970-01-01T00:00:00'}
# - {INSTRUME: LSSTCam}
# - {OBSTYPE: transmission_filter_detector}
# - {CALIBCLS: lsst.ip.isr.IntermediateFilterDetectorTransmissionCurve}
# - {SOURCE: Materion (DM-46256)}
# - {DETECTOR: 120}
# - {FILTER: z_20}
# - {CALIB_ID: 'calibDate=1970-01-01T00:00:00 filter=z_20 detector=120'}
# - {DATE: '2025-04-02T15:59:49.195621'}
# - {CALIB_CREATION_DATE: '2025-04-02'}
# - {CALIB_CREATION_TIME: '15:59:49'}
# - __serialized_columns__:
#     efficiency:
#       __class__: astropy.units.quantity.Quantity
#       unit: !astropy.units.Unit {unit: '%'}
#       value: !astropy.table.SerializedColumn {name: efficiency}
#     wavelength:
#       __class__: astropy.units.quantity.Quantity
#       unit: !astropy.units.Unit {unit: nm}
#       value: !astropy.table.SerializedColumn {name: wavelength}
# schema: astropy-2.0
wavelength efficiency
[from data line 597]
897.0 98.88721704483032
898.0 98.37009310722351
899.0 98.30769896507263
900.0 98.70280027389526
901.0 98.77480268478394
902.0 98.93584251403809
903.0 98.77151846885681
904.0 97.89833426475525
905.0 98.00643920898438
906.0 97.81591296195984
907.0 98.50835800170898
908.0 97.80164957046509
909.0 97.73046374320984
910.0 97.82795310020447
911.0 96.48934006690979
912.0 95.39216756820679
913.0 94.49275732040405
914.0 91.86359643936157
915.0 89.94805812835693
916.0 87.62046694755554
917.0 86.52626276016235
918.0 82.4830949306488
919.0 81.42641186714172
920.0 78.2178521156311
921.0 74.0781843662262
922.0 69.36984658241272
923.0 63.68795037269592
924.0 58.28113555908203
925.0 52.70893573760986
926.0 46.05712592601776
927.0 38.455820083618164
928.0 32.11795091629028
929.0 25.837650895118713
930.0 20.161813497543335
931.0 14.695402979850769
932.0 9.706488996744156
933.0 6.03041909635067
934.0 3.6329299211502075
935.0 2.2087180987000465
936.0 1.1986756697297096
937.0 0.8425850421190262
938.0 0.3970855847001076
939.0 0.1562311197631061
940.0 0.11032465845346451
941.0 0.10153407929465175
942.0 0.08990686619654298
943.0 0.14137424295768142
944.0 1.9704045253060576e-10
945.0 0.13416203437373042
946.0 1.9704045253060576e-10
947.0 0.03491829556878656
948.0 1.9704045253060576e-10
949.0 0.04879550251644105
950.0 0.011838580394396558
951.0 0.009579709148965776
952.0 1.9704045253060576e-10
953.0 0.00906290952116251
954.0 1.9704045253060576e-10
955.0 0.021375723008532077
956.0 0.02407720749033615
957.0 1.9704045253060576e-10
958.0 1.9704045253060576e-10
959.0 0.09968267986550927
960.0 0.17389714485034347
961.0 1.9704045253060576e-10
962.0 0.0089109773398377
963.0 1.9704045253060576e-10
964.0 1.9704045253060576e-10
965.0 1.9704045253060576e-10
966.0 0.05007264553569257
967.0 1.9704045253060576e-10
968.0 0.03610727144405246
969.0 0.03277805226389319
970.0 1.9704045253060576e-10
971.0 1.9704045253060576e-10
972.0 1.9704045253060576e-10
973.0 0.06301976973190904
974.0 1.9704045253060576e-10
975.0 0.05506721790879965
976.0 0.006326998118311167
977.0 0.006215348548721522
978.0 0.006103698979131877
979.0 0.005901668555452488
980.0 0.005699637404177338
981.0 0.005658857844537124
982.0 0.005618077557301149
983.0 0.00541655499546323
984.0 0.00521503206982743
985.0 0.005173104364075698
986.0 0.005131176658323966
987.0 0.005086434612167068
988.0 0.00504169292980805
989.0 0.004926439578412101
990.0 0.00481118586321827
991.0 0.004570485180011019
992.0 0.004329784860601649
993.0 0.0044299747969489545
994.0 0.00453016473329626
995.0 0.004420408731675707
996.0 0.004310653093853034
997.0 0.004305918992031366
998.0 0.004301184890209697
999.0 0.0044105720007792115
1000.0 0.004519959111348726
1001.0 0.004354567499831319
1002.0 0.0041891762521117926
1003.0 0.00423642122768797
1004.0 0.004283666567062028
1005.0 0.004175921640126035
1006.0 0.0040681767131900415
1007.0 0.004135303242946975
1008.0 0.004202429408906028
1009.0 0.0041058588976738974
1010.0 0.004009288386441767
1011.0 0.004075263495906256
1012.0 0.004141238605370745
1013.0 0.004223396172164939
1014.0 0.004305554102757014
1015.0 0.004285841350792907
1016.0 0.004266128235030919
1017.0 0.004389301830087788
1018.0 0.004512475061346777
1019.0 0.004297843770473264
1020.0 0.004083212843397632
1021.0 0.004074368553119712
1022.0 0.004065524626639672
1023.0 0.004280949724488892
1024.0 0.004496375186135992
1025.0 0.004449839616427198
1026.0 0.004403303682920523
1027.0 0.004399791214382276
1028.0 0.004396278382046148
1029.0 0.004492799416766502
1030.0 0.004589320087688975
1031.0 0.004529818761511706
1032.0 0.004470317435334437
1033.0 0.004641617852030322
1034.0 0.004812918632524088
1035.0 0.004962074672221206
1036.0 0.0051112303481204435
1037.0 0.0050915503379656
1038.0 0.005071869964012876
1039.0 0.005255157157080248
1040.0 0.00543844435014762
1041.0 0.00520168396178633
1042.0 0.004964923209627159
1043.0 0.005202989996178076
1044.0 0.005441056782728992
1045.0 0.0056956374464789405
1046.0 0.005950218110228889
1047.0 0.006075912097003311
1048.0 0.006201606447575614
1049.0 0.006252408638829365
1050.0 0.006303209374891594
1051.0 0.006791239866288379
1052.0 0.007279268902493641
1053.0 0.007485056994482875
1054.0 0.0076908443588763475
1055.0 0.007373095286311582
1056.0 0.007055346213746816
1057.0 0.007555233605671674
1058.0 0.008055123907979578
1059.0 0.00788988036219962
1060.0 0.007724635361228138
1061.0 0.00834059392218478
1062.0 0.008956553210737184
1063.0 0.008897751831682399
1064.0 0.008838952635414898
1065.0 0.008873033220879734
1066.0 0.008907112351153046
1067.0 0.009133653657045215
1068.0 0.009360194235341623
1069.0 0.009864581079455093
1070.0 0.0103689671959728
1071.0 0.010351256059948355
1072.0 0.010333542741136625
1073.0 0.010625457798596472
1074.0 0.010917372128460556
1075.0 0.010789689986268058
1076.0 0.010662004206096753
1077.0 0.012122251791879535
1078.0 0.013582500105258077
1079.0 0.01287315390072763
1080.0 0.012163807696197182
1081.0 0.012975031859241426
1082.0 0.013786258932668716
1083.0 0.01450585259590298
1084.0 0.01522544480394572
1085.0 0.014944063150323927
1086.0 0.01466268440708518
1087.0 0.015224899107124656
1088.0 0.01578711671754718
1089.0 0.015119084855541587
1090.0 0.014451057359110564
1091.0 0.015454234380740672
1092.0 0.01645741140237078
1093.0 0.016916838649194688
1094.0 0.017376265896018595
1095.0 0.01856082380982116
1096.0 0.019745381723623723
1097.0 0.01960016379598528
1098.0 0.019454944413155317
1099.0 0.020522648992482573
1100.0 0.02159034920623526
1101.0 0.02252955746371299
1102.0 0.023468761355616152
1103.0 0.023916638747323304
1104.0 0.024364516139030457
1105.0 0.024245840904768556
1106.0 0.02412716276012361
1107.0 0.02581027802079916
1108.0 0.0274933991022408
1109.0 0.028317028773017228
1110.0 0.029140658443793654
1111.0 0.029614230152219534
1112.0 0.030087798950262368
1113.0 0.030204214272089303
1114.0 0.030320629593916237
1115.0 0.03127057570964098
1116.0 0.03222051600459963
1117.0 0.032140311668626964
1118.0 0.0320601073326543
1119.0 0.033831706969067454
1120.0 0.035603303695097566
1121.0 0.037192716263234615
1122.0 0.038782128831371665
1123.0 0.04088588466402143
1124.0 0.042989643407054245
1125.0 0.04359321319498122
1126.0 0.04419678298290819
1127.0 0.04571661993395537
1128.0 0.04723645688500255
1129.0 0.050409045070409775
1130.0 0.05358163616620004
1131.0 0.05808204296045005
1132.0 0.06258245557546616
1133.0 0.059663376305252314
1134.0 0.05674429703503847
1135.0 0.061641569482162595
1136.0 0.06653884192928672
1137.0 0.07327122148126364
1138.0 0.08000361849553883
1139.0 0.08483240962959826
1140.0 0.08966121240518987
1141.0 0.09837917750701308
1142.0 0.10709711350500584
1143.0 0.14634784311056137
1144.0 0.1855985727161169
1145.0 0.3926516976207495
1146.0 0.599704822525382
1147.0 1.0382644832134247
1148.0 1.4768242835998535
1149.0 1.5011261217296124
1150.0 1.5254280529916286
