lsstCam/transmission_filter_detector/r30_s10/z_20/19700101T000000.ecsv
# %ECSV 1.0
# ---
# datatype:
# - {name: wavelength, unit: nm, datatype: float32}
# - {name: efficiency, unit: '%', datatype: float64}
# meta: !!omap
# - {MODE: DETECTOR}
# - {TYPE: transmission_filter_detector}
# - {CALIBDATE: '1970-01-01T00:00:00'}
# - {INSTRUME: LSSTCam}
# - {OBSTYPE: transmission_filter_detector}
# - {CALIBCLS: lsst.ip.isr.IntermediateFilterDetectorTransmissionCurve}
# - {SOURCE: Materion (DM-46256)}
# - {DETECTOR: 120}
# - {FILTER: z_20}
# - {CALIB_ID: 'calibDate=1970-01-01T00:00:00 filter=z_20 detector=120'}
# - {DATE: '2025-04-02T15:59:49.195621'}
# - {CALIB_CREATION_DATE: '2025-04-02'}
# - {CALIB_CREATION_TIME: '15:59:49'}
# - __serialized_columns__:
#     efficiency:
#       __class__: astropy.units.quantity.Quantity
#       unit: !astropy.units.Unit {unit: '%'}
#       value: !astropy.table.SerializedColumn {name: efficiency}
#     wavelength:
#       __class__: astropy.units.quantity.Quantity
#       unit: !astropy.units.Unit {unit: nm}
#       value: !astropy.table.SerializedColumn {name: wavelength}
# schema: astropy-2.0
wavelength efficiency
300.0 0.39107855409383774
301.0 0.31553765293210745
302.0 0.2399967983365059
303.0 0.23556114174425602
304.0 0.23112548515200615
305.0 0.1895732944831252
306.0 0.14802105724811554
307.0 0.15329235466197133
308.0 0.15856361715123057
309.0 0.14089146861806512
310.0 0.12321932008489966
311.0 0.1224278355948627
312.0 0.12163631618022919
313.0 0.11550900526344776
314.0 0.10938168270513415
315.0 0.09401816059835255
316.0 0.07865464431233704
317.0 0.07297361153177917
318.0 0.06729258457198739
319.0 0.06674291216768324
320.0 0.0661932397633791
321.0 0.06351055926643312
322.0 0.06082787294872105
323.0 0.057810271391645074
324.0 0.054792664013803005
325.0 0.050698837731033564
326.0 0.04660501726903021
327.0 0.0413027562899515
328.0 0.03600049240048975
329.0 0.03150067932438105
330.0 0.027000863337889314
331.0 0.02972051443066448
332.0 0.0324401626130566
333.0 0.02966921019833535
334.0 0.026898254873231053
335.0 0.027293828316032887
336.0 0.027689404669217765
337.0 0.023201458679977804
338.0 0.018713517056312412
339.0 0.017858650244306773
340.0 0.017003789253067225
341.0 0.016023209900595248
342.0 0.01504263054812327
343.0 0.014948280295357108
344.0 0.014853931497782469
345.0 0.01258399715879932
346.0 0.010314059909433126
347.0 0.012812388013117015
348.0 0.015310714661609381
349.0 0.013440581096801907
350.0 0.011570443894015625
351.0 0.01175350698758848
352.0 0.011936571536352858
353.0 0.012452057853806764
354.0 0.012967546354047954
355.0 0.011895650095539168
356.0 0.010823754564626142
357.0 0.010909832053584978
358.0 0.010995910270139575
359.0 0.010372247925261036
360.0 0.009748586307978258
361.0 0.009218179184244946
362.0 0.008687772060511634
363.0 0.00865259426063858
364.0 0.00861741355038248
365.0 0.00879540530149825
366.0 0.008973396325018257
367.0 0.008397675992455333
368.0 0.007821954932296649
369.0 0.008363784581888467
370.0 0.008905617141863331
371.0 0.007976178312674165
372.0 0.007046739483484998
373.0 0.007042096694931388
374.0 0.0070374539063777775
375.0 0.006098905578255653
376.0 0.005160356886335649
377.0 0.005400395093602128
378.0 0.005640433300868608
379.0 0.005857648648088798
380.0 0.0060748643591068685
381.0 0.005741083805332892
382.0 0.005407302523963153
383.0 0.00502238362969365
384.0 0.004637464007828385
385.0 0.00471903222205583
386.0 0.0048006004362832755
387.0 0.004690427158493549
388.0 0.0045802542445017025
389.0 0.004696839096141048
390.0 0.0048134246753761545
391.0 0.0042975181713700294
392.0 0.0037816116673639044
393.0 0.003788219692069106
394.0 0.003794827716774307
395.0 0.0035181328712496907
396.0 0.0032414387533208355
397.0 0.0037596433685394004
398.0 0.0042778476199600846
399.0 0.0042295290768379346
400.0 0.004181210897513665
401.0 0.0047922869271133095
402.0 0.005403362592915073
403.0 0.00464669028588105
404.0 0.003890017978847027
405.0 0.0034806635085260496
406.0 0.0030713086744071916
407.0 0.004384891508379951
408.0 0.005698474706150591
409.0 0.004656139208236709
410.0 0.003613803710322827
411.0 0.00402700861741323
412.0 0.004440213160705753
413.0 0.005135729588801041
414.0 0.005831245289300568
415.0 0.0045932560169603676
416.0 0.003355266380822286
417.0 0.002836987914633937
418.0 0.0023187094484455884
419.0 0.0029573770007118583
420.0 0.003596044552978128
421.0 0.0033045515010599047
422.0 0.003013058449141681
423.0 0.0026777965103974566
424.0 0.0023425343897542916
425.0 0.002625184970383998
426.0 0.002907835369114764
427.0 0.002911647970904596
428.0 0.002915460390795488
429.0 0.0027235644665779546
430.0 0.002531668906158302
431.0 0.002080443300656043
432.0 0.0016292175132548437
433.0 0.0018596390873426571
434.0 0.0020900604795315303
435.0 0.0023922319087432697
436.0 0.002694403156056069
437.0 0.0024379503884119913
438.0 0.0021814976207679138
439.0 0.0022713549697073177
440.0 0.002361212136747781
441.0 0.0026460484150447883
442.0 0.0029308846933417954
443.0 0.002942023638752289
444.0 0.0029531624022638425
445.0 0.00244544444285566
446.0 0.0019377266653464176
447.0 0.00209379486477701
448.0 0.0022498632461065426
449.0 0.002165434489143081
450.0 0.0020810059140785597
451.0 0.0017220496374648064
452.0 0.0013630937246489339
453.0 0.001243897986569209
454.0 0.0011247023394389544
455.0 0.0012610817975655664
456.0 0.0013974613466416486
457.0 0.0012046057236148044
458.0 0.0010117501915374305
459.0 0.0016509866327396594
460.0 0.0022902228010934778
461.0 0.0017461652532801963
462.0 0.0012021079783153255
463.0 0.0012978365703020245
464.0 0.0013935653441876639
465.0 0.001415130464010872
466.0 0.0014366957657330204
467.0 0.0013502053661795799
468.0 0.0012637143299798481
469.0 0.0012304257325013168
470.0 0.0011971370440733153
471.0 0.0010812338587129489
472.0 0.0009653306733525824
473.0 0.0012092220458725933
474.0 0.0014531132364936639
475.0 0.0013756323824054562
476.0 0.0012981515283172484
477.0 0.0015948493455653079
478.0 0.0018915470718638971
479.0 0.0017522346752230078
480.0 0.001612922096683178
481.0 0.001697564948699437
482.0 0.001782207800715696
483.0 0.0014494117749563884
484.0 0.0011166157491970807
485.0 0.001065347623807611
486.0 0.0010140794984181412
487.0 0.0010466182175150607
488.0 0.0010791571185109206
489.0 0.0010587493306957185
490.0 0.0010383416338299867
491.0 0.0014031056707608514
492.0 0.0017678694348433055
493.0 0.001984798291232437
494.0 0.0022017271476215683
495.0 0.0019004439309355803
496.0 0.0015991607142495923
497.0 0.0016349791621905752
498.0 0.0016707974282326177
499.0 0.001476520537835313
500.0 0.0012822438293369487
501.0 0.0013456113265419845
502.0 0.0014089790965954307
503.0 0.001210391474160133
504.0 0.0010118040336237755
505.0 0.0015110348613234237
506.0 0.0020102654161746614
507.0 0.0014568644473911263
508.0 0.0009034628419613
509.0 0.0013317481716512702
510.0 0.0017600334103917703
511.0 0.0016675923689035699
512.0 0.0015751513274153695
513.0 0.0013271601346787065
514.0 0.0010791687600431032
515.0 0.0013272606338432524
516.0 0.001575352143845521
517.0 0.001294181311095599
518.0 0.0010130107511940878
519.0 0.001300294024986215
520.0 0.001587577207828872
521.0 0.001470756615162827
522.0 0.0013539358405978419
523.0 0.0018547720173955895
524.0 0.002355607648496516
525.0 0.0017644160834606737
526.0 0.0011732245184248313
527.0 0.0012415991477610078
528.0 0.0013099737770971842
529.0 0.0012015669199172407
530.0 0.001093159880838357
531.0 0.0012017230801575352
532.0 0.0013102862794767134
533.0 0.001340980816166848
534.0 0.0013716752619075123
535.0 0.0015364912542281672
536.0 0.0017013075193972327
537.0 0.0016363839677069336
538.0 0.0015714607798145153
539.0 0.0013426719306153245
540.0 0.0011138829904666636
541.0 0.0009585525731381495
542.0 0.0008032222467591055
543.0 0.0008055784746829886
544.0 0.0008079347026068717
545.0 0.001043488100549439
546.0 0.001279041407542536
547.0 0.0013164382835384458
548.0 0.0013538351595343556
549.0 0.0018709019059315324
550.0 0.0023879687432781793
551.0 0.0022103808078099973
552.0 0.0020327930542407557
553.0 0.0019535144019755535
554.0 0.0018742359316092916
555.0 0.0016889034668565728
556.0 0.0015035709111543838
557.0 0.001616152803762816
558.0 0.0017287349692196585
559.0 0.001383234848617576
560.0 0.0010377347280154936
561.0 0.0012528447769000195
562.0 0.0014679548257845454
563.0 0.0017694334019324742
564.0 0.002070911978080403
565.0 0.002045927249127999
566.0 0.002020942702074535
567.0 0.002116384894179646
568.0 0.0022118269043858163
569.0 0.002504926305846311
570.0 0.0027980260711046867
571.0 0.002763003249128815
572.0 0.0027279802452540025
573.0 0.0021937157725915313
574.0 0.0016594511180301197
575.0 0.0016187979781534523
576.0 0.0015781446563778445
577.0 0.0017028292859322391
578.0 0.001827513551688753
579.0 0.00190790269698482
580.0 0.0019882916603819467
581.0 0.002153824061679188
582.0 0.0023193562810774893
583.0 0.002182810385420453
584.0 0.0020462644897634163
585.0 0.0021901983927818947
586.0 0.002334132295800373
587.0 0.0018716487829806283
588.0 0.0014091651792114135
589.0 0.0014725338587595616
590.0 0.0015359028111561202
591.0 0.0015297906429623254
592.0 0.001523678656667471
593.0 0.000985445331025403
594.0 0.00044721200538333505
595.0 0.000844579790282296
596.0 0.0012419474842317868
597.0 0.0008551221981178969
598.0 0.00046829673010506667
599.0 0.0010227974598819856
600.0 0.001577297916810494
601.0 0.001327145037066657
602.0 0.0010769917935249396
603.0 0.0014941281733626965
604.0 0.0019112643713015132
605.0 0.001669867560849525
606.0 0.001428470841347007
607.0 0.0011325773812131956
608.0 0.0008366841029783245
609.0 0.0008193918802135158
610.0 0.0008020996574487071
611.0 0.0008738507858652156
612.0 0.000945601914281724
613.0 0.0013077553376206197
614.0 0.0016699092157068662
615.0 0.0014909685887687374
616.0 0.0013120277799316682
617.0 0.0016503829101566225
618.0 0.0019887382222805172
619.0 0.0016730702554923482
620.0 0.0013574024706031196
621.0 0.0014414953511732165
622.0 0.0015255877769959625
623.0 0.0012700485967798159
624.0 0.0010145092346647289
625.0 0.0012678920029429719
626.0 0.0015212746802717447
627.0 0.0016980135114863515
628.0 0.001874752160802018
629.0 0.002078955549222883
630.0 0.002283158573845867
631.0 0.0025603736503398977
632.0 0.002837588544934988
633.0 0.0030405748475459404
634.0 0.003243561150156893
635.0 0.005947581303189509
636.0 0.008651601092424244
637.0 0.015357274969574064
638.0 0.022062950301915407
639.0 0.01995056081796065
640.0 0.017838174244388938
641.0 0.015313742915168405
642.0 0.012789310130756348
643.0 0.009266939741792157
644.0 0.005744568625232205
645.0 0.006192023283801973
646.0 0.0066394772147759795
647.0 0.006238308560568839
648.0 0.005837139542563818
649.0 0.004680795609601773
650.0 0.0035244524042354897
651.0 0.0035036573535762727
652.0 0.003482862302917056
653.0 0.0028495112928794697
654.0 0.0022161601009429432
655.0 0.002132519512088038
656.0 0.002048878923233133
657.0 0.0023656604753341526
658.0 0.0026824414817383513
659.0 0.002295763806614559
660.0 0.001909086131490767
661.0 0.002305035559402313
662.0 0.00270098535111174
663.0 0.0024070679501164705
664.0 0.0021131507310201414
665.0 0.0018649365301826037
666.0 0.0016167225112440065
667.0 0.0014203822502167895
668.0 0.0012240419891895726
669.0 0.0013026760825596284
670.0 0.001381310084980214
671.0 0.001346832050330704
672.0 0.0013123535609338433
673.0 0.0013659967407875229
674.0 0.0014196398296917323
675.0 0.0013542730812332593
676.0 0.0012889063327747863
677.0 0.0012585707736434415
678.0 0.0012282352145120967
679.0 0.0014975616977608297
680.0 0.0017668882719590329
681.0 0.0016968235286185518
682.0 0.001626758967177011
683.0 0.002121984653058462
684.0 0.002617210520838853
685.0 0.0024788600057945587
686.0 0.002340509854548145
687.0 0.0022428685042541474
688.0 0.00214522733585909
689.0 0.0024723829483264126
690.0 0.002799538560793735
691.0 0.0025050783733604476
692.0 0.002210618549725041
693.0 0.0025866002033581026
694.0 0.0029625824026879855
695.0 0.0033982432796619833
696.0 0.0038339039747370407
697.0 0.004304226968088187
698.0 0.004774549961439334
699.0 0.006081998799345456
700.0 0.007389446545857936
701.0 0.0073652787250466645
702.0 0.007341111631831154
703.0 0.006416494579752907
704.0 0.00549187752767466
705.0 0.0044986867578700185
706.0 0.003505495988065377
707.0 0.003257284333813004
708.0 0.003009072497661691
709.0 0.003521695180097595
710.0 0.004034317680634558
711.0 0.0037209552829153836
712.0 0.003407592885196209
713.0 0.0026019692086265422
714.0 0.0017963455320568755
715.0 0.002039347054960672
716.0 0.0022823482140665874
717.0 0.00182272578967968
718.0 0.0013631031833938323
719.0 0.0014937971172912512
720.0 0.0016244912330876105
721.0 0.002008444607781712
722.0 0.002392398164374754
723.0 0.0023920430976431817
724.0 0.00239168821281055
725.0 0.0015480229194508865
726.0 0.000704358035363839
727.0 0.0010259821465297136
728.0 0.001347606121271383
729.0 0.0014093796380620915
730.0 0.00147115306390333
731.0 0.0009698092071630526
732.0 0.00046846544137224555
733.0 0.0010266942808812018
734.0 0.0015849236660869792
735.0 0.0015076171621331014
736.0 0.0014303106581792235
737.0 0.0010391441719548311
738.0 0.0006479777766799089
739.0 0.0014953660866012797
740.0 0.002342754669371061
741.0 0.0017549615222378634
742.0 0.0011671681022562552
743.0 0.0014261046089814045
744.0 0.0016850410247570835
745.0 0.0017085954823414795
746.0 0.0017321499399258755
747.0 0.0018043687305180356
748.0 0.0018765873392112553
749.0 0.002526854041207116
750.0 0.0031771211070008576
751.0 0.0027048057745560072
752.0 0.002232490987807978
753.0 0.00263151105173165
754.0 0.0030305309337563813
755.0 0.0027428424800746143
756.0 0.0024551536625949666
757.0 0.002207785837526899
758.0 0.0019604176486609504
759.0 0.0021352918338379823
760.0 0.002310166019015014
761.0 0.004280990469851531
762.0 0.006251814920688048
763.0 0.006164358637761325
764.0 0.006076902354834601
765.0 0.005372477971832268
766.0 0.004668054316425696
767.0 0.004768577127833851
768.0 0.004869099939242005
769.0 0.005677263834513724
770.0 0.006485428457381204
771.0 0.0053484061936615035
772.0 0.0042113835661439225
773.0 0.004231948696542531
774.0 0.00425251382694114
775.0 0.039523778832517564
776.0 1.9704045253060576e-10
777.0 1.9704045253060576e-10
778.0 1.9704045253060576e-10
779.0 0.02319882478332147
780.0 0.010502088844077662
781.0 1.9704045253060576e-10
782.0 0.08423625258728862
783.0 1.9704045253060576e-10
784.0 1.9704045253060576e-10
785.0 0.0003369807473063702
786.0 0.10104401735588908
787.0 0.039597609429620206
788.0 1.9704045253060576e-10
789.0 1.9704045253060576e-10
790.0 1.9704045253060576e-10
791.0 1.9704045253060576e-10
792.0 1.9704045253060576e-10
793.0 0.04631802148651332
794.0 0.08484497084282339
795.0 1.9704045253060576e-10
796.0 0.11091743363067508
797.0 0.10998982470482588
798.0 0.1460464089177549
799.0 0.301230582408607
800.0 0.5128519143909216
801.0 0.9116477333009243
802.0 1.4376009814441204
803.0 2.173687145113945
804.0 3.509068116545677
805.0 4.915367439389229
806.0 6.892672181129456
807.0 9.281355142593384
808.0 11.781802028417587
809.0 14.715923368930817
810.0 18.061228096485138
811.0 21.128006279468536
812.0 24.535439908504486
813.0 28.561896085739136
814.0 33.0084502696991
815.0 38.86127471923828
816.0 44.64671611785889
817.0 51.74240469932556
818.0 58.85164141654968
819.0 65.29765725135803
820.0 72.94118404388428
821.0 80.30396699905396
822.0 85.26343703269958
823.0 89.03735876083374
824.0 92.75848865509033
825.0 95.65845131874084
826.0 97.28891253471375
827.0 98.05072546005249
828.0 98.88102412223816
829.0 99.44046139717102
830.0 98.42047095298767
831.0 98.98321628570557
832.0 98.4325110912323
833.0 99.27963614463806
834.0 98.4882116317749
835.0 99.1006076335907
836.0 98.63224029541016
837.0 98.83586764335632
838.0 98.11139702796936
839.0 98.36709499359131
840.0 98.52067828178406
841.0 99.06624555587769
842.0 98.92883896827698
843.0 99.86196756362915
844.0 97.58428931236267
845.0 98.18188548088074
846.0 98.94543290138245
847.0 98.70308637619019
848.0 99.62633848190308
849.0 99.02647137641907
850.0 97.98006415367126
851.0 99.21267032623291
852.0 99.32113885879517
853.0 98.6254870891571
854.0 99.61484670639038
855.0 98.45465421676636
856.0 98.67664575576782
857.0 97.67016768455505
858.0 98.40450882911682
859.0 99.05305504798889
860.0 97.9660153388977
861.0 98.57544302940369
862.0 98.87872338294983
863.0 98.22219014167786
864.0 99.093097448349
865.0 99.20045733451843
866.0 98.56070876121521
867.0 99.18528199195862
868.0 99.28117990493774
869.0 98.57875108718872
870.0 97.66892790794373
871.0 98.92951846122742
872.0 99.21271800994873
873.0 99.34157133102417
874.0 99.8502790927887
875.0 98.9893913269043
876.0 98.58026504516602
877.0 99.26308393478394
878.0 98.9980161190033
879.0 98.48833680152893
880.0 98.6004889011383
881.0 99.74618554115295
882.0 98.68530631065369
883.0 98.44048023223877
884.0 98.92389178276062
885.0 98.69279265403748
886.0 98.67658019065857
887.0 98.39969873428345
888.0 98.90530109405518
889.0 99.23467636108398
890.0 98.1059730052948
891.0 98.85275363922119
892.0 98.64506721496582
893.0 98.4900414943695
894.0 98.11639785766602
895.0 99.12903904914856
