lsstCam/transmission_filter_detector/r11_s21/y_10/19700101T000000.ecsv
# %ECSV 1.0
# ---
# datatype:
# - {name: wavelength, unit: nm, datatype: float32}
# - {name: efficiency, unit: '%', datatype: float64}
# meta: !!omap
# - {MODE: DETECTOR}
# - {TYPE: transmission_filter_detector}
# - {CALIBDATE: '1970-01-01T00:00:00'}
# - {INSTRUME: LSSTCam}
# - {OBSTYPE: transmission_filter_detector}
# - {CALIBCLS: lsst.ip.isr.IntermediateFilterDetectorTransmissionCurve}
# - {SOURCE: Materion (DM-46256)}
# - {DETECTOR: 43}
# - {FILTER: y_10}
# - {CALIB_ID: 'calibDate=1970-01-01T00:00:00 filter=y_10 detector=43'}
# - {DATE: '2025-04-02T15:59:50.941189'}
# - {CALIB_CREATION_DATE: '2025-04-02'}
# - {CALIB_CREATION_TIME: '15:59:50'}
# - __serialized_columns__:
#     efficiency:
#       __class__: astropy.units.quantity.Quantity
#       unit: !astropy.units.Unit {unit: '%'}
#       value: !astropy.table.SerializedColumn {name: efficiency}
#     wavelength:
#       __class__: astropy.units.quantity.Quantity
#       unit: !astropy.units.Unit {unit: nm}
#       value: !astropy.table.SerializedColumn {name: wavelength}
# schema: astropy-2.0
wavelength efficiency
300.0 0.5353460554033518
301.0 0.286924559623003
302.0 0.03850304055958986
303.0 0.034091854467988014
304.0 0.029680668376386166
305.0 0.02087974571622908
306.0 0.012078818690497428
307.0 0.01827151427278295
308.0 0.024464205489493906
309.0 0.01725204347167164
310.0 0.010039879998657852
311.0 0.008744683145778254
312.0 0.007449484110111371
313.0 0.007560143421869725
314.0 0.0076708012784365565
315.0 0.006978355668252334
316.0 0.006285912968451157
317.0 0.00604700981057249
318.0 0.005808103014715016
319.0 0.0028868855224573053
320.0 1.598082343540197e-10
321.0 0.0021932193703833036
322.0 0.004420772165758535
323.0 0.003266810017521493
324.0 0.002112848414981272
325.0 0.0006986175776546588
326.0 1.598082343540197e-10
327.0 0.0003906670372089138
328.0 0.0014969476978876628
329.0 0.002967151340271812
330.0 0.004437355164554901
331.0 0.0039359052607323974
332.0 0.0034344549931120127
333.0 0.002597033562778961
334.0 0.0017596114048501477
335.0 0.001907640034914948
336.0 0.002055669028777629
337.0 0.002808899080264382
338.0 0.0035621287679532543
339.0 0.0019506647731759585
340.0 0.0003392005055502523
341.0 1.598082343540197e-10
342.0 1.598082343540197e-10
343.0 0.0003752754764718702
344.0 0.0012201960089441855
345.0 0.0015141146832320374
346.0 0.0018080338122672401
347.0 0.001708326453808695
348.0 0.0016086189134512097
349.0 0.0013551128176914062
350.0 0.0011016064490831923
351.0 0.001330199847870972
352.0 0.0015587926100124605
353.0 0.0013191881407692563
354.0 0.0010795834896271117
355.0 0.0011475606697786134
356.0 0.0012155376680311747
357.0 0.0008902572517399676
358.0 0.0005649766535498202
359.0 0.0007414409537886968
360.0 0.0009179052540275734
361.0 0.0012942983630637173
362.0 0.0016706911992514506
363.0 0.0012286155651963782
364.0 0.000786539567343425
365.0 0.001152045570051996
366.0 0.0015175522094068583
367.0 0.0020221872546244413
368.0 0.0025268223907914944
369.0 0.002162027158192359
370.0 0.0017972322893911041
371.0 0.001731357588141691
372.0 0.0016654827049933374
373.0 0.0020759322069352493
374.0 0.0024863813450792804
375.0 0.00341553968610242
376.0 0.004344697663327679
377.0 0.004218265530653298
378.0 0.004091833397978917
379.0 0.0035829507396556437
380.0 0.0030740684451302513
381.0 0.002095261515933089
382.0 0.0011164544048369862
383.0 0.0010880497029575054
384.0 0.0010596446372801438
385.0 0.0008151169822667725
386.0 0.0005705893727281364
387.0 0.0007051916782074841
388.0 0.000839794120111037
389.0 0.0007143792117858538
390.0 0.000588964485359611
391.0 0.000478885021948372
392.0 0.0003688056949613383
393.0 0.0005664773652824806
394.0 0.0007641491720278282
395.0 0.0007036020633677253
396.0 0.0006430549092328874
397.0 0.0007903779987827875
398.0 0.0009377009519084822
399.0 0.0011708047168212943
400.0 0.0014039084817341063
401.0 0.001562822399137076
402.0 0.0017217365893884562
403.0 0.0018094502593157813
404.0 0.001897164293040987
405.0 0.0017885395209304988
406.0 0.0016799151126178913
407.0 0.0013684420082427096
408.0 0.001056968994816998
409.0 0.0008237363545049448
410.0 0.0005905035322939511
411.0 0.0002497564764780691
412.0 1.598082343540197e-10
413.0 0.00028871036192867905
414.0 0.0006684110303467605
415.0 0.0015195918422250543
416.0 0.002370772745052818
417.0 0.0010887638381973375
418.0 1.598082343540197e-10
419.0 1.598082343540197e-10
420.0 1.598082343540197e-10
421.0 1.598082343540197e-10
422.0 0.0007123117939045187
423.0 0.0003102935124843498
424.0 1.598082343540197e-10
425.0 1.598082343540197e-10
426.0 1.598082343540197e-10
427.0 0.00026540726594248554
428.0 0.0005814623364130966
429.0 0.00029387156246230006
430.0 6.280882303144608e-06
431.0 0.0005458022769744275
432.0 0.0010853238563868217
433.0 0.0009293305083701853
434.0 0.0007733377060503699
435.0 0.0002810278601828031
436.0 1.598082343540197e-10
437.0 1.598082343540197e-10
438.0 0.00014444599401031155
439.0 1.598082343540197e-10
440.0 1.598082343540197e-10
441.0 1.598082343540197e-10
442.0 1.598082343540197e-10
443.0 1.598082343540197e-10
444.0 6.096807396716031e-05
445.0 0.000476200011689798
446.0 0.0008914318641473074
447.0 0.0009940847121470142
448.0 0.0010967373782477807
449.0 0.0009716888598632067
450.0 0.0008466402505291626
451.0 0.0005063719072495587
452.0 0.0001661036208133737
453.0 0.00011235306374146603
454.0 5.860231908627611e-05
455.0 1.598082343540197e-10
456.0 1.598082343540197e-10
457.0 1.598082343540197e-10
458.0 1.598082343540197e-10
459.0 5.032557055528741e-05
460.0 0.00032555997222516453
461.0 0.00045680239963985514
462.0 0.0005880448497919133
463.0 0.00047821031330386177
464.0 0.0003683759132400155
465.0 0.000494792811878142
466.0 0.0006212099378899438
467.0 0.0011639309377642348
468.0 0.0017066517102648504
469.0 0.0017996590031543747
470.0 0.0018926657503470778
471.0 0.0019035604054806754
472.0 0.0019144546968163922
473.0 0.002411853347439319
474.0 0.0029092519980622455
475.0 0.002770511491689831
476.0 0.0026317709853174165
477.0 0.0032570311304880306
478.0 0.0038822916394565254
479.0 0.00432734886999242
480.0 0.004772406100528315
481.0 0.004761745367432013
482.0 0.004751084270537831
483.0 0.004264624294592068
484.0 0.003778163591050543
485.0 0.003908662620233372
486.0 0.00403916128561832
487.0 0.003556421143002808
488.0 0.003073681000387296
489.0 0.0025341520085930824
490.0 0.00199462374439463
491.0 0.001769114169292152
492.0 0.0015436044122907333
493.0 0.0011612678463279735
494.0 0.0007789318260620348
495.0 0.0010167004802497104
496.0 0.0012544693163363263
497.0 0.0018157828890252858
498.0 0.002377096825512126
499.0 0.002463715100020636
500.0 0.0025503331926302053
501.0 0.002758905611699447
502.0 0.002967478212667629
503.0 0.0029221469958429225
504.0 0.002876815415220335
505.0 0.0031499130273004994
506.0 0.0034230110031785443
507.0 0.0024977041903184727
508.0 0.00157239683176158
509.0 0.0017883381588035263
510.0 0.002004279122047592
511.0 0.0022164602341945283
512.0 0.0024286411644425243
513.0 0.0020153636796749197
514.0 0.0016020863768062554
515.0 0.0014690468560729641
516.0 0.0013360071534407325
517.0 0.0013780519111605827
518.0 0.0014200963050825521
519.0 0.0015809988326509483
520.0 0.0017419009964214638
521.0 0.0018124792404705659
522.0 0.0018830571207217872
523.0 0.0017476388165960088
524.0 0.0016122206943691708
525.0 0.002189384031225927
526.0 0.002766548095678445
527.0 0.002524852789065335
528.0 0.002283158028149046
529.0 0.002457152913848404
530.0 0.002631147435749881
531.0 0.002527171091060154
532.0 0.002423194564471487
533.0 0.0025564209863659926
534.0 0.002689646862563677
535.0 0.002363766725466121
536.0 0.002037886224570684
537.0 0.0023745909857098013
538.0 0.002711295383051038
539.0 0.0033830117899924517
540.0 0.0040547281969338655
541.0 0.004132353205932304
542.0 0.004209978214930743
543.0 0.004485527824726887
544.0 0.00476107707072515
545.0 0.004983988037565723
546.0 0.005206898640608415
547.0 0.004212468411424197
548.0 0.003218037818442099
549.0 0.002980235694849398
550.0 0.002742433025559876
551.0 0.0027018566470360383
552.0 0.00266128008661326
553.0 0.0030560953746316954
554.0 0.0034509095712564886
555.0 0.003788583489949815
556.0 0.004126257772441022
557.0 0.0035865687095792964
558.0 0.0030468796467175707
559.0 0.0030155830245348625
560.0 0.0029842864023521543
561.0 0.003253353133914061
562.0 0.003522419137880206
563.0 0.0034156491892645136
564.0 0.0033088788768509403
565.0 0.003858897980535403
566.0 0.004408917448017746
567.0 0.0044906872062711045
568.0 0.0045724573283223435
569.0 0.005181822052691132
570.0 0.005791186413262039
571.0 0.005833839895785786
572.0 0.005876493014511652
573.0 0.006265979027375579
574.0 0.006655465404037386
575.0 0.006569240213138983
576.0 0.006483015022240579
577.0 0.00571780365135055
578.0 0.004952592280460522
579.0 0.0057286488299723715
580.0 0.006504705379484221
581.0 0.007240105333039537
582.0 0.00797550383140333
583.0 0.008793459710432217
584.0 0.009611413406673819
585.0 0.009941535972757265
586.0 0.010271659994032234
587.0 0.010196297807851806
588.0 0.010120932711288333
589.0 0.01031658030115068
590.0 0.010512230801396072
591.0 0.009746995783643797
592.0 0.0089817593107
593.0 0.0073452167271170765
594.0 0.00570867741771508
595.0 0.005679875539499335
596.0 0.00565107366128359
597.0 0.006100457540014759
598.0 0.006549841782543808
599.0 0.007524393731728196
600.0 0.008498944225721061
601.0 0.009246556146536022
602.0 0.0099941658845637
603.0 0.010826266225194559
604.0 0.011658368748612702
605.0 0.011510281910886988
606.0 0.011362195073161274
607.0 0.009782304550753906
608.0 0.008202416211133823
609.0 0.006442619633162394
610.0 0.004682824510382488
611.0 0.0038313173718051985
612.0 0.0029798107789247297
613.0 0.0036015004297951236
614.0 0.0042231895349686965
615.0 0.005053155473433435
616.0 0.005883122139493935
617.0 0.007162685506045818
618.0 0.008442248508799821
619.0 0.009553433483233675
620.0 0.010664617730071768
621.0 0.011579153215279803
622.0 0.012493686517700553
623.0 0.012232756125740707
624.0 0.011971824278589338
625.0 0.010400210157968104
626.0 0.008828593126963824
627.0 0.007040754280751571
628.0 0.005252912887954153
629.0 0.0042805972043424845
630.0 0.0033082818845286965
631.0 0.002885035428334959
632.0 0.002461788790242281
633.0 0.0025093582735280506
634.0 0.002556927938712761
635.0 0.0027851643608300947
636.0 0.0030134002372506075
637.0 0.003814024239545688
638.0 0.004614648059941828
639.0 0.004646327215596102
640.0 0.004678005643654615
641.0 0.005107554170535877
642.0 0.005537103061215021
643.0 0.005524146763491444
644.0 0.005511190465767868
645.0 0.005108652112539858
646.0 0.004706113395513967
647.0 0.0036886995076201856
648.0 0.0026712856197264045
649.0 0.0019225844880566
650.0 0.0011738831744878553
651.0 0.0013051819223619532
652.0 0.001436481124983402
653.0 0.0014998977349023335
654.0 0.0015633142538717948
655.0 0.0016197989680222236
656.0 0.0016762838640715927
657.0 0.001544442966405768
658.0 0.0014126022506388836
659.0 0.00168468013725942
660.0 0.0019567580238799565
661.0 0.0017320335246040486
662.0 0.0015073088434292004
663.0 0.0022404683477361687
664.0 0.0029736282158410177
665.0 0.0035974011552752927
666.0 0.004221174094709568
667.0 0.004881762288277969
668.0 0.005542348662856966
669.0 0.005840183075633831
670.0 0.006138014578027651
671.0 0.006667558045592159
672.0 0.007197102240752429
673.0 0.007822841871529818
674.0 0.008448580774711445
675.0 0.007729911885689944
676.0 0.007011245907051489
677.0 0.005674252315657213
678.0 0.004337258360465057
679.0 0.002830682569765486
680.0 0.0013241076885606162
681.0 0.0005426192274171626
682.0 1.598082343540197e-10
683.0 0.00018299585917702643
684.0 0.0006048610885045491
685.0 0.0002978752263516071
686.0 1.598082343540197e-10
687.0 0.0001406504338774539
688.0 0.0002904115035562427
689.0 0.0003157312676194124
690.0 0.0003410510316825821
691.0 0.0004647923560696654
692.0 0.0005885337031941162
693.0 0.00046706040848221164
694.0 0.00034558715924504213
695.0 0.0004415209787111962
696.0 0.0005374547527026152
697.0 0.0005428444183053216
698.0 0.0005482340384332929
699.0 0.0004366118446341716
700.0 0.0003249894234613748
701.0 0.0002583624109320226
702.0 0.00019173551208950812
703.0 0.0002644970891196863
704.0 0.00033725866614986444
705.0 0.00042957026380463503
706.0 0.0005218816568230977
707.0 0.00018225966869067634
708.0 1.598082343540197e-10
709.0 6.451850964594996e-06
710.0 0.00017026605974024278
711.0 0.00039908086364448536
712.0 0.0006278956789174117
713.0 0.0004001842626166763
714.0 0.0001724729031593597
715.0 0.0003795392331085168
716.0 0.0005866055744263576
717.0 0.00041444018279435113
718.0 0.00024227483663707972
719.0 0.0004369330781628378
720.0 0.0006315911832643906
721.0 0.0004847015134146204
722.0 0.0003378119117769529
723.0 0.00030965616133471485
724.0 0.0002815004108924768
725.0 0.000435581978308619
726.0 0.000589663704886334
727.0 0.000255597842624411
728.0 1.598082343540197e-10
729.0 0.00024040368771238718
730.0 0.000559275213163346
731.0 0.0006754578862455674
732.0 0.000791640741226729
733.0 0.0003013384230143856
734.0 1.598082343540197e-10
735.0 1.598082343540197e-10
736.0 1.598082343540197e-10
737.0 0.0004570027613226557
738.0 0.0010510402717045508
739.0 0.0007366919362539193
740.0 0.0004223431915306719
741.0 0.00024458242933178553
742.0 6.682159323645465e-05
743.0 1.598082343540197e-10
744.0 1.598082343540197e-10
745.0 0.00030877736207912676
746.0 0.0007418592758767772
747.0 0.00042187525650660973
748.0 0.00010189129397986108
749.0 7.056436146513079e-06
750.0 1.598082343540197e-10
751.0 1.598082343540197e-10
752.0 6.950654096726794e-05
753.0 0.00024689566089364234
754.0 0.00042428473534528166
755.0 1.598082343540197e-10
756.0 1.598082343540197e-10
757.0 1.598082343540197e-10
758.0 1.598082343540197e-10
759.0 0.00011415111202950357
760.0 0.0006477909664681647
761.0 0.0002721410510275746
762.0 1.598082343540197e-10
763.0 1.598082343540197e-10
764.0 1.598082343540197e-10
765.0 0.00016668971056787996
766.0 0.0005581521236308618
767.0 4.457934039692191e-05
768.0 1.598082343540197e-10
769.0 1.598082343540197e-10
770.0 1.598082343540197e-10
771.0 1.598082343540197e-10
772.0 1.598082343540197e-10
773.0 0.00016936767224251525
774.0 0.000617919204159989
775.0 0.0003540217903719167
776.0 9.012427995003236e-05
777.0 0.00024964288058981765
778.0 0.00040916143007052597
779.0 0.0005357260306482203
780.0 0.0006622907221753849
781.0 0.0005361693183658645
782.0 0.00041004786908160895
783.0 0.0003528553406795254
784.0 0.00029566281227744184
785.0 0.00013747823004450765
786.0 1.598082343540197e-10
787.0 0.0005238129233475775
788.0 0.0010683324944693595
789.0 0.0008660102139401715
790.0 0.0006636880698351888
791.0 0.00048747178880148567
792.0 0.0003112552803941071
793.0 0.00046884147195669357
794.0 0.0006264273451961344
795.0 0.0007322023975575576
796.0 0.0008379773134947754
797.0 0.0003770853481910308
798.0 1.598082343540197e-10
799.0 0.0004982781774742762
800.0 0.001080362926586531
801.0 0.0006339459559967509
802.0 0.00018752900814433815
803.0 0.0003081380327785155
804.0 0.00042874708015006036
805.0 0.0006940644652786432
806.0 0.000959381850407226
807.0 0.0005735769263992552
808.0 0.00018777196828523302
809.0 6.898670790178585e-05
810.0 1.598082343540197e-10
811.0 0.00024628227492939914
812.0 0.000542362931810203
813.0 0.0008357464139407966
814.0 0.0011291298505966552
815.0 0.0009864470484899357
816.0 0.0008437637916358653
817.0 0.0008558161425753497
818.0 0.0008678684025653638
819.0 0.0009687175406725146
820.0 0.0010695667697291356
821.0 0.0008933727258408908
822.0 0.0007171785910031758
823.0 0.0007490622465411434
824.0 0.0007809461749275215
825.0 0.0007171214747359045
826.0 0.0006532969564432278
827.0 0.0007054593424982158
828.0 0.000757621819502674
829.0 0.0003818287041212898
830.0 6.035625688127766e-06
831.0 0.0001044608211486775
832.0 0.0002028862127190223
833.0 0.00042448145904927514
834.0 0.0006460765689553227
835.0 0.0001324634922639234
836.0 1.598082343540197e-10
837.0 1.598082343540197e-10
838.0 1.598082343540197e-10
839.0 0.0002879130533983698
840.0 0.000630759359410149
841.0 0.0009035858965944499
842.0 0.0011764123883040156
843.0 0.0009169332770397887
844.0 0.0006574538474524161
845.0 0.0006571883659489686
846.0 0.0006569227934960509
847.0 0.0009055586815520655
848.0 0.0011541945241333451
849.0 0.0010269137419527397
850.0 0.0008996325959742535
851.0 0.0010360980922996532
852.0 0.0011725634976755828
853.0 0.0004864230504608713
854.0 1.598082343540197e-10
855.0 1.598082343540197e-10
856.0 1.598082343540197e-10
857.0 0.00023920174498925917
858.0 0.0012606918062374461
859.0 0.0012048370990669355
860.0 0.001148981937149074
861.0 0.0013505190509022214
862.0 0.0015520565284532495
863.0 0.0017774294974515215
864.0 0.002002802284550853
865.0 0.001924965181387961
866.0 0.0018471284420229495
867.0 0.0026247962523484603
868.0 0.0034024636988760903
869.0 0.003014323920069728
870.0 0.0026261835955665447
871.0 0.003171557909809053
872.0 0.0037169327697483823
873.0 0.002791721999528818
874.0 0.0018665114112081937
875.0 0.0024583820049883798
876.0 0.003050252234970685
877.0 0.0020032672182423994
