lsstCam/transmission_filter_detector/r11_s21/y_10/19700101T000000.ecsv
# %ECSV 1.0
# ---
# datatype:
# - {name: wavelength, unit: nm, datatype: float32}
# - {name: efficiency, unit: '%', datatype: float64}
# meta: !!omap
# - {MODE: DETECTOR}
# - {TYPE: transmission_filter_detector}
# - {CALIBDATE: '1970-01-01T00:00:00'}
# - {INSTRUME: LSSTCam}
# - {OBSTYPE: transmission_filter_detector}
# - {CALIBCLS: lsst.ip.isr.IntermediateFilterDetectorTransmissionCurve}
# - {SOURCE: Materion (DM-46256)}
# - {DETECTOR: 43}
# - {FILTER: y_10}
# - {CALIB_ID: 'calibDate=1970-01-01T00:00:00 filter=y_10 detector=43'}
# - {DATE: '2025-04-02T15:59:50.941189'}
# - {CALIB_CREATION_DATE: '2025-04-02'}
# - {CALIB_CREATION_TIME: '15:59:50'}
# - __serialized_columns__:
#     efficiency:
#       __class__: astropy.units.quantity.Quantity
#       unit: !astropy.units.Unit {unit: '%'}
#       value: !astropy.table.SerializedColumn {name: efficiency}
#     wavelength:
#       __class__: astropy.units.quantity.Quantity
#       unit: !astropy.units.Unit {unit: nm}
#       value: !astropy.table.SerializedColumn {name: wavelength}
# schema: astropy-2.0
wavelength efficiency
[from data line 579]
879.0 0.0016841033357195556
880.0 0.07624148856848478
881.0 0.09087413782253861
882.0 0.06549131940118968
883.0 0.09637816110625863
884.0 0.05666182842105627
885.0 0.10188419837504625
886.0 0.06602988578379154
887.0 0.11570266215130687
888.0 0.07456940365955234
889.0 0.10417875600978732
890.0 0.07975470507517457
891.0 0.09012522641569376
892.0 0.06785495788790286
893.0 0.10325649054720998
894.0 0.09587246458977461
895.0 0.10366314090788364
896.0 0.08162208250723779
897.0 0.12177381431683898
898.0 0.09679324575699866
899.0 0.12879103887826204
900.0 0.11186354095116258
901.0 0.1520066405646503
902.0 0.16923645744100213
903.0 0.19197523361071944
904.0 0.2276079962030053
905.0 0.26854644529521465
906.0 0.34519119653850794
907.0 0.45469612814486027
908.0 0.6004864349961281
909.0 0.8379182778298855
910.0 1.18131497874856
911.0 1.6830716282129288
912.0 2.4708472192287445
913.0 3.6617379635572433
914.0 5.006254464387894
915.0 6.962200999259949
916.0 9.285221993923187
917.0 11.789651215076447
918.0 14.578887820243835
919.0 17.222635447978973
920.0 20.772919058799744
921.0 24.474307894706726
922.0 28.27143967151642
923.0 32.770684361457825
924.0 37.67264485359192
925.0 43.049660325050354
926.0 49.438685178756714
927.0 56.22730851173401
928.0 62.17620372772217
929.0 68.57099533081055
930.0 74.08568263053894
931.0 79.4120192527771
932.0 84.26807522773743
933.0 88.37521076202393
934.0 91.28037095069885
935.0 93.3369517326355
936.0 94.8443353176117
937.0 95.88508605957031
938.0 96.56027555465698
939.0 96.84880375862122
940.0 97.10856080055237
941.0 97.24560976028442
942.0 97.41973280906677
943.0 97.49706387519836
944.0 97.75459170341492
945.0 97.68052697181702
946.0 97.74231910705566
947.0 97.68813848495483
948.0 97.86846041679382
949.0 97.75429964065552
950.0 97.87342548370361
951.0 97.9265034198761
952.0 98.00300598144531
953.0 98.18814992904663
954.0 98.2774019241333
955.0 98.35394024848938
956.0 98.56212139129639
957.0 98.69496822357178
958.0 98.8692045211792
959.0 98.89068007469177
960.0 98.9840030670166
961.0 99.01171922683716
962.0 99.08271431922913
963.0 99.07320737838745
964.0 99.0896463394165
965.0 99.12683367729187
966.0 99.19967651367188
967.0 99.25397038459778
968.0 99.23651218414307
969.0 99.19916987419128
970.0 99.2530882358551
971.0 99.30303692817688
972.0 99.36663508415222
973.0 99.45063591003418
974.0 99.45173859596252
975.0 99.43801760673523
976.0 99.46700930595398
977.0 99.44739937782288
978.0 99.49667453765869
979.0 99.41251873970032
980.0 99.396812915802
981.0 99.29985404014587
982.0 99.24913048744202
983.0 99.26539659500122
984.0 99.20701384544373
985.0 99.25046563148499
986.0 99.12981390953064
987.0 99.17271733283997
988.0 99.08247590065002
989.0 99.10700917243958
990.0 99.07041192054749
991.0 99.12589192390442
992.0 99.20518398284912
993.0 99.14277195930481
994.0 99.10629391670227
995.0 99.1617500782013
996.0 99.1788387298584
997.0 99.27935600280762
998.0 99.3062436580658
999.0 99.35368299484253
1000.0 99.39551949501038
1001.0 99.35030937194824
1002.0 99.44787621498108
1003.0 99.46706295013428
1004.0 99.49590563774109
1005.0 99.41693544387817
1006.0 99.57100749015808
1007.0 99.50791001319885
1008.0 99.49058890342712
1009.0 99.43444728851318
1010.0 99.48756098747253
1011.0 99.4526743888855
1012.0 99.35795068740845
1013.0 99.37882423400879
1014.0 99.36012029647827
1015.0 99.32714700698853
1016.0 99.29053783416748
1017.0 99.36100840568542
1018.0 99.38569664955139
1019.0 99.32827949523926
1020.0 99.39026832580566
1021.0 99.5326817035675
1022.0 99.45138692855835
1023.0 99.4668185710907
1024.0 99.43691492080688
1025.0 99.43205118179321
1026.0 99.52362179756165
1027.0 99.61199164390564
1028.0 99.52109456062317
1029.0 99.63436126708984
1030.0 99.68156218528748
1031.0 99.58590865135193
1032.0 99.62712526321411
1033.0 99.59849715232849
1034.0 99.59928393363953
1035.0 99.67150092124939
1036.0 99.56299066543579
1037.0 99.61146116256714
1038.0 99.55644011497498
1039.0 99.46280121803284
1040.0 99.42710995674133
1041.0 99.48373436927795
1042.0 99.45645332336426
1043.0 99.38961267471313
1044.0 99.4442343711853
1045.0 99.18263554573059
1046.0 99.39229488372803
1047.0 99.27744269371033
1048.0 99.30053353309631
1049.0 99.29739236831665
1050.0 99.3387222290039
1051.0 99.28570985794067
1052.0 99.28414225578308
1053.0 99.16547536849976
1054.0 99.41298961639404
1055.0 99.46290254592896
1056.0 99.27759766578674
1057.0 99.43462610244751
1058.0 99.28435683250427
1059.0 99.31244850158691
1060.0 99.4350254535675
1061.0 99.29815530776978
1062.0 99.34812784194946
1063.0 99.25904870033264
1064.0 99.40196871757507
1065.0 99.30612444877625
1066.0 99.23744201660156
1067.0 99.39795732498169
1068.0 99.34796094894409
1069.0 99.14401173591614
1070.0 99.51621890068054
1071.0 99.3459939956665
1072.0 99.36559200286865
1073.0 99.49306845664978
1074.0 99.00485277175903
1075.0 99.12141561508179
1076.0 98.84234070777893
1077.0 99.3531584739685
1078.0 99.52341318130493
1079.0 99.06895160675049
1080.0 99.72022771835327
1081.0 99.03081059455872
1082.0 99.0100085735321
1083.0 98.87002110481262
1084.0 99.32550191879272
1085.0 99.19058680534363
1086.0 99.17840361595154
1087.0 99.15770888328552
1088.0 98.72286319732666
1089.0 98.75921607017517
1090.0 98.98637533187866
1091.0 99.17599558830261
1092.0 98.94737601280212
1093.0 98.98889660835266
1094.0 98.38334918022156
1095.0 98.6941397190094
1096.0 98.93971085548401
1097.0 98.4997570514679
1098.0 98.02173376083374
1099.0 98.83328676223755
1100.0 98.35235476493835
