lsstCam/transmission_filter_detector/r12_s02/u_24/19700101T000000.ecsv
# %ECSV 1.0
# ---
# datatype:
# - {name: wavelength, unit: nm, datatype: float32}
# - {name: efficiency, unit: '%', datatype: float64}
# meta: !!omap
# - {MODE: DETECTOR}
# - {TYPE: transmission_filter_detector}
# - {CALIBDATE: '1970-01-01T00:00:00'}
# - {INSTRUME: LSSTCam}
# - {OBSTYPE: transmission_filter_detector}
# - {CALIBCLS: lsst.ip.isr.IntermediateFilterDetectorTransmissionCurve}
# - {SOURCE: Materion (DM-46256)}
# - {DETECTOR: 47}
# - {FILTER: u_24}
# - {CALIB_ID: 'calibDate=1970-01-01T00:00:00 filter=u_24 detector=47'}
# - {DATE: '2025-04-02T15:59:39.967240'}
# - {CALIB_CREATION_DATE: '2025-04-02'}
# - {CALIB_CREATION_TIME: '15:59:39'}
# - __serialized_columns__:
#     efficiency:
#       __class__: astropy.units.quantity.Quantity
#       unit: !astropy.units.Unit {unit: '%'}
#       value: !astropy.table.SerializedColumn {name: efficiency}
#     wavelength:
#       __class__: astropy.units.quantity.Quantity
#       unit: !astropy.units.Unit {unit: nm}
#       value: !astropy.table.SerializedColumn {name: wavelength}
# schema: astropy-2.0
wavelength efficiency
[from data line 586]
881.0 0.0028890059184050187
882.0 0.003049407860089559
883.0 0.0028220067179063335
884.0 0.0025946057576220483
885.0 0.0025302857466158457
886.0 0.002465966099407524
887.0 0.0022619980882154778
888.0 0.0020580304408213124
889.0 0.0019514556697686203
890.0 0.0018448805349180475
891.0 0.0021584632122539915
892.0 0.002472045707690995
893.0 0.0023634418539586477
894.0 0.002254837454529479
895.0 0.0026483046895009466
896.0 0.0030417715606745332
897.0 0.003518896483001299
898.0 0.003996021769125946
899.0 0.004216350498609245
900.0 0.004436678500496782
901.0 0.004329863077146001
902.0 0.00422304765379522
903.0 0.0044986729335505515
904.0 0.004774297849508002
905.0 0.004983024700777605
906.0 0.005191751188249327
907.0 0.0055094522394938394
908.0 0.005827152926940471
909.0 0.005733087891712785
910.0 0.005639023220282979
911.0 0.0057154968089889735
912.0 0.005791970761492848
913.0 0.005690666876034811
914.0 0.005589362626778893
915.0 0.004917870319331996
916.0 0.00424637837568298
917.0 0.003959207242587581
918.0 0.003672036837087944
919.0 0.004032019569422118
920.0 0.004392002301756293
921.0 0.004530023943516426
922.0 0.004668045585276559
923.0 0.005466667789733037
924.0 0.0062652878114022315
925.0 0.0065895299485418946
926.0 0.006913772813277319
927.0 0.007421040209010243
928.0 0.007928304694360122
929.0 0.007809324597474188
930.0 0.007690344500588253
931.0 0.00733228080207482
932.0 0.006974216375965625
933.0 0.006815380038460717
934.0 0.006656543700955808
935.0 0.006877812120364979
936.0 0.007099081267369911
937.0 0.007169758464442566
938.0 0.007240437844302505
939.0 0.007059187191771343
940.0 0.0068779365392401814
941.0 0.006174863665364683
942.0 0.005471790791489184
943.0 0.004281585279386491
944.0 0.0030913804948795587
945.0 0.0025010740500874817
946.0 0.0019107677871943451
947.0 0.001676924694038462
948.0 0.0014430816008825786
949.0 0.0013841917279933114
950.0 0.001325301764154574
951.0 0.0012740554666379467
952.0 0.0012228090781718493
953.0 0.0014793205991736613
954.0 0.0017358323020744137
955.0 0.0022757369151804596
956.0 0.002815641346387565
957.0 0.00284131383523345
958.0 0.002866985414584633
959.0 0.003078593363170512
960.0 0.00329020076605957
961.0 0.0036339330108603463
962.0 0.003977664891863242
963.0 0.004237375833326951
964.0 0.004497086410992779
965.0 0.0045981421862961724
966.0 0.004699197961599566
967.0 0.004792862819158472
968.0 0.004886528040515259
969.0 0.004799835005542263
970.0 0.004713141970569268
971.0 0.004758611248689704
972.0 0.004804080163012259
973.0 0.00464230433863122
974.0 0.004480528150452301
975.0 0.004174065179540776
976.0 0.00386760184483137
977.0 0.0036137058486929163
978.0 0.003359809488756582
979.0 0.0031516228773398325
980.0 0.002943436447822023
981.0 0.002847792529792059
982.0 0.0027521482479642145
983.0 0.002898114144045394
984.0 0.0030440796763286926
985.0 0.0033961179724428803
986.0 0.0037481564504560083
987.0 0.004103253377252258
988.0 0.004458349940250628
989.0 0.005445584611152299
990.0 0.006432818190660328
991.0 0.00638216151855886
992.0 0.006331504846457392
993.0 0.006695499905617908
994.0 0.007059494237182662
995.0 0.006827763718320057
996.0 0.006596029561478645
997.0 0.006372632196871564
998.0 0.006149237015051767
999.0 0.006320241664070636
1000.0 0.006491245585493743
1001.0 0.006100053360569291
1002.0 0.0057088607718469575
1003.0 0.005210544622968882
1004.0 0.004712229565484449
1005.0 0.004917762635159306
1006.0 0.0051232953410362825
1007.0 0.005019683885620907
1008.0 0.004916070247418247
1009.0 0.004459825504454784
1010.0 0.0040035814890870824
1011.0 0.0037898847949691117
1012.0 0.0035761888284469023
1013.0 0.003041439595108386
1014.0 0.0025066901798709296
1015.0 0.0021435951566672884
1016.0 0.0017805003153625876
1017.0 0.001609950777492486
1018.0 0.001439401057723444
1019.0 0.0013402824151853565
1020.0 0.0012411635907483287
1021.0 0.0011002758583344985
1022.0 0.0009593883078196086
1023.0 0.0010968362403218634
1024.0 0.0012342842637735885
1025.0 0.001404642443958437
1026.0 0.0015750008969916962
1027.0 0.0012249951396370307
1028.0 0.0008749892003834248
1029.0 0.0008583239832660183
1030.0 0.0008416589480475523
1031.0 0.0014628578355768695
1032.0 0.0020840570869040675
1033.0 0.0020190402210573666
1034.0 0.001954023537109606
1035.0 0.002168257560697384
1036.0 0.002382491402386222
1037.0 0.002534863233449869
1038.0 0.002687235246412456
1039.0 0.0024219205442932434
1040.0 0.002156606024072971
1041.0 0.0017180900613311678
1042.0 0.0012795742804883048
1043.0 0.0011485375580377877
1044.0 0.001017501108435681
1045.0 0.0013093155757815111
1046.0 0.0016011303159757517
1047.0 0.001826331026677508
1048.0 0.0020515319192782044
1049.0 0.0015127375263546128
1050.0 0.0009739424967847299
1051.0 0.0010960745385091286
1052.0 0.001218206398334587
1053.0 0.0008905130016501062
1054.0 0.0005628194685414201
1055.0 0.000632827732260921
1056.0 0.0007028364052530378
1057.0 0.0013103845049045049
1058.0 0.001917932604555972
1059.0 0.001122509092965629
1060.0 0.0003270857860115939
1061.0 0.0010534762623137794
1062.0 0.0017798665794543922
1063.0 0.0014655631275672931
1064.0 0.0011512593118823133
1065.0 0.0012205468920001294
1066.0 0.001289834654016886
1067.0 0.0007452871614077594
1068.0 0.00020073905488970922
1069.0 0.0012435975804692134
1070.0 0.0022864556740387343
1071.0 0.0012258201422810089
1072.0 0.00016518487200301024
1073.0 0.0008976324352261145
1074.0 0.0016300798961310647
1075.0 0.0031852858228376135
1076.0 0.004740491203847341
1077.0 0.004756869748234749
1078.0 0.0047732482926221564
1079.0 0.005492188211064786
1080.0 0.00621112558292225
1081.0 0.004349066875874996
1082.0 0.0024870081688277423
1083.0 0.0025031762561411597
1084.0 0.002519344889151398
1085.0 0.0037106739910086617
1086.0 0.004902002910966985
1087.0 0.0043050273234257475
1088.0 0.0037080513720866293
1089.0 0.005683624840457924
1090.0 0.00765919903642498
1091.0 0.00499874513479881
1092.0 0.002338291596970521
1093.0 0.0014822512639511842
1094.0 0.0006262112037802581
1095.0 0.0005357640020520194
1096.0 0.00044531702769745607
1097.0 0.001400842211296549
1098.0 0.002356367804168258
1099.0 0.0019788925783359446
1100.0 0.0016014175344025716
