lsstCam/transmission_filter_detector/r12_s02/u_24/19700101T000000.ecsv
# %ECSV 1.0
# ---
# datatype:
# - {name: wavelength, unit: nm, datatype: float32}
# - {name: efficiency, unit: '%', datatype: float64}
# meta: !!omap
# - {MODE: DETECTOR}
# - {TYPE: transmission_filter_detector}
# - {CALIBDATE: '1970-01-01T00:00:00'}
# - {INSTRUME: LSSTCam}
# - {OBSTYPE: transmission_filter_detector}
# - {CALIBCLS: lsst.ip.isr.IntermediateFilterDetectorTransmissionCurve}
# - {SOURCE: Materion (DM-46256)}
# - {DETECTOR: 47}
# - {FILTER: u_24}
# - {CALIB_ID: 'calibDate=1970-01-01T00:00:00 filter=u_24 detector=47'}
# - {DATE: '2025-04-02T15:59:39.967240'}
# - {CALIB_CREATION_DATE: '2025-04-02'}
# - {CALIB_CREATION_TIME: '15:59:39'}
# - __serialized_columns__:
#     efficiency:
#       __class__: astropy.units.quantity.Quantity
#       unit: !astropy.units.Unit {unit: '%'}
#       value: !astropy.table.SerializedColumn {name: efficiency}
#     wavelength:
#       __class__: astropy.units.quantity.Quantity
#       unit: !astropy.units.Unit {unit: nm}
#       value: !astropy.table.SerializedColumn {name: wavelength}
# schema: astropy-2.0
wavelength efficiency
295.0 0.13517491752281785
296.0 1.599846448895048e-10
297.0 1.599846448895048e-10
298.0 1.599846448895048e-10
299.0 1.599846448895048e-10
300.0 1.599846448895048e-10
301.0 1.599846448895048e-10
302.0 1.599846448895048e-10
303.0 1.599846448895048e-10
304.0 0.12657075421884656
305.0 0.4979080520570278
306.0 1.6647817566990852
307.0 2.8328439220786095
308.0 5.1008399575948715
309.0 8.140458911657333
310.0 11.59268468618393
311.0 15.265043079853058
312.0 19.04256045818329
313.0 21.919648349285126
314.0 25.24510622024536
315.0 27.408382296562195
316.0 29.851433634757996
317.0 32.065609097480774
318.0 34.841230511665344
319.0 38.51586580276489
320.0 43.54989528656006
321.0 48.97167384624481
322.0 54.98111844062805
323.0 60.38070321083069
324.0 64.98863697052002
325.0 68.52246522903442
326.0 70.88849544525146
327.0 72.88624048233032
328.0 74.6244728565216
329.0 76.09659433364868
330.0 77.44280695915222
331.0 78.17808389663696
332.0 78.56224179267883
333.0 78.71810793876648
334.0 78.48291397094727
335.0 78.67713570594788
336.0 78.83580923080444
337.0 79.34371829032898
338.0 80.07552027702332
339.0 80.83004951477051
340.0 81.26437067985535
341.0 81.73094391822815
342.0 82.038015127182
343.0 82.03109502792358
344.0 82.19935297966003
345.0 82.51293301582336
346.0 82.87203907966614
347.0 83.14428925514221
348.0 83.50148797035217
349.0 83.67504477500916
350.0 83.75259041786194
351.0 84.03985500335693
352.0 83.79831910133362
353.0 83.76186490058899
354.0 83.63472819328308
355.0 83.86058807373047
356.0 84.05880928039551
357.0 84.07347798347473
358.0 83.7367594242096
359.0 83.57751965522766
360.0 83.39293599128723
361.0 83.15331935882568
362.0 83.04190039634705
363.0 83.12081694602966
364.0 83.22378396987915
365.0 83.40070247650146
366.0 83.63369703292847
367.0 83.7199330329895
368.0 83.68918299674988
369.0 83.70705842971802
370.0 83.41078758239746
371.0 83.24595093727112
372.0 83.1627905368805
373.0 83.30299258232117
374.0 83.27815532684326
375.0 83.57225060462952
376.0 83.7121307849884
377.0 83.69594812393188
378.0 83.75953435897827
379.0 83.60779881477356
380.0 82.91437029838562
381.0 81.64917230606079
382.0 79.96813654899597
383.0 78.03661823272705
384.0 75.91763138771057
385.0 73.67350459098816
386.0 71.22620344161987
387.0 68.0679202079773
388.0 64.74162340164185
389.0 60.88448166847229
390.0 56.925082206726074
391.0 52.70313620567322
392.0 48.277631402015686
393.0 44.47871744632721
394.0 41.244542598724365
395.0 37.86293268203735
396.0 34.37022566795349
397.0 29.703259468078613
398.0 24.23592209815979
399.0 17.512059211730957
400.0 11.303240060806274
401.0 6.364808976650238
402.0 2.886918932199478
403.0 0.9766671806573868
404.0 0.30996075365692377
405.0 0.11755299055948853
406.0 0.04817306762561202
407.0 0.0509196484927088
408.0 0.023582513676956296
409.0 1.599846448895048e-10
410.0 1.599846448895048e-10
411.0 1.599846448895048e-10
412.0 1.599846448895048e-10
413.0 1.599846448895048e-10
414.0 1.599846448895048e-10
415.0 1.599846448895048e-10
416.0 1.599846448895048e-10
417.0 1.599846448895048e-10
418.0 1.599846448895048e-10
419.0 1.599846448895048e-10
420.0 1.599846448895048e-10
421.0 1.599846448895048e-10
422.0 1.599846448895048e-10
423.0 1.599846448895048e-10
424.0 1.599846448895048e-10
425.0 1.599846448895048e-10
426.0 1.599846448895048e-10
427.0 1.599846448895048e-10
428.0 0.0002052743866443052
429.0 0.0011397806702007074
430.0 0.0020742867491208017
431.0 0.0008033803169382736
432.0 1.599846448895048e-10
433.0 0.0004415055173012661
434.0 0.0013505366950994357
435.0 0.001294553203479154
436.0 0.0012385698937578127
437.0 3.6597657526726834e-05
438.0 1.599846448895048e-10
439.0 0.00012140537819504971
440.0 0.0014081852896197233
441.0 1.599846448895048e-10
442.0 1.599846448895048e-10
443.0 1.599846448895048e-10
444.0 1.599846448895048e-10
445.0 1.599846448895048e-10
446.0 1.599846448895048e-10
447.0 1.599846448895048e-10
448.0 1.599846448895048e-10
449.0 0.00014000444252815214
450.0 0.0011122432624688372
451.0 1.599846448895048e-10
452.0 1.599846448895048e-10
453.0 1.599846448895048e-10
454.0 1.599846448895048e-10
455.0 1.599846448895048e-10
456.0 1.599846448895048e-10
457.0 1.599846448895048e-10
458.0 1.599846448895048e-10
459.0 1.599846448895048e-10
460.0 1.599846448895048e-10
461.0 1.599846448895048e-10
462.0 1.599846448895048e-10
463.0 1.599846448895048e-10
464.0 1.599846448895048e-10
465.0 0.00012090681593690533
466.0 0.0004949474714521784
467.0 0.00021494927295861999
468.0 1.599846448895048e-10
469.0 0.00016591844769209274
470.0 0.00039688566175755113
471.0 1.599846448895048e-10
472.0 1.599846448895048e-10
473.0 1.599846448895048e-10
474.0 1.599846448895048e-10
475.0 1.599846448895048e-10
476.0 1.599846448895048e-10
477.0 0.0004901032298221253
478.0 0.000985225233307574
479.0 0.0004703069862443954
480.0 1.599846448895048e-10
481.0 8.183619684132282e-05
482.0 0.00020828356355195865
483.0 1.599846448895048e-10
484.0 1.599846448895048e-10
485.0 1.599846448895048e-10
486.0 1.599846448895048e-10
487.0 1.599846448895048e-10
488.0 1.599846448895048e-10
489.0 1.599846448895048e-10
490.0 1.599846448895048e-10
491.0 1.599846448895048e-10
492.0 1.599846448895048e-10
493.0 1.599846448895048e-10
494.0 1.599846448895048e-10
495.0 0.00011061487157348893
496.0 0.0009854640666162595
497.0 0.0005553931714530336
498.0 0.00012532191249192692
499.0 0.0003758259026653832
500.0 0.0006263300292630447
501.0 0.00034892684652731987
502.0 7.15238400061935e-05
503.0 1.599846448895048e-10
504.0 1.599846448895048e-10
505.0 1.599846448895048e-10
506.0 1.599846448895048e-10
507.0 1.599846448895048e-10
508.0 1.599846448895048e-10
509.0 1.599846448895048e-10
510.0 1.599846448895048e-10
511.0 0.00013929499118603417
512.0 0.000569317489862442
513.0 0.00039028718674671836
514.0 0.00021125661078258418
515.0 0.00027961714295088314
516.0 0.00034797774333128473
517.0 4.383522025364073e-05
518.0 1.599846448895048e-10
519.0 5.6003153758865665e-05
520.0 0.0003723136615008116
521.0 0.00036265557810111204
522.0 0.0003529973355398397
523.0 2.4928664288381697e-05
524.0 1.599846448895048e-10
525.0 1.599846448895048e-10
526.0 1.599846448895048e-10
527.0 1.599846448895048e-10
528.0 1.599846448895048e-10
529.0 1.599846448895048e-10
530.0 1.599846448895048e-10
531.0 1.599846448895048e-10
532.0 0.00042022816160169896
533.0 4.891169282927876e-05
534.0 1.599846448895048e-10
535.0 1.599846448895048e-10
536.0 1.599846448895048e-10
537.0 1.599846448895048e-10
538.0 1.599846448895048e-10
539.0 1.599846448895048e-10
540.0 1.599846448895048e-10
541.0 1.599846448895048e-10
542.0 1.599846448895048e-10
543.0 1.599846448895048e-10
544.0 1.599846448895048e-10
545.0 1.599846448895048e-10
546.0 1.599846448895048e-10
547.0 1.599846448895048e-10
548.0 0.00013669236977875698
549.0 1.599846448895048e-10
550.0 1.599846448895048e-10
551.0 1.599846448895048e-10
552.0 1.599846448895048e-10
553.0 1.599846448895048e-10
554.0 1.599846448895048e-10
555.0 1.599846448895048e-10
556.0 1.599846448895048e-10
557.0 1.599846448895048e-10
558.0 1.599846448895048e-10
559.0 1.599846448895048e-10
560.0 0.00014309425750980154
561.0 6.586283234355506e-05
562.0 1.599846448895048e-10
563.0 1.599846448895048e-10
564.0 1.599846448895048e-10
565.0 1.599846448895048e-10
566.0 1.599846448895048e-10
567.0 1.599846448895048e-10
568.0 6.764203135389835e-05
569.0 0.0002999098342115758
570.0 0.0005321774096955778
571.0 0.0005025863629271043
572.0 0.00047299540710810106
573.0 0.00048374458856415004
574.0 0.0004944941792928148
575.0 0.00023174557099991944
576.0 1.599846448895048e-10
577.0 0.0001047822138389165
578.0 0.00024056732854660368
579.0 0.00041980433707067277
580.0 0.0005990412773826392
581.0 0.0007817546247679275
582.0 0.0009644681995268911
583.0 0.0014016018212714698
584.0 0.0018387356249149889
585.0 0.0015039694517327007
586.0 0.0011692029147525318
587.0 0.001194235392176779
588.0 0.001219267778651556
589.0 0.0010490470231161453
590.0 0.000878825994732324
591.0 0.0009630634849600028
592.0 0.0010473008842382114
593.0 0.0008936583071772475
594.0 0.0007400151844194625
595.0 0.000760583316150587
596.0 0.0007811509931343608
597.0 0.0009067299288290087
598.0 0.0010323085916752461
599.0 0.0014436381206905935
600.0 0.0018549673768575303
601.0 0.002094064802804496
602.0 0.002333162228751462
603.0 0.0020351486455183476
604.0 0.0017371352441841736
605.0 0.0015556770449620672
606.0 0.0013742188457399607
607.0 0.0012978554877918214
608.0 0.0012214922207931522
609.0 0.0007837116754672024
610.0 0.00034593113014125265
611.0 0.0004753989287564764
612.0 0.0006048667273717001
613.0 0.0005127573331265012
614.0 0.00042064789340656716
615.0 0.0005906487331230892
616.0 0.0007606496637890814
617.0 0.0008498949682689272
618.0 0.0009391404091729783
619.0 0.000497648125019623
620.0 5.615604550257558e-05
621.0 0.0003365406200828147
622.0 0.0006169250809762161
623.0 0.0006235658474906813
624.0 0.0006302065685304115
625.0 0.0006983599632803816
626.0 0.0007665134035050869
627.0 0.0007338823252212023
628.0 0.000701251337886788
629.0 0.0007757204912195448
630.0 0.0008501897355017718
631.0 0.0013683908036909997
632.0 0.0018865917809307575
633.0 0.001895328205137048
634.0 0.0019040646293433383
635.0 0.002247973134217318
636.0 0.0025918814571923576
637.0 0.0025204055418726057
638.0 0.0024489294446539134
639.0 0.0017844766261987388
640.0 0.0011200234439456835
641.0 0.0011596692274906673
642.0 0.001199315011035651
643.0 0.0007781914973747917
644.0 0.0003570679155018297
645.0 0.0004662775609176606
646.0 0.0005754871835961239
647.0 0.00020323723219917156
648.0 1.599846448895048e-10
649.0 2.125386941997931e-05
650.0 0.00021152038698346587
651.0 0.00047587768676748965
652.0 0.0007402351002383512
653.0 0.0011257955520704854
654.0 0.0015113557310542092
655.0 0.0015324854757636786
656.0 0.0015536148566752672
657.0 0.0024586537620052695
658.0 0.0033636930311331525
659.0 0.0038126101571833715
660.0 0.00426152728323359
661.0 0.0042127358028665185
662.0 0.004163944322499447
663.0 0.003250300869694911
664.0 0.002336657780688256
665.0 0.001990138662222307
666.0 0.001643619361857418
667.0 0.0015782930859131739
668.0 0.001512966446171049
669.0 0.0009485668670095038
670.0 0.0003841673333226936
671.0 0.0003958196884923382
672.0 0.0004074719527125126
673.0 0.0003493445319691091
674.0 0.00029121708848833805
675.0 0.0005652959316648776
676.0 0.0008393747521040495
677.0 0.0014966884009481873
678.0 0.0021540023226407357
679.0 0.0021530502635869198
680.0 0.002152098204533104
681.0 0.0030682629585498944
682.0 0.003984427894465625
683.0 0.005654649794450961
684.0 0.007324872422032058
685.0 0.007917019684100524
686.0 0.008509170584147796
687.0 0.007886391540523618
688.0 0.007263613224495202
689.0 0.006019247302901931
690.0 0.004774882108904421
691.0 0.004315094702178612
692.0 0.0038553072954528034
693.0 0.003322931661386974
694.0 0.0027905563911190256
695.0 0.0023916125428513624
696.0 0.001992668694583699
697.0 0.0014198983080859762
698.0 0.0008471279215882532
699.0 0.0007168763659137767
700.0 0.0005866246738150949
701.0 0.0005736971615988296
702.0 0.0005607696039078292
703.0 0.0007045911843306385
704.0 0.0008484131285513286
705.0 0.0007887155334174167
706.0 0.0007290183020813856
707.0 0.0007992302016646136
708.0 0.0008694416465004906
709.0 0.0007074029781506397
710.0 0.0005453642188513186
711.0 0.0005865711955266306
712.0 0.0006277780357777374
713.0 0.0007778014150972012
714.0 0.0009278246579924598
715.0 0.0007869138244132046
716.0 0.0006460029453592142
717.0 0.0006157181360322284
718.0 0.0005854332812305074
719.0 0.0005728961696149781
720.0 0.0005603589670499787
721.0 0.0004478603386814939
722.0 0.00033536164210090647
723.0 0.0004988738965039374
724.0 0.0006623860826948658
725.0 0.00042773140194185544
726.0 0.0001930765620272723
727.0 0.0003859882326651132
728.0 0.0005788999260403216
729.0 0.00040546137825003825
730.0 0.00023202289867185755
731.0 0.00020734632926178165
732.0 0.00018266982806380838
733.0 0.00012103035942345741
734.0 5.93909078361321e-05
735.0 0.00028408053367456887
736.0 0.0005087701538286638
737.0 0.0005495676305145025
738.0 0.0005903650162508711
739.0 0.0005268089353194227
740.0 0.0004632527179637691
741.0 0.0009475698789174203
742.0 0.0014318870853458066
743.0 0.0018363245544605888
744.0 0.0022407617507269606
745.0 0.0027994727133773267
746.0 0.003358183312229812
747.0 0.003921949246432632
748.0 0.004485715544433333
749.0 0.003977481173933484
750.0 0.0034692478948272765
751.0 0.0032719679438741878
752.0 0.0030746883567189798
753.0 0.0026099831302417442
754.0 0.0021452779037645087
755.0 0.0024431772544630803
756.0 0.0027410769689595327
757.0 0.0022407417418435216
758.0 0.0017404065147275105
759.0 0.0014125387679086998
760.0 0.0010846712939382996
761.0 0.001235026866197586
762.0 0.0013853824384568725
763.0 0.0010850889339053538
764.0 0.0007847952474548947
765.0 0.0008625973350717686
766.0 0.0009403993317391723
767.0 0.0008320941560668871
768.0 0.0007237888894451316
769.0 0.0006797510195610812
770.0 0.0006357129677780904
771.0 0.00041875068745866884
772.0 0.00020178824797767447
773.0 0.00035272444165457273
774.0 0.0005036606580688385
775.0 0.0005114129180583404
776.0 0.0005191649506741669
777.0 0.0005414815404947149
778.0 0.0005637978574668523
779.0 0.0006495366505987477
780.0 0.0007352753982559079
781.0 0.0008959661499829963
782.0 0.00105665703813429
783.0 0.001013115524983732
784.0 0.0009695737389847636
785.0 0.00109572638393729
786.0 0.001221878846990876
787.0 0.00102779631561134
788.0 0.0008337137842318043
789.0 0.0008362209882761817
790.0 0.000838728101371089
791.0 0.000797498069005087
792.0 0.00075626799116435
793.0 0.00023795728338882327
794.0 1.599846448895048e-10
795.0 1.599846448895048e-10
796.0 1.599846448895048e-10
797.0 0.00022412450562114827
798.0 0.0005533584044314921
799.0 0.00023714439976174617
800.0 1.599846448895048e-10
801.0 1.599846448895048e-10
802.0 1.599846448895048e-10
803.0 1.599846448895048e-10
804.0 1.599846448895048e-10
805.0 1.599846448895048e-10
806.0 1.599846448895048e-10
807.0 1.599846448895048e-10
808.0 1.599846448895048e-10
809.0 9.485065675107762e-05
810.0 0.0004345465185906505
811.0 0.00012166482292741421
812.0 1.599846448895048e-10
813.0 0.00012968638429811108
814.0 0.00045058964133204427
815.0 0.0003531736410877784
816.0 0.0002557575953687774
817.0 0.00018248873630000162
818.0 0.00010921977491307189
819.0 6.52863036521012e-05
820.0 2.1352890655634837e-05
821.0 1.599846448895048e-10
822.0 1.599846448895048e-10
823.0 1.599846448895048e-10
824.0 7.239784771684299e-07
825.0 1.599846448895048e-10
826.0 1.599846448895048e-10
827.0 0.0001869108587015944
828.0 0.0005298178166412981
829.0 0.0003644039679784328
830.0 0.00019899059680028586
831.0 1.599846448895048e-10
832.0 1.599846448895048e-10
833.0 1.599846448895048e-10
834.0 1.599846448895048e-10
835.0 1.599846448895048e-10
836.0 1.599846448895048e-10
837.0 1.599846448895048e-10
838.0 1.599846448895048e-10
839.0 1.599846448895048e-10
840.0 1.599846448895048e-10
841.0 1.599846448895048e-10
842.0 0.00010833755368366838
843.0 1.759344030460852e-05
844.0 1.599846448895048e-10
845.0 2.4860787561920006e-05
846.0 0.0001228722453561204
847.0 6.813019695073308e-05
848.0 1.338823523155952e-05
849.0 5.8198600072500994e-05
850.0 0.00010300882422598079
851.0 5.316194346960401e-05
852.0 3.315127372616189e-06
853.0 0.00020473753465921618
854.0 0.00040615996113047004
855.0 0.00030614942261308897
856.0 0.00020613890683307545
857.0 0.00048503738980798516
858.0 0.0007639358955202624
859.0 0.0008653518307255581
860.0 0.0009667677659308538
861.0 0.0008375565812457353
862.0 0.0007083453510858817
863.0 0.0008340992280864157
864.0 0.0009598528777132742
865.0 0.0015670251741539687
866.0 0.0021741971067967825
867.0 0.0020228870198479854
868.0 0.001871577296697069
869.0 0.0017843560272012837
870.0 0.0016971343939076178
871.0 0.0016844489437062293
872.0 0.0016717633116059005
873.0 0.0017459797163610347
874.0 0.0018201961211161688
875.0 0.002099927223753184
876.0 0.00237965869018808
877.0 0.0024803039195830934
878.0 0.002580949330877047
879.0 0.0026547766537987627
