lsstCam/transmission_filter_detector/r13_s11/i_39/19700101T000000.ecsv
# %ECSV 1.0
# ---
# datatype:
# - {name: wavelength, unit: nm, datatype: float32}
# - {name: efficiency, unit: '%', datatype: float64}
# meta: !!omap
# - {MODE: DETECTOR}
# - {TYPE: transmission_filter_detector}
# - {CALIBDATE: '1970-01-01T00:00:00'}
# - {INSTRUME: LSSTCam}
# - {OBSTYPE: transmission_filter_detector}
# - {CALIBCLS: lsst.ip.isr.IntermediateFilterDetectorTransmissionCurve}
# - {SOURCE: Materion (DM-46256)}
# - {DETECTOR: 58}
# - {FILTER: i_39}
# - {CALIB_ID: 'calibDate=1970-01-01T00:00:00 filter=i_39 detector=58'}
# - {DATE: '2025-04-02T15:59:46.747834'}
# - {CALIB_CREATION_DATE: '2025-04-02'}
# - {CALIB_CREATION_TIME: '15:59:46'}
# - __serialized_columns__:
#     efficiency:
#       __class__: astropy.units.quantity.Quantity
#       unit: !astropy.units.Unit {unit: '%'}
#       value: !astropy.table.SerializedColumn {name: efficiency}
#     wavelength:
#       __class__: astropy.units.quantity.Quantity
#       unit: !astropy.units.Unit {unit: nm}
#       value: !astropy.table.SerializedColumn {name: wavelength}
# schema: astropy-2.0
wavelength efficiency
300.0 0.0759835122153163
301.0 0.037623915704898536
302.0 1.596398577566327e-10
303.0 0.02645087952259928
304.0 0.053637404926121235
305.0 0.039325913530774415
306.0 0.025014427956193686
307.0 0.006655875040451065
308.0 1.596398577566327e-10
309.0 1.596398577566327e-10
310.0 1.596398577566327e-10
311.0 1.596398577566327e-10
312.0 0.004301109947846271
313.0 0.0013612804650620092
314.0 1.596398577566327e-10
315.0 1.596398577566327e-10
316.0 1.596398577566327e-10
317.0 1.596398577566327e-10
318.0 1.596398577566327e-10
319.0 1.596398577566327e-10
320.0 1.596398577566327e-10
321.0 1.596398577566327e-10
322.0 0.0008349917152372655
323.0 1.596398577566327e-10
324.0 1.596398577566327e-10
325.0 1.596398577566327e-10
326.0 1.596398577566327e-10
327.0 0.00046021682464925107
328.0 0.0037620560760842636
329.0 0.002570956166891847
330.0 0.0013798564395983703
331.0 0.0013750286598224193
332.0 0.0013702014257432893
333.0 0.001375640476908302
334.0 0.001381079709972255
335.0 0.0003673479795907042
336.0 1.596398577566327e-10
337.0 0.0007710188583587296
338.0 0.0021884206944378093
339.0 0.0022213507691049017
340.0 0.002254281207569875
341.0 1.596398577566327e-10
342.0 1.596398577566327e-10
343.0 1.596398577566327e-10
344.0 1.596398577566327e-10
345.0 1.596398577566327e-10
346.0 1.596398577566327e-10
347.0 1.596398577566327e-10
348.0 1.596398577566327e-10
349.0 1.596398577566327e-10
350.0 1.596398577566327e-10
351.0 1.596398577566327e-10
352.0 2.4485456151523977e-05
353.0 1.596398577566327e-10
354.0 1.596398577566327e-10
355.0 1.596398577566327e-10
356.0 0.00024774235498625785
357.0 0.0008394553333346266
358.0 0.0014311684026324656
359.0 0.0013642846170114353
360.0 0.0012974005585419945
361.0 0.0011173814527865034
362.0 0.0009373625289299525
363.0 0.0003796184500970412
364.0 1.596398577566327e-10
365.0 0.001063320360117359
366.0 0.0023047665308695287
367.0 0.0015743189578643069
368.0 0.0008438715667580254
369.0 0.0007892725079727825
370.0 0.000734673676561215
371.0 0.0007193375495262444
372.0 0.0007040014224912738
373.0 0.0008445918865618296
374.0 0.0009851823961071204
375.0 0.0002277889052493265
376.0 1.596398577566327e-10
377.0 1.596398577566327e-10
378.0 1.4676029991278483e-05
379.0 1.596398577566327e-10
380.0 1.596398577566327e-10
381.0 1.596398577566327e-10
382.0 1.596398577566327e-10
383.0 0.0005921984666201752
384.0 0.0018553477275418118
385.0 0.0013374100490182173
386.0 0.0008194722795451526
387.0 1.596398577566327e-10
388.0 1.596398577566327e-10
389.0 1.596398577566327e-10
390.0 1.596398577566327e-10
391.0 1.596398577566327e-10
392.0 1.596398577566327e-10
393.0 0.00014387302371687838
394.0 0.0009609510016161948
395.0 1.596398577566327e-10
396.0 1.596398577566327e-10
397.0 1.596398577566327e-10
398.0 1.596398577566327e-10
399.0 1.596398577566327e-10
400.0 1.596398577566327e-10
401.0 0.0013246671187516768
402.0 0.0028667947844951414
403.0 0.002561255132604856
404.0 0.00225571511691669
405.0 0.004010430347989313
406.0 0.005765144305769354
407.0 0.0027371545002097264
408.0 1.596398577566327e-10
409.0 0.00014299031363407266
410.0 0.0005768173195974668
411.0 0.002274078724440187
412.0 0.0039713406295049936
413.0 0.004350620656623505
414.0 0.004729902138933539
415.0 0.003762215783353895
416.0 0.0027945299734710716
417.0 0.0022534941308549605
418.0 0.0017124579244409688
419.0 0.0033978474675677717
420.0 0.005083237192593515
421.0 0.004359812373877503
422.0 0.003636387555161491
423.0 0.003995847509941086
424.0 0.004355307464720681
425.0 0.003281845783931203
426.0 0.0022083831936470233
427.0 0.0036542576708598062
428.0 0.00510013269376941
429.0 0.005292271453072317
430.0 0.005484410939970985
431.0 0.004241001443006098
432.0 0.002997592673636973
433.0 0.003316184665891342
434.0 0.003634776658145711
435.0 0.002889397364924662
436.0 0.002144017707905732
437.0 0.0018542945326771587
438.0 0.001564571721246466
439.0 0.0018989183445228264
440.0 0.0022332655134960078
441.0 0.000690939259584411
442.0 1.596398577566327e-10
443.0 1.596398577566327e-10
444.0 1.596398577566327e-10
445.0 1.596398577566327e-10
446.0 1.596398577566327e-10
447.0 0.000258400064012676
448.0 0.0007446722520398907
449.0 1.596398577566327e-10
450.0 1.596398577566327e-10
451.0 8.083077887022228e-05
452.0 0.0009564960237185005
453.0 0.0016895450244192034
454.0 0.002422594297968317
455.0 0.0020712652258225717
456.0 0.0017199363355757669
457.0 0.0013277331163408235
458.0 0.0009355297152069397
459.0 0.00045720653361058794
460.0 1.596398577566327e-10
461.0 0.00033255860216740984
462.0 0.0006862339432700537
463.0 0.00028700671919068554
464.0 1.596398577566327e-10
465.0 0.00019305687146697892
466.0 0.0004983342478226405
467.0 0.0006963382020330755
468.0 0.0008943420652940404
469.0 0.0004999689735996071
470.0 0.0001055959160112252
471.0 0.0004888594958174508
472.0 0.0008721232006791979
473.0 0.001018749117065454
474.0 0.0011653753972495906
475.0 0.0007139807621570071
476.0 0.00026258649086230434
477.0 0.0008556246939406265
478.0 0.0014486629879684187
479.0 0.0013995803783473093
480.0 0.0013504977687261999
481.0 0.002593696626718156
482.0 0.0038368940295185894
483.0 0.005318198600434698
484.0 0.006799503171350807
485.0 0.0075523108534980565
486.0 0.008305118535645306
487.0 0.011387705308152363
488.0 0.01447029208065942
489.0 0.017447530990466475
490.0 0.02042476844508201
491.0 0.022239780810195953
492.0 0.024054793175309896
493.0 0.02557070693001151
494.0 0.02708662359509617
495.0 0.0241691610426642
496.0 0.021251692669466138
497.0 0.01765561173669994
498.0 0.014059527893550694
499.0 0.009925244376063347
500.0 0.005790961586171761
501.0 0.004334529876359738
502.0 0.0028780987122445367
503.0 0.002603918983368203
504.0 0.0023297388906939887
505.0 0.00197474528249586
506.0 0.0016197516742977314
507.0 0.0015846590031287633
508.0 0.0015495659681619145
509.0 0.0018611939594848081
510.0 0.002172821950807702
511.0 0.0016151916497619823
512.0 0.001057561439665733
513.0 0.0014564776392944623
514.0 0.0018553937479737215
515.0 0.002455477624607738
516.0 0.003055561683140695
517.0 0.0025851051759673283
518.0 0.0021146483049960807
519.0 0.002179196053475607
520.0 0.0022437438019551337
521.0 0.0017252779798582196
522.0 0.0012068125215591863
523.0 0.0013775609659205656
524.0 0.0015483097740798257
525.0 0.00196985129150562
526.0 0.0023913926270324737
527.0 0.002385139487159904
528.0 0.002378886529186275
529.0 0.0019138828065479174
530.0 0.0014488789929600898
531.0 0.001485858501837356
532.0 0.0015228381926135626
533.0 0.0015769939636811614
534.0 0.0016311500075971708
535.0 0.0015857855032663792
536.0 0.0015404209989355877
537.0 0.0022938182155485265
538.0 0.0030472150683635846
539.0 0.00371781898138579
540.0 0.004388422894407995
541.0 0.005198230792302638
542.0 0.0060080386901972815
543.0 0.0052393388614291325
544.0 0.004470639396458864
545.0 0.003588049003155902
546.0 0.002705459155549761
547.0 0.0021951749658910558
548.0 0.0016848911400302313
549.0 0.0018559661839390174
550.0 0.0020270414097467437
551.0 0.0017222559108631685
552.0 0.0014174705938785337
553.0 0.0015218662156257778
554.0 0.001626261837373022
555.0 0.0012340951798250899
556.0 0.0008419287041760981
557.0 0.0007719233508396428
558.0 0.0007019179520284524
559.0 0.00023771483483869815
560.0 1.596398577566327e-10
561.0 0.0005294861693982966
562.0 0.0012854607120971195
563.0 0.0015016105862741824
564.0 0.0017177604604512453
565.0 0.0014049561286810786
566.0 0.0010921519788098522
567.0 0.0008085328772722278
568.0 0.0005249136393103981
569.0 0.0005907991180720273
570.0 0.000656684323985246
571.0 0.0004255449766787933
572.0 0.00019440562937234063
573.0 0.0002886378979383153
574.0 0.00038287025745376013
575.0 0.00036948645174561534
576.0 0.00035610253235063283
577.0 0.0004764658115163911
578.0 0.000596829158894252
579.0 0.00029642967547260923
580.0 1.596398577566327e-10
581.0 0.00020282445802877191
582.0 0.0004096186785318423
583.0 0.0004635350705939345
584.0 0.0005174513717065565
585.0 0.0008092837560980115
586.0 0.0011011163223884068
587.0 0.001001199234451633
588.0 0.0009012820555653889
589.0 0.0006845167263236362
590.0 0.0004677514425566187
591.0 0.0006816769655415555
592.0 0.0008956026249506976
593.0 0.00053366106840258
594.0 0.000171719477748411
595.0 0.0005448707725008717
596.0 0.0009180219421978109
597.0 0.0007966031262185425
598.0 0.0006751843557140091
599.0 0.0005951068487775046
600.0 0.0005150291599420598
601.0 0.00040236645872937515
602.0 0.000289703734779323
603.0 0.00023691936803516
604.0 0.000184134853498108
605.0 0.00015530081327597145
606.0 0.00012646678442251869
607.0 0.0003549356733856257
608.0 0.0005834044259245275
609.0 0.0004259344677848276
610.0 0.00026846423679671716
611.0 0.00057992251640826
612.0 0.0008913808414945379
613.0 0.0005441516350401798
614.0 0.00019692254227265948
615.0 1.596398577566327e-10
616.0 1.596398577566327e-10
617.0 1.596398577566327e-10
618.0 0.0001566475475556217
619.0 0.000258691170529346
620.0 0.00036073488445254043
621.0 0.0005085942575533409
622.0 0.0006564536306541413
623.0 0.0005492615855473559
624.0 0.00044206958591530565
625.0 0.000412536928706686
626.0 0.00038300436244753655
627.0 0.0002671782340257778
628.0 0.00015135208286665147
629.0 0.00037496761251532007
630.0 0.0005985832103760913
631.0 0.0005588276053458685
632.0 0.0005190720003156457
633.0 0.00043979571273666807
634.0 0.0003605194251576904
635.0 0.00041087500903813634
636.0 0.0004612305019691121
637.0 0.0004375222488306463
638.0 0.0004138138592679752
639.0 0.0006885197763040196
640.0 0.0009632255569158588
641.0 0.0006507394573418424
642.0 0.0003382533350304584
643.0 0.0005930770839768229
644.0 0.0008479008101858199
645.0 0.0007763542271277402
646.0 0.0007048076895443955
647.0 0.0008145024366967846
648.0 0.0009241975931217894
649.0 0.0008378930033359211
650.0 0.0007515883680753177
651.0 0.0008817030902719125
652.0 0.0010118179488927126
653.0 0.0011886080756084993
654.0 0.001365398202324286
655.0 0.0019750326828216203
656.0 0.0025846671633189544
657.0 0.0035441869840724394
658.0 0.0045037053496344015
659.0 0.007171050674514845
660.0 0.0659967481624335
661.0 0.08472035406157374
662.0 0.09365344885736704
663.0 0.09740071254782379
664.0 0.09190441924147308
665.0 0.1622685929760337
666.0 0.15972258988767862
667.0 0.20715086720883846
668.0 0.2023214241489768
669.0 0.3087554592639208
670.0 0.3507612273097038
671.0 0.681304233148694
672.0 1.0250415652990341
673.0 1.6349328681826591
674.0 2.417963743209839
675.0 3.325153887271881
676.0 4.488371312618256
677.0 5.811964347958565
678.0 7.210495322942734
679.0 8.633462339639664
680.0 10.681545734405518
681.0 12.822756171226501
682.0 15.372687578201294
683.0 18.11542809009552
684.0 21.134908497333527
685.0 24.042634665966034
686.0 27.056393027305603
687.0 30.272355675697327
688.0 33.62492620944977
689.0 37.07742094993591
690.0 41.112133860588074
691.0 45.47516107559204
692.0 50.62144994735718
693.0 56.045371294021606
694.0 62.0945930480957
695.0 67.84666776657104
696.0 74.04308915138245
697.0 79.53680157661438
698.0 85.2351725101471
699.0 89.4002616405487
700.0 92.4739420413971
701.0 94.74367499351501
702.0 96.34473919868469
703.0 97.05508947372437
704.0 97.35267162322998
705.0 97.69452214241028
706.0 97.75726795196533
707.0 97.74903655052185
708.0 97.86182641983032
709.0 97.96300530433655
710.0 97.69126176834106
711.0 97.94011116027832
712.0 97.84467816352844
713.0 97.88342118263245
714.0 98.01777005195618
715.0 98.04931282997131
716.0 97.87148237228394
717.0 98.11514616012573
718.0 98.19089770317078
719.0 98.0627954006195
720.0 98.32380414009094
721.0 98.19446206092834
722.0 97.79919981956482
723.0 97.6484477519989
724.0 97.30344414710999
725.0 97.0783531665802
726.0 96.85948491096497
727.0 96.62777781486511
728.0 96.40624523162842
729.0 96.24418616294861
730.0 96.26224637031555
731.0 96.3362991809845
732.0 96.34861946105957
733.0 96.67972922325134
734.0 97.02458381652832
735.0 97.17289805412292
736.0 97.61338233947754
737.0 97.9185700416565
738.0 98.2063353061676
739.0 98.53326678276062
740.0 98.6124575138092
741.0 98.46721291542053
742.0 98.85488748550415
743.0 98.7402081489563
744.0 98.46380352973938
745.0 98.44871163368225
746.0 98.44391345977783
747.0 98.6225426197052
748.0 98.53094816207886
749.0 98.47179055213928
750.0 98.5051691532135
751.0 98.36620092391968
752.0 98.23794364929199
753.0 98.44046831130981
754.0 98.3220636844635
755.0 98.52162003517151
756.0 98.5586166381836
757.0 98.6146867275238
758.0 98.6985981464386
759.0 98.77170324325562
760.0 98.58218431472778
761.0 98.55912923812866
762.0 98.59890937805176
763.0 98.49060773849487
764.0 98.434317111969
765.0 98.39267134666443
766.0 98.46030473709106
767.0 98.23474884033203
768.0 98.3030915260315
769.0 98.28605055809021
770.0 97.93715476989746
771.0 98.00137281417847
772.0 97.9562759399414
773.0 97.87469506263733
774.0 97.71065711975098
775.0 97.79039025306702
776.0 97.68153429031372
777.0 97.80324697494507
778.0 97.81706929206848
779.0 97.8778600692749
780.0 97.89255261421204
781.0 98.25352430343628
782.0 98.15062284469604
783.0 98.23815822601318
784.0 98.26597571372986
785.0 98.40987920761108
786.0 98.50332736968994
787.0 98.29089641571045
788.0 98.35415482521057
789.0 98.38915467262268
790.0 98.36403727531433
791.0 98.32980036735535
792.0 98.17466735839844
793.0 98.10301661491394
794.0 98.0866014957428
795.0 97.96772599220276
796.0 97.89276719093323
797.0 97.93412685394287
798.0 97.77321219444275
799.0 97.66989946365356
800.0 97.54747748374939
801.0 97.58599996566772
802.0 97.37277030944824
803.0 97.09092378616333
804.0 96.65367603302002
805.0 96.10949754714966
806.0 95.4771637916565
807.0 94.22888159751892
808.0 92.91309714317322
809.0 91.36039614677429
810.0 89.50782418251038
811.0 87.24316358566284
812.0 84.4329297542572
813.0 81.2160074710846
814.0 77.55565047264099
815.0 73.4577476978302
816.0 69.39908862113953
817.0 64.66185450553894
818.0 59.7110390663147
819.0 55.43122887611389
820.0 50.621575117111206
821.0 46.208712458610535
822.0 41.80617034435272
823.0 37.278443574905396
824.0 32.70348906517029
825.0 28.55686843395233
826.0 24.174925684928894
827.0 19.615213572978973
828.0 15.540972352027893
829.0 11.708260327577591
830.0 8.080440759658813
831.0 5.556689947843552
832.0 3.5288136452436447
833.0 2.1145422011613846
834.0 1.2367063201963902
835.0 0.6898165214806795
836.0 0.41051944717764854
837.0 0.2612596144899726
838.0 0.1095219049602747
839.0 0.08492073393426836
840.0 0.07310313521884382
841.0 0.016499454795848578
842.0 0.03425374161452055
843.0 1.596398577566327e-10
844.0 1.596398577566327e-10
845.0 1.596398577566327e-10
846.0 1.596398577566327e-10
847.0 1.596398577566327e-10
848.0 1.596398577566327e-10
849.0 1.596398577566327e-10
850.0 1.596398577566327e-10
851.0 1.596398577566327e-10
852.0 0.0003690383209686843
853.0 0.0007670229024370201
854.0 0.0011650078704406042
855.0 0.0009872707778413314
856.0 0.0008095337761915289
857.0 0.0009932394277711865
858.0 0.0011769448065024335
859.0 0.0006757235041732201
860.0 0.00017450205405111774
861.0 0.00026899970180238597
862.0 0.0003634972699728678
863.0 0.00018204041225544643
864.0 5.836255034807891e-07
865.0 4.014594594536902e-05
866.0 7.970822935021715e-05
867.0 5.925219284108607e-05
868.0 3.879610801504896e-05
869.0 1.596398577566327e-10
870.0 1.596398577566327e-10
871.0 4.154755117724562e-05
872.0 0.0002472649384799297
873.0 0.0001812721734495426
874.0 0.0001152793743131042
875.0 0.00013262506399769336
876.0 0.00014997077641965006
877.0 1.596398577566327e-10
878.0 1.596398577566327e-10
879.0 1.4654736446573224e-05
880.0 0.00046447771637758706
881.0 0.00018345502894590027
882.0 1.596398577566327e-10
883.0 0.00010145520263904473
884.0 0.00030047804102650844
885.0 9.975259445127449e-05
886.0 1.596398577566327e-10
887.0 2.4525797925889492e-05
888.0 0.00015002444797573844
889.0 6.992129328864394e-05
890.0 1.596398577566327e-10
891.0 0.00010109289405590971
892.0 0.00021236758129816735
893.0 0.00024287085125251906
894.0 0.00027337412120687077
895.0 1.596398577566327e-10
896.0 1.596398577566327e-10
897.0 1.596398577566327e-10
898.0 1.596398577566327e-10
