lsstCam/transmission_filter_detector/r13_s11/i_39/19700101T000000.ecsv
# %ECSV 1.0
# ---
# datatype:
# - {name: wavelength, unit: nm, datatype: float32}
# - {name: efficiency, unit: '%', datatype: float64}
# meta: !!omap
# - {MODE: DETECTOR}
# - {TYPE: transmission_filter_detector}
# - {CALIBDATE: '1970-01-01T00:00:00'}
# - {INSTRUME: LSSTCam}
# - {OBSTYPE: transmission_filter_detector}
# - {CALIBCLS: lsst.ip.isr.IntermediateFilterDetectorTransmissionCurve}
# - {SOURCE: Materion (DM-46256)}
# - {DETECTOR: 58}
# - {FILTER: i_39}
# - {CALIB_ID: 'calibDate=1970-01-01T00:00:00 filter=i_39 detector=58'}
# - {DATE: '2025-04-02T15:59:46.747834'}
# - {CALIB_CREATION_DATE: '2025-04-02'}
# - {CALIB_CREATION_TIME: '15:59:46'}
# - __serialized_columns__:
#     efficiency:
#       __class__: astropy.units.quantity.Quantity
#       unit: !astropy.units.Unit {unit: '%'}
#       value: !astropy.table.SerializedColumn {name: efficiency}
#     wavelength:
#       __class__: astropy.units.quantity.Quantity
#       unit: !astropy.units.Unit {unit: nm}
#       value: !astropy.table.SerializedColumn {name: wavelength}
# schema: astropy-2.0
wavelength efficiency
[from data line 600]
900.0 1.596398577566327e-10
901.0 1.596398577566327e-10
902.0 1.596398577566327e-10
903.0 1.596398577566327e-10
904.0 1.596398577566327e-10
905.0 1.596398577566327e-10
906.0 1.596398577566327e-10
907.0 1.596398577566327e-10
908.0 9.631612556404434e-05
909.0 1.596398577566327e-10
910.0 1.596398577566327e-10
911.0 1.596398577566327e-10
912.0 6.109584660407563e-05
913.0 4.7269080027945165e-05
914.0 3.3442330504840356e-05
915.0 1.596398577566327e-10
916.0 1.596398577566327e-10
917.0 1.596398577566327e-10
918.0 1.596398577566327e-10
919.0 1.596398577566327e-10
920.0 6.29326791568019e-05
921.0 7.142151048356027e-06
922.0 1.596398577566327e-10
923.0 1.596398577566327e-10
924.0 1.596398577566327e-10
925.0 9.943290280034489e-06
926.0 0.0002163385033782106
927.0 1.596398577566327e-10
928.0 1.596398577566327e-10
929.0 1.596398577566327e-10
930.0 0.00019035136347156367
931.0 0.00012555789226098568
932.0 6.076442105040769e-05
933.0 4.1811213691289595e-05
934.0 2.28580461225647e-05
935.0 1.596398577566327e-10
936.0 1.596398577566327e-10
937.0 1.596398577566327e-10
938.0 1.596398577566327e-10
939.0 1.596398577566327e-10
940.0 1.596398577566327e-10
941.0 1.596398577566327e-10
942.0 1.596398577566327e-10
943.0 1.596398577566327e-10
944.0 1.596398577566327e-10
945.0 1.596398577566327e-10
946.0 1.596398577566327e-10
947.0 1.596398577566327e-10
948.0 1.596398577566327e-10
949.0 1.596398577566327e-10
950.0 1.596398577566327e-10
951.0 1.596398577566327e-10
952.0 1.596398577566327e-10
953.0 1.596398577566327e-10
954.0 1.596398577566327e-10
955.0 9.236292157766002e-05
956.0 0.00025667591216915753
957.0 0.00023757759208820062
958.0 0.00021847920379514107
959.0 0.0001520427304058103
960.0 8.560626270082139e-05
961.0 0.00012328490583968232
962.0 0.00016096355466288514
963.0 6.094261948419444e-05
964.0 1.596398577566327e-10
965.0 1.596398577566327e-10
966.0 1.596398577566327e-10
967.0 1.596398577566327e-10
968.0 1.596398577566327e-10
969.0 1.596398577566327e-10
970.0 4.983253347745631e-05
971.0 1.596398577566327e-10
972.0 1.596398577566327e-10
973.0 1.596398577566327e-10
974.0 1.596398577566327e-10
975.0 1.596398577566327e-10
976.0 2.5599399577913573e-05
977.0 1.596398577566327e-10
978.0 1.596398577566327e-10
979.0 1.596398577566327e-10
980.0 1.596398577566327e-10
981.0 1.596398577566327e-10
982.0 1.596398577566327e-10
983.0 1.596398577566327e-10
984.0 1.596398577566327e-10
985.0 7.10324343344837e-05
986.0 0.00025645481400715653
987.0 1.596398577566327e-10
988.0 1.596398577566327e-10
989.0 1.596398577566327e-10
990.0 1.596398577566327e-10
991.0 1.596398577566327e-10
992.0 1.596398577566327e-10
993.0 1.596398577566327e-10
994.0 0.00010364154832132044
995.0 1.596398577566327e-10
996.0 1.596398577566327e-10
997.0 5.5225427786353976e-05
998.0 0.00033397589049855014
999.0 0.00034840820717363385
1000.0 0.0003628404783739825
1001.0 0.00021351179384510033
1002.0 6.418307521016686e-05
1003.0 6.76465845117491e-05
1004.0 7.111011655069888e-05
1005.0 1.596398577566327e-10
1006.0 1.596398577566327e-10
1007.0 3.429516226560736e-06
1008.0 0.00013586086424766108
1009.0 0.00011131703558930894
1010.0 8.677312166582851e-05
1011.0 0.00011498718777147587
1012.0 0.0001432012254554138
1013.0 0.0003159760126436595
1014.0 0.000488750856675324
1015.0 0.00037714426071033813
1016.0 0.00026553773295745486
1017.0 0.00040493341657565907
1018.0 0.000544329213880701
1019.0 0.0003783504780585645
1020.0 0.00021237165128695779
1021.0 0.0002635134023876162
1022.0 0.0003146551307509071
1023.0 0.0006462679266405758
1024.0 0.0009778808816918172
1025.0 0.0007296418516489211
1026.0 0.0004814028216060251
1027.0 0.000462103571408079
1028.0 0.00044280423026066273
1029.0 0.0008310452358273324
1030.0 0.001219286241394002
1031.0 0.001795672687876504
1032.0 0.0023720589524600655
1033.0 0.0025054912839550525
1034.0 0.0026389227059553377
1035.0 0.003261387610109523
1036.0 0.003883852332364768
1037.0 0.003782409112318419
1038.0 0.00368096589227207
1039.0 0.003122321140835993
1040.0 0.0025636767531977966
1041.0 0.002274718281114474
1042.0 0.001985759627132211
1043.0 0.0028355727408779785
1044.0 0.0036853856727248058
1045.0 0.003692704558488913
1046.0 0.003700024535646662
1047.0 0.0031997151381801814
1048.0 0.002699405922612641
1049.0 0.002468532147759106
1050.0 0.0022376585548045114
1051.0 0.00216998414543923
1052.0 0.0021023097360739484
1053.0 0.0014481027392321266
1054.0 0.0007938957423903048
1055.0 0.000842312874738127
1056.0 0.0008907297342375387
1057.0 0.000993279718386475
1058.0 0.0010958298844343517
1059.0 0.0008821109986456577
1060.0 0.0006683923857053742
1061.0 0.0015444606106029823
1062.0 0.0024205282898037694
1063.0 0.002556048275437206
1064.0 0.002691568442969583
1065.0 0.00303208453260595
1066.0 0.0033726009860401973
1067.0 0.0040150658605853096
1068.0 0.0046575310989283025
1069.0 0.003776841185754165
1070.0 0.002896150908782147
1071.0 0.002912381569331046
1072.0 0.002928611866082065
1073.0 0.003001452932949178
1074.0 0.0030742936360184103
1075.0 0.0033950353099498898
1076.0 0.0037157769838813692
1077.0 0.0029085487767588347
1078.0 0.002101320023939479
1079.0 0.002131583823938854
1080.0 0.002161847623938229
1081.0 0.0015193381841527298
1082.0 0.0008768287443672307
1083.0 0.00011970320201726281
1084.0 1.596398577566327e-10
1085.0 0.0002428741026960779
1086.0 0.0011231710232095793
1087.0 0.0008984286068880465
1088.0 0.0006736861905665137
1089.0 1.596398577566327e-10
1090.0 1.596398577566327e-10
1091.0 1.596398577566327e-10
1092.0 1.596398577566327e-10
1093.0 1.596398577566327e-10
1094.0 0.00014202848888089648
1095.0 0.00032957489111140603
1096.0 0.0005171213615540182
1097.0 1.596398577566327e-10
1098.0 1.596398577566327e-10
1099.0 1.596398577566327e-10
1100.0 1.596398577566327e-10
