lsstCam/transmission_filter_detector/r24_s01/u_24/19700101T000000.ecsv
# %ECSV 1.0
# ---
# datatype:
# - {name: wavelength, unit: nm, datatype: float32}
# - {name: efficiency, unit: '%', datatype: float64}
# meta: !!omap
# - {MODE: DETECTOR}
# - {TYPE: transmission_filter_detector}
# - {CALIBDATE: '1970-01-01T00:00:00'}
# - {INSTRUME: LSSTCam}
# - {OBSTYPE: transmission_filter_detector}
# - {CALIBCLS: lsst.ip.isr.IntermediateFilterDetectorTransmissionCurve}
# - {SOURCE: Materion (DM-46256)}
# - {DETECTOR: 109}
# - {FILTER: u_24}
# - {CALIB_ID: 'calibDate=1970-01-01T00:00:00 filter=u_24 detector=109'}
# - {DATE: '2025-04-02T15:59:40.253494'}
# - {CALIB_CREATION_DATE: '2025-04-02'}
# - {CALIB_CREATION_TIME: '15:59:40'}
# - __serialized_columns__:
#     efficiency:
#       __class__: astropy.units.quantity.Quantity
#       unit: !astropy.units.Unit {unit: '%'}
#       value: !astropy.table.SerializedColumn {name: efficiency}
#     wavelength:
#       __class__: astropy.units.quantity.Quantity
#       unit: !astropy.units.Unit {unit: nm}
#       value: !astropy.table.SerializedColumn {name: wavelength}
# schema: astropy-2.0
wavelength efficiency
[from data line 587]
882.0 0.0035159639082849026
883.0 0.0032491207093698904
884.0 0.002982277874252759
885.0 0.0028179571017972194
886.0 0.00265363632934168
887.0 0.00235648694797419
888.0 0.002059337930404581
889.0 0.0020740788386319764
890.0 0.0020888197468593717
891.0 0.002421396493446082
892.0 0.0027539734219317324
893.0 0.0026338993848185055
894.0 0.002513824983907398
895.0 0.002833837970683817
896.0 0.0031538507755612954
897.0 0.003753655983018689
898.0 0.004353461190476082
899.0 0.004433559661265463
900.0 0.004513657768256962
901.0 0.004424023063620552
902.0 0.004334388722782023
903.0 0.00462857133243233
904.0 0.004922753942082636
905.0 0.00499006018799264
906.0 0.005057365706306882
907.0 0.005488931856234558
908.0 0.005920498369960114
909.0 0.005898585004615597
910.0 0.005876672366866842
911.0 0.006061221574782394
912.0 0.006245771510293707
913.0 0.00605903405812569
914.0 0.005872296605957672
915.0 0.005240173049969599
916.0 0.004608049130183645
917.0 0.004108864231966436
918.0 0.0036096793337492272
919.0 0.004092054587090388
920.0 0.004574429840431549
921.0 0.004628747410606593
922.0 0.004683065344579518
923.0 0.005613171742879786
924.0 0.0065432766859885305
925.0 0.006737365765729919
926.0 0.006931455573067069
927.0 0.007540492515545338
928.0 0.008149526547640562
929.0 0.007834650750737637
930.0 0.0075197749538347125
931.0 0.0071474518335890025
932.0 0.006775127985747531
933.0 0.0067687178670894355
934.0 0.006762308476027101
935.0 0.006804010627092794
936.0 0.006845713505754247
937.0 0.007063317752908915
938.0 0.007280924910446629
939.0 0.00717587536200881
940.0 0.007070825813570991
941.0 0.006151104025775567
942.0 0.0052313818741822615
943.0 0.004323607572587207
944.0 0.003415833634790033
945.0 0.0026247136702295393
946.0 0.0018335938875679858
947.0 0.0015187500139290933
948.0 0.0012039062312396709
949.0 0.0011345888196956366
950.0 0.0010652714991010725
951.0 0.0013333242350199725
952.0 0.001601377152837813
953.0 0.0015953528418322094
954.0 0.0015893283489276655
955.0 0.0021855961676919833
956.0 0.0027818636226584204
957.0 0.002850034252332989
958.0 0.002918204518209677
959.0 0.003222159284632653
960.0 0.003526113141560927
961.0 0.0038815182051621377
962.0 0.004236922541167587
963.0 0.0045333792513702065
964.0 0.004829836325370707
965.0 0.004673025614465587
966.0 0.0045162156311562285
967.0 0.004592561526806094
968.0 0.0046689081500517204
969.0 0.0046348497562576085
970.0 0.004600791362463497
971.0 0.004786672434420325
972.0 0.004972552778781392
973.0 0.004902714863419533
974.0 0.0048328762204619125
975.0 0.004532335879048333
976.0 0.004231795173836872
977.0 0.003945173011743464
978.0 0.0036585504858521745
979.0 0.003373846266185865
980.0 0.0030891416827216744
981.0 0.003036117777810432
982.0 0.0029830936910002492
983.0 0.0029059430744382553
984.0 0.0028287924578762613
985.0 0.003295425995020196
986.0 0.003762060441658832
987.0 0.004035174424643628
988.0 0.0043082884076284245
989.0 0.005372332816477865
990.0 0.006436376861529425
991.0 0.006538611341966316
992.0 0.006640845094807446
993.0 0.00715889036655426
994.0 0.0076769356383010745
995.0 0.007273124356288463
996.0 0.006869310891488567
997.0 0.006875534018035978
998.0 0.006881761510157958
999.0 0.006706014391966164
1000.0 0.006530270911753178
1001.0 0.005809054709970951
1002.0 0.005087839599582367
1003.0 0.004767019709106535
1004.0 0.004446199818630703
1005.0 0.004749827348859981
1006.0 0.005053453423897736
1007.0 0.004933902528136969
1008.0 0.0048143490857910365
1009.0 0.004288418494979851
1010.0 0.003762488267966546
1011.0 0.0035533219488570467
1012.0 0.003344155993545428
1013.0 0.0029725528293056414
1014.0 0.002600949846964795
1015.0 0.0023195945686893538
1016.0 0.0020382392904139124
1017.0 0.001623734351596795
1018.0 0.0012092291399312671
1019.0 0.0012379060535749886
1020.0 0.0012665829672187101
1021.0 0.0011297880519123282
1022.0 0.0009929932275554165
1023.0 0.0010535356523178052
1024.0 0.001114078077080194
1025.0 0.0012341493857093155
1026.0 0.0013542208762373775
1027.0 0.001348103251075372
1028.0 0.0013419856259133667
1029.0 0.0012818150025850628
1030.0 0.0012216443792567588
1031.0 0.0020155266611254774
1032.0 0.002809408942994196
1033.0 0.0024575070710852742
1034.0 0.002105605017277412
1035.0 0.002457140180922579
1036.0 0.002808674980769865
1037.0 0.0026976158551406115
1038.0 0.0025865570933092386
1039.0 0.00242896221607225
1040.0 0.0022713677026331425
1041.0 0.0020367058823467232
1042.0 0.0018020444258581847
1043.0 0.001749043985910248
1044.0 0.0016960437278612517
1045.0 0.0013763359675067477
1046.0 0.0010566282981017139
1047.0 0.001274420901609119
1048.0 0.0014922136870154645
1049.0 0.001294937464990653
1050.0 0.0010976607882184908
1051.0 0.0013706325262319297
1052.0 0.0016436042642453685
1053.0 0.0012328001503192354
1054.0 0.0008219959454436321
1055.0 0.00041079374568653293
1056.0 1.629248277089379e-10
1057.0 0.0007135141459002625
1058.0 0.0014274364730226807
1059.0 0.0007127541721274611
1060.0 1.629248277089379e-10
1061.0 0.001495547803642694
1062.0 0.0029930233722552657
1063.0 0.002936793680419214
1064.0 0.0028805634428863414
1065.0 0.0019671266272780485
1066.0 0.0010536898116697557
1067.0 0.0007868812645028811
1068.0 0.0005200720806897152
1069.0 0.0017261465472984128
1070.0 0.00293222092295764
1071.0 0.0020540821424219757
1072.0 0.0011759434528357815
1073.0 0.0014748678950127214
1074.0 0.0017737926100380719
1075.0 0.002600992411316838
1076.0 0.0034281918487977237
1077.0 0.004625192741514184
1078.0 0.0058221936342306435
1079.0 0.006506081263069063
1080.0 0.007189965981524438
1081.0 0.0054666463256580755
1082.0 0.0037433266697917134
1083.0 0.0030381113901967183
1084.0 0.002332895928702783
1085.0 0.0032688509236322716
1086.0 0.00420480573666282
1087.0 0.0038852125726407394
1088.0 0.003565619044820778
1089.0 0.0050402191845932975
1090.0 0.006514819688163698
1091.0 0.004247966353432275
1092.0 0.0019811132005997933
1093.0 0.0022225911379791796
1094.0 0.0024640692572575063
1095.0 0.002881047112168744
1096.0 0.0032980260584736243
1097.0 0.0031702678825240582
1098.0 0.0030425107979681343
1099.0 0.0029745506253675558
1100.0 0.0029065904527669773
