lsstCam/transmission_filter_detector/r24_s01/u_24/19700101T000000.ecsv
# %ECSV 1.0
# ---
# datatype:
# - {name: wavelength, unit: nm, datatype: float32}
# - {name: efficiency, unit: '%', datatype: float64}
# meta: !!omap
# - {MODE: DETECTOR}
# - {TYPE: transmission_filter_detector}
# - {CALIBDATE: '1970-01-01T00:00:00'}
# - {INSTRUME: LSSTCam}
# - {OBSTYPE: transmission_filter_detector}
# - {CALIBCLS: lsst.ip.isr.IntermediateFilterDetectorTransmissionCurve}
# - {SOURCE: Materion (DM-46256)}
# - {DETECTOR: 109}
# - {FILTER: u_24}
# - {CALIB_ID: 'calibDate=1970-01-01T00:00:00 filter=u_24 detector=109'}
# - {DATE: '2025-04-02T15:59:40.253494'}
# - {CALIB_CREATION_DATE: '2025-04-02'}
# - {CALIB_CREATION_TIME: '15:59:40'}
# - __serialized_columns__:
#     efficiency:
#       __class__: astropy.units.quantity.Quantity
#       unit: !astropy.units.Unit {unit: '%'}
#       value: !astropy.table.SerializedColumn {name: efficiency}
#     wavelength:
#       __class__: astropy.units.quantity.Quantity
#       unit: !astropy.units.Unit {unit: nm}
#       value: !astropy.table.SerializedColumn {name: wavelength}
# schema: astropy-2.0
wavelength efficiency
295.0 1.629248277089379e-10
296.0 1.629248277089379e-10
297.0 1.629248277089379e-10
298.0 1.629248277089379e-10
299.0 1.629248277089379e-10
300.0 1.629248277089379e-10
301.0 1.629248277089379e-10
302.0 1.629248277089379e-10
303.0 1.629248277089379e-10
304.0 0.3483734093606472
305.0 0.8333116769790649
306.0 2.305085025727749
307.0 4.271532967686653
308.0 6.674415618181229
309.0 10.097109526395798
310.0 13.820382952690125
311.0 17.586755752563477
312.0 21.200251579284668
313.0 24.379518628120422
314.0 27.228349447250366
315.0 29.739341139793396
316.0 31.784093379974365
317.0 34.736451506614685
318.0 38.02271783351898
319.0 42.41815209388733
320.0 48.37605655193329
321.0 53.96345257759094
322.0 59.86184477806091
323.0 65.00272750854492
324.0 68.95540952682495
325.0 71.70625329017639
326.0 74.0088701248169
327.0 75.62737464904785
328.0 77.40601301193237
329.0 78.65457534790039
330.0 79.75260615348816
331.0 80.27253150939941
332.0 80.48027753829956
333.0 80.5577278137207
334.0 80.57102560997009
335.0 80.85572719573975
336.0 81.23489022254944
337.0 81.89347982406616
338.0 82.71622657775879
339.0 83.29042196273804
340.0 83.61583948135376
341.0 84.08201932907104
342.0 84.31252837181091
343.0 84.34866070747375
344.0 84.45672392845154
345.0 84.97021794319153
346.0 85.31173467636108
347.0 85.64990758895874
348.0 85.89648008346558
349.0 86.06877326965332
350.0 86.12696528434753
351.0 86.34565472602844
352.0 86.20864152908325
353.0 86.23422980308533
354.0 86.1571192741394
355.0 86.30127906799316
356.0 86.47980093955994
357.0 86.39928698539734
358.0 86.03500723838806
359.0 85.74036955833435
360.0 85.58106422424316
361.0 85.35429239273071
362.0 85.12980341911316
363.0 85.3136956691742
364.0 85.38564443588257
365.0 85.82571148872375
366.0 86.07510924339294
367.0 86.15358471870422
368.0 86.2192451953888
369.0 86.32810115814209
370.0 86.19831204414368
371.0 86.07078194618225
372.0 86.18868589401245
373.0 86.38625741004944
374.0 86.39746308326721
375.0 86.65780425071716
376.0 86.87689304351807
377.0 86.95525527000427
378.0 86.94789409637451
379.0 86.47735118865967
380.0 85.66135764122009
381.0 84.15778875350952
382.0 82.22453594207764
383.0 80.14647364616394
384.0 78.04211378097534
385.0 75.58150291442871
386.0 72.93036580085754
387.0 69.33645009994507
388.0 65.69046974182129
389.0 61.32795810699463
390.0 57.05937743186951
391.0 52.802371978759766
392.0 48.4613835811615
393.0 44.9137806892395
394.0 41.52647256851196
395.0 37.59092688560486
396.0 33.24030339717865
397.0 27.329742908477783
398.0 20.75013667345047
399.0 13.888509571552277
400.0 8.091945946216583
401.0 3.959697112441063
402.0 1.4438940212130547
403.0 0.4261340945959091
404.0 0.19360858714208007
405.0 0.07425242802128196
406.0 0.034569037961773574
407.0 0.02575769613031298
408.0 0.005663741103489883
409.0 1.629248277089379e-10
410.0 1.629248277089379e-10
411.0 1.629248277089379e-10
412.0 1.629248277089379e-10
413.0 1.629248277089379e-10
414.0 1.629248277089379e-10
415.0 1.629248277089379e-10
416.0 1.629248277089379e-10
417.0 1.629248277089379e-10
418.0 1.629248277089379e-10
419.0 1.629248277089379e-10
420.0 1.629248277089379e-10
421.0 1.629248277089379e-10
422.0 1.629248277089379e-10
423.0 1.629248277089379e-10
424.0 1.629248277089379e-10
425.0 1.629248277089379e-10
426.0 1.629248277089379e-10
427.0 0.00037142617657082155
428.0 0.003132232086500153
429.0 0.0018945558622363023
430.0 0.000656879274174571
431.0 1.629248277089379e-10
432.0 1.629248277089379e-10
433.0 1.629248277089379e-10
434.0 0.0011146990800625645
435.0 0.0001666601633587561
436.0 1.629248277089379e-10
437.0 1.629248277089379e-10
438.0 1.629248277089379e-10
439.0 3.0110905413494038e-05
440.0 0.0015571406038361602
441.0 1.629248277089379e-10
442.0 1.629248277089379e-10
443.0 1.629248277089379e-10
444.0 1.629248277089379e-10
445.0 1.629248277089379e-10
446.0 9.076376272787456e-05
447.0 1.629248277089379e-10
448.0 1.629248277089379e-10
449.0 0.0007503029337385669
450.0 0.0023572725694975816
451.0 0.000202928890757903
452.0 1.629248277089379e-10
453.0 1.629248277089379e-10
454.0 1.629248277089379e-10
455.0 1.629248277089379e-10
456.0 1.629248277089379e-10
457.0 1.629248277089379e-10
458.0 1.629248277089379e-10
459.0 1.629248277089379e-10
460.0 1.629248277089379e-10
461.0 1.629248277089379e-10
462.0 1.629248277089379e-10
463.0 1.629248277089379e-10
464.0 1.629248277089379e-10
465.0 1.629248277089379e-10
466.0 1.629248277089379e-10
467.0 1.629248277089379e-10
468.0 7.416700213980221e-05
469.0 0.0002177333271902171
470.0 0.0003612997261370765
471.0 0.00017990743117479724
472.0 1.629248277089379e-10
473.0 1.629248277089379e-10
474.0 1.629248277089379e-10
475.0 1.629248277089379e-10
476.0 0.0004694793915405171
477.0 0.00030932230856706155
478.0 0.00014916533928044373
479.0 0.00027642240638670046
480.0 0.0004036797236040002
481.0 0.000596573181610438
482.0 0.000789466685091611
483.0 1.629248277089379e-10
484.0 1.629248277089379e-10
485.0 1.629248277089379e-10
486.0 1.629248277089379e-10
487.0 1.629248277089379e-10
488.0 1.629248277089379e-10
489.0 1.629248277089379e-10
490.0 1.629248277089379e-10
491.0 1.629248277089379e-10
492.0 0.0002465358193148859
493.0 1.629248277089379e-10
494.0 1.629248277089379e-10
495.0 0.0001771749225554231
496.0 0.0008988491572381463
497.0 0.0005327970484358957
498.0 0.00016674479184075608
499.0 0.0001868595290943631
500.0 0.00020697441414085915
501.0 0.00020321838292147731
502.0 0.00019946244265156565
503.0 1.629248277089379e-10
504.0 1.629248277089379e-10
505.0 1.629248277089379e-10
506.0 0.000925258791539818
507.0 1.629248277089379e-10
508.0 1.629248277089379e-10
509.0 1.629248277089379e-10
510.0 1.629248277089379e-10
511.0 0.0003833738446701318
512.0 0.0008630344382254407
513.0 0.0006463606951001566
514.0 0.00042968672460119706
515.0 0.00021809455574839376
516.0 6.502354210624617e-06
517.0 1.629248277089379e-10
518.0 1.629248277089379e-10
519.0 1.629248277089379e-10
520.0 0.00038613047763647046
521.0 0.0005603744739346439
522.0 0.0007346185157075524
523.0 0.0003592374014260713
524.0 1.629248277089379e-10
525.0 1.629248277089379e-10
526.0 1.629248277089379e-10
527.0 1.629248277089379e-10
528.0 1.629248277089379e-10
529.0 1.629248277089379e-10
530.0 1.629248277089379e-10
531.0 1.629248277089379e-10
532.0 0.00015870838296905276
533.0 1.629248277089379e-10
534.0 1.629248277089379e-10
535.0 1.629248277089379e-10
536.0 3.625847284638439e-05
537.0 6.081561991777562e-05
538.0 8.537264761798724e-05
539.0 3.5681776466844894e-05
540.0 1.629248277089379e-10
541.0 1.629248277089379e-10
542.0 1.629248277089379e-10
543.0 1.629248277089379e-10
544.0 1.629248277089379e-10
545.0 1.629248277089379e-10
546.0 1.629248277089379e-10
547.0 5.680648200723226e-05
548.0 0.00031911481528368313
549.0 1.629248277089379e-10
550.0 1.629248277089379e-10
551.0 1.629248277089379e-10
552.0 1.629248277089379e-10
553.0 1.629248277089379e-10
554.0 1.629248277089379e-10
555.0 1.629248277089379e-10
556.0 1.629248277089379e-10
557.0 1.629248277089379e-10
558.0 1.629248277089379e-10
559.0 1.629248277089379e-10
560.0 5.249146539654248e-06
561.0 1.629248277089379e-10
562.0 1.629248277089379e-10
563.0 1.629248277089379e-10
564.0 1.629248277089379e-10
565.0 1.629248277089379e-10
566.0 1.629248277089379e-10
567.0 1.629248277089379e-10
568.0 1.629248277089379e-10
569.0 0.00024507819489372196
570.0 0.0006252250386751257
571.0 0.0005333749868441373
572.0 0.0004415251623868244
573.0 0.0004649757102015428
574.0 0.000488426621814142
575.0 0.0003559705874067731
576.0 0.00022351475763571216
577.0 0.0003561722451195237
578.0 0.0004888297553407028
579.0 0.0005353689175535692
580.0 0.0005819080342917005
581.0 0.0008533861546311527
582.0 0.0011248644113948103
583.0 0.0014235915841709357
584.0 0.0017223190297954716
585.0 0.0014337312677525915
586.0 0.001145143323810771
587.0 0.0010149898116651457
588.0 0.0008848363904689904
589.0 0.0010585655218164902
590.0 0.0012322942893661093
591.0 0.0010997825484082568
592.0 0.0009672708074504044
593.0 0.0007484952675440582
594.0 0.0005297194093145663
595.0 0.0005366829100239556
596.0 0.0005436462288344046
597.0 0.0008940076440921985
598.0 0.001244368922925787
599.0 0.0017889422451844439
600.0 0.002333515658392571
601.0 0.00248813048528973
602.0 0.0026427453121868894
603.0 0.0022301006538327783
604.0 0.001817456359276548
605.0 0.0014735051081515849
606.0 0.0011295537660771515
607.0 0.0010141248822037596
608.0 0.0008986959073808976
609.0 0.0005332473392627435
610.0 0.00016779887346274336
611.0 0.00027804785531770904
612.0 0.0003882968030666234
613.0 0.0005773414613940986
614.0 0.0007663860742468387
615.0 0.000833812100609066
616.0 0.0009012382179207634
617.0 0.0006773154382244684
618.0 0.0004533928859018488
619.0 0.0003633149617598974
620.0 0.0002732371058300487
621.0 0.00044870835154142696
622.0 0.0006241795290407026
623.0 0.0005480631443788297
624.0 0.0004719467597169569
625.0 0.0006913432116562035
626.0 0.000910739618120715
627.0 0.0008451407666143496
628.0 0.0007795417332090437
629.0 0.0010888743418036029
630.0 0.0013982070413476322
631.0 0.0016527710613445379
632.0 0.0019073346265940927
633.0 0.002063799365714658
634.0 0.0022202637410373427
635.0 0.0023554597646580078
636.0 0.002490655970177613
637.0 0.00221185437112581
638.0 0.0019330525901750661
639.0 0.0014282798474596348
640.0 0.000923506922845263
641.0 0.0009835400305746589
642.0 0.0010435731383040547
643.0 0.00082990518421866
644.0 0.0006162371846585302
645.0 0.0005404523562901886
646.0 0.0004646674369723769
647.0 0.00027478201900521526
648.0 8.48967772526521e-05
649.0 2.5223772581739468e-05
650.0 1.629248277089379e-10
651.0 0.00031564543405693257
652.0 0.0006657402082055341
653.0 0.0011683080629154574
654.0 0.0016708756447769701
655.0 0.0016561289157834835
656.0 0.001641382186789997
657.0 0.0026179264750680886
658.0 0.003594471127144061
659.0 0.004027744944323786
660.0 0.004461018033907749
661.0 0.0045054766815155745
662.0 0.004549934601527639
663.0 0.0032020550861489028
664.0 0.0018541755707701668
665.0 0.001609072023711633
666.0 0.0013639678400068078
667.0 0.0013093723282509018
668.0 0.0012547767255455256
669.0 0.0008470473403576761
670.0 0.00043931800064456183
671.0 0.0005057846465206239
672.0 0.0005722511559724808
673.0 0.0005106453045300441
674.0 0.0004490394530876074
675.0 0.0007269428351719398
676.0 0.0010048463082057424
677.0 0.0016427788068540394
678.0 0.0022807118511991575
679.0 0.002537938598834444
680.0 0.00279516516457079
681.0 0.003525459032971412
682.0 0.004255752719473094
683.0 0.006196435424499214
684.0 0.008137118857121095
685.0 0.008804692333796993
686.0 0.009472268720855936
687.0 0.008445746061624959
688.0 0.007419224129989743
689.0 0.005694199717254378
690.0 0.003969175668316893
691.0 0.0035186498280381784
692.0 0.0030681239877594635
693.0 0.0028346395993139595
694.0 0.0026011552108684555
695.0 0.0023310283722821623
696.0 0.00206090189749375
697.0 0.0014543052202498075
698.0 0.0008477082701574545
699.0 0.0005923480784986168
700.0 0.0003369879550518817
701.0 0.0003607698090490885
702.0 0.0003845518222078681
703.0 0.0004877809715253534
704.0 0.000591010302741779
705.0 0.000681341680319747
706.0 0.0007716732397966553
707.0 0.0008460981916869059
708.0 0.0009205227797792759
709.0 0.0008506393896823283
710.0 0.0007807558176864404
711.0 0.0007881883902882691
712.0 0.0007956211447890382
713.0 0.0006806334113207413
714.0 0.0005656459052261198
715.0 0.0005138912001712015
716.0 0.0004621365405910183
717.0 0.0003640543809524388
718.0 0.0002659721985764918
719.0 0.00033510530101921177
720.0 0.0004042384261992993
721.0 0.0003240603973608813
722.0 0.00024388236852246337
723.0 0.0002848330950655509
724.0 0.0003257838216086384
725.0 0.00017512641079520108
726.0 2.4468906190122652e-05
727.0 0.0002477497218933422
728.0 0.000471030625703861
729.0 0.0004944959982822184
730.0 0.0005179614163353108
731.0 0.0002882290118577657
732.0 5.849659032719501e-05
733.0 1.629248277089379e-10
734.0 1.629248277089379e-10
735.0 6.284759024310915e-05
736.0 0.0004344080480223056
737.0 0.0004680606707552215
738.0 0.0005017133844376076
739.0 0.000467307336293743
740.0 0.0004329012426751433
741.0 0.0007707995791861322
742.0 0.0011086981430707965
743.0 0.0019030792827834375
744.0 0.0026974603315466084
745.0 0.0033204556530108675
746.0 0.003943450428778306
747.0 0.00444078141299542
748.0 0.004938112397212535
749.0 0.004410958354128525
750.0 0.003883804674842395
751.0 0.003306313374196179
752.0 0.002728821891651023
753.0 0.0021189953258726746
754.0 0.001509168760094326
755.0 0.0019400151359150186
756.0 0.002370861875533592
757.0 0.002046255031018518
758.0 0.0017216480046045035
759.0 0.001458845963497879
760.0 0.0011960439223912545
761.0 0.0013200613466324285
762.0 0.0014440788618230727
763.0 0.0010935846148640849
764.0 0.0007430901405314216
765.0 0.0007175128303060774
766.0 0.0006919354291312629
767.0 0.00047977728172554635
768.0 0.00026761908884509467
769.0 0.00037475574572454207
770.0 0.0004818923116545193
771.0 0.0004797201199835399
772.0 0.00047754765546415
773.0 0.00031263791697710985
774.0 0.00014772798522244557
775.0 0.0002548165639382205
776.0 0.000361905063073209
777.0 0.0003923717486031819
778.0 0.000422838274971582
779.0 0.0008868502845871262
780.0 0.00135086211230373
781.0 0.0011702548363246024
782.0 0.000989647742244415
783.0 0.0009227383998222649
784.0 0.0008558289664506447
785.0 0.0011555927812878508
786.0 0.0014553565051755868
787.0 0.0011877135875693057
788.0 0.0009200707609124947
789.0 0.0009211150427290704
790.0 0.0009221594154951163
791.0 0.000615874932918814
792.0 0.0003095904276051442
793.0 7.272859079421323e-05
794.0 1.629248277089379e-10
795.0 1.629248277089379e-10
796.0 2.069966953399671e-06
797.0 0.0002030295945587568
798.0 0.0004039892246510135
799.0 0.00023116738248063484
800.0 5.8345449360786006e-05
801.0 1.629248277089379e-10
802.0 1.629248277089379e-10
803.0 1.629248277089379e-10
804.0 4.8613389935781015e-05
805.0 1.629248277089379e-10
806.0 1.629248277089379e-10
807.0 1.629248277089379e-10
808.0 1.629248277089379e-10
809.0 1.629248277089379e-10
810.0 0.00029447846827679314
811.0 8.853494932736794e-05
812.0 1.629248277089379e-10
813.0 0.0003652502982731676
814.0 0.0008479093594360165
815.0 0.0006853993454569718
816.0 0.0005228895133768674
817.0 0.00040356399040319957
818.0 0.0002842384901668993
819.0 1.551626027662678e-06
820.0 1.629248277089379e-10
821.0 1.629248277089379e-10
822.0 1.629248277089379e-10
823.0 1.629248277089379e-10
824.0 1.629248277089379e-10
825.0 1.629248277089379e-10
826.0 1.629248277089379e-10
827.0 0.00020958923414582387
828.0 0.0007775773156026844
829.0 0.0005212148153077578
830.0 0.00026485267881071195
831.0 6.133026317911572e-05
832.0 1.629248277089379e-10
833.0 1.629248277089379e-10
834.0 1.629248277089379e-10
835.0 1.629248277089379e-10
836.0 0.00019494439129630337
837.0 6.188245720295527e-05
838.0 1.629248277089379e-10
839.0 1.629248277089379e-10
840.0 1.629248277089379e-10
841.0 1.629248277089379e-10
842.0 6.703477311020833e-05
843.0 4.0301995340996655e-05
844.0 1.3569152201853285e-05
845.0 0.00014103878811511095
846.0 0.00026850830181501806
847.0 0.00026270013222529087
848.0 0.0002568918034739909
849.0 0.00035081593523500487
850.0 0.00044473990783444606
851.0 0.00031349763958132826
852.0 0.00018225542817162932
853.0 0.0002278509327879874
854.0 0.00027344644877302926
855.0 0.0003547761252775672
856.0 0.0004361058472568402
857.0 0.0006251701506698737
858.0 0.0008142345905071124
859.0 0.001015889301925199
860.0 0.0012175439223938156
861.0 0.001185184191854205
862.0 0.0011528241884661838
863.0 0.0013929988199379295
864.0 0.0016331736333086155
865.0 0.0018808026652550325
866.0 0.0021284311515046284
867.0 0.0021322992324712686
868.0 0.0021361674953368492
869.0 0.0019746445104829036
870.0 0.001813121525628958
871.0 0.0018739823644864373
872.0 0.001934842839546036
873.0 0.0018934244508272968
874.0 0.0018520058802096173
875.0 0.0020501551261986606
876.0 0.002248304008389823
877.0 0.002490618862793781
878.0 0.0027329342628945597
879.0 0.002845741983037442
880.0 0.0029585502488771453
