lsstCam/transmission_filter_detector/r43_s01/i_39/19700101T000000.ecsv
# %ECSV 1.0
# ---
# datatype:
# - {name: wavelength, unit: nm, datatype: float32}
# - {name: efficiency, unit: '%', datatype: float64}
# meta: !!omap
# - {MODE: DETECTOR}
# - {TYPE: transmission_filter_detector}
# - {CALIBDATE: '1970-01-01T00:00:00'}
# - {INSTRUME: LSSTCam}
# - {OBSTYPE: transmission_filter_detector}
# - {CALIBCLS: lsst.ip.isr.IntermediateFilterDetectorTransmissionCurve}
# - {SOURCE: Materion (DM-46256)}
# - {DETECTOR: 181}
# - {FILTER: i_39}
# - {CALIB_ID: 'calibDate=1970-01-01T00:00:00 filter=i_39 detector=181'}
# - {DATE: '2025-04-02T15:59:47.316773'}
# - {CALIB_CREATION_DATE: '2025-04-02'}
# - {CALIB_CREATION_TIME: '15:59:47'}
# - __serialized_columns__:
#     efficiency:
#       __class__: astropy.units.quantity.Quantity
#       unit: !astropy.units.Unit {unit: '%'}
#       value: !astropy.table.SerializedColumn {name: efficiency}
#     wavelength:
#       __class__: astropy.units.quantity.Quantity
#       unit: !astropy.units.Unit {unit: nm}
#       value: !astropy.table.SerializedColumn {name: wavelength}
# schema: astropy-2.0
wavelength efficiency
300.0 0.05869685555808246
301.0 0.028401153394952416
302.0 1.6263865254551035e-10
303.0 0.003458080391283147
304.0 0.008810690633254126
305.0 0.013362984464038163
306.0 0.017915274656843394
307.0 0.017272909462917596
308.0 0.016630542813800275
309.0 0.0074653195042628795
310.0 1.6263865254551035e-10
311.0 1.6263865254551035e-10
312.0 1.6263865254551035e-10
313.0 1.6263865254551035e-10
314.0 0.0015985571735654958
315.0 0.0022446789444074966
316.0 0.0028908001695526764
317.0 0.002408141335763503
318.0 0.0019254830476711504
319.0 0.0023398879420710728
320.0 0.0027542901079868898
321.0 0.00016858851950019016
322.0 1.6263865254551035e-10
323.0 1.6263865254551035e-10
324.0 0.0016279067494906485
325.0 0.002692845191631932
326.0 0.0037577847251668572
327.0 0.0029022978196735494
328.0 0.0020468118236749433
329.0 1.6263865254551035e-10
330.0 1.6263865254551035e-10
331.0 0.00037589586554531706
332.0 0.0029474727853084914
333.0 0.0014918252418283373
334.0 3.617764434693527e-05
335.0 0.001591603722772561
336.0 0.0031470284739043564
337.0 0.0030582868930650875
338.0 0.0029695447665289976
339.0 0.0007318730695260456
340.0 1.6263865254551035e-10
341.0 1.6263865254551035e-10
342.0 7.784730087223579e-05
343.0 0.00028239821858733194
344.0 0.0004869493295700522
345.0 0.0005154266546014696
346.0 0.0005439040251076221
347.0 0.0006538489287777338
348.0 0.0007637937414983753
349.0 0.0006279872195591452
350.0 0.0004921807430946501
351.0 0.00020837273950746749
352.0 1.6263865254551035e-10
353.0 0.0002983739932460594
354.0 0.0006721832505718339
355.0 0.0010026195923273917
356.0 0.001333055661234539
357.0 0.00020461700387386372
358.0 1.6263865254551035e-10
359.0 1.6263865254551035e-10
360.0 1.6263865254551035e-10
361.0 3.948102857975755e-05
362.0 0.0003103696599282557
363.0 0.0001032683030643966
364.0 1.6263865254551035e-10
365.0 0.0004160332082392415
366.0 0.0009358996067021508
367.0 0.000312597990159702
368.0 1.6263865254551035e-10
369.0 1.6263865254551035e-10
370.0 1.6263865254551035e-10
371.0 1.6263865254551035e-10
372.0 1.6263865254551035e-10
373.0 0.0003149612666675239
374.0 0.0008692379196872935
375.0 0.0008974514457804617
376.0 0.0009256650628231
377.0 0.0008654934390506241
378.0 0.0008053217243286781
379.0 0.0003583352508940152
380.0 1.6263865254551035e-10
381.0 1.6263865254551035e-10
382.0 1.6263865254551035e-10
383.0 1.6263865254551035e-10
384.0 1.6263865254551035e-10
385.0 6.892108785905293e-05
386.0 0.0002537073669373058
387.0 0.0002270239974677679
388.0 0.00020034046883665724
389.0 0.00022939325390325394
390.0 0.000258445720646705
391.0 1.6263865254551035e-10
392.0 1.6263865254551035e-10
393.0 1.6263865254551035e-10
394.0 0.0003650664666565717
395.0 0.000616692113908357
396.0 0.0008683176929480396
397.0 0.0003821318387053907
398.0 1.6263865254551035e-10
399.0 0.0004975237061444204
400.0 0.0010991012459271587
401.0 0.0048349989810958505
402.0 0.008570896898163483
403.0 0.005655875793308951
404.0 0.0027408546884544194
405.0 0.0005060575404058909
406.0 1.6263865254551035e-10
407.0 1.6263865254551035e-10
408.0 0.0016279815099551342
409.0 0.002975683491968084
410.0 0.004323385292082094
411.0 0.002912041782110464
412.0 0.0015006984540377744
413.0 0.0035416225728113204
414.0 0.0055825472372816876
415.0 0.006215456960489973
416.0 0.00684836704749614
417.0 0.006636269245063886
418.0 0.0064241721702273935
419.0 0.0045534274249803275
420.0 0.0026826841349247843
421.0 0.003952941915486008
422.0 0.005223200787440874
423.0 0.004947112392983399
424.0 0.004671022543334402
425.0 0.0048477031668880954
426.0 0.0050243841542396694
427.0 0.0050549799198051915
428.0 0.005085576412966475
429.0 0.003929784725187346
430.0 0.002773993583105039
431.0 0.003626569377956912
432.0 0.004479144990909845
433.0 0.003616871254052967
434.0 0.0027545976990950294
435.0 0.0028181111701996997
436.0 0.0028816248232033104
437.0 0.0015492283637286164
438.0 0.00021683183604181977
439.0 0.0007890571396274026
440.0 0.001361282465950353
441.0 0.0007870873560023028
442.0 0.0002128922915289877
443.0 0.0007021411875030026
444.0 0.0011913899470528122
445.0 0.0007629683750565164
446.0 0.0003345466211612802
447.0 0.0008107912435662001
448.0 0.00128703586597112
449.0 0.001021234584186459
450.0 0.0007554330295533873
451.0 0.00030252097076299833
452.0 1.6263865254551035e-10
453.0 1.6263865254551035e-10
454.0 0.00011124200227641268
455.0 0.00045817409954906907
456.0 0.0008051059921854176
457.0 0.0007333313988056034
458.0 0.0006615564416279085
459.0 0.00036146072943665786
460.0 6.136518209132191e-05
461.0 0.0003414779484955943
462.0 0.0006215908342710463
463.0 0.0005939645234320778
464.0 0.0005663384854415199
465.0 0.0001792988769011572
466.0 1.6263865254551035e-10
467.0 0.00021574439870164497
468.0 0.00063922930166882
469.0 0.0005786250767414458
470.0 0.0005180208063393366
471.0 0.0003646308186944225
472.0 0.00021124083104950842
473.0 1.8977574711698253e-05
474.0 1.6263865254551035e-10
475.0 1.6263865254551035e-10
476.0 0.00012414677712513367
477.0 0.0005565898845816264
478.0 0.0009890331057249568
479.0 0.0006557347205671249
480.0 0.0003224363581466605
481.0 0.0007507998361688806
482.0 0.0011791633369284682
483.0 0.0022660147806163877
484.0 0.003352865678607486
485.0 0.0042001203837571666
486.0 0.0050473743613110855
487.0 0.0069440065999515355
488.0 0.008840639202389866
489.0 0.013099666102789342
490.0 0.01735869445838034
491.0 0.021498910791706294
492.0 0.025639127125032246
493.0 0.028428409132175148
494.0 0.031217694049701095
495.0 0.029852561419829726
496.0 0.028487428789958358
497.0 0.023778311151545495
498.0 0.019069196423515677
499.0 0.014315386943053454
500.0 0.009561578917782754
501.0 0.006483346805907786
502.0 0.003405114694032818
503.0 0.002354675416427199
504.0 0.00130423641166999
505.0 0.001637243440200109
506.0 0.0019702501958818175
507.0 0.0022376925699063577
508.0 0.002505134398234077
509.0 0.002317175858479459
510.0 0.0021292171368259005
511.0 0.002123268677678425
512.0 0.002117320218530949
513.0 0.002119520286214538
514.0 0.0021217201719991863
515.0 0.0020399234927026555
516.0 0.0019581268134061247
517.0 0.0021031599317211658
518.0 0.002248193050036207
519.0 0.0020624413082259707
520.0 0.001876689748314675
521.0 0.001842434357968159
522.0 0.0018081793314195238
523.0 0.0018954046026919968
524.0 0.0019826296920655295
525.0 0.002401556594122667
526.0 0.002820483496179804
527.0 0.003285063212388195
528.0 0.003749642928596586
529.0 0.003300853495602496
530.0 0.002852064062608406
531.0 0.0027959094950347207
532.0 0.0027397549274610355
533.0 0.0022877218725625426
534.0 0.00183568899956299
535.0 0.0016567109923926182
536.0 0.0014777329852222465
537.0 0.0018564727724879049
538.0 0.0022352131054503843
539.0 0.0030262341169873253
540.0 0.003817255492322147
541.0 0.004663392246584408
542.0 0.005509528637048788
543.0 0.0052930725360056385
544.0 0.005076616434962489
545.0 0.00443251701653935
546.0 0.0037884179619140923
547.0 0.002839885746652726
548.0 0.0018913535313913599
549.0 0.001755914490786381
550.0 0.0016204756320803426
551.0 0.0017721453332342207
552.0 0.0019238152162870392
553.0 0.0018370388715993613
554.0 0.0017502627088106237
555.0 0.0015103916666703299
556.0 0.0012705208064289764
557.0 0.0010472690519236494
558.0 0.0008240171155193821
559.0 0.0005517002591659548
560.0 0.0002793834028125275
561.0 0.0006153302365419222
562.0 0.0009512770702713169
563.0 0.0012275066183065064
564.0 0.0015037360753922258
565.0 0.0015839768821024336
566.0 0.0016642177797621116
567.0 0.0016130479707499035
568.0 0.0015618783436366357
569.0 0.0013429516002361197
570.0 0.001124025038734544
571.0 0.0008072217497101519
572.0 0.00049041855163523
573.0 0.00036768728932656813
574.0 0.00024495600428053876
575.0 0.00035133123219566187
576.0 0.00045770639189868234
577.0 0.00040019881453190465
578.0 0.00034269128263986204
579.0 0.00032577302135905484
580.0 0.00030885471460351255
581.0 0.0004137204996368382
582.0 0.000518586330144899
583.0 0.00037872839584451867
584.0 0.0002388704160694033
585.0 0.00033399010135326535
586.0 0.0004291096956876572
587.0 0.0004346564310253598
588.0 0.0004402032118377974
589.0 0.0006814968855906045
590.0 0.0009227906957676169
591.0 0.0006461167686211411
592.0 0.0003694428869494004
593.0 0.00046088221097306814
594.0 0.000552321625946206
595.0 0.0004135379640501924
596.0 0.00027475437036628136
597.0 0.0003296877366665285
598.0 0.0003846211257041432
599.0 0.00030355326998687815
600.0 0.00022248548248171574
601.0 0.0002147329496438033
602.0 0.0002069804850179935
603.0 0.00020908096303173807
604.0 0.0002111814637828502
605.0 0.00032164371077669784
606.0 0.00043210593503317796
607.0 0.0004362408617453184
608.0 0.00044037565203325357
609.0 0.0004471309694054071
610.0 0.0004538863777270308
611.0 0.000399974305764772
612.0 0.0003460622792772483
613.0 0.0002985303581226617
614.0 0.0002509985279175453
615.0 0.00019168564904248342
616.0 0.00013237281564215664
617.0 0.0003105698169747484
618.0 0.0004887669092568103
619.0 0.00034070176297973376
620.0 0.00019263675312686246
621.0 0.0002310480340383947
622.0 0.00026945938316202955
623.0 0.0002848978510883171
624.0 0.0003003364327014424
625.0 0.0003210929435226717
626.0 0.00034184947708126856
627.0 0.0003251683438065811
628.0 0.00030848730148136383
629.0 0.0003932189429178834
630.0 0.0004779505616170354
631.0 0.0004685209660237888
632.0 0.000459091279481072
633.0 0.0003746850097741117
634.0 0.0002902787628045189
635.0 0.0003125093371636467
636.0 0.0003347399569975096
637.0 0.0002613242031657137
638.0 0.0001879084607026016
639.0 0.00031066217616171343
640.0 0.0004334158802521415
641.0 0.0005757289272878552
642.0 0.0007180419288488338
643.0 0.0006122741524450248
644.0 0.0005065061941422755
645.0 0.0005786879683000734
646.0 0.0006508698334073415
647.0 0.0006705921350658173
648.0 0.0006903143003000878
649.0 0.0006728590960847214
650.0 0.0006554037099704146
651.0 0.0006864261195005383
652.0 0.0007174484380811919
653.0 0.0007917827133496758
654.0 0.0008661169886181597
655.0 0.0009607565516489558
656.0 0.0010553960237302817
657.0 0.0016824176782392897
658.0 0.0023094396965461783
659.0 0.004059091588715091
660.0 0.07919664494693279
661.0 0.10288335615769029
662.0 0.1158983912318945
663.0 0.10886763921007514
664.0 0.1451320364139974
665.0 0.15753110637888312
666.0 0.1440990949049592
667.0 0.16397717408835888
668.0 0.21286944393068552
669.0 0.22389863152056932
670.0 0.3453982761129737
671.0 0.5210747942328453
672.0 0.7834430783987045
673.0 1.3034380972385406
674.0 1.937362551689148
675.0 2.830188162624836
676.0 3.8437623530626297
677.0 5.187959223985672
678.0 6.494602560997009
679.0 7.9290591180324554
680.0 9.785284847021103
681.0 11.83442771434784
682.0 14.354023337364197
683.0 17.10512489080429
684.0 20.17558664083481
685.0 23.04682433605194
686.0 26.060202717781067
687.0 29.30321991443634
688.0 32.535868883132935
689.0 35.81048250198364
690.0 39.6021842956543
691.0 43.69330108165741
692.0 48.60976040363312
693.0 53.79313826560974
694.0 59.62051749229431
695.0 65.2644693851471
696.0 71.50145769119263
697.0 77.06758379936218
698.0 82.9411506652832
699.0 87.55834102630615
700.0 91.05019569396973
701.0 93.89427304267883
702.0 95.82953453063965
703.0 96.93101048469543
704.0 97.41886258125305
705.0 97.87566661834717
706.0 97.8426456451416
707.0 98.051518201828
708.0 98.13665747642517
709.0 98.15376400947571
710.0 97.87620902061462
711.0 98.12312126159668
712.0 98.04792404174805
713.0 98.1073260307312
714.0 98.11509847640991
715.0 98.1423556804657
716.0 98.01114797592163
717.0 98.25537204742432
718.0 98.299241065979
719.0 98.2763409614563
720.0 98.57267737388611
721.0 98.47702980041504
722.0 98.22049140930176
723.0 97.99949526786804
724.0 97.63683080673218
725.0 97.35926985740662
726.0 97.07576036453247
727.0 96.78933024406433
728.0 96.54592871665955
729.0 96.33626341819763
730.0 96.31998538970947
731.0 96.38444185256958
732.0 96.39433026313782
733.0 96.66140675544739
734.0 97.04727530479431
735.0 97.18348979949951
736.0 97.61602282524109
737.0 97.99202084541321
738.0 98.35304021835327
739.0 98.62840175628662
740.0 98.78398180007935
741.0 98.67927432060242
742.0 98.99196028709412
743.0 98.87291193008423
744.0 98.66475462913513
745.0 98.66966605186462
746.0 98.59555959701538
747.0 98.89532923698425
748.0 98.70653748512268
749.0 98.5827386379242
750.0 98.62679243087769
751.0 98.50358366966248
752.0 98.36878180503845
753.0 98.61346483230591
754.0 98.52820634841919
755.0 98.61383438110352
756.0 98.66851568222046
757.0 98.69517683982849
758.0 98.86176586151123
759.0 98.86841177940369
760.0 98.751300573349
761.0 98.67619276046753
762.0 98.71954917907715
763.0 98.75181913375854
764.0 98.61937165260315
765.0 98.54509830474854
766.0 98.58675003051758
767.0 98.41580390930176
768.0 98.47592115402222
769.0 98.44703078269958
770.0 98.16190004348755
771.0 98.19656610488892
772.0 98.21746349334717
773.0 98.12460541725159
774.0 97.95164465904236
775.0 98.0708360671997
776.0 97.88573980331421
777.0 97.99155592918396
778.0 97.94178009033203
779.0 98.07307720184326
780.0 97.98117876052856
781.0 98.26064705848694
782.0 98.20083975791931
783.0 98.34243655204773
784.0 98.28968644142151
785.0 98.37389588356018
786.0 98.54242205619812
787.0 98.2833981513977
788.0 98.34954738616943
789.0 98.50030541419983
790.0 98.42526912689209
791.0 98.43358993530273
792.0 98.27632904052734
793.0 98.29015135765076
794.0 98.21641445159912
795.0 98.12566637992859
796.0 98.07279706001282
797.0 98.11439514160156
798.0 98.00545573234558
799.0 97.91564345359802
800.0 97.72828817367554
801.0 97.76778817176819
802.0 97.62818813323975
803.0 97.46987819671631
804.0 97.30439186096191
805.0 96.81419134140015
806.0 96.46354913711548
807.0 95.64521908760071
808.0 94.73071098327637
809.0 93.47573518753052
810.0 92.09340214729309
811.0 90.26867747306824
812.0 87.92067170143127
813.0 85.30407547950745
814.0 82.20314383506775
815.0 78.59111428260803
816.0 74.84947443008423
817.0 70.46746611595154
818.0 65.53412079811096
819.0 61.26757860183716
820.0 56.295305490493774
821.0 51.813721656799316
822.0 47.35507071018219
823.0 42.755112051963806
824.0 38.083988428115845
825.0 33.79582762718201
826.0 29.327556490898132
827.0 24.682164192199707
828.0 20.5187126994133
829.0 16.400717198848724
830.0 12.346985191106796
831.0 9.232264757156372
832.0 6.2491655349731445
833.0 4.060909152030945
834.0 2.506132982671261
835.0 1.509779877960682
836.0 0.8850120007991791
837.0 0.504973204806447
838.0 0.24629314430058002
839.0 0.19103597151115537
840.0 0.11714170686900616
841.0 0.0708932348061353
842.0 0.024363823467865586
843.0 0.019416205759625882
844.0 1.6263865254551035e-10
845.0 0.04831038531847298
846.0 0.01035014502122067
847.0 1.6263865254551035e-10
848.0 1.6263865254551035e-10
849.0 1.6263865254551035e-10
850.0 0.004696904215961695
851.0 0.0011379809620848391
852.0 0.0024595641662017442
853.0 0.0013926433894084767
854.0 0.00032572281725151697
855.0 0.0005829254405398387
856.0 0.0008401280865655281
857.0 0.0007881697456468828
858.0 0.0007362114047282375
859.0 0.00046079680942057166
860.0 0.00018538222548158956
861.0 0.0002297895207448164
862.0 0.0002741966227404191
863.0 0.00020051793399034068
864.0 0.0001268392679776298
865.0 0.00013686883448826848
866.0 0.0001468983896302234
867.0 1.6263865254551035e-10
868.0 1.6263865254551035e-10
869.0 1.6263865254551035e-10
870.0 8.913553983802558e-05
871.0 3.7955663856337196e-05
872.0 1.6263865254551035e-10
873.0 0.00010315009149053367
874.0 0.00021952439510641852
875.0 0.0001589629960108141
876.0 9.840157417784212e-05
877.0 0.0001179256059913314
878.0 0.00013744963780482067
879.0 0.0001663626562731224
880.0 0.00019527572021615924
881.0 0.00015564073692075908
882.0 0.00011600578773141024
883.0 7.03195212281571e-05
884.0 2.4633249040562077e-05
885.0 8.721602284822438e-05
886.0 0.00014979868865339085
887.0 0.00010562691841187188
888.0 6.145506290522462e-05
889.0 0.0001762185775078251
890.0 0.0002909820523200324
891.0 8.677824325786787e-05
892.0 1.6263865254551035e-10
893.0 9.370004505626639e-06
894.0 0.00013616556771012256
895.0 0.0001445980160497129
