lsstCam/transmission_filter_detector/r43_s01/i_39/19700101T000000.ecsv
# %ECSV 1.0
# ---
# datatype:
# - {name: wavelength, unit: nm, datatype: float32}
# - {name: efficiency, unit: '%', datatype: float64}
# meta: !!omap
# - {MODE: DETECTOR}
# - {TYPE: transmission_filter_detector}
# - {CALIBDATE: '1970-01-01T00:00:00'}
# - {INSTRUME: LSSTCam}
# - {OBSTYPE: transmission_filter_detector}
# - {CALIBCLS: lsst.ip.isr.IntermediateFilterDetectorTransmissionCurve}
# - {SOURCE: Materion (DM-46256)}
# - {DETECTOR: 181}
# - {FILTER: i_39}
# - {CALIB_ID: 'calibDate=1970-01-01T00:00:00 filter=i_39 detector=181'}
# - {DATE: '2025-04-02T15:59:47.316773'}
# - {CALIB_CREATION_DATE: '2025-04-02'}
# - {CALIB_CREATION_TIME: '15:59:47'}
# - __serialized_columns__:
#     efficiency:
#       __class__: astropy.units.quantity.Quantity
#       unit: !astropy.units.Unit {unit: '%'}
#       value: !astropy.table.SerializedColumn {name: efficiency}
#     wavelength:
#       __class__: astropy.units.quantity.Quantity
#       unit: !astropy.units.Unit {unit: nm}
#       value: !astropy.table.SerializedColumn {name: wavelength}
# schema: astropy-2.0
wavelength efficiency
[from data line 597]
897.0 0.0001401795316269272
898.0 0.0001273285874958674
899.0 6.644079917350609e-05
900.0 5.552990245405454e-06
901.0 8.305739243041899e-05
902.0 0.00016056178537837695
903.0 2.547237727412721e-05
904.0 1.6263865254551035e-10
905.0 4.8423925136376056e-05
906.0 0.00020646496068366105
907.0 7.215103323687799e-05
908.0 1.6263865254551035e-10
909.0 1.6263865254551035e-10
910.0 1.6263865254551035e-10
911.0 1.6263865254551035e-10
912.0 1.6263865254551035e-10
913.0 1.6263865254551035e-10
914.0 7.796155045980413e-05
915.0 7.136583235478611e-05
916.0 6.477010288108431e-05
917.0 1.6263865254551035e-10
918.0 1.6263865254551035e-10
919.0 1.6263865254551035e-10
920.0 1.6263865254551035e-10
921.0 1.6263865254551035e-10
922.0 1.6263865254551035e-10
923.0 1.6263865254551035e-10
924.0 4.03215778987942e-05
925.0 1.6263865254551035e-10
926.0 1.6263865254551035e-10
927.0 1.6263865254551035e-10
928.0 1.6263865254551035e-10
929.0 1.6263865254551035e-10
930.0 0.00013395116411629715
931.0 1.5346081738698558e-05
932.0 1.6263865254551035e-10
933.0 1.6263865254551035e-10
934.0 1.6263865254551035e-10
935.0 1.6263865254551035e-10
936.0 1.6263865254551035e-10
937.0 1.6263865254551035e-10
938.0 1.6263865254551035e-10
939.0 1.6263865254551035e-10
940.0 1.6263865254551035e-10
941.0 0.00010858798304980155
942.0 0.00023641864572709892
943.0 6.422172305065033e-05
944.0 1.6263865254551035e-10
945.0 2.788158148803177e-06
946.0 0.00011355156175341108
947.0 0.00010173698683502153
948.0 8.992244602268329e-05
949.0 8.739895633880224e-05
950.0 8.487543254886987e-05
951.0 9.194991434924304e-05
952.0 9.902438478093245e-05
953.0 1.6263865254551035e-10
954.0 1.6263865254551035e-10
955.0 1.6263865254551035e-10
956.0 0.00024592322915850673
957.0 9.65918388828868e-05
958.0 1.6263865254551035e-10
959.0 0.000122316851047799
960.0 0.00029737323075096356
961.0 0.0002824156354108709
962.0 0.0002674580173334107
963.0 0.00015722290527264704
964.0 4.69877733166868e-05
965.0 1.6263865254551035e-10
966.0 1.6263865254551035e-10
967.0 1.6263865254551035e-10
968.0 1.6263865254551035e-10
969.0 3.5082672411590465e-05
970.0 8.478524478050531e-05
971.0 1.6263865254551035e-10
972.0 1.6263865254551035e-10
973.0 1.6263865254551035e-10
974.0 6.297746324435138e-06
975.0 0.00010365505431764177
976.0 0.000201012358047592
977.0 4.0047925153885444e-05
978.0 1.6263865254551035e-10
979.0 7.141787250475318e-06
980.0 0.0001352000936094555
981.0 7.917243465271895e-05
982.0 2.314477569598239e-05
983.0 4.609193808846612e-05
984.0 6.903911753397551e-05
985.0 1.6263865254551035e-10
986.0 1.6263865254551035e-10
987.0 1.6263865254551035e-10
988.0 1.6263865254551035e-10
989.0 1.6263865254551035e-10
990.0 2.7349142328603193e-05
991.0 7.284860998879594e-05
992.0 0.00011834808901767246
993.0 0.00011714352012859308
994.0 0.00011593891713346238
995.0 0.00017233485323231434
996.0 0.000228730755225115
997.0 0.00019950964542658767
998.0 0.00017028853562806034
999.0 4.483431155222206e-05
1000.0 1.6263865254551035e-10
1001.0 3.4724763509075274e-05
1002.0 0.00015006949070084374
1003.0 0.0001770292556102504
1004.0 0.00020398906599439215
1005.0 0.00024562543785577873
1006.0 0.00028726192340400303
1007.0 0.00030371588763955515
1008.0 0.00032016998829931254
1009.0 0.0002772165998976561
1010.0 0.0002342632569707348
1011.0 0.0002675975110832951
1012.0 0.00030093183340795804
1013.0 0.00019321755644341465
1014.0 8.550328516321315e-05
1015.0 5.221561423240928e-05
1016.0 1.8927927669665223e-05
1017.0 0.0001962938767974265
1018.0 0.00037365982734627323
1019.0 0.00022308383904601214
1020.0 7.250787916746049e-05
1021.0 2.4289977318403544e-05
1022.0 1.6263865254551035e-10
1023.0 6.367329774548125e-05
1024.0 0.00015127445749385515
1025.0 0.0002357264520469471
1026.0 0.000320178446600039
1027.0 0.0003623133352448349
1028.0 0.0004044481556775281
1029.0 0.0006516349003504729
1030.0 0.0008988215085992124
1031.0 0.0011585357242438477
1032.0 0.001418249939888483
1033.0 0.0016297268302878365
1034.0 0.0018412032659398392
1035.0 0.0022241491024033166
1036.0 0.002607094393169973
1037.0 0.0029711030947510153
1038.0 0.003335111978230998
1039.0 0.0032882653613341972
1040.0 0.0032414187444373965
1041.0 0.003145904338452965
1042.0 0.003050389750569593
1043.0 0.0031027877412270755
1044.0 0.003155186277581379
1045.0 0.0033683976653264835
1046.0 0.0035816090530715883
1047.0 0.0033280408388236538
1048.0 0.0030744722607778385
1049.0 0.0027198770112590864
1050.0 0.0023652817617403343
1051.0 0.002201596180384513
1052.0 0.0020379104171297513
1053.0 0.002104542545566801
1054.0 0.002171174855902791
1055.0 0.0014388397175935097
1056.0 0.0007065046247589635
1057.0 0.0008724251529201865
1058.0 0.0010383457265561447
1059.0 0.0007398463367280783
1060.0 0.00044134699237474706
1061.0 0.0008651364623801783
1062.0 0.0012889258869108744
1063.0 0.0013990756997372955
1064.0 0.0015092254216142464
1065.0 0.002088512155751232
1066.0 0.002667799162736628
1067.0 0.0034078595490427688
1068.0 0.004147920844843611
1069.0 0.004005302253062837
1070.0 0.003862684388877824
1071.0 0.0037437668652273715
1072.0 0.0036248497053747997
1073.0 0.0032934876799117774
1074.0 0.002962125654448755
1075.0 0.0029810365958837792
1076.0 0.0029999475373188034
1077.0 0.0036195036955177784
1078.0 0.004239059853716753
1079.0 0.003764167195186019
1080.0 0.003289273809059523
1081.0 0.0026405303287901916
1082.0 0.0019917864847229794
1083.0 0.0015631982023478486
1084.0 0.0011346099199727178
1085.0 0.0009623845471651293
1086.0 0.0007901591743575409
1087.0 0.0006655492597928969
1088.0 0.0005409395271271933
1089.0 1.1755784790068446e-06
1090.0 1.6263865254551035e-10
1091.0 0.00048406573114334606
1092.0 0.0015067195818119217
1093.0 0.0004834051651414484
1094.0 1.6263865254551035e-10
1095.0 1.6263865254551035e-10
1096.0 1.6263865254551035e-10
1097.0 1.6263865254551035e-10
1098.0 8.477507549287111e-05
1099.0 0.0006054667665011948
1100.0 0.0011261583495070226
