lsstCam/transmission_filter_detector/r13_s20/y_10/19700101T000000.ecsv
# %ECSV 1.0
# ---
# datatype:
# - {name: wavelength, unit: nm, datatype: float32}
# - {name: efficiency, unit: '%', datatype: float64}
# meta: !!omap
# - {MODE: DETECTOR}
# - {TYPE: transmission_filter_detector}
# - {CALIBDATE: '1970-01-01T00:00:00'}
# - {INSTRUME: LSSTCam}
# - {OBSTYPE: transmission_filter_detector}
# - {CALIBCLS: lsst.ip.isr.IntermediateFilterDetectorTransmissionCurve}
# - {SOURCE: Materion (DM-46256)}
# - {DETECTOR: 60}
# - {FILTER: y_10}
# - {CALIB_ID: 'calibDate=1970-01-01T00:00:00 filter=y_10 detector=60'}
# - {DATE: '2025-04-02T15:59:51.019462'}
# - {CALIB_CREATION_DATE: '2025-04-02'}
# - {CALIB_CREATION_TIME: '15:59:51'}
# - __serialized_columns__:
#     efficiency:
#       __class__: astropy.units.quantity.Quantity
#       unit: !astropy.units.Unit {unit: '%'}
#       value: !astropy.table.SerializedColumn {name: efficiency}
#     wavelength:
#       __class__: astropy.units.quantity.Quantity
#       unit: !astropy.units.Unit {unit: nm}
#       value: !astropy.table.SerializedColumn {name: wavelength}
# schema: astropy-2.0
wavelength efficiency
300.0 0.530891539528966
301.0 0.28601731173694134
302.0 0.041143078124150634
303.0 0.03825605963356793
304.0 0.035369041142985225
305.0 0.021195199224166572
306.0 0.0070213522121775895
307.0 0.01624756259843707
308.0 0.025473770801909268
309.0 0.018716731574386358
310.0 0.011959690164076164
311.0 0.009456663974560797
312.0 0.006953634874662384
313.0 0.006439680146286264
314.0 0.005925723962718621
315.0 0.005546475586015731
316.0 0.005167230119695887
317.0 0.005803287422168069
318.0 0.0064393418142572045
319.0 0.003269535955041647
320.0 9.972867474061786e-05
321.0 0.002341382969461847
322.0 0.004583037662087008
323.0 0.0034825185139197856
324.0 0.002381999365752563
325.0 0.0007079806891852058
326.0 1.585112575051839e-10
327.0 0.0005320942364051007
328.0 0.002030226642091293
329.0 0.0035173412470612675
330.0 0.005004455670132302
331.0 0.004277980042388663
332.0 0.003551504050847143
333.0 0.002524372757761739
334.0 0.0014972406461311039
335.0 0.0016430456525995396
336.0 0.0017888511138153262
337.0 0.0026606179744703695
338.0 0.0035323842894285917
339.0 0.0017504004063084722
340.0 1.585112575051839e-10
341.0 1.585112575051839e-10
342.0 1.585112575051839e-10
343.0 0.00037544643873843597
344.0 0.001064524803950917
345.0 0.0014166270375426393
346.0 0.0017687298168311827
347.0 0.0018687174815568142
348.0 0.0019687046005856246
349.0 0.0015624809748260304
350.0 0.001156257167167496
351.0 0.0013915721865487285
352.0 0.00162688666023314
353.0 0.0014413375538424589
354.0 0.001255788538401248
355.0 0.0011668654224195052
356.0 0.0010779423064377625
357.0 0.0008869012162904255
358.0 0.0006958600351936184
359.0 0.0008694273674336728
360.0 0.0010429948815726675
361.0 0.0013037782082392368
362.0 0.0015645613530068658
363.0 0.0013438713722280227
364.0 0.0011231808457523584
365.0 0.0013931417925050482
366.0 0.0016631034668534994
367.0 0.0020290517568355426
368.0 0.002395000228716526
369.0 0.002089215922751464
370.0 0.0017834319805842824
371.0 0.0016984366084216163
372.0 0.0016134408724610694
373.0 0.0021388223103713244
374.0 0.0026642037482815795
375.0 0.003497442594380118
376.0 0.004330681258579716
377.0 0.00420644719270058
378.0 0.0040822131268214434
379.0 0.003514410855132155
380.0 0.002946608219644986
381.0 0.001984615664696321
382.0 0.0010226230187981855
383.0 0.0010890828889387194
384.0 0.0011555424862308428
385.0 0.0009128032615990378
386.0 0.0006700639460177626
387.0 0.0006757064056728268
388.0 0.000681348910802626
389.0 0.0005482447249960387
390.0 0.00041514067561365664
391.0 0.00046189879867597483
392.0 0.0005086570126877632
393.0 0.0005711395715479739
394.0 0.000633622312307125
395.0 0.0006045273948984686
396.0 0.0005754325684392825
397.0 0.0008164784958353266
398.0 0.0010575244232313707
399.0 0.0012536683243524749
400.0 0.001449812225473579
401.0 0.0016353800674551167
402.0 0.0018209480913355947
403.0 0.0018925511540146545
404.0 0.001964154034794774
405.0 0.0018169601389672607
406.0 0.0016697666069376282
407.0 0.0014149384696793277
408.0 0.0011601105143199675
409.0 0.000918174373509828
410.0 0.0006762378689018078
411.0 0.0005304479145706864
412.0 0.0003846580057143001
413.0 0.0008156011972459964
414.0 0.0012465441614040174
415.0 0.0019485674783936702
416.0 0.0026505909772822633
417.0 0.0014238573385227937
418.0 0.00019712376797542674
419.0 1.585112575051839e-10
420.0 1.585112575051839e-10
421.0 8.595417853030085e-05
422.0 0.0011276096302026417
423.0 0.0010625848517520353
424.0 0.0009975598004530184
425.0 0.00046723939703952055
426.0 1.585112575051839e-10
427.0 0.00022801448267273372
428.0 0.0005191101536183851
429.0 1.585112575051839e-10
430.0 1.585112575051839e-10
431.0 3.981564304922358e-05
432.0 0.001205035914608743
433.0 0.000720265325071523
434.0 0.00023549532670585904
435.0 1.585112575051839e-10
436.0 1.585112575051839e-10
437.0 1.585112575051839e-10
438.0 2.8640579330385663e-05
439.0 1.585112575051839e-10
440.0 1.585112575051839e-10
441.0 1.585112575051839e-10
442.0 1.585112575051839e-10
443.0 1.585112575051839e-10
444.0 0.00018833609374269145
445.0 0.00017405462813258055
446.0 0.00015977304883563193
447.0 0.000620994569544564
448.0 0.001082215840142453
449.0 0.0008627844181319233
450.0 0.000643352723272983
451.0 0.00042199285417154897
452.0 0.00020063307601958513
453.0 9.998049677051313e-06
454.0 1.585112575051839e-10
455.0 1.585112575051839e-10
456.0 1.585112575051839e-10
457.0 1.585112575051839e-10
458.0 0.0001966430772881722
459.0 0.0001695662945166987
460.0 0.00014248952311390894
461.0 0.00019592462194850668
462.0 0.0002493596866770531
463.0 0.00048448787310917396
464.0 0.0007196160822786624
465.0 0.0006947806468815543
466.0 0.0006699452114844462
467.0 0.001073811017704429
468.0 0.0014776766875002068
469.0 0.001639922265894711
470.0 0.0018021670257439837
471.0 0.0017621152437641285
472.0 0.0017220630979863927
473.0 0.0021515066691790707
474.0 0.002580950422270689
475.0 0.002681546720850747
476.0 0.002782143019430805
477.0 0.0033242071367567405
478.0 0.0038662714359816164
479.0 0.004512237865128554
480.0 0.005158204294275492
481.0 0.004859509863308631
482.0 0.004560815068543889
483.0 0.004089739013579674
484.0 0.003618662594817579
485.0 0.003845807077595964
486.0 0.004072951560374349
487.0 0.003429147182032466
488.0 0.0027853422579937615
489.0 0.0024913984816521406
490.0 0.002197455251007341
491.0 0.001906316538224928
492.0 0.001615177643543575
493.0 0.0012015260836051311
494.0 0.0007878749784140382
495.0 0.0010975243640132248
496.0 0.0014071737496124115
497.0 0.0018356173313804902
498.0 0.00226406136789592
499.0 0.0023835063984734006
500.0 0.002502951792848762
501.0 0.0026607543986756355
502.0 0.0028185573683003895
503.0 0.002871834294637665
504.0 0.0029251106752781197
505.0 0.0033183194318553433
506.0 0.003711528188432567
507.0 0.002817301719915122
508.0 0.001923074887599796
509.0 0.0020522607883322053
510.0 0.0021814466890646145
511.0 0.00214157480513677
512.0 0.0021017029212089255
513.0 0.0018961774912895635
514.0 0.0016906524251680821
515.0 0.0014580023162125144
516.0 0.0012253522072569467
517.0 0.0013201178262534086
518.0 0.0014148831724014599
519.0 0.001549552871438209
520.0 0.0016842224795254879
521.0 0.0017987918909057043
522.0 0.0019133613022859208
523.0 0.001758179314492736
524.0 0.0016029973266995512
525.0 0.002146679616998881
526.0 0.0026903622710960917
527.0 0.0025854891646304168
528.0 0.0024806164219626226
529.0 0.002559399581514299
530.0 0.002638182559167035
531.0 0.0025133211238426156
532.0 0.002388459506619256
533.0 0.0025680432372610085
534.0 0.0027476262403069995
535.0 0.0024712922822800465
536.0 0.002194957596657332
537.0 0.002466719342919532
538.0 0.0027384810891817324
539.0 0.003352793282829225
540.0 0.003967104930779897
541.0 0.004065348912263289
542.0 0.0041635928937466815
543.0 0.004428436295711435
544.0 0.0046932793338783085
545.0 0.004979874938726425
546.0 0.005266470179776661
547.0 0.004272712249075994
548.0 0.0032789543183753267
549.0 0.002887050504796207
550.0 0.0024951463274192065
551.0 0.00243844224314671
552.0 0.0023817379769752733
553.0 0.003108497548964806
554.0 0.0038352562114596367
555.0 0.003998904139734805
556.0 0.004162552431807853
557.0 0.00382938414986711
558.0 0.0034962162317242473
559.0 0.0032711290259612724
560.0 0.0030460418201982975
561.0 0.0033186141081387177
562.0 0.003591186032281257
563.0 0.0033732085285009816
564.0 0.003155231024720706
565.0 0.0038099082303233445
566.0 0.004464586163521744
567.0 0.004672838986152783
568.0 0.0048810921725817025
569.0 0.005314949157764204
570.0 0.005748806142946705
571.0 0.005723780486732721
572.0 0.005698754466720857
573.0 0.0059921523643424734
574.0 0.0062855498981662095
575.0 0.0063151033828035
576.0 0.00634465686744079
577.0 0.005687909288099036
578.0 0.005031161708757281
579.0 0.005830699956277385
580.0 0.006630238931393251
581.0 0.007258114783326164
582.0 0.007885989180067554
583.0 0.009069801308214664
584.0 0.010253610525978729
585.0 0.010493646550457925
586.0 0.01073368257493712
587.0 0.010494579328224063
588.0 0.01025547317112796
589.0 0.010277612454956397
590.0 0.010299753921572119
591.0 0.009500318265054375
592.0 0.008700882608536631
593.0 0.007153325714170933
594.0 0.00560577173018828
595.0 0.005577917545451783
596.0 0.005550063360715285
597.0 0.006084733468014747
598.0 0.0066194028477184474
599.0 0.007559009100077674
600.0 0.008498614624841139
601.0 0.009305961430072784
602.0 0.010113306052517146
603.0 0.010814341658260673
604.0 0.011515378719195724
605.0 0.011402533709770069
606.0 0.011289689427940175
607.0 0.009684137330623344
608.0 0.008078586688498035
609.0 0.006405401654774323
610.0 0.004732218076242134
611.0 0.003903382457792759
612.0 0.0030745472031412646
613.0 0.003566738814697601
614.0 0.0040589300624560565
615.0 0.004962974708178081
616.0 0.005867020445293747
617.0 0.00723642879165709
618.0 0.008605836774222553
619.0 0.009692505409475416
620.0 0.01077917477232404
621.0 0.011600914876908064
622.0 0.012422655709087849
623.0 0.01217061944771558
624.0 0.011918580275960267
625.0 0.010370205563958734
626.0 0.008821828669169918
627.0 0.007038807962089777
628.0 0.005255785072222352
629.0 0.004361969695310108
630.0 0.0034681543183978647
631.0 0.002942614628409501
632.0 0.002417074574623257
633.0 0.0025400775484740734
634.0 0.0026630807042238303
635.0 0.002944601328636054
636.0 0.0032261214073514566
637.0 0.004075203105458058
638.0 0.00492428480356466
639.0 0.004939991413266398
640.0 0.004955697295372374
641.0 0.005422475442173891
642.0 0.0058892532251775265
643.0 0.005625374978990294
644.0 0.005361496732803062
645.0 0.0049559785111341625
646.0 0.004550459925667383
647.0 0.0036314722819952294
648.0 0.0027124850021209568
649.0 0.0021757663489552215
650.0 0.0016390476957894862
651.0 0.0016731160940253176
652.0 0.0017071852198569104
653.0 0.001555783637741115
654.0 0.0014043819646758493
655.0 0.0014748924513696693
656.0 0.0015454030290129595
657.0 0.0014274026398197748
658.0 0.0013094023415760603
659.0 0.0018043563613900915
660.0 0.002299310108355712
661.0 0.0019277740648249164
662.0 0.0015562378393951803
663.0 0.0022886908482178114
664.0 0.0030211442208383232
665.0 0.0035510871384758502
666.0 0.004081029328517616
667.0 0.004866235394729301
668.0 0.005651439641951583
669.0 0.005986480391584337
670.0 0.006321517867036164
671.0 0.006910311640240252
672.0 0.007499106141040102
673.0 0.007927378464955837
674.0 0.008355651516467333
675.0 0.007698893750784919
676.0 0.007042137440294027
677.0 0.00557132952963002
678.0 0.0041005212551681325
679.0 0.0027732634407584555
680.0 0.0014460064448940102
681.0 0.000604587603447726
682.0 1.585112575051839e-10
683.0 0.00011913508615180035
684.0 0.0004751015694637317
685.0 0.00025261749669880373
686.0 3.0133423933875747e-05
687.0 0.00014866201354379882
688.0 0.0002671906031537219
689.0 0.0003287124854978174
690.0 0.00039023439057928044
691.0 0.00036330216062196996
692.0 0.0003363699306646595
693.0 0.00029113275559211615
694.0 0.0002458955577822053
695.0 0.00036973408441554056
696.0 0.0004935726337862434
697.0 0.0005078634785604663
698.0 0.0005221542778599542
699.0 0.00045268493522598874
700.0 0.0003832152742688777
701.0 0.0003021197017005761
702.0 0.0002210242655564798
703.0 0.000318154184242303
704.0 0.0004152841484028613
705.0 0.00040832355807651766
706.0 0.00040136278585123364
707.0 0.00011520093039507628
708.0 1.585112575051839e-10
709.0 1.0890087054349351e-05
710.0 0.00019274118585599354
711.0 0.0003598888042688486
712.0 0.0005270364454190712
713.0 0.0003659238245745655
714.0 0.00020481122646742733
715.0 0.000355398015017272
716.0 0.0005059847808297491
717.0 0.00030323551527544623
718.0 0.0001004862497211434
719.0 0.0003881830252794316
720.0 0.0006758796644135145
721.0 0.0005078308731754078
722.0 0.0003397822410988738
723.0 0.0002771729214146035
724.0 0.00021456360173033318
725.0 0.0004258882199792424
726.0 0.0006372130883391947
727.0 0.00033789278859330807
728.0 3.8572855487473134e-05
729.0 0.0002276152599733905
730.0 0.00041665789467515424
731.0 0.0006587428742932389
732.0 0.000900828126759734
733.0 0.00029632835776283173
734.0 1.585112575051839e-10
735.0 1.585112575051839e-10
736.0 1.585112575051839e-10
737.0 0.0002842420826709713
738.0 0.0009726140888233203
739.0 0.0006222620868356898
740.0 0.0002719098119996488
741.0 3.9006621932458074e-05
742.0 1.585112575051839e-10
743.0 1.585112575051839e-10
744.0 1.585112575051839e-10
745.0 0.0003486841706035193
746.0 0.0007270297828654293
747.0 0.00029838879527233075
748.0 1.585112575051839e-10
749.0 1.585112575051839e-10
750.0 1.585112575051839e-10
751.0 1.585112575051839e-10
752.0 0.0001534905550215626
753.0 0.0002799921276164241
754.0 0.00040649360926181544
755.0 1.585112575051839e-10
756.0 1.585112575051839e-10
757.0 1.585112575051839e-10
758.0 1.585112575051839e-10
759.0 0.00018465522089172737
760.0 0.0007485680271202
761.0 0.0004552788595901802
762.0 0.00016198961247937405
763.0 1.585112575051839e-10
764.0 1.585112575051839e-10
765.0 0.00013199627346693887
766.0 0.0005106739081384148
767.0 1.585112575051839e-10
768.0 1.585112575051839e-10
769.0 1.585112575051839e-10
770.0 1.585112575051839e-10
771.0 1.585112575051839e-10
772.0 1.585112575051839e-10
773.0 0.0002880989995901473
774.0 0.0008211311069317162
775.0 0.0004092466497240821
776.0 1.585112575051839e-10
777.0 0.00020021470845676959
778.0 0.0004030674972455017
779.0 0.0005553521987167187
780.0 0.0007076369001879357
781.0 0.0006715802555845585
782.0 0.000635523474556976
783.0 0.0004965653261024272
784.0 0.0003576071776478784
785.0 0.0002902211463151616
786.0 0.00022283477392193163
787.0 0.0005158522526471643
788.0 0.0008088695722108241
789.0 0.0007466615898010787
790.0 0.0006844536528660683
791.0 0.0005683698873326648
792.0 0.00045228593990032095
793.0 0.0006403699444490485
794.0 0.0008284537216241006
795.0 0.000897644531505648
796.0 0.0009668351594882552
797.0 0.0004781984898727387
798.0 1.585112575051839e-10
799.0 0.0004862431978835957
800.0 0.0009829245755099691
801.0 0.0005352330390451243
802.0 8.754150826462137e-05
803.0 0.00024156697691068985
804.0 0.0003955924512411002
805.0 0.0006911898708494846
806.0 0.000986787290457869
807.0 0.0006698309789499035
808.0 0.00035287464470457053
809.0 8.524311851942912e-05
810.0 1.585112575051839e-10
811.0 0.0001607504032108409
812.0 0.000503889168612659
813.0 0.0008312527825182769
814.0 0.0011586162145249546
815.0 0.0011730146070476621
816.0 0.0011874124538735487
817.0 0.0010110073162650224
818.0 0.0008346021786564961
819.0 0.00085491856225417
820.0 0.000875235036801314
821.0 0.000792875016486505
822.0 0.000710514950696961
823.0 0.0006780993771826616
824.0 0.0006456839855673024
825.0 0.0006674717042187694
826.0 0.0006892594228702364
827.0 0.0007430745881720213
828.0 0.0007968898898980115
829.0 0.0003558968728611944
830.0 1.585112575051839e-10
831.0 1.585112575051839e-10
832.0 4.637546169306006e-05
833.0 0.0002640065304149175
834.0 0.0004816374712390825
835.0 1.585112575051839e-10
836.0 1.585112575051839e-10
837.0 1.585112575051839e-10
838.0 0.0003455384558037622
839.0 0.0006558406312251464
840.0 0.0009661427611717954
841.0 0.0011372238077456132
842.0 0.0013083047633699607
843.0 0.0009569740541337524
844.0 0.0006056432084733387
845.0 0.0005810155016661156
846.0 0.0005563876584346872
847.0 0.0009233809578290675
848.0 0.0012903742572234478
849.0 0.0010075445970869623
850.0 0.0007247144367283909
851.0 0.0010384205779701006
852.0 0.0013521266737370752
853.0 0.0005694075298379175
854.0 1.585112575051839e-10
855.0 1.585112575051839e-10
856.0 1.585112575051839e-10
857.0 0.0003197033038304653
858.0 0.0012121581676183268
859.0 0.001102470650948817
860.0 0.0009927829523803666
861.0 0.001317359237873461
862.0 0.001641935705265496
863.0 0.0017548014511703514
864.0 0.001867666833277326
865.0 0.0019430775864748284
866.0 0.0020184887034702115
867.0 0.002714236870815512
868.0 0.0034099852200597525
869.0 0.0030226921808207408
870.0 0.0026353989596827887
871.0 0.0030808405426796526
872.0 0.003526281943777576
873.0 0.0026878433345700614
874.0 0.001849404907261487
875.0 0.002586486516520381
876.0 0.0033235679438803345
