lsstCam/transmission_filter_detector/r13_s20/y_10/19700101T000000.ecsv
# %ECSV 1.0
# ---
# datatype:
# - {name: wavelength, unit: nm, datatype: float32}
# - {name: efficiency, unit: '%', datatype: float64}
# meta: !!omap
# - {MODE: DETECTOR}
# - {TYPE: transmission_filter_detector}
# - {CALIBDATE: '1970-01-01T00:00:00'}
# - {INSTRUME: LSSTCam}
# - {OBSTYPE: transmission_filter_detector}
# - {CALIBCLS: lsst.ip.isr.IntermediateFilterDetectorTransmissionCurve}
# - {SOURCE: Materion (DM-46256)}
# - {DETECTOR: 60}
# - {FILTER: y_10}
# - {CALIB_ID: 'calibDate=1970-01-01T00:00:00 filter=y_10 detector=60'}
# - {DATE: '2025-04-02T15:59:51.019462'}
# - {CALIB_CREATION_DATE: '2025-04-02'}
# - {CALIB_CREATION_TIME: '15:59:51'}
# - __serialized_columns__:
#     efficiency:
#       __class__: astropy.units.quantity.Quantity
#       unit: !astropy.units.Unit {unit: '%'}
#       value: !astropy.table.SerializedColumn {name: efficiency}
#     wavelength:
#       __class__: astropy.units.quantity.Quantity
#       unit: !astropy.units.Unit {unit: nm}
#       value: !astropy.table.SerializedColumn {name: wavelength}
# schema: astropy-2.0
wavelength efficiency
[from data line 578]
878.0 0.000956533222051803
879.0 0.0018384987924946472
880.0 0.0669604167342186
881.0 0.09737831423990428
882.0 0.05996396648697555
883.0 0.1125372014939785
884.0 0.07757521234452724
885.0 0.10341174202039838
886.0 0.07607567240484059
887.0 0.1137085142545402
888.0 0.06468615029007196
889.0 0.10042558424174786
890.0 0.08883369737304747
891.0 0.0934567884542048
892.0 0.06908199866302311
893.0 0.1056946930475533
894.0 0.07946405676193535
895.0 0.11248665396124125
896.0 0.08578295819461346
897.0 0.11603358434513211
898.0 0.10064449161291122
899.0 0.13378019211813807
900.0 0.11738911271095276
901.0 0.15722113894298673
902.0 0.17429777653887868
903.0 0.20690953824669123
904.0 0.2304798923432827
905.0 0.3019035793840885
906.0 0.37279969546943903
907.0 0.47706798650324345
908.0 0.6514288485050201
909.0 0.8791141211986542
910.0 1.2965071015059948
911.0 1.8492234870791435
912.0 2.7091747149825096
913.0 3.944353386759758
914.0 5.3781162947416306
915.0 7.432025671005249
916.0 9.828612953424454
917.0 12.365306168794632
918.0 15.198114514350891
919.0 17.87515878677368
920.0 21.50779515504837
921.0 25.361770391464233
922.0 29.305094480514526
923.0 33.97930860519409
924.0 39.047178626060486
925.0 44.594499468803406
926.0 51.119208335876465
927.0 58.02667737007141
928.0 63.993144035339355
929.0 70.2947199344635
930.0 75.75556635856628
931.0 80.98734617233276
932.0 85.67241430282593
933.0 89.52341079711914
934.0 92.24254488945007
935.0 94.09192204475403
936.0 95.44514417648315
937.0 96.36706709861755
938.0 96.94199562072754
939.0 97.16660976409912
940.0 97.45522737503052
941.0 97.55668044090271
942.0 97.7599561214447
943.0 97.76879549026489
944.0 97.95591831207275
945.0 97.89884686470032
946.0 97.9309618473053
947.0 97.88348078727722
948.0 98.04704785346985
949.0 97.95189499855042
950.0 98.11835289001465
951.0 98.20583462715149
952.0 98.26084971427917
953.0 98.42576384544373
954.0 98.5184907913208
955.0 98.55242371559143
956.0 98.6900269985199
957.0 98.90118837356567
958.0 99.05137419700623
959.0 99.06002283096313
960.0 99.13262724876404
961.0 99.12978410720825
962.0 99.20957088470459
963.0 99.2069959640503
964.0 99.23031330108643
965.0 99.24018383026123
966.0 99.32409524917603
967.0 99.38627481460571
968.0 99.3622362613678
969.0 99.37883615493774
970.0 99.44273233413696
971.0 99.4436264038086
972.0 99.4935691356659
973.0 99.5982825756073
974.0 99.59154725074768
975.0 99.52976703643799
976.0 99.59407448768616
977.0 99.53760504722595
978.0 99.59847927093506
979.0 99.52092170715332
980.0 99.50804710388184
981.0 99.42143559455872
982.0 99.35252070426941
983.0 99.3887186050415
984.0 99.3473768234253
985.0 99.3665337562561
986.0 99.22378659248352
987.0 99.29617047309875
988.0 99.24639463424683
989.0 99.22651052474976
990.0 99.21367168426514
991.0 99.278324842453
992.0 99.33334589004517
993.0 99.28315281867981
994.0 99.27727580070496
995.0 99.31579232215881
996.0 99.29926991462708
997.0 99.41616654396057
998.0 99.44903254508972
999.0 99.50050115585327
1000.0 99.51463341712952
1001.0 99.48111176490784
1002.0 99.60303902626038
1003.0 99.6093213558197
1004.0 99.63831305503845
1005.0 99.55567121505737
1006.0 99.65888857841492
1007.0 99.64107871055603
1008.0 99.59015250205994
1009.0 99.5482087135315
1010.0 99.59208369255066
1011.0 99.5917558670044
1012.0 99.4702398777008
1013.0 99.52311515808105
1014.0 99.48408007621765
1015.0 99.44685101509094
1016.0 99.4486153125763
1017.0 99.51244592666626
1018.0 99.52511191368103
1019.0 99.46770071983337
1020.0 99.522864818573
1021.0 99.68029260635376
1022.0 99.58807826042175
1023.0 99.59009289741516
1024.0 99.57447648048401
1025.0 99.59825873374939
1026.0 99.66253638267517
1027.0 99.74521994590759
1028.0 99.67486262321472
1029.0 99.7604250907898
1030.0 99.7963011264801
1031.0 99.73466992378235
1032.0 99.76372718811035
1033.0 99.76327419281006
1034.0 99.73191618919373
1035.0 99.78620409965515
1036.0 99.70546960830688
1037.0 99.72141981124878
1038.0 99.70227479934692
1039.0 99.57213401794434
1040.0 99.52425956726074
1041.0 99.68645572662354
1042.0 99.54862594604492
1043.0 99.5576024055481
1044.0 99.64059591293335
1045.0 99.34108257293701
1046.0 99.51226115226746
1047.0 99.465012550354
1048.0 99.53926205635071
1049.0 99.43418502807617
1050.0 99.41632151603699
1051.0 99.53693151473999
1052.0 99.4320809841156
1053.0 99.29214715957642
1054.0 99.54655170440674
1055.0 99.70332384109497
1056.0 99.48939681053162
1057.0 99.56831336021423
1058.0 99.340158700943
1059.0 99.42417740821838
1060.0 99.54929947853088
1061.0 99.38414692878723
1062.0 99.35873746871948
1063.0 99.40809607505798
1064.0 99.40042495727539
1065.0 99.41803812980652
1066.0 99.41376447677612
1067.0 99.49255585670471
1068.0 99.47642683982849
1069.0 99.17814135551453
1070.0 99.6068000793457
1071.0 99.40627217292786
1072.0 99.39931631088257
1073.0 99.49195384979248
1074.0 99.24699068069458
1075.0 99.24920201301575
1076.0 99.04799461364746
1077.0 99.34136271476746
1078.0 99.63418245315552
1079.0 99.12701845169067
1080.0 99.76369142532349
1081.0 99.0220308303833
1082.0 99.21643733978271
1083.0 99.15273785591125
1084.0 99.48940873146057
1085.0 99.59772825241089
1086.0 99.19842481613159
1087.0 99.31761026382446
1088.0 99.13979768753052
1089.0 99.10204410552979
1090.0 99.01783466339111
1091.0 99.16564226150513
1092.0 99.0308403968811
1093.0 98.95915389060974
1094.0 98.96503686904907
1095.0 98.7348198890686
1096.0 98.90121817588806
1097.0 98.65589737892151
1098.0 98.0209231376648
1099.0 98.84501099586487
1100.0 98.21597337722778
