lsstCam/transmission_filter_detector/r43_s00/i_39/19700101T000000.ecsv
# %ECSV 1.0
# ---
# datatype:
# - {name: wavelength, unit: nm, datatype: float32}
# - {name: efficiency, unit: '%', datatype: float64}
# meta: !!omap
# - {MODE: DETECTOR}
# - {TYPE: transmission_filter_detector}
# - {CALIBDATE: '1970-01-01T00:00:00'}
# - {INSTRUME: LSSTCam}
# - {OBSTYPE: transmission_filter_detector}
# - {CALIBCLS: lsst.ip.isr.IntermediateFilterDetectorTransmissionCurve}
# - {SOURCE: Materion (DM-46256)}
# - {DETECTOR: 180}
# - {FILTER: i_39}
# - {CALIB_ID: 'calibDate=1970-01-01T00:00:00 filter=i_39 detector=180'}
# - {DATE: '2025-04-02T15:59:47.312230'}
# - {CALIB_CREATION_DATE: '2025-04-02'}
# - {CALIB_CREATION_TIME: '15:59:47'}
# - __serialized_columns__:
#     efficiency:
#       __class__: astropy.units.quantity.Quantity
#       unit: !astropy.units.Unit {unit: '%'}
#       value: !astropy.table.SerializedColumn {name: efficiency}
#     wavelength:
#       __class__: astropy.units.quantity.Quantity
#       unit: !astropy.units.Unit {unit: nm}
#       value: !astropy.table.SerializedColumn {name: wavelength}
# schema: astropy-2.0
wavelength efficiency
[from data line 598]
898.0 7.305275744329265e-05
899.0 6.687195508447985e-06
900.0 1.6200365701712904e-10
901.0 7.706310611865774e-05
902.0 0.00021380456018960103
903.0 5.1737907824644935e-05
904.0 1.6200365701712904e-10
905.0 2.567629451277753e-05
906.0 0.0001616814301996783
907.0 5.522666697288514e-05
908.0 1.6200365701712904e-10
909.0 1.6200365701712904e-10
910.0 1.6200365701712904e-10
911.0 1.6200365701712904e-10
912.0 1.6200365701712904e-10
913.0 1.6200365701712904e-10
914.0 6.98722601555346e-05
915.0 9.49992738696892e-05
916.0 0.00012012626484647626
917.0 2.7600268026617414e-05
918.0 1.6200365701712904e-10
919.0 1.6200365701712904e-10
920.0 3.805125743383542e-05
921.0 1.6200365701712904e-10
922.0 1.6200365701712904e-10
923.0 1.6200365701712904e-10
924.0 7.690682082284184e-05
925.0 1.6200365701712904e-10
926.0 1.6200365701712904e-10
927.0 1.6200365701712904e-10
928.0 1.6200365701712904e-10
929.0 1.6200365701712904e-10
930.0 8.175639436558413e-05
931.0 3.4722035024969955e-06
932.0 1.6200365701712904e-10
933.0 1.6200365701712904e-10
934.0 1.6200365701712904e-10
935.0 1.6200365701712904e-10
936.0 1.6200365701712904e-10
937.0 1.6200365701712904e-10
938.0 1.6200365701712904e-10
939.0 1.6200365701712904e-10
940.0 1.6200365701712904e-10
941.0 7.230614755826537e-05
942.0 0.0002602908807602944
943.0 1.6200365701712904e-10
944.0 1.6200365701712904e-10
945.0 1.6200365701712904e-10
946.0 0.0001581080937285151
947.0 0.0001883081836240308
948.0 0.00021850823941349518
949.0 0.0001261890815840161
950.0 3.386984417375061e-05
951.0 6.212566177055123e-05
952.0 9.038146799866809e-05
953.0 1.6200365701712904e-10
954.0 1.6200365701712904e-10
955.0 1.0687700324751859e-05
956.0 0.00026073521439684555
957.0 0.00010068404208141146
958.0 1.6200365701712904e-10
959.0 0.00012769546628987882
960.0 0.00031475806281378027
961.0 0.0002818137545546051
962.0 0.0002488694235580624
963.0 0.0001717563577585679
964.0 9.464328627473151e-05
965.0 1.6200365701712904e-10
966.0 1.6200365701712904e-10
967.0 1.6200365701712904e-10
968.0 1.6200365701712904e-10
969.0 2.3788054193119024e-05
970.0 8.483178248752665e-05
971.0 1.9719192323464085e-05
972.0 1.6200365701712904e-10
973.0 1.6200365701712904e-10
974.0 1.6200365701712904e-10
975.0 8.524839927304129e-05
976.0 0.0001916642986543593
977.0 2.9881894647587615e-05
978.0 1.6200365701712904e-10
979.0 2.908180585237119e-07
980.0 0.0001324821596426773
981.0 5.833674094901653e-05
982.0 1.6200365701712904e-10
983.0 6.635441422986332e-05
984.0 0.00014851752894173842
985.0 5.674423846357968e-05
986.0 1.6200365701712904e-10
987.0 1.6200365701712904e-10
988.0 1.6200365701712904e-10
989.0 2.19148390101509e-05
990.0 9.444449347029149e-05
991.0 0.0001329680117123644
992.0 0.0001714915583761467
993.0 0.00014086010651226388
994.0 0.00011022864327969728
995.0 0.0001629031430638861
996.0 0.0002155775973733398
997.0 0.00014261357819123077
998.0 6.964954195609607e-05
999.0 1.0230073144157359e-05
1000.0 1.6200365701712904e-10
1001.0 5.7576835388317704e-05
1002.0 0.0001643430891817843
1003.0 0.00017127114233517204
1004.0 0.00017819921822592732
1005.0 0.00023413006147166016
1006.0 0.00029006096156081185
1007.0 0.000305156800095574
1008.0 0.00032025272957980633
1009.0 0.00033352498576277867
1010.0 0.00034679735563258873
1011.0 0.0003232059498259332
1012.0 0.0002996146577061154
1013.0 0.00020112986476306105
1014.0 0.00010264504908263916
1015.0 5.397704399001668e-05
1016.0 5.3090246865394874e-06
1017.0 0.00018184123291575816
1018.0 0.0003583734724088572
1019.0 0.0002676119720490533
1020.0 0.0001768505057953007
1021.0 0.00014342758731800131
1022.0 0.00011000463473465061
1023.0 0.00016318368807333172
1024.0 0.00021636269593727775
1025.0 0.00029140285278117517
1026.0 0.0003664430096250726
1027.0 0.00039614710658497643
1028.0 0.0004258511125954101
1029.0 0.0006722328635078156
1030.0 0.0009186144779960159
1031.0 0.0011324351362418383
1032.0 0.001346255885437131
1033.0 0.0016410203897976317
1034.0 0.0019357845303602517
1035.0 0.0023113907445804216
1036.0 0.002686996776901651
1037.0 0.003048624057555571
1038.0 0.003410251156310551
1039.0 0.003393818042241037
1040.0 0.003377384564373642
1041.0 0.0031827989005250856
1042.0 0.0029882136004744098
1043.0 0.003060944436583668
1044.0 0.0031336760002886876
1045.0 0.0033336076739942655
1046.0 0.0035335389839019626
1047.0 0.0032852003641892225
1048.0 0.0030368617444764823
1049.0 0.0026987012461177073
1050.0 0.0023605407477589324
1051.0 0.0021644622393068857
1052.0 0.0019683839127537794
1053.0 0.001960412737389561
1054.0 0.0019524417439242825
1055.0 0.0013818844308843836
1056.0 0.0008113271178444847
1057.0 0.0010494424714124762
1058.0 0.0012875577340309974
1059.0 0.000956330586632248
1060.0 0.0006251035756577039
1061.0 0.0009721283277031034
1062.0 0.001319153125223238
1063.0 0.001527570202597417
1064.0 0.0017359872799715959
1065.0 0.002176526868424844
1066.0 0.002617066820675973
1067.0 0.0033826418075477704
1068.0 0.004148217340116389
1069.0 0.003949402162106708
1070.0 0.0037505877116927877
1071.0 0.0037471778341569006
1072.0 0.0037437679566210136
1073.0 0.0031408992072101682
1074.0 0.002538030457799323
1075.0 0.0028717586246784776
1076.0 0.0032054864277597517
1077.0 0.00375763229385484
1078.0 0.004309778523747809
1079.0 0.0036954159440938383
1080.0 0.0030810530006419867
1081.0 0.00239442251768196
1082.0 0.001707791852822993
1083.0 0.0015457520930795
1084.0 0.0013837120604875963
1085.0 0.0012462888662412297
1086.0 0.0011088657629443333
1087.0 0.0008860342859406956
1088.0 0.0006632029908359982
1089.0 6.885400694045529e-05
1090.0 1.6200365701712904e-10
1091.0 0.0003213690206393949
1092.0 0.0011682327567541506
1093.0 0.0003995125098299468
1094.0 1.6200365701712904e-10
1095.0 1.6200365701712904e-10
1096.0 1.6200365701712904e-10
1097.0 1.6200365701712904e-10
1098.0 1.6200365701712904e-10
1099.0 1.6200365701712904e-10
1100.0 0.0007384961008938262
