lsstCam/transmission_filter_detector/r43_s00/i_39/19700101T000000.ecsv
# %ECSV 1.0
# ---
# datatype:
# - {name: wavelength, unit: nm, datatype: float32}
# - {name: efficiency, unit: '%', datatype: float64}
# meta: !!omap
# - {MODE: DETECTOR}
# - {TYPE: transmission_filter_detector}
# - {CALIBDATE: '1970-01-01T00:00:00'}
# - {INSTRUME: LSSTCam}
# - {OBSTYPE: transmission_filter_detector}
# - {CALIBCLS: lsst.ip.isr.IntermediateFilterDetectorTransmissionCurve}
# - {SOURCE: Materion (DM-46256)}
# - {DETECTOR: 180}
# - {FILTER: i_39}
# - {CALIB_ID: 'calibDate=1970-01-01T00:00:00 filter=i_39 detector=180'}
# - {DATE: '2025-04-02T15:59:47.312230'}
# - {CALIB_CREATION_DATE: '2025-04-02'}
# - {CALIB_CREATION_TIME: '15:59:47'}
# - __serialized_columns__:
#     efficiency:
#       __class__: astropy.units.quantity.Quantity
#       unit: !astropy.units.Unit {unit: '%'}
#       value: !astropy.table.SerializedColumn {name: efficiency}
#     wavelength:
#       __class__: astropy.units.quantity.Quantity
#       unit: !astropy.units.Unit {unit: nm}
#       value: !astropy.table.SerializedColumn {name: wavelength}
# schema: astropy-2.0
wavelength efficiency
300.0 0.05909294122830033
301.0 0.026112087653018534
302.0 1.6200365701712904e-10
303.0 0.0014721284060215112
304.0 0.009812997450353578
305.0 0.01235627569258213
306.0 0.014899550296831876
307.0 0.017931300681084394
308.0 0.020963048154953867
309.0 0.009288515138905495
310.0 1.6200365701712904e-10
311.0 1.6200365701712904e-10
312.0 1.6200365701712904e-10
313.0 1.6200365701712904e-10
314.0 0.0026641913791536354
315.0 0.00290183652396081
316.0 0.003139481123071164
317.0 0.002445674363116268
318.0 0.0017518683307571337
319.0 0.0029669758077943698
320.0 0.004182081102044322
321.0 0.0006358847258525202
322.0 1.6200365701712904e-10
323.0 1.6200365701712904e-10
324.0 0.0004488014383241534
325.0 0.0015367670130217448
326.0 0.002624733497214038
327.0 0.0011303662176942453
328.0 1.6200365701712904e-10
329.0 1.6200365701712904e-10
330.0 1.6200365701712904e-10
331.0 0.0011600585821724962
332.0 0.00264555674220901
333.0 0.0011424024705775082
334.0 1.6200365701712904e-10
335.0 0.0009351698281534482
336.0 0.0022310907297651283
337.0 0.0024635553927510045
338.0 0.002696019691939
339.0 0.000810823985375464
340.0 1.6200365701712904e-10
341.0 1.6200365701712904e-10
342.0 1.6200365701712904e-10
343.0 0.00028539752747747116
344.0 0.0007274842573679052
345.0 0.000556624036107678
346.0 0.0003857639057969209
347.0 0.0002949421514131245
348.0 0.00020412014691828517
349.0 0.0003641400553533458
350.0 0.000524159986525774
351.0 0.00013173460047255503
352.0 1.6200365701712904e-10
353.0 0.00020692748421424767
354.0 0.0006745456630596891
355.0 0.0010854362699319609
356.0 0.0014963267858547624
357.0 0.0004258839908288792
358.0 1.6200365701712904e-10
359.0 1.6200365701712904e-10
360.0 1.6200365701712904e-10
361.0 0.0002930412165369489
362.0 0.0008438875738647766
363.0 0.0002559978156568832
364.0 1.6200365701712904e-10
365.0 0.00014953707250242587
366.0 0.0006309661785053322
367.0 0.0002955287982331356
368.0 1.6200365701712904e-10
369.0 1.6200365701712904e-10
370.0 1.6200365701712904e-10
371.0 1.6200365701712904e-10
372.0 1.6200365701712904e-10
373.0 0.0003338139094921644
374.0 0.0009369317922391929
375.0 0.0008989913112600334
376.0 0.0008610509212303441
377.0 0.0007504964287363691
378.0 0.0006399418907676591
379.0 0.0002654831178006134
380.0 1.6200365701712904e-10
381.0 1.6200365701712904e-10
382.0 9.576179138548468e-06
383.0 1.381441165904107e-05
384.0 1.805272518140555e-05
385.0 0.00010912859806921915
386.0 0.0002002046130655799
387.0 0.00019458939277683385
388.0 0.0001889741270133527
389.0 0.00011874935808009468
390.0 4.852428219237481e-05
391.0 1.6200365701712904e-10
392.0 1.6200365701712904e-10
393.0 1.6200365701712904e-10
394.0 0.00047561525207129307
395.0 0.0005934292403253494
396.0 0.0007112430921552004
397.0 0.00028718734483845765
398.0 1.6200365701712904e-10
399.0 0.0005587780378846219
400.0 0.0012544243872980587
401.0 0.004883731890004128
402.0 0.008513039210811257
403.0 0.005275330477161333
404.0 0.002037621015915647
405.0 0.0007802239451848436
406.0 1.6200365701712904e-10
407.0 0.0006588759788428433
408.0 0.0017949256289284676
409.0 0.0027370428142603487
410.0 0.003679159635794349
411.0 0.0029404731321847066
412.0 0.0022017868104740046
413.0 0.0035851648135576397
414.0 0.004968542998540215
415.0 0.005635496199829504
416.0 0.006302449764916673
417.0 0.006322898116195574
418.0 0.0063433464674744755
419.0 0.004258984699845314
420.0 0.002174623659811914
421.0 0.0034763845178531483
422.0 0.004778146103490144
423.0 0.0047116063797147945
424.0 0.0046450659283436835
425.0 0.004942117448081262
426.0 0.005239169695414603
427.0 0.005000441160518676
428.0 0.00476171298942063
429.0 0.0036312510928837582
430.0 0.002500789378245827
431.0 0.0034423337638145313
432.0 0.004383878331282176
433.0 0.003547770029399544
434.0 0.0027116615456179716
435.0 0.002703762220335193
436.0 0.002695863258850295
437.0 0.001594342029420659
438.0 0.0004928209818899632
439.0 0.0010083830602525268
440.0 0.0015239450476656202
441.0 0.0008067790076893289
442.0 8.961297908172128e-05
443.0 0.0006527931873279158
444.0 0.001215973315993324
445.0 0.000644240708425059
446.0 7.250797580127255e-05
447.0 0.0005798828169645276
448.0 0.0010872578059206717
449.0 0.0008086700290732551
450.0 0.0005300821612763684
451.0 0.00018299077737538028
452.0 1.6200365701712904e-10
453.0 1.6200365701712904e-10
454.0 0.0001253532900591381
455.0 0.0004899102805211442
456.0 0.0008544670890842099
457.0 0.0006943042080820305
458.0 0.0005341411451809108
459.0 0.0003396031615920947
460.0 0.0001450653712709027
461.0 0.0004602563876687782
462.0 0.0007754474609100726
463.0 0.0006503144504677039
464.0 0.0005251816673990106
465.0 0.00028769275104423286
466.0 5.0204010904053575e-05
467.0 0.0003507220299070468
468.0 0.000651239952276228
469.0 0.0005932742624281673
470.0 0.0005353085271053715
471.0 0.0003581388455131673
472.0 0.0001809691525522794
473.0 1.6200365701712904e-10
474.0 1.6200365701712904e-10
475.0 1.6200365701712904e-10
476.0 1.6200365701712904e-10
477.0 0.00039798142097424716
478.0 0.0008261055882030632
479.0 0.0006150301032903371
480.0 0.0004039547093270812
481.0 0.0008181579687516205
482.0 0.00123236131912563
483.0 0.002309849514858797
484.0 0.0033873373467940837
485.0 0.00446136255050078
486.0 0.005535386662813835
487.0 0.007426822412526235
488.0 0.009318258526036516
489.0 0.01351535611320287
490.0 0.017712454427964985
491.0 0.021648334222845733
492.0 0.02558421401772648
493.0 0.028070679400116205
494.0 0.03055714478250593
495.0 0.029173740767873824
496.0 0.027790339663624763
497.0 0.023241947928909212
498.0 0.01869356055976823
499.0 0.014126114547252655
500.0 0.00955866853473708
501.0 0.006496132118627429
502.0 0.0034335957025177777
503.0 0.0024004366423469037
504.0 0.0013672775821760297
505.0 0.0016677846360835247
506.0 0.001968291326193139
507.0 0.0021503543393919244
508.0 0.002332416988792829
509.0 0.002149809733964503
510.0 0.0019672024791361764
511.0 0.002008338015002664
512.0 0.002049473550869152
513.0 0.0020911107640131377
514.0 0.002132747795258183
515.0 0.0020351337298052385
516.0 0.001937519664352294
517.0 0.002174838118662592
518.0 0.0024121567548718303
519.0 0.002104664054058958
520.0 0.0017971715351450257
521.0 0.0017473037587478757
522.0 0.0016974359823507257
523.0 0.0018389238903182559
524.0 0.0019804116163868457
525.0 0.0024381693947361782
526.0 0.0028959271730855107
527.0 0.0032485164410900325
528.0 0.003601106072892435
529.0 0.003154367732349783
530.0 0.0027076290280092508
531.0 0.0026285719286534004
532.0 0.00254951482929755
533.0 0.0021899422790738754
534.0 0.0018303697288502008
535.0 0.0017173759260913357
536.0 0.0016043819414335303
537.0 0.001956748019438237
538.0 0.0023091144612408243
539.0 0.003118873428320512
540.0 0.00392863257729914
541.0 0.00468858088424895
542.0 0.005448528827400878
543.0 0.005240768223302439
544.0 0.00503300798300188
545.0 0.004347231879364699
546.0 0.0036614565033232793
547.0 0.0027717325792764314
548.0 0.001882009019027464
549.0 0.001836722185544204
550.0 0.0017914357158588246
551.0 0.0018593711502035148
552.0 0.0019273065845482051
553.0 0.0018672048099688254
554.0 0.001807103217288386
555.0 0.0014357291547639761
556.0 0.0010643552741385065
557.0 0.0009148840945272241
558.0 0.0007654128239664715
559.0 0.000551240236745798
560.0 0.0003370677177372272
561.0 0.0006274953648244264
562.0 0.0009179230801237281
563.0 0.0012188934306323063
564.0 0.001519863599241944
565.0 0.0015828951291041449
566.0 0.0016459267499158159
567.0 0.0015633735529263504
568.0 0.0014808203559368849
569.0 0.0012488914762798231
570.0 0.0010169626875722315
571.0 0.000772069142840337
572.0 0.0005271756435831776
573.0 0.00038131786368467147
574.0 0.00023545999283669516
575.0 0.0003490804147077142
576.0 0.0004627007911039982
577.0 0.0003934805590688484
578.0 0.0003242603952458012
579.0 0.0003330366780573968
580.0 0.0003418129153942573
581.0 0.00046793511501164176
582.0 0.0005940573373663938
583.0 0.0004724292011815123
584.0 0.0003508011332087335
585.0 0.0003648750180218485
586.0 0.00037894881188549334
587.0 0.0004356841145636281
588.0 0.0004924194399791304
589.0 0.0006697092430840712
590.0 0.0008469991371384822
591.0 0.0006249858415685594
592.0 0.0004029725914733717
593.0 0.0005105612217448652
594.0 0.0006181498974910937
595.0 0.0004578102107188897
596.0 0.00029747054668405326
597.0 0.00036714397992909653
598.0 0.00043681743591150735
599.0 0.00029369543881330173
600.0 0.00015057354403325007
601.0 0.00024291337012982694
602.0 0.0003352532758071902
603.0 0.0002467710373821319
604.0 0.00015828884443180868
605.0 0.0003056499281228753
606.0 0.00045301098907657433
607.0 0.00044934081415703986
608.0 0.0004456705482880352
609.0 0.0004904453362541972
610.0 0.0005352201696950942
611.0 0.0004579021151585039
612.0 0.0003805841060966486
613.0 0.00033594449178053765
614.0 0.00029130496841389686
615.0 0.0002323571834494942
616.0 0.00017340945532851038
617.0 0.00034715467336354777
618.0 0.000520899948242004
619.0 0.0003816367097897455
620.0 0.00024237356228695717
621.0 0.0002464236786181573
622.0 0.00025047381768672494
623.0 0.0002746411155385431
624.0 0.0002988085043398314
625.0 0.00032349294087907765
626.0 0.0003481773774183239
627.0 0.0003387248625585926
628.0 0.00032927239317359636
629.0 0.00038704015423718374
630.0 0.0004448078925634036
631.0 0.0004335175617597997
632.0 0.00042222718548146077
633.0 0.0003515554226396489
634.0 0.00028088368253520457
635.0 0.00034664967643038835
636.0 0.00041241573853767477
637.0 0.0003122720272585866
638.0 0.00021212836145423353
639.0 0.00031936640425556106
640.0 0.0004266044015821535
641.0 0.0005687354587280424
642.0 0.0007108665158739313
643.0 0.0005875439001101768
644.0 0.000464221193396952
645.0 0.000583257451580721
646.0 0.0007022938007139601
647.0 0.0006962345651118085
648.0 0.0006901751476107165
649.0 0.0006690116606478114
650.0 0.000647848082735436
651.0 0.0007021446435828693
652.0 0.0007564411134808324
653.0 0.0008134823474392761
654.0 0.00087052376329666
655.0 0.0009620986020308919
656.0 0.0010536732588661835
657.0 0.0017554946680320427
658.0 0.002457316077197902
659.0 0.004184833596809767
660.0 0.061146466759964824
661.0 0.08253218256868422
662.0 0.13136104680597782
663.0 0.10964568937197328
664.0 0.14875634806230664
665.0 0.16657061642035842
666.0 0.17704585334286094
667.0 0.14937864616513252
668.0 0.22027743980288506
669.0 0.25319065898656845
670.0 0.3613043110817671
671.0 0.5316413473337889
672.0 0.8231316693127155
673.0 1.340777613222599
674.0 1.9765671342611313
675.0 2.9085535556077957
676.0 3.914983570575714
677.0 5.244780331850052
678.0 6.592268496751785
679.0 7.98555314540863
680.0 9.86858606338501
681.0 11.910389363765717
682.0 14.482656121253967
683.0 17.215651273727417
684.0 20.231328904628754
685.0 23.14339280128479
686.0 26.135936379432678
687.0 29.388132691383362
688.0 32.65922963619232
689.0 35.958024859428406
690.0 39.75842893123627
691.0 43.91923546791077
692.0 48.83047044277191
693.0 54.01672124862671
694.0 59.871166944503784
695.0 65.48863649368286
696.0 71.7341959476471
697.0 77.28909254074097
698.0 83.16900134086609
699.0 87.69508600234985
700.0 91.20627045631409
701.0 93.98684501647949
702.0 95.89763879776001
703.0 96.99246287345886
704.0 97.42515683174133
705.0 97.86890745162964
706.0 97.83805012702942
707.0 98.04163575172424
708.0 98.12544584274292
709.0 98.14176559448242
710.0 97.87795543670654
711.0 98.09525609016418
712.0 98.02628755569458
713.0 98.1026828289032
714.0 98.13920855522156
715.0 98.1890618801117
716.0 98.05324077606201
717.0 98.31508994102478
718.0 98.31808805465698
719.0 98.28505516052246
720.0 98.51986169815063
721.0 98.4537124633789
722.0 98.18097949028015
723.0 98.01633954048157
724.0 97.57734537124634
725.0 97.3814606666565
726.0 97.07005620002747
727.0 96.84768915176392
728.0 96.58323526382446
729.0 96.38060927391052
730.0 96.35168313980103
731.0 96.43324613571167
732.0 96.42132520675659
733.0 96.69990539550781
734.0 97.09569811820984
735.0 97.19765782356262
736.0 97.61461019515991
737.0 97.97604084014893
738.0 98.34209680557251
739.0 98.63953590393066
740.0 98.75839352607727
741.0 98.6849844455719
742.0 99.01832342147827
743.0 98.81569147109985
744.0 98.65301251411438
745.0 98.6640453338623
746.0 98.5923707485199
747.0 98.87693524360657
748.0 98.72202277183533
749.0 98.58092665672302
750.0 98.61370325088501
751.0 98.5555648803711
752.0 98.37625622749329
753.0 98.6333966255188
754.0 98.51691126823425
755.0 98.59279990196228
756.0 98.70122075080872
757.0 98.65556359291077
758.0 98.83705973625183
759.0 98.84476065635681
760.0 98.7252414226532
761.0 98.67243766784668
762.0 98.75639081001282
763.0 98.68239164352417
764.0 98.61181378364563
765.0 98.5527515411377
766.0 98.56159090995789
767.0 98.41029047966003
768.0 98.4812319278717
769.0 98.44621419906616
770.0 98.16430807113647
771.0 98.1991171836853
772.0 98.22478890419006
773.0 98.10064435005188
774.0 97.90990352630615
775.0 98.0892539024353
776.0 97.86556363105774
777.0 97.94124960899353
778.0 97.95764088630676
779.0 98.06147813796997
780.0 97.98974394798279
781.0 98.26984405517578
782.0 98.19626212120056
783.0 98.3294427394867
784.0 98.24602007865906
785.0 98.42164516448975
786.0 98.554927110672
787.0 98.33410382270813
788.0 98.3679473400116
789.0 98.50406050682068
790.0 98.46545457839966
791.0 98.45781326293945
792.0 98.31191897392273
793.0 98.30232858657837
794.0 98.1882631778717
795.0 98.11830520629883
796.0 98.09929728507996
797.0 98.1222927570343
798.0 97.97977805137634
799.0 97.90210127830505
800.0 97.69740104675293
801.0 97.7251946926117
802.0 97.61464595794678
803.0 97.44462966918945
804.0 97.24433422088623
805.0 96.74155116081238
806.0 96.32788896560669
807.0 95.43465971946716
808.0 94.44601535797119
809.0 93.1086540222168
810.0 91.6526198387146
811.0 89.75825309753418
812.0 87.35421299934387
813.0 84.6213698387146
814.0 81.40740990638733
815.0 77.732253074646
816.0 73.90448451042175
817.0 69.44804191589355
818.0 64.49734568595886
819.0 60.21191477775574
820.0 55.245786905288696
821.0 50.7834792137146
822.0 46.29507660865784
823.0 41.76202714443207
824.0 37.090858817100525
825.0 32.78595507144928
826.0 28.37218940258026
827.0 23.787274956703186
828.0 19.602560997009277
829.0 15.505705773830414
830.0 11.49851456284523
831.0 8.471871167421341
832.0 5.612019822001457
833.0 3.5659771412611008
834.0 2.1574195474386215
835.0 1.3036014512181282
836.0 0.7391517516225576
837.0 0.41263257153332233
838.0 0.21114491391927004
839.0 0.16278027324005961
840.0 0.09071779204532504
841.0 0.07045338279567659
842.0 0.02936651580967009
843.0 0.016736885299906135
844.0 1.6200365701712904e-10
845.0 0.03220698854420334
846.0 0.026575583615340292
847.0 1.6200365701712904e-10
848.0 0.007872020796639845
849.0 1.6200365701712904e-10
850.0 0.014394319441635162
851.0 0.001443684050173033
852.0 0.0026147996322833933
853.0 0.001641602830204647
854.0 0.000668406164550106
855.0 0.000820408695290098
856.0 0.0009724110896058846
857.0 0.0007474444373656297
858.0 0.0005224776941759046
859.0 0.0004070849172421731
860.0 0.00029169211757107405
861.0 0.00022254362193052657
862.0 0.0001533949216536712
863.0 0.0001794546392375196
864.0 0.00020551437955873553
865.0 0.0002143135816368158
866.0 0.00022311278371489607
867.0 7.391769827336248e-05
868.0 1.6200365701712904e-10
869.0 1.6200365701712904e-10
870.0 5.5221335060196e-05
871.0 3.2901181157285464e-05
872.0 1.058100380646465e-05
873.0 9.571306236466626e-05
874.0 0.0001808450861062738
875.0 0.0001699602535154554
876.0 0.00015907540955595323
877.0 0.0001109483264372102
878.0 6.282124331846717e-05
879.0 0.00010977139481838094
880.0 0.00015672160316171357
881.0 0.00012760074241668917
882.0 9.847991577771609e-05
883.0 4.550969379124581e-05
884.0 1.6200365701712904e-10
885.0 0.00010140787480850122
886.0 0.00021027622096880805
887.0 0.00014292976402430213
888.0 7.558325592071924e-05
889.0 0.00015023423429738614
890.0 0.0002248851842523436
891.0 5.580729975918075e-05
892.0 1.6200365701712904e-10
893.0 2.3621369393822533e-05
894.0 0.00016051329794208868
895.0 0.00013819657169733546
896.0 0.00011587986818994978
