lsstCam/transmission_filter_detector/r23_s10/z_20/19700101T000000.ecsv
# %ECSV 1.0
# ---
# datatype:
# - {name: wavelength, unit: nm, datatype: float32}
# - {name: efficiency, unit: '%', datatype: float64}
# meta: !!omap
# - {MODE: DETECTOR}
# - {TYPE: transmission_filter_detector}
# - {CALIBDATE: '1970-01-01T00:00:00'}
# - {INSTRUME: LSSTCam}
# - {OBSTYPE: transmission_filter_detector}
# - {CALIBCLS: lsst.ip.isr.IntermediateFilterDetectorTransmissionCurve}
# - {SOURCE: Materion (DM-46256)}
# - {DETECTOR: 102}
# - {FILTER: z_20}
# - {CALIB_ID: 'calibDate=1970-01-01T00:00:00 filter=z_20 detector=102'}
# - {DATE: '2025-04-02T15:59:49.111606'}
# - {CALIB_CREATION_DATE: '2025-04-02'}
# - {CALIB_CREATION_TIME: '15:59:49'}
# - __serialized_columns__:
#     efficiency:
#       __class__: astropy.units.quantity.Quantity
#       unit: !astropy.units.Unit {unit: '%'}
#       value: !astropy.table.SerializedColumn {name: efficiency}
#     wavelength:
#       __class__: astropy.units.quantity.Quantity
#       unit: !astropy.units.Unit {unit: nm}
#       value: !astropy.table.SerializedColumn {name: wavelength}
# schema: astropy-2.0
wavelength efficiency
300.0 0.6503529381006956
301.0 0.47099399380385876
302.0 0.29163507279008627
303.0 0.27418150566518307
304.0 0.25672793854027987
305.0 0.22169477306306362
306.0 0.18666157266125083
307.0 0.168109021615237
308.0 0.14955645892769098
309.0 0.13918908080086112
310.0 0.12882169103249907
311.0 0.12324552517384291
312.0 0.11766935931518674
313.0 0.11104871518909931
314.0 0.1044280594214797
315.0 0.09667596314102411
316.0 0.08892386686056852
317.0 0.07668095640838146
318.0 0.06443805177696049
319.0 0.06718163494952023
320.0 0.06992522394284606
321.0 0.06491453386843204
322.0 0.05990384961478412
323.0 0.056382373441010714
324.0 0.0528609030880034
325.0 0.0469668855657801
326.0 0.04107286804355681
327.0 0.040395333780907094
328.0 0.03971779951825738
329.0 0.03527704393491149
330.0 0.030836291261948645
331.0 0.028938788454979658
332.0 0.027041282737627625
333.0 0.026536427321843803
334.0 0.02603156608529389
335.0 0.024914101231843233
336.0 0.023796634923201054
337.0 0.02439801028231159
338.0 0.0249993841862306
339.0 0.022503834043163806
340.0 0.02000828826567158
341.0 0.018104685295838863
342.0 0.016201083781197667
343.0 0.01508864079369232
344.0 0.013976197806186974
345.0 0.01343309268122539
346.0 0.012889983190689236
347.0 0.01275808026548475
348.0 0.012626178795471787
349.0 0.0138576899189502
350.0 0.015089203952811658
351.0 0.013224195572547615
352.0 0.011359185737092048
353.0 0.012425336171872914
354.0 0.013491489517036825
355.0 0.011551319039426744
356.0 0.009611147834220901
357.0 0.010253027721773833
358.0 0.010894909064518288
359.0 0.01037417387124151
360.0 0.00985343795036897
361.0 0.009024383325595409
362.0 0.00819533015601337
363.0 0.008593578240834177
364.0 0.008991825598059222
365.0 0.00901361636351794
366.0 0.00903540858416818
367.0 0.008557370165362954
368.0 0.008079332474153489
369.0 0.008384710235986859
370.0 0.008690087997820228
371.0 0.008164085738826543
372.0 0.007638083479832858
373.0 0.0068645655119325966
374.0 0.006091048271628097
375.0 0.00618390113231726
376.0 0.006276753993006423
377.0 0.006904305337229744
378.0 0.007531855953857303
379.0 0.00635084870737046
380.0 0.005169841097085737
381.0 0.004025933230877854
382.0 0.0028820255465689115
383.0 0.004152598194195889
384.0 0.005423171387519687
385.0 0.005212693213252351
386.0 0.005002215402782895
387.0 0.005421729656518437
388.0 0.005841244637849741
389.0 0.005231410978012718
390.0 0.0046215776819735765
391.0 0.004433249341673218
392.0 0.00424492136517074
393.0 0.004781321695190854
394.0 0.005317722752806731
395.0 0.004553869439405389
396.0 0.003790015762206167
397.0 0.003976258085458539
398.0 0.0041624996811151505
399.0 0.004185581929050386
400.0 0.0042086641769856215
401.0 0.004581770554068498
402.0 0.004954876931151375
403.0 0.004841191548621282
404.0 0.004727506166091189
405.0 0.004159429227001965
406.0 0.0035913522879127413
407.0 0.002748409860942047
408.0 0.0019054677977692336
409.0 0.002732135726546403
410.0 0.003558804019121453
411.0 0.003938796726288274
412.0 0.004318789797252975
413.0 0.004331068703322671
414.0 0.004343347245594487
415.0 0.0037404919567052275
416.0 0.0031376366678159684
417.0 0.0036608547816285864
418.0 0.004184072531643324
419.0 0.0036015127989230677
420.0 0.0030189528843038715
421.0 0.0035633966035675257
422.0 0.00410784050473012
423.0 0.0037819991121068597
424.0 0.003456158810877241
425.0 0.0027229216357227415
426.0 0.0019896844605682418
427.0 0.0022914944565854967
428.0 0.002593304634501692
429.0 0.0022354261091095395
430.0 0.0018775479475152679
431.0 0.0013455102816806175
432.0 0.0008134725248964969
433.0 0.001196391986013623
434.0 0.0015793115380802192
435.0 0.0016529971617273986
436.0 0.0017266829672735184
437.0 0.001864594014477916
438.0 0.002002505243581254
439.0 0.0022998519852990285
440.0 0.0025971989089157432
441.0 0.00221841055463301
442.0 0.0018396223822492175
443.0 0.002474918437656015
444.0 0.0031102143111638725
445.0 0.003272244066465646
446.0 0.0034342738217674196
447.0 0.0027452329959487543
448.0 0.0020561919882311486
449.0 0.002413508809695486
450.0 0.0027708258130587637
451.0 0.0023778835384291597
452.0 0.0019849410819006152
453.0 0.001735611294861883
454.0 0.0014862814168736804
455.0 0.0020761226551258005
456.0 0.002665964166226331
457.0 0.0019398798031033948
458.0 0.0012137958947278094
459.0 0.0015723784599686041
460.0 0.0019309609342599288
461.0 0.0013140338523953687
462.0 0.0006971065431571333
463.0 0.0013623009181173984
464.0 0.002027495429501869
465.0 0.0020498842786764726
466.0 0.0020722733097500168
467.0 0.0019352548406459391
468.0 0.0017982360077439807
469.0 0.0015865587556618266
470.0 0.0013748815035796724
471.0 0.0013196719919505995
472.0 0.0012644625712709967
473.0 0.0012637172403628938
474.0 0.001262972000404261
475.0 0.0012706430425168946
476.0 0.001278313993680058
477.0 0.0014402323358808644
478.0 0.0016021504052332602
479.0 0.0018617485693539493
480.0 0.0021213467334746383
481.0 0.0017060643585864455
482.0 0.0012907820746477228
483.0 0.001002114913717378
484.0 0.0007134477527870331
485.0 0.001155889367510099
486.0 0.0015983308912836947
487.0 0.0013708074220630806
488.0 0.0011432840437919367
489.0 0.0016758891433710232
490.0 0.00220849433389958
491.0 0.002129084532498382
492.0 0.002049674731097184
493.0 0.0021111876776558347
494.0 0.002172700988012366
495.0 0.0017828253476181999
496.0 0.0013929494343756232
497.0 0.0013310138456290588
498.0 0.0012690784387814347
499.0 0.0011964358236582484
500.0 0.0011237932994845323
501.0 0.0010037854735855944
502.0 0.0008837775567371864
503.0 0.0012455581781978253
504.0 0.001607338708708994
505.0 0.0019802175302174874
506.0 0.002353096533624921
507.0 0.0020586383470799774
508.0 0.0017641801605350338
509.0 0.001658504334045574
510.0 0.0015528285075561143
511.0 0.0013285595741763245
512.0 0.0011042904588975944
513.0 0.0013035360098001547
514.0 0.0015027818335511256
515.0 0.0012298580259084702
516.0 0.0009569344911142252
517.0 0.0011039071978302673
518.0 0.0012508799954957794
519.0 0.0012160466212662868
520.0 0.0011812129741883837
521.0 0.001477330079069361
522.0 0.0017734470020513982
523.0 0.0013434304491966031
524.0 0.0009134137144428678
525.0 0.0008079633516899776
526.0 0.0007025129889370874
527.0 0.0010478128388058394
528.0 0.001393112961523002
529.0 0.001348243222309975
530.0 0.0013033732102485374
531.0 0.0013396083886618726
532.0 0.0013758433851762675
533.0 0.0009473390491621103
534.0 0.0005188348040974233
535.0 0.0009741364010551479
536.0 0.0014294379070634022
537.0 0.0015029218957351986
538.0 0.001576405884406995
539.0 0.001318894101132173
540.0 0.00106138177216053
541.0 0.001021259777189698
542.0 0.0009811378731683362
543.0 0.0012347972187853884
544.0 0.0014884566553519107
545.0 0.0011280291801085696
546.0 0.0007676017048652284
547.0 0.0013127676538715605
548.0 0.0018579334209789522
549.0 0.0017139331248472445
550.0 0.001569932464917656
551.0 0.001663458715484012
552.0 0.0017569849660503678
553.0 0.0017132248103735037
554.0 0.001669464290898759
555.0 0.0013576418496086262
556.0 0.0010458192264195532
557.0 0.0013176789252611343
558.0 0.0015895386241027154
559.0 0.0015596073353663087
560.0 0.0015296758647309616
561.0 0.001443419387214817
562.0 0.0013571629096986726
563.0 0.0012727932698908262
564.0 0.0011884235391335096
565.0 0.0016851688997121528
566.0 0.0021819141693413258
567.0 0.002491807572368998
568.0 0.0028017006115987897
569.0 0.00274614394584205
570.0 0.0026905872800853103
571.0 0.002505978955014143
572.0 0.0023213702661450952
573.0 0.001837949821492657
574.0 0.001354529376840219
575.0 0.001785403219400905
576.0 0.002216276880062651
577.0 0.001986725692404434
578.0 0.001757174868544098
579.0 0.0018583919882075861
580.0 0.0019596087440731935
581.0 0.0018380325855105184
582.0 0.0017164564269478433
583.0 0.0021394611394498497
584.0 0.0025624660338507965
585.0 0.0025495843146927655
586.0 0.0025367025955347344
587.0 0.0020017852875753306
588.0 0.0014668677067675162
589.0 0.0017394306269125082
590.0 0.002011994001804851
591.0 0.001591586260474287
592.0 0.0011711786100931931
593.0 0.0009399198461323977
594.0 0.0007086610366968671
595.0 0.0010810880667122547
596.0 0.0014535151422023773
597.0 0.0013066533938399516
598.0 0.001159791736426996
599.0 0.0010943602319457568
600.0 0.0010289287274645176
601.0 0.0008755368071433622
602.0 0.0007221447503980016
603.0 0.0011734206054825336
604.0 0.00162469623319339
605.0 0.0012681937732850201
606.0 0.0009116913133766502
607.0 0.0009215901627612766
608.0 0.000931489012145903
609.0 0.0010417196790513117
610.0 0.0011519503459567204
611.0 0.0009485015652899165
612.0 0.0007450526936736424
613.0 0.0008272805644082837
614.0 0.0009095085260923952
615.0 0.0012210769455123227
616.0 0.0015326455468311906
617.0 0.0019282735593151301
618.0 0.00232390175369801
619.0 0.001956597770913504
620.0 0.0015892936062300578
621.0 0.0016556645277887583
622.0 0.001722035085549578
623.0 0.0016572032109252177
624.0 0.001592371154401917
625.0 0.0015305013221222907
626.0 0.0014686313988931943
627.0 0.0016989717551041394
628.0 0.0019293123841634952
629.0 0.0019710047126864083
630.0 0.002012697223108262
631.0 0.002037917874986306
632.0 0.002063138163066469
633.0 0.0023522539777331986
634.0 0.002641369792399928
635.0 0.005525778033188544
636.0 0.00841018627397716
637.0 0.015424560115206987
638.0 0.022438933956436813
639.0 0.019970200082752854
640.0 0.017501466209068894
641.0 0.015087542124092579
642.0 0.012673620949499309
643.0 0.009803360444493592
644.0 0.0069330999394878745
645.0 0.00664635663270019
646.0 0.006359613325912505
647.0 0.006002291411277838
648.0 0.00564496913284529
649.0 0.004514910324360244
650.0 0.003384851515875198
651.0 0.0036079993151361123
652.0 0.0038311471143970266
653.0 0.0031369512726087123
654.0 0.0024427552489214577
655.0 0.002493799911462702
656.0 0.002544845119700767
657.0 0.002692947782634292
658.0 0.002841050081769936
659.0 0.00259037442447152
660.0 0.002339698767173104
661.0 0.002448687155265361
662.0 0.002557675543357618
663.0 0.001972127029148396
664.0 0.0013865786968381144
665.0 0.00174288907146547
666.0 0.0020991996279917657
667.0 0.002390448935329914
668.0 0.002681698424567003
669.0 0.001953080209204927
670.0 0.0012244621757417917
671.0 0.0010310533070878591
672.0 0.0008376446203328669
673.0 0.0012781608347722795
674.0 0.001718677049211692
675.0 0.0018187256500823423
676.0 0.001918774432851933
677.0 0.0017778920664568432
678.0 0.001637009518162813
679.0 0.0014034432751941495
680.0 0.0011698769412760157
681.0 0.001267600146093173
682.0 0.00136532325996086
683.0 0.0022592612367589027
684.0 0.0031531992135569453
685.0 0.002822960050252732
686.0 0.0024927214326453395
687.0 0.001881682146631647
688.0 0.0012706430425168946
689.0 0.0016464537111460231
690.0 0.0020222641978762113
691.0 0.0021319985535228625
692.0 0.002241733091068454
693.0 0.0026063778932439163
694.0 0.0029710230592172593
695.0 0.0031248007871909067
696.0 0.003278578515164554
697.0 0.003611277134041302
698.0 0.00394397611671593
699.0 0.005515632437891327
700.0 0.007087289850460365
701.0 0.00712162654963322
702.0 0.007155962521210313
703.0 0.006380396371241659
704.0 0.005604828766081482
705.0 0.004935689139529131
706.0 0.004266548785381019
707.0 0.003985893272329122
708.0 0.0037052377592772245
709.0 0.004044128218083642
710.0 0.004383019040687941
711.0 0.003978956374339759
712.0 0.003574894435587339
713.0 0.0027000167392543517
714.0 0.0018251392248203047
715.0 0.002192421379731968
716.0 0.0025597035346436314
717.0 0.002161186966986861
718.0 0.0017626702174311504
719.0 0.0015392717614304274
720.0 0.0013158732144802343
721.0 0.0011514126526890323
722.0 0.00098695199994836
723.0 0.0011137331966892816
724.0 0.0012405142115312628
725.0 0.001363005048915511
726.0 0.0014854960681986995
727.0 0.00144898676808225
728.0 0.00141247728606686
729.0 0.0016160724044311792
730.0 0.0018196675227954984
731.0 0.0015394303773064166
732.0 0.0012591931408678647
733.0 0.0014075856597628444
734.0 0.0015559782696072944
735.0 0.0014831655789748766
736.0 0.001410352524544578
737.0 0.0014524453035846818
738.0 0.001494537809776375
739.0 0.0015154317225096747
740.0 0.0015363255442935042
741.0 0.001376229920424521
742.0 0.0012161342965555377
743.0 0.0016918618712224998
744.0 0.002167589445889462
745.0 0.00161697571456898
746.0 0.0010663618922990281
747.0 0.001407043237122707
748.0 0.0017477244909969158
749.0 0.0024946173653006554
750.0 0.0032415100577054545
751.0 0.003022099735972006
752.0 0.0028026894142385572
753.0 0.0029215934773674235
754.0 0.0030404975404962897
755.0 0.002162218515877612
756.0 0.0012839394912589341
757.0 0.0020135701561230235
758.0 0.002743200820987113
759.0 0.0027017935281037353
760.0 0.0026603860533214174
761.0 0.00434246685472317
762.0 0.006024548565619625
763.0 0.005852375761605799
764.0 0.005680203321389854
765.0 0.005473382043419406
766.0 0.005266560401651077
767.0 0.004656177407014184
768.0 0.00404579404857941
769.0 0.00409682143072132
770.0 0.004147849176661111
771.0 0.004453850124264136
772.0 0.004759851435665041
773.0 0.0041648276237538084
774.0 0.003569803448044695
775.0 0.02102891157846898
776.0 0.04093152820132673
777.0 1.587679640535633e-10
778.0 1.587679640535633e-10
779.0 0.0038319256418617442
780.0 1.587679640535633e-10
781.0 1.587679640535633e-10
782.0 1.587679640535633e-10
783.0 1.587679640535633e-10
784.0 0.01953050377778709
785.0 0.09524663910269737
786.0 0.1083332346752286
787.0 0.0261888955719769
788.0 1.587679640535633e-10
789.0 0.00542795387445949
790.0 0.03931024402845651
791.0 1.587679640535633e-10
792.0 0.05725448718294501
793.0 0.03573804278858006
794.0 0.029769539833068848
795.0 0.04869184922426939
796.0 1.587679640535633e-10
797.0 0.17528366297483444
798.0 0.09775585494935513
799.0 0.05222978652454913
800.0 0.20459031220525503
801.0 0.3538925666362047
802.0 0.24447161704301834
803.0 0.5969110410660505
804.0 1.0385996662080288
805.0 1.441976334899664
806.0 2.50820629298687
807.0 3.792477026581764
808.0 5.641075223684311
809.0 7.723221182823181
810.0 10.224653780460358
811.0 13.327237963676453
812.0 16.428320109844208
813.0 19.74041908979416
814.0 22.18463271856308
815.0 25.1785010099411
816.0 29.357832670211792
817.0 34.30993854999542
818.0 39.57558870315552
819.0 44.82486546039581
820.0 51.80482864379883
821.0 59.201133251190186
822.0 65.62091708183289
823.0 72.38156795501709
824.0 78.58679294586182
825.0 83.8025152683258
826.0 88.6547863483429
827.0 92.47359037399292
828.0 95.62098979949951
829.0 97.5542426109314
830.0 98.54971766471863
831.0 99.28069114685059
832.0 98.98462295532227
833.0 99.81619715690613
834.0 98.77021312713623
835.0 99.97007846832275
836.0 99.49369430541992
837.0 99.4033694267273
838.0 98.67671132087708
839.0 98.92265796661377
840.0 99.24418330192566
841.0 100.01263618469238
842.0 99.87825751304626
843.0 100.04270076751709
844.0 98.76073002815247
845.0 98.9351749420166
846.0 99.26615357398987
847.0 99.19970035552979
848.0 100.55752992630005
849.0 99.11741614341736
850.0 98.35078716278076
851.0 99.15775656700134
852.0 99.40943717956543
853.0 99.3920087814331
854.0 100.08950233459473
855.0 98.76909852027893
856.0 99.15838837623596
857.0 98.30909967422485
858.0 98.93555641174316
859.0 99.56825971603394
860.0 98.9443302154541
861.0 98.8494336605072
862.0 99.24023747444153
863.0 98.57233166694641
864.0 99.4910180568695
865.0 99.97258186340332
866.0 98.72496724128723
867.0 99.60033893585205
868.0 99.68563318252563
869.0 98.74988794326782
870.0 98.28605055809021
871.0 99.0829586982727
872.0 99.5875358581543
873.0 99.37644600868225
874.0 100.1530408859253
875.0 99.44711327552795
876.0 99.2901623249054
877.0 99.6487021446228
878.0 99.36943650245667
879.0 99.17429685592651
880.0 99.01487827301025
881.0 100.19224882125854
882.0 99.26909804344177
883.0 99.21644926071167
884.0 99.44323897361755
885.0 99.28773045539856
886.0 99.01165962219238
887.0 98.99974465370178
888.0 99.50227737426758
889.0 99.62084889411926
890.0 98.78314733505249
891.0 99.93818998336792
892.0 99.326092004776
893.0 99.07084703445435
894.0 98.56102466583252
895.0 100.12198686599731
896.0 99.1613507270813
