lsstCam/transmission_filter_detector/r23_s10/z_20/19700101T000000.ecsv
# %ECSV 1.0
# ---
# datatype:
# - {name: wavelength, unit: nm, datatype: float32}
# - {name: efficiency, unit: '%', datatype: float64}
# meta: !!omap
# - {MODE: DETECTOR}
# - {TYPE: transmission_filter_detector}
# - {CALIBDATE: '1970-01-01T00:00:00'}
# - {INSTRUME: LSSTCam}
# - {OBSTYPE: transmission_filter_detector}
# - {CALIBCLS: lsst.ip.isr.IntermediateFilterDetectorTransmissionCurve}
# - {SOURCE: Materion (DM-46256)}
# - {DETECTOR: 102}
# - {FILTER: z_20}
# - {CALIB_ID: 'calibDate=1970-01-01T00:00:00 filter=z_20 detector=102'}
# - {DATE: '2025-04-02T15:59:49.111606'}
# - {CALIB_CREATION_DATE: '2025-04-02'}
# - {CALIB_CREATION_TIME: '15:59:49'}
# - __serialized_columns__:
#     efficiency:
#       __class__: astropy.units.quantity.Quantity
#       unit: !astropy.units.Unit {unit: '%'}
#       value: !astropy.table.SerializedColumn {name: efficiency}
#     wavelength:
#       __class__: astropy.units.quantity.Quantity
#       unit: !astropy.units.Unit {unit: nm}
#       value: !astropy.table.SerializedColumn {name: wavelength}
# schema: astropy-2.0
wavelength efficiency
[from data line 598]
898.0 99.48036074638367
899.0 98.74350428581238
900.0 99.04881119728088
901.0 99.84979629516602
902.0 99.41949248313904
903.0 99.25906658172607
904.0 98.05693030357361
905.0 98.85482788085938
906.0 98.6077606678009
907.0 99.22228455543518
908.0 98.521488904953
909.0 98.35787415504456
910.0 98.04748296737671
911.0 97.16166853904724
912.0 96.25946879386902
913.0 95.25463581085205
914.0 92.7792489528656
915.0 91.08160138130188
916.0 88.87027502059937
917.0 87.33751773834229
918.0 83.76039862632751
919.0 83.01554322242737
920.0 79.87865209579468
921.0 76.22896432876587
922.0 72.017902135849
923.0 66.2769615650177
924.0 61.06824278831482
925.0 55.379295349121094
926.0 49.516621232032776
927.0 42.55598783493042
928.0 36.70314848423004
929.0 30.314359068870544
930.0 24.77010041475296
931.0 19.4139763712883
932.0 13.909924030303955
933.0 9.530176967382431
934.0 6.258863210678101
935.0 3.857768699526787
936.0 2.308470942080021
937.0 1.4755545184016228
938.0 0.8240509778261185
939.0 0.49756206572055817
940.0 0.3734010271728039
941.0 0.16503501683473587
942.0 0.015229970449581742
943.0 0.16052769497036934
944.0 0.14470989117398858
945.0 0.009311991016147658
946.0 0.10083363158628345
947.0 0.03989265242125839
948.0 0.049130135448649526
949.0 0.07100763614289463
950.0 0.08012058096937835
951.0 1.587679640535633e-10
952.0 0.02418141666566953
953.0 0.07669187034480274
954.0 0.028183261747471988
955.0 0.09724320261739194
956.0 1.587679640535633e-10
957.0 1.587679640535633e-10
958.0 0.007542762614320964
959.0 0.032337786979041994
960.0 1.587679640535633e-10
961.0 0.06713044713251293
962.0 0.014678358274977654
963.0 0.011274858115939423
964.0 0.07129541481845081
965.0 0.028146046679466963
966.0 0.005237239747657441
967.0 0.09887610794976354
968.0 0.03588876570574939
969.0 1.587679640535633e-10
970.0 0.015320567763410509
971.0 1.587679640535633e-10
972.0 1.587679640535633e-10
973.0 1.587679640535633e-10
974.0 0.030423063435591757
975.0 1.587679640535633e-10
976.0 0.0066272834374103695
977.0 0.006649120768997818
978.0 0.006670960283372551
979.0 0.006472631503129378
980.0 0.006274301995290443
981.0 0.006086942448746413
982.0 0.005899583266000263
983.0 0.005814403630211018
984.0 0.005729223994421773
985.0 0.005462301487568766
986.0 0.005195378980715759
987.0 0.005204293120186776
988.0 0.005213207259657793
989.0 0.005134976527187973
990.0 0.005056746522313915
991.0 0.005075728404335678
992.0 0.00509471028635744
993.0 0.005030148895457387
994.0 0.004965587140759453
995.0 0.004927360714646056
996.0 0.00488913465233054
997.0 0.004702746082330123
998.0 0.004516357148531824
999.0 0.004487467595026828
1000.0 0.004458578041521832
1001.0 0.004546264972304925
1002.0 0.004633951903088018
1003.0 0.004597006773110479
1004.0 0.00456006164313294
1005.0 0.004484508099267259
1006.0 0.0044089545554015785
1007.0 0.00450683874078095
1008.0 0.004604722926160321
1009.0 0.004609120514942333
1010.0 0.004613517739926465
1011.0 0.004676039316109382
1012.0 0.004738560892292298
1013.0 0.004615581201505847
1014.0 0.004492601874517277
1015.0 0.004621520565706305
1016.0 0.0047504392568953335
1017.0 0.00486139215354342
1018.0 0.004972345777787268
1019.0 0.004877232640865259
1020.0 0.00478211950394325
1021.0 0.004847428863286041
1022.0 0.004912738222628832
1023.0 0.004848805474466644
1024.0 0.004784872726304457
1025.0 0.004891528806183487
1026.0 0.004998184886062518
1027.0 0.004936108234687708
1028.0 0.004874031583312899
1029.0 0.004943746898788959
1030.0 0.005013462578062899
1031.0 0.005069703911431134
1032.0 0.005125944881001487
1033.0 0.00516971449542325
1034.0 0.005213484837440774
1035.0 0.005319794217939489
1036.0 0.005426103234640323
1037.0 0.005576435796683654
1038.0 0.005726767994929105
1039.0 0.005750155833084136
1040.0 0.005773543307441287
1041.0 0.005959998088655993
1042.0 0.006146453233668581
1043.0 0.005792835145257413
1044.0 0.005439217056846246
1045.0 0.00605467394052539
1046.0 0.006670130096608773
1047.0 0.006518737063743174
1048.0 0.0063673425756860524
1049.0 0.006411546928575262
1050.0 0.006455750553868711
1051.0 0.0067678709456231445
1052.0 0.0070799920649733394
1053.0 0.0072444003308191895
1054.0 0.007408809324260801
1055.0 0.007846044172765687
1056.0 0.008283280476462096
1057.0 0.008149071800289676
1058.0 0.008014863851713017
1059.0 0.008124030864564702
1060.0 0.008233195694629103
1061.0 0.008704643551027402
1062.0 0.009176091407425702
1063.0 0.009411259088665247
1064.0 0.009646426769904792
1065.0 0.0097815522167366
1066.0 0.00991667911875993
1067.0 0.009910844528349116
1068.0 0.009905010665534064
1069.0 0.010804300109157339
1070.0 0.011703587369993329
1071.0 0.011462498514447361
1072.0 0.011221409658901393
1073.0 0.011344404629198834
1074.0 0.011467398871900514
1075.0 0.011974489461863413
1076.0 0.012481582234613597
1077.0 0.012788978347089142
1078.0 0.013096373004373163
1079.0 0.014004926197230816
1080.0 0.014913479390088469
1081.0 0.014809606363996863
1082.0 0.014705733337905258
1083.0 0.014926485891919583
1084.0 0.015147238445933908
1085.0 0.015402927238028497
1086.0 0.015658616030123085
1087.0 0.016067756223492324
1088.0 0.016476897872053087
1089.0 0.01732267119223252
1090.0 0.018168444512411952
1091.0 0.018101248133461922
1092.0 0.018034048844128847
1093.0 0.01854523434303701
1094.0 0.01905641838675365
1095.0 0.020139322441536933
1096.0 0.021222225041128695
1097.0 0.021200710034463555
1098.0 0.02117919793818146
1099.0 0.02281899214722216
1100.0 0.024458783445879817
1101.0 0.024796315119601786
1102.0 0.025133846793323755
1103.0 0.02593423705548048
1104.0 0.026734627317637205
1105.0 0.02700987388379872
1106.0 0.027285123360343277
1107.0 0.028527274844236672
1108.0 0.029769426328130066
1109.0 0.031043365015648305
1110.0 0.032317303703166544
1111.0 0.032208883203566074
1112.0 0.032100468524731696
1113.0 0.03308704181108624
1114.0 0.03407362091820687
1115.0 0.034548662370070815
1116.0 0.035023706732317805
1117.0 0.03596979076974094
1118.0 0.03691587771754712
1119.0 0.03925335477106273
1120.0 0.0415908289141953
1121.0 0.04338773724157363
1122.0 0.04518464847933501
1123.0 0.04582112014759332
1124.0 0.04645759181585163
1125.0 0.04739879514090717
1126.0 0.048340001376345754
1127.0 0.051730277482420206
1128.0 0.05512055940926075
1129.0 0.05811519222334027
1130.0 0.06110983085818589
1131.0 0.06177458562888205
1132.0 0.062439340399578214
1133.0 0.06511292303912342
1134.0 0.06778649985790253
1135.0 0.06768750608898699
1136.0 0.06758851232007146
1137.0 0.07407993543893099
1138.0 0.0805713701993227
1139.0 0.08464455022476614
1140.0 0.08871771860867739
1141.0 0.09960273746401072
1142.0 0.11048774467781186
1143.0 0.13367632636800408
1144.0 0.15686488477513194
1145.0 0.3088504308834672
1146.0 0.460836011916399
1147.0 0.9746124036610126
1148.0 1.4883887954056263
1149.0 1.6584135591983795
1150.0 1.8284395337104797
