lsstCam/transmission_filter_detector/r02_s02/i_39/19700101T000000.ecsv
# %ECSV 1.0
# ---
# datatype:
# - {name: wavelength, unit: nm, datatype: float32}
# - {name: efficiency, unit: '%', datatype: float64}
# meta: !!omap
# - {MODE: DETECTOR}
# - {TYPE: transmission_filter_detector}
# - {CALIBDATE: '1970-01-01T00:00:00'}
# - {INSTRUME: LSSTCam}
# - {OBSTYPE: transmission_filter_detector}
# - {CALIBCLS: lsst.ip.isr.IntermediateFilterDetectorTransmissionCurve}
# - {SOURCE: Materion (DM-46256)}
# - {DETECTOR: 11}
# - {FILTER: i_39}
# - {CALIB_ID: 'calibDate=1970-01-01T00:00:00 filter=i_39 detector=11'}
# - {DATE: '2025-04-02T15:59:46.529757'}
# - {CALIB_CREATION_DATE: '2025-04-02'}
# - {CALIB_CREATION_TIME: '15:59:46'}
# - __serialized_columns__:
#     efficiency:
#       __class__: astropy.units.quantity.Quantity
#       unit: !astropy.units.Unit {unit: '%'}
#       value: !astropy.table.SerializedColumn {name: efficiency}
#     wavelength:
#       __class__: astropy.units.quantity.Quantity
#       unit: !astropy.units.Unit {unit: nm}
#       value: !astropy.table.SerializedColumn {name: wavelength}
# schema: astropy-2.0
wavelength efficiency
300.0 0.09743795963004231
301.0 0.05627892096526921
302.0 0.015119914314709604
303.0 0.024429307086393237
304.0 0.033738696947693825
305.0 0.03453028330113739
306.0 0.035321866744197905
307.0 0.007993401231942698
308.0 1.7054660635118513e-10
309.0 1.7054660635118513e-10
310.0 1.7054660635118513e-10
311.0 1.7054660635118513e-10
312.0 0.001453085133107379
313.0 0.001340937797067454
314.0 0.0012287870049476624
315.0 1.7054660635118513e-10
316.0 1.7054660635118513e-10
317.0 1.7054660635118513e-10
318.0 0.0004841312602366088
319.0 1.7054660635118513e-10
320.0 1.7054660635118513e-10
321.0 1.7054660635118513e-10
322.0 1.7054660635118513e-10
323.0 1.7054660635118513e-10
324.0 1.7054660635118513e-10
325.0 1.7054660635118513e-10
326.0 1.7054660635118513e-10
327.0 0.0001274334636036656
328.0 0.0025947094400180504
329.0 0.002546920040913392
330.0 0.0024991313694044948
331.0 0.0012824782970710658
332.0 6.582592391168873e-05
333.0 0.0007371193987637525
334.0 0.001408412845194107
335.0 0.0010679287697712425
336.0 0.0007274449671967886
337.0 0.0010834718523256015
338.0 0.001439498555555474
339.0 0.002469761784595903
340.0 0.003500025559333153
341.0 1.7054660635118513e-10
342.0 1.7054660635118513e-10
343.0 1.7054660635118513e-10
344.0 1.7054660635118513e-10
345.0 1.7054660635118513e-10
346.0 1.7054660635118513e-10
347.0 1.7054660635118513e-10
348.0 1.7054660635118513e-10
349.0 1.7054660635118513e-10
350.0 1.7054660635118513e-10
351.0 1.7054660635118513e-10
352.0 1.7054660635118513e-10
353.0 1.7054660635118513e-10
354.0 1.7054660635118513e-10
355.0 1.7054660635118513e-10
356.0 1.7054660635118513e-10
357.0 0.0004806289325642865
358.0 0.0010648774150467943
359.0 0.0009085971214517485
360.0 0.0007523162821598817
361.0 0.0006420027148124063
362.0 0.000531689147464931
363.0 0.00014825101288806763
364.0 1.7054660635118513e-10
365.0 0.0008981985956779681
366.0 0.00203158451768104
367.0 0.0015912361050141044
368.0 0.0011508875104482286
369.0 0.0012046437404933386
370.0 0.0012584000614879187
371.0 0.000984963662631344
372.0 0.0007115273547242396
373.0 0.0006308179763436783
374.0 0.0005501084160641767
375.0 0.00030925864393793745
376.0 6.840838295829599e-05
377.0 0.00018123095060218475
378.0 0.0002940533477158169
379.0 1.7054660635118513e-10
380.0 1.7054660635118513e-10
381.0 1.7054660635118513e-10
382.0 1.7054660635118513e-10
383.0 8.891735774341214e-05
384.0 0.001378144952468574
385.0 0.0011994990018138196
386.0 0.0010208526873611845
387.0 1.7054660635118513e-10
388.0 1.7054660635118513e-10
389.0 1.7054660635118513e-10
390.0 1.7054660635118513e-10
391.0 1.7054660635118513e-10
392.0 1.7054660635118513e-10
393.0 1.7054660635118513e-10
394.0 0.0004781217285199091
395.0 1.7054660635118513e-10
396.0 1.7054660635118513e-10
397.0 1.7054660635118513e-10
398.0 1.7054660635118513e-10
399.0 1.7054660635118513e-10
400.0 1.7054660635118513e-10
401.0 0.00017045156255335314
402.0 0.0006058789949747734
403.0 0.0016938734916038811
404.0 0.0027818681701319292
405.0 0.0036626595829147846
406.0 0.004543450631899759
407.0 0.0013052361282461789
408.0 1.7054660635118513e-10
409.0 1.7054660635118513e-10
410.0 1.7054660635118513e-10
411.0 0.0015710593288531527
412.0 0.0034439181035850197
413.0 0.0046147259126883
414.0 0.005785534449387342
415.0 0.004540207737591118
416.0 0.003294880661997013
417.0 0.0021015073798480444
418.0 0.0009081335520022549
419.0 0.0034083415812347084
420.0 0.005908549064770341
421.0 0.00488557452626992
422.0 0.0038625996239716187
423.0 0.004441858982318081
424.0 0.005021118704462424
425.0 0.004008011819678359
426.0 0.0029949040253995918
427.0 0.0038790240068919957
428.0 0.004763144534081221
429.0 0.005454913844005205
430.0 0.006146684609120712
431.0 0.004318030914873816
432.0 0.002489378493919503
433.0 0.0040546507079852745
434.0 0.005619923467747867
435.0 0.004177463051746599
436.0 0.002735002817644272
437.0 0.0021845493392902426
438.0 0.0016340960428351536
439.0 0.002114515518769622
440.0 0.0025949351766030304
441.0 0.000876894046086818
442.0 1.7054660635118513e-10
443.0 1.7054660635118513e-10
444.0 1.7054660635118513e-10
445.0 1.7054660635118513e-10
446.0 1.7054660635118513e-10
447.0 5.4795839332655305e-05
448.0 0.00021963794551993487
449.0 1.7054660635118513e-10
450.0 1.7054660635118513e-10
451.0 4.169411340626539e-05
452.0 0.0010221696356893517
453.0 0.0013885557564208284
454.0 0.0017549420590512455
455.0 0.0017458287402405404
456.0 0.0017367154214298353
457.0 0.0012614834304258693
458.0 0.0007862513484724332
459.0 0.0003169044703099644
460.0 1.7054660635118513e-10
461.0 0.0001826072548283264
462.0 0.0005176569629838923
463.0 8.586914646002697e-05
464.0 1.7054660635118513e-10
465.0 0.00010317436363038723
466.0 0.0005522673291125102
467.0 0.0006912940534675727
468.0 0.0008303208232973702
469.0 0.00043770819502242375
470.0 4.509579412115272e-05
471.0 0.0005149741355126025
472.0 0.0009848525223787874
473.0 0.001198203335661674
474.0 0.0014115542398940306
475.0 0.0006270140602282481
476.0 1.7054660635118513e-10
477.0 0.00018304701825400116
478.0 0.0005236199740465963
479.0 0.0007880823432060424
480.0 0.0010525448487896938
481.0 0.002561053042882122
482.0 0.004069559872732498
483.0 0.005331171996658668
484.0 0.006592783756786957
485.0 0.006533934356411919
486.0 0.006475084228441119
487.0 0.00921832033782266
488.0 0.011961556447204202
489.0 0.01576003123773262
490.0 0.019558506028261036
491.0 0.023263426555786282
492.0 0.02696834853850305
493.0 0.029761501355096698
494.0 0.03255465708207339
495.0 0.029156534583307803
496.0 0.025758406263776124
497.0 0.019631095346994698
498.0 0.01350378297502175
499.0 0.009876160038402304
500.0 0.006248538556974381
501.0 0.004657206227420829
502.0 0.0030658738978672773
503.0 0.0024477900296915323
504.0 0.0018297059796168469
505.0 0.0017036047211149707
506.0 0.0015775034626130946
507.0 0.0018156135411118157
508.0 0.0020537230739137158
509.0 0.002282601963088382
510.0 0.0025114808522630483
511.0 0.0019427583538345061
512.0 0.0013740354916080832
513.0 0.0014773414477531333
514.0 0.001580647221999243
515.0 0.0021943524188827723
516.0 0.0028080576157663018
517.0 0.0023186870748759247
518.0 0.0018293165339855477
519.0 0.0020204735847073607
520.0 0.002211630817328114
521.0 0.0018043065210804343
522.0 0.0013969822248327546
523.0 0.0015136797628656495
524.0 0.0016303774827974848
525.0 0.001993952719203662
526.0 0.002357527773710899
527.0 0.002520590896892827
528.0 0.0026836542019736953
529.0 0.0027252721338300034
530.0 0.0027668904294841923
531.0 0.002779961869237013
532.0 0.0027930334908887744
533.0 0.00222733651753515
534.0 0.001661639726080466
535.0 0.0016636640793876722
536.0 0.001665688250795938
537.0 0.0022992719095782377
538.0 0.002932855386461597
539.0 0.0034031338145723566
540.0 0.003873412060784176
541.0 0.00450013940280769
542.0 0.005126866744831204
543.0 0.0050928596465382725
544.0 0.005058852912043221
545.0 0.004331272793933749
546.0 0.003603693039622158
547.0 0.002789653808576986
548.0 0.001975614759430755
549.0 0.0019911072740796953
550.0 0.0020066001525265165
551.0 0.00161273837875342
552.0 0.0012188767868792638
553.0 0.0016277552276733331
554.0 0.002036633850366343
555.0 0.0016184720152523369
556.0 0.0012003100891888607
557.0 0.000928956887946697
558.0 0.0006576036867045332
559.0 0.0002470633944540168
560.0 1.7054660635118513e-10
561.0 0.0005731620603910415
562.0 0.0013098011550027877
563.0 0.0015091217392182443
564.0 0.001708442323433701
565.0 0.0013363468497118447
566.0 0.0009642514669394586
567.0 0.000898164671525592
568.0 0.0008320779670611955
569.0 0.0007206374903034884
570.0 0.0006091968771215761
571.0 0.0003255695901316358
572.0 4.194230314169545e-05
573.0 0.0002962488224511617
574.0 0.0005505554327100981
575.0 0.00042522779040155
576.0 0.00029990005714353174
577.0 0.0005152353878656868
578.0 0.0007305707185878418
579.0 0.0002980910721817054
580.0 1.7054660635118513e-10
581.0 2.5489029553682485e-05
582.0 0.0001853666049100866
583.0 0.0003154272235406097
584.0 0.00044548773985297885
585.0 0.0005892233730264707
586.0 0.0007329591426241677
587.0 0.0007897489012975711
588.0 0.0008465384780720342
589.0 0.0007185255981312366
590.0 0.000590512718190439
591.0 0.0008220545169024263
592.0 0.0010535964975133538
593.0 0.0006898263109178515
594.0 0.00032605610158498166
595.0 0.0006039935215085279
596.0 0.0008819308277452365
597.0 0.000729054909243132
598.0 0.0005761790362157626
599.0 0.0005981283720757347
600.0 0.0006200776169862365
601.0 0.0005662351213686634
602.0 0.0005123926257510902
603.0 0.00031239733289112337
604.0 0.00011240190360695124
605.0 0.00014055893871045555
606.0 0.0001687159965513274
607.0 0.00042482583921810146
608.0 0.0006809355909354053
609.0 0.0006031626526237233
610.0 0.0005253894869383657
611.0 0.0006683960691589164
612.0 0.0008114027878036723
613.0 0.0005313278052199166
614.0 0.0002512529135856312
615.0 1.7054660635118513e-10
616.0 1.7054660635118513e-10
617.0 1.7054660635118513e-10
618.0 6.371747076627798e-05
619.0 0.00020478194073803024
620.0 0.00034584647892188514
621.0 0.0004945460204908159
622.0 0.000643245539322379
623.0 0.0005360461273085093
624.0 0.00042884676076937467
625.0 0.00040836439438862726
626.0 0.00038788207348261494
627.0 0.00034426489037286956
628.0 0.00030064768452575663
629.0 0.0003772478748942376
630.0 0.0004538481334748212
631.0 0.0004313739736971911
632.0 0.000408899813919561
633.0 0.00044498337956611067
634.0 0.00048106694521266036
635.0 0.0004148751941102091
636.0 0.00034868337479565525
637.0 0.0002763130623861798
638.0 0.000203942568077764
639.0 0.0004926378551317612
640.0 0.0007813329830241855
641.0 0.0005247122317086905
642.0 0.0002680914121810929
643.0 0.00047652565626776777
644.0 0.0006849599685665453
645.0 0.0006102087809267687
646.0 0.0005354577297111973
647.0 0.0006392700015567243
648.0 0.0007430826826748671
649.0 0.0006863491307740333
650.0 0.0006296156243479345
651.0 0.0008303628419525921
652.0 0.00103111015050672
653.0 0.0011821368389064446
654.0 0.0013331635273061693
655.0 0.0019008793969987892
656.0 0.002468595266691409
657.0 0.0032254447432933375
658.0 0.003982292764703743
659.0 0.0065144609834533185
660.0 0.039925286546349525
661.0 0.10811698157340288
662.0 0.06715802010148764
663.0 0.10180301032960415
664.0 0.10998420184478164
665.0 0.17147170146927238
666.0 0.13764268951490521
667.0 0.1258743111975491
668.0 0.23196942638605833
669.0 0.26076214853674173
670.0 0.338674639351666
671.0 0.4776634741574526
672.0 0.6518771406263113
673.0 1.072011236101389
674.0 1.6559043899178505
675.0 2.482156455516815
676.0 3.5172101110219955
677.0 4.8044603317976
678.0 6.184231489896774
679.0 7.5865767896175385
680.0 9.397716075181961
681.0 11.440245807170868
682.0 13.954496383666992
683.0 16.71902984380722
684.0 19.78304386138916
685.0 22.702383995056152
686.0 25.658801198005676
687.0 28.877049684524536
688.0 32.01095759868622
689.0 35.17315089702606
690.0 38.75667750835419
691.0 42.61153042316437
692.0 47.3217248916626
693.0 52.38540768623352
694.0 58.11573266983032
695.0 63.68683576583862
696.0 70.03130316734314
697.0 75.63737034797668
698.0 81.78123831748962
699.0 86.45517230033875
700.0 90.15742540359497
701.0 93.24478507041931
702.0 95.3558087348938
703.0 96.52710556983948
704.0 97.1842348575592
705.0 97.66137599945068
706.0 97.69229292869568
707.0 97.84931540489197
708.0 97.95247316360474
709.0 98.00413250923157
710.0 97.74312973022461
711.0 97.90460467338562
712.0 97.8225827217102
713.0 97.88641929626465
714.0 97.95781970024109
715.0 97.99587726593018
716.0 97.86915183067322
717.0 98.11508655548096
718.0 98.15061688423157
719.0 98.11455011367798
720.0 98.3882486820221
721.0 98.31557273864746
722.0 97.99320697784424
723.0 97.81278371810913
724.0 97.47957587242126
725.0 97.14017510414124
726.0 96.88686728477478
727.0 96.49696350097656
728.0 96.28280401229858
729.0 96.07733488082886
730.0 96.01832032203674
731.0 96.09726667404175
732.0 96.17117643356323
733.0 96.4686930179596
734.0 96.9054102897644
735.0 97.1386730670929
736.0 97.47995734214783
737.0 97.96308875083923
738.0 98.15624952316284
739.0 98.50674271583557
740.0 98.58930706977844
741.0 98.50391149520874
742.0 98.77998232841492
743.0 98.64093661308289
744.0 98.50068688392639
745.0 98.39262962341309
746.0 98.40635061264038
747.0 98.64932894706726
748.0 98.52905869483948
749.0 98.41629266738892
750.0 98.39210510253906
751.0 98.30192923545837
752.0 98.28767776489258
753.0 98.46347570419312
754.0 98.33627343177795
755.0 98.50354194641113
756.0 98.48719239234924
757.0 98.54308366775513
758.0 98.61704111099243
759.0 98.69400262832642
760.0 98.46643805503845
761.0 98.4656572341919
762.0 98.54205846786499
763.0 98.42052459716797
764.0 98.29474687576294
765.0 98.23238849639893
766.0 98.39483499526978
767.0 98.09206128120422
768.0 98.16547632217407
769.0 98.1973648071289
770.0 97.99779057502747
771.0 98.07603359222412
772.0 98.15002083778381
773.0 98.03553819656372
774.0 97.89093732833862
775.0 97.96329736709595
776.0 97.93710112571716
777.0 97.88916110992432
778.0 97.9023277759552
779.0 97.92580604553223
780.0 97.7692186832428
781.0 98.06087017059326
782.0 97.88047671318054
783.0 97.91970252990723
784.0 97.8514015674591
785.0 98.00831079483032
786.0 98.07149171829224
787.0 97.86934852600098
788.0 98.01746606826782
789.0 98.18597435951233
790.0 98.03474545478821
791.0 98.01827073097229
792.0 97.95308113098145
793.0 97.90074825286865
794.0 97.80384302139282
795.0 97.8314459323883
796.0 97.86514043807983
797.0 97.95643091201782
798.0 98.01997542381287
799.0 97.86795377731323
800.0 97.6883590221405
801.0 97.75424599647522
802.0 97.64878153800964
803.0 97.4291980266571
804.0 97.26719260215759
805.0 97.0011055469513
806.0 96.81360721588135
807.0 96.22987508773804
808.0 95.50912380218506
809.0 94.67856884002686
810.0 93.66694688796997
811.0 92.09216833114624
812.0 90.23264050483704
813.0 88.02195191383362
814.0 85.26608347892761
815.0 82.03621506690979
816.0 78.6406397819519
817.0 74.5147168636322
818.0 69.80620622634888
819.0 65.5053973197937
820.0 60.47038435935974
821.0 55.823951959609985
822.0 51.37400031089783
823.0 46.617335081100464
824.0 42.0179545879364
825.0 37.76751160621643
826.0 33.21228623390198
827.0 28.58307659626007
828.0 24.308860301971436
829.0 20.130544900894165
830.0 15.727359056472778
831.0 12.278121709823608
832.0 8.843258023262024
833.0 6.071271747350693
834.0 3.9642009884119034
835.0 2.453469857573509
836.0 1.46263362839818
837.0 0.8406374603509903
838.0 0.486245471984148
839.0 0.30826362781226635
840.0 0.12752237962558866
841.0 0.06721201352775097
842.0 0.042414350900799036
843.0 0.025369919603690505
844.0 0.011449441080912948
845.0 1.7054660635118513e-10
846.0 1.7054660635118513e-10
847.0 1.7054660635118513e-10
848.0 1.7054660635118513e-10
849.0 1.7054660635118513e-10
850.0 0.016031468112487346
851.0 1.7054660635118513e-10
852.0 0.0009348877938464284
853.0 0.0009129399586527143
854.0 0.0008909921234590001
855.0 0.0009065737685887143
856.0 0.0009221554137184285
857.0 0.0009126139957515988
858.0 0.0009030723958858289
859.0 0.0005014279395254562
860.0 9.978335810956196e-05
861.0 0.00031593110634275945
862.0 0.0005320787295204354
863.0 0.0002083708523059613
864.0 1.7054660635118513e-10
865.0 6.474098768194381e-05
866.0 0.00024481882974214386
867.0 0.00012021320117128198
868.0 1.7054660635118513e-10
869.0 1.7054660635118513e-10
870.0 1.7054660635118513e-10
871.0 4.190289359939925e-06
872.0 0.00016601510424152366
873.0 0.00016426512274847482
874.0 0.00016251510714937467
875.0 0.00012881213251603185
876.0 9.510918630439846e-05
877.0 1.7054660635118513e-10
878.0 1.7054660635118513e-10
879.0 1.7054660635118513e-10
880.0 0.0002765293402262614
881.0 0.00010837363788596122
882.0 1.7054660635118513e-10
883.0 0.00017651211692282232
884.0 0.00041280632103735115
885.0 0.00019803585473709973
886.0 1.7054660635118513e-10
887.0 9.85329165814619e-05
888.0 0.0002138004447260755
889.0 3.719013363934209e-05
890.0 1.7054660635118513e-10
891.0 2.8436147658794653e-05
892.0 0.00019629242160590366
893.0 0.00024863670660124626
894.0 0.0003009809688592213
895.0 1.7054660635118513e-10
