lsstCam/transmission_filter_detector/r02_s02/i_39/19700101T000000.ecsv
# %ECSV 1.0
# ---
# datatype:
# - {name: wavelength, unit: nm, datatype: float32}
# - {name: efficiency, unit: '%', datatype: float64}
# meta: !!omap
# - {MODE: DETECTOR}
# - {TYPE: transmission_filter_detector}
# - {CALIBDATE: '1970-01-01T00:00:00'}
# - {INSTRUME: LSSTCam}
# - {OBSTYPE: transmission_filter_detector}
# - {CALIBCLS: lsst.ip.isr.IntermediateFilterDetectorTransmissionCurve}
# - {SOURCE: Materion (DM-46256)}
# - {DETECTOR: 11}
# - {FILTER: i_39}
# - {CALIB_ID: 'calibDate=1970-01-01T00:00:00 filter=i_39 detector=11'}
# - {DATE: '2025-04-02T15:59:46.529757'}
# - {CALIB_CREATION_DATE: '2025-04-02'}
# - {CALIB_CREATION_TIME: '15:59:46'}
# - __serialized_columns__:
#     efficiency:
#       __class__: astropy.units.quantity.Quantity
#       unit: !astropy.units.Unit {unit: '%'}
#       value: !astropy.table.SerializedColumn {name: efficiency}
#     wavelength:
#       __class__: astropy.units.quantity.Quantity
#       unit: !astropy.units.Unit {unit: nm}
#       value: !astropy.table.SerializedColumn {name: wavelength}
# schema: astropy-2.0
wavelength efficiency
[from data line 597]
897.0 1.7054660635118513e-10
898.0 1.7054660635118513e-10
899.0 1.7054660635118513e-10
900.0 1.7054660635118513e-10
901.0 1.7054660635118513e-10
902.0 1.7054660635118513e-10
903.0 1.7054660635118513e-10
904.0 1.7054660635118513e-10
905.0 1.7054660635118513e-10
906.0 1.7054660635118513e-10
907.0 1.7054660635118513e-10
908.0 0.0001459778104617726
909.0 1.7054660635118513e-10
910.0 1.7054660635118513e-10
911.0 1.7054660635118513e-10
912.0 3.426328589739569e-05
913.0 6.817925282120996e-05
914.0 0.00010209522542936611
915.0 3.1431281399818545e-05
916.0 1.7054660635118513e-10
917.0 1.7054660635118513e-10
918.0 1.7054660635118513e-10
919.0 1.7054660635118513e-10
920.0 4.495948644489545e-05
921.0 2.5484908405815077e-05
922.0 6.010334629991121e-06
923.0 1.7054660635118513e-10
924.0 1.7054660635118513e-10
925.0 1.7054660635118513e-10
926.0 0.00022624283246841514
927.0 5.5210387017723406e-05
928.0 1.7054660635118513e-10
929.0 1.7054660635118513e-10
930.0 9.833287322180695e-05
931.0 0.00017057971035683295
932.0 0.00024282653612317517
933.0 0.0001542620793770766
934.0 6.569766810571309e-05
935.0 1.7054660635118513e-10
936.0 1.7054660635118513e-10
937.0 1.7054660635118513e-10
938.0 1.7054660635118513e-10
939.0 1.7054660635118513e-10
940.0 1.7054660635118513e-10
941.0 1.7054660635118513e-10
942.0 1.7054660635118513e-10
943.0 1.7054660635118513e-10
944.0 1.7054660635118513e-10
945.0 1.7054660635118513e-10
946.0 1.7054660635118513e-10
947.0 1.7054660635118513e-10
948.0 1.7054660635118513e-10
949.0 1.7054660635118513e-10
950.0 1.7054660635118513e-10
951.0 1.7054660635118513e-10
952.0 1.7054660635118513e-10
953.0 1.7054660635118513e-10
954.0 1.7054660635118513e-10
955.0 7.321734187826223e-05
956.0 0.00033347953376505757
957.0 0.00018065934455080424
958.0 2.7839121230499586e-05
959.0 0.00014760099702471052
960.0 0.0002673628614502377
961.0 0.00026868301574722864
962.0 0.00027000314730685204
963.0 8.152841814990097e-05
964.0 1.7054660635118513e-10
965.0 1.7054660635118513e-10
966.0 1.7054660635118513e-10
967.0 1.7054660635118513e-10
968.0 1.7054660635118513e-10
969.0 2.759615256309189e-05
970.0 6.866829949103703e-05
971.0 1.5421257160141977e-06
972.0 1.7054660635118513e-10
973.0 1.7054660635118513e-10
974.0 1.7054660635118513e-10
975.0 1.7054660635118513e-10
976.0 1.7054660635118513e-10
977.0 1.7054660635118513e-10
978.0 1.7054660635118513e-10
979.0 1.7054660635118513e-10
980.0 1.7054660635118513e-10
981.0 1.7054660635118513e-10
982.0 1.7054660635118513e-10
983.0 1.7054660635118513e-10
984.0 2.0294301350531896e-05
985.0 0.0001849305817813729
986.0 0.0003495668579489575
987.0 6.414097697415855e-05
988.0 1.7054660635118513e-10
989.0 1.7054660635118513e-10
990.0 1.7054660635118513e-10
991.0 1.7054660635118513e-10
992.0 1.7054660635118513e-10
993.0 1.7054660635118513e-10
994.0 1.7054660635118513e-10
995.0 1.7054660635118513e-10
996.0 1.7054660635118513e-10
997.0 5.643146891998185e-05
998.0 0.0002689664825084037
999.0 0.00037632605653925566
1000.0 0.00048368556235800497
1001.0 0.0002347261215618346
1002.0 1.7054660635118513e-10
1003.0 3.2423966445094266e-05
1004.0 7.908135444267828e-05
1005.0 1.7054660635118513e-10
1006.0 1.7054660635118513e-10
1007.0 5.8489483478751936e-06
1008.0 0.00018460311821399955
1009.0 8.20731486328441e-05
1010.0 1.7054660635118513e-10
1011.0 0.00013144699551048689
1012.0 0.00028335084607533645
1013.0 0.000422953689849237
1014.0 0.0005625566245726077
1015.0 0.00045763272282783873
1016.0 0.0003527088438204373
1017.0 0.00037865804642933654
1018.0 0.00040460745367454365
1019.0 0.00029971301955811214
1020.0 0.00019481856270431308
1021.0 0.0002185778612329159
1022.0 0.00024233713702415116
1023.0 0.00047565345084876753
1024.0 0.0007089699465723243
1025.0 0.0005299497388477903
1026.0 0.0003509296220727265
1027.0 0.00036899675706081325
1028.0 0.0003870638465741649
1029.0 0.0007474089670722606
1030.0 0.0011077540875703562
1031.0 0.0016985050024231896
1032.0 0.0022892556444276124
1033.0 0.002455834510328714
1034.0 0.0026224126486340538
1035.0 0.0031761515856487677
1036.0 0.00372988979506772
1037.0 0.0037777088436996564
1038.0 0.003825527528533712
1039.0 0.003111163096036762
1040.0 0.0023967993911355734
1041.0 0.0018504362742532976
1042.0 0.0013040730664215516
1043.0 0.0019955052266595885
1044.0 0.002686937114049215
1045.0 0.0031431845854967833
1046.0 0.0035994326026411727
1047.0 0.003528717570588924
1048.0 0.0034580025385366753
1049.0 0.002956266143883113
1050.0 0.0024545299311284907
1051.0 0.002614561526570469
1052.0 0.0027745934858103283
1053.0 0.0018049287973553874
1054.0 0.0008352641089004464
1055.0 0.000717809143679915
1056.0 0.0006003541329846485
1057.0 0.0007409461886709323
1058.0 0.0008815383807814214
1059.0 0.0010307914635632187
1060.0 0.0011800447282439563
1061.0 0.0019202976545784622
1062.0 0.0026605501261656173
1063.0 0.0026617059120326303
1064.0 0.0026628616978996433
1065.0 0.0029853559681214392
1066.0 0.0033078504202421755
1067.0 0.004208411701256409
1068.0 0.005108972982270643
1069.0 0.004126373096369207
1070.0 0.0031437732104677707
1071.0 0.0030644052458228543
1072.0 0.0029850370992789976
1073.0 0.002658406629052479
1074.0 0.0023317763407249004
1075.0 0.0024407156161032617
1076.0 0.0025496547095826827
1077.0 0.0021321820895536803
1078.0 0.0017147092876257375
1079.0 0.0019750728824874386
1080.0 0.00223543665924808
1081.0 0.001327241989201866
1082.0 0.00041904709178197663
1083.0 6.952824946893088e-05
1084.0 1.7054660635118513e-10
1085.0 0.0005475511898112018
1086.0 0.001375093688693596
1087.0 0.0013045199921180028
1088.0 0.00123394647744135
1089.0 1.7054660635118513e-10
1090.0 1.7054660635118513e-10
1091.0 1.7054660635118513e-10
1092.0 1.7054660635118513e-10
1093.0 1.7054660635118513e-10
1094.0 0.0007508738690376049
1095.0 0.0006882582056277897
1096.0 0.0006256426331674447
1097.0 1.7054660635118513e-10
1098.0 1.7054660635118513e-10
1099.0 1.7054660635118513e-10
1100.0 0.0014712458323629107
