lsstCam/transmission_filter_detector/r43_s22/g_6/19700101T000000.ecsv
# %ECSV 1.0
# ---
# datatype:
# - {name: wavelength, unit: nm, datatype: float32}
# - {name: efficiency, unit: '%', datatype: float64}
# meta: !!omap
# - {MODE: DETECTOR}
# - {TYPE: transmission_filter_detector}
# - {CALIBDATE: '1970-01-01T00:00:00'}
# - {INSTRUME: LSSTCam}
# - {OBSTYPE: transmission_filter_detector}
# - {CALIBCLS: lsst.ip.isr.IntermediateFilterDetectorTransmissionCurve}
# - {SOURCE: Materion (DM-46256)}
# - {DETECTOR: 188}
# - {FILTER: g_6}
# - {CALIB_ID: 'calibDate=1970-01-01T00:00:00 filter=g_6 detector=188'}
# - {DATE: '2025-04-02T15:59:42.899342'}
# - {CALIB_CREATION_DATE: '2025-04-02'}
# - {CALIB_CREATION_TIME: '15:59:42'}
# - __serialized_columns__:
#     efficiency:
#       __class__: astropy.units.quantity.Quantity
#       unit: !astropy.units.Unit {unit: '%'}
#       value: !astropy.table.SerializedColumn {name: efficiency}
#     wavelength:
#       __class__: astropy.units.quantity.Quantity
#       unit: !astropy.units.Unit {unit: nm}
#       value: !astropy.table.SerializedColumn {name: wavelength}
# schema: astropy-2.0
wavelength efficiency
[from data line 607]
907.0 0.00027512016913533444
908.0 0.0002787454604913364
909.0 0.0002823707063726033
910.0 0.00030622948088421253
911.0 0.0003300882781331893
912.0 0.00034796728414221434
913.0 0.0003658463128886069
914.0 0.00037849970340175787
915.0 0.0003911530711775413
916.0 0.000398281963498448
917.0 0.0004054108103446197
918.0 0.0003480096438579494
919.0 0.00029060843189654406
920.0 0.00029630425615323475
921.0 0.00030200003493519034
922.0 0.0003930178536393214
923.0 0.00048403562686871737
924.0 0.000420061451222864
925.0 0.0003560873210517457
926.0 0.00040678637560631614
927.0 0.00045748533921141643
928.0 0.0004931087914883392
929.0 0.0005287320163915865
930.0 0.00044567118493432645
931.0 0.0003626102625275962
932.0 0.00037753184187749866
933.0 0.00039245333027793095
934.0 0.00040728582462179475
935.0 0.00042211831896565855
936.0 0.0004228631041769404
937.0 0.00042360788938822225
938.0 0.0005467760274768807
939.0 0.0006699440291413339
940.0 0.0005970449819869827
941.0 0.0005241458438831614
942.0 0.000445585283159744
943.0 0.00036702467696159147
944.0 0.0006103417490521679
945.0 0.0008536588211427443
946.0 0.0008841265298542567
947.0 0.000914594238565769
948.0 0.0007681337592657655
949.0 0.000621673234491027
950.0 0.0006431553629226983
951.0 0.0006646374458796345
952.0 0.0006571404810529202
953.0 0.0006496436071756762
954.0 0.0006251664217415964
955.0 0.000600689418206457
956.0 0.0007084301159920869
957.0 0.0008161709956766572
958.0 0.0008263678864750545
959.0 0.0008365647772734519
960.0 0.0006803493761253776
961.0 0.000524133838553098
962.0 0.000611021505392273
963.0 0.0006979089448577724
964.0 0.0006243872121558525
965.0 0.0005508653885044623
966.0 0.0005287714429869084
967.0 0.0005066773610451492
968.0 0.0005638406946673058
969.0 0.0006210039828147274
970.0 0.0005950858849246288
971.0 0.00056916769608506
972.0 0.0006561951522598974
973.0 0.000743222699384205
974.0 0.0007295921022887342
975.0 0.0007159614142437931
976.0 0.0007861299309297465
977.0 0.0008562982657167595
978.0 0.0008684184649609961
979.0 0.0008805385732557625
980.0 0.0009049204891198315
981.0 0.0009293024049839005
982.0 0.0011105577868875116
983.0 0.001291813259740593
984.0 0.0014425511835725047
985.0 0.0015932891983538866
986.0 0.0016399231753894128
987.0 0.0016865573343238793
988.0 0.0016629393940092996
989.0 0.0016393210898968391
990.0 0.0017925593056133948
991.0 0.0019457971575320698
992.0 0.0019008339222637005
993.0 0.0018558706869953312
994.0 0.0018399430700810626
995.0 0.0018240152712678537
996.0 0.0017623282474232838
997.0 0.0017006415873765945
998.0 0.001657842040003743
999.0 0.0016150426745298319
1000.0 0.0015419631381519139
1001.0 0.0014688837836729363
1002.0 0.0013656480405188631
1003.0 0.0012624125702132005
1004.0 0.0013354231668927241
1005.0 0.001408433945471188
1006.0 0.0013847175978298765
1007.0 0.0013610012501885649
1008.0 0.0012650149983528536
1009.0 0.0011690287465171423
1010.0 0.001291417265747441
1011.0 0.00141380596687668
1012.0 0.0012705679182545282
1013.0 0.001127329687733436
1014.0 0.0011918660675291903
1015.0 0.0012564028111228254
1016.0 0.001529397559352219
1017.0 0.0018023920347332023
1018.0 0.002000997483264655
1019.0 0.0021996025679982267
1020.0 0.0022935986635275185
1021.0 0.0023875947590568103
1022.0 0.0026194531528744847
1023.0 0.0028513113647932187
1024.0 0.002989469430758618
1025.0 0.0031276271329261363
1026.0 0.0033075513783842325
1027.0 0.003487475260044448
1028.0 0.0035802102502202615
1029.0 0.0036729448765981942
1030.0 0.0038135160139063373
1031.0 0.0039540867874166
1032.0 0.004122139216633514
1033.0 0.0042901916458504274
1034.0 0.004448840991244651
1035.0 0.004607489972840995
1036.0 0.0046168817789293826
1037.0 0.0046262735850177705
1038.0 0.004742710370919667
1039.0 0.0048591475206194445
1040.0 0.004998324220650829
1041.0 0.005137500193086453
1042.0 0.005371311999624595
1043.0 0.005605123806162737
1044.0 0.0059173671616008505
1045.0 0.006229610153241083
1046.0 0.006359740655170754
1047.0 0.006489870429504663
1048.0 0.006953997217351571
1049.0 0.00741812473279424
1050.0 0.008160491415765136
1051.0 0.008902858098736033
1052.0 0.010320413275621831
1053.0 0.011737970635294914
1054.0 0.013465248048305511
1055.0 0.015192525461316109
1056.0 0.01797089062165469
1057.0 0.02074925578199327
1058.0 0.024966002092696726
1059.0 0.029182748403400183
1060.0 0.03541339247021824
1061.0 0.0416440365370363
1062.0 0.04962576786056161
1063.0 0.05760750500485301
1064.0 0.06737661315128207
1065.0 0.07714572711847723
1066.0 0.08716867305338383
1067.0 0.0971916364505887
1068.0 0.10697535471990705
1069.0 0.11675909627228975
1070.0 0.12586440425366163
1071.0 0.13496973551809788
1072.0 0.1452979980967939
1073.0 0.15562622575089335
1074.0 0.1654546824283898
1075.0 0.17528312746435404
1076.0 0.18447578186169267
1077.0 0.1936684246174991
1078.0 0.2024969318881631
1079.0 0.21132545080035925
1080.0 0.22049183025956154
1081.0 0.22965818643569946
1082.0 0.23888770956546068
1083.0 0.2481172326952219
1084.0 0.26116257067769766
1085.0 0.27420788537710905
1086.0 0.29454673640429974
1087.0 0.31488556414842606
1088.0 0.35048765130341053
1089.0 0.3860896220430732
1090.0 0.4322277847677469
1091.0 0.4783658776432276
1092.0 0.5286046303808689
1093.0 0.578843429684639
1094.0 0.6670231465250254
1095.0 0.7552029099315405
1096.0 0.8620000444352627
1097.0 0.9687971323728561
1098.0 1.0298176668584347
1099.0 1.0908381082117558
1100.0 1.1842317879199982
1101.0 1.277625747025013
