lsstCam/transmission_filter_detector/r43_s22/g_6/19700101T000000.ecsv
# %ECSV 1.0
# ---
# datatype:
# - {name: wavelength, unit: nm, datatype: float32}
# - {name: efficiency, unit: '%', datatype: float64}
# meta: !!omap
# - {MODE: DETECTOR}
# - {TYPE: transmission_filter_detector}
# - {CALIBDATE: '1970-01-01T00:00:00'}
# - {INSTRUME: LSSTCam}
# - {OBSTYPE: transmission_filter_detector}
# - {CALIBCLS: lsst.ip.isr.IntermediateFilterDetectorTransmissionCurve}
# - {SOURCE: Materion (DM-46256)}
# - {DETECTOR: 188}
# - {FILTER: g_6}
# - {CALIB_ID: 'calibDate=1970-01-01T00:00:00 filter=g_6 detector=188'}
# - {DATE: '2025-04-02T15:59:42.899342'}
# - {CALIB_CREATION_DATE: '2025-04-02'}
# - {CALIB_CREATION_TIME: '15:59:42'}
# - __serialized_columns__:
#     efficiency:
#       __class__: astropy.units.quantity.Quantity
#       unit: !astropy.units.Unit {unit: '%'}
#       value: !astropy.table.SerializedColumn {name: efficiency}
#     wavelength:
#       __class__: astropy.units.quantity.Quantity
#       unit: !astropy.units.Unit {unit: nm}
#       value: !astropy.table.SerializedColumn {name: wavelength}
# schema: astropy-2.0
wavelength efficiency
300.0 0.34003136679530144
301.0 0.288058677688241
302.0 0.2360860351473093
303.0 0.2345177112147212
304.0 0.23294936399906874
305.0 0.2305726520717144
306.0 0.2281959168612957
307.0 0.2135005546733737
308.0 0.1988051924854517
309.0 0.19128259737044573
310.0 0.18376002553850412
311.0 0.18638321198523045
312.0 0.18900639843195677
313.0 0.18803251441568136
314.0 0.18705864204093814
315.0 0.18231929279863834
316.0 0.17757996683940291
317.0 0.17745154909789562
318.0 0.17732318956404924
319.0 0.161623558960855
320.0 0.1459239050745964
321.0 0.13297249097377062
322.0 0.12002108851447701
323.0 0.10655407095327973
324.0 0.09308705921284854
325.0 0.0851637392770499
326.0 0.07724042516201735
327.0 0.07209201576188207
328.0 0.06694360636174679
329.0 0.06058807484805584
330.0 0.05423254333436489
331.0 0.05044348072260618
332.0 0.04665441520046443
333.0 0.044706359039992094
334.0 0.042758299969136715
335.0 0.04074080497957766
336.0 0.038723304169252515
337.0 0.03912087413482368
338.0 0.039518444100394845
339.0 0.0390397704904899
340.0 0.038561099790968
341.0 0.03690249868668616
342.0 0.03524390049278736
343.0 0.03195196622982621
344.0 0.028660031966865063
345.0 0.025453328271396458
346.0 0.022246618755161762
347.0 0.02063931751763448
348.0 0.019032013369724154
349.0 0.017013069009408355
350.0 0.6719287019222975
351.0 1.0982580482959747
352.0 0.478580454364419
353.0 0.9377853013575077
354.0 0.5583318416029215
355.0 0.7987347431480885
356.0 0.6519230082631111
357.0 0.7947017438709736
358.0 0.5303116980940104
359.0 0.73128342628479
360.0 0.406435364857316
361.0 0.7935791276395321
362.0 0.32876620534807444
363.0 0.6696038413792849
364.0 0.47284853644669056
365.0 0.7712589576840401
366.0 0.4097347613424063
367.0 0.6138519383966923
368.0 0.38701919838786125
369.0 0.653357058763504
370.0 0.3506294684484601
371.0 0.40698638185858727
372.0 0.3116433508694172
373.0 0.5167236085981131
374.0 0.42717522010207176
375.0 0.5406382493674755
376.0 0.40258499793708324
377.0 0.5217044614255428
378.0 0.29457954224199057
379.0 0.5932236090302467
380.0 0.36756349727511406
381.0 0.5733312107622623
382.0 0.5699936300516129
383.0 0.5371139384806156
384.0 0.5373778287321329
385.0 0.5228223744779825
386.0 0.7552172057330608
387.0 0.8304341696202755
388.0 1.113017275929451
389.0 1.5196794643998146
390.0 2.3742614313960075
391.0 3.7752673029899597
392.0 5.797988921403885
393.0 9.215617179870605
394.0 13.713167607784271
395.0 19.458450376987457
396.0 26.407241821289062
397.0 34.8558634519577
398.0 44.242092967033386
399.0 53.94143462181091
400.0 63.120102882385254
401.0 71.43699526786804
402.0 78.47365140914917
403.0 83.97795557975769
404.0 87.70409822463989
405.0 90.39923548698425
406.0 91.74321293830872
407.0 92.78663992881775
408.0 93.246328830719
409.0 93.5193121433258
410.0 93.47173571586609
411.0 93.16264390945435
412.0 92.73452758789062
413.0 92.60083436965942
414.0 92.61353611946106
415.0 92.96707510948181
416.0 93.4385359287262
417.0 93.89168620109558
418.0 94.36983466148376
419.0 94.95349526405334
420.0 95.27860879898071
421.0 95.79817652702332
422.0 95.82312107086182
423.0 95.89255452156067
424.0 95.65321803092957
425.0 95.50588726997375
426.0 95.4228937625885
427.0 95.43745517730713
428.0 95.16487121582031
429.0 95.1580286026001
430.0 95.1225221157074
431.0 95.23385763168335
432.0 95.34907937049866
433.0 95.40032148361206
434.0 95.42099833488464
435.0 95.47051787376404
436.0 95.54625749588013
437.0 95.61235904693604
438.0 95.69937586784363
439.0 95.81575989723206
440.0 95.92413306236267
441.0 95.92497944831848
442.0 95.82147598266602
443.0 95.6567645072937
444.0 95.5296516418457
445.0 95.23804187774658
446.0 95.18804550170898
447.0 95.16575932502747
448.0 95.27933597564697
449.0 95.59634923934937
450.0 95.86199522018433
451.0 96.11856937408447
452.0 96.2159514427185
453.0 96.29474878311157
454.0 96.3448703289032
455.0 96.60841226577759
456.0 96.72510027885437
457.0 96.8980073928833
458.0 96.84392809867859
459.0 96.81227207183838
460.0 96.8701183795929
461.0 96.89505696296692
462.0 96.76709175109863
463.0 96.62507176399231
464.0 96.74510955810547
465.0 96.55371308326721
466.0 96.63195610046387
467.0 96.67141437530518
468.0 96.65859341621399
469.0 96.66026830673218
470.0 96.51579260826111
471.0 96.36622667312622
472.0 96.42446637153625
473.0 96.30491733551025
474.0 96.2461531162262
475.0 96.37984037399292
476.0 96.44482135772705
477.0 96.49955034255981
478.0 96.64899706840515
479.0 96.67563438415527
480.0 96.83656692504883
481.0 96.92849516868591
482.0 97.11208939552307
483.0 97.0156729221344
484.0 97.16773629188538
485.0 97.15940952301025
486.0 97.24403023719788
487.0 97.23349809646606
488.0 97.24489450454712
489.0 97.32618927955627
490.0 97.34394550323486
491.0 97.38436937332153
492.0 97.33244180679321
493.0 97.44744896888733
494.0 97.35481142997742
495.0 97.39071726799011
496.0 97.29315042495728
497.0 97.12103605270386
498.0 96.94201350212097
499.0 96.99031710624695
500.0 96.92188501358032
501.0 96.9346821308136
502.0 96.8891441822052
503.0 97.05361127853394
504.0 96.8592882156372
505.0 96.88394665718079
506.0 96.93177342414856
507.0 96.87764644622803
508.0 96.86371684074402
509.0 96.88653349876404
510.0 96.8209445476532
511.0 96.8636691570282
512.0 96.74792289733887
513.0 96.90938591957092
514.0 96.85340523719788
515.0 96.92105054855347
516.0 97.01684713363647
517.0 97.04511165618896
518.0 97.10875749588013
519.0 97.08752036094666
520.0 97.04080820083618
521.0 97.14257717132568
522.0 97.14306592941284
523.0 97.05942273139954
524.0 97.12918400764465
525.0 97.05238938331604
526.0 97.16591238975525
527.0 97.12454676628113
528.0 97.18772172927856
529.0 97.22094535827637
530.0 97.25059270858765
531.0 97.31837511062622
532.0 97.21060395240784
533.0 97.11952209472656
534.0 96.91776633262634
535.0 96.5680718421936
536.0 95.88043689727783
537.0 94.8431134223938
538.0 93.59457492828369
539.0 91.38480424880981
540.0 88.87574672698975
541.0 85.23890972137451
542.0 81.57578110694885
543.0 77.00157761573792
544.0 71.73553109169006
545.0 67.3055350780487
546.0 62.39117383956909
547.0 58.34564566612244
548.0 54.62441444396973
549.0 51.55574679374695
550.0 49.218472838401794
551.0 46.79596424102783
552.0 44.49222981929779
553.0 41.478803753852844
554.0 37.54434883594513
555.0 33.09054374694824
556.0 27.538645267486572
557.0 21.826171875
558.0 16.36408269405365
559.0 11.6218201816082
560.0 7.722374051809311
561.0 4.608270525932312
562.0 2.618626691401005
563.0 1.3733822852373123
564.0 0.6991642527282238
565.0 0.3244152991101146
566.0 0.19626824650913477
567.0 0.11068832827731967
568.0 0.08486923761665821
569.0 0.054797634948045015
570.0 0.05351144354790449
571.0 0.029756120056845248
572.0 0.03455299884080887
573.0 0.02364555257372558
574.0 0.0391146371839568
575.0 0.017115626542363316
576.0 0.02903139393310994
577.0 0.023902393877506256
578.0 0.032858882332220674
579.0 0.011091332999058068
580.0 0.027278941706754267
581.0 0.010454521543579176
582.0 0.02927192545030266
583.0 0.01746373309288174
584.0 0.012654939200729132
585.0 0.00418569688918069
586.0 0.015548063674941659
587.0 0.007822259794920683
588.0 0.021427596220746636
589.0 0.013301988656166941
590.0 0.01951293379534036
591.0 0.013074283197056502
592.0 0.0020263727492420003
593.0 0.010136714990949258
594.0 0.0054952644859440625
595.0 2.690920836850852e-10
596.0 0.011040289973607287
597.0 2.690920836850852e-10
598.0 0.0034950986446347088
599.0 0.0044425738451536745
600.0 0.005598204006673768
601.0 0.0021926225599600002
602.0 0.0021946158085484058
603.0 0.002196608875237871
604.0 0.002117533949785866
605.0 0.00203845866053598
606.0 0.001892407817649655
607.0 0.0017463571566622704
608.0 0.0017513446437078528
609.0 0.0017563317669555545
610.0 0.0018117463696398772
611.0 0.0018671607904252596
612.0 0.0017426924387109466
613.0 0.0016182240869966336
614.0 0.0016090929420897737
615.0 0.0015999617971829139
616.0 0.001662885188125074
617.0 0.0017258083971682936
618.0 0.0016048365068854764
619.0 0.0014838644347037189
620.0 0.0015250875549099874
621.0 0.0015663104932173155
622.0 0.0015681054719607346
623.0 0.0015699004507041536
624.0 0.001442013217456406
625.0 0.0013141259842086583
626.0 0.0013239457075542305
627.0 0.0013337657946976833
628.0 0.001285630787606351
629.0 0.0012374961443128996
630.0 0.001365739262837451
631.0 0.0014939825632609427
632.0 0.0013507456969819032
633.0 0.0012075091035512742
634.0 0.001111800975195365
635.0 0.001016092937788926
636.0 0.001076368698704755
637.0 0.001136644550570054
638.0 0.0010897591891989578
639.0 0.0010428738278278615
640.0 0.0012103758308512624
641.0 0.0013778781067230739
642.0 0.001247234467882663
643.0 0.0011165910109411925
644.0 0.0010747176929726265
645.0 0.001032844556903001
646.0 0.001094772778742481
647.0 0.0011567008186830208
648.0 0.0011633870599325746
649.0 0.0011700733011821285
650.0 0.0010835379725904204
651.0 0.0009970027349481825
652.0 0.001080345919035608
653.0 0.0011636890121735632
654.0 0.0009682884410722181
655.0 0.0007728876880719326
656.0 0.0008458107913611457
657.0 0.0009187339855998289
658.0 0.0009942143151420169
659.0 0.0010696945537347347
660.0 0.0010631415534589905
661.0 0.0010565886441327166
662.0 0.0010928127267106902
663.0 0.0011290369911876041
664.0 0.0010897832908085547
665.0 0.0010505291356821544
666.0 0.0009520626917947084
667.0 0.0008535961569577921
668.0 0.0008168502972694114
669.0 0.0007801044375810307
670.0 0.0008847116987453774
671.0 0.000989318868960254
672.0 0.0010187859516008757
673.0 0.0010482534889888484
674.0 0.0010408068192191422
675.0 0.0010333602403989062
676.0 0.0009780283107829746
677.0 0.0009226962902175728
678.0 0.000893468768481398
679.0 0.000864241155795753
680.0 0.0009760267857927829
681.0 0.0010878125976887532
682.0 0.00097189058578806
683.0 0.0008559689376852475
684.0 0.0008670630450069439
685.0 0.0008781572432781104
686.0 0.0009156345186056569
687.0 0.0009531117029837333
688.0 0.0009233210221282206
689.0 0.0008935299774748273
690.0 0.0008799214811006095
691.0 0.0008663128028274514
692.0 0.000887746864464134
693.0 0.0009091808351513464
694.0 0.0009147499440587126
695.0 0.0009203188710671384
696.0 0.0009234064236807171
697.0 0.0009264937943953555
698.0 0.0009807485184865072
699.0 0.0010350030606787186
700.0 0.0010056675819214433
701.0 0.0009763320122146979
702.0 0.0009763924026628956
703.0 0.0009764527931110933
704.0 0.0009493696779827587
705.0 0.0009222867447533645
706.0 0.0009507722097623628
707.0 0.000979257674771361
708.0 0.0010100060535478406
709.0 0.00104075443232432
710.0 0.0010266701792716049
711.0 0.00101258610811783
712.0 0.001009155766951153
713.0 0.0010057257895823568
714.0 0.001113509733841056
715.0 0.001221293587150285
716.0 0.0013444523574435152
717.0 0.0014676111277367454
718.0 0.0014973691577324644
719.0 0.0015271274605765939
720.0 0.00129213494801661
721.0 0.0010571425264060963
722.0 0.0011216602615604643
723.0 0.0011861782695632428
724.0 0.001231398437084863
725.0 0.0012766186046064831
726.0 0.0012818796676583588
727.0 0.0012871405488112941
728.0 0.0013986407793709077
729.0 0.001510140918981051
730.0 0.0015918185454211198
731.0 0.0016734962628106587
732.0 0.0016013702406780794
733.0 0.0015292444004444405
734.0 0.0014599172573070973
735.0 0.0013905906598665752
736.0 0.0013192667211114895
737.0 0.0012479426914069336
738.0 0.0010781204764498398
739.0 0.0009082981705432758
740.0 0.0010693108379200567
741.0 0.0012303235052968375
742.0 0.0013237949133326765
743.0 0.0014172666851663962
744.0 0.001288625026063528
745.0 0.0011599837307585403
746.0 0.0010330779332434759
747.0 0.0009061720447789412
748.0 0.0008888652700989041
749.0 0.0008715586773178075
750.0 0.0008753461770538706
751.0 0.0008791336767899338
752.0 0.0007855969670345075
753.0 0.0006920599844306707
754.0 0.0006735109764122171
755.0 0.0006549620593432337
756.0 0.0006748489340679953
757.0 0.000694735899742227
758.0 0.0006637616934312973
759.0 0.0006327875780698378
760.0 0.0006003618182148784
761.0 0.0005679361038346542
762.0 0.0006152510650281329
763.0 0.0006625657988479361
764.0 0.0005739889729738934
765.0 0.0004854120561503805
766.0 0.0005246910404821392
767.0 0.000563970070288633
768.0 0.0005498791324498598
769.0 0.0005357881491363514
770.0 0.0006121692422311753
771.0 0.0006885502898512641
772.0 0.000667278618493583
773.0 0.0006460069926106371
774.0 0.0006119754743849626
775.0 0.0005779440925834933
776.0 0.0005683180006599287
777.0 0.0005586919542110991
778.0 0.0006176441274874378
779.0 0.0006765963007637765
780.0 0.0006866638614155818
781.0 0.0006967314675421221
782.0 0.0006080609637137968
783.0 0.0005193905053602066
784.0 0.0005280752247927012
785.0 0.0005367600806494011
786.0 0.000566925427847309
787.0 0.0005970910024188925
788.0 0.0005297451934893616
789.0 0.0004623992936103605
790.0 0.0003308524128442514
791.0 0.00019930553207814228
792.0 0.0002215293079643743
793.0 0.00024375312932534143
794.0 0.00029887889922974864
795.0 0.00035400466913415585
796.0 0.00040441482269670814
797.0 0.00045482497625926044
798.0 0.00039519095480500255
799.0 0.0003355569106133771
800.0 0.0002651070872161654
801.0 0.0001946572410815861
802.0 0.0002023101842496544
803.0 0.00020996310468035517
804.0 0.0003959865352953784
805.0 0.0005820099431730341
806.0 0.00037859556414332474
807.0 0.00017518115100756404
808.0 0.0003528398110574926
809.0 0.000530498482476105
810.0 0.0005126688392920187
811.0 0.0004948391506331973
812.0 0.0004074268872500397
813.0 0.00032001460112951463
814.0 0.00045273168325365987
815.0 0.0005854487881151726
816.0 0.00040613549572299235
817.0 0.0002268221805934445
818.0 0.00028929364361829357
819.0 0.00035176515211787773
820.0 0.0003595559292079997
821.0 0.0003673467062981217
822.0 0.0004776409241458168
823.0 0.0005879351192561444
824.0 0.000381139352612081
825.0 0.0001743435404932825
826.0 0.0003127702939309529
827.0 0.0004511970473686233
828.0 0.0003768837359530153
829.0 0.0003025704472747748
830.0 0.0003888355422532186
831.0 0.00047510061449429486
832.0 0.0004386075033835368
833.0 0.0004021144377475139
834.0 0.0004129566605115542
835.0 0.00042379901969979983
836.0 0.00037267366224114085
837.0 0.00032154835025721695
838.0 0.0003206518613296794
839.0 0.0003197553724021418
840.0 0.00037269260246830527
841.0 0.0004256298780092038
842.0 0.00048110059651662596
843.0 0.0005365713150240481
844.0 0.000334298738380312
845.0 0.0001320261958426272
846.0 0.0002842290541593684
847.0 0.0004364319011074258
848.0 0.0004914705641567707
849.0 0.0005465091817313805
850.0 0.0004653399173548678
851.0 0.00038417078940256033
852.0 0.0002497196874173824
853.0 0.00011526865364430705
854.0 0.0002741002845141338
855.0 0.00043293193812132813
856.0 0.0003839170403807657
857.0 0.0003349021881149383
858.0 0.00043296709009155165
859.0 0.000531031992068165
860.0 0.0004256192369211931
861.0 0.00032020645903685363
862.0 0.00032655564154993044
863.0 0.0003329048468003748
864.0 0.000340978385793278
865.0 0.0003490519929982838
866.0 0.0003383309376658872
867.0 0.00032760983685875544
868.0 0.0003354012051204336
869.0 0.0003431925506447442
870.0 0.0003228153445888893
871.0 0.0003024381157956668
872.0 0.0003783533202295075
873.0 0.00045426854740071576
874.0 0.0004268708380550379
875.0 0.0003994731741840951
876.0 0.00025090118924708804
877.0 0.00010232920431008097
878.0 0.00026633942979970016
879.0 0.00043034965528931934
880.0 0.0005775216777692549
881.0 0.000724693472875515
882.0 0.0006848120392533019
883.0 0.0006449303327826783
884.0 0.000551965058548376
885.0 0.00045899973883933853
886.0 0.00038839943954371847
887.0 0.0003177991402480984
888.0 0.0004987323791283416
889.0 0.0006796655270591145
890.0 0.0006727607342327246
891.0 0.0006658558049821295
892.0 0.000572234830542584
893.0 0.0004786138106283033
894.0 0.00046702953113708645
895.0 0.00045544529712060466
896.0 0.0004975515821570298
897.0 0.0005396578671934549
898.0 0.00042429592213011347
899.0 0.0003089339998041396
900.0 0.0003414638740650844
901.0 0.0003739937255886616
902.0 0.00025155006824206794
903.0 0.00012910642226415803
904.0 0.00024552532522648107
905.0 0.00036194417134538526
