lsstcam/qe_curve/r34_s21/19700101T000000.ecsv
# %ECSV 0.9
# ---
# datatype:
# - {name: amp_name, datatype: string}
# - {name: wavelength, unit: nm, datatype: float32}
# - {name: efficiency, unit: '%', datatype: float32}
# meta: !!omap
# - {MODE: AMP}
# - {TYPE: QE}
# - {CALIBDATE: '1970-01-01T00:00:00'}
# - {INSTRUME: LSSTCAM}
# - {OBSTYPE: qe_curve}
# - {DETECTOR: 160}
# - {PICKLEFILE: RaftRun12027.p}
# - {CALIB_ID: 'raftName=R34 detectorName=S21 detector=160 calibDate=1970-01-01T00:00:00 ccd=160 ccdnum=160 filter=None'}
# - {DATE: '2020-01-23T13:26:18.906117'}
# - {CALIB_CREATION_DATE: '2020-01-23'}
# - {CALIB_CREATION_TIME: '13:26:18'}
# - __serialized_columns__:
#     efficiency:
#       __class__: astropy.units.quantity.Quantity
#       unit: !astropy.units.Unit {unit: '%'}
#       value: !astropy.table.SerializedColumn {name: efficiency}
#     wavelength:
#       __class__: astropy.units.quantity.Quantity
#       unit: !astropy.units.Unit {unit: nm}
#       value: !astropy.table.SerializedColumn {name: wavelength}
# schema: astropy-2.0
amp_name wavelength efficiency
C12 319.994 43.28165
C12 324.969 48.934853
C12 349.982 74.28379
C12 374.975 80.483765
C12 400.019 86.17079
C12 424.965 87.856346
C12 450.035 89.682884
C12 475.003 90.9486
C12 500.018 93.29935
C12 525.002 95.38982
C12 550.029 96.14859
C12 575.023 98.03478
C12 599.982 98.77159
C12 619.997 98.88172
C12 624.979 98.94003
C12 650.012 99.76742
C12 675.004 99.539276
C12 700.03 99.6638
C12 725.012 98.999535
C12 750.022 99.164444
C12 774.987 98.591644
C12 799.976 97.714516
C12 824.988 96.01209
C12 850.022 93.97106
C12 869.967 90.88887
C12 875.002 89.506966
C12 899.999 82.850555
C12 919.999 74.6914
C12 925.012 72.33162
C12 949.965 58.55976
C12 975.002 43.501537
C12 999.976 26.667002
C12 1025.028 11.596712
C12 1050.014 4.0959663
C12 1075.002 2.216628
C12 1099.99 1.7658397
C10 319.994 43.84516
C10 324.969 49.574944
C10 349.982 75.20386
C10 374.975 81.263794
C10 400.019 86.6243
C10 424.965 88.1523
C10 450.035 89.90168
C10 475.003 91.12235
C10 500.018 93.44257
C10 525.002 95.510635
C10 550.029 96.25304
C10 575.023 98.12663
C10 599.982 98.85594
C10 619.997 98.95592
C10 624.979 99.01229
C10 650.012 99.83156
C10 675.004 99.5995
C10 700.03 99.72446
C10 725.012 99.09117
C10 750.022 99.3042
C10 774.987 98.77219
C10 799.976 97.90327
C10 824.988 96.18343
C10 850.022 94.11083
C10 869.967 91.018234
C10 875.002 89.611046
C10 899.999 82.881966
C10 919.999 74.62723
C10 925.012 72.2511
C10 949.965 58.641335
C10 975.002 43.45809
C10 999.976 26.702112
C10 1025.028 11.651285
C10 1050.014 4.1638904
C10 1075.002 2.242298
C10 1099.99 1.768203
C01 319.994 40.239048
C01 324.969 45.47861
C01 349.982 68.49859
C01 374.975 74.814804
C01 400.019 82.95042
C01 424.965 85.93813
C01 450.035 88.465096
C01 475.003 90.160774
C01 500.018 92.78005
C01 525.002 95.03714
C01 550.029 95.90098
C01 575.023 97.848885
C01 599.982 98.62371
C01 619.997 98.75007
C01 624.979 98.815865
C01 650.012 99.65407
C01 675.004 99.445656
C01 700.03 99.648315
C01 725.012 99.220116
C01 750.022 99.69632
C01 774.987 99.437836
C01 799.976 98.69216
C01 824.988 96.96185
C01 850.022 95.123146
C01 869.967 92.09274
C01 875.002 90.73363
C01 899.999 83.61893
C01 919.999 75.28108
C01 925.012 72.62561
C01 949.965 58.582123
C01 975.002 43.86285
C01 999.976 26.750345
C01 1025.028 11.638248
C01 1050.014 4.207139
C01 1075.002 2.2967985
C01 1099.99 1.7928603
C16 319.994 41.860897
C16 324.969 47.324436
C16 349.982 71.651276
C16 374.975 77.90545
C16 400.019 84.65449
C16 424.965 86.910736
C16 450.035 89.044525
C16 475.003 90.49716
C16 500.018 92.96544
C16 525.002 95.1283
C16 550.029 95.9352
C16 575.023 97.8498
C16 599.982 98.60641
C16 619.997 98.726006
C16 624.979 98.78897
C16 650.012 99.618034
C16 675.004 99.39792
C16 700.03 99.52357
C16 725.012 98.84996
C16 750.022 99.00295
C16 774.987 98.41932
C16 799.976 97.540665
C16 824.988 95.83718
C16 850.022 93.871605
C16 869.967 90.84975
C16 875.002 89.48207
C16 899.999 82.479965
C16 919.999 74.84765
C16 925.012 72.584335
C16 949.965 58.42343
C16 975.002 43.279984
C16 999.976 26.287714
C16 1025.028 11.363729
C16 1050.014 4.09324
C16 1075.002 2.2573962
C16 1099.99 1.7711805
C11 319.994 43.601917
C11 324.969 49.298607
C11 349.982 74.80143
C11 374.975 80.93815
C11 400.019 86.47892
C11 424.965 88.0917
C11 450.035 89.88057
C11 475.003 91.1304
C11 500.018 93.468704
C11 525.002 95.54777
C11 550.029 96.30219
C11 575.023 98.18502
C11 599.982 98.914635
C11 619.997 99.01829
C11 624.979 99.07935
C11 650.012 99.90174
C11 675.004 99.66968
C11 700.03 99.793274
C11 725.012 99.13756
C11 750.022 99.32722
C11 774.987 98.76728
C11 799.976 97.892586
C11 824.988 96.18254
C11 850.022 94.125114
C11 869.967 91.03782
C11 875.002 89.641785
C11 899.999 82.950806
C11 919.999 74.73284
C11 925.012 72.36223
C11 949.965 58.67548
C11 975.002 43.52081
C11 999.976 26.713701
C11 1025.028 11.623343
C11 1050.014 4.136857
C11 1075.002 2.2311277
C11 1099.99 1.7687804
C02 319.994 40.819427
C02 324.969 46.140926
C02 349.982 69.62522
C02 374.975 75.896866
C02 400.019 83.49083
C02 424.965 86.199
C02 450.035 88.57593
C02 475.003 90.18015
C02 500.018 92.73979
C02 525.002 94.96177
C02 550.029 95.806816
C02 575.023 97.738716
C02 599.982 98.51019
C02 619.997 98.63329
C02 624.979 98.697556
C02 650.012 99.53667
C02 675.004 99.32839
C02 700.03 99.53415
C02 725.012 99.106415
C02 750.022 99.58798
C02 774.987 99.326
C02 799.976 98.57968
C02 824.988 96.84994
C02 850.022 94.98354
C02 869.967 92.05241
C02 875.002 90.62431
C02 899.999 83.2295
C02 919.999 75.06167
C02 925.012 72.88872
C02 949.965 58.980927
C02 975.002 43.579193
C02 999.976 26.40341
C02 1025.028 11.486032
C02 1050.014 4.136991
C02 1075.002 2.2824378
C02 1099.99 1.7960693
C14 319.994 42.596767
C14 324.969 48.160633
C14 349.982 73.08588
C14 374.975 79.37493
C14 400.019 85.56987
C14 424.965 87.51584
C14 450.035 89.479515
C14 475.003 90.82918
C14 500.018 93.235085
C14 525.002 95.360466
C14 550.029 96.14432
C14 575.023 98.049194
C14 599.982 98.802666
C14 619.997 98.91707
C14 624.979 98.98133
C14 650.012 99.816
C14 675.004 99.59183
C14 700.03 99.7153
C14 725.012 99.04062
C14 750.022 99.18972
C14 774.987 98.59728
C14 799.976 97.71464
C14 824.988 96.008446
C14 850.022 93.96415
C14 869.967 90.92846
C14 875.002 89.582115
C14 899.999 82.79619
C14 919.999 74.59428
C14 925.012 72.26004
C14 949.965 58.552017
C14 975.002 43.611782
C14 999.976 26.614485
C14 1025.028 11.515947
C14 1050.014 4.031377
C14 1075.002 2.2057185
C14 1099.99 1.7648641
C06 319.994 42.571465
C06 324.969 48.1265
C06 349.982 72.63753
C06 374.975 78.62568
C06 400.019 85.067955
C06 424.965 87.18067
C06 450.035 89.24678
C06 475.003 90.66287
C06 500.018 93.10425
C06 525.002 95.24326
C06 550.029 96.032364
C06 575.023 97.92176
C06 599.982 98.66091
C06 619.997 98.76463
C06 624.979 98.825714
C06 650.012 99.64294
C06 675.004 99.41844
C06 700.03 99.61575
C06 725.012 99.20901
C06 750.022 99.717445
C06 774.987 99.48326
C06 799.976 98.73799
C06 824.988 96.969154
C06 850.022 95.034294
C06 869.967 92.05549
C06 875.002 90.67523
C06 899.999 83.335175
C06 919.999 74.88898
C06 925.012 72.5341
C06 949.965 59.05192
C06 975.002 44.08804
C06 999.976 26.765232
C06 1025.028 11.5415535
C06 1050.014 4.085903
C06 1075.002 2.2601616
C06 1099.99 1.7982298
C15 319.994 42.17428
C15 324.969 47.680668
C15 349.982 72.28793
C15 374.975 78.56501
C15 400.019 85.0181
C15 424.965 87.105194
C15 450.035 89.14707
C15 475.003 90.54439
C15 500.018 92.975266
C15 525.002 95.116806
C15 550.029 95.91434
C15 575.023 97.81777
C15 599.982 98.57297
C15 619.997 98.69192
C15 624.979 98.75476
C15 650.012 99.58896
C15 675.004 99.36824
C15 700.03 99.4918
C15 725.012 98.81564
C15 750.022 98.969215
C15 774.987 98.373856
C15 799.976 97.49624
C15 824.988 95.78928
C15 850.022 93.77141
C15 869.967 90.78692
C15 875.002 89.43638
C15 899.999 82.437805
C15 919.999 74.48371
C15 925.012 72.24042
C15 949.965 58.552116
C15 975.002 43.428215
C15 999.976 26.415379
C15 1025.028 11.358585
C15 1050.014 4.015872
C15 1075.002 2.223378
C15 1099.99 1.7668982
C17 319.994 41.602093
C17 324.969 47.029903
C17 349.982 71.08142
C17 374.975 77.30372
C17 400.019 84.38252
C17 424.965 86.81679
C17 450.035 89.05219
C17 475.003 90.56938
C17 500.018 93.07933
C17 525.002 95.26584
C17 550.029 96.08554
C17 575.023 98.01105
C17 599.982 98.76628
C17 619.997 98.88631
C17 624.979 98.946205
C17 650.012 99.77576
C17 675.004 99.5514
C17 700.03 99.676636
C17 725.012 99.00881
C17 750.022 99.170685
C17 774.987 98.59859
C17 799.976 97.72316
C17 824.988 96.035385
C17 850.022 94.07216
C17 869.967 91.04568
C17 875.002 89.7183
C17 899.999 82.80421
C17 919.999 74.93432
C17 925.012 72.58671
C17 949.965 58.353756
C17 975.002 43.42206
C17 999.976 26.440445
C17 1025.028 11.543972
C17 1050.014 4.1900263
C17 1075.002 2.2750375
C17 1099.99 1.7697911
C00 319.994 39.517826
C00 324.969 44.656635
C00 349.982 67.137436
C00 374.975 73.49827
C00 400.019 82.181694
C00 424.965 85.46852
C00 450.035 88.156265
C00 475.003 89.947945
C00 500.018 92.62622
C00 525.002 94.91904
C00 550.029 95.80544
C00 575.023 97.76267
C00 599.982 98.547585
C00 619.997 98.67534
C00 624.979 98.739944
C00 650.012 99.57566
C00 675.004 99.36852
C00 700.03 99.57032
C00 725.012 99.14188
C00 750.022 99.620766
C00 774.987 99.367645
C00 799.976 98.62695
C00 824.988 96.922676
C00 850.022 95.05901
C00 869.967 92.119156
C00 875.002 90.75938
C00 899.999 83.50914
C00 919.999 74.73804
C00 925.012 72.49666
C00 949.965 58.955105
C00 975.002 43.84849
C00 999.976 26.702288
C00 1025.028 11.654553
C00 1050.014 4.2319484
C00 1075.002 2.29214
C00 1099.99 1.7834083
C05 319.994 42.21648
C05 324.969 47.725056
C05 349.982 72.107605
C05 374.975 78.19957
C05 400.019 84.81873
C05 424.965 87.00926
C05 450.035 89.114456
C05 475.003 90.55193
C05 500.018 93.00731
C05 525.002 95.160034
C05 550.029 95.956764
C05 575.023 97.85838
C05 599.982 98.60571
C05 619.997 98.71706
C05 624.979 98.77863
C05 650.012 99.59903
C05 675.004 99.385414
C05 700.03 99.58585
C05 725.012 99.17155
C05 750.022 99.66717
C05 774.987 99.42052
C05 799.976 98.67333
C05 824.988 96.91124
C05 850.022 94.98344
C05 869.967 92.025856
C05 875.002 90.66247
C05 899.999 83.24638
C05 919.999 74.904526
C05 925.012 72.60406
C05 949.965 59.103313
C05 975.002 43.99009
C05 999.976 26.637878
C05 1025.028 11.478918
C05 1050.014 4.069274
C05 1075.002 2.2563765
C05 1099.99 1.7965455
C04 319.994 41.72115
C04 324.969 47.16418
C04 349.982 71.27498
C04 374.975 77.46289
C04 400.019 84.39285
C04 424.965 86.73722
C04 450.035 88.91817
C04 475.003 90.400955
C04 500.018 92.8854
C04 525.002 95.057465
C04 550.029 95.87058
C04 575.023 97.78109
C04 599.982 98.53923
C04 619.997 98.655975
C04 624.979 98.71611
C04 650.012 99.54903
C04 675.004 99.33398
C04 700.03 99.54145
C04 725.012 99.11724
C04 750.022 99.60594
C04 774.987 99.35321
C04 799.976 98.605576
C04 824.988 96.84719
C04 850.022 94.95637
C04 869.967 91.97468
C04 875.002 90.5859
C04 899.999 83.2865
C04 919.999 75.102844
C04 925.012 72.53057
C04 949.965 58.721676
C04 975.002 44.067066
C04 999.976 26.768877
C04 1025.028 11.52221
C04 1050.014 4.085023
C04 1075.002 2.2633011
C04 1099.99 1.7973948
C07 319.994 42.826134
C07 324.969 48.41828
C07 349.982 73.12018
C07 374.975 79.08292
C07 400.019 85.32154
C07 424.965 87.32716
C07 450.035 89.33692
C07 475.003 90.71918
C07 500.018 93.14057
C07 525.002 95.269516
C07 550.029 96.044624
C07 575.023 97.93408
C07 599.982 98.67146
C07 619.997 98.77229
C07 624.979 98.83033
C07 650.012 99.64267
C07 675.004 99.4204
C07 700.03 99.62855
C07 725.012 99.2326
C07 750.022 99.76514
C07 774.987 99.549385
C07 799.976 98.811295
C07 824.988 97.03594
C07 850.022 95.094986
C07 869.967 92.10582
C07 875.002 90.72035
C07 899.999 83.39165
C07 919.999 74.86783
C07 925.012 72.51945
C07 949.965 59.079063
C07 975.002 44.086754
C07 999.976 26.834806
C07 1025.028 11.60684
C07 1050.014 4.121359
C07 1075.002 2.2644932
C07 1099.99 1.7969959
C13 319.994 43.019623
C13 324.969 48.637775
C13 349.982 73.803566
C13 374.975 80.028206
C13 400.019 85.95508
C13 424.965 87.761566
C13 450.035 89.65463
C13 475.003 90.96177
C13 500.018 93.33919
C13 525.002 95.44593
C13 550.029 96.21541
C13 575.023 98.10863
C13 599.982 98.85275
C13 619.997 98.963524
C13 624.979 99.02537
C13 650.012 99.8526
C13 675.004 99.62728
C13 700.03 99.74701
C13 725.012 99.07281
C13 750.022 99.22695
C13 774.987 98.63925
C13 799.976 97.75483
C13 824.988 96.05222
C13 850.022 94.005615
C13 869.967 90.93275
C13 875.002 89.56553
C13 899.999 82.89602
C13 919.999 74.69289
C13 925.012 72.342926
C13 949.965 58.599392
C13 975.002 43.58783
C13 999.976 26.676044
C13 1025.028 11.578227
C13 1050.014 4.0718822
C13 1075.002 2.2122762
C13 1099.99 1.764949
C03 319.994 41.31657
C03 324.969 46.70589
C03 349.982 70.54503
C03 374.975 76.78647
C03 400.019 84.04296
C03 424.965 86.56129
C03 450.035 88.83989
C03 475.003 90.384254
C03 500.018 92.90844
C03 525.002 95.10719
C03 550.029 95.93405
C03 575.023 97.8608
C03 599.982 98.622894
C03 619.997 98.74692
C03 624.979 98.81141
C03 650.012 99.643295
C03 675.004 99.43559
C03 700.03 99.63787
C03 725.012 99.21832
C03 750.022 99.69651
C03 774.987 99.43608
C03 799.976 98.69037
C03 824.988 96.93882
C03 850.022 95.04569
C03 869.967 92.07564
C03 875.002 90.76748
C03 899.999 83.289734
C03 919.999 75.04919
C03 925.012 72.64074
C03 949.965 59.169228
C03 975.002 44.17615
C03 999.976 26.673965
C03 1025.028 11.482293
C03 1050.014 4.1180935
C03 1075.002 2.2781062
C03 1099.99 1.8004506
