lsstCam/transmission_filter_detector/r24_s21/y_10/19700101T000000.ecsv
# %ECSV 1.0
# ---
# datatype:
# - {name: wavelength, unit: nm, datatype: float32}
# - {name: efficiency, unit: '%', datatype: float64}
# meta: !!omap
# - {MODE: DETECTOR}
# - {TYPE: transmission_filter_detector}
# - {CALIBDATE: '1970-01-01T00:00:00'}
# - {INSTRUME: LSSTCam}
# - {OBSTYPE: transmission_filter_detector}
# - {CALIBCLS: lsst.ip.isr.IntermediateFilterDetectorTransmissionCurve}
# - {SOURCE: Materion (DM-46256)}
# - {DETECTOR: 115}
# - {FILTER: y_10}
# - {CALIB_ID: 'calibDate=1970-01-01T00:00:00 filter=y_10 detector=115'}
# - {DATE: '2025-04-02T15:59:51.276134'}
# - {CALIB_CREATION_DATE: '2025-04-02'}
# - {CALIB_CREATION_TIME: '15:59:51'}
# - __serialized_columns__:
#     efficiency:
#       __class__: astropy.units.quantity.Quantity
#       unit: !astropy.units.Unit {unit: '%'}
#       value: !astropy.table.SerializedColumn {name: efficiency}
#     wavelength:
#       __class__: astropy.units.quantity.Quantity
#       unit: !astropy.units.Unit {unit: nm}
#       value: !astropy.table.SerializedColumn {name: wavelength}
# schema: astropy-2.0
wavelength efficiency
[from data line 576]
876.0 0.0019041543055209331
877.0 0.0017580037820152938
878.0 0.0016118530766107142
879.0 0.001817581505747512
880.0 0.055210175924003124
881.0 0.09853732772171497
882.0 0.06769744795747101
883.0 0.0957076030317694
884.0 0.06007686024531722
885.0 0.09148258832283318
886.0 0.06273122853599489
887.0 0.10415320284664631
888.0 0.0673896400257945
889.0 0.08050313335843384
890.0 0.06205204990692437
891.0 0.09990426478907466
892.0 0.06542453193105757
893.0 0.12020943686366081
894.0 0.06796233355998993
895.0 0.11338003678247333
896.0 0.0704826379660517
897.0 0.11775679886341095
898.0 0.08301693014800549
899.0 0.11498556705191731
900.0 0.09786675218492746
901.0 0.1154065364971757
902.0 0.14764892403036356
903.0 0.1508057932369411
904.0 0.15959517331793904
905.0 0.20808312110602856
906.0 0.24961980525404215
907.0 0.3073988715186715
908.0 0.37158848717808723
909.0 0.48903017304837704
910.0 0.6794942542910576
911.0 0.9516824968159199
912.0 1.3831769116222858
913.0 2.0728688687086105
914.0 2.9207462444901466
915.0 4.251057282090187
916.0 5.938203260302544
917.0 7.902614027261734
918.0 10.287541151046753
919.0 12.659870088100433
920.0 15.910834074020386
921.0 19.240595400333405
922.0 22.48828560113907
923.0 26.25143527984619
924.0 30.332082509994507
925.0 34.90056097507477
926.0 40.5665397644043
927.0 46.8416303396225
928.0 52.60811448097229
929.0 58.995163440704346
930.0 64.94396924972534
931.0 70.94654440879822
932.0 76.7050564289093
933.0 81.87496662139893
934.0 85.81926822662354
935.0 88.85607123374939
936.0 91.2639856338501
937.0 93.10296177864075
938.0 94.35904026031494
939.0 95.06726264953613
940.0 95.596182346344
941.0 95.93396186828613
942.0 96.23616337776184
943.0 96.41472101211548
944.0 96.80548310279846
945.0 96.86731696128845
946.0 97.00505137443542
947.0 97.0679223537445
948.0 97.15042114257812
949.0 97.06740379333496
950.0 97.16567397117615
951.0 97.18595147132874
952.0 97.24227786064148
953.0 97.384774684906
954.0 97.43310213088989
955.0 97.51158356666565
956.0 97.73840308189392
957.0 97.92972803115845
958.0 98.14155101776123
959.0 98.23404550552368
960.0 98.39913249015808
961.0 98.47643375396729
962.0 98.53934049606323
963.0 98.59291315078735
964.0 98.68848323822021
965.0 98.6642599105835
966.0 98.76768589019775
967.0 98.86465072631836
968.0 98.83469939231873
969.0 98.83159399032593
970.0 98.84631037712097
971.0 98.90161752700806
972.0 98.9506483078003
973.0 99.04166460037231
974.0 99.06038045883179
975.0 99.07838702201843
976.0 99.10083413124084
977.0 99.05480742454529
978.0 99.13167953491211
979.0 99.08778667449951
980.0 99.0718424320221
981.0 99.04546737670898
982.0 98.95498156547546
983.0 99.01753067970276
984.0 98.93634915351868
985.0 98.94063472747803
986.0 98.82875084877014
987.0 98.86744618415833
988.0 98.74110817909241
989.0 98.7260103225708
990.0 98.69620203971863
991.0 98.67716431617737
992.0 98.73600602149963
993.0 98.67849349975586
994.0 98.66997599601746
995.0 98.71348738670349
996.0 98.6742913722992
997.0 98.78688454627991
998.0 98.80796670913696
999.0 98.86134266853333
1000.0 98.91766309738159
1001.0 98.87927770614624
1002.0 99.00975823402405
1003.0 99.02743101119995
1004.0 99.09005761146545
1005.0 99.04153943061829
1006.0 99.19042587280273
1007.0 99.17721152305603
1008.0 99.15865659713745
1009.0 99.07649159431458
1010.0 99.15648698806763
1011.0 99.15105700492859
1012.0 99.06755089759827
1013.0 99.05298948287964
1014.0 99.04090166091919
1015.0 98.99848103523254
1016.0 98.99366497993469
1017.0 99.0221381187439
1018.0 99.03494119644165
1019.0 98.91214966773987
1020.0 98.98627400398254
1021.0 99.11403059959412
1022.0 98.9820122718811
1023.0 99.0256667137146
1024.0 98.99544715881348
1025.0 98.9694893360138
1026.0 99.03947710990906
1027.0 99.09811615943909
1028.0 99.08856749534607
1029.0 99.15585517883301
1030.0 99.1892158985138
1031.0 99.13399815559387
1032.0 99.20225739479065
1033.0 99.14140701293945
1034.0 99.15794730186462
1035.0 99.2429792881012
1036.0 99.17608499526978
1037.0 99.16267991065979
1038.0 99.1359293460846
1039.0 99.07439351081848
1040.0 98.97627234458923
1041.0 99.08334016799927
1042.0 99.04346466064453
1043.0 98.95568490028381
1044.0 99.0599513053894
1045.0 98.73775839805603
1046.0 98.97545576095581
1047.0 98.86565804481506
1048.0 98.89652729034424
1049.0 98.78674745559692
1050.0 98.83772134780884
1051.0 98.80523681640625
1052.0 98.80838990211487
1053.0 98.6940324306488
1054.0 98.86061549186707
1055.0 99.04473423957825
1056.0 98.92842173576355
1057.0 98.97715449333191
1058.0 98.80899786949158
1059.0 98.86866807937622
1060.0 98.93643856048584
1061.0 98.96880388259888
1062.0 98.96366596221924
1063.0 98.86779189109802
1064.0 99.12833571434021
1065.0 98.90612363815308
1066.0 99.06076788902283
1067.0 99.01320338249207
1068.0 98.99249076843262
1069.0 98.7849235534668
1070.0 99.21371936798096
1071.0 99.00401830673218
1072.0 99.02875423431396
1073.0 99.15503859519958
1074.0 98.82245063781738
1075.0 98.77716898918152
1076.0 98.59098792076111
1077.0 98.86395931243896
1078.0 99.08452033996582
1079.0 98.63356947898865
1080.0 99.33062195777893
1081.0 98.72538447380066
1082.0 98.64645600318909
1083.0 98.68278503417969
1084.0 98.87977838516235
1085.0 99.0260124206543
1086.0 98.70011806488037
1087.0 98.83580207824707
1088.0 98.54372143745422
1089.0 98.5025703907013
1090.0 98.84514808654785
1091.0 98.47350120544434
1092.0 98.50003719329834
1093.0 98.6404538154602
1094.0 98.47383499145508
1095.0 98.37592840194702
1096.0 98.52085709571838
1097.0 98.37647676467896
1098.0 97.87411689758301
1099.0 98.59942197799683
1100.0 98.29638004302979
