lsstCam/transmission_filter_detector/r24_s21/y_10/19700101T000000.ecsv
# %ECSV 1.0
# ---
# datatype:
# - {name: wavelength, unit: nm, datatype: float32}
# - {name: efficiency, unit: '%', datatype: float64}
# meta: !!omap
# - {MODE: DETECTOR}
# - {TYPE: transmission_filter_detector}
# - {CALIBDATE: '1970-01-01T00:00:00'}
# - {INSTRUME: LSSTCam}
# - {OBSTYPE: transmission_filter_detector}
# - {CALIBCLS: lsst.ip.isr.IntermediateFilterDetectorTransmissionCurve}
# - {SOURCE: Materion (DM-46256)}
# - {DETECTOR: 115}
# - {FILTER: y_10}
# - {CALIB_ID: 'calibDate=1970-01-01T00:00:00 filter=y_10 detector=115'}
# - {DATE: '2025-04-02T15:59:51.276134'}
# - {CALIB_CREATION_DATE: '2025-04-02'}
# - {CALIB_CREATION_TIME: '15:59:51'}
# - __serialized_columns__:
#     efficiency:
#       __class__: astropy.units.quantity.Quantity
#       unit: !astropy.units.Unit {unit: '%'}
#       value: !astropy.table.SerializedColumn {name: efficiency}
#     wavelength:
#       __class__: astropy.units.quantity.Quantity
#       unit: !astropy.units.Unit {unit: nm}
#       value: !astropy.table.SerializedColumn {name: wavelength}
# schema: astropy-2.0
wavelength efficiency
300.0 0.14979441184550524
301.0 0.08436724892817438
302.0 0.018940074369311333
303.0 0.017153956287074834
304.0 0.015367838204838336
305.0 0.011128504411317408
306.0 0.0068891669798176736
307.0 0.010266247409163043
308.0 0.013643325655721128
309.0 0.012090566451661289
310.0 0.010537807975197211
311.0 0.00805116433184594
312.0 0.005564519233303145
313.0 0.0032377913157688454
314.0 0.0009110632163356058
315.0 0.001525962034065742
316.0 0.0021408610336948186
317.0 0.002512883656891063
318.0 0.0028849039154010825
319.0 0.0023357099053100683
320.0 0.0017865155314211734
321.0 0.0019219713067286648
322.0 0.0020574272639350966
323.0 0.0035766992368735373
324.0 0.005095970482216217
325.0 0.003364745498402044
326.0 0.001633520696486812
327.0 0.0017999009287450463
328.0 0.00196628097910434
329.0 0.0027947016860707663
330.0 0.003623122029239312
331.0 0.0026562764105619863
332.0 0.0016894311556825414
333.0 0.0023980343030416407
334.0 0.00310663745040074
335.0 0.00328653295582626
336.0 0.0034664273698581383
337.0 0.0028902291887789033
338.0 0.002314030825800728
339.0 0.0019659113604575396
340.0 0.001617791895114351
341.0 0.0012848438927903771
342.0 0.0009518957085674629
343.0 0.001033315038512228
344.0 0.0011147345503559336
345.0 0.0014574356100638397
346.0 0.0018001368516706862
347.0 0.0017243264665012248
348.0 0.0016485160813317634
349.0 0.0013417874470178504
350.0 0.0010350587217544671
351.0 0.0012776555195159744
352.0 0.0015202522263280116
353.0 0.001211930975841824
354.0 0.0009036098163051065
355.0 0.001122082267102087
356.0 0.001340554536000127
357.0 0.001302998589380877
358.0 0.0012654426427616272
359.0 0.001127638461184688
360.0 0.0009898342796077486
361.0 0.0009837195648287889
362.0 0.000977604759100359
363.0 0.0010675039447960444
364.0 0.0011574029485927895
365.0 0.0013579918231698684
366.0 0.0015585808796458878
367.0 0.0018528518921812065
368.0 0.002147122722817585
369.0 0.0016264722944470122
370.0 0.00110582204797538
371.0 0.0013503956324711908
372.0 0.001594969398865942
373.0 0.0019039760445593856
374.0 0.0022129828721517697
375.0 0.0031996016332414
376.0 0.004186220758128911
377.0 0.004198923488729633
378.0 0.004211625855532475
379.0 0.003814519732259214
380.0 0.0034174132451880723
381.0 0.0025287426979048178
382.0 0.0016400719687226228
383.0 0.0013394995221460704
384.0 0.0010389268936705776
385.0 0.0008662435902806465
386.0 0.0006935603323654504
387.0 0.0007038841886242153
388.0 0.0007142080903577153
389.0 0.0006436510830098996
390.0 0.0005730940301873488
391.0 0.0005323051482264418
392.0 0.0004915161753160646
393.0 0.0006318547548289644
394.0 0.000772193288867129
395.0 0.0007363103577517904
396.0 0.0007004273356869817
397.0 0.0008656437785248272
398.0 0.0010308602213626727
399.0 0.0011746077689167578
400.0 0.001318355407420313
401.0 0.0014547607861459255
402.0 0.0015911664377199486
403.0 0.0017171232684631832
404.0 0.0018430800992064178
405.0 0.0018409709809930064
406.0 0.0018388620446785353
407.0 0.0016591657185927033
408.0 0.0014794694834563415
409.0 0.0012401340427459218
410.0 0.0010007985110860318
411.0 0.0009726068128657062
412.0 0.0009444150236959103
413.0 0.0008708871064300183
414.0 0.0007973591891641263
415.0 0.0009059484909812454
416.0 0.0010145377927983645
417.0 0.0004808557150681736
418.0 1.6472836549680236e-10
419.0 1.6472836549680236e-10
420.0 1.6472836549680236e-10
421.0 0.00038156122172949836
422.0 0.0011461745998531114
423.0 0.0012007405530312099
424.0 0.0012553065062093083
425.0 0.00017052660723493318
426.0 1.6472836549680236e-10
427.0 1.6472836549680236e-10
428.0 0.0004530094884103164
429.0 2.144274588999906e-05
430.0 1.6472836549680236e-10
431.0 1.6472836549680236e-10
432.0 0.0002135411250492325
433.0 1.6472836549680236e-10
434.0 1.6472836549680236e-10
435.0 7.684183742640016e-05
436.0 0.0007257820016093319
437.0 0.00016158604694282985
438.0 1.6472836549680236e-10
439.0 1.6472836549680236e-10
440.0 1.6472836549680236e-10
441.0 1.6472836549680236e-10
442.0 1.6472836549680236e-10
443.0 1.6472836549680236e-10
444.0 1.6472836549680236e-10
445.0 0.00024397108973062132
446.0 0.000519657487529912
447.0 0.0006370922619680641
448.0 0.0007545271273556864
449.0 0.00014240730479286867
450.0 1.6472836549680236e-10
451.0 1.6472836549680236e-10
452.0 4.035257177292806e-05
453.0 1.6472836549680236e-10
454.0 1.6472836549680236e-10
455.0 7.648370683455141e-05
456.0 0.00019704352780536283
457.0 1.6472836549680236e-10
458.0 1.6472836549680236e-10
459.0 1.6472836549680236e-10
460.0 1.6472836549680236e-10
461.0 5.26102667208761e-05
462.0 0.00036308058497525053
463.0 0.000743154441806837
464.0 0.0011232284123252612
465.0 0.0009081219104700722
466.0 0.0006930155450390885
467.0 0.0009938700713973958
468.0 0.0012947243703820277
469.0 0.0015728604921605438
470.0 0.0018509968867874704
471.0 0.0022953006919124164
472.0 0.002739604315138422
473.0 0.0026563033316051587
474.0 0.0025730023480718955
475.0 0.0026442869057063945
476.0 0.002715571281441953
477.0 0.002842815410986077
478.0 0.0029700597224291414
479.0 0.00318275488098152
480.0 0.0033954496757360175
481.0 0.003695502527989447
482.0 0.003995555380242877
483.0 0.0038705129554728046
484.0 0.003745470894500613
485.0 0.003443826426519081
486.0 0.003142181594739668
487.0 0.002981445868499577
488.0 0.002820710142259486
489.0 0.0024967654098873027
490.0 0.002172820495616179
491.0 0.0017934256902663037
492.0 0.0014140308849164285
493.0 0.0014641281268268358
494.0 0.001514225277787773
495.0 0.001639242509554606
496.0 0.001764259286574088
497.0 0.002073024370474741
498.0 0.0023817898181732744
499.0 0.0022937412722967565
500.0 0.002205692908319179
501.0 0.002581327498774044
502.0 0.00295696245302679
503.0 0.002703977588680573
504.0 0.0024509927243343554
505.0 0.0027214990041102283
506.0 0.0029920051019871607
507.0 0.0023512699044658802
508.0 0.001710534343146719
509.0 0.0016835825590533204
510.0 0.0016566304111620411
511.0 0.0014687494513054844
512.0 0.0012808683095499873
513.0 0.0017868618670036085
514.0 0.0022928552425582893
515.0 0.0018534512491896749
516.0 0.001414047528669471
517.0 0.0012880066606157925
518.0 0.0011619660654105246
519.0 0.0011740108675439842
520.0 0.0011860558515763842
521.0 0.0015554500350845046
522.0 0.0019248440366936848
523.0 0.0018825325241778046
524.0 0.001840220829762984
525.0 0.002108762419084087
526.0 0.0023773043722030707
527.0 0.0022391273887478746
528.0 0.002100950587191619
529.0 0.0020816007236135192
530.0 0.0020622508600354195
531.0 0.0021655367163475603
532.0 0.0022688223907607608
533.0 0.002112084439431783
534.0 0.0019553463062038645
535.0 0.0018904354874393903
536.0 0.0018255243048770353
537.0 0.002271950688736979
538.0 0.002718377254495863
539.0 0.0031800045690033585
540.0 0.0036416317016119137
541.0 0.0035547956940717995
542.0 0.0034679593227338046
543.0 0.0038516584027092904
544.0 0.0042353571188868955
545.0 0.004746916965814307
546.0 0.0052584764489438385
547.0 0.004560612433124334
548.0 0.0038627484173048288
549.0 0.003228565401514061
550.0 0.002594382567622233
551.0 0.002527880496927537
552.0 0.0024613786081317812
553.0 0.002833350663422607
554.0 0.0032053227187134326
555.0 0.003725952046806924
556.0 0.004246581738698296
557.0 0.003894871406373568
558.0 0.0035431610740488395
559.0 0.0037018740840721875
560.0 0.003860586730297655
561.0 0.0038248865166679025
562.0 0.0037891855754423887
563.0 0.0035346402000868693
564.0 0.0032800944609334692
565.0 0.003799568730755709
566.0 0.004319043000577949
567.0 0.004205988079775125
568.0 0.004092933158972301
569.0 0.00487528886878863
570.0 0.00565764494240284
571.0 0.005874488124391064
572.0 0.0060913313063792884
573.0 0.006382362334989011
574.0 0.0066733940911944956
575.0 0.006618138286285102
576.0 0.006562883208971471
577.0 0.006022834713803604
578.0 0.005482786218635738
579.0 0.005723247886635363
580.0 0.005963709554634988
581.0 0.006935287092346698
582.0 0.007906864630058408
583.0 0.008636861457489431
584.0 0.009366858284920454
585.0 0.009566324297338724
586.0 0.009765790309756994
587.0 0.010208100866293535
588.0 0.010650412150425836
589.0 0.010692977957660332
590.0 0.010735547402873635
591.0 0.00993095527519472
592.0 0.009126362419920042
593.0 0.007629761239513755
594.0 0.006133163697086275
595.0 0.005673970736097544
596.0 0.005214778502704576
597.0 0.005745860471506603
598.0 0.0062769424403086305
599.0 0.007350980013143271
600.0 0.008425018313573673
601.0 0.009007725748233497
602.0 0.009590431727701798
603.0 0.010180563549511135
604.0 0.010770696826511994
605.0 0.011134630040032789
606.0 0.0114985610707663
607.0 0.009979316382668912
608.0 0.008460072422167286
609.0 0.00677182397339493
610.0 0.005083576979814097
611.0 0.004310434815124609
612.0 0.0035372930142330006
613.0 0.0036864366848021746
614.0 0.0038355803553713486
615.0 0.0047597735829185694
616.0 0.005683966082870029
617.0 0.00673639660817571
618.0 0.007788824586896226
619.0 0.009017064439831302
620.0 0.010245303565170616
621.0 0.01095924963010475
622.0 0.011673194967443123
623.0 0.012057588173775002
624.0 0.012441979197319597
625.0 0.010910819401033223
626.0 0.009379659604746848
627.0 0.00767605597502552
628.0 0.0059724530728999525
629.0 0.004842721318709664
630.0 0.0037129895645193756
631.0 0.0032069001463241875
632.0 0.002700810546230059
633.0 0.002830691482813563
634.0 0.0029605724193970673
635.0 0.0032055970223154873
636.0 0.003450621079537086
637.0 0.0038056812627473846
638.0 0.004160741445957683
639.0 0.00439906507381238
640.0 0.004637388337869197
641.0 0.0050740211008815095
642.0 0.0055106542276917025
643.0 0.005617071292363107
644.0 0.005723488357034512
645.0 0.005337277980288491
646.0 0.004951067239744589
647.0 0.004017132232547738
648.0 0.003083197952946648
649.0 0.0023959319150890224
650.0 0.0017086662410292774
651.0 0.0016304727978422306
652.0 0.0015522795365541242
653.0 0.0014849639228486922
654.0 0.00141764821819379
655.0 0.0013531309377867728
656.0 0.0012886134754808154
657.0 0.0013717211004404817
658.0 0.001454828725400148
659.0 0.0017924498024513014
660.0 0.0021300707885529846
661.0 0.0020403693270054646
662.0 0.0019506684111547656
663.0 0.0020441901142476127
664.0 0.0021377121811383404
665.0 0.002761443829513155
666.0 0.003385175295989029
667.0 0.004155380884185433
668.0 0.004925585744786076
669.0 0.005258483724901453
670.0 0.005591379522229545
671.0 0.006267477874644101
672.0 0.006943576590856537
673.0 0.007653196371393278
674.0 0.00836281687952578
675.0 0.008199484727811068
676.0 0.008036152576096356
677.0 0.0063366991525981575
678.0 0.004637242454919033
679.0 0.003177201870130375
680.0 0.0017171603758470155
681.0 0.001142253040598007
682.0 0.0005673457962984685
683.0 0.000699109614288318
684.0 0.0008308735232276376
685.0 0.0005170527401787695
686.0 0.00020323172975622583
687.0 0.00019215674456063425
688.0 0.00018108178210241022
689.0 8.752320468374819e-05
690.0 1.6472836549680236e-10
691.0 0.00018421782215227722
692.0 0.00037447098293341696
693.0 0.0002874113533835043
694.0 0.0002003516783588566
695.0 0.00023404013518302236
696.0 0.0002677285920071881
697.0 0.0003375614141987171
698.0 0.0004073942363902461
699.0 0.00023037623577693012
700.0 5.335828632269113e-05
701.0 3.9647923699703824e-05
702.0 2.5937583814084064e-05
703.0 1.6472836549680236e-10
704.0 1.6472836549680236e-10
705.0 3.4597314879647456e-05
706.0 0.00022817039280198514
707.0 0.0002533572114771232
708.0 0.00027854398467752617
709.0 0.0004441364580998197
710.0 0.0006097289769968484
711.0 0.0004889874162472552
712.0 0.00036824590097239707
713.0 0.00021363980522437487
714.0 5.903375495108776e-05
715.0 0.00020321510874055093
716.0 0.000347396417055279
717.0 0.00019809669993264833
718.0 4.879693165094068e-05
719.0 0.0003593392193579348
720.0 0.0006698815468553221
721.0 0.0007882145837356802
722.0 0.0009065477570402436
723.0 0.0006808797479607165
724.0 0.00045521182983065955
725.0 5.290710873850912e-05
726.0 1.6472836549680236e-10
727.0 4.555704258280002e-07
728.0 0.000350308664565091
729.0 0.00038250536817940883
730.0 0.00041470211726846173
731.0 0.00037826227980986005
732.0 0.00034182273793703644
733.0 0.0003595721864257939
734.0 0.0003773218395508593
735.0 0.00024335988655366236
736.0 0.00010939803587461938
737.0 0.00016921494534472004
738.0 0.00022903195713297464
739.0 0.00029050715966150165
740.0 0.00035198220302845584
741.0 0.00045372303247859236
742.0 0.0005554639301408315
743.0 0.00024019232114369515
744.0 1.6472836549680236e-10
745.0 0.0002618683311084169
746.0 0.000598815950070275
747.0 0.0005384741598390974
748.0 0.00047813227865844965
749.0 0.00022625417841481976
750.0 1.6472836549680236e-10
751.0 0.00037479499042092357
752.0 0.0007752138117211871
753.0 0.000685736495142919
754.0 0.0005962590421404457
755.0 0.00020452605440368643
756.0 1.6472836549680236e-10
757.0 1.6472836549680236e-10
758.0 5.8836491234615096e-05
759.0 0.0002713117510211305
760.0 0.00048378697101725265
761.0 0.00048022507144196425
762.0 0.00047666317186667584
763.0 0.00045516735553974286
764.0 0.00043367167563701514
765.0 0.0005648232672683662
766.0 0.0006959748588997172
767.0 0.0006040343123459024
768.0 0.0005120938567415578
769.0 0.0002832124209817266
770.0 5.433095111584407e-05
771.0 0.0002741782054727082
772.0 0.0004940253347740509
773.0 0.0004871024430030957
774.0 0.0004801795057574054
775.0 0.0003685010142362444
776.0 0.0002568224545029807
777.0 0.00040664895095687825
778.0 0.0005564755156228784
779.0 0.0005598632469627773
780.0 0.0005632509783026762
781.0 0.0006427935204555979
782.0 0.0007223360626085196
783.0 0.0007045479833323043
784.0 0.000686759904056089
785.0 0.0007223935881484067
786.0 0.0007580273177154595
787.0 0.0005920894182054326
788.0 0.0004261515186954057
789.0 0.0002656942115208949
790.0 0.00010523683613428148
791.0 0.0005777073511126218
792.0 0.0010501777069293894
793.0 0.0009235962352249771
794.0 0.0007970148544700351
795.0 0.0007789515620970633
796.0 0.0007608883151988266
797.0 0.0007429657216562191
798.0 0.0007250430371641414
799.0 0.00038462812881334685
800.0 4.42132289890651e-05
801.0 0.00015855931678743218
802.0 0.00027290543584967963
803.0 0.0005377231900638435
804.0 0.0008025409442780074
805.0 0.0008206355232687201
806.0 0.0008387297384615522
807.0 0.000714999487172463
808.0 0.0005912690539844334
809.0 0.0003672515958896838
810.0 0.00014323406958283158
811.0 0.0004763834567711456
812.0 0.0008095326847978868
813.0 0.000875104251463199
814.0 0.0009406758181285113
815.0 0.000670335475660977
816.0 0.0003999950877187075
817.0 0.0007966027624206617
818.0 0.001193210482597351
819.0 0.0010954435310850386
820.0 0.000997676579572726
821.0 0.0006307617695711087
822.0 0.00026384691409475636
823.0 0.0002908637043219642
824.0 0.00031788056276127463
825.0 0.0006953055617486825
826.0 0.0010727305379987229
827.0 0.001202845942316344
828.0 0.0013329611647350248
829.0 0.0007539450052718166
830.0 0.00017492877759650582
831.0 9.221857339980488e-05
832.0 9.508515574907506e-06
833.0 0.0004739834366773721
834.0 0.0009384582881466486
835.0 0.0005410908215708332
836.0 0.00014372315035870997
837.0 0.00017267735756831826
838.0 0.00020163156477792654
839.0 0.00034284028060938
840.0 0.00048404899644083343
841.0 0.0007354435638262657
842.0 0.000986838131211698
843.0 0.0008027318472159095
844.0 0.0006186254267959157
845.0 0.0009097830115933903
846.0 0.00120094073281507
847.0 0.0011662065844575409
848.0 0.0011314725270494819
849.0 0.000804576302471105
850.0 0.0004776798050443176
851.0 0.0009750407116371207
852.0 0.0014724016182299238
853.0 0.0011132498002552893
854.0 0.000754098073230125
855.0 0.0005926648555032443
856.0 0.0004312317742005689
857.0 0.00075800194281328
858.0 0.0010847721569007263
859.0 0.0009054345355252735
860.0 0.0007260968232003506
861.0 0.0010927857147180475
862.0 0.0014594746971852146
863.0 0.0015846697351662442
864.0 0.0017098645912483335
865.0 0.0019310218704049475
866.0 0.0021521791495615616
867.0 0.0025688557798275724
868.0 0.002985532228194643
869.0 0.0029324939532671124
870.0 0.0028794554964406416
871.0 0.0031946838134899735
872.0 0.003509911766741425
873.0 0.0027584605049923994
874.0 0.002007009243243374
