lsstCam/transmission_filter_detector/r32_s00/z_20/19700101T000000.ecsv
# %ECSV 1.0
# ---
# datatype:
# - {name: wavelength, unit: nm, datatype: float32}
# - {name: efficiency, unit: '%', datatype: float64}
# meta: !!omap
# - {MODE: DETECTOR}
# - {TYPE: transmission_filter_detector}
# - {CALIBDATE: '1970-01-01T00:00:00'}
# - {INSTRUME: LSSTCam}
# - {OBSTYPE: transmission_filter_detector}
# - {CALIBCLS: lsst.ip.isr.IntermediateFilterDetectorTransmissionCurve}
# - {SOURCE: Materion (DM-46256)}
# - {DETECTOR: 135}
# - {FILTER: z_20}
# - {CALIB_ID: 'calibDate=1970-01-01T00:00:00 filter=z_20 detector=135'}
# - {DATE: '2025-04-02T15:59:49.265600'}
# - {CALIB_CREATION_DATE: '2025-04-02'}
# - {CALIB_CREATION_TIME: '15:59:49'}
# - __serialized_columns__:
#     efficiency:
#       __class__: astropy.units.quantity.Quantity
#       unit: !astropy.units.Unit {unit: '%'}
#       value: !astropy.table.SerializedColumn {name: efficiency}
#     wavelength:
#       __class__: astropy.units.quantity.Quantity
#       unit: !astropy.units.Unit {unit: nm}
#       value: !astropy.table.SerializedColumn {name: wavelength}
# schema: astropy-2.0
wavelength efficiency
300.0 0.30356342904269695
301.0 0.29450797010213137
302.0 0.2854525111615658
303.0 0.24241791106760502
304.0 0.19938326440751553
305.0 0.1783726504072547
306.0 0.15736197819933295
307.0 0.14285622164607048
308.0 0.12835045345127583
309.0 0.12892794329673052
310.0 0.12950540985912085
311.0 0.11978994589298964
312.0 0.11007450520992279
313.0 0.10775092523545027
314.0 0.10542734526097775
315.0 0.09397093672305346
316.0 0.08251451654359698
317.0 0.07539314101450145
318.0 0.06827175966463983
319.0 0.06677588098682463
320.0 0.06528000812977552
321.0 0.06001361180096865
322.0 0.05474721547216177
323.0 0.05418413202278316
324.0 0.05362104857340455
325.0 0.047669457853771746
326.0 0.04171787004452199
327.0 0.040210841689258814
328.0 0.03870381333399564
329.0 0.03754760546144098
330.0 0.03639139758888632
331.0 0.035104143898934126
332.0 0.03381689020898193
333.0 0.03135006700176746
334.0 0.028883243794552982
335.0 0.027987707289867103
336.0 0.027092170785181224
337.0 0.022881604672875255
338.0 0.018671038560569286
339.0 0.019082942162640393
340.0 0.0194948457647115
341.0 0.01850588305387646
342.0 0.017516917432658374
343.0 0.016815910930745304
344.0 0.01611490297364071
345.0 0.014648237265646458
346.0 0.01318156864726916
347.0 0.013855595898348838
348.0 0.014529620239045471
349.0 0.014416519843507558
350.0 0.0143034165375866
351.0 0.013514327292796224
352.0 0.012725242413580418
353.0 0.014261722390074283
354.0 0.01579820382175967
355.0 0.013617717195302248
356.0 0.011437226203270257
357.0 0.010910993296420202
358.0 0.010384760389570147
359.0 0.010385009227320552
360.0 0.01038525952026248
361.0 0.010029261466115713
362.0 0.00967326559475623
363.0 0.008770118438405916
364.0 0.007866972737247124
365.0 0.007792856195010245
366.0 0.007718740380369127
367.0 0.008072481432463974
368.0 0.008426223212154582
369.0 0.00875007826834917
370.0 0.009073931869352236
371.0 0.008466932195005938
372.0 0.007859931793063879
373.0 0.007223490683827549
374.0 0.006587048846995458
375.0 0.006110705726314336
376.0 0.005634362969431095
377.0 0.005733770740334876
378.0 0.005833178511238657
379.0 0.005545370731852017
380.0 0.0052575633162632585
381.0 0.005485312794917263
382.0 0.005713061909773387
383.0 0.005228327790973708
384.0 0.004743593672174029
385.0 0.0044453045120462775
386.0 0.004147015351918526
387.0 0.004430860280990601
388.0 0.004714705210062675
389.0 0.004634377910406329
390.0 0.004554050610749982
391.0 0.0039713570004096255
392.0 0.00338866411766503
393.0 0.003905983248841949
394.0 0.0044233023800188676
395.0 0.004189911487628706
396.0 0.003956520595238544
397.0 0.004023114524898119
398.0 0.0040897084545576945
399.0 0.004238892506691627
400.0 0.004388077286421321
401.0 0.0043683954572770745
402.0 0.004348713628132828
403.0 0.004402220292831771
404.0 0.004455726957530715
405.0 0.0040663104300620034
406.0 0.0036768939025932923
407.0 0.0035981978726340458
408.0 0.0035195018426747993
409.0 0.00303366978187114
410.0 0.002547837902966421
411.0 0.002939065598184243
412.0 0.003330293475301005
413.0 0.0031202216632664204
414.0 0.0029101496693328954
415.0 0.0037422803870867938
416.0 0.004574411650537513
417.0 0.003827207547146827
418.0 0.003080004171351902
419.0 0.0032631567592034116
420.0 0.003446309347054921
421.0 0.003737545193871483
422.0 0.004028780676890165
423.0 0.004166365033597685
424.0 0.0043039490265073255
425.0 0.003351503619342111
426.0 0.002399058394075837
427.0 0.0027349404263077304
428.0 0.0030708222766406834
429.0 0.002757838046818506
430.0 0.0024448538169963285
431.0 0.0017230740922968835
432.0 0.001001294185698498
433.0 0.0018731843738351017
434.0 0.0027450741981738247
435.0 0.002836761996150017
436.0 0.0029284490665304475
437.0 0.002596377453301102
438.0 0.0022643054762738757
439.0 0.0023592701836605556
440.0 0.0024542347091482952
441.0 0.0024490853320457973
442.0 0.0024439359549432993
443.0 0.002565054273873102
444.0 0.0026861725928029045
445.0 0.002746920108620543
446.0 0.0028076676244381815
447.0 0.002843826405296568
448.0 0.002879985549952835
449.0 0.0021409954570117407
450.0 0.0014020052731211763
451.0 0.0019044126020162366
452.0 0.0024068196580628864
453.0 0.0021002686480642296
454.0 0.0017937176380655728
455.0 0.0018376620573690161
456.0 0.00188160684047034
457.0 0.0016692931239958853
458.0 0.0014569794984709006
459.0 0.0018334738342673518
460.0 0.0022099678972153924
461.0 0.0017065065549104474
462.0 0.001203045485453913
463.0 0.0014103200555837248
464.0 0.0016175947166630067
465.0 0.0014203502360032871
466.0 0.0012231061191414483
467.0 0.0012990547475055791
468.0 0.00137500337586971
469.0 0.0011527059541549534
470.0 0.0009304087143391371
471.0 0.0010976984412991442
472.0 0.0012649882592086215
473.0 0.0012331926882325206
474.0 0.00120139720820589
475.0 0.0013377611139731016
476.0 0.001474124837841373
477.0 0.0013750612197327428
478.0 0.0012759976016241126
479.0 0.0016149369912454858
480.0 0.0019538765627657995
481.0 0.0014665267372038215
482.0 0.0009791770025913138
483.0 0.0010082627341034822
484.0 0.0010373485565651208
485.0 0.0013225512702774722
486.0 0.0016077539839898236
487.0 0.0017524418581160717
488.0 0.00189712991414126
489.0 0.0021306015696609393
490.0 0.002364073407079559
491.0 0.0019529104974935763
492.0 0.0015417475879075937
493.0 0.0016408519513788633
494.0 0.0017399564967490733
495.0 0.0016211661204579286
496.0 0.0015023756532173138
497.0 0.0015967345461831428
498.0 0.0016910933481995016
499.0 0.001498961319157388
500.0 0.0013068291991658043
501.0 0.0010686895620892756
502.0 0.0008305499250127468
503.0 0.0010584151823422872
504.0 0.0012862804396718275
505.0 0.0017260808817809448
506.0 0.002165881232940592
507.0 0.0015123540833883453
508.0 0.0008588270247855689
509.0 0.0011032549991796259
510.0 0.0013476829735736828
511.0 0.001399147731717676
512.0 0.0014506123079627287
513.0 0.0012991817129659466
514.0 0.001147751299868105
515.0 0.0010369929441367276
516.0 0.00092623449745588
517.0 0.0011194263606739696
518.0 0.0013126182238920592
519.0 0.0013129565559211187
520.0 0.001313294797000708
521.0 0.0013193655831855722
522.0 0.001325436187471496
523.0 0.0011743316463252995
524.0 0.0010232269232801627
525.0 0.0010276029570377432
526.0 0.0010319788998458534
527.0 0.0010898847904172726
528.0 0.001147790771938162
529.0 0.0014312596249510534
530.0 0.0017147283870144747
531.0 0.0016452047930215485
532.0 0.0015756813809275627
533.0 0.0013802238754578866
534.0 0.0011847664609376807
535.0 0.0011791932593041565
536.0 0.0011736199667211622
537.0 0.00137168945002486
538.0 0.0015697589333285578
539.0 0.0014360248314915225
540.0 0.0013022902749071363
541.0 0.0011931988410651684
542.0 0.00108410722532426
543.0 0.0010164437298953999
544.0 0.0009487801435170695
545.0 0.0011626498235273175
546.0 0.0013765193216386251
547.0 0.001672585858614184
548.0 0.0019686522136908025
549.0 0.0018277936760568991
550.0 0.0016869351384229958
551.0 0.001848228566814214
552.0 0.002009522359003313
553.0 0.002228789344371762
554.0 0.0024480563297402114
555.0 0.0017640908481553197
556.0 0.0010801251846714877
557.0 0.0010253588698105887
558.0 0.0009705928277981002
559.0 0.000929192356124986
560.0 0.0008877918844518717
561.0 0.0010001254850067198
562.0 0.0011124589946120977
563.0 0.0012968651390110608
564.0 0.001481271283410024
565.0 0.001759117549227085
566.0 0.0020369639969430864
567.0 0.0022139101929496974
568.0 0.0023908563889563084
569.0 0.0025101435312535614
570.0 0.0026294312192476355
571.0 0.0023835931642679498
572.0 0.0021377554730861448
573.0 0.00186512952495832
574.0 0.0015925037587294355
575.0 0.0017729251339915209
576.0 0.0019533466911525466
577.0 0.00210984635486966
578.0 0.0022663456547888927
579.0 0.002166951890103519
580.0 0.002067557943519205
581.0 0.002060354199784342
582.0 0.0020531504560494795
583.0 0.0020413479433045723
584.0 0.0020295450667617843
585.0 0.0022380858354154043
586.0 0.0024466260583722033
587.0 0.002013330959016457
588.0 0.0015800356777617708
589.0 0.0014700453903060406
590.0 0.0013600551028503105
591.0 0.0015277888451237231
592.0 0.0016955227692960761
593.0 0.001261191846424481
594.0 0.0008268611964012962
595.0 0.0009563411367707886
596.0 0.0010858211680897512
597.0 0.0008960573723015841
598.0 0.0007062934400892118
599.0 0.0009209066774928942
600.0 0.0011355198694218416
601.0 0.0011230245945625938
602.0 0.001110529228753876
603.0 0.0013911658243159764
604.0 0.0016718026017770171
605.0 0.001378507658955641
606.0 0.0010852129889826756
607.0 0.0010640901564329397
608.0 0.0010429673238832038
609.0 0.0011267986337770708
610.0 0.0012106298527214676
611.0 0.001242968392034527
612.0 0.0012753069313475862
613.0 0.0012341324691078626
614.0 0.0011929581887670793
615.0 0.0012464622159313876
616.0 0.0012999661521462258
617.0 0.0012876623259217013
618.0 0.001275358590646647
619.0 0.001515587337053148
620.0 0.0017558159015607089
621.0 0.0018871020074584521
622.0 0.0020183877495583147
623.0 0.0014826655387878418
624.0 0.0009469430551689584
625.0 0.0011537924365256913
626.0 0.0013606419088318944
627.0 0.0015723217074992135
628.0 0.0017840015061665326
629.0 0.001859201984188985
630.0 0.0019344026441103779
631.0 0.002331477116968017
632.0 0.0027285515898256563
633.0 0.0029729268135270104
634.0 0.003217301855329424
635.0 0.005767532275058329
636.0 0.008317763422382995
637.0 0.014950525655876845
638.0 0.021583288616966456
639.0 0.019931372662540525
640.0 0.018279461073689163
641.0 0.015747589350212365
642.0 0.013215719081927091
643.0 0.00959362369030714
644.0 0.005971527571091428
645.0 0.006375028169713914
646.0 0.0067785287683364
647.0 0.0066171574871987104
648.0 0.006455785478465259
649.0 0.00502930415677838
650.0 0.003602823198889382
651.0 0.0036984893085900694
652.0 0.003794155054492876
653.0 0.0031964227673597634
654.0 0.0025986899345298298
655.0 0.0024707740521989763
656.0 0.002342857806070242
657.0 0.0025519133487250656
658.0 0.0027609685275820084
659.0 0.002082119863189291
660.0 0.0014032709259481635
661.0 0.0017658810975262895
662.0 0.002128490996256005
663.0 0.002010702337429393
664.0 0.0018929140424006619
665.0 0.0018497297787689604
666.0 0.0018065453332383186
667.0 0.001972731843125075
668.0 0.0021389181711128913
669.0 0.001790533133316785
670.0 0.0014421478226722684
671.0 0.001528218672319781
672.0 0.0016142892491188832
673.0 0.0014362583897309378
674.0 0.0012582275303429924
675.0 0.0011134352462249808
676.0 0.000968642871157499
677.0 0.0013788111573376227
678.0 0.001788979716366157
679.0 0.0016516405594302341
680.0 0.0015143014934437815
681.0 0.0020117095118621364
682.0 0.002509117439331021
683.0 0.002646228313096799
684.0 0.0027833391868625768
685.0 0.0024685699827386998
686.0 0.002153800414816942
687.0 0.0017788355762604624
688.0 0.0014038705558050424
689.0 0.0019741935830097646
690.0 0.0025445166102144867
691.0 0.0023160069758887403
692.0 0.0020874971596640535
693.0 0.0022732996512786485
694.0 0.002459102324792184
695.0 0.0029746868676738814
696.0 0.0034902714105555788
697.0 0.0037415538827190176
698.0 0.003992835991084576
699.0 0.005410488665802404
700.0 0.0068281406129244715
701.0 0.007072344305925071
702.0 0.007316546543734148
703.0 0.006603298243135214
704.0 0.0058900499425362796
705.0 0.004911770156468265
706.0 0.003933491461793892
707.0 0.0034792763472069055
708.0 0.003025061232619919
709.0 0.003782998101087287
710.0 0.004540934969554655
711.0 0.00430158142989967
712.0 0.004062227890244685
713.0 0.003165130692650564
714.0 0.0022680338588543236
715.0 0.0023375650926027447
716.0 0.002407095962553285
717.0 0.0019533808881533332
718.0 0.0014996659047028515
719.0 0.0016679810869391076
720.0 0.0018362965420237742
721.0 0.0016053038052632473
722.0 0.0013743110685027204
723.0 0.0018255110262543894
724.0 0.0022767111659049988
725.0 0.0015405203157570213
726.0 0.0008043294656090438
727.0 0.0008969916962087154
728.0 0.0009896538358589169
729.0 0.0010674707482394297
730.0 0.0011452877515694126
731.0 0.000987806106422795
732.0 0.0008303246431751177
733.0 0.0011620339137152769
734.0 0.0014937432752049062
735.0 0.0016324955140589736
736.0 0.0017712476619635709
737.0 0.0015937996067805216
738.0 0.0014163511877995916
739.0 0.0015591655028401874
740.0 0.0017019798178807832
741.0 0.0016697720639058389
742.0 0.0016375644918298349
743.0 0.0017413396562915295
744.0 0.0018451150026521645
745.0 0.0020244218831066974
746.0 0.00220372876356123
747.0 0.002272531855851412
748.0 0.002341335311939474
749.0 0.0028715687221847475
750.0 0.0034018019505310804
751.0 0.0029252500098664314
752.0 0.0024486982511007227
753.0 0.0026102516130777076
754.0 0.0027718046112568118
755.0 0.002086539643642027
756.0 0.001401274676027242
757.0 0.0020222760213073343
758.0 0.002643277548486367
759.0 0.002913459684350528
760.0 0.0031836418202146888
761.0 0.0048769379645818844
762.0 0.00657023410894908
763.0 0.006369673064909875
764.0 0.006169111293274909
765.0 0.005166266419109888
766.0 0.004163422272540629
767.0 0.004111015368835069
768.0 0.004058609192725271
769.0 0.0048310273996321484
770.0 0.005603446697932668
771.0 0.005287894600769505
772.0 0.004972342503606342
773.0 0.004524946052697487
774.0 0.004077549601788633
775.0 0.031506773666478693
776.0 1.582028128291335e-10
777.0 0.06265057600103319
778.0 0.07994523621164262
779.0 1.582028128291335e-10
780.0 1.582028128291335e-10
781.0 1.582028128291335e-10
782.0 0.050522497622296214
783.0 0.09047989151440561
784.0 0.04012793651781976
785.0 1.582028128291335e-10
786.0 0.037538944161497056
787.0 1.582028128291335e-10
788.0 0.023361603962257504
789.0 0.13998941285535693
790.0 0.020668032811954618
791.0 0.018632628780324012
792.0 0.16441609477624297
793.0 0.14330209232866764
794.0 0.05663491319864988
795.0 0.03430594224482775
796.0 0.03520418249536306
797.0 0.09251605370081961
798.0 0.03787298046518117
799.0 0.02524397277738899
800.0 1.582028128291335e-10
801.0 0.23503396660089493
802.0 0.4090210422873497
803.0 0.5624784622341394
804.0 0.9457874111831188
805.0 1.5511136502027512
806.0 2.533981204032898
807.0 3.7327416241168976
808.0 5.4710909724235535
809.0 7.656185328960419
810.0 10.094134509563446
811.0 13.161110877990723
812.0 16.315549612045288
813.0 19.376522302627563
814.0 21.898116171360016
815.0 25.01271963119507
816.0 29.04493510723114
817.0 33.90931189060211
818.0 39.248326420784
819.0 44.373542070388794
820.0 51.43560767173767
821.0 58.525413274765015
822.0 65.65364599227905
823.0 71.90757989883423
824.0 78.195059299469
825.0 83.9003324508667
826.0 88.23140859603882
827.0 92.4673080444336
828.0 95.92732191085815
829.0 97.35861420631409
830.0 98.26071858406067
831.0 99.10296201705933
832.0 98.85647892951965
833.0 99.91675615310669
834.0 98.59821796417236
835.0 99.50942397117615
836.0 99.5568335056305
837.0 99.61532950401306
838.0 98.27902913093567
839.0 98.92363548278809
840.0 98.89788031578064
841.0 99.99788999557495
842.0 99.83542561531067
843.0 100.11938810348511
844.0 98.4884262084961
845.0 98.92757534980774
846.0 99.28423762321472
847.0 99.3479311466217
848.0 100.11086463928223
849.0 99.02273416519165
850.0 98.4952986240387
851.0 98.9713966846466
852.0 99.55158829689026
853.0 99.00696277618408
854.0 99.91084337234497
855.0 98.94967675209045
856.0 98.9730715751648
857.0 98.39898943901062
858.0 98.62993955612183
859.0 99.19732809066772
860.0 98.77638220787048
861.0 99.235600233078
862.0 99.11847114562988
863.0 98.65057468414307
864.0 99.53094124794006
865.0 99.53935742378235
866.0 99.03371334075928
867.0 99.57663416862488
868.0 100.07916688919067
869.0 98.83882999420166
870.0 98.52302074432373
871.0 99.24318790435791
872.0 99.6337890625
873.0 99.42008256912231
874.0 99.91642236709595
875.0 99.46441650390625
876.0 99.197918176651
877.0 99.52523708343506
878.0 99.249666929245
879.0 98.9287793636322
880.0 98.88532161712646
881.0 100.26005506515503
882.0 99.46471452713013
883.0 99.18177723884583
884.0 99.55756068229675
885.0 99.3078351020813
886.0 99.055415391922
887.0 98.93932342529297
888.0 99.65596199035645
889.0 99.83940124511719
890.0 98.76898527145386
891.0 99.69728589057922
892.0 98.79524111747742
893.0 98.95333647727966
894.0 98.71206879615784
895.0 100.10255575180054
