lsstCam/transmission_filter_detector/r32_s00/z_20/19700101T000000.ecsv
# %ECSV 1.0
# ---
# datatype:
# - {name: wavelength, unit: nm, datatype: float32}
# - {name: efficiency, unit: '%', datatype: float64}
# meta: !!omap
# - {MODE: DETECTOR}
# - {TYPE: transmission_filter_detector}
# - {CALIBDATE: '1970-01-01T00:00:00'}
# - {INSTRUME: LSSTCam}
# - {OBSTYPE: transmission_filter_detector}
# - {CALIBCLS: lsst.ip.isr.IntermediateFilterDetectorTransmissionCurve}
# - {SOURCE: Materion (DM-46256)}
# - {DETECTOR: 135}
# - {FILTER: z_20}
# - {CALIB_ID: 'calibDate=1970-01-01T00:00:00 filter=z_20 detector=135'}
# - {DATE: '2025-04-02T15:59:49.265600'}
# - {CALIB_CREATION_DATE: '2025-04-02'}
# - {CALIB_CREATION_TIME: '15:59:49'}
# - __serialized_columns__:
#     efficiency:
#       __class__: astropy.units.quantity.Quantity
#       unit: !astropy.units.Unit {unit: '%'}
#       value: !astropy.table.SerializedColumn {name: efficiency}
#     wavelength:
#       __class__: astropy.units.quantity.Quantity
#       unit: !astropy.units.Unit {unit: nm}
#       value: !astropy.table.SerializedColumn {name: wavelength}
# schema: astropy-2.0
wavelength efficiency
[from data line 597]
897.0 99.30444359779358
898.0 99.06280040740967
899.0 98.96103739738464
900.0 99.16324019432068
901.0 99.84102249145508
902.0 99.47076439857483
903.0 99.18873310089111
904.0 98.10180068016052
905.0 98.82777333259583
906.0 98.48926663398743
907.0 99.04400706291199
908.0 98.2941210269928
909.0 98.59338998794556
910.0 98.32574129104614
911.0 97.30899930000305
912.0 96.3090181350708
913.0 95.35467028617859
914.0 93.15593242645264
915.0 90.95131158828735
916.0 89.07818794250488
917.0 87.3955249786377
918.0 83.76855850219727
919.0 82.81056880950928
920.0 79.76130247116089
921.0 76.25237703323364
922.0 72.12655544281006
923.0 66.56334400177002
924.0 61.06058955192566
925.0 55.88594675064087
926.0 49.84784722328186
927.0 42.930564284324646
928.0 37.106913328170776
929.0 30.7004451751709
930.0 24.968814849853516
931.0 19.836729764938354
932.0 14.236903190612793
933.0 9.788031876087189
934.0 6.337199360132217
935.0 4.078803211450577
936.0 2.3222174495458603
937.0 1.4093407429754734
938.0 0.8821466006338596
939.0 0.45799692161381245
940.0 0.33281249925494194
941.0 0.18676688196137547
942.0 0.09892887901514769
943.0 1.582028128291335e-10
944.0 0.06635538884438574
945.0 1.582028128291335e-10
946.0 0.10046213865280151
947.0 0.01117949650506489
948.0 1.582028128291335e-10
949.0 1.582028128291335e-10
950.0 1.582028128291335e-10
951.0 1.582028128291335e-10
952.0 1.582028128291335e-10
953.0 0.021277726045809686
954.0 0.14041091781109571
955.0 0.007793647091602907
956.0 0.0006213373580976622
957.0 0.006425699393730611
958.0 1.582028128291335e-10
959.0 0.11955108493566513
960.0 1.582028128291335e-10
961.0 1.582028128291335e-10
962.0 1.582028128291335e-10
963.0 0.028085772646591067
964.0 1.582028128291335e-10
965.0 0.04977046046406031
966.0 1.582028128291335e-10
967.0 1.582028128291335e-10
968.0 0.027133911498822272
969.0 0.013891547860112041
970.0 0.01916867622639984
971.0 0.062231492483988404
972.0 1.582028128291335e-10
973.0 0.05381998489610851
974.0 1.582028128291335e-10
975.0 1.582028128291335e-10
976.0 0.006613899313379079
977.0 0.006597079482162371
978.0 0.0065802596509456635
979.0 0.006334819772746414
980.0 0.006089380258345045
981.0 0.005953807340119965
982.0 0.005818233694299124
983.0 0.005741799031966366
984.0 0.005665364005835727
985.0 0.005501506893779151
986.0 0.005337649417924695
987.0 0.005341119322110899
988.0 0.005344588862499222
989.0 0.005185816917219199
990.0 0.005027045335737057
991.0 0.004995325434720144
992.0 0.00496360553370323
993.0 0.0048266567318933085
994.0 0.004689707930083387
995.0 0.004688125409302302
996.0 0.004686542160925455
997.0 0.004682685903389938
998.0 0.004678829645854421
999.0 0.0045941080315969884
1000.0 0.0045093856897437945
1001.0 0.004440968768903986
1002.0 0.0043725522118620574
1003.0 0.004417361560626887
1004.0 0.004462171273189597
1005.0 0.00455987683380954
1006.0 0.004657582030631602
1007.0 0.004623245695256628
1008.0 0.004588908996083774
1009.0 0.004508631900534965
1010.0 0.0044283548049861565
1011.0 0.004437514871824533
1012.0 0.004446674938662909
1013.0 0.004483565135160461
1014.0 0.0045204549678601325
1015.0 0.004534082836471498
1016.0 0.004547710341284983
1017.0 0.004534450272331014
1018.0 0.004521190203377046
1019.0 0.004570231612888165
1020.0 0.004619273022399284
1021.0 0.00463812357338611
1022.0 0.004656973760575056
1023.0 0.004611699841916561
1024.0 0.004566425923258066
1025.0 0.004555360283120535
1026.0 0.004544295006780885
1027.0 0.00469113583676517
1028.0 0.004837976302951574
1029.0 0.0047876423195702955
1030.0 0.004737308336189017
1031.0 0.0047668749175500125
1032.0 0.004796441498911008
1033.0 0.004953707684762776
1034.0 0.0051109738706145436
1035.0 0.0051031958719249815
1036.0 0.005095417873235419
1037.0 0.005293638605508022
1038.0 0.005491859337780625
1039.0 0.005654023698298261
1040.0 0.005816187695018016
1041.0 0.0057328405091539025
1042.0 0.0056494929594919086
1043.0 0.005942478310316801
1044.0 0.006235462933545932
1045.0 0.00630511567578651
1046.0 0.006374767690431327
1047.0 0.006514923006761819
1048.0 0.006655078323092312
1049.0 0.006699528603348881
1050.0 0.00674397888360545
1051.0 0.006950877286726609
1052.0 0.007157774962252006
1053.0 0.007403414201689884
1054.0 0.007649052713532001
1055.0 0.007521588122472167
1056.0 0.007394123531412333
1057.0 0.0077258933742996305
1058.0 0.00805766394478269
1059.0 0.008321747009176761
1060.0 0.008585830801166594
1061.0 0.00883238681126386
1062.0 0.009078942821361125
1063.0 0.009460925502935424
1064.0 0.009842908184509724
1065.0 0.010125321568921208
1066.0 0.01040773349814117
1067.0 0.010189996100962162
1068.0 0.009972258703783154
1069.0 0.010279280104441568
1070.0 0.01058630077750422
1071.0 0.010864489013329148
1072.0 0.011142676521558315
1073.0 0.011625359911704436
1074.0 0.012108043301850557
1075.0 0.011873472249135375
1076.0 0.011638902651611716
1077.0 0.012531540414784104
1078.0 0.013424179633148015
1079.0 0.013470998965203762
1080.0 0.013517816842067987
1081.0 0.014437377103604376
1082.0 0.015356935909949243
1083.0 0.01556984061608091
1084.0 0.015782745322212577
1085.0 0.015539635205641389
1086.0 0.015296523633878678
1087.0 0.015796558000147343
1088.0 0.01629659382160753
1089.0 0.016476311429869384
1090.0 0.016656031948514283
1091.0 0.016869186947587878
1092.0 0.017082343401852995
1093.0 0.01820571778807789
1094.0 0.019329092174302787
1095.0 0.020143068104516715
1096.0 0.020957039669156075
1097.0 0.0213398365303874
1098.0 0.021722631936427206
1099.0 0.02196073910454288
1100.0 0.022198846272658557
1101.0 0.02322224754607305
1102.0 0.024245650274679065
1103.0 0.025013156118802726
1104.0 0.025780664873309433
1105.0 0.026586829335428774
1106.0 0.027392993797548115
1107.0 0.027764434344135225
1108.0 0.028135874890722334
1109.0 0.029012796585448086
1110.0 0.029889718280173838
1111.0 0.030150366364978254
1112.0 0.030411017360165715
1113.0 0.03174876037519425
1114.0 0.03308650339022279
1115.0 0.03349648613948375
1116.0 0.033906465978361666
1117.0 0.0351792317815125
1118.0 0.03645199758466333
1119.0 0.03807177417911589
1120.0 0.03969155077356845
1121.0 0.0403228506911546
1122.0 0.0409541476983577
1123.0 0.04184441640973091
1124.0 0.04273468512110412
1125.0 0.04444435180630535
1126.0 0.04615401558112353
1127.0 0.048810700536705554
1128.0 0.05146738258190453
1129.0 0.05406466079875827
1130.0 0.056661939015612006
1131.0 0.06114722928032279
1132.0 0.06563253118656576
1133.0 0.06544634816236794
1134.0 0.0652601767797023
1135.0 0.07003332138992846
1136.0 0.0748064718209207
1137.0 0.08090640185400844
1138.0 0.08700634352862835
1139.0 0.08821995579637587
1140.0 0.08943357388488948
1141.0 0.10464031947776675
1142.0 0.11984705924987793
1143.0 0.14917895896360278
1144.0 0.17851085867732763
1145.0 0.365029345266521
1146.0 0.55154780857265
1147.0 1.0628819465637207
1148.0 1.5742162242531776
1149.0 1.651349849998951
1150.0 1.7284838482737541
