lsstCam/transmission_filter_detector/r34_s10/y_10/19700101T000000.ecsv
# %ECSV 1.0
# ---
# datatype:
# - {name: wavelength, unit: nm, datatype: float32}
# - {name: efficiency, unit: '%', datatype: float64}
# meta: !!omap
# - {MODE: DETECTOR}
# - {TYPE: transmission_filter_detector}
# - {CALIBDATE: '1970-01-01T00:00:00'}
# - {INSTRUME: LSSTCam}
# - {OBSTYPE: transmission_filter_detector}
# - {CALIBCLS: lsst.ip.isr.IntermediateFilterDetectorTransmissionCurve}
# - {SOURCE: Materion (DM-46256)}
# - {DETECTOR: 156}
# - {FILTER: y_10}
# - {CALIB_ID: 'calibDate=1970-01-01T00:00:00 filter=y_10 detector=156'}
# - {DATE: '2025-04-02T15:59:51.466469'}
# - {CALIB_CREATION_DATE: '2025-04-02'}
# - {CALIB_CREATION_TIME: '15:59:51'}
# - __serialized_columns__:
#     efficiency:
#       __class__: astropy.units.quantity.Quantity
#       unit: !astropy.units.Unit {unit: '%'}
#       value: !astropy.table.SerializedColumn {name: efficiency}
#     wavelength:
#       __class__: astropy.units.quantity.Quantity
#       unit: !astropy.units.Unit {unit: nm}
#       value: !astropy.table.SerializedColumn {name: wavelength}
# schema: astropy-2.0
wavelength efficiency
[from data line 577]
877.0 0.002360715916438494
878.0 0.0027071686417912133
879.0 0.001874105873866938
880.0 0.07206766749732196
881.0 0.08750873384997249
882.0 0.06347849266603589
883.0 0.07424706127494574
884.0 0.06901470478624105
885.0 0.09757304796949029
886.0 0.05781410727649927
887.0 0.10144332190975547
888.0 0.06576885934919119
889.0 0.09224613895639777
890.0 0.06711157620884478
891.0 0.09097226429730654
892.0 0.07056904723867774
893.0 0.10694566881284118
894.0 0.07363557233475149
895.0 0.09438433335162699
896.0 0.06918637664057314
897.0 0.1113778562285006
898.0 0.08291919948533177
899.0 0.12849189806729555
900.0 0.0947442080359906
901.0 0.1367146847769618
902.0 0.14418866485357285
903.0 0.15427262987941504
904.0 0.1763826236128807
905.0 0.21772775799036026
906.0 0.25275556836277246
907.0 0.3068506484851241
908.0 0.4053459968417883
909.0 0.5271579138934612
910.0 0.7426520809531212
911.0 1.0349448770284653
912.0 1.5290867537260056
913.0 2.2762587293982506
914.0 3.2161425799131393
915.0 4.647824168205261
916.0 6.453796476125717
917.0 8.533553034067154
918.0 10.990680754184723
919.0 13.410833477973938
920.0 16.72847419977188
921.0 20.11396735906601
922.0 23.42558652162552
923.0 27.290764451026917
924.0 31.505483388900757
925.0 36.206215620040894
926.0 42.004597187042236
927.0 48.42365086078644
928.0 54.286426305770874
929.0 60.74041128158569
930.0 66.60029292106628
931.0 72.58046269416809
932.0 78.14515233039856
933.0 83.1176221370697
934.0 86.88679337501526
935.0 89.7216796875
936.0 91.98501110076904
937.0 93.63810420036316
938.0 94.75148916244507
939.0 95.40043473243713
940.0 95.87234854698181
941.0 96.13111019134521
942.0 96.46608829498291
943.0 96.62630558013916
944.0 96.95355892181396
945.0 96.92638516426086
946.0 97.0672607421875
947.0 97.12193012237549
948.0 97.21342921257019
949.0 97.10884094238281
950.0 97.2263514995575
951.0 97.23285436630249
952.0 97.32146859169006
953.0 97.48075604438782
954.0 97.55145907402039
955.0 97.6721465587616
956.0 97.8605568408966
957.0 98.054039478302
958.0 98.21898341178894
959.0 98.3418345451355
960.0 98.46571683883667
961.0 98.58475923538208
962.0 98.6096739768982
963.0 98.64973425865173
964.0 98.73043298721313
965.0 98.74921441078186
966.0 98.80432486534119
967.0 98.89482855796814
968.0 98.85812401771545
969.0 98.8842785358429
970.0 98.93624186515808
971.0 98.96841049194336
972.0 99.02511239051819
973.0 99.0895688533783
974.0 99.11639094352722
975.0 99.09931421279907
976.0 99.16264414787292
977.0 99.12576079368591
978.0 99.20516014099121
979.0 99.11850094795227
980.0 99.12397861480713
981.0 99.05039072036743
982.0 98.99208545684814
983.0 99.0352988243103
984.0 98.95166158676147
985.0 98.96732568740845
986.0 98.84082674980164
987.0 98.8968551158905
988.0 98.77371788024902
989.0 98.77106547355652
990.0 98.71345162391663
991.0 98.7508475780487
992.0 98.79016280174255
993.0 98.76111149787903
994.0 98.70906472206116
995.0 98.7644612789154
996.0 98.74096512794495
997.0 98.84368181228638
998.0 98.88533353805542
999.0 98.92029166221619
1000.0 98.98415207862854
1001.0 98.94869923591614
1002.0 99.04780387878418
1003.0 99.099200963974
1004.0 99.17455315589905
1005.0 99.10979866981506
1006.0 99.24586415290833
1007.0 99.23564791679382
1008.0 99.18369650840759
1009.0 99.14278388023376
1010.0 99.16896224021912
1011.0 99.20145273208618
1012.0 99.09548759460449
1013.0 99.11295771598816
1014.0 99.09021258354187
1015.0 99.02373552322388
1016.0 99.0320086479187
1017.0 99.0657389163971
1018.0 99.0437924861908
1019.0 98.95657300949097
1020.0 99.04347062110901
1021.0 99.16906952857971
1022.0 99.08453226089478
1023.0 99.05527234077454
1024.0 99.03600215911865
1025.0 99.02961850166321
1026.0 99.0803599357605
1027.0 99.16438460350037
1028.0 99.10743832588196
1029.0 99.20095801353455
1030.0 99.24526810646057
1031.0 99.18914437294006
1032.0 99.23956990242004
1033.0 99.22162890434265
1034.0 99.22496676445007
1035.0 99.2661714553833
1036.0 99.21467304229736
1037.0 99.19450879096985
1038.0 99.14986491203308
1039.0 99.15938973426819
1040.0 99.11291599273682
1041.0 99.12972450256348
1042.0 99.1389513015747
1043.0 99.03731346130371
1044.0 99.09690618515015
1045.0 98.84045124053955
1046.0 99.04078841209412
1047.0 98.94779324531555
1048.0 98.94912242889404
1049.0 98.8902747631073
1050.0 98.87486696243286
1051.0 98.85636568069458
1052.0 98.84523749351501
1053.0 98.81190657615662
1054.0 99.01005029678345
1055.0 99.12058115005493
1056.0 99.02130365371704
1057.0 99.04360771179199
1058.0 98.78761172294617
1059.0 98.91884326934814
1060.0 98.964923620224
1061.0 98.99886846542358
1062.0 99.0297794342041
1063.0 98.88712167739868
1064.0 99.11268353462219
1065.0 99.02140498161316
1066.0 99.03450608253479
1067.0 99.16877746582031
1068.0 99.02631640434265
1069.0 98.82592558860779
1070.0 99.1389274597168
1071.0 98.89101386070251
1072.0 99.03878569602966
1073.0 99.22470450401306
1074.0 98.91026616096497
1075.0 98.7874686717987
1076.0 98.5823929309845
1077.0 98.84884357452393
1078.0 99.18798804283142
1079.0 98.63167405128479
1080.0 99.43864941596985
1081.0 98.77387881278992
1082.0 98.69429469108582
1083.0 98.6803650856018
1084.0 98.94914627075195
1085.0 98.97327423095703
1086.0 98.70715141296387
1087.0 98.90838861465454
1088.0 98.62380623817444
1089.0 98.54370951652527
1090.0 98.87730479240417
1091.0 98.80709052085876
1092.0 98.8388180732727
1093.0 98.79829287528992
1094.0 98.6299991607666
1095.0 98.37936758995056
1096.0 98.69770407676697
1097.0 98.29465746879578
1098.0 97.86274433135986
1099.0 98.78775477409363
1100.0 98.35208058357239
