lsstCam/transmission_filter_detector/r34_s10/y_10/19700101T000000.ecsv
# %ECSV 1.0
# ---
# datatype:
# - {name: wavelength, unit: nm, datatype: float32}
# - {name: efficiency, unit: '%', datatype: float64}
# meta: !!omap
# - {MODE: DETECTOR}
# - {TYPE: transmission_filter_detector}
# - {CALIBDATE: '1970-01-01T00:00:00'}
# - {INSTRUME: LSSTCam}
# - {OBSTYPE: transmission_filter_detector}
# - {CALIBCLS: lsst.ip.isr.IntermediateFilterDetectorTransmissionCurve}
# - {SOURCE: Materion (DM-46256)}
# - {DETECTOR: 156}
# - {FILTER: y_10}
# - {CALIB_ID: 'calibDate=1970-01-01T00:00:00 filter=y_10 detector=156'}
# - {DATE: '2025-04-02T15:59:51.466469'}
# - {CALIB_CREATION_DATE: '2025-04-02'}
# - {CALIB_CREATION_TIME: '15:59:51'}
# - __serialized_columns__:
#     efficiency:
#       __class__: astropy.units.quantity.Quantity
#       unit: !astropy.units.Unit {unit: '%'}
#       value: !astropy.table.SerializedColumn {name: efficiency}
#     wavelength:
#       __class__: astropy.units.quantity.Quantity
#       unit: !astropy.units.Unit {unit: nm}
#       value: !astropy.table.SerializedColumn {name: wavelength}
# schema: astropy-2.0
wavelength efficiency
300.0 0.019900033657904714
301.0 0.019858352607116103
302.0 0.0198166657355614
303.0 0.017798026965465397
304.0 0.015779388195369393
305.0 0.012720019731204957
306.0 0.009660644718678668
307.0 0.009890853834804147
308.0 0.010121062950929627
309.0 0.007883254147600383
310.0 0.005645449346047826
311.0 0.0034249183954671025
312.0 0.0012043889000779018
313.0 0.005629951920127496
314.0 0.01005551457637921
315.0 0.005495869118021801
316.0 0.0009362220225739293
317.0 0.0028815453333663754
318.0 0.004826868462259881
319.0 0.002273717473144643
320.0 1.6285583992470265e-10
321.0 0.00018864585626943153
322.0 0.0006567262971657328
323.0 0.002152377783204429
324.0 0.003648028723546304
325.0 0.0027668613256537355
326.0 0.0018856941096601076
327.0 0.002362302075198386
328.0 0.0028389098588377237
329.0 0.0033703829103615135
330.0 0.0039018555980874225
331.0 0.0029574170184787363
332.0 0.0020129788026679307
333.0 0.0026025982151622884
334.0 0.003192217627656646
335.0 0.002145028338418342
336.0 0.001097838867281098
337.0 0.0014523348909278866
338.0 0.0018068310964736156
339.0 0.0013495691746356897
340.0 0.000892307343747234
341.0 0.0009814976692723576
342.0 0.0010706877219490707
343.0 0.0009583910468791146
344.0 0.0008460942808596883
345.0 0.0007807159818185028
346.0 0.000715337546353112
347.0 0.0009258798854716588
348.0 0.0011364225429133512
349.0 0.0008238745067501441
350.0 0.0005113266979606124
351.0 0.0007435211955453269
352.0 0.0009757157386047766
353.0 0.0011312800779705867
354.0 0.0012868443263869267
355.0 0.0014484233361145016
356.0 0.0016100022548926063
357.0 0.0013323262464837171
358.0 0.0010546504199737683
359.0 0.0007647056008863728
360.0 0.00047476105464738794
361.0 0.0004793176231032703
362.0 0.0004838741915591527
363.0 0.0007039601769065484
364.0 0.0009240461622539442
365.0 0.0011345765415171627
366.0 0.001345106829830911
367.0 0.001791779686755035
368.0 0.0022384521798812784
369.0 0.0019131517547066323
370.0 0.001587851693329867
371.0 0.0014710041796206497
372.0 0.0013541567568609025
373.0 0.001597118352947291
374.0 0.001840079676185269
375.0 0.002766708712442778
376.0 0.003693337566801347
377.0 0.003935240238206461
378.0 0.004177142909611575
379.0 0.003870337241096422
380.0 0.003563531572581269
381.0 0.002767148362181615
382.0 0.0019707651517819613
383.0 0.0014754433323105332
384.0 0.0009801214218896348
385.0 0.000845529302750947
386.0 0.0007109372745617293
387.0 0.000565532627661014
388.0 0.00042012798076029867
389.0 0.0005041802523919614
390.0 0.0005882325694983592
391.0 0.00063964994296839
392.0 0.0006910672709636856
393.0 0.0006698115612380207
394.0 0.0006485557150881505
395.0 0.0006199850759003311
396.0 0.0005914143457630416
397.0 0.0007244359949254431
398.0 0.0008574575076636393
399.0 0.000921339506021468
400.0 0.0009852215043792967
401.0 0.0013514374586520717
402.0 0.0017176533219753765
403.0 0.0018201486454927363
404.0 0.001922643969010096
405.0 0.0017921653125085868
406.0 0.0016616864741081372
407.0 0.0016698089893907309
408.0 0.0016779315046733245
409.0 0.0014295035725808702
410.0 0.0011810757314378861
411.0 0.001022292872221442
412.0 0.0008635100130049977
413.0 0.0009667849553807173
414.0 0.0010700602615543175
415.0 0.0010791206477733795
416.0 0.001088180852093501
417.0 0.0004891564913123148
418.0 1.6285583992470265e-10
419.0 1.6285583992470265e-10
420.0 1.6285583992470265e-10
421.0 1.6285583992470265e-10
422.0 0.0001084817426999507
423.0 0.00024685036805749405
424.0 0.00038521889109688345
425.0 0.00013620584695672733
426.0 1.6285583992470265e-10
427.0 0.0005059138857177459
428.0 0.0011246348549320828
429.0 0.0006970820777496556
430.0 0.0002695292323551257
431.0 1.6285583992470265e-10
432.0 1.6285583992470265e-10
433.0 1.6285583992470265e-10
434.0 1.6285583992470265e-10
435.0 1.6285583992470265e-10
436.0 8.141014973261917e-05
437.0 6.367542937368853e-05
438.0 4.594074880515109e-05
439.0 0.0003374806055944646
440.0 0.0006290205419645645
441.0 0.000547125000593951
442.0 0.0004652296411222778
443.0 0.0005612527274934109
444.0 0.0006572757683898089
445.0 0.000579989227844635
446.0 0.000502702641824726
447.0 0.0006480207048298325
448.0 0.0007933388587844092
449.0 0.00030080768738116603
450.0 1.6285583992470265e-10
451.0 1.6285583992470265e-10
452.0 6.255159519241715e-05
453.0 1.6285583992470265e-10
454.0 1.6285583992470265e-10
455.0 0.00025098568130488275
456.0 0.0008563449227949604
457.0 0.0002941625098173972
458.0 1.6285583992470265e-10
459.0 1.6285583992470265e-10
460.0 6.6283426747304475e-06
461.0 8.974747629508784e-05
462.0 0.00017286683942074887
463.0 0.0003733642643055646
464.0 0.0005738616891903803
465.0 0.0007065401860018028
466.0 0.0008392186828132253
467.0 0.0011446028111095075
468.0 0.0014499869394057896
469.0 0.0016755539036239497
470.0 0.00190112095879158
471.0 0.0019189821614418179
472.0 0.0019368431821931154
473.0 0.002155083348043263
474.0 0.0023733235138934106
475.0 0.0027369495001039468
476.0 0.003100575486314483
477.0 0.002957960532512516
478.0 0.0028153453968116082
479.0 0.003331090192659758
480.0 0.0038468348066089675
481.0 0.004378843368613161
482.0 0.004910851930617355
483.0 0.004429653927218169
484.0 0.003948455560021102
485.0 0.0037544610677286983
486.0 0.003560466939234175
487.0 0.0031480743928113952
488.0 0.002735682028287556
489.0 0.002521639362385031
490.0 0.0023075970602803864
491.0 0.0020249206500011496
492.0 0.0017422442397219129
493.0 0.001594907917024102
494.0 0.0014475714124273509
495.0 0.0016950834833551198
496.0 0.0019425953723839484
497.0 0.0018341323084314354
498.0 0.0017256694263778627
499.0 0.001949255783983972
500.0 0.002172842141590081
501.0 0.002444589881633874
502.0 0.0027163379854755476
503.0 0.002908769602072425
504.0 0.0031012012186693028
505.0 0.0028284877771511674
506.0 0.0025557746994309127
507.0 0.002401184792688582
508.0 0.0022465948859462515
509.0 0.002073611358355265
510.0 0.0019006281945621595
511.0 0.0018033197193290107
512.0 0.0017060110621969216
513.0 0.0020143073925282806
514.0 0.0023226037228596397
515.0 0.0017648775610723533
516.0 0.0012071513083355967
517.0 0.0014488921806332655
518.0 0.0016906331438804045
519.0 0.0014071382793190423
520.0 0.0011236435966566205
521.0 0.0011905122846656013
522.0 0.001257380881725112
523.0 0.001572305518493522
524.0 0.0018872298824135214
525.0 0.0021948701032670215
526.0 0.002502510142221581
527.0 0.0023709477318334393
528.0 0.002239385139546357
529.0 0.0022671103579341434
530.0 0.0022948353944229893
531.0 0.002126042454619892
532.0 0.0019572498786146753
533.0 0.0019161414456903003
534.0 0.0018750330127659254
535.0 0.0018027492842520587
536.0 0.0017304657376371324
537.0 0.0018357170119998045
538.0 0.0019409686501603574
539.0 0.002381436570431106
540.0 0.002821904308802914
541.0 0.0034427059290464967
542.0 0.00406350773118902
543.0 0.00430458239861764
544.0 0.00454565670224838
545.0 0.0047566561988787726
546.0 0.004967654967913404
547.0 0.004539232031675056
548.0 0.004110808367840946
549.0 0.0033110398362623528
550.0 0.0025112711227848195
551.0 0.002377839155087713
552.0 0.0022444070054916665
553.0 0.0024475044483551756
554.0 0.0026506018912186846
555.0 0.0034001215681200847
556.0 0.004149641245021485
557.0 0.004163149787927978
558.0 0.004176658694632351
559.0 0.00402748555643484
560.0 0.0038783124182373285
561.0 0.003961323091061786
562.0 0.004044334127684124
563.0 0.0035970475437352434
564.0 0.0031497613235842437
565.0 0.0032811811252031475
566.0 0.0034126005630241707
567.0 0.003789783295360394
568.0 0.004166965663898736
569.0 0.004822959454031661
570.0 0.005478953244164586
571.0 0.006077570651541464
572.0 0.006676188058918342
573.0 0.006793499778723344
574.0 0.006910810770932585
575.0 0.006707814463879913
576.0 0.006504818156827241
577.0 0.005993153172312304
578.0 0.005481488551595248
579.0 0.005449934178614058
580.0 0.005418379441834986
581.0 0.00616897305008024
582.0 0.006919565930729732
583.0 0.008067073213169351
584.0 0.009214581950800493
585.0 0.009569503163220361
586.0 0.00992442510323599
587.0 0.010276948887621984
588.0 0.010629474854795262
589.0 0.010781239689094946
590.0 0.010933008161373436
591.0 0.010210229083895683
592.0 0.00948745000641793
593.0 0.008199612784665078
594.0 0.006911776290507987
595.0 0.006112931441748515
596.0 0.0053140876843826845
597.0 0.005708573371521197
598.0 0.006103058694861829
599.0 0.006887641939101741
600.0 0.007672225183341652
601.0 0.00874667166499421
602.0 0.009821117419051006
603.0 0.010211920744040981
604.0 0.010602724796626717
605.0 0.01073244129656814
606.0 0.010862156341318041
607.0 0.009906303603202105
608.0 0.008950449409894645
609.0 0.007404181087622419
610.0 0.005857912765350193
611.0 0.0047151326725725085
612.0 0.003572352579794824
613.0 0.0034707591112237424
614.0 0.0033691656426526606
615.0 0.004211991108604707
616.0 0.005054816210758872
617.0 0.006358021346386522
618.0 0.007661226118216291
619.0 0.008821905794320628
620.0 0.009982586198020726
621.0 0.010539128561504185
622.0 0.011095670197391883
623.0 0.011524204455781728
624.0 0.011952735076192766
625.0 0.011175437248311937
626.0 0.010398140148026869
627.0 0.00835862520034425
628.0 0.0063191102526616305
629.0 0.005047040758654475
630.0 0.003774970900849439
631.0 0.0030808634619461372
632.0 0.002386756386840716
633.0 0.0024678100089658983
634.0 0.0025488634491921403
635.0 0.0028150316211394966
636.0 0.0030811996111879125
637.0 0.0033948308555409312
638.0 0.00370846209989395
639.0 0.004436316157807596
640.0 0.005164170215721242
641.0 0.005325860911398195
642.0 0.005487551607075147
643.0 0.00575606209167745
644.0 0.006024573303875513
645.0 0.005334683010005392
646.0 0.004644793079933152
647.0 0.004075171091244556
648.0 0.0035055491025559604
649.0 0.0027607804440776818
650.0 0.0020160116037004627
651.0 0.001744498331390787
652.0 0.0014729847862327006
653.0 0.0014225553968572058
654.0 0.0013721260984311812
655.0 0.0013555471014115028
656.0 0.0013389681043918245
657.0 0.0012957460057805292
658.0 0.0012525239981187042
659.0 0.0014659935914096422
660.0 0.0016794632756500505
661.0 0.001629026883165352
662.0 0.001578590672579594
663.0 0.0017184622265631333
664.0 0.0018583335986477323
665.0 0.002497987588867545
666.0 0.0031376417609862983
667.0 0.0037884754419792444
668.0 0.004439309486770071
669.0 0.005051096741226502
670.0 0.005662884359480813
671.0 0.006330775067908689
672.0 0.006998663593549281
673.0 0.007470689888577908
674.0 0.007942716183606535
675.0 0.007878191536292434
676.0 0.007813666888978332
677.0 0.006544632924487814
678.0 0.005275598959997296
679.0 0.0038663274608552456
680.0 0.002457056143612135
681.0 0.0015735067790956236
682.0 0.0006899579148011981
683.0 0.0005285451152303722
684.0 0.0003671323838716489
685.0 0.0002867753437385545
686.0 0.00020641828086809255
687.0 0.0002187542804676923
688.0 0.0002310902118551894
689.0 0.00029614918730658246
690.0 0.00036120818549534306
691.0 0.0002441423248455976
692.0 0.0001270762822969118
693.0 0.0003035054987776675
694.0 0.00047993471525842324
695.0 0.0003045656740141567
696.0 0.0001291965645577875
697.0 0.00020394313651195262
698.0 0.0002786897539408528
699.0 0.00023140898974816082
700.0 0.0001841283960857254
701.0 0.00028402691896189936
702.0 0.0003839254532067571
703.0 0.00020020972897327738
704.0 1.6494004739797674e-05
705.0 9.926998245646246e-05
706.0 0.00018204594880444347
707.0 0.00033003211683535483
708.0 0.0004780183189723175
709.0 0.0005774011242465349
710.0 0.0006767840204702225
711.0 0.0005484869234351208
712.0 0.00042018973545054905
713.0 0.00030030676043679705
714.0 0.0001804237626856775
715.0 0.0001727983885757567
716.0 0.00016517291214768193
717.0 0.00024601563382020686
718.0 0.0003268582304372103
719.0 0.0003205358325431007
720.0 0.00031421345738635864
721.0 0.00039582650970260147
722.0 0.0004774396529683145
723.0 0.0004185566467640456
724.0 0.0003596736405597767
725.0 0.00041579751268727705
726.0 0.00047192129386530723
727.0 0.0003461860160314245
728.0 0.0002204508973591146
729.0 0.0002931933977379231
730.0 0.00036593573895515874
731.0 0.0002231794951512711
732.0 8.042318881962274e-05
733.0 0.00023055006295180647
734.0 0.00038067719287937507
735.0 0.00024115652195177972
736.0 0.00010163591923628701
737.0 1.6285583992470265e-10
738.0 1.6285583992470265e-10
739.0 0.0001122223125094024
740.0 0.00037250094919727417
741.0 0.0003599446472435375
742.0 0.0003473883452898008
743.0 0.000434862249676371
744.0 0.0005223360403761035
745.0 0.0004635851382772671
746.0 0.0004048339178552851
747.0 0.0003196491888957098
748.0 0.00023446436898666434
749.0 0.00031368076633953024
750.0 0.00039289711821766105
751.0 0.00051931019697804
752.0 0.0006457233212131541
753.0 0.00035731713978748303
754.0 6.891094130878628e-05
755.0 0.0004369494945422048
756.0 0.0008049880307225976
757.0 0.0004245504442224046
758.0 4.4113022568126325e-05
759.0 5.255863015918294e-05
760.0 6.1004209328530123e-05
761.0 0.00047819557948969305
762.0 0.0008953868928074371
763.0 0.0006785487585148076
764.0 0.00046171044232323766
765.0 0.0003007329269166803
766.0 0.00013975550245959312
767.0 0.0003865337475872366
768.0 0.0006333120381896151
769.0 0.0004812261522602057
770.0 0.0003291403118055314
771.0 0.00058651444305724
772.0 0.0008438884833594784
773.0 0.0005987797067064093
774.0 0.00035367097552807536
775.0 0.00023156535462476313
776.0 0.00010945988151433994
777.0 3.6778186540686875e-05
778.0 1.6285583992470265e-10
779.0 0.0006027379185979953
780.0 0.0012413795047905296
781.0 0.0008878932021616492
782.0 0.0005344067631085636
783.0 0.0004994150458514923
784.0 0.00046442332859442104
785.0 0.0004584795078699244
786.0 0.00045253550524648745
787.0 0.0003643001491582254
788.0 0.0002760646566457581
789.0 0.0002603237589937635
790.0 0.00024458279312966624
791.0 0.000456408861282398
792.0 0.000668234815748292
793.0 0.0008076484846242238
794.0 0.0009470620170759503
795.0 0.0007727644515398424
796.0 0.0005984667950542644
797.0 0.0006632027179875877
798.0 0.0007279385044967057
799.0 0.0005192319349589525
800.0 0.00031052541089593433
801.0 0.00054787092267361
802.0 0.0007852165254007559
803.0 0.0007982863280631136
804.0 0.0008113561307254713
805.0 0.0007388825451926095
806.0 0.0006664088687102776
807.0 0.00023238080757437274
808.0 1.6285583992470265e-10
809.0 0.0002571257482486544
810.0 0.0007158988410083111
811.0 0.0006450983619288309
812.0 0.0005742979283240857
813.0 0.0006651447620242834
814.0 0.0007559915957244812
815.0 0.0006945485438336618
816.0 0.0006331053100439021
817.0 0.0007809047019691207
818.0 0.0009287041393690743
819.0 0.000970774817687925
820.0 0.0010128454960067756
821.0 0.0010528874554438516
822.0 0.0010929292329819873
823.0 0.001035693276207894
824.0 0.0009784575013327412
825.0 0.0011965214980591554
826.0 0.0014145855857350398
827.0 0.000853762321639806
828.0 0.0002929388756456319
829.0 0.000528911323272041
830.0 0.0007648838618479203
831.0 0.0007200394520623377
832.0 0.0006751953151251655
833.0 0.0007296397598111071
834.0 0.0007840840225981083
835.0 0.0008579127097618766
836.0 0.000931741396925645
837.0 0.0005891941327718087
838.0 0.00024664702777954517
839.0 0.0003516522156132851
840.0 0.0004566575171338627
841.0 0.0008835665539663751
842.0 0.0013104756362736225
843.0 0.0012537629118014593
844.0 0.0011970500963798258
845.0 0.0008848555808071978
846.0 0.0005726607923861593
847.0 0.0009288914043281693
848.0 0.0012851221981691197
849.0 0.00098886539490195
850.0 0.0006926085461600451
851.0 0.0006664563898084452
852.0 0.0006403042334568454
853.0 0.0007275602911249734
854.0 0.0008148163942678366
855.0 0.0008076337508100551
856.0 0.0008004511073522735
857.0 0.0009245331966667436
858.0 0.0010486152859812137
859.0 0.0007829986316210125
860.0 0.0005173821591597516
861.0 0.0009086212230613455
862.0 0.0012998602869629394
863.0 0.0015948440704960376
864.0 0.0018898277630796656
865.0 0.002019692874455359
866.0 0.0021495578039321117
867.0 0.002368759123783093
868.0 0.002587960261735134
869.0 0.0026684047043090686
870.0 0.002748848964984063
871.0 0.003254128387197852
872.0 0.003759407627512701
873.0 0.0029882530725444667
874.0 0.0022170988813741133
875.0 0.002115681127179414
