lsstCam/transmission_filter_detector/r02_s22/u_24/19700101T000000.ecsv
# %ECSV 1.0
# ---
# datatype:
# - {name: wavelength, unit: nm, datatype: float32}
# - {name: efficiency, unit: '%', datatype: float64}
# meta: !!omap
# - {MODE: DETECTOR}
# - {TYPE: transmission_filter_detector}
# - {CALIBDATE: '1970-01-01T00:00:00'}
# - {INSTRUME: LSSTCam}
# - {OBSTYPE: transmission_filter_detector}
# - {CALIBCLS: lsst.ip.isr.IntermediateFilterDetectorTransmissionCurve}
# - {SOURCE: Materion (DM-46256)}
# - {DETECTOR: 17}
# - {FILTER: u_24}
# - {CALIB_ID: 'calibDate=1970-01-01T00:00:00 filter=u_24 detector=17'}
# - {DATE: '2025-04-02T15:59:39.825585'}
# - {CALIB_CREATION_DATE: '2025-04-02'}
# - {CALIB_CREATION_TIME: '15:59:39'}
# - __serialized_columns__:
#     efficiency:
#       __class__: astropy.units.quantity.Quantity
#       unit: !astropy.units.Unit {unit: '%'}
#       value: !astropy.table.SerializedColumn {name: efficiency}
#     wavelength:
#       __class__: astropy.units.quantity.Quantity
#       unit: !astropy.units.Unit {unit: nm}
#       value: !astropy.table.SerializedColumn {name: wavelength}
# schema: astropy-2.0
wavelength efficiency
295.0 1.6140747592652271e-10
296.0 1.6140747592652271e-10
297.0 1.6140747592652271e-10
298.0 1.6140747592652271e-10
299.0 0.060598860727623105
300.0 1.6140747592652271e-10
301.0 1.6140747592652271e-10
302.0 1.6140747592652271e-10
303.0 0.08511256892234087
304.0 0.13523075031116605
305.0 0.6899746600538492
306.0 1.8627071753144264
307.0 3.3845458179712296
308.0 5.7951997965574265
309.0 8.889581263065338
310.0 12.35634982585907
311.0 16.118086874485016
312.0 20.181912183761597
313.0 22.989122569561005
314.0 26.02902352809906
315.0 28.321528434753418
316.0 30.552947521209717
317.0 33.02733302116394
318.0 35.96668243408203
319.0 39.853546023368835
320.0 45.482128858566284
321.0 50.838667154312134
322.0 56.91564083099365
323.0 62.3521089553833
324.0 66.70560836791992
325.0 69.90867257118225
326.0 72.16759324073792
327.0 74.22106862068176
328.0 75.84090232849121
329.0 77.32987999916077
330.0 78.56404185295105
331.0 79.11771535873413
332.0 79.41769361495972
333.0 79.58767414093018
334.0 79.52234745025635
335.0 79.5644760131836
336.0 79.83006834983826
337.0 80.3112268447876
338.0 81.2102198600769
339.0 81.86525702476501
340.0 82.26787447929382
341.0 82.80009031295776
342.0 83.0507755279541
343.0 83.09778571128845
344.0 83.26147198677063
345.0 83.61796140670776
346.0 83.96819829940796
347.0 84.27940607070923
348.0 84.58386659622192
349.0 84.81878638267517
350.0 84.81987118721008
351.0 85.11481285095215
352.0 84.90357398986816
353.0 84.88039970397949
354.0 84.79635715484619
355.0 85.07312536239624
356.0 85.2339506149292
357.0 85.14145612716675
358.0 84.83707904815674
359.0 84.63488221168518
360.0 84.54028964042664
361.0 84.23243761062622
362.0 84.02283191680908
363.0 84.13326144218445
364.0 84.24624800682068
365.0 84.50949192047119
366.0 84.81789231300354
367.0 84.85479950904846
368.0 84.89784598350525
369.0 84.93437170982361
370.0 84.80696678161621
371.0 84.61189270019531
372.0 84.55229997634888
373.0 84.67657566070557
374.0 84.70711708068848
375.0 85.01625657081604
376.0 85.1556658744812
377.0 85.19431948661804
378.0 85.26612520217896
379.0 84.9842369556427
380.0 84.25779938697815
381.0 83.01573991775513
382.0 81.20768070220947
383.0 79.20456528663635
384.0 77.16302275657654
385.0 74.85702633857727
386.0 72.31636047363281
387.0 69.0041184425354
388.0 65.63551425933838
389.0 61.56104803085327
390.0 57.449764013290405
391.0 53.193074464797974
392.0 48.782870173454285
393.0 45.017290115356445
394.0 41.79237484931946
395.0 38.23581039905548
396.0 34.43431854248047
397.0 29.332181811332703
398.0 23.372097313404083
399.0 16.45352393388748
400.0 10.278648138046265
401.0 5.515817180275917
402.0 2.34963558614254
403.0 0.7543790619820356
404.0 0.2500522881746292
405.0 0.11478629894554615
406.0 0.031936014420352876
407.0 0.00333825264533516
408.0 1.6140747592652271e-10
409.0 0.007340422598645091
410.0 1.6140747592652271e-10
411.0 1.6140747592652271e-10
412.0 1.6140747592652271e-10
413.0 1.6140747592652271e-10
414.0 1.6140747592652271e-10
415.0 1.6140747592652271e-10
416.0 1.6140747592652271e-10
417.0 1.6140747592652271e-10
418.0 1.6140747592652271e-10
419.0 1.6140747592652271e-10
420.0 1.6140747592652271e-10
421.0 1.6140747592652271e-10
422.0 1.6140747592652271e-10
423.0 1.6140747592652271e-10
424.0 1.6140747592652271e-10
425.0 1.6140747592652271e-10
426.0 1.6140747592652271e-10
427.0 1.6140747592652271e-10
428.0 0.000773725059843855
429.0 0.0012340098692220636
430.0 0.0016942944057518616
431.0 6.784802621950803e-05
432.0 1.6140747592652271e-10
433.0 1.6140747592652271e-10
434.0 1.6140747592652271e-10
435.0 1.6140747592652271e-10
436.0 0.000219993762584636
437.0 6.447464784287149e-05
438.0 1.6140747592652271e-10
439.0 0.0010030730663856957
440.0 0.0020971905541955493
441.0 1.6140747592652271e-10
442.0 1.6140747592652271e-10
443.0 1.6140747592652271e-10
444.0 1.6140747592652271e-10
445.0 1.6140747592652271e-10
446.0 0.0003842963451461401
447.0 1.6140747592652271e-10
448.0 1.6140747592652271e-10
449.0 0.00030376068025361747
450.0 0.0010138816833205055
451.0 1.6140747592652271e-10
452.0 1.6140747592652271e-10
453.0 1.6140747592652271e-10
454.0 1.6140747592652271e-10
455.0 1.6140747592652271e-10
456.0 1.6140747592652271e-10
457.0 1.6140747592652271e-10
458.0 1.6140747592652271e-10
459.0 1.6140747592652271e-10
460.0 1.6140747592652271e-10
461.0 1.6140747592652271e-10
462.0 1.6140747592652271e-10
463.0 1.6140747592652271e-10
464.0 1.6140747592652271e-10
465.0 1.6140747592652271e-10
466.0 0.0003684681360027753
467.0 0.0005543204679270275
468.0 0.0007401728453260148
469.0 0.0006475657301052706
470.0 0.0005549586603592616
471.0 1.6140747592652271e-10
472.0 1.6140747592652271e-10
473.0 1.6140747592652271e-10
474.0 1.6140747592652271e-10
475.0 1.6140747592652271e-10
476.0 0.00014331037618831033
477.0 0.000375069907931902
478.0 0.0006068297352612717
479.0 1.6140747592652271e-10
480.0 1.6140747592652271e-10
481.0 1.6140747592652271e-10
482.0 0.00020204336124152178
483.0 1.6140747592652271e-10
484.0 1.6140747592652271e-10
485.0 1.6140747592652271e-10
486.0 1.6140747592652271e-10
487.0 1.6140747592652271e-10
488.0 1.6140747592652271e-10
489.0 1.6140747592652271e-10
490.0 1.6140747592652271e-10
491.0 1.6140747592652271e-10
492.0 1.6140747592652271e-10
493.0 1.6140747592652271e-10
494.0 1.6140747592652271e-10
495.0 0.00032824723348312546
496.0 0.0010431620466988534
497.0 0.0005128238171892008
498.0 1.6140747592652271e-10
499.0 0.0001375190890939848
500.0 0.0002925530452557723
501.0 0.00021251128146104747
502.0 0.00013246956314105773
503.0 1.6140747592652271e-10
504.0 1.6140747592652271e-10
505.0 1.6140747592652271e-10
506.0 1.6140747592652271e-10
507.0 1.6140747592652271e-10
508.0 1.6140747592652271e-10
509.0 1.6140747592652271e-10
510.0 1.6140747592652271e-10
511.0 0.0002574047130110557
512.0 0.0005776326361228712
513.0 0.0004031529442727333
514.0 0.0002286728886247147
515.0 0.00034122722354368307
516.0 0.0004537816494121216
517.0 1.6140747592652271e-10
518.0 1.6140747592652271e-10
519.0 1.6140747592652271e-10
520.0 0.00027962171316175954
521.0 0.00035977791412733495
522.0 0.00043993395593133755
523.0 0.00015349057775893016
524.0 1.6140747592652271e-10
525.0 1.6140747592652271e-10
526.0 1.6140747592652271e-10
527.0 1.6140747592652271e-10
528.0 1.6140747592652271e-10
529.0 1.6140747592652271e-10
530.0 1.6140747592652271e-10
531.0 0.00018625325992616126
532.0 0.0005986189080431359
533.0 8.696066515767598e-05
534.0 1.6140747592652271e-10
535.0 1.6140747592652271e-10
536.0 1.6140747592652271e-10
537.0 1.6140747592652271e-10
538.0 1.6140747592652271e-10
539.0 1.6140747592652271e-10
540.0 1.6140747592652271e-10
541.0 1.6140747592652271e-10
542.0 1.6140747592652271e-10
543.0 1.6140747592652271e-10
544.0 1.6140747592652271e-10
545.0 1.6140747592652271e-10
546.0 1.6140747592652271e-10
547.0 1.6140747592652271e-10
548.0 0.00017392953850503545
549.0 1.6140747592652271e-10
550.0 1.6140747592652271e-10
551.0 1.6140747592652271e-10
552.0 1.6140747592652271e-10
553.0 1.6140747592652271e-10
554.0 1.6140747592652271e-10
555.0 1.6140747592652271e-10
556.0 1.6140747592652271e-10
557.0 1.6140747592652271e-10
558.0 1.6140747592652271e-10
559.0 1.6140747592652271e-10
560.0 0.00024929486244218424
561.0 7.968326940499537e-05
562.0 1.6140747592652271e-10
563.0 1.6140747592652271e-10
564.0 1.6140747592652271e-10
565.0 1.6140747592652271e-10
566.0 1.6140747592652271e-10
567.0 1.6140747592652271e-10
568.0 1.6140747592652271e-10
569.0 6.195990067681123e-05
570.0 0.00031992217373044696
571.0 0.0004348256879893597
572.0 0.0005497294296219479
573.0 0.0004436771632754244
574.0 0.00033762535167625174
575.0 7.119790552678751e-05
576.0 1.6140747592652271e-10
577.0 8.514138016835204e-06
578.0 0.0002122576688634581
579.0 0.0004026166607218329
580.0 0.000592975584368105
581.0 0.0009560410035192035
582.0 0.0013191065590945072
583.0 0.0015831172277103178
584.0 0.0018471278963261284
585.0 0.0014183194252836984
586.0 0.0009895104085444473
587.0 0.0009161587513517588
588.0 0.0008428070032096002
589.0 0.0007464821464964189
590.0 0.000650157016934827
591.0 0.0009189157935907133
592.0 0.0011876744792971294
593.0 0.000918022033147281
594.0 0.000648369268674287
595.0 0.0007488872142857872
596.0 0.0008494049325236119
597.0 0.000898637154023163
598.0 0.0009478691026743036
599.0 0.0015814015569048934
600.0 0.002214933920186013
601.0 0.002567390947660897
602.0 0.0029198481570347212
603.0 0.0024199378458433785
604.0 0.001920027716550976
605.0 0.0015058330973261036
606.0 0.0010916384781012312
607.0 0.0010662614840839524
608.0 0.0010408845810161438
609.0 0.0007108776571840281
610.0 0.00038087077882664744
611.0 0.0005990346380713163
612.0 0.0008171985427907202
613.0 0.0007835501492081676
614.0 0.00074990180110035
615.0 0.0008511516170983668
616.0 0.0009524014785711188
617.0 0.0008680047358211596
618.0 0.0007836080840206705
619.0 0.00041715602492331527
620.0 5.0704102250165306e-05
621.0 0.00038576399674639106
622.0 0.0007208238457678817
623.0 0.0007193947567429859
624.0 0.0007179656677180901
625.0 0.0007733239726803731
626.0 0.0008286822776426561
627.0 0.0008977748620964121
628.0 0.0009668673556006979
629.0 0.0010555273547652178
630.0 0.001144187535828678
631.0 0.0015537305444013327
632.0 0.0019632734620245174
633.0 0.00210774305742234
634.0 0.0022522126528201625
635.0 0.0025194467525579967
636.0 0.00278668048849795
637.0 0.002429539199511055
638.0 0.0020723977286252193
639.0 0.001382408936478896
640.0 0.0006924198260094272
641.0 0.0008749192602408584
642.0 0.0010574186489975546
643.0 0.0007476036444131751
644.0 0.0004377885488793254
645.0 0.00036788890156458365
646.0 0.0002979891860377393
647.0 0.00014624104096583324
648.0 1.6140747592652271e-10
649.0 0.00010419939826533664
650.0 0.0002139058096872759
651.0 0.0005846394287800649
652.0 0.0009553730706102215
653.0 0.0012829616025555879
654.0 0.0016105495888041332
655.0 0.0017436419511795975
656.0 0.001876733949757181
657.0 0.002833892540365923
658.0 0.003791051494772546
659.0 0.004159982563578524
660.0 0.004528913268586621
661.0 0.0043409181671449915
662.0 0.004152923065703362
663.0 0.0030678824259666726
664.0 0.001982842331926804
665.0 0.0016173864423763007
666.0 0.0012519300071289763
667.0 0.0012942309695063159
668.0 0.001336531659035245
669.0 0.0007939234819787089
670.0 0.00025131532765954034
671.0 0.00041874177441059146
672.0 0.0005861681529495399
673.0 0.0005329906343831681
674.0 0.0004798130703420611
675.0 0.0007796586032782216
676.0 0.001079504090739647
677.0 0.001849229374784045
678.0 0.0026189549316768534
679.0 0.002540160494390875
680.0 0.0024613660571048968
681.0 0.0034375472750980407
682.0 0.004413728674990125
683.0 0.0062389211961999536
684.0 0.008064114081207663
685.0 0.008842802344588563
686.0 0.00962149424594827
687.0 0.008502925629727542
688.0 0.007384357741102576
689.0 0.005803901512990706
690.0 0.004223446376272477
691.0 0.003780254701268859
692.0 0.003337063026265241
693.0 0.0030521299777319655
694.0 0.0027671972929965705
695.0 0.002418397161818575
696.0 0.00206959721253952
697.0 0.001499823065387318
698.0 0.0009300489182351157
699.0 0.0006348281203827355
700.0 0.0003396073680050904
701.0 0.00041775656427489594
702.0 0.0004959058060194366
703.0 0.0007301615369215142
704.0 0.0009644174497225322
705.0 0.0009977138688554987
706.0 0.001031010651786346
707.0 0.0009554920325172134
708.0 0.0008799730494502
709.0 0.0007326684681174811
710.0 0.0005853638413100271
711.0 0.0006631855285377242
712.0 0.0007410071248159511
713.0 0.0007798413207638077
714.0 0.0008186754712369293
715.0 0.0007241713319672272
716.0 0.000629667192697525
717.0 0.0005944198164797854
718.0 0.0005591723947873106
719.0 0.0004986270596418763
720.0 0.0004380816790217068
721.0 0.0004323048869991908
722.0 0.00042652809497667477
723.0 0.00047193693717417773
724.0 0.0005173457793716807
725.0 0.00040641825762577355
726.0 0.00029549059945566114
727.0 0.00041861808313115034
728.0 0.0005417456577561097
729.0 0.0003400399236852536
730.0 0.00013833429193255142
731.0 0.00016211928368647932
732.0 0.00018590430954645853
733.0 0.00013606810398414382
734.0 8.623195526524796e-05
735.0 0.0003223732164769899
736.0 0.0005585145117947832
737.0 0.0006598173968086485
738.0 0.0007611202818225138
739.0 0.0006548728833877249
740.0 0.0005486252575792605
741.0 0.001029426584864268
742.0 0.0015102279576240107
743.0 0.0021643179934471846
744.0 0.0028184076654724777
745.0 0.003550996189005673
746.0 0.004283583984943107
747.0 0.004728109342977405
748.0 0.005172634337213822
749.0 0.004398581950226799
750.0 0.0036245306546334177
751.0 0.0032085197744891047
752.0 0.002792509076243732
753.0 0.0023336036974797025
754.0 0.0018746981368167326
755.0 0.0021776486391900107
756.0 0.00248059968726011
757.0 0.0020796433091163635
758.0 0.0016786865671747364
759.0 0.0013202254194766283
760.0 0.0009617642717785202
761.0 0.0011879713383677881
762.0 0.001414178404957056
763.0 0.0011244329471082892
764.0 0.000834687307360582
765.0 0.0008433693437837064
766.0 0.0008520515621057712
767.0 0.0006739924629073357
768.0 0.0004959333182341652
769.0 0.0005519753813132411
770.0 0.0006080171715439064
771.0 0.00043151926547579933
772.0 0.00025502117750875186
773.0 0.0002221683871539426
774.0 0.00018931553995571448
775.0 0.0002991425162690575
776.0 0.0004089694357389817
777.0 0.00046769359869358595
778.0 0.0005264176252239849
779.0 0.0008014322702365462
780.0 0.0010764470061985776
781.0 0.0011054859896830749
782.0 0.0011345250641170423
783.0 0.0010121030754817184
784.0 0.0008896807230485138
785.0 0.00105442049971316
786.0 0.001219160094478866
787.0 0.0010531475709285587
788.0 0.0008871351383277215
789.0 0.0009300973943027202
790.0 0.0009730596502777189
791.0 0.0009045907063409686
792.0 0.0008361216714547481
793.0 0.0002204606971645262
794.0 1.6140747592652271e-10
795.0 1.6140747592652271e-10
796.0 0.00010636038041411666
797.0 0.0003224457486794563
798.0 0.0005385310942074284
799.0 0.0002615580797282746
800.0 1.6140747592652271e-10
801.0 1.6140747592652271e-10
802.0 1.6140747592652271e-10
803.0 1.6140747592652271e-10
804.0 1.6140747592652271e-10
805.0 1.6140747592652271e-10
806.0 1.6140747592652271e-10
807.0 1.6140747592652271e-10
808.0 1.6140747592652271e-10
809.0 1.6140747592652271e-10
810.0 0.0002443636731186416
811.0 0.00011080776403105119
812.0 1.6140747592652271e-10
813.0 0.0002449087787681492
814.0 0.0005125656571181025
815.0 0.0004465722213353729
816.0 0.00038057878555264324
817.0 0.00033493713544885395
818.0 0.00028929548534506466
819.0 0.0001572583641973324
820.0 2.522126862913865e-05
821.0 1.6140747592652271e-10
822.0 1.6140747592652271e-10
823.0 1.6140747592652271e-10
824.0 1.6140747592652271e-10
825.0 1.6140747592652271e-10
826.0 1.6140747592652271e-10
827.0 0.00021427140382002108
828.0 0.0005701821010006825
829.0 0.0005036261427449062
830.0 0.00043707063923648093
831.0 6.24045384256533e-06
832.0 1.6140747592652271e-10
833.0 1.6140747592652271e-10
834.0 1.6140747592652271e-10
835.0 1.6140747592652271e-10
836.0 0.00012547777714644326
837.0 1.6140747592652271e-10
838.0 1.6140747592652271e-10
839.0 1.6140747592652271e-10
840.0 1.6140747592652271e-10
841.0 1.6140747592652271e-10
842.0 0.00018071772274197428
843.0 1.2230146673175568e-06
844.0 1.6140747592652271e-10
845.0 1.6140747592652271e-10
846.0 0.00010545342092882493
847.0 0.00019141766642860603
848.0 0.00027738185508496827
849.0 0.00032866676065168576
850.0 0.00037995155253156554
851.0 0.00028033605303789955
852.0 0.00018072061038765241
853.0 0.0003388493269085302
854.0 0.0004969780547980918
855.0 0.0005044661520514637
856.0 0.0005119542038301006
857.0 0.000556687155039981
858.0 0.0006014201062498614
859.0 0.0008334281119459774
860.0 0.0010654360266926233
861.0 0.0009767953997652512
862.0 0.0008881547728378791
863.0 0.0010433551324240398
864.0 0.0011985554010607302
865.0 0.0016684136426192708
866.0 0.0021382715203799307
867.0 0.0020406847397680394
868.0 0.0019430983229540288
869.0 0.0019199973394279368
870.0 0.0018968961740029044
871.0 0.0018222899598185904
872.0 0.001747683563735336
873.0 0.0017639382349443622
874.0 0.0017801925423555076
