lsstCam/transmission_filter_detector/r02_s22/u_24/19700101T000000.ecsv
# %ECSV 1.0
# ---
# datatype:
# - {name: wavelength, unit: nm, datatype: float32}
# - {name: efficiency, unit: '%', datatype: float64}
# meta: !!omap
# - {MODE: DETECTOR}
# - {TYPE: transmission_filter_detector}
# - {CALIBDATE: '1970-01-01T00:00:00'}
# - {INSTRUME: LSSTCam}
# - {OBSTYPE: transmission_filter_detector}
# - {CALIBCLS: lsst.ip.isr.IntermediateFilterDetectorTransmissionCurve}
# - {SOURCE: Materion (DM-46256)}
# - {DETECTOR: 17}
# - {FILTER: u_24}
# - {CALIB_ID: 'calibDate=1970-01-01T00:00:00 filter=u_24 detector=17'}
# - {DATE: '2025-04-02T15:59:39.825585'}
# - {CALIB_CREATION_DATE: '2025-04-02'}
# - {CALIB_CREATION_TIME: '15:59:39'}
# - __serialized_columns__:
#     efficiency:
#       __class__: astropy.units.quantity.Quantity
#       unit: !astropy.units.Unit {unit: '%'}
#       value: !astropy.table.SerializedColumn {name: efficiency}
#     wavelength:
#       __class__: astropy.units.quantity.Quantity
#       unit: !astropy.units.Unit {unit: nm}
#       value: !astropy.table.SerializedColumn {name: wavelength}
# schema: astropy-2.0
wavelength efficiency
[from data line 581]
876.0 0.0021835803636349738
877.0 0.002393958857282996
878.0 0.002604337532829959
879.0 0.002730054438870866
880.0 0.0028557717087096535
881.0 0.0030360855816979893
882.0 0.0032163996365852654
883.0 0.0030676837923238054
884.0 0.0029189675842644647
885.0 0.0028056792871211655
886.0 0.002692391353775747
887.0 0.002443993798806332
888.0 0.0021955964257358573
889.0 0.0020605955796781927
890.0 0.0019255945517215878
891.0 0.002229805068054702
892.0 0.002534015402488876
893.0 0.0024172728444682434
894.0 0.0023005297407507896
895.0 0.0027923057132284157
896.0 0.0032840809581102803
897.0 0.0036885347071802244
898.0 0.004092988820048049
899.0 0.00436700829595793
900.0 0.004641027771867812
901.0 0.004352047471911646
902.0 0.004063067899551243
903.0 0.004435152368387207
904.0 0.004807237201021053
905.0 0.0049261696403846145
906.0 0.005045101715950295
907.0 0.00553800055058673
908.0 0.006030899385223165
909.0 0.006027749986969866
910.0 0.006024600952514447
911.0 0.006054013283574022
912.0 0.006083426342229359
913.0 0.005986561882309616
914.0 0.005889696694794111
915.0 0.0051979866839246824
916.0 0.004506276673055254
917.0 0.004182629709248431
918.0 0.003858983109239489
919.0 0.004086035187356174
920.0 0.004313087265472859
921.0 0.004536949927569367
922.0 0.004760812589665875
923.0 0.005641439202008769
924.0 0.00652206435916014
925.0 0.0067256354668643326
926.0 0.006929207302164286
927.0 0.007457246829289943
928.0 0.007985284173628315
929.0 0.007801900937920436
930.0 0.007618516974616796
931.0 0.007097001071088016
932.0 0.0065754837123677135
933.0 0.006466739432653412
934.0 0.006357995880534872
935.0 0.0066039916418958455
936.0 0.006849987403256819
937.0 0.007159055530792102
938.0 0.00746812584111467
939.0 0.007328743231482804
940.0 0.007189360621850938
941.0 0.006343724817270413
942.0 0.005498087193700485
943.0 0.004460646232473664
944.0 0.003423205271246843
945.0 0.002669054811121896
946.0 0.0019149047147948295
947.0 0.001775429154804442
948.0 0.0016359535948140547
949.0 0.0014614180145144928
950.0 0.0012868823432654608
951.0 0.0012643499758269172
952.0 0.0012418176993378438
953.0 0.00153695946210064
954.0 0.001832101224863436
955.0 0.002320775092812255
956.0 0.002809448960761074
957.0 0.0028775404643965885
958.0 0.0029456310585374013
959.0 0.0031393279641633853
960.0 0.0033330245059914887
961.0 0.0037767727917525917
962.0 0.004220520713715814
963.0 0.004351334064267576
964.0 0.004482147778617218
965.0 0.0044924472604179755
966.0 0.0045027471060166135
967.0 0.004608514791470952
968.0 0.0047142832045210525
969.0 0.004648403046303429
970.0 0.004582522888085805
971.0 0.004791720857610926
972.0 0.0050009184633381665
973.0 0.004858022293774411
974.0 0.004715125760412775
975.0 0.004493185770115815
976.0 0.0042712454160209745
977.0 0.0038959336961852387
978.0 0.0035206212487537414
979.0 0.003316625952720642
980.0 0.003112630656687543
981.0 0.0030496630643028766
982.0 0.0029866951081203297
983.0 0.003128257958451286
984.0 0.003269820081186481
985.0 0.003475158882793039
986.0 0.003680498048197478
987.0 0.0040580656786914915
988.0 0.004435633672983386
989.0 0.00543727473996114
990.0 0.006438915443141013
991.0 0.00656436022836715
992.0 0.006689805013593286
993.0 0.007076853944454342
994.0 0.007463902875315398
995.0 0.007397460285574198
996.0 0.0073310140578541905
997.0 0.006958905578358099
998.0 0.0065867992816492915
999.0 0.0065694133809302
1000.0 0.00655202820780687
1001.0 0.006068341463105753
1002.0 0.005584655446000397
1003.0 0.004889359479420818
1004.0 0.004194063149043359
1005.0 0.0045761149522149935
1006.0 0.004958165300195105
1007.0 0.004872732824878767
1008.0 0.004787297439179383
1009.0 0.0042232946725562215
1010.0 0.0036592922697309405
1011.0 0.003579800613806583
1012.0 0.0035003089578822255
1013.0 0.003077949077123776
1014.0 0.0026555890144663863
1015.0 0.0022047215679776855
1016.0 0.001753854303387925
1017.0 0.0017125585145549849
1018.0 0.0016712625438231044
1019.0 0.0015413967048516497
1020.0 0.0014115305020823143
1021.0 0.0011876287317136303
1022.0 0.0009637270522944164
1023.0 0.0011788976735260803
1024.0 0.0013940684766566847
1025.0 0.001301736574532697
1026.0 0.0012094048543076497
1027.0 0.0010350629963795654
1028.0 0.0008607208656030707
1029.0 0.0007931502295832615
1030.0 0.000725579911886598
1031.0 0.001609902574273292
1032.0 0.002494225191185251
1033.0 0.002270121512992773
1034.0 0.002046017652901355
1035.0 0.0023157301257015206
1036.0 0.0025854424166027457
1037.0 0.002912071067839861
1038.0 0.003238699719076976
1039.0 0.00288364590232959
1040.0 0.002528592449380085
1041.0 0.0018594977518660016
1042.0 0.0011904031453013886
1043.0 0.001160124156740494
1044.0 0.00112984535007854
1045.0 0.0014216448107617907
1046.0 0.0017134443623945117
1047.0 0.0021341869796742685
1048.0 0.0025549297788529657
1049.0 0.0017670759916654788
1050.0 0.0009792215678317007
1051.0 0.0009820922969083767
1052.0 0.000984962662187172
1053.0 0.0007614775768161053
1054.0 0.0005379922185966279
1055.0 0.00048597948989481665
1056.0 0.00043396717046562117
1057.0 0.0011737112799892202
1058.0 0.0019134551621391438
1059.0 0.0012471477020881139
1060.0 0.0005808404239360243
1061.0 0.0018123158952221274
1062.0 0.00304379118460929
1063.0 0.0022750540665583685
1064.0 0.001506316493760096
1065.0 0.0013566789675678592
1066.0 0.0012070416232745629
1067.0 0.0009184460395772476
1068.0 0.0006298497737589059
1069.0 0.0013580234735854901
1070.0 0.0020861967641394585
1071.0 0.0007835527867428027
1072.0 1.6140747592652271e-10
1073.0 0.0004958138106303522
1074.0 0.0015107184481166769
1075.0 0.002867629336833488
1076.0 0.004224539952701889
1077.0 0.004779050868819468
1078.0 0.0053335617849370465
1079.0 0.006155407754704356
1080.0 0.006977251177886501
1081.0 0.005425506242318079
1082.0 0.0038737602153560147
1083.0 0.0032284729968523607
1084.0 0.0025831866878434084
1085.0 0.003328193270135671
1086.0 0.004073199306731112
1087.0 0.004071302464581095
1088.0 0.004069405258633196
1089.0 0.006020947694196366
1090.0 0.007972490129759535
1091.0 0.004825528594665229
1092.0 0.001678566331975162
1093.0 0.0006660583949269494
1094.0 1.6140747592652271e-10
1095.0 2.0903850384002e-05
1096.0 0.00038825701267342083
1097.0 0.0011508119314385112
1098.0 0.0019133671230520122
1099.0 0.002626314017106779
1100.0 0.0033392607292626053
