lsstCam/transmission_filter_detector/r20_s00/r_57/19700101T000000.ecsv
# %ECSV 1.0
# ---
# datatype:
# - {name: wavelength, unit: nm, datatype: float32}
# - {name: efficiency, unit: '%', datatype: float64}
# meta: !!omap
# - {MODE: DETECTOR}
# - {TYPE: transmission_filter_detector}
# - {CALIBDATE: '1970-01-01T00:00:00'}
# - {INSTRUME: LSSTCam}
# - {OBSTYPE: transmission_filter_detector}
# - {CALIBCLS: lsst.ip.isr.IntermediateFilterDetectorTransmissionCurve}
# - {SOURCE: Materion (DM-46256)}
# - {DETECTOR: 72}
# - {FILTER: r_57}
# - {CALIB_ID: 'calibDate=1970-01-01T00:00:00 filter=r_57 detector=72'}
# - {DATE: '2025-04-02T15:59:44.516397'}
# - {CALIB_CREATION_DATE: '2025-04-02'}
# - {CALIB_CREATION_TIME: '15:59:44'}
# - __serialized_columns__:
#     efficiency:
#       __class__: astropy.units.quantity.Quantity
#       unit: !astropy.units.Unit {unit: '%'}
#       value: !astropy.table.SerializedColumn {name: efficiency}
#     wavelength:
#       __class__: astropy.units.quantity.Quantity
#       unit: !astropy.units.Unit {unit: nm}
#       value: !astropy.table.SerializedColumn {name: wavelength}
# schema: astropy-2.0
wavelength efficiency
300.0 0.002591463635326363
301.0 0.006767931336071342
302.0 0.010944400128209963
303.0 0.013520898937713355
304.0 0.016097397019620985
305.0 0.015083618927747011
306.0 0.01406984229106456
307.0 0.012692906602751464
308.0 0.011315971642034128
309.0 0.010272434883518144
310.0 0.00922889812500216
311.0 0.008462976984446868
312.0 0.007697056571487337
313.0 0.007206857844721526
314.0 0.0067166591179557145
315.0 0.006193611625349149
316.0 0.005670564860338345
317.0 0.005453892663354054
318.0 0.005237219738774002
319.0 0.004921292565995827
320.0 0.0046053661208134145
321.0 0.004497691406868398
322.0 0.0043900185119127855
323.0 0.0042259140172973275
324.0 0.004061808067490347
325.0 0.0038278521969914436
326.0 0.0035938963264925405
327.0 0.0035960114473709837
328.0 0.003598127659643069
329.0 0.003644053140305914
330.0 0.0036899782571708784
331.0 0.003288621155661531
332.0 0.002887263508455362
333.0 0.002535699059080798
334.0 0.0021841342459083535
335.0 0.002005484202527441
336.0 0.0018268341591465287
337.0 0.0016133653844008222
338.0 0.0013998966096551158
339.0 0.0014074702448851895
340.0 0.0014150436072668526
341.0 0.0014443430700339377
342.0 0.0014736424418515526
343.0 0.0013799136468151119
344.0 0.0012861850336776115
345.0 0.001187476209452143
346.0 0.0010887675671256147
347.0 0.0011023088518413715
348.0 0.0011158502275065985
349.0 0.0011301211088721175
350.0 0.005813212555949576
351.0 0.006712430331390351
352.0 0.007611649198224768
353.0 0.006236879562493414
354.0 0.00486211029055994
355.0 0.0047877761971903965
356.0 0.004713442831416614
357.0 0.006318487430689856
358.0 0.00792353239376098
359.0 0.0058152261772193015
360.0 0.003706919596879743
361.0 0.0025937806640286
362.0 0.0014806415492785163
363.0 0.002638700607349165
364.0 0.003796759483520873
365.0 0.004005535083706491
366.0 0.004214311047689989
367.0 0.003435696999076754
368.0 0.002657082586665638
369.0 0.002340380524401553
370.0 0.002023678462137468
371.0 0.002297806349815801
372.0 0.002571934055595193
373.0 0.0029788914616801776
374.0 0.003385848685866222
375.0 0.003205436223652214
376.0 0.0030250246709329076
377.0 0.0014238293260859791
378.0 1.6987158207859565e-10
379.0 0.000733157276044949
380.0 0.0016436804799013771
381.0 0.002689285065571312
382.0 0.003734889833140187
383.0 0.003659708090708591
384.0 0.003584526712074876
385.0 0.004504120806814171
386.0 0.005423714537755586
387.0 0.004892567085335031
388.0 0.004361419996712357
389.0 0.003738063242053613
390.0 0.003114705759799108
391.0 0.002297639730386436
392.0 0.0014805736100242939
393.0 0.001550400338601321
394.0 0.0016202264305320568
395.0 0.0012410824638209306
396.0 0.0008619384061603341
397.0 0.0008631845048512332
398.0 0.0008644311492389534
399.0 0.0007206130703707458
400.0 0.0005767945822299225
401.0 0.0002116457835654728
402.0 1.6987158207859565e-10
403.0 0.00021290522909112042
404.0 0.0005793143827759195
405.0 0.0008724837243789807
406.0 0.0011656527931336313
407.0 0.0017204887626576237
408.0 0.0022753245502826758
409.0 0.001963457907550037
410.0 0.0016515910829184577
411.0 0.001135120965045644
412.0 0.0006186508926475653
413.0 0.0006028480129316449
414.0 0.0005870450877409894
415.0 0.0006207695150806103
416.0 0.0006544942152686417
417.0 0.0012557472473417874
418.0 0.0018570008251117542
419.0 0.0022645110220764764
420.0 0.0026720212190411985
421.0 0.004212070780340582
422.0 0.005752119977842085
423.0 0.009084191697183996
424.0 0.012416263052728027
425.0 0.016691624477971345
426.0 0.020966980082448572
427.0 0.021395216754171997
428.0 0.021823454881086946
429.0 0.016699540719855577
430.0 0.011575623648241162
431.0 0.008326695387950167
432.0 0.00507776603626553
433.0 0.0041037961636902764
434.0 0.0031298259273171425
435.0 0.002494639738870319
436.0 0.0018594533685245551
437.0 0.0017134190784418024
438.0 0.0015673851521569304
439.0 0.0012764284292643424
440.0 0.0009854718882706948
441.0 0.0012662982953770552
442.0 0.0015471247024834156
443.0 0.0017240565284737386
444.0 0.0019009883544640616
445.0 0.0018631128114066087
446.0 0.0018252370864502154
447.0 0.0017299606042797677
448.0 0.0016346843040082604
449.0 0.0015654741218895651
450.0 0.0014962636669224594
451.0 0.001647641693125479
452.0 0.0017990198102779686
453.0 0.0017002603271976113
454.0 0.001601500844117254
455.0 0.0014538677532982547
456.0 0.0013062348443781957
457.0 0.0009480015251028817
458.0 0.0005897682967770379
459.0 0.0007796528734616004
460.0 0.0009695374501461629
461.0 0.001695481114438735
462.0 0.002421424323983956
463.0 0.003136281156912446
464.0 0.0038511381717398763
465.0 0.004958143108524382
466.0 0.006065148045308888
467.0 0.006666557601420209
468.0 0.0072679686127230525
469.0 0.006214225868461654
470.0 0.005160484215593897
471.0 0.0039269612898351625
472.0 0.0026934380002785474
473.0 0.00220007095776964
474.0 0.0017067037333617918
475.0 0.0014360873137775343
476.0 0.0011654711670416873
477.0 0.0009328533451480325
478.0 0.0007002353413554374
479.0 0.0009067704922927078
480.0 0.0011133054613310378
481.0 0.0008407133464061189
482.0 0.0005681214588548755
483.0 0.0006837739420006983
484.0 0.0007994261977728456
485.0 0.0007209288924059365
486.0 0.0006424314506148221
487.0 0.0006308379852271173
488.0 0.0006192445198394125
489.0 0.0006207564183569048
490.0 0.0006222682713996619
491.0 0.000804110004537506
492.0 0.0009859519195742905
493.0 0.0010838541129487567
494.0 0.0011817563063232228
495.0 0.00102885296655586
496.0 0.000875949626788497
497.0 0.0011399382856325246
498.0 0.001403926762577612
499.0 0.0013572283933172002
500.0 0.0013105301150062587
501.0 0.001483868618379347
502.0 0.0016572073946008459
503.0 0.002077197677863296
504.0 0.002497187779226806
505.0 0.00306380788970273
506.0 0.0036304278182797134
507.0 0.00436286318290513
508.0 0.005095298183732666
509.0 0.00554327889403794
510.0 0.005991258512949571
511.0 0.005277631134958938
512.0 0.004564003393170424
513.0 0.003932615800295025
514.0 0.003301228571217507
515.0 0.003111446858383715
516.0 0.0029216658731456846
517.0 0.0026887810236075893
518.0 0.0024558959921705537
519.0 0.08201712626032531
520.0 0.09802982676774263
521.0 0.15098009025678039
522.0 0.04909718409180641
523.0 0.09065568447113037
524.0 0.0799210334662348
525.0 0.1253172755241394
526.0 0.10850389953702688
527.0 0.14341686619445682
528.0 0.1476070494391024
529.0 0.1495103002525866
530.0 0.26319902390241623
531.0 0.17122802091762424
532.0 0.290001486428082
533.0 0.35776703152805567
534.0 0.5243141204118729
535.0 0.699298083782196
536.0 1.1056716553866863
537.0 1.702294871211052
538.0 2.6491547003388405
539.0 4.1351210325956345
540.0 6.206093356013298
541.0 8.595702052116394
542.0 11.672979593276978
543.0 15.723346173763275
544.0 20.44118046760559
545.0 25.88393986225128
546.0 32.37295746803284
547.0 39.529719948768616
548.0 47.926369309425354
549.0 55.977946519851685
550.0 61.914968490600586
551.0 68.68861317634583
552.0 72.70277142524719
553.0 76.66047811508179
554.0 80.40151596069336
555.0 83.61570835113525
556.0 87.35421895980835
557.0 89.36802744865417
558.0 92.0860767364502
559.0 94.72526907920837
560.0 94.41341757774353
561.0 95.41685581207275
562.0 95.85393071174622
563.0 95.06433606147766
564.0 95.80402374267578
565.0 95.35308480262756
566.0 95.92032432556152
567.0 95.82454562187195
568.0 96.34484648704529
569.0 96.89382910728455
570.0 96.55482172966003
571.0 97.13972806930542
572.0 97.14497923851013
573.0 97.16657996177673
574.0 97.29041457176208
575.0 97.20114469528198
576.0 97.36464619636536
577.0 97.12744951248169
578.0 97.42164015769958
579.0 97.23904132843018
580.0 96.89545631408691
581.0 96.56704068183899
582.0 97.09751605987549
583.0 96.73646688461304
584.0 96.53275609016418
585.0 96.81682586669922
586.0 96.72614932060242
587.0 96.69134616851807
588.0 96.76137566566467
589.0 97.54794836044312
590.0 96.74479365348816
591.0 96.37904167175293
592.0 96.22665047645569
593.0 95.72983980178833
594.0 96.29039764404297
595.0 96.60781025886536
596.0 97.10546731948853
597.0 97.44332432746887
598.0 97.28018641471863
599.0 97.09725379943848
600.0 97.43274450302124
601.0 96.27099633216858
602.0 97.07188606262207
603.0 96.64960503578186
604.0 96.31699919700623
605.0 97.21385836601257
606.0 96.26789689064026
607.0 96.51402235031128
608.0 96.47591710090637
609.0 95.72733640670776
610.0 95.93636393547058
611.0 95.96724510192871
612.0 96.10430002212524
613.0 97.03134894371033
614.0 97.14211225509644
615.0 96.13245725631714
616.0 96.96006178855896
617.0 96.66259288787842
618.0 96.6321349143982
619.0 97.19451665878296
620.0 96.02932333946228
621.0 95.81905007362366
622.0 96.62327170372009
623.0 96.92761898040771
624.0 96.79501056671143
625.0 97.16903567314148
626.0 96.3336706161499
627.0 95.36585211753845
628.0 97.70846962928772
629.0 95.63626050949097
630.0 96.77412509918213
631.0 96.33141756057739
632.0 97.05935716629028
633.0 96.77743911743164
634.0 96.05082273483276
635.0 96.55655026435852
636.0 96.51119709014893
637.0 95.93202471733093
638.0 95.44299244880676
639.0 95.70524096488953
640.0 95.70303559303284
641.0 95.75260281562805
642.0 96.34457230567932
643.0 96.51390314102173
644.0 96.30246758460999
645.0 96.18442058563232
646.0 96.63574695587158
647.0 97.05279469490051
648.0 96.5688407421112
649.0 96.00356221199036
650.0 96.86174988746643
651.0 97.0703661441803
652.0 97.09047079086304
653.0 96.12362384796143
654.0 97.1150279045105
655.0 96.74844145774841
656.0 96.27772569656372
657.0 95.96521854400635
658.0 96.52013182640076
659.0 96.65740728378296
660.0 95.72651982307434
661.0 95.67824006080627
662.0 95.61893939971924
663.0 95.7529067993164
664.0 95.61502933502197
665.0 95.65966129302979
666.0 95.70951461791992
667.0 95.92922925949097
668.0 95.34693956375122
669.0 95.88075280189514
670.0 95.8745539188385
671.0 95.49475312232971
672.0 95.235675573349
673.0 95.91112732887268
674.0 95.11761665344238
675.0 95.85649967193604
676.0 95.22861838340759
677.0 93.89216303825378
678.0 92.91611313819885
679.0 91.81427359580994
680.0 91.02043509483337
681.0 89.37369585037231
682.0 87.20947504043579
683.0 84.2530369758606
684.0 80.85103034973145
685.0 77.39481329917908
686.0 73.17222356796265
687.0 68.50234866142273
688.0 64.0291690826416
689.0 59.70514416694641
690.0 54.67853546142578
691.0 50.74912905693054
692.0 46.04019224643707
693.0 41.565173864364624
694.0 36.40552759170532
695.0 30.962559580802917
696.0 25.359827280044556
697.0 20.190615952014923
698.0 14.431935548782349
699.0 10.142535716295242
700.0 6.7978352308273315
701.0 4.1635192930698395
702.0 2.5782492011785507
703.0 1.3947025872766972
704.0 0.7804212160408497
705.0 0.47922153025865555
706.0 0.29879529029130936
707.0 0.17534296493977308
708.0 0.11588908964768052
709.0 0.12227235129103065
710.0 0.09209926938638091
711.0 0.08765212842263281
712.0 0.042225210927426815
713.0 0.042507515172474086
714.0 0.041702151065692306
715.0 0.061905133770778775
716.0 0.04526365955825895
717.0 0.04623485147021711
718.0 0.039849101449362934
719.0 0.017853605095297098
720.0 1.6987158207859565e-10
721.0 0.004323010944062844
722.0 0.00407326988351997
723.0 0.0038235291867749766
724.0 0.0035036478948313743
725.0 0.003183766602887772
726.0 0.0029427777917589992
727.0 0.002701789162529167
728.0 0.0025980009013437666
729.0 0.002494212458259426
730.0 0.0023353986762231216
731.0 0.002176585257984698
732.0 0.002118345037160907
733.0 0.0020601049982360564
734.0 0.0020082949049538
735.0 0.0019564846297726035
736.0 0.0017580328858457506
737.0 0.001559581323817838
738.0 0.0015740381059003994
739.0 0.0015884948879829608
740.0 0.0015671359506086446
741.0 0.0015457770132343285
742.0 0.0014304761862149462
743.0 0.001315175359195564
744.0 0.0013602993931272067
745.0 0.0014054232451599091
746.0 0.001347479883406777
747.0 0.0012895365216536447
748.0 0.0011241547326790169
749.0 0.0009587730346538592
750.0 0.0009521920219413005
751.0 0.0009456112820771523
752.0 0.0010141263373952825
753.0 0.0010826413927134126
754.0 0.0010941595974145457
755.0 0.0011056782568630297
756.0 0.0010417232260806486
757.0 0.0009777681952982675
758.0 0.0010351086530135944
759.0 0.001092448928829981
760.0 0.0010699130143621005
761.0 0.0010473774636921007
762.0 0.0010731836482591461
763.0 0.0010989901966240723
764.0 0.0010475992894498631
765.0 0.0009962086551240645
766.0 0.000823376376501983
767.0 0.0006505442343041068
768.0 0.0006280494289967464
769.0 0.0006055544417904457
770.0 0.0007142612048482988
771.0 0.000822968013380887
772.0 0.000758058877181611
773.0 0.0006931495590833947
774.0 0.0007799446393619291
775.0 0.0008667397196404636
776.0 0.0008962654646893498
777.0 0.0009257912097382359
778.0 0.0008816431545710657
779.0 0.000837495372252306
780.0 0.0007308911335712764
781.0 0.000624286940364982
782.0 0.0007012003152340185
783.0 0.0007781136446283199
784.0 0.0008248666745203082
785.0 0.0008716195225133561
786.0 0.000751270454202313
787.0 0.0006309215677902102
788.0 0.0006247757482924499
789.0 0.0006186302016431
790.0 0.0006751743967470247
791.0 0.0007317185918509495
792.0 0.0007513138370995875
793.0 0.0007709090823482256
794.0 0.0007994435691216495
795.0 0.0008279777830466628
796.0 0.0006772955202904996
797.0 0.0005266131665848661
798.0 0.0006747511633875547
799.0 0.0008228890692407731
800.0 0.0007839591489755549
801.0 0.000745028910387191
802.0 0.000648312834528042
803.0 0.0005515965312952176
804.0 0.0006870122433610959
805.0 0.0008224280463764444
806.0 0.0006979308182053501
807.0 0.0005734336809837259
808.0 0.0006647519967373228
809.0 0.0007560703579656547
810.0 0.0006555254458362469
811.0 0.0005549808065552497
812.0 0.0006473452685895609
813.0 0.0007397096851491369
814.0 0.0005934482032898813
815.0 0.00044718672143062577
816.0 0.0005755122856498929
817.0 0.0007038379408186302
818.0 0.0005775017598352861
819.0 0.000451165578851942
820.0 0.00036614212604035856
821.0 0.00028111867322877515
822.0 0.0003719577989613754
823.0 0.0004627969246939756
824.0 0.0004713422185886884
825.0 0.00047988746700866614
826.0 0.000489616786580882
827.0 0.0004993461061530979
828.0 0.0004066759629495209
829.0 0.0003140058197459439
830.0 0.00018480980088497745
831.0 5.561380476137856e-05
832.0 5.849416311320965e-05
833.0 6.137450441201509e-05
834.0 1.6987158207859565e-10
835.0 1.6987158207859565e-10
836.0 0.00021155099148018053
837.0 0.0005010289441997884
838.0 0.0006537142780871363
839.0 0.0008063996574492194
840.0 0.001141010579885915
841.0 0.0014756215023226105
842.0 0.0021468840714078397
843.0 0.002818146640493069
844.0 0.0031309278710978106
845.0 0.0034437096473993734
846.0 0.00379555749532301
847.0 0.004147405343246646
848.0 0.0037193152820691466
849.0 0.003291225220891647
850.0 0.0025060200641746633
851.0 0.0017208145436597988
852.0 0.0014381317669176497
853.0 0.0011554486263776198
854.0 0.0009991516890295316
855.0 0.000842854569782503
856.0 0.000646066473564133
857.0 0.00044927842282049824
858.0 0.0005501033683685819
859.0 0.0006509282229671953
860.0 0.0005739863354392583
861.0 0.0004970444024365861
862.0 0.00043820205064548645
863.0 0.0003793597443291219
864.0 0.00026285104013368255
865.0 0.00014634239278166206
866.0 0.00012233551842655288
867.0 9.832858722802484e-05
868.0 0.00014923064100003103
869.0 0.00020013264929730212
870.0 0.00011832329391836538
871.0 3.6513898749035434e-05
872.0 1.6987158207859565e-10
873.0 1.6987158207859565e-10
874.0 1.6987158207859565e-10
875.0 1.6987158207859565e-10
876.0 1.6987158207859565e-10
877.0 0.00010262383511872031
878.0 0.00018716710883381893
879.0 0.00027171035981155
880.0 0.0001987196583286277
881.0 0.00012572893410833785
882.0 0.00013717434512727777
883.0 0.00014861977888358524
884.0 3.149982319428091e-05
885.0 1.6987158207859565e-10
886.0 3.2844158681655244e-05
887.0 0.00015130842712096637
888.0 0.00018943785562441917
889.0 0.00022756728412787197
890.0 0.000229790089179005
891.0 0.00023201284875540296
892.0 6.898106335029297e-05
893.0 1.6987158207859565e-10
894.0 1.6987158207859565e-10
895.0 1.6987158207859565e-10
896.0 1.4410647963813972e-05
897.0 3.525842089402431e-05
898.0 5.94551863741799e-05
899.0 8.365196890736115e-05
900.0 5.32375793227402e-05
