lsstCam/transmission_filter_detector/r20_s00/r_57/19700101T000000.ecsv
# %ECSV 1.0
# ---
# datatype:
# - {name: wavelength, unit: nm, datatype: float32}
# - {name: efficiency, unit: '%', datatype: float64}
# meta: !!omap
# - {MODE: DETECTOR}
# - {TYPE: transmission_filter_detector}
# - {CALIBDATE: '1970-01-01T00:00:00'}
# - {INSTRUME: LSSTCam}
# - {OBSTYPE: transmission_filter_detector}
# - {CALIBCLS: lsst.ip.isr.IntermediateFilterDetectorTransmissionCurve}
# - {SOURCE: Materion (DM-46256)}
# - {DETECTOR: 72}
# - {FILTER: r_57}
# - {CALIB_ID: 'calibDate=1970-01-01T00:00:00 filter=r_57 detector=72'}
# - {DATE: '2025-04-02T15:59:44.516397'}
# - {CALIB_CREATION_DATE: '2025-04-02'}
# - {CALIB_CREATION_TIME: '15:59:44'}
# - __serialized_columns__:
#     efficiency:
#       __class__: astropy.units.quantity.Quantity
#       unit: !astropy.units.Unit {unit: '%'}
#       value: !astropy.table.SerializedColumn {name: efficiency}
#     wavelength:
#       __class__: astropy.units.quantity.Quantity
#       unit: !astropy.units.Unit {unit: nm}
#       value: !astropy.table.SerializedColumn {name: wavelength}
# schema: astropy-2.0
wavelength efficiency
[from data line 602]
902.0 1.6987158207859565e-10
903.0 1.6987158207859565e-10
904.0 1.6987158207859565e-10
905.0 1.6987158207859565e-10
906.0 1.6987158207859565e-10
907.0 1.6987158207859565e-10
908.0 1.6987158207859565e-10
909.0 1.6987158207859565e-10
910.0 1.6987158207859565e-10
911.0 1.6987158207859565e-10
912.0 1.6987158207859565e-10
913.0 1.6987158207859565e-10
914.0 1.6987158207859565e-10
915.0 5.118984063301468e-05
916.0 2.76554459333056e-05
917.0 4.121071484064487e-06
918.0 5.64641197797755e-05
919.0 0.00010880714853556128
920.0 3.2522643778065685e-05
921.0 1.6987158207859565e-10
922.0 8.408905500800756e-05
923.0 0.00021194000510149635
924.0 0.00023355926259682747
925.0 0.0002551785200921586
926.0 0.00022877973151480546
927.0 0.00020238094293745235
928.0 0.00018485569626136567
929.0 0.0001673304382165952
930.0 0.0002593414365037461
931.0 0.0003513524234222132
932.0 0.00013533493756767712
933.0 1.6987158207859565e-10
934.0 8.057005516093341e-05
935.0 0.00024182259039662313
936.0 0.00025888552954711486
937.0 0.0002759484686976066
938.0 0.00025791202915570466
939.0 0.00023987561235117028
940.0 0.00024920084342738846
941.0 0.0002585260517662391
942.0 0.0003586004140743171
943.0 0.00045867477638239507
944.0 0.00036172998534311773
945.0 0.00026478521704120794
946.0 0.0003299221134511754
947.0 0.0003950589871237753
948.0 0.0004977227035851683
949.0 0.0006003865109960316
950.0 0.000534346918357187
951.0 0.0004683073257183423
952.0 0.0006294002560025547
953.0 0.0007904933227109723
954.0 0.0011232574252062477
955.0 0.0014560218005499337
956.0 0.001476741635997314
957.0 0.0014974613804952241
958.0 0.0015927853382891044
959.0 0.001688109477981925
960.0 0.0018808857930707745
961.0 0.0020736624719575047
962.0 0.002243515700683929
963.0 0.0024133691113092937
964.0 0.002431484426779207
965.0 0.0024495993784512393
966.0 0.0023609451091033407
967.0 0.002272290839755442
968.0 0.002272668461955618
969.0 0.002273046447953675
970.0 0.0023817057808628306
971.0 0.0024903652956709266
972.0 0.0025558201741660014
973.0 0.0026212746888631955
974.0 0.0029088701921864413
975.0 0.0031964653317118064
976.0 0.003303317498648539
977.0 0.0034101693017873913
978.0 0.003288444349891506
979.0 0.0031667190341977403
980.0 0.0031565126846544445
981.0 0.0031463063351111487
982.0 0.0032600884878775105
983.0 0.0033738706406438723
984.0 0.0032895095500862226
985.0 0.003205148095730692
986.0 0.003068529622396454
987.0 0.002931911512860097
988.0 0.002755668174359016
989.0 0.002579425199655816
990.0 0.0026071535103255883
991.0 0.002634882002894301
992.0 0.002668894376256503
993.0 0.002702907113416586
994.0 0.002735919042606838
995.0 0.0027689306079992093
996.0 0.0028216563805472106
997.0 0.0028743819711962715
998.0 0.002989317181345541
999.0 0.00310425202769693
1000.0 0.00324976681440603
1001.0 0.00339528160111513
1002.0 0.0036304129025666043
1003.0 0.0038655442040180787
1004.0 0.003972177728428505
1005.0 0.004078811252838932
1006.0 0.00426823680754751
1007.0 0.004457662362256087
1008.0 0.004420664845383726
1009.0 0.004383666600915603
1010.0 0.004374586205813102
1011.0 0.004365506174508482
1012.0 0.004343536420492455
1013.0 0.0043215666664764285
1014.0 0.004005676964879967
1015.0 0.003689787263283506
1016.0 0.0034986391256097704
1017.0 0.0033074913517339155
1018.0 0.0029130111215636134
1019.0 0.002518531255191192
1020.0 0.00210636317206081
1021.0 0.001694195088930428
1022.0 0.0014844320503470954
1023.0 0.001274668647965882
1024.0 0.0013955323083791882
1025.0 0.0015163960597419646
1026.0 0.00135685895656934
1027.0 0.0011973214895988349
1028.0 0.0010572135579423048
1029.0 0.0009171053534373641
1030.0 0.0009206834874930792
1031.0 0.0009242610758519731
1032.0 0.0009295154995925259
1033.0 0.0009347696504846681
1034.0 0.000849887692311313
1035.0 0.0007650055522390176
1036.0 0.0007897607247286942
1037.0 0.0008145155334204901
1038.0 0.0008134339623211417
1039.0 0.0008123523912217934
1040.0 0.0008887770491128322
1041.0 0.0009652016160544008
1042.0 0.0010173703230975661
1043.0 0.0010695386663428508
1044.0 0.00092676800704794
1045.0 0.00078399771155091
1046.0 0.0008421231541433372
1047.0 0.0009002487786347046
1048.0 0.0008315420018334407
1049.0 0.000762835315981647
1050.0 0.0007837562407075893
1051.0 0.0008046772563830018
1052.0 0.0011009054105670657
1053.0 0.0013971332009532489
1054.0 0.0011811595868493896
1055.0 0.00096518579084659
1056.0 0.0009837965080805589
1057.0 0.0010024076800618786
1058.0 0.0008884839189704508
1059.0 0.0007745605216769036
1060.0 0.0011432690371293575
1061.0 0.0015119770978344604
1062.0 0.0015765570424264297
1063.0 0.001641136987018399
1064.0 0.0011461745089036413
1065.0 0.0006512116215162678
1066.0 0.0010085548638016917
1067.0 0.0013658982425113209
1068.0 0.0016771995433373377
1069.0 0.0019885002984665334
1070.0 0.0013849366951035336
1071.0 0.0007813730917405337
1072.0 0.0010474936971149873
1073.0 0.0013136145753378514
1074.0 0.002040826620941516
1075.0 0.0027680382117978297
1076.0 0.0031038231099955738
1077.0 0.003439608190092258
1078.0 0.003834418748738244
1079.0 0.004229229671182111
1080.0 0.004167241422692314
1081.0 0.004105252446606755
1082.0 0.004059053389937617
1083.0 0.0040128543332684785
1084.0 0.0045537501137005165
1085.0 0.005094645166536793
1086.0 0.005104958108859137
1087.0 0.0051152706873836
1088.0 0.005188883005757816
1089.0 0.005262495687929913
1090.0 0.004899920168099925
1091.0 0.004537345012067817
1092.0 0.0040764050936559215
1093.0 0.003615465175244026
1094.0 0.003999436739832163
1095.0 0.0043834083044203
1096.0 0.0034596956538734958
1097.0 0.0025359830033266917
1098.0 0.0016982567103696056
1099.0 0.0008605304174125195
1100.0 0.0010271988685417455
1101.0 0.0011938669558730908
