lsstCam/transmission_filter_detector/r01_s10/r_57/19700101T000000.ecsv
# %ECSV 1.0
# ---
# datatype:
# - {name: wavelength, unit: nm, datatype: float32}
# - {name: efficiency, unit: '%', datatype: float64}
# meta: !!omap
# - {MODE: DETECTOR}
# - {TYPE: transmission_filter_detector}
# - {CALIBDATE: '1970-01-01T00:00:00'}
# - {INSTRUME: LSSTCam}
# - {OBSTYPE: transmission_filter_detector}
# - {CALIBCLS: lsst.ip.isr.IntermediateFilterDetectorTransmissionCurve}
# - {SOURCE: Materion (DM-46256)}
# - {DETECTOR: 3}
# - {FILTER: r_57}
# - {CALIB_ID: 'calibDate=1970-01-01T00:00:00 filter=r_57 detector=3'}
# - {DATE: '2025-04-02T15:59:44.199258'}
# - {CALIB_CREATION_DATE: '2025-04-02'}
# - {CALIB_CREATION_TIME: '15:59:44'}
# - __serialized_columns__:
#     efficiency:
#       __class__: astropy.units.quantity.Quantity
#       unit: !astropy.units.Unit {unit: '%'}
#       value: !astropy.table.SerializedColumn {name: efficiency}
#     wavelength:
#       __class__: astropy.units.quantity.Quantity
#       unit: !astropy.units.Unit {unit: nm}
#       value: !astropy.table.SerializedColumn {name: wavelength}
# schema: astropy-2.0
wavelength efficiency
[from data line 602]
902.0 1.7139722800763035e-10
903.0 1.7139722800763035e-10
904.0 1.7139722800763035e-10
905.0 0.00010508036893952521
906.0 3.827779835319234e-05
907.0 1.7139722800763035e-10
908.0 1.7139722800763035e-10
909.0 1.7139722800763035e-10
910.0 1.7139722800763035e-10
911.0 1.7139722800763035e-10
912.0 1.7139722800763035e-10
913.0 1.7139722800763035e-10
914.0 3.033438247257436e-05
915.0 0.00013424860298982821
916.0 0.00012630598575924523
917.0 0.00011836340263471357
918.0 0.00016079355873444
919.0 0.00020322370346548269
920.0 9.693992524262285e-05
921.0 1.7139722800763035e-10
922.0 9.373446232530114e-05
923.0 0.00019681278899952304
924.0 0.00019200067526981002
925.0 0.00018718859564614831
926.0 0.00013167687029636
927.0 7.616516199959733e-05
928.0 9.214736564899795e-05
929.0 0.00010812954087668913
930.0 0.00017667530300968792
931.0 0.0002452210765113705
932.0 0.00011886764923474402
933.0 1.7139722800763035e-10
934.0 0.00014041883105164743
935.0 0.0002883233264583396
936.0 0.0002792641453197575
937.0 0.00027020496418117546
938.0 0.0003023442786798114
939.0 0.0003344836159158149
940.0 0.000263842639469658
941.0 0.00019320166302350117
942.0 0.00032692803415557137
943.0 0.000460654382550274
944.0 0.00036995547816331964
945.0 0.0002792565965137328
946.0 0.00030263236112659797
947.0 0.0003260081030020956
948.0 0.00046965024012024514
949.0 0.0006132924227131298
950.0 0.0006432025202229852
951.0 0.0006731125722581055
952.0 0.0007424274372169748
953.0 0.0008117424840747844
954.0 0.001137268827733351
955.0 0.001462795444240328
956.0 0.001482236802985426
957.0 0.001501678070781054
958.0 0.0016611815226497129
959.0 0.0018206852473667823
960.0 0.0019527602489688434
961.0 0.002084835432469845
962.0 0.0021945868866168894
963.0 0.0023043385226628743
964.0 0.0023021113520371728
965.0 0.0022998838176135905
966.0 0.002297775245097
967.0 0.00229566667258041
968.0 0.00225855201279046
969.0 0.002221437716798391
970.0 0.0023140561097534373
971.0 0.002406674684607424
972.0 0.0024709439458092675
973.0 0.0025352128432132304
974.0 0.0028363494493532926
975.0 0.003137486055493355
976.0 0.003261438905610703
977.0 0.0033853913919301704
978.0 0.0033158288715640083
979.0 0.0032462663511978462
980.0 0.0031525651138508692
981.0 0.0030588638765038922
982.0 0.0031593510357197374
983.0 0.003259838922531344
984.0 0.003262089376221411
985.0 0.0032643401937093586
986.0 0.0031112664146348834
987.0 0.0029581926355604082
988.0 0.00279757114185486
989.0 0.002636949830048252
990.0 0.002671830043254886
991.0 0.00270671043836046
992.0 0.0027242378564551473
993.0 0.002741765456448775
994.0 0.0027873373255715705
995.0 0.0028329086489975452
996.0 0.00289102772512706
997.0 0.002949146437458694
998.0 0.0030728722776984796
999.0 0.0031965977541403845
1000.0 0.00329940376104787
1001.0 0.0034022097679553553
1002.0 0.0036095512768952176
1003.0 0.003816892422037199
1004.0 0.003973516868427396
1005.0 0.004130140951019712
1006.0 0.004325894042267464
1007.0 0.004521647133515216
1008.0 0.004473890658118762
1009.0 0.004426133455126546
1010.0 0.0044604028516914696
1011.0 0.004494672248256393
1012.0 0.004408479071571492
1013.0 0.0043222858948865905
1014.0 0.004092705785296857
1015.0 0.0038631253119092435
1016.0 0.0036044901207787916
1017.0 0.0033458549296483397
1018.0 0.0029748012821073644
1019.0 0.0026037478164653294
1020.0 0.0021883945009903982
1021.0 0.001773041185515467
1022.0 0.0015480331057915464
1023.0 0.001323024662269745
1024.0 0.0013583956388174556
1025.0 0.0013937668882135767
1026.0 0.001280531614611391
1027.0 0.0011672961591102649
1028.0 0.0010897652828134596
1029.0 0.001012234224617714
1030.0 0.0008895136488717981
1031.0 0.000766792527429061
1032.0 0.0008015846105990931
1033.0 0.0008363764209207147
1034.0 0.0008048078598221764
1035.0 0.0007732390258752275
1036.0 0.0008903843990992755
1037.0 0.0010075294085254427
1038.0 0.000896127585292561
1039.0 0.0007847259439586196
1040.0 0.0008596931365900673
1041.0 0.0009346604201709852
1042.0 0.0010677682439563796
1043.0 0.0012008756129944231
1044.0 0.0010835278771992307
1045.0 0.000966180505201919
1046.0 0.0009993188541557174
1047.0 0.0010324574759579264
1048.0 0.0008627956049167551
1049.0 0.0006931339612492593
1050.0 0.0008218413313443307
1051.0 0.0009505488378636073
1052.0 0.0011689653547364287
1053.0 0.0013873816897103097
1054.0 0.0011572851690289099
1055.0 0.0009271884664485697
1056.0 0.0009678931746748276
1057.0 0.001008598064800026
1058.0 0.0009363368917547632
1059.0 0.0008640759006084409
1060.0 0.0010965351066261064
1061.0 0.001328993857896421
1062.0 0.0015129795428947546
1063.0 0.001696965227893088
1064.0 0.001187493671750417
1065.0 0.0006780218427593354
1066.0 0.00104077489595511
1067.0 0.0014035278582014143
1068.0 0.001670295387157239
1069.0 0.0019370621885173023
1070.0 0.0014739738617208786
1071.0 0.0010108854439749848
1072.0 0.001275109298148891
1073.0 0.0015393332432722673
1074.0 0.0021689882487407885
1075.0 0.00279864325420931
1076.0 0.003065899363718927
1077.0 0.0033331558370264247
1078.0 0.003686372292577289
1079.0 0.004039588748128153
1080.0 0.0041979852539952844
1081.0 0.004356381032266654
1082.0 0.00402807017962914
1083.0 0.003699759326991625
1084.0 0.004272579099051654
1085.0 0.004845398507313803
1086.0 0.005011581015423872
1087.0 0.005177763887331821
1088.0 0.005368478014133871
1089.0 0.005559192504733801
1090.0 0.005033934940001927
1091.0 0.004508677375270054
1092.0 0.004023927976959385
1093.0 0.0035391782148508355
1094.0 0.0041318613511975855
1095.0 0.004724544487544335
1096.0 0.0037197969504632056
1097.0 0.0027150494133820757
1098.0 0.0021650095732184127
1099.0 0.0016149697330547497
1100.0 0.0018506989363231696
1101.0 0.002086427957692649
