lsstCam/transmission_filter_detector/r01_s10/r_57/19700101T000000.ecsv
# %ECSV 1.0
# ---
# datatype:
# - {name: wavelength, unit: nm, datatype: float32}
# - {name: efficiency, unit: '%', datatype: float64}
# meta: !!omap
# - {MODE: DETECTOR}
# - {TYPE: transmission_filter_detector}
# - {CALIBDATE: '1970-01-01T00:00:00'}
# - {INSTRUME: LSSTCam}
# - {OBSTYPE: transmission_filter_detector}
# - {CALIBCLS: lsst.ip.isr.IntermediateFilterDetectorTransmissionCurve}
# - {SOURCE: Materion (DM-46256)}
# - {DETECTOR: 3}
# - {FILTER: r_57}
# - {CALIB_ID: 'calibDate=1970-01-01T00:00:00 filter=r_57 detector=3'}
# - {DATE: '2025-04-02T15:59:44.199258'}
# - {CALIB_CREATION_DATE: '2025-04-02'}
# - {CALIB_CREATION_TIME: '15:59:44'}
# - __serialized_columns__:
#     efficiency:
#       __class__: astropy.units.quantity.Quantity
#       unit: !astropy.units.Unit {unit: '%'}
#       value: !astropy.table.SerializedColumn {name: efficiency}
#     wavelength:
#       __class__: astropy.units.quantity.Quantity
#       unit: !astropy.units.Unit {unit: nm}
#       value: !astropy.table.SerializedColumn {name: wavelength}
# schema: astropy-2.0
wavelength efficiency
300.0 0.0035200420825276524
301.0 0.00885393819771707
302.0 0.01418783504050225
303.0 0.01688437769189477
304.0 0.019580923253670335
305.0 0.0178074260475114
306.0 0.016033928841352463
307.0 0.014039424422662705
308.0 0.012044919276377186
309.0 0.011188224016223103
310.0 0.010331526573281735
311.0 0.00973464411799796
312.0 0.009137759479926899
313.0 0.008260694448836148
314.0 0.007383628690149635
315.0 0.006984014908084646
316.0 0.006584401126019657
317.0 0.006118106102803722
318.0 0.005651810351992026
319.0 0.005134187813382596
320.0 0.004616563819581643
321.0 0.00463558899355121
322.0 0.004654614895116538
323.0 0.004303242894820869
324.0 0.003951870530727319
325.0 0.0038168971514096484
326.0 0.0036819237720919773
327.0 0.003795402153627947
328.0 0.003908880535163917
329.0 0.0039417205698555335
330.0 0.0039745616959407926
331.0 0.0036410427128430456
332.0 0.0033075248211389408
333.0 0.002870961725420784
334.0 0.0024343989935005084
335.0 0.002226823016826529
336.0 0.00201924722205149
337.0 0.0018723663743003272
338.0 0.0017254855265491642
339.0 0.0016134697943925858
340.0 0.001501453880337067
341.0 0.0014445934539253358
342.0 0.0013877330275136046
343.0 0.0013914182090957183
344.0 0.001395103390677832
345.0 0.001407507443218492
346.0 0.001419911586708622
347.0 0.0013358877367863897
348.0 0.0012518638868641574
349.0 0.0012536322174128145
350.0 0.005891054388484918
351.0 0.006195781315909699
352.0 0.00650050860713236
353.0 0.006108196248533204
354.0 0.005715884253731929
355.0 0.005431047611637041
356.0 0.005146212060935795
357.0 0.0069916583015583456
358.0 0.008837105997372419
359.0 0.0065094958699774
360.0 0.0041818861063802615
361.0 0.0027666023015626706
362.0 0.00135131858769455
363.0 0.0029537046430050395
364.0 0.004556090789264999
365.0 0.004523570169112645
366.0 0.0044910499127581716
367.0 0.003892134191119112
368.0 0.003293218105682172
369.0 0.0023399235942633823
370.0 0.0013866290828445926
371.0 0.0020475003111641854
372.0 0.002708371903281659
373.0 0.0030502227673423477
374.0 0.0033920732676051557
375.0 0.003266005660407245
376.0 0.0031399380532093346
377.0 0.0017501652109785937
378.0 0.0003603926415962633
379.0 0.0010736605872807559
380.0 0.001786928805813659
381.0 0.0025728648324729875
382.0 0.003358801404829137
383.0 0.0036618494050344452
384.0 0.003964897769037634
385.0 0.004977502976544201
386.0 0.005990108184050769
387.0 0.004987677311873995
388.0 0.003985246439697221
389.0 0.0035125052818330005
390.0 0.003039763578271959
391.0 0.002132885310857091
392.0 0.0012260070434422232
393.0 0.001520340720162494
394.0 0.0018146740330848843
395.0 0.0013124225915817078
396.0 0.0008101712410280015
397.0 0.000783810992288636
398.0 0.0007574512437713565
399.0 0.0006766273600078421
400.0 0.0005958029760222416
401.0 0.00043746545088652056
402.0 0.00027912735731661087
403.0 0.00035965367715107277
404.0 0.0004401803835207829
405.0 0.0009456959560338873
406.0 0.0014512112102238461
407.0 0.0019889190298272297
408.0 0.002526626667531673
409.0 0.0021068613932584412
410.0 0.001687095755187329
411.0 0.0012823364158975892
412.0 0.0008775769856583793
413.0 0.0008369046554435045
414.0 0.0007962322342791595
415.0 0.0007866477062634658
416.0 0.0007770633601467125
417.0 0.001341671304544434
418.0 0.0019062794308410957
419.0 0.0023215885448735207
420.0 0.0027368976589059457
421.0 0.004491269282880239
422.0 0.006245640543056652
423.0 0.009716246131574735
424.0 0.013186850992497057
425.0 0.01754192780936137
426.0 0.02189700026065111
427.0 0.022216640354599804
428.0 0.02253628335893154
429.0 0.0171663225046359
430.0 0.011796360922744498
431.0 0.008544954471290112
432.0 0.005293546200846322
433.0 0.004344712579040788
434.0 0.0033958785934373736
435.0 0.0026563817300484516
436.0 0.0019168843209627084
437.0 0.0017000593288685195
438.0 0.0014832346096227411
439.0 0.0011932122106372844
440.0 0.0009031899935507681
441.0 0.0011439599802542944
442.0 0.0013847299669578206
443.0 0.0016909256373764947
444.0 0.001997121398744639
445.0 0.0018423057554173283
446.0 0.0016874899301910773
447.0 0.001610782419447787
448.0 0.0015340752725023776
449.0 0.00172344171005534
450.0 0.0019128076019114815
451.0 0.002002298970182892
452.0 0.002091790702252183
453.0 0.0018749258742900565
454.0 0.0016580614101258107
455.0 0.0014497467418550514
456.0 0.0012414324373821728
457.0 0.0009174674232781399
458.0 0.000593502409174107
459.0 0.0008444057129963767
460.0 0.001095308834919706
461.0 0.0017788308468880132
462.0 0.0024623523131594993
463.0 0.0032840609492268413
464.0 0.004105769767193124
465.0 0.0052567615057341754
466.0 0.006407753971870989
467.0 0.0069828507548663765
468.0 0.007557948265457526
469.0 0.0064346859289798886
470.0 0.005311424320098013
471.0 0.003993697100668214
472.0 0.002675970063137356
473.0 0.002219212365162093
474.0 0.0017624544852878898
475.0 0.0014589621059712954
476.0 0.0011554700904525816
477.0 0.0009461034096602816
478.0 0.0007367366379185114
479.0 0.0009658322596806102
480.0 0.0011949277904932387
481.0 0.0008827907549857628
482.0 0.000570653810427757
483.0 0.0006339872470562113
484.0 0.0006973205472604604
485.0 0.0006727749678248074
486.0 0.0006482293429144192
487.0 0.0006616641712753335
488.0 0.0006750988632120425
489.0 0.000640380994809675
490.0 0.0006056630809325725
491.0 0.0007916498361737467
492.0 0.000977636591414921
493.0 0.0010858588211704046
494.0 0.0011940810509258881
495.0 0.0010747797205112875
496.0 0.0009554783900966868
497.0 0.0011757840184145607
498.0 0.0013960894648334943
499.0 0.0014956966879253741
500.0 0.001595303911017254
501.0 0.0017055372154572979
502.0 0.0018157705198973417
503.0 0.0021625543013215065
504.0 0.0025093382646446116
505.0 0.0032205651223193854
506.0 0.0039317921618930995
507.0 0.004562933827401139
508.0 0.005194075492909178
509.0 0.005642861287924461
510.0 0.006091645991546102
511.0 0.005396540655056015
512.0 0.0047014353185659274
513.0 0.003988535900134593
514.0 0.0032756361179053783
515.0 0.003115027357125655
516.0 0.0029544191420427524
517.0 0.0027442634745966643
518.0 0.0025341078071505763
519.0 0.07351427339017391
520.0 0.060995848616585135
521.0 1.7139722800763035e-10
522.0 0.14980657724663615
523.0 0.03488549846224487
524.0 0.12656317558139563
525.0 0.09254479664377868
526.0 0.13560010120272636
527.0 0.12231278233230114
528.0 0.2139202319085598
529.0 0.14862646348774433
530.0 0.18390025943517685
531.0 0.22439199965447187
532.0 0.30090129002928734
533.0 0.42865308932960033
534.0 0.5820509511977434
535.0 0.797028187662363
536.0 1.251155138015747
537.0 1.9920147955417633
538.0 3.114267811179161
539.0 4.657762870192528
540.0 7.011042535305023
541.0 9.627196192741394
542.0 13.037189841270447
543.0 17.30181723833084
544.0 22.448456287384033
545.0 28.137704730033875
546.0 34.934115409851074
547.0 42.19980239868164
548.0 50.75356364250183
549.0 58.4720253944397
550.0 63.94476890563965
551.0 70.14517784118652
552.0 74.11024570465088
553.0 78.03135514259338
554.0 81.37869238853455
555.0 84.87980961799622
556.0 88.02761435508728
557.0 90.34786820411682
558.0 92.83080697059631
559.0 94.98226642608643
560.0 94.475919008255
561.0 95.71307301521301
562.0 95.76287865638733
563.0 95.33826112747192
564.0 95.78860402107239
565.0 95.68663835525513
566.0 96.09785079956055
567.0 95.67834734916687
568.0 96.10171914100647
569.0 97.11809158325195
570.0 96.58089280128479
571.0 97.2114622592926
572.0 97.36964702606201
573.0 96.82369232177734
574.0 97.50630259513855
575.0 97.20350503921509
576.0 97.70106673240662
577.0 97.2481369972229
578.0 97.00568914413452
579.0 97.1983790397644
580.0 96.79988026618958
581.0 96.81631326675415
582.0 96.71395421028137
583.0 97.12971448898315
584.0 96.51926159858704
585.0 96.82246446609497
586.0 96.96163535118103
587.0 96.30187749862671
588.0 97.03056812286377
589.0 97.65921831130981
590.0 97.16562032699585
591.0 96.01580500602722
592.0 96.2920606136322
593.0 95.84580063819885
594.0 96.33501768112183
595.0 96.35607600212097
596.0 97.36879467964172
597.0 97.56985306739807
598.0 96.99642062187195
599.0 97.18034863471985
600.0 97.03559875488281
601.0 96.28949165344238
602.0 97.21654653549194
603.0 96.30541801452637
604.0 96.42817378044128
605.0 97.03643321990967
606.0 96.09736204147339
607.0 96.45950198173523
608.0 96.6721773147583
609.0 95.9411084651947
610.0 96.12426161766052
611.0 95.85729241371155
612.0 96.0398256778717
613.0 96.88577651977539
614.0 96.85690999031067
615.0 96.76530957221985
616.0 96.52504324913025
617.0 96.9594419002533
618.0 96.38594388961792
619.0 97.25564122200012
620.0 96.5140700340271
621.0 95.7011342048645
622.0 96.74373865127563
623.0 97.03595042228699
624.0 96.5120255947113
625.0 97.03384041786194
626.0 96.447092294693
627.0 95.1806366443634
628.0 97.12741374969482
629.0 95.94781994819641
630.0 96.71733975410461
631.0 96.52372598648071
632.0 97.05155491828918
633.0 97.02566862106323
634.0 96.20188474655151
635.0 96.40199542045593
636.0 96.4672327041626
637.0 95.93957662582397
638.0 95.69560885429382
639.0 95.77839374542236
640.0 95.87359428405762
641.0 95.76978087425232
642.0 96.10238671302795
643.0 96.44350409507751
644.0 96.36498689651489
645.0 96.42375111579895
646.0 96.51284217834473
647.0 97.58796095848083
648.0 96.67227864265442
649.0 95.87129950523376
650.0 96.60030007362366
651.0 97.25031852722168
652.0 96.81093692779541
653.0 96.36601209640503
654.0 96.93486094474792
655.0 96.85981869697571
656.0 96.08432054519653
657.0 95.83272933959961
658.0 96.4239239692688
659.0 96.60211205482483
660.0 95.71487307548523
661.0 95.89359760284424
662.0 95.93477249145508
663.0 95.66466808319092
664.0 95.54973840713501
665.0 95.76653838157654
666.0 95.7225501537323
667.0 95.97812294960022
668.0 95.44383883476257
669.0 96.00372314453125
670.0 95.56381702423096
671.0 95.62946557998657
672.0 95.41178345680237
673.0 95.65480351448059
674.0 94.70746517181396
675.0 95.60999870300293
676.0 94.72726583480835
677.0 93.79960894584656
678.0 92.62659549713135
679.0 91.3472592830658
680.0 90.43611288070679
681.0 88.73755931854248
682.0 86.12448573112488
683.0 83.04504156112671
684.0 79.54956889152527
685.0 75.83971619606018
686.0 71.84363603591919
687.0 66.67243242263794
688.0 62.48462200164795
689.0 58.061593770980835
690.0 53.33450436592102
691.0 49.14947748184204
692.0 44.451963901519775
693.0 39.98792767524719
694.0 34.495121240615845
695.0 29.166394472122192
696.0 23.553182184696198
697.0 18.32537055015564
698.0 12.884214520454407
699.0 8.877292275428772
700.0 5.911793187260628
701.0 3.481939062476158
702.0 2.083623968064785
703.0 1.2688887305557728
704.0 0.7295449264347553
705.0 0.4196089692413807
706.0 0.27776502538472414
707.0 0.18714749021455646
708.0 0.18667448312044144
709.0 0.08085743174888194
710.0 0.0750320206861943
711.0 0.0647454522550106
712.0 0.07963335956446826
713.0 0.05761937936767936
714.0 0.06813880754634738
715.0 0.052238511852920055
716.0 0.053323101019486785
717.0 0.05554495728574693
718.0 0.04825561190955341
719.0 0.02254437713418156
720.0 1.7139722800763035e-10
721.0 0.004190761683275923
722.0 0.003951699181925505
723.0 0.0037126366805750877
724.0 0.0034221262467326596
725.0 0.0031316161766881123
726.0 0.002933644827862736
727.0 0.0027356736609362997
728.0 0.002558518281148281
729.0 0.002381362719461322
730.0 0.0022250651454669423
731.0 0.002068768117169384
732.0 0.0020430054064490832
733.0 0.0020172426957287826
734.0 0.0019658436940517277
735.0 0.001914444328576792
736.0 0.0017387264961143956
737.0 0.0015630088455509394
738.0 0.001573857844050508
739.0 0.0015847068425500765
740.0 0.001531672569399234
741.0 0.001478638660046272
742.0 0.0013336726624402218
743.0 0.0011887065738847014
744.0 0.0012902270100312307
745.0 0.0013917470823798794
746.0 0.001300077565247193
747.0 0.0012084081390639767
748.0 0.0010717360964918043
749.0 0.0009350641448691022
750.0 0.0009197151484841015
751.0 0.0009043666068464518
752.0 0.0009801417945709545
753.0 0.0010559170732449275
754.0 0.0010716165888879914
755.0 0.001087316468328936
756.0 0.001017428257910069
757.0 0.0009475398655922618
758.0 0.0009857581062533427
759.0 0.0010239762559649535
760.0 0.0010360971828049514
761.0 0.0010482182915438898
762.0 0.00102618541859556
763.0 0.0010041530003945809
764.0 0.0009618062904337421
765.0 0.0009194595804729033
766.0 0.0007710840691288467
767.0 0.0006227086032595253
768.0 0.0006126140306150774
769.0 0.000602519230596954
770.0 0.0007018605629127705
771.0 0.0008012021680769976
772.0 0.0007529968115704833
773.0 0.0007047914095892338
774.0 0.0007923013072286267
775.0 0.0008798111593932845
776.0 0.000837073184811743
777.0 0.0007943352102302015
778.0 0.0007821486178727355
779.0 0.0007699621164647397
780.0 0.0006821952410973608
781.0 0.0005944284566794522
782.0 0.0006605457656405633
783.0 0.0007266629836522043
784.0 0.0007987569006218109
785.0 0.000870850544743007
786.0 0.0007550479949713917
787.0 0.0006392454451997764
788.0 0.0006182228389661759
789.0 0.0005972003691567807
790.0 0.0006265531737881247
791.0 0.0006559058874699986
792.0 0.0007157907930377405
793.0 0.0007756756531307474
794.0 0.0007928915692900773
795.0 0.0008101072126009967
796.0 0.0006721055342495674
797.0 0.000534103764948668
798.0 0.0007188574727479136
799.0 0.000903611089597689
800.0 0.0008513605280313641
801.0 0.0007991096936166286
802.0 0.0006187700364534976
803.0 0.000438430106441956
804.0 0.0005691623300663196
805.0 0.0006998945536906831
806.0 0.0006112706614658237
807.0 0.0005226468147156993
808.0 0.0006647149803029606
809.0 0.0008067831004154868
810.0 0.0006836254215158988
811.0 0.0005604680154647212
812.0 0.0006304727321548853
813.0 0.0007004774033703143
814.0 0.0005600984422926558
815.0 0.00041971952668973245
816.0 0.0005327524377207737
817.0 0.0006457854851760203
818.0 0.0005642417818307877
819.0 0.0004826981239602901
820.0 0.0003798281113631674
821.0 0.0002769580987660447
822.0 0.00030287883419077843
823.0 0.0003287995923528797
824.0 0.0003981702775490703
825.0 0.00046754094000789337
826.0 0.0005031653927289881
827.0 0.0005387897545006126
828.0 0.0003901696345565142
829.0 0.00024154949187504826
830.0 0.00014279409015216515
831.0 4.403873674618808e-05
832.0 1.3802332432533149e-05
833.0 1.7139722800763035e-10
834.0 1.7139722800763035e-10
835.0 1.7139722800763035e-10
836.0 0.00019449028059170814
837.0 0.00044565754251379985
838.0 0.0006096870947658317
839.0 0.0007737166924925987
840.0 0.0011722730050678365
841.0 0.0015708292266936041
842.0 0.002393257454968989
843.0 0.0032156862289411947
844.0 0.003743448542081751
845.0 0.0042712115828180686
846.0 0.004553459075395949
847.0 0.0048357069317717105
848.0 0.004164092388236895
849.0 0.0034924792998936027
850.0 0.002575960934336763
851.0 0.0016594432963756844
852.0 0.0014064305105421226
853.0 0.0011534179066075012
854.0 0.0010376615136920009
855.0 0.0009219049388775602
856.0 0.0006990689598751487
857.0 0.00047623298087273724
858.0 0.0005867208983545424
859.0 0.0006972087248868775
860.0 0.0005629139650409343
861.0 0.000428619159720256
862.0 0.00044105190681875683
863.0 0.0004534846084425226
864.0 0.0003230374886697973
865.0 0.00019259043710917467
866.0 0.00019414251255511772
867.0 0.00019569454252632568
868.0 0.0002165529394915211
869.0 0.00023741129098198144
870.0 0.00014978032822909881
871.0 6.214934273884865e-05
872.0 1.7139722800763035e-10
873.0 1.7139722800763035e-10
874.0 1.7139722800763035e-10
875.0 1.7139722800763035e-10
876.0 1.7139722800763035e-10
877.0 2.0048328508437407e-05
878.0 0.0001097622202905768
879.0 0.00019947608507209225
880.0 0.0001748598492667952
881.0 0.00015024357935544685
882.0 0.0001414183543602121
883.0 0.00013259316347102867
884.0 2.0095983543910734e-06
885.0 1.7139722800763035e-10
886.0 9.300480741103456e-06
887.0 0.0001471748987569299
888.0 0.0002538557964726351
889.0 0.0003605367055570241
890.0 0.0002700598543015076
891.0 0.00017958296893993975
892.0 1.9291887554118148e-05
893.0 1.7139722800763035e-10
894.0 1.7139722800763035e-10
895.0 2.6235056793666445e-05
896.0 2.2937155108593288e-05
897.0 1.9639306003682577e-05
898.0 4.630060459476226e-05
899.0 7.296191597561119e-05
900.0 2.0355084018319758e-05
