lsstCam/transmission_sensor/r31_s01/19700101T000000.ecsv
# %ECSV 1.0
# ---
# datatype:
# - {name: amp_name, datatype: string}
# - {name: wavelength, unit: nm, datatype: float32}
# - {name: efficiency, unit: '%', datatype: float64}
# meta: !!omap
# - {MODE: AMP}
# - {TYPE: transmission_sensor}
# - {CALIBDATE: '1970-01-01T00:00:00'}
# - {INSTRUME: LSSTCAM}
# - {OBSTYPE: transmission_sensor}
# - {DETECTOR: 127}
# - {PARQUETFILE: qe_raft_allvalues_nircorrected_20230725.parquet}
# - {CALIBCLS: lsst.ip.isr.IntermediateSensorTransmissionCurve}
# - {CALIB_ID: 'raftName=R31 detectorName=S01 detector=127 calibDate=1970-01-01T00:00:00 ccd=127 ccdnum=127 filter=None'}
# - {DATE: '2024-01-18T22:42:25.426756'}
# - {CALIB_CREATION_DATE: '2024-01-18'}
# - {CALIB_CREATION_TIME: '22:42:25'}
# - __serialized_columns__:
#     efficiency:
#       __class__: astropy.units.quantity.Quantity
#       unit: !astropy.units.Unit {unit: '%'}
#       value: !astropy.table.SerializedColumn {name: efficiency}
#     wavelength:
#       __class__: astropy.units.quantity.Quantity
#       unit: !astropy.units.Unit {unit: nm}
#       value: !astropy.table.SerializedColumn {name: wavelength}
# schema: astropy-2.0
amp_name wavelength efficiency
C00 319.994 43.00593185424805
C00 324.969 48.561744689941406
C00 349.982 69.81573486328125
C00 374.975 72.80827331542969
C00 400.019 81.47366333007812
C00 424.965 84.17312622070312
C00 450.035 86.5221176147461
C00 475.003 89.62610626220703
C00 500.018 91.66834259033203
C00 525.002 93.70709991455078
C00 550.029 96.41632080078125
C00 575.023 97.47356414794922
C00 599.982 97.80131530761719
C00 619.997 97.8476791381836
C00 624.979 98.87326049804688
C00 650.012 98.32220458984375
C00 675.004 98.73094940185547
C00 700.03 97.6913070678711
C00 725.012 98.05255126953125
C00 750.022 98.12187194824219
C00 774.987 97.95217895507812
C00 799.976 97.0281753540039
C00 824.988 95.08039093017578
C00 850.022 93.18836212158203
C00 869.967 90.00530242919922
C00 875.002 89.09011840820312
C00 899.999 81.84809112548828
C00 919.999 72.37187957763672
C00 925.012 69.95393371582031
C00 949.965 57.12861633300781
C00 975.002 42.121177673339844
C00 999.976 25.646108627319336
C00 1025.028 11.020833969116211
C00 1050.014 3.825345039367676
C00 1075.002 0.9348022510410067
C00 1099.99 0.09275022056310944
C01 319.994 43.35314178466797
C01 324.969 48.956844329833984
C01 349.982 70.46727752685547
C01 374.975 73.40965270996094
C01 400.019 81.86331176757812
C01 424.965 84.44746398925781
C01 450.035 86.73681640625
C01 475.003 89.80770111083984
C01 500.018 91.8305892944336
C01 525.002 93.85559844970703
C01 550.029 96.56534576416016
C01 575.023 97.62029266357422
C01 599.982 97.94634246826172
C01 619.997 97.99337005615234
C01 624.979 99.021484375
C01 650.012 98.47236633300781
C01 675.004 98.88572692871094
C01 700.03 97.8458480834961
C01 725.012 98.208251953125
C01 750.022 98.27840423583984
C01 774.987 98.10482788085938
C01 799.976 97.18730926513672
C01 824.988 95.2474594116211
C01 850.022 93.37599182128906
C01 869.967 90.19466400146484
C01 875.002 89.27555847167969
C01 899.999 82.09933471679688
C01 919.999 72.64685821533203
C01 925.012 70.22013092041016
C01 949.965 57.342811584472656
C01 975.002 42.284507751464844
C01 999.976 25.7657413482666
C01 1025.028 11.037139892578125
C01 1050.014 3.8179452419281006
C01 1075.002 0.9362935264426547
C01 1099.99 0.0928981835384544
C02 319.994 43.560970306396484
C02 324.969 49.1940803527832
C02 349.982 70.82238006591797
C02 374.975 73.6986312866211
C02 400.019 82.0007553100586
C02 424.965 84.50532531738281
C02 450.035 86.75580596923828
C02 475.003 89.7983169555664
C02 500.018 91.8031005859375
C02 525.002 93.8184585571289
C02 550.029 96.51756286621094
C02 575.023 97.56971740722656
C02 599.982 97.89590454101562
C02 619.997 97.94026184082031
C02 624.979 98.96629333496094
C02 650.012 98.42015838623047
C02 675.004 98.83209228515625
C02 700.03 97.79427337646484
C02 725.012 98.15648651123047
C02 750.022 98.22650146484375
C02 774.987 98.05543518066406
C02 799.976 97.14094543457031
C02 824.988 95.21577453613281
C02 850.022 93.37291717529297
C02 869.967 90.19707489013672
C02 875.002 89.27044677734375
C02 899.999 82.15616607666016
C02 919.999 72.68379211425781
C02 925.012 70.27940368652344
C02 949.965 57.47640609741211
C02 975.002 42.351688385009766
C02 999.976 25.84140968322754
C02 1025.028 11.02621841430664
C02 1050.014 3.815786600112915
C02 1075.002 0.935799051295746
C02 1099.99 0.0928491221686431
C03 319.994 43.77426528930664
C03 324.969 49.43559646606445
C03 349.982 71.14368438720703
C03 374.975 73.95970916748047
C03 400.019 82.20746612548828
C03 424.965 84.6883544921875
C03 450.035 86.92665100097656
C03 475.003 89.96866607666016
C03 500.018 91.97342681884766
C03 525.002 93.98554229736328
C03 550.029 96.688232421875
C03 575.023 97.73871612548828
C03 599.982 98.06098937988281
C03 619.997 98.10044860839844
C03 624.979 99.1288833618164
C03 650.012 98.57777404785156
C03 675.004 98.98680877685547
C03 700.03 97.9482192993164
C03 725.012 98.31000518798828
C03 750.022 98.38041687011719
C03 774.987 98.21015167236328
C03 799.976 97.29541015625
C03 824.988 95.37289428710938
C03 850.022 93.53672790527344
C03 869.967 90.35015106201172
C03 875.002 89.41812133789062
C03 899.999 82.31439971923828
C03 919.999 72.80583953857422
C03 925.012 70.4164810180664
C03 949.965 57.62795639038086
C03 975.002 42.46730422973633
C03 999.976 25.882007598876953
C03 1025.028 11.024048805236816
C03 1050.014 3.8150744438171387
C03 1075.002 0.9372653957925772
C03 1099.99 0.09299461152251569
C04 319.994 44.10468673706055
C04 324.969 49.81122970581055
C04 349.982 71.64884185791016
C04 374.975 74.35594940185547
C04 400.019 82.45802307128906
C04 424.965 84.86886596679688
C04 450.035 87.0777816772461
C04 475.003 90.1050796508789
C04 500.018 92.09828186035156
C04 525.002 94.10640716552734
C04 550.029 96.80650329589844
C04 575.023 97.85358428955078
C04 599.982 98.16998291015625
C04 619.997 98.21182250976562
C04 624.979 99.23890686035156
C04 650.012 98.68046569824219
C04 675.004 99.08863067626953
C04 700.03 98.04208374023438
C04 725.012 98.40779113769531
C04 750.022 98.48423767089844
C04 774.987 98.32131958007812
C04 799.976 97.40386962890625
C04 824.988 95.48600769042969
C04 850.022 93.6404037475586
C04 869.967 90.42224884033203
C04 875.002 89.48469543457031
C04 899.999 82.45989227294922
C04 919.999 72.87834167480469
C04 925.012 70.48741149902344
C04 949.965 57.65339660644531
C04 975.002 42.52256393432617
C04 999.976 25.881559371948242
C04 1025.028 11.008668899536133
C04 1050.014 3.815082311630249
C04 1075.002 0.9382544913891931
C04 1099.99 0.09309274867894847
C05 319.994 44.334388732910156
C05 324.969 50.063316345214844
C05 349.982 71.9146499633789
C05 374.975 74.52424621582031
C05 400.019 82.54684448242188
C05 424.965 84.92591094970703
C05 450.035 87.12142181396484
C05 475.003 90.14247131347656
C05 500.018 92.13282012939453
C05 525.002 94.1344223022461
C05 550.029 96.82534790039062
C05 575.023 97.8639144897461
C05 599.982 98.17720794677734
C05 619.997 98.20817565917969
C05 624.979 99.23394775390625
C05 650.012 98.67024230957031
C05 675.004 99.07328796386719
C05 700.03 98.02667999267578
C05 725.012 98.40164947509766
C05 750.022 98.48814392089844
C05 774.987 98.33490753173828
C05 799.976 97.41749572753906
C05 824.988 95.49861145019531
C05 850.022 93.65514373779297
C05 869.967 90.42811584472656
C05 875.002 89.50035858154297
C05 899.999 82.48216247558594
C05 919.999 72.87017822265625
C05 925.012 70.49208068847656
C05 949.965 57.661598205566406
C05 975.002 42.53672790527344
C05 999.976 25.849084854125977
C05 1025.028 10.988045692443848
C05 1050.014 3.8190994262695312
C05 1075.002 0.9382917059231162
C05 1099.99 0.09309644107081602
C06 319.994 44.50856018066406
C06 324.969 50.261863708496094
C06 349.982 72.16139221191406
C06 374.975 74.71408081054688
C06 400.019 82.66429138183594
C06 424.965 85.00823211669922
C06 450.035 87.18601989746094
C06 475.003 90.1963119506836
C06 500.018 92.18065643310547
C06 525.002 94.17591094970703
C06 550.029 96.86212921142578
C06 575.023 97.89715576171875
C06 599.982 98.20050048828125
C06 619.997 98.2343978881836
C06 624.979 99.25669860839844
C06 650.012 98.69032287597656
C06 675.004 99.0896987915039
C06 700.03 98.04582977294922
C06 725.012 98.42639923095703
C06 750.022 98.53164672851562
C06 774.987 98.3939437866211
C06 799.976 97.48577117919922
C06 824.988 95.56756591796875
C06 850.022 93.72891235351562
C06 869.967 90.51573944091797
C06 875.002 89.58362579345703
C06 899.999 82.56927490234375
C06 919.999 72.906494140625
C06 925.012 70.54132080078125
C06 949.965 57.723506927490234
C06 975.002 42.59468460083008
C06 999.976 25.860719680786133
C06 1025.028 10.983115196228027
C06 1050.014 3.834156036376953
C06 1075.002 0.9387061547986475
C06 1099.99 0.09313756230749988
C07 319.994 44.50722122192383
C07 324.969 50.2608757019043
C07 349.982 72.1501235961914
C07 374.975 74.6805419921875
C07 400.019 82.56108856201172
C07 424.965 84.88079833984375
C07 450.035 87.04460144042969
C07 475.003 90.04850006103516
C07 500.018 92.02396392822266
C07 525.002 94.01490783691406
C07 550.029 96.6957778930664
C07 575.023 97.72630310058594
C07 599.982 98.03532409667969
C07 619.997 98.06495666503906
C07 624.979 99.08656311035156
C07 650.012 98.5212173461914
C07 675.004 98.91879272460938
C07 700.03 97.88053131103516
C07 725.012 98.28044128417969
C07 750.022 98.40708923339844
C07 774.987 98.28880310058594
C07 799.976 97.39047241210938
C07 824.988 95.4850082397461
C07 850.022 93.65319061279297
C07 869.967 90.4859848022461
C07 875.002 89.55850219726562
C07 899.999 82.48651885986328
C07 919.999 72.87748718261719
C07 925.012 70.53775024414062
C07 949.965 57.73969268798828
C07 975.002 42.60678482055664
C07 999.976 25.829845428466797
C07 1025.028 11.013289451599121
C07 1050.014 3.8590035438537598
C07 1075.002 0.9375195013943806
C07 1099.99 0.09301982364688459
C10 319.994 41.968414306640625
C10 324.969 47.38542556762695
C10 349.982 68.03433990478516
C10 374.975 71.32098388671875
C10 400.019 80.85039520263672
C10 424.965 83.97667694091797
C10 450.035 86.55807495117188
C10 475.003 89.80760955810547
C10 500.018 91.9468994140625
C10 525.002 94.05122375488281
C10 550.029 96.81378936767578
C10 575.023 97.9067611694336
C10 599.982 98.25552368164062
C10 619.997 98.31298828125
C10 624.979 99.34565734863281
C10 650.012 98.80670928955078
C10 675.004 99.2081527709961
C10 700.03 98.07659912109375
C10 725.012 98.17609405517578
C10 750.022 97.9135513305664
C10 774.987 97.42764282226562
C10 799.976 96.39152526855469
C10 824.988 94.52963256835938
C10 850.022 92.63683319091797
C10 869.967 89.49205780029297
C10 875.002 88.6280746459961
C10 899.999 81.87801361083984
C10 919.999 72.74998474121094
C10 925.012 70.39278411865234
C10 949.965 57.099273681640625
C10 975.002 41.95908737182617
C10 999.976 25.537593841552734
C10 1025.028 10.956523895263672
C10 1050.014 3.828901767730713
C10 1075.002 0.9328204475382574
C10 1099.99 0.09255358784021211
C11 319.994 42.47832489013672
C11 324.969 47.967464447021484
C11 349.982 68.96954345703125
C11 374.975 72.19239807128906
C11 400.019 81.4835205078125
C11 424.965 84.47982025146484
C11 450.035 86.99596405029297
C11 475.003 90.21266174316406
C11 500.018 92.33238220214844
C11 525.002 94.42754364013672
C11 550.029 97.19428253173828
C11 575.023 98.28730773925781
C11 599.982 98.6395263671875
C11 619.997 98.69745635986328
C11 624.979 99.73744201660156
C11 650.012 99.19439697265625
C11 675.004 99.600341796875
C11 700.03 98.46531677246094
C11 725.012 98.55728912353516
C11 750.022 98.28510284423828
C11 774.987 97.78817749023438
C11 799.976 96.74896240234375
C11 824.988 94.88243865966797
C11 850.022 92.9817123413086
C11 869.967 89.84188842773438
C11 875.002 88.96429443359375
C11 899.999 82.227294921875
C11 919.999 73.05303955078125
C11 925.012 70.68749237060547
C11 949.965 57.39971160888672
C11 975.002 42.1776123046875
C11 999.976 25.65966033935547
C11 1025.028 10.948969841003418
C11 1050.014 3.8137223720550537
C11 1075.002 0.9363602912871251
C11 1099.99 0.09290480788498715
C12 319.994 42.540626525878906
C12 324.969 48.03580093383789
C12 349.982 69.01461791992188
C12 374.975 72.13059997558594
C12 400.019 81.22736358642578
C12 424.965 84.13427734375
C12 450.035 86.605224609375
C12 475.003 89.78114318847656
C12 500.018 91.87581634521484
C12 525.002 93.94881439208984
C12 550.029 96.69013214111328
C12 575.023 97.77051544189453
C12 599.982 98.11084747314453
C12 619.997 98.16879272460938
C12 624.979 99.19801330566406
C12 650.012 98.65435028076172
C12 675.004 99.05148315429688
C12 700.03 97.91804504394531
C12 725.012 97.9976806640625
C12 750.022 97.72044372558594
C12 774.987 97.21353149414062
C12 799.976 96.17259216308594
C12 824.988 94.32257843017578
C12 850.022 92.43189239501953
C12 869.967 89.2956314086914
C12 875.002 88.43659210205078
C12 899.999 81.7868423461914
C12 919.999 72.66220092773438
C12 925.012 70.29447937011719
C12 949.965 57.10403823852539
C12 975.002 41.95964431762695
C12 999.976 25.482601165771484
C12 1025.028 10.882927894592285
C12 1050.014 3.7829620838165283
C12 1075.002 0.9309808678975546
C12 1099.99 0.09237106643824868
C13 319.994 42.933082580566406
C13 324.969 48.474754333496094
C13 349.982 69.58814239501953
C13 374.975 72.65637969970703
C13 400.019 81.72740173339844
C13 424.965 84.61555480957031
C13 450.035 87.08363342285156
C13 475.003 90.26779174804688
C13 500.018 92.36795043945312
C13 525.002 94.44828033447266
C13 550.029 97.19669342041016
C13 575.023 98.27384948730469
C13 599.982 98.6124267578125
C13 619.997 98.6651840209961
C13 624.979 99.69805145263672
C13 650.012 99.14850616455078
C13 675.004 99.54243469238281
C13 700.03 98.4002685546875
C13 725.012 98.47579956054688
C13 750.022 98.18595123291016
C13 774.987 97.67533111572266
C13 799.976 96.62995147705078
C13 824.988 94.7765121459961
C13 850.022 92.86854553222656
C13 869.967 89.71220397949219
C13 875.002 88.8434066772461
C13 899.999 82.23614501953125
C13 919.999 73.04882049560547
C13 925.012 70.62616729736328
C13 949.965 57.29236602783203
C13 975.002 42.16836166381836
C13 999.976 25.649173736572266
C13 1025.028 10.952385902404785
C13 1050.014 3.802363395690918
C13 1075.002 0.935415830256622
C13 1099.99 0.09281109932919915
C14 319.994 43.1755485534668
C14 324.969 48.74785614013672
C14 349.982 69.92915344238281
C14 374.975 72.8858871459961
C14 400.019 81.77056121826172
C14 424.965 84.57736206054688
C14 450.035 86.99797821044922
C14 475.003 90.15506744384766
C14 500.018 92.23407745361328
C14 525.002 94.29940032958984
C14 550.029 97.02996826171875
C14 575.023 98.0997314453125
C14 599.982 98.4309310913086
C14 619.997 98.47372436523438
C14 624.979 99.50582885742188
C14 650.012 98.94971466064453
C14 675.004 99.34005737304688
C14 700.03 98.19291687011719
C14 725.012 98.26962280273438
C14 750.022 97.98744201660156
C14 774.987 97.47955322265625
C14 799.976 96.43898010253906
C14 824.988 94.5949935913086
C14 850.022 92.67601013183594
C14 869.967 89.53829193115234
C14 875.002 88.67356872558594
C14 899.999 82.1079330444336
C14 919.999 72.8756332397461
C14 925.012 70.5345687866211
C14 949.965 57.248844146728516
C14 975.002 42.072086334228516
C14 999.976 25.540523529052734
C14 1025.028 10.907971382141113
C14 1050.014 3.8002593517303467
C14 1075.002 0.9335245840346478
C14 1099.99 0.09262345161650706
C15 319.994 43.34749221801758
C15 324.969 48.94305419921875
C15 349.982 70.17559051513672
C15 374.975 73.07429504394531
C15 400.019 81.87747955322266
C15 424.965 84.64045715332031
C15 450.035 87.03872680664062
C15 475.003 90.18218231201172
C15 500.018 92.25022888183594
C15 525.002 94.30420684814453
C15 550.029 97.0339584350586
C15 575.023 98.0941390991211
C15 599.982 98.42066192626953
C15 619.997 98.46058654785156
C15 624.979 99.49140167236328
C15 650.012 98.9327621459961
C15 675.004 99.32141876220703
C15 700.03 98.1745376586914
C15 725.012 98.25968933105469
C15 750.022 97.98883056640625
C15 774.987 97.49398040771484
C15 799.976 96.45447540283203
C15 824.988 94.61630249023438
C15 850.022 92.699462890625
C15 869.967 89.59475708007812
C15 875.002 88.73670196533203
C15 899.999 82.12097930908203
C15 919.999 72.87495422363281
C15 925.012 70.56926727294922
C15 949.965 57.37465286254883
C15 975.002 42.13911819458008
C15 999.976 25.53188705444336
C15 1025.028 10.895827293395996
C15 1050.014 3.8095450401306152
C15 1075.002 0.9335377062133181
C15 1099.99 0.09262475358701965
C16 319.994 43.53202819824219
C16 324.969 49.148590087890625
C16 349.982 70.43792724609375
C16 374.975 73.30683898925781
C16 400.019 82.05223846435547
C16 424.965 84.78411102294922
C16 450.035 87.16624450683594
C16 475.003 90.30230712890625
C16 500.018 92.36421966552734
C16 525.002 94.41604614257812
C16 550.029 97.13714599609375
C16 575.023 98.19812774658203
C16 599.982 98.51805877685547
C16 619.997 98.5565185546875
C16 624.979 99.58734130859375
C16 650.012 99.0260238647461
C16 675.004 99.40998077392578
C16 700.03 98.26641082763672
C16 725.012 98.36278533935547
C16 750.022 98.11186981201172
C16 774.987 97.63493347167969
C16 799.976 96.60441589355469
C16 824.988 94.7619400024414
C16 850.022 92.84615325927734
C16 869.967 89.72895812988281
C16 875.002 88.92870330810547
C16 899.999 82.31430053710938
C16 919.999 73.2083740234375
C16 925.012 70.59945678710938
C16 949.965 57.275272369384766
C16 975.002 42.315086364746094
C16 999.976 25.706558227539062
C16 1025.028 10.952733993530273
C16 1050.014 3.836310386657715
C16 1075.002 0.9347097168291683
C16 1099.99 0.09274103940362027
C17 319.994 43.56745910644531
C17 324.969 49.18809127807617
C17 349.982 70.48088073730469
C17 374.975 73.32672882080078
C17 400.019 81.98580932617188
C17 424.965 84.68161010742188
C17 450.035 87.0440902709961
C17 475.003 90.16552734375
C17 500.018 92.22087860107422
C17 525.002 94.26009368896484
C17 550.029 96.97645568847656
C17 575.023 98.03077697753906
C17 599.982 98.35032653808594
C17 619.997 98.3849105834961
C17 624.979 99.41424560546875
C17 650.012 98.85303497314453
C17 675.004 99.23494720458984
C17 700.03 98.09848022460938
C17 725.012 98.21321868896484
C17 750.022 97.99031066894531
C17 774.987 97.53849792480469
C17 799.976 96.52147674560547
C17 824.988 94.6841812133789
C17 850.022 92.7886962890625
C17 869.967 89.7420883178711
C17 875.002 88.93426513671875
C17 899.999 82.09141540527344
C17 919.999 73.03194427490234
C17 925.012 70.65385437011719
C17 949.965 57.53858184814453
C17 975.002 42.427818298339844
C17 999.976 25.6898136138916
C17 1025.028 10.995988845825195
C17 1050.014 3.85501766204834
C17 1075.002 0.9335513748317578
C17 1099.99 0.09262610977478412
