lsstCam/transmission_sensor/r31_s01/19700101T000000.ecsv
# %ECSV 1.0
# ---
# datatype:
# - {name: amp_name, datatype: string}
# - {name: wavelength, unit: nm, datatype: float32}
# - {name: efficiency, unit: '%', datatype: float64}
# meta: !!omap
# - {MODE: AMP}
# - {TYPE: transmission_sensor}
# - {CALIBDATE: '1970-01-01T00:00:00'}
# - {INSTRUME: LSSTCam}
# - {OBSTYPE: transmission_sensor}
# - {DETECTOR: 127}
# - {PARQUETFILE: qe_raft_allvalues_nircorrected_20230725_adjust.parquet}
# - {CORRFILE: qe_corr_factor_bydetnum.parquet}
# - {CALIBCLS: lsst.ip.isr.IntermediateSensorTransmissionCurve}
# - {CALIB_ID: 'raftName=R31 detectorName=S01 detector=127 calibDate=1970-01-01T00:00:00 ccd=127 ccdnum=127 filter=None'}
# - {DATE: '2025-03-03T21:56:48.097247'}
# - {CALIB_CREATION_DATE: '2025-03-03'}
# - {CALIB_CREATION_TIME: '21:56:48'}
# - __serialized_columns__:
#     efficiency:
#       __class__: astropy.units.quantity.Quantity
#       unit: !astropy.units.Unit {unit: '%'}
#       value: !astropy.table.SerializedColumn {name: efficiency}
#     wavelength:
#       __class__: astropy.units.quantity.Quantity
#       unit: !astropy.units.Unit {unit: nm}
#       value: !astropy.table.SerializedColumn {name: wavelength}
# schema: astropy-2.0
amp_name wavelength efficiency
C00 319.994 42.90347024716237
C00 324.969 48.44604636207633
C00 349.982 69.64939891645876
C00 374.975 72.63480764752333
C00 400.019 81.27955237561144
C00 424.965 83.97258379750373
C00 450.035 86.31597872094633
C00 475.003 89.41257211729929
C00 500.018 91.44994281858617
C00 525.002 93.48384280469153
C00 550.029 96.18660897377056
C00 575.023 97.24133343929219
C00 599.982 97.56830373201703
C00 619.997 97.61455710078467
C00 624.979 98.63769501366754
C00 650.012 98.08795199583824
C00 675.004 98.49572297357824
C00 700.03 97.45855758683675
C00 725.012 97.81894112440114
C00 750.022 97.88809664663623
C00 774.987 97.71880794692754
C00 799.976 96.79700578388378
C00 824.988 94.85386195528791
C00 850.022 92.96634090420626
C00 869.967 89.79086484964897
C00 875.002 88.87786125403903
C00 899.999 81.65308809702154
C00 919.999 72.19945361755133
C00 925.012 69.7872685103138
C00 949.965 56.99250743854416
C00 975.002 42.0208239925644
C00 999.976 25.585006788755422
C00 1025.028 10.994576838734126
C00 1050.014 3.816231157084664
C00 1075.002 0.9325750852334249
C00 1099.99 0.09252924321773637
C01 319.994 43.2498529501294
C01 324.969 48.84020467731166
C01 349.982 70.29938928002422
C01 374.975 73.23475425600449
C01 400.019 81.66827247594065
C01 424.965 84.24626795648787
C01 450.035 86.53016599270707
C01 475.003 89.59373431631315
C01 500.018 91.61180297001162
C01 525.002 93.63198754217602
C01 550.029 96.33527888526278
C01 575.023 97.38771237431591
C01 599.982 97.7129853655375
C01 619.997 97.75990091022793
C01 624.979 98.78556574732191
C01 650.012 98.23775597873845
C01 675.004 98.65013174306796
C01 700.03 97.61273040858387
C01 725.012 97.97427085120874
C01 750.022 98.0442559961517
C01 774.987 97.87109318673383
C01 799.976 96.95576055856789
C01 824.988 95.02053239617547
C01 850.022 93.15352357626524
C01 869.967 89.9797752680812
C01 875.002 89.06285950667456
C01 899.999 81.90373310062316
C01 919.999 72.47377711880574
C01 925.012 70.05283150022188
C01 949.965 57.206192369949676
C01 975.002 42.18376493687533
C01 999.976 25.704354484816125
C01 1025.028 11.010843913343082
C01 1050.014 3.8088489896580913
C01 1075.002 0.9340628076723149
C01 1099.99 0.0926768536713805
C02 319.994 43.45718632052841
C02 324.969 49.07687548557719
C02 349.982 70.65364578749842
C02 374.975 73.52304434137749
C02 400.019 81.80538855926284
C02 424.965 84.303991430033
C02 450.035 86.54911031307282
C02 475.003 89.58437251878408
C02 500.018 91.58437975334719
C02 525.002 93.59493613536989
C02 550.029 96.28760983003953
C02 575.023 97.33725761348646
C02 599.982 97.6626676066231
C02 619.997 97.70691922518736
C02 624.979 98.73050619990293
C02 650.012 98.18567241736326
C02 675.004 98.59662488401966
C02 700.03 97.56127857826147
C02 725.012 97.92262874044877
C02 750.022 97.99247688347667
C02 774.987 97.82181816461738
C02 799.976 96.90950718980025
C02 824.988 94.9889230098842
C02 850.022 93.15045625561142
C02 869.967 89.98218041281224
C02 875.002 89.05775999094735
C02 899.999 81.96042905980534
C02 919.999 72.51062302273928
C02 925.012 70.11196304900513
C02 949.965 57.33946859404144
C02 975.002 42.25078551260075
C02 999.976 25.779842540013984
C02 1025.028 10.99994845548709
C02 1050.014 3.8066954908057475
C02 1075.002 0.9335695106121498
C02 1099.99 0.09262790919025361
C03 319.994 43.66997312826853
C03 324.969 49.31781618686207
C03 349.982 70.97418460143295
C03 374.975 73.78350020434087
C03 400.019 82.01160688629761
C03 424.965 84.48658453793747
C03 450.035 86.7195483066245
C03 475.003 89.75431578319805
C03 500.018 91.75430018410866
C03 525.002 93.76162179869246
C03 550.029 96.45787276558865
C03 575.023 97.50585369240234
C03 599.982 97.82735913095979
C03 619.997 97.86672434788693
C03 624.979 98.89270885611604
C03 650.012 98.34291255976422
C03 675.004 98.75097276376935
C03 700.03 97.71485772504332
C03 725.012 98.07578165905043
C03 750.022 98.14602558538851
C03 774.987 97.97616604436708
C03 799.976 97.06360389937232
C03 824.988 95.14566842314744
C03 850.022 93.31387670662505
C03 869.967 90.13489188079872
C03 875.002 89.20508271694148
C03 899.999 82.11828571082405
C03 919.999 72.63237966913978
C03 925.012 70.24871379388716
C03 949.965 57.490657818527254
C03 975.002 42.36612590264596
C03 999.976 25.82034373115349
C03 1025.028 10.997784015509584
C03 1050.014 3.8059850312219226
C03 1075.002 0.9350323615440886
C03 1099.99 0.09277305191582706
C04 319.994 43.99960734711952
C04 324.969 49.692554480637696
C04 349.982 71.47813853476234
C04 374.975 74.17879639659294
C04 400.019 82.26156688032391
C04 424.965 84.66666594406587
C04 450.035 86.87031891414763
C04 475.003 89.89040435215729
C04 500.018 91.87885775855038
C04 525.002 93.88219870637994
C04 550.029 96.57586185932502
C04 575.023 97.62044818313223
C04 599.982 97.93609298421212
C04 619.997 97.9778329010003
C04 624.979 99.00247022373132
C04 650.012 98.44535954735882
C04 675.004 98.85255207256857
C04 700.03 97.80849853398658
C04 725.012 98.1733346337904
C04 750.022 98.2495990331736
C04 774.987 98.08706909460784
C04 799.976 97.17180496739942
C04 824.988 95.25851233385156
C04 850.022 93.41730554127757
C04 869.967 90.20681788620503
C04 875.002 89.27149820087539
C04 899.999 82.26343162861222
C04 919.999 72.70470906907377
C04 925.012 70.31947528301546
C04 949.965 57.516037423292055
C04 975.002 42.42125395102246
C04 999.976 25.81989657212517
C04 1025.028 10.982440752425093
C04 1050.014 3.805992880289973
C04 1075.002 0.9360191006210334
C04 1099.99 0.09287095526054295
C05 319.994 44.22876207810053
C05 324.969 49.94404052377342
C05 349.982 71.74331335257776
C05 374.975 74.34669224349852
C05 400.019 82.35017667449749
C05 424.965 84.72357501733815
C05 450.035 86.91385507826658
C05 475.003 89.92770692914104
C05 500.018 91.91331374018787
C05 525.002 93.9101470970521
C05 550.029 96.5946615665582
C05 575.023 97.63075377163172
C05 599.982 97.94330080718777
C05 619.997 97.9741947390337
C05 624.979 98.99752293235417
C05 650.012 98.43516051590437
C05 675.004 98.8372459141694
C05 700.03 97.7931314858474
C05 725.012 98.16720760370023
C05 750.022 98.25349597653529
C05 774.987 98.10062467298125
C05 799.976 97.18539860186034
C05 824.988 95.27108606516704
C05 850.022 93.43201041349397
C05 869.967 90.21267091246507
C05 875.002 89.28712403040969
C05 899.999 82.2856487725044
C05 919.999 72.69656506634522
C05 925.012 70.32413334812749
C05 949.965 57.524219482108116
C05 975.002 42.435384176317356
C05 999.976 25.787499424822318
C05 1025.028 10.961866680111449
C05 1050.014 3.8100004241560144
C05 1075.002 0.9360562264913516
C05 1099.99 0.09287463885528909
C06 319.994 44.402518562483664
C06 324.969 50.14211484807964
C06 349.982 71.98946773785242
C06 374.975 74.53607455741597
C06 400.019 82.46734375674349
C06 424.965 84.8057000541989
C06 450.035 86.97829925686713
C06 475.003 89.98141929106191
C06 500.018 91.96103607393366
C06 525.002 93.95153689783513
C06 550.029 96.63135524614167
C06 575.023 97.66391584629365
C06 599.982 97.96653785422538
C06 619.997 98.0003544935926
C06 624.979 99.02021958294905
C06 650.012 98.45519324037309
C06 675.004 98.85361764301904
C06 700.03 97.81223564178072
C06 725.012 98.19189839328098
C06 750.022 98.29689513873919
C06 774.987 98.15952027402189
C06 799.976 97.2535113872975
C06 824.988 95.33987624896199
C06 850.022 93.50560327553352
C06 869.967 90.30008574549063
C06 875.002 89.37019285824084
C06 899.999 82.37255365395723
C06 919.999 72.73279446166099
C06 925.012 70.37325614589388
C06 949.965 57.58598070653875
C06 975.002 42.49320279008128
C06 999.976 25.79910653151487
C06 1025.028 10.956947930799933
C06 1050.014 3.825021161898803
C06 1075.002 0.9364696879426831
C06 1099.99 0.09291566212065097
C07 319.994 44.401182793811834
C07 324.969 50.141129195412965
C07 349.982 71.97822596960002
C07 374.975 74.5026156452714
C07 400.019 82.36438681757618
C07 424.965 84.67856988824106
C07 450.035 86.83721772922573
C07 475.003 89.83395956315272
C07 500.018 91.8047168888506
C07 525.002 93.79091737486272
C07 550.029 96.46540025969942
C07 575.023 97.49347024152445
C07 599.982 97.80175499527864
C07 619.997 97.83131696406151
C07 624.979 98.85048943262517
C07 650.012 98.28649060441215
C07 675.004 98.68311875972731
C07 700.03 97.64733100335393
C07 725.012 98.0462881912251
C07 750.022 98.1726344017801
C07 774.987 98.05463008560872
C07 799.976 97.1584396694636
C07 824.988 95.25751526435863
C07 850.022 93.43006194181312
C07 869.967 90.27040199722771
C07 875.002 89.34512911900244
C07 899.999 82.2899947776988
C07 919.999 72.7038566127134
C07 925.012 70.36969409610232
C07 949.965 57.60212790447203
C07 975.002 42.505274181041536
C07 999.976 25.768305837083336
C07 1025.028 10.987050296025537
C07 1050.014 3.8498094702038124
C07 1075.002 0.9352858617394467
C07 1099.99 0.09279820397232463
C10 319.994 41.86842458449556
C10 324.969 47.27252981937175
C10 349.982 67.87224813039266
C10 374.975 71.15106168499246
C10 400.019 80.65776918411328
C10 424.965 83.77660255801092
C10 450.035 86.35185038903944
C10 475.003 89.59364298170311
C10 500.018 91.72783598084963
C10 525.002 93.82714677017847
C10 550.029 96.58313057204067
C10 575.023 97.67349836913031
C10 599.982 98.02142995485927
C10 619.997 98.07875764509423
C10 624.979 99.10896637903768
C10 650.012 98.57130236338614
C10 675.004 98.97178940597547
C10 700.03 97.84293168197158
C10 725.012 97.94218956943229
C10 750.022 97.68027235270827
C10 774.987 97.19552152113975
C10 799.976 96.1618725168848
C10 824.988 94.30441577494123
C10 850.022 92.41612599089176
C10 869.967 89.27884302576608
C10 875.002 88.41691831082088
C10 899.999 81.68293929206953
C10 919.999 72.57665794579802
C10 925.012 70.22507335232187
C10 949.965 56.96323469602641
C10 975.002 41.85911987109776
C10 999.976 25.476750539401422
C10 1025.028 10.930419983594323
C10 1050.014 3.81977941154449
C10 1075.002 0.9305980033763434
C10 1099.99 0.09233307897218448
C11 319.994 42.377120306329495
C11 324.969 47.853181991482
C11 349.982 68.80522356073129
C11 374.975 72.02039972578588
C11 400.019 81.28938606862572
C11 424.965 84.27854712991942
C11 450.035 86.7886962176421
C11 475.003 89.99773013017152
C11 500.018 92.11240035642204
C11 525.002 94.2025700735294
C11 550.029 96.96271721136591
C11 575.023 98.05313828697808
C11 599.982 98.40451775423604
C11 619.997 98.46230972873869
C11 624.979 99.49981762026782
C11 650.012 98.958066380817
C11 675.004 99.36304404173329
C11 700.03 98.23072321376539
C11 725.012 98.32247644076782
C11 750.022 98.05093864511961
C11 774.987 97.55519721547633
C11 799.976 96.51845805691502
C11 824.988 94.65638130594695
C11 850.022 92.76018346691153
C11 869.967 89.6278401819455
C11 875.002 88.75233705497439
C11 899.999 82.03138844058871
C11 919.999 72.87899072746463
C11 925.012 70.51907946203985
C11 949.965 57.26295683008939
C11 975.002 42.077124168436406
C11 999.976 25.59852621384568
C11 1025.028 10.922883926863856
C11 1050.014 3.8046361807700073
C11 1075.002 0.9341294134495829
C11 1099.99 0.09268346223541156
C12 319.994 42.439273508461554
C12 324.969 47.92135566665918
C12 349.982 68.85019063374087
C12 374.975 71.95874886400904
C12 400.019 81.03383944095198
C12 424.965 83.93382747797686
C12 450.035 86.39888771320992
C12 475.003 89.56723966818411
C12 500.018 91.65692226737127
C12 525.002 93.72498139763151
C12 550.029 96.45976795874698
C12 575.023 97.53757724695615
C12 599.982 97.87709843734395
C12 619.997 97.9349056342816
C12 624.979 98.96167409791357
C12 650.012 98.41930634984497
C12 675.004 98.81549305454493
C12 700.03 97.68475535981771
C12 725.012 97.7642012481173
C12 750.022 97.4876248264819
C12 774.987 96.98192031312676
C12 799.976 95.94346101940972
C12 824.988 94.09785494311882
C12 850.022 92.21167346631776
C12 869.967 89.08288461992578
C12 875.002 88.22589197392273
C12 899.999 81.59198524290494
C12 919.999 72.4890832772049
C12 925.012 70.12700281479168
C12 949.965 56.96798790135723
C12 975.002 41.8596754899755
C12 999.976 25.42188888363754
C12 1025.028 10.8569993253508
C12 1050.014 3.7739491788999304
C12 1075.002 0.9287628065330412
C12 1099.99 0.09215099242735277
C13 319.994 42.83079453683198
C13 324.969 48.35926326010356
C13 349.982 69.42234868711743
C13 374.975 72.48327591824987
C13 400.019 81.53268624733663
C13 424.965 84.41395830052086
C13 450.035 86.87615671797268
C13 475.003 90.05272878785046
C13 500.018 92.14788385242248
C13 525.002 94.22325736270341
C13 550.029 96.96512235609696
C13 575.023 98.03971209930224
C13 599.982 98.37748270966426
C13 619.997 98.43011427869968
C13 624.979 99.46052090429822
C13 650.012 98.91228490753457
C13 675.004 99.30527490088313
C13 700.03 98.16582997333214
C13 725.012 98.24118102661494
C13 750.022 97.95202326244656
C13 774.987 97.44261969738481
C13 799.976 96.39973067508085
C13 824.988 94.55070716213095
C13 850.022 92.64728627768488
C13 869.967 89.49846470682418
C13 875.002 88.63173731363439
C13 899.999 82.04021745289256
C13 919.999 72.8747817241853
C13 925.012 70.45790049574822
C13 949.965 57.15586699981777
C13 975.002 42.06789556721364
C13 999.976 25.588064595387376
C13 1025.028 10.926291849500963
C13 1050.014 3.793304267160309
C13 1075.002 0.9331872025969238
C13 1099.99 0.09258997694020205
C14 319.994 43.07268283469603
C14 324.969 48.63171440185216
C14 349.982 69.76254727586303
C14 374.975 72.71223656318455
C14 400.019 81.57574290475287
C14 424.965 84.37585654569928
C14 450.035 86.79070557906297
C14 475.003 89.940273049239
C14 500.018 92.01432981889185
C14 525.002 94.07473206434375
C14 550.029 96.79879441999705
C14 575.023 97.86600889344162
C14 599.982 98.19641945647795
C14 619.997 98.23911077545404
C14 624.979 99.26875627930224
C14 650.012 98.71396702426824
C14 675.004 99.10337974539026
C14 700.03 97.95897230402709
C14 725.012 98.0354954848054
C14 750.022 97.75398699422786
C14 774.987 97.2473082450323
C14 799.976 96.20921428975541
C14 824.988 94.36962107529212
C14 850.022 92.45520959277127
C14 869.967 89.32496700383615
C14 875.002 88.46230400079314
C14 899.999 81.91231094274939
C14 919.999 72.70200708686009
C14 925.012 70.36652021840344
C14 949.965 57.11244880957012
C14 975.002 41.97184961353933
C14 999.976 25.479673246922694
C14 1025.028 10.881983146805425
C14 1050.014 3.7912052360832234
C14 1075.002 0.9313004622679495
C14 1099.99 0.09240277629807393
C15 319.994 43.244216843568196
C15 324.969 48.82644740167442
C15 349.982 70.00839721243754
C15 374.975 72.90019557942887
C15 400.019 81.6824065068443
C15 424.965 84.43880131445168
C15 450.035 86.83135709174817
C15 475.003 89.96732331624578
C15 500.018 92.03044276634637
C15 525.002 94.07952713137084
C15 550.029 96.80277508675128
C15 575.023 97.86042987101169
C15 599.982 98.18617475771849
C15 619.997 98.22600425891332
C15 624.979 99.25436346700347
C15 650.012 98.69705489897588
C15 675.004 99.08478554102966
C15 700.03 97.94063688106161
C15 725.012 98.02558567961609
C15 750.022 97.75537223581345
C15 774.987 97.26170105733107
C15 799.976 96.22467267250464
C15 824.988 94.39087920577887
C15 850.022 92.47860647537645
C15 869.967 89.38129762457818
C15 875.002 88.52528682563305
C15 899.999 81.92532612468005
C15 919.999 72.7013296885023
C15 925.012 70.4011360356085
C15 949.965 57.23795778619975
C15 975.002 42.03872177052344
C15 999.976 25.471057348708943
C15 1025.028 10.869867991344526
C15 1050.014 3.8004688013363963
C15 1075.002 0.9313135531830369
C15 1099.99 0.09240407516664254
C16 319.994 43.428313166929584
C16 324.969 49.03149360121368
C16 349.982 70.27010892628897
C16 374.975 73.13218548892985
C16 400.019 81.8567490549752
C16 424.965 84.58211292882156
C16 450.035 86.95857098109855
C16 475.003 90.08716193583544
C16 500.018 92.14416196706337
C16 525.002 94.19109996875191
C16 550.029 96.9057168034836
C16 575.023 97.96417076558185
C16 599.982 98.28333956036579
C16 619.997 98.32170770779999
C16 624.979 99.35007452710764
C16 650.012 98.79009442173638
C16 675.004 99.17313655380812
C16 700.03 98.0322911622365
C16 725.012 98.12843606173836
C16 750.022 97.8781183404894
C16 774.987 97.40231830070478
C16 799.976 96.37425593009725
C16 824.988 94.53616973669962
C16 850.022 92.62494735431265
C16 869.967 89.51517894046145
C16 875.002 88.71683072532143
C16 899.999 82.11818676499651
C16 919.999 73.03395511583209
C16 925.012 70.43125362326911
C16 949.965 57.1388140670016
C16 975.002 42.21427069662861
C16 999.976 25.645312367838546
C16 1025.028 10.926639111299552
C16 1050.014 3.8271703794413012
C16 1075.002 0.9324827714842913
C16 1099.99 0.09252008393235422
C17 319.994 43.46365966101497
C17 324.969 49.07090067983709
C17 349.982 70.31296008083262
C17 374.975 73.15202793296099
C17 400.019 81.79047818417385
C17 424.965 84.47985622166455
C17 450.035 86.836707777653
C17 475.003 89.95070802843604
C17 500.018 92.00116241261112
C17 525.002 94.03551907176669
C17 550.029 96.74540934042882
C17 575.023 97.79721870964667
C17 599.982 98.11600694355545
C17 619.997 98.15050859249796
C17 624.979 99.17739122439247
C17 650.012 98.61751767606626
C17 675.004 98.99852000184711
C17 700.03 97.86476065377107
C17 725.012 97.9792257538034
C17 750.022 97.7568488120091
C17 774.987 97.3061125114629
C17 799.976 96.29151438461874
C17 824.988 94.45859620790586
C17 850.022 92.56762727529521
C17 869.967 89.52827784578466
C17 875.002 88.72237930288135
C17 899.999 81.89583265685471
C17 919.999 72.85794571106797
C17 925.012 70.48552160406774
C17 949.965 57.40149621108469
C17 975.002 42.32673404645757
C17 999.976 25.628607648223152
C17 1025.028 10.969790908934586
C17 1050.014 3.845833084759425
C17 1075.002 0.9313271892360012
C17 1099.99 0.09240542812329047
