lsstCam/transmission_filter_detector/r14_s10/r_57/19700101T000000.ecsv
# %ECSV 1.0
# ---
# datatype:
# - {name: wavelength, unit: nm, datatype: float32}
# - {name: efficiency, unit: '%', datatype: float64}
# meta: !!omap
# - {MODE: DETECTOR}
# - {TYPE: transmission_filter_detector}
# - {CALIBDATE: '1970-01-01T00:00:00'}
# - {INSTRUME: LSSTCam}
# - {OBSTYPE: transmission_filter_detector}
# - {CALIBCLS: lsst.ip.isr.IntermediateFilterDetectorTransmissionCurve}
# - {SOURCE: Materion (DM-46256)}
# - {DETECTOR: 66}
# - {FILTER: r_57}
# - {CALIB_ID: 'calibDate=1970-01-01T00:00:00 filter=r_57 detector=66'}
# - {DATE: '2025-04-02T15:59:44.489006'}
# - {CALIB_CREATION_DATE: '2025-04-02'}
# - {CALIB_CREATION_TIME: '15:59:44'}
# - __serialized_columns__:
#     efficiency:
#       __class__: astropy.units.quantity.Quantity
#       unit: !astropy.units.Unit {unit: '%'}
#       value: !astropy.table.SerializedColumn {name: efficiency}
#     wavelength:
#       __class__: astropy.units.quantity.Quantity
#       unit: !astropy.units.Unit {unit: nm}
#       value: !astropy.table.SerializedColumn {name: wavelength}
# schema: astropy-2.0
wavelength efficiency
[from data line 603]
903.0 1.627498157942553e-10
904.0 1.627498157942553e-10
905.0 6.750634042873571e-05
906.0 2.159097647336239e-05
907.0 1.627498157942553e-10
908.0 1.627498157942553e-10
909.0 1.627498157942553e-10
910.0 1.627498157942553e-10
911.0 1.627498157942553e-10
912.0 1.627498157942553e-10
913.0 1.627498157942553e-10
914.0 1.627498157942553e-10
915.0 2.1686807372134353e-05
916.0 4.787268892414431e-06
917.0 1.627498157942553e-10
918.0 6.975359951866267e-05
919.0 0.00015161940609687008
920.0 6.940213665984629e-05
921.0 1.627498157942553e-10
922.0 8.212330158130499e-05
923.0 0.00017706177004583878
924.0 0.00020545007828332018
925.0 0.00023383843199553667
926.0 0.00018262286403114558
927.0 0.00013140730743543827
928.0 0.00013655762813868932
929.0 0.00014170794884194038
930.0 0.00020350328213680768
931.0 0.00026529862680035876
932.0 0.00013776417517874506
933.0 1.0229781111092962e-05
934.0 0.0001270394932362251
935.0 0.0002438491947032162
936.0 0.0002921018221968552
937.0 0.0003403544496904942
938.0 0.00034106788007193245
939.0 0.00034178135592810577
940.0 0.00029654115678567905
941.0 0.00025130095764325233
942.0 0.0002976140422106255
943.0 0.00034392712677799864
944.0 0.00029849297789041884
945.0 0.00025305887447757414
946.0 0.0003103790504610515
947.0 0.0003676991809697938
948.0 0.0005048032562626759
949.0 0.0006419073997676605
950.0 0.0006469328582170419
951.0 0.0006519582711916883
952.0 0.0007433280188706703
953.0 0.0008346979484485928
954.0 0.0011717535016941838
955.0 0.0015088092368387152
956.0 0.00158042003022274
957.0 0.0016520305507583544
958.0 0.0017317755919066258
959.0 0.0018115211787517183
960.0 0.001976121166080702
961.0 0.0021407215172075666
962.0 0.0023131711714086123
963.0 0.0024856211894075386
964.0 0.002486190896888729
965.0 0.0024867604224709794
966.0 0.0024320690499735065
967.0 0.002377377495577093
968.0 0.0023247941498993896
969.0 0.0022722111680195667
970.0 0.0023864802642492577
971.0 0.002500749542377889
972.0 0.0025578352506272495
973.0 0.0026149207769776694
974.0 0.0028511398340924643
975.0 0.003087358709308319
976.0 0.0031964038498699665
977.0 0.0033054486266337335
978.0 0.0031688454328104854
979.0 0.003032242602785118
980.0 0.002986010440508835
981.0 0.0029397780963336118
982.0 0.0030783372494624928
983.0 0.0032168962206924334
984.0 0.003147973257000558
985.0 0.0030790502933086827
986.0 0.002960589699796401
987.0 0.002842129106284119
988.0 0.002660015525179915
989.0 0.002477901944075711
990.0 0.0025277002350776456
991.0 0.00257749852607958
992.0 0.002647545261424966
993.0 0.0027175921786692925
994.0 0.00274448193522403
995.0 0.002771371146081947
996.0 0.0028165337425889447
997.0 0.0028616963390959427
998.0 0.0030060187782510184
999.0 0.003150341217406094
1000.0 0.003298994488432072
1001.0 0.003447648123255931
1002.0 0.003621542055043392
1003.0 0.003795435986830853
1004.0 0.003930897582904436
1005.0 0.004066358451382257
1006.0 0.004259015258867294
1007.0 0.0044516717025544494
1008.0 0.004382276529213414
1009.0 0.004312880628276616
1010.0 0.004300995715311728
1011.0 0.00428911043854896
1012.0 0.00427601407864131
1013.0 0.004262917718733661
1014.0 0.00403393387387041
1015.0 0.0038049493014113978
1016.0 0.0036490651837084442
1017.0 0.0034931814298033714
1018.0 0.003066811041207984
1019.0 0.0026404415621072985
1020.0 0.0022063473807065748
1021.0 0.0017722528355079703
1022.0 0.0015996240108506754
1023.0 0.0014269947314460296
1024.0 0.0014978979379520752
1025.0 0.0015688012354075909
1026.0 0.001430665361112915
1027.0 0.0012925291230203584
1028.0 0.001149455511040287
1029.0 0.0010063816262118053
1030.0 0.000953034123085672
1031.0 0.0008996858923637774
1032.0 0.0008681237886776216
1033.0 0.0008365614121430553
1034.0 0.0008171533409040421
1035.0 0.0007977450877660885
1036.0 0.0008549814992875326
1037.0 0.0009122176379605662
1038.0 0.0008567069016862661
1039.0 0.0008011963473109063
1040.0 0.0008235955647251103
1041.0 0.0008459947821393143
1042.0 0.0009568788300384767
1043.0 0.0010677624231902882
1044.0 0.0009744187082105782
1045.0 0.0008810753570287488
1046.0 0.0008237137080868706
1047.0 0.0007663521500944626
1048.0 0.000683450616634218
1049.0 0.0006005491741234437
1050.0 0.000698292433298775
1051.0 0.0007960356015246361
1052.0 0.000999501298792893
1053.0 0.001202966541313799
1054.0 0.0011896233445440885
1055.0 0.0011762798749259673
1056.0 0.0011465323041193187
1057.0 0.0011167848242621403
1058.0 0.000854746213008184
1059.0 0.000592707783653168
1060.0 0.0009629036867409013
1061.0 0.0013330990441318136
1062.0 0.001414325652149273
1063.0 0.0014955522601667326
1064.0 0.0012021715519949794
1065.0 0.0009087904800253455
1066.0 0.001243131555384025
1067.0 0.0015774727216921747
1068.0 0.001843116660893429
1069.0 0.002108760418195743
1070.0 0.0015919287761789747
1071.0 0.0010750968613137957
1072.0 0.0013462264178087935
1073.0 0.0016173560652532615
1074.0 0.0021459625713760033
1075.0 0.002674568895599805
1076.0 0.0031018247682368383
1077.0 0.0035290806408738717
1078.0 0.003944281706935726
1079.0 0.0043594827729975805
1080.0 0.004407377491588704
1081.0 0.004455271482584067
1082.0 0.004285334580345079
1083.0 0.004115398041903973
1084.0 0.0045890905312262475
1085.0 0.0050627830205485225
1086.0 0.004825859286938794
1087.0 0.004588935189531185
1088.0 0.0046550983825
1089.0 0.004721261939266697
1090.0 0.004665466622100212
1091.0 0.004609670941135846
1092.0 0.003964983989135362
1093.0 0.0033202966733369976
1094.0 0.003979877510573715
1095.0 0.004639457984012552
1096.0 0.0034585649700602517
1097.0 0.0022776717742090113
1098.0 0.001780925776984077
1099.0 0.0012841798707086127
1100.0 0.001766329660313204
1101.0 0.0022484789951704443
