lsstCam/transmission_filter_detector/r14_s10/r_57/19700101T000000.ecsv
# %ECSV 1.0
# ---
# datatype:
# - {name: wavelength, unit: nm, datatype: float32}
# - {name: efficiency, unit: '%', datatype: float64}
# meta: !!omap
# - {MODE: DETECTOR}
# - {TYPE: transmission_filter_detector}
# - {CALIBDATE: '1970-01-01T00:00:00'}
# - {INSTRUME: LSSTCam}
# - {OBSTYPE: transmission_filter_detector}
# - {CALIBCLS: lsst.ip.isr.IntermediateFilterDetectorTransmissionCurve}
# - {SOURCE: Materion (DM-46256)}
# - {DETECTOR: 66}
# - {FILTER: r_57}
# - {CALIB_ID: 'calibDate=1970-01-01T00:00:00 filter=r_57 detector=66'}
# - {DATE: '2025-04-02T15:59:44.489006'}
# - {CALIB_CREATION_DATE: '2025-04-02'}
# - {CALIB_CREATION_TIME: '15:59:44'}
# - __serialized_columns__:
#     efficiency:
#       __class__: astropy.units.quantity.Quantity
#       unit: !astropy.units.Unit {unit: '%'}
#       value: !astropy.table.SerializedColumn {name: efficiency}
#     wavelength:
#       __class__: astropy.units.quantity.Quantity
#       unit: !astropy.units.Unit {unit: nm}
#       value: !astropy.table.SerializedColumn {name: wavelength}
# schema: astropy-2.0
wavelength efficiency
300.0 0.003146790186292492
301.0 0.00730973479221575
302.0 0.011472681217128411
303.0 0.013665214646607637
304.0 0.015857748803682625
305.0 0.014097802340984344
306.0 0.012337857333477587
307.0 0.010632924386300147
308.0 0.008927993621909991
309.0 0.008154944953275844
310.0 0.007381896284641698
311.0 0.0064096129790414125
312.0 0.005437330037239008
313.0 0.004948555215378292
314.0 0.004459781848709099
315.0 0.004586594513966702
316.0 0.004713408998213708
317.0 0.00454970941063948
318.0 0.004386010186863132
319.0 0.00384543563995976
320.0 0.003304861456854269
321.0 0.003028832907148171
322.0 0.0027528043574420735
323.0 0.0026122464987565763
324.0 0.0024716884581721388
325.0 0.0026669766157283448
326.0 0.0028622647732845508
327.0 0.002980699355248362
328.0 0.0030991341191111133
329.0 0.0029761962650809437
330.0 0.002853258774848655
331.0 0.0026635641916072927
332.0 0.0024738696083659306
333.0 0.002343870437471196
334.0 0.002213871448475402
335.0 0.001962657734111417
336.0 0.001711443837848492
337.0 0.001544532278785482
338.0 0.0013776207197224721
339.0 0.0012740727470372804
340.0 0.0011705245924531482
341.0 0.0011269106835243292
342.0 0.00108329668364604
343.0 0.0011167306183779147
344.0 0.0011501645531097893
345.0 0.0011035498573619407
346.0 0.001056935161614092
347.0 0.0009830201634031255
348.0 0.0009091051651921589
349.0 0.0009196768587571569
350.0 0.005793906166218221
351.0 0.005784855602541938
352.0 0.005775805038865656
353.0 0.00491957543999888
354.0 0.004063346568727866
355.0 0.0043783475121017545
356.0 0.004693348819273524
357.0 0.006459508585976437
358.0 0.008225669444072992
359.0 0.006191575084812939
360.0 0.004157480361755006
361.0 0.0029197201001807116
362.0 0.0016819598386064172
363.0 0.002594163925095927
364.0 0.003506367647787556
365.0 0.0038369100366253406
366.0 0.004167452425463125
367.0 0.003282744000898674
368.0 0.002398035030637402
369.0 0.0020253264665370807
370.0 0.0016526180843356997
371.0 0.0022849526430945843
372.0 0.0029172875656513497
373.0 0.0031787199986865744
374.0 0.0034401520679239184
375.0 0.003201225263183005
376.0 0.002962299004138913
377.0 0.001421559318259824
378.0 1.627498157942553e-10
379.0 0.0006076373665564461
380.0 0.001334455100732157
381.0 0.0023113132556318305
382.0 0.0032881715014809743
383.0 0.0032918364013312384
384.0 0.0032955013011815026
385.0 0.004281271685613319
386.0 0.0052670413424493745
387.0 0.004845587318413891
388.0 0.004424133294378407
389.0 0.0037498022720683366
390.0 0.003075470885960385
391.0 0.0020918605514452793
392.0 0.0011082503078796435
393.0 0.0012112082913517952
394.0 0.0013141659110260662
395.0 0.001162945591204334
396.0 0.001011725271382602
397.0 0.0009046752893482335
398.0 0.0007976255801622756
399.0 0.0006790003681089729
400.0 0.0005603746103588492
401.0 0.00016605512200840167
402.0 1.627498157942553e-10
403.0 1.627498157942553e-10
404.0 5.732266572522349e-05
405.0 0.0005968408459011698
406.0 0.0011363586963852867
407.0 0.0016239355318248272
408.0 0.002111512003466487
409.0 0.0017714499335852452
410.0 0.001431387681805063
411.0 0.0010446563464938663
412.0 0.0006579250111826696
413.0 0.0006970414688112214
414.0 0.0007361579719145084
415.0 0.0007202372216852382
416.0 0.0007043168807285838
417.0 0.0012279043403395917
418.0 0.0017514921637484804
419.0 0.0022436810468207113
420.0 0.0027358701117918827
421.0 0.0041784573113545775
422.0 0.005621043965220451
423.0 0.008761641947785392
424.0 0.01190223847515881
425.0 0.016252053319476545
426.0 0.02060186379821971
427.0 0.02111919893650338
428.0 0.021636535529978573
429.0 0.016554578905925155
430.0 0.011472623009467497
431.0 0.00821679350337945
432.0 0.004960964361089282
433.0 0.0040025319322012365
434.0 0.003044099321414251
435.0 0.0024010276320041157
436.0 0.0017579555787960999
437.0 0.001559403790452052
438.0 0.001360852002108004
439.0 0.0011729440302588046
440.0 0.0009850361493590754
441.0 0.0012280902410566341
442.0 0.0014711445146531332
443.0 0.0017679365555522963
444.0 0.00206472886929987
445.0 0.0019070539565291256
446.0 0.0017493788618594408
447.0 0.0015684818208683282
448.0 0.0013875847798772156
449.0 0.001394918217556551
450.0 0.0014022512914380059
451.0 0.0015715091649326496
452.0 0.0017407670384272933
453.0 0.001641400194785092
454.0 0.0015420337149407715
455.0 0.001400522069161525
456.0 0.0012590106052812189
457.0 0.000895441735337954
458.0 0.000531872819919954
459.0 0.0008166066436388064
460.0 0.0011013403309334535
461.0 0.0017548431060276926
462.0 0.002408345608273521
463.0 0.003068250953219831
464.0 0.003728156298166141
465.0 0.004802620969712734
466.0 0.0058770856412593275
467.0 0.00651922746328637
468.0 0.0071613692853134125
469.0 0.00613614174653776
470.0 0.005110914935357869
471.0 0.0038683578168274835
472.0 0.0026258003344992176
473.0 0.002192528518207837
474.0 0.0017592565200175159
475.0 0.001447175418434199
476.0 0.0011350946806487627
477.0 0.0009178681466437411
478.0 0.0007006415216892492
479.0 0.0009247029993275646
480.0 0.0011487642950669397
481.0 0.0008871252248354722
482.0 0.0006254863819776801
483.0 0.0006947295787540497
484.0 0.000763972639106214
485.0 0.0006637059414060786
486.0 0.000563439107281738
487.0 0.0006040391781425569
488.0 0.0006446391580539057
489.0 0.0006317472980299499
490.0 0.0006188554380059941
491.0 0.0007753049430903047
492.0 0.0009317544936493505
493.0 0.0010207507330051158
494.0 0.0011097470633103512
495.0 0.0010138170182472095
496.0 0.0009178869731840678
497.0 0.0011320632438582834
498.0 0.0013462392416840885
499.0 0.0013126323210599367
500.0 0.0012790255823347252
501.0 0.0014891378668835387
502.0 0.0016992504242807627
503.0 0.002086353379127104
504.0 0.002473456333973445
505.0 0.0030181801776052453
506.0 0.0035629040212370455
507.0 0.004206682206131518
508.0 0.0048504600272281095
509.0 0.0053243500587996095
510.0 0.005798238271381706
511.0 0.005188538125366904
512.0 0.004578837979352102
513.0 0.0038787424273323268
514.0 0.0031786472391104326
515.0 0.0030250670533860102
516.0 0.0028714872314594686
517.0 0.0026872887247009203
518.0 0.0025030900360434316
519.0 0.06803538417443633
520.0 0.08786693797446787
521.0 0.09968270314857364
522.0 0.03133551508653909
523.0 0.12031466467306018
524.0 0.10479966877028346
525.0 0.07502419757656753
526.0 0.08596396655775607
527.0 0.10589606827124953
528.0 0.17814954044297338
529.0 0.12468186905607581
530.0 0.17705687787383795
531.0 0.21329496521502733
532.0 0.25273452047258615
533.0 0.296800141222775
534.0 0.4379334393888712
535.0 0.5494110751897097
536.0 0.7606388535350561
537.0 1.2217375449836254
538.0 1.8050769343972206
539.0 2.839960902929306
540.0 4.528486356139183
541.0 6.625821441411972
542.0 9.279702603816986
543.0 12.60940283536911
544.0 16.783182322978973
545.0 21.47497683763504
546.0 27.126914262771606
547.0 33.84772837162018
548.0 42.04394221305847
549.0 50.4155158996582
550.0 56.721389293670654
551.0 64.2181932926178
552.0 68.80946159362793
553.0 73.65314960479736
554.0 76.92844271659851
555.0 81.28902912139893
556.0 84.7560465335846
557.0 87.47823238372803
558.0 90.59668183326721
559.0 93.16353797912598
560.0 93.54280233383179
561.0 94.86964344978333
562.0 95.86678743362427
563.0 95.23541927337646
564.0 95.81865668296814
565.0 95.45787572860718
566.0 95.95205187797546
567.0 95.45988440513611
568.0 95.87904214859009
569.0 96.54709100723267
570.0 96.11541628837585
571.0 97.30061888694763
572.0 97.1652626991272
573.0 96.6118335723877
574.0 96.9682514667511
575.0 96.89640998840332
576.0 97.23114371299744
577.0 97.00431227684021
578.0 97.23969101905823
579.0 96.9596803188324
580.0 96.50155305862427
581.0 96.46037817001343
582.0 96.73610329627991
583.0 96.76473736763
584.0 96.14372253417969
585.0 96.43586277961731
586.0 96.84762954711914
587.0 96.21127247810364
588.0 96.45722508430481
589.0 97.10881114006042
590.0 96.54456377029419
591.0 96.19479179382324
592.0 95.94482183456421
593.0 95.62225937843323
594.0 96.09923958778381
595.0 96.58896923065186
596.0 96.93829417228699
597.0 97.50806093215942
598.0 96.6835081577301
599.0 97.09186553955078
600.0 96.9657838344574
601.0 96.0871934890747
602.0 96.99623584747314
603.0 96.60284519195557
604.0 96.42953872680664
605.0 96.79607152938843
606.0 96.21802568435669
607.0 96.01890444755554
608.0 96.40421867370605
609.0 95.39529085159302
610.0 96.41813039779663
611.0 96.00447416305542
612.0 95.83117365837097
613.0 96.95795178413391
614.0 96.37120366096497
615.0 96.29305005073547
616.0 96.33063673973083
617.0 96.61047458648682
618.0 96.67848944664001
619.0 97.1575140953064
620.0 96.14286422729492
621.0 95.69053649902344
622.0 96.66717648506165
623.0 96.53452038764954
624.0 96.7060387134552
625.0 97.05625176429749
626.0 96.33374214172363
627.0 95.06714940071106
628.0 97.06628322601318
629.0 95.38360834121704
630.0 96.61579728126526
631.0 96.20095491409302
632.0 96.63150906562805
633.0 96.6145396232605
634.0 95.74621319770813
635.0 96.19344472885132
636.0 96.26664519309998
637.0 95.6691563129425
638.0 95.46281099319458
639.0 95.57372331619263
640.0 95.57629227638245
641.0 95.41018009185791
642.0 95.89371681213379
643.0 96.24342918395996
644.0 96.24130129814148
645.0 96.35751247406006
646.0 95.88907361030579
647.0 97.2765862941742
648.0 96.66600227355957
649.0 95.70590853691101
650.0 96.43521308898926
651.0 96.82338833808899
652.0 96.91888689994812
653.0 96.11136317253113
654.0 96.50424122810364
655.0 96.78019881248474
656.0 95.72300314903259
657.0 96.28565907478333
658.0 96.68696522712708
659.0 96.32624387741089
660.0 95.75504660606384
661.0 95.44168710708618
662.0 95.74452638626099
663.0 95.74788212776184
664.0 95.50725817680359
665.0 95.3315258026123
666.0 95.4707682132721
667.0 95.67885994911194
668.0 94.90062594413757
669.0 95.43026685714722
670.0 95.43687105178833
671.0 95.69937586784363
672.0 95.3451156616211
673.0 95.19320726394653
674.0 95.02492547035217
675.0 95.56407928466797
676.0 95.06425261497498
677.0 93.909752368927
678.0 93.30471754074097
679.0 92.18576550483704
680.0 91.61731600761414
681.0 89.88324999809265
682.0 87.8308355808258
683.0 84.87141132354736
684.0 81.3658595085144
685.0 77.90752649307251
686.0 74.1989016532898
687.0 69.37029957771301
688.0 65.0912344455719
689.0 60.49998998641968
690.0 55.35879135131836
691.0 51.44120454788208
692.0 46.77970111370087
693.0 42.413321137428284
694.0 37.25193440914154
695.0 32.04488158226013
696.0 26.58132314682007
697.0 21.303509175777435
698.0 15.64568281173706
699.0 11.165931075811386
700.0 7.767739146947861
701.0 4.787345603108406
702.0 2.9856909066438675
703.0 1.7342327162623405
704.0 1.0150528512895107
705.0 0.5817532073706388
706.0 0.38237576372921467
707.0 0.22115674801170826
708.0 0.1569644664414227
709.0 0.1792117371223867
710.0 0.06410466739907861
711.0 0.058827747125178576
712.0 0.08676470606587827
713.0 0.09949983796104789
714.0 0.04406161024235189
715.0 0.02359845966566354
716.0 0.05709549877792597
717.0 0.0605049601290375
718.0 0.061580108013004065
719.0 0.08638888248242438
720.0 1.627498157942553e-10
721.0 0.004433110370882787
722.0 0.004170777901890688
723.0 0.003908445796696469
724.0 0.003635675602708943
725.0 0.003362905408721417
726.0 0.0030969396902946755
727.0 0.0028309743356658146
728.0 0.002675685755093582
729.0 0.0025203966288245283
730.0 0.002381327431066893
731.0 0.0022422582333092578
732.0 0.0022086685930844396
733.0 0.002175079134758562
734.0 0.0020833804228459485
735.0 0.0019916815290343948
736.0 0.0018029952116194181
737.0 0.0016143090761033818
738.0 0.001611753941688221
739.0 0.0016091986253741197
740.0 0.0015927202184684575
741.0 0.001576242175360676
742.0 0.0014372406440088525
743.0 0.0012982391126570292
744.0 0.0013357526768231764
745.0 0.0013732660590903834
746.0 0.00130996650113957
747.0 0.0012466669431887567
748.0 0.0011342024663463235
749.0 0.0010217379895038903
750.0 0.0010417447811050806
751.0 0.0010617519365041517
752.0 0.0011067197192460299
753.0 0.001151687501987908
754.0 0.0011240314051974565
755.0 0.0010963754903059453
756.0 0.0010439476682222448
757.0 0.0009915197551890742
758.0 0.0010427724191686139
759.0 0.0010940250831481535
760.0 0.0010606110663502477
761.0 0.0010271973224007525
762.0 0.0010161470527236816
763.0 0.0010050972377939615
764.0 0.0010046654097095598
765.0 0.0010042337635240983
766.0 0.0008019090273592155
767.0 0.0005995845185680082
768.0 0.0006076105819374789
769.0 0.0006156364634080091
770.0 0.0007519351129303686
771.0 0.0008882340807758737
772.0 0.0008033341146074235
773.0 0.0007184340120147681
774.0 0.0008401298146054614
775.0 0.0009618255717214197
776.0 0.0009160779882222414
777.0 0.0008703304047230631
778.0 0.000851302502269391
779.0 0.000832274690765189
780.0 0.0007127212484192569
781.0 0.0005931678060733248
782.0 0.0006925174147909274
783.0 0.0007918670235085301
784.0 0.0008015479579626117
785.0 0.0008112287105177529
786.0 0.0007191344593593385
787.0 0.000627040162726189
788.0 0.0006720456894981908
789.0 0.0007170513526943978
790.0 0.0007807859219610691
791.0 0.0008445204002782702
792.0 0.000820232253317954
793.0 0.000795944197307108
794.0 0.0008382865416933782
795.0 0.0008806285222817678
796.0 0.0007205303518276196
797.0 0.0005604320904240012
798.0 0.0007076292149577057
799.0 0.0008548263394914102
800.0 0.0007717456355749164
801.0 0.000688664658810012
802.0 0.000599878330831416
803.0 0.0005110917300044093
804.0 0.000631402645012713
805.0 0.0007517136054957518
806.0 0.0006454145022871671
807.0 0.0005391154445533175
808.0 0.0006674103588011349
809.0 0.000795705182099482
810.0 0.0006688132998533547
811.0 0.0005419216904556379
812.0 0.0006217767804628238
813.0 0.0007016318249952747
814.0 0.0005906721071369248
815.0 0.00047971243475330994
816.0 0.0005615119789581513
817.0 0.0006433116595871979
818.0 0.0006571067842742195
819.0 0.000670901863486506
820.0 0.00047307798922702204
821.0 0.00027525406949280296
822.0 0.00035411383123573614
823.0 0.0004329736384534044
824.0 0.0004596051439875737
825.0 0.00048623664952174295
826.0 0.0005316771421348676
827.0 0.0005771176347479923
828.0 0.00041045200305234175
829.0 0.00024378632588195615
830.0 0.00016855740341270575
831.0 9.332851504950668e-05
832.0 8.251359986388707e-05
833.0 7.169868467826745e-05
834.0 2.467152171448106e-05
835.0 1.627498157942553e-10
836.0 0.00028706033390335506
837.0 0.0005964765477983747
838.0 0.0007278271368704736
839.0 0.0008591778168920428
840.0 0.0012115055142203346
841.0 0.001563833029649686
842.0 0.002063079045910854
843.0 0.0025623250621720217
844.0 0.0025846178687061183
845.0 0.002606910675240215
846.0 0.0028659555027843453
847.0 0.0031249997846316546
848.0 0.003037908027181402
849.0 0.002950815178337507
850.0 0.0023822920411475934
851.0 0.0018137687220587395
852.0 0.0015068018910824321
853.0 0.0011998348782071844
854.0 0.0010421053957543336
855.0 0.0008843756404530723
856.0 0.000682275867802673
857.0 0.00048017618610174395
858.0 0.0005649387276207563
859.0 0.0006497011781902984
860.0 0.0005553991286433302
861.0 0.00046109694267215673
862.0 0.0004289980552130146
863.0 0.00039689916775387246
864.0 0.0002573514166215318
865.0 0.0001178037450699776
866.0 0.0001488371367486252
867.0 0.00017987053979595657
868.0 0.0002035631041508168
869.0 0.00022725564576830948
870.0 0.00011867824696309981
871.0 1.0100828973236275e-05
872.0 1.627498157942553e-10
873.0 1.627498157942553e-10
874.0 1.627498157942553e-10
875.0 1.627498157942553e-10
876.0 1.627498157942553e-10
877.0 6.436720241254079e-05
878.0 0.0001751650756887102
879.0 0.0002859629148588283
880.0 0.00018707864910538774
881.0 8.819435493023775e-05
882.0 9.998045698011992e-05
883.0 0.00011176657608302776
884.0 2.978657498431403e-06
885.0 1.627498157942553e-10
886.0 1.2228677803705068e-05
887.0 0.00013026659644310712
888.0 0.00018520394178267452
889.0 0.00024014127575355815
890.0 0.00017994102563534398
891.0 0.00011974074141107849
892.0 1.627498157942553e-10
893.0 1.627498157942553e-10
894.0 1.627498157942553e-10
895.0 5.37005632850196e-05
896.0 7.187861115198757e-05
897.0 9.005670449369063e-05
898.0 7.623187912031426e-05
899.0 6.240705374693789e-05
900.0 1.0983109177686856e-05
901.0 1.627498157942553e-10
