lsstCam/transmission_filter_detector/r12_s10/z_20/19700101T000000.ecsv
# %ECSV 1.0
# ---
# datatype:
# - {name: wavelength, unit: nm, datatype: float32}
# - {name: efficiency, unit: '%', datatype: float64}
# meta: !!omap
# - {MODE: DETECTOR}
# - {TYPE: transmission_filter_detector}
# - {CALIBDATE: '1970-01-01T00:00:00'}
# - {INSTRUME: LSSTCam}
# - {OBSTYPE: transmission_filter_detector}
# - {CALIBCLS: lsst.ip.isr.IntermediateFilterDetectorTransmissionCurve}
# - {SOURCE: Materion (DM-46256)}
# - {DETECTOR: 48}
# - {FILTER: z_20}
# - {CALIB_ID: 'calibDate=1970-01-01T00:00:00 filter=z_20 detector=48'}
# - {DATE: '2025-04-02T15:59:48.859277'}
# - {CALIB_CREATION_DATE: '2025-04-02'}
# - {CALIB_CREATION_TIME: '15:59:48'}
# - __serialized_columns__:
#     efficiency:
#       __class__: astropy.units.quantity.Quantity
#       unit: !astropy.units.Unit {unit: '%'}
#       value: !astropy.table.SerializedColumn {name: efficiency}
#     wavelength:
#       __class__: astropy.units.quantity.Quantity
#       unit: !astropy.units.Unit {unit: nm}
#       value: !astropy.table.SerializedColumn {name: wavelength}
# schema: astropy-2.0
wavelength efficiency
300.0 0.8750494569540024
301.0 0.5891045089811087
302.0 0.30315963085740805
303.0 0.29633804224431515
304.0 0.28951645363122225
305.0 0.24484549649059772
306.0 0.20017449278384447
307.0 0.1845722203142941
308.0 0.16896993620321155
309.0 0.14645392075181007
310.0 0.1239379053004086
311.0 0.1261332305148244
312.0 0.12832856737077236
313.0 0.11411673622205853
314.0 0.09990491671487689
315.0 0.09756832732819021
316.0 0.09523173794150352
317.0 0.08023255504667759
318.0 0.06523338379338384
319.0 0.06516680005006492
320.0 0.0651002221275121
321.0 0.06401396240107715
322.0 0.0629277026746422
323.0 0.055611616699025035
324.0 0.048295536544173956
325.0 0.04435369337443262
326.0 0.04041185020469129
327.0 0.03976639418397099
328.0 0.039120938163250685
329.0 0.03434075915720314
330.0 0.029560583061538637
331.0 0.027093960670754313
332.0 0.024627341190353036
333.0 0.023969328321982175
334.0 0.02331131254322827
335.0 0.02219739690190181
336.0 0.021083481260575354
337.0 0.02491709601599723
338.0 0.028750707861036062
339.0 0.024692286388017237
340.0 0.020633872190956026
341.0 0.017360213678330183
342.0 0.014086558076087385
343.0 0.014016874774824828
344.0 0.01394719147356227
345.0 0.013097618648316711
346.0 0.012248047278262675
347.0 0.011628328502411023
348.0 0.011008612636942416
349.0 0.013558630598708987
350.0 0.016108651470858604
351.0 0.01351099053863436
352.0 0.01091332669602707
353.0 0.01140846434282139
354.0 0.011903601262019947
355.0 0.010148592264158651
356.0 0.008393583266297355
357.0 0.009393052459927276
358.0 0.01039252383634448
359.0 0.01017285612761043
360.0 0.009953185508493334
361.0 0.00907959692995064
362.0 0.00820601053419523
363.0 0.009387380123371258
364.0 0.010568748984951526
365.0 0.01025303645292297
366.0 0.00993732683127746
367.0 0.00860374711919576
368.0 0.007270166679518297
369.0 0.007846867083571851
370.0 0.008423567487625405
371.0 0.008356713078683242
372.0 0.00828985939733684
373.0 0.007290132634807378
374.0 0.006290407327469438
375.0 0.006518392183352262
376.0 0.006746377766830847
377.0 0.007135001942515373
378.0 0.007523624663008377
379.0 0.006365423905663192
380.0 0.005207222420722246
381.0 0.0033070649806177244
382.0 0.001406907813361613
383.0 0.003636389010353014
384.0 0.005865870480192825
385.0 0.00558818101126235
386.0 0.005310491906129755
387.0 0.0059703128499677405
388.0 0.006630134157603607
389.0 0.005861495810677297
390.0 0.005092857827548869
391.0 0.004697660187957808
392.0 0.004302462184568867
393.0 0.004808796074939892
394.0 0.005315129965310916
395.0 0.004348696893430315
396.0 0.0033822638215497136
397.0 0.0036142882890999317
398.0 0.003846312392852269
399.0 0.004064388485858217
400.0 0.004282464215066284
401.0 0.0046799577830825
402.0 0.005077451351098716
403.0 0.005095758388051763
404.0 0.005114065788802691
405.0 0.004153386908001266
406.0 0.003192708027199842
407.0 0.0017205820768140256
408.0 0.00024845658117556013
409.0 0.0020050483726663515
410.0 0.003761640255106613
411.0 0.0042842781112995
412.0 0.004806915967492387
413.0 0.004685623571276665
414.0 0.004564330447465181
415.0 0.0037740170228062198
416.0 0.0029837037800461985
417.0 0.00394201633753255
418.0 0.004900329076917842
419.0 0.004237871689838357
420.0 0.0035754143027588725
421.0 0.003719257438206114
422.0 0.003863100937451236
423.0 0.00365963060176
424.0 0.003456161357462406
425.0 0.002474480788805522
426.0 0.0014928002201486379
427.0 0.0018019751223619096
428.0 0.0021111502064741217
429.0 0.0014123799701337703
430.0 0.0007136101430660347
431.0 0.0007520422968809726
432.0 0.000790474223322235
433.0 0.0007275996722455602
434.0 0.0006647250756941503
435.0 0.0011591880138439592
436.0 0.0016536510884179734
437.0 0.0018802233171300031
438.0 0.002106795545842033
439.0 0.0021796733562950976
440.0 0.0022525513486471027
441.0 0.001630644328542985
442.0 0.001008737672236748
443.0 0.002224536547146272
444.0 0.0034403357858536765
445.0 0.0033177489967783913
446.0 0.003195162207703106
447.0 0.002538529042794835
448.0 0.0018818953321897425
449.0 0.0025686291337478906
450.0 0.003255363117204979
451.0 0.00262902831309475
452.0 0.0020026927813887596
453.0 0.0017946294974535704
454.0 0.0015865662135183811
455.0 0.0023255173800862394
456.0 0.0030644685466540977
457.0 0.002325222703802865
458.0 0.0015859770428505726
459.0 0.0016604553820798174
460.0 0.0017349339032080024
461.0 0.0007871025445638224
462.0 1.590179051803864e-10
463.0 0.0008375155630346853
464.0 0.001835760303947609
465.0 0.002149079227820039
466.0 0.0024623981516924687
467.0 0.0021505273252842017
468.0 0.0018386555893812329
469.0 0.001664752016949933
470.0 0.0014908481716702227
471.0 0.0013246496564534027
472.0 0.001158451232186053
473.0 0.0011378711860743351
474.0 0.0011172910490131471
475.0 0.000979255128186196
476.0 0.0008412191164097749
477.0 0.0012515749403974041
478.0 0.001661930582486093
479.0 0.0020412455342011526
480.0 0.002420560304017272
481.0 0.001872935717983637
482.0 0.0013253111319500022
483.0 0.0009330219654657412
484.0 0.0005407328444562154
485.0 0.0013670201042259578
486.0 0.002193307227571495
487.0 0.0014747597560926806
488.0 0.0007562120572401909
489.0 0.0016702402717783116
490.0 0.002584268440841697
491.0 0.0023928867449285462
492.0 0.0022015052309143357
493.0 0.002010292337217834
494.0 0.0018190796254202724
495.0 0.001643976429477334
496.0 0.001468873415433336
497.0 0.0012914743820147123
498.0 0.0011140754395455588
499.0 0.00123228437587386
500.0 0.0013504934941011015
501.0 0.0009120028153120074
502.0 0.00047351209104817826
503.0 0.001269087351829512
504.0 0.0020646628399845213
505.0 0.0022224454369279556
506.0 0.0023802282157703303
507.0 0.0022703316062688828
508.0 0.002160434814868495
509.0 0.0018592787455418147
510.0 0.0015581230400130153
511.0 0.0012004160453216173
512.0 0.0008427090506302193
513.0 0.0012609049917955417
514.0 0.0016791011148598045
515.0 0.0013168705663701985
516.0 0.0009546404726279434
517.0 0.0009258421414415352
518.0 0.0008970439012045972
519.0 0.0011090191947005223
520.0 0.001320994215348037
521.0 0.0016159057850018144
522.0 0.0019108172637061216
523.0 0.0013102512639306951
524.0 0.0007096851277310634
525.0 0.0007669362275919411
526.0 0.000824187372927554
527.0 0.0011997213732684031
528.0 0.001575255737407133
529.0 0.0012985987268621102
530.0 0.0010219412615697365
531.0 0.0011247748261666857
532.0 0.0012276082088646945
533.0 0.0008706470907782204
534.0 0.0005136858362675412
535.0 0.0010842963092727587
536.0 0.001654906736803241
537.0 0.0016488813344039954
538.0 0.0016428557501058094
539.0 0.0011851321687572636
540.0 0.0007274084509845125
541.0 0.0007696904503973201
542.0 0.0008119724043353926
543.0 0.0012185463674541097
544.0 0.0016251202396233566
545.0 0.0010759210454125423
546.0 0.0005267219876259333
547.0 0.0012094979865651112
548.0 0.0018922735762316734
549.0 0.001657231587159913
550.0 0.0014221895071386825
551.0 0.0015111662833078299
552.0 0.0016001427866285667
553.0 0.001420608714397531
554.0 0.0012410742783686146
555.0 0.0011033600458176807
556.0 0.0009656457223172765
557.0 0.0013548619790526573
558.0 0.0017440779629396275
559.0 0.0017605341781745665
560.0 0.0017769898477126844
561.0 0.001617112684471067
562.0 0.0014572350664820988
563.0 0.0012058000720571727
564.0 0.0009543651685817167
565.0 0.0017102505807997659
566.0 0.0024661367206135765
567.0 0.002833078360708896
568.0 0.003200019637006335
569.0 0.003016572918568272
570.0 0.002833126018231269
571.0 0.0026449195502209477
572.0 0.0024567125365138054
573.0 0.0019981685909442604
574.0 0.0015396246453747153
575.0 0.0019480001355987042
576.0 0.0023563754439237528
577.0 0.0019602663087425753
578.0 0.001564157719258219
579.0 0.0017202177332364954
580.0 0.0018762775653158315
581.0 0.0016861331459949724
582.0 0.0014959883628762327
583.0 0.001974758015421685
584.0 0.0024535274860681966
585.0 0.0026013589376816526
586.0 0.002749190571194049
587.0 0.002130048414983321
588.0 0.001510905804025242
589.0 0.001999972482735757
590.0 0.0024890390704968013
591.0 0.0015616869859513827
592.0 0.000634334901405964
593.0 0.0005746158876718255
594.0 0.0005148966920387466
595.0 0.0010096041478391271
596.0 0.0015043115126900375
597.0 0.0014351830941450316
598.0 0.0013660545846505556
599.0 0.0009495596714259591
600.0 0.0005330649401003029
601.0 0.0005229726866673445
602.0 0.0005128802968101809
603.0 0.0009801741725823376
604.0 0.0014474677300313488
605.0 0.0009240761755791027
606.0 0.0004006844392279163
607.0 0.0008143620107148308
608.0 0.0012280396731512155
609.0 0.0011892534530488774
610.0 0.0011504668691486586
611.0 0.0010234805813524872
612.0 0.0008964939297584351
613.0 0.0008321703717228957
614.0 0.0007678469046368264
615.0 0.001224684456246905
616.0 0.0016815223716548644
617.0 0.0021619407561956905
618.0 0.002642358958837576
619.0 0.0021587231458397582
620.0 0.0016750871509429999
621.0 0.0014387296687345952
622.0 0.0012023718227283098
623.0 0.0015226773939502891
624.0 0.0018429829651722685
625.0 0.0016563142708037049
626.0 0.0014696457583340816
627.0 0.0018718217688729055
628.0 0.00227399814320961
629.0 0.00205646974791307
630.0 0.0018389415345154703
631.0 0.0016058411347330548
632.0 0.0013727404621022288
633.0 0.0017225265764864162
634.0 0.0020723131456179544
635.0 0.00503169467265252
636.0 0.007991075835889205
637.0 0.01529122528154403
638.0 0.02259137690998614
639.0 0.019794271793216467
640.0 0.016997162310872227
641.0 0.01478747435612604
642.0 0.012577786401379853
643.0 0.01010572595987469
644.0 0.007633666245965287
645.0 0.006855958781670779
646.0 0.006078252044972032
647.0 0.005580708238994703
648.0 0.005083164433017373
649.0 0.004150250970269553
650.0 0.003217338235117495
651.0 0.0036847479350399226
652.0 0.00415215763496235
653.0 0.0033050993806682527
654.0 0.0024580407625762746
655.0 0.0027519010473042727
656.0 0.003045761877729092
657.0 0.002954318915726617
658.0 0.0028628755899262615
659.0 0.0027130245143780485
660.0 0.002563173620728776
661.0 0.00277710278169252
662.0 0.002991031578858383
663.0 0.002065503940684721
664.0 0.0011399763025110587
665.0 0.001600799078005366
666.0 0.002061622217297554
667.0 0.002414929258520715
668.0 0.0027682361178449355
669.0 0.00196106902876636
670.0 0.001153902030637255
671.0 0.0008616245395387523
672.0 0.0005693471848644549
673.0 0.0012968868759344332
674.0 0.002024426794378087
675.0 0.002108452099491842
676.0 0.0021924774046055973
677.0 0.0019347900888533331
678.0 0.001677102227404248
679.0 0.0013951041182735935
680.0 0.001113106009142939
681.0 0.0012031169717374723
682.0 0.0012931280252814759
683.0 0.0023557135136798024
684.0 0.00341829945682548
685.0 0.0028829319489886984
686.0 0.002347564986848738
687.0 0.0017391254004905932
688.0 0.0011306858141324483
689.0 0.001497051471233135
690.0 0.0018634169464348815
691.0 0.0021201802155701444
692.0 0.002376943302806467
693.0 0.0027378917366149835
694.0 0.0030988401704235002
695.0 0.003274424307164736
696.0 0.0034500077163102105
697.0 0.003605057281674817
698.0 0.0037601072108373046
699.0 0.005616417183773592
700.0 0.00747272715670988
701.0 0.007112685852916911
702.0 0.006752643821528181
703.0 0.006277894863160327
704.0 0.005803146268590353
705.0 0.005231852628639899
706.0 0.004660558988689445
707.0 0.004421509584062733
708.0 0.00418245981563814
709.0 0.004312289456720464
710.0 0.004442118734004907
711.0 0.004002521018264815
712.0 0.003562923666322604
713.0 0.0025075678422581404
714.0 0.001452212018193677
715.0 0.0021993655536789447
716.0 0.002946518907265272
717.0 0.002532934013288468
718.0 0.002119348573614843
719.0 0.0016529025742784142
720.0 0.0011864562111441046
721.0 0.0011242796063015703
722.0 0.0010621027286106255
723.0 0.0009813099495659117
724.0 0.000900517261470668
725.0 0.001273993530048756
726.0 0.0016474699805257842
727.0 0.0016488040273543447
728.0 0.001650137892283965
729.0 0.0017756290617398918
730.0 0.0019011200492968783
731.0 0.0014166839719109703
732.0 0.0009322478945250623
733.0 0.0009605484592611901
734.0 0.000988849023997318
735.0 0.0010790417036332656
736.0 0.0011692340194713324
737.0 0.001319451166637009
738.0 0.0014696682228532154
739.0 0.0012098211300326511
740.0 0.0009499739462626167
741.0 0.001080010952136945
742.0 0.0012100478670618031
743.0 0.0015965064449119382
744.0 0.0019829651137115434
745.0 0.0013042173122812528
746.0 0.0006254694653762272
747.0 0.0011428767720644828
748.0 0.0016602840332780033
749.0 0.002310563468199689
750.0 0.0029608432669192553
751.0 0.0029549511964432895
752.0 0.0029490591259673238
753.0 0.0029240496587590314
754.0 0.0028990403734496795
755.0 0.0019177494323230349
756.0 0.0009364581273985095
757.0 0.0018973643818753771
758.0 0.0028582706363522448
759.0 0.002740768832154572
760.0 0.002623266846057959
761.0 0.004275799801689573
762.0 0.005928333121119067
763.0 0.005568245614995249
764.0 0.00520815810887143
765.0 0.005292117930366658
766.0 0.005376078479457647
767.0 0.004534173785941675
768.0 0.0036922698200214654
769.0 0.0033366162824677303
770.0 0.002980964563903399
771.0 0.0038998219679342583
772.0 0.0048186797357629985
773.0 0.0039079237467376515
774.0 0.0029971677577123046
775.0 1.590179051803864e-10
776.0 0.04946752451360226
777.0 1.590179051803864e-10
778.0 1.590179051803864e-10
779.0 0.18482699524611235
780.0 0.20831997971981764
781.0 1.590179051803864e-10
782.0 1.590179051803864e-10
783.0 0.08656944264657795
784.0 0.0782799266744405
785.0 1.590179051803864e-10
786.0 1.590179051803864e-10
787.0 0.08889160817489028
788.0 0.09278191719204187
789.0 0.039649990503676236
790.0 0.07511770236305892
791.0 1.590179051803864e-10
792.0 0.07511875592172146
793.0 0.03135919105261564
794.0 0.0009283489816880319
795.0 0.0878901279065758
796.0 1.590179051803864e-10
797.0 0.14204466715455055
798.0 1.590179051803864e-10
799.0 0.05723628564737737
800.0 0.1575821777805686
801.0 0.2025393070653081
802.0 0.39551923982799053
803.0 0.7388553116470575
804.0 1.316501572728157
805.0 1.8416281789541245
806.0 3.120807372033596
807.0 4.54762689769268
808.0 6.323572248220444
809.0 8.542369306087494
810.0 11.391903460025787
811.0 14.620348811149597
812.0 17.71724671125412
813.0 20.715831220149994
814.0 23.50199520587921
815.0 26.812410354614258
816.0 30.99321722984314
817.0 36.07191443443298
818.0 41.61517918109894
819.0 47.19056785106659
820.0 54.26510572433472
821.0 62.1084988117218
822.0 68.68375539779663
823.0 74.73381161689758
824.0 80.82513809204102
825.0 85.80209016799927
826.0 89.8011326789856
827.0 93.50771307945251
828.0 96.46760821342468
829.0 98.10631275177002
830.0 98.68506789207458
831.0 99.1098403930664
832.0 98.6838161945343
833.0 99.81423616409302
834.0 99.05045628547668
835.0 99.40692186355591
836.0 99.21897649765015
837.0 99.52654242515564
838.0 98.70489239692688
839.0 98.8193690776825
840.0 99.13613796234131
841.0 99.5246171951294
842.0 99.8568594455719
843.0 100.14287233352661
844.0 98.65503907203674
845.0 98.95175099372864
846.0 99.07877445220947
847.0 99.0904152393341
848.0 99.57905411720276
849.0 99.02254343032837
850.0 98.07162284851074
851.0 99.19033646583557
852.0 99.64708089828491
853.0 98.89975786209106
854.0 100.10740756988525
855.0 98.4874427318573
856.0 98.78103733062744
857.0 98.05962443351746
858.0 98.77782464027405
859.0 99.73535537719727
860.0 98.8598644733429
861.0 98.89459609985352
862.0 98.78771901130676
863.0 98.64879846572876
864.0 99.30093884468079
865.0 99.98106360435486
866.0 98.61928820610046
867.0 99.28046464920044
868.0 99.39488768577576
869.0 99.01994466781616
870.0 98.4800636768341
871.0 99.2618978023529
872.0 99.49150681495667
873.0 99.63985681533813
874.0 99.71328973770142
875.0 99.9471127986908
876.0 98.92221689224243
877.0 99.92483258247375
878.0 98.99523258209229
879.0 98.92128109931946
880.0 98.56392741203308
881.0 100.04863739013672
882.0 98.88061881065369
883.0 99.15990829467773
884.0 99.25420880317688
885.0 98.98368716239929
886.0 98.77864122390747
887.0 98.31962585449219
888.0 99.04650449752808
889.0 100.18795728683472
890.0 98.80350828170776
891.0 99.58488345146179
892.0 98.97839426994324
893.0 98.9303708076477
894.0 98.8888144493103
895.0 99.45217370986938
896.0 99.29196834564209
