lsstCam/transmission_filter_detector/r12_s10/z_20/19700101T000000.ecsv
# %ECSV 1.0
# ---
# datatype:
# - {name: wavelength, unit: nm, datatype: float32}
# - {name: efficiency, unit: '%', datatype: float64}
# meta: !!omap
# - {MODE: DETECTOR}
# - {TYPE: transmission_filter_detector}
# - {CALIBDATE: '1970-01-01T00:00:00'}
# - {INSTRUME: LSSTCam}
# - {OBSTYPE: transmission_filter_detector}
# - {CALIBCLS: lsst.ip.isr.IntermediateFilterDetectorTransmissionCurve}
# - {SOURCE: Materion (DM-46256)}
# - {DETECTOR: 48}
# - {FILTER: z_20}
# - {CALIB_ID: 'calibDate=1970-01-01T00:00:00 filter=z_20 detector=48'}
# - {DATE: '2025-04-02T15:59:48.859277'}
# - {CALIB_CREATION_DATE: '2025-04-02'}
# - {CALIB_CREATION_TIME: '15:59:48'}
# - __serialized_columns__:
#     efficiency:
#       __class__: astropy.units.quantity.Quantity
#       unit: !astropy.units.Unit {unit: '%'}
#       value: !astropy.table.SerializedColumn {name: efficiency}
#     wavelength:
#       __class__: astropy.units.quantity.Quantity
#       unit: !astropy.units.Unit {unit: nm}
#       value: !astropy.table.SerializedColumn {name: wavelength}
# schema: astropy-2.0
wavelength efficiency
[from data line 598]
898.0 98.99461269378662
899.0 98.8910436630249
900.0 98.92156720161438
901.0 99.7373104095459
902.0 99.29267764091492
903.0 98.60007762908936
904.0 97.96437621116638
905.0 98.95069003105164
906.0 98.15488457679749
907.0 98.79068732261658
908.0 98.21504950523376
909.0 98.62259030342102
910.0 98.27985763549805
911.0 97.17435836791992
912.0 96.29711508750916
913.0 95.0269341468811
914.0 93.16390752792358
915.0 90.86177945137024
916.0 88.56502771377563
917.0 87.11240887641907
918.0 83.71402025222778
919.0 82.50188827514648
920.0 79.70864176750183
921.0 76.28294825553894
922.0 71.67848944664001
923.0 66.57319664955139
924.0 60.9052300453186
925.0 55.69254159927368
926.0 49.33602213859558
927.0 42.434826493263245
928.0 36.908841133117676
929.0 30.48263192176819
930.0 24.856898188591003
931.0 19.632290303707123
932.0 13.974592089653015
933.0 9.409887343645096
934.0 6.174353510141373
935.0 3.982367366552353
936.0 2.2474581375718117
937.0 1.3940727338194847
938.0 0.7643204182386398
939.0 0.6640305276960135
940.0 0.36624541971832514
941.0 0.16354225808754563
942.0 0.23021816741675138
943.0 0.259695784188807
944.0 0.07633717032149434
945.0 0.18719090148806572
946.0 0.11388075072318316
947.0 1.590179051803864e-10
948.0 1.590179051803864e-10
949.0 1.590179051803864e-10
950.0 0.11961734853684902
951.0 0.08712589042261243
952.0 1.590179051803864e-10
953.0 0.08712857379578054
954.0 1.590179051803864e-10
955.0 0.039274757727980614
956.0 1.590179051803864e-10
957.0 1.590179051803864e-10
958.0 0.028144504176452756
959.0 1.590179051803864e-10
960.0 0.04662073333747685
961.0 0.06245909025892615
962.0 1.590179051803864e-10
963.0 0.05386938573792577
964.0 0.022535680909641087
965.0 1.590179051803864e-10
966.0 0.06752426270395517
967.0 1.590179051803864e-10
968.0 0.03348180034663528
969.0 1.590179051803864e-10
970.0 0.08524970035068691
971.0 0.05883921403437853
972.0 0.03250619629397988
973.0 1.590179051803864e-10
974.0 0.04928167909383774
975.0 0.053712527733296156
976.0 0.006578271131729707
977.0 0.006549395766342059
978.0 0.006520521128550172
979.0 0.006278012733673677
980.0 0.006035502156009898
981.0 0.005973866791464388
982.0 0.005912232154514641
983.0 0.0057344466767972335
984.0 0.005556661926675588
985.0 0.005325379243004136
986.0 0.005094096195534803
987.0 0.005094079824630171
988.0 0.005094063453725539
989.0 0.004981841266271658
990.0 0.004869619442615658
991.0 0.00495409985887818
992.0 0.005038580638938583
993.0 0.005021223478252068
994.0 0.005003865953767672
995.0 0.004930362047161907
996.0 0.004856858140556142
997.0 0.00472306928713806
998.0 0.004589280069922097
999.0 0.004558996806736104
1000.0 0.004528713543550111
1001.0 0.004626605368684977
1002.0 0.004724497193819843
1003.0 0.004640164479496889
1004.0 0.004555831765173934
1005.0 0.004419759352458641
1006.0 0.0042836869397433475
1007.0 0.004352838732302189
1008.0 0.00442199052486103
1009.0 0.004480947973206639
1010.0 0.004539905057754368
1011.0 0.004640178303816356
1012.0 0.004740451913676225
1013.0 0.004592240657075308
1014.0 0.004444029400474392
1015.0 0.004574477134156041
1016.0 0.004704924504039809
1017.0 0.0050439044571248814
1018.0 0.005382884410209954
1019.0 0.005130094723426737
1020.0 0.004877304672845639
1021.0 0.004885538146481849
1022.0 0.004893771620118059
1023.0 0.004750004154630005
1024.0 0.004606236325344071
1025.0 0.004839004031964578
1026.0 0.005071771374787204
1027.0 0.0049400870921090245
1028.0 0.004808403173228726
1029.0 0.004821570837520994
1030.0 0.004834738865611143
1031.0 0.0048984584282152355
1032.0 0.004962177627021447
1033.0 0.005049909668741748
1034.0 0.00513764243805781
1035.0 0.005298046016832814
1036.0 0.0054584492318099365
1037.0 0.005641503958031535
1038.0 0.005824558320455253
1039.0 0.005633320324704982
1040.0 0.005442081965156831
1041.0 0.005867548316018656
1042.0 0.006293015030678362
1043.0 0.005796090408693999
1044.0 0.0052991657867096364
1045.0 0.005908177627134137
1046.0 0.006517188739962876
1047.0 0.006305894930846989
1048.0 0.006094600394135341
1049.0 0.006274208863032982
1050.0 0.0064538173319306225
1051.0 0.006722964462824166
1052.0 0.006992113048909232
1053.0 0.006990718247834593
1054.0 0.0069893241743557155
1055.0 0.007632996857864782
1056.0 0.008276669541373849
1057.0 0.008094311488093808
1058.0 0.00791195489000529
1059.0 0.008102411811705679
1060.0 0.008292867278214544
1061.0 0.008893455378711224
1062.0 0.009494044206803665
1063.0 0.009453036909690127
1064.0 0.00941203034017235
1065.0 0.009499862790107727
1066.0 0.00958769815042615
1067.0 0.009597167809261009
1068.0 0.009606639650883153
1069.0 0.010578981891740113
1070.0 0.011551324860192835
1071.0 0.011365988029865548
1072.0 0.011180649744346738
1073.0 0.01112669924623333
1074.0 0.011072747292928398
1075.0 0.01190024777315557
1076.0 0.012727752618957311
1077.0 0.012646423419937491
1078.0 0.012565094220917672
1079.0 0.013474682054948062
1080.0 0.01438427425455302
1081.0 0.01469250419177115
1082.0 0.015000737039372325
1083.0 0.014785361418034881
1084.0 0.014569982886314392
1085.0 0.015131846885196865
1086.0 0.01569371233927086
1087.0 0.015827045717742294
1088.0 0.015960382006596774
1089.0 0.017189467325806618
1090.0 0.01841855118982494
1091.0 0.01853805297287181
1092.0 0.018657550390344113
1093.0 0.01806104410206899
1094.0 0.017464534903410822
1095.0 0.019132514717057347
1096.0 0.020800494530703872
1097.0 0.02123057347489521
1098.0 0.02166065387427807
1099.0 0.02346169640077278
1100.0 0.0252627331065014
1101.0 0.025255008949898183
1102.0 0.025247284793294966
1103.0 0.026481845998205245
1104.0 0.027716404292732477
1105.0 0.02775196044240147
1106.0 0.02778751659207046
1107.0 0.028990456485189497
1108.0 0.03019339928869158
1109.0 0.031633544131182134
1110.0 0.033073691884055734
1111.0 0.03282663819845766
1112.0 0.03257958742324263
1113.0 0.034019810846075416
1114.0 0.03546004300005734
1115.0 0.03477631544228643
1116.0 0.034092593705281615
1117.0 0.034380299621261656
1118.0 0.0346680055372417
1119.0 0.039040803676471114
1120.0 0.04341359599493444
1121.0 0.045213650446385145
1122.0 0.04701370489783585
1123.0 0.04606317379511893
1124.0 0.045112642692402005
1125.0 0.04521113878581673
1126.0 0.04530963487923145
1127.0 0.0499161658808589
1128.0 0.05452269688248634
1129.0 0.059685122687369585
1130.0 0.06484755431301892
1131.0 0.06317712250165641
1132.0 0.061506679048761725
1133.0 0.06612922297790647
1134.0 0.0707517669070512
1135.0 0.06901376764290035
1136.0 0.06727576837874949
1137.0 0.0729034305550158
1138.0 0.0785311043728143
1139.0 0.08405667613260448
1140.0 0.08958220132626593
1141.0 0.09784699650481343
1142.0 0.10611177422106266
1143.0 0.12874500826001167
1144.0 0.15137820737436414
1145.0 0.29971885960549116
1146.0 0.4480595700442791
1147.0 0.9507891722023487
1148.0 1.4535187743604183
1149.0 1.651785522699356
1150.0 1.850053295493126
