lsstCam/transmission_filter_detector/r03_s02/i_39/19700101T000000.ecsv
# %ECSV 1.0
# ---
# datatype:
# - {name: wavelength, unit: nm, datatype: float32}
# - {name: efficiency, unit: '%', datatype: float64}
# meta: !!omap
# - {MODE: DETECTOR}
# - {TYPE: transmission_filter_detector}
# - {CALIBDATE: '1970-01-01T00:00:00'}
# - {INSTRUME: LSSTCam}
# - {OBSTYPE: transmission_filter_detector}
# - {CALIBCLS: lsst.ip.isr.IntermediateFilterDetectorTransmissionCurve}
# - {SOURCE: Materion (DM-46256)}
# - {DETECTOR: 20}
# - {FILTER: i_39}
# - {CALIB_ID: 'calibDate=1970-01-01T00:00:00 filter=i_39 detector=20'}
# - {DATE: '2025-04-02T15:59:46.571676'}
# - {CALIB_CREATION_DATE: '2025-04-02'}
# - {CALIB_CREATION_TIME: '15:59:46'}
# - __serialized_columns__:
#     efficiency:
#       __class__: astropy.units.quantity.Quantity
#       unit: !astropy.units.Unit {unit: '%'}
#       value: !astropy.table.SerializedColumn {name: efficiency}
#     wavelength:
#       __class__: astropy.units.quantity.Quantity
#       unit: !astropy.units.Unit {unit: nm}
#       value: !astropy.table.SerializedColumn {name: wavelength}
# schema: astropy-2.0
wavelength efficiency
300.0 0.08569210185669363
301.0 0.04297267005313188
302.0 0.0002532722646719776
303.0 0.0159935763804242
304.0 0.03173387667629868
305.0 0.033487839391455054
306.0 0.03524179628584534
307.0 0.010517948248889297
308.0 2.695490532167444e-10
309.0 2.695490532167444e-10
310.0 2.695490532167444e-10
311.0 2.695490532167444e-10
312.0 2.695490532167444e-10
313.0 2.695490532167444e-10
314.0 2.695490532167444e-10
315.0 2.695490532167444e-10
316.0 2.695490532167444e-10
317.0 2.695490532167444e-10
318.0 2.695490532167444e-10
319.0 2.695490532167444e-10
320.0 2.695490532167444e-10
321.0 2.695490532167444e-10
322.0 2.695490532167444e-10
323.0 2.695490532167444e-10
324.0 2.695490532167444e-10
325.0 2.695490532167444e-10
326.0 2.695490532167444e-10
327.0 0.0006291204044828191
328.0 0.004202962736599147
329.0 0.0035712953831534833
330.0 0.0029396280297078192
331.0 0.0022168198483996093
332.0 0.0014940123946871608
333.0 0.0006722047601215309
334.0 2.695490532167444e-10
335.0 2.695490532167444e-10
336.0 2.695490532167444e-10
337.0 0.0014574818123946898
338.0 0.0035658158594742417
339.0 0.0034642602258827537
340.0 0.003362705319887027
341.0 2.695490532167444e-10
342.0 2.695490532167444e-10
343.0 2.695490532167444e-10
344.0 2.695490532167444e-10
345.0 2.695490532167444e-10
346.0 2.695490532167444e-10
347.0 2.695490532167444e-10
348.0 2.695490532167444e-10
349.0 2.695490532167444e-10
350.0 2.695490532167444e-10
351.0 2.8761868975379912e-05
352.0 0.0002376696102146525
353.0 2.695490532167444e-10
354.0 2.695490532167444e-10
355.0 2.695490532167444e-10
356.0 2.695490532167444e-10
357.0 0.0006858533652120968
358.0 0.0014879514310450759
359.0 0.0015391944543807767
360.0 0.0015904370229691267
361.0 0.0014582664334739093
362.0 0.0013260957530292217
363.0 0.0006726765604980756
364.0 1.9257400651895296e-05
365.0 0.0008118092409858946
366.0 0.0016043615687522106
367.0 0.0011117852409370244
368.0 0.0006192088221723679
369.0 0.0012137268640799448
370.0 0.0018082449969369918
371.0 0.0012306650205573533
372.0 0.0006530850441777147
373.0 0.0007494758847315097
374.0 0.0008458665433863644
375.0 0.0003319817096780753
376.0 2.695490532167444e-10
377.0 2.695490532167444e-10
378.0 2.695490532167444e-10
379.0 2.695490532167444e-10
380.0 2.695490532167444e-10
381.0 2.695490532167444e-10
382.0 2.695490532167444e-10
383.0 2.695490532167444e-10
384.0 0.0011244285815337207
385.0 0.001072771647159243
386.0 0.0010211143489868846
387.0 3.480982968540047e-05
388.0 2.695490532167444e-10
389.0 2.695490532167444e-10
390.0 2.695490532167444e-10
391.0 2.695490532167444e-10
392.0 2.695490532167444e-10
393.0 2.695490532167444e-10
394.0 0.0011883846127602737
395.0 2.4779234308880405e-05
396.0 2.695490532167444e-10
397.0 2.695490532167444e-10
398.0 2.695490532167444e-10
399.0 2.695490532167444e-10
400.0 0.000658848102830234
401.0 2.695490532167444e-10
402.0 2.695490532167444e-10
403.0 0.00032101831948239123
404.0 0.003077079963986762
405.0 0.004850612822338007
406.0 0.006624145316891372
407.0 0.0022408028598874807
408.0 2.695490532167444e-10
409.0 2.695490532167444e-10
410.0 2.695490532167444e-10
411.0 0.0020198414858896285
412.0 0.004282802910893224
413.0 0.004486083707888611
414.0 0.004689365596277639
415.0 0.003969679164583795
416.0 0.0032499923690920696
417.0 0.002282360946992412
418.0 0.0013147293429938145
419.0 0.003457282582530752
420.0 0.005599835276370868
421.0 0.005402997703640722
422.0 0.005206159767112695
423.0 0.00537865016667638
424.0 0.005551140566240065
425.0 0.004012345743831247
426.0 0.002473550193826668
427.0 0.0033943266316782683
428.0 0.004315103433327749
429.0 0.005013998088543303
430.0 0.005712893835152499
431.0 0.004726402767118998
432.0 0.003739912426681258
433.0 0.0052881252486258745
434.0 0.006836339161964133
435.0 0.005045733632869087
436.0 0.003255129195167683
437.0 0.002271539779030718
438.0 0.001287950544792693
439.0 0.00181533359864261
440.0 0.0023427168343914673
441.0 0.001163072283816291
442.0 2.695490532167444e-10
443.0 2.91529602236551e-05
444.0 7.487882953682856e-05
445.0 0.00013344516673896578
446.0 0.00019201193026674446
447.0 0.0004099222678632941
448.0 0.0006278326964093139
449.0 2.695490532167444e-10
450.0 2.695490532167444e-10
451.0 0.00013338337794266408
452.0 0.0011555592209333554
453.0 0.0015793937564012595
454.0 0.0020032288375659846
455.0 0.0020201796360197477
456.0 0.002037130616372451
457.0 0.0013455369298753794
458.0 0.0006539431524288375
459.0 0.00032164657568500843
460.0 2.695490532167444e-10
461.0 0.0003481417252260144
462.0 0.0007069335424603196
463.0 0.00025744689082785044
464.0 2.695490532167444e-10
465.0 0.00014256871736506582
466.0 0.00047717703637317754
467.0 0.0006342241704260232
468.0 0.0007912712135293987
469.0 0.00041822745515673887
470.0 4.518361436112173e-05
471.0 0.0003867816758429399
472.0 0.0007283796549018007
473.0 0.001151010383182438
474.0 0.0015736412024125457
475.0 0.0008881737812771462
476.0 0.00020270665572752478
477.0 0.0007255195669131353
478.0 0.0012483325008361135
479.0 0.0012661857908824459
480.0 0.0012840390809287783
481.0 0.0026927942599286325
482.0 0.004101547892787494
483.0 0.00518738197570201
484.0 0.006273215694818646
485.0 0.006199387280503288
486.0 0.0061255595937836915
487.0 0.009002732986118644
488.0 0.011879907106049359
489.0 0.01642027491470799
490.0 0.020960642723366618
491.0 0.025086637469939888
492.0 0.029212635126896203
493.0 0.031831712112762034
494.0 0.03445079200901091
495.0 0.029849112615920603
496.0 0.02524743031244725
497.0 0.018809405446518213
498.0 0.01237137767020613
499.0 0.008861085370881483
500.0 0.005350794526748359
501.0 0.0041460614738753065
502.0 0.0029413291485980153
503.0 0.0025285469746449962
504.0 0.002115764618793037
505.0 0.0019292074284749106
506.0 0.001742650601954665
507.0 0.0019257977328379638
508.0 0.002108944499923382
509.0 0.0024363094780710526
510.0 0.0027636740924208425
511.0 0.002211073660873808
512.0 0.0016584728655288927
513.0 0.0016313504602294415
514.0 0.0016042276911321096
515.0 0.002238985507574398
516.0 0.002873743505915627
517.0 0.0023886090275482275
518.0 0.001903474549180828
519.0 0.002040245817624964
520.0 0.00217701726796804
521.0 0.0019005343347089365
522.0 0.001624051401449833
523.0 0.0016301304640364833
524.0 0.001636209708522074
525.0 0.0021331303287297487
526.0 0.0026300509489374235
527.0 0.002944437255791854
528.0 0.0032588235626462847
529.0 0.003484030457912013
530.0 0.003709237716975622
531.0 0.0033615928259678185
532.0 0.0030139481168589555
533.0 0.0023833970772102475
534.0 0.00175284621946048
535.0 0.0017587648471817374
536.0 0.0017646831111051142
537.0 0.0023955390133778565
538.0 0.0030263947337516584
539.0 0.003494471457088366
540.0 0.003962548726121895
541.0 0.004520783113548532
542.0 0.00507901786477305
543.0 0.005037386290496215
544.0 0.0049957543524215
545.0 0.004341968087828718
546.0 0.003688182550831698
547.0 0.002720991506066639
548.0 0.0017538002794026397
549.0 0.0017971273337025195
550.0 0.0018404545699013397
551.0 0.001578098272148054
552.0 0.0013157420653442387
553.0 0.001744718974805437
554.0 0.0021736957933171652
555.0 0.0017066964574041776
556.0 0.0012396970305417199
557.0 0.0009463747119298205
558.0 0.0006530524387926562
559.0 0.0002490480483174906
560.0 2.695490532167444e-10
561.0 0.0005960267571936129
562.0 0.0013470099474943709
563.0 0.0014563797776645515
564.0 0.0015657496987842023
565.0 0.0012144551874371246
566.0 0.0008631608579889871
567.0 0.0009779447282198817
568.0 0.0010927288712991867
569.0 0.0009023215170600452
570.0 0.0007119139354472281
571.0 0.0004213750798953697
572.0 0.00013083620160614373
573.0 0.0003011561830135179
574.0 0.00047147623263299465
575.0 0.0003871355602313997
576.0 0.0003027947514055995
577.0 0.00045578772187582217
578.0 0.0006087806013965746
579.0 0.0003145539039905998
580.0 2.0327242111761734e-05
581.0 0.00018775089074551943
582.0 0.0003551745066943113
583.0 0.0005469212283060187
584.0 0.000738667858968256
585.0 0.0008626881935924757
586.0 0.0009867087101156358
587.0 0.0009127070370595902
588.0 0.0008387053640035447
589.0 0.0006759841198800132
590.0 0.0005132629212312168
591.0 0.000893753986019874
592.0 0.0012742452781822067
593.0 0.0008725739462533966
594.0 0.00047090261432458647
595.0 0.000718546334610437
596.0 0.0009661900548962876
597.0 0.0007463694601028692
598.0 0.000526549001733656
599.0 0.0005646193130814936
600.0 0.0006026894880051259
601.0 0.0005206242349231616
602.0 0.00043855889089172706
603.0 0.00032137879770743893
604.0 0.00020419852262421045
605.0 0.00023958386918820906
606.0 0.0002749692839643103
607.0 0.0004962991624779534
608.0 0.0007176289727794938
609.0 0.0005353002961783204
610.0 0.00035297134672873653
611.0 0.0005510198661795584
612.0 0.0007490684311051155
613.0 0.000507071763422573
614.0 0.00026507520942686824
615.0 2.695490532167444e-10
616.0 2.695490532167444e-10
617.0 2.695490532167444e-10
618.0 2.270970185236365e-05
619.0 0.00017448901417083107
620.0 0.0003262683321736404
621.0 0.0005035134108766215
622.0 0.0006807584668422351
623.0 0.0005387364126363536
624.0 0.0003967143584304722
625.0 0.00040802078729029745
626.0 0.0004193272616248578
627.0 0.0003076591610806645
628.0 0.00019599103779910365
629.0 0.0003147155894112075
630.0 0.00043344020923541393
631.0 0.0004523538336798083
632.0 0.0004712674581242027
633.0 0.0004774171884491807
634.0 0.0004835668732994236
635.0 0.00041793869058892597
636.0 0.0003523103941915906
637.0 0.0002945575943158474
638.0 0.00023680463527853135
639.0 0.0005432316356746014
640.0 0.0008496585905959364
641.0 0.0006007083356962539
642.0 0.00035175812627130654
643.0 0.0006028852567396825
644.0 0.0008540124326827936
645.0 0.000814004033600213
646.0 0.0007739957254671026
647.0 0.0008678354788571596
648.0 0.0009616756869945675
649.0 0.0007972685125423595
650.0 0.0006328614290396217
651.0 0.0008542312571080402
652.0 0.0010756011761259288
653.0 0.0011849601833091583
654.0 0.0012943191904923879
655.0 0.0019240784240537323
656.0 0.002553837839514017
657.0 0.0035485551052261144
658.0 0.0045432712795445696
659.0 0.00711428583599627
660.0 0.05732437130063772
661.0 0.0780771893914789
662.0 0.06105234497226775
663.0 0.10438469471409917
664.0 0.11399744544178247
665.0 0.11580662103369832
666.0 0.15484566101804376
667.0 0.1567063736729324
668.0 0.20239732693880796
669.0 0.2525743329897523
670.0 0.30736522749066353
671.0 0.47647361643612385
672.0 0.7238505408167839
673.0 1.1525608599185944
674.0 1.772530935704708
675.0 2.6309892535209656
676.0 3.730197995901108
677.0 5.134933441877365
678.0 6.584373116493225
679.0 8.0280102789402
680.0 9.965524822473526
681.0 12.052333354949951
682.0 14.633689820766449
683.0 17.55538284778595
684.0 20.681574940681458
685.0 23.7144872546196
686.0 26.728495955467224
687.0 30.00752627849579
688.0 33.14933776855469
689.0 36.28827631473541
690.0 39.93557095527649
691.0 43.785762786865234
692.0 48.47305417060852
693.0 53.571897745132446
694.0 59.29655432701111
695.0 64.82141613960266
696.0 71.07287049293518
697.0 76.59437656402588
698.0 82.5688123703003
699.0 87.11792826652527
700.0 90.67408442497253
701.0 93.52158308029175
702.0 95.54852247238159
703.0 96.5969979763031
704.0 97.13810086250305
705.0 97.66120314598083
706.0 97.68893718719482
707.0 97.85064458847046
708.0 97.9107141494751
709.0 97.92098999023438
710.0 97.69600629806519
711.0 97.86228537559509
712.0 97.7896511554718
713.0 97.80821800231934
714.0 97.99262881278992
715.0 97.99838662147522
716.0 97.83498048782349
717.0 98.12723398208618
718.0 98.13246130943298
719.0 98.06314706802368
720.0 98.29498529434204
721.0 98.24396967887878
722.0 97.95783758163452
723.0 97.66857624053955
724.0 97.36303091049194
725.0 97.09136486053467
726.0 96.66386842727661
727.0 96.38134837150574
728.0 96.1544930934906
729.0 95.96583247184753
730.0 96.05132937431335
731.0 96.1980938911438
732.0 96.32894992828369
733.0 96.6757595539093
734.0 97.04651236534119
735.0 97.29340076446533
736.0 97.72729277610779
737.0 98.07952642440796
738.0 98.26904535293579
739.0 98.61596822738647
740.0 98.66262674331665
741.0 98.48006963729858
742.0 98.77796173095703
743.0 98.61869215965271
744.0 98.43885898590088
745.0 98.40002655982971
746.0 98.35375547409058
747.0 98.57220649719238
748.0 98.50433468818665
749.0 98.37914109230042
750.0 98.39056730270386
751.0 98.27788472175598
752.0 98.2918918132782
753.0 98.48411679267883
754.0 98.4576404094696
755.0 98.62176775932312
756.0 98.50846529006958
757.0 98.56110215187073
758.0 98.58822822570801
759.0 98.64924550056458
760.0 98.4689474105835
761.0 98.34365844726562
762.0 98.4892725944519
763.0 98.38138818740845
764.0 98.17208051681519
765.0 98.17118644714355
766.0 98.28670024871826
767.0 98.03908467292786
768.0 98.11567664146423
769.0 98.14514517784119
770.0 97.98836708068848
771.0 98.08831810951233
772.0 98.13520908355713
773.0 98.1357216835022
774.0 97.95949459075928
775.0 97.99410700798035
776.0 98.0207622051239
777.0 97.98828959465027
778.0 97.93771505355835
779.0 97.89292812347412
780.0 97.73766994476318
781.0 97.99239039421082
782.0 97.77834415435791
783.0 97.8023886680603
784.0 97.8110134601593
785.0 98.00068140029907
786.0 98.02286028862
787.0 97.82730340957642
788.0 97.91197776794434
789.0 97.95833826065063
790.0 97.90561199188232
791.0 97.96950817108154
792.0 97.84913659095764
793.0 97.84007668495178
794.0 97.81129956245422
795.0 97.85741567611694
796.0 97.85094857215881
797.0 97.96904921531677
798.0 98.06931018829346
799.0 97.92197346687317
800.0 97.60974645614624
801.0 97.77666330337524
802.0 97.57760763168335
803.0 97.39354252815247
804.0 97.27731943130493
805.0 96.96075320243835
806.0 96.763014793396
807.0 96.14437818527222
808.0 95.5122709274292
809.0 94.68390345573425
810.0 93.60501766204834
811.0 92.18593239784241
812.0 90.2329683303833
813.0 87.99830675125122
814.0 85.17565131187439
815.0 82.04988837242126
816.0 78.5963773727417
817.0 74.4968831539154
818.0 69.70674395561218
819.0 65.42539596557617
820.0 60.314399003982544
821.0 55.634522438049316
822.0 51.07835531234741
823.0 46.41520082950592
824.0 41.73181653022766
825.0 37.423041462898254
826.0 32.880404591560364
827.0 28.2596617937088
828.0 24.090491235256195
829.0 19.869375228881836
830.0 15.532337129116058
831.0 12.208809703588486
832.0 8.793088048696518
833.0 6.054877862334251
834.0 3.9495665580034256
835.0 2.4674925953149796
836.0 1.4686365611851215
837.0 0.8396917954087257
838.0 0.5028265528380871
839.0 0.28818403370678425
840.0 0.12034962419420481
841.0 0.0847663905005902
842.0 0.050194538198411465
843.0 0.011493330384837463
844.0 0.022142258239910007
845.0 2.695490532167444e-10
846.0 2.695490532167444e-10
847.0 2.695490532167444e-10
848.0 2.695490532167444e-10
849.0 2.695490532167444e-10
850.0 2.695490532167444e-10
851.0 2.695490532167444e-10
852.0 0.0009360918738821056
853.0 0.0010338679203414358
854.0 0.0011316442396491766
855.0 0.0009230588148056995
856.0 0.0007144734809116926
857.0 0.000843825182528235
858.0 0.0009731766112963669
859.0 0.0005847973170602927
860.0 0.00019641788640001323
861.0 0.00028558845315274084
862.0 0.0003747588834812632
863.0 0.00021063576696178643
864.0 4.6512704443557595e-05
865.0 1.0526452598469405e-05
866.0 2.695490532167444e-10
867.0 5.464419245981844e-05
868.0 0.0001347482225355634
869.0 2.695490532167444e-10
870.0 2.695490532167444e-10
871.0 2.695490532167444e-10
872.0 0.00020070274331374094
873.0 0.00016335820873791818
874.0 0.0001260136400560441
875.0 0.00012629393495444674
876.0 0.00012657422985284938
877.0 2.695490532167444e-10
878.0 2.695490532167444e-10
879.0 2.210523035728329e-05
880.0 0.0004802288913197117
881.0 0.00023653315111005213
882.0 2.695490532167444e-10
883.0 0.00020214358755765716
884.0 0.00041144971874018665
885.0 0.00016043295545387082
886.0 2.695490532167444e-10
887.0 3.453338592862565e-05
888.0 0.00015965057400535443
889.0 3.136510144940985e-05
890.0 2.695490532167444e-10
891.0 5.8017661785925156e-05
892.0 0.00021295563783496618
893.0 0.00021692515019822167
894.0 0.0002208946852988447
895.0 2.695490532167444e-10
896.0 2.695490532167444e-10
897.0 2.695490532167444e-10
898.0 4.081591384874628e-05
