lsstCam/transmission_filter_detector/r03_s02/i_39/19700101T000000.ecsv
# %ECSV 1.0
# ---
# datatype:
# - {name: wavelength, unit: nm, datatype: float32}
# - {name: efficiency, unit: '%', datatype: float64}
# meta: !!omap
# - {MODE: DETECTOR}
# - {TYPE: transmission_filter_detector}
# - {CALIBDATE: '1970-01-01T00:00:00'}
# - {INSTRUME: LSSTCam}
# - {OBSTYPE: transmission_filter_detector}
# - {CALIBCLS: lsst.ip.isr.IntermediateFilterDetectorTransmissionCurve}
# - {SOURCE: Materion (DM-46256)}
# - {DETECTOR: 20}
# - {FILTER: i_39}
# - {CALIB_ID: 'calibDate=1970-01-01T00:00:00 filter=i_39 detector=20'}
# - {DATE: '2025-04-02T15:59:46.571676'}
# - {CALIB_CREATION_DATE: '2025-04-02'}
# - {CALIB_CREATION_TIME: '15:59:46'}
# - __serialized_columns__:
#     efficiency:
#       __class__: astropy.units.quantity.Quantity
#       unit: !astropy.units.Unit {unit: '%'}
#       value: !astropy.table.SerializedColumn {name: efficiency}
#     wavelength:
#       __class__: astropy.units.quantity.Quantity
#       unit: !astropy.units.Unit {unit: nm}
#       value: !astropy.table.SerializedColumn {name: wavelength}
# schema: astropy-2.0
wavelength efficiency
[from data line 600]
900.0 2.695490532167444e-10
901.0 2.695490532167444e-10
902.0 2.695490532167444e-10
903.0 2.695490532167444e-10
904.0 2.695490532167444e-10
905.0 2.695490532167444e-10
906.0 2.695490532167444e-10
907.0 9.964222726921435e-05
908.0 0.0002446535518174642
909.0 7.011053639871534e-05
910.0 2.695490532167444e-10
911.0 2.695490532167444e-10
912.0 9.869081623037346e-05
913.0 0.00011683189313771436
914.0 0.00013497298141373903
915.0 5.169426842144276e-06
916.0 2.695490532167444e-10
917.0 2.695490532167444e-10
918.0 2.695490532167444e-10
919.0 2.695490532167444e-10
920.0 0.00012824916666431818
921.0 4.8914489525486715e-05
922.0 2.695490532167444e-10
923.0 2.695490532167444e-10
924.0 2.695490532167444e-10
925.0 6.28657005563582e-05
926.0 0.0002999239995915559
927.0 1.5828758748170912e-06
928.0 2.695490532167444e-10
929.0 2.695490532167444e-10
930.0 0.00021320929590729065
931.0 0.00024887160634534666
932.0 0.0002845339167834027
933.0 0.0001683104756011744
934.0 5.2087074209339335e-05
935.0 2.695490532167444e-10
936.0 2.695490532167444e-10
937.0 2.695490532167444e-10
938.0 2.695490532167444e-10
939.0 2.695490532167444e-10
940.0 2.695490532167444e-10
941.0 2.695490532167444e-10
942.0 2.695490532167444e-10
943.0 2.695490532167444e-10
944.0 2.695490532167444e-10
945.0 2.695490532167444e-10
946.0 2.695490532167444e-10
947.0 2.695490532167444e-10
948.0 2.695490532167444e-10
949.0 2.695490532167444e-10
950.0 2.695490532167444e-10
951.0 2.695490532167444e-10
952.0 2.695490532167444e-10
953.0 2.695490532167444e-10
954.0 2.695490532167444e-10
955.0 2.73122424232497e-05
956.0 0.00017511523537905305
957.0 0.00016461051473015686
958.0 0.0001541057486065256
959.0 0.00012661507753364276
960.0 9.91244178294437e-05
961.0 0.00016241256162174977
962.0 0.0002257006826766883
963.0 0.00011266557748967898
964.0 2.695490532167444e-10
965.0 2.695490532167444e-10
966.0 2.695490532167444e-10
967.0 2.695490532167444e-10
968.0 2.695490532167444e-10
969.0 2.695490532167444e-10
970.0 2.429972312256723e-05
971.0 2.695490532167444e-10
972.0 2.695490532167444e-10
973.0 2.695490532167444e-10
974.0 2.6531736807555717e-05
975.0 2.695490532167444e-10
976.0 2.695490532167444e-10
977.0 2.695490532167444e-10
978.0 2.695490532167444e-10
979.0 2.695490532167444e-10
980.0 2.695490532167444e-10
981.0 2.695490532167444e-10
982.0 2.695490532167444e-10
983.0 2.695490532167444e-10
984.0 2.695490532167444e-10
985.0 0.00012088967196177691
986.0 0.0002614632876429823
987.0 2.695490532167444e-10
988.0 2.695490532167444e-10
989.0 2.695490532167444e-10
990.0 2.695490532167444e-10
991.0 2.695490532167444e-10
992.0 2.695490532167444e-10
993.0 2.695490532167444e-10
994.0 2.695490532167444e-10
995.0 2.695490532167444e-10
996.0 2.695490532167444e-10
997.0 4.7447150564039475e-05
998.0 0.0002432311475786264
999.0 0.000283157214653329
1000.0 0.00032308321351592895
1001.0 0.00015506957424804568
1002.0 2.695490532167444e-10
1003.0 1.4064561071336357e-06
1004.0 1.5757095184198988e-05
1005.0 2.695490532167444e-10
1006.0 2.695490532167444e-10
1007.0 2.695490532167444e-10
1008.0 0.0001387581619383127
1009.0 7.500008223360055e-05
1010.0 1.1241970554465297e-05
1011.0 8.48665138164506e-05
1012.0 0.00015849100236664526
1013.0 0.0003406139057915425
1014.0 0.0005227368546911748
1015.0 0.0004444461865205085
1016.0 0.0003661556320366799
1017.0 0.0004596454800775973
1018.0 0.0005531355327548226
1019.0 0.00040967729546537157
1020.0 0.00026621903543855296
1021.0 0.00020396873878780752
1022.0 0.00014171840803101077
1023.0 0.0005405378487921553
1024.0 0.0009393574146088213
1025.0 0.0006666087756457273
1026.0 0.0003938601821573684
1027.0 0.0003792318466366851
1028.0 0.00036460351111600175
1029.0 0.0008350979442184325
1030.0 0.0013055924682703335
1031.0 0.0018731481759459712
1032.0 0.0024407036107731983
1033.0 0.00273777714028256
1034.0 0.00303484976029722
1035.0 0.0034182325180154294
1036.0 0.0038016147300368175
1037.0 0.003842973819701001
1038.0 0.003884332545567304
1039.0 0.003105800715275109
1040.0 0.002327269430679735
1041.0 0.0018314894987270236
1042.0 0.0013357095667743124
1043.0 0.0018667986296350136
1044.0 0.002397887328697834
1045.0 0.0029456188713083975
1046.0 0.003493350959615782
1047.0 0.0035146866139257327
1048.0 0.0035360219044378027
1049.0 0.002936604869319126
1050.0 0.002337187652301509
1051.0 0.0024358938389923424
1052.0 0.002534600571379997
1053.0 0.0016433037671959028
1054.0 0.0007520067811128683
1055.0 0.0007296634976228233
1056.0 0.0007073202141327783
1057.0 0.0007933680535643362
1058.0 0.0008794160748948343
1059.0 0.0009300843885284849
1060.0 0.000980753065960016
1061.0 0.0018398333850200288
1062.0 0.002698913522181101
1063.0 0.0028059579562977888
1064.0 0.0029130023904144764
1065.0 0.0032986376027110964
1066.0 0.003684273178805597
1067.0 0.004462051947484724
1068.0 0.005239830352365971
1069.0 0.00416598777519539
1070.0 0.003092144470429048
1071.0 0.0028747666874551214
1072.0 0.0026573887225822546
1073.0 0.0024248534828075208
1074.0 0.0021923184249317273
1075.0 0.0021475878384080715
1076.0 0.002102856888086535
1077.0 0.0014659553016826976
1078.0 0.0008290532605315093
1079.0 0.001139934829552658
1080.0 0.0014508165804727469
1081.0 0.0006966148703213548
1082.0 2.695490532167444e-10
1083.0 2.695490532167444e-10
1084.0 2.695490532167444e-10
1085.0 0.00014197627251633094
1086.0 0.0008460468961857259
1087.0 0.0005998695996822789
1088.0 0.00035369246234040475
1089.0 2.695490532167444e-10
1090.0 2.695490532167444e-10
1091.0 2.695490532167444e-10
1092.0 2.695490532167444e-10
1093.0 2.695490532167444e-10
1094.0 0.0002915083314292133
1095.0 0.0002767427986327675
1096.0 0.00026197747047262965
1097.0 2.695490532167444e-10
1098.0 2.695490532167444e-10
1099.0 2.695490532167444e-10
1100.0 0.0005541805876418948
