lsstCam/transmission_filter_detector/r43_s11/z_20/19700101T000000.ecsv
# %ECSV 1.0
# ---
# datatype:
# - {name: wavelength, unit: nm, datatype: float32}
# - {name: efficiency, unit: '%', datatype: float64}
# meta: !!omap
# - {MODE: DETECTOR}
# - {TYPE: transmission_filter_detector}
# - {CALIBDATE: '1970-01-01T00:00:00'}
# - {INSTRUME: LSSTCam}
# - {OBSTYPE: transmission_filter_detector}
# - {CALIBCLS: lsst.ip.isr.IntermediateFilterDetectorTransmissionCurve}
# - {SOURCE: Materion (DM-46256)}
# - {DETECTOR: 184}
# - {FILTER: z_20}
# - {CALIB_ID: 'calibDate=1970-01-01T00:00:00 filter=z_20 detector=184'}
# - {DATE: '2025-04-02T15:59:49.494611'}
# - {CALIB_CREATION_DATE: '2025-04-02'}
# - {CALIB_CREATION_TIME: '15:59:49'}
# - __serialized_columns__:
#     efficiency:
#       __class__: astropy.units.quantity.Quantity
#       unit: !astropy.units.Unit {unit: '%'}
#       value: !astropy.table.SerializedColumn {name: efficiency}
#     wavelength:
#       __class__: astropy.units.quantity.Quantity
#       unit: !astropy.units.Unit {unit: nm}
#       value: !astropy.table.SerializedColumn {name: wavelength}
# schema: astropy-2.0
wavelength efficiency
300.0 0.361177627928555
301.0 0.3238803939893842
302.0 0.28658313676714897
303.0 0.23798593319952488
304.0 0.1893887296319008
305.0 0.18635380547493696
306.0 0.18331889295950532
307.0 0.16468435060232878
308.0 0.14604980824515224
309.0 0.12847516918554902
310.0 0.1109005301259458
311.0 0.10794425616040826
312.0 0.10498798219487071
313.0 0.09368413011543453
314.0 0.08238027803599834
315.0 0.07354597328230739
316.0 0.06471166852861643
317.0 0.06718356162309647
318.0 0.0696554605383426
319.0 0.06251853192225099
320.0 0.05538160912692547
321.0 0.05361434887163341
322.0 0.05184708861634135
323.0 0.04755166301038116
324.0 0.04325623740442097
325.0 0.04154582566116005
326.0 0.03983541391789913
327.0 0.03975845465902239
328.0 0.03968149540014565
329.0 0.03921031311620027
330.0 0.03873913083225489
331.0 0.03611752763390541
332.0 0.033495924435555935
333.0 0.030564056942239404
334.0 0.027632192359305918
335.0 0.025624153204262257
336.0 0.023616114049218595
337.0 0.02165171754313633
338.0 0.019687322492245585
339.0 0.018179080507252365
340.0 0.01667084143264219
341.0 0.016359541041310877
342.0 0.016048242105171084
343.0 0.017156454850919545
344.0 0.018264667596668005
345.0 0.016070684068836272
346.0 0.013876700541004539
347.0 0.01335575943812728
348.0 0.01283481833525002
349.0 0.01286475162487477
350.0 0.012894686369691044
351.0 0.01207663444802165
352.0 0.011258581798756495
353.0 0.011022778926417232
354.0 0.010786973871290684
355.0 0.010481924982741475
356.0 0.010176879004575312
357.0 0.01066277181962505
358.0 0.01114866608986631
359.0 0.0094044124125503
360.0 0.007660159462830052
361.0 0.008509851613780484
362.0 0.009359543764730915
363.0 0.008856243221089244
364.0 0.00835294122225605
365.0 0.008553147927159443
366.0 0.008753354632062837
367.0 0.008329418051289394
368.0 0.00790548074292019
369.0 0.008085840090643615
370.0 0.008266199438367039
371.0 0.008939256804296747
372.0 0.009612314170226455
373.0 0.008137707482092083
374.0 0.006663098611170426
375.0 0.006210097490111366
376.0 0.005757097096648067
377.0 0.005734925071010366
378.0 0.005712752681574784
379.0 0.005817601777380332
380.0 0.005922450145590119
381.0 0.00458957401860971
382.0 0.003256697891629301
383.0 0.004112695387448184
384.0 0.004968692883267067
385.0 0.005329867053660564
386.0 0.005691041224054061
387.0 0.004878016261500306
388.0 0.004064991298946552
389.0 0.004002553760074079
390.0 0.003940116221201606
391.0 0.004236069798935205
392.0 0.004532023376668803
393.0 0.004109289511688985
394.0 0.003686556010507047
395.0 0.003610916610341519
396.0 0.0035352775739738718
397.0 0.0034275337384315208
398.0 0.0033197902666870505
399.0 0.004193922359263524
400.0 0.005068054815637879
401.0 0.004106403503101319
402.0 0.0031447518267668784
403.0 0.004052055373904295
404.0 0.004959358921041712
405.0 0.004909024573862553
406.0 0.004858690226683393
407.0 0.004396194708533585
408.0 0.003933699190383777
409.0 0.003545877552824095
410.0 0.0031580562790622935
411.0 0.003343017306178808
412.0 0.003527978333295323
413.0 0.003723843110492453
414.0 0.003919707887689583
415.0 0.003910459054168314
416.0 0.0039012102206470445
417.0 0.0032442010706290603
418.0 0.002587192830105778
419.0 0.0029220778742455877
420.0 0.003256963100284338
421.0 0.0034432192478561774
422.0 0.0036294757592258975
423.0 0.0032138661481440067
424.0 0.0027982561732642353
425.0 0.0032175641536014155
426.0 0.003636871770140715
427.0 0.002362467785133049
428.0 0.001088063891074853
429.0 0.0011286889275652356
430.0 0.001169314327853499
431.0 0.0013996004781802185
432.0 0.0016298869013553485
433.0 0.0018999577150680125
434.0 0.002170028346881736
435.0 0.002581110493338201
436.0 0.0029921926397946663
437.0 0.002520486668800004
438.0 0.002048780515906401
439.0 0.0022369193175109103
440.0 0.0024250579372164793
441.0 0.0021431806089822203
442.0 0.001861303098849021
443.0 0.0016355232219211757
444.0 0.0014097433449933305
445.0 0.001878972580016125
446.0 0.0023482018150389194
447.0 0.0027074509489466436
448.0 0.003066700082854368
449.0 0.0022437472580350004
450.0 0.001420794433215633
451.0 0.0015678202544222586
452.0 0.0017148460756288841
453.0 0.002362859231652692
454.0 0.003010872023878619
455.0 0.0024359955205000006
456.0 0.001861119017121382
457.0 0.001721135777188465
458.0 0.0015811523553566076
459.0 0.0017528678654343821
460.0 0.0019245837393100373
461.0 0.0015631036148988642
462.0 0.001201623490487691
463.0 0.0011377323062333744
464.0 0.0010738410310295876
465.0 0.0014012254723638762
466.0 0.0017286096408497542
467.0 0.0015547380826319568
468.0 0.001380866342515219
469.0 0.0010331317753298208
470.0 0.0006853970262454823
471.0 0.0009561926162859891
472.0 0.001226988297275966
473.0 0.0014077202649787068
474.0 0.0015884523236309178
475.0 0.0016141639207489789
476.0 0.0016398755178670399
477.0 0.0015225949027808383
478.0 0.001405314378644107
479.0 0.001315000463364413
480.0 0.0012246867299836595
481.0 0.000850836750032613
482.0 0.00047698681555630174
483.0 0.0006621908596571302
484.0 0.0008473948582832236
485.0 0.001186091685667634
486.0 0.0015247885130520444
487.0 0.001299258838116657
488.0 0.0010737292541307397
489.0 0.0012458887795219198
490.0 0.0014180482139636297
491.0 0.0010865312106034253
492.0 0.0007550142981926911
493.0 0.0011513157915032934
494.0 0.0015476172848138958
495.0 0.001243958013219526
496.0 0.0009402989235240966
497.0 0.0009362100172438659
498.0 0.0009321212019131053
499.0 0.001213376617670292
500.0 0.0014946317605790682
501.0 0.001452234573662281
502.0 0.0014098372957960237
503.0 0.0010428208042867482
504.0 0.0006758042218280025
505.0 0.0013197681255405769
506.0 0.001963731847354211
507.0 0.0020154457160970196
508.0 0.002067159402940888
509.0 0.001730804615363013
510.0 0.0013944500096840784
511.0 0.001374386283714557
512.0 0.0013543222848966252
513.0 0.001307131242356263
514.0 0.0012599400179169606
515.0 0.0012453960152924992
516.0 0.0012308521945669781
517.0 0.0010958954590023495
518.0 0.0009609387234377209
519.0 0.0013280661733006127
520.0 0.0016951935322140343
521.0 0.0017576548998476937
522.0 0.0018201160855824128
523.0 0.0014866225683363155
524.0 0.0011531286872923374
525.0 0.0007268517038028222
526.0 0.00030057469757593935
527.0 0.0008227165380958468
528.0 0.0013448582649289165
529.0 0.0013606962966150604
530.0 0.0013765343283012044
531.0 0.0014028282748768106
532.0 0.001429122312401887
533.0 0.0012126838555559516
534.0 0.0009962453987100162
535.0 0.0014748150533705484
536.0 0.0019533852537279017
537.0 0.0018261731383972801
538.0 0.0016989612049655989
539.0 0.0014436041055887472
540.0 0.0011882470971613657
541.0 0.0011297895980533212
542.0 0.0010713318260968663
543.0 0.0008115807759168092
544.0 0.0005518298166862223
545.0 0.0009914583642967045
546.0 0.001431087002856657
547.0 0.0018575605281512253
548.0 0.002284034235344734
549.0 0.0019251905541750602
550.0 0.0015663468730053864
551.0 0.0014919227396603674
552.0 0.0014174985153658781
553.0 0.0016359605069737881
554.0 0.001854422407632228
555.0 0.0016063566363300197
556.0 0.0013582907740783412
557.0 0.0012249613973835949
558.0 0.0010916320206888486
559.0 0.0013235162441560533
560.0 0.0015554005585727282
561.0 0.001250584773515584
562.0 0.0009457690794079099
563.0 0.0011886744687217288
564.0 0.0014315799489850178
565.0 0.001614536995475646
566.0 0.0017974942238652147
567.0 0.0022468057068181224
568.0 0.002696117553568911
569.0 0.0027558196961763315
570.0 0.002815521656884812
571.0 0.0027227815735386685
572.0 0.002630041490192525
573.0 0.0025682478735689074
574.0 0.0025064540750463493
575.0 0.0021265594114083797
576.0 0.0017466645658714697
577.0 0.0018836930394172668
578.0 0.002020720967266243
579.0 0.0019007293303729966
580.0 0.0017807373296818696
581.0 0.0016305890312651172
582.0 0.0014804407328483649
583.0 0.0015240946595440619
584.0 0.0015677487681386992
585.0 0.0016666812371113338
586.0 0.001765613524185028
587.0 0.001959348810487427
588.0 0.0021530840967898257
589.0 0.0022363747120834887
590.0 0.0023196651454782113
591.0 0.0021417668904177845
592.0 0.0019638689991552383
593.0 0.0018268485291628167
594.0 0.0016898280591703951
595.0 0.0012618412256415468
596.0 0.0008338543011632282
597.0 0.0009458060048928019
598.0 0.001057757981470786
599.0 0.0010767132152977865
600.0 0.0010956686310237274
601.0 0.0010021589332609437
602.0 0.0009086493264476303
603.0 0.001103600334317889
604.0 0.0012985511602892075
605.0 0.0009351980224892031
606.0 0.000571844975638669
607.0 0.0008915298167266883
608.0 0.0012112145668652374
609.0 0.0010058042789751198
610.0 0.0008003941729839426
611.0 0.0008617964340373874
612.0 0.0009231987860403024
613.0 0.000698542771715438
614.0 0.0004738868938147789
615.0 0.0008965296729002148
616.0 0.001319172588409856
617.0 0.0014496189578494523
618.0 0.0015800653272890486
619.0 0.0016178952137124725
620.0 0.0016557251001358964
621.0 0.0014746131455467548
622.0 0.0012935013728565536
623.0 0.0013351757843338419
624.0 0.0013768503777100705
625.0 0.0015841498679947108
626.0 0.0017914489944814704
627.0 0.001994345075218007
628.0 0.002197240974055603
629.0 0.002229040546808392
630.0 0.00226083993766224
631.0 0.0022481302949017845
632.0 0.0022354208340402693
633.0 0.0026894849725067616
634.0 0.0031435494747711346
635.0 0.005981935828458518
636.0 0.008820323273539543
637.0 0.01591542677488178
638.0 0.023010534641798586
639.0 0.019979213539045304
640.0 0.016947892436292022
641.0 0.014775991439819336
642.0 0.012604088988155127
643.0 0.009086357022169977
644.0 0.00556862614757847
645.0 0.005796675395686179
646.0 0.00602472537138965
647.0 0.005825985499541275
648.0 0.00562724526389502
649.0 0.004444793012226
650.0 0.003262340760556981
651.0 0.0032183408620767295
652.0 0.0031743402360007167
653.0 0.0028532396754599176
654.0 0.0025321391149191186
655.0 0.0020964031136827543
656.0 0.0016606674762442708
657.0 0.0018952849131892435
658.0 0.0021299025320331566
659.0 0.0022069260012358427
660.0 0.002283949470438529
661.0 0.002201489951403346
662.0 0.0021190307961660437
663.0 0.0020770921764778905
664.0 0.002035153374890797
665.0 0.0018749242371995933
666.0 0.0017146952814073302
667.0 0.0016578049326199107
668.0 0.0016009151295293123
669.0 0.0014973065844969824
670.0 0.0013936978575657122
671.0 0.0013484504052030388
672.0 0.0013032027709414251
673.0 0.0012813247849408071
674.0 0.0012594467989401892
675.0 0.0011837412785098422
676.0 0.0011080359399784356
677.0 0.001285208054468967
678.0 0.0014623800780100282
679.0 0.001760889426805079
680.0 0.0020593990484485403
681.0 0.0020974470317014493
682.0 0.0021354951968532987
683.0 0.002458464769006241
684.0 0.0027814343411591835
685.0 0.0028531308998935856
686.0 0.002924827094830107
687.0 0.0026720990717876703
688.0 0.0024193710487452336
689.0 0.0021488343918463215
690.0 0.0018782977349474095
691.0 0.0022933625587029383
692.0 0.0027084275643574074
693.0 0.0030142406103550456
694.0 0.003320053656352684
695.0 0.003468869545031339
696.0 0.0036176850699121132
697.0 0.003513581759762019
698.0 0.0034094784496119246
699.0 0.00497838955197949
700.0 0.006547301018144935
701.0 0.006556346488650888
702.0 0.00656539123156108
703.0 0.005955436790827662
704.0 0.005345482713892125
705.0 0.004528265708358958
706.0 0.003711048702825792
707.0 0.0033837226510513574
708.0 0.0030563965992769226
709.0 0.0037047073419671506
710.0 0.0043530180846573785
711.0 0.0038379355828510597
712.0 0.0033228527172468603
713.0 0.0024520268198102713
714.0 0.0015812005585758016
715.0 0.001951475496753119
716.0 0.0023217506168293767
717.0 0.002302440225321334
718.0 0.0022831296519143507
719.0 0.0022416297724703327
720.0 0.0022001302568241954
721.0 0.0020396095351316035
722.0 0.0018790888134390116
723.0 0.0020111257981625386
724.0 0.002143162964785006
725.0 0.002144859536201693
726.0 0.0021465557438204996
727.0 0.002041528932750225
728.0 0.0019365023035788909
729.0 0.0018422595530864783
730.0 0.001748016984493006
731.0 0.0018451550204190426
732.0 0.001942293056345079
733.0 0.001967730713658966
734.0 0.0019931680071749724
735.0 0.0013362684512685519
736.0 0.0006793686225137208
737.0 0.0009681956726126373
738.0 0.001257022358913673
739.0 0.0013560670595325064
740.0 0.0014551117601513397
741.0 0.001386126041325042
742.0 0.0013171404134482145
743.0 0.0014390289834409487
744.0 0.0015609175534336828
745.0 0.001846288978413213
746.0 0.0021316600395948626
747.0 0.0023938409867696464
748.0 0.00265602193394443
749.0 0.003321978874737397
750.0 0.0039879363612271845
751.0 0.003822639337158762
752.0 0.0036573430406861007
753.0 0.003384114461368881
754.0 0.003110886609647423
755.0 0.0030924562452128157
756.0 0.003074026244576089
757.0 0.002919638791354373
758.0 0.0027652515200315975
759.0 0.003169315095874481
760.0 0.0035733788536163047
761.0 0.004950470247422345
762.0 0.006327562732622027
763.0 0.006119603494880721
764.0 0.005911645712330937
765.0 0.005209258597460575
766.0 0.0045068725739838555
767.0 0.004294011159799993
768.0 0.0040811497456161305
769.0 0.004550431913230568
770.0 0.0050197144446428865
771.0 0.004512906889431179
772.0 0.00400609897042159
773.0 0.003979398388764821
774.0 0.003952697807108052
775.0 1.6822555718234988e-10
776.0 1.6822555718234988e-10
777.0 0.03301546967122704
778.0 1.6822555718234988e-10
779.0 1.6822555718234988e-10
780.0 1.6822555718234988e-10
781.0 0.006718845543218777
782.0 1.6822555718234988e-10
783.0 0.0066720043832901865
784.0 1.6822555718234988e-10
785.0 1.6822555718234988e-10
786.0 1.6822555718234988e-10
787.0 1.6822555718234988e-10
788.0 0.03817272081505507
789.0 1.6822555718234988e-10
790.0 1.6822555718234988e-10
791.0 0.06510911625809968
792.0 0.09817020036280155
793.0 0.08001225651241839
794.0 0.1032254658639431
795.0 0.04641233535949141
796.0 0.09947080397978425
797.0 1.6822555718234988e-10
798.0 0.12065749615430832
799.0 0.21031664218753576
800.0 0.45428876765072346
801.0 0.634278915822506
802.0 1.016977522522211
803.0 1.8205270171165466
804.0 2.819078415632248
805.0 4.165290296077728
806.0 5.99554106593132
807.0 8.307581394910812
808.0 11.037368327379227
809.0 14.073041081428528
810.0 17.236609756946564
811.0 20.251938700675964
812.0 23.598191142082214
813.0 27.24926471710205
814.0 31.43068253993988
815.0 36.681535840034485
816.0 42.362964153289795
817.0 48.89562129974365
818.0 55.31183481216431
819.0 62.139660120010376
820.0 70.16806602478027
821.0 77.1543025970459
822.0 82.648766040802
823.0 86.94913983345032
824.0 91.32367968559265
825.0 94.30567026138306
826.0 96.4576244354248
827.0 97.96290993690491
828.0 98.9525318145752
829.0 99.02464747428894
830.0 98.94180297851562
831.0 99.402916431427
832.0 98.31714630126953
833.0 99.38804507255554
834.0 98.586905002594
835.0 98.99599552154541
836.0 98.79480600357056
837.0 98.99113178253174
838.0 97.70782589912415
839.0 98.2161819934845
840.0 98.69330525398254
841.0 99.52541589736938
842.0 99.41884279251099
843.0 99.5488703250885
844.0 97.86200523376465
845.0 98.53826761245728
846.0 98.82924556732178
847.0 98.50146174430847
848.0 99.49284791946411
849.0 98.90177249908447
850.0 98.21240901947021
851.0 98.98372292518616
852.0 99.2890477180481
853.0 98.9661157131195
854.0 99.450021982193
855.0 98.25696349143982
856.0 98.6182451248169
857.0 98.02114367485046
858.0 98.54264855384827
859.0 99.08655285835266
860.0 98.55437874794006
861.0 98.78239631652832
862.0 98.9105224609375
863.0 98.27150106430054
864.0 99.465012550354
865.0 100.07486343383789
866.0 98.73390793800354
867.0 99.14330840110779
868.0 99.65208172798157
869.0 99.12282228469849
870.0 98.03065657615662
871.0 98.95971417427063
872.0 99.23344850540161
873.0 98.84330034255981
874.0 99.39664006233215
875.0 99.07895922660828
876.0 98.82108569145203
877.0 99.473637342453
878.0 99.17182326316833
879.0 98.35063815116882
880.0 98.43567609786987
881.0 99.6231198310852
882.0 98.75258207321167
883.0 98.43921065330505
884.0 99.08826947212219
885.0 99.06944632530212
886.0 98.47055673599243
887.0 98.444664478302
888.0 98.85452389717102
889.0 99.45306181907654
890.0 98.47796559333801
891.0 99.25888776779175
892.0 98.43711853027344
893.0 98.17867875099182
894.0 98.15303087234497
895.0 99.56198334693909
