lsstCam/transmission_filter_detector/r43_s11/z_20/19700101T000000.ecsv
# %ECSV 1.0
# ---
# datatype:
# - {name: wavelength, unit: nm, datatype: float32}
# - {name: efficiency, unit: '%', datatype: float64}
# meta: !!omap
# - {MODE: DETECTOR}
# - {TYPE: transmission_filter_detector}
# - {CALIBDATE: '1970-01-01T00:00:00'}
# - {INSTRUME: LSSTCam}
# - {OBSTYPE: transmission_filter_detector}
# - {CALIBCLS: lsst.ip.isr.IntermediateFilterDetectorTransmissionCurve}
# - {SOURCE: Materion (DM-46256)}
# - {DETECTOR: 184}
# - {FILTER: z_20}
# - {CALIB_ID: 'calibDate=1970-01-01T00:00:00 filter=z_20 detector=184'}
# - {DATE: '2025-04-02T15:59:49.494611'}
# - {CALIB_CREATION_DATE: '2025-04-02'}
# - {CALIB_CREATION_TIME: '15:59:49'}
# - __serialized_columns__:
#     efficiency:
#       __class__: astropy.units.quantity.Quantity
#       unit: !astropy.units.Unit {unit: '%'}
#       value: !astropy.table.SerializedColumn {name: efficiency}
#     wavelength:
#       __class__: astropy.units.quantity.Quantity
#       unit: !astropy.units.Unit {unit: nm}
#       value: !astropy.table.SerializedColumn {name: wavelength}
# schema: astropy-2.0
wavelength efficiency
[from data line 597]
897.0 99.05564785003662
898.0 98.72274994850159
899.0 98.52801561355591
900.0 98.81653189659119
901.0 99.10268187522888
902.0 99.08326268196106
903.0 98.5682725906372
904.0 97.47527837753296
905.0 98.49425554275513
906.0 97.81076312065125
907.0 98.54891896247864
908.0 98.05983901023865
909.0 98.40511083602905
910.0 98.10803532600403
911.0 96.80740237236023
912.0 96.11603021621704
913.0 94.51954960823059
914.0 92.42309927940369
915.0 89.81871008872986
916.0 87.80321478843689
917.0 86.18927597999573
918.0 82.60969519615173
919.0 81.51745200157166
920.0 78.30432057380676
921.0 74.01552200317383
922.0 69.53110098838806
923.0 63.51649761199951
924.0 57.79001712799072
925.0 52.53373384475708
926.0 46.104633808135986
927.0 38.7381911277771
928.0 32.76141881942749
929.0 26.455441117286682
930.0 20.64485251903534
931.0 15.773485600948334
932.0 10.600992292165756
933.0 6.724189221858978
934.0 4.212380573153496
935.0 2.5825135409832
936.0 1.4039377681910992
937.0 0.8676144294440746
938.0 0.5441178567707539
939.0 0.4395304713398218
940.0 0.2618301659822464
941.0 0.109148642513901
942.0 1.6822555718234988e-10
943.0 0.2673274138942361
944.0 1.6822555718234988e-10
945.0 1.6822555718234988e-10
946.0 1.6822555718234988e-10
947.0 0.0929582747630775
948.0 0.03868771018460393
949.0 0.031372703961096704
950.0 0.04637019883375615
951.0 0.04966632695868611
952.0 0.023399348719976842
953.0 1.6822555718234988e-10
954.0 1.6822555718234988e-10
955.0 0.0528388365637511
956.0 0.035137764643877745
957.0 1.6822555718234988e-10
958.0 0.039865964208729565
959.0 0.01851839042501524
960.0 0.02941751736216247
961.0 0.10368661023676395
962.0 1.6822555718234988e-10
963.0 1.6822555718234988e-10
964.0 1.6822555718234988e-10
965.0 0.008561098366044462
966.0 0.0015116766007849947
967.0 0.06560760666616261
968.0 0.04968718276359141
969.0 1.6822555718234988e-10
970.0 1.6822555718234988e-10
971.0 0.06272416212595999
972.0 1.6822555718234988e-10
973.0 1.6822555718234988e-10
974.0 1.6822555718234988e-10
975.0 1.6822555718234988e-10
976.0 0.005856904681422748
977.0 0.00572291282878723
978.0 0.005588920976151712
979.0 0.005517879981198348
980.0 0.005446838986244984
981.0 0.005370800499804318
982.0 0.0052947612857678905
983.0 0.005103216972202063
984.0 0.004911672294838354
985.0 0.004950242873746902
986.0 0.00498881381645333
987.0 0.004879832340520807
988.0 0.004770851592184044
989.0 0.004678406548919156
990.0 0.004585961505654268
991.0 0.004495796383707784
992.0 0.0044056312617613
993.0 0.0044291253288974985
994.0 0.004452619032235816
995.0 0.004423758218763396
996.0 0.004394897769088857
997.0 0.004285214890842326
998.0 0.004175531648797914
999.0 0.004176905713393353
1000.0 0.004178279414190911
1001.0 0.004061303116031922
1002.0 0.003944327181670815
1003.0 0.003955960710300133
1004.0 0.0039675942389294505
1005.0 0.003856262264889665
1006.0 0.0037449302908498794
1007.0 0.00383344704459887
1008.0 0.003921963798347861
1009.0 0.004010646807728335
1010.0 0.004099330180906691
1011.0 0.004061704021296464
1012.0 0.0040240774978883564
1013.0 0.0041062929085455835
1014.0 0.0041885083192028105
1015.0 0.004025617090519518
1016.0 0.003862726589431986
1017.0 0.0038928876165300608
1018.0 0.003923048643628135
1019.0 0.003868045678245835
1020.0 0.0038130430766614154
1021.0 0.003830444984487258
1022.0 0.0038478465285152197
1023.0 0.004025315138278529
1024.0 0.004202783748041838
1025.0 0.00414202077081427
1026.0 0.0040812574297888204
1027.0 0.004207610982120968
1028.0 0.004333964170655236
1029.0 0.004366266512079164
1030.0 0.004398568489705212
1031.0 0.004375268326839432
1032.0 0.004351968163973652
1033.0 0.004551175879896618
1034.0 0.004750383232021704
1035.0 0.004622166306944564
1036.0 0.004493949381867424
1037.0 0.004705765240942128
1038.0 0.004917580372421071
1039.0 0.004966213600710034
1040.0 0.005014846828998998
1041.0 0.005131282523507252
1042.0 0.005247718218015507
1043.0 0.0052687788411276415
1044.0 0.0052898401918355376
1045.0 0.0054357002227334306
1046.0 0.005581560253631324
1047.0 0.005569724453380331
1048.0 0.005557887925533578
1049.0 0.005783613232779317
1050.0 0.006009338176227175
1051.0 0.005971132486592978
1052.0 0.005932927888352424
1053.0 0.006050500815035775
1054.0 0.006168073014123365
1055.0 0.006260559894144535
1056.0 0.006353046774165705
1057.0 0.006634520104853436
1058.0 0.006915994890732691
1059.0 0.007599479431519285
1060.0 0.008282965427497402
1061.0 0.008035192149691284
1062.0 0.007787421782268211
1063.0 0.008150609937729314
1064.0 0.008513796637998894
1065.0 0.008297213935293257
1066.0 0.008080632687779143
1067.0 0.008325411909027025
1068.0 0.00857019258546643
1069.0 0.009199399210046977
1070.0 0.009828606562223285
1071.0 0.009809722541831434
1072.0 0.009790836338652298
1073.0 0.010077944170916453
1074.0 0.010365052003180608
1075.0 0.010479160118848085
1076.0 0.010593268962111324
1077.0 0.01097858403227292
1078.0 0.011363902012817562
1079.0 0.0119554708362557
1080.0 0.01254704111488536
1081.0 0.012313219485804439
1082.0 0.012079394946340472
1083.0 0.01280376163776964
1084.0 0.01352812978439033
1085.0 0.014001814997754991
1086.0 0.014475498755928129
1087.0 0.014087534509599209
1088.0 0.013699571718461812
1089.0 0.0146641003084369
1090.0 0.015628630353603512
1091.0 0.015375889779534191
1092.0 0.01512314920546487
1093.0 0.014356094470713288
1094.0 0.01358903682557866
1095.0 0.015730768791399896
1096.0 0.017872500757221133
1097.0 0.01856267044786364
1098.0 0.01925284304888919
1099.0 0.019736308604478836
1100.0 0.020219771249685436
1101.0 0.021482088777702302
1102.0 0.022744410671293736
1103.0 0.02224139025202021
1104.0 0.021738371287938207
1105.0 0.023010211589280516
1106.0 0.02428205480100587
1107.0 0.024490567739121616
1108.0 0.02469907922204584
1109.0 0.027060601860284805
1110.0 0.029422124498523772
1111.0 0.028144189855083823
1112.0 0.02686625812202692
1113.0 0.02697537129279226
1114.0 0.0270844844635576
1115.0 0.028026627842336893
1116.0 0.02896877413149923
1117.0 0.03087272052653134
1118.0 0.032776666921563447
1119.0 0.03377003304194659
1120.0 0.03476339625194669
1121.0 0.036942679435014725
1122.0 0.03912196261808276
1123.0 0.038660390418954194
1124.0 0.03819882404059172
1125.0 0.039704705704934895
1126.0 0.04121058736927807
1127.0 0.041945994598791
1128.0 0.04268141055945307
1129.0 0.046133072464726865
1130.0 0.049584737280383706
1131.0 0.052843563025817275
1132.0 0.056102394592016935
1133.0 0.056884216610342264
1134.0 0.057666050270199776
1135.0 0.06328342133201659
1136.0 0.0689007923938334
1137.0 0.0723200268112123
1138.0 0.07573927287012339
1139.0 0.08916690130718052
1140.0 0.10259452974423766
1141.0 0.14437994686886668
1142.0 0.18616534071043134
1143.0 0.39633652195334435
1144.0 0.6065076682716608
1145.0 1.0002044960856438
1146.0 1.393901091068983
1147.0 1.4972865581512451
1148.0 1.6006717458367348
1149.0 2.1228816360235214
1150.0 2.6450907811522484
