lsstCam/transmission_filter_detector/r33_s22/u_24/19700101T000000.ecsv
# %ECSV 1.0
# ---
# datatype:
# - {name: wavelength, unit: nm, datatype: float32}
# - {name: efficiency, unit: '%', datatype: float64}
# meta: !!omap
# - {MODE: DETECTOR}
# - {TYPE: transmission_filter_detector}
# - {CALIBDATE: '1970-01-01T00:00:00'}
# - {INSTRUME: LSSTCam}
# - {OBSTYPE: transmission_filter_detector}
# - {CALIBCLS: lsst.ip.isr.IntermediateFilterDetectorTransmissionCurve}
# - {SOURCE: Materion (DM-46256)}
# - {DETECTOR: 152}
# - {FILTER: u_24}
# - {CALIB_ID: 'calibDate=1970-01-01T00:00:00 filter=u_24 detector=152'}
# - {DATE: '2025-04-02T15:59:40.454684'}
# - {CALIB_CREATION_DATE: '2025-04-02'}
# - {CALIB_CREATION_TIME: '15:59:40'}
# - __serialized_columns__:
#     efficiency:
#       __class__: astropy.units.quantity.Quantity
#       unit: !astropy.units.Unit {unit: '%'}
#       value: !astropy.table.SerializedColumn {name: efficiency}
#     wavelength:
#       __class__: astropy.units.quantity.Quantity
#       unit: !astropy.units.Unit {unit: nm}
#       value: !astropy.table.SerializedColumn {name: wavelength}
# schema: astropy-2.0
wavelength efficiency
[from data line 582]
877.0 0.0025450191969866864
878.0 0.002847518953785766
879.0 0.003044257391593419
880.0 0.0032409960113000125
881.0 0.0032562122214585543
882.0 0.0032714287954149768
883.0 0.003098808156209998
884.0 0.002926186971308198
885.0 0.002820068402797915
886.0 0.0027139498342876323
887.0 0.0023109012545319274
888.0 0.0019078524928772822
889.0 0.002289435542479623
890.0 0.0026710187739809044
891.0 0.002824884904839564
892.0 0.002978751035698224
893.0 0.0031478164601139724
894.0 0.0033168817026307806
895.0 0.0035572502383729443
896.0 0.0037976191379129887
897.0 0.003763510540011339
898.0 0.003729401942109689
899.0 0.0036966979678254575
900.0 0.003663994721136987
901.0 0.003884930265485309
902.0 0.004105865809833631
903.0 0.004188581078778952
904.0 0.0042712967115221545
905.0 0.004816056753043085
906.0 0.005360816066968255
907.0 0.005565122773987241
908.0 0.0057694294810062274
909.0 0.005920635157963261
910.0 0.006071841198718175
911.0 0.0060007521824445575
912.0 0.00592966316617094
913.0 0.0056350701925111935
914.0 0.005340477218851447
915.0 0.004909349445370026
916.0 0.004478221308090724
917.0 0.004410729161463678
918.0 0.004343237014836632
919.0 0.0044757114665117115
920.0 0.004608185918186791
921.0 0.004727149644168094
922.0 0.004846113370149396
923.0 0.005100817361380905
924.0 0.005355520988814533
925.0 0.00585382258577738
926.0 0.006352123455144465
927.0 0.006601447239518166
928.0 0.006850769568700343
929.0 0.007046994142001495
930.0 0.007243220170494169
931.0 0.00710106105543673
932.0 0.006958903395570815
933.0 0.007213746721390635
934.0 0.007468590047210455
935.0 0.007301905134227127
936.0 0.00713522094883956
937.0 0.0068292727519292384
938.0 0.006523325282614678
939.0 0.006680542719550431
940.0 0.006837758701294661
941.0 0.006128472159616649
942.0 0.0054191859817365184
943.0 0.004856661325902678
944.0 0.004294136670068838
945.0 0.0037269433960318565
946.0 0.0031597497581969947
947.0 0.002507438330212608
948.0 0.0018551265384303406
949.0 0.0016563577446504496
950.0 0.0014575888599210884
951.0 0.0014579820344806649
952.0 0.0014583752999897115
953.0 0.001534036528028082
954.0 0.0016096977560664527
955.0 0.001887728285510093
956.0 0.0021657589968526736
957.0 0.0022735213860869408
958.0 0.0023812839572201483
959.0 0.002691881309146993
960.0 0.0030024786610738374
961.0 0.003592135544749908
962.0 0.0041817929741228
963.0 0.0041734561818884686
964.0 0.004165119753452018
965.0 0.004475253808777779
966.0 0.0047853882279014215
967.0 0.004638724567485042
968.0 0.004492060907068662
969.0 0.004723641541204415
970.0 0.004955222539138049
971.0 0.004881322092842311
972.0 0.004807422010344453
973.0 0.004700740100815892
974.0 0.004594057827489451
975.0 0.004641296254703775
976.0 0.0046885346819180995
977.0 0.004113374961889349
978.0 0.003538214514264837
979.0 0.0033792981412261724
980.0 0.0032203814043896273
981.0 0.003115720392088406
982.0 0.0030110595616861247
983.0 0.002854868034773972
984.0 0.002698676507861819
985.0 0.0028015532734571025
986.0 0.002904430220951326
987.0 0.0033692293072817847
988.0 0.0038340283936122432
989.0 0.004610448741004802
990.0 0.005386869452195242
991.0 0.005856487405253574
992.0 0.006326106085907668
993.0 0.006967839726712555
994.0 0.007609574095113203
995.0 0.007815103890607134
996.0 0.008020634413696826
997.0 0.007977439236128703
998.0 0.007934243330964819
999.0 0.007377570727840066
1000.0 0.006820897397119552
1001.0 0.006071870302548632
1002.0 0.0053228428441798314
1003.0 0.004893231016467325
1004.0 0.004463619188754819
1005.0 0.004609964162227698
1006.0 0.004756309135700576
1007.0 0.004658739999285899
1008.0 0.004561171226669103
1009.0 0.004372641706140712
1010.0 0.004184112549410202
1011.0 0.003787984314840287
1012.0 0.0033918557164724916
1013.0 0.003243828905397095
1014.0 0.003095802094321698
1015.0 0.002459830830048304
1016.0 0.0018238595657749102
1017.0 0.0017805368770495988
1018.0 0.0017372143702232279
1019.0 0.0014928848031559028
1020.0 0.0012485552360885777
1021.0 0.0011521789929247461
1022.0 0.001055802931659855
1023.0 0.0012076776329195127
1024.0 0.0013595522432297003
1025.0 0.0013384535122895613
1026.0 0.0013173546903999522
1027.0 0.0014127112990536261
1028.0 0.0015080681805557106
1029.0 0.002014774872804992
1030.0 0.002521482019801624
1031.0 0.0023285690986085683
1032.0 0.002135656359314453
1033.0 0.002128674532286823
1034.0 0.002121692341461312
1035.0 0.0020992276404285803
1036.0 0.0020767627574969083
1037.0 0.002212078652519267
1038.0 0.002347394729440566
1039.0 0.0021750225641881116
1040.0 0.0020026502170367166
1041.0 0.002046314148174133
1042.0 0.0020899780793115497
1043.0 0.002178442991862539
1044.0 0.0022669079044135287
1045.0 0.0017984142687055282
1046.0 0.0013299204510985874
1047.0 0.001704677015368361
1048.0 0.0020794335796381347
1049.0 0.0017394604583387263
1050.0 0.0013994870641909074
1051.0 0.0013530680917028803
1052.0 0.001306649028265383
1053.0 0.0012374388461466879
1054.0 0.001168228391179582
1055.0 0.0011635348528216127
1056.0 0.0011588413144636434
1057.0 0.0007382065632555168
1058.0 0.0003175719939463306
1059.0 0.001096401047107065
1060.0 0.0018752300093183294
1061.0 0.0017180695067509077
1062.0 0.0015609088222845457
1063.0 0.0014362777619680855
1064.0 0.0013116467016516253
1065.0 0.001833860187616665
1066.0 0.002356073491682764
1067.0 0.0017042946637957357
1068.0 0.0010525160178076476
1069.0 0.0017120970369433053
1070.0 0.002371678056078963
1071.0 0.002855881211871747
1072.0 0.003340084367664531
1073.0 0.0029878039640607312
1074.0 0.0026355239242548123
1075.0 0.0029974011340527795
1076.0 0.0033592783438507468
1077.0 0.003632716106949374
1078.0 0.0039061535062501207
1079.0 0.00453896245744545
1080.0 0.005171771044842899
1081.0 0.0047541394451400265
1082.0 0.004336507117841393
1083.0 0.0039048143662512302
1084.0 0.0034731208870653063
1085.0 0.004478293703868985
1086.0 0.005483466520672664
1087.0 0.00445041005150415
1088.0 0.0034173543099313974
1089.0 0.0040682629332877696
1090.0 0.004719172648037784
1091.0 0.004724703467218205
1092.0 0.004730234650196508
1093.0 0.004677425749832764
1094.0 0.004624617577064782
1095.0 0.004176234870101325
1096.0 0.0037278517993399873
1097.0 0.003929500962840393
1098.0 0.004131149398745038
1099.0 0.004011580676888116
1100.0 0.003892011955031194
