lsstCam/transmission_filter_detector/r33_s22/u_24/19700101T000000.ecsv
# %ECSV 1.0
# ---
# datatype:
# - {name: wavelength, unit: nm, datatype: float32}
# - {name: efficiency, unit: '%', datatype: float64}
# meta: !!omap
# - {MODE: DETECTOR}
# - {TYPE: transmission_filter_detector}
# - {CALIBDATE: '1970-01-01T00:00:00'}
# - {INSTRUME: LSSTCam}
# - {OBSTYPE: transmission_filter_detector}
# - {CALIBCLS: lsst.ip.isr.IntermediateFilterDetectorTransmissionCurve}
# - {SOURCE: Materion (DM-46256)}
# - {DETECTOR: 152}
# - {FILTER: u_24}
# - {CALIB_ID: 'calibDate=1970-01-01T00:00:00 filter=u_24 detector=152'}
# - {DATE: '2025-04-02T15:59:40.454684'}
# - {CALIB_CREATION_DATE: '2025-04-02'}
# - {CALIB_CREATION_TIME: '15:59:40'}
# - __serialized_columns__:
#     efficiency:
#       __class__: astropy.units.quantity.Quantity
#       unit: !astropy.units.Unit {unit: '%'}
#       value: !astropy.table.SerializedColumn {name: efficiency}
#     wavelength:
#       __class__: astropy.units.quantity.Quantity
#       unit: !astropy.units.Unit {unit: nm}
#       value: !astropy.table.SerializedColumn {name: wavelength}
# schema: astropy-2.0
wavelength efficiency
295.0 1.6244841843232605e-10
296.0 1.6244841843232605e-10
297.0 1.6244841843232605e-10
298.0 1.6244841843232605e-10
299.0 1.6244841843232605e-10
300.0 1.6244841843232605e-10
301.0 0.20895791240036488
302.0 1.6244841843232605e-10
303.0 1.6244841843232605e-10
304.0 0.21278182975947857
305.0 0.9462282992899418
306.0 2.1408965811133385
307.0 3.6683086305856705
308.0 6.169228628277779
309.0 9.42671149969101
310.0 12.810640037059784
311.0 17.03438311815262
312.0 20.562762022018433
313.0 23.585878312587738
314.0 26.506784558296204
315.0 29.017359018325806
316.0 31.23796582221985
317.0 33.83839428424835
318.0 36.911094188690186
319.0 41.0658985376358
320.0 46.800121665000916
321.0 52.30178236961365
322.0 58.26788544654846
323.0 63.7059211730957
324.0 67.87657141685486
325.0 70.75989246368408
326.0 73.08338284492493
327.0 74.88424777984619
328.0 76.56528949737549
329.0 78.06724905967712
330.0 79.17417883872986
331.0 79.79711890220642
332.0 80.06342649459839
333.0 80.11126518249512
334.0 80.07513880729675
335.0 80.296790599823
336.0 80.57448863983154
337.0 81.18937015533447
338.0 82.00315237045288
339.0 82.70338177680969
340.0 83.01156759262085
341.0 83.48315358161926
342.0 83.75284671783447
343.0 83.83394479751587
344.0 83.96547436714172
345.0 84.37024354934692
346.0 84.67864394187927
347.0 85.06326079368591
348.0 85.33482551574707
349.0 85.55235266685486
350.0 85.54685115814209
351.0 85.74053645133972
352.0 85.6008231639862
353.0 85.66668629646301
354.0 85.57800650596619
355.0 85.73247194290161
356.0 85.9045147895813
357.0 85.82371473312378
358.0 85.47887206077576
359.0 85.22561192512512
360.0 85.09268164634705
361.0 84.8012387752533
362.0 84.54687595367432
363.0 84.70541834831238
364.0 84.81550216674805
365.0 85.13720631599426
366.0 85.42145490646362
367.0 85.50112843513489
368.0 85.61399579048157
369.0 85.70535778999329
370.0 85.51180362701416
371.0 85.41157841682434
372.0 85.44629216194153
373.0 85.62456369400024
374.0 85.6589138507843
375.0 85.93778014183044
376.0 86.07612252235413
377.0 86.14091873168945
378.0 86.25065088272095
379.0 85.90608239173889
380.0 85.14752388000488
381.0 83.73205661773682
382.0 81.79396390914917
383.0 79.79863286018372
384.0 77.67850160598755
385.0 75.30089020729065
386.0 72.7508544921875
387.0 69.30069923400879
388.0 65.80288410186768
389.0 61.53714060783386
390.0 57.30909705162048
391.0 52.96872854232788
392.0 48.566046357154846
393.0 44.919344782829285
394.0 41.60038232803345
395.0 37.95875310897827
396.0 33.9521586894989
397.0 28.532925248146057
398.0 22.355273365974426
399.0 15.431389212608337
400.0 9.405573457479477
401.0 4.8873357474803925
402.0 1.914682798087597
403.0 0.5762395448982716
404.0 0.21321354433894157
405.0 0.11589225614443421
406.0 0.042544546886347234
407.0 0.011930984328500926
408.0 0.004718520722235553
409.0 1.6244841843232605e-10
410.0 1.6244841843232605e-10
411.0 1.6244841843232605e-10
412.0 1.6244841843232605e-10
413.0 1.6244841843232605e-10
414.0 1.6244841843232605e-10
415.0 1.6244841843232605e-10
416.0 1.6244841843232605e-10
417.0 1.6244841843232605e-10
418.0 1.6244841843232605e-10
419.0 1.6244841843232605e-10
420.0 1.6244841843232605e-10
421.0 1.6244841843232605e-10
422.0 1.6244841843232605e-10
423.0 1.6244841843232605e-10
424.0 1.6244841843232605e-10
425.0 1.6244841843232605e-10
426.0 0.0017559206753503531
427.0 0.0003379753934495966
428.0 1.6244841843232605e-10
429.0 1.6244841843232605e-10
430.0 0.0006505671080958564
431.0 1.6244841843232605e-10
432.0 1.6244841843232605e-10
433.0 1.6244841843232605e-10
434.0 1.6244841843232605e-10
435.0 1.6244841843232605e-10
436.0 1.6244841843232605e-10
437.0 1.6244841843232605e-10
438.0 8.287042305710202e-05
439.0 1.6244841843232605e-10
440.0 1.6244841843232605e-10
441.0 1.6244841843232605e-10
442.0 1.6244841843232605e-10
443.0 1.6244841843232605e-10
444.0 1.6244841843232605e-10
445.0 1.6244841843232605e-10
446.0 1.6244841843232605e-10
447.0 1.6244841843232605e-10
448.0 1.6244841843232605e-10
449.0 1.6244841843232605e-10
450.0 1.6244841843232605e-10
451.0 1.6244841843232605e-10
452.0 1.6244841843232605e-10
453.0 1.6244841843232605e-10
454.0 1.6244841843232605e-10
455.0 1.6244841843232605e-10
456.0 1.6244841843232605e-10
457.0 1.6244841843232605e-10
458.0 0.0005621834588964703
459.0 1.6244841843232605e-10
460.0 1.6244841843232605e-10
461.0 1.6244841843232605e-10
462.0 0.0008138217708619777
463.0 0.0004024735517305089
464.0 1.6244841843232605e-10
465.0 1.6244841843232605e-10
466.0 1.6244841843232605e-10
467.0 1.6244841843232605e-10
468.0 0.00042977335397154093
469.0 1.6244841843232605e-10
470.0 1.6244841843232605e-10
471.0 1.6244841843232605e-10
472.0 0.0001366172568850743
473.0 0.00021845432911504759
474.0 0.0003002914354510722
475.0 1.6244841843232605e-10
476.0 1.6244841843232605e-10
477.0 1.6244841843232605e-10
478.0 1.6244841843232605e-10
479.0 1.6244841843232605e-10
480.0 0.0003530641379256849
481.0 0.00019995707134512486
482.0 4.685009002969309e-05
483.0 0.00032020939215726685
484.0 0.0005935686658631312
485.0 8.347489597326785e-05
486.0 1.6244841843232605e-10
487.0 1.6244841843232605e-10
488.0 1.6244841843232605e-10
489.0 1.6244841843232605e-10
490.0 1.6244841843232605e-10
491.0 1.6244841843232605e-10
492.0 1.6244841843232605e-10
493.0 1.6244841843232605e-10
494.0 1.6244841843232605e-10
495.0 1.6244841843232605e-10
496.0 1.6244841843232605e-10
497.0 1.6244841843232605e-10
498.0 1.6244841843232605e-10
499.0 1.6244841843232605e-10
500.0 1.6244841843232605e-10
501.0 1.6244841843232605e-10
502.0 1.6244841843232605e-10
503.0 1.6244841843232605e-10
504.0 0.00033758872177713783
505.0 7.743486207800743e-05
506.0 1.6244841843232605e-10
507.0 3.472842422524991e-05
508.0 0.0002521760961826658
509.0 1.6244841843232605e-10
510.0 1.6244841843232605e-10
511.0 1.6244841843232605e-10
512.0 1.6244841843232605e-10
513.0 1.6244841843232605e-10
514.0 0.00022030737909517484
515.0 0.00024848075099725975
516.0 0.00027665396373777185
517.0 1.6244841843232605e-10
518.0 1.6244841843232605e-10
519.0 1.6244841843232605e-10
520.0 1.6244841843232605e-10
521.0 1.6244841843232605e-10
522.0 1.6244841843232605e-10
523.0 1.6244841843232605e-10
524.0 1.6244841843232605e-10
525.0 1.6244841843232605e-10
526.0 1.6244841843232605e-10
527.0 1.6244841843232605e-10
528.0 1.6244841843232605e-10
529.0 0.00014049560377316084
530.0 0.0004487018031795742
531.0 9.124495363721508e-05
532.0 1.6244841843232605e-10
533.0 1.6244841843232605e-10
534.0 1.6244841843232605e-10
535.0 1.6244841843232605e-10
536.0 9.189897127725999e-05
537.0 0.00019598535345721757
538.0 0.0003000717242684914
539.0 0.00013579242477135267
540.0 1.6244841843232605e-10
541.0 1.6244841843232605e-10
542.0 1.6244841843232605e-10
543.0 1.6244841843232605e-10
544.0 1.6244841843232605e-10
545.0 0.0001292732122237794
546.0 0.00047678886403446086
547.0 9.437664516553923e-05
548.0 1.6244841843232605e-10
549.0 1.6244841843232605e-10
550.0 1.6244841843232605e-10
551.0 5.859120477680335e-06
552.0 0.0002442514187350753
553.0 0.00015513721791649004
554.0 6.602305120395613e-05
555.0 0.0001867580067482777
556.0 0.00030749297366128303
557.0 0.00020867237253696658
558.0 0.00010985171456923126
559.0 1.6244841843232605e-10
560.0 1.6244841843232605e-10
561.0 1.6244841843232605e-10
562.0 8.039106091928261e-05
563.0 0.00021102794107719092
564.0 0.0003416647132326034
565.0 0.00015663503063478856
566.0 1.6244841843232605e-10
567.0 1.6160512927854143e-05
568.0 6.071556981623871e-05
569.0 1.6244841843232605e-10
570.0 1.6244841843232605e-10
571.0 8.848057859722758e-05
572.0 0.00023984732706594514
573.0 0.0001639817583054537
574.0 8.81162122823298e-05
575.0 8.051683835219592e-05
576.0 7.291757242455787e-05
577.0 0.00024076198315015063
578.0 0.00040860641092876904
579.0 0.0006279045010160189
580.0 0.0008472025911032688
581.0 0.001271302971872501
582.0 0.0016954032616922632
583.0 0.001378788238071138
584.0 0.001062172759702662
585.0 0.0008949156836024486
586.0 0.0007276587439264404
587.0 0.0005525368578673806
588.0 0.00037741501728305593
589.0 0.0005497101483342703
590.0 0.0007220053703349549
591.0 0.0008224737939599436
592.0 0.0009229423085344024
593.0 0.0007792807991791051
594.0 0.000635619380773278
595.0 0.0007935436769912485
596.0 0.0009514680641586892
597.0 0.001246209467353765
598.0 0.00154095050675096
599.0 0.0019522325601428747
600.0 0.002363514431635849
601.0 0.0028327842301223427
602.0 0.0033020540286088362
603.0 0.0028054175345459953
604.0 0.0023087810404831544
605.0 0.0017930817193700932
606.0 0.001277382398257032
607.0 0.0010130166629096493
608.0 0.0007486507456633262
609.0 0.0009143688657786697
610.0 0.0010800868039950728
611.0 0.0008136720680340659
612.0 0.0005472571956488537
613.0 0.0007519202881667297
614.0 0.0009565834261593409
615.0 0.0007888805157563183
616.0 0.0006211775144038256
617.0 0.0006270008725550724
618.0 0.000632824094282114
619.0 0.0005800659437227296
620.0 0.0005273076112644048
621.0 0.0005437653726403369
622.0 0.0005602231340162689
623.0 0.0005204492481425405
624.0 0.00048067531679407693
625.0 0.0007481438842660282
626.0 0.0010156125426874496
627.0 0.000992611239780672
628.0 0.0009696099368738942
629.0 0.0012183955732325558
630.0 0.0014671812095912173
631.0 0.0017072410628315993
632.0 0.0019473009160719812
633.0 0.00255830236710608
634.0 0.0031693041819380596
635.0 0.003129331162199378
636.0 0.003089358506258577
637.0 0.0024151353500201367
638.0 0.0017409123756806366
639.0 0.0015663048543501645
640.0 0.001391697605868103
641.0 0.0013744900570600294
642.0 0.0013572827811003663
643.0 0.0010128223948413506
644.0 0.0006683620995318051
645.0 0.000290467573904607
646.0 1.6244841843232605e-10
647.0 2.9466383466569823e-05
648.0 0.00014635961633757688
649.0 0.00013393369044933934
650.0 0.0001215077190863667
651.0 0.0006383404524967773
652.0 0.001155173231381923
653.0 0.001136732316808775
654.0 0.0011182914931850974
655.0 0.001705309477983974
656.0 0.0022923275537323207
657.0 0.0025688754249131307
658.0 0.0028454232960939407
659.0 0.0033305179385934025
660.0 0.003815612944890745
661.0 0.003429443677305244
662.0 0.003043274591618683
663.0 0.0022870231987326406
664.0 0.0015307716239476576
665.0 0.0012697925740212668
666.0 0.0010088134331454057
667.0 0.0011387756785552483
668.0 0.0012687379239650909
669.0 0.0010441907761560287
670.0 0.0008196436283469666
671.0 0.0006436793682951247
672.0 0.0004677150627685478
673.0 0.0004588844149111537
674.0 0.0004500539034779649
675.0 0.0009505263733444735
676.0 0.0014509988432109822
677.0 0.0017918602679856122
678.0 0.002132721601810772
679.0 0.002623999534989707
680.0 0.0031152776500675827
681.0 0.004288642230676487
682.0 0.00546200608368963
683.0 0.007404449570458382
684.0 0.009346892329631373
685.0 0.01022848446154967
686.0 0.011110077321063727
687.0 0.009599357144907117
688.0 0.00808863842394203
689.0 0.0062823550251778215
690.0 0.004476071262615733
691.0 0.003930047751055099
692.0 0.0033840242394944653
693.0 0.0029282644391059875
694.0 0.00247250463871751
695.0 0.001897497168101836
696.0 0.001322490061284043
697.0 0.0010941031177935656
698.0 0.0008657164471514989
699.0 0.0006635362296947278
700.0 0.00046135601223795675
701.0 0.0006439560365834041
702.0 0.0008265559699793812
703.0 0.0006925905836396851
704.0 0.0005586250608757837
705.0 0.0007360965355474036
706.0 0.0009135680556937587
707.0 0.0009870703252090607
708.0 0.001060572685673833
709.0 0.001074764622899238
710.0 0.0010889565601246431
711.0 0.0008533645086572506
712.0 0.0006177722752909176
713.0 0.0004711824203695869
714.0 0.00032459258818562375
715.0 0.00035142329579684883
716.0 0.0003782540034080739
717.0 0.000454254313808633
718.0 0.0005302545559970895
719.0 0.0004152845576754771
720.0 0.00030031469577807
721.0 0.0001722965293993184
722.0 4.42783260723445e-05
723.0 0.00018152221628042753
724.0 0.000318766183227126
725.0 0.00020763002339663217
726.0 9.6493829460087e-05
727.0 0.00023463931029255036
728.0 0.0003727846888068598
729.0 0.00037398369840957457
730.0 0.0003751827307496569
731.0 0.0002663687382664648
732.0 0.0001575548594701104
733.0 0.0003479687620711047
734.0 0.0005383827101468341
735.0 0.00041491480260447133
736.0 0.0002914468950621085
737.0 0.0002889289817176177
738.0 0.00028641104563575936
739.0 0.0003778310883717495
740.0 0.00046925124479457736
741.0 0.0009039608812599909
742.0 0.0013386706086748745
743.0 0.0022074691514717415
744.0 0.0030762676033191383
745.0 0.003966172153013758
746.0 0.004856076338910498
747.0 0.00477749235869851
748.0 0.0046989083784865215
749.0 0.004380616155685857
750.0 0.004062323569087312
751.0 0.0033449232432758436
752.0 0.002627522189868614
753.0 0.0026158893888350576
754.0 0.002604256405902561
755.0 0.0023563337890664116
756.0 0.0021084113541292027
757.0 0.002086044696625322
758.0 0.002063677857222501
759.0 0.0016714247976779006
760.0 0.0012791720109817106
761.0 0.0010296503205609042
762.0 0.0007801289029885083
763.0 0.0006695938282064162
764.0 0.0005590589353232644
765.0 0.00041700222936924547
766.0 0.00027494550067785894
767.0 0.00036104468108533183
768.0 0.00044714388423017226
769.0 0.0005935500212217448
770.0 0.0007399562036880525
771.0 0.0008198356226785108
772.0 0.0008997151780931745
773.0 0.0007841105798434
774.0 0.0006685059361188905
775.0 0.0006710899924655678
776.0 0.0006736741397617152
777.0 0.0007259630365297198
778.0 0.0007782519787724596
779.0 0.0008586222975281999
780.0 0.0009389926162839402
781.0 0.0010036364074039739
782.0 0.0010682801985240076
783.0 0.0010407432455394883
784.0 0.001013206292554969
785.0 0.0013037144526606426
786.0 0.0015942223399179056
787.0 0.0012951973076269496
788.0 0.0009961722753359936
789.0 0.0009540037353872322
790.0 0.0009118351044890005
791.0 0.0006378579655574868
792.0 0.00036388075841387035
793.0 0.0004685653493652353
794.0 0.0005732499630539678
795.0 0.0005073384272691328
796.0 0.00044142680053482763
797.0 0.00040195477595261764
798.0 0.0003624825694714673
799.0 0.00030455159958364675
800.0 0.000246620788857399
801.0 7.151763981028125e-06
802.0 1.6244841843232605e-10
803.0 1.6244841843232605e-10
804.0 1.6244841843232605e-10
805.0 0.00014019103673490463
806.0 0.00032986115456878906
807.0 0.00032553991786699044
808.0 0.0003212186811651918
809.0 0.00027247924663242884
810.0 0.00022373974388756324
811.0 0.00011543783102752059
812.0 7.135901114452281e-06
813.0 1.6244841843232605e-10
814.0 1.6244841843232605e-10
815.0 5.9557913800745155e-05
816.0 0.00014484003258985467
817.0 0.00038934272197366226
818.0 0.0006338454568322049
819.0 0.00044991488721279893
820.0 0.0002659844767549657
821.0 0.00023226255052577471
822.0 0.00019854035144817317
823.0 9.629665100874263e-05
824.0 1.6244841843232605e-10
825.0 1.6244841843232605e-10
826.0 1.6244841843232605e-10
827.0 6.183490199873631e-05
828.0 0.00018309154938833672
829.0 1.6244841843232605e-10
830.0 1.6244841843232605e-10
831.0 1.6244841843232605e-10
832.0 1.6244841843232605e-10
833.0 7.163245641095273e-05
834.0 0.0001710326614556834
835.0 0.00013168807981855934
836.0 9.234344133801642e-05
837.0 1.6244841843232605e-10
838.0 1.6244841843232605e-10
839.0 1.6244841843232605e-10
840.0 8.011268164409557e-05
841.0 1.6244841843232605e-10
842.0 1.6244841843232605e-10
843.0 1.6244841843232605e-10
844.0 1.6244841843232605e-10
845.0 1.1779837905123713e-05
846.0 8.330638365805498e-05
847.0 0.000230140972234949
848.0 0.00037697564039262943
849.0 0.00030975061235949397
850.0 0.00024252549337688833
851.0 0.000460790306533454
852.0 0.0006790550742152845
853.0 0.000369967983715469
854.0 6.088100690249121e-05
855.0 0.00022921449271962047
856.0 0.00039754809222358745
857.0 0.000554996859136736
858.0 0.0007124457624740899
859.0 0.0007456492312485352
860.0 0.0007788525181240402
861.0 0.001057159261108609
862.0 0.0013354658221942373
863.0 0.0016710748241166584
864.0 0.0020066841898369603
865.0 0.0015482224625884555
866.0 0.001089760826289421
867.0 0.0013980516996525694
868.0 0.0017063423001673073
869.0 0.0016737099940655753
870.0 0.0016410778698627837
871.0 0.0016237641830230132
872.0 0.0016064504961832426
873.0 0.001982441244763322
874.0 0.002358432175242342
875.0 0.0023004758986644447
