lsstCam/transmission_filter_detector/r11_s22/i_39/19700101T000000.ecsv
# %ECSV 1.0
# ---
# datatype:
# - {name: wavelength, unit: nm, datatype: float32}
# - {name: efficiency, unit: '%', datatype: float64}
# meta: !!omap
# - {MODE: DETECTOR}
# - {TYPE: transmission_filter_detector}
# - {CALIBDATE: '1970-01-01T00:00:00'}
# - {INSTRUME: LSSTCam}
# - {OBSTYPE: transmission_filter_detector}
# - {CALIBCLS: lsst.ip.isr.IntermediateFilterDetectorTransmissionCurve}
# - {SOURCE: Materion (DM-46256)}
# - {DETECTOR: 44}
# - {FILTER: i_39}
# - {CALIB_ID: 'calibDate=1970-01-01T00:00:00 filter=i_39 detector=44'}
# - {DATE: '2025-04-02T15:59:46.683060'}
# - {CALIB_CREATION_DATE: '2025-04-02'}
# - {CALIB_CREATION_TIME: '15:59:46'}
# - __serialized_columns__:
#     efficiency:
#       __class__: astropy.units.quantity.Quantity
#       unit: !astropy.units.Unit {unit: '%'}
#       value: !astropy.table.SerializedColumn {name: efficiency}
#     wavelength:
#       __class__: astropy.units.quantity.Quantity
#       unit: !astropy.units.Unit {unit: nm}
#       value: !astropy.table.SerializedColumn {name: wavelength}
# schema: astropy-2.0
wavelength efficiency
300.0 0.07756895502097905
301.0 0.05261305486783385
302.0 0.027657195460051298
303.0 0.033896887907758355
304.0 0.04013658035546541
305.0 0.032033061143010855
306.0 0.02392953902017325
307.0 0.010756318079074845
308.0 1.5787064580954913e-10
309.0 1.5787064580954913e-10
310.0 1.5787064580954913e-10
311.0 1.5787064580954913e-10
312.0 0.005111371865496039
313.0 0.00036084102248423733
314.0 1.5787064580954913e-10
315.0 1.5787064580954913e-10
316.0 1.5787064580954913e-10
317.0 1.5787064580954913e-10
318.0 1.5787064580954913e-10
319.0 1.5787064580954913e-10
320.0 1.5787064580954913e-10
321.0 1.5787064580954913e-10
322.0 0.00021955411284579895
323.0 1.5787064580954913e-10
324.0 1.5787064580954913e-10
325.0 1.5787064580954913e-10
326.0 1.5787064580954913e-10
327.0 1.5787064580954913e-10
328.0 0.004437536335899495
329.0 0.0029044622351648286
330.0 0.0013713882253796328
331.0 0.0011756095773307607
332.0 0.00097983165687765
333.0 0.0012030871403112542
334.0 0.0014263425327953883
335.0 0.0010455701158207376
336.0 0.0006647982445429079
337.0 0.0018814447685144842
338.0 0.0030980914743850008
339.0 0.0032515185012016445
340.0 0.0034049462556140497
341.0 1.5787064580954913e-10
342.0 1.5787064580954913e-10
343.0 1.5787064580954913e-10
344.0 1.5787064580954913e-10
345.0 1.5787064580954913e-10
346.0 1.5787064580954913e-10
347.0 1.5787064580954913e-10
348.0 1.5787064580954913e-10
349.0 1.5787064580954913e-10
350.0 1.5787064580954913e-10
351.0 1.5787064580954913e-10
352.0 1.5787064580954913e-10
353.0 1.5787064580954913e-10
354.0 1.5787064580954913e-10
355.0 1.5787064580954913e-10
356.0 1.5787064580954913e-10
357.0 0.0008019248525670264
358.0 0.00197197005036287
359.0 0.0016405198039137758
360.0 0.0013090691027173307
361.0 0.0010005045623984188
362.0 0.000691940067554242
363.0 0.00012634110362341744
364.0 1.5787064580954913e-10
365.0 0.0008827420060697477
366.0 0.0022047421225579455
367.0 0.0013001033039472532
368.0 0.0003954643943870906
369.0 0.0007781908607285004
370.0 0.0011609175999183208
371.0 0.0009378032700624317
372.0 0.0007146888492570724
373.0 0.0009206429240293801
374.0 0.0011265969078522176
375.0 0.00026182517558481777
376.0 1.5787064580954913e-10
377.0 1.5787064580954913e-10
378.0 0.00018188787862527533
379.0 1.5787064580954913e-10
380.0 1.5787064580954913e-10
381.0 1.5787064580954913e-10
382.0 1.5787064580954913e-10
383.0 0.0003948899120587157
384.0 0.0015315958080464043
385.0 0.0013162007235223427
386.0 0.0011008056389982812
387.0 1.5787064580954913e-10
388.0 1.5787064580954913e-10
389.0 1.5787064580954913e-10
390.0 1.5787064580954913e-10
391.0 1.5787064580954913e-10
392.0 1.5787064580954913e-10
393.0 1.5787064580954913e-10
394.0 0.0013011021110287402
395.0 1.5787064580954913e-10
396.0 1.5787064580954913e-10
397.0 1.5787064580954913e-10
398.0 1.5787064580954913e-10
399.0 1.5787064580954913e-10
400.0 0.00022932499632588588
401.0 0.0005129600140207913
402.0 0.0007965938493725844
403.0 0.0014215404917194974
404.0 0.0020464871340664104
405.0 0.004311125303502195
406.0 0.006575763109140098
407.0 0.0037627531128237024
408.0 0.0009497393875790294
409.0 0.0008625451300758868
410.0 0.00077534868978546
411.0 0.002154599133064039
412.0 0.0035338503948878497
413.0 0.004473136505112052
414.0 0.005412423706729896
415.0 0.004581912435241975
416.0 0.0037514011637540534
417.0 0.002468191087245941
418.0 0.0011849808288388886
419.0 0.0034412641980452463
420.0 0.005697547385352664
421.0 0.004501901639741845
422.0 0.0033062551665352657
423.0 0.0038331123505486175
424.0 0.004359969534561969
425.0 0.003164164809277281
426.0 0.00196835862880107
427.0 0.0035273107641842216
428.0 0.005086263263365254
429.0 0.005115362364449538
430.0 0.005144462920725346
431.0 0.003931697574444115
432.0 0.0027189325919607654
433.0 0.0031484993087360635
434.0 0.0035780663893092424
435.0 0.002870559910661541
436.0 0.0021630530682159588
437.0 0.0017897424186230637
438.0 0.0014164320418785792
439.0 0.0019109089407720603
440.0 0.002405386112513952
441.0 0.0008876605534169357
442.0 1.5787064580954913e-10
443.0 1.5787064580954913e-10
444.0 1.5787064580954913e-10
445.0 1.5787064580954913e-10
446.0 1.5787064580954913e-10
447.0 4.6112077711768507e-05
448.0 0.0006712713457091013
449.0 1.5787064580954913e-10
450.0 1.5787064580954913e-10
451.0 1.5787064580954913e-10
452.0 0.0008167583473550621
453.0 0.001492248793510953
454.0 0.0021677395125152543
455.0 0.0021038642444182187
456.0 0.002039988794422243
457.0 0.0013766574738838244
458.0 0.0007133258350222604
459.0 0.0004106325377506437
460.0 0.0001079392063729756
461.0 0.00036507196909951745
462.0 0.0006222046522452729
463.0 0.0002590054464235436
464.0 1.5787064580954913e-10
465.0 0.00024208261493186
466.0 0.0005883588528377004
467.0 0.0006569953256985173
468.0 0.0007256317985593341
469.0 0.0006140530786069576
470.0 0.0005024744041293161
471.0 0.0006405995918612462
472.0 0.0007787249160173815
473.0 0.0009582391612639185
474.0 0.001137753679358866
475.0 0.0006417375061573694
476.0 0.0001457216399103345
477.0 0.0006764229965483537
478.0 0.0012071243872924242
479.0 0.0012461014193831943
480.0 0.0012850784514739644
481.0 0.002601179585326463
482.0 0.003917278809240088
483.0 0.005529145346372388
484.0 0.007141011155908927
485.0 0.008300592162413523
486.0 0.009460172441322356
487.0 0.012109133967896923
488.0 0.014758094039279968
489.0 0.01752642565406859
490.0 0.02029475726885721
491.0 0.02239179448224604
492.0 0.024488833150826395
493.0 0.025433985865674913
494.0 0.026379141490906477
495.0 0.023277709260582924
496.0 0.02017627120949328
497.0 0.01609322935109958
498.0 0.012010183854727075
499.0 0.008744838851271197
500.0 0.005479494939208962
501.0 0.004243550938554108
502.0 0.003007607301697135
503.0 0.002446797770971898
504.0 0.0018859878764487803
505.0 0.0018981965695274994
506.0 0.0019104052626062185
507.0 0.001884099401650019
508.0 0.001857792813098058
509.0 0.001878050716186408
510.0 0.0018983084373758174
511.0 0.0014789871784159914
512.0 0.0010596659194561653
513.0 0.0015493098544538952
514.0 0.002038953607552685
515.0 0.0025084680601139553
516.0 0.0029779825126752257
517.0 0.0024833752831909806
518.0 0.001988768417504616
519.0 0.0020895951820421033
520.0 0.002190422310377471
521.0 0.0017688616935629398
522.0 0.0013473012586473487
523.0 0.001401488498231629
524.0 0.0014556761016137898
525.0 0.001991033786907792
526.0 0.0025263911084039137
527.0 0.002515674896130804
528.0 0.0025049588657566346
529.0 0.0018631100829225034
530.0 0.0012212613910378423
531.0 0.0011221757631574292
532.0 0.0010230902262264863
533.0 0.0012937907740706578
534.0 0.0015644915038137697
535.0 0.0016525296814506873
536.0 0.001740567859087605
537.0 0.002523151852074079
538.0 0.003305735663161613
539.0 0.0040436952986055985
540.0 0.004781654934049584
541.0 0.0053267980547389016
542.0 0.0058719415392261
543.0 0.004985379200661555
544.0 0.004098817225894891
545.0 0.0032935189665295184
546.0 0.002488221252860967
547.0 0.002040245453827083
548.0 0.0015922698366921395
549.0 0.0017852660675998777
550.0 0.0019782626623054966
551.0 0.001676779538684059
552.0 0.0013752966879110318
553.0 0.0014236382412491366
554.0 0.0014719798855367117
555.0 0.0010789765838126186
556.0 0.0006859733275632607
557.0 0.0006820681392127881
558.0 0.0006781630418117857
559.0 0.00020511870388872921
560.0 1.5787064580954913e-10
561.0 0.000540261225978611
562.0 0.0013484482224157546
563.0 0.001548816180729773
564.0 0.0017491842299932614
565.0 0.0013879973266739398
566.0 0.0010268106052535586
567.0 0.0007144080882426351
568.0 0.00040200566218118183
569.0 0.0005548892204387812
570.0 0.0007077725967974402
571.0 0.00044191460801812354
572.0 0.00017605658513275557
573.0 0.0003317283017167938
574.0 0.00048740012061898597
575.0 0.0004478529717744095
576.0 0.0004083057319803629
577.0 0.00046056970859353896
578.0 0.0005128337761561852
579.0 0.0002219438556494424
580.0 1.5787064580954913e-10
581.0 0.0001444704366804217
582.0 0.0003578869154807762
583.0 0.0004959130365023157
584.0 0.0006339390893117525
585.0 0.0007748802090645768
586.0 0.0009158214197668713
587.0 0.0008366017937078141
588.0 0.0007573820312245516
589.0 0.0005835201591253281
590.0 0.0004096583325008396
591.0 0.000639695645077154
592.0 0.0008697331395524088
593.0 0.0005611806045635603
594.0 0.0002526280013626092
595.0 0.000579649122300907
596.0 0.0009066701750271022
597.0 0.0007751746124995407
598.0 0.0006436791863961844
599.0 0.0005395523203333141
600.0 0.0004354253178462386
601.0 0.0004219494712742744
602.0 0.0004084736247023102
603.0 0.0003320559471831075
604.0 0.00025563813323969953
605.0 0.00024526625566068105
606.0 0.00023489437808166258
607.0 0.0004580413587973453
608.0 0.0006811881576140877
609.0 0.0006363438387779752
610.0 0.0005914992470934521
611.0 0.0007590560471726349
612.0 0.0009266129382012878
613.0 0.0006127567758085206
614.0 0.00029890074983995873
615.0 1.5787064580954913e-10
616.0 1.5787064580954913e-10
617.0 1.5787064580954913e-10
618.0 0.00022453498331742594
619.0 0.0003260040557506727
620.0 0.0004274732418707572
621.0 0.0006230925919226138
622.0 0.0008187119419744704
623.0 0.0006328479230433004
624.0 0.0004469839495868655
625.0 0.0004181996246188646
626.0 0.00038941534512559883
627.0 0.0003208999032722204
628.0 0.0002523844386814744
629.0 0.0004659836122300476
630.0 0.0006795828994654585
631.0 0.0006198677965585375
632.0 0.0005601527391263517
633.0 0.00048009801503212657
634.0 0.0004000432909379015
635.0 0.00042279561967006885
636.0 0.00044554785745276604
637.0 0.00039651117731409613
638.0 0.00034747431527648587
639.0 0.0006062813099561026
640.0 0.0008650881682115141
641.0 0.0005514691565622343
642.0 0.00023785012217558688
643.0 0.0005555732968787197
644.0 0.000873296448844485
645.0 0.0007753154022793751
646.0 0.0006773343557142653
647.0 0.0007895438102423213
648.0 0.0009017537195177283
649.0 0.00075576012932288
650.0 0.0006097665846027667
651.0 0.000884270320966607
652.0 0.0011587741028051823
653.0 0.0012536813301267102
654.0 0.001348588466498768
655.0 0.0020086758013349026
656.0 0.0026687632271205075
657.0 0.0036830278986599296
658.0 0.004697291296906769
659.0 0.007351324165938422
660.0 0.0011463433111202903
661.0 0.11489876778796315
662.0 0.1604625373147428
663.0 0.17182071460410953
664.0 0.15587060479447246
665.0 0.1434918027371168
666.0 0.2393404021859169
667.0 0.17217465210705996
668.0 0.20728148519992828
669.0 0.3498388919979334
670.0 0.48619890585541725
671.0 0.8089786395430565
672.0 1.214494090527296
673.0 1.8649106845259666
674.0 2.7063248679041862
675.0 3.652999922633171
676.0 4.894796013832092
677.0 6.2523312866687775
678.0 7.657556980848312
679.0 9.252259880304337
680.0 11.433829367160797
681.0 13.605867326259613
682.0 16.281841695308685
683.0 19.022029638290405
684.0 22.038690745830536
685.0 24.897441267967224
686.0 27.970221638679504
687.0 31.286761164665222
688.0 34.726351499557495
689.0 38.32554519176483
690.0 42.59379208087921
691.0 47.22731411457062
692.0 52.52543091773987
693.0 58.180075883865356
694.0 64.38844203948975
695.0 70.11794447898865
696.0 76.32510662078857
697.0 81.68104887008667
698.0 87.09107041358948
699.0 90.79214930534363
700.0 93.45713257789612
701.0 95.43765187263489
702.0 96.6888964176178
703.0 97.2317636013031
704.0 97.57501482963562
705.0 97.72847890853882
706.0 97.73096442222595
707.0 97.84719944000244
708.0 97.85314798355103
709.0 97.82108664512634
710.0 97.6496934890747
711.0 97.91526198387146
712.0 97.90291786193848
713.0 97.92655110359192
714.0 98.11388850212097
715.0 98.102468252182
716.0 98.05918335914612
717.0 98.10369610786438
718.0 98.1465220451355
719.0 97.98062443733215
720.0 98.15559983253479
721.0 98.11139702796936
722.0 97.73098230361938
723.0 97.41477370262146
724.0 97.17860817909241
725.0 97.01415300369263
726.0 96.75192832946777
727.0 96.61412835121155
728.0 96.37644290924072
729.0 96.31482362747192
730.0 96.36445641517639
731.0 96.42907381057739
732.0 96.62090539932251
733.0 96.92206382751465
734.0 97.2108244895935
735.0 97.42310643196106
736.0 97.76231050491333
737.0 98.1528103351593
738.0 98.32536578178406
739.0 98.69036674499512
740.0 98.76489639282227
741.0 98.54822158813477
742.0 98.7726628780365
743.0 98.72580170631409
744.0 98.49258065223694
745.0 98.51214289665222
746.0 98.52985739707947
747.0 98.72653484344482
748.0 98.50788712501526
749.0 98.47553968429565
750.0 98.4448492527008
751.0 98.30305576324463
752.0 98.29493165016174
753.0 98.50033521652222
754.0 98.45315217971802
755.0 98.53786826133728
756.0 98.66246581077576
757.0 98.62481355667114
758.0 98.67575168609619
759.0 98.83291721343994
760.0 98.7067699432373
761.0 98.52592349052429
762.0 98.67289662361145
763.0 98.6459732055664
764.0 98.47630858421326
765.0 98.48355650901794
766.0 98.48656058311462
767.0 98.28883409500122
768.0 98.29362630844116
769.0 98.2770323753357
770.0 97.99246788024902
771.0 97.94141054153442
772.0 98.0810284614563
773.0 97.81501293182373
774.0 97.67574071884155
775.0 97.84291386604309
776.0 97.76633381843567
777.0 97.86771535873413
778.0 97.87654876708984
779.0 97.96655774116516
780.0 98.00979495048523
781.0 98.34201335906982
782.0 98.27581644058228
783.0 98.46029281616211
784.0 98.3786404132843
785.0 98.53630661964417
786.0 98.61639142036438
787.0 98.33196997642517
788.0 98.4574556350708
789.0 98.54322075843811
790.0 98.40970039367676
791.0 98.42289090156555
792.0 98.28460812568665
793.0 98.15228581428528
794.0 98.05541038513184
795.0 97.92388677597046
796.0 97.95736074447632
797.0 97.90787696838379
798.0 97.87001609802246
799.0 97.58756160736084
800.0 97.51201272010803
801.0 97.39811420440674
802.0 97.22468852996826
803.0 96.80095911026001
804.0 96.1713433265686
805.0 95.33030986785889
806.0 94.37974095344543
807.0 92.97894835472107
808.0 91.20495915412903
809.0 89.25665616989136
810.0 87.04633116722107
811.0 84.21723246574402
812.0 80.89271783828735
813.0 77.22854018211365
814.0 73.06277751922607
815.0 68.71663928031921
816.0 64.50690627098083
817.0 59.678781032562256
818.0 54.892516136169434
819.0 50.669318437576294
820.0 45.95244526863098
821.0 41.450342535972595
822.0 37.11692690849304
823.0 32.50460624694824
824.0 27.852502465248108
825.0 23.65690916776657
826.0 19.261881709098816
827.0 14.80255275964737
828.0 11.09200194478035
829.0 7.765855640172958
830.0 4.872667044401169
831.0 3.1250156462192535
832.0 1.834566704928875
833.0 1.094980351626873
834.0 0.5880478303879499
835.0 0.33154995180666447
836.0 0.21507178898900747
837.0 0.14656856656074524
838.0 0.08338703773915768
839.0 0.056589714949950576
840.0 0.044008585973642766
841.0 0.00478704969282262
842.0 1.5787064580954913e-10
843.0 0.0006465859769377857
844.0 1.5787064580954913e-10
845.0 0.005271827103570104
846.0 0.004341832755017094
847.0 1.5787064580954913e-10
848.0 1.5787064580954913e-10
849.0 1.5787064580954913e-10
850.0 1.5787064580954913e-10
851.0 1.5787064580954913e-10
852.0 0.0006939246759429807
853.0 0.0008722883649170399
854.0 0.0010506521903153043
855.0 0.0008589570825279225
856.0 0.0006672620656900108
857.0 0.0007783010914863553
858.0 0.0008893397534848191
859.0 0.0005212127689446788
860.0 0.00015308570482375217
861.0 0.0002503483301552478
862.0 0.00034761080769385444
863.0 0.00013722228686674498
864.0 1.5787064580954913e-10
865.0 3.0191395694600942e-05
866.0 0.00013354898555917316
867.0 1.7017698894505884e-05
868.0 1.5787064580954913e-10
869.0 1.5787064580954913e-10
870.0 1.5787064580954913e-10
871.0 4.0762012076811516e-05
872.0 0.00023087482077244204
873.0 0.00021246598862489918
874.0 0.00019405711100262124
875.0 0.00020725440208479995
876.0 0.0002204517159043462
877.0 1.5787064580954913e-10
878.0 1.5787064580954913e-10
879.0 5.734278829550021e-05
880.0 0.00046137010940583423
881.0 0.0002154556568711996
882.0 1.5787064580954913e-10
883.0 0.00011420784176152665
884.0 0.0002588744791864883
885.0 6.646017709499574e-05
886.0 1.5787064580954913e-10
887.0 7.232286520775233e-05
888.0 0.0002705998440433177
889.0 0.00014724870425197878
890.0 2.3897607093203987e-05
891.0 8.79773608630785e-05
892.0 0.00015205711179078207
893.0 0.00018947033595395624
894.0 0.00022688354874844663
