lsstCam/transmission_filter_detector/r11_s22/i_39/19700101T000000.ecsv
# %ECSV 1.0
# ---
# datatype:
# - {name: wavelength, unit: nm, datatype: float32}
# - {name: efficiency, unit: '%', datatype: float64}
# meta: !!omap
# - {MODE: DETECTOR}
# - {TYPE: transmission_filter_detector}
# - {CALIBDATE: '1970-01-01T00:00:00'}
# - {INSTRUME: LSSTCam}
# - {OBSTYPE: transmission_filter_detector}
# - {CALIBCLS: lsst.ip.isr.IntermediateFilterDetectorTransmissionCurve}
# - {SOURCE: Materion (DM-46256)}
# - {DETECTOR: 44}
# - {FILTER: i_39}
# - {CALIB_ID: 'calibDate=1970-01-01T00:00:00 filter=i_39 detector=44'}
# - {DATE: '2025-04-02T15:59:46.683060'}
# - {CALIB_CREATION_DATE: '2025-04-02'}
# - {CALIB_CREATION_TIME: '15:59:46'}
# - __serialized_columns__:
#     efficiency:
#       __class__: astropy.units.quantity.Quantity
#       unit: !astropy.units.Unit {unit: '%'}
#       value: !astropy.table.SerializedColumn {name: efficiency}
#     wavelength:
#       __class__: astropy.units.quantity.Quantity
#       unit: !astropy.units.Unit {unit: nm}
#       value: !astropy.table.SerializedColumn {name: wavelength}
# schema: astropy-2.0
wavelength efficiency
[from data line 596]
896.0 1.5787064580954913e-10
897.0 1.5787064580954913e-10
898.0 1.5787064580954913e-10
899.0 1.5787064580954913e-10
900.0 1.5787064580954913e-10
901.0 1.5787064580954913e-10
902.0 1.5787064580954913e-10
903.0 1.5787064580954913e-10
904.0 1.5787064580954913e-10
905.0 1.5787064580954913e-10
906.0 1.5787064580954913e-10
907.0 0.00013451159475152963
908.0 0.00032957993880700087
909.0 4.708914502771222e-05
910.0 1.5787064580954913e-10
911.0 1.5787064580954913e-10
912.0 0.000202879641619802
913.0 0.00014375906403074623
914.0 8.463849781037425e-05
915.0 1.5787064580954913e-10
916.0 1.5787064580954913e-10
917.0 1.5787064580954913e-10
918.0 1.5787064580954913e-10
919.0 1.5787064580954913e-10
920.0 1.5787064580954913e-10
921.0 1.5787064580954913e-10
922.0 1.5787064580954913e-10
923.0 1.5787064580954913e-10
924.0 1.5787064580954913e-10
925.0 9.49093930557865e-05
926.0 0.00027791704724222654
927.0 5.637058961838193e-05
928.0 1.5787064580954913e-10
929.0 7.352155080297962e-05
930.0 0.00031221895824273815
931.0 0.00021266287149046548
932.0 0.00011310675063214148
933.0 9.419111393071944e-05
934.0 7.527550565100682e-05
935.0 1.5787064580954913e-10
936.0 1.5787064580954913e-10
937.0 1.5787064580954913e-10
938.0 1.5787064580954913e-10
939.0 1.5787064580954913e-10
940.0 1.5787064580954913e-10
941.0 1.5787064580954913e-10
942.0 1.5787064580954913e-10
943.0 1.5787064580954913e-10
944.0 1.5787064580954913e-10
945.0 1.5787064580954913e-10
946.0 1.5787064580954913e-10
947.0 1.5787064580954913e-10
948.0 1.5787064580954913e-10
949.0 1.5787064580954913e-10
950.0 1.5787064580954913e-10
951.0 1.5787064580954913e-10
952.0 1.5787064580954913e-10
953.0 1.5787064580954913e-10
954.0 1.5787064580954913e-10
955.0 7.071196250763023e-05
956.0 0.0003015964921360137
957.0 0.0002041548441411578
958.0 0.00010671316204025061
959.0 0.0001254644416803785
960.0 0.00014421574405787396
961.0 0.0001927238827192923
962.0 0.00024123205548676196
963.0 6.463958470703801e-05
964.0 1.5787064580954913e-10
965.0 1.5787064580954913e-10
966.0 1.5787064580954913e-10
967.0 1.5787064580954913e-10
968.0 1.5787064580954913e-10
969.0 1.5787064580954913e-10
970.0 1.5787064580954913e-10
971.0 1.5787064580954913e-10
972.0 1.5787064580954913e-10
973.0 1.5787064580954913e-10
974.0 1.5787064580954913e-10
975.0 1.5787064580954913e-10
976.0 1.5787064580954913e-10
977.0 1.5787064580954913e-10
978.0 1.5787064580954913e-10
979.0 1.5787064580954913e-10
980.0 1.5787064580954913e-10
981.0 1.5787064580954913e-10
982.0 1.5787064580954913e-10
983.0 1.5787064580954913e-10
984.0 1.5787064580954913e-10
985.0 3.641559374045755e-05
986.0 0.00021108062355779111
987.0 1.5787064580954913e-10
988.0 1.5787064580954913e-10
989.0 1.5787064580954913e-10
990.0 1.5787064580954913e-10
991.0 1.5787064580954913e-10
992.0 1.5787064580954913e-10
993.0 1.5787064580954913e-10
994.0 1.5787064580954913e-10
995.0 1.5787064580954913e-10
996.0 1.5787064580954913e-10
997.0 5.9472876046129386e-05
998.0 0.00024686560209374875
999.0 0.0002705081215026439
1000.0 0.000294150595436804
1001.0 0.00015897486491667223
1002.0 2.379907186877972e-05
1003.0 6.98381199981668e-05
1004.0 0.00011587720791794709
1005.0 2.9889918096159818e-06
1006.0 1.5787064580954913e-10
1007.0 2.0468716854793456e-05
1008.0 0.0001508366949565243
1009.0 8.88341048721486e-05
1010.0 2.683144657567027e-05
1011.0 4.950782113155583e-05
1012.0 7.21841900030995e-05
1013.0 0.0002654588115547085
1014.0 0.0004587334842653945
1015.0 0.00037070794860483147
1016.0 0.0002826824584190035
1017.0 0.0003393972065168782
1018.0 0.00039611213651369326
1019.0 0.0003497471425362164
1020.0 0.0003033820576092694
1021.0 0.00017162274161819369
1022.0 3.986340288975043e-05
1023.0 0.0004731013632408576
1024.0 0.0009063394827535376
1025.0 0.0007082749561959645
1026.0 0.0005102104296383914
1027.0 0.00044197940951562487
1028.0 0.0003737483666554908
1029.0 0.0007629018000443466
1030.0 0.0011520552106958348
1031.0 0.0017576599930180237
1032.0 0.002363264502491802
1033.0 0.002452499757055193
1034.0 0.0025417344659217633
1035.0 0.0031281360861612484
1036.0 0.003714537524501793
1037.0 0.003787715104408562
1038.0 0.0038608923205174506
1039.0 0.003338138049002737
1040.0 0.0028153839593869634
1041.0 0.0025181201635859907
1042.0 0.0022208565496839583
1043.0 0.0029866396289435215
1044.0 0.0037524227082030848
1045.0 0.003436812767176889
1046.0 0.003121203917544335
1047.0 0.00276166192634264
1048.0 0.0024021201170398854
1049.0 0.0021901209038333036
1050.0 0.0019781215087277815
1051.0 0.0020466561181819998
1052.0 0.0021151909095351584
1053.0 0.0012767362932208925
1054.0 0.0004382815859571565
1055.0 0.0005753130153607344
1056.0 0.0007123444447643124
1057.0 0.0006070211384212598
1058.0 0.0005016980139771476
1059.0 0.0007876449672039598
1060.0 0.001073592375178123
1061.0 0.0016978936400846578
1062.0 0.0023221942683449015
1063.0 0.0026425293981446885
1064.0 0.002962864346045535
1065.0 0.0035539291275199503
1066.0 0.0041449944546911865
1067.0 0.004681984501075931
1068.0 0.005218974911258556
1069.0 0.004275510218576528
1070.0 0.003332045889692381
1071.0 0.003448023198870942
1072.0 0.0035640008718473837
1073.0 0.0034037144359899685
1074.0 0.0032434280001325533
1075.0 0.003477481732261367
1076.0 0.003711535464390181
1077.0 0.002695760122151114
1078.0 0.0016799844161141664
1079.0 0.001962409442057833
1080.0 0.0022448344680014998
1081.0 0.001503687417425681
1082.0 0.0007625401849509217
1083.0 0.0001694688535280875
1084.0 1.5787064580954913e-10
1085.0 0.0005638309630739968
1086.0 0.001551264722365886
1087.0 0.0010286732504027896
1088.0 0.0005060817329649581
1089.0 1.5787064580954913e-10
1090.0 1.5787064580954913e-10
1091.0 1.5787064580954913e-10
1092.0 1.5787064580954913e-10
1093.0 1.5787064580954913e-10
1094.0 1.5787064580954913e-10
1095.0 0.0002554792445152998
1096.0 0.0008492530469084159
1097.0 1.5787064580954913e-10
1098.0 1.5787064580954913e-10
1099.0 1.5787064580954913e-10
1100.0 1.5787064580954913e-10
