lsstCam/transmission_filter_detector/r11_s21/z_20/19700101T000000.ecsv
# %ECSV 1.0
# ---
# datatype:
# - {name: wavelength, unit: nm, datatype: float32}
# - {name: efficiency, unit: '%', datatype: float64}
# meta: !!omap
# - {MODE: DETECTOR}
# - {TYPE: transmission_filter_detector}
# - {CALIBDATE: '1970-01-01T00:00:00'}
# - {INSTRUME: LSSTCam}
# - {OBSTYPE: transmission_filter_detector}
# - {CALIBCLS: lsst.ip.isr.IntermediateFilterDetectorTransmissionCurve}
# - {SOURCE: Materion (DM-46256)}
# - {DETECTOR: 43}
# - {FILTER: z_20}
# - {CALIB_ID: 'calibDate=1970-01-01T00:00:00 filter=z_20 detector=43'}
# - {DATE: '2025-04-02T15:59:48.834532'}
# - {CALIB_CREATION_DATE: '2025-04-02'}
# - {CALIB_CREATION_TIME: '15:59:48'}
# - __serialized_columns__:
#     efficiency:
#       __class__: astropy.units.quantity.Quantity
#       unit: !astropy.units.Unit {unit: '%'}
#       value: !astropy.table.SerializedColumn {name: efficiency}
#     wavelength:
#       __class__: astropy.units.quantity.Quantity
#       unit: !astropy.units.Unit {unit: nm}
#       value: !astropy.table.SerializedColumn {name: wavelength}
# schema: astropy-2.0
wavelength efficiency
[from data line 597]
897.0 99.36289191246033
898.0 98.96476864814758
899.0 98.70718121528625
900.0 98.99935722351074
901.0 99.51972365379333
902.0 99.13759231567383
903.0 98.94052743911743
904.0 98.03493022918701
905.0 98.93113970756531
906.0 98.12240600585938
907.0 98.51488471031189
908.0 98.42563271522522
909.0 98.30641746520996
910.0 98.25599193572998
911.0 97.0274567604065
912.0 96.06303572654724
913.0 95.22650241851807
914.0 92.96363592147827
915.0 90.56335687637329
916.0 88.81692290306091
917.0 87.20046281814575
918.0 83.47330093383789
919.0 82.39685893058777
920.0 79.66915369033813
921.0 76.1766791343689
922.0 71.97792530059814
923.0 66.48963689804077
924.0 61.09086871147156
925.0 55.61552047729492
926.0 49.757927656173706
927.0 42.74693429470062
928.0 36.887383460998535
929.0 30.63182830810547
930.0 24.999064207077026
931.0 19.694460928440094
932.0 14.120973646640778
933.0 9.56917405128479
934.0 6.34697750210762
935.0 3.8994144648313522
936.0 2.3195987567305565
937.0 1.4007724821567535
938.0 0.8096091449260712
939.0 0.48371171578764915
940.0 0.3997480031102896
941.0 0.20966294687241316
942.0 0.22828029468655586
943.0 0.24654737208038568
944.0 0.06235953769646585
945.0 0.2866835333406925
946.0 1.598082343540197e-10
947.0 0.09900794830173254
948.0 1.598082343540197e-10
949.0 0.01763157924870029
950.0 0.08152048103511333
951.0 0.0188908408745192
952.0 0.002577010491222609
953.0 0.06428883643820882
954.0 1.598082343540197e-10
955.0 0.009331999171990901
956.0 0.050934229511767626
957.0 1.598082343540197e-10
958.0 0.007097352499840781
959.0 1.598082343540197e-10
960.0 1.598082343540197e-10
961.0 0.06130242836661637
962.0 0.05442280671559274
963.0 0.015842958237044513
964.0 1.598082343540197e-10
965.0 1.598082343540197e-10
966.0 1.598082343540197e-10
967.0 1.598082343540197e-10
968.0 0.0006470280368375825
969.0 1.598082343540197e-10
970.0 0.0005148437594471034
971.0 1.598082343540197e-10
972.0 0.03511623071972281
973.0 1.598082343540197e-10
974.0 0.001465755940444069
975.0 0.006438112905016169
976.0 0.0064970496168825775
977.0 0.006477226270362735
978.0 0.006457404379034415
979.0 0.006283973925746977
980.0 0.006110542017268017
981.0 0.005993507875245996
982.0 0.005876474097021855
983.0 0.005777022670372389
984.0 0.0056775719713186845
985.0 0.0053989249863661826
986.0 0.005120276546222158
987.0 0.005146499825059436
988.0 0.0051727234676945955
989.0 0.005047761078458279
990.0 0.004922799053019844
991.0 0.004984220868209377
992.0 0.00504564268339891
993.0 0.004974204421159811
994.0 0.004902765431324951
995.0 0.004830706893699244
996.0 0.004758648356073536
997.0 0.004608294329955243
998.0 0.00445794066763483
999.0 0.004447479295777157
1000.0 0.004437017560121603
1001.0 0.0045784541725879535
1002.0 0.004719890421256423
1003.0 0.004623172935680486
1004.0 0.0045264554501045495
1005.0 0.004382679253467359
1006.0 0.004238903056830168
1007.0 0.004317651109886356
1008.0 0.004396399162942544
1009.0 0.004463895675144158
1010.0 0.004531391823547892
1011.0 0.004611619442584924
1012.0 0.0046918470616219565
1013.0 0.004505567630985752
1014.0 0.004319288200349547
1015.0 0.004509046266321093
1016.0 0.004698803968494758
1017.0 0.004963168976246379
1018.0 0.005227534347795881
1019.0 0.004991687819710933
1020.0 0.004755841291625984
1021.0 0.004793132393388078
1022.0 0.004830423858948052
1023.0 0.004739518044516444
1024.0 0.0046486122300848365
1025.0 0.004849506512982771
1026.0 0.005050400432082824
1027.0 0.004928893031319603
1028.0 0.004807385994354263
1029.0 0.004821135007659905
1030.0 0.004834884384763427
1031.0 0.004952585732098669
1032.0 0.0050702870794339105
1033.0 0.005091760976938531
1034.0 0.005113235238241032
1035.0 0.0053179843234829605
1036.0 0.0055227330449270085
1037.0 0.0056414697610307485
1038.0 0.005760206113336608
1039.0 0.005580767901847139
1040.0 0.005401328598964028
1041.0 0.005860518285771832
1042.0 0.006319708336377516
1043.0 0.005832295573782176
1044.0 0.005344882811186835
1045.0 0.005996520849294029
1046.0 0.006648158887401223
1047.0 0.006395225500455126
1048.0 0.006142290658317506
1049.0 0.006278579530771822
1050.0 0.006414868403226137
1051.0 0.00670334993628785
1052.0 0.006991833652136847
1053.0 0.007020446355454624
1054.0 0.0070490590587724
1055.0 0.007644874858669937
1056.0 0.008240690658567473
1057.0 0.008112897194223478
1058.0 0.007985104457475245
1059.0 0.008076854282990098
1060.0 0.00816860338090919
1061.0 0.008713721763342619
1062.0 0.009258840145776048
1063.0 0.009242572559742257
1064.0 0.009226304973708466
1065.0 0.009361591946799308
1066.0 0.009496881830273196
1067.0 0.009689528087619692
1068.0 0.00988217507256195
1069.0 0.010713221126934513
1070.0 0.011544266453711316
1071.0 0.011395708133932203
1072.0 0.011247149086557329
1073.0 0.011061219265684485
1074.0 0.010875289444811642
1075.0 0.011624685430433601
1076.0 0.012374084326438606
1077.0 0.012302905088290572
1078.0 0.012231725850142539
1079.0 0.013364064216148108
1080.0 0.014496402582153678
1081.0 0.01455463789170608
1082.0 0.014612877566833049
1083.0 0.014458481746260077
1084.0 0.014304085925687104
1085.0 0.01480713690398261
1086.0 0.015310189337469637
1087.0 0.01566447172081098
1088.0 0.016018755559343845
1089.0 0.017227616626769304
1090.0 0.01843647623900324
1091.0 0.018538162112236023
1092.0 0.018639843619894236
1093.0 0.018345935677643865
1094.0 0.01805202482501045
1095.0 0.019282916036900133
1096.0 0.020513810159172863
1097.0 0.02085481391986832
1098.0 0.0211958191357553
1099.0 0.022876673028804362
1100.0 0.024557521101087332
1101.0 0.02498750400263816
1102.0 0.02541748690418899
1103.0 0.02639445010572672
1104.0 0.0273714103968814
1105.0 0.027431966736912727
1106.0 0.027492523076944053
1107.0 0.02847481518983841
1108.0 0.02945711021311581
1109.0 0.030933538801036775
1110.0 0.03240996738895774
1111.0 0.03278981021139771
1112.0 0.033169653033837676
1113.0 0.034811277873814106
1114.0 0.03645290562417358
1115.0 0.035342920455150306
1116.0 0.03423294401727617
1117.0 0.035017827758565545
1118.0 0.03580271441023797
1119.0 0.039302208460867405
1120.0 0.04280170251149684
1121.0 0.04487820842768997
1122.0 0.04695472016464919
1123.0 0.045268741087056696
1124.0 0.043582767830230296
1125.0 0.044372628326527774
1126.0 0.045162494643591344
1127.0 0.04928073612973094
1128.0 0.05339898052625358
1129.0 0.05786891561001539
1130.0 0.06233884487301111
1131.0 0.0626087305136025
1132.0 0.06287861033342779
1133.0 0.06520768511109054
1134.0 0.0675367598887533
1135.0 0.06598331965506077
1136.0 0.06442987942136824
1137.0 0.07159369415603578
1138.0 0.0787575205322355
1139.0 0.08235998684540391
1140.0 0.08596241241320968
1141.0 0.0958085642196238
1142.0 0.10565469274297357
1143.0 0.1275313552469015
1144.0 0.1494079828262329
1145.0 0.29887345153838396
1146.0 0.448338920250535
1147.0 0.9535354562103748
1148.0 1.4587320387363434
1149.0 1.656465046107769
1150.0 1.8541991710662842
