lsstCam/transmission_filter_detector/r11_s21/z_20/19700101T000000.ecsv
# %ECSV 1.0
# ---
# datatype:
# - {name: wavelength, unit: nm, datatype: float32}
# - {name: efficiency, unit: '%', datatype: float64}
# meta: !!omap
# - {MODE: DETECTOR}
# - {TYPE: transmission_filter_detector}
# - {CALIBDATE: '1970-01-01T00:00:00'}
# - {INSTRUME: LSSTCam}
# - {OBSTYPE: transmission_filter_detector}
# - {CALIBCLS: lsst.ip.isr.IntermediateFilterDetectorTransmissionCurve}
# - {SOURCE: Materion (DM-46256)}
# - {DETECTOR: 43}
# - {FILTER: z_20}
# - {CALIB_ID: 'calibDate=1970-01-01T00:00:00 filter=z_20 detector=43'}
# - {DATE: '2025-04-02T15:59:48.834532'}
# - {CALIB_CREATION_DATE: '2025-04-02'}
# - {CALIB_CREATION_TIME: '15:59:48'}
# - __serialized_columns__:
#     efficiency:
#       __class__: astropy.units.quantity.Quantity
#       unit: !astropy.units.Unit {unit: '%'}
#       value: !astropy.table.SerializedColumn {name: efficiency}
#     wavelength:
#       __class__: astropy.units.quantity.Quantity
#       unit: !astropy.units.Unit {unit: nm}
#       value: !astropy.table.SerializedColumn {name: wavelength}
# schema: astropy-2.0
wavelength efficiency
300.0 0.8733826689422131
301.0 0.5902551580220461
302.0 0.30712776351720095
303.0 0.2975638723000884
304.0 0.28800000436604023
305.0 0.2443042118102312
306.0 0.20060839597135782
307.0 0.18514114199206233
308.0 0.16967387637123466
309.0 0.14776978641748428
310.0 0.1258656964637339
311.0 0.12670396827161312
312.0 0.1275422517210245
313.0 0.11290659895166755
314.0 0.09827096946537495
315.0 0.09660738869570196
316.0 0.09494380792602897
317.0 0.07995832711458206
318.0 0.06497285794466734
319.0 0.0650115660391748
320.0 0.06505027413368225
321.0 0.06445873295888305
322.0 0.06386719178408384
323.0 0.0557130784727633
324.0 0.04755896516144276
325.0 0.04393056151457131
326.0 0.04030215786769986
327.0 0.039411993930116296
328.0 0.03852183581329882
329.0 0.0341743987519294
330.0 0.02982696460094303
331.0 0.027177034644410014
332.0 0.024527104687877
333.0 0.02359979262109846
334.0 0.02267247618874535
335.0 0.02152653760276735
336.0 0.02038060047198087
337.0 0.024485544417984784
338.0 0.028590488363988698
339.0 0.024682952789589763
340.0 0.020775425946339965
341.0 0.017607230984140188
342.0 0.014439037477131933
343.0 0.01430920819984749
344.0 0.014179378922563046
345.0 0.013170800230000168
346.0 0.012162218627054244
347.0 0.011522712156875059
348.0 0.010883205686695874
349.0 0.013563249376602471
350.0 0.016243295976892114
351.0 0.013546661648433656
352.0 0.010850025864783674
353.0 0.011357824405422434
354.0 0.01186562585644424
355.0 0.01010351988952607
356.0 0.008341416105395183
357.0 0.009333447815151885
358.0 0.010325481707695872
359.0 0.010107512935064733
360.0 0.009889542707242072
361.0 0.008958565740613267
362.0 0.008027590956771746
363.0 0.009236193000106141
364.0 0.010444794315844774
365.0 0.01015410598483868
366.0 0.009863419109024107
367.0 0.008546966273570433
368.0 0.007230511982925236
369.0 0.007863007340347394
370.0 0.008495502697769552
371.0 0.008350922144018114
372.0 0.008206343045458198
373.0 0.007206013106042519
374.0 0.006205685349414125
375.0 0.006474268593592569
376.0 0.006742852565366775
377.0 0.007150139572331682
378.0 0.0075574258517008275
379.0 0.006328038580249995
380.0 0.0050986513087991625
381.0 0.0032601899874862283
382.0 0.0014217293028195854
383.0 0.003608596307458356
384.0 0.0057954632211476564
385.0 0.005565395986195654
386.0 0.005335329115041532
387.0 0.005964668889646418
388.0 0.006594009755644947
389.0 0.005883955236640759
390.0 0.0051739018090302125
391.0 0.004739767609862611
392.0 0.00430563377449289
393.0 0.0047874284064164385
394.0 0.005269223765935749
395.0 0.00434411849710159
396.0 0.0034190128644695505
397.0 0.003633835876826197
398.0 0.0038486588891828433
399.0 0.004031596472486854
400.0 0.0042145333281951025
401.0 0.004695625466411002
402.0 0.005176717240829021
403.0 0.0051477341912686825
404.0 0.005118751141708344
405.0 0.004180271571385674
406.0 0.003241792001063004
407.0 0.0017550350094097666
408.0 0.00026827874535229057
409.0 0.0019150689695379697
410.0 0.0035618595575215295
411.0 0.004180045652901754
412.0 0.004798232112079859
413.0 0.004600307511282153
414.0 0.004402382910484448
415.0 0.003567998282960616
416.0 0.002733614201133605
417.0 0.003741066757356748
418.0 0.004748520223074593
419.0 0.004260571949998848
420.0 0.0037726240407209843
421.0 0.003804206062341109
422.0 0.003835788811556995
423.0 0.0037008161598350853
424.0 0.0035658449633046985
425.0 0.0025228540835087188
426.0 0.0014798633856116794
427.0 0.0017965374354389496
428.0 0.00211321166716516
429.0 0.0014610132893722039
430.0 0.0008088151844276581
431.0 0.0007690654456382617
432.0 0.000729315524949925
433.0 0.0006876146471768152
434.0 0.0006459138148784405
435.0 0.0011875370546476915
436.0 0.0017291606127400883
437.0 0.001883069853647612
438.0 0.002036979094555136
439.0 0.0020966177544323727
440.0 0.00215625659620855
441.0 0.001637429159018211
442.0 0.0011186019946762826
443.0 0.0022271371562965214
444.0 0.00333567222696729
445.0 0.0033013868232956156
446.0 0.003267101783421822
447.0 0.0026131134291063063
448.0 0.0019591248928918503
449.0 0.0026154670194955543
450.0 0.0032718096917960793
451.0 0.0026295954739907756
452.0 0.0019873808923875913
453.0 0.0018116448700311594
454.0 0.0016359092114726081
455.0 0.002335044337087311
456.0 0.003034179280803073
457.0 0.0022385598640539683
458.0 0.0014429402654059231
459.0 0.0015115653695829678
460.0 0.0015801902918610722
461.0 0.000747908825360355
462.0 1.598082343540197e-10
463.0 0.0009494211553828791
464.0 0.0019832154066534713
465.0 0.002248833880003076
466.0 0.002514452353352681
467.0 0.0021780055249109864
468.0 0.0018415579688735306
469.0 0.0016531876099179499
470.0 0.0014648170690634288
471.0 0.001370887639495777
472.0 0.0012769584827765357
473.0 0.0012401877938827965
474.0 0.0012034170140395872
475.0 0.0010428157111164182
476.0 0.0008822144991427194
477.0 0.001282371158595197
478.0 0.0016825275451992638
479.0 0.0020511872207862325
480.0 0.002419846896373201
481.0 0.0018807517335517332
482.0 0.0013416563888313249
483.0 0.0009387044883624185
484.0 0.0005357525878935121
485.0 0.0013279859558679163
486.0 0.0021202193238423206
487.0 0.0014870518498355523
488.0 0.0008538841939298436
489.0 0.0017001106243696995
490.0 0.0025463372367084958
491.0 0.0023471846361644566
492.0 0.002148032217519358
493.0 0.001987588984775357
494.0 0.0018271459339302965
495.0 0.0016296040485030971
496.0 0.0014320623449748382
497.0 0.0013215642866271082
498.0 0.0012110663192288484
499.0 0.0012773822163580917
500.0 0.001343698204436805
501.0 0.0008580606845498551
502.0 0.00037242307371343486
503.0 0.0011776962310250383
504.0 0.001982969479286112
505.0 0.002199531991209369
506.0 0.0024160946850315668
507.0 0.002307802606082987
508.0 0.0021995101633365266
509.0 0.001901759605971165
510.0 0.0016040092305047438
511.0 0.0012472223716031294
512.0 0.0008904356946004555
513.0 0.001297379276365973
514.0 0.0017043232219293714
515.0 0.001282223456655629
516.0 0.0008601241461292375
517.0 0.0008398086720262654
518.0 0.0008194932888727635
519.0 0.0010203172678302508
520.0 0.0012211410648887977
521.0 0.0016284493540297262
522.0 0.0020357576431706548
523.0 0.0013469472833094187
524.0 0.000658137105347123
525.0 0.0007377690508292289
526.0 0.0008174012691597454
527.0 0.0011842350431834348
528.0 0.0015510689991060644
529.0 0.0012944315130880568
530.0 0.0010377934813732281
531.0 0.0010955051948258188
532.0 0.0011532168173289392
533.0 0.0008533812433597632
534.0 0.000553545623915852
535.0 0.0010942144399450626
536.0 0.0016348833014490083
537.0 0.0016360905647161417
538.0 0.001637297827983275
539.0 0.0011594384886848275
540.0 0.0006815787855884992
541.0 0.0007516506229876541
542.0 0.0008217225513362791
543.0 0.0012584110663738102
544.0 0.0016950998542597517
545.0 0.001119230546464678
546.0 0.0005433615115180146
547.0 0.001211912513099378
548.0 0.0018804630599333905
549.0 0.0016037141904234886
550.0 0.0013269650480651762
551.0 0.0014683567314932588
552.0 0.0016097483239718713
553.0 0.0014038211702427361
554.0 0.0011978936527157202
555.0 0.0010635361832100898
556.0 0.0009291786227549892
557.0 0.0013077171388431452
558.0 0.0016862553820828907
559.0 0.0017657543139648624
560.0 0.0018452528820489533
561.0 0.0016431440599262714
562.0 0.0014410350559046492
563.0 0.0011766386705858167
564.0 0.0009122421033680439
565.0 0.0016712738215574063
566.0 0.0024303059035446495
567.0 0.002768211743386928
568.0 0.003106117219431326
569.0 0.002916968151112087
570.0 0.0027278192646917887
571.0 0.0026151044949074276
572.0 0.002502388997527305
573.0 0.002035089346463792
574.0 0.0015677898772992194
575.0 0.0019877004888257943
576.0 0.002407610918453429
577.0 0.0020017143469885923
578.0 0.0015958181393216364
579.0 0.001707926821836736
580.0 0.0018200353224528953
581.0 0.001678431362961419
582.0 0.0015368272215710022
583.0 0.002002634028031025
584.0 0.0024684410163899884
585.0 0.002600253174023237
586.0 0.002732065513555426
587.0 0.0020887749997200444
588.0 0.0014454842130362522
589.0 0.0019604551198426634
590.0 0.0024754259356996045
591.0 0.001598353082954418
592.0 0.0007212800937850261
593.0 0.0006546835720655508
594.0 0.0005880868229724001
595.0 0.0010298999768565409
596.0 0.0014717132216901518
597.0 0.0013888617104385048
598.0 0.0013060101082373876
599.0 0.0009426939868717454
600.0 0.0005793780019303085
601.0 0.0005249025889497716
602.0 0.0004704270395450294
603.0 0.0009293188668380026
604.0 0.0013882101484341547
605.0 0.0008737122698221356
606.0 0.00035921418657380855
607.0 0.0007904262020019814
608.0 0.0012216381946927868
609.0 0.0011917204574274365
610.0 0.0011618024473136757
611.0 0.0010301808288204484
612.0 0.0008985592103272211
613.0 0.0008244124728662428
614.0 0.0007502657808799995
615.0 0.0012377770872262772
616.0 0.0017252887118957005
617.0 0.0021715286493417807
618.0 0.0026177689505857415
619.0 0.002180662158934865
620.0 0.0017435551853850484
621.0 0.0014676014870929066
622.0 0.001191647334053414
623.0 0.0015228923984977882
624.0 0.0018541375538916327
625.0 0.0016825768398121
626.0 0.0015110164895304479
627.0 0.0018841617929865606
628.0 0.0022573076421394944
629.0 0.0020058152585988864
630.0 0.001754322693159338
631.0 0.0015396555681945756
632.0 0.001324988352280343
633.0 0.0016863565178937279
634.0 0.0020477249563555233
635.0 0.005038916060584597
636.0 0.00803010625531897
637.0 0.01528892171336338
638.0 0.02254773717140779
639.0 0.019748425984289497
640.0 0.016949114797171205
641.0 0.014740297046955675
642.0 0.01253148220712319
643.0 0.010063985973829404
644.0 0.00759649119572714
645.0 0.006801864947192371
646.0 0.006007239790051244
647.0 0.005534194860956632
648.0 0.005061149931862019
649.0 0.004109798828721978
650.0 0.0031584488169755787
651.0 0.003623014345066622
652.0 0.004087580236955546
653.0 0.003261562596890144
654.0 0.0024355445930268615
655.0 0.0027280551876174286
656.0 0.003020566509803757
657.0 0.0029644466849276796
658.0 0.002908326314354781
659.0 0.0027582036636886187
660.0 0.0026080811949213967
661.0 0.0027878359105670825
662.0 0.002967590080515947
663.0 0.0020691157260444015
664.0 0.0011706415534717962
665.0 0.0016510950445081107
666.0 0.002131548899342306
667.0 0.002410066190350335
668.0 0.0026885834813583642
669.0 0.0019426888684392907
670.0 0.0011967942555202171
671.0 0.0008639725820103195
672.0 0.0005311508175509516
673.0 0.0012972185686521698
674.0 0.002063286410702858
675.0 0.0021073505195090547
676.0 0.0021514146283152513
677.0 0.0018961209207191132
678.0 0.0016408268493250944
679.0 0.0013814494195685256
680.0 0.001122072080761427
681.0 0.0012162412531324662
682.0 0.0013104101526550949
683.0 0.002364908687013667
684.0 0.00341940758517012
685.0 0.002872858567570802
686.0 0.0023263099137693644
687.0 0.0017398728232365102
688.0 0.0011534354598552454
689.0 0.0014277349691838026
690.0 0.0017020342056639493
691.0 0.0020164377929177135
692.0 0.002330841380171478
693.0 0.002709278851398267
694.0 0.0030877166864229366
695.0 0.0032713563996367157
696.0 0.0034549953852547333
697.0 0.0036333123716758564
698.0 0.0038116297218948603
699.0 0.005660447277477942
700.0 0.0075092648330610245
701.0 0.007136545900721103
702.0 0.006763827695976943
703.0 0.006238456990104169
704.0 0.005713087011827156
705.0 0.005181319284019992
706.0 0.004649553739000112
707.0 0.004365151471574791
708.0 0.004080748840351589
709.0 0.004218166213831864
710.0 0.00435558358731214
711.0 0.00396547002310399
712.0 0.003575357186491601
713.0 0.0025033881684066728
714.0 0.0014314190593722742
715.0 0.0021678402845282108
716.0 0.002904261418734677
717.0 0.0025572053345968015
718.0 0.0022101488866610453
719.0 0.0017246342395083047
720.0 0.0012391191376082134
721.0 0.001158186569227837
722.0 0.0010772538189485203
723.0 0.0009659497663960792
724.0 0.0008546457138436381
725.0 0.00128487608890282
726.0 0.001715106554911472
727.0 0.0017393140296917409
728.0 0.0017635213225730695
729.0 0.0018167949747294188
730.0 0.0018700682630878873
731.0 0.0014139354789222125
732.0 0.0009578026038070675
733.0 0.0009845325621427037
734.0 0.00101126261142781
735.0 0.0010820079296536278
736.0 0.0011527527021826245
737.0 0.0013113235581840854
738.0 0.001469894232286606
739.0 0.0011494933460198808
740.0 0.0008290923688036855
741.0 0.0010172837392019574
742.0 0.0012054749277012888
743.0 0.0015938241631374694
744.0 0.0019821731257252395
745.0 0.0013355692317418288
746.0 0.0006889651103847427
747.0 0.0011701962648658082
748.0 0.0016514273738721386
749.0 0.0023591526769450866
750.0 0.0030668779800180346
751.0 0.0030270612114691176
752.0 0.0029872444429202005
753.0 0.0029525755962822586
754.0 0.0029179067496443167
755.0 0.0019356870325282216
756.0 0.000953467042563716
757.0 0.0018759707018034533
758.0 0.0027984742700937204
759.0 0.002655439493537415
760.0 0.002512404535082169
761.0 0.004268740667612292
762.0 0.006025077163940296
763.0 0.005573980160988867
764.0 0.005122884249431081
765.0 0.005168968345969915
766.0 0.005215053170104511
767.0 0.004529262150754221
768.0 0.0038434700400102884
769.0 0.003435037433519028
770.0 0.003026605372724589
771.0 0.003906815254595131
772.0 0.004787024954566732
773.0 0.003974111314164475
774.0 0.0031611973099643365
775.0 0.07063577068038285
776.0 1.598082343540197e-10
777.0 1.598082343540197e-10
778.0 0.045773410238325596
779.0 0.016761112783569843
780.0 1.598082343540197e-10
781.0 0.06054614204913378
782.0 0.05034214700572193
783.0 1.598082343540197e-10
784.0 0.12498043943196535
785.0 0.08728186367079616
786.0 0.027765592676587403
787.0 0.051574589451774955
788.0 0.032089027808979154
789.0 0.01160452957265079
790.0 0.04525817057583481
791.0 1.598082343540197e-10
792.0 0.16504281666129827
793.0 0.08017980144359171
794.0 1.598082343540197e-10
795.0 1.598082343540197e-10
796.0 0.19250926561653614
797.0 0.15569793758913875
798.0 0.1106259529478848
799.0 0.07777478895150125
800.0 0.10256750974804163
801.0 0.25716149248182774
802.0 0.5220231134444475
803.0 0.7346169091761112
804.0 1.2273249216377735
805.0 1.9683638587594032
806.0 3.090374730527401
807.0 4.668354615569115
808.0 6.466861069202423
809.0 8.839552849531174
810.0 11.552414298057556
811.0 14.774186909198761
812.0 17.95552670955658
813.0 21.05288654565811
814.0 23.70411455631256
815.0 27.268102765083313
816.0 31.654474139213562
817.0 36.778199672698975
818.0 42.525383830070496
819.0 47.723743319511414
820.0 55.09477257728577
821.0 63.07092905044556
822.0 69.50763463973999
823.0 75.66357851028442
824.0 81.54288530349731
825.0 86.58109903335571
826.0 90.65734148025513
827.0 94.064199924469
828.0 97.25651741027832
829.0 98.46385717391968
830.0 98.38918447494507
831.0 98.97652864456177
832.0 98.97456169128418
833.0 99.81884360313416
834.0 98.94669651985168
835.0 99.58920478820801
836.0 99.57836270332336
837.0 99.28940534591675
838.0 98.61022233963013
839.0 98.54035973548889
840.0 98.85553121566772
841.0 99.58746433258057
842.0 99.81050491333008
843.0 99.8552143573761
844.0 98.46514463424683
845.0 98.72628450393677
846.0 98.99120330810547
847.0 99.17078018188477
848.0 99.98450875282288
849.0 99.10170435905457
850.0 98.24113249778748
851.0 99.46826696395874
852.0 99.64050054550171
853.0 98.93971085548401
854.0 99.9434232711792
855.0 98.29677939414978
856.0 99.16765689849854
857.0 98.1402337551117
858.0 98.7131118774414
859.0 99.53698515892029
860.0 98.47842454910278
861.0 99.04212355613708
862.0 99.05509948730469
863.0 98.77406358718872
864.0 99.42339062690735
865.0 99.83018040657043
866.0 99.09403324127197
867.0 99.46508407592773
868.0 99.34673309326172
869.0 98.82772564888
870.0 98.35056066513062
871.0 99.35722947120667
872.0 99.41847324371338
873.0 98.96646738052368
874.0 99.69797134399414
875.0 99.12010431289673
876.0 98.9751398563385
877.0 99.4370698928833
878.0 99.23155903816223
879.0 98.94945025444031
880.0 98.5409140586853
881.0 100.16732215881348
882.0 98.76511096954346
883.0 99.18409585952759
884.0 99.59381818771362
885.0 99.24070239067078
886.0 98.97467494010925
887.0 98.74287843704224
888.0 99.24595952033997
889.0 99.58931803703308
890.0 98.36606979370117
891.0 99.67736005783081
892.0 99.20802712440491
893.0 98.75014424324036
894.0 98.49361777305603
895.0 99.50541853904724
