ts8/qe_curve/rtm-017_s00/19700101T000000.ecsv
# %ECSV 0.9
# ---
# datatype:
# - {name: amp_name, datatype: string}
# - {name: wavelength, unit: nm, datatype: float32}
# - {name: efficiency, unit: '%', datatype: float32}
# meta: !!omap
# - {MODE: AMP}
# - {TYPE: QE}
# - {CALIBDATE: '1970-01-01T00:00:00'}
# - {INSTRUME: TS8}
# - {OBSTYPE: qe_curve}
# - {DETECTOR: 207}
# - {PICKLEFILE: RaftRun11166.p}
# - {CALIB_ID: 'raftName=RTM-017 detectorName=S00 detector=207 calibDate=1970-01-01T00:00:00 ccd=207 ccdnum=207 filter=None'}
# - {DATE: '2020-01-23T22:57:43.764387'}
# - {CALIB_CREATION_DATE: '2020-01-23'}
# - {CALIB_CREATION_TIME: '22:57:43'}
# - __serialized_columns__:
#     efficiency:
#       __class__: astropy.units.quantity.Quantity
#       unit: !astropy.units.Unit {unit: '%'}
#       value: !astropy.table.SerializedColumn {name: efficiency}
#     wavelength:
#       __class__: astropy.units.quantity.Quantity
#       unit: !astropy.units.Unit {unit: nm}
#       value: !astropy.table.SerializedColumn {name: wavelength}
# schema: astropy-2.0
amp_name wavelength efficiency
C02 349.982 58.64121
C02 450.035 84.30838
C02 500.018 84.686386
C02 619.997 91.87279
C02 750.022 98.3964
C02 869.967 95.92307
C02 999.976 32.543358
C15 349.982 57.555325
C15 450.035 83.6152
C15 500.018 84.09865
C15 619.997 90.880844
C15 750.022 97.82044
C15 869.967 95.62151
C15 999.976 32.718243
C06 349.982 57.16196
C06 450.035 84.27676
C06 500.018 84.41709
C06 619.997 91.33411
C06 750.022 97.8523
C06 869.967 95.55759
C06 999.976 32.811283
C04 349.982 57.697903
C04 450.035 84.15647
C04 500.018 84.44437
C04 619.997 91.45224
C04 750.022 98.00336
C04 869.967 95.62253
C04 999.976 32.495216
C07 349.982 56.695328
C07 450.035 84.30126
C07 500.018 84.56612
C07 619.997 91.28042
C07 750.022 97.759964
C07 869.967 95.52234
C07 999.976 32.880127
C05 349.982 57.391476
C05 450.035 84.19025
C05 500.018 84.34496
C05 619.997 91.39635
C05 750.022 97.97059
C05 869.967 95.64323
C05 999.976 32.652466
C01 349.982 58.35539
C01 450.035 84.10838
C01 500.018 84.71203
C01 619.997 91.64227
C01 750.022 98.01096
C01 869.967 95.539665
C01 999.976 32.38188
C11 349.982 56.656624
C11 450.035 83.9703
C11 500.018 84.07334
C11 619.997 90.78847
C11 750.022 97.9183
C11 869.967 95.83738
C11 999.976 32.599445
C13 349.982 57.324406
C13 450.035 84.025764
C13 500.018 84.26296
C13 619.997 91.07228
C13 750.022 98.16814
C13 869.967 95.96547
C13 999.976 32.781048
C00 349.982 58.52697
C00 450.035 84.597885
C00 500.018 85.22085
C00 619.997 92.11329
C00 750.022 98.28465
C00 869.967 95.65679
C00 999.976 32.41283
C17 349.982 58.097248
C17 450.035 83.79243
C17 500.018 84.342834
C17 619.997 91.23352
C17 750.022 97.84573
C17 869.967 95.40449
C17 999.976 32.614883
C10 349.982 56.48284
C10 450.035 84.204636
C10 500.018 84.26434
C10 619.997 90.99765
C10 750.022 98.19806
C10 869.967 96.15895
C10 999.976 32.773388
C14 349.982 57.310013
C14 450.035 83.86552
C14 500.018 84.351295
C14 619.997 91.0133
C14 750.022 98.0315
C14 869.967 95.83006
C14 999.976 32.736732
C16 349.982 57.717667
C16 450.035 83.77371
C16 500.018 84.43663
C16 619.997 91.10931
C16 750.022 97.93896
C16 869.967 95.75099
C16 999.976 32.80453
C03 349.982 57.985573
C03 450.035 83.92972
C03 500.018 84.290726
C03 619.997 91.334854
C03 750.022 97.85706
C03 869.967 95.41972
C03 999.976 32.34904
C12 349.982 57.193817
C12 450.035 84.27761
C12 500.018 84.42074
C12 619.997 91.2083
C12 750.022 98.352104
C12 869.967 96.186035
C12 999.976 32.821735
