lsstCam/transmission_filter_detector/r23_s00/u_24/19700101T000000.ecsv
# %ECSV 1.0
# ---
# datatype:
# - {name: wavelength, unit: nm, datatype: float32}
# - {name: efficiency, unit: '%', datatype: float64}
# meta: !!omap
# - {MODE: DETECTOR}
# - {TYPE: transmission_filter_detector}
# - {CALIBDATE: '1970-01-01T00:00:00'}
# - {INSTRUME: LSSTCam}
# - {OBSTYPE: transmission_filter_detector}
# - {CALIBCLS: lsst.ip.isr.IntermediateFilterDetectorTransmissionCurve}
# - {SOURCE: Materion (DM-46256)}
# - {DETECTOR: 99}
# - {FILTER: u_24}
# - {CALIB_ID: 'calibDate=1970-01-01T00:00:00 filter=u_24 detector=99'}
# - {DATE: '2025-04-02T15:59:40.207312'}
# - {CALIB_CREATION_DATE: '2025-04-02'}
# - {CALIB_CREATION_TIME: '15:59:40'}
# - __serialized_columns__:
#     efficiency:
#       __class__: astropy.units.quantity.Quantity
#       unit: !astropy.units.Unit {unit: '%'}
#       value: !astropy.table.SerializedColumn {name: efficiency}
#     wavelength:
#       __class__: astropy.units.quantity.Quantity
#       unit: !astropy.units.Unit {unit: nm}
#       value: !astropy.table.SerializedColumn {name: wavelength}
# schema: astropy-2.0
wavelength efficiency
295.0 1.5792300193245845e-10
296.0 1.5792300193245845e-10
297.0 1.5792300193245845e-10
298.0 0.010935620230156928
299.0 1.5792300193245845e-10
300.0 1.5792300193245845e-10
301.0 1.5792300193245845e-10
302.0 1.5792300193245845e-10
303.0 1.5792300193245845e-10
304.0 0.14995280653238297
305.0 0.47925966791808605
306.0 1.2056355364620686
307.0 2.6100507006049156
308.0 4.30636964738369
309.0 7.422559708356857
310.0 10.277413576841354
311.0 13.690494000911713
312.0 17.403583228588104
313.0 20.669859647750854
314.0 23.87586534023285
315.0 26.25296711921692
316.0 28.35237681865692
317.0 30.808085203170776
318.0 33.22820067405701
319.0 36.60886287689209
320.0 41.44149422645569
321.0 46.36523425579071
322.0 52.29994058609009
323.0 57.91006088256836
324.0 62.71211504936218
325.0 66.21512174606323
326.0 68.89734864234924
327.0 70.87236046791077
328.0 72.6433515548706
329.0 74.12413358688354
330.0 75.49670338630676
331.0 76.51869654655457
332.0 76.965993642807
333.0 77.18732357025146
334.0 77.06447243690491
335.0 77.08719968795776
336.0 77.2551417350769
337.0 77.73345708847046
338.0 78.5508930683136
339.0 79.16231155395508
340.0 79.55538630485535
341.0 80.17328977584839
342.0 80.4810106754303
343.0 80.40246367454529
344.0 80.6115448474884
345.0 80.9476375579834
346.0 81.11607432365417
347.0 81.47587776184082
348.0 81.72868490219116
349.0 81.93147778511047
350.0 82.00269937515259
351.0 82.20309615135193
352.0 82.10009932518005
353.0 81.98882937431335
354.0 81.9615125656128
355.0 82.07608461380005
356.0 82.23508596420288
357.0 82.1863055229187
358.0 81.9337248802185
359.0 81.75066709518433
360.0 81.70267343521118
361.0 81.58454298973083
362.0 81.45751357078552
363.0 81.53201937675476
364.0 81.67287111282349
365.0 81.81242942810059
366.0 81.9414734840393
367.0 81.86433911323547
368.0 81.78161978721619
369.0 81.67792558670044
370.0 81.31117224693298
371.0 81.10038042068481
372.0 81.08475804328918
373.0 81.183522939682
374.0 81.17179274559021
375.0 81.49418234825134
376.0 81.50131106376648
377.0 81.54419660568237
378.0 81.58454298973083
379.0 81.36617541313171
380.0 80.76098561286926
381.0 79.50795292854309
382.0 77.83003449440002
383.0 75.89046359062195
384.0 73.79424571990967
385.0 71.47113084793091
386.0 69.05516386032104
387.0 65.9903347492218
388.0 62.857627868652344
389.0 59.10031795501709
390.0 55.27486801147461
391.0 51.169800758361816
392.0 46.8026340007782
393.0 42.96329319477081
394.0 39.703208208084106
395.0 36.56352460384369
396.0 33.339422941207886
397.0 29.146045446395874
398.0 24.302777647972107
399.0 18.115057051181793
400.0 11.994387954473495
401.0 7.067285478115082
402.0 3.40208038687706
403.0 1.2134240008890629
404.0 0.3796083154156804
405.0 0.14572559157386422
406.0 0.07665110169909894
407.0 1.5792300193245845e-10
408.0 0.03126255178358406
409.0 1.5792300193245845e-10
410.0 0.011244858615100384
411.0 0.004060225182911381
412.0 1.5792300193245845e-10
413.0 1.5792300193245845e-10
414.0 1.5792300193245845e-10
415.0 1.5792300193245845e-10
416.0 1.5792300193245845e-10
417.0 1.5792300193245845e-10
418.0 0.0020627381672966294
419.0 1.5792300193245845e-10
420.0 1.5792300193245845e-10
421.0 1.5792300193245845e-10
422.0 1.5792300193245845e-10
423.0 1.5792300193245845e-10
424.0 1.5792300193245845e-10
425.0 1.5792300193245845e-10
426.0 0.002433044573990628
427.0 0.0006934904376976192
428.0 1.5792300193245845e-10
429.0 0.00044177872950967867
430.0 0.0019296225218567997
431.0 0.001620204420760274
432.0 0.0013107863196637481
433.0 0.002477633097441867
434.0 0.0036444787838263437
435.0 0.003055390698136762
436.0 0.002466302066750359
437.0 0.00022609247025684454
438.0 1.5792300193245845e-10
439.0 1.5792300193245845e-10
440.0 0.0002524101773815346
441.0 1.5792300193245845e-10
442.0 1.5792300193245845e-10
443.0 1.5792300193245845e-10
444.0 1.5792300193245845e-10
445.0 1.5792300193245845e-10
446.0 1.5792300193245845e-10
447.0 1.5792300193245845e-10
448.0 1.5792300193245845e-10
449.0 1.5792300193245845e-10
450.0 0.0002782475348794833
451.0 1.5792300193245845e-10
452.0 1.5792300193245845e-10
453.0 1.5792300193245845e-10
454.0 0.0007389033726212801
455.0 1.5792300193245845e-10
456.0 1.5792300193245845e-10
457.0 1.5792300193245845e-10
458.0 1.5792300193245845e-10
459.0 1.5792300193245845e-10
460.0 1.5792300193245845e-10
461.0 1.5792300193245845e-10
462.0 1.5792300193245845e-10
463.0 6.797533842473058e-05
464.0 0.0002590831627458101
465.0 0.00046772288442298304
466.0 0.0006763623332517454
467.0 1.6001666836018558e-05
468.0 1.5792300193245845e-10
469.0 1.5792300193245845e-10
470.0 0.00020271008907002397
471.0 1.5792300193245845e-10
472.0 1.5792300193245845e-10
473.0 1.5792300193245845e-10
474.0 1.5792300193245845e-10
475.0 1.5792300193245845e-10
476.0 1.5792300193245845e-10
477.0 0.0005003689693694469
478.0 0.0015969550076988526
479.0 0.0014038864719623234
480.0 0.0012108181181247346
481.0 0.0007170532626332715
482.0 0.0002232886572528514
483.0 1.5792300193245845e-10
484.0 1.5792300193245845e-10
485.0 1.5792300193245845e-10
486.0 1.5792300193245845e-10
487.0 1.5792300193245845e-10
488.0 1.5792300193245845e-10
489.0 1.5792300193245845e-10
490.0 1.5792300193245845e-10
491.0 1.5792300193245845e-10
492.0 1.5792300193245845e-10
493.0 1.5792300193245845e-10
494.0 1.5792300193245845e-10
495.0 1.5792300193245845e-10
496.0 0.0008565100870328024
497.0 0.0005076659817859763
498.0 0.00015882178558968008
499.0 0.0006005622253724141
500.0 0.0010423026651551481
501.0 0.0005438630068965722
502.0 4.5423584538184514e-05
503.0 1.5792300193245845e-10
504.0 1.5792300193245845e-10
505.0 1.5792300193245845e-10
506.0 1.5792300193245845e-10
507.0 1.5792300193245845e-10
508.0 1.5792300193245845e-10
509.0 1.5792300193245845e-10
510.0 1.5792300193245845e-10
511.0 4.5810921278643946e-05
512.0 0.0005028819487051805
513.0 0.00021726739305449883
514.0 1.5792300193245845e-10
515.0 1.5792300193245845e-10
516.0 4.578479035899363e-05
517.0 7.22999686786352e-05
518.0 9.881516689347336e-05
519.0 0.0003078048621318885
520.0 0.0005167945801076712
521.0 0.0002805058784360881
522.0 4.421714265845367e-05
523.0 1.5792300193245845e-10
524.0 1.5792300193245845e-10
525.0 1.5792300193245845e-10
526.0 1.5792300193245845e-10
527.0 1.5792300193245845e-10
528.0 1.5792300193245845e-10
529.0 1.5792300193245845e-10
530.0 1.5792300193245845e-10
531.0 1.5792300193245845e-10
532.0 1.5792300193245845e-10
533.0 1.5792300193245845e-10
534.0 1.5792300193245845e-10
535.0 1.5792300193245845e-10
536.0 1.5792300193245845e-10
537.0 1.5792300193245845e-10
538.0 1.5792300193245845e-10
539.0 1.5792300193245845e-10
540.0 0.00019377014268684434
541.0 1.5792300193245845e-10
542.0 1.5792300193245845e-10
543.0 1.5792300193245845e-10
544.0 1.5792300193245845e-10
545.0 1.5792300193245845e-10
546.0 1.5792300193245845e-10
547.0 1.5792300193245845e-10
548.0 1.5792300193245845e-10
549.0 1.5792300193245845e-10
550.0 1.5792300193245845e-10
551.0 1.5792300193245845e-10
552.0 1.5792300193245845e-10
553.0 1.5792300193245845e-10
554.0 1.5792300193245845e-10
555.0 1.5792300193245845e-10
556.0 1.5792300193245845e-10
557.0 1.5792300193245845e-10
558.0 1.5792300193245845e-10
559.0 1.5792300193245845e-10
560.0 1.5792300193245845e-10
561.0 7.345533390434866e-05
562.0 0.00016943885157161276
563.0 1.5792300193245845e-10
564.0 1.5792300193245845e-10
565.0 1.5792300193245845e-10
566.0 0.0001629935923119774
567.0 0.0002587060180303524
568.0 0.0003544184210113599
569.0 0.0005479674200614681
570.0 0.0007415160780510632
571.0 0.0005730498287448427
572.0 0.0004045835794386221
573.0 0.0005372665782488184
574.0 0.0006699498953821603
575.0 0.0004638635800802149
576.0 0.0002577773329903721
577.0 0.00025826141154539073
578.0 0.00025874549010040937
579.0 0.0004528301360551268
580.0 0.0006469147592724767
581.0 0.0005947452336840797
582.0 0.0005425760718935635
583.0 0.0012311662430875003
584.0 0.0019197566871298477
585.0 0.0017227919670403935
586.0 0.0015258267922035884
587.0 0.0015966872524586506
588.0 0.001667547257966362
589.0 0.0014332547834783327
590.0 0.0011989616723440122
591.0 0.0010407425179437269
592.0 0.0008825229997455608
593.0 0.0008860417437972501
594.0 0.0008895599421521183
595.0 0.000848802210384747
596.0 0.0008080438419710845
597.0 0.0009833624062594026
598.0 0.00115868060674984
599.0 0.001267623792955419
600.0 0.0013765667063125875
601.0 0.0014941887457098346
602.0 0.001611810876056552
603.0 0.0015201465430436656
604.0 0.0014284824828791898
605.0 0.0015772144251968712
606.0 0.0017259462765650824
607.0 0.0015686404367443174
608.0 0.0014113347788224928
609.0 0.0008816085937723983
610.0 0.0003518826133586117
611.0 0.0002985901573993033
612.0 0.0002452976787026273
613.0 0.00010563762771198526
614.0 1.5792300193245845e-10
615.0 0.00012581073178807856
616.0 0.0002856439778042841
617.0 0.0007595977876917459
618.0 0.0012335517567407805
619.0 0.0006236060016817646
620.0 1.3660427100603556e-05
621.0 0.0001952396814886015
622.0 0.0003768188662434113
623.0 0.0005239316124061588
624.0 0.0006710443358315388
625.0 0.0006523640422528842
626.0 0.0006336837486742297
627.0 0.0004647290097636869
628.0 0.00029577424811577657
629.0 0.00036542280668072635
630.0 0.00043507147893251386
631.0 0.0010363720321038272
632.0 0.0016376725398004055
633.0 0.0015923933460726403
634.0 0.001547114152344875
635.0 0.0020342000425443985
636.0 0.0025212857508449815
637.0 0.002729439984250348
638.0 0.0029375942176557146
639.0 0.002298171239090152
640.0 0.0016587478967267089
641.0 0.0016181518731173128
642.0 0.0015775558495079167
643.0 0.0010112536074302625
644.0 0.00044495141082734335
645.0 0.0007051973625493702
646.0 0.0009654432687966619
647.0 0.0002780522891043802
648.0 1.5792300193245845e-10
649.0 1.5792300193245845e-10
650.0 0.00011272395568084903
651.0 0.00021724099497077987
652.0 0.0003217581934222835
653.0 0.0007925250429252628
654.0 0.0012632915058929939
655.0 0.0012463267012208235
656.0 0.0012293617146497127
657.0 0.0019158425857312977
658.0 0.002602323547762353
659.0 0.0032653271773597226
660.0 0.003928330625058152
661.0 0.003980028486694209
662.0 0.004031726348330267
663.0 0.003416908293729648
664.0 0.002802090239129029
665.0 0.00244034035858931
666.0 0.002078590478049591
667.0 0.0018945174815598875
668.0 0.0017104443031712435
669.0 0.00114281892820145
670.0 0.0005751935532316566
671.0 0.00033927267395483796
672.0 0.00010335172646591673
673.0 0.0001058677753462689
674.0 0.00010838383559530484
675.0 0.00034961803976329975
676.0 0.000590852278037346
677.0 0.0010159060366277117
678.0 0.0014409599316422828
679.0 0.0016120584405143745
680.0 0.001783156767487526
681.0 0.002597232742118649
682.0 0.0034113087167497724
683.0 0.004919524508295581
684.0 0.006427740299841389
685.0 0.00675203264108859
686.0 0.007076327892718837
687.0 0.007057366019580513
688.0 0.007038404874037951
689.0 0.006222310184966773
690.0 0.005406215495895594
691.0 0.004934977550874464
692.0 0.004463739969651215
693.0 0.003609801933635026
694.0 0.0027558638976188377
695.0 0.0022619231458520517
696.0 0.0017679827578831464
697.0 0.0012256004083610605
698.0 0.0006832178769400343
699.0 0.0008394737960770726
700.0 0.0009957293514162302
701.0 0.0009376744856126606
702.0 0.0008796194379101507
703.0 0.000841654218675103
704.0 0.0008036894541874062
705.0 0.0005197622158448212
706.0 0.00023583506845170632
707.0 0.0005213732947595417
708.0 0.0008069110663200263
709.0 0.000695815197104821
710.0 0.0005847191459906753
711.0 0.0004926343990518944
712.0 0.00040054960663837846
713.0 0.0007303067832253873
714.0 0.0010600639143376611
715.0 0.0008432924005319364
716.0 0.0006265207048272714
717.0 0.0006182297966006445
718.0 0.0006099388428992825
719.0 0.0007123233444872312
720.0 0.0008147076187015045
721.0 0.0004402873855724465
722.0 6.586697622879001e-05
723.0 0.000474707212561043
724.0 0.0008835474545776378
725.0 0.00043304835344315507
726.0 1.5792300193245845e-10
727.0 0.00029525313038902823
728.0 0.0006079570994188543
729.0 0.000543299120181473
730.0 0.00047864127736829687
731.0 0.0003830502919299761
732.0 0.00028745944291586056
733.0 0.00018700677628658013
734.0 8.655410397295782e-05
735.0 0.00031779859455127735
736.0 0.000549043079445255
737.0 0.0004154062935413094
738.0 0.00028176950763736386
739.0 0.00034149591101595433
740.0 0.0004012222689198097
741.0 0.000858049861562904
742.0 0.0013148776815796737
743.0 0.0014024928532307968
744.0 0.0014901079339324497
745.0 0.0018394966900814325
746.0 0.002188885264331475
747.0 0.0028509954063338228
748.0 0.0035131055483361706
749.0 0.003469872899586335
750.0 0.0034266406146343797
751.0 0.0033736741897882894
752.0 0.003320707764942199
753.0 0.0029388924303930253
754.0 0.002557076913944911
755.0 0.0028094107619835995
756.0 0.003061745155719109
757.0 0.0024552171453251503
758.0 0.0018486893168301322
759.0 0.0015653111404390074
760.0 0.0012819332368962932
761.0 0.0012892316590296105
762.0 0.0012965300811629277
763.0 0.0010001549526350573
764.0 0.0007037798241071869
765.0 0.0009089128070627339
766.0 0.0011140456990688108
767.0 0.0010897966603806708
768.0 0.0010655478035914712
769.0 0.0008155437171808444
770.0 0.0005655394488712773
771.0 0.0003552061116351979
772.0 0.00014487268344964832
773.0 0.00049714899432729
774.0 0.000849425487103872
775.0 0.0008069433533819392
776.0 0.0007644609468115959
777.0 0.0006328546533040935
778.0 0.0005012479505239753
779.0 0.0003022848886757856
780.0 0.00010332182682759594
781.0 0.0005806705303257331
782.0 0.0010580193702480756
783.0 0.0011130821803817526
784.0 0.0011681446267175488
785.0 0.0012043306924169883
786.0 0.0012405166671669576
787.0 0.0009323433005192783
788.0 0.0006241698883968638
789.0 0.0006106722594267922
790.0 0.0005971747214061907
791.0 0.0005360976501833647
792.0 0.00047502062443527393
793.0 0.00014884442407492315
794.0 1.5792300193245845e-10
795.0 1.5792300193245845e-10
796.0 1.5792300193245845e-10
797.0 0.00015486336906178622
798.0 0.0007167747298808536
799.0 0.00028462818590924144
800.0 1.5792300193245845e-10
801.0 1.5792300193245845e-10
802.0 1.5792300193245845e-10
803.0 1.5792300193245845e-10
804.0 1.5792300193245845e-10
805.0 1.5792300193245845e-10
806.0 1.5792300193245845e-10
807.0 1.5792300193245845e-10
808.0 1.5792300193245845e-10
809.0 0.00016414941228504176
810.0 0.0006159587883303175
811.0 7.687127663302817e-05
812.0 1.5792300193245845e-10
813.0 1.5792300193245845e-10
814.0 0.0002903007725763018
815.0 0.0001275909312425938
816.0 1.5792300193245845e-10
817.0 1.5792300193245845e-10
818.0 1.5792300193245845e-10
819.0 1.5792300193245845e-10
820.0 1.7631612081459025e-05
821.0 1.5792300193245845e-10
822.0 1.5792300193245845e-10
823.0 1.5792300193245845e-10
824.0 1.5792300193245845e-10
825.0 1.5792300193245845e-10
826.0 1.5792300193245845e-10
827.0 0.00014185792451826273
828.0 0.0004881318091065623
829.0 0.00016950751842159661
830.0 1.5792300193245845e-10
831.0 1.5792300193245845e-10
832.0 1.5792300193245845e-10
833.0 1.5792300193245845e-10
834.0 1.5792300193245845e-10
835.0 1.5792300193245845e-10
836.0 1.5792300193245845e-10
837.0 1.5792300193245845e-10
838.0 1.5792300193245845e-10
839.0 1.5792300193245845e-10
840.0 1.5792300193245845e-10
841.0 1.5792300193245845e-10
842.0 7.330104949687666e-05
843.0 6.818701194788446e-05
844.0 6.307293460849905e-05
845.0 2.3543906380041335e-06
846.0 1.5792300193245845e-10
847.0 1.5792300193245845e-10
848.0 1.5792300193245845e-10
849.0 1.5792300193245845e-10
850.0 1.5792300193245845e-10
851.0 1.5792300193245845e-10
852.0 1.5792300193245845e-10
853.0 1.3581372115822887e-05
854.0 0.00033647570489847567
855.0 8.25219160560664e-05
856.0 1.5792300193245845e-10
857.0 0.0003713115575010306
858.0 0.0009140549082076177
859.0 0.0009307877007813659
860.0 0.000947520493355114
861.0 0.000781709240982309
862.0 0.0006158978976600338
863.0 0.0006312425284704659
864.0 0.0006465870683314279
865.0 0.0013432540981739294
866.0 0.0020399209461174905
867.0 0.001917166264320258
868.0 0.0017944121282198466
869.0 0.0016651451005600393
870.0 0.0015358778910012916
871.0 0.0016626663636998273
872.0 0.0017894544726004824
873.0 0.0018792181435856037
874.0 0.001968981814570725
