lsstCam/transmission_filter_detector/r23_s00/u_24/19700101T000000.ecsv
# %ECSV 1.0
# ---
# datatype:
# - {name: wavelength, unit: nm, datatype: float32}
# - {name: efficiency, unit: '%', datatype: float64}
# meta: !!omap
# - {MODE: DETECTOR}
# - {TYPE: transmission_filter_detector}
# - {CALIBDATE: '1970-01-01T00:00:00'}
# - {INSTRUME: LSSTCam}
# - {OBSTYPE: transmission_filter_detector}
# - {CALIBCLS: lsst.ip.isr.IntermediateFilterDetectorTransmissionCurve}
# - {SOURCE: Materion (DM-46256)}
# - {DETECTOR: 99}
# - {FILTER: u_24}
# - {CALIB_ID: 'calibDate=1970-01-01T00:00:00 filter=u_24 detector=99'}
# - {DATE: '2025-04-02T15:59:40.207312'}
# - {CALIB_CREATION_DATE: '2025-04-02'}
# - {CALIB_CREATION_TIME: '15:59:40'}
# - __serialized_columns__:
#     efficiency:
#       __class__: astropy.units.quantity.Quantity
#       unit: !astropy.units.Unit {unit: '%'}
#       value: !astropy.table.SerializedColumn {name: efficiency}
#     wavelength:
#       __class__: astropy.units.quantity.Quantity
#       unit: !astropy.units.Unit {unit: nm}
#       value: !astropy.table.SerializedColumn {name: wavelength}
# schema: astropy-2.0
wavelength efficiency
[from data line 581]
876.0 0.002758310074568726
877.0 0.0027208147002966143
878.0 0.0026833193260245025
879.0 0.002668631714186631
880.0 0.002653944829944521
881.0 0.0027335867343936116
882.0 0.0028132295483374037
883.0 0.00246303497988265
884.0 0.002112840593326837
885.0 0.0022040896510588937
886.0 0.002295338890689891
887.0 0.002125436549249571
888.0 0.0019555345716071315
889.0 0.0018354205167270266
890.0 0.0017153064618469216
891.0 0.0020451590899028815
892.0 0.002375011536059901
893.0 0.0023268892618943937
894.0 0.002278766260133125
895.0 0.002361997394473292
896.0 0.0024452283469145186
897.0 0.0031621257221559063
898.0 0.0038790232792962343
899.0 0.003997029853053391
900.0 0.004115035335416906
901.0 0.004306669143261388
902.0 0.004498303314903751
903.0 0.004587613875628449
904.0 0.004676924072555266
905.0 0.005072900603408925
906.0 0.0054688767704647034
907.0 0.0054563901358051226
908.0 0.005443903501145542
909.0 0.005332142245606519
910.0 0.005220380990067497
911.0 0.005256006625131704
912.0 0.005291632987791672
913.0 0.00519730310770683
914.0 0.0051029732276219875
915.0 0.004460416312213056
916.0 0.003817859396804124
917.0 0.003635584653238766
918.0 0.0034533099096734077
919.0 0.003978948006988503
920.0 0.004504585376707837
921.0 0.004524927862803452
922.0 0.0045452703488990664
923.0 0.0051444956625346094
924.0 0.00574371952097863
925.0 0.006256169581320137
926.0 0.006768620369257405
927.0 0.0073374387284275144
928.0 0.00790625490481034
929.0 0.007824615022400394
930.0 0.0077429744123946875
931.0 0.007691344944760203
932.0 0.007639714021934196
933.0 0.007385249045910314
934.0 0.00713078334229067
935.0 0.007358280709013343
936.0 0.007585778075736016
937.0 0.00728026861906983
938.0 0.006974761345190927
939.0 0.006797182868467644
940.0 0.006619605119340122
941.0 0.005959499685559422
942.0 0.005299393887980841
943.0 0.003942496550735086
944.0 0.0025855999410850927
945.0 0.002256380503240507
946.0 0.0019271612472948618
947.0 0.0016191504982998595
948.0 0.001311139749304857
949.0 0.0012813251487386879
950.0 0.0012515104572230484
951.0 0.0012939517546328716
952.0 0.0013363929610932246
953.0 0.0015219443412206601
954.0 0.0017074960851459764
955.0 0.002264237446070183
956.0 0.0028209788069943897
957.0 0.0027480597054818645
958.0 0.0026751396944746375
959.0 0.002965996645798441
960.0 0.003256853233324364
961.0 0.003439225838519633
962.0 0.0036215988075127825
963.0 0.004100201113033108
964.0 0.004578803418553434
965.0 0.004808234007214196
966.0 0.005037664595874958
967.0 0.005078347021481022
968.0 0.0051190298108849674
969.0 0.004991622699890286
970.0 0.004864215952693485
971.0 0.004680870188167319
972.0 0.004497524059843272
973.0 0.0043215004552621394
974.0 0.004145476486883126
975.0 0.003738711166079156
976.0 0.0033319454814773053
977.0 0.0031982999644242227
978.0 0.0030646537197753787
979.0 0.002869919808290433
980.0 0.002675185533007607
981.0 0.0026489202355151065
982.0 0.0026226545742247254
983.0 0.0026000216166721657
984.0 0.0025773882953217253
985.0 0.0031737516110297292
986.0 0.0037701156543334946
987.0 0.004061570143676363
988.0 0.004353024633019231
989.0 0.0053006529924459755
990.0 0.006248280988074839
991.0 0.006003926682751626
992.0 0.0057595723774284124
993.0 0.006128168752184138
994.0 0.006496765126939863
995.0 0.006188193947309628
996.0 0.005879619857296348
997.0 0.005809466165374033
998.0 0.005739314656239003
999.0 0.006189519626786932
1000.0 0.006639720231760293
1001.0 0.006282713002292439
1002.0 0.00592570286244154
1003.0 0.005772009899374098
1004.0 0.00561831911909394
1005.0 0.005444229827844538
1006.0 0.005270140172797255
1007.0 0.005107366814627312
1008.0 0.004944591273670085
1009.0 0.004723580059362575
1010.0 0.004502569208852947
1011.0 0.004084139072801918
1012.0 0.0036657096643466502
1013.0 0.0028863325496786274
1014.0 0.0021069557988084853
1015.0 0.001907389196276199
1016.0 0.0017078225937439129
1017.0 0.0014723384992976207
1018.0 0.0012368543139018584
1019.0 0.0010156033567909617
1020.0 0.0007943521268316545
1021.0 0.0009241477528121322
1022.0 0.0010539434697420802
1023.0 0.0010745961844804697
1024.0 0.0010952489901683293
1025.0 0.0015610050468239933
1026.0 0.002026761467277538
1027.0 0.0014965542504796758
1028.0 0.0009663464879849926
1029.0 0.0009116654837271199
1030.0 0.0008569845704187173
1031.0 0.0011043137419619597
1032.0 0.0013516430954041425
1033.0 0.0015778112356201746
1034.0 0.0018039794667856768
1035.0 0.0018396793166175485
1036.0 0.0018753789845504798
1037.0 0.001843904101406224
1038.0 0.0018124292182619683
1039.0 0.0016730213246773928
1040.0 0.0015336136129917577
1041.0 0.0014619945432059467
1042.0 0.0013903757462685462
1043.0 0.0011376401744200848
1044.0 0.0008849048754200339
1045.0 0.001163247725344263
1046.0 0.0014415907571674325
1047.0 0.0012143099411332514
1048.0 0.0009870292160485405
1049.0 0.0009837926882028114
1050.0 0.0009805557965592016
1051.0 0.001239677658304572
1052.0 0.001498799701948883
1053.0 0.00098915270427824
1054.0 0.0004795055701833917
1055.0 0.0008268768397101667
1056.0 0.0011742484275600873
1057.0 0.001397135838487884
1058.0 0.0016200232494156808
1059.0 0.0006990966085140826
1060.0 1.5792300193245845e-10
1061.0 1.5792300193245845e-10
1062.0 7.164279054450162e-05
1063.0 0.00019286769656901015
1064.0 0.0003140921080557746
1065.0 0.0010052653124148492
1066.0 0.0016964388123597018
1067.0 0.0003985976945841685
1068.0 1.5792300193245845e-10
1069.0 0.0006554681931447703
1070.0 0.002210179445683025
1071.0 0.002022901207965333
1072.0 0.0018356229702476412
1073.0 0.0019491235434543341
1074.0 0.002062624116661027
1075.0 0.0032531912438571453
1076.0 0.0044437583710532635
1077.0 0.00407195148000028
1078.0 0.003700144588947296
1079.0 0.004083434032509103
1080.0 0.004466720929485746
1081.0 0.0024450333512504585
1082.0 0.00042334550016676076
1083.0 0.001412793335475726
1084.0 0.002402241443633102
1085.0 0.003878133065882139
1086.0 0.005354024688131176
1087.0 0.004319964500609785
1088.0 0.0032859035854926333
1089.0 0.00532558151462581
1090.0 0.007365259079961106
1091.0 0.005336633330443874
1092.0 0.003308007217128761
1093.0 0.002785244578262791
1094.0 0.0022624823031947017
1095.0 0.0018183958673034795
1096.0 0.0013743096133111976
1097.0 0.0019635546777863055
1098.0 0.0025528002879582345
1099.0 0.000631876628176542
1100.0 1.5792300193245845e-10
