lsstCam/transmission_sensor/r11_s21/19700101T000000.ecsv
# %ECSV 1.0
# ---
# datatype:
# - {name: amp_name, datatype: string}
# - {name: wavelength, unit: nm, datatype: float32}
# - {name: efficiency, unit: '%', datatype: float64}
# meta: !!omap
# - {MODE: AMP}
# - {TYPE: transmission_sensor}
# - {CALIBDATE: '1970-01-01T00:00:00'}
# - {INSTRUME: LSSTCAM}
# - {OBSTYPE: transmission_sensor}
# - {DETECTOR: 43}
# - {PARQUETFILE: qe_raft_allvalues_nircorrected_20230725.parquet}
# - {CALIBCLS: lsst.ip.isr.IntermediateSensorTransmissionCurve}
# - {CALIB_ID: 'raftName=R11 detectorName=S21 detector=43 calibDate=1970-01-01T00:00:00 ccd=43 ccdnum=43 filter=None'}
# - {DATE: '2023-08-02T16:57:55.624490'}
# - {CALIB_CREATION_DATE: '2023-08-02'}
# - {CALIB_CREATION_TIME: '16:57:55'}
# - __serialized_columns__:
#     efficiency:
#       __class__: astropy.units.quantity.Quantity
#       unit: !astropy.units.Unit {unit: '%'}
#       value: !astropy.table.SerializedColumn {name: efficiency}
#     wavelength:
#       __class__: astropy.units.quantity.Quantity
#       unit: !astropy.units.Unit {unit: nm}
#       value: !astropy.table.SerializedColumn {name: wavelength}
# schema: astropy-2.0
amp_name wavelength efficiency
C00 319.992 44.67245101928711
C00 330.006 57.69316482543945
C00 349.994 79.23097229003906
C00 370.001 85.25247955322266
C00 400.009 89.3864517211914
C00 429.983 90.75361633300781
C00 449.989 91.84296417236328
C00 469.993 93.30005645751953
C00 500.016 95.28170776367188
C00 549.99 98.2364273071289
C00 569.998 99.1413803100586
C00 599.983 99.9516372680664
C00 630.013 100.78313446044922
C00 649.987 100.85145568847656
C00 670.017 101.23188018798828
C00 699.987 100.67123413085938
C00 720.012 100.45250701904297
C00 749.995 99.65557098388672
C00 770.007 99.2754135131836
C00 800.008 98.11258697509766
C00 830.013 96.92185974121094
C00 869.994 91.78353881835938
C00 900.005 84.6696548461914
C00 919.989 78.14205932617188
C00 959.989 57.2093391418457
C00 1000.013 29.865270614624023
C00 1030.002 12.86108684539795
C00 1049.996 6.2890214920043945
C00 1080.005 0.6908625737598932
C00 1100.007 0.0939788383644586
C01 319.992 44.66415023803711
C01 330.006 57.690284729003906
C01 349.994 79.31241607666016
C01 370.001 85.43256378173828
C01 400.009 89.53585052490234
C01 429.983 90.85646057128906
C01 449.989 91.92985534667969
C01 469.993 93.37256622314453
C01 500.016 95.34292602539062
C01 549.99 98.29657745361328
C01 569.998 99.20462036132812
C01 599.983 100.0261459350586
C01 630.013 100.85694122314453
C01 649.987 100.93473052978516
C01 670.017 101.3108139038086
C01 699.987 100.76113891601562
C01 720.012 100.54695129394531
C01 749.995 99.7548828125
C01 770.007 99.37850189208984
C01 800.008 98.21422576904297
C01 830.013 97.01179504394531
C01 869.994 91.84518432617188
C01 900.005 84.683349609375
C01 919.989 78.08219909667969
C01 959.989 57.25651550292969
C01 1000.013 29.983844757080078
C01 1030.002 12.9110689163208
C01 1049.996 6.2702555656433105
C01 1080.005 0.6915510605330213
C01 1100.007 0.09407249401990356
C02 319.992 44.51531219482422
C02 330.006 57.5078239440918
C02 349.994 79.17615509033203
C02 370.001 85.36711120605469
C02 400.009 89.33026123046875
C02 429.983 90.57250213623047
C02 449.989 91.60648345947266
C02 469.993 93.02188110351562
C02 500.016 94.96995544433594
C02 549.99 97.90491485595703
C02 569.998 98.81108093261719
C02 599.983 99.62947845458984
C02 630.013 100.46774291992188
C02 649.987 100.54857635498047
C02 670.017 100.92556762695312
C02 699.987 100.38760375976562
C02 720.012 100.1761245727539
C02 749.995 99.38851928710938
C02 770.007 99.01628875732422
C02 800.008 97.85655212402344
C02 830.013 96.6466293334961
C02 869.994 91.47504425048828
C02 900.005 84.35298156738281
C02 919.989 77.7707748413086
C02 959.989 56.90055847167969
C02 1000.013 29.93403434753418
C02 1030.002 13.013816833496094
C02 1049.996 6.3094682693481445
C02 1080.005 0.6890112481509455
C02 1100.007 0.09372700039150778
C03 319.992 44.616844177246094
C03 330.006 57.64821243286133
C03 349.994 79.43379211425781
C03 370.001 85.68601989746094
C03 400.009 89.45651245117188
C03 429.983 90.6020278930664
C03 449.989 91.60263061523438
C03 469.993 92.99669647216797
C03 500.016 94.9198226928711
C03 549.99 97.83677673339844
C03 569.998 98.74185180664062
C03 599.983 99.56268310546875
C03 630.013 100.39961242675781
C03 649.987 100.4847183227539
C03 670.017 100.86420440673828
C03 699.987 100.32537078857422
C03 720.012 100.1153793334961
C03 749.995 99.3321304321289
C03 770.007 98.9569091796875
C03 800.008 97.80023193359375
C03 830.013 96.58303833007812
C03 869.994 91.46721649169922
C03 900.005 84.32096099853516
C03 919.989 77.72429656982422
C03 959.989 56.93771743774414
C03 1000.013 29.568872451782227
C03 1030.002 12.927119255065918
C03 1049.996 6.370914936065674
C03 1080.005 0.6886203297039876
C03 1100.007 0.09367382330110555
C04 319.992 44.622718811035156
C04 330.006 57.66720962524414
C04 349.994 79.57524871826172
C04 370.001 85.96707916259766
C04 400.009 89.67851257324219
C04 429.983 90.7634506225586
C04 449.989 91.74407958984375
C04 469.993 93.11901092529297
C04 500.016 95.03005981445312
C04 549.99 97.9511489868164
C04 569.998 98.85932159423828
C04 599.983 99.68495178222656
C04 630.013 100.533447265625
C04 649.987 100.61878967285156
C04 670.017 101.00765228271484
C04 699.987 100.47674560546875
C04 720.012 100.27290344238281
C04 749.995 99.49319458007812
C04 770.007 99.11907958984375
C04 800.008 97.96355438232422
C04 830.013 96.72840118408203
C04 869.994 91.62581634521484
C04 900.005 84.57281494140625
C04 919.989 77.88770294189453
C04 959.989 56.70587158203125
C04 1000.013 29.933387756347656
C04 1030.002 13.07094669342041
C04 1049.996 6.369008541107178
C04 1080.005 0.6897369113317394
C04 1100.007 0.09382571319686894
C05 319.992 44.661102294921875
C05 330.006 57.72848892211914
C05 349.994 79.77791595458984
C05 370.001 86.26509857177734
C05 400.009 89.8856201171875
C05 429.983 90.91561889648438
C05 449.989 91.8674545288086
C05 469.993 93.22724914550781
C05 500.016 95.13034057617188
C05 549.99 98.04808807373047
C05 569.998 98.95840454101562
C05 599.983 99.79010772705078
C05 630.013 100.65008544921875
C05 649.987 100.74031066894531
C05 670.017 101.13175201416016
C05 699.987 100.60882568359375
C05 720.012 100.40281677246094
C05 749.995 99.62564086914062
C05 770.007 99.25270080566406
C05 800.008 98.10032653808594
C05 830.013 96.85845184326172
C05 869.994 91.75685119628906
C05 900.005 84.69050598144531
C05 919.989 77.92509460449219
C05 959.989 56.82366943359375
C05 1000.013 30.002853393554688
C05 1030.002 13.052146911621094
C05 1049.996 6.372366428375244
C05 1080.005 0.6906550990524752
C05 1100.007 0.09395061533902095
C06 319.992 44.77813720703125
C06 330.006 57.889259338378906
C06 349.994 80.04795837402344
C06 370.001 86.60269165039062
C06 400.009 90.09611511230469
C06 429.983 91.06439208984375
C06 449.989 91.99695587158203
C06 469.993 93.34823608398438
C06 500.016 95.23477172851562
C06 549.99 98.15283966064453
C06 569.998 99.06278991699219
C06 599.983 99.8961410522461
C06 630.013 100.75682830810547
C06 649.987 100.85015869140625
C06 670.017 101.24526977539062
C06 699.987 100.7161636352539
C06 720.012 100.50763702392578
C06 749.995 99.73681640625
C06 770.007 99.36528015136719
C06 800.008 98.20149230957031
C06 830.013 96.95091247558594
C06 869.994 91.81123352050781
C06 900.005 84.69749450683594
C06 919.989 77.94857788085938
C06 959.989 56.81589126586914
C06 1000.013 29.983821868896484
C06 1030.002 12.989930152893066
C06 1049.996 6.364997386932373
C06 1080.005 0.6914258287507394
C06 1100.007 0.09405545859509959
C07 319.992 44.9068489074707
C07 330.006 58.04191589355469
C07 349.994 80.11329650878906
C07 370.001 86.54656219482422
C07 400.009 90.10250854492188
C07 429.983 91.11351776123047
C07 449.989 92.0733871459961
C07 469.993 93.4368896484375
C07 500.016 95.34295654296875
C07 549.99 98.25626373291016
C07 569.998 99.16502380371094
C07 599.983 99.99537658691406
C07 630.013 100.8417739868164
C07 649.987 100.92721557617188
C07 670.017 101.31619262695312
C07 699.987 100.77484130859375
C07 720.012 100.56379699707031
C07 749.995 99.77738189697266
C07 770.007 99.40119934082031
C07 800.008 98.22794342041016
C07 830.013 96.95616149902344
C07 869.994 91.75863647460938
C07 900.005 84.70413970947266
C07 919.989 77.89925384521484
C07 959.989 56.57965850830078
C07 1000.013 29.968542098999023
C07 1030.002 13.062674522399902
C07 1049.996 6.406519412994385
C07 1080.005 0.6917070379999106
C07 1100.007 0.09409371181589662
C10 319.992 44.10307693481445
C10 330.006 56.95895767211914
C10 349.994 78.21031951904297
C10 370.001 84.19243621826172
C10 400.009 88.83720397949219
C10 429.983 90.42947387695312
C10 449.989 91.5997543334961
C10 469.993 93.10779571533203
C10 500.016 95.13771057128906
C10 549.99 98.137939453125
C10 569.998 99.05183410644531
C10 599.983 99.87906646728516
C10 630.013 100.71454620361328
C10 649.987 100.79248046875
C10 670.017 101.1719741821289
C10 699.987 100.61730194091797
C10 720.012 100.39982604980469
C10 749.995 99.60079193115234
C10 770.007 99.22709655761719
C10 800.008 98.07585144042969
C10 830.013 96.90180206298828
C10 869.994 91.92449188232422
C10 900.005 84.89334106445312
C10 919.989 78.20189666748047
C10 959.989 57.297157287597656
C10 1000.013 30.154375076293945
C10 1030.002 13.099761009216309
C10 1049.996 6.388332366943359
C10 1080.005 0.6904828246304938
C10 1100.007 0.09392718064929734
C11 319.992 43.86126708984375
C11 330.006 56.6527099609375
C11 349.994 77.84220123291016
C11 370.001 83.85269927978516
C11 400.009 88.40767669677734
C11 429.983 89.94315338134766
C11 449.989 91.0941162109375
C11 469.993 92.576171875
C11 500.016 94.58486938476562
C11 549.99 97.55938720703125
C11 569.998 98.4770278930664
C11 599.983 99.29973602294922
C11 630.013 100.13745880126953
C11 649.987 100.2146987915039
C11 670.017 100.59248352050781
C11 699.987 100.04894256591797
C11 720.012 99.83088684082031
C11 749.995 99.04235076904297
C11 770.007 98.67408752441406
C11 800.008 97.53009796142578
C11 830.013 96.35684204101562
C11 869.994 91.39037322998047
C11 900.005 84.4317398071289
C11 919.989 77.7427749633789
C11 959.989 56.906593322753906
C11 1000.013 29.958091735839844
C11 1030.002 13.011783599853516
C11 1049.996 6.339992523193359
C11 1080.005 0.6866114357231424
C11 1100.007 0.09340055111950551
C12 319.992 43.81437301635742
C12 330.006 56.61259841918945
C12 349.994 77.91450500488281
C12 370.001 84.01171875
C12 400.009 88.41221618652344
C12 429.983 89.85591125488281
C12 449.989 90.96602630615234
C12 469.993 92.42755889892578
C12 500.016 94.40840148925781
C12 549.99 97.3698501586914
C12 569.998 98.28511047363281
C12 599.983 99.11038970947266
C12 630.013 99.95401000976562
C12 649.987 100.03778076171875
C12 670.017 100.42152404785156
C12 699.987 99.88324737548828
C12 720.012 99.67514038085938
C12 749.995 98.88880157470703
C12 770.007 98.52526092529297
C12 800.008 97.38175201416016
C12 830.013 96.20940399169922
C12 869.994 91.20462036132812
C12 900.005 84.31867980957031
C12 919.989 77.69951629638672
C12 959.989 56.649070739746094
C12 1000.013 29.877117156982422
C12 1030.002 13.008971214294434
C12 1049.996 6.363451957702637
C12 1080.005 0.6855469609668798
C12 1100.007 0.09325574938199438
C13 319.992 44.0788459777832
C13 330.006 56.95546340942383
C13 349.994 78.39873504638672
C13 370.001 84.51518249511719
C13 400.009 88.82274627685547
C13 429.983 90.22124481201172
C13 449.989 91.31292724609375
C13 469.993 92.76508331298828
C13 500.016 94.74633026123047
C13 549.99 97.70745086669922
C13 569.998 98.61820983886719
C13 599.983 99.45247650146484
C13 630.013 100.29226684570312
C13 649.987 100.37538146972656
C13 670.017 100.75691223144531
C13 699.987 100.22120666503906
C13 720.012 100.01234436035156
C13 749.995 99.22476196289062
C13 770.007 98.8515625
C13 800.008 97.7042007446289
C13 830.013 96.52000427246094
C13 869.994 91.47777557373047
C13 900.005 84.54049682617188
C13 919.989 77.9511947631836
C13 959.989 56.730159759521484
C13 1000.013 29.974702835083008
C13 1030.002 13.078512191772461
C13 1049.996 6.4213714599609375
C13 1080.005 0.6878759975205407
C13 1100.007 0.09357257092962895
C14 319.992 44.03641128540039
C14 330.006 56.90583801269531
C14 349.994 78.38253784179688
C14 370.001 84.5706787109375
C14 400.009 88.82726287841797
C14 429.983 90.18492126464844
C14 449.989 91.25933837890625
C14 469.993 92.70126342773438
C14 500.016 94.66295623779297
C14 549.99 97.62305450439453
C14 569.998 98.53445434570312
C14 599.983 99.36909484863281
C14 630.013 100.21656799316406
C14 649.987 100.30056762695312
C14 670.017 100.68870544433594
C14 699.987 100.15581512451172
C14 720.012 99.9487075805664
C14 749.995 99.1644058227539
C14 770.007 98.79561614990234
C14 800.008 97.64025115966797
C14 830.013 96.45451354980469
C14 869.994 91.3765869140625
C14 900.005 84.43451690673828
C14 919.989 77.87156677246094
C14 959.989 56.687408447265625
C14 1000.013 29.831993103027344
C14 1030.002 13.015115737915039
C14 1049.996 6.409728050231934
C14 1080.005 0.687457584579869
C14 1100.007 0.09351565373131124
C15 319.992 44.20305633544922
C15 330.006 57.125858306884766
C15 349.994 78.73278045654297
C15 370.001 84.94957733154297
C15 400.009 89.14573669433594
C15 429.983 90.46553039550781
C15 449.989 91.52566528320312
C15 469.993 92.96099090576172
C15 500.016 94.92250061035156
C15 549.99 97.87718963623047
C15 569.998 98.79850006103516
C15 599.983 99.63050842285156
C15 630.013 100.48027038574219
C15 649.987 100.569091796875
C15 670.017 100.95272827148438
C15 699.987 100.41619110107422
C15 720.012 100.20750427246094
C15 749.995 99.42253875732422
C15 770.007 99.05634307861328
C15 800.008 97.8945541381836
C15 830.013 96.700927734375
C15 869.994 91.61168670654297
C15 900.005 84.6118392944336
C15 919.989 78.04917907714844
C15 959.989 56.84847640991211
C15 1000.013 29.85285186767578
C15 1030.002 13.024165153503418
C15 1049.996 6.423587322235107
C15 1080.005 0.6892470969670489
C15 1100.007 0.09375908317990721
C16 319.992 44.22325897216797
C16 330.006 57.15297317504883
C16 349.994 78.75215911865234
C16 370.001 84.95756530761719
C16 400.009 89.03582763671875
C16 429.983 90.31593322753906
C16 449.989 91.36119079589844
C16 469.993 92.78592681884766
C16 500.016 94.730712890625
C16 549.99 97.67414093017578
C16 569.998 98.58460235595703
C16 599.983 99.41426849365234
C16 630.013 100.2605972290039
C16 649.987 100.34172821044922
C16 670.017 100.72725677490234
C16 699.987 100.19230651855469
C16 720.012 99.97208404541016
C16 749.995 99.19160461425781
C16 770.007 98.82303619384766
C16 800.008 97.66175079345703
C16 830.013 96.4535140991211
C16 869.994 91.38011169433594
C16 900.005 84.35307312011719
C16 919.989 77.7867431640625
C16 959.989 56.70701599121094
C16 1000.013 29.761260986328125
C16 1030.002 12.974801063537598
C16 1049.996 6.414248466491699
C16 1080.005 0.6876461421559097
C16 1100.007 0.09354130343739485
C17 319.992 44.08661651611328
C17 330.006 56.969505310058594
C17 349.994 78.46775817871094
C17 370.001 84.63842010498047
C17 400.009 88.71379089355469
C17 429.983 89.99156188964844
C17 449.989 91.03840637207031
C17 469.993 92.46538543701172
C17 500.016 94.40308380126953
C17 549.99 97.33866882324219
C17 569.998 98.24256896972656
C17 599.983 99.06405639648438
C17 630.013 99.9031753540039
C17 649.987 99.9870376586914
C17 670.017 100.36402130126953
C17 699.987 99.82788848876953
C17 720.012 99.61744689941406
C17 749.995 98.83010864257812
C17 770.007 98.46072387695312
C17 800.008 97.30252075195312
C17 830.013 96.08868408203125
C17 869.994 91.0298843383789
C17 900.005 84.07393646240234
C17 919.989 77.44282531738281
C17 959.989 56.436397552490234
C17 1000.013 29.685470581054688
C17 1030.002 12.94616985321045
C17 1049.996 6.420990943908691
C17 1080.005 0.6851400638937614
C17 1100.007 0.09320039870051591
