lsstCam/transmission_sensor/r11_s21/19700101T000000.ecsv
# %ECSV 1.0
# ---
# datatype:
# - {name: amp_name, datatype: string}
# - {name: wavelength, unit: nm, datatype: float32}
# - {name: efficiency, unit: '%', datatype: float64}
# meta: !!omap
# - {MODE: AMP}
# - {TYPE: transmission_sensor}
# - {CALIBDATE: '1970-01-01T00:00:00'}
# - {INSTRUME: LSSTCAM}
# - {OBSTYPE: transmission_sensor}
# - {DETECTOR: 43}
# - {PARQUETFILE: qe_raft_allvalues_nircorrected_20230725.parquet}
# - {CALIBCLS: lsst.ip.isr.IntermediateSensorTransmissionCurve}
# - {CALIB_ID: 'raftName=R11 detectorName=S21 detector=43 calibDate=1970-01-01T00:00:00 ccd=43 ccdnum=43 filter=None'}
# - {DATE: '2024-01-18T22:42:25.123681'}
# - {CALIB_CREATION_DATE: '2024-01-18'}
# - {CALIB_CREATION_TIME: '22:42:25'}
# - __serialized_columns__:
#     efficiency:
#       __class__: astropy.units.quantity.Quantity
#       unit: !astropy.units.Unit {unit: '%'}
#       value: !astropy.table.SerializedColumn {name: efficiency}
#     wavelength:
#       __class__: astropy.units.quantity.Quantity
#       unit: !astropy.units.Unit {unit: nm}
#       value: !astropy.table.SerializedColumn {name: wavelength}
# schema: astropy-2.0
amp_name wavelength efficiency
C00 319.992 44.27360436768939
C00 330.006 55.21567754421781
C00 349.994 73.10572542461803
C00 370.001 77.97119879476487
C00 400.009 85.18410167175621
C00 429.983 87.23296561171372
C00 449.989 88.81520229997051
C00 469.993 90.6358941277396
C00 500.016 93.22937653693455
C00 549.99 96.7148351141166
C00 569.998 97.75331645465074
C00 599.983 98.79460703530545
C00 630.013 99.37858946056127
C00 649.987 99.38787959060708
C00 670.017 99.51368867819386
C00 699.987 98.86846512479988
C00 720.012 98.64486987644572
C00 749.995 98.66614510783393
C00 770.007 98.68078040274499
C00 800.008 97.80382583902262
C00 830.013 95.98680596371244
C00 869.994 90.8990474052835
C00 900.005 82.45017559607034
C00 919.989 74.08183078850757
C00 959.989 52.42390975921302
C00 1000.013 26.200093368800463
C00 1030.002 9.481234082604065
C00 1049.996 3.9638559313254302
C00 1080.005 0.561050781686461
C00 1100.007 0.11799132763791871
C01 319.992 44.265377697859996
C01 330.006 55.212921126251096
C01 349.994 73.18087289447953
C01 370.001 78.13590231136615
C01 400.009 85.32647674806695
C01 429.983 87.33182016169036
C01 449.989 88.89922895671593
C01 469.993 90.70633339315856
C01 500.016 93.28927618091312
C01 549.99 96.7740535899793
C01 569.998 97.81567109128204
C01 599.983 98.86825319736356
C01 630.013 99.45136762933502
C01 649.987 99.46994593109176
C01 670.017 99.5912826654612
C01 699.987 98.9567599410154
C01 720.012 98.73761463200022
C01 749.995 98.7644709234019
C01 770.007 98.78325130990038
C01 800.008 97.90514477482888
C01 830.013 96.07587361548782
C01 869.994 90.9600988531696
C01 900.005 82.46351137299402
C01 919.989 74.02508087136384
C01 959.989 52.46713992640832
C01 1000.013 26.304115650853817
C01 1030.002 9.518081024083388
C01 1049.996 3.9520281090469136
C01 1080.005 0.5616099030760336
C01 1100.007 0.11810891320631971
C02 319.992 44.11786851737595
C02 330.006 55.038295659011524
C02 349.994 73.05514607370891
C02 370.001 78.07603993766159
C02 400.009 85.13055288016042
C02 429.983 87.0588774691399
C02 449.989 88.58651758204257
C02 469.993 90.36566200900639
C02 500.016 92.92433924228696
C02 549.99 96.38845748687325
C02 569.998 97.42764155011719
C02 599.983 98.47617750027925
C02 630.013 99.06759331429932
C02 649.987 99.08939570138115
C02 670.017 99.2125751082348
C02 699.987 98.58991386142344
C02 720.012 98.37346091653644
C02 749.995 98.40174482187513
C02 770.007 98.42320773469986
C02 800.008 97.54859673177731
C02 830.013 95.71423084174121
C02 869.994 90.59352571032377
C02 900.005 82.14180339954041
C02 919.989 73.72983808932327
C02 959.989 52.14095788053396
C02 1000.013 26.260418160290925
C02 1030.002 9.593827115059172
C02 1049.996 3.9767431634256156
C02 1080.005 0.5595473167145443
C02 1100.007 0.11767514266164912
C03 319.992 44.21849399723764
C03 330.006 55.17265551862874
C03 349.994 73.29286550319397
C03 370.001 78.36771113720121
C03 400.009 85.25086861720415
C03 429.983 87.08725781842844
C03 449.989 88.58279175346618
C03 469.993 90.34119651919704
C03 500.016 92.87528633094809
C03 549.99 96.32137476136211
C03 569.998 97.35938169093123
C03 599.983 98.4101553674901
C03 630.013 99.00041230880524
C03 649.987 99.02646438943826
C03 670.017 99.15225339553508
C03 699.987 98.52879532647182
C03 720.012 98.31380878439937
C03 749.995 98.34591582111744
C03 770.007 98.36418382481305
C03 800.008 97.4924537814604
C03 830.013 95.65125333261773
C03 869.994 90.5857733853818
C03 900.005 82.1106221985662
C03 919.989 73.68577480927743
C03 959.989 52.17500858471844
C03 1000.013 25.940070292465325
C03 1030.002 9.529913384798844
C03 1049.996 4.015471880546095
C03 1080.005 0.5592298511163606
C03 1100.007 0.11760837831761513
C04 319.992 44.22431618084851
C04 330.006 55.19083692455487
C04 349.994 73.42338627496933
C04 370.001 78.6247655706902
C04 400.009 85.46243178595556
C04 429.983 87.24241839471965
C04 449.989 88.71957761842889
C04 469.993 90.46001831035831
C04 500.016 92.98314898745934
C04 549.99 96.43397549343439
C04 569.998 97.47520680134407
C04 599.983 98.531008674181
C04 630.013 99.13238198387545
C04 649.987 99.1585900698173
C04 670.017 99.29326655507505
C04 699.987 98.67745940051562
C04 720.012 98.46849825591836
C04 749.995 98.50538085088277
C04 770.007 98.52538287769161
C04 800.008 97.65526225307161
C04 830.013 95.79521379828418
C04 869.994 90.74284485798778
C04 900.005 82.35587419412478
C04 919.989 73.84069065498028
C04 959.989 51.96255610055664
C04 1000.013 26.2598509211831
C04 1030.002 9.63594342929918
C04 1049.996 4.014270314456157
C04 1080.005 0.560136629133959
C04 1100.007 0.11779907752998894
C05 319.992 44.262356967532014
C05 330.006 55.2494847367632
C05 349.994 73.61038556203263
C05 370.001 78.89733160888198
C05 400.009 85.65980252548836
C05 429.983 87.38868352819769
C05 449.989 88.83888528953524
C05 469.993 90.56516581230473
C05 500.016 93.08126974025772
C05 549.99 96.52941308276868
C05 569.998 97.57290250238529
C05 599.983 98.63494734422471
C05 630.013 99.24739466159026
C05 649.987 99.27834752939035
C05 670.017 99.41525996285493
C05 699.987 98.80717425610989
C05 720.012 98.59607380302086
C05 749.995 98.63651215289245
C05 770.007 98.65820373825404
C05 800.008 97.79160398570926
C05 830.013 95.92400979354743
C05 869.994 90.87261696410707
C05 900.005 82.47048015224439
C05 919.989 73.87613946251552
C05 959.989 52.070500433296274
C05 1000.013 26.320791476660816
C05 1030.002 9.622084170429082
C05 1049.996 4.016386729765148
C05 1080.005 0.5608822910905044
C05 1100.007 0.11795589336038027
C06 319.992 44.37834696310447
C06 330.006 55.403351273461396
C06 349.994 73.85955134149378
C06 370.001 79.20609139138027
C06 400.009 85.86040146101146
C06 429.983 87.5316852881787
C06 449.989 88.96411739697197
C06 469.993 90.68269799570264
C06 500.016 93.18345148586823
C06 549.99 96.63254216364071
C06 569.998 97.67582639409592
C06 599.983 98.73975323817143
C06 630.013 99.35264991891026
C06 649.987 99.38660141581255
C06 670.017 99.52685100640323
C06 699.987 98.91259005459395
C06 720.012 98.69900782003057
C06 749.995 98.74658388865772
C06 770.007 98.7701087638598
C06 800.008 97.89245138766023
C06 830.013 96.01557841179189
C06 869.994 90.92647522159866
C06 900.005 82.47728548464667
C06 919.989 73.89840255771925
C06 959.989 52.063372891377355
C06 1000.013 26.30409557159336
C06 1030.002 9.5762177782297
C06 1049.996 4.011742156890235
C06 1080.005 0.561508202112615
C06 1100.007 0.11808752506804861
C07 319.992 44.50590949376321
C07 330.006 55.54945237835139
C07 349.994 73.91983826719813
C07 370.001 79.15475586470532
C07 400.009 85.86649431740757
C07 429.983 87.5789052026668
C07 449.989 89.03802898247339
C07 469.993 90.76882007737018
C07 500.016 93.28930604115439
C07 549.99 96.7343642918491
C07 569.998 97.77662891923276
C07 599.983 98.83784003213927
C07 630.013 99.4364117683135
C07 649.987 99.4625400359587
C07 670.017 99.59657009645129
C07 699.987 98.97021695815076
C07 720.012 98.75415719765692
C07 749.995 98.7867466267214
C07 770.007 98.80581280699832
C07 800.008 97.91881925663189
C07 830.013 96.02077679526843
C07 869.994 90.87438503821663
C07 900.005 82.48375649395058
C07 919.989 73.85164137822214
C07 959.989 51.84690045959086
C07 1000.013 26.290690991968653
C07 1030.002 9.629845158541851
C07 1049.996 4.037912735174282
C07 1080.005 0.5617365726671326
C07 1100.007 0.11813555235149688
C10 319.992 43.70931379535714
C10 330.006 54.51299906313513
C10 349.994 72.1639780362713
C10 370.001 77.00169210083106
C10 400.009 84.66067586649184
C10 429.983 86.92139777712121
C10 449.989 88.58001029332104
C10 469.993 90.44912334821964
C10 500.016 93.08848098852334
C10 549.99 96.61787274667472
C10 569.998 97.66502397423797
C10 599.983 98.72287630691135
C10 630.013 99.31095707093175
C10 649.987 99.32976023083187
C10 670.017 99.45479944679784
C10 699.987 98.8154987249503
C10 720.012 98.59313689824847
C10 749.995 98.61190992647278
C10 770.007 98.63275285278827
C10 800.008 97.7672059113911
C10 830.013 95.96694179196851
C10 869.994 91.03864214534485
C10 900.005 82.6679982387586
C10 919.989 74.13855900672812
C10 959.989 52.50438211944615
C10 1000.013 26.453717854137615
C10 1030.002 9.657185434448127
C10 1049.996 4.026449770632929
C10 1080.005 0.5607423867118502
C10 1100.007 0.11792647088398672
C11 319.992 43.46966288827297
C11 330.006 54.21990238659774
C11 349.994 71.82431851207298
C11 370.001 76.69097156218275
C11 400.009 84.25134206906469
C11 429.983 86.45394335730221
C11 449.989 88.09104140441042
C11 469.993 89.93267990823036
C11 500.016 92.5475477878784
C11 549.99 96.04828174443966
C11 569.998 97.09826553794427
C11 599.983 98.15025213430017
C11 630.013 98.7419121374971
C11 649.987 98.76036343456573
C11 670.017 98.8851443817591
C11 699.987 98.2573172391398
C11 720.012 98.0344357179262
C11 749.995 98.05901322244627
C11 770.007 98.08305619542804
C11 800.008 97.22316992317394
C11 830.013 95.42723927257052
C11 869.994 90.50967063994753
C11 900.005 82.2184971183054
C11 919.989 73.70329307327464
C11 959.989 52.14648793022289
C11 1000.013 26.28152313629972
C11 1030.002 9.5923282087582
C11 1049.996 3.9959820457871187
C11 1080.005 0.5575984245764275
C11 1100.007 0.11726528248801513
C12 319.992 43.423187496631115
C12 330.006 54.18151333372358
C12 349.994 71.89103257032846
C12 370.001 76.83640942849865
C12 400.009 84.25566814252015
C12 429.983 86.3700856585646
C12 449.989 87.96717420447197
C12 469.993 89.78831054258475
C12 500.016 92.37488094276073
C12 549.99 95.8616804512056
C12 569.998 96.90903512601759
C12 599.983 97.96309767495569
C12 630.013 98.56101994521211
C12 649.987 98.58601287391534
C12 670.017 98.71708657519748
C12 699.987 98.09458923349074
C12 720.012 97.88149190664181
C12 749.995 97.90698853441363
C12 770.007 97.93512102773413
C12 800.008 97.07529082185157
C12 830.013 95.28122363204123
C12 869.994 90.32570781795707
C12 900.005 82.10840080731262
C12 919.989 73.66228210842567
C12 959.989 51.91050651783342
C12 1000.013 26.210486059357084
C12 1030.002 9.590254909188987
C12 1049.996 4.010768100937886
C12 1080.005 0.5567339626461244
C12 1100.007 0.11708348252591134
C13 319.992 43.68529917828164
C13 330.006 54.509654852727834
C13 349.994 72.33782739605581
C13 370.001 77.29687312365701
C13 400.009 84.64689786783957
C13 429.983 86.72124664711289
C13 449.989 88.30263895603557
C13 469.993 90.11619702218646
C13 500.016 92.70553085935379
C13 549.99 96.19405203376839
C13 569.998 97.23747081612765
C13 599.983 98.30122450419609
C13 630.013 98.89456272904023
C13 649.987 98.9187142542586
C13 670.017 99.04678227211149
C13 699.987 98.4264965208209
C13 720.012 98.21262791972828
C13 749.995 98.23961335492031
C13 770.007 98.25946814349263
C13 800.008 97.39672480345459
C13 830.013 95.58882739615962
C13 869.994 90.59623071259398
C13 900.005 82.32440324646532
C13 919.989 73.9008834679385
C13 959.989 51.98481262797093
C13 1000.013 26.29609565957417
C13 1030.002 9.641520738720198
C13 1049.996 4.047273710412726
C13 1080.005 0.5586253775651527
C13 1100.007 0.11748125499980308
C14 319.992 43.643243353289854
C14 330.006 54.4621604933517
C14 349.994 72.32288237699109
C14 370.001 77.34762949460081
C14 400.009 84.65120212915997
C14 429.983 86.68633221740676
C14 449.989 88.25081673837117
C14 469.993 90.05419949954025
C14 500.016 92.62395268021646
C14 549.99 96.1109628937388
C14 569.998 97.15488797128047
C14 599.983 98.21880806910156
C14 630.013 98.81991883917324
C14 649.987 98.84498612463949
C14 670.017 98.97973314721587
C14 699.987 98.36227597857861
C14 720.012 98.15013628017097
C14 749.995 98.17985645801947
C14 770.007 98.20385689703241
C14 800.008 97.33297646837518
C14 830.013 95.52396849534185
C14 869.994 90.49601717876806
C14 900.005 82.22120142070106
C14 919.989 73.82539291412392
C14 959.989 51.94563736446662
C14 1000.013 26.170899797372137
C14 1030.002 9.59478467152349
C14 1049.996 4.039935080901944
C14 1080.005 0.5582855836374632
C14 1100.007 0.11740979491461993
C15 319.992 43.80840055526452
C15 330.006 54.672732571585
C15 349.994 72.64604817548586
C15 370.001 77.69416697744138
C15 400.009 84.95470344722959
C15 429.983 86.95605553700175
C15 449.989 88.50836371647893
C15 469.993 90.30651051728618
C15 500.016 92.87790656711913
C15 549.99 96.36116170538098
C15 569.998 97.41523682146415
C15 599.983 98.4771955457306
C15 630.013 99.07994619347302
C15 649.987 99.10961341916065
C15 670.017 99.23927475975923
C15 699.987 98.61798927523536
C15 720.012 98.40427594033446
C15 749.995 98.43542653130261
C15 770.007 98.46302214134327
C15 800.008 97.5864791532794
C15 830.013 95.76800539872166
C15 869.994 90.72885138255646
C15 900.005 82.39387558630563
C15 919.989 73.9937765581599
C15 959.989 52.09323236321226
C15 1000.013 26.189198696732497
C15 1030.002 9.60145592944559
C15 1049.996 4.048670328126568
C15 1080.005 0.5597388499769621
C15 1100.007 0.11771542290838824
C16 319.992 43.82842281786399
C16 330.006 54.698683060204075
C16 349.994 72.66392869758874
C16 370.001 77.70147271298967
C16 400.009 84.84996157462554
C16 429.983 86.81226176727313
C16 449.989 88.34931141459836
C16 469.993 90.13644534637885
C16 500.016 92.69024988088617
C16 549.99 96.16125803762219
C16 569.998 97.20433386663305
C16 599.983 98.26345878848986
C16 630.013 98.86333446993542
C16 649.987 98.88554937767795
C16 670.017 99.01763015259591
C16 699.987 98.39811390338842
C16 720.012 98.17309208686125
C16 749.995 98.20678520753931
C16 770.007 98.23111270226602
C16 800.008 97.35440844263594
C16 830.013 95.52297868686013
C16 869.994 90.49950799175362
C16 900.005 82.14189255236663
C16 919.989 73.74497670474283
C16 959.989 51.963604782545694
C16 1000.013 26.10884818948264
C16 1030.002 9.56506456549114
C16 1049.996 4.042784217103197
C16 1080.005 0.558438711595828
C16 1100.007 0.11744199836517324
C17 319.992 43.69300033933057
C17 330.006 54.523093759397334
C17 349.994 72.40151443678995
C17 370.001 77.40958520227335
C17 400.009 84.54306483419674
C17 429.983 86.50047392997296
C17 449.989 88.03716813655942
C17 469.993 89.82505695230141
C17 500.016 92.36967779572021
C17 549.99 95.83098208605455
C17 569.998 96.86708923943826
C17 599.983 97.91730071179995
C17 630.013 98.51089373696945
C17 649.987 98.53600616474782
C17 670.017 98.66055981296725
C17 699.987 98.04022168542049
C17 720.012 97.82483661610921
C17 749.995 97.84887833243434
C17 770.007 97.87097053901095
C17 800.008 96.99630890109282
C17 830.013 95.16166836787075
C17 869.994 90.15265567551457
C17 900.005 81.8700730145913
C17 919.989 73.41892868473192
C17 959.989 51.71562295259485
C17 1000.013 26.04235906503282
C17 1030.002 9.54395754627549
C17 1049.996 4.047033878061607
C17 1080.005 0.5564035207759032
C17 1100.007 0.11701398921755632
