lsstCam/transmission_sensor/r11_s21/19700101T000000.ecsv
# %ECSV 1.0
# ---
# datatype:
# - {name: amp_name, datatype: string}
# - {name: wavelength, unit: nm, datatype: float32}
# - {name: efficiency, unit: '%', datatype: float64}
# meta: !!omap
# - {MODE: AMP}
# - {TYPE: transmission_sensor}
# - {CALIBDATE: '1970-01-01T00:00:00'}
# - {INSTRUME: LSSTCam}
# - {OBSTYPE: transmission_sensor}
# - {DETECTOR: 43}
# - {PARQUETFILE: qe_raft_allvalues_nircorrected_20230725_adjust.parquet}
# - {CORRFILE: qe_corr_factor_bydetnum.parquet}
# - {CALIBCLS: lsst.ip.isr.IntermediateSensorTransmissionCurve}
# - {CALIB_ID: 'raftName=R11 detectorName=S21 detector=43 calibDate=1970-01-01T00:00:00 ccd=43 ccdnum=43 filter=None'}
# - {DATE: '2025-03-03T21:56:47.613443'}
# - {CALIB_CREATION_DATE: '2025-03-03'}
# - {CALIB_CREATION_TIME: '21:56:47'}
# - __serialized_columns__:
#     efficiency:
#       __class__: astropy.units.quantity.Quantity
#       unit: !astropy.units.Unit {unit: '%'}
#       value: !astropy.table.SerializedColumn {name: efficiency}
#     wavelength:
#       __class__: astropy.units.quantity.Quantity
#       unit: !astropy.units.Unit {unit: nm}
#       value: !astropy.table.SerializedColumn {name: wavelength}
# schema: astropy-2.0
amp_name wavelength efficiency
C00 319.992 44.59977826122947
C00 330.006 57.59931008245415
C00 349.994 79.10208002761496
C00 370.001 85.113791554713
C00 400.009 89.24103861241078
C00 429.983 90.60597913262727
C00 449.989 91.69355483031234
C00 469.993 93.14827673030523
C00 500.016 95.12670430320273
C00 549.99 98.07661713438831
C00 569.998 98.98009796757725
C00 599.983 99.78903680655354
C00 630.013 100.6191813264747
C00 649.987 100.68739141011751
C00 670.017 101.06719703833424
C00 699.987 100.507463035376
C00 720.012 100.28909174693877
C00 749.995 99.49345216045164
C00 770.007 99.11391312664333
C00 800.008 97.95297826474119
C00 830.013 96.76418809564959
C00 869.994 91.63422614896183
C00 900.005 84.5319149818888
C00 919.989 78.01493849796648
C00 959.989 57.1162714823099
C00 1000.013 29.8166860499498
C00 1030.002 12.840164540233399
C00 1049.996 6.278790566078472
C00 1080.005 0.6897386844829817
C00 1100.007 0.09382595440069198
C01 319.992 44.59149098361882
C01 330.006 57.59643467133465
C01 349.994 79.18339132218637
C01 370.001 85.29358282375875
C01 400.009 89.39019437543627
C01 429.983 90.70865606478863
C01 449.989 91.78030465081572
C01 469.993 93.22066853766884
C01 500.016 95.18782297558127
C01 549.99 98.13666942913314
C01 569.998 99.04323514047677
C01 599.983 99.86342426348882
C01 630.013 100.692868020965
C01 649.987 100.77053078063243
C01 670.017 101.1460023454664
C01 699.987 100.59722156420311
C01 720.012 100.3833823807092
C01 749.995 99.59260242943861
C01 770.007 99.21683380226382
C01 800.008 98.05445171357306
C01 830.013 96.8539770924091
C01 869.994 91.69577137239386
C01 900.005 84.54558746654976
C01 919.989 77.95517564857938
C01 959.989 57.163371097296526
C01 1000.013 29.935067297013507
C01 1030.002 12.890065300754326
C01 1049.996 6.260055167964553
C01 1080.005 0.6904260512317648
C01 1100.007 0.09391945769792437
C02 319.992 44.44289506885103
C02 330.006 57.41427071205387
C02 349.994 79.04735200405567
C02 370.001 85.22823672576081
C02 400.009 89.18493953189383
C02 429.983 90.42515957086329
C02 449.989 91.45745882220601
C02 469.993 92.8705539095682
C02 500.016 94.8154591398513
C02 549.99 97.745643984813
C02 569.998 98.65033591831452
C02 599.983 99.4674020782564
C02 630.013 100.30430286218552
C02 649.987 100.38500479810908
C02 670.017 100.76138278393171
C02 699.987 100.22429407172389
C02 720.012 100.01315891722977
C02 749.995 99.22683490107153
C02 770.007 98.85520991270207
C02 800.008 97.69735992895463
C02 830.013 96.4894054303884
C02 869.994 91.32623343739326
C02 900.005 84.21575686443914
C02 919.989 77.64425801550118
C02 959.989 56.80799313387515
C02 1000.013 29.885337918612287
C02 1030.002 12.992646068504069
C02 1049.996 6.299204080781174
C02 1080.005 0.6878903705945686
C02 1100.007 0.09357452611558369
C03 319.992 44.544261879919524
C03 330.006 57.55443081804059
C03 349.994 79.30456990629281
C03 370.001 85.54662661925819
C03 400.009 89.31098536819992
C03 429.983 90.45463729545264
C03 449.989 91.4536122457415
C03 469.993 92.84541024836163
C03 500.016 94.76540794391418
C03 549.99 97.67761670876456
C03 569.998 98.58121941368307
C03 599.983 99.4007153912332
C03 630.013 100.23628320312017
C03 649.987 100.32125064957863
C03 670.017 100.7001193888743
C03 699.987 100.16216234059331
C03 720.012 99.95251249780331
C03 749.995 99.17053777899403
C03 770.007 98.79592693325014
C03 800.008 97.64113135972502
C03 830.013 96.42591787626637
C03 869.994 91.31841841273469
C03 900.005 84.18378838637675
C03 919.989 77.59785535446801
C03 959.989 56.84509165005407
C03 1000.013 29.520770065083145
C03 1030.002 12.906089528946792
C03 1049.996 6.360550786591211
C03 1080.005 0.6875000880903688
C03 1100.007 0.09352143553321351
C04 319.992 44.550126956905004
C04 330.006 57.573397105954676
C04 349.994 79.44579638991327
C04 370.001 85.82722865960626
C04 400.009 89.5326243423862
C04 429.983 90.61579742384062
C04 449.989 91.59483111237886
C04 469.993 92.96752572138914
C04 500.016 94.87546573269752
C04 549.99 97.79180290238702
C04 569.998 98.69849810244334
C04 599.983 99.52278516236213
C04 630.013 100.3699003206257
C04 649.987 100.45510389356019
C04 670.017 100.84333390508334
C04 699.987 100.31329090224119
C04 720.012 100.1097803478282
C04 749.995 99.3313399091764
C04 770.007 98.95783352598174
C04 800.008 97.80418811690441
C04 830.013 96.57104425523302
C04 869.994 91.4767602573764
C04 900.005 84.43523261542559
C04 919.989 77.76099589846147
C04 959.989 56.613622959179786
C04 1000.013 29.88469237929473
C04 1030.002 13.049682990064953
C04 1049.996 6.358647492939593
C04 1080.005 0.6886148532727582
C04 1100.007 0.09367307833580439
C05 319.992 44.58844799887116
C05 330.006 57.634576714198
C05 349.994 79.64813392892916
C05 370.001 86.12476325338126
C05 400.009 89.73939496556515
C05 429.983 90.76771815173069
C05 449.989 91.718005346057
C05 469.993 93.07558786060079
C05 500.016 94.97558335853795
C05 549.99 97.8885842896305
C05 569.998 98.79741986193736
C05 599.983 99.62777004040218
C05 630.013 100.48634875822827
C05 649.987 100.5764272003455
C05 670.017 100.96723175215578
C05 699.987 100.44515611363417
C05 720.012 100.23948233602134
C05 749.995 99.4635707357581
C05 770.007 99.09123736796052
C05 800.008 97.94073777290268
C05 830.013 96.70088334912192
C05 869.994 91.60758194208495
C05 900.005 84.5527321966957
C05 919.989 77.79832673262489
C05 959.989 56.73122917821327
C05 1000.013 29.954045010402233
C05 1030.002 13.030913791588537
C05 1049.996 6.36199991762561
C05 1080.005 0.6895315472936284
C05 1100.007 0.09379777728822872
C06 319.992 44.705292519594835
C06 330.006 57.795085590531095
C06 349.994 79.9177370456837
C06 370.001 86.4618071384857
C06 400.009 89.94954752923961
C06 429.983 90.91624932214215
C06 449.989 91.84729601716285
C06 469.993 93.19637797856925
C06 500.016 95.07984462318369
C06 549.99 97.99316546756637
C06 569.998 98.90163542468451
C06 599.983 99.73363087149852
C06 630.013 100.59291796875273
C06 649.987 100.68609652299085
C06 670.017 101.08056484367128
C06 699.987 100.55231944884027
C06 720.012 100.34413206680509
C06 749.995 99.5745654134625
C06 770.007 99.20363357055494
C06 800.008 98.04173896878247
C06 830.013 96.79319356728686
C06 869.994 91.66187579760766
C06 900.005 84.55970935321349
C06 919.989 77.82177180660061
C06 959.989 56.723463663944834
C06 1000.013 29.935044446064214
C06 1030.002 12.968798246547044
C06 1049.996 6.354642864075807
C06 1080.005 0.6903010231754664
C06 1100.007 0.09390244998620255
C07 319.992 44.83379483295004
C07 330.006 57.94749380533945
C07 349.994 79.98296888893518
C07 370.001 86.40576899383353
C07 400.009 89.95593056107576
C07 429.983 90.96529507631033
C07 449.989 91.92360295383884
C07 469.993 93.28488732216829
C07 500.016 95.18785344351366
C07 549.99 98.09642129044317
C07 569.998 99.00370299819804
C07 599.983 99.8327049706545
C07 630.013 100.67772545856612
C07 649.987 100.76302805228089
C07 670.017 101.1513723185505
C07 699.987 100.61090166584715
C07 720.012 100.40020067938964
C07 749.995 99.61506491259468
C07 770.007 99.23949432698045
C07 800.008 98.06814704918331
C07 830.013 96.7984340516583
C07 869.994 91.60936431612988
C07 900.005 84.56634374549186
C07 919.989 77.77252801087188
C07 959.989 56.48761520778919
C07 1000.013 29.919789533164646
C07 1030.002 13.041424276140923
C07 1049.996 6.396097342463912
C07 1080.005 0.6905817749558563
C07 1100.007 0.0939406409769899
C10 319.992 44.03133042960708
C10 330.006 56.86629733099897
C10 349.994 78.0830876457445
C10 370.001 84.05547268910745
C10 400.009 88.69268438220097
C10 429.983 90.28236398872464
C10 449.989 91.45074064311355
C10 469.993 92.95632875623504
C10 500.016 94.98294136421063
C10 549.99 97.97828949957592
C10 569.998 98.89069743695576
C10 599.983 99.71658406332513
C10 630.013 100.55070464842348
C10 649.987 100.62851213076979
C10 670.017 101.00738848704857
C10 699.987 100.45361858185608
C10 720.012 100.23649647864691
C10 749.995 99.43876222180783
C10 770.007 99.06567477268355
C10 800.008 97.91630249112421
C10 830.013 96.74416304708488
C10 869.994 91.77494991169782
C10 900.005 84.75523730933975
C10 919.989 78.07467849640427
C10 959.989 57.2039467662597
C10 1000.013 30.105320198974752
C10 1030.002 13.078450430980414
C10 1049.996 6.377939882942555
C10 1080.005 0.689359553126191
C10 1100.007 0.09377438072185625
C11 319.992 43.78991395880678
C11 330.006 56.56054782095276
C11 349.994 77.71556821126487
C11 370.001 83.71628843175246
C11 400.009 88.26385585076535
C11 429.983 89.79683463510734
C11 449.989 90.94592508829204
C11 469.993 92.42556975698167
C11 500.016 94.43099953496166
C11 549.99 97.40067843728662
C11 569.998 98.31682631336757
C11 599.983 99.13819606875983
C11 630.013 99.97455604688899
C11 649.987 100.05167038377338
C11 670.017 100.4288405358382
C11 699.987 99.88618380898572
C11 720.012 99.66848281506113
C11 749.995 98.88122952696492
C11 770.007 98.51356536980643
C11 800.008 97.37143683917331
C11 830.013 96.20008956137617
C11 869.994 91.2417001589714
C11 900.005 84.29438698096004
C11 919.989 77.61630368753143
C11 959.989 56.81401816750569
C11 1000.013 29.909356170566127
C11 1030.002 12.990616142508445
C11 1049.996 6.329678678033479
C11 1080.005 0.6854944621609268
C11 1100.007 0.09324860790844178
C12 319.992 43.74309617219478
C12 330.006 56.5205015323149
C12 349.994 77.78775436008483
C12 370.001 83.87504921046457
C12 400.009 88.26838795570868
C12 429.983 89.70973443338144
C12 449.989 90.81804355905933
C12 469.993 92.27719854321528
C12 500.016 94.25481871590438
C12 549.99 97.21144972618242
C12 569.998 98.1252211035368
C12 599.983 98.94915778223309
C12 630.013 99.79140568829702
C12 649.987 99.87504016271332
C12 670.017 100.2581591785777
C12 699.987 99.72075817006285
C12 720.012 99.51298972209807
C12 749.995 98.7279301251341
C12 770.007 98.36498088051329
C12 800.008 97.22333221981535
C12 830.013 96.05289136300688
C12 869.994 91.05624947148382
C12 900.005 84.18151090843044
C12 919.989 77.57311539336564
C12 959.989 56.556914520015006
C12 1000.013 29.828513320455258
C12 1030.002 12.987808332113936
C12 1049.996 6.353099948937014
C12 1080.005 0.6844317190830175
C12 1100.007 0.09310404173314843
C13 319.992 44.00713889128776
C13 330.006 56.86280875274007
C13 349.994 78.27119666033327
C13 370.001 84.37769392510313
C13 400.009 88.67825019923022
C13 429.983 90.0744736690303
C13 449.989 91.16438016354336
C13 469.993 92.61417387547183
C13 500.016 94.59219774826514
C13 549.99 97.54850122826996
C13 569.998 98.4577785855965
C13 599.983 99.29068807038226
C13 630.013 100.12911225093099
C13 649.987 100.21209166480085
C13 670.017 100.5930017555668
C13 699.987 100.058167670356
C13 720.012 99.8496451410645
C13 749.995 99.06334397585556
C13 770.007 98.69075163063265
C13 800.008 97.5452563934702
C13 830.013 96.3629863619105
C13 869.994 91.32896031734235
C13 900.005 84.40296707502237
C13 919.989 77.82438443180322
C13 959.989 56.637871624872346
C13 1000.013 29.9259402470163
C13 1030.002 13.057236180929532
C13 1049.996 6.410925228248545
C13 1080.005 0.6867569667800988
C13 1100.007 0.09342034787822162
C14 319.992 43.964773231296554
C14 330.006 56.81326408617898
C14 349.994 78.25502580521618
C14 370.001 84.43309986015815
C14 400.009 88.68275945322425
C14 429.983 90.0382092125006
C14 449.989 91.11087847426285
C14 469.993 92.55045781185687
C14 500.016 94.50895935696992
C14 549.99 97.46424216123962
C14 569.998 98.3741593451464
C14 599.983 99.20744206210396
C14 630.013 100.0535365446324
C14 649.987 100.13739952854164
C14 670.017 100.52490592667047
C14 699.987 99.99288250822283
C14 720.012 99.7861118850439
C14 749.995 99.00308602256709
C14 770.007 98.63489629357484
C14 800.008 97.48141084114258
C14 830.013 96.29760217899707
C14 869.994 91.22793627051327
C14 900.005 84.29715956280772
C14 919.989 77.74488597920916
C14 959.989 56.59518986008257
C14 1000.013 29.783462673922
C14 1030.002 12.993942859876507
C14 1049.996 6.3993007599180745
C14 1080.005 0.6863392345099906
C14 1100.007 0.09336352327231127
C15 319.992 44.13114718461513
C15 330.006 57.03292645325133
C15 349.994 78.60469864829713
C15 370.001 84.81138209175528
C15 400.009 89.00071517868504
C15 429.983 90.3183618508459
C15 449.989 91.37677212024865
C15 469.993 92.80976276746287
C15 500.016 94.7680815049816
C15 549.99 97.71796386823479
C15 569.998 98.63777551318589
C15 599.983 99.46843037097463
C15 630.013 100.31680994843248
C15 649.987 100.40548686565967
C15 670.017 100.78849924376067
C15 699.987 100.25283490739218
C15 720.012 100.04448756871194
C15 749.995 99.26079902870562
C15 770.007 98.8951990739667
C15 800.008 97.73530012176589
C15 830.013 96.54361549909703
C15 869.994 91.46265360467886
C15 900.005 84.47419348397199
C15 919.989 77.92220934573115
C15 959.989 56.755995798756494
C15 1000.013 29.804287505711994
C15 1030.002 13.002977553953649
C15 1049.996 6.413137485777077
C15 1080.005 0.6881258357338519
C15 1100.007 0.09360655671197964
C16 319.992 44.1513169558587
C16 330.006 57.0599972111817
C16 349.994 78.62404578536612
C16 370.001 84.81935707305891
C16 400.009 88.89098492017492
C16 429.983 90.16900804625986
C16 449.989 91.21256519862146
C16 469.993 92.63498347329563
C16 500.016 94.57660578386347
C16 549.99 97.515245480064
C16 569.998 98.4242257750497
C16 599.983 99.25254221902736
C16 630.013 100.0974941540911
C16 649.987 100.17849315235547
C16 670.017 100.56339454226479
C16 699.987 100.02931453838069
C16 720.012 99.80945032125624
C16 749.995 99.03024056731155
C16 770.007 98.66227173082913
C16 800.008 97.5028754995128
C16 830.013 96.29660435421123
C16 869.994 91.23145531670455
C16 900.005 84.21584826823633
C16 919.989 77.66020036112533
C16 959.989 56.614765506644495
C16 1000.013 29.712845623620225
C16 1030.002 12.953693769063664
C16 1049.996 6.403813822403653
C16 1080.005 0.6865274853421927
C16 1100.007 0.09338913125167424
C17 319.992 44.0148967885731
C17 330.006 56.876827810131985
C17 349.994 78.34010750642109
C17 370.001 84.5007310530855
C17 400.009 88.56947206360735
C17 429.983 89.8451643928643
C17 449.989 90.89030587771029
C17 469.993 92.31496354541528
C17 500.016 94.24950967868506
C17 549.99 97.1803191162608
C17 569.998 98.08274880578222
C17 599.983 98.90289984387879
C17 630.013 99.7406537299149
C17 649.987 99.82437960812837
C17 670.017 100.2007499769679
C17 699.987 99.6654893407036
C17 720.012 99.45539009591081
C17 749.995 98.669332674161
C17 770.007 98.30054882048711
C17 800.008 97.14422985034237
C17 830.013 95.93236783944685
C17 869.994 90.8817977075898
C17 900.005 83.93716570762895
C17 919.989 77.31684199703264
C17 959.989 56.34458730766605
C17 1000.013 29.63717851352446
C17 1030.002 12.925109135742556
C17 1049.996 6.4105453312165315
C17 1080.005 0.6840254839465485
C17 1100.007 0.09304878109568125
