ts8/qe_curves/rtm-021_s10/19700101T000000.ecsv
# %ECSV 0.9
# ---
# datatype:
# - {name: amp_name, datatype: string}
# - {name: wavelength, unit: nm, datatype: float32}
# - {name: efficiency, unit: '%', datatype: float32}
# meta: !!omap
# - {MODE: AMP}
# - {TYPE: QE}
# - {CALIBDATE: '1970-01-01T00:00:00'}
# - {INSTRUME: TS8}
# - {OBSTYPE: qe_curves}
# - {DETECTOR: 156}
# - {PICKLEFILE: RaftRun12086.p}
# - {CALIB_ID: 'raftName=RTM-021 detectorName=S10 detector=156 calibDate=1970-01-01T00:00:00 ccd=156 ccdnum=156 filter=None'}
# - {DATE: '2020-01-23T15:27:08.469587'}
# - {CALIB_CREATION_DATE: '2020-01-23'}
# - {CALIB_CREATION_TIME: '15:27:08'}
# - __serialized_columns__:
#     efficiency:
#       __class__: astropy.units.quantity.Quantity
#       unit: !astropy.units.Unit {unit: '%'}
#       value: !astropy.table.SerializedColumn {name: efficiency}
#     wavelength:
#       __class__: astropy.units.quantity.Quantity
#       unit: !astropy.units.Unit {unit: nm}
#       value: !astropy.table.SerializedColumn {name: wavelength}
# schema: astropy-2.0
amp_name wavelength efficiency
C16 319.994 49.857822
C16 324.969 50.20437
C16 349.982 53.81636
C16 374.975 65.68116
C16 400.019 79.25191
C16 424.965 82.17923
C16 450.035 83.08242
C16 475.003 83.570496
C16 500.018 84.1188
C16 525.002 84.293755
C16 550.029 86.16798
C16 575.023 87.68306
C16 599.982 89.16709
C16 619.997 90.87458
C16 624.979 91.02887
C16 650.012 92.632675
C16 675.004 94.03179
C16 700.03 95.14469
C16 725.012 96.28624
C16 750.022 97.51329
C16 774.987 99.41675
C16 799.976 99.33795
C16 824.988 99.32599
C16 850.022 98.201584
C16 869.967 96.05145
C16 875.002 95.37949
C16 899.999 88.99552
C16 919.999 81.629654
C16 925.012 78.30059
C16 949.965 65.79807
C16 975.002 49.253334
C16 999.976 30.08832
C16 1025.028 14.199814
C16 1050.014 5.58711
C16 1075.002 3.123345
C16 1099.99 2.2461107
C05 319.994 50.437645
C05 324.969 50.575005
C05 349.982 53.53914
C05 374.975 65.43021
C05 400.019 79.47413
C05 424.965 82.73126
C05 450.035 83.74241
C05 475.003 84.188484
C05 500.018 84.603806
C05 525.002 84.63123
C05 550.029 86.35218
C05 575.023 87.738106
C05 599.982 89.137024
C05 619.997 90.80291
C05 624.979 90.9533
C05 650.012 92.554214
C05 675.004 93.96285
C05 700.03 95.08878
C05 725.012 96.19581
C05 750.022 97.44716
C05 774.987 99.34813
C05 799.976 99.291405
C05 824.988 99.29337
C05 850.022 98.094864
C05 869.967 95.965576
C05 875.002 95.274086
C05 899.999 89.02961
C05 919.999 81.93805
C05 925.012 78.66438
C05 949.965 65.936295
C05 975.002 49.073486
C05 999.976 30.192167
C05 1025.028 14.105031
C05 1050.014 5.6542654
C05 1075.002 3.1811216
C05 1099.99 2.261224
C03 319.994 50.265343
C03 324.969 50.509914
C03 349.982 53.806877
C03 374.975 65.67733
C03 400.019 79.46529
C03 424.965 82.52774
C03 450.035 83.47108
C03 475.003 83.9384
C03 500.018 84.42232
C03 525.002 84.52495
C03 550.029 86.32249
C03 575.023 87.77319
C03 599.982 89.21493
C03 619.997 90.903206
C03 624.979 91.0579
C03 650.012 92.66473
C03 675.004 94.073074
C03 700.03 95.20582
C03 725.012 96.347885
C03 750.022 97.64196
C03 774.987 99.58315
C03 799.976 99.52489
C03 824.988 99.485825
C03 850.022 98.309204
C03 869.967 96.08838
C03 875.002 95.389626
C03 899.999 88.97569
C03 919.999 81.76413
C03 925.012 78.504875
C03 949.965 65.8938
C03 975.002 49.143726
C03 999.976 30.144098
C03 1025.028 14.128271
C03 1050.014 5.5498986
C03 1075.002 3.1324754
C03 1099.99 2.2520914
C07 319.994 50.73322
C07 324.969 50.776966
C07 349.982 53.43405
C07 374.975 65.380135
C07 400.019 79.79152
C07 424.965 83.252426
C07 450.035 84.30489
C07 475.003 84.714645
C07 500.018 85.093185
C07 525.002 85.07513
C07 550.029 86.79697
C07 575.023 88.19516
C07 599.982 89.6068
C07 619.997 91.29486
C07 624.979 91.4485
C07 650.012 93.063896
C07 675.004 94.49859
C07 700.03 95.63203
C07 725.012 96.72927
C07 750.022 97.938896
C07 774.987 99.80769
C07 799.976 99.75489
C07 824.988 99.79245
C07 850.022 98.63522
C07 869.967 96.522705
C07 875.002 95.87041
C07 899.999 89.91031
C07 919.999 82.75041
C07 925.012 79.40187
C07 949.965 66.093185
C07 975.002 49.019855
C07 999.976 30.410149
C07 1025.028 14.248966
C07 1050.014 5.8138986
C07 1075.002 3.2182102
C07 1099.99 2.2481217
C01 319.994 50.111797
C01 324.969 50.43998
C01 349.982 54.00317
C01 374.975 65.89266
C01 400.019 79.47165
C01 424.965 82.40414
C01 450.035 83.32061
C01 475.003 83.8269
C01 500.018 84.36751
C01 525.002 84.52463
C01 550.029 86.362114
C01 575.023 87.837204
C01 599.982 89.28419
C01 619.997 90.97247
C01 624.979 91.11932
C01 650.012 92.713745
C01 675.004 94.10381
C01 700.03 95.21289
C01 725.012 96.321846
C01 750.022 97.57613
C01 774.987 99.47647
C01 799.976 99.394394
C01 824.988 99.35645
C01 850.022 98.1826
C01 869.967 95.96501
C01 875.002 95.26389
C01 899.999 88.86734
C01 919.999 81.72465
C01 925.012 78.48748
C01 949.965 65.90142
C01 975.002 49.16861
C01 999.976 30.09864
C01 1025.028 14.080803
C01 1050.014 5.5786104
C01 1075.002 3.1278162
C01 1099.99 2.246956
C11 319.994 50.059216
C11 324.969 50.16833
C11 349.982 53.01822
C11 374.975 64.88473
C11 400.019 79.095
C11 424.965 82.463135
C11 450.035 83.493286
C11 475.003 83.898605
C11 500.018 84.285774
C11 525.002 84.30824
C11 550.029 86.05037
C11 575.023 87.48017
C11 599.982 88.91459
C11 619.997 90.60736
C11 624.979 90.76085
C11 650.012 92.37545
C11 675.004 93.796364
C11 700.03 94.92433
C11 725.012 96.05014
C11 750.022 97.248245
C11 774.987 99.113655
C11 799.976 99.057175
C11 824.988 99.11931
C11 850.022 97.95988
C11 869.967 95.69297
C11 875.002 94.9872
C11 899.999 88.56217
C11 919.999 81.39991
C11 925.012 78.204185
C11 949.965 65.8565
C11 975.002 49.483967
C11 999.976 30.29152
C11 1025.028 14.242018
C11 1050.014 5.59078
C11 1075.002 3.1367054
C11 1099.99 2.2489507
C10 319.994 49.95883
C10 324.969 50.017612
C10 349.982 52.670723
C10 374.975 64.5104
C10 400.019 79.032425
C10 424.965 82.569016
C10 450.035 83.61745
C10 475.003 83.980644
C10 500.018 84.35449
C10 525.002 84.39596
C10 550.029 86.19781
C10 575.023 87.70192
C10 599.982 89.20166
C10 619.997 90.932014
C10 624.979 91.090294
C10 650.012 92.74301
C10 675.004 94.193405
C10 700.03 95.34353
C10 725.012 96.47926
C10 750.022 97.665054
C10 774.987 99.526855
C10 799.976 99.472984
C10 824.988 99.5392
C10 850.022 98.35185
C10 869.967 96.038025
C10 875.002 95.333
C10 899.999 89.03165
C10 919.999 82.06233
C10 925.012 78.852646
C10 949.965 66.14442
C10 975.002 49.465275
C10 999.976 30.332731
C10 1025.028 14.162539
C10 1050.014 5.600204
C10 1075.002 3.1136315
C10 1099.99 2.2250507
C14 319.994 50.047993
C14 324.969 50.3154
C14 349.982 53.700893
C14 374.975 65.59355
C14 400.019 79.366554
C14 424.965 82.41459
C14 450.035 83.36705
C14 475.003 83.83582
C14 500.018 84.31396
C14 525.002 84.42924
C14 550.029 86.22726
C14 575.023 87.68498
C14 599.982 89.131096
C14 619.997 90.81998
C14 624.979 90.972885
C14 650.012 92.58572
C14 675.004 93.98833
C14 700.03 95.11655
C14 725.012 96.28499
C14 750.022 97.55791
C14 774.987 99.49933
C14 799.976 99.446396
C14 824.988 99.44944
C14 850.022 98.32781
C14 869.967 96.12715
C14 875.002 95.43865
C14 899.999 89.0168
C14 919.999 81.61803
C14 925.012 78.29238
C14 949.965 65.89029
C14 975.002 49.467686
C14 999.976 30.213547
C14 1025.028 14.222771
C14 1050.014 5.564164
C14 1075.002 3.1251695
C14 1099.99 2.2549455
C15 319.994 49.94322
C15 324.969 50.256077
C15 349.982 53.76855
C15 374.975 65.620255
C15 400.019 79.2454
C15 424.965 82.20666
C15 450.035 83.12608
C15 475.003 83.60105
C15 500.018 84.11373
C15 525.002 84.26215
C15 550.029 86.098625
C15 575.023 87.587456
C15 599.982 89.05312
C15 619.997 90.75606
C15 624.979 90.909546
C15 650.012 92.52102
C15 675.004 93.92341
C15 700.03 95.05089
C15 725.012 96.21645
C15 750.022 97.48581
C15 774.987 99.424446
C15 799.976 99.3609
C15 824.988 99.36024
C15 850.022 98.242744
C15 869.967 96.07046
C15 875.002 95.39348
C15 899.999 88.98567
C15 919.999 81.604996
C15 925.012 78.28496
C15 949.965 65.86833
C15 975.002 49.379784
C15 999.976 30.178438
C15 1025.028 14.235567
C15 1050.014 5.5850306
C15 1075.002 3.1309414
C15 1099.99 2.253079
C04 319.994 50.412968
C04 324.969 50.598648
C04 349.982 53.711258
C04 374.975 65.585495
C04 400.019 79.508385
C04 424.965 82.67468
C04 450.035 83.65161
C04 475.003 84.098564
C04 500.018 84.54693
C04 525.002 84.613815
C04 550.029 86.37115
C04 575.023 87.78809
C04 599.982 89.21162
C04 619.997 90.89169
C04 624.979 91.04624
C04 650.012 92.652115
C04 675.004 94.060135
C04 700.03 95.19128
C04 725.012 96.32075
C04 750.022 97.602715
C04 774.987 99.528435
C04 799.976 99.47317
C04 824.988 99.454254
C04 850.022 98.26524
C04 869.967 96.08147
C04 875.002 95.38638
C04 899.999 89.030754
C04 919.999 81.86121
C04 925.012 78.59694
C04 949.965 65.94944
C04 975.002 49.1543
C04 999.976 30.188633
C04 1025.028 14.1331415
C04 1050.014 5.578429
C04 1075.002 3.1532762
C04 1099.99 2.2585924
C06 319.994 50.534065
C06 324.969 50.62042
C06 349.982 53.42126
C06 374.975 65.31968
C06 400.019 79.48305
C06 424.965 82.82567
C06 450.035 83.8633
C06 475.003 84.29898
C06 500.018 84.68993
C06 525.002 84.67877
C06 550.029 86.373276
C06 575.023 87.7328
C06 599.982 89.11794
C06 619.997 90.77958
C06 624.979 90.9263
C06 650.012 92.519684
C06 675.004 93.93226
C06 700.03 95.05137
C06 725.012 96.1482
C06 750.022 97.363655
C06 774.987 99.238396
C06 799.976 99.17828
C06 824.988 99.197876
C06 850.022 98.01305
C06 869.967 95.91858
C06 875.002 95.23754
C06 899.999 89.16529
C06 919.999 82.10757
C06 925.012 78.811226
C06 949.965 65.85609
C06 975.002 48.879536
C06 999.976 30.160143
C06 1025.028 14.120001
C06 1050.014 5.7464485
C06 1075.002 3.2079957
C06 1099.99 2.2584598
C02 319.994 50.21925
C02 324.969 50.509655
C02 349.982 53.948864
C02 374.975 65.798584
C02 400.019 79.42612
C02 424.965 82.39077
C02 450.035 83.315605
C02 475.003 83.8045
C02 500.018 84.321884
C02 525.002 84.455345
C02 550.029 86.27274
C02 575.023 87.737175
C02 599.982 89.18122
C02 619.997 90.871254
C02 624.979 91.02339
C02 650.012 92.62916
C02 675.004 94.02869
C02 700.03 95.15479
C02 725.012 96.29591
C02 750.022 97.58497
C02 774.987 99.52771
C02 799.976 99.46316
C02 824.988 99.42398
C02 850.022 98.25461
C02 869.967 96.03745
C02 875.002 95.3397
C02 899.999 88.90432
C02 919.999 81.71832
C02 925.012 78.4705
C02 949.965 65.918175
C02 975.002 49.192318
C02 999.976 30.149454
C02 1025.028 14.11819
C02 1050.014 5.5719934
C02 1075.002 3.1335576
C02 1099.99 2.2528043
C12 319.994 50.128475
C12 324.969 50.28572
C12 349.982 53.30157
C12 374.975 65.185715
C12 400.019 79.24533
C12 424.965 82.50467
C12 450.035 83.517876
C12 475.003 83.953575
C12 500.018 84.36596
C12 525.002 84.41471
C12 550.029 86.15659
C12 575.023 87.57256
C12 599.982 88.9979
C12 619.997 90.68284
C12 624.979 90.834946
C12 650.012 92.44052
C12 675.004 93.85394
C12 700.03 94.97944
C12 725.012 96.12639
C12 750.022 97.34582
C12 774.987 99.24361
C12 799.976 99.19217
C12 824.988 99.24028
C12 850.022 98.10749
C12 869.967 95.8714
C12 875.002 95.17075
C12 899.999 88.72249
C12 919.999 81.41518
C12 925.012 78.16472
C12 949.965 65.91122
C12 975.002 49.639496
C12 999.976 30.358807
C12 1025.028 14.264252
C12 1050.014 5.5922465
C12 1075.002 3.1406877
C12 1099.99 2.2590406
C17 319.994 49.34587
C17 324.969 49.69575
C17 349.982 53.319317
C17 374.975 65.28125
C17 400.019 79.07429
C17 424.965 82.16617
C17 450.035 83.12433
C17 475.003 83.61697
C17 500.018 84.17439
C17 525.002 84.35991
C17 550.029 86.25821
C17 575.023 87.77044
C17 599.982 89.22537
C17 619.997 90.904015
C17 624.979 91.060936
C17 650.012 92.64045
C17 675.004 94.01188
C17 700.03 95.09027
C17 725.012 96.15836
C17 750.022 97.30772
C17 774.987 99.12635
C17 799.976 99.03095
C17 824.988 99.041336
C17 850.022 97.938934
C17 869.967 95.79904
C17 875.002 95.14375
C17 899.999 88.871605
C17 919.999 81.54138
C17 925.012 78.20714
C17 949.965 65.551384
C17 975.002 49.244835
C17 999.976 30.11704
C17 1025.028 14.141315
C17 1050.014 5.5915575
C17 1075.002 3.1029813
C17 1099.99 2.2401233
C00 319.994 49.50223
C00 324.969 49.83326
C00 349.982 53.38326
C00 374.975 65.355354
C00 400.019 79.20489
C00 424.965 82.32596
C00 450.035 83.30062
C00 475.003 83.80146
C00 500.018 84.35462
C00 525.002 84.54617
C00 550.029 86.44285
C00 575.023 87.93426
C00 599.982 89.36596
C00 619.997 91.03562
C00 624.979 91.18024
C00 650.012 92.75393
C00 675.004 94.12558
C00 700.03 95.20274
C00 725.012 96.24712
C00 750.022 97.41336
C00 774.987 99.23405
C00 799.976 99.12992
C00 824.988 99.12586
C00 850.022 97.95738
C00 869.967 95.744804
C00 875.002 95.05613
C00 899.999 88.69496
C00 919.999 81.59097
C00 925.012 78.37969
C00 949.965 65.795815
C00 975.002 49.19525
C00 999.976 30.105782
C00 1025.028 14.022478
C00 1050.014 5.577773
C00 1075.002 3.1035743
C00 1099.99 2.2384415
C13 319.994 50.207447
C13 324.969 50.40625
C13 349.982 53.564266
C13 374.975 65.439865
C13 400.019 79.34902
C13 424.965 82.507256
C13 450.035 83.49188
C13 475.003 83.94367
C13 500.018 84.38839
C13 525.002 84.460236
C13 550.029 86.22632
C13 575.023 87.65087
C13 599.982 89.08002
C13 619.997 90.76433
C13 624.979 90.91632
C13 650.012 92.521965
C13 675.004 93.93156
C13 700.03 95.06249
C13 725.012 96.22058
C13 750.022 97.48067
C13 774.987 99.407326
C13 799.976 99.35974
C13 824.988 99.39264
C13 850.022 98.27203
C13 869.967 96.06227
C13 875.002 95.36847
C13 899.999 88.94034
C13 919.999 81.56337
C13 925.012 78.27018
C13 949.965 65.96096
C13 975.002 49.63987
C13 999.976 30.337364
C13 1025.028 14.257329
C13 1050.014 5.5841637
C13 1075.002 3.1340816
C13 1099.99 2.2604275
