lsstCam/transmission_filter_detector/r13_s10/r_57/19700101T000000.ecsv
# %ECSV 1.0
# ---
# datatype:
# - {name: wavelength, unit: nm, datatype: float32}
# - {name: efficiency, unit: '%', datatype: float64}
# meta: !!omap
# - {MODE: DETECTOR}
# - {TYPE: transmission_filter_detector}
# - {CALIBDATE: '1970-01-01T00:00:00'}
# - {INSTRUME: LSSTCam}
# - {OBSTYPE: transmission_filter_detector}
# - {CALIBCLS: lsst.ip.isr.IntermediateFilterDetectorTransmissionCurve}
# - {SOURCE: Materion (DM-46256)}
# - {DETECTOR: 57}
# - {FILTER: r_57}
# - {CALIB_ID: 'calibDate=1970-01-01T00:00:00 filter=r_57 detector=57'}
# - {DATE: '2025-04-02T15:59:44.447712'}
# - {CALIB_CREATION_DATE: '2025-04-02'}
# - {CALIB_CREATION_TIME: '15:59:44'}
# - __serialized_columns__:
#     efficiency:
#       __class__: astropy.units.quantity.Quantity
#       unit: !astropy.units.Unit {unit: '%'}
#       value: !astropy.table.SerializedColumn {name: efficiency}
#     wavelength:
#       __class__: astropy.units.quantity.Quantity
#       unit: !astropy.units.Unit {unit: nm}
#       value: !astropy.table.SerializedColumn {name: wavelength}
# schema: astropy-2.0
wavelength efficiency
[from data line 603]
903.0 1.5838071956361666e-10
904.0 1.5838071956361666e-10
905.0 3.6050928997610754e-05
906.0 1.5838071956361666e-10
907.0 1.5838071956361666e-10
908.0 1.5838071956361666e-10
909.0 1.5838071956361666e-10
910.0 1.5838071956361666e-10
911.0 1.5838071956361666e-10
912.0 1.5838071956361666e-10
913.0 1.5838071956361666e-10
914.0 1.5838071956361666e-10
915.0 0.00010781561741168844
916.0 5.34032608356938e-05
917.0 1.5838071956361666e-10
918.0 7.033881956886034e-05
919.0 0.0001416866666659189
920.0 3.7906670513621066e-05
921.0 1.5838071956361666e-10
922.0 6.588632572857023e-05
923.0 0.00019764599983318476
924.0 0.00021298117189871846
925.0 0.00022831634396425216
926.0 0.00017271305523536284
927.0 0.0001171097778751573
928.0 0.00012786073284587474
929.0 0.00013861166507922462
930.0 0.00022711330984748201
931.0 0.00031561494324705563
932.0 0.00013498880662154988
933.0 1.5838071956361666e-10
934.0 0.0001174865928987856
935.0 0.00028061044758942444
936.0 0.00024672895051480737
937.0 0.00021284747617755784
938.0 0.00025649642338976264
939.0 0.00030014541607670253
940.0 0.0003114216497124289
941.0 0.00032269786061078776
942.0 0.00038878401937836315
943.0 0.00045487017814593855
944.0 0.0003676371079563978
945.0 0.0002804040605042246
946.0 0.00031841120744502405
947.0 0.00035641828617372084
948.0 0.00043524446482479107
949.0 0.0005140706889505964
950.0 0.0005131214038556209
951.0 0.0005121721187606454
952.0 0.0006883688456582604
953.0 0.0008645657544548158
954.0 0.0011434521184128243
955.0 0.0014223388461687136
956.0 0.001489585338276811
957.0 0.0015568319213343784
958.0 0.001706816146906931
959.0 0.0018568007362773642
960.0 0.001983800029847771
961.0 0.0021107996872160584
962.0 0.0022971209546085447
963.0 0.0024834424038999714
964.0 0.0025080111299757846
965.0 0.0025325793103547767
966.0 0.002511432467144914
967.0 0.0024902858058339916
968.0 0.002454979949106928
969.0 0.0024196742742788047
970.0 0.002528837285353802
971.0 0.0026380008421256207
972.0 0.002650680471560918
973.0 0.002663359737198334
974.0 0.0028854134143330157
975.0 0.003107466909568757
976.0 0.0031774965464137495
977.0 0.0032475258194608614
978.0 0.0031444542401004583
979.0 0.003041382660740055
980.0 0.0029448570785461925
981.0 0.00284833149635233
982.0 0.0029514802008634433
983.0 0.0030546292691724375
984.0 0.002987236439366825
985.0 0.0029198437914601527
986.0 0.002836145904439036
987.0 0.0027524481993168592
988.0 0.0025827182980719954
989.0 0.002412988578726072
990.0 0.002443080120428931
991.0 0.0024731718440307304
992.0 0.002506595410523005
993.0 0.0025400195227121003
994.0 0.002621696148707997
995.0 0.0027033722290070727
996.0 0.002752162436081562
997.0 0.0028009520974592306
998.0 0.0029636363251484
999.0 0.0031263207347365096
1000.0 0.0032623527658870444
1001.0 0.00339838516083546
1002.0 0.0035983845009468496
1003.0 0.0037983838410582393
1004.0 0.003921943789464422
1005.0 0.004045503374072723
1006.0 0.004230668128002435
1007.0 0.0044158332457300276
1008.0 0.004336306665209122
1009.0 0.004256779720890336
1010.0 0.004245309173711576
1011.0 0.004233838990330696
1012.0 0.004198994065518491
1013.0 0.004164149140706286
1014.0 0.003902263051713817
1015.0 0.0036403762351255864
1016.0 0.003484953413135372
1017.0 0.0033295309549430385
1018.0 0.00293026641884353
1019.0 0.0025310022465419024
1020.0 0.0021841338821104728
1021.0 0.0018372656995779835
1022.0 0.001613643325981684
1023.0 0.0013900205885875039
1024.0 0.0014479455785476603
1025.0 0.0015058706594572868
1026.0 0.0013693920664081816
1027.0 0.001232913291460136
1028.0 0.0011158431334479246
1029.0 0.000998772793536773
1030.0 0.0009349082574772183
1031.0 0.0008710430847713724
1032.0 0.00087267317212536
1033.0 0.0008743030775804073
1034.0 0.0008278563655039761
1035.0 0.0007814094715286046
1036.0 0.0008404813343076967
1037.0 0.000899552833288908
1038.0 0.0007911828106443863
1039.0 0.0006828128334745998
1040.0 0.000730468718757038
1041.0 0.0007781245585647412
1042.0 0.0009110826795222238
1043.0 0.0010440403457323555
1044.0 0.0009557004887028597
1045.0 0.0008673609954712447
1046.0 0.0008375645847991109
1047.0 0.0008077683560259175
1048.0 0.0007040754553599982
1049.0 0.0006003825546940789
1050.0 0.0006297912477748469
1051.0 0.0006591998953808798
1052.0 0.0009821542334975675
1053.0 0.0013051080713921692
1054.0 0.0010252950232825242
1055.0 0.000745481884223409
1056.0 0.0008418390279985033
1057.0 0.000938196353672538
1058.0 0.0008508310202159919
1059.0 0.0007634660505573265
1060.0 0.0011161233487655409
1061.0 0.0014687801922264043
1062.0 0.0015513280231971294
1063.0 0.0016338759451173246
1064.0 0.0011383018318156246
1065.0 0.0006427274456655141
1066.0 0.0010617737643769942
1067.0 0.0014808201740379445
1068.0 0.0017300508261541836
1069.0 0.0019792809325736016
1070.0 0.0014155344615573995
1071.0 0.0008517878995917272
1072.0 0.0012308995792409405
1073.0 0.001610011349839624
1074.0 0.002280430453538429
1075.0 0.0029508497391361743
1076.0 0.0030975737900007516
1077.0 0.0032442982046632096
1078.0 0.003769587056012824
1079.0 0.004294875907362439
1080.0 0.004321750020608306
1081.0 0.004348623770056292
1082.0 0.00407887200708501
1083.0 0.0038091198803158477
1084.0 0.004337801510700956
1085.0 0.004866482413490303
1086.0 0.004860337503487244
1087.0 0.004854192957282066
1088.0 0.004913613884127699
1089.0 0.004973035174771212
1090.0 0.004883690780843608
1091.0 0.004794346023118123
1092.0 0.004190732215647586
1093.0 0.003587118408177048
1094.0 0.004246101161697879
1095.0 0.00490508355142083
1096.0 0.0037414542020997033
1097.0 0.0025778243070817553
1098.0 0.0018201566490461119
1099.0 0.001062489263858879
1100.0 0.0014230921806301922
1101.0 0.0017836948245530948
