lsstCam/transmission_filter_detector/r13_s10/r_57/19700101T000000.ecsv
# %ECSV 1.0
# ---
# datatype:
# - {name: wavelength, unit: nm, datatype: float32}
# - {name: efficiency, unit: '%', datatype: float64}
# meta: !!omap
# - {MODE: DETECTOR}
# - {TYPE: transmission_filter_detector}
# - {CALIBDATE: '1970-01-01T00:00:00'}
# - {INSTRUME: LSSTCam}
# - {OBSTYPE: transmission_filter_detector}
# - {CALIBCLS: lsst.ip.isr.IntermediateFilterDetectorTransmissionCurve}
# - {SOURCE: Materion (DM-46256)}
# - {DETECTOR: 57}
# - {FILTER: r_57}
# - {CALIB_ID: 'calibDate=1970-01-01T00:00:00 filter=r_57 detector=57'}
# - {DATE: '2025-04-02T15:59:44.447712'}
# - {CALIB_CREATION_DATE: '2025-04-02'}
# - {CALIB_CREATION_TIME: '15:59:44'}
# - __serialized_columns__:
#     efficiency:
#       __class__: astropy.units.quantity.Quantity
#       unit: !astropy.units.Unit {unit: '%'}
#       value: !astropy.table.SerializedColumn {name: efficiency}
#     wavelength:
#       __class__: astropy.units.quantity.Quantity
#       unit: !astropy.units.Unit {unit: nm}
#       value: !astropy.table.SerializedColumn {name: wavelength}
# schema: astropy-2.0
wavelength efficiency
300.0 0.0018643266230355948
301.0 0.005414494444266893
302.0 0.008964662265498191
303.0 0.010762408055597916
304.0 0.012560155300889164
305.0 0.01146855647675693
306.0 0.01037695910781622
307.0 0.0088902932475321
308.0 0.007403628114843741
309.0 0.006615275924559683
310.0 0.0058269233704777434
311.0 0.005271149711916223
312.0 0.004715374961961061
313.0 0.004376188007881865
314.0 0.004037001053802669
315.0 0.0037084286304889247
316.0 0.003379855479579419
317.0 0.0031990748539101332
318.0 0.003018294410139788
319.0 0.002923616011685226
320.0 0.0028289381589274853
321.0 0.0025838413421297446
322.0 0.002338744161534123
323.0 0.0023184506062534638
324.0 0.0022981566871749237
325.0 0.002231751204817556
326.0 0.0021653460862580687
327.0 0.0022831423848401755
328.0 0.0024009386834222823
329.0 0.002386798405495938
330.0 0.0023726581275695935
331.0 0.0022883610654389486
332.0 0.0022040640033083037
333.0 0.002063443753286265
334.0 0.0019228233213652857
335.0 0.0016198964658542536
336.0 0.0013169696103432216
337.0 0.0012159749530837871
338.0 0.0011149802958243527
339.0 0.0010062442925118376
340.0 0.0008975084710982628
341.0 0.00087338112280122
342.0 0.0008492538654536474
343.0 0.0007809291673765983
344.0 0.0007126046057237545
345.0 0.0007154572813306004
346.0 0.0007183100478869164
347.0 0.0006918373856024118
348.0 0.0006653646778431721
349.0 0.0007360684776358539
350.0 0.005675083230016753
351.0 0.0056420263717882335
352.0 0.005608969513559714
353.0 0.00508380908286199
354.0 0.004558649015962146
355.0 0.004876291859545745
356.0 0.005193935430725105
357.0 0.006730660243192688
358.0 0.00826738541945815
359.0 0.006103280975366943
360.0 0.003939176531275734
361.0 0.002586200207588263
362.0 0.0012332237929513212
363.0 0.002262632187921554
364.0 0.0032920404919423163
365.0 0.0037288558814907447
366.0 0.004165671634837054
367.0 0.0035599146940512583
368.0 0.002954157753265463
369.0 0.0022677053493680432
370.0 0.0015812527635716833
371.0 0.00193185933312634
372.0 0.002282466084579937
373.0 0.002729200423345901
374.0 0.0031759343983139843
375.0 0.0028937540264450945
376.0 0.002611573836475145
377.0 0.0010549100807111245
378.0 1.5838071956361666e-10
379.0 0.0006063914952392224
380.0 0.001714536665531341
381.0 0.002545991083025001
382.0 0.003377446046215482
383.0 0.0032901687518460676
384.0 0.003202891821274534
385.0 0.004170677129877731
386.0 0.005138462074683048
387.0 0.004738525240099989
388.0 0.00433858840551693
389.0 0.0036362584069138393
390.0 0.0029339276807149872
391.0 0.0022391308448277414
392.0 0.0015443340089404956
393.0 0.0014796311916143168
394.0 0.0014149281923891976
395.0 0.0010563793694018386
396.0 0.0006978306373639498
397.0 0.0006710637080686865
398.0 0.0006442971880460391
399.0 0.0005776001216872828
400.0 0.0005109026915306458
401.0 0.00016002562688299804
402.0 1.5838071956361666e-10
403.0 1.5838071956361666e-10
404.0 0.00016214124798352714
405.0 0.0006150556146167219
406.0 0.0010679697879822925
407.0 0.0016438860257039778
408.0 0.0022198020815267228
409.0 0.001720185173326172
410.0 0.0012205680832266808
411.0 0.0008817298294161446
412.0 0.0005428915756056085
413.0 0.0005944288204773329
414.0 0.0006459660653490573
415.0 0.0007065631052682875
416.0 0.0007671605089853983
417.0 0.0012923716894874815
418.0 0.0018175833247369155
419.0 0.0022329051716951653
420.0 0.002648227018653415
421.0 0.003949659367208369
422.0 0.005251091715763323
423.0 0.008029256423469633
424.0 0.0108074200397823
425.0 0.014938980166334659
426.0 0.01907053665490821
427.0 0.019793504907283932
428.0 0.0205164760700427
429.0 0.015668015112169087
430.0 0.010819556337082759
431.0 0.00773465508245863
432.0 0.004649752372642979
433.0 0.0036611261748475954
434.0 0.002672499613254331
435.0 0.002173672146454919
436.0 0.0016748441339586861
437.0 0.0014306599950941745
438.0 0.0011864761290780734
439.0 0.0009905120350595098
440.0 0.0007945479410409462
441.0 0.0011170116522407625
442.0 0.0014394752724911086
443.0 0.0017401811419404112
444.0 0.002040887193288654
445.0 0.0019745546524063684
446.0 0.0019082219296251424
447.0 0.0016850925021572039
448.0 0.0014619632565882057
449.0 0.0013109346582496073
450.0 0.001159905605163658
451.0 0.0013310079339134973
452.0 0.0015021102626633365
453.0 0.0014928288692317437
454.0 0.0014835475667496212
455.0 0.0013497875443135854
456.0 0.0012160278856754303
457.0 0.0009015690011437982
458.0 0.0005871102985111065
459.0 0.0007580550573038636
460.0 0.0009289997251471505
461.0 0.001561718454468064
462.0 0.002194436819991097
463.0 0.0028106931495130993
464.0 0.003426949479035102
465.0 0.00447142228949815
466.0 0.005515894736163318
467.0 0.00614525270066224
468.0 0.006774611392756924
469.0 0.005827707354910672
470.0 0.004880804772255942
471.0 0.0037201549275778234
472.0 0.002559505264798645
473.0 0.0021377367374952883
474.0 0.0017159676644951105
475.0 0.0014178682249621488
476.0 0.0011197690582775977
477.0 0.0009184111149806995
478.0 0.000717052989784861
479.0 0.0009180081178783439
480.0 0.0011189630640728865
481.0 0.0008567420991312247
482.0 0.0005945213615632383
483.0 0.0006224234311957844
484.0 0.0006503254098788602
485.0 0.0006023718924552668
486.0 0.0005544182840822032
487.0 0.000577546870772494
488.0 0.0006006753665133147
489.0 0.0006050526280887425
490.0 0.0006094298896641703
491.0 0.0007225167792057618
492.0 0.0008356036232726183
493.0 0.0009466606570640579
494.0 0.0010577177818049677
495.0 0.0009376005436934065
496.0 0.0008174833055818453
497.0 0.0010302875125489663
498.0 0.001243091537617147
499.0 0.001246081774297636
500.0 0.0012490721019275952
501.0 0.0014376038961927406
502.0 0.0016261359633062966
503.0 0.0019466049707261845
504.0 0.002267074160045013
505.0 0.0027373618650017306
506.0 0.003207649933756329
507.0 0.0038578655221499503
508.0 0.004508080746745691
509.0 0.005020371827413328
510.0 0.0055326614528894424
511.0 0.004933968739351258
512.0 0.0043352752982173115
513.0 0.003725644273799844
514.0 0.0031160132493823767
515.0 0.00294339370157104
516.0 0.0027707743356586434
517.0 0.0024982708055176772
518.0 0.002225767275376711
519.0 0.06233889143913984
520.0 0.08150794310495257
521.0 0.08637530263513327
522.0 0.10119011858478189
523.0 0.09557428420521319
524.0 0.10870979167521
525.0 0.0646282103843987
526.0 0.14725615037605166
527.0 0.13126207049936056
528.0 0.0921124592423439
529.0 0.1618261099793017
530.0 0.09385859011672437
531.0 0.1866149017587304
532.0 0.215747463516891
533.0 0.26401192881166935
534.0 0.29059438966214657
535.0 0.38130548782646656
536.0 0.5899964366108179
537.0 0.7261828053742647
538.0 1.1080924421548843
539.0 1.7134437337517738
540.0 2.9124530032277107
541.0 4.437387362122536
542.0 6.519445031881332
543.0 9.251145273447037
544.0 12.697288393974304
545.0 16.48404449224472
546.0 21.04470580816269
547.0 26.831898093223572
548.0 34.2426061630249
549.0 42.08365976810455
550.0 49.14444088935852
551.0 56.87154531478882
552.0 62.81968355178833
553.0 68.36773157119751
554.0 72.74836301803589
555.0 77.08086371421814
556.0 81.07989430427551
557.0 84.08656120300293
558.0 87.47637867927551
559.0 90.76244235038757
560.0 91.695237159729
561.0 93.8053846359253
562.0 94.60769295692444
563.0 94.5172369480133
564.0 95.01611590385437
565.0 94.86439824104309
566.0 95.48768997192383
567.0 94.991934299469
568.0 95.10538578033447
569.0 95.90003490447998
570.0 95.0429379940033
571.0 96.36390805244446
572.0 96.15216851234436
573.0 96.0250735282898
574.0 96.80895805358887
575.0 96.40344977378845
576.0 96.97715640068054
577.0 96.7610776424408
578.0 96.36260271072388
579.0 96.63119316101074
580.0 96.06359004974365
581.0 96.0804283618927
582.0 96.20363712310791
583.0 96.43667340278625
584.0 95.71815729141235
585.0 96.08327746391296
586.0 96.21925950050354
587.0 95.8233892917633
588.0 96.06081247329712
589.0 96.90736532211304
590.0 96.20681405067444
591.0 95.58053016662598
592.0 95.5827534198761
593.0 95.19169926643372
594.0 95.40508985519409
595.0 96.03040218353271
596.0 96.29512429237366
597.0 96.71321511268616
598.0 96.45113348960876
599.0 96.30768895149231
600.0 96.33806943893433
601.0 95.62638401985168
602.0 96.30103707313538
603.0 95.94302177429199
604.0 95.90534567832947
605.0 96.2553083896637
606.0 95.61225771903992
607.0 95.59215307235718
608.0 95.9343671798706
609.0 95.22430300712585
610.0 95.50145864486694
611.0 95.35362124443054
612.0 95.55308818817139
613.0 96.48634195327759
614.0 96.38301134109497
615.0 95.75572609901428
616.0 95.97734808921814
617.0 95.75944542884827
618.0 95.76895833015442
619.0 96.76555395126343
620.0 95.9549605846405
621.0 95.07712721824646
622.0 96.21821641921997
623.0 96.04558944702148
624.0 96.05925679206848
625.0 96.46021127700806
626.0 95.76472043991089
627.0 94.66491937637329
628.0 96.63195610046387
629.0 95.18551826477051
630.0 95.80055475234985
631.0 95.65006494522095
632.0 96.58677577972412
633.0 96.11449241638184
634.0 95.19944787025452
635.0 95.81131935119629
636.0 95.70707082748413
637.0 95.13329863548279
638.0 95.41509747505188
639.0 95.16222476959229
640.0 95.21687626838684
641.0 95.3228235244751
642.0 95.7958459854126
643.0 95.60341835021973
644.0 95.3773021697998
645.0 95.83673477172852
646.0 95.69374918937683
647.0 96.87206745147705
648.0 96.0096538066864
649.0 95.86102962493896
650.0 95.96190452575684
651.0 96.72828912734985
652.0 96.72954678535461
653.0 95.62015533447266
654.0 96.20329737663269
655.0 96.3316261768341
656.0 95.34450769424438
657.0 95.5456018447876
658.0 95.86817622184753
659.0 96.10301852226257
660.0 95.32283544540405
661.0 95.28603553771973
662.0 95.45548558235168
663.0 95.51123380661011
664.0 95.13949155807495
665.0 94.81370449066162
666.0 95.15094757080078
667.0 95.653235912323
668.0 94.7408378124237
669.0 95.33910751342773
670.0 95.30702829360962
671.0 95.53854465484619
672.0 95.23784518241882
673.0 95.11160254478455
674.0 94.6032464504242
675.0 95.45283317565918
676.0 94.83975768089294
677.0 93.68030428886414
678.0 93.21240782737732
679.0 92.14582443237305
680.0 91.19903445243835
681.0 90.1253342628479
682.0 88.01454901695251
683.0 85.23706793785095
684.0 81.70492053031921
685.0 78.24562788009644
686.0 74.42549467086792
687.0 69.80252861976624
688.0 65.33336043357849
689.0 60.76940298080444
690.0 55.44195771217346
691.0 51.38137936592102
692.0 46.52329385280609
693.0 42.30392277240753
694.0 37.46436834335327
695.0 32.35969841480255
696.0 27.118846774101257
697.0 22.101040184497833
698.0 16.51284247636795
699.0 12.136813253164291
700.0 8.53874534368515
701.0 5.438881739974022
702.0 3.3752158284187317
703.0 1.9756464287638664
704.0 1.18074556812644
705.0 0.6901135202497244
706.0 0.40314216166734695
707.0 0.30178441666066647
708.0 0.17601546132937074
709.0 0.15250202268362045
710.0 0.09391946368850768
711.0 0.11617982527241111
712.0 0.06746872677467763
713.0 0.03983884525950998
714.0 0.08826855337247252
715.0 0.06789079634472728
716.0 0.016403195331804454
717.0 1.5838071956361666e-10
718.0 0.04673526273109019
719.0 0.06152767455205321
720.0 1.5838071956361666e-10
721.0 0.0045081560529069975
722.0 0.004237280882080086
723.0 0.003966406438848935
724.0 0.0036721499782288447
725.0 0.003377893881406635
726.0 0.0031337964173872024
727.0 0.0028896993171656504
728.0 0.0027710431822924875
729.0 0.002652386683621444
730.0 0.002453594788676128
731.0 0.0022548032575286925
732.0 0.0022576668925466947
733.0 0.0022605307094636373
734.0 0.0021471019863383844
735.0 0.0020336730813141912
736.0 0.0018444665329298005
737.0 0.00165526016644435
738.0 0.0016241814591921866
739.0 0.0015931027519400232
740.0 0.0016031810446293093
741.0 0.0016132597011164762
742.0 0.0014672345969302114
743.0 0.001321209674642887
744.0 0.0013847634363628458
745.0 0.0014483170161838643
746.0 0.0014053433005756233
747.0 0.0013623695849673823
748.0 0.001202947987621883
749.0 0.0010435262083774433
750.0 0.0010581764399830718
751.0 0.0010728271263360512
752.0 0.0011375265785318334
753.0 0.0012022259397781454
754.0 0.0011575653843465261
755.0 0.0011129050108138472
756.0 0.0011035129318770487
757.0 0.0010941204891423695
758.0 0.0011222858120163437
759.0 0.0011504510439408477
760.0 0.0011198345418961253
761.0 0.0010892183126998134
762.0 0.0011059239113819785
763.0 0.0011226297829125542
764.0 0.0010769686014100444
765.0 0.0010313076018064748
766.0 0.0008402780622418504
767.0 0.0006492484772024909
768.0 0.0006483753622887889
769.0 0.0006475021564256167
770.0 0.0007624077170476085
771.0 0.0008773135050432757
772.0 0.0007765634109091479
773.0 0.0006758131348760799
774.0 0.0008103615073196124
775.0 0.000944909879763145
776.0 0.0008801274816505611
777.0 0.0008153451744874474
778.0 0.0008587670890847221
779.0 0.000902189094631467
780.0 0.0007901154276623856
781.0 0.0006780417152185692
782.0 0.0007522737178078387
783.0 0.000826505583972903
784.0 0.0008848439392750151
785.0 0.000943182112678187
786.0 0.0008044022251851857
787.0 0.0006656223831669195
788.0 0.0006735549504810479
789.0 0.0006814876996941166
790.0 0.0007163579539337661
791.0 0.0007512282081734156
792.0 0.0007540321803389816
793.0 0.0007568361525045475
794.0 0.0008303309186885599
795.0 0.0009038253665494267
796.0 0.0007509109764214372
797.0 0.0005979964953439776
798.0 0.0007317084964597598
799.0 0.000865420497575542
800.0 0.0008057310878939461
801.0 0.0007460414963134099
802.0 0.0006618514817091636
803.0 0.000577661239731242
804.0 0.0006961880444578128
805.0 0.0008147148037096485
806.0 0.0007006497980910353
807.0 0.000586584746997687
808.0 0.0007383175670838682
809.0 0.0008900503416953143
810.0 0.000777304740040563
811.0 0.0006645594112342224
812.0 0.0006569507149833953
813.0 0.0006493420187325682
814.0 0.0005490745934366714
815.0 0.0004488071681407746
816.0 0.000605747982262983
817.0 0.0007626887963851914
818.0 0.0006890473741805181
819.0 0.0006154059519758448
820.0 0.00046971904339443427
821.0 0.00032403213481302373
822.0 0.0003959718014812097
823.0 0.00046791151362413075
824.0 0.0004951327809976647
825.0 0.0005223540483711986
826.0 0.0005588109615928261
827.0 0.0005952679202891886
828.0 0.0004467219241632847
829.0 0.0002981759280373808
830.0 0.0001619331555957615
831.0 2.5690394522825954e-05
832.0 2.024735010763834e-05
833.0 1.4804305692450725e-05
834.0 1.5838071956361666e-10
835.0 1.5838071956361666e-10
836.0 0.00023618520117452135
837.0 0.0005376093668019166
838.0 0.0007024645128694829
839.0 0.0008673197044117842
840.0 0.0012070764569216408
841.0 0.0015468331184820272
842.0 0.0019791659724432975
843.0 0.002411499008303508
844.0 0.0022287480533123016
845.0 0.002045997098321095
846.0 0.0018539589291322045
847.0 0.0016619203961454332
848.0 0.0016416342987213284
849.0 0.0016213478374993429
850.0 0.001472027724958025
851.0 0.0013227077943156473
852.0 0.0012580771908687893
853.0 0.001193446405522991
854.0 0.0010234619367111009
855.0 0.00085347710410133
856.0 0.0006828370260336669
857.0 0.0005121970843902091
858.0 0.000580321648158133
859.0 0.0006484461664513219
860.0 0.0005041330496169394
861.0 0.0003598198873078218
862.0 0.0003702132971739047
863.0 0.0003806066615652526
864.0 0.00028088545604987303
865.0 0.0001811642846405448
866.0 0.00012488857237258344
867.0 6.861283736725454e-05
868.0 0.00013862107834938797
869.0 0.00020862926248810254
870.0 6.829632184235379e-05
871.0 1.5838071956361666e-10
872.0 1.5838071956361666e-10
873.0 1.5838071956361666e-10
874.0 1.5838071956361666e-10
875.0 1.5838071956361666e-10
876.0 1.5838071956361666e-10
877.0 1.9236244952480774e-05
878.0 0.0001295204924645077
879.0 0.00023980471723916708
880.0 0.00018285362557435292
881.0 0.00012590249980348744
882.0 0.00013596807093563257
883.0 0.000146033676173829
884.0 1.837223351230932e-05
885.0 1.5838071956361666e-10
886.0 1.5838071956361666e-10
887.0 7.301167102014006e-05
888.0 0.0001623906655368046
889.0 0.000251769665737811
890.0 0.00021403670871222857
891.0 0.00017630371758059482
892.0 3.156113166369323e-05
893.0 1.5838071956361666e-10
894.0 1.5838071956361666e-10
895.0 0.00010946171187242726
896.0 0.00010177012654821738
897.0 9.407859238308447e-05
898.0 9.332885042567796e-05
899.0 9.257910278392956e-05
900.0 2.049587664032515e-05
901.0 1.5838071956361666e-10
