lsstCam/transmission_filter_detector/r30_s11/r_57/19700101T000000.ecsv
# %ECSV 1.0
# ---
# datatype:
# - {name: wavelength, unit: nm, datatype: float32}
# - {name: efficiency, unit: '%', datatype: float64}
# meta: !!omap
# - {MODE: DETECTOR}
# - {TYPE: transmission_filter_detector}
# - {CALIBDATE: '1970-01-01T00:00:00'}
# - {INSTRUME: LSSTCam}
# - {OBSTYPE: transmission_filter_detector}
# - {CALIBCLS: lsst.ip.isr.IntermediateFilterDetectorTransmissionCurve}
# - {SOURCE: Materion (DM-46256)}
# - {DETECTOR: 121}
# - {FILTER: r_57}
# - {CALIB_ID: 'calibDate=1970-01-01T00:00:00 filter=r_57 detector=121'}
# - {DATE: '2025-04-02T15:59:44.742940'}
# - {CALIB_CREATION_DATE: '2025-04-02'}
# - {CALIB_CREATION_TIME: '15:59:44'}
# - __serialized_columns__:
#     efficiency:
#       __class__: astropy.units.quantity.Quantity
#       unit: !astropy.units.Unit {unit: '%'}
#       value: !astropy.table.SerializedColumn {name: efficiency}
#     wavelength:
#       __class__: astropy.units.quantity.Quantity
#       unit: !astropy.units.Unit {unit: nm}
#       value: !astropy.table.SerializedColumn {name: wavelength}
# schema: astropy-2.0
wavelength efficiency
300.0 0.0020070745449629612
301.0 0.006064337867428549
302.0 0.0101216028269846
303.0 0.013502684305422008
304.0 0.016883766511455178
305.0 0.015101306780707091
306.0 0.013318847049959004
307.0 0.011678700684569776
308.0 0.010038555774372071
309.0 0.009198068437399343
310.0 0.008357580372830853
311.0 0.007674606604268774
312.0 0.006991632835706696
313.0 0.006288092845352367
314.0 0.0055845524912001565
315.0 0.005508810863830149
316.0 0.005433067417470738
317.0 0.005138028063811362
318.0 0.004842987618758343
319.0 0.004489147977437824
320.0 0.004135308336117305
321.0 0.0038609672628808767
322.0 0.0035866250982508063
323.0 0.0033675922168185934
324.0 0.003148560062982142
325.0 0.0030918974516680464
326.0 0.003035234840353951
327.0 0.0030758932552998886
328.0 0.0031165513064479455
329.0 0.002995078102685511
330.0 0.002873605626518838
331.0 0.0027994838092126884
332.0 0.002725361628108658
333.0 0.0025303101210738532
334.0 0.002335258250241168
335.0 0.002083436629618518
336.0 0.001831614827096928
337.0 0.001680056084296666
338.0 0.0015284973414964043
339.0 0.00141921291287872
340.0 0.001309928484261036
341.0 0.0012417610378179234
342.0 0.0011735935913748108
343.0 0.0011565083696041256
344.0 0.0011394231478334405
345.0 0.0011005518899764866
346.0 0.0010616806321195327
347.0 0.0010511697837500833
348.0 0.0010406592082290445
349.0 0.0010155632480746135
350.0 0.002781570037768688
351.0 0.005296842937241308
352.0 0.007812115654814988
353.0 0.007284747698577121
354.0 0.006757380469935015
355.0 0.0053377534641185775
356.0 0.00391812645830214
357.0 0.0037560119380941615
358.0 0.0035938988730777055
359.0 0.003451458178460598
360.0 0.0033090174838434905
361.0 0.0030621409678133205
362.0 0.002815264815581031
363.0 0.0027158865123055875
364.0 0.002616508209030144
365.0 0.002169653816963546
366.0 0.001722799424896948
367.0 0.0024086946723400615
368.0 0.003094589919783175
369.0 0.003659775757114403
370.0 0.004224961594445631
371.0 0.003996365921921097
372.0 0.0037677702493965626
373.0 0.0030888386390870437
374.0 0.002409907028777525
375.0 0.001462337331759045
376.0 0.0005147674528416246
377.0 0.0018155540601583198
378.0 0.003116340667475015
379.0 0.0024844170184223913
380.0 0.0018524939150665887
381.0 0.0021617073798552155
382.0 0.002470921026542783
383.0 0.003299442323623225
384.0 0.004127963256905787
385.0 0.004860200715484098
386.0 0.0055924381740624085
387.0 0.005062599666416645
388.0 0.004532761158770882
389.0 0.0033729673305060714
390.0 0.0022131729565444402
391.0 0.0019408782463870011
392.0 0.0016685839000274427
393.0 0.001748317117744591
394.0 0.0018280505173606798
395.0 0.0014624770301452372
396.0 0.0010969034519803245
397.0 0.0008516861271345988
398.0 0.0006064689387130784
399.0 0.0008972286195785273
400.0 0.0011879884368681815
401.0 0.0012427198271325324
402.0 0.0012974513083463535
403.0 0.0012031098776787985
404.0 0.0011087685379607137
405.0 0.0013829951058141887
406.0 0.0016572219465160742
407.0 0.001524893468740629
408.0 0.0013925649000157136
409.0 0.0010477752766746562
410.0 0.000702985789757804
411.0 0.0009693295396573376
412.0 0.001235673244082136
413.0 0.0016323196177836508
414.0 0.002028966264333576
415.0 0.0020438663341337815
416.0 0.002058766949630808
417.0 0.0017053640476660803
418.0 0.0013519611457013525
419.0 0.0019199706002837047
420.0 0.002487979509169236
421.0 0.004000497574452311
422.0 0.005513015275937505
423.0 0.008964019070845097
424.0 0.012415021774359047
425.0 0.016349114594049752
426.0 0.020283210324123502
427.0 0.020440998196136206
428.0 0.02059879043372348
429.0 0.01623993885004893
430.0 0.011881086538778618
431.0 0.008303213689941913
432.0 0.004725340841105208
433.0 0.003877859126077965
434.0 0.003030377956747543
435.0 0.0025452756744925864
436.0 0.00206017357413657
437.0 0.0013706704521609936
438.0 0.0006811674211348873
439.0 0.0008499152500007767
440.0 0.0010186628969677258
441.0 0.0011067873856518418
442.0 0.0011949121471843682
443.0 0.0015292356692953035
444.0 0.0018635590095072985
445.0 0.0016583255273872055
446.0 0.001453092318115523
447.0 0.0013372799912758637
448.0 0.0012214678463351447
449.0 0.0013260420018923469
450.0 0.0014306160665000789
451.0 0.0015213294318527915
452.0 0.0016120426153065637
453.0 0.0016691197743057273
454.0 0.0017261967514059506
455.0 0.0014759027180843987
456.0 0.0012256089576112572
457.0 0.0010757520612969529
458.0 0.0009258949830837082
459.0 0.0010784775440697558
460.0 0.0012310601050558034
461.0 0.001703067755443044
462.0 0.002175075678678695
463.0 0.003146081871818751
464.0 0.004117087883059867
465.0 0.0050992355681955814
466.0 0.006081382525735535
467.0 0.006541091715916991
468.0 0.007000799814704806
469.0 0.006040518564986996
470.0 0.005080237315269187
471.0 0.003824077793979086
472.0 0.0025679184545879252
473.0 0.0018252227164339274
474.0 0.001082526614482049
475.0 0.0008193552275770344
476.0 0.0005561837497225497
477.0 0.0006964156000321964
478.0 0.0008366473593923729
479.0 0.0007467479917977471
480.0 0.0006568485787283862
481.0 0.0006018984549882589
482.0 0.0005469484676723368
483.0 0.0005851532023370964
484.0 0.0006233581189007964
485.0 0.0007149758403102169
486.0 0.0008065937436185777
487.0 0.0005968411642243154
488.0 0.0003870887212542584
489.0 0.0006889499672979582
490.0 0.0009908110769174527
491.0 0.00091209130914649
492.0 0.0008333715413755272
493.0 0.0009261671948479488
494.0 0.0010189629392698407
495.0 0.0010289748388458975
496.0 0.0010389864655735437
497.0 0.0010385713721916545
498.0 0.0010381563697592355
499.0 0.001122153662436176
500.0 0.0012061513189109974
501.0 0.0013059587217867374
502.0 0.001405765851814067
503.0 0.0018226721294922754
504.0 0.0022395777705241926
505.0 0.002746929931163322
506.0 0.0032542819099035114
507.0 0.004058641206938773
508.0 0.004863000867771916
509.0 0.00516524632985238
510.0 0.005467492155730724
511.0 0.005051790867582895
512.0 0.004636089943232946
513.0 0.003913285399903543
514.0 0.0031904808565741405
515.0 0.0029708118745475076
516.0 0.0027511428925208747
517.0 0.0028040012693963945
518.0 0.002856859100575093
519.0 1.6754628283724426e-10
520.0 0.029350293334573507
521.0 0.15368887688964605
522.0 0.09324712445959449
523.0 0.0625132117420435
524.0 0.06946608773432672
525.0 0.0865909329149872
526.0 0.05859666271135211
527.0 0.10423604398965836
528.0 0.13740696012973785
529.0 0.13837780570611358
530.0 0.12805639998987317
531.0 0.20257297437638044
532.0 0.2577331382781267
533.0 0.32312236726284027
534.0 0.38049942813813686
535.0 0.6405445281416178
536.0 0.9201642125844955
537.0 1.3586553744971752
538.0 2.1184777840971947
539.0 3.328878805041313
540.0 5.306408554315567
541.0 7.510074228048325
542.0 10.414396226406097
543.0 14.105500280857086
544.0 18.52848380804062
545.0 23.490244150161743
546.0 29.72210943698883
547.0 36.8063747882843
548.0 45.137378573417664
549.0 53.21761965751648
550.0 59.45611000061035
551.0 66.29354953765869
552.0 70.73837518692017
553.0 75.08959770202637
554.0 79.04617190361023
555.0 82.52108097076416
556.0 86.32219433784485
557.0 88.4736955165863
558.0 91.21580123901367
559.0 93.61478090286255
560.0 93.98822784423828
561.0 95.35536170005798
562.0 96.03630900382996
563.0 95.29328942298889
564.0 95.89565992355347
565.0 95.35011649131775
566.0 96.24937772750854
567.0 95.40353417396545
568.0 95.89335322380066
569.0 96.86671495437622
570.0 96.54061794281006
571.0 96.93957567214966
572.0 97.05376625061035
573.0 97.1196174621582
574.0 97.23036885261536
575.0 96.78723216056824
576.0 97.54652380943298
577.0 97.13760018348694
578.0 97.18048572540283
579.0 97.35026359558105
580.0 96.80477380752563
581.0 96.78620100021362
582.0 97.02274203300476
583.0 96.86416387557983
584.0 96.27022743225098
585.0 96.73078060150146
586.0 96.89998626708984
587.0 96.33234739303589
588.0 96.81653380393982
589.0 97.23455905914307
590.0 96.72338366508484
591.0 96.15851044654846
592.0 96.2782621383667
593.0 95.86766958236694
594.0 96.14753723144531
595.0 96.40353322029114
596.0 97.12538123130798
597.0 97.43970036506653
598.0 96.8370258808136
599.0 96.99762463569641
600.0 97.36559987068176
601.0 96.28282189369202
602.0 96.68665528297424
603.0 96.36020064353943
604.0 96.6610312461853
605.0 97.06420302391052
606.0 96.57475352287292
607.0 96.46092653274536
608.0 96.43200039863586
609.0 95.82967758178711
610.0 96.18169665336609
611.0 96.33513689041138
612.0 95.97863554954529
613.0 97.01071977615356
614.0 96.78971767425537
615.0 96.57336473464966
616.0 96.84487581253052
617.0 96.52366638183594
618.0 96.28878831863403
619.0 96.96390628814697
620.0 96.02604508399963
621.0 95.84230780601501
622.0 97.21172451972961
623.0 96.91664576530457
624.0 96.78340554237366
625.0 97.11062908172607
626.0 96.3568925857544
627.0 95.51064372062683
628.0 97.25170731544495
629.0 95.74121236801147
630.0 96.82198762893677
631.0 96.18305563926697
632.0 96.92352414131165
633.0 96.36377692222595
634.0 96.23912572860718
635.0 96.61704301834106
636.0 96.16130590438843
637.0 95.74857354164124
638.0 95.59255838394165
639.0 95.37835717201233
640.0 95.87656855583191
641.0 95.63331007957458
642.0 96.21371626853943
643.0 96.48528099060059
644.0 96.49379849433899
645.0 96.44137620925903
646.0 96.57577276229858
647.0 97.35931158065796
648.0 96.48652672767639
649.0 95.62669396400452
650.0 96.66301608085632
651.0 96.93231582641602
652.0 96.9369649887085
653.0 96.17841243743896
654.0 96.51930928230286
655.0 96.73939943313599
656.0 95.98303437232971
657.0 95.94094157218933
658.0 96.72771096229553
659.0 96.67102098464966
660.0 95.78115344047546
661.0 95.41361927986145
662.0 96.04104161262512
663.0 95.49413919448853
664.0 95.72876691818237
665.0 95.64571976661682
666.0 95.53614854812622
667.0 95.85495591163635
668.0 95.2501118183136
669.0 95.89447379112244
670.0 95.41630148887634
671.0 95.65746188163757
672.0 95.56485414505005
673.0 95.34626007080078
674.0 95.16004920005798
675.0 95.70983052253723
676.0 95.0920581817627
677.0 93.94581317901611
678.0 93.45643520355225
679.0 92.5294041633606
680.0 91.73606634140015
681.0 89.95440602302551
682.0 87.70004510879517
683.0 84.99480485916138
684.0 81.51893019676208
685.0 77.89117693901062
686.0 74.12497997283936
687.0 69.58169937133789
688.0 65.01615643501282
689.0 60.78628897666931
690.0 55.715930461883545
691.0 51.76716446876526
692.0 46.994373202323914
693.0 42.689234018325806
694.0 37.45419681072235
695.0 31.92397952079773
696.0 26.429125666618347
697.0 21.118003129959106
698.0 15.343751013278961
699.0 10.890551656484604
700.0 7.549099624156952
701.0 4.648368805646896
702.0 2.902240678668022
703.0 1.5995519235730171
704.0 0.8984582498669624
705.0 0.5749579053372145
706.0 0.39599034935235977
707.0 0.1823623664677143
708.0 0.1563939149491489
709.0 0.10448921239003539
710.0 0.11464786948636174
711.0 0.06215535686351359
712.0 0.03678109496831894
713.0 0.022651063045486808
714.0 0.029808966792188585
715.0 0.01590477768331766
716.0 0.06117618177086115
717.0 0.05399011424742639
718.0 0.04071724251843989
719.0 0.025833939434960485
720.0 1.6754628283724426e-10
721.0 0.004490216451813467
722.0 0.004236543827573769
723.0 0.0039828715671319515
724.0 0.0037111021811142564
725.0 0.0034393324312986806
726.0 0.003212004594388418
727.0 0.002984676575579215
728.0 0.00282101991615491
729.0 0.0026573630748316646
730.0 0.0025111694412771612
731.0 0.0023649756258237176
732.0 0.0022894526409800164
733.0 0.002213930019934196
734.0 0.002132032568624709
735.0 0.002050135299214162
736.0 0.0019184617485734634
737.0 0.0017867883798317052
738.0 0.001719923056953121
739.0 0.0016530577340745367
740.0 0.0015940713637974113
741.0 0.0015350848116213456
742.0 0.0014295358596427832
743.0 0.0013239867257652804
744.0 0.001430532029189635
745.0 0.0015370773326139897
746.0 0.0013629028217110317
747.0 0.0011887280379596632
748.0 0.0012260570656508207
749.0 0.0012633861842914484
750.0 0.001227255506819347
751.0 0.001191125193145126
752.0 0.001188566329801688
753.0 0.0011860076483571902
754.0 0.0011808303497673478
755.0 0.0011756531421269756
756.0 0.0010844973076018505
757.0 0.0009933414730767254
758.0 0.0010231345186184626
759.0 0.0010529277460591402
760.0 0.0009736904758028686
761.0 0.000894453205546597
762.0 0.0008760421223996673
763.0 0.0008576312211516779
764.0 0.0009635179594624788
765.0 0.0010694046068238094
766.0 0.0008916867955122143
767.0 0.0007139688023016788
768.0 0.0006766573733330006
769.0 0.000639345762465382
770.0 0.000644950205241912
771.0 0.0006505545570689719
772.0 0.0007964436917973217
773.0 0.000942332644626731
774.0 0.001005420108413091
775.0 0.0010685074812499806
776.0 0.0010586445569060743
777.0 0.001048782178258989
778.0 0.0008903384696168359
779.0 0.0007318950792978285
780.0 0.000749580158299068
781.0 0.0007672654646739829
782.0 0.0008148990673362277
783.0 0.0008625328518974129
784.0 0.0007780589839967433
785.0 0.000693585252520279
786.0 0.0007793056283844635
787.0 0.0008650258678244427
788.0 0.0006770817435608478
789.0 0.0004891375283477828
790.0 0.000561422575628967
791.0 0.0006337077593343565
792.0 0.000672520855005132
793.0 0.0007113338142517023
794.0 0.0007327270850510104
795.0 0.0007541204922745237
796.0 0.0006049801413610112
797.0 0.00045583983592223376
798.0 0.0005476128990267171
799.0 0.0006393861895048758
800.0 0.0007084713615768123
801.0 0.0007775562153256033
802.0 0.0007949642167659476
803.0 0.000812372218206292
804.0 0.0007160151199059328
805.0 0.0006196580216055736
806.0 0.000613658312431653
807.0 0.0006076584668335272
808.0 0.0006174194368213648
809.0 0.000627180224910262
810.0 0.000618174681221717
811.0 0.0006091689101594966
812.0 0.0005077506102679763
813.0 0.00040633217395225074
814.0 0.00045133879211789463
815.0 0.0004963454557582736
816.0 0.0006590028988284757
817.0 0.000821660432848148
818.0 0.0006242141807888402
819.0 0.00042676774683059193
820.0 0.000527994598087389
821.0 0.0006292214493441861
822.0 0.0006991253940213937
823.0 0.0007690293386986014
824.0 0.0006275542546063662
825.0 0.0004860789431404555
826.0 0.00047848111535131466
827.0 0.0004708832875621738
828.0 0.0004541098860499915
829.0 0.00043733657548727933
830.0 0.00018088103388436139
831.0 1.6754628283724426e-10
832.0 1.6754628283724426e-10
833.0 1.6754628283724426e-10
834.0 1.6754628283724426e-10
835.0 4.880261599282676e-05
836.0 4.696109385804448e-05
837.0 4.511953761721088e-05
838.0 0.0006029749329172773
839.0 0.0011608303793764208
840.0 0.001452871219953522
841.0 0.001744912333379034
842.0 0.0021219346308498643
843.0 0.0024989574740175158
844.0 0.002864992893591989
845.0 0.003231028313166462
846.0 0.0034023243642877787
847.0 0.0035736207792069763
848.0 0.003243107857997529
849.0 0.002912595846282784
850.0 0.002386566484346986
851.0 0.001860536758613307
852.0 0.0016411007891292684
853.0 0.0014216647286957595
854.0 0.0011330226698191836
855.0 0.0008443805199931376
856.0 0.0007071672371239401
857.0 0.0005699537723558024
858.0 0.00047654784793849103
859.0 0.0003831420144706499
860.0 0.0003518336825436563
861.0 0.00032052535061666276
862.0 0.00035343330182513455
863.0 0.00038634120755887125
864.0 0.0003284344074927503
865.0 0.0002705276074266294
866.0 0.00022272363366937498
867.0 0.00017491961443738546
868.0 8.181824568964657e-05
869.0 1.6754628283724426e-10
870.0 1.9657731797906308e-05
871.0 5.0598617917785305e-05
872.0 7.388400717900367e-05
873.0 9.71694134932477e-05
874.0 9.230572004526039e-05
875.0 8.744198680687987e-05
876.0 8.441801924163883e-05
877.0 8.139408578244911e-05
878.0 9.936105698216124e-05
879.0 0.00011732806797226658
880.0 0.00015331921758843237
881.0 0.00018931037857328192
882.0 0.00020109846445848234
883.0 0.00021288653897499898
884.0 0.00010569051482889336
885.0 1.6754628283724426e-10
886.0 0.00013345286333787953
887.0 0.00026841123599297134
888.0 0.0002459075631122687
889.0 0.00022340393570630113
890.0 0.0001654154175412259
891.0 0.00010742692211351823
892.0 6.059308930161933e-05
893.0 1.3759246542122128e-05
894.0 2.1766115310128953e-05
895.0 2.9772982657050306e-05
896.0 7.943736335391804e-06
897.0 1.6754628283724426e-10
898.0 3.969749400312139e-05
899.0 9.328047667622741e-05
900.0 3.6394104085957224e-05
