lsstCam/transmission_filter_detector/r30_s11/r_57/19700101T000000.ecsv
# %ECSV 1.0
# ---
# datatype:
# - {name: wavelength, unit: nm, datatype: float32}
# - {name: efficiency, unit: '%', datatype: float64}
# meta: !!omap
# - {MODE: DETECTOR}
# - {TYPE: transmission_filter_detector}
# - {CALIBDATE: '1970-01-01T00:00:00'}
# - {INSTRUME: LSSTCam}
# - {OBSTYPE: transmission_filter_detector}
# - {CALIBCLS: lsst.ip.isr.IntermediateFilterDetectorTransmissionCurve}
# - {SOURCE: Materion (DM-46256)}
# - {DETECTOR: 121}
# - {FILTER: r_57}
# - {CALIB_ID: 'calibDate=1970-01-01T00:00:00 filter=r_57 detector=121'}
# - {DATE: '2025-04-02T15:59:44.742940'}
# - {CALIB_CREATION_DATE: '2025-04-02'}
# - {CALIB_CREATION_TIME: '15:59:44'}
# - __serialized_columns__:
#     efficiency:
#       __class__: astropy.units.quantity.Quantity
#       unit: !astropy.units.Unit {unit: '%'}
#       value: !astropy.table.SerializedColumn {name: efficiency}
#     wavelength:
#       __class__: astropy.units.quantity.Quantity
#       unit: !astropy.units.Unit {unit: nm}
#       value: !astropy.table.SerializedColumn {name: wavelength}
# schema: astropy-2.0
wavelength efficiency
[from data line 602]
902.0 6.831078991353934e-06
903.0 3.4154425065935357e-05
904.0 2.1335753785933775e-05
905.0 8.51707824267578e-06
906.0 8.601513741268718e-05
907.0 0.0001635132207411516
908.0 0.00022603137495025294
909.0 0.00028854954052803805
910.0 0.00014175046771924826
911.0 1.6754628283724426e-10
912.0 7.37123116323346e-05
913.0 0.00015247325109157828
914.0 0.00012997678595638718
915.0 0.00010748032082119607
916.0 6.21379683707346e-05
917.0 1.679559602507652e-05
918.0 8.766738233134674e-05
919.0 0.00015853916011110414
920.0 0.00015562636690447107
921.0 0.000152713573697838
922.0 0.0001555134417685622
923.0 0.00015831330983928638
924.0 0.00014657990732303006
925.0 0.00013484645933203865
926.0 0.00012553912256407784
927.0 0.00011623178579611704
928.0 0.00015346294048868003
929.0 0.00019069407244387548
930.0 0.0002197526100644609
931.0 0.0002488111022103112
932.0 0.0001668486788730661
933.0 8.488622711411153e-05
934.0 2.645211338858644e-05
935.0 1.6754628283724426e-10
936.0 1.6754628283724426e-10
937.0 1.6754628283724426e-10
938.0 1.6754628283724426e-10
939.0 1.6754628283724426e-10
940.0 9.433362890831631e-06
941.0 4.786462568517891e-05
942.0 0.00019952419734181603
943.0 0.0003511837576297694
944.0 0.00031365902941615786
945.0 0.0002761342329904437
946.0 0.00038726770981156733
947.0 0.000498401232107426
948.0 0.000370717702935508
949.0 0.00024303428745042766
950.0 0.00030204580525605706
951.0 0.00036105736853642156
952.0 0.0005190322099224431
953.0 0.0006770072559447726
954.0 0.0008024256203498226
955.0 0.0009278443030780181
956.0 0.001097194581234362
957.0 0.0012665448593907058
958.0 0.0015265291949617676
959.0 0.0017865135305328295
960.0 0.001889642226160504
961.0 0.0019927709217881784
962.0 0.0021785324861411937
963.0 0.0023642938685952686
964.0 0.0023481212338083424
965.0 0.0023319487809203565
966.0 0.002351920738874469
967.0 0.0023718928787275217
968.0 0.0023017988496576436
969.0 0.0022317050024867058
970.0 0.0022735031961929053
971.0 0.002315301571798045
972.0 0.002512994069547858
973.0 0.0027106869310955517
974.0 0.0029033510145382024
975.0 0.0030960156436776742
976.0 0.00308747730741743
977.0 0.0030789389711571857
978.0 0.0031185205443762243
979.0 0.0031581013899995014
980.0 0.0031802173907635733
981.0 0.0032023333915276453
982.0 0.0032299340091412887
983.0 0.0032575342629570514
984.0 0.0030776784115005285
985.0 0.002897822378145065
986.0 0.0028143662348156795
987.0 0.002730910091486294
988.0 0.0027079551728093065
989.0 0.0026850009817280807
990.0 0.002705851693463046
991.0 0.0027267024051980115
992.0 0.00267831128439866
993.0 0.0026299199817003682
994.0 0.0026500980311539024
995.0 0.0026702764444053173
996.0 0.002702126221265644
997.0 0.0027339761800249107
998.0 0.0028689268219750375
999.0 0.003003877827723045
1000.0 0.003047781137865968
1001.0 0.003091684266109951
1002.0 0.003309375824755989
1003.0 0.0035270670196041465
1004.0 0.003609489431255497
1005.0 0.0036919118429068476
1006.0 0.003907231075572781
1007.0 0.004122551035834476
1008.0 0.004164977508480661
1009.0 0.004207403981126845
1010.0 0.00418849776906427
1011.0 0.004169591557001695
1012.0 0.004136655479669571
1013.0 0.004103719038539566
1014.0 0.00398858028347604
1015.0 0.0038734415284125134
1016.0 0.003480651503195986
1017.0 0.003087861114181578
1018.0 0.0028010648748022504
1019.0 0.0025142684535239823
1020.0 0.002250310171802994
1021.0 0.0019863518900820054
1022.0 0.0016775586118455976
1023.0 0.0013687650607607793
1024.0 0.001254550170415314
1025.0 0.0011403353710193187
1026.0 0.001013052406051429
1027.0 0.0008857696229824796
1028.0 0.0008876888387021609
1029.0 0.0008896082363207825
1030.0 0.0008459187483822461
1031.0 0.0008022294423426501
1032.0 0.0008207851351471618
1033.0 0.0008393408279516734
1034.0 0.0006948049758648267
1035.0 0.0005502688964043045
1036.0 0.0005988540124235442
1037.0 0.0006474391284427838
1038.0 0.0007084117441991111
1039.0 0.0007693843144807033
1040.0 0.0007259226549649611
1041.0 0.0006824609954492189
1042.0 0.0007378308055194793
1043.0 0.0007932006155897398
1044.0 0.0008198571777029429
1045.0 0.0008465135579172056
1046.0 0.0008684185559104662
1047.0 0.0008903237358026672
1048.0 0.000773064311943017
1049.0 0.0006558050245075719
1050.0 0.0008671968316775747
1051.0 0.0010785885933728423
1052.0 0.0010712996299844235
1053.0 0.0010640102118486539
1054.0 0.0009847662113315891
1055.0 0.0009055221198650543
1056.0 0.0008614593753009103
1057.0 0.0008173966307367664
1058.0 0.0009892241905617993
1059.0 0.0011610514775384218
1060.0 0.0011438820365583524
1061.0 0.0011267123227298725
1062.0 0.0012261944903002586
1063.0 0.0013256766578706447
1064.0 0.001440699998056516
1065.0 0.0015557234291918576
1066.0 0.0018510463632992469
1067.0 0.002146369297406636
1068.0 0.0021592215489363298
1069.0 0.0021720732547692023
1070.0 0.002200046401412692
1071.0 0.0022280195480561815
1072.0 0.002309973569936119
1073.0 0.0023919275918160565
1074.0 0.002264168688270729
1075.0 0.002136409602826461
1076.0 0.002462858901708387
1077.0 0.002789308018691372
1078.0 0.0030403338314499706
1079.0 0.0032913598261075094
1080.0 0.0037045985664008185
1081.0 0.004117837670492008
1082.0 0.003914779881597497
1083.0 0.003711721728905104
1084.0 0.0038782036426709965
1085.0 0.0040446848288411275
1086.0 0.004109902147320099
1087.0 0.0041751187382033095
1088.0 0.004079206337337382
1089.0 0.003983293936471455
1090.0 0.0031300409318646416
1091.0 0.0022767884729546495
1092.0 0.0035311546525917947
1093.0 0.00478552101412788
1094.0 0.00447747552243527
1095.0 0.004169430758338422
1096.0 0.0037340007111197338
1097.0 0.0032985710276989266
1098.0 0.0035543180274544284
1099.0 0.00381006502720993
1100.0 0.0029216575057944283
1101.0 0.0020332494386821054
