lsstCam/transmission_filter_detector/r34_s12/r_57/19700101T000000.ecsv
# %ECSV 1.0
# ---
# datatype:
# - {name: wavelength, unit: nm, datatype: float32}
# - {name: efficiency, unit: '%', datatype: float64}
# meta: !!omap
# - {MODE: DETECTOR}
# - {TYPE: transmission_filter_detector}
# - {CALIBDATE: '1970-01-01T00:00:00'}
# - {INSTRUME: LSSTCam}
# - {OBSTYPE: transmission_filter_detector}
# - {CALIBCLS: lsst.ip.isr.IntermediateFilterDetectorTransmissionCurve}
# - {SOURCE: Materion (DM-46256)}
# - {DETECTOR: 158}
# - {FILTER: r_57}
# - {CALIB_ID: 'calibDate=1970-01-01T00:00:00 filter=r_57 detector=158'}
# - {DATE: '2025-04-02T15:59:44.915764'}
# - {CALIB_CREATION_DATE: '2025-04-02'}
# - {CALIB_CREATION_TIME: '15:59:44'}
# - __serialized_columns__:
#     efficiency:
#       __class__: astropy.units.quantity.Quantity
#       unit: !astropy.units.Unit {unit: '%'}
#       value: !astropy.table.SerializedColumn {name: efficiency}
#     wavelength:
#       __class__: astropy.units.quantity.Quantity
#       unit: !astropy.units.Unit {unit: nm}
#       value: !astropy.table.SerializedColumn {name: wavelength}
# schema: astropy-2.0
wavelength efficiency
300.0 0.003262436803197488
301.0 0.008725216321181506
302.0 0.014187996566761285
303.0 0.017262910841964185
304.0 0.020337825117167085
305.0 0.018073762475978583
306.0 0.015809698379598558
307.0 0.014225202903617173
308.0 0.012640705972444266
309.0 0.011378810449969023
310.0 0.010116915655089542
311.0 0.009378373943036422
312.0 0.008639834413770586
313.0 0.008306477684527636
314.0 0.007973122410476208
315.0 0.007160266977734864
316.0 0.00634741154499352
317.0 0.006066710557206534
318.0 0.0057860113884089515
319.0 0.005440711174742319
320.0 0.005095411324873567
321.0 0.004943457315675914
322.0 0.004791504034074023
323.0 0.004427074964041822
324.0 0.0040626451664138585
325.0 0.0038290021620923653
326.0 0.0035953602491645142
327.0 0.0036528552300296724
328.0 0.003710350938490592
329.0 0.0037606187106575817
330.0 0.0038108861190266907
331.0 0.0035585635487223044
332.0 0.003306240978417918
333.0 0.003023710996785667
334.0 0.0027411810151534155
335.0 0.0025039324100362137
336.0 0.0022666839868179522
337.0 0.0020167537513771094
338.0 0.001766823697835207
339.0 0.0016447918824269436
340.0 0.0015227602489176206
341.0 0.0014802845726080704
342.0 0.0014378088962985203
343.0 0.0014371653378475457
344.0 0.0014365217793965712
345.0 0.0014280151845014188
346.0 0.0014195086805557366
347.0 0.0013682639291801024
348.0 0.0013170192687539384
349.0 0.0012408243492245674
350.0 0.0026482528483029455
351.0 0.005237348523223773
352.0 0.007826443470548838
353.0 0.006934456177987158
354.0 0.006042468885425478
355.0 0.004807833829545416
356.0 0.003573198409867473
357.0 0.0037509846151806414
358.0 0.003928772275685333
359.0 0.0037064673961140215
360.0 0.0034841625165427104
361.0 0.0032053641916718334
362.0 0.002926566594396718
363.0 0.002873916491807904
364.0 0.0028212663892190903
365.0 0.0021440824639284983
366.0 0.0014668984476884361
367.0 0.0023443579266313463
368.0 0.0032218173146247864
369.0 0.0035496719647198915
370.0 0.003877526251017116
371.0 0.0039632523112231866
372.0 0.004048978371429257
373.0 0.0032530460885027424
374.0 0.0024571138055762276
375.0 0.0015883555533946492
376.0 0.0007195971193141304
377.0 0.001815125324355904
378.0 0.0029106535293976776
379.0 0.0023614862584508955
380.0 0.0018123191694030538
381.0 0.0021676498363376595
382.0 0.002522980503272265
383.0 0.003356740126037039
384.0 0.004190499385003932
385.0 0.0047933564928825945
386.0 0.005396213600761257
387.0 0.004894713856629096
388.0 0.0043932144762948155
389.0 0.003369749174453318
390.0 0.0023462836907128803
391.0 0.0019254041035310365
392.0 0.0015045247891976032
393.0 0.0016735777535359375
394.0 0.001842630808823742
395.0 0.0015972324035828933
396.0 0.0013518337254936341
397.0 0.0009945989404513966
398.0 0.0006373642463586293
399.0 0.0007673286745557562
400.0 0.0008972934665507637
401.0 0.0008711868758837227
402.0 0.0008450802852166817
403.0 0.0008555246495234314
404.0 0.0008659691047796514
405.0 0.0011726310731319245
406.0 0.0014792930414841976
407.0 0.00150258911162382
408.0 0.0015258849089150317
409.0 0.001235838408319978
410.0 0.0009457920896238647
411.0 0.0012794616850442253
412.0 0.0016131312804645859
413.0 0.0019322269508847967
414.0 0.002251322803203948
415.0 0.0022164378606248647
416.0 0.002181553099944722
417.0 0.0017466712961322628
418.0 0.001311789674218744
419.0 0.0019797183995251544
420.0 0.002647646761033684
421.0 0.004344512490206398
422.0 0.006041378219379112
423.0 0.009806854359339923
424.0 0.013572329771704972
425.0 0.017360757919959724
426.0 0.021149188978597522
427.0 0.02116495743393898
428.0 0.021180728799663484
429.0 0.016748721827752888
430.0 0.012316711945459247
431.0 0.0087165339209605
432.0 0.005116354441270232
433.0 0.004188385355519131
434.0 0.0032604162697680295
435.0 0.0027202058845432475
436.0 0.002179995681217406
437.0 0.0014944857866794337
438.0 0.0008089760740404017
439.0 0.0009269004294765182
440.0 0.0010448247849126346
441.0 0.0011495771104819141
442.0 0.001254329617950134
443.0 0.001475432964070933
444.0 0.001696536310191732
445.0 0.0015414541849168018
446.0 0.0013863723324902821
447.0 0.0014263960110838525
448.0 0.001466419780626893
449.0 0.0017676278730505146
450.0 0.002068835965474136
451.0 0.0019936025637434795
452.0 0.0019183687982149422
453.0 0.001833332862588577
454.0 0.0017482963812653907
455.0 0.0015049000467115548
456.0 0.001261503803107189
457.0 0.0011275666111032479
458.0 0.0009936291462508962
459.0 0.001170041286968626
460.0 0.0013464535186358262
461.0 0.0018456394172972068
462.0 0.002344825588806998
463.0 0.003335124347358942
464.0 0.004325423287809826
465.0 0.005375062391976826
466.0 0.006424700404750183
467.0 0.006817300891270861
468.0 0.007209900650195777
469.0 0.006181873322930187
470.0 0.005153846359462477
471.0 0.003852953523164615
472.0 0.0025520601411699317
473.0 0.0018286100385012105
474.0 0.0011051595720346086
475.0 0.0008292382517538499
476.0 0.0005533167040994158
477.0 0.0007060809366521426
478.0 0.0008588451237301342
479.0 0.000793440813140478
480.0 0.000728036638975027
481.0 0.0006039827439963119
482.0 0.0004799288944923319
483.0 0.0005972546659904765
484.0 0.0007145805739128264
485.0 0.0007744983122393023
486.0 0.0008344160960405134
487.0 0.0006048843715689145
488.0 0.00037535271530941827
489.0 0.000631969987807679
490.0 0.0008885873285180423
491.0 0.0008696903933014255
492.0 0.0008507937309332192
493.0 0.0009277539902541321
494.0 0.0010047141586255748
495.0 0.0010814130291691981
496.0 0.0011581118087633513
497.0 0.0011452298167569097
498.0 0.0011323478247504681
499.0 0.0011980288036284037
500.0 0.0012637099644052796
501.0 0.0014021732567925937
502.0 0.0015406363672809675
503.0 0.0019647370208986104
504.0 0.0023888373107183725
505.0 0.0029258922950248234
506.0 0.0034629469155333936
507.0 0.0042285959352739155
508.0 0.0049942449550144374
509.0 0.005338964547263458
510.0 0.005683685230906121
511.0 0.0052108745876466855
512.0 0.004738064671983011
513.0 0.003989550532423891
514.0 0.003241036756662652
515.0 0.0030284949389169924
516.0 0.002815953121171333
517.0 0.002886425136239268
518.0 0.0029568969694082625
519.0 0.006820273119956255
520.0 0.022020339383743703
521.0 0.08600254659540951
522.0 0.08344914531335235
523.0 0.08613851969130337
524.0 0.09964590426534414
525.0 0.14966285089030862
526.0 0.1400456647388637
527.0 0.1573564950376749
528.0 0.13716984540224075
529.0 0.19804169423878193
530.0 0.21605617366731167
531.0 0.2144786762073636
532.0 0.23677304852753878
533.0 0.4212100524455309
534.0 0.6236553657799959
535.0 0.889375526458025
536.0 1.4119726605713367
537.0 2.2031858563423157
538.0 3.364882990717888
539.0 5.137894302606583
540.0 7.569744437932968
541.0 10.3877492249012
542.0 14.045876264572144
543.0 18.600347638130188
544.0 24.304604530334473
545.0 30.6306391954422
546.0 38.16081881523132
547.0 45.90332508087158
548.0 54.401999711990356
549.0 61.94520592689514
550.0 66.94636344909668
551.0 72.92211651802063
552.0 75.92364549636841
553.0 79.78792786598206
554.0 83.00813436508179
555.0 86.57224774360657
556.0 89.68181610107422
557.0 91.69445037841797
558.0 94.17675733566284
559.0 95.85990309715271
560.0 95.30602693557739
561.0 96.04864120483398
562.0 96.03174924850464
563.0 95.76408267021179
564.0 96.07598781585693
565.0 95.53659558296204
566.0 96.04468941688538
567.0 95.95527648925781
568.0 96.4294970035553
569.0 97.54928350448608
570.0 97.35193252563477
571.0 97.9191243648529
572.0 97.02987670898438
573.0 97.04194664955139
574.0 97.48710989952087
575.0 97.13204503059387
576.0 97.7079451084137
577.0 97.42417335510254
578.0 97.20746278762817
579.0 97.45178818702698
580.0 97.38187789916992
581.0 96.81196808815002
582.0 97.27863073348999
583.0 97.15537428855896
584.0 96.6795265674591
585.0 96.42922282218933
586.0 96.86349630355835
587.0 96.61465883255005
588.0 97.02402353286743
589.0 97.6772665977478
590.0 96.89685106277466
591.0 96.28087878227234
592.0 96.18055820465088
593.0 96.2969183921814
594.0 96.41621112823486
595.0 96.64709568023682
596.0 97.71376848220825
597.0 97.50163555145264
598.0 97.3453938961029
599.0 97.41204380989075
600.0 97.27782011032104
601.0 96.4356005191803
602.0 96.93441987037659
603.0 96.4520275592804
604.0 96.4673101902008
605.0 97.15490937232971
606.0 96.69870734214783
607.0 96.74373269081116
608.0 96.59449458122253
609.0 95.61677575111389
610.0 96.27189040184021
611.0 96.30887508392334
612.0 96.38683199882507
613.0 97.12305665016174
614.0 97.0449149608612
615.0 96.56680822372437
616.0 96.78370356559753
617.0 96.63901329040527
618.0 97.17146158218384
619.0 97.45573997497559
620.0 96.70685529708862
621.0 96.03710770606995
622.0 97.00399041175842
623.0 96.6052770614624
624.0 96.45410180091858
625.0 96.99581861495972
626.0 96.60441279411316
627.0 95.55076956748962
628.0 97.68060445785522
629.0 96.01772427558899
630.0 96.8090832233429
631.0 96.54056429862976
632.0 97.4103569984436
633.0 97.02861905097961
634.0 96.02590799331665
635.0 96.66315913200378
636.0 96.53858542442322
637.0 95.97156047821045
638.0 95.70319056510925
639.0 95.6190288066864
640.0 96.02121114730835
641.0 96.05037569999695
642.0 96.58282995223999
643.0 96.38220071792603
644.0 96.5865433216095
645.0 96.80567383766174
646.0 96.55178189277649
647.0 97.50488996505737
648.0 96.88194990158081
649.0 95.921391248703
650.0 96.81650996208191
651.0 97.37770557403564
652.0 97.35291600227356
653.0 96.25404477119446
654.0 96.95024490356445
655.0 97.03670144081116
656.0 96.26102447509766
657.0 96.07470631599426
658.0 96.5172529220581
659.0 96.45532965660095
660.0 95.83919644355774
661.0 95.53008079528809
662.0 95.722895860672
663.0 96.06233835220337
664.0 95.61135768890381
665.0 95.60363292694092
666.0 95.6272542476654
667.0 95.91756463050842
668.0 95.17674446105957
669.0 96.00791335105896
670.0 95.57976722717285
671.0 95.77245116233826
672.0 95.27787566184998
673.0 95.41091918945312
674.0 94.95419263839722
675.0 95.538729429245
676.0 94.7659969329834
677.0 93.38765740394592
678.0 92.27707982063293
679.0 91.1070704460144
680.0 89.60564136505127
681.0 87.68694996833801
682.0 84.65914726257324
683.0 81.20737671852112
684.0 77.57405638694763
685.0 72.95477986335754
686.0 68.70138049125671
687.0 64.10983800888062
688.0 59.52362418174744
689.0 55.412060022354126
690.0 50.60308575630188
691.0 46.616315841674805
692.0 41.76740050315857
693.0 36.75727844238281
694.0 31.118014454841614
695.0 25.40714740753174
696.0 19.565674662590027
697.0 14.597155153751373
698.0 9.665071219205856
699.0 6.245633587241173
700.0 4.0352728217840195
701.0 2.290147542953491
702.0 1.3655830174684525
703.0 0.8244031108915806
704.0 0.47319564037024975
705.0 0.31148886773735285
706.0 0.2229325007647276
707.0 0.15340661630034447
708.0 0.05212813266552985
709.0 0.07193699129857123
710.0 0.07268215413205326
711.0 0.05115762469358742
712.0 0.056147295981645584
713.0 0.062298792181536555
714.0 0.06811112980358303
715.0 0.04186694568488747
716.0 0.025874763377942145
717.0 0.08342970977537334
718.0 0.09597560856491327
719.0 0.03126963274553418
720.0 1.9626700438479805e-10
721.0 0.00436555637861602
722.0 0.00407246989198029
723.0 0.00377938304154668
724.0 0.0035416298487689346
725.0 0.003303876655991189
726.0 0.0030650520784547552
727.0 0.0028262275009183213
728.0 0.002660688005562406
729.0 0.0024951485102064908
730.0 0.002357780613237992
731.0 0.002220412716269493
732.0 0.002186730853281915
733.0 0.0021530491721932776
734.0 0.00204610732907895
735.0 0.0019391654859646223
736.0 0.0018313006876269355
737.0 0.001723436071188189
738.0 0.0016490757843712345
739.0 0.0015747154975542799
740.0 0.001544223960081581
741.0 0.001513732331659412
742.0 0.00139115745696472
743.0 0.001268582491320558
744.0 0.0014235432900022715
745.0 0.0015785040886839852
746.0 0.0013661197044712026
747.0 0.0011537352293089498
748.0 0.0011795686077675782
749.0 0.0012054018952767365
750.0 0.0011626750165305566
751.0 0.0011199484106327873
752.0 0.0011225226444366854
753.0 0.001125097151088994
754.0 0.001129262091126293
755.0 0.0011334272130625322
756.0 0.0010279138223268092
757.0 0.0009224005225405563
758.0 0.0009043658792506903
759.0 0.0008863315997587051
760.0 0.0008481883014610503
761.0 0.0008100451850623358
762.0 0.0008251770850620233
763.0 0.0008403091669606511
764.0 0.0008848848665365949
765.0 0.0009294604751630686
766.0 0.0008001489732123446
767.0 0.00067083719841321
768.0 0.0006543812105519464
769.0 0.0006379249498422723
770.0 0.0005821456852572737
771.0 0.00052636637519754
772.0 0.0006845622010587249
773.0 0.0008427578904957045
774.0 0.0008890610843081959
775.0 0.0009353642781206872
776.0 0.0009943923032551538
777.0 0.0010534208740864415
778.0 0.0008863416951498948
779.0 0.000719262970960699
780.0 0.0007177392490120837
781.0 0.0007162157544371439
782.0 0.0007734605787845794
783.0 0.0008307055395562202
784.0 0.0007601582638017135
785.0 0.000689611078996677
786.0 0.0007706436917942483
787.0 0.0008516763045918196
788.0 0.0006503496479126625
789.0 0.0004490229457587702
790.0 0.0005598232746706344
791.0 0.0006706236490572337
792.0 0.0006499690243799705
793.0 0.000629314263278502
794.0 0.0006805817974964157
795.0 0.0007318495136132697
796.0 0.0006324236437649233
797.0 0.0005329978193913121
798.0 0.0006055893209122587
799.0 0.0006781810498068808
800.0 0.0007408767032757169
801.0 0.0008035721293708775
802.0 0.000813895258033881
803.0 0.0008242183866968844
804.0 0.0006728558673785301
805.0 0.0005214933480601758
806.0 0.0005835333467985038
807.0 0.0006455732091126265
808.0 0.0006293315891525708
809.0 0.0006130897872935748
810.0 0.0006463931640610099
811.0 0.0006796962225052994
812.0 0.0005176439117349219
813.0 0.00035559144180297153
814.0 0.0004192906544631114
815.0 0.00048298984438588377
816.0 0.0006256731467146892
817.0 0.0007683566764171701
818.0 0.0005932850854151184
819.0 0.0004182133579888614
820.0 0.0005131286343385
821.0 0.0006080438652134035
822.0 0.0006345050223899307
823.0 0.000660966225041193
824.0 0.0005429021257441491
825.0 0.00042483789002289996
826.0 0.00044166386032884475
827.0 0.00045848983063478954
828.0 0.0004181856184004573
829.0 0.0003778814516408602
830.0 0.00011951872238569194
831.0 1.9626700438479805e-10
832.0 1.9626700438479805e-10
833.0 1.9626700438479805e-10
834.0 1.9626700438479805e-10
835.0 0.00011426890296206693
836.0 0.00010760052191471914
837.0 0.00010093210676132003
838.0 0.0006281017249420984
839.0 0.0011552713658602443
840.0 0.0016374749975511804
841.0 0.002119678902090527
842.0 0.002885373578465078
843.0 0.0036510686186375096
844.0 0.004298403655411676
845.0 0.004945738328387961
846.0 0.005007535946788266
847.0 0.005069333201390691
848.0 0.004152184556005523
849.0 0.0032350366382161155
850.0 0.0024732651581871323
851.0 0.0017114933143602684
852.0 0.0015194776096905116
853.0 0.0013274621778691653
854.0 0.0011647308383544441
855.0 0.0010019994078902528
856.0 0.0008092813914117869
857.0 0.0006165632839838509
858.0 0.0005727038114855532
859.0 0.0005288444299367256
860.0 0.0004096971679246053
861.0 0.000290549905912485
862.0 0.00044628927753365133
863.0 0.0006020286946295528
864.0 0.0004700476893049199
865.0 0.0003380667976671248
866.0 0.0002862564997485606
867.0 0.00023444620182999643
868.0 0.00020482355012063636
869.0 0.00017520086430522497
870.0 0.00014705854027852183
871.0 0.0001189162162518187
872.0 7.489658742088068e-05
873.0 3.087698416948115e-05
874.0 9.303844876740186e-05
875.0 0.00015519989347012597
876.0 0.00016476971040901844
877.0 0.0001743395387165947
878.0 0.0001668497020546056
879.0 0.00015935988812998403
880.0 0.00012492062069213716
881.0 9.048135893863218e-05
882.0 0.00016736255474825157
883.0 0.00024424375624221284
884.0 0.00017391463416061015
885.0 0.00010358550071032369
886.0 0.0002013918674492743
887.0 0.0002991982682942762
888.0 0.00027379583116271533
889.0 0.00024839343950588955
890.0 0.00016688242112650187
891.0 8.537140843145608e-05
892.0 7.525891874138324e-05
893.0 6.514641768262663e-05
894.0 0.00012116292964492459
895.0 0.00017717942455419688
896.0 0.00011611510899456334
897.0 5.505077638190414e-05
898.0 0.0001115865416068118
899.0 0.0001681222897786938
900.0 7.645492701158219e-05
901.0 1.9626700438479805e-10
