lsstCam/transmission_filter_detector/r34_s12/r_57/19700101T000000.ecsv
# %ECSV 1.0
# ---
# datatype:
# - {name: wavelength, unit: nm, datatype: float32}
# - {name: efficiency, unit: '%', datatype: float64}
# meta: !!omap
# - {MODE: DETECTOR}
# - {TYPE: transmission_filter_detector}
# - {CALIBDATE: '1970-01-01T00:00:00'}
# - {INSTRUME: LSSTCam}
# - {OBSTYPE: transmission_filter_detector}
# - {CALIBCLS: lsst.ip.isr.IntermediateFilterDetectorTransmissionCurve}
# - {SOURCE: Materion (DM-46256)}
# - {DETECTOR: 158}
# - {FILTER: r_57}
# - {CALIB_ID: 'calibDate=1970-01-01T00:00:00 filter=r_57 detector=158'}
# - {DATE: '2025-04-02T15:59:44.915764'}
# - {CALIB_CREATION_DATE: '2025-04-02'}
# - {CALIB_CREATION_TIME: '15:59:44'}
# - __serialized_columns__:
#     efficiency:
#       __class__: astropy.units.quantity.Quantity
#       unit: !astropy.units.Unit {unit: '%'}
#       value: !astropy.table.SerializedColumn {name: efficiency}
#     wavelength:
#       __class__: astropy.units.quantity.Quantity
#       unit: !astropy.units.Unit {unit: nm}
#       value: !astropy.table.SerializedColumn {name: wavelength}
# schema: astropy-2.0
wavelength efficiency
[from data line 603]
903.0 2.0545390100323857e-05
904.0 1.747815900898786e-05
905.0 1.4410923654395447e-05
906.0 0.0001213646669384616
907.0 0.00022831843580206623
908.0 0.00023185639292933047
909.0 0.00023539437279396225
910.0 0.00013346614196052542
911.0 3.153789123189199e-05
912.0 0.000125393512462324
913.0 0.0002192491137975594
914.0 0.00016037471368690603
915.0 0.00010150030220756889
916.0 0.00010549174476182088
917.0 0.00010948316457870533
918.0 0.00017741731426212937
919.0 0.0002453514753142372
920.0 0.0002617012114569661
921.0 0.00027805094759969506
922.0 0.0002749923623923678
923.0 0.0002719337771850405
924.0 0.0002695922830753261
925.0 0.00026725074349087663
926.0 0.00021001353616156848
927.0 0.0001527763060948928
928.0 0.00012961945685674436
929.0 0.0001064625848812284
930.0 0.00016419381836385583
931.0 0.0002219250291091157
932.0 0.0002099596258631209
933.0 0.00019799419987975853
934.0 0.00010452921515025082
935.0 1.1064230420743115e-05
936.0 3.373923505023413e-05
937.0 5.641419988933194e-05
938.0 5.04263653056114e-05
939.0 4.443848524715577e-05
940.0 4.333968490755069e-05
941.0 4.224082772452675e-05
942.0 0.00020667368971771793
943.0 0.00037110658013261855
944.0 0.0002836301518982509
945.0 0.00019615372366388328
946.0 0.00044037933548679575
947.0 0.0006846049927844433
948.0 0.00045037181735096965
949.0 0.0002161388010790688
950.0 0.00040081836232275236
951.0 0.0005854979917785386
952.0 0.0006770968411728973
953.0 0.0007686958269914612
954.0 0.0008851456186675932
955.0 0.001001595774141606
956.0 0.001119902117352467
957.0 0.0012382084605633281
958.0 0.0015032979717943817
959.0 0.0017683876649243757
960.0 0.001871826134447474
961.0 0.001975264422071632
962.0 0.0020819948986172676
963.0 0.0021887250113650225
964.0 0.0021705498511437327
965.0 0.002152374690922443
966.0 0.002166539889003616
967.0 0.002180705087084789
968.0 0.0021569934688159265
969.0 0.0021332820324460045
970.0 0.0022119033019407652
971.0 0.002290524571435526
972.0 0.0024720859073568135
973.0 0.002653647607075982
974.0 0.002901642437791452
975.0 0.0031496376323048025
976.0 0.003186091998941265
977.0 0.0032225467293756083
978.0 0.003316318543511443
979.0 0.0034100903576472774
980.0 0.0034229782613692805
981.0 0.0034358661650912836
982.0 0.0034321114071644843
983.0 0.003428356649237685
984.0 0.0032775500585557893
985.0 0.003126743104076013
986.0 0.003004256541316863
987.0 0.0028817699785577133
988.0 0.0028397429559845477
989.0 0.002797716297209263
990.0 0.0028334765374893323
991.0 0.0028692365958704613
992.0 0.002782418960123323
993.0 0.0026956013243761845
994.0 0.002712641617108602
995.0 0.00272968209173996
996.0 0.0027494677851791494
997.0 0.0027692534786183387
998.0 0.0029136886951164342
999.0 0.00305812391161453
1000.0 0.003109182944172062
1001.0 0.003160242340527475
1002.0 0.003383815783308819
1003.0 0.0036073884984944016
1004.0 0.0036958546843379736
1005.0 0.0037843208701815456
1006.0 0.003939886664738879
1007.0 0.004095452459296212
1008.0 0.004164880738244392
1009.0 0.004234308653394692
1010.0 0.004249807898304425
1011.0 0.004265307507012039
1012.0 0.00424014069722034
1013.0 0.004214973523630761
1014.0 0.004013609577668831
1015.0 0.003812245631706901
1016.0 0.0034465789212845266
1017.0 0.0030809118470642716
1018.0 0.0028034150091116317
1019.0 0.002525918353057932
1020.0 0.0022866492145112716
1021.0 0.0020473798940656707
1022.0 0.001754778168105986
1023.0 0.001462176351196831
1024.0 0.0013289156413520686
1025.0 0.0011956550224567764
1026.0 0.0010618748092383612
1027.0 0.0009280948688683566
1028.0 0.000904870466911234
1029.0 0.0008816462468530517
1030.0 0.0009087047146749683
1031.0 0.0009357633643958252
1032.0 0.0008874285413185135
1033.0 0.0008390937182412017
1034.0 0.0007788827133481391
1035.0 0.0007186715720308712
1036.0 0.0006759817097190535
1037.0 0.000633291983831441
1038.0 0.0007680699127377011
1039.0 0.0009028475687955506
1040.0 0.0008025645001907833
1041.0 0.0007022812042123405
1042.0 0.0007264253781613661
1043.0 0.0007505695975851268
1044.0 0.0008554375199310016
1045.0 0.0009603055332263466
1046.0 0.0009169236363959499
1047.0 0.0008735418305150233
1048.0 0.0008625849659438245
1049.0 0.0008516283742210362
1050.0 0.0010769531400001142
1051.0 0.0013022779057791922
1052.0 0.0011641276614682283
1053.0 0.0010259769624099135
1054.0 0.0009046631930686999
1055.0 0.0007833493327780161
1056.0 0.0007332843324547866
1057.0 0.0006832192866568221
1058.0 0.0009523359949525911
1059.0 0.0012214523849252146
1060.0 0.001211510880239075
1061.0 0.001201569102704525
1062.0 0.001233923921972746
1063.0 0.0012662785593420267
1064.0 0.0012107350812584627
1065.0 0.001155191694124369
1066.0 0.0015053745300974697
1067.0 0.0018555572751211002
1068.0 0.0020372088329168037
1069.0 0.0022188600269146264
1070.0 0.0023041908207233064
1071.0 0.0023895216145319864
1072.0 0.002248129567306023
1073.0 0.002106737701979
1074.0 0.0022101783542893827
1075.0 0.002313618824700825
1076.0 0.002492871499271132
1077.0 0.002672123991942499
1078.0 0.0030008730391273275
1079.0 0.003329621540615335
1080.0 0.003825021121883765
1081.0 0.004320419975556433
1082.0 0.004077993435203098
1083.0 0.0038355668948497623
1084.0 0.004091685696039349
1085.0 0.004347803769633174
1086.0 0.004465418169274926
1087.0 0.004583031841320917
1088.0 0.0042255975131411105
1089.0 0.0038681635487591848
1090.0 0.0031852836400503293
1091.0 0.0025024037313414738
1092.0 0.003575969094526954
1093.0 0.0046495340939145535
1094.0 0.004245063610142097
1095.0 0.003840593490167521
1096.0 0.0036443947465159
1097.0 0.003448196002864279
1098.0 0.003908521466655657
1099.0 0.0043688469304470345
1100.0 0.0036368870496517047
1101.0 0.0029049269869574346
