lsstCam/transmission_filter_detector/r31_s00/u_24/19700101T000000.ecsv
# %ECSV 1.0
# ---
# datatype:
# - {name: wavelength, unit: nm, datatype: float32}
# - {name: efficiency, unit: '%', datatype: float64}
# meta: !!omap
# - {MODE: DETECTOR}
# - {TYPE: transmission_filter_detector}
# - {CALIBDATE: '1970-01-01T00:00:00'}
# - {INSTRUME: LSSTCam}
# - {OBSTYPE: transmission_filter_detector}
# - {CALIBCLS: lsst.ip.isr.IntermediateFilterDetectorTransmissionCurve}
# - {SOURCE: Materion (DM-46256)}
# - {DETECTOR: 126}
# - {FILTER: u_24}
# - {CALIB_ID: 'calibDate=1970-01-01T00:00:00 filter=u_24 detector=126'}
# - {DATE: '2025-04-02T15:59:40.332352'}
# - {CALIB_CREATION_DATE: '2025-04-02'}
# - {CALIB_CREATION_TIME: '15:59:40'}
# - __serialized_columns__:
#     efficiency:
#       __class__: astropy.units.quantity.Quantity
#       unit: !astropy.units.Unit {unit: '%'}
#       value: !astropy.table.SerializedColumn {name: efficiency}
#     wavelength:
#       __class__: astropy.units.quantity.Quantity
#       unit: !astropy.units.Unit {unit: nm}
#       value: !astropy.table.SerializedColumn {name: wavelength}
# schema: astropy-2.0
wavelength efficiency
295.0 1.6030265222871654e-10
296.0 1.6030265222871654e-10
297.0 1.6030265222871654e-10
298.0 1.6030265222871654e-10
299.0 1.6030265222871654e-10
300.0 1.6030265222871654e-10
301.0 1.6030265222871654e-10
302.0 1.6030265222871654e-10
303.0 1.6030265222871654e-10
304.0 0.09107390651479363
305.0 0.6815471686422825
306.0 1.5543160028755665
307.0 3.0350977554917336
308.0 5.133477225899696
309.0 8.281867951154709
310.0 11.521800607442856
311.0 15.284492075443268
312.0 19.02671605348587
313.0 22.154630720615387
314.0 25.3432959318161
315.0 27.696481347084045
316.0 29.834219813346863
317.0 32.24274218082428
318.0 35.006922483444214
319.0 38.53003978729248
320.0 43.759411573410034
321.0 48.96588921546936
322.0 55.09229302406311
323.0 60.62116026878357
324.0 65.3332769870758
325.0 68.61339211463928
326.0 71.0829496383667
327.0 73.07301759719849
328.0 74.9183714389801
329.0 76.25294923782349
330.0 77.64039039611816
331.0 78.42268943786621
332.0 78.95057201385498
333.0 79.0561318397522
334.0 78.90846729278564
335.0 79.01938557624817
336.0 79.0908932685852
337.0 79.58294749259949
338.0 80.49260973930359
339.0 81.14051818847656
340.0 81.54085278511047
341.0 81.95692896842957
342.0 82.32059478759766
343.0 82.25451111793518
344.0 82.43156671524048
345.0 82.81900882720947
346.0 83.11343789100647
347.0 83.49049687385559
348.0 83.74050259590149
349.0 83.9829683303833
350.0 84.06715989112854
351.0 84.26411151885986
352.0 84.14329290390015
353.0 84.060537815094
354.0 84.05759930610657
355.0 84.17715430259705
356.0 84.37819480895996
357.0 84.32297110557556
358.0 83.9846670627594
359.0 83.7229073047638
360.0 83.62375497817993
361.0 83.44041705131531
362.0 83.26432704925537
363.0 83.42065811157227
364.0 83.51331949234009
365.0 83.7645173072815
366.0 83.9899480342865
367.0 84.02652144432068
368.0 84.0084969997406
369.0 84.06956195831299
370.0 83.79501700401306
371.0 83.57276916503906
372.0 83.5769772529602
373.0 83.67661237716675
374.0 83.67345333099365
375.0 84.03242826461792
376.0 84.17944312095642
377.0 84.19479727745056
378.0 84.25397872924805
379.0 84.02069807052612
380.0 83.42947959899902
381.0 82.13434219360352
382.0 80.43157458305359
383.0 78.4362256526947
384.0 76.38431191444397
385.0 74.09233450889587
386.0 71.65054082870483
387.0 68.41160655021667
388.0 65.1235818862915
389.0 61.26384735107422
390.0 57.2348952293396
391.0 53.03664803504944
392.0 48.51323962211609
393.0 44.65971291065216
394.0 41.31425321102142
395.0 37.929776310920715
396.0 34.451448917388916
397.0 29.92919683456421
398.0 24.59421157836914
399.0 18.005116283893585
400.0 11.759017407894135
401.0 6.738440692424774
402.0 3.129083290696144
403.0 1.0974029079079628
404.0 0.3438863204792142
405.0 0.16100029461085796
406.0 0.061755889328196645
407.0 0.028773490339517593
408.0 1.6030265222871654e-10
409.0 0.0022344745957525447
410.0 1.6030265222871654e-10
411.0 1.6030265222871654e-10
412.0 1.6030265222871654e-10
413.0 1.6030265222871654e-10
414.0 1.6030265222871654e-10
415.0 1.6030265222871654e-10
416.0 1.6030265222871654e-10
417.0 1.6030265222871654e-10
418.0 1.6030265222871654e-10
419.0 1.6030265222871654e-10
420.0 1.6030265222871654e-10
421.0 1.6030265222871654e-10
422.0 1.6030265222871654e-10
423.0 1.6030265222871654e-10
424.0 1.6030265222871654e-10
425.0 1.6030265222871654e-10
426.0 1.6030265222871654e-10
427.0 1.6030265222871654e-10
428.0 1.6030265222871654e-10
429.0 1.6030265222871654e-10
430.0 1.6030265222871654e-10
431.0 1.6030265222871654e-10
432.0 1.6030265222871654e-10
433.0 1.6030265222871654e-10
434.0 1.6030265222871654e-10
435.0 1.6030265222871654e-10
436.0 0.0006240311449801084
437.0 1.6030265222871654e-10
438.0 1.6030265222871654e-10
439.0 0.00016480821614095476
440.0 0.0013138791473465972
441.0 1.6030265222871654e-10
442.0 1.6030265222871654e-10
443.0 1.6030265222871654e-10
444.0 1.6030265222871654e-10
445.0 1.6030265222871654e-10
446.0 1.6030265222871654e-10
447.0 1.6030265222871654e-10
448.0 1.6030265222871654e-10
449.0 1.6030265222871654e-10
450.0 1.6030265222871654e-10
451.0 1.6030265222871654e-10
452.0 0.00037047088881081436
453.0 0.0003140475882901228
454.0 0.00025762424229469616
455.0 1.6030265222871654e-10
456.0 1.6030265222871654e-10
457.0 1.6030265222871654e-10
458.0 0.00021632376956404187
459.0 0.00012173409231763799
460.0 2.7144349701302417e-05
461.0 1.6030265222871654e-10
462.0 1.6030265222871654e-10
463.0 1.6030265222871654e-10
464.0 0.0012952270481036976
465.0 0.001095913103199564
466.0 0.0008965991582954302
467.0 0.000175372861122014
468.0 1.6030265222871654e-10
469.0 1.6030265222871654e-10
470.0 1.6030265222871654e-10
471.0 1.6030265222871654e-10
472.0 1.6030265222871654e-10
473.0 1.6030265222871654e-10
474.0 1.6030265222871654e-10
475.0 1.6030265222871654e-10
476.0 1.6030265222871654e-10
477.0 1.6030265222871654e-10
478.0 1.6030265222871654e-10
479.0 1.6030265222871654e-10
480.0 1.6030265222871654e-10
481.0 1.6030265222871654e-10
482.0 1.6030265222871654e-10
483.0 1.6030265222871654e-10
484.0 1.6030265222871654e-10
485.0 1.6030265222871654e-10
486.0 1.6030265222871654e-10
487.0 1.6030265222871654e-10
488.0 5.708544108529168e-05
489.0 1.6030265222871654e-10
490.0 1.6030265222871654e-10
491.0 1.6030265222871654e-10
492.0 1.6030265222871654e-10
493.0 1.6030265222871654e-10
494.0 1.6030265222871654e-10
495.0 1.6030265222871654e-10
496.0 1.6030265222871654e-10
497.0 1.6030265222871654e-10
498.0 1.6030265222871654e-10
499.0 1.6030265222871654e-10
500.0 1.6030265222871654e-10
501.0 1.6030265222871654e-10
502.0 1.6030265222871654e-10
503.0 1.6030265222871654e-10
504.0 0.00016520217513971147
505.0 9.60931885174432e-06
506.0 1.6030265222871654e-10
507.0 1.6030265222871654e-10
508.0 1.6030265222871654e-10
509.0 1.6030265222871654e-10
510.0 1.6030265222871654e-10
511.0 0.0002883637534978334
512.0 0.0008051576514844783
513.0 0.0001437942387383373
514.0 1.6030265222871654e-10
515.0 1.6030265222871654e-10
516.0 1.6030265222871654e-10
517.0 1.6030265222871654e-10
518.0 1.6030265222871654e-10
519.0 1.6030265222871654e-10
520.0 1.6030265222871654e-10
521.0 1.6030265222871654e-10
522.0 1.6030265222871654e-10
523.0 1.6030265222871654e-10
524.0 1.6030265222871654e-10
525.0 1.6030265222871654e-10
526.0 1.6030265222871654e-10
527.0 1.6030265222871654e-10
528.0 1.6030265222871654e-10
529.0 5.635972684103763e-05
530.0 0.0001248298985956353
531.0 1.6030265222871654e-10
532.0 1.6030265222871654e-10
533.0 0.00021311141154001234
534.0 0.0008423993676842656
535.0 0.00013152778137737187
536.0 1.6030265222871654e-10
537.0 1.6030265222871654e-10
538.0 1.6030265222871654e-10
539.0 1.6030265222871654e-10
540.0 1.6030265222871654e-10
541.0 1.6030265222871654e-10
542.0 1.6030265222871654e-10
543.0 1.6030265222871654e-10
544.0 1.6030265222871654e-10
545.0 3.3574605140529457e-05
546.0 0.00023014147245703498
547.0 0.00013963895071356092
548.0 4.9136383495351765e-05
549.0 0.00016604074062342988
550.0 0.000282945097751508
551.0 0.00012187288120912854
552.0 1.6030265222871654e-10
553.0 1.6030265222871654e-10
554.0 1.6030265222871654e-10
555.0 1.6030265222871654e-10
556.0 1.6030265222871654e-10
557.0 1.6030265222871654e-10
558.0 1.6030265222871654e-10
559.0 1.6030265222871654e-10
560.0 1.6030265222871654e-10
561.0 2.6503922612164388e-06
562.0 0.00012853693078795914
563.0 1.6030265222871654e-10
564.0 1.6030265222871654e-10
565.0 1.6030265222871654e-10
566.0 1.6030265222871654e-10
567.0 1.6030265222871654e-10
568.0 1.6030265222871654e-10
569.0 5.247083549875242e-05
570.0 0.00027722953745978884
571.0 0.00024751100227149436
572.0 0.00021779251255793497
573.0 0.0002385283096373314
574.0 0.0002592641521914629
575.0 0.00023054060420690803
576.0 0.00020181710169708822
577.0 0.0002935806151072029
578.0 0.0003853441739920527
579.0 0.0005820392743771663
580.0 0.0007787343747622799
581.0 0.0010231149644823745
582.0 0.0012674956451519392
583.0 0.0015580491890432313
584.0 0.001848602551035583
585.0 0.0014864401236991398
586.0 0.0011242777873121668
587.0 0.0008152615919243544
588.0 0.0005062452601123368
589.0 0.0007319740234379424
590.0 0.0009577026503393427
591.0 0.0007976154847710859
592.0 0.0006375285465765046
593.0 0.0007349809038714739
594.0 0.0008324333975906484
595.0 0.0008165924555214588
596.0 0.0008007517863006797
597.0 0.0007601403467560885
598.0 0.0007195289072114974
599.0 0.0009306937499786727
600.0 0.001141858592745848
601.0 0.0015437142792507075
602.0 0.0019455701476545073
603.0 0.0021811501937918365
604.0 0.0024167306037270464
605.0 0.0021074334654258564
606.0 0.0017981368728214875
607.0 0.0011827992238977458
608.0 0.0005674616659234744
609.0 0.00039500341699749697
610.0 0.00022254505438468186
611.0 0.0002120872522937134
612.0 0.00020162942746537738
613.0 0.0003580742486519739
614.0 0.0005145190243638353
615.0 0.0006321724413282936
616.0 0.0007498256763938116
617.0 0.0006640791980316862
618.0 0.0005783326741948258
619.0 0.0005068799964647042
620.0 0.0004354272732598474
621.0 0.000598588167122216
622.0 0.0007617488790856441
623.0 0.0006068685252103023
624.0 0.00045198798943602014
625.0 0.00046956561163824517
626.0 0.0004871433247899404
627.0 0.0006850158570159692
628.0 0.0008828884347167332
629.0 0.0008178109965228941
630.0 0.0007527334673795849
631.0 0.0012882606824859977
632.0 0.0018237878975924104
633.0 0.002087597022182308
634.0 0.002351406146772206
635.0 0.002677981865417678
636.0 0.0030045574021642096
637.0 0.0026227453417959623
638.0 0.0022409334633266553
639.0 0.0020443358152988367
640.0 0.0018477385310688987
641.0 0.0016429585230071098
642.0 0.001438178605894791
643.0 0.001019782303046668
644.0 0.0006013859547238098
645.0 0.00020007155399071053
646.0 1.6030265222871654e-10
647.0 7.845644631743198e-05
648.0 0.0003581559667509282
649.0 0.00018966578636536724
650.0 2.1175668507567025e-05
651.0 0.0003521170356179937
652.0 0.0006830583970440784
653.0 0.000842839745018864
654.0 0.001002621320367325
655.0 0.0013134652363078203
656.0 0.0016243093341472559
657.0 0.0019972905647591688
658.0 0.002370271977270022
659.0 0.002907046291511506
660.0 0.0034438206057529896
661.0 0.0034003442124230787
662.0 0.0033568678190931678
663.0 0.003208180351066403
664.0 0.0030594925192417577
665.0 0.002411550303804688
666.0 0.001763608270266559
667.0 0.0014290886610979214
668.0 0.0010945688700303435
669.0 0.0010084547284350265
670.0 0.0009223404958902393
671.0 0.0006059853149054106
672.0 0.00028962999749637675
673.0 0.00040825784708431456
674.0 0.0005268857876217226
675.0 0.0006268524884944782
676.0 0.0007268190074682934
677.0 0.000871948850544868
678.0 0.0010170785571972374
679.0 0.0015041936421766877
680.0 0.0019913088181056082
681.0 0.002977313670271542
682.0 0.003963318522437476
683.0 0.005240859172772616
684.0 0.0065183987317141145
685.0 0.007609800377395004
686.0 0.008701202750671655
687.0 0.008281060581794009
688.0 0.007860919868107885
689.0 0.006963961641304195
690.0 0.006067004869692028
691.0 0.005025019709137268
692.0 0.003983034548582509
693.0 0.0032243478926829994
694.0 0.0024656606910866685
695.0 0.0019135353795718402
696.0 0.001361410159006482
697.0 0.0010847708836081438
698.0 0.0008081316082098056
699.0 0.0007277587883436354
700.0 0.0006473859230027301
701.0 0.0006410526111721992
702.0 0.000634719117442728
703.0 0.0005192504431761336
704.0 0.000403781723434804
705.0 0.0005005313596484484
706.0 0.0005972809049126226
707.0 0.000779807578510372
708.0 0.0009623341611586511
709.0 0.000944192197493976
710.0 0.000926050324778771
711.0 0.0007339881449297536
712.0 0.0005419261015049415
713.0 0.0006339046649372904
714.0 0.0007258833647938445
715.0 0.0007212797754618805
716.0 0.0007166761861299165
717.0 0.000750228582546697
718.0 0.0007837809789634775
719.0 0.0006663633485004539
720.0 0.0005489458089869004
721.0 0.00035906198263546685
722.0 0.000169178122177982
723.0 0.00032969437597785145
724.0 0.0004902105047221994
725.0 0.00033702049222483765
726.0 0.0001838304456214246
727.0 1.6030265222871654e-10
728.0 1.6030265222871654e-10
729.0 1.6030265222871654e-10
730.0 0.00020499637685134076
731.0 0.00024572686925239395
732.0 0.0002864574298655498
733.0 0.00023222285108204233
734.0 0.00017798839735405636
735.0 0.0003639252554421546
736.0 0.0005498621248989366
737.0 0.00041404873627470806
738.0 0.00027823530217574444
739.0 0.0006128017503215233
740.0 0.000947368152992567
741.0 0.0011095631634816527
742.0 0.001271757992071798
743.0 0.0017004491382976994
744.0 0.002129140375473071
745.0 0.0027266336473985575
746.0 0.003324126737425104
747.0 0.0034026914363494143
748.0 0.003481255771475844
749.0 0.003449420182732865
750.0 0.0034175845939898863
751.0 0.0033765187254175544
752.0 0.0033354528568452224
753.0 0.00300605042866664
754.0 0.002676647636690177
755.0 0.0026433208404341713
756.0 0.0026099940441781655
757.0 0.0023337945094681345
758.0 0.0020575949747581035
759.0 0.0017054098861990497
760.0 0.0013532246157410555
761.0 0.00104155460576294
762.0 0.0007298846412595594
763.0 0.0005472300927067408
764.0 0.0003645757260528626
765.0 0.00029387288122961763
766.0 0.0002231699454569025
767.0 0.00038605480767728295
768.0 0.0005489396698976634
769.0 0.0005243231498752721
770.0 0.0004997068117518211
771.0 0.0005377818524721079
772.0 0.0005758568931923946
773.0 0.0007442177320626797
774.0 0.0009125785254582297
775.0 0.0008916501428757329
776.0 0.0008707220331416465
777.0 0.0006331695203698473
778.0 0.0003956172349717235
779.0 0.0006304149792413227
780.0 0.0008652126780361868
781.0 0.001069495738192927
782.0 0.0012737787074001972
783.0 0.00094293745860341
784.0 0.0006120961643318878
785.0 0.0010321190529793967
786.0 0.0014521420780511107
787.0 0.00112112456918112
788.0 0.0007901069693616591
789.0 0.0007813231604814064
790.0 0.0007725391697022133
791.0 0.0007293254839169094
792.0 0.0006861116617074003
793.0 0.000673389831717941
794.0 0.0006606680017284816
795.0 0.0005215209057496395
796.0 0.0003823737188213272
797.0 0.0002747717871898203
798.0 0.00016716993513909983
799.0 9.316204341303091e-05
800.0 1.915417584541501e-05
801.0 1.6030265222871654e-10
802.0 1.6030265222871654e-10
803.0 1.6030265222871654e-10
804.0 1.6030265222871654e-10
805.0 1.6030265222871654e-10
806.0 1.6030265222871654e-10
807.0 1.6030265222871654e-10
808.0 9.054487009052536e-05
809.0 0.00016454292790513136
810.0 0.0002385409743510536
811.0 0.000110890255200502
812.0 1.6030265222871654e-10
813.0 0.00014730987913935678
814.0 0.0003113801540166605
815.0 0.0004334572622610722
816.0 0.0005555343705054838
817.0 0.00039836636460677255
818.0 0.0002411984269201639
819.0 0.00026686186629376607
820.0 0.0002925253966168384
821.0 0.00013180459745854023
822.0 1.6030265222871654e-10
823.0 0.00010769267646537628
824.0 0.0002443014864184079
825.0 9.558041256241268e-05
826.0 1.6030265222871654e-10
827.0 1.6030265222871654e-10
828.0 1.6030265222871654e-10
829.0 1.6030265222871654e-10
830.0 1.6030265222871654e-10
831.0 1.6030265222871654e-10
832.0 0.0001639877154957503
833.0 0.00013992473668622551
834.0 0.00011586181472011958
835.0 2.270922578873069e-05
836.0 1.6030265222871654e-10
837.0 1.6030265222871654e-10
838.0 1.6030265222871654e-10
839.0 1.6030265222871654e-10
840.0 4.685714429797372e-05
841.0 4.373343926999951e-05
842.0 4.060969729380304e-05
843.0 0.00013487904197972966
844.0 0.00022914837245480157
845.0 0.00017542720343044493
846.0 0.0001217061139868747
847.0 1.6030265222871654e-10
848.0 1.6030265222871654e-10
849.0 1.6030265222871654e-10
850.0 0.0001833778355830873
851.0 0.0001597985374246491
852.0 0.00013621935295304866
853.0 4.688393460128282e-05
854.0 1.6030265222871654e-10
855.0 6.739399509569921e-05
856.0 0.000177239246568206
857.0 0.00032128045859280974
858.0 0.00046532159103662707
859.0 0.0008974097909231205
860.0 0.0013294979908096138
861.0 0.001170292580354726
862.0 0.0010110873517987784
863.0 0.0010585767995507922
864.0 0.0011060664292017464
865.0 0.001256689392903354
866.0 0.0014073122656554915
867.0 0.0016316385881509632
868.0 0.0018559645468485542
869.0 0.0017222542737727053
870.0 0.0015885438187979162
871.0 0.0017897096768137999
872.0 0.0019908753529307432
873.0 0.0024084674805635586
874.0 0.002826060153893195
