lsstCam/transmission_filter_detector/r31_s00/u_24/19700101T000000.ecsv
# %ECSV 1.0
# ---
# datatype:
# - {name: wavelength, unit: nm, datatype: float32}
# - {name: efficiency, unit: '%', datatype: float64}
# meta: !!omap
# - {MODE: DETECTOR}
# - {TYPE: transmission_filter_detector}
# - {CALIBDATE: '1970-01-01T00:00:00'}
# - {INSTRUME: LSSTCam}
# - {OBSTYPE: transmission_filter_detector}
# - {CALIBCLS: lsst.ip.isr.IntermediateFilterDetectorTransmissionCurve}
# - {SOURCE: Materion (DM-46256)}
# - {DETECTOR: 126}
# - {FILTER: u_24}
# - {CALIB_ID: 'calibDate=1970-01-01T00:00:00 filter=u_24 detector=126'}
# - {DATE: '2025-04-02T15:59:40.332352'}
# - {CALIB_CREATION_DATE: '2025-04-02'}
# - {CALIB_CREATION_TIME: '15:59:40'}
# - __serialized_columns__:
#     efficiency:
#       __class__: astropy.units.quantity.Quantity
#       unit: !astropy.units.Unit {unit: '%'}
#       value: !astropy.table.SerializedColumn {name: efficiency}
#     wavelength:
#       __class__: astropy.units.quantity.Quantity
#       unit: !astropy.units.Unit {unit: nm}
#       value: !astropy.table.SerializedColumn {name: wavelength}
# schema: astropy-2.0
wavelength efficiency
[from data line 581]
876.0 0.0025887957235681824
877.0 0.002631240204209462
878.0 0.0026736848667496815
879.0 0.002483839853084646
880.0 0.002293994839419611
881.0 0.002475077963026706
882.0 0.002656160904734861
883.0 0.002627851426950656
884.0 0.0025995419491664506
885.0 0.0027178877644473687
886.0 0.0028362335797282867
887.0 0.0025020341126946732
888.0 0.0021678344637621194
889.0 0.0024988008590298705
890.0 0.002829767072398681
891.0 0.002751113788690418
892.0 0.002672460686881095
893.0 0.002757853872026317
894.0 0.002843246875272598
895.0 0.0030831797630526125
896.0 0.0033231128327315673
897.0 0.003475548146525398
898.0 0.0036279830965213478
899.0 0.0037871606764383614
900.0 0.003946338620153256
901.0 0.004073174204677343
902.0 0.004200010516797192
903.0 0.004372300827526487
904.0 0.004544591138255782
905.0 0.004796034045284614
906.0 0.005047476588515565
907.0 0.0052103230700595304
908.0 0.005373169551603496
909.0 0.005575628892984241
910.0 0.005778088234364986
911.0 0.005655325003317557
912.0 0.005532562136068009
913.0 0.005357701957109384
914.0 0.00518284177815076
915.0 0.00493444167659618
916.0 0.0046860415750416
917.0 0.004449207699508406
918.0 0.004212373460177332
919.0 0.004243332296027802
920.0 0.004274291131878272
921.0 0.00455165354651399
922.0 0.004829015597351827
923.0 0.005153527672518976
924.0 0.005478039747686125
925.0 0.005848833825439215
926.0 0.006219628266990185
927.0 0.006494196713902056
928.0 0.006768765160813928
929.0 0.006928878428880125
930.0 0.007088992424542084
931.0 0.007170972821768373
932.0 0.007252951763803139
933.0 0.007258460391312838
934.0 0.007263966836035252
935.0 0.0072521033871453255
936.0 0.007240238483063877
937.0 0.006962854968151078
938.0 0.00668547218083404
939.0 0.00647623892291449
940.0 0.006267004937399179
941.0 0.005373227031668648
942.0 0.004479448762140237
943.0 0.004099368015886284
944.0 0.0037192876334302127
945.0 0.0033529780921526253
946.0 0.002986668550875038
947.0 0.002549050986999646
948.0 0.0021114334231242537
949.0 0.0015952648027450778
950.0 0.0010790960004669614
951.0 0.0011263653505011462
952.0 0.0011736344276869204
953.0 0.001591389809618704
954.0 0.0020091447368031368
955.0 0.0020773317373823375
956.0 0.0021455183741636574
957.0 0.0024721777663216926
958.0 0.002798837158479728
959.0 0.0029835498935426585
960.0 0.0031682622648077086
961.0 0.0037787380279041827
962.0 0.004389213427202776
963.0 0.004324407200329006
964.0 0.004259600973455235
965.0 0.004531181912170723
966.0 0.0048027632146840915
967.0 0.004453237124835141
968.0 0.00410371067118831
969.0 0.004336552592576481
970.0 0.004569394150166772
971.0 0.004512614032137208
972.0 0.004455833550309762
973.0 0.004411628833622672
974.0 0.0043674237531377
975.0 0.004341956082498655
976.0 0.004316488411859609
977.0 0.00363402214134112
978.0 0.002951556052721571
979.0 0.002883885463234037
980.0 0.002816214873746503
981.0 0.0027045751266996376
982.0 0.002592935925349593
983.0 0.002643241168698296
984.0 0.0026935467758448794
985.0 0.002899347418860998
986.0 0.0031051484256749973
987.0 0.0034877797588706017
988.0 0.003870411092066206
989.0 0.004404471110319719
990.0 0.004938530764775351
991.0 0.00547503623238299
992.0 0.00601154169999063
993.0 0.006341603875625879
994.0 0.006671665323665366
995.0 0.006661359657300636
996.0 0.006651054718531668
997.0 0.006226818368304521
998.0 0.0058025820180773735
999.0 0.006124052015366033
1000.0 0.006445522740250453
1001.0 0.006580047192983329
1002.0 0.0067145738285034895
1003.0 0.006420627323677763
1004.0 0.006126681546447799
1005.0 0.005643889380735345
1006.0 0.00516109648742713
1007.0 0.00516385625815019
1008.0 0.005166616392671131
1009.0 0.004661854836740531
1010.0 0.0041570932808099315
1011.0 0.0038798545574536547
1012.0 0.003602615834097378
1013.0 0.0029014099709456787
1014.0 0.0022002037439960986
1015.0 0.001987914220080711
1016.0 0.0017756243323674425
1017.0 0.0015030406757432502
1018.0 0.001230457110068528
1019.0 0.0011504417670948897
1020.0 0.0010704266060201917
1021.0 0.0010686853784136474
1022.0 0.0010669442417565733
1023.0 0.0012349571989034303
1024.0 0.0014029703379492275
1025.0 0.001043619431584375
1026.0 0.000684268798067933
1027.0 0.0011826440641016234
1028.0 0.0016810192391858436
1029.0 0.0016314606909872964
1030.0 0.0015819023246876895
1031.0 0.0018089209333993495
1032.0 0.002035939360212069
1033.0 0.0019351067749084905
1034.0 0.0018342738258070312
1035.0 0.001695449827820994
1036.0 0.001556625466037076
1037.0 0.0017523747374070808
1038.0 0.0019481238268781453
1039.0 0.0019608425645856187
1040.0 0.0019735614841920324
1041.0 0.002010730531765148
1042.0 0.0020478995793382637
1043.0 0.0021230292986729182
1044.0 0.002198159199906513
1045.0 0.0019743083612411283
1046.0 0.0017504573406768031
1047.0 0.001960862755367998
1048.0 0.0021712679881602526
1049.0 0.001911654726427514
1050.0 0.001652041100896895
1051.0 0.00176901576196542
1052.0 0.0018859904230339453
1053.0 0.0017921791368280537
1054.0 0.001698368214420043
1055.0 0.0016880045222933404
1056.0 0.0016776406482676975
1057.0 0.0014125274901743978
1058.0 0.0011474146958789788
1059.0 0.0008688669367984403
1060.0 0.000590319314142107
1061.0 0.0006750871307303896
1062.0 0.0007598551746923476
1063.0 0.0009293069524574094
1064.0 0.001098758730222471
1065.0 0.00090611501946114
1066.0 0.0007134712632250739
1067.0 0.0014769328117836267
1068.0 0.0022403944967663847
1069.0 0.001976979910978116
1070.0 0.0017135653251898475
1071.0 0.0027955429686699063
1072.0 0.0038775204302510247
1073.0 0.0029105831345077604
1074.0 0.0019436454749666154
1075.0 0.00229336346819764
1076.0 0.0026430814614286646
1077.0 0.002984375532832928
1078.0 0.0033256696042371914
1079.0 0.004399496901896782
1080.0 0.005473324563354254
1081.0 0.006044467954779975
1082.0 0.006615612073801458
1083.0 0.005534121737582609
1084.0 0.004452630673767999
1085.0 0.004468702172744088
1086.0 0.004484773671720177
1087.0 0.004372988041723147
1088.0 0.004261202411726117
1089.0 0.005686553049599752
1090.0 0.0071119036874733865
1091.0 0.004222304778522812
1092.0 0.0013327051419764757
1093.0 0.002768613921944052
1094.0 0.004204521610517986
1095.0 0.0036324239772511646
1096.0 0.0030603256163885817
1097.0 0.002457395748933777
1098.0 0.0018544662452768534
1099.0 0.0030674735171487555
1100.0 0.0042804807890206575
