lsstCam/transmission_filter_detector/r12_s01/y_10/19700101T000000.ecsv
# %ECSV 1.0
# ---
# datatype:
# - {name: wavelength, unit: nm, datatype: float32}
# - {name: efficiency, unit: '%', datatype: float64}
# meta: !!omap
# - {MODE: DETECTOR}
# - {TYPE: transmission_filter_detector}
# - {CALIBDATE: '1970-01-01T00:00:00'}
# - {INSTRUME: LSSTCam}
# - {OBSTYPE: transmission_filter_detector}
# - {CALIBCLS: lsst.ip.isr.IntermediateFilterDetectorTransmissionCurve}
# - {SOURCE: Materion (DM-46256)}
# - {DETECTOR: 46}
# - {FILTER: y_10}
# - {CALIB_ID: 'calibDate=1970-01-01T00:00:00 filter=y_10 detector=46'}
# - {DATE: '2025-04-02T15:59:50.954857'}
# - {CALIB_CREATION_DATE: '2025-04-02'}
# - {CALIB_CREATION_TIME: '15:59:50'}
# - __serialized_columns__:
#     efficiency:
#       __class__: astropy.units.quantity.Quantity
#       unit: !astropy.units.Unit {unit: '%'}
#       value: !astropy.table.SerializedColumn {name: efficiency}
#     wavelength:
#       __class__: astropy.units.quantity.Quantity
#       unit: !astropy.units.Unit {unit: nm}
#       value: !astropy.table.SerializedColumn {name: wavelength}
# schema: astropy-2.0
wavelength efficiency
300.0 0.5334628745913506
301.0 0.28629330918192863
302.0 0.03912372048944235
303.0 0.03754320787265897
304.0 0.03596270107664168
305.0 0.023040770611260086
306.0 0.010118835052708164
307.0 0.01585613063070923
308.0 0.021593424025923014
309.0 0.015822891145944595
310.0 0.010052355355583131
311.0 0.008398198406212032
312.0 0.006744039274053648
313.0 0.007771825767122209
314.0 0.00879961226019077
315.0 0.00678832147968933
316.0 0.004777033973368816
317.0 0.005597047857008874
318.0 0.006417058466468006
319.0 0.0029290682505234145
320.0 1.5866215676355044e-10
321.0 0.0020669067453127354
322.0 0.004692736911238171
323.0 0.0032629854104015976
324.0 0.0018332335457671434
325.0 0.0005490004241437418
326.0 1.5866215676355044e-10
327.0 0.00038254538594628684
328.0 0.0015003235603217036
329.0 0.003265875784563832
330.0 0.00503142800880596
331.0 0.004280023495084606
332.0 0.003528618981363252
333.0 0.0025068131435546093
334.0 0.0014850068509986158
335.0 0.001943867391673848
336.0 0.0024027285689953715
337.0 0.0029469229048117995
338.0 0.003491116876830347
339.0 0.001625905315449927
340.0 1.5866215676355044e-10
341.0 1.5866215676355044e-10
342.0 1.5866215676355044e-10
343.0 1.5866215676355044e-10
344.0 0.0005800879534945125
345.0 0.0010452516107761767
346.0 0.0015104157682799269
347.0 0.0015232046280289069
348.0 0.0015359932149294764
349.0 0.001460910243622493
350.0 0.001385826908517629
351.0 0.0014189768080541398
352.0 0.0014521262528432999
353.0 0.001184806114906678
354.0 0.0009174858860205859
355.0 0.0010806658792716917
356.0 0.0012438458725227974
357.0 0.0008159707249433268
358.0 0.0003880953045154456
359.0 0.0006693853720207699
360.0 0.000950675348576624
361.0 0.0013281450264912564
362.0 0.0017056145225069486
363.0 0.0013093686902720947
364.0 0.0009131224942393601
365.0 0.0011845966582768597
366.0 0.0014560712770617101
367.0 0.0019355606127646752
368.0 0.0024150500394171104
369.0 0.002047865928034298
370.0 0.0016806819985504262
371.0 0.0016813413822092116
372.0 0.0016820004020701163
373.0 0.0021830457626492716
374.0 0.002684091123228427
375.0 0.003496095450827852
376.0 0.004308099232730456
377.0 0.004191420157440007
378.0 0.004074741082149558
379.0 0.003611302236095071
380.0 0.003147863390040584
381.0 0.002041238440142479
382.0 0.0009346133992949035
383.0 0.0010043606380349956
384.0 0.001074107512977207
385.0 0.0008889894161256962
386.0 0.000703871228324715
387.0 0.0006680346359644318
388.0 0.0006321981800283538
389.0 0.0005821536433359142
390.0 0.0005321092430676799
391.0 0.0005328040970198344
392.0 0.0005334990419214591
393.0 0.0006163228135847021
394.0 0.0006991467671468854
395.0 0.0006236309218365932
396.0 0.0005481151674757712
397.0 0.0008189768777810968
398.0 0.0010898385880864225
399.0 0.0012894847714051139
400.0 0.0014891309547238052
401.0 0.0016331216102116741
402.0 0.001777112265699543
403.0 0.0017931099137058482
404.0 0.001809107379813213
405.0 0.0017107193343690597
406.0 0.0016123316527227871
407.0 0.0014123221262707375
408.0 0.0012123129636165686
409.0 0.0009572363524057437
410.0 0.0007021594228717731
411.0 0.0005009361757402075
412.0 0.0002997129058712744
413.0 0.0008022413567232434
414.0 0.0013047697393631097
415.0 0.0020139937987551093
416.0 0.002723217949096579
417.0 0.0014827765880909283
418.0 0.0002423352043479099
419.0 1.5866215676355044e-10
420.0 1.5866215676355044e-10
421.0 2.562348697665584e-05
422.0 0.0009729621524456888
423.0 0.0011368972991476767
424.0 0.001300832173001254
425.0 0.00033370770324836485
426.0 1.5866215676355044e-10
427.0 1.5866215676355044e-10
428.0 0.00035463981475913897
429.0 1.5866215676355044e-10
430.0 1.5866215676355044e-10
431.0 0.0004459989213501103
432.0 0.0012669573152379598
433.0 0.0008418611287197564
434.0 0.000416765487898374
435.0 1.5866215676355044e-10
436.0 1.5866215676355044e-10
437.0 1.5866215676355044e-10
438.0 0.0001282081939280033
439.0 1.5866215676355044e-10
440.0 1.5866215676355044e-10
441.0 1.5866215676355044e-10
442.0 1.5866215676355044e-10
443.0 1.5866215676355044e-10
444.0 1.5866215676355044e-10
445.0 0.0003215069227735512
446.0 0.0006726213086949429
447.0 0.0007067189471854363
448.0 0.0007408163583022542
449.0 0.0007754965736239683
450.0 0.0008101765160972718
451.0 0.000416381772083696
452.0 2.258719433712031e-05
453.0 1.5866215676355044e-10
454.0 1.5866215676355044e-10
455.0 1.5866215676355044e-10
456.0 1.5866215676355044e-10
457.0 1.5866215676355044e-10
458.0 7.852470389480004e-05
459.0 0.00022424808321375167
460.0 0.00036997153074480593
461.0 0.00042194646994175855
462.0 0.0004739213636639761
463.0 0.0004978515789844096
464.0 0.0005217818397795781
465.0 0.0005537293873203453
466.0 0.0005856770712853177
467.0 0.0009395675078849308
468.0 0.0012934577171108685
469.0 0.0015220236491586547
470.0 0.0017505890355096199
471.0 0.0018676470062928274
472.0 0.0019847046132781543
473.0 0.002349132228118833
474.0 0.0027135600248584524
475.0 0.0027052516088588163
476.0 0.0026969433747581206
477.0 0.00323908643622417
478.0 0.00378122967958916
479.0 0.004277773041394539
480.0 0.004774316403199919
481.0 0.004784712291439064
482.0 0.004795108179678209
483.0 0.004161315155215561
484.0 0.003527521766955033
485.0 0.0037759888073196635
486.0 0.004024455120088533
487.0 0.003500893944874406
488.0 0.002977332587761339
489.0 0.0024299606593558565
490.0 0.0018825889128493145
491.0 0.0017391310393577442
492.0 0.0015956729839672334
493.0 0.0012083859473932534
494.0 0.000821099183667684
495.0 0.0011190803888894152
496.0 0.0014170616850606166
497.0 0.0018501828890293837
498.0 0.0022833044567960314
499.0 0.0024748811483732425
500.0 0.002666458021849394
501.0 0.0026084986529895104
502.0 0.002550539284129627
503.0 0.0025574290702934377
504.0 0.0025643184926593676
505.0 0.003099219247815199
506.0 0.0036341200029710308
507.0 0.002726113780227024
508.0 0.0018181070117861964
509.0 0.0020361329006846063
510.0 0.002254158607684076
511.0 0.0021362322513596155
512.0 0.0020183060769340955
513.0 0.001963485738087911
514.0 0.0019086657630396076
515.0 0.001703077032289002
516.0 0.0014974883015383966
517.0 0.0014281869880505838
518.0 0.0013588853107648902
519.0 0.001508947661932325
520.0 0.001659009649301879
521.0 0.0017791968275560066
522.0 0.0018993836420122534
523.0 0.0018346316210227087
524.0 0.0017698794181342237
525.0 0.002192855754401535
526.0 0.0026158328182646073
527.0 0.0024496021069353446
528.0 0.0022833721232018434
529.0 0.002467577360221185
530.0 0.002651782415341586
531.0 0.002485463846824132
532.0 0.0023191449145087972
533.0 0.0025122386432485655
534.0 0.002705331462493632
535.0 0.002435365786368493
536.0 0.0021653997464454733
537.0 0.0024382259653066285
538.0 0.0027110521841677837
539.0 0.0034596236218931153
540.0 0.004208194513921626
541.0 0.004104931213078089
542.0 0.0040016675484366715
543.0 0.004294480095268227
544.0 0.004587292278301902
545.0 0.004979884397471324
546.0 0.005372476152842864
547.0 0.004445968079380691
548.0 0.003519459642120637
549.0 0.003073845073231496
550.0 0.002628230140544474
551.0 0.0025632103643147275
552.0 0.0024981904061860405
553.0 0.0029873885068809614
554.0 0.003476586061879061
555.0 0.003794253643718548
556.0 0.004111922316951677
557.0 0.00377872129320167
558.0 0.003445520269451663
559.0 0.00338029203703627
560.0 0.003315063804620877
561.0 0.0034489792597014457
562.0 0.0035828947147820145
563.0 0.0035127555747749284
564.0 0.0034426160709699616
565.0 0.0038312387914629653
566.0 0.004219861511955969
567.0 0.00451969463028945
568.0 0.0048195277486229315
569.0 0.005232960393186659
570.0 0.005646393401548266
571.0 0.005670149766956456
572.0 0.005693906496162526
573.0 0.0060849841247545555
574.0 0.0064760621171444654
575.0 0.006449181091738865
576.0 0.006422299338737503
577.0 0.005831426460645162
578.0 0.005240554310148582
579.0 0.005961085116723552
580.0 0.006681615923298523
581.0 0.007220858242362738
582.0 0.007760099833831191
583.0 0.008743586658965796
584.0 0.009727071301313117
585.0 0.009911257802741602
586.0 0.010095445031765848
587.0 0.010194102651439607
588.0 0.01029275736073032
589.0 0.010469757398823276
590.0 0.010646758892107755
591.0 0.009991192928282544
592.0 0.009335626964457333
593.0 0.007640904368599877
594.0 0.005946185774519108
595.0 0.005738740583183244
596.0 0.00553129575564526
597.0 0.005900214455323294
598.0 0.006269133155001327
599.0 0.007314194226637483
600.0 0.008359254570677876
601.0 0.009045296610565856
602.0 0.009731336467666551
603.0 0.010513754386920482
604.0 0.011296172306174412
605.0 0.011383024684619159
606.0 0.011469875607872382
607.0 0.009860235877567902
608.0 0.008250598330050707
609.0 0.0065183550759684294
610.0 0.004786112913279794
611.0 0.003919230221072212
612.0 0.0030523475288646296
613.0 0.0036440247640712187
614.0 0.004235701271682046
615.0 0.004993341281078756
616.0 0.0057509823818691075
617.0 0.006935055716894567
618.0 0.008119129051920027
619.0 0.009233090531779453
620.0 0.010347052739234641
621.0 0.011292583803879097
622.0 0.012238115596119314
623.0 0.012098385923309252
624.0 0.011958654795307666
625.0 0.010589341400191188
626.0 0.009220026549883187
627.0 0.007283726881723851
628.0 0.00534742466697935
629.0 0.0043289470340823755
630.0 0.003310469401185401
631.0 0.00283282388409134
632.0 0.002355177821300458
633.0 0.002524432056816295
634.0 0.0026936864742310718
635.0 0.0028615191695280373
636.0 0.003029351319128182
637.0 0.003830470086541027
638.0 0.004631588308257051
639.0 0.004606294896802865
640.0 0.004581001121550798
641.0 0.0050818853196688
642.0 0.005582769517786801
643.0 0.005620054798782803
644.0 0.005657340079778805
645.0 0.005215362762100995
646.0 0.004773385080625303
647.0 0.003855702016153373
648.0 0.002938019133580383
649.0 0.0021500023649423383
650.0 0.0013619854144053534
651.0 0.0015077081116032787
652.0 0.001653431354498025
653.0 0.0014926623407518491
654.0 0.0013318933270056732
655.0 0.001438697290723212
656.0 0.0015455014363396913
657.0 0.001371337020827923
658.0 0.001197172787215095
659.0 0.0017230351659236476
660.0 0.0022488977265311405
661.0 0.001872753637144342
662.0 0.001496609183959663
663.0 0.0022588015781366266
664.0 0.003020994336111471
665.0 0.0035770790418609977
666.0 0.004133163747610524
667.0 0.004776365312864073
668.0 0.005419565422926098
669.0 0.005515184602700174
670.0 0.005610800508293323
671.0 0.006260594818741083
672.0 0.006910389492986724
673.0 0.007653852662770078
674.0 0.008397315832553431
675.0 0.00783525247243233
676.0 0.007273191295098513
677.0 0.00578425606363453
678.0 0.004295321195968427
679.0 0.002872412915166933
680.0 0.0014495056348096114
681.0 0.0007209881914604921
682.0 1.5866215676355044e-10
683.0 0.000174599790625507
684.0 0.00035672894682647893
685.0 0.0003044567620236194
686.0 0.00025218453174602473
687.0 0.00020512261471594684
688.0 0.00015806070905455272
689.0 0.00029652305784111377
690.0 0.00043498539525899105
691.0 0.0003928015303245047
692.0 0.00035061771086475346
693.0 0.00031381830467580585
694.0 0.00027701889848685823
695.0 0.00042820634007512126
696.0 0.0005793936907139141
697.0 0.0005101670922158519
698.0 0.0004409403118188493
699.0 0.0004075548076798441
700.0 0.00037416903069242835
701.0 0.0002485961431375472
702.0 0.00012302336926950375
703.0 0.00029645620998053346
704.0 0.0004698891189036658
705.0 0.000337610867973126
706.0 0.00020533248061838094
707.0 1.5866215676355044e-10
708.0 1.5866215676355044e-10
709.0 1.5866215676355044e-10
710.0 0.0001777291799953673
711.0 0.00039808992369216867
712.0 0.00061845066738897
713.0 0.0004366661869426025
714.0 0.00025488172923360253
715.0 0.0003751154736164608
716.0 0.0004953491952619515
717.0 0.00032089237720356323
718.0 0.00014643558188254246
719.0 0.0003832848960882984
720.0 0.0006201341420819517
721.0 0.00033034170883183833
722.0 4.0549326740801916e-05
723.0 0.0002289768872287823
724.0 0.00041740436245163437
725.0 0.0005148056970938342
726.0 0.0006122071681602392
727.0 0.0002820667532432708
728.0 1.5866215676355044e-10
729.0 0.00019345229702594224
730.0 0.00043497811930137686
731.0 0.0005892640274396399
732.0 0.0007435501174768433
733.0 0.00023109453195502283
734.0 1.5866215676355044e-10
735.0 1.5866215676355044e-10
736.0 1.5866215676355044e-10
737.0 0.0003921270490536699
738.0 0.0010405449756945018
739.0 0.0006978849796723807
740.0 0.0003552246425897465
741.0 0.00017873085198516492
742.0 2.2371070329541e-06
743.0 1.5866215676355044e-10
744.0 1.5866215676355044e-10
745.0 0.0002778136604320025
746.0 0.0007374241704383167
747.0 0.0004317901129979873
748.0 0.00012615606692634174
749.0 1.5866215676355044e-10
750.0 1.5866215676355044e-10
751.0 7.068979845925583e-08
752.0 0.00014965703485358972
753.0 0.0002616776555441902
754.0 0.0003736982762347907
755.0 1.5866215676355044e-10
756.0 1.5866215676355044e-10
757.0 1.5866215676355044e-10
758.0 1.5866215676355044e-10
759.0 6.847534450571402e-05
760.0 0.0007623134024470346
761.0 0.0003182757154718274
762.0 1.5866215676355044e-10
763.0 1.5866215676355044e-10
764.0 1.5866215676355044e-10
765.0 0.00014052176311452058
766.0 0.0005225879704084946
767.0 5.9396643337095156e-05
768.0 1.5866215676355044e-10
769.0 1.5866215676355044e-10
770.0 1.5866215676355044e-10
771.0 1.5866215676355044e-10
772.0 1.5866215676355044e-10
773.0 0.0002992737336171558
774.0 0.0006909149306011386
775.0 0.000442179043602664
776.0 0.00019344311112945434
777.0 0.0002527340257074684
778.0 0.0003120250084975851
779.0 0.0006343921540974407
780.0 0.0009567593224346638
781.0 0.0008295362022181507
782.0 0.0007023131274763728
783.0 0.0004810235623153858
784.0 0.00025973411084123654
785.0 0.00019996361970697762
786.0 0.0001401927988808893
787.0 0.0005739477728639031
788.0 0.0010077026672661304
789.0 0.0008388810783799272
790.0 0.0006700595804431941
791.0 0.0005780099399999017
792.0 0.0004859601176576689
793.0 0.0006079578270146158
794.0 0.0007299552635231521
795.0 0.0007906647624622565
796.0 0.0008513739885529503
797.0 0.00041992611841124017
798.0 1.5866215676355044e-10
799.0 0.0004579788765113335
800.0 0.0009274795957026072
801.0 0.000501792055729311
802.0 7.610452144035662e-05
803.0 0.0003319799361634068
804.0 0.0005878552656213287
805.0 0.0008854352927301079
806.0 0.001183015319838887
807.0 0.0006015889994159807
808.0 2.0162654834621208e-05
809.0 1.5866215676355044e-10
810.0 1.5866215676355044e-10
811.0 0.0002686085053937859
812.0 0.0006518512691400247
813.0 0.0008409057954850141
814.0 0.0010299602763552684
815.0 0.0010624464266584255
816.0 0.0010949321222142316
817.0 0.000993875346466666
818.0 0.0008928186616685707
819.0 0.0009390852028445806
820.0 0.0009853518349700607
821.0 0.0009738443623064086
822.0 0.0009623368896427564
823.0 0.0008160750439856201
824.0 0.0006698135621263646
825.0 0.0006204726560099516
826.0 0.0005711318863177439
827.0 0.0006361304258462042
828.0 0.0007011290563241346
829.0 0.0004963569153915159
830.0 0.00029158484267099993
831.0 0.00026715092644735705
832.0 0.00024271721486002207
833.0 0.0005405015144788194
834.0 0.0008382857231481466
835.0 0.00018908697256847518
836.0 1.5866215676355044e-10
837.0 1.5866215676355044e-10
838.0 0.00017566201222507516
839.0 0.0005182683707971592
840.0 0.0008608747521066107
841.0 0.0011158927918586414
842.0 0.0013709108316106722
843.0 0.0009758784472069237
844.0 0.0005808457444800297
845.0 0.0006166774710436584
846.0 0.0006525090611830819
847.0 0.0009499568477622233
848.0 0.001247404816240305
849.0 0.0010329934411856811
850.0 0.0008185817932826467
851.0 0.0010096520782099105
852.0 0.0012007223631371744
853.0 0.00048540632633375935
854.0 1.5866215676355044e-10
855.0 1.5866215676355044e-10
856.0 1.5866215676355044e-10
857.0 0.00021728599222115008
858.0 0.001135030652221758
859.0 0.0011160021131217945
860.0 0.0010969733921228908
861.0 0.00140779375215061
862.0 0.0017186142940772697
863.0 0.0018706839910009876
864.0 0.002022753869823646
865.0 0.0021070693037472665
866.0 0.0021913849195698276
867.0 0.0028306742024142295
868.0 0.0034699634852586314
869.0 0.00305431240121834
870.0 0.002638661135279108
871.0 0.003220045255147852
872.0 0.0038014299207134172
873.0 0.00291987307718955
874.0 0.002038316597463563
875.0 0.002640627462824341
