lsstCam/transmission_filter_detector/r12_s01/y_10/19700101T000000.ecsv
# %ECSV 1.0
# ---
# datatype:
# - {name: wavelength, unit: nm, datatype: float32}
# - {name: efficiency, unit: '%', datatype: float64}
# meta: !!omap
# - {MODE: DETECTOR}
# - {TYPE: transmission_filter_detector}
# - {CALIBDATE: '1970-01-01T00:00:00'}
# - {INSTRUME: LSSTCam}
# - {OBSTYPE: transmission_filter_detector}
# - {CALIBCLS: lsst.ip.isr.IntermediateFilterDetectorTransmissionCurve}
# - {SOURCE: Materion (DM-46256)}
# - {DETECTOR: 46}
# - {FILTER: y_10}
# - {CALIB_ID: 'calibDate=1970-01-01T00:00:00 filter=y_10 detector=46'}
# - {DATE: '2025-04-02T15:59:50.954857'}
# - {CALIB_CREATION_DATE: '2025-04-02'}
# - {CALIB_CREATION_TIME: '15:59:50'}
# - __serialized_columns__:
#     efficiency:
#       __class__: astropy.units.quantity.Quantity
#       unit: !astropy.units.Unit {unit: '%'}
#       value: !astropy.table.SerializedColumn {name: efficiency}
#     wavelength:
#       __class__: astropy.units.quantity.Quantity
#       unit: !astropy.units.Unit {unit: nm}
#       value: !astropy.table.SerializedColumn {name: wavelength}
# schema: astropy-2.0
wavelength efficiency
[from data line 577]
877.0 0.0021663678126060404
878.0 0.0010897980246227235
879.0 0.0017841928638517857
880.0 0.058682699454948306
881.0 0.10110738221555948
882.0 0.0703748781234026
883.0 0.09724049596115947
884.0 0.06350514013320208
885.0 0.10032204445451498
886.0 0.0756754307076335
887.0 0.10625572176650167
888.0 0.07159100496210158
889.0 0.0971456989645958
890.0 0.06650087307207286
891.0 0.10434197029098868
892.0 0.06989357643760741
893.0 0.11468557640910149
894.0 0.0771388818975538
895.0 0.12183574726805091
896.0 0.08034615311771631
897.0 0.11907013831660151
898.0 0.09519131272099912
899.0 0.123625120613724
900.0 0.10831571416929364
901.0 0.1428175251930952
902.0 0.16362034948542714
903.0 0.19516596803441644
904.0 0.21836268715560436
905.0 0.27518561109900475
906.0 0.3349804785102606
907.0 0.432658102363348
908.0 0.5731686484068632
909.0 0.7925132289528847
910.0 1.1509197764098644
911.0 1.652105338871479
912.0 2.4111872538924217
913.0 3.5474743694067
914.0 4.882620647549629
915.0 6.825718283653259
916.0 9.094814956188202
917.0 11.5703783929348
918.0 14.346781373023987
919.0 16.96307808160782
920.0 20.472095906734467
921.0 24.186575412750244
922.0 27.92838215827942
923.0 32.40349590778351
924.0 37.26219832897186
925.0 42.65431463718414
926.0 48.9984929561615
927.0 55.8038592338562
928.0 61.74020767211914
929.0 68.09995770454407
930.0 73.6818790435791
931.0 79.05924320220947
932.0 83.9659035205841
933.0 88.0675196647644
934.0 91.00242257118225
935.0 93.05840730667114
936.0 94.58295702934265
937.0 95.6594705581665
938.0 96.37116193771362
939.0 96.69524431228638
940.0 96.9641387462616
941.0 97.14840650558472
942.0 97.30984568595886
943.0 97.33667969703674
944.0 97.63146042823792
945.0 97.52681255340576
946.0 97.65125513076782
947.0 97.5927472114563
948.0 97.72921204566956
949.0 97.62292504310608
950.0 97.76617288589478
951.0 97.82986044883728
952.0 97.88160920143127
953.0 98.10115098953247
954.0 98.20364117622375
955.0 98.25849533081055
956.0 98.45079779624939
957.0 98.62346649169922
958.0 98.80624413490295
959.0 98.82664680480957
960.0 98.9388644695282
961.0 98.94062876701355
962.0 98.9753782749176
963.0 99.0036129951477
964.0 99.01893138885498
965.0 99.0297794342041
966.0 99.09998774528503
967.0 99.17441010475159
968.0 99.14882183074951
969.0 99.164479970932
970.0 99.21609163284302
971.0 99.22686815261841
972.0 99.30797219276428
973.0 99.38377737998962
974.0 99.36732053756714
975.0 99.365895986557
976.0 99.42752122879028
977.0 99.39492344856262
978.0 99.42313432693481
979.0 99.37270283699036
980.0 99.34196472167969
981.0 99.26100373268127
982.0 99.19548034667969
983.0 99.22510385513306
984.0 99.17028546333313
985.0 99.19896125793457
986.0 99.0393877029419
987.0 99.13586378097534
988.0 99.03137683868408
989.0 99.0147590637207
990.0 99.02837872505188
991.0 99.0529477596283
992.0 99.11156892776489
993.0 99.08298254013062
994.0 99.05575513839722
995.0 99.07870292663574
996.0 99.08708930015564
997.0 99.21878576278687
998.0 99.26819205284119
999.0 99.29482936859131
1000.0 99.35417771339417
1001.0 99.28668141365051
1002.0 99.38033819198608
1003.0 99.40555691719055
1004.0 99.44061040878296
1005.0 99.36487078666687
1006.0 99.49883222579956
1007.0 99.46731925010681
1008.0 99.43345785140991
1009.0 99.36387538909912
1010.0 99.40428137779236
1011.0 99.39721822738647
1012.0 99.31370615959167
1013.0 99.27393198013306
1014.0 99.2887556552887
1015.0 99.26530718803406
1016.0 99.2792546749115
1017.0 99.29690957069397
1018.0 99.34031367301941
1019.0 99.27791357040405
1020.0 99.34827089309692
1021.0 99.43683743476868
1022.0 99.34931993484497
1023.0 99.40347075462341
1024.0 99.37241673469543
1025.0 99.38530325889587
1026.0 99.43699836730957
1027.0 99.52746033668518
1028.0 99.47168231010437
1029.0 99.57165718078613
1030.0 99.60771203041077
1031.0 99.56501722335815
1032.0 99.56626296043396
1033.0 99.54418540000916
1034.0 99.52886700630188
1035.0 99.59799647331238
1036.0 99.52600598335266
1037.0 99.56891536712646
1038.0 99.51232671737671
1039.0 99.46628212928772
1040.0 99.35776591300964
1041.0 99.4508445262909
1042.0 99.4010865688324
1043.0 99.30354356765747
1044.0 99.43215250968933
1045.0 99.18134808540344
1046.0 99.30711388587952
1047.0 99.25103783607483
1048.0 99.3338942527771
1049.0 99.18210506439209
1050.0 99.19845461845398
1051.0 99.19376373291016
1052.0 99.20070171356201
1053.0 99.10304546356201
1054.0 99.35208559036255
1055.0 99.47159886360168
1056.0 99.3034839630127
1057.0 99.38851594924927
1058.0 99.1202175617218
1059.0 99.20223355293274
1060.0 99.32928085327148
1061.0 99.21708703041077
1062.0 99.28181767463684
1063.0 99.20903444290161
1064.0 99.32025671005249
1065.0 99.29484128952026
1066.0 99.29817318916321
1067.0 99.34606552124023
1068.0 99.1888165473938
1069.0 99.09995794296265
1070.0 99.39593076705933
1071.0 99.31046962738037
1072.0 99.40459728240967
1073.0 99.3609607219696
1074.0 99.02825355529785
1075.0 99.09705519676208
1076.0 98.8751471042633
1077.0 99.24254417419434
1078.0 99.34131503105164
1079.0 98.91911745071411
1080.0 99.60301518440247
1081.0 98.90310168266296
1082.0 99.09396767616272
1083.0 98.90521168708801
1084.0 99.22304153442383
1085.0 99.30453300476074
1086.0 99.16511178016663
1087.0 99.21873807907104
1088.0 99.03782606124878
1089.0 98.96146059036255
1090.0 98.97216558456421
1091.0 99.02402758598328
1092.0 98.97804856300354
1093.0 98.86504411697388
1094.0 98.64909648895264
1095.0 98.76478314399719
1096.0 98.8150954246521
1097.0 98.69557023048401
1098.0 98.00944924354553
1099.0 98.7599790096283
1100.0 98.41634035110474
