lsstCam/transmission_filter_detector/r33_s12/r_57/19700101T000000.ecsv
# %ECSV 1.0
# ---
# datatype:
# - {name: wavelength, unit: nm, datatype: float32}
# - {name: efficiency, unit: '%', datatype: float64}
# meta: !!omap
# - {MODE: DETECTOR}
# - {TYPE: transmission_filter_detector}
# - {CALIBDATE: '1970-01-01T00:00:00'}
# - {INSTRUME: LSSTCam}
# - {OBSTYPE: transmission_filter_detector}
# - {CALIBCLS: lsst.ip.isr.IntermediateFilterDetectorTransmissionCurve}
# - {SOURCE: Materion (DM-46256)}
# - {DETECTOR: 149}
# - {FILTER: r_57}
# - {CALIB_ID: 'calibDate=1970-01-01T00:00:00 filter=r_57 detector=149'}
# - {DATE: '2025-04-02T15:59:44.874579'}
# - {CALIB_CREATION_DATE: '2025-04-02'}
# - {CALIB_CREATION_TIME: '15:59:44'}
# - __serialized_columns__:
#     efficiency:
#       __class__: astropy.units.quantity.Quantity
#       unit: !astropy.units.Unit {unit: '%'}
#       value: !astropy.table.SerializedColumn {name: efficiency}
#     wavelength:
#       __class__: astropy.units.quantity.Quantity
#       unit: !astropy.units.Unit {unit: nm}
#       value: !astropy.table.SerializedColumn {name: wavelength}
# schema: astropy-2.0
wavelength efficiency
[from data line 603]
903.0 1.6082341621620477e-10
904.0 1.6082341621620477e-10
905.0 7.221314035632531e-06
906.0 8.702460263521061e-05
907.0 0.00016682789691913058
908.0 0.00021610235307889525
909.0 0.00026537679786997614
910.0 0.00012499131116783246
911.0 1.6082341621620477e-10
912.0 8.001599098861334e-05
913.0 0.00017542616888022167
914.0 0.00013856869145456585
915.0 0.00010171120266022626
916.0 9.011884571918927e-05
917.0 7.852646604078473e-05
918.0 0.00013632775335281622
919.0 0.00019412902929616394
920.0 0.0001920033355418127
921.0 0.00018987764178746147
922.0 0.00018230310843136976
923.0 0.00017472858644396183
924.0 0.00015338702041844954
925.0 0.0001320454316555697
926.0 0.00014638998209193232
927.0 0.0001607345097909274
928.0 0.00017728798411553726
929.0 0.00019384144707146334
930.0 0.00020415275230334373
931.0 0.00021446401206048904
932.0 0.00015459902442671591
933.0 9.473401973991713e-05
934.0 1.1495446017306676e-05
935.0 1.6082341621620477e-10
936.0 1.6082341621620477e-10
937.0 1.6082341621620477e-10
938.0 8.288943753598232e-07
939.0 4.737896404094499e-05
940.0 7.006511850704555e-05
941.0 9.275121328755631e-05
942.0 0.00019840956611005822
943.0 0.00030406790756387636
944.0 0.0002617850668684696
945.0 0.00021950218069832772
946.0 0.00041071511986956466
947.0 0.0006019281045155367
948.0 0.0004648705726140179
949.0 0.0003278131543993368
950.0 0.0003951559847337194
951.0 0.0004624988378054695
952.0 0.0005593622972810408
953.0 0.0006562258477060823
954.0 0.0008355053068953566
955.0 0.0010147851753572468
956.0 0.0011733219253073912
957.0 0.0013318585843080655
958.0 0.0015880714272498153
959.0 0.0018442842701915652
960.0 0.001963773502211552
961.0 0.002083262734231539
962.0 0.002278710962855257
963.0 0.0024741590095800348
964.0 0.0025104174710577354
965.0 0.002546675932535436
966.0 0.0024978775400086306
967.0 0.002449079147481825
968.0 0.0023933336706249975
969.0 0.00233758837566711
970.0 0.002387954737059772
971.0 0.002438321098452434
972.0 0.0025790495783439837
973.0 0.0027197786039323546
974.0 0.0029127850211807527
975.0 0.003105791984125972
976.0 0.003094733983743936
977.0 0.0030836763471597806
978.0 0.003082002149312757
979.0 0.003080328315263614
980.0 0.003143083813483827
981.0 0.0032058396755019203
982.0 0.0031774190574651584
983.0 0.0031489984394283965
984.0 0.0029557339075836353
985.0 0.002762469375738874
986.0 0.0027029100237996317
987.0 0.0026433508537593298
988.0 0.002599363142508082
989.0 0.0025553759769536555
990.0 0.0025985835236497223
991.0 0.002641790888446849
992.0 0.0025723766157170758
993.0 0.0025029623429873027
994.0 0.002555279752414208
995.0 0.002607597525638994
996.0 0.002633471740409732
997.0 0.0026593463189783506
998.0 0.0028483555070124567
999.0 0.0030373646950465627
1000.0 0.0031192492315312847
1001.0 0.0032011335861170664
1002.0 0.003372353603481315
1003.0 0.0035435739846434444
1004.0 0.0036573284887708724
1005.0 0.0037710826291004196
1006.0 0.0038829919503768906
1007.0 0.003994901635451242
1008.0 0.0040576185710961
1009.0 0.0041203355067409575
1010.0 0.004095130861969665
1011.0 0.004069926944794133
1012.0 0.004100469232071191
1013.0 0.004131011155550368
1014.0 0.00397564290324226
1015.0 0.0038202746509341523
1016.0 0.003467442365945317
1017.0 0.003114610444754362
1018.0 0.00288010105577996
1019.0 0.0026455920306034386
1020.0 0.0024186896553146653
1021.0 0.0021917869162280113
1022.0 0.0018693695892579854
1023.0 0.0015469522622879595
1024.0 0.0013863701497029979
1025.0 0.0012257881280675065
1026.0 0.001050421178661054
1027.0 0.0008750545021030121
1028.0 0.0008802319825917948
1029.0 0.0008854096449795179
1030.0 0.0008995254574983846
1031.0 0.0009136414519161917
1032.0 0.0008676621291670017
1033.0 0.0008216826245188713
1034.0 0.0007278298198798439
1035.0 0.000633976833341876
1036.0 0.0005667556706612231
1037.0 0.0004995345079805702
1038.0 0.000660863133816747
1039.0 0.0008221916687034536
1040.0 0.0007733471647952683
1041.0 0.0007245024335134076
1042.0 0.0007125319825718179
1043.0 0.0007005615316302283
1044.0 0.0007645649930054788
1045.0 0.0008285684089059941
1046.0 0.0008265375072369352
1047.0 0.0008245067874668166
1048.0 0.0007958042260725051
1049.0 0.0007671019375266042
1050.0 0.0009300352758145891
1051.0 0.0010929687050520442
1052.0 0.0010299505447619595
1053.0 0.0009669319297245238
1054.0 0.0008952828466135543
1055.0 0.0008236336725531146
1056.0 0.0008186424565792549
1057.0 0.0008136510587064549
1058.0 0.0009304791092290543
1059.0 0.001047306795953773
1060.0 0.001036610956361983
1061.0 0.0010259149348712526
1062.0 0.0012720394806819968
1063.0 0.001518164026492741
1064.0 0.001393542333971709
1065.0 0.0012689205505012069
1066.0 0.001577829971211031
1067.0 0.0018867394828703254
1068.0 0.0019663884813780896
1069.0 0.0020460372979869135
1070.0 0.002076607779599726
1071.0 0.002107178261212539
1072.0 0.0018979386368300766
1073.0 0.0016886990124476142
1074.0 0.0019310191419208422
1075.0 0.0021733392713940702
1076.0 0.002480453076714184
1077.0 0.0027875665182364173
1078.0 0.003213141462765634
1079.0 0.0036387162253959104
1080.0 0.0039005048165563494
1081.0 0.004162293407716788
1082.0 0.004065796747454442
1083.0 0.003969300087192096
1084.0 0.004035971142002381
1085.0 0.004102641105419025
1086.0 0.004324424298829399
1087.0 0.0045462071284418926
1088.0 0.0038863930967636406
1089.0 0.0032265790650853887
1090.0 0.002758692608040292
1091.0 0.002290806150995195
1092.0 0.003471311356406659
1093.0 0.004651816198020242
1094.0 0.004140182136325166
1095.0 0.003628548074630089
1096.0 0.003553879651008174
1097.0 0.0034792112273862585
1098.0 0.0033316260669380426
1099.0 0.0031840412702877074
1100.0 0.002457694245094899
1101.0 0.0017313470380031504
