lsstCam/transmission_filter_detector/r33_s12/r_57/19700101T000000.ecsv
# %ECSV 1.0
# ---
# datatype:
# - {name: wavelength, unit: nm, datatype: float32}
# - {name: efficiency, unit: '%', datatype: float64}
# meta: !!omap
# - {MODE: DETECTOR}
# - {TYPE: transmission_filter_detector}
# - {CALIBDATE: '1970-01-01T00:00:00'}
# - {INSTRUME: LSSTCam}
# - {OBSTYPE: transmission_filter_detector}
# - {CALIBCLS: lsst.ip.isr.IntermediateFilterDetectorTransmissionCurve}
# - {SOURCE: Materion (DM-46256)}
# - {DETECTOR: 149}
# - {FILTER: r_57}
# - {CALIB_ID: 'calibDate=1970-01-01T00:00:00 filter=r_57 detector=149'}
# - {DATE: '2025-04-02T15:59:44.874579'}
# - {CALIB_CREATION_DATE: '2025-04-02'}
# - {CALIB_CREATION_TIME: '15:59:44'}
# - __serialized_columns__:
#     efficiency:
#       __class__: astropy.units.quantity.Quantity
#       unit: !astropy.units.Unit {unit: '%'}
#       value: !astropy.table.SerializedColumn {name: efficiency}
#     wavelength:
#       __class__: astropy.units.quantity.Quantity
#       unit: !astropy.units.Unit {unit: nm}
#       value: !astropy.table.SerializedColumn {name: wavelength}
# schema: astropy-2.0
wavelength efficiency
300.0 0.0024608652893221006
301.0 0.006000354551360942
302.0 0.00953984126681462
303.0 0.011497802915982902
304.0 0.013455764565151185
305.0 0.012418179539963603
306.0 0.011380593059584498
307.0 0.009225765097653493
308.0 0.007070934952935204
309.0 0.006683832179987803
310.0 0.0062967279518488795
311.0 0.005545483872992918
312.0 0.004794239794136956
313.0 0.004628448004950769
314.0 0.00446265512437094
315.0 0.0041881830838974565
316.0 0.003913710315828212
317.0 0.003666055272333324
318.0 0.003418400592636317
319.0 0.0029994316719239578
320.0 0.00258046347880736
321.0 0.0025716994059621356
322.0 0.0025629347874200903
323.0 0.0025083281798288226
324.0 0.002453720117046032
325.0 0.0022603824618272483
326.0 0.002067044624709524
327.0 0.002086979839077685
328.0 0.002106915053445846
329.0 0.002152791239495855
330.0 0.002198667061747983
331.0 0.0022707932657795027
332.0 0.002342919287912082
333.0 0.002056823723251
334.0 0.0017707281585899182
335.0 0.0015823436115169898
336.0 0.001393959428241942
337.0 0.001330343457084382
338.0 0.001266727576876292
339.0 0.0011321888450765982
340.0 0.0009976500223274343
341.0 0.0010390052011644002
342.0 0.0010803603800013661
343.0 0.000982359688350698
344.0 0.0008843589057505596
345.0 0.0008684329259267543
346.0 0.0008525066732545383
347.0 0.0008073401659203228
348.0 0.0007621736131113721
349.0 0.0007588703738292679
350.0 0.002498686626495328
351.0 0.004824032657779753
352.0 0.007149378507165238
353.0 0.006282249523792416
354.0 0.005415121268015355
355.0 0.004774546323460527
356.0 0.004133971015107818
357.0 0.004093920870218426
358.0 0.004053871816722676
359.0 0.003598850526032038
360.0 0.003143828871543519
361.0 0.002575929283921141
362.0 0.002008029514399823
363.0 0.002089394365611952
364.0 0.002170759398723021
365.0 0.001676432293606922
366.0 0.001182105279440293
367.0 0.0021225132513791323
368.0 0.00306292058667168
369.0 0.0036284887755755335
370.0 0.004194056236883625
371.0 0.004022601569886319
372.0 0.0038511469028890133
373.0 0.0033584168704692274
374.0 0.002865687019948382
375.0 0.0020633144231396727
376.0 0.0012609418263309635
377.0 0.002091622809530236
378.0 0.0029223036108305678
379.0 0.0023598626285092905
380.0 0.0017974218280869536
381.0 0.0020445802874746732
382.0 0.0022917385649634525
383.0 0.002979500095534604
384.0 0.003667261262307875
385.0 0.00413991765526589
386.0 0.004612574048223905
387.0 0.004523446477833204
388.0 0.004434318543644622
389.0 0.0032698044378776103
390.0 0.0021052896045148373
391.0 0.00197488388948841
392.0 0.0018444787201588042
393.0 0.0017755226508597843
394.0 0.0017065669453586452
395.0 0.0013087049410387408
396.0 0.0009108429367188364
397.0 0.0007783744877087884
398.0 0.000645905902274535
399.0 0.0008876985702954698
400.0 0.00112949137474061
401.0 0.0011033890586986672
402.0 0.0010772867426567245
403.0 0.0008875679668562952
404.0 0.0006978492820053361
405.0 0.001020369654725073
406.0 0.00134289020934375
407.0 0.0013916656826040708
408.0 0.0014404410649149213
409.0 0.0012878526831627823
410.0 0.0011352643923601136
411.0 0.0012879775567853358
412.0 0.0014406905393116176
413.0 0.0016980256987153552
414.0 0.0019553610400180332
415.0 0.0019195489585399628
416.0 0.0018837374227587134
417.0 0.0015510468074353412
418.0 0.0012183561011624988
419.0 0.0018550605091149919
420.0 0.0024917642804211937
421.0 0.003943319825339131
422.0 0.005394875188358128
423.0 0.008592679660068825
424.0 0.01179048340418376
425.0 0.015570121468044817
426.0 0.01934976171469316
427.0 0.01959326909855008
428.0 0.019836777937598526
429.0 0.015773285122122616
430.0 0.011709791579050943
431.0 0.008046028233366087
432.0 0.004382265251479112
433.0 0.003578030373319052
434.0 0.002773795677057933
435.0 0.002267546187795233
436.0 0.0017612970623304136
437.0 0.0011726845514203887
438.0 0.0005840722224093042
439.0 0.0007373702374025015
440.0 0.0008906682523956988
441.0 0.0009944040357368067
442.0 0.0010981400919263251
443.0 0.0014864393961033784
444.0 0.0018747385183814913
445.0 0.0016268535546259955
446.0 0.00137896877276944
447.0 0.0013584166481450666
448.0 0.0013378646144701634
449.0 0.001288082785322331
450.0 0.001238300683326088
451.0 0.0013047029824519996
452.0 0.0013711049177800305
453.0 0.0015515188351855613
454.0 0.0017319323887932114
455.0 0.0014753251889487728
456.0 0.0012187182619527448
457.0 0.0010253281288896687
458.0 0.0008319379048771225
459.0 0.0009629336091165897
460.0 0.001093929404305527
461.0 0.001587780934642069
462.0 0.002081632374029141
463.0 0.0029872198865632527
464.0 0.003892807217198424
465.0 0.004852050187764689
466.0 0.0058112920669373125
467.0 0.0062888371758162975
468.0 0.006766382284695283
469.0 0.005837541903019883
470.0 0.004908701157546602
471.0 0.003684807234094478
472.0 0.002460912764945533
473.0 0.0017795349776861258
474.0 0.001098157008527778
475.0 0.0007936927431728691
476.0 0.0004892284778179601
477.0 0.0006373842097673332
478.0 0.0007855399417167064
479.0 0.0006851035777799552
480.0 0.0005846672593179392
481.0 0.0004712105692306068
482.0 0.0003577539246180095
483.0 0.00048380379666923545
484.0 0.0006098537596699316
485.0 0.0006431733709177934
486.0 0.0006764930276403902
487.0 0.0004563856236927677
488.0 0.00023627826521988027
489.0 0.0005660481292579789
490.0 0.0008958179023466073
491.0 0.0008291929589177016
492.0 0.0007625681973877363
493.0 0.0008637042810732964
494.0 0.0009648403647588566
495.0 0.001019820774672553
496.0 0.0010748011845862493
497.0 0.0010141255188500509
498.0 0.0009534499440633226
499.0 0.0010434900104883127
500.0 0.0011335303497617133
501.0 0.0012624570445041172
502.0 0.001391383648297051
503.0 0.0017771963030099869
504.0 0.002163008502975572
505.0 0.0025587725758668967
506.0 0.002954536466859281
507.0 0.003744891000678763
508.0 0.004535246262094006
509.0 0.0049137594032799825
510.0 0.0052922732720617205
511.0 0.004870836710324511
512.0 0.004449400512385182
513.0 0.0037478806916624308
514.0 0.00304636123473756
515.0 0.002792229497572407
516.0 0.0025380979423061945
517.0 0.002656266951817088
518.0 0.002774435779429041
519.0 0.025587962591089308
520.0 0.11745475931093097
521.0 0.033743667881935835
522.0 0.05250871763564646
523.0 0.1418587053194642
524.0 0.07402376504614949
525.0 0.1302301068790257
526.0 0.12349074240773916
527.0 0.15031149378046393
528.0 0.07818907615728676
529.0 0.12310566380620003
530.0 0.2284463495016098
531.0 0.22784091997891665
532.0 0.1881984295323491
533.0 0.2733138855546713
534.0 0.3733092686161399
535.0 0.38151247426867485
536.0 0.6654129829257727
537.0 0.8639936335384846
538.0 1.3559313490986824
539.0 2.224327437579632
540.0 3.4702248871326447
541.0 5.23306280374527
542.0 7.410809397697449
543.0 10.522760450839996
544.0 14.14344608783722
545.0 18.13223659992218
546.0 23.11135083436966
547.0 29.250696301460266
548.0 37.00367212295532
549.0 45.103222131729126
550.0 51.64172649383545
551.0 59.53213572502136
552.0 64.97601270675659
553.0 70.61333656311035
554.0 74.67162013053894
555.0 78.97050380706787
556.0 82.44498372077942
557.0 85.75541973114014
558.0 88.75874280929565
559.0 92.11021661758423
560.0 92.57910251617432
561.0 94.21263337135315
562.0 95.33436894416809
563.0 95.32850384712219
564.0 95.43952345848083
565.0 95.30524015426636
566.0 95.81960439682007
567.0 95.19508481025696
568.0 95.63575387001038
569.0 96.50524258613586
570.0 95.8943784236908
571.0 96.92591428756714
572.0 96.72124981880188
573.0 96.60641551017761
574.0 96.77976965904236
575.0 96.94242477416992
576.0 97.54035472869873
577.0 97.20452427864075
578.0 96.91996574401855
579.0 96.89213037490845
580.0 96.60027623176575
581.0 96.51815891265869
582.0 96.72249555587769
583.0 96.65228724479675
584.0 96.29412889480591
585.0 96.22243046760559
586.0 96.23520970344543
587.0 96.38363718986511
588.0 96.18552327156067
589.0 97.41737246513367
590.0 96.48264646530151
591.0 95.80788612365723
592.0 95.91577053070068
593.0 95.86639404296875
594.0 95.933997631073
595.0 96.47330045700073
596.0 96.75742387771606
597.0 97.10277318954468
598.0 97.08357453346252
599.0 96.95546627044678
600.0 96.68222069740295
601.0 96.15333080291748
602.0 96.36596441268921
603.0 96.07011079788208
604.0 95.91894745826721
605.0 96.72584533691406
606.0 96.30157947540283
607.0 95.90932130813599
608.0 96.3733434677124
609.0 95.84185481071472
610.0 95.83311676979065
611.0 95.95765471458435
612.0 95.6428587436676
613.0 96.84699773788452
614.0 96.84091210365295
615.0 96.10733389854431
616.0 96.60013318061829
617.0 96.53133749961853
618.0 96.11733555793762
619.0 96.88838720321655
620.0 96.0211992263794
621.0 95.6708014011383
622.0 96.19979858398438
623.0 96.38055562973022
624.0 96.41847610473633
625.0 96.7808187007904
626.0 96.05022668838501
627.0 95.02453207969666
628.0 97.230464220047
629.0 95.61824202537537
630.0 96.25307321548462
631.0 95.9209144115448
632.0 96.8304991722107
633.0 96.48626446723938
634.0 95.71624398231506
635.0 96.03654742240906
636.0 96.17993235588074
637.0 95.47399282455444
638.0 95.35403847694397
639.0 95.22018432617188
640.0 95.43240070343018
641.0 95.47188878059387
642.0 96.24983072280884
643.0 96.47921323776245
644.0 95.66322565078735
645.0 96.02411985397339
646.0 96.08355164527893
647.0 96.94622755050659
648.0 96.27127051353455
649.0 95.49732804298401
650.0 96.52126431465149
651.0 96.86029553413391
652.0 96.98460102081299
653.0 95.73561549186707
654.0 96.31987810134888
655.0 96.38733267784119
656.0 95.80132961273193
657.0 95.90989351272583
658.0 96.29847407341003
659.0 96.12881541252136
660.0 95.71584463119507
661.0 95.47585248947144
662.0 95.76951265335083
663.0 95.73858380317688
664.0 95.79665064811707
665.0 95.53788304328918
666.0 95.26776075363159
667.0 95.79037427902222
668.0 95.08904814720154
669.0 95.9274411201477
670.0 95.27774453163147
671.0 95.84007263183594
672.0 95.46144008636475
673.0 95.32247185707092
674.0 95.05361914634705
675.0 95.66575884819031
676.0 94.95705962181091
677.0 93.98972392082214
678.0 93.37572455406189
679.0 92.85183548927307
680.0 91.77326560020447
681.0 90.27686715126038
682.0 88.02360892295837
683.0 85.50117015838623
684.0 82.4051022529602
685.0 79.01041507720947
686.0 75.1863420009613
687.0 70.5595850944519
688.0 66.35405421257019
689.0 62.01772093772888
690.0 56.44058585166931
691.0 52.42377519607544
692.0 47.680628299713135
693.0 43.387237191200256
694.0 38.43417167663574
695.0 33.31356346607208
696.0 28.296202421188354
697.0 23.161660134792328
698.0 17.449118196964264
699.0 12.759403884410858
700.0 9.034998714923859
701.0 5.790753662586212
702.0 3.6865990608930588
703.0 2.145881950855255
704.0 1.3209442608058453
705.0 0.7320287637412548
706.0 0.4500302020460367
707.0 0.3180752042680979
708.0 0.19192863255739212
709.0 0.16743396408855915
710.0 0.11380097130313516
711.0 0.07296482799574733
712.0 0.04401444748509675
713.0 0.04996859934180975
714.0 0.04051352443639189
715.0 0.023459097428712994
716.0 0.07167084841057658
717.0 0.022142163652461022
718.0 0.04098514327779412
719.0 0.08163635502569377
720.0 1.6082341621620477e-10
721.0 0.004688619083026424
722.0 0.004413360147736967
723.0 0.0041381008486496285
724.0 0.0038604444853262976
725.0 0.0035827884858008474
726.0 0.0033271055144723505
727.0 0.0030714229069417343
728.0 0.0029400067433016375
729.0 0.0028085905796615407
730.0 0.002643959305714816
731.0 0.002479328031768091
732.0 0.0023934489945531823
733.0 0.0023075703211361542
734.0 0.002196533023379743
735.0 0.0020854960894212127
736.0 0.0019936380340368487
737.0 0.0019017803424503654
738.0 0.0018155471479985863
739.0 0.0017293139535468072
740.0 0.0017102758647524752
741.0 0.0016912375940592028
742.0 0.001554570917505771
743.0 0.0014179041500028688
744.0 0.0015247522242134437
745.0 0.001631600571272429
746.0 0.0013991187188366894
747.0 0.0011666368664009497
748.0 0.001216893178934697
749.0 0.0012671495824179146
750.0 0.0012385573427309282
751.0 0.0012099653758923523
752.0 0.0012030744983348995
753.0 0.0011961839845753275
754.0 0.0011655811249511316
755.0 0.0011349782653269358
756.0 0.0010952834600175265
757.0 0.0010555888366070576
758.0 0.0010443814062455203
759.0 0.001033174430631334
760.0 0.0010190729881287552
761.0 0.0010049715456261765
762.0 0.000974846443568822
763.0 0.0009447215234104078
764.0 0.0010291327271261252
765.0 0.0011135439308418427
766.0 0.0009671486623119563
767.0 0.0008207533937820699
768.0 0.0007864207873353735
769.0 0.0007520880899392068
770.0 0.0007195121725089848
771.0 0.0006869359822303522
772.0 0.0007715470928815193
773.0 0.0008561578397348057
774.0 0.0009375627996632829
775.0 0.00101896766864229
776.0 0.0010599939741950948
777.0 0.0011010206435457803
778.0 0.0009261968443752266
779.0 0.0007513733180530835
780.0 0.0007292946065717842
781.0 0.0007072159405652201
782.0 0.0007694765372434631
783.0 0.0008317372703459114
784.0 0.0007991410711838398
785.0 0.0007665449629712384
786.0 0.0007958618880365975
787.0 0.0008251788131019566
788.0 0.0006779029263270786
789.0 0.0005306270395522006
790.0 0.000612424582868698
791.0 0.0006942221716599306
792.0 0.000671307589072967
793.0 0.0006483929155365331
794.0 0.0007075482699292479
795.0 0.000766703760746168
796.0 0.0006642763764830306
797.0 0.0005618490831693634
798.0 0.0006416688847821206
799.0 0.0007214889137685532
800.0 0.000784137228038162
801.0 0.0008467852239846252
802.0 0.0008727371096028946
803.0 0.0008986889042716939
804.0 0.0008000815796549432
805.0 0.0007014744369371329
806.0 0.00067850642153644
807.0 0.0006555381787620718
808.0 0.0006568185199284926
809.0 0.0006580987246707082
810.0 0.0007035641829133965
811.0 0.0007490293683076743
812.0 0.0006007315732858842
813.0 0.0004524335963651538
814.0 0.0005157935902388999
815.0 0.0005791534931631759
816.0 0.0007385233857348794
817.0 0.0008978933692560531
818.0 0.0007227388323371997
819.0 0.000547584158994141
820.0 0.0005952103492745664
821.0 0.0006428365395549918
822.0 0.0006680927526758751
823.0 0.0006933489657967584
824.0 0.0005729902568418765
825.0 0.0004526314569375245
826.0 0.00046749501052545384
827.0 0.0004823585186386481
828.0 0.00046408313210122287
829.0 0.00044580774556379765
830.0 0.00015428361166414106
831.0 1.6082341621620477e-10
832.0 1.6082341621620477e-10
833.0 1.6082341621620477e-10
834.0 1.6082341621620477e-10
835.0 0.000106511754438543
836.0 0.00010912499419646338
837.0 0.00011173821121701621
838.0 0.0006585634764633141
839.0 0.001205388798553031
840.0 0.001604088902240619
841.0 0.0020027891878271475
842.0 0.0022252141206990927
843.0 0.0024476394173689187
844.0 0.0024456885512336157
845.0 0.0024437375031993724
846.0 0.0022613654437009245
847.0 0.0020789932023035362
848.0 0.002080048398056533
849.0 0.00208110341191059
850.0 0.001893665648822207
851.0 0.0017062277038348839
852.0 0.001541184974485077
853.0 0.0013761423360847402
854.0 0.001178661023004679
855.0 0.000981179800874088
856.0 0.0007847093911550473
857.0 0.0005882388450118015
858.0 0.0005234149284660816
859.0 0.00045859105739509687
860.0 0.0003324205863464158
861.0 0.00020625011529773474
862.0 0.000284105726677808
863.0 0.00036196129258314613
864.0 0.00026378336315247
865.0 0.00016560543372179382
866.0 0.0001699694848866784
867.0 0.0001743334905768279
868.0 0.00016073680626504938
869.0 0.00014714012195327086
870.0 0.00016373613789255614
871.0 0.0001803321652005252
872.0 0.00010993746855092468
873.0 3.954279179652076e-05
874.0 6.847142799415451e-05
875.0 9.7400027243566e-05
876.0 6.0846565475003445e-05
877.0 2.4293129285979376e-05
878.0 5.515553880286461e-05
879.0 8.601797389928834e-05
880.0 6.718071858813346e-05
881.0 4.834346896132047e-05
882.0 0.00010534009788898402
883.0 0.00016233673250098946
884.0 0.00013340651321414043
885.0 0.00010447627118992386
886.0 0.00018084019757225178
887.0 0.0002572041239545797
888.0 0.0002412920366623439
889.0 0.00022537994937010808
890.0 0.0001145306896432885
891.0 3.681446614223205e-06
892.0 5.32926520691035e-06
893.0 6.977072075642354e-06
894.0 1.6082341621620477e-10
895.0 1.6082341621620477e-10
896.0 1.3662641151768184e-05
897.0 3.459800268501567e-05
898.0 4.4788183117816516e-05
899.0 5.4978357866275473e-05
900.0 2.227661752840504e-05
901.0 1.6082341621620477e-10
