lsstCam/transmission_sensor/r01_s21/19700101T000000.ecsv
# %ECSV 1.0
# ---
# datatype:
# - {name: amp_name, datatype: string}
# - {name: wavelength, unit: nm, datatype: float32}
# - {name: efficiency, unit: '%', datatype: float64}
# meta: !!omap
# - {MODE: AMP}
# - {TYPE: transmission_sensor}
# - {CALIBDATE: '1970-01-01T00:00:00'}
# - {INSTRUME: LSSTCAM}
# - {OBSTYPE: transmission_sensor}
# - {DETECTOR: 7}
# - {PARQUETFILE: qe_raft_allvalues_nircorrected_20230725.parquet}
# - {CALIBCLS: lsst.ip.isr.IntermediateSensorTransmissionCurve}
# - {CALIB_ID: 'raftName=R01 detectorName=S21 detector=7 calibDate=1970-01-01T00:00:00 ccd=7 ccdnum=7 filter=None'}
# - {DATE: '2024-01-18T22:42:24.994848'}
# - {CALIB_CREATION_DATE: '2024-01-18'}
# - {CALIB_CREATION_TIME: '22:42:24'}
# - __serialized_columns__:
#     efficiency:
#       __class__: astropy.units.quantity.Quantity
#       unit: !astropy.units.Unit {unit: '%'}
#       value: !astropy.table.SerializedColumn {name: efficiency}
#     wavelength:
#       __class__: astropy.units.quantity.Quantity
#       unit: !astropy.units.Unit {unit: nm}
#       value: !astropy.table.SerializedColumn {name: wavelength}
# schema: astropy-2.0
amp_name wavelength efficiency
C00 319.994 47.96300506591797
C00 324.969 49.202293395996094
C00 349.982 56.666507720947266
C00 374.975 71.29974365234375
C00 400.019 83.48130798339844
C00 424.965 85.39022827148438
C00 450.035 84.79043579101562
C00 475.003 84.4004135131836
C00 500.018 84.53488159179688
C00 525.002 85.27761840820312
C00 550.029 86.8519515991211
C00 575.023 88.53730773925781
C00 599.982 90.61931610107422
C00 619.997 91.5102310180664
C00 624.979 91.85179901123047
C00 650.012 93.3855209350586
C00 675.004 94.57552337646484
C00 700.03 95.54718017578125
C00 725.012 96.29139709472656
C00 750.022 97.66068267822266
C00 774.987 98.92252349853516
C00 799.976 99.25836181640625
C00 824.988 98.54281616210938
C00 850.022 97.29459381103516
C00 869.967 94.80424499511719
C00 875.002 93.84550476074219
C00 899.999 87.33888244628906
C00 919.999 79.0760726928711
C00 925.012 76.21614074707031
C00 949.965 61.419578552246094
C00 975.002 45.50312423706055
C00 999.976 29.35301971435547
C00 1025.028 14.532065391540527
C00 1050.014 5.9378252029418945
C00 1075.002 0.930397517419583
C00 1099.99 0.09231318693973739
C01 319.994 47.6413688659668
C01 324.969 48.80897903442383
C01 349.982 56.001976013183594
C01 374.975 70.70405578613281
C01 400.019 83.15361022949219
C01 424.965 85.2193832397461
C01 450.035 84.6226577758789
C01 475.003 84.17240142822266
C01 500.018 84.24833679199219
C01 525.002 84.94029235839844
C01 550.029 86.51949310302734
C01 575.023 88.2437515258789
C01 599.982 90.35679626464844
C01 619.997 91.26445770263672
C01 624.979 91.60902404785156
C01 650.012 93.15291595458984
C01 675.004 94.36975860595703
C01 700.03 95.34602355957031
C01 725.012 96.09881591796875
C01 750.022 97.48197937011719
C01 774.987 98.7452621459961
C01 799.976 99.09698486328125
C01 824.988 98.42517852783203
C01 850.022 97.22044372558594
C01 869.967 94.64640808105469
C01 875.002 93.65534210205078
C01 899.999 87.01219940185547
C01 919.999 78.9488754272461
C01 925.012 76.16919708251953
C01 949.965 61.6229133605957
C01 975.002 45.57797622680664
C01 999.976 29.344566345214844
C01 1025.028 14.465243339538574
C01 1050.014 5.865530014038086
C01 1075.002 0.9286949598294557
C01 1099.99 0.09214426073975249
C02 319.994 47.091670989990234
C02 324.969 48.227691650390625
C02 349.982 55.33600616455078
C02 374.975 70.1246337890625
C02 400.019 82.72664642333984
C02 424.965 84.87356567382812
C02 450.035 84.24281311035156
C02 475.003 83.68373107910156
C02 500.018 83.68132019042969
C02 525.002 84.25077056884766
C02 550.029 85.73837280273438
C02 575.023 87.46324920654297
C02 599.982 89.61807250976562
C02 619.997 90.56443786621094
C02 624.979 90.91405487060547
C02 650.012 92.47604370117188
C02 675.004 93.71270751953125
C02 700.03 94.69219207763672
C02 725.012 95.44535064697266
C02 750.022 96.81602478027344
C02 774.987 98.07147979736328
C02 799.976 98.42071533203125
C02 824.988 97.770263671875
C02 850.022 96.58512878417969
C02 869.967 93.97376251220703
C02 875.002 92.96729278564453
C02 899.999 86.2453384399414
C02 919.999 78.33541107177734
C02 925.012 75.6371841430664
C02 949.965 61.42311477661133
C02 975.002 45.41940689086914
C02 999.976 29.19068717956543
C02 1025.028 14.330368041992188
C02 1050.014 5.798999786376953
C02 1075.002 0.9223505268318549
C02 1099.99 0.09151477192624134
C03 319.994 47.201377868652344
C03 324.969 48.3372688293457
C03 349.982 55.51737976074219
C03 374.975 70.64933013916016
C03 400.019 83.52264404296875
C03 424.965 85.72503662109375
C03 450.035 85.00692749023438
C03 475.003 84.26840209960938
C03 500.018 84.1488037109375
C03 525.002 84.65027618408203
C03 550.029 86.10926055908203
C03 575.023 87.8770751953125
C03 599.982 90.09908294677734
C03 619.997 91.08890533447266
C03 624.979 91.44969177246094
C03 650.012 93.05006408691406
C03 675.004 94.31758117675781
C03 700.03 95.30441284179688
C03 725.012 96.06678009033203
C03 750.022 97.44657897949219
C03 774.987 98.70771789550781
C03 799.976 99.04946899414062
C03 824.988 98.39728546142578
C03 850.022 97.20519256591797
C03 869.967 94.5609130859375
C03 875.002 93.53992462158203
C03 899.999 86.69707489013672
C03 919.999 78.71495819091797
C03 925.012 76.02369689941406
C03 949.965 61.7886848449707
C03 975.002 45.660030364990234
C03 999.976 29.336767196655273
C03 1025.028 14.355873107910156
C03 1050.014 5.8012189865112305
C03 1075.002 0.9283577247966798
C03 1099.99 0.09211080058961191
C04 319.994 46.88246154785156
C04 324.969 47.99481964111328
C04 349.982 55.13081359863281
C04 374.975 70.38322448730469
C04 400.019 83.43173217773438
C04 424.965 85.69483947753906
C04 450.035 84.9284896850586
C04 475.003 84.05811309814453
C04 500.018 83.84740447998047
C04 525.002 84.3115005493164
C04 550.029 85.74357604980469
C04 575.023 87.52571868896484
C04 599.982 89.77034759521484
C04 619.997 90.78104400634766
C04 624.979 91.14611053466797
C04 650.012 92.76107788085938
C04 675.004 94.04369354248047
C04 700.03 95.03005981445312
C04 725.012 95.80194091796875
C04 750.022 97.1876220703125
C04 774.987 98.4565658569336
C04 799.976 98.81034851074219
C04 824.988 98.16120147705078
C04 850.022 96.97061157226562
C04 869.967 94.35067749023438
C04 875.002 93.33853912353516
C04 899.999 86.52632141113281
C04 919.999 78.51553344726562
C04 925.012 75.82489013671875
C04 949.965 61.6193733215332
C04 975.002 45.52302932739258
C04 999.976 29.27425765991211
C04 1025.028 14.322263717651367
C04 1050.014 5.811217784881592
C04 1075.002 0.9258905969346474
C04 1099.99 0.09186601442964484
C05 319.994 46.90660858154297
C05 324.969 47.982276916503906
C05 349.982 55.00221633911133
C05 374.975 70.34613037109375
C05 400.019 83.61133575439453
C05 424.965 85.9699935913086
C05 450.035 85.20220184326172
C05 475.003 84.30313873291016
C05 500.018 84.05914306640625
C05 525.002 84.49140930175781
C05 550.029 85.91565704345703
C05 575.023 87.69851684570312
C05 599.982 89.9515151977539
C05 619.997 90.96908569335938
C05 624.979 91.33525848388672
C05 650.012 92.96085357666016
C05 675.004 94.2516098022461
C05 700.03 95.25496673583984
C05 725.012 96.0482177734375
C05 750.022 97.47393035888672
C05 774.987 98.77423095703125
C05 799.976 99.15315246582031
C05 824.988 98.50627136230469
C05 850.022 97.32542419433594
C05 869.967 94.7389144897461
C05 875.002 93.72724914550781
C05 899.999 86.89720916748047
C05 919.999 78.80705261230469
C05 925.012 76.0994873046875
C05 949.965 61.82931900024414
C05 975.002 45.69542694091797
C05 999.976 29.398483276367188
C05 1025.028 14.389714241027832
C05 1050.014 5.889964580535889
C05 1075.002 0.9286179453874421
C05 1099.99 0.09213661943756761
C06 319.994 46.84334182739258
C06 324.969 47.852142333984375
C06 349.982 54.61870574951172
C06 374.975 69.89203643798828
C06 400.019 83.31656646728516
C06 424.965 85.79846954345703
C06 450.035 85.0914306640625
C06 475.003 84.27367401123047
C06 500.018 84.0595474243164
C06 525.002 84.48928833007812
C06 550.029 85.92166900634766
C06 575.023 87.68109130859375
C06 599.982 89.89331817626953
C06 619.997 90.88170623779297
C06 624.979 91.24473571777344
C06 650.012 92.8532943725586
C06 675.004 94.1410903930664
C06 700.03 95.1609878540039
C06 725.012 95.98968505859375
C06 750.022 97.45588684082031
C06 774.987 98.80350494384766
C06 799.976 99.22109985351562
C06 824.988 98.60032653808594
C06 850.022 97.46931457519531
C06 869.967 94.9301986694336
C06 875.002 93.91936492919922
C06 899.999 87.0507583618164
C06 919.999 78.92789459228516
C06 925.012 76.22306823730469
C06 949.965 62.007022857666016
C06 975.002 45.83427047729492
C06 999.976 29.45075035095215
C06 1025.028 14.432435989379883
C06 1050.014 5.91869592666626
C06 1075.002 0.9284456747100276
C06 1099.99 0.09211952689921636
C07 319.994 46.869625091552734
C07 324.969 47.825965881347656
C07 349.982 54.33219909667969
C07 374.975 69.52483367919922
C07 400.019 83.18688201904297
C07 424.965 85.82786560058594
C07 450.035 85.17501831054688
C07 475.003 84.41352081298828
C07 500.018 84.23565673828125
C07 525.002 84.70490264892578
C07 550.029 86.18352508544922
C07 575.023 87.93164825439453
C07 599.982 90.11503601074219
C07 619.997 91.08152770996094
C07 624.979 91.43812561035156
C07 650.012 93.03287506103516
C07 675.004 94.33043670654297
C07 700.03 95.37132263183594
C07 725.012 96.23568725585938
C07 750.022 97.76060485839844
C07 774.987 99.17041778564453
C07 799.976 99.62904357910156
C07 824.988 99.05113983154297
C07 850.022 97.99482727050781
C07 869.967 95.5005111694336
C07 875.002 94.47953796386719
C07 899.999 87.40090942382812
C07 919.999 79.2925796508789
C07 925.012 76.62713623046875
C07 949.965 62.68126678466797
C07 975.002 46.42601013183594
C07 999.976 29.633995056152344
C07 1025.028 14.51097297668457
C07 1050.014 5.957777976989746
C07 1075.002 0.9313481997346899
C07 1099.99 0.09240751276566841
C10 319.994 47.65754699707031
C10 324.969 48.88187789916992
C10 349.982 56.26604461669922
C10 374.975 70.80897521972656
C10 400.019 82.92484283447266
C10 424.965 84.8728256225586
C10 450.035 84.34757232666016
C10 475.003 84.03153228759766
C10 500.018 84.18569946289062
C10 525.002 84.92281341552734
C10 550.029 86.45048522949219
C10 575.023 88.05571746826172
C10 599.982 90.06179809570312
C10 619.997 90.90544128417969
C10 624.979 91.2376480102539
C10 650.012 92.72421264648438
C10 675.004 93.94406127929688
C10 700.03 94.93900299072266
C10 725.012 95.9062271118164
C10 750.022 97.57893371582031
C10 774.987 99.1560287475586
C10 799.976 99.61869049072266
C10 824.988 98.8676528930664
C10 850.022 97.77254486083984
C10 869.967 95.25325775146484
C10 875.002 94.22120666503906
C10 899.999 86.91519927978516
C10 919.999 78.21991729736328
C10 925.012 75.3199691772461
C10 949.965 61.17812728881836
C10 975.002 45.40474319458008
C10 999.976 29.269912719726562
C10 1025.028 14.345588684082031
C10 1050.014 5.810722351074219
C10 1075.002 0.9296161008276772
C10 1099.99 0.09223565550336117
C11 319.994 47.439727783203125
C11 324.969 48.55772399902344
C11 349.982 55.58965301513672
C11 374.975 70.3224105834961
C11 400.019 82.91619873046875
C11 424.965 85.12569427490234
C11 450.035 84.64997863769531
C11 475.003 84.29852294921875
C11 500.018 84.3931884765625
C11 525.002 85.12313842773438
C11 550.029 86.66703796386719
C11 575.023 88.26521301269531
C11 599.982 90.25011444091797
C11 619.997 91.08523559570312
C11 624.979 91.41191101074219
C11 650.012 92.89820098876953
C11 675.004 94.125732421875
C11 700.03 95.14281463623047
C11 725.012 96.13780212402344
C11 750.022 97.84646606445312
C11 774.987 99.45621490478516
C11 799.976 99.96092224121094
C11 824.988 99.25033569335938
C11 850.022 98.18208312988281
C11 869.967 95.62830352783203
C11 875.002 94.56986999511719
C11 899.999 87.11199188232422
C11 919.999 78.5298843383789
C11 925.012 75.69377899169922
C11 949.965 61.7681770324707
C11 975.002 45.73914337158203
C11 999.976 29.289077758789062
C11 1025.028 14.360626220703125
C11 1050.014 5.7720160484313965
C11 1075.002 0.9321645814752242
C11 1099.99 0.09248851341196973
C12 319.994 46.971370697021484
C12 324.969 48.01980972290039
C12 349.982 54.824161529541016
C12 374.975 69.66006469726562
C12 400.019 82.56653594970703
C12 424.965 84.97376251220703
C12 450.035 84.53646850585938
C12 475.003 84.14093017578125
C12 500.018 84.17930603027344
C12 525.002 84.83332824707031
C12 550.029 86.32585144042969
C12 575.023 87.91064453125
C12 599.982 89.89796447753906
C12 619.997 90.73341369628906
C12 624.979 91.06348419189453
C12 650.012 92.552001953125
C12 675.004 93.78972625732422
C12 700.03 94.81865692138672
C12 725.012 95.83041381835938
C12 750.022 97.55546569824219
C12 774.987 99.18759155273438
C12 799.976 99.71444702148438
C12 824.988 99.02899169921875
C12 850.022 98.008056640625
C12 869.967 95.4892807006836
C12 875.002 94.44317626953125
C12 899.999 87.02432250976562
C12 919.999 78.47803497314453
C12 925.012 75.64923095703125
C12 949.965 61.784088134765625
C12 975.002 45.82909393310547
C12 999.976 29.36509132385254
C12 1025.028 14.38276481628418
C12 1050.014 5.803917407989502
C12 1075.002 0.9293920714078626
C12 1099.99 0.09221342751013878
C13 319.994 46.70991897583008
C13 324.969 47.74406433105469
C13 349.982 54.50126647949219
C13 374.975 69.35211181640625
C13 400.019 82.2923355102539
C13 424.965 84.71656799316406
C13 450.035 84.26295471191406
C13 475.003 83.82858276367188
C13 500.018 83.82068634033203
C13 525.002 84.40461730957031
C13 550.029 85.84546661376953
C13 575.023 87.42485046386719
C13 599.982 89.41712188720703
C13 619.997 90.26364135742188
C13 624.979 90.59270477294922
C13 650.012 92.08538055419922
C13 675.004 93.3182373046875
C13 700.03 94.3451156616211
C13 725.012 95.35929870605469
C13 750.022 97.07556915283203
C13 774.987 98.70235443115234
C13 799.976 99.2241439819336
C13 824.988 98.5422134399414
C13 850.022 97.53997802734375
C13 869.967 95.05559539794922
C13 875.002 94.0252914428711
C13 899.999 86.66063690185547
C13 919.999 78.15226745605469
C13 925.012 75.33615112304688
C13 949.965 61.50004196166992
C13 975.002 45.644569396972656
C13 999.976 29.265775680541992
C13 1025.028 14.298772811889648
C13 1050.014 5.785574913024902
C13 1075.002 0.9248201791135324
C13 1099.99 0.09175980855680646
C14 319.994 46.75237274169922
C14 324.969 47.78187942504883
C14 349.982 54.54829025268555
C14 374.975 69.51668548583984
C14 400.019 82.59062194824219
C14 424.965 85.04695129394531
C14 450.035 84.5531997680664
C14 475.003 84.04015350341797
C14 500.018 83.98167419433594
C14 525.002 84.47750854492188
C14 550.029 85.86687469482422
C14 575.023 87.46522521972656
C14 599.982 89.50312042236328
C14 619.997 90.3833236694336
C14 624.979 90.72187805175781
C14 650.012 92.23686981201172
C14 675.004 93.49567413330078
C14 700.03 94.53353881835938
C14 725.012 95.55418395996094
C14 750.022 97.2879867553711
C14 774.987 98.92118835449219
C14 799.976 99.447265625
C14 824.988 98.76606750488281
C14 850.022 97.76514434814453
C14 869.967 95.29412078857422
C14 875.002 94.26545715332031
C14 899.999 86.92054748535156
C14 919.999 78.36854553222656
C14 925.012 75.54219055175781
C14 949.965 61.655921936035156
C14 975.002 45.7974739074707
C14 999.976 29.399660110473633
C14 1025.028 14.366843223571777
C14 1050.014 5.828526496887207
C14 1075.002 0.9268437732462479
C14 1099.99 0.09196058770761677
C15 319.994 46.790435791015625
C15 324.969 47.78505325317383
C15 349.982 54.43635940551758
C15 374.975 69.46102142333984
C15 400.019 82.71232604980469
C15 424.965 85.25923919677734
C15 450.035 84.76688385009766
C15 475.003 84.21806335449219
C15 500.018 84.12230682373047
C15 525.002 84.58447265625
C15 550.029 85.9582290649414
C15 575.023 87.56781005859375
C15 599.982 89.62405395507812
C15 619.997 90.51172637939453
C15 624.979 90.85380554199219
C15 650.012 92.37957000732422
C15 675.004 93.65171813964844
C15 700.03 94.69926452636719
C15 725.012 95.74270629882812
C15 750.022 97.5102310180664
C15 774.987 99.1748275756836
C15 799.976 99.7242431640625
C15 824.988 99.0539779663086
C15 850.022 98.06197357177734
C15 869.967 95.60173797607422
C15 875.002 94.57704162597656
C15 899.999 87.23490905761719
C15 919.999 78.62134552001953
C15 925.012 75.78096771240234
C15 949.965 61.87481689453125
C15 975.002 46.00061798095703
C15 999.976 29.558870315551758
C15 1025.028 14.467829704284668
C15 1050.014 5.884511947631836
C15 1075.002 0.928960810925522
C15 1099.99 0.0921706382412718
C16 319.994 46.717674255371094
C16 324.969 47.67002868652344
C16 349.982 54.155845642089844
C16 374.975 69.18414306640625
C16 400.019 82.57070922851562
C16 424.965 85.20756530761719
C16 450.035 84.74996185302734
C16 475.003 84.2236328125
C16 500.018 84.12006378173828
C16 525.002 84.59317779541016
C16 550.029 85.97157287597656
C16 575.023 87.53914642333984
C16 599.982 89.54519653320312
C16 619.997 90.39950561523438
C16 624.979 90.73380279541016
C16 650.012 92.23983001708984
C16 675.004 93.5104751586914
C16 700.03 94.55924987792969
C16 725.012 95.62445831298828
C16 750.022 97.4189224243164
C16 774.987 99.11854553222656
C16 799.976 99.69404602050781
C16 824.988 99.0464859008789
C16 850.022 98.0847396850586
C16 869.967 95.65437316894531
C16 875.002 94.6361312866211
C16 899.999 87.30276489257812
C16 919.999 78.6846923828125
C16 925.012 75.8505859375
C16 949.965 62.01630401611328
C16 975.002 46.129451751708984
C16 999.976 29.60120391845703
C16 1025.028 14.486474990844727
C16 1050.014 5.898135662078857
C16 1075.002 0.9280906568010516
C16 1099.99 0.09208430234843601
C17 319.994 46.73280715942383
C17 324.969 47.676002502441406
C17 349.982 54.141239166259766
C17 374.975 69.2518539428711
C17 400.019 82.75890350341797
C17 424.965 85.42520904541016
C17 450.035 84.92166900634766
C17 475.003 84.31893157958984
C17 500.018 84.17211151123047
C17 525.002 84.62934112548828
C17 550.029 86.000244140625
C17 575.023 87.57992553710938
C17 599.982 89.60015869140625
C17 619.997 90.4710693359375
C17 624.979 90.8115234375
C17 650.012 92.32817077636719
C17 675.004 93.61957550048828
C17 700.03 94.68274688720703
C17 725.012 95.77827453613281
C17 750.022 97.60958099365234
C17 774.987 99.34232330322266
C17 799.976 99.9342041015625
C17 824.988 99.30465698242188
C17 850.022 98.34768676757812
C17 869.967 95.91558837890625
C17 875.002 94.89485931396484
C17 899.999 87.37539672851562
C17 919.999 78.7319564819336
C17 925.012 75.93924713134766
C17 949.965 62.36846160888672
C17 975.002 46.419700622558594
C17 999.976 29.570648193359375
C17 1025.028 14.45834732055664
C17 1050.014 5.886733055114746
C17 1075.002 0.9299067591469429
C17 1099.99 0.0922644943547764
