lsstCam/transmission_sensor/r01_s21/19700101T000000.ecsv
# %ECSV 1.0
# ---
# datatype:
# - {name: amp_name, datatype: string}
# - {name: wavelength, unit: nm, datatype: float32}
# - {name: efficiency, unit: '%', datatype: float64}
# meta: !!omap
# - {MODE: AMP}
# - {TYPE: transmission_sensor}
# - {CALIBDATE: '1970-01-01T00:00:00'}
# - {INSTRUME: LSSTCam}
# - {OBSTYPE: transmission_sensor}
# - {DETECTOR: 7}
# - {PARQUETFILE: qe_raft_allvalues_nircorrected_20230725_adjust.parquet}
# - {CORRFILE: qe_corr_factor_bydetnum.parquet}
# - {CALIBCLS: lsst.ip.isr.IntermediateSensorTransmissionCurve}
# - {CALIB_ID: 'raftName=R01 detectorName=S21 detector=7 calibDate=1970-01-01T00:00:00 ccd=7 ccdnum=7 filter=None'}
# - {DATE: '2025-03-03T21:56:47.411079'}
# - {CALIB_CREATION_DATE: '2025-03-03'}
# - {CALIB_CREATION_TIME: '21:56:47'}
# - __serialized_columns__:
#     efficiency:
#       __class__: astropy.units.quantity.Quantity
#       unit: !astropy.units.Unit {unit: '%'}
#       value: !astropy.table.SerializedColumn {name: efficiency}
#     wavelength:
#       __class__: astropy.units.quantity.Quantity
#       unit: !astropy.units.Unit {unit: nm}
#       value: !astropy.table.SerializedColumn {name: wavelength}
# schema: astropy-2.0
amp_name wavelength efficiency
C00 319.994 48.11462108192958
C00 324.969 49.35782693050009
C00 349.982 56.84563640836235
C00 374.975 71.52512951088953
C00 400.019 83.74520102576486
C00 424.965 85.6601556081692
C00 450.035 85.05846712168086
C00 475.003 84.66721194311963
C00 500.018 84.80210508922674
C00 525.002 85.54718977347184
C00 550.029 87.12649959431435
C00 575.023 88.81718331939236
C00 599.982 90.90577312481697
C00 619.997 91.79950431593822
C00 624.979 92.14215204082988
C00 650.012 93.68072221817009
C00 675.004 94.87448638028091
C00 700.03 95.84921468716112
C00 725.012 96.59578415270238
C00 750.022 97.96939818944419
C00 774.987 99.23522781900151
C00 799.976 99.57212775650444
C00 824.988 98.85432018844237
C00 850.022 97.60215207751206
C00 869.967 95.1039310116083
C00 875.002 94.1421601002662
C00 899.999 87.61496968021474
C00 919.999 79.3260403312011
C00 925.012 76.45706784494438
C00 949.965 61.61373218779093
C00 975.002 45.64696431554234
C00 999.976 29.445807643320393
C00 1025.028 14.57800275213871
C00 1050.014 5.956595282085311
C00 1075.002 0.93333860012915
C00 1099.99 0.09260499846426347
C01 319.994 47.79196815670911
C01 324.969 48.96326926158167
C01 349.982 56.17900404719079
C01 374.975 70.92755861376888
C01 400.019 83.41646738539079
C01 424.965 85.48877051762868
C01 450.035 84.89015874289836
C01 475.003 84.43847908839298
C01 500.018 84.51465449169534
C01 525.002 85.20879740116092
C01 550.029 86.7929901625547
C01 575.023 88.5226991444838
C01 599.982 90.6424234360567
C01 619.997 91.55295408565769
C01 624.979 91.89860964070084
C01 650.012 93.44738194931824
C01 675.004 94.66807116606765
C01 700.03 95.64742219409672
C01 725.012 96.40259420694149
C01 750.022 97.79012998171272
C01 774.987 99.05740612500703
C01 799.976 99.41024067415223
C01 824.988 98.73631068944518
C01 850.022 97.52776759597928
C01 869.967 94.94559515874793
C01 875.002 93.95139631775727
C01 899.999 87.28725395691485
C01 919.999 79.19844098187356
C01 925.012 76.4099757866183
C01 949.965 61.817709758484476
C01 975.002 45.72205292016401
C01 999.976 29.437327552206256
C01 1025.028 14.510969468724289
C01 1050.014 5.884071560617637
C01 1075.002 0.9316306605785203
C01 1099.99 0.09243553827110182
C02 319.994 47.240532628935064
C02 324.969 48.380144368051226
C02 349.982 55.51092899903816
C02 374.975 70.3463050038823
C02 400.019 82.9881539025203
C02 424.965 85.14185978664445
C02 450.035 84.50911334912617
C02 475.003 83.94826400179402
C02 500.018 83.94584549205388
C02 525.002 84.51709596197098
C02 550.029 86.00940066026338
C02 575.023 87.73972957665117
C02 599.982 89.90136449903727
C02 619.997 90.85072141418159
C02 624.979 91.2014435940601
C02 650.012 92.76837003275217
C02 675.004 94.00894307325115
C02 700.03 94.99152388327495
C02 725.012 95.74706326468784
C02 750.022 97.12207024058378
C02 774.987 98.38149388073448
C02 799.976 98.73183338502119
C02 824.988 98.07932557994272
C02 850.022 96.89044435838316
C02 869.967 94.27082328773892
C02 875.002 93.26117200635166
C02 899.999 86.51796886824475
C02 919.999 78.58303740217535
C02 925.012 75.8762810992798
C02 949.965 61.617279590526856
C02 975.002 45.562982330167394
C02 999.976 29.28296195861074
C02 1025.028 14.375667816422935
C02 1050.014 5.817331024030938
C02 1075.002 0.9252661721725141
C02 1099.99 0.09180405957839322
C03 319.994 47.35058630237888
C03 324.969 48.49006793179383
C03 349.982 55.69287593591217
C03 374.975 70.87265997337022
C03 400.019 83.78666775289156
C03 424.965 85.99602232157429
C03 450.035 85.27564317353536
C03 475.003 84.53478322782367
C03 500.018 84.41480677628465
C03 525.002 84.9178644557442
C03 550.029 86.38146083114026
C03 575.023 88.1548637121403
C03 599.982 90.38389545975303
C03 619.997 91.37684677831444
C03 624.979 91.73877369952064
C03 650.012 93.34420495625895
C03 675.004 94.61572879862216
C03 700.03 95.60567994054391
C03 725.012 96.37045711074269
C03 750.022 97.75461768679432
C03 774.987 99.01974319326274
C03 799.976 99.36257460243847
C03 824.988 98.70832945017325
C03 850.022 97.51246822581939
C03 869.967 94.85982990511523
C03 875.002 93.83561399070432
C03 899.999 86.97113330404629
C03 919.999 78.96378430898595
C03 925.012 76.26401566239653
C03 949.965 61.98400526365415
C03 975.002 45.804366439958734
C03 999.976 29.429503749732042
C03 1025.028 14.401253506490232
C03 1050.014 5.819557239286195
C03 1075.002 0.9312923595109524
C03 1099.99 0.09240197234996853
C04 319.994 47.0306618541279
C04 324.969 48.14653622628513
C04 349.982 55.30508779821258
C04 374.975 70.60571313404711
C04 400.019 83.6954685058554
C04 424.965 85.96572972172794
C04 450.035 85.19695741835083
C04 475.003 84.32382948109172
C04 500.018 84.11245479120882
C04 525.002 84.57801791618446
C04 550.029 86.01462035533544
C04 575.023 87.80239653156323
C04 599.982 90.0541209417693
C04 619.997 91.06801226871363
C04 624.979 91.43423281005975
C04 650.012 93.05430523494007
C04 675.004 94.34097537722646
C04 700.03 95.33045965492622
C04 725.012 96.10478075438432
C04 750.022 97.4948421880614
C04 774.987 98.76779723713791
C04 799.976 99.12269823447879
C04 824.988 98.47149917992425
C04 850.022 97.27714569740206
C04 869.967 94.64892973296614
C04 875.002 93.63359189228483
C04 899.999 86.7998400556478
C04 919.999 78.76372916310828
C04 925.012 76.06458045097756
C04 949.965 61.814158528992635
C04 975.002 45.66693232792211
C04 999.976 29.366796613882844
C04 1025.028 14.367537873475287
C04 1050.014 5.8295876448915855
C04 1075.002 0.9288174328027692
C04 1099.99 0.09215641239565105
C05 319.994 47.05488521908841
C05 324.969 48.13395385282697
C05 349.982 55.17608402946316
C05 374.975 70.56850175950113
C05 400.019 83.87563982798349
C05 424.965 86.2417536260884
C05 450.035 85.47153480897431
C05 475.003 84.56962966721235
C05 500.018 84.32486270518957
C05 525.002 84.75849537878598
C05 550.029 86.18724531479336
C05 575.023 87.97574092113372
C05 599.982 90.23586123382374
C05 619.997 91.25664837493218
C05 624.979 91.62397867549451
C05 650.012 93.25471244236219
C05 675.004 94.54954888177744
C05 700.03 95.55607753033567
C05 725.012 96.35183611644602
C05 750.022 97.7820555267259
C05 774.987 99.08646650944782
C05 799.976 99.46658582828786
C05 824.988 98.81765986674857
C05 850.022 97.63307991884079
C05 869.967 95.0383939897578
C05 875.002 94.0235306668103
C05 899.999 87.1719002265247
C05 919.999 79.05616985035667
C05 925.012 76.34004564897401
C05 949.965 62.02476786769196
C05 975.002 45.839874908121224
C05 999.976 29.491414920350312
C05 1025.028 14.435201614927188
C05 1050.014 5.908583367305463
C05 1075.002 0.9315534026858959
C05 1099.99 0.092427872813971
C06 319.994 46.9914184721895
C06 324.969 48.00340790144263
C06 349.982 54.791361123253836
C06 374.975 70.1129723885423
C06 400.019 83.57993874469302
C06 424.965 86.06968737299448
C06 450.035 85.3604134706294
C06 475.003 84.54007180450225
C06 500.018 84.32526834131687
C06 525.002 84.75636770249562
C06 550.029 86.19327628212002
C06 575.023 87.9582603001006
C06 599.982 90.17748024553975
C06 619.997 91.16899270387603
C06 624.979 91.53316975756198
C06 650.012 93.14681323250016
C06 675.004 94.4386801093231
C06 700.03 95.4618015715415
C06 725.012 96.29311837364128
C06 750.022 97.76395497123407
C06 774.987 99.11583303436203
C06 799.976 99.53474800469807
C06 824.988 98.91201236066111
C06 850.022 97.77742515206519
C06 869.967 95.23028283850658
C06 875.002 94.2162537483492
C06 899.999 87.32593480573331
C06 919.999 79.17739382432492
C06 925.012 76.46401723369134
C06 949.965 62.20303346537292
C06 975.002 45.97915734326621
C06 999.976 29.54384721655986
C06 1025.028 14.478058411141092
C06 1050.014 5.937405536190349
C06 1075.002 0.9313805874430658
C06 1099.99 0.0924107262443395
C07 319.994 47.01778482046406
C07 324.969 47.97714870233377
C07 349.982 54.50394879328161
C07 374.975 69.74460886388214
C07 400.019 83.449844350507
C07 424.965 86.09917635409806
C07 450.035 85.44426534630313
C07 475.003 84.68036067645365
C07 500.018 84.50193435502413
C07 525.002 84.97266360048899
C07 550.029 86.45596011535058
C07 575.023 88.20960928230224
C07 599.982 90.39989895300182
C07 619.997 91.36944583236915
C07 624.979 91.72717097557747
C07 650.012 93.32696159409275
C07 675.004 94.6286249660656
C07 700.03 95.67280123934445
C07 725.012 96.5398982092769
C07 750.022 98.0696362339585
C07 774.987 99.48390572557243
C07 799.976 99.94398128256177
C07 824.988 99.36425072153052
C07 850.022 98.30459904731956
C07 869.967 95.80239815526114
C07 875.002 94.7781975478739
C07 899.999 87.67719273144031
C07 919.999 79.54323169007925
C07 925.012 76.8693625275424
C07 949.965 62.87940874711154
C07 975.002 46.57276754801179
C07 999.976 29.727671177211615
C07 1025.028 14.556843661979482
C07 1050.014 5.9766111289140555
C07 1075.002 0.9342922876493084
C07 1099.99 0.09269962246387888
C10 319.994 47.808197428557065
C10 324.969 49.03639856717336
C10 349.982 56.44390739885373
C10 374.975 71.0328097085357
C10 400.019 83.18697683299239
C10 424.965 85.14111739599637
C10 450.035 84.61420372014443
C10 475.003 84.29716464585557
C10 500.018 84.45181915952288
C10 525.002 85.19126320554496
C10 550.029 86.72376414799932
C10 575.023 88.33407069177707
C10 599.982 90.34649274741116
C10 619.997 91.1928027791974
C10 624.979 91.52605964506645
C10 650.012 93.01732346574917
C10 675.004 94.2410281661619
C10 700.03 95.23911499116518
C10 725.012 96.20939660766875
C10 750.022 97.8873908101229
C10 774.987 99.46947120224999
C10 799.976 99.93359546700049
C10 824.988 99.18018376187797
C10 850.022 98.08161397998164
C10 869.967 95.55436314368444
C10 875.002 94.51904963711152
C10 899.999 87.18994720743366
C10 919.999 78.46717854000403
C10 925.012 75.55806338416821
C10 949.965 61.37151767196541
C10 975.002 45.548272280418864
C10 999.976 29.36243793889232
C10 1025.028 14.390936572535486
C10 1050.014 5.829090644966744
C10 1075.002 0.9325547133986375
C10 1099.99 0.09252722194300396
C11 319.994 47.58968966564313
C11 324.969 48.71121998304706
C11 349.982 55.765377653533314
C11 374.975 70.54470699120343
C11 400.019 83.17830540408235
C11 424.965 85.39478539228426
C11 450.035 84.9175659687826
C11 475.003 84.56499929255166
C11 500.018 84.65996406741107
C11 525.002 85.39222146581925
C11 550.029 86.94100142794849
C11 575.023 88.54422847327808
C11 599.982 90.53540438005581
C11 619.997 91.3731654391214
C11 624.979 91.70087350890944
C11 650.012 93.19186180316606
C11 675.004 94.4232735899975
C11 700.03 95.44357090634847
C11 725.012 96.44170365242275
C11 750.022 98.15576885615933
C11 774.987 99.77060627894392
C11 799.976 100.27690904742187
C11 824.988 99.5640762620531
C11 850.022 98.49244684181902
C11 869.967 95.93059447851188
C11 875.002 94.86881512801054
C11 899.999 87.38736189172796
C11 919.999 78.77812541887154
C11 925.012 75.93305485007824
C11 949.965 61.96343262383934
C11 975.002 45.883729530940734
C11 999.976 29.381663560624013
C11 1025.028 14.406021644363975
C11 1050.014 5.790261987700954
C11 1075.002 0.935111250056898
C11 1099.99 0.09278087916159461
C12 319.994 47.119852054307145
C12 324.969 48.171605304303505
C12 349.982 54.99746637023775
C12 374.975 69.88026736117284
C12 400.019 82.82753730313284
C12 424.965 85.24237335758485
C12 450.035 84.8036970196886
C12 475.003 84.40690835207003
C12 500.018 84.44540551660444
C12 525.002 85.10149516522209
C12 550.029 86.59873637864862
C12 575.023 88.1885391642181
C12 599.982 90.1821412342478
C12 619.997 91.02023139432232
C12 624.979 91.35134527687734
C12 650.012 92.84456839659003
C12 675.004 94.08620527523419
C12 700.03 95.11838849546625
C12 725.012 96.13334366055577
C12 750.022 97.86384860771578
C12 774.987 99.50113378071497
C12 799.976 100.02965469405243
C12 824.988 99.342032576671
C12 850.022 98.31787023684294
C12 869.967 95.79113218583875
C12 875.002 94.74172091046417
C12 899.999 87.29941538722204
C12 919.999 78.72611215243501
C12 925.012 75.88836599446861
C12 949.965 61.979394022773036
C12 975.002 45.97396443548558
C12 999.976 29.45791741242269
C12 1025.028 14.428230222333696
C12 1050.014 5.822264190753643
C12 1075.002 0.9323299757986733
C12 1099.99 0.09250492368479772
C13 319.994 46.8575738572039
C13 324.969 47.89498825277577
C13 349.982 54.67355061556437
C13 374.975 69.57134100943
C13 400.019 82.55247008775187
C13 424.965 84.98436582008603
C13 450.035 84.52931862037286
C13 475.003 84.09357357750974
C13 500.018 84.08565219275962
C13 525.002 84.67142902814119
C13 550.029 86.11683300590342
C13 575.023 87.70120945158126
C13 599.982 89.69977865079242
C13 619.997 90.5489740565408
C13 624.979 90.87907767553347
C13 650.012 92.37647195919672
C13 675.004 93.6132258972896
C13 700.03 94.6433503228378
C13 725.012 95.66073930469112
C13 750.022 97.38243505972805
C13 774.987 99.01436277444213
C13 799.976 99.53780175592058
C13 824.988 98.85371556100733
C13 850.022 97.84831197868897
C13 869.967 95.35607595904087
C13 875.002 94.32251510667835
C13 899.999 86.9345801315182
C13 919.999 78.39931485055543
C13 925.012 75.57429648277207
C13 949.965 61.694449950367876
C13 975.002 45.788856598223354
C13 999.976 29.35828782209932
C13 1025.028 14.343972710532661
C13 1050.014 5.803863713266755
C13 1075.002 0.9277436312802936
C13 1099.99 0.0920498707950722
C14 319.994 46.90016182381457
C14 324.969 47.93292288419023
C14 349.982 54.72072303576473
C14 374.975 69.73643491324142
C14 400.019 82.85169943999867
C14 424.965 85.31579349662631
C14 450.035 84.82048117114465
C14 475.003 84.3058131142301
C14 500.018 84.2471489460082
C14 525.002 84.74455068022104
C14 550.029 86.13830876011484
C14 575.023 87.74171183621665
C14 599.982 89.7860490362063
C14 619.997 90.66903469671
C14 624.979 91.0086592844265
C14 650.012 92.52844009020964
C14 675.004 93.79122362205631
C14 700.03 94.83236910464815
C14 725.012 95.85624061102645
C14 750.022 97.5955241362622
C14 774.987 99.23388845443024
C14 799.976 99.76162870956045
C14 824.988 99.07827725178343
C14 850.022 98.07419007350084
C14 869.967 95.59535535307734
C14 875.002 94.56344000575953
C14 899.999 87.19531231923061
C14 919.999 78.61627660407851
C14 925.012 75.78098722341143
C14 949.965 61.850822677442345
C14 975.002 45.94224445568183
C14 999.976 29.492595474550992
C14 1025.028 14.412258299821225
C14 1050.014 5.846951071524714
C14 1075.002 0.9297736222032019
C14 1099.99 0.09225128462952882
C15 319.994 46.9383451943637
C15 324.969 47.93610674511395
C15 349.982 54.608438363620756
C15 374.975 69.68059489088697
C15 400.019 82.97378826080438
C15 424.965 85.52875246345924
C15 450.035 85.03484073064355
C15 475.003 84.48428535673062
C15 500.018 84.38822612967869
C15 525.002 84.85185291615987
C15 550.029 86.22995191083749
C15 575.023 87.8446209563617
C15 599.982 89.90736485231659
C15 619.997 90.7978433009076
C15 624.979 91.14100381109226
C15 650.012 92.67159137558767
C15 675.004 93.94776089963524
C15 700.03 94.9986186887468
C15 725.012 96.04535888849067
C15 750.022 97.81847093604094
C15 774.987 99.48832945541356
C15 799.976 100.03948180324969
C15 824.988 99.36709782793346
C15 850.022 98.371957604987
C15 869.967 95.90394495029939
C15 875.002 94.87600942913625
C15 899.999 87.51066762091557
C15 919.999 78.86987571875989
C15 925.012 76.0205191833385
C15 949.965 62.07040958552514
C15 975.002 46.146030688579486
C15 999.976 29.652308959541816
C15 1025.028 14.513564009236648
C15 1050.014 5.903113498065268
C15 1075.002 0.931897352057377
C15 1099.99 0.09246199915462955
C16 319.994 46.86535365198506
C16 324.969 47.82071857392054
C16 349.982 54.3270378671956
C16 374.975 69.4028412928516
C16 400.019 82.83172377410706
C16 424.965 85.47691522779493
C16 450.035 85.0178652413916
C16 475.003 84.48987242037082
C16 500.018 84.38597599719894
C16 525.002 84.86058557316458
C16 550.029 86.24333790303842
C16 575.023 87.81586671239435
C16 599.982 89.8282581539811
C16 619.997 90.68526779531388
C16 624.979 91.02062172342595
C16 650.012 92.53140965280197
C16 675.004 93.80607143501788
C16 700.03 94.85816143953501
C16 725.012 95.9267371085466
C16 750.022 97.72687370638931
C16 774.987 99.43186949860039
C16 799.976 100.00918920340332
C16 824.988 99.35958207931064
C16 850.022 98.39479568430522
C16 869.967 95.95674652845503
C16 875.002 94.93528587830502
C16 899.999 87.57873795518375
C16 919.999 78.93342282753308
C16 925.012 76.09035747884076
C16 949.965 62.21234396252125
C16 975.002 46.27527171619581
C16 999.976 29.694776383341072
C16 1025.028 14.53226823547452
C16 1050.014 5.916780278481673
C16 1075.002 0.9310244472857884
C16 1099.99 0.09237539034511366
C17 319.994 46.880534392711496
C17 324.969 47.82671127368802
C17 349.982 54.312385218785835
C17 374.975 69.4707662103949
C17 400.019 83.02051295056233
C17 424.965 85.69524695993664
C17 450.035 85.19011517876957
C17 475.003 84.58547243671259
C17 500.018 84.43818825494321
C17 525.002 84.89686321926658
C17 550.029 86.2720998005176
C17 575.023 87.85677473315704
C17 599.982 89.88339405324666
C17 619.997 90.75705773633427
C17 624.979 91.0985880484979
C17 650.012 92.62002966634944
C17 675.004 93.91551665427075
C17 700.03 94.98204883562215
C17 725.012 96.08103956066947
C17 750.022 97.91813496716756
C17 774.987 99.65635465425814
C17 799.976 100.25010644897267
C17 824.988 99.61856926632447
C17 850.022 98.6585739697283
C17 869.967 96.21878746669135
C17 875.002 95.19483177168286
C17 899.999 87.65159938786118
C17 919.999 78.98083633335625
C17 925.012 76.17929893988534
C17 949.965 62.56561476184109
C17 975.002 46.56643809372353
C17 999.976 29.664124068438433
C17 1025.028 14.504051650713647
C17 1050.014 5.905341626698484
C17 1075.002 0.93284629051889
C17 1099.99 0.09255615195700902
