lsstCam/transmission_filter_detector/r34_s11/z_20/19700101T000000.ecsv
# %ECSV 1.0
# ---
# datatype:
# - {name: wavelength, unit: nm, datatype: float32}
# - {name: efficiency, unit: '%', datatype: float64}
# meta: !!omap
# - {MODE: DETECTOR}
# - {TYPE: transmission_filter_detector}
# - {CALIBDATE: '1970-01-01T00:00:00'}
# - {INSTRUME: LSSTCam}
# - {OBSTYPE: transmission_filter_detector}
# - {CALIBCLS: lsst.ip.isr.IntermediateFilterDetectorTransmissionCurve}
# - {SOURCE: Materion (DM-46256)}
# - {DETECTOR: 157}
# - {FILTER: z_20}
# - {CALIB_ID: 'calibDate=1970-01-01T00:00:00 filter=z_20 detector=157'}
# - {DATE: '2025-04-02T15:59:49.369527'}
# - {CALIB_CREATION_DATE: '2025-04-02'}
# - {CALIB_CREATION_TIME: '15:59:49'}
# - __serialized_columns__:
#     efficiency:
#       __class__: astropy.units.quantity.Quantity
#       unit: !astropy.units.Unit {unit: '%'}
#       value: !astropy.table.SerializedColumn {name: efficiency}
#     wavelength:
#       __class__: astropy.units.quantity.Quantity
#       unit: !astropy.units.Unit {unit: nm}
#       value: !astropy.table.SerializedColumn {name: wavelength}
# schema: astropy-2.0
wavelength efficiency
[from data line 598]
898.0 98.57747554779053
899.0 98.54346513748169
900.0 98.85535836219788
901.0 99.30940866470337
902.0 99.09581542015076
903.0 98.45245480537415
904.0 97.67763018608093
905.0 98.36742877960205
906.0 97.89048433303833
907.0 98.30276370048523
908.0 97.9784905910492
909.0 98.15468788146973
910.0 97.94573187828064
911.0 96.88130021095276
912.0 95.95536589622498
913.0 94.83970403671265
914.0 92.1899139881134
915.0 89.76463675498962
916.0 87.51611113548279
917.0 86.00897192955017
918.0 82.59352445602417
919.0 81.56538009643555
920.0 78.51354479789734
921.0 74.37465786933899
922.0 69.57957744598389
923.0 63.60599398612976
924.0 58.1473171710968
925.0 52.42387056350708
926.0 46.315258741378784
927.0 39.007848501205444
928.0 32.93454349040985
929.0 26.6218900680542
930.0 21.329322457313538
931.0 16.247031092643738
932.0 10.96474677324295
933.0 6.9032371044158936
934.0 4.46002334356308
935.0 2.605626918375492
936.0 1.6727851703763008
937.0 0.9117674082517624
938.0 0.5416172090917826
939.0 0.2939376747235656
940.0 0.21441848948597908
941.0 0.1339477370493114
942.0 0.13473713770508766
943.0 1.6826518477175423e-10
944.0 1.6826518477175423e-10
945.0 0.004024539521196857
946.0 0.10331734083592892
947.0 1.6826518477175423e-10
948.0 1.6826518477175423e-10
949.0 1.6826518477175423e-10
950.0 0.005291042907629162
951.0 1.6826518477175423e-10
952.0 1.6826518477175423e-10
953.0 0.09702843963168561
954.0 1.6826518477175423e-10
955.0 1.6826518477175423e-10
956.0 1.6826518477175423e-10
957.0 1.6826518477175423e-10
958.0 0.011178693239344284
959.0 0.016311125364154577
960.0 0.07924888632260263
961.0 1.6826518477175423e-10
962.0 1.6826518477175423e-10
963.0 1.6826518477175423e-10
964.0 1.6826518477175423e-10
965.0 1.6826518477175423e-10
966.0 1.6826518477175423e-10
967.0 1.6826518477175423e-10
968.0 0.017925228166859597
969.0 1.6826518477175423e-10
970.0 0.033563628676347435
971.0 1.6826518477175423e-10
972.0 1.6826518477175423e-10
973.0 1.6826518477175423e-10
974.0 0.07791258976794779
975.0 1.6826518477175423e-10
976.0 0.0060697970184264705
977.0 0.006062305692466907
978.0 0.006054815094103105
979.0 0.005835347838001326
980.0 0.005615880581899546
981.0 0.005626865095109679
982.0 0.00563784888072405
983.0 0.005363269519875757
984.0 0.005088689795229584
985.0 0.005062333366367966
986.0 0.005035976937506348
987.0 0.00499763191328384
988.0 0.0049592872528592125
989.0 0.0048951660573948175
990.0 0.0048310448619304225
991.0 0.004598110535880551
992.0 0.00436517657362856
993.0 0.004427255771588534
994.0 0.004489335333346389
995.0 0.004394533243612386
996.0 0.004299731153878383
997.0 0.004286917828721926
998.0 0.004274104867363349
999.0 0.004360859747976065
1000.0 0.004447614628588781
1001.0 0.004286779585527256
1002.0 0.004125944178667851
1003.0 0.0041309282096335664
1004.0 0.004135911876801401
1005.0 0.00408212945330888
1006.0 0.004028347029816359
1007.0 0.004103713217773475
1008.0 0.004179079769528471
1009.0 0.004091032315045595
1010.0 0.004002984860562719
1011.0 0.004021542190457694
1012.0 0.004040099520352669
1013.0 0.004199138129479252
1014.0 0.004358176374807954
1015.0 0.004180935138720088
1016.0 0.004003693538834341
1017.0 0.004185853686067276
1018.0 0.0043680138333002105
1019.0 0.004266483665560372
1020.0 0.0041649538616184145
1021.0 0.0041033083107322454
1022.0 0.004041662759846076
1023.0 0.004278197593521327
1024.0 0.0045147320633986965
1025.0 0.004433148569660261
1026.0 0.004351564348326065
1027.0 0.004392002665554173
1028.0 0.004432440618984401
1029.0 0.004502779847825877
1030.0 0.004573118712869473
1031.0 0.004579198866849765
1032.0 0.004585279384627938
1033.0 0.004691791036748327
1034.0 0.004798302325070836
1035.0 0.004873852958553471
1036.0 0.004949403228238225
1037.0 0.005029999738326296
1038.0 0.005110596612212248
1039.0 0.0052007399062858894
1040.0 0.005290883200359531
1041.0 0.005188085197005421
1042.0 0.005085287193651311
1043.0 0.005339274503057823
1044.0 0.005593261812464334
1045.0 0.005773804514319636
1046.0 0.0059543475799728185
1047.0 0.005995978062856011
1048.0 0.006037609637132846
1049.0 0.006149781256681308
1050.0 0.00626195251243189
1051.0 0.006641633081017062
1052.0 0.007021312922006473
1053.0 0.007215881487354636
1054.0 0.007410447869915515
1055.0 0.007127128628781065
1056.0 0.006843808660050854
1057.0 0.0073365343268960714
1058.0 0.007829262176528573
1059.0 0.007804397318977863
1060.0 0.007779532461427152
1061.0 0.008197531860787421
1062.0 0.008615531987743452
1063.0 0.008735602023079991
1064.0 0.008855673513608053
1065.0 0.008969589543994516
1066.0 0.009083504846785218
1067.0 0.00903684995137155
1068.0 0.00899019360076636
1069.0 0.009675655019236729
1070.0 0.010361114254919812
1071.0 0.010245540761388838
1072.0 0.010129966540262103
1073.0 0.01040409188135527
1074.0 0.010678217222448438
1075.0 0.010632537305355072
1076.0 0.010586858115857467
1077.0 0.011884116247529164
1078.0 0.013181378017179668
1079.0 0.012607952521648258
1080.0 0.012034529208904132
1081.0 0.013028056127950549
1082.0 0.014021582319401205
1083.0 0.014214836119208485
1084.0 0.014408088463824242
1085.0 0.014301348710432649
1086.0 0.014194610412232578
1087.0 0.014559095143340528
1088.0 0.014923579874448478
1089.0 0.014981925778556615
1090.0 0.015040273137856275
1091.0 0.015885384345892817
1092.0 0.01673049700912088
1093.0 0.017068407032638788
1094.0 0.017406317056156695
1095.0 0.01785038912203163
1096.0 0.018294461187906563
1097.0 0.018784620624501258
1098.0 0.01927477860590443
1099.0 0.02015876234509051
1100.0 0.021042744629085064
1101.0 0.022269293549470603
1102.0 0.02349584101466462
1103.0 0.024114012194331735
1104.0 0.02473218773957342
1105.0 0.024297161144204438
1106.0 0.02386213600402698
1107.0 0.02540667192079127
1108.0 0.02695120929274708
1109.0 0.027925867470912635
1110.0 0.02890052564907819
1111.0 0.029907861608080566
1112.0 0.03091519756708294
1113.0 0.03029409854207188
1114.0 0.029673002427443862
1115.0 0.030602116021327674
1116.0 0.031531223794445395
1117.0 0.03177229664288461
1118.0 0.03201336949132383
1119.0 0.03371524217072874
1120.0 0.03541711193975061
1121.0 0.03606011741794646
1122.0 0.03670312580652535
1123.0 0.03973947023041546
1124.0 0.04277581756468862
1125.0 0.04335129342507571
1126.0 0.0439267692854628
1127.0 0.04531857557594776
1128.0 0.04671038768719882
1129.0 0.05096636014059186
1130.0 0.05522233550436795
1131.0 0.0568015908356756
1132.0 0.05838085198774934
1133.0 0.05735696176998317
1134.0 0.05633307155221701
1135.0 0.06332302000373602
1136.0 0.07031296845525503
1137.0 0.07512301672250032
1138.0 0.07993308245204389
1139.0 0.08443471160717309
1140.0 0.08893635240383446
1141.0 0.09928949875757098
1142.0 0.10964261600747705
1143.0 0.15580354956910014
1144.0 0.20196451805531979
1145.0 0.42512016370892525
1146.0 0.6482757162302732
1147.0 1.0661493986845016
1148.0 1.4840231277048588
1149.0 1.5097809955477715
1150.0 1.5355388633906841
