lsstCam/transmission_filter_detector/r34_s11/z_20/19700101T000000.ecsv
# %ECSV 1.0
# ---
# datatype:
# - {name: wavelength, unit: nm, datatype: float32}
# - {name: efficiency, unit: '%', datatype: float64}
# meta: !!omap
# - {MODE: DETECTOR}
# - {TYPE: transmission_filter_detector}
# - {CALIBDATE: '1970-01-01T00:00:00'}
# - {INSTRUME: LSSTCam}
# - {OBSTYPE: transmission_filter_detector}
# - {CALIBCLS: lsst.ip.isr.IntermediateFilterDetectorTransmissionCurve}
# - {SOURCE: Materion (DM-46256)}
# - {DETECTOR: 157}
# - {FILTER: z_20}
# - {CALIB_ID: 'calibDate=1970-01-01T00:00:00 filter=z_20 detector=157'}
# - {DATE: '2025-04-02T15:59:49.369527'}
# - {CALIB_CREATION_DATE: '2025-04-02'}
# - {CALIB_CREATION_TIME: '15:59:49'}
# - __serialized_columns__:
#     efficiency:
#       __class__: astropy.units.quantity.Quantity
#       unit: !astropy.units.Unit {unit: '%'}
#       value: !astropy.table.SerializedColumn {name: efficiency}
#     wavelength:
#       __class__: astropy.units.quantity.Quantity
#       unit: !astropy.units.Unit {unit: nm}
#       value: !astropy.table.SerializedColumn {name: wavelength}
# schema: astropy-2.0
wavelength efficiency
300.0 0.38674669340252876
301.0 0.3230053000152111
302.0 0.2592639531940222
303.0 0.24319305084645748
304.0 0.22712214849889278
305.0 0.1885538804344833
306.0 0.14998557744547725
307.0 0.1531413523480296
308.0 0.15629709232598543
309.0 0.14129236806184053
310.0 0.12628763215616345
311.0 0.12234213063493371
312.0 0.11839661747217178
313.0 0.1115188468247652
314.0 0.10464106453582644
315.0 0.09221814689226449
316.0 0.07979521760717034
317.0 0.07457945612259209
318.0 0.06936368881724775
319.0 0.06711439928039908
320.0 0.06486510392278433
321.0 0.06227112025953829
322.0 0.05967714241705835
323.0 0.05711956764571369
324.0 0.05456199869513512
325.0 0.05103278090246022
326.0 0.04750356310978532
327.0 0.041883112862706184
328.0 0.03626266261562705
329.0 0.03338710230309516
330.0 0.030511539080180228
331.0 0.03158598847221583
332.0 0.03266043495386839
333.0 0.029558705864474177
334.0 0.02645697386469692
335.0 0.026836557663045824
336.0 0.027216144371777773
337.0 0.022473075659945607
338.0 0.017730009858496487
339.0 0.017577811377122998
340.0 0.0174256187165156
341.0 0.016108795534819365
342.0 0.014791972353123128
343.0 0.01483494124840945
344.0 0.014877910143695772
345.0 0.012751361646223813
346.0 0.010624808783177286
347.0 0.012775124923791736
348.0 0.014925441064406186
349.0 0.013527442933991551
350.0 0.01212944116559811
351.0 0.011930176697205752
352.0 0.011730913684004918
353.0 0.012330402387306094
354.0 0.0129298961837776
355.0 0.011916254879906774
356.0 0.010902613576035947
357.0 0.011070584878325462
358.0 0.011238556180614978
359.0 0.010519095667405054
360.0 0.009799636609386653
361.0 0.009474535181652755
362.0 0.00914943520911038
363.0 0.0091715352027677
364.0 0.009193633013637736
365.0 0.009201643842970952
366.0 0.009209652489516884
367.0 0.008605462790001184
368.0 0.008001272362889722
369.0 0.008607587369624525
370.0 0.009213905286742374
371.0 0.008259191235993057
372.0 0.007304477912839502
373.0 0.007234369695652276
374.0 0.007164260023273528
375.0 0.006171690620249137
376.0 0.005179120125831105
377.0 0.005323179721017368
378.0 0.00546723858860787
379.0 0.00573008946957998
380.0 0.0059929403505520895
381.0 0.005710476762033068
382.0 0.005428012082120404
383.0 0.005001312820240855
384.0 0.004574613194563426
385.0 0.0046058139560045674
386.0 0.004637014717445709
387.0 0.004602027547662146
388.0 0.004567040741676465
389.0 0.004493863889365457
390.0 0.00442068740085233
391.0 0.004033817458548583
392.0 0.0036469471524469554
393.0 0.00369997724192217
394.0 0.0037530073313973844
395.0 0.0034624379622982815
396.0 0.0031718685931991786
397.0 0.0036373148759594187
398.0 0.004102761158719659
399.0 0.004147034633206204
400.0 0.004191308107692748
401.0 0.004670349881052971
402.0 0.0051493916544131935
403.0 0.004762370008393191
404.0 0.004375348726171069
405.0 0.003808973269769922
406.0 0.0032425974495708942
407.0 0.004255871681380086
408.0 0.005269145913189277
409.0 0.004233492654748261
410.0 0.003197839396307245
411.0 0.00383476544811856
412.0 0.004471691499929875
413.0 0.004950074799126014
414.0 0.005428458098322153
415.0 0.004643365173251368
416.0 0.003858272248180583
417.0 0.002972435140691232
418.0 0.0020865983969997615
419.0 0.0027293541279505007
420.0 0.00337210985890124
421.0 0.0031596799090038985
422.0 0.0029472497772076167
423.0 0.0029664770408999175
424.0 0.002985704122693278
425.0 0.00298984505207045
426.0 0.002993985981447622
427.0 0.0030634168069809675
428.0 0.003132847268716432
429.0 0.002759312883426901
430.0 0.00238577868003631
431.0 0.00204776424652664
432.0 0.00170974999491591
433.0 0.0018377068045083433
434.0 0.001965663795999717
435.0 0.002759804374363739
436.0 0.0035539451346267015
437.0 0.002968744774989318
438.0 0.0023835442334529944
439.0 0.00230286914302269
440.0 0.002222193870693445
441.0 0.0025558647394063883
442.0 0.0028895352443214506
443.0 0.002779306669253856
444.0 0.0026690780941862613
445.0 0.002190395571233239
446.0 0.0017117130482802168
447.0 0.0019396005882299505
448.0 0.0021674881281796843
449.0 0.0021547368305618875
450.0 0.0021419855329440907
451.0 0.0018767883375403471
452.0 0.0016115911421366036
453.0 0.0015623087165295146
454.0 0.0015130262909224257
455.0 0.0015671157598262653
456.0 0.0016212055925279856
457.0 0.0014203105820342898
458.0 0.001219415571540594
459.0 0.0017016885976772755
460.0 0.0021839614419150166
461.0 0.0017076619769795798
462.0 0.0012313626029936131
463.0 0.0012549125131045002
464.0 0.0012784625141648576
465.0 0.0013021617633057758
466.0 0.001325861012446694
467.0 0.001223569233843591
468.0 0.0011212771823920775
469.0 0.0011754590559576172
470.0 0.001229640929523157
471.0 0.00124823327496415
472.0 0.0012668257113546133
473.0 0.0013170075362722855
474.0 0.0013671890883415472
475.0 0.001381487618346
476.0 0.0013957860574009828
477.0 0.001561275712447241
478.0 0.0017267651855945587
479.0 0.0017152464351966046
480.0 0.00170372750289971
481.0 0.0016326735931215808
482.0 0.0015616198652423918
483.0 0.0012942488865519408
484.0 0.00102687799881096
485.0 0.0011009537956852
486.0 0.00117502959255944
487.0 0.0011251147952862084
488.0 0.001075200179911917
489.0 0.0011273195013927761
490.0 0.001179438731924165
491.0 0.0014078255844651721
492.0 0.0016362126189051196
493.0 0.0018185080989496782
494.0 0.0020008039427921176
495.0 0.0017685102648101747
496.0 0.0015362167687271722
497.0 0.0016003692508093081
498.0 0.0016645217328914441
499.0 0.0015619783880538307
500.0 0.0014594351341656875
501.0 0.001504289684817195
502.0 0.0015491443264181726
503.0 0.001273167163162725
504.0 0.0009971899089578073
505.0 0.001590793181094341
506.0 0.0021843959984835237
507.0 0.00163308868650347
508.0 0.001081780828826595
509.0 0.0012742773833451793
510.0 0.0014667739378637634
511.0 0.0013924185623181984
512.0 0.001318063004873693
513.0 0.0012394824807415716
514.0 0.00116090186565998
515.0 0.0012488928405218758
516.0 0.001336883633484831
517.0 0.0011624048056546599
518.0 0.0009879263416223694
519.0 0.0012389556104608346
520.0 0.00148998497024877
521.0 0.0014514372196572367
522.0 0.0014128896509646438
523.0 0.0017624275642447174
524.0 0.0021119652956258506
525.0 0.0016419717212556861
526.0 0.001171978328784462
527.0 0.0012058982974849641
528.0 0.0012398184480844066
529.0 0.0012052561942255124
530.0 0.0011706938494171482
531.0 0.0012726164641208015
532.0 0.0013745389878749847
533.0 0.0014106220987741835
534.0 0.0014467051187239122
535.0 0.00155303659994388
536.0 0.001659368172113318
537.0 0.0016044778021750972
538.0 0.0015495876141358167
539.0 0.0013327105079952162
540.0 0.0011158334018546157
541.0 0.000943357554206159
542.0 0.0007708817975071725
543.0 0.0007595366241730517
544.0 0.0007481915417884011
545.0 0.0010546315024839714
546.0 0.0013610712812806014
547.0 0.0014365992683451623
548.0 0.001512127164460253
549.0 0.0019099177734460682
550.0 0.0023077083824318834
551.0 0.0021723953977925703
552.0 0.0020370825950521976
553.0 0.001967333628272172
554.0 0.0018975842976942658
555.0 0.001703831549093593
556.0 0.001510078254796099
557.0 0.0015605341104674153
558.0 0.0016109903299366124
559.0 0.0013591490642284043
560.0 0.001107307707570726
561.0 0.0011577066288737115
562.0 0.0012081055501766969
563.0 0.0015919451470836066
564.0 0.001975785016838927
565.0 0.002049879367405083
566.0 0.00212397408176912
567.0 0.0021656465833075345
568.0 0.002207319084845949
569.0 0.0024996037609525956
570.0 0.0027918886189581826
571.0 0.002769239290500991
572.0 0.0027465899620437995
573.0 0.002237468470411841
574.0 0.0017283466149820015
575.0 0.001673772385402117
576.0 0.001619197973923292
577.0 0.0018030737919616513
578.0 0.0019869496100000106
579.0 0.002055329423455987
580.0 0.0021237092369119637
581.0 0.0022063673895900138
582.0 0.0022890253603691235
583.0 0.002110424065904226
584.0 0.0019318229533382691
585.0 0.0020884099285467528
586.0 0.002244996721856296
587.0 0.0018218615878140554
588.0 0.0013987264537718147
589.0 0.0014836770787951536
590.0 0.001568627885717433
591.0 0.001577612965775188
592.0 0.0015865982277318835
593.0 0.0011011214155587368
594.0 0.0006156447398097953
595.0 0.0009033362402988132
596.0 0.0011910273315152153
597.0 0.0007810782335582189
598.0 0.00037112890822754707
599.0 0.0008944104592956137
600.0 0.001417691873939475
601.0 0.0011850573173433077
602.0 0.0009524227607471403
603.0 0.0014033567822480109
604.0 0.0018542907127994113
605.0 0.0015165357581281569
606.0 0.0011787808944063727
607.0 0.001087505188479554
608.0 0.0009962297554011457
609.0 0.0008862565664458089
610.0 0.0007762834684399422
611.0 0.0009573313946020789
612.0 0.0011383793207642157
613.0 0.0013753259736404289
614.0 0.001612273081263993
615.0 0.0014495974028250203
616.0 0.0012869215424871072
617.0 0.0016208847227972
618.0 0.0019548482669051737
619.0 0.0017383601516485214
620.0 0.0015218722182908095
621.0 0.0015020630598883145
622.0 0.0014822538105363492
623.0 0.001245302519237157
624.0 0.0010083511369884945
625.0 0.0012479081306082662
626.0 0.0014874649423290975
627.0 0.0017301814295933582
628.0 0.0019728977349586785
629.0 0.0020415907783899456
630.0 0.002110283458023332
631.0 0.0024290644432767294
632.0 0.002747845610429067
633.0 0.0030206514566089027
634.0 0.003293457120889798
635.0 0.005895950380363502
636.0 0.008498443639837205
637.0 0.015281919331755489
638.0 0.02206539938924834
639.0 0.020027706341352314
640.0 0.017990017659030855
641.0 0.015519684529863298
642.0 0.013049351400695741
643.0 0.009423687879461795
644.0 0.005798023630632088
645.0 0.006219116767169908
646.0 0.006640209903707728
647.0 0.006231504812603816
648.0 0.005822800812893547
649.0 0.004685026942752302
650.0 0.0035472530726110563
651.0 0.0035381588531890884
652.0 0.00352906426996924
653.0 0.0028830711016780697
654.0 0.0022370779333868995
655.0 0.0022379939764505252
656.0 0.002238910019514151
657.0 0.0024993183615151793
658.0 0.002759726339718327
659.0 0.0023137226889957674
660.0 0.0018677190382732078
661.0 0.002300641790498048
662.0 0.0027335645427228883
663.0 0.0023827849872759543
664.0 0.0020320056137279607
665.0 0.0018234179151477292
666.0 0.001614830398466438
667.0 0.0014429018847295083
668.0 0.0012709731890936382
669.0 0.0013091183973301668
670.0 0.0013472635146172252
671.0 0.0013597712495538872
672.0 0.0013722788025916088
673.0 0.001362658258585725
674.0 0.001353037623630371
675.0 0.0012985260582354385
676.0 0.0012440145837899763
677.0 0.0013401827345660422
678.0 0.0014363510672410484
679.0 0.0015741106835776009
680.0 0.0017118703908636235
681.0 0.0017334943549940363
682.0 0.001755118319124449
683.0 0.0022473475837614387
684.0 0.0027395770302973688
685.0 0.002563450107118115
686.0 0.0023873233658378012
687.0 0.002315449637535494
688.0 0.0022435760911321267
689.0 0.0024082642994471826
690.0 0.002572952871560119
691.0 0.0023891574528533965
692.0 0.0022053618522477336
693.0 0.0025332548830192536
694.0 0.002861148095689714
695.0 0.003428537820582278
696.0 0.003995927545474842
697.0 0.004366126813692972
698.0 0.004736326081911102
699.0 0.006070095332688652
700.0 0.007403863855870441
701.0 0.007445110531989485
702.0 0.0074863572081085294
703.0 0.006634768942603841
704.0 0.005783181040897034
705.0 0.004748057835968211
706.0 0.003712934994837269
707.0 0.0033887063182191923
708.0 0.003064478369196877
709.0 0.003570761691662483
710.0 0.00407704537792597
711.0 0.0038766323996242136
712.0 0.003676219057524577
713.0 0.0028249794922885485
714.0 0.00197373992705252
715.0 0.002124018828908447
716.0 0.0022742975488654338
717.0 0.0018621278286445886
718.0 0.0014499581084237434
719.0 0.0015165666809480172
720.0 0.001583175253472291
721.0 0.001985551898542326
722.0 0.0023879283617134206
723.0 0.002446742837491911
724.0 0.002505557131371461
725.0 0.0015691799490014091
726.0 0.0006328029030555626
727.0 0.0009704298463475425
728.0 0.0013080565622658469
729.0 0.0013241988199297339
730.0 0.0013403410775936209
731.0 0.0008958846592577174
732.0 0.000451428240921814
733.0 0.001025158417178318
734.0 0.0015988885934348218
735.0 0.0015347901353379712
736.0 0.0014706915862916503
737.0 0.0011800380889326334
738.0 0.0008893845006241463
739.0 0.0015240703760355245
740.0 0.0021587566152447835
741.0 0.001633488318475429
742.0 0.001108219748857664
743.0 0.0013259445040603168
744.0 0.0015436691683134995
745.0 0.0017410209693480283
746.0 0.001938372770382557
747.0 0.0019556837287382223
748.0 0.001972994868992828
749.0 0.0026716776119428687
750.0 0.0033703603548929095
751.0 0.0028172877136967145
752.0 0.0022642154362984
753.0 0.002662734368641395
754.0 0.00306125330098439
755.0 0.002698898606467992
756.0 0.002336543366254773
757.0 0.0021977912183501758
758.0 0.002059038888546638
759.0 0.0022716438252246007
760.0 0.002484248580003623
761.0 0.004490049104788341
762.0 0.0064958476286847144
763.0 0.0061947044741827995
764.0 0.005893562047276646
765.0 0.005298020187183283
766.0 0.004702478327089921
767.0 0.004764661207445897
768.0 0.004826844451599754
769.0 0.005592747402261011
770.0 0.006358650716720149
771.0 0.005334640445653349
772.0 0.004310629810788669
773.0 0.0041819461330305785
774.0 0.004053262819070369
775.0 0.026945819263346493
776.0 0.062129186699166894
777.0 0.05713709979318082
778.0 1.6826518477175423e-10
779.0 0.025773691595532
780.0 0.051637482829391956
781.0 0.059441273333504796
782.0 0.06332203047350049
783.0 0.035075610503554344
784.0 0.02291456185048446
785.0 0.09213477605953813
786.0 0.025269269826821983
787.0 0.0393464375520125
788.0 1.6826518477175423e-10
789.0 1.6826518477175423e-10
790.0 1.6826518477175423e-10
791.0 1.6826518477175423e-10
792.0 1.6826518477175423e-10
793.0 1.6826518477175423e-10
794.0 0.036770637962035835
795.0 0.06529813981615007
796.0 0.12079719454050064
797.0 0.1667779521085322
798.0 0.04462411452550441
799.0 0.11456066276878119
800.0 0.38652222137898207
801.0 0.5946989171206951
802.0 1.1414000764489174
803.0 1.7465487122535706
804.0 2.8108416125178337
805.0 4.207020625472069
806.0 5.978694185614586
807.0 8.123257011175156
808.0 10.887378454208374
809.0 14.164254069328308
810.0 17.417408525943756
811.0 20.476730167865753
812.0 23.605841398239136
813.0 27.46010720729828
814.0 31.588006019592285
815.0 36.594170331954956
816.0 42.16113984584808
817.0 48.826733231544495
818.0 55.36692142486572
819.0 61.94011569023132
820.0 69.66571807861328
821.0 76.74099802970886
822.0 82.22976922988892
823.0 86.50140762329102
824.0 90.72713851928711
825.0 94.15580630302429
826.0 96.01141214370728
827.0 97.38867282867432
828.0 98.96383881568909
829.0 99.11477565765381
830.0 98.51894974708557
831.0 98.7219512462616
832.0 98.4059751033783
833.0 99.593585729599
834.0 98.01675081253052
835.0 99.21448826789856
836.0 98.91960620880127
837.0 98.92366528511047
838.0 98.10341596603394
839.0 98.03316593170166
840.0 98.30267429351807
841.0 99.36070442199707
842.0 99.52952861785889
843.0 99.58866238594055
844.0 98.03601503372192
845.0 98.91107678413391
846.0 98.8374650478363
847.0 98.42783212661743
848.0 99.78956580162048
849.0 98.78560900688171
850.0 98.30220341682434
851.0 99.25168752670288
852.0 99.07073974609375
853.0 98.57593774795532
854.0 99.49971437454224
855.0 98.20112586021423
856.0 98.73839616775513
857.0 97.95569777488708
858.0 98.48869442939758
859.0 99.13936257362366
860.0 98.49429130554199
861.0 98.77458214759827
862.0 98.70456457138062
863.0 98.29708933830261
864.0 99.37383532524109
865.0 99.79684352874756
866.0 98.66623282432556
867.0 99.22587871551514
868.0 99.87909197807312
869.0 99.02284145355225
870.0 98.24194312095642
871.0 98.59036207199097
872.0 99.12079572677612
873.0 99.0499198436737
874.0 99.31095242500305
875.0 99.07475113868713
876.0 99.11714196205139
877.0 99.46708083152771
878.0 99.01997447013855
879.0 98.35813045501709
880.0 98.41678738594055
881.0 99.75685477256775
882.0 98.85789155960083
883.0 98.43424558639526
884.0 99.0700364112854
885.0 98.78831505775452
886.0 98.67266416549683
887.0 98.52182865142822
888.0 99.04187321662903
889.0 99.30927753448486
890.0 97.92292714118958
891.0 99.13082718849182
892.0 98.77929091453552
893.0 98.42127561569214
894.0 98.25990796089172
895.0 99.47680234909058
896.0 98.768550157547
