lsstCam/transmission_filter_detector/r11_s21/g_6/19700101T000000.ecsv
# %ECSV 1.0
# ---
# datatype:
# - {name: wavelength, unit: nm, datatype: float32}
# - {name: efficiency, unit: '%', datatype: float64}
# meta: !!omap
# - {MODE: DETECTOR}
# - {TYPE: transmission_filter_detector}
# - {CALIBDATE: '1970-01-01T00:00:00'}
# - {INSTRUME: LSSTCam}
# - {OBSTYPE: transmission_filter_detector}
# - {CALIBCLS: lsst.ip.isr.IntermediateFilterDetectorTransmissionCurve}
# - {SOURCE: Materion (DM-46256)}
# - {DETECTOR: 43}
# - {FILTER: g_6}
# - {CALIB_ID: 'calibDate=1970-01-01T00:00:00 filter=g_6 detector=43'}
# - {DATE: '2025-04-02T15:59:42.225823'}
# - {CALIB_CREATION_DATE: '2025-04-02'}
# - {CALIB_CREATION_TIME: '15:59:42'}
# - __serialized_columns__:
#     efficiency:
#       __class__: astropy.units.quantity.Quantity
#       unit: !astropy.units.Unit {unit: '%'}
#       value: !astropy.table.SerializedColumn {name: efficiency}
#     wavelength:
#       __class__: astropy.units.quantity.Quantity
#       unit: !astropy.units.Unit {unit: nm}
#       value: !astropy.table.SerializedColumn {name: wavelength}
# schema: astropy-2.0
wavelength efficiency
[from data line 608]
908.0 0.0005204269200476119
909.0 0.00048576607696304563
910.0 0.0004132742560614133
911.0 0.00034078245789714856
912.0 0.00044035568862454966
913.0 0.0005399289875640534
914.0 0.0003506071607262129
915.0 0.00016128536799442372
916.0 0.00022302599518297939
917.0 0.0002847666337402188
918.0 0.0002800104311972973
919.0 0.00027525427412911085
920.0 0.00036189578622725094
921.0 0.00044853732106275856
922.0 0.0006143273367342772
923.0 0.0007801173524057958
924.0 0.0006420086265279679
925.0 0.0005038997642259346
926.0 0.0005975320618745172
927.0 0.00069116445047257
928.0 0.0006295390903687803
929.0 0.0005679137757397257
930.0 0.0005407387561717769
931.0 0.0005135637820785632
932.0 0.00048412903197458945
933.0 0.00045469428187061567
934.0 0.0004028708644909784
935.0 0.0003510474698487087
936.0 0.00045308897824725136
937.0 0.0005551304639084265
938.0 0.0006161238616186893
939.0 0.000677117213854217
940.0 0.0004961565991834505
941.0 0.00031519584808847867
942.0 0.0005700740075553767
943.0 0.0008249521670222748
944.0 0.0007756926606816705
945.0 0.000726433017916861
946.0 0.0006713893071719212
947.0 0.0006163455509522464
948.0 0.0009926233360602055
949.0 0.0013689013030671049
950.0 0.0011475608516775537
951.0 0.0009262204002880026
952.0 0.0009814257282414474
953.0 0.0010366308742959518
954.0 0.0008918504136090633
955.0 0.0007470701348211151
956.0 0.0007199839728855295
957.0 0.0006928975381015334
958.0 0.0007913354238553438
959.0 0.0008897733096091542
960.0 0.0007623640158271883
961.0 0.0006349546765704872
962.0 0.0006106232376623666
963.0 0.000586291798754246
964.0 0.0007137750344554661
965.0 0.0008412580427830108
966.0 0.0007704724339419045
967.0 0.000699686734151328
968.0 0.0007098467904143035
969.0 0.0007200068466772791
970.0 0.00078945076893433
971.0 0.0008588948730903212
972.0 0.0009156517080555204
973.0 0.0009724088158691302
974.0 0.0008790914762357716
975.0 0.0007857744094508234
976.0 0.0008624081601737998
977.0 0.0009390421837451868
978.0 0.0009629538908484392
979.0 0.0009868656889011618
980.0 0.0010094360732182395
981.0 0.0010320066394342575
982.0 0.0009898056305246428
983.0 0.0009476045306655578
984.0 0.001003417946776608
985.0 0.0010592313628876582
986.0 0.0010949257557513192
987.0 0.0011306198757665697
988.0 0.00122487681437633
989.0 0.0013191332982387394
990.0 0.001356354641757207
991.0 0.001393576167174615
992.0 0.001369626716041239
993.0 0.0013456774468068033
994.0 0.001307901675318135
995.0 0.001270126085728407
996.0 0.0011530230040079914
997.0 0.001035919922287576
998.0 0.0012391141353873536
999.0 0.0014423083484871313
1000.0 0.0014114153600530699
1001.0 0.001380522098770598
1002.0 0.0012758938282786403
1003.0 0.0011712653758877423
1004.0 0.0011314508810755797
1005.0 0.0010916362043644767
1006.0 0.0013465558367897756
1007.0 0.0016014755601645447
1008.0 0.0016820797100081109
1009.0 0.0017626845874474384
1010.0 0.0018169112081523053
1011.0 0.0018711383745539933
1012.0 0.0020054392734891735
1013.0 0.002139740354323294
1014.0 0.002124327511410229
1015.0 0.0021089150322950445
1016.0 0.002559085260145366
1017.0 0.003009256033692509
1018.0 0.0031954667065292597
1019.0 0.0033816773793660104
1020.0 0.003443273453740403
1021.0 0.0035048695281147957
1022.0 0.0038281850720522925
1023.0 0.00415150097978767
1024.0 0.0042792275053216144
1025.0 0.004406953667057678
1026.0 0.004602278931997716
1027.0 0.004797604196937755
1028.0 0.0048853315092856064
1029.0 0.004973058821633458
1030.0 0.0049877038691192865
1031.0 0.005002348916605115
1032.0 0.005499419057741761
1033.0 0.005996489562676288
1034.0 0.005722628702642396
1035.0 0.005448767842608504
1036.0 0.0055927721405168995
1037.0 0.005736776074627414
1038.0 0.005821134254802018
1039.0 0.0059054924349766225
1040.0 0.006323592970147729
1041.0 0.0067416920501273125
1042.0 0.0069008092395961285
1043.0 0.007059925701469183
1044.0 0.007380499300779775
1045.0 0.007701071444898844
1046.0 0.008821774827083573
1047.0 0.00994247748167254
1048.0 0.011535483645275235
1049.0 0.013128486170899123
1050.0 0.015524646732956171
1051.0 0.01792080292943865
1052.0 0.02165574551327154
1053.0 0.025390696828253567
1054.0 0.030446305754594505
1055.0 0.03550191468093544
1056.0 0.042495367233641446
1057.0 0.04948881105519831
1058.0 0.057572912191972136
1059.0 0.06565700168721378
1060.0 0.07327719940803945
1061.0 0.08089736220426857
1062.0 0.08872017497196794
1063.0 0.09654295281507075
1064.0 0.10309879435226321
1065.0 0.1096546184271574
1066.0 0.11676967842504382
1067.0 0.12388472678139806
1068.0 0.1319478382356465
1069.0 0.14001099625602365
1070.0 0.15027039917185903
1071.0 0.16052979044616222
1072.0 0.1715269172564149
1073.0 0.18252399750053883
1074.0 0.19396627321839333
1075.0 0.20540859550237656
1076.0 0.21664872765541077
1077.0 0.22788885980844498
1078.0 0.24009780026972294
1079.0 0.2523067407310009
1080.0 0.2689279383048415
1081.0 0.28554913587868214
1082.0 0.31386364717036486
1083.0 0.34217818174511194
1084.0 0.38279094733297825
1085.0 0.4234037362039089
1086.0 0.46004215255379677
1087.0 0.4966805689036846
1088.0 0.5625118967145681
1089.0 0.6283432245254517
1090.0 0.707904389128089
1091.0 0.7874655537307262
1092.0 0.8232912048697472
1093.0 0.8591166697442532
1094.0 0.9055529721081257
1095.0 0.9519889950752258
1096.0 1.0133051313459873
1097.0 1.0746213607490063
1098.0 1.1279684491455555
1099.0 1.181315816938877
1100.0 1.3947325758635998
1101.0 1.6081487759947777
