lsstCam/transmission_filter_detector/r11_s21/g_6/19700101T000000.ecsv
# %ECSV 1.0
# ---
# datatype:
# - {name: wavelength, unit: nm, datatype: float32}
# - {name: efficiency, unit: '%', datatype: float64}
# meta: !!omap
# - {MODE: DETECTOR}
# - {TYPE: transmission_filter_detector}
# - {CALIBDATE: '1970-01-01T00:00:00'}
# - {INSTRUME: LSSTCam}
# - {OBSTYPE: transmission_filter_detector}
# - {CALIBCLS: lsst.ip.isr.IntermediateFilterDetectorTransmissionCurve}
# - {SOURCE: Materion (DM-46256)}
# - {DETECTOR: 43}
# - {FILTER: g_6}
# - {CALIB_ID: 'calibDate=1970-01-01T00:00:00 filter=g_6 detector=43'}
# - {DATE: '2025-04-02T15:59:42.225823'}
# - {CALIB_CREATION_DATE: '2025-04-02'}
# - {CALIB_CREATION_TIME: '15:59:42'}
# - __serialized_columns__:
#     efficiency:
#       __class__: astropy.units.quantity.Quantity
#       unit: !astropy.units.Unit {unit: '%'}
#       value: !astropy.table.SerializedColumn {name: efficiency}
#     wavelength:
#       __class__: astropy.units.quantity.Quantity
#       unit: !astropy.units.Unit {unit: nm}
#       value: !astropy.table.SerializedColumn {name: wavelength}
# schema: astropy-2.0
wavelength efficiency
300.0 0.5116614978760481
301.0 0.3792663337662816
302.0 0.2468711230903864
303.0 0.2179163508117199
304.0 0.1889615785330534
305.0 0.19790004007518291
306.0 0.20683850161731243
307.0 0.21591652184724808
308.0 0.224994495511055
309.0 0.2234459389001131
310.0 0.22189742885529995
311.0 0.21333545446395874
312.0 0.204773573204875
313.0 0.20199997816234827
314.0 0.19922638311982155
315.0 0.18814440118148923
316.0 0.1770624192431569
317.0 0.17603262094780803
318.0 0.1750028459355235
319.0 0.1600591465830803
320.0 0.14511541230604053
321.0 0.14006589772179723
322.0 0.13501638313755393
323.0 0.11468192096799612
324.0 0.09434749372303486
325.0 0.08684307686053216
326.0 0.07933865999802947
327.0 0.07201124099083245
328.0 0.06468381616286933
329.0 0.06178334588184953
330.0 0.05888287560082972
331.0 0.055097410222515464
332.0 0.05131194484420121
333.0 0.047416481538675725
334.0 0.04352102114353329
335.0 0.0419389660237357
336.0 0.040356910903938115
337.0 0.04143070837017149
338.0 0.04250450001563877
339.0 0.04083956591784954
340.0 0.03917463182006031
341.0 0.03759998071473092
342.0 0.036025329609401524
343.0 0.032461967202834785
344.0 0.028898601885885
345.0 0.025630643358454108
346.0 0.022362679010257125
347.0 0.020965089788660407
348.0 0.01956749620148912
349.0 0.017998547991737723
350.0 0.8875173516571522
351.0 0.9506956674158573
352.0 0.8270792663097382
353.0 0.9276394732296467
354.0 0.8021973073482513
355.0 0.8830418810248375
356.0 0.6816537585109472
357.0 0.9432343766093254
358.0 0.5581668578088284
359.0 0.8095201104879379
360.0 0.4889084491878748
361.0 0.6883210502564907
362.0 0.4974442534148693
363.0 0.7785167545080185
364.0 0.6473400164395571
365.0 0.8149612694978714
366.0 0.465850206092
367.0 0.6909393239766359
368.0 0.4604700021445751
369.0 0.6413808558136225
370.0 0.43897670693695545
371.0 0.7117207162082195
372.0 0.4308518022298813
373.0 0.4995178896933794
374.0 0.4165514372289181
375.0 0.5190006922930479
376.0 0.3964316565543413
377.0 0.5034324247390032
378.0 0.41361316107213497
379.0 0.577611057087779
380.0 0.44865659438073635
381.0 0.4870154894888401
382.0 0.5409798119217157
383.0 0.5673237610608339
384.0 0.5791118834167719
385.0 0.5914062727242708
386.0 0.6606774404644966
387.0 0.7589113432914019
388.0 0.9598799981176853
389.0 1.2017744593322277
390.0 1.6908938065171242
391.0 2.5519905611872673
392.0 4.113705828785896
393.0 6.563834846019745
394.0 9.887749701738358
395.0 14.441831409931183
396.0 20.041804015636444
397.0 27.26011574268341
398.0 35.66259741783142
399.0 44.84243094921112
400.0 54.346925020217896
401.0 63.47629427909851
402.0 72.05631136894226
403.0 79.41126227378845
404.0 84.84378457069397
405.0 89.05615210533142
406.0 91.40400290489197
407.0 93.24715733528137
408.0 94.32958364486694
409.0 94.90182399749756
410.0 95.11297941207886
411.0 94.97855305671692
412.0 94.61799263954163
413.0 94.44632530212402
414.0 94.20256018638611
415.0 94.34782266616821
416.0 94.73260641098022
417.0 95.03523707389832
418.0 95.5815076828003
419.0 96.09626531600952
420.0 96.6759204864502
421.0 97.2026526927948
422.0 97.40688800811768
423.0 97.60186672210693
424.0 97.45535254478455
425.0 97.31046557426453
426.0 97.30187654495239
427.0 97.33163714408875
428.0 97.13982343673706
429.0 96.9212532043457
430.0 96.7518150806427
431.0 96.79245352745056
432.0 96.81394696235657
433.0 96.90056443214417
434.0 97.01825976371765
435.0 97.17259407043457
436.0 97.21143245697021
437.0 97.26134538650513
438.0 97.26251363754272
439.0 97.35597372055054
440.0 97.29567766189575
441.0 97.42596745491028
442.0 97.42016196250916
443.0 97.38907217979431
444.0 97.35057353973389
445.0 97.10312485694885
446.0 96.98947072029114
447.0 96.79028987884521
448.0 96.83314561843872
449.0 97.00677990913391
450.0 97.26011753082275
451.0 97.43339419364929
452.0 97.65219688415527
453.0 97.760671377182
454.0 97.80594110488892
455.0 98.09706807136536
456.0 98.13467860221863
457.0 98.285573720932
458.0 98.29246997833252
459.0 98.30215573310852
460.0 98.43806028366089
461.0 98.53674173355103
462.0 98.47261905670166
463.0 98.4034538269043
464.0 98.52032661437988
465.0 98.4518826007843
466.0 98.44704866409302
467.0 98.43217730522156
468.0 98.46299886703491
469.0 98.50888848304749
470.0 98.39886426925659
471.0 98.2211172580719
472.0 98.31713438034058
473.0 98.22108149528503
474.0 98.06683659553528
475.0 98.09910655021667
476.0 98.05681109428406
477.0 98.11110496520996
478.0 98.22057485580444
479.0 98.19279313087463
480.0 98.33696484565735
481.0 98.42251539230347
482.0 98.61465692520142
483.0 98.51306080818176
484.0 98.71335625648499
485.0 98.71029853820801
486.0 98.76072406768799
487.0 98.77272844314575
488.0 98.76190423965454
489.0 98.88150691986084
490.0 98.81874918937683
491.0 98.79323840141296
492.0 98.71800541877747
493.0 98.68716597557068
494.0 98.64921569824219
495.0 98.68516325950623
496.0 98.5085129737854
497.0 98.45408201217651
498.0 98.28305244445801
499.0 98.32099080085754
500.0 98.20931553840637
501.0 98.17273616790771
502.0 98.09871315956116
503.0 98.19602370262146
504.0 98.06064963340759
505.0 98.11474680900574
506.0 98.15870523452759
507.0 98.08825850486755
508.0 98.10330867767334
509.0 98.05446267127991
510.0 97.98014760017395
511.0 97.97271490097046
512.0 97.92544841766357
513.0 98.01341891288757
514.0 97.97278642654419
515.0 97.97112941741943
516.0 98.12473654747009
517.0 98.07201027870178
518.0 98.15159440040588
519.0 98.22883009910583
520.0 98.23147654533386
521.0 98.37707281112671
522.0 98.36889505386353
523.0 98.40153455734253
524.0 98.42353463172913
525.0 98.42620491981506
526.0 98.48445057868958
527.0 98.52277040481567
528.0 98.57744574546814
529.0 98.72040152549744
530.0 98.72252941131592
531.0 98.8854706287384
532.0 98.72989058494568
533.0 98.70805740356445
534.0 98.70079755783081
535.0 98.53253960609436
536.0 98.1802761554718
537.0 97.64886498451233
538.0 96.92814946174622
539.0 95.51745057106018
540.0 93.80951523780823
541.0 91.22201800346375
542.0 88.44165802001953
543.0 84.80899930000305
544.0 80.18985390663147
545.0 76.18439197540283
546.0 71.19008302688599
547.0 66.62217378616333
548.0 61.99688911437988
549.0 57.8427255153656
550.0 54.512542486190796
551.0 51.30767226219177
552.0 48.882508277893066
553.0 46.35579288005829
554.0 43.49582493305206
555.0 40.33905267715454
556.0 36.158716678619385
557.0 31.341898441314697
558.0 26.01316273212433
559.0 20.70988416671753
560.0 15.509790182113647
561.0 10.710001736879349
562.0 6.936489790678024
563.0 4.14089597761631
564.0 2.299356460571289
565.0 1.1410688981413841
566.0 0.5961497779935598
567.0 0.30023432336747646
568.0 0.2025142079219222
569.0 0.10787091450765729
570.0 0.08606519550085068
571.0 0.05449026939459145
572.0 0.054552179062739015
573.0 0.039821446989662945
574.0 0.04998421063646674
575.0 0.037933222483843565
576.0 0.03958767047151923
577.0 0.025736974203027785
578.0 0.03207845147699118
579.0 0.028707945602945983
580.0 0.03622357617132366
581.0 0.029455492040142417
582.0 0.035918664070777595
583.0 0.016342182061634958
584.0 0.025511588319204748
585.0 0.021005763846915215
586.0 0.034081912599503994
587.0 0.012630019045900553
588.0 0.025134006864391267
589.0 0.012697091733571142
590.0 0.023869342112448066
591.0 0.015242512745317072
592.0 0.013087734987493604
593.0 0.023105669242795557
594.0 0.012451766815502197
595.0 0.008648879156680778
596.0 0.013491083518601954
597.0 0.01950469013536349
598.0 0.009355333895655349
599.0 0.007345128688029945
600.0 0.012073336984030902
601.0 0.0024592118279542774
602.0 0.0025172219466185197
603.0 0.002575232065282762
604.0 0.002329166090930812
605.0 0.0020831002984778024
606.0 0.002097633114317432
607.0 0.0021121657482581213
608.0 0.0019132359739160165
609.0 0.0017143060176749714
610.0 0.0018649052435648628
611.0 0.002015504287555814
612.0 0.0019022965716430917
613.0 0.00178908903762931
614.0 0.0018095692212227732
615.0 0.0018300501324119978
616.0 0.002005902206292376
617.0 0.0021817540982738137
618.0 0.001963380054803565
619.0 0.001745006193232257
620.0 0.0017699572708806954
621.0 0.0017949087123270147
622.0 0.0016325142496498302
623.0 0.0014701198779221158
624.0 0.0014514175745716784
625.0 0.0014327151802717708
626.0 0.0013954430869489443
627.0 0.0013581714483734686
628.0 0.001553841502754949
629.0 0.00174951182998484
630.0 0.0015289075236069039
631.0 0.0013083029443805572
632.0 0.001362565399176674
633.0 0.00141682749017491
634.0 0.0013781261259282473
635.0 0.0013394243069342338
636.0 0.0013758937711827457
637.0 0.0014123636901786085
638.0 0.0013499800843419507
639.0 0.0012875963875558227
640.0 0.0011697733498294838
641.0 0.0010519499483052641
642.0 0.0012196877833048347
643.0 0.001387425891152816
644.0 0.0013410170140559785
645.0 0.0012946079550602008
646.0 0.0012141369552409742
647.0 0.0011336660463712178
648.0 0.001035514196701115
649.0 0.000937362256081542
650.0 0.0012245709513081238
651.0 0.0015117791917873546
652.0 0.001225244614033727
653.0 0.0009387101272295695
654.0 0.0009967103324015625
655.0 0.0010547107194724958
656.0 0.0011445940799603704
657.0 0.0012344773494987749
658.0 0.0010878025932470337
659.0 0.0009411282007931732
660.0 0.0010029226359620225
661.0 0.001064717162080342
662.0 0.0011124371667392552
663.0 0.001160157444246579
664.0 0.0012379894542391412
665.0 0.0013158211004338227
666.0 0.0011610969522735104
667.0 0.0010063726222142577
668.0 0.00109968668766669
669.0 0.001193000662169652
670.0 0.001137557683250634
671.0 0.001082114704331616
672.0 0.0011445730706327595
673.0 0.0012070313459844328
674.0 0.0011649796761048492
675.0 0.0011229280971747357
676.0 0.0010675067642296199
677.0 0.0010120851584360935
678.0 0.0011466871910670307
679.0 0.001281289314647438
680.0 0.0011515273399709258
681.0 0.0010217652743449435
682.0 0.0010409651622467209
683.0 0.0010601650501484983
684.0 0.0008849974619806744
685.0 0.0007098296464391751
686.0 0.000934643412620062
687.0 0.0011594570423767436
688.0 0.0011310851732559968
689.0 0.0011027132131857798
690.0 0.0010030232260760386
691.0 0.0009033332389662974
692.0 0.0008779617928666994
693.0 0.0008525902558176313
694.0 0.0009827424946706742
695.0 0.001112894642574247
696.0 0.0011695776265696622
697.0 0.0012262602467671968
698.0 0.0013125968507665675
699.0 0.0013989334547659382
700.0 0.0012313691513554659
701.0 0.0010638047569955233
702.0 0.0011457130312919617
703.0 0.0012276212146389298
704.0 0.001204589625558583
705.0 0.001181557854579296
706.0 0.001139108917413978
707.0 0.0010966601621476002
708.0 0.0010775644113891758
709.0 0.0010584688425296918
710.0 0.0012398820217640605
711.0 0.00142129556479631
712.0 0.0012686287846008781
713.0 0.001115962368203327
714.0 0.0012302599316171836
715.0 0.0013445577678794507
716.0 0.0015198093933577184
717.0 0.0016950612916843966
718.0 0.001946979136846494
719.0 0.002198896800109651
720.0 0.0018394362996332347
721.0 0.0014799757991568185
722.0 0.0016376226994907483
723.0 0.0017952697817236185
724.0 0.001808906381484121
725.0 0.001822543163143564
726.0 0.0019931720089516602
727.0 0.002163801036658697
728.0 0.002176180169044528
729.0 0.0021885593014303595
730.0 0.0021493915483006276
731.0 0.0021102236132719554
732.0 0.002000660060730297
733.0 0.0018910965081886388
734.0 0.0016602429241174832
735.0 0.0014293894309957977
736.0 0.0012539640010800213
737.0 0.0010785385711642448
738.0 0.0010991627277689986
739.0 0.0011197869753232226
740.0 0.0009249350114259869
741.0 0.0007300830020540161
742.0 0.0006719090379192494
743.0 0.0006137350737844827
744.0 0.000738591916160658
745.0 0.0008634488949610386
746.0 0.0009635782589612063
747.0 0.0010637077139108442
748.0 0.001160244210041128
749.0 0.0012567809790198226
750.0 0.0010011540325649548
751.0 0.0007455274044332327
752.0 0.0007621994427609025
753.0 0.0007788717084622476
754.0 0.0007916622053016908
755.0 0.0008044526111916639
756.0 0.00086169520727708
757.0 0.0009189376214635558
758.0 0.0008769407941144891
759.0 0.0008349443305633031
760.0 0.0006298192602116615
761.0 0.00042469418986001983
762.0 0.0005290255558065837
763.0 0.0006333568762784125
764.0 0.0007590204404550605
765.0 0.0008846842320053838
766.0 0.0007639333489350975
767.0 0.0006431825568142813
768.0 0.0005452642199088586
769.0 0.00044734588300343603
770.0 0.00039880778786027804
771.0 0.00035026969271712005
772.0 0.0006233283329493133
773.0 0.0008963872460299172
774.0 0.0009070550731848925
775.0 0.0009177229912893381
776.0 0.0008169170541805215
777.0 0.0007161110715969699
778.0 0.0007110919341357658
779.0 0.0007060728876240319
780.0 0.0005739939751947531
781.0 0.00044191506276547443
782.0 0.000515933697897708
783.0 0.0005899521511310013
784.0 0.0007053218268993078
785.0 0.0008206914571928792
786.0 0.0007391898634523386
787.0 0.0006576887244591489
788.0 0.00047332036956504453
789.0 0.000288952219307248
790.0 0.0002460001041981741
791.0 0.0002030479663517326
792.0 0.0001912493871714105
793.0 0.00017945080799108837
794.0 0.00024221333205787232
795.0 0.0003049758561246563
796.0 0.0004483035809244029
797.0 0.0005916312602494145
798.0 0.0005715588940802263
799.0 0.0005514865733857732
800.0 0.0005840795438416535
801.0 0.0006166727416712092
802.0 0.0004921874278807081
803.0 0.00036770227325177984
804.0 0.0003093362920481013
805.0 0.0002509704245312605
806.0 0.0003213786158084986
807.0 0.00039178685256047174
808.0 0.0005280619461700553
809.0 0.0006643370397796389
810.0 0.0004849476226809202
811.0 0.00030555818284483394
812.0 0.0002927029299826245
813.0 0.00027984763164567994
814.0 0.0003925124929082813
815.0 0.0005051774223829852
816.0 0.0006054095138097182
817.0 0.0007056414688122459
818.0 0.0004784393240697682
819.0 0.00025123724753939314
820.0 0.0003922992618754506
821.0 0.0005333611625246704
822.0 0.0005241332473815419
823.0 0.0005149052867636783
824.0 0.000499992529512383
825.0 0.0004850796813116176
826.0 0.0006584954917343566
827.0 0.0008319112566823605
828.0 0.0007245492270158138
829.0 0.000617187151874532
830.0 0.00047658322728239
831.0 0.0003359792572155129
832.0 0.0005312532266543712
833.0 0.0007265271051437594
834.0 0.0005634141416521743
835.0 0.0004003011781605892
836.0 0.0004214809450786561
837.0 0.00044266080294619314
838.0 0.00039304927668126766
839.0 0.0003434378186284448
840.0 0.0005441151188279036
841.0 0.0007447922598657897
842.0 0.0004374260242911987
843.0 0.00013005968639845378
844.0 0.00012049837323502288
845.0 0.0001109370941776433
846.0 0.0003922335508832475
847.0 0.0006735301212756895
848.0 0.0005724648417526623
849.0 0.0004713996077043703
850.0 0.0005096355380374007
851.0 0.0005478714683704311
852.0 0.0005552106813411228
853.0 0.0005625495305139339
854.0 0.0005828233042848296
855.0 0.0006030968961567851
856.0 0.0006016653060214594
857.0 0.0006002337613608688
858.0 0.0006041405868018046
859.0 0.0006080473667680053
860.0 0.0005775252247985918
861.0 0.0005470029918797081
862.0 0.0005148398486198857
863.0 0.00048267675083479844
864.0 0.00046206332626752555
865.0 0.00044144999264972284
866.0 0.00047677599468443077
867.0 0.0005121020876686089
868.0 0.000590059744354221
869.0 0.0006680174919893034
870.0 0.0005824206709803548
871.0 0.0004968237135472009
872.0 0.0004552621703624027
873.0 0.0004137004452786641
874.0 0.0005200388841331005
875.0 0.0006263773229875369
876.0 0.0006737336661899462
877.0 0.0007210899184428854
878.0 0.0007755489605187904
879.0 0.0008300079571199603
880.0 0.0007710644240432885
881.0 0.000712121118340292
882.0 0.0006295338607742451
883.0 0.0005469468305818737
884.0 0.000598481483393698
885.0 0.0006500163181044627
886.0 0.0006852425940451212
887.0 0.0007204691428341903
888.0 0.0006462433248088928
889.0 0.0005720175522583304
890.0 0.0005860493274667533
891.0 0.0006000812390993815
892.0 0.0005359285751183052
893.0 0.0004717760475614341
894.0 0.00044076505218981765
895.0 0.0004097541022929363
896.0 0.00022200672447070247
897.0 3.425936654366524e-05
898.0 0.00023899895040813135
899.0 0.00044373855416779406
900.0 0.0003906467554770643
901.0 0.00033755497952370206
902.0 0.0005068597602075897
903.0 0.0006761645181541098
904.0 0.0003760355184567743
905.0 7.590645623167802e-05
906.0 0.0003154971409458085
