lsstCam/transmission_filter_detector/r03_s01/r_57/19700101T000000.ecsv
# %ECSV 1.0
# ---
# datatype:
# - {name: wavelength, unit: nm, datatype: float32}
# - {name: efficiency, unit: '%', datatype: float64}
# meta: !!omap
# - {MODE: DETECTOR}
# - {TYPE: transmission_filter_detector}
# - {CALIBDATE: '1970-01-01T00:00:00'}
# - {INSTRUME: LSSTCam}
# - {OBSTYPE: transmission_filter_detector}
# - {CALIBCLS: lsst.ip.isr.IntermediateFilterDetectorTransmissionCurve}
# - {SOURCE: Materion (DM-46256)}
# - {DETECTOR: 19}
# - {FILTER: r_57}
# - {CALIB_ID: 'calibDate=1970-01-01T00:00:00 filter=r_57 detector=19'}
# - {DATE: '2025-04-02T15:59:44.272840'}
# - {CALIB_CREATION_DATE: '2025-04-02'}
# - {CALIB_CREATION_TIME: '15:59:44'}
# - __serialized_columns__:
#     efficiency:
#       __class__: astropy.units.quantity.Quantity
#       unit: !astropy.units.Unit {unit: '%'}
#       value: !astropy.table.SerializedColumn {name: efficiency}
#     wavelength:
#       __class__: astropy.units.quantity.Quantity
#       unit: !astropy.units.Unit {unit: nm}
#       value: !astropy.table.SerializedColumn {name: wavelength}
# schema: astropy-2.0
wavelength efficiency
300.0 0.003549088432919234
301.0 0.009759231033967808
302.0 0.015969370724633336
303.0 0.019225559663027525
304.0 0.022481750056613237
305.0 0.019883901404682547
306.0 0.01728605420794338
307.0 0.015196298772934824
308.0 0.013106544793117791
309.0 0.012065582996001467
310.0 0.011024622654076666
311.0 0.010081895743496716
312.0 0.009139168832916766
313.0 0.008360639913007617
314.0 0.007582110265502706
315.0 0.007014237780822441
316.0 0.006446363840950653
317.0 0.006035495243850164
318.0 0.0056246262829517946
319.0 0.005567551124840975
320.0 0.005510477058123797
321.0 0.00468688303953968
322.0 0.0038632890209555626
323.0 0.003712806210387498
324.0 0.0035623237636173144
325.0 0.0038075504562584683
326.0 0.0040527793316869065
327.0 0.004196266309008934
328.0 0.004339753286330961
329.0 0.004234649532008916
330.0 0.004129546141484752
331.0 0.003776299490709789
332.0 0.0034230506571475416
333.0 0.003099454625044018
334.0 0.002775857865344733
335.0 0.0025185128833982162
336.0 0.00226116808335064
337.0 0.002024731475103181
338.0 0.0017882950487546623
339.0 0.0017014730474329554
340.0 0.0016146512280101888
341.0 0.001619205613678787
342.0 0.0016237598174484447
343.0 0.001531596171844285
344.0 0.0014394324352906551
345.0 0.0014034450032340828
346.0 0.0013674574802280404
347.0 0.0013519216736312956
348.0 0.0013363857760850806
349.0 0.0012663175766647328
350.0 0.005765695095760748
351.0 0.006312484038062394
352.0 0.006859273707959801
353.0 0.006150947592686862
354.0 0.005442622205009684
355.0 0.00552892561245244
356.0 0.005615229747490957
357.0 0.006966882210690528
358.0 0.008318536129081622
359.0 0.006429907080018893
360.0 0.004541277303360403
361.0 0.003114277933491394
362.0 0.0016872781998245046
363.0 0.0028136410037404858
364.0 0.003940003807656467
365.0 0.0039769922295818105
366.0 0.004013981015305035
367.0 0.0033752152376109734
368.0 0.0027364492780179717
369.0 0.0024963816031231545
370.0 0.0022563141101272777
371.0 0.0026608533516991884
372.0 0.003065392593271099
373.0 0.0036558081774273887
374.0 0.004246223761583678
375.0 0.0037068952224217355
376.0 0.003167567410855554
377.0 0.0014685903806821443
378.0 1.9645979721510942e-10
379.0 0.0008532383617421146
380.0 0.0019368633729754947
381.0 0.002916088851634413
382.0 0.0038953148759901524
383.0 0.0037852089008083567
384.0 0.0036751032894244418
385.0 0.004666646782425232
386.0 0.005658189911628142
387.0 0.004931319926981814
388.0 0.004204449578537606
389.0 0.003622809163061902
390.0 0.003041168201889377
391.0 0.0022398271539714187
392.0 0.0014384861060534604
393.0 0.001488699945184635
394.0 0.001538913420517929
395.0 0.0012002899893559515
396.0 0.0008616665581939742
397.0 0.0008071551746979821
398.0 0.0007526439731009305
399.0 0.0006627448328799801
400.0 0.0005728451014874736
401.0 0.0002322775799257215
402.0 1.9645979721510942e-10
403.0 0.0001369865231026779
404.0 0.0003822635335382074
405.0 0.0008997150871437043
406.0 0.0014171662769513205
407.0 0.00188640842679888
408.0 0.0023556505766464397
409.0 0.0019520941350492649
410.0 0.00154853769345209
411.0 0.0012561109542730264
412.0 0.0009636843969929032
413.0 0.0008836334018269554
414.0 0.0008035825885599479
415.0 0.0007864429790060967
416.0 0.0007693034604017157
417.0 0.0013160289199731778
418.0 0.0018627548342919908
419.0 0.002421710996713955
420.0 0.002980667159135919
421.0 0.004765281846630387
422.0 0.006549895624630153
423.0 0.010063236550195143
424.0 0.01357657602056861
425.0 0.01792554830899462
426.0 0.02227451477665454
427.0 0.022433616686612368
428.0 0.022592720051761717
429.0 0.01730022777337581
430.0 0.012007734039798379
431.0 0.00875189361977391
432.0 0.005496051016962156
433.0 0.004421315679792315
434.0 0.003346579978824593
435.0 0.00268109688477125
436.0 0.002015613608818967
437.0 0.0017054961062967777
438.0 0.001395378876622999
439.0 0.001136813352786703
440.0 0.0008782479198998772
441.0 0.0011592381270020269
442.0 0.0014402283341041766
443.0 0.0016641652109683491
444.0 0.0018881020878325216
445.0 0.0018898921553045511
446.0 0.001891682404675521
447.0 0.0017948685126611963
448.0 0.0016980549844447523
449.0 0.0019258046449976973
450.0 0.0021535539417527616
451.0 0.002096542993967887
452.0 0.0020395322280819528
453.0 0.0018333370462642051
454.0 0.0016271418644464575
455.0 0.0014171842849464156
456.0 0.0012072269782947842
457.0 0.000912843916012207
458.0 0.000618460899204365
459.0 0.0008851110578689259
460.0 0.0011517615348566324
461.0 0.001910096216306556
462.0 0.0026684303520596586
463.0 0.003492192627163604
464.0 0.004315954720368609
465.0 0.005467037772177719
466.0 0.006618120823986828
467.0 0.007114416075637564
468.0 0.007610713510075584
469.0 0.006423243030440062
470.0 0.005235774005996063
471.0 0.003975138679379597
472.0 0.0027145029889652506
473.0 0.0022167707356857136
474.0 0.0017190379367093556
475.0 0.0014545052181347273
476.0 0.0011899727724085096
477.0 0.0009838703590503428
478.0 0.0007777678547427058
479.0 0.000973569603957003
480.0 0.00116937126222183
481.0 0.0009259957550966647
482.0 0.0006826203843957046
483.0 0.0007456580078724073
484.0 0.0008086954039754346
485.0 0.0007226455636555329
486.0 0.000636595632386161
487.0 0.0007077085228957003
488.0 0.0007788212315062992
489.0 0.0007475894562958274
490.0 0.0007163575446611503
491.0 0.0008440276360488497
492.0 0.0009716976819618139
493.0 0.0011057161827920936
494.0 0.0012397347745718434
495.0 0.0010795583875733428
496.0 0.0009193818186759017
497.0 0.0011375760550436098
498.0 0.0013557700185629074
499.0 0.0014001169802213553
500.0 0.0014444641237787437
501.0 0.0016104000678751618
502.0 0.0017763362848199904
503.0 0.002195269007643219
504.0 0.0026142015485675074
505.0 0.0033121174055850133
506.0 0.00401003344450146
507.0 0.0046735043724766
508.0 0.00533697493665386
509.0 0.005744046939071268
510.0 0.006151117850095034
511.0 0.005464884816319682
512.0 0.00477865178254433
513.0 0.004076416735188104
514.0 0.0033741816878318787
515.0 0.0032179621484829113
516.0 0.0030617429729318246
517.0 0.002862299697881099
518.0 0.002662855877133552
519.0 0.08599065477028489
520.0 0.08650588570162654
521.0 0.09538230369798839
522.0 0.10480881901457906
523.0 0.08221082389354706
524.0 0.07882833015173674
525.0 0.10268318001180887
526.0 0.07536576013080776
527.0 0.12413151562213898
528.0 0.09818164398893714
529.0 0.11847828282043338
530.0 0.25341815780848265
531.0 0.3642862197011709
532.0 0.3432502271607518
533.0 0.46076816506683826
534.0 0.7326078601181507
535.0 1.0318556800484657
536.0 1.6193816438317299
537.0 2.5639526546001434
538.0 3.9018895477056503
539.0 5.7987455278635025
540.0 8.537683635950089
541.0 11.568330973386765
542.0 15.460941195487976
543.0 20.52616775035858
544.0 26.52813196182251
545.0 33.18050801753998
546.0 41.16692841053009
547.0 48.61277937889099
548.0 57.14893937110901
549.0 64.19965624809265
550.0 68.4734046459198
551.0 74.35275912284851
552.0 77.1787703037262
553.0 80.81972002983093
554.0 84.15278196334839
555.0 87.70636916160583
556.0 90.66067337989807
557.0 92.43665337562561
558.0 94.82075572013855
559.0 95.73354721069336
560.0 94.97156739234924
561.0 95.95420360565186
562.0 95.9780752658844
563.0 95.6202507019043
564.0 95.95599174499512
565.0 95.06639242172241
566.0 96.35451436042786
567.0 95.81910371780396
568.0 96.52316570281982
569.0 97.41144180297852
570.0 96.92263007164001
571.0 97.704416513443
572.0 97.43193984031677
573.0 97.31388688087463
574.0 97.23935127258301
575.0 97.01579809188843
576.0 97.15649485588074
577.0 97.25604057312012
578.0 97.08002209663391
579.0 97.19117879867554
580.0 96.54789566993713
581.0 96.65448665618896
582.0 96.82753086090088
583.0 96.98184132575989
584.0 96.79977297782898
585.0 96.98867797851562
586.0 96.96640968322754
587.0 96.67531847953796
588.0 96.63300514221191
589.0 97.71682620048523
590.0 97.08938598632812
591.0 96.66510224342346
592.0 95.96571922302246
593.0 96.24574780464172
594.0 96.31032943725586
595.0 96.59151434898376
596.0 97.77385592460632
597.0 97.83015847206116
598.0 97.17583656311035
599.0 97.41817116737366
600.0 97.4345862865448
601.0 96.43164873123169
602.0 97.01370596885681
603.0 96.37978672981262
604.0 96.61465883255005
605.0 96.91889882087708
606.0 96.4747965335846
607.0 96.7009961605072
608.0 96.4853048324585
609.0 95.816969871521
610.0 95.96564769744873
611.0 96.1364209651947
612.0 96.23499512672424
613.0 97.07084894180298
614.0 96.97275161743164
615.0 96.55208587646484
616.0 96.57810926437378
617.0 96.79104685783386
618.0 96.67910933494568
619.0 97.24089503288269
620.0 96.64493203163147
621.0 95.87494134902954
622.0 96.94231748580933
623.0 96.79014086723328
624.0 96.74475193023682
625.0 96.87828421592712
626.0 96.56177163124084
627.0 95.7967221736908
628.0 97.62265086174011
629.0 96.10894918441772
630.0 96.50678038597107
631.0 96.36629819869995
632.0 96.92332148551941
633.0 96.92937135696411
634.0 96.40051126480103
635.0 96.4022696018219
636.0 96.67560458183289
637.0 95.96118927001953
638.0 95.72561979293823
639.0 95.64381837844849
640.0 95.94654440879822
641.0 95.97565531730652
642.0 96.40287756919861
643.0 96.52533531188965
644.0 96.69165015220642
645.0 96.58867716789246
646.0 96.65620923042297
647.0 97.76362776756287
648.0 96.68858051300049
649.0 96.28549218177795
650.0 96.59587740898132
651.0 97.39040732383728
652.0 96.9489336013794
653.0 96.24523520469666
654.0 96.99398875236511
655.0 96.97783589363098
656.0 96.36037349700928
657.0 95.68249583244324
658.0 96.74721956253052
659.0 96.36355638504028
660.0 95.6279993057251
661.0 95.51523923873901
662.0 95.89840173721313
663.0 96.18557691574097
664.0 95.48749923706055
665.0 95.45775651931763
666.0 95.50884962081909
667.0 95.76988220214844
668.0 94.99666690826416
669.0 95.81640362739563
670.0 95.66400647163391
671.0 95.77143788337708
672.0 95.12928128242493
673.0 95.43774724006653
674.0 94.72094178199768
675.0 95.13520002365112
676.0 94.37237977981567
677.0 93.22552680969238
678.0 92.00975894927979
679.0 90.38119316101074
680.0 88.69621157646179
681.0 86.88112497329712
682.0 83.75162482261658
683.0 80.59774041175842
684.0 76.61272883415222
685.0 72.10248708724976
686.0 67.55671501159668
687.0 63.03367018699646
688.0 58.66062641143799
689.0 54.667043685913086
690.0 49.801915884017944
691.0 45.757514238357544
692.0 40.603673458099365
693.0 35.57145595550537
694.0 29.743710160255432
695.0 23.872661590576172
696.0 18.190038204193115
697.0 13.305564224720001
698.0 8.663283288478851
699.0 5.491845682263374
700.0 3.474782407283783
701.0 2.055840753018856
702.0 1.232889574021101
703.0 0.6915855221450329
704.0 0.44652405194938183
705.0 0.3016287460923195
706.0 0.2084585139527917
707.0 0.14162324368953705
708.0 0.08645245688967407
709.0 0.10322564048692584
710.0 0.09476704872213304
711.0 0.01863629004219547
712.0 0.04813464474864304
713.0 0.07148789009079337
714.0 0.04095541953574866
715.0 0.05066953017376363
716.0 0.010941651271423325
717.0 0.031472870614379644
718.0 0.06334261852316558
719.0 0.0316108635161072
720.0 1.9645979721510942e-10
721.0 0.004073265154147521
722.0 0.003824469240498729
723.0 0.003575673690647818
724.0 0.0033067670301534235
725.0 0.003037860369659029
726.0 0.002846927964128554
727.0 0.0026559953766991384
728.0 0.0025076233214349486
729.0 0.002359250902372878
730.0 0.002187163772759959
731.0 0.0020150771888438612
732.0 0.0019802777387667447
733.0 0.0019454784705885686
734.0 0.00186235938599566
735.0 0.001779240119503811
736.0 0.0016111200238810852
737.0 0.0014429999282583594
738.0 0.001441309450456174
739.0 0.001439619154552929
740.0 0.0014264099263527896
741.0 0.001413201152900001
742.0 0.0012757810509356204
743.0 0.0011383608580217697
744.0 0.0012092729775758926
745.0 0.0012801847333321348
746.0 0.0012171642993052956
747.0 0.0011541437743289862
748.0 0.001043490192387253
749.0 0.0009328366104455199
750.0 0.0009246385161532089
751.0 0.0009164406037598383
752.0 0.000987791281659156
753.0 0.001059142050507944
754.0 0.00104023110907292
755.0 0.0010213205314357765
756.0 0.0009682599738880526
757.0 0.0009151992344413884
758.0 0.0009369861800223589
759.0 0.000958772943704389
760.0 0.001004704063234385
761.0 0.0010506354556127917
762.0 0.001032102318276884
763.0 0.001013569544738857
764.0 0.000958575947151985
765.0 0.0009035824405145831
766.0 0.0007384345735772513
767.0 0.0005732867975893896
768.0 0.0005591547960648313
769.0 0.0005450226581160678
770.0 0.0006752733952453127
771.0 0.0008055243597482331
772.0 0.0007407021712424466
773.0 0.0006758798008377198
774.0 0.0007821101462468505
775.0 0.0008883404916559812
776.0 0.000881470441527199
777.0 0.0008746003004489467
778.0 0.000846268540044548
779.0 0.0008179367796401493
780.0 0.0006962875886529218
781.0 0.0005746384431404294
782.0 0.0006413783012249041
783.0 0.0007081181138346437
784.0 0.0007129377536330139
785.0 0.0007177571660577087
786.0 0.0006849053079349687
787.0 0.0006520534952869639
788.0 0.000614382133790059
789.0 0.0005767108177678892
790.0 0.0006765533726138528
791.0 0.0007763958819850814
792.0 0.0007575247309432598
793.0 0.0007386535799014382
794.0 0.0007351178282988258
795.0 0.0007315818493225379
796.0 0.0006313635367405368
797.0 0.0005311451332090655
798.0 0.000625987013336271
799.0 0.0007208288025140064
800.0 0.0007016847121121828
801.0 0.0006825403488619486
802.0 0.0005654327651427593
803.0 0.0004483248631004244
804.0 0.0005500051429407904
805.0 0.0006516855137306266
806.0 0.000609020344199962
807.0 0.0005663552656187676
808.0 0.0006536816272273427
809.0 0.0007410079433611827
810.0 0.000637120410829084
811.0 0.0005332331511453958
812.0 0.0006216867859620834
813.0 0.000710140466253506
814.0 0.000552395977138076
815.0 0.0003946515789721161
816.0 0.0005254245479591191
817.0 0.0006561976533703273
818.0 0.0005865103048563469
819.0 0.0005168229108676314
820.0 0.0004104794243176002
821.0 0.00030413586955546634
822.0 0.0003065878445340786
823.0 0.0003090398877247935
824.0 0.0003091426833634614
825.0 0.00030924550173949683
826.0 0.00038685543586325366
827.0 0.00046446539272437803
828.0 0.0003338556780363433
829.0 0.00020324596334830858
830.0 0.00015385801361844642
831.0 0.00010447006388858426
832.0 4.946905391989276e-05
833.0 1.9645979721510942e-10
834.0 1.9645979721510942e-10
835.0 1.9645979721510942e-10
836.0 0.00022138601707410999
837.0 0.00046981999730633106
838.0 0.0006777003363822587
839.0 0.0008855807209329214
840.0 0.001403396345267538
841.0 0.0019212118786526844
842.0 0.0029827804610249586
843.0 0.004044349043397233
844.0 0.004676998651120812
845.0 0.00530964789504651
846.0 0.005275465446175076
847.0 0.005241282997303642
848.0 0.004208771861158311
849.0 0.0031762592698214576
850.0 0.0023003502064966597
851.0 0.0014244411431718618
852.0 0.0012752461771015078
853.0 0.0011260512110311538
854.0 0.0009908413630910218
855.0 0.0008556312423024792
856.0 0.0006875999133626465
857.0 0.0005195686298975488
858.0 0.0006284240953391418
859.0 0.0007372795153059997
860.0 0.000610921506449813
861.0 0.0004845634975936264
862.0 0.0005086306828161469
863.0 0.0005326978680386674
864.0 0.0003868724888889119
865.0 0.00024104717795125907
866.0 0.00022883948531671194
867.0 0.00021663176994479727
868.0 0.00023378415789920837
869.0 0.0002509365231162519
870.0 0.0001636227125345613
871.0 7.630887921550311e-05
872.0 1.9645979721510942e-10
873.0 1.9645979721510942e-10
874.0 1.9645979721510942e-10
875.0 1.9645979721510942e-10
876.0 1.9645979721510942e-10
877.0 4.908317805529805e-05
878.0 0.00014038256495041423
879.0 0.00023168192910816288
880.0 0.00020302070424804697
881.0 0.00017435947938793106
882.0 0.0002168092350984807
883.0 0.00025925899080903037
884.0 0.00014086147075431654
885.0 2.246396206828649e-05
886.0 0.00011498661933728727
887.0 0.00020750926523760427
888.0 0.00027664596018439624
889.0 0.0003457826551311882
890.0 0.0002911401224992005
891.0 0.00023649754439247772
892.0 6.842196853540372e-05
893.0 1.9645979721510942e-10
894.0 1.9645979721510942e-10
895.0 9.590656873115222e-05
896.0 0.00010501980796107091
897.0 0.00011413308129704092
898.0 0.0001049598608915403
899.0 9.578664048603969e-05
900.0 8.945379477154347e-05
901.0 8.312093768836348e-05
