lsstCam/transmission_filter_detector/r03_s01/r_57/19700101T000000.ecsv
# %ECSV 1.0
# ---
# datatype:
# - {name: wavelength, unit: nm, datatype: float32}
# - {name: efficiency, unit: '%', datatype: float64}
# meta: !!omap
# - {MODE: DETECTOR}
# - {TYPE: transmission_filter_detector}
# - {CALIBDATE: '1970-01-01T00:00:00'}
# - {INSTRUME: LSSTCam}
# - {OBSTYPE: transmission_filter_detector}
# - {CALIBCLS: lsst.ip.isr.IntermediateFilterDetectorTransmissionCurve}
# - {SOURCE: Materion (DM-46256)}
# - {DETECTOR: 19}
# - {FILTER: r_57}
# - {CALIB_ID: 'calibDate=1970-01-01T00:00:00 filter=r_57 detector=19'}
# - {DATE: '2025-04-02T15:59:44.272840'}
# - {CALIB_CREATION_DATE: '2025-04-02'}
# - {CALIB_CREATION_TIME: '15:59:44'}
# - __serialized_columns__:
#     efficiency:
#       __class__: astropy.units.quantity.Quantity
#       unit: !astropy.units.Unit {unit: '%'}
#       value: !astropy.table.SerializedColumn {name: efficiency}
#     wavelength:
#       __class__: astropy.units.quantity.Quantity
#       unit: !astropy.units.Unit {unit: nm}
#       value: !astropy.table.SerializedColumn {name: wavelength}
# schema: astropy-2.0
wavelength efficiency
[from data line 603]
903.0 1.9645979721510942e-10
904.0 1.9645979721510942e-10
905.0 1.9645979721510942e-10
906.0 1.9645979721510942e-10
907.0 1.9645979721510942e-10
908.0 1.9645979721510942e-10
909.0 1.9645979721510942e-10
910.0 1.9645979721510942e-10
911.0 1.9645979721510942e-10
912.0 1.9645979721510942e-10
913.0 1.9645979721510942e-10
914.0 1.9645979721510942e-10
915.0 6.347257226479996e-05
916.0 6.986080052229227e-05
917.0 7.624906857017777e-05
918.0 0.00017224672319571255
919.0 0.00026824432097782847
920.0 0.00016100607354019303
921.0 5.3767780627822503e-05
922.0 0.00018482892301108222
923.0 0.0003158900426569744
924.0 0.0002906869440266746
925.0 0.00026548386813374236
926.0 0.00017669260614638915
927.0 8.790134984337783e-05
928.0 0.00013614765066449763
929.0 0.00018439394580127555
930.0 0.00026859411264013033
931.0 0.00035279426811030135
932.0 0.00019612277810665546
933.0 3.945137052596692e-05
934.0 0.00018092696336680092
935.0 0.00032240252494375454
936.0 0.00029079633350193035
937.0 0.0002591901193227386
938.0 0.00030247024369600695
939.0 0.0003457503908066428
940.0 0.0003543563025232288
941.0 0.0003629621687650797
942.0 0.00042409092202433385
943.0 0.00048521969802095555
944.0 0.00042091946852451656
945.0 0.00035661932997754775
946.0 0.0003067346142415772
947.0 0.0002568498530308716
948.0 0.00041164848880725913
949.0 0.0005664471700583817
950.0 0.0006302483598119579
951.0 0.0006940495495655341
952.0 0.0007976369488460477
953.0 0.0009012244845507666
954.0 0.0012488992069847882
955.0 0.00159657411131775
956.0 0.001594601599208545
957.0 0.0015926289052003995
958.0 0.0016695088561391458
959.0 0.0017463891708757728
960.0 0.0018514643670641817
961.0 0.001956539745151531
962.0 0.0021292431483743712
963.0 0.002301946733496152
964.0 0.0023529644749942236
965.0 0.0024039818526944146
966.0 0.002312890319444705
967.0 0.0022217984223971143
968.0 0.002200109520344995
969.0 0.0021784206182928756
970.0 0.002241223592136521
971.0 0.002304026565980166
972.0 0.0024438084437861107
973.0 0.002583589775895234
974.0 0.0028942009521415457
975.0 0.0032048123102867976
976.0 0.003328514503664337
977.0 0.003452215969446115
978.0 0.003382644717930816
979.0 0.003313073466415517
980.0 0.0032833500881679356
981.0 0.003253626709920354
982.0 0.0033748572604963556
983.0 0.0034960881748702377
984.0 0.003395480234757997
985.0 0.0032948722946457565
986.0 0.003157845640089363
987.0 0.0030208189855329692
988.0 0.0028358394047245383
989.0 0.002650860187713988
990.0 0.00270099044428207
991.0 0.0027511207008501515
992.0 0.0027717167540686205
993.0 0.0027923131710849702
994.0 0.0027981430321233347
995.0 0.0028039725293638185
996.0 0.002874844358302653
997.0 0.0029457158234436065
998.0 0.0030659772164653987
999.0 0.003186238609487191
1000.0 0.003275737617514096
1001.0 0.0033652369893388823
1002.0 0.00363947001460474
1003.0 0.003913703039870597
1004.0 0.004002537752967328
1005.0 0.004091372466064058
1006.0 0.004323385292082094
1007.0 0.0045553988456958905
1008.0 0.004510914732236415
1009.0 0.004466430254979059
1010.0 0.004474041998037137
1011.0 0.004481654104893096
1012.0 0.004423961581778713
1013.0 0.004366269058664329
1014.0 0.004090326547157019
1015.0 0.0038143840356497094
1016.0 0.003618008122430183
1017.0 0.003421632936806418
1018.0 0.0029998465834069066
1019.0 0.0025780609576031566
1020.0 0.002155872789444402
1021.0 0.0017336846212856472
1022.0 0.0015506733689107932
1023.0 0.0013676616617885884
1024.0 0.0013750106518273242
1025.0 0.0013823600966134109
1026.0 0.0013118367860442959
1027.0 0.0012413132935762405
1028.0 0.0011775477105402388
1029.0 0.0011137818546558265
1030.0 0.0010495297829038464
1031.0 0.000985277074505575
1032.0 0.0009440345820621587
1033.0 0.0009027918167703319
1034.0 0.0008432210961473174
1035.0 0.0007836502845748328
1036.0 0.0008865297786542214
1037.0 0.0009894089089357294
1038.0 0.0008643257388030179
1039.0 0.0007392425686703064
1040.0 0.0008189154868887272
1041.0 0.0008985883141576778
1042.0 0.0010839658898476046
1043.0 0.0012693431017396506
1044.0 0.0011559905033209361
1045.0 0.0010426381777506322
1046.0 0.0010325861694582272
1047.0 0.0010225341611658223
1048.0 0.0009106347533816006
1049.0 0.0007987352546479087
1050.0 0.0007684523552597966
1051.0 0.0007381695013464196
1052.0 0.001070611961040413
1053.0 0.0014030541024112608
1054.0 0.0012092043107259087
1055.0 0.0010153544280910864
1056.0 0.0010065983587992378
1057.0 0.0009978424714063294
1058.0 0.0008731155503483023
1059.0 0.0007483885838155402
1060.0 0.0010288408702763263
1061.0 0.0013092926565150265
1062.0 0.0014196025404089596
1063.0 0.0015299123333534226
1064.0 0.0010944691894110292
1065.0 0.0006590256361960201
1066.0 0.0010291061698808335
1067.0 0.0013991868399898522
1068.0 0.0016651369151077233
1069.0 0.0019310866264277138
1070.0 0.001358983718091622
1071.0 0.00078688071880606
1072.0 0.001297533708566334
1073.0 0.0018081867892760783
1074.0 0.0023709555534878746
1075.0 0.002933724317699671
1076.0 0.0031903331546345726
1077.0 0.0034469419915694743
1078.0 0.0038035708712413907
1079.0 0.0041602004785090685
1080.0 0.004348550282884389
1081.0 0.0045369004510575905
1082.0 0.004398989767651074
1083.0 0.004261079811840318
1084.0 0.004756275666295551
1085.0 0.005251471156952903
1086.0 0.005135927494848147
1087.0 0.005020384560339153
1088.0 0.0051344133680686355
1089.0 0.005248442539595999
1090.0 0.004800480746780522
1091.0 0.004352518590167165
1092.0 0.003770083640119992
1093.0 0.0031876490538707003
1094.0 0.003676813139463775
1095.0 0.004165976861258969
1096.0 0.0032921292586252093
1097.0 0.0024182818378903903
1098.0 0.0019390465240576304
1099.0 0.0014598115740227513
1100.0 0.0015425819583470002
1101.0 0.0016253521607723087
