lsstCam/transmission_sensor/r42_s02/19700101T000000.ecsv
# %ECSV 1.0
# ---
# datatype:
# - {name: amp_name, datatype: string}
# - {name: wavelength, unit: nm, datatype: float32}
# - {name: efficiency, unit: '%', datatype: float64}
# meta: !!omap
# - {MODE: AMP}
# - {TYPE: transmission_sensor}
# - {CALIBDATE: '1970-01-01T00:00:00'}
# - {INSTRUME: LSSTCam}
# - {OBSTYPE: transmission_sensor}
# - {DETECTOR: 173}
# - {PARQUETFILE: qe_raft_allvalues_nircorrected_20230725_adjust.parquet}
# - {CORRFILE: qe_corr_factor_bydetnum.parquet}
# - {CALIBCLS: lsst.ip.isr.IntermediateSensorTransmissionCurve}
# - {CALIB_ID: 'raftName=R42 detectorName=S02 detector=173 calibDate=1970-01-01T00:00:00 ccd=173 ccdnum=173 filter=None'}
# - {DATE: '2025-03-03T21:56:48.360978'}
# - {CALIB_CREATION_DATE: '2025-03-03'}
# - {CALIB_CREATION_TIME: '21:56:48'}
# - __serialized_columns__:
#     efficiency:
#       __class__: astropy.units.quantity.Quantity
#       unit: !astropy.units.Unit {unit: '%'}
#       value: !astropy.table.SerializedColumn {name: efficiency}
#     wavelength:
#       __class__: astropy.units.quantity.Quantity
#       unit: !astropy.units.Unit {unit: nm}
#       value: !astropy.table.SerializedColumn {name: wavelength}
# schema: astropy-2.0
amp_name wavelength efficiency
C00 319.994 49.56688083323795
C00 324.969 51.92580969578079
C00 349.982 63.7806379474474
C00 374.975 77.0586157167062
C00 400.019 85.75408363655554
C00 424.965 86.34658156679511
C00 450.035 85.40878627219544
C00 475.003 86.3994323454493
C00 500.018 85.60068019666046
C00 525.002 86.11093350175057
C00 550.029 88.02381342145952
C00 575.023 90.27970315734999
C00 599.982 91.26503967061744
C00 619.997 92.5985272454711
C00 624.979 92.89340674194887
C00 650.012 93.77149626402142
C00 675.004 94.9763302931529
C00 700.03 96.51970615138801
C00 725.012 97.35140970487626
C00 750.022 98.48162681967446
C00 774.987 100.04469548396861
C00 799.976 99.66850474320354
C00 824.988 99.71063694326848
C00 850.022 98.90151814637942
C00 869.967 97.2192980595664
C00 875.002 96.25754853972552
C00 899.999 90.5758144105393
C00 919.999 83.2101464460718
C00 925.012 80.51282111701863
C00 949.965 69.48898873253084
C00 975.002 53.71083173869924
C00 999.976 37.462572118176084
C00 1025.028 21.65712903545187
C00 1050.014 10.290916101798253
C00 1075.002 0.9382186310825312
C00 1099.99 0.09308919065226566
C01 319.994 49.18238147266708
C01 324.969 51.48971426525569
C01 349.982 63.29949541432881
C01 374.975 77.03152471971511
C01 400.019 86.03613297150997
C01 424.965 86.60323070123827
C01 450.035 85.50907881090096
C01 475.003 86.33481484740163
C01 500.018 85.4336432756476
C01 525.002 85.92023308068306
C01 550.029 87.860012730813
C01 575.023 90.19944770452972
C01 599.982 91.2682759009838
C01 619.997 92.65756741033422
C01 624.979 92.96302012280795
C01 650.012 93.88174231503574
C01 675.004 95.12238909675555
C01 700.03 96.70108806515951
C01 725.012 97.57870324613818
C01 750.022 98.76213837140519
C01 774.987 100.38008523999673
C01 799.976 100.02758860193752
C01 824.988 100.08252036087455
C01 850.022 99.30161720840887
C01 869.967 97.63009274819667
C01 875.002 96.6561863251593
C01 899.999 90.8473440841374
C01 919.999 83.4927695807366
C01 925.012 80.82711799569448
C01 949.965 70.15304331198186
C01 975.002 54.23688366248085
C01 999.976 37.52313093960591
C01 1025.028 21.65489886724433
C01 1050.014 10.380213681720713
C01 1075.002 0.9408905889797797
C01 1099.99 0.09335429986015338
C02 319.994 48.626606723889594
C02 324.969 50.8852086197443
C02 349.982 62.60370971089571
C02 374.975 76.64052994642313
C02 400.019 85.89509300270714
C02 424.965 86.51075713991905
C02 450.035 85.3513527465213
C02 475.003 86.07483002397565
C02 500.018 85.10454236444484
C02 525.002 85.55645171498706
C02 550.029 87.48249842538273
C02 575.023 89.84089174152925
C02 599.982 90.93718581745185
C02 619.997 92.33704289213543
C02 624.979 92.65114085357835
C02 650.012 93.58074228831428
C02 675.004 94.84342297891136
C02 700.03 96.44917469099238
C02 725.012 97.37074292978349
C02 750.022 98.60619491145899
C02 774.987 100.27780352896201
C02 799.976 99.95361434327982
C02 824.988 100.0089362860199
C02 850.022 99.24945498940708
C02 869.967 97.61007096363704
C02 875.002 96.63021232493767
C02 899.999 90.7183156559378
C02 919.999 83.31931375363067
C02 925.012 80.67393642502074
C02 949.965 70.28953878707875
C02 975.002 54.47997582243427
C02 999.976 37.46532635678574
C02 1025.028 21.56561945764603
C02 1050.014 10.352247640171342
C02 1075.002 0.9394044724437106
C02 1099.99 0.09320684874271182
C03 319.994 48.43240994992039
C03 324.969 50.660810854353926
C03 349.982 62.354615605972086
C03 374.975 76.73614027949225
C03 400.019 86.28723537541981
C03 424.965 86.97016414000977
C03 450.035 85.77667604381752
C03 475.003 86.44053170603561
C03 500.018 85.40987266631369
C03 525.002 85.82914428933148
C03 550.029 87.73712013418267
C03 575.023 90.09869612605591
C03 599.982 91.20065934311673
C03 619.997 92.61258916370596
C03 624.979 92.92706200762632
C03 650.012 93.86990673967702
C03 675.004 95.15312945990445
C03 700.03 96.78861929830695
C03 725.012 97.76282409719371
C03 750.022 99.06221266792727
C03 774.987 100.79221879461782
C03 799.976 100.50023124868021
C03 824.988 100.55315088329964
C03 850.022 99.80768560094485
C03 869.967 98.18517128665894
C03 875.002 97.20921448598993
C03 899.999 91.22931872598276
C03 919.999 83.69434159364944
C03 925.012 81.00917316779278
C03 949.965 70.58223784465721
C03 975.002 54.816149771399864
C03 999.976 37.637940610983165
C03 1025.028 21.622708703493966
C03 1050.014 10.350149445897179
C03 1075.002 0.9437484009998233
C03 1099.99 0.09363784934336415
C04 319.994 47.97995740231905
C04 324.969 50.167125059567184
C04 349.982 61.73975861368606
C04 374.975 76.28117831449099
C04 400.019 86.01075572298711
C04 424.965 86.76501161690437
C04 450.035 85.55542652617125
C04 475.003 86.17194753761727
C04 500.018 85.09630260060429
C04 525.002 85.48523169493902
C04 550.029 87.36385959727177
C04 575.023 89.71051679667603
C04 599.982 90.80534194534015
C04 619.997 92.2171034513477
C04 624.979 92.53257088143263
C04 650.012 93.47299035337427
C04 675.004 94.76722237737752
C04 700.03 96.42039289752147
C04 725.012 97.42842892733019
C04 750.022 98.77605492704674
C04 774.987 100.54629588942672
C04 799.976 100.2802746930479
C04 824.988 100.34432604204802
C04 850.022 99.61825518990291
C04 869.967 98.0243161011922
C04 875.002 97.04948394795545
C04 899.999 91.0732681567573
C04 919.999 83.49890541230589
C04 925.012 80.80262822405695
C04 949.965 70.41361723644378
C04 975.002 54.72503802805986
C04 999.976 37.55644957611995
C04 1025.028 21.572174163003872
C04 1050.014 10.287896002656135
C04 1075.002 0.9410218031207241
C04 1099.99 0.09336731880667394
C05 319.994 47.58790683756004
C05 324.969 49.730960773076845
C05 349.982 61.16711797875583
C05 374.975 75.80725800705994
C05 400.019 85.69697908938198
C05 424.965 86.53891157903999
C05 450.035 85.34422232878741
C05 475.003 85.92499944361033
C05 500.018 84.8133581381017
C05 525.002 85.16760677794318
C05 550.029 87.01449973096244
C05 575.023 89.33016409534527
C05 599.982 90.41985564926749
C05 619.997 91.82429547097102
C05 624.979 92.13896723212429
C05 650.012 93.08820026761684
C05 675.004 94.3852630368578
C05 700.03 96.04891496504403
C05 725.012 97.0823052913872
C05 750.022 98.45749662918874
C05 774.987 100.25203609663612
C05 799.976 100.0084389929376
C05 824.988 100.09026283163281
C05 850.022 99.39445035087991
C05 869.967 97.82205552862695
C05 875.002 96.85820972717761
C05 899.999 90.92515897552302
C05 919.999 83.36087980464808
C05 925.012 80.67305659879821
C05 949.965 70.39460533937435
C05 975.002 54.7350680469967
C05 999.976 37.527966158498415
C05 1025.028 21.57356849630001
C05 1050.014 10.271016727843483
C05 1075.002 0.937986689043817
C05 1099.99 0.0930661775762652
C06 319.994 47.39145311806348
C06 324.969 49.504141572908814
C06 349.982 60.82350758554416
C06 374.975 75.5016140280161
C06 400.019 85.54377456671983
C06 424.965 86.51787990699013
C06 450.035 85.38782345611084
C06 475.003 85.9731603659653
C06 500.018 84.83930918633492
C06 525.002 85.15639855693443
C06 550.029 86.96565789961787
C06 575.023 89.24873044045309
C06 599.982 90.31771165016325
C06 619.997 91.71431719315487
C06 624.979 92.02872883177278
C06 650.012 92.97919362397687
C06 675.004 94.28129052934325
C06 700.03 95.9572447233193
C06 725.012 96.99088752153502
C06 750.022 98.3704779904492
C06 774.987 100.15898108494375
C06 799.976 99.92691353009177
C06 824.988 100.03194182907333
C06 850.022 99.35351930487528
C06 869.967 97.79444428656514
C06 875.002 96.84621348789999
C06 899.999 90.95350468121407
C06 919.999 83.42750177635054
C06 925.012 80.7407037593165
C06 949.965 70.49222779676107
C06 975.002 54.80410380281402
C06 999.976 37.52795850783561
C06 1025.028 21.56505330859849
C06 1050.014 10.25046322221892
C06 1075.002 0.9371576621984855
C06 1099.99 0.09298392229428272
C07 319.994 47.2204149004038
C07 324.969 49.311165079656945
C07 349.982 60.47736482294416
C07 374.975 75.0256127403022
C07 400.019 85.16784394849012
C07 424.965 86.38999907821122
C07 450.035 85.42756864938075
C07 475.003 86.1076590180702
C07 500.018 84.98884139085085
C07 525.002 85.26770805007858
C07 550.029 87.00488284781706
C07 575.023 89.2035379752663
C07 599.982 90.1986061316212
C07 619.997 91.55932241539645
C07 624.979 91.8651423596848
C07 650.012 92.79296118998725
C07 675.004 94.09280880048908
C07 700.03 95.76066094255506
C07 725.012 96.77685257891348
C07 750.022 98.10765477112272
C07 774.987 99.85490549177486
C07 799.976 99.61683981728406
C07 824.988 99.74554691764588
C07 850.022 99.07651175670907
C07 869.967 97.54135271032611
C07 875.002 96.58498160643687
C07 899.999 90.72409955701808
C07 919.999 83.29900889454726
C07 925.012 80.6504259382222
C07 949.965 70.53143744363466
C07 975.002 54.836492883797305
C07 999.976 37.34676020997143
C07 1025.028 21.39954652014654
C07 1050.014 10.186965589939279
C07 1075.002 0.9346541505811364
C07 1099.99 0.09273552617153821
C10 319.994 49.53863458616336
C10 324.969 51.897081456949515
C10 349.982 63.82302261938489
C10 374.975 77.34417670588796
C10 400.019 86.14430569290424
C10 424.965 86.71538941795373
C10 450.035 85.77236872065853
C10 475.003 86.84491513923564
C10 500.018 86.08258014539672
C10 525.002 86.60477613512481
C10 550.029 88.49901904024175
C10 575.023 90.70478928409926
C10 599.982 91.62552360064467
C10 619.997 92.92592205886842
C10 624.979 93.21559910463907
C10 650.012 94.05861033775251
C10 675.004 95.24286408393962
C10 700.03 96.68299424762662
C10 725.012 97.23000133683003
C10 750.022 97.9854277821564
C10 774.987 99.19977158515401
C10 799.976 98.67974838366243
C10 824.988 98.74982080428977
C10 850.022 97.86189252985051
C10 869.967 96.30152454952638
C10 875.002 95.40820255780986
C10 899.999 90.21881918275096
C10 919.999 83.15994279674801
C10 925.012 80.47651107134799
C10 949.965 69.01761609581372
C10 975.002 53.77365515631923
C10 999.976 37.24453587890774
C10 1025.028 21.268599688248678
C10 1050.014 10.08139600656428
C10 1075.002 0.9334945546395985
C10 1099.99 0.09262047212751773
C11 319.994 49.16001093462643
C11 324.969 51.466460075661104
C11 349.982 63.32714108437323
C11 374.975 77.21333507060366
C11 400.019 86.24969357303763
C11 424.965 86.7878182427249
C11 450.035 85.68660479061894
C11 475.003 86.57056237106262
C11 500.018 85.70795013984379
C11 525.002 86.19346885208661
C11 550.029 88.10431369548954
C11 575.023 90.38740918831317
C11 599.982 91.40272099844906
C11 619.997 92.76017044920673
C11 624.979 93.06197379552266
C11 650.012 93.95177648234906
C11 675.004 95.16710722084845
C11 700.03 96.63870456065078
C11 725.012 97.23817224470535
C11 750.022 98.05061142925162
C11 774.987 99.32790488580548
C11 799.976 98.83437592960622
C11 824.988 98.90260454049766
C11 850.022 98.02504291415863
C11 869.967 96.45061301559964
C11 875.002 95.54596039226952
C11 899.999 90.27994797855973
C11 919.999 83.26261469158577
C11 925.012 80.59368862286327
C11 949.965 69.24334125120069
C11 975.002 53.94055436540162
C11 999.976 37.240090843818265
C11 1025.028 21.30275607233982
C11 1050.014 10.103130583259302
C11 1075.002 0.9341150389115856
C11 1099.99 0.0926820360069571
C12 319.994 48.72657028409452
C12 324.969 50.992444134944996
C12 349.982 62.78623922408789
C12 374.975 76.97077845704658
C12 400.019 86.24611306284507
C12 424.965 86.82184839087977
C12 450.035 85.6493001587837
C12 475.003 86.42690587558062
C12 500.018 85.48564483073046
C12 525.002 85.93589398744409
C12 550.029 87.83517867934926
C12 575.023 90.14613023544445
C12 599.982 91.19429399166329
C12 619.997 92.5759195368835
C12 624.979 92.88440191182785
C12 650.012 93.7982123785351
C12 675.004 95.03332773104718
C12 700.03 96.5364840549185
C12 725.012 97.19096765520095
C12 750.022 98.07523891281963
C12 774.987 99.41571919347669
C12 799.976 98.95571544168722
C12 824.988 99.02938367383273
C12 850.022 98.15759829791116
C12 869.967 96.56414120095714
C12 875.002 95.64842571921156
C12 899.999 90.28925118453013
C12 919.999 83.25625699079515
C12 925.012 80.6108643608596
C12 949.965 69.439687861418
C12 975.002 54.0534131177637
C12 999.976 37.197396320037186
C12 1025.028 21.229009420900567
C12 1050.014 10.069701012134596
C12 1075.002 0.934349056826284
C12 1099.99 0.09270525504946563
C13 319.994 48.40076680856056
C13 324.969 50.62775999103805
C13 349.982 62.35186901802523
C13 374.975 76.81681651876677
C13 400.019 86.33690347834728
C13 424.965 86.98789837639085
C13 450.035 85.79212273202
C13 475.003 86.52237084605643
C13 500.018 85.5317400741282
C13 525.002 85.94065269970855
C13 550.029 87.80745267734538
C13 575.023 90.10476310165997
C13 599.982 91.15432692917206
C13 619.997 92.53462125906427
C13 624.979 92.84389930294029
C13 650.012 93.76266739914492
C13 675.004 95.01485138037407
C13 700.03 96.54350736337312
C13 725.012 97.2572223950888
C13 750.022 98.21494001563165
C13 774.987 99.63162854848535
C13 799.976 99.20501228917516
C13 824.988 99.28385236937658
C13 850.022 98.42290033198634
C13 869.967 96.82647477786412
C13 875.002 95.89715641765196
C13 899.999 90.45634931084544
C13 919.999 83.34617523073763
C13 925.012 80.70383521526112
C13 949.965 69.67957439365628
C13 975.002 54.232086696902364
C13 999.976 37.24872461679326
C13 1025.028 21.205361222171543
C13 1050.014 10.041012939283041
C13 1075.002 0.9356793352747946
C13 1099.99 0.09283724405502515
C14 319.994 48.14733477782673
C14 324.969 50.34159077416332
C14 349.982 62.00354199119452
C14 374.975 76.71160460387789
C14 400.019 86.47169285563875
C14 424.965 87.18494119692336
C14 450.035 85.96960280776116
C14 475.003 86.64223378021613
C14 500.018 85.59560780722101
C14 525.002 85.97164553472999
C14 550.029 87.81426176724148
C14 575.023 90.10870319300433
C14 599.982 91.16065402731147
C14 619.997 92.54849191072901
C14 624.979 92.85895580733975
C14 650.012 93.78381383113683
C14 675.004 95.05403807525924
C14 700.03 96.61209555541637
C14 725.012 97.37858485915821
C14 750.022 98.40694870003874
C14 774.987 99.89014444465285
C14 799.976 99.50111589170166
C14 824.988 99.58360533806088
C14 850.022 98.7485354929386
C14 869.967 97.15766432001253
C14 875.002 96.22440586845599
C14 899.999 90.7337699948031
C14 919.999 83.54153490545313
C14 925.012 80.88747407455998
C14 949.965 69.98807972058904
C14 975.002 54.48947794563758
C14 999.976 37.35295342151175
C14 1025.028 21.222607728798817
C14 1050.014 10.043377950422514
C14 1075.002 0.9375079914095582
C14 1099.99 0.09301868163676454
C15 319.994 47.771962657981746
C15 324.969 49.927751121736804
C15 349.982 61.47717256490652
C15 374.975 76.33424331170372
C15 400.019 86.26718298820894
C15 424.965 87.0679472613154
C15 450.035 85.86040489755108
C15 475.003 86.49722311741772
C15 500.018 85.41100496440878
C15 525.002 85.74893474048804
C15 550.029 87.56113193768843
C15 575.023 89.83504663514654
C15 599.982 90.87944626526551
C15 619.997 92.261844527429
C15 624.979 92.57347132478604
C15 650.012 93.50324107410367
C15 675.004 94.77729064962838
C15 700.03 96.35422231492447
C15 725.012 97.16334876247635
C15 750.022 98.23494649886568
C15 774.987 99.7662113578811
C15 799.976 99.40485525229415
C15 824.988 99.50343404253145
C15 850.022 98.69485079203871
C15 869.967 97.12189747140101
C15 875.002 96.19153097038462
C15 899.999 90.66526596005069
C15 919.999 83.42398247146043
C15 925.012 80.77371636931835
C15 949.965 69.99265481694619
C15 975.002 54.4722180503504
C15 999.976 37.26071703073947
C15 1025.028 21.13079021181509
C15 1050.014 10.00102675013479
C15 1075.002 0.9358689475228317
C15 1099.99 0.0928560572080822
C16 319.994 47.531383740759644
C16 324.969 49.651883522328475
C16 349.982 61.07062781946419
C16 374.975 75.95471688195583
C16 400.019 86.04457930324625
C16 424.965 86.99825737382827
C16 450.035 85.86615054531734
C16 475.003 86.51355728250553
C16 500.018 85.40129627330974
C16 525.002 85.7051576479201
C16 550.029 87.47935400297004
C16 575.023 89.70670676659934
C16 599.982 90.72022832163896
C16 619.997 92.09272662613328
C16 624.979 92.39656504875524
C16 650.012 93.3238865859754
C16 675.004 94.6039189798133
C16 700.03 96.18831004134388
C16 725.012 97.00556914345704
C16 750.022 98.09810674394258
C16 774.987 99.63568339977179
C16 799.976 99.29245936503176
C16 824.988 99.40606405701729
C16 850.022 98.60565936506266
C16 869.967 97.03764072193394
C16 875.002 96.1168528507489
C16 899.999 90.58191198879456
C16 919.999 83.3210275020989
C16 925.012 80.6615653032657
C16 949.965 69.944111361451
C16 975.002 54.38699731736994
C16 999.976 37.12971473153628
C16 1025.028 21.01339844174128
C16 1050.014 9.935228181016663
C16 1075.002 0.9345651429976471
C16 1099.99 0.09272669492087399
C17 319.994 47.443863983606406
C17 324.969 49.541798135233066
C17 349.982 60.77694182638395
C17 374.975 75.47376561540736
C17 400.019 85.6906672925682
C17 424.965 86.97307904253833
C17 450.035 86.0702472769557
C17 475.003 86.84307898016253
C17 500.018 85.74318144205897
C17 525.002 86.01163554920964
C17 550.029 87.70588247795149
C17 575.023 89.83643905577698
C17 599.982 90.76176377000513
C17 619.997 92.08535138718965
C17 624.979 92.38385729783678
C17 650.012 93.27847225156728
C17 675.004 94.55076217464693
C17 700.03 96.13366900759341
C17 725.012 96.93071505857682
C17 750.022 97.97870284955115
C17 774.987 99.48537082764979
C17 799.976 99.13461854071002
C17 824.988 99.27917781440297
C17 850.022 98.49317932050941
C17 869.967 96.92874118757324
C17 875.002 96.00222296994755
C17 899.999 90.499200673214
C17 919.999 83.30372170283489
C17 925.012 80.67101387182937
C17 949.965 70.04824453288442
C17 975.002 54.45298428405963
C17 999.976 37.05749247466084
C17 1025.028 20.862460427934995
C17 1050.014 9.86923260733132
C17 1075.002 0.9334279337573936
C17 1099.99 0.0926138620647887
