lsstCam/transmission_sensor/r42_s02/19700101T000000.ecsv
# %ECSV 1.0
# ---
# datatype:
# - {name: amp_name, datatype: string}
# - {name: wavelength, unit: nm, datatype: float32}
# - {name: efficiency, unit: '%', datatype: float64}
# meta: !!omap
# - {MODE: AMP}
# - {TYPE: transmission_sensor}
# - {CALIBDATE: '1970-01-01T00:00:00'}
# - {INSTRUME: LSSTCAM}
# - {OBSTYPE: transmission_sensor}
# - {DETECTOR: 173}
# - {PARQUETFILE: qe_raft_allvalues_nircorrected_20230725.parquet}
# - {CALIBCLS: lsst.ip.isr.IntermediateSensorTransmissionCurve}
# - {CALIB_ID: 'raftName=R42 detectorName=S02 detector=173 calibDate=1970-01-01T00:00:00 ccd=173 ccdnum=173 filter=None'}
# - {DATE: '2023-08-02T16:57:56.111709'}
# - {CALIB_CREATION_DATE: '2023-08-02'}
# - {CALIB_CREATION_TIME: '16:57:56'}
# - __serialized_columns__:
#     efficiency:
#       __class__: astropy.units.quantity.Quantity
#       unit: !astropy.units.Unit {unit: '%'}
#       value: !astropy.table.SerializedColumn {name: efficiency}
#     wavelength:
#       __class__: astropy.units.quantity.Quantity
#       unit: !astropy.units.Unit {unit: nm}
#       value: !astropy.table.SerializedColumn {name: wavelength}
# schema: astropy-2.0
amp_name wavelength efficiency
C00 319.994 49.4290885925293
C00 324.969 51.78145980834961
C00 349.982 63.60333251953125
C00 374.975 76.84439849853516
C00 400.019 85.51569366455078
C00 424.965 86.1065444946289
C00 450.035 85.17135620117188
C00 475.003 86.15924835205078
C00 500.018 85.36271667480469
C00 525.002 85.87155151367188
C00 550.029 87.77911376953125
C00 575.023 90.02873229980469
C00 599.982 91.0113296508789
C00 619.997 92.34111022949219
C00 624.979 92.63516998291016
C00 650.012 93.51081848144531
C00 675.004 94.7123031616211
C00 700.03 96.25138854980469
C00 725.012 97.08078002929688
C00 750.022 98.20785522460938
C00 774.987 99.7665786743164
C00 799.976 99.39143371582031
C00 824.988 99.4334487915039
C00 850.022 98.62657928466797
C00 869.967 96.94903564453125
C00 875.002 95.98995971679688
C00 899.999 90.32402038574219
C00 919.999 82.97882843017578
C00 925.012 80.28900146484375
C00 949.965 69.29581451416016
C00 975.002 53.561519622802734
C00 999.976 37.358428955078125
C00 1025.028 21.596923828125
C00 1050.014 10.262308120727539
C00 1075.002 0.9356104530959758
C00 1099.99 0.0928304096285235
C01 319.994 49.045658111572266
C01 324.969 51.34657669067383
C01 349.982 63.12352752685547
C01 374.975 76.8173828125
C01 400.019 85.79695892333984
C01 424.965 86.36248016357422
C01 450.035 85.27136993408203
C01 475.003 86.09481048583984
C01 500.018 85.1961441040039
C01 525.002 85.68138122558594
C01 550.029 87.61576843261719
C01 575.023 89.94869995117188
C01 599.982 91.01455688476562
C01 619.997 92.39998626708984
C01 624.979 92.70458984375
C01 650.012 93.62075805664062
C01 675.004 94.85795593261719
C01 700.03 96.43226623535156
C01 725.012 97.30744171142578
C01 750.022 98.48758697509766
C01 774.987 100.10103607177734
C01 799.976 99.74951934814453
C01 824.988 99.8042984008789
C01 850.022 99.02556610107422
C01 869.967 97.35868835449219
C01 875.002 96.38748931884766
C01 899.999 90.59479522705078
C01 919.999 83.26066589355469
C01 925.012 80.60242462158203
C01 949.965 69.95802307128906
C01 975.002 54.08610916137695
C01 999.976 37.418819427490234
C01 1025.028 21.59469985961914
C01 1050.014 10.351357460021973
C01 1075.002 0.9382749831490761
C01 1099.99 0.09309478185253867
C02 319.994 48.49142837524414
C02 324.969 50.743751525878906
C02 349.982 62.4296760559082
C02 374.975 76.42747497558594
C02 400.019 85.65631103515625
C02 424.965 86.270263671875
C02 450.035 85.11408233642578
C02 475.003 85.8355484008789
C02 500.018 84.86795806884766
C02 525.002 85.31861114501953
C02 550.029 87.23930358886719
C02 575.023 89.59114074707031
C02 599.982 90.68438720703125
C02 619.997 92.08035278320312
C02 624.979 92.3935775756836
C02 650.012 93.32059478759766
C02 675.004 94.57976531982422
C02 700.03 96.1810531616211
C02 725.012 97.10005950927734
C02 750.022 98.33207702636719
C02 774.987 99.99903869628906
C02 799.976 99.67575073242188
C02 824.988 99.73091888427734
C02 850.022 98.97354888916016
C02 869.967 97.3387222290039
C02 875.002 96.36158752441406
C02 899.999 90.46612548828125
C02 919.999 83.08769226074219
C02 925.012 80.44966888427734
C02 949.965 70.0941390991211
C02 975.002 54.32852554321289
C02 999.976 37.361175537109375
C02 1025.028 21.50566864013672
C02 1050.014 10.323469161987305
C02 1075.002 0.9367929979064032
C02 1099.99 0.09294774063823254
C03 319.994 48.29777145385742
C03 324.969 50.51997756958008
C03 349.982 62.1812744140625
C03 374.975 76.52281951904297
C03 400.019 86.04736328125
C03 424.965 86.7283935546875
C03 450.035 85.53822326660156
C03 475.003 86.20023345947266
C03 500.018 85.17243957519531
C03 525.002 85.59054565429688
C03 550.029 87.49321746826172
C03 575.023 89.84822845458984
C03 599.982 90.94712829589844
C03 619.997 92.35513305664062
C03 624.979 92.66873168945312
C03 650.012 93.60895538330078
C03 675.004 94.88861083984375
C03 700.03 96.5195541381836
C03 725.012 97.49105072021484
C03 750.022 98.78682708740234
C03 774.987 100.51202392578125
C03 799.976 100.2208480834961
C03 824.988 100.27362060546875
C03 850.022 99.53022766113281
C03 869.967 97.91222381591797
C03 875.002 96.93898010253906
C03 899.999 90.9757080078125
C03 919.999 83.46167755126953
C03 925.012 80.78397369384766
C03 949.965 70.38602447509766
C03 975.002 54.66376495361328
C03 999.976 37.53330993652344
C03 1025.028 21.562599182128906
C03 1050.014 10.32137680053711
C03 1075.002 0.9411248506643385
C03 1099.99 0.09337754308928352
C04 319.994 47.84657669067383
C04 324.969 50.02766418457031
C04 349.982 61.5681266784668
C04 374.975 76.06912231445312
C04 400.019 85.77165222167969
C04 424.965 86.52381134033203
C04 450.035 85.31758880615234
C04 475.003 85.9323959350586
C04 500.018 84.8597412109375
C04 525.002 85.24758911132812
C04 550.029 87.1209945678711
C04 575.023 89.46112823486328
C04 599.982 90.55290985107422
C04 619.997 91.96074676513672
C04 624.979 92.27533721923828
C04 650.012 93.21314239501953
C04 675.004 94.50377655029297
C04 700.03 96.15235137939453
C04 725.012 97.15758514404297
C04 750.022 98.50146484375
C04 774.987 100.26678466796875
C04 799.976 100.00150299072266
C04 824.988 100.06537628173828
C04 850.022 99.34132385253906
C04 869.967 97.75181579589844
C04 875.002 96.77969360351562
C04 899.999 90.8200912475586
C04 919.999 83.26678466796875
C04 925.012 80.5780029296875
C04 949.965 70.2178726196289
C04 975.002 54.572906494140625
C04 999.976 37.45204544067383
C04 1025.028 21.512205123901367
C04 1050.014 10.259296417236328
C04 1075.002 0.9384058325244716
C04 1099.99 0.09310776460735656
C05 319.994 47.45561599731445
C05 324.969 49.59271240234375
C05 349.982 60.99707794189453
C05 374.975 75.59651947021484
C05 400.019 85.45874786376953
C05 424.965 86.29833984375
C05 450.035 85.10697174072266
C05 475.003 85.6861343383789
C05 500.018 84.57758331298828
C05 525.002 84.93084716796875
C05 550.029 86.7726058959961
C05 575.023 89.08183288574219
C05 599.982 90.16849517822266
C05 619.997 91.56903076171875
C05 624.979 91.88282775878906
C05 650.012 92.82942199707031
C05 675.004 94.12287902832031
C05 700.03 95.78190612792969
C05 725.012 96.81242370605469
C05 750.022 98.18379211425781
C05 774.987 99.97334289550781
C05 799.976 99.73042297363281
C05 824.988 99.81201934814453
C05 850.022 99.1181411743164
C05 869.967 97.55011749267578
C05 875.002 96.58895111083984
C05 899.999 90.67239379882812
C05 919.999 83.12914276123047
C05 925.012 80.44879150390625
C05 949.965 70.19891357421875
C05 975.002 54.582908630371094
C05 999.976 37.423641204833984
C05 1025.028 21.513595581054688
C05 1050.014 10.242464065551758
C05 1075.002 0.9353791558388715
C05 1099.99 0.09280746052716204
C06 319.994 47.259708404541016
C06 324.969 49.36652374267578
C06 349.982 60.654422760009766
C06 374.975 75.2917251586914
C06 400.019 85.30596923828125
C06 424.965 86.2773666381836
C06 450.035 85.15045166015625
C06 475.003 85.73416137695312
C06 500.018 84.60346221923828
C06 525.002 84.91967010498047
C06 550.029 86.7238998413086
C06 575.023 89.00062561035156
C06 599.982 90.06663513183594
C06 619.997 91.45935821533203
C06 624.979 91.77289581298828
C06 650.012 92.72071838378906
C06 675.004 94.01919555664062
C06 700.03 95.69049072265625
C06 725.012 96.72126007080078
C06 750.022 98.09701538085938
C06 774.987 99.88054656982422
C06 799.976 99.64912414550781
C06 824.988 99.75386047363281
C06 850.022 99.07732391357422
C06 869.967 97.5225830078125
C06 875.002 96.57698822021484
C06 899.999 90.7006607055664
C06 919.999 83.1955795288086
C06 925.012 80.51625061035156
C06 949.965 70.2962646484375
C06 975.002 54.65175247192383
C06 999.976 37.42363357543945
C06 1025.028 21.505104064941406
C06 1050.014 10.221967697143555
C06 1075.002 0.9345524336264867
C06 1099.99 0.0927254339087433
C07 319.994 47.08914566040039
C07 324.969 49.1740837097168
C07 349.982 60.309242248535156
C07 374.975 74.81704711914062
C07 400.019 84.93108367919922
C07 424.965 86.14984130859375
C07 450.035 85.1900863647461
C07 475.003 85.8682861328125
C07 500.018 84.75257873535156
C07 525.002 85.03067016601562
C07 550.029 86.76301574707031
C07 575.023 88.95555877685547
C07 599.982 89.94786071777344
C07 619.997 91.30479431152344
C07 624.979 91.6097640991211
C07 650.012 92.53500366210938
C07 675.004 93.83123779296875
C07 700.03 95.49445343017578
C07 725.012 96.50782012939453
C07 750.022 97.83492279052734
C07 774.987 99.57731628417969
C07 799.976 99.33991241455078
C07 824.988 99.46826171875
C07 850.022 98.80108642578125
C07 869.967 97.27019500732422
C07 875.002 96.31648254394531
C07 899.999 90.47189331054688
C07 919.999 83.06744384765625
C07 925.012 80.42622375488281
C07 949.965 70.33536529541016
C07 975.002 54.684051513671875
C07 999.976 37.24293899536133
C07 1025.028 21.340057373046875
C07 1050.014 10.158646583557129
C07 1075.002 0.9320558815851608
C07 1099.99 0.09247772830873818
C10 319.994 49.40092086791992
C10 324.969 51.752811431884766
C10 349.982 63.645599365234375
C10 374.975 77.12916564941406
C10 400.019 85.90483093261719
C10 424.965 86.47432708740234
C10 450.035 85.53392791748047
C10 475.003 86.6034927368164
C10 500.018 85.84327697753906
C10 525.002 86.36402130126953
C10 550.029 88.25299835205078
C10 575.023 90.45263671875
C10 599.982 91.37081146240234
C10 619.997 92.66759490966797
C10 624.979 92.95646667480469
C10 650.012 93.79713439941406
C10 675.004 94.97809600830078
C10 700.03 96.41422271728516
C10 725.012 96.95970916748047
C10 750.022 97.7130355834961
C10 774.987 98.92400360107422
C10 799.976 98.40542602539062
C10 824.988 98.47530364990234
C10 850.022 97.58984375
C10 869.967 96.0338134765625
C10 875.002 95.14297485351562
C10 899.999 89.968017578125
C10 919.999 82.92876434326172
C10 925.012 80.25279235839844
C10 949.965 68.82575225830078
C10 975.002 53.624168395996094
C10 999.976 37.14099884033203
C10 1025.028 21.209474563598633
C10 1050.014 10.053370475769043
C10 1075.002 0.9308995092340611
C10 1099.99 0.09236299410639952
C11 319.994 49.02334976196289
C11 324.969 51.323387145996094
C11 349.982 63.15109634399414
C11 374.975 76.99868774414062
C11 400.019 86.00992584228516
C11 424.965 86.54655456542969
C11 450.035 85.44840240478516
C11 475.003 86.32990264892578
C11 500.018 85.46968841552734
C11 525.002 85.953857421875
C11 550.029 87.85939025878906
C11 575.023 90.13613891601562
C11 599.982 91.14862823486328
C11 619.997 92.50230407714844
C11 624.979 92.80326843261719
C11 650.012 93.69059753417969
C11 675.004 94.90254974365234
C11 700.03 96.37005615234375
C11 725.012 96.96785736083984
C11 750.022 97.77803802490234
C11 774.987 99.0517807006836
C11 799.976 98.55962371826172
C11 824.988 98.6276626586914
C11 850.022 97.7525405883789
C11 869.967 96.18248748779297
C11 875.002 95.28034973144531
C11 899.999 90.02897644042969
C11 919.999 83.0311508178711
C11 925.012 80.36964416503906
C11 949.965 69.05084991455078
C11 975.002 53.79060363769531
C11 999.976 37.136566162109375
C11 1025.028 21.2435359954834
C11 1050.014 10.075044631958008
C11 1075.002 0.931518268605939
C11 1099.99 0.09242438684283469
C12 319.994 48.59111404418945
C12 324.969 50.85068893432617
C12 349.982 62.611698150634766
C12 374.975 76.75680541992188
C12 400.019 86.00635528564453
C12 424.965 86.58049011230469
C12 450.035 85.41120147705078
C12 475.003 86.1866455078125
C12 500.018 85.24800109863281
C12 525.002 85.6969985961914
C12 550.029 87.59100341796875
C12 575.023 89.8955307006836
C12 599.982 90.94078063964844
C12 619.997 92.31856536865234
C12 624.979 92.62619018554688
C12 650.012 93.53746032714844
C12 675.004 94.7691421508789
C12 700.03 96.26811981201172
C12 725.012 96.92078399658203
C12 750.022 97.80259704589844
C12 774.987 99.13935089111328
C12 799.976 98.68062591552734
C12 824.988 98.75408935546875
C12 850.022 97.88472747802734
C12 869.967 96.29570007324219
C12 875.002 95.38253021240234
C12 899.999 90.03825378417969
C12 919.999 83.02481079101562
C12 925.012 80.38677215576172
C12 949.965 69.24665069580078
C12 975.002 53.90314865112305
C12 999.976 37.093990325927734
C12 1025.028 21.169994354248047
C12 1050.014 10.041707992553711
C12 1075.002 0.9317516359682465
C12 1099.99 0.09244754133813265
C13 319.994 48.26621627807617
C13 324.969 50.48701858520508
C13 349.982 62.17853546142578
C13 374.975 76.603271484375
C13 400.019 86.09689331054688
C13 424.965 86.74607849121094
C13 450.035 85.55362701416016
C13 475.003 86.28184509277344
C13 500.018 85.2939682006836
C13 525.002 85.70174407958984
C13 550.029 87.5633544921875
C13 575.023 89.85427856445312
C13 599.982 90.90092468261719
C13 619.997 92.27738189697266
C13 624.979 92.58580017089844
C13 650.012 93.50201416015625
C13 675.004 94.75071716308594
C13 700.03 96.2751235961914
C13 725.012 96.98685455322266
C13 750.022 97.94190979003906
C13 774.987 99.35466003417969
C13 799.976 98.92922973632812
C13 824.988 99.00785064697266
C13 850.022 98.1492919921875
C13 869.967 96.55730438232422
C13 875.002 95.63056945800781
C13 899.999 90.20488739013672
C13 919.999 83.1144790649414
C13 925.012 80.47948455810547
C13 949.965 69.48587036132812
C13 975.002 54.08132553100586
C13 999.976 37.14517593383789
C13 1025.028 21.146411895751953
C13 1050.014 10.013099670410156
C13 1075.002 0.9330782163416492
C13 1099.99 0.09257916342407732
C14 319.994 48.01348876953125
C14 324.969 50.20164489746094
C14 349.982 61.8311767578125
C14 374.975 76.49835205078125
C14 400.019 86.23130798339844
C14 424.965 86.94257354736328
C14 450.035 85.7306137084961
C14 475.003 86.40137481689453
C14 500.018 85.35765838623047
C14 525.002 85.73265075683594
C14 550.029 87.57014465332031
C14 575.023 89.85820770263672
C14 599.982 90.90723419189453
C14 619.997 92.29121398925781
C14 624.979 92.60081481933594
C14 650.012 93.52310180664062
C14 675.004 94.789794921875
C14 700.03 96.34352111816406
C14 725.012 97.10787963867188
C14 750.022 98.13338470458984
C14 774.987 99.61245727539062
C14 799.976 99.2245101928711
C14 824.988 99.30677032470703
C14 850.022 98.4740219116211
C14 869.967 96.8875732421875
C14 875.002 95.9569091796875
C14 899.999 90.48153686523438
C14 919.999 83.30929565429688
C14 925.012 80.66261291503906
C14 949.965 69.79351806640625
C14 975.002 54.3380012512207
C14 999.976 37.249114990234375
C14 1025.028 21.163610458374023
C14 1050.014 10.015458106994629
C14 1075.002 0.9349017889484187
C14 1099.99 0.09276009662283927
C15 319.994 47.63916015625
C15 324.969 49.78895568847656
C15 349.982 61.306270599365234
C15 374.975 76.12203979492188
C15 400.019 86.0273666381836
C15 424.965 86.8259048461914
C15 450.035 85.62171936035156
C15 475.003 86.25676727294922
C15 500.018 85.17356872558594
C15 525.002 85.51055908203125
C15 550.029 87.31771850585938
C15 575.023 89.58531188964844
C15 599.982 90.6268081665039
C15 619.997 92.00536346435547
C15 624.979 92.31612396240234
C15 650.012 93.2433090209961
C15 675.004 94.5138168334961
C15 700.03 96.08636474609375
C15 725.012 96.89324188232422
C15 750.022 97.96186065673828
C15 774.987 99.4888687133789
C15 799.976 99.1285171508789
C15 824.988 99.22682189941406
C15 850.022 98.42048645019531
C15 869.967 96.8519058227539
C15 875.002 95.92412567138672
C15 899.999 90.41322326660156
C15 919.999 83.19207000732422
C15 925.012 80.5491714477539
C15 949.965 69.79808044433594
C15 975.002 54.3207893371582
C15 999.976 37.157135009765625
C15 1025.028 21.07204818725586
C15 1050.014 9.973224639892578
C15 1075.002 0.9332673014817447
C15 1099.99 0.09259792427796865
C16 319.994 47.39925003051758
C16 324.969 49.51385498046875
C16 349.982 60.900856018066406
C16 374.975 75.74356842041016
C16 400.019 85.80538177490234
C16 424.965 86.75640869140625
C16 450.035 85.62744903564453
C16 475.003 86.27305603027344
C16 500.018 85.16388702392578
C16 525.002 85.46690368652344
C16 550.029 87.23616790771484
C16 575.023 89.45732879638672
C16 599.982 90.46803283691406
C16 619.997 91.83671569824219
C16 624.979 92.13970947265625
C16 650.012 93.064453125
C16 675.004 94.34092712402344
C16 700.03 95.92091369628906
C16 725.012 96.73590087890625
C16 750.022 97.82540130615234
C16 774.987 99.35870361328125
C16 799.976 99.01643371582031
C16 824.988 99.12972259521484
C16 850.022 98.33154296875
C16 869.967 96.76788330078125
C16 875.002 95.84965515136719
C16 899.999 90.3301010131836
C16 919.999 83.08940124511719
C16 925.012 80.43733215332031
C16 949.965 69.74967193603516
C16 975.002 54.23580551147461
C16 999.976 37.02649688720703
C16 1025.028 20.95498275756836
C16 1050.014 9.907608985900879
C16 1075.002 0.931967121436131
C16 1099.99 0.09246892160829372
C17 319.994 47.311973571777344
C17 324.969 49.404075622558594
C17 349.982 60.60798645019531
C17 374.975 75.26395416259766
C17 400.019 85.45245361328125
C17 424.965 86.7313003540039
C17 450.035 85.83097839355469
C17 475.003 86.6016616821289
C17 500.018 85.50482177734375
C17 525.002 85.77252960205078
C17 550.029 87.46206665039062
C17 575.023 89.58670043945312
C17 599.982 90.50945281982422
C17 619.997 91.82936096191406
C17 624.979 92.12703704833984
C17 650.012 93.0191650390625
C17 675.004 94.28791809082031
C17 700.03 95.86642456054688
C17 725.012 96.6612548828125
C17 750.022 97.70632934570312
C17 774.987 99.20880889892578
C17 799.976 98.8590316772461
C17 824.988 99.00318908691406
C17 850.022 98.21937561035156
C17 869.967 96.65928649902344
C17 875.002 95.73534393310547
C17 899.999 90.24761962890625
C17 919.999 83.0721435546875
C17 925.012 80.4467544555664
C17 949.965 69.853515625
C17 975.002 54.30160903930664
C17 999.976 36.95447540283203
C17 1025.028 20.80446434020996
C17 1050.014 9.841796875
C17 1075.002 0.9308330735529518
C17 1099.99 0.09235640241915305
