lsstCam/transmission_filter_detector/r02_s10/i_39/19700101T000000.ecsv
# %ECSV 1.0
# ---
# datatype:
# - {name: wavelength, unit: nm, datatype: float32}
# - {name: efficiency, unit: '%', datatype: float64}
# meta: !!omap
# - {MODE: DETECTOR}
# - {TYPE: transmission_filter_detector}
# - {CALIBDATE: '1970-01-01T00:00:00'}
# - {INSTRUME: LSSTCam}
# - {OBSTYPE: transmission_filter_detector}
# - {CALIBCLS: lsst.ip.isr.IntermediateFilterDetectorTransmissionCurve}
# - {SOURCE: Materion (DM-46256)}
# - {DETECTOR: 12}
# - {FILTER: i_39}
# - {CALIB_ID: 'calibDate=1970-01-01T00:00:00 filter=i_39 detector=12'}
# - {DATE: '2025-04-02T15:59:46.534398'}
# - {CALIB_CREATION_DATE: '2025-04-02'}
# - {CALIB_CREATION_TIME: '15:59:46'}
# - __serialized_columns__:
#     efficiency:
#       __class__: astropy.units.quantity.Quantity
#       unit: !astropy.units.Unit {unit: '%'}
#       value: !astropy.table.SerializedColumn {name: efficiency}
#     wavelength:
#       __class__: astropy.units.quantity.Quantity
#       unit: !astropy.units.Unit {unit: nm}
#       value: !astropy.table.SerializedColumn {name: wavelength}
# schema: astropy-2.0
wavelength efficiency
300.0 0.09044617763720453
301.0 0.040807455661706626
302.0 1.6459279685715478e-10
303.0 0.014686946815345436
304.0 0.038205122109502554
305.0 0.03550308174453676
306.0 0.03280104428995401
307.0 0.006515005952678621
308.0 1.6459279685715478e-10
309.0 1.6459279685715478e-10
310.0 1.6459279685715478e-10
311.0 1.6459279685715478e-10
312.0 0.003747465234482661
313.0 0.002340249739063438
314.0 0.0009330318789579906
315.0 1.6459279685715478e-10
316.0 1.6459279685715478e-10
317.0 1.6459279685715478e-10
318.0 1.6459279685715478e-10
319.0 1.6459279685715478e-10
320.0 1.6459279685715478e-10
321.0 1.6459279685715478e-10
322.0 0.0006248766567296116
323.0 1.6459279685715478e-10
324.0 1.6459279685715478e-10
325.0 1.6459279685715478e-10
326.0 1.6459279685715478e-10
327.0 1.6459279685715478e-10
328.0 0.003287537401774898
329.0 0.002218304325651843
330.0 0.001149071795225609
331.0 0.0014836452464805916
332.0 0.0018182183339376934
333.0 0.002297245737281628
334.0 0.002776273868221324
335.0 0.002428295738354791
336.0 0.0020803186998819
337.0 0.002771885374386329
338.0 0.0034634522307896987
339.0 0.0035089004086330533
340.0 0.0035543489502742887
341.0 1.6459279685715478e-10
342.0 1.6459279685715478e-10
343.0 1.6459279685715478e-10
344.0 1.6459279685715478e-10
345.0 1.6459279685715478e-10
346.0 1.6459279685715478e-10
347.0 1.6459279685715478e-10
348.0 1.6459279685715478e-10
349.0 1.6459279685715478e-10
350.0 1.6459279685715478e-10
351.0 1.6459279685715478e-10
352.0 0.0004821609309146879
353.0 1.6459279685715478e-10
354.0 1.6459279685715478e-10
355.0 1.6459279685715478e-10
356.0 0.00014961971146476571
357.0 0.0005497567144630011
358.0 0.0009498939107288606
359.0 0.0011883461411343887
360.0 0.0014267977348936256
361.0 0.0009172650607069954
362.0 0.00040773243199510034
363.0 0.00036278004245104967
364.0 0.0003178276983817341
365.0 0.0012284655895200558
366.0 0.0021391040718299337
367.0 0.0012993700693186838
368.0 0.00045963615775690414
369.0 0.0009146330739895348
370.0 0.0013696299902221654
371.0 0.0010193742127739824
372.0 0.0006691184808005346
373.0 0.0003734185611392604
374.0 7.771875516482396e-05
375.0 1.6459279685715478e-10
376.0 1.6459279685715478e-10
377.0 1.6459279685715478e-10
378.0 1.6459279685715478e-10
379.0 1.6459279685715478e-10
380.0 1.6459279685715478e-10
381.0 1.6459279685715478e-10
382.0 1.6459279685715478e-10
383.0 0.000566375501875882
384.0 0.0017104324797401205
385.0 0.0011861349776154384
386.0 0.0006618373845412862
387.0 1.6459279685715478e-10
388.0 1.6459279685715478e-10
389.0 1.6459279685715478e-10
390.0 1.6459279685715478e-10
391.0 1.6459279685715478e-10
392.0 1.6459279685715478e-10
393.0 1.6459279685715478e-10
394.0 6.35527214853937e-05
395.0 1.6459279685715478e-10
396.0 1.6459279685715478e-10
397.0 1.6459279685715478e-10
398.0 1.6459279685715478e-10
399.0 1.6459279685715478e-10
400.0 3.0923814620109624e-05
401.0 1.6459279685715478e-10
402.0 1.6459279685715478e-10
403.0 0.0010036315870820545
404.0 0.0025950315830414183
405.0 0.0032414260203950107
406.0 0.003887819912051782
407.0 0.0021232786821201444
408.0 0.00035873470096703386
409.0 1.6459279685715478e-10
410.0 1.6459279685715478e-10
411.0 0.0006573202426807256
412.0 0.003007325176440645
413.0 0.003787358946283348
414.0 0.004567394353216514
415.0 0.004667140456149355
416.0 0.004766885467688553
417.0 0.0026178433472523466
418.0 0.0004688008175435243
419.0 0.002807282544381451
420.0 0.005145763861946762
421.0 0.004404551145853475
422.0 0.003663338065962307
423.0 0.0038509304431499913
424.0 0.004038522092741914
425.0 0.0030722421797690913
426.0 0.0021059613573015667
427.0 0.0036116714909439906
428.0 0.005117381806485355
429.0 0.0051537033868953586
430.0 0.005190025694901124
431.0 0.004155387432547286
432.0 0.00312074989778921
433.0 0.003753768396563828
434.0 0.004386786895338446
435.0 0.0030617207812611014
436.0 0.0017366541214869358
437.0 0.0016333120584022254
438.0 0.001529969995317515
439.0 0.0018648115656105801
440.0 0.0021996536816004664
441.0 0.0007791633834131062
442.0 1.6459279685715478e-10
443.0 1.6459279685715478e-10
444.0 1.6459279685715478e-10
445.0 1.6459279685715478e-10
446.0 1.6459279685715478e-10
447.0 1.6459279685715478e-10
448.0 0.0001166886590908689
449.0 1.6459279685715478e-10
450.0 1.6459279685715478e-10
451.0 9.94617835203826e-05
452.0 0.0013141246199666057
453.0 0.0017407348423148505
454.0 0.002167345337511506
455.0 0.0021193178326939233
456.0 0.0020712903278763406
457.0 0.0015440220522577874
458.0 0.001016753685689764
459.0 0.0006094809577916749
460.0 0.00020220827536832076
461.0 0.0005847812190040713
462.0 0.000967354208114557
463.0 0.00023612262793903938
464.0 1.6459279685715478e-10
465.0 9.156780151897692e-05
466.0 0.0006782444870623294
467.0 0.0009730683814268559
468.0 0.0012678923667408526
469.0 0.0007754813850624487
470.0 0.0002830706307577202
471.0 0.00046101476982585154
472.0 0.000638958954368718
473.0 0.0007066245871101273
474.0 0.0007742904926999472
475.0 0.0004988923592463834
476.0 0.00022349454411596525
477.0 0.0006428798769775312
478.0 0.0010622652553138323
479.0 0.0011616606570896693
480.0 0.0012610561498149764
481.0 0.0026213107048533857
482.0 0.003981563713750802
483.0 0.00532227277290076
484.0 0.006662981468252838
485.0 0.006718670920236036
486.0 0.006774360372219235
487.0 0.009919696458382532
488.0 0.01306503254454583
489.0 0.016547134146094322
490.0 0.020029237202834338
491.0 0.0223630151594989
492.0 0.024696794571354985
493.0 0.02720459015108645
494.0 0.02971238864120096
495.0 0.026767305098474026
496.0 0.023822218645364046
497.0 0.019096936739515513
498.0 0.01437165483366698
499.0 0.010402694897493348
500.0 0.0064337378717027605
501.0 0.0046308807213790715
502.0 0.002828024298651144
503.0 0.002405321902188007
504.0 0.001982619141926989
505.0 0.0018424188965582289
506.0 0.0017022188330884092
507.0 0.0017869624571176246
508.0 0.0018717057173489593
509.0 0.0020032048269058578
510.0 0.002134703754563816
511.0 0.0015568970411550254
512.0 0.0009790906005946454
513.0 0.0013476234926201869
514.0 0.0017161562936962582
515.0 0.0020615989342331886
516.0 0.0024070417566690594
517.0 0.0022163432731758803
518.0 0.002025644607783761
519.0 0.0019641087419586256
520.0 0.0019025728761334904
521.0 0.0015639408957213163
522.0 0.0012253090972080827
523.0 0.001424889615009306
524.0 0.0016244703147094697
525.0 0.0020369066987768747
526.0 0.0024493429009453394
527.0 0.0024224780645454302
528.0 0.002395613228145521
529.0 0.002192859938077163
530.0 0.0019901066480088048
531.0 0.0019278963009128347
532.0 0.0018656859538168646
533.0 0.0017723999917507172
534.0 0.00167911421158351
535.0 0.0016748806956456974
536.0 0.0016706473616068251
537.0 0.0022828489818493836
538.0 0.0028950504201930016
539.0 0.0035933124308940023
540.0 0.004291574805392884
541.0 0.00484071351820603
542.0 0.005389852594817057
543.0 0.004953548705088906
544.0 0.004517245542956516
545.0 0.0037506957596633583
546.0 0.0029841463401680812
547.0 0.002483736716385465
548.0 0.0019833272745017894
549.0 0.001968108699657023
550.0 0.001952890306711197
551.0 0.0017333979485556483
552.0 0.0015139055904000998
553.0 0.0016461832274217159
554.0 0.0017784610463422723
555.0 0.0014221249330148567
556.0 0.0010657889106369112
557.0 0.0009005267202155665
558.0 0.0007352645297942217
559.0 0.0002581444277893752
560.0 1.6459279685715478e-10
561.0 0.0005606126251223031
562.0 0.001340201106359018
563.0 0.0014832554370514117
564.0 0.0016263098586932756
565.0 0.0013781337656837422
566.0 0.0011299578545731492
567.0 0.0008773172339715529
568.0 0.0006246765224204864
569.0 0.0006558143923030002
570.0 0.0006869519438623684
571.0 0.00038319813029374927
572.0 7.944433377815585e-05
573.0 0.00018896901110565523
574.0 0.0002984937736982829
575.0 0.0003463112761892262
576.0 0.00039412866499333177
577.0 0.0006287849828368053
578.0 0.0008634412552055437
579.0 0.00045571009650302585
580.0 4.797914243681589e-05
581.0 0.0002103363158312277
582.0 0.00037269346648827195
583.0 0.0004590791832015384
584.0 0.0005454648089653347
585.0 0.0006994752311584307
586.0 0.0008534857443009969
587.0 0.0007902895958977751
588.0 0.000727093265595613
589.0 0.0007277234544744715
590.0 0.0007283536888280651
591.0 0.0008589760909671895
592.0 0.0009895989023789298
593.0 0.000663918490317883
594.0 0.00033823801004473353
595.0 0.0005753498498961562
596.0 0.0008124616215354763
597.0 0.000686101247993065
598.0 0.0005597410108748591
599.0 0.0005816986686113523
600.0 0.0006036561444489053
601.0 0.00040828749661159236
602.0 0.0002129187578248093
603.0 0.00014423021639231592
604.0 7.554152716693352e-05
605.0 0.00010578750107015367
606.0 0.00013603348634205759
607.0 0.00034659647099033464
608.0 0.0005571592737396713
609.0 0.0004885364432993811
610.0 0.00041991329453594517
611.0 0.0006308859155979007
612.0 0.0008418586730840616
613.0 0.0005393329502112465
614.0 0.0002368073865000042
615.0 1.6459279685715478e-10
616.0 1.6459279685715478e-10
617.0 1.6459279685715478e-10
618.0 3.6073430464966805e-05
619.0 0.0002487111487425864
620.0 0.000461348963654018
621.0 0.0005869814685866004
622.0 0.0007126139280444477
623.0 0.0005714444796467433
624.0 0.00043027512219850905
625.0 0.00038838543332531117
626.0 0.00034649583540158346
627.0 0.00024609846605017083
628.0 0.0001457011308048095
629.0 0.00035078646760666743
630.0 0.0005558718839893118
631.0 0.0005387174496718217
632.0 0.0005215629698795965
633.0 0.00048477263590029906
634.0 0.00044798225644626655
635.0 0.00045856272663513664
636.0 0.00046914310587453656
637.0 0.0004123940016143024
638.0 0.0003556447381924954
639.0 0.0005511343260877766
640.0 0.0007466238457709551
641.0 0.0006038481842551846
642.0 0.0004610725682141492
643.0 0.0006297620529949199
644.0 0.0007984515832504258
645.0 0.0006960450718906941
646.0 0.0005936386514804326
647.0 0.0007711228136031423
648.0 0.0009486074304732028
649.0 0.0008000638445082586
650.0 0.0006515203040180495
651.0 0.0008530628292646725
652.0 0.0010546054909355007
653.0 0.0011746343261620495
654.0 0.0012946631613885984
655.0 0.0018916041881311685
656.0 0.0024885452148737386
657.0 0.003418564665480517
658.0 0.004348582660895772
659.0 0.007060899952193722
660.0 0.03830632194876671
661.0 0.0917675206437707
662.0 0.09887664346024394
663.0 0.09741116664372385
664.0 0.10885467054322362
665.0 0.13352087698876858
666.0 0.14591447543352842
667.0 0.17787425313144922
668.0 0.16781791346147656
669.0 0.2701294608414173
670.0 0.3233636263757944
671.0 0.5074919667094946
672.0 0.7648047991096973
673.0 1.2352258898317814
674.0 1.9251080229878426
675.0 2.794930338859558
676.0 3.8484688848257065
677.0 5.099562183022499
678.0 6.438977271318436
679.0 7.876535505056381
680.0 9.686614573001862
681.0 11.721000075340271
682.0 14.263813197612762
683.0 17.014655470848083
684.0 20.02972811460495
685.0 22.904101014137268
686.0 25.805285573005676
687.0 29.056623578071594
688.0 32.23646283149719
689.0 35.55671572685242
690.0 39.24594223499298
691.0 43.321675062179565
692.0 48.184800148010254
693.0 53.36001515388489
694.0 59.273844957351685
695.0 64.93480205535889
696.0 71.27194404602051
697.0 76.8736720085144
698.0 82.90624618530273
699.0 87.43672966957092
700.0 91.05943441390991
701.0 93.83216500282288
702.0 95.80568075180054
703.0 96.89438343048096
704.0 97.41523861885071
705.0 97.76725769042969
706.0 97.83990383148193
707.0 97.96978235244751
708.0 98.03066849708557
709.0 98.0923056602478
710.0 97.90873527526855
711.0 98.10788631439209
712.0 97.98350930213928
713.0 97.98188805580139
714.0 98.11732769012451
715.0 98.16181063652039
716.0 97.98853993415833
717.0 98.26539754867554
718.0 98.24496507644653
719.0 98.2686698436737
720.0 98.4600841999054
721.0 98.43661785125732
722.0 98.14371466636658
723.0 97.93087244033813
724.0 97.61855602264404
725.0 97.2373366355896
726.0 97.00970649719238
727.0 96.78657650947571
728.0 96.44443392753601
729.0 96.20636701583862
730.0 96.25279903411865
731.0 96.26731872558594
732.0 96.28204703330994
733.0 96.57586216926575
734.0 96.99576497077942
735.0 97.1801221370697
736.0 97.57183194160461
737.0 98.02789688110352
738.0 98.26345443725586
739.0 98.62468838691711
740.0 98.68634939193726
741.0 98.55835437774658
742.0 98.89785647392273
743.0 98.74313473701477
744.0 98.58648180961609
745.0 98.50638508796692
746.0 98.5325813293457
747.0 98.80568385124207
748.0 98.66535663604736
749.0 98.58110547065735
750.0 98.4923005104065
751.0 98.41399192810059
752.0 98.32807183265686
753.0 98.54111075401306
754.0 98.40912222862244
755.0 98.58323931694031
756.0 98.66993427276611
757.0 98.63244891166687
758.0 98.80330562591553
759.0 98.86348843574524
760.0 98.66759181022644
761.0 98.57064485549927
762.0 98.69657158851624
763.0 98.56895804405212
764.0 98.4717845916748
765.0 98.41416478157043
766.0 98.53697419166565
767.0 98.3540952205658
768.0 98.3421266078949
769.0 98.42762351036072
770.0 98.09844493865967
771.0 98.15527200698853
772.0 98.20961356163025
773.0 98.14049005508423
774.0 97.92934060096741
775.0 98.03486466407776
776.0 97.90142774581909
777.0 97.95446991920471
778.0 97.87152409553528
779.0 97.99391627311707
780.0 97.96081781387329
781.0 98.20165038108826
782.0 98.1194019317627
783.0 98.18353652954102
784.0 98.09963703155518
785.0 98.34892749786377
786.0 98.34439158439636
787.0 98.13361763954163
788.0 98.20545315742493
789.0 98.3548641204834
790.0 98.27079176902771
791.0 98.37698936462402
792.0 98.18699955940247
793.0 98.13629984855652
794.0 98.02406430244446
795.0 97.94507622718811
796.0 97.99739122390747
797.0 98.0607271194458
798.0 97.9476273059845
799.0 97.83300757408142
800.0 97.65537977218628
801.0 97.74658679962158
802.0 97.63505458831787
803.0 97.44853377342224
804.0 97.21564650535583
805.0 96.90775275230408
806.0 96.59293293952942
807.0 95.87776064872742
808.0 94.92120742797852
809.0 93.84334683418274
810.0 92.55037307739258
811.0 90.78312516212463
812.0 88.63261342048645
813.0 86.05393171310425
814.0 83.07514786720276
815.0 79.52743768692017
816.0 75.84613561630249
817.0 71.53976559638977
818.0 66.64616465568542
819.0 62.23949193954468
820.0 57.29324221611023
821.0 52.733439207077026
822.0 48.30361604690552
823.0 43.74094009399414
824.0 39.12411034107208
825.0 34.855157136917114
826.0 30.456289649009705
827.0 25.81424117088318
828.0 21.598398685455322
829.0 17.449097335338593
830.0 13.249990344047546
831.0 10.023009032011032
832.0 6.870333105325699
833.0 4.528995603322983
834.0 2.82380860298872
835.0 1.7152482643723488
836.0 1.0064788162708282
837.0 0.5720408633351326
838.0 0.31706378795206547
839.0 0.19453903660178185
840.0 0.13337271520867944
841.0 0.031112568103708327
842.0 0.014517173985950649
843.0 0.020436625345610082
844.0 1.6459279685715478e-10
845.0 1.6459279685715478e-10
846.0 1.6459279685715478e-10
847.0 0.001915742723213043
848.0 0.008955183147918433
849.0 1.6459279685715478e-10
850.0 0.03093908599112183
851.0 1.6459279685715478e-10
852.0 0.001297476228501182
853.0 0.0010279212801833637
854.0 0.0007583666047139559
855.0 0.0008344768502865918
856.0 0.0009105871868086979
857.0 0.0009737371328810696
858.0 0.0010368868061050307
859.0 0.0005970051461190451
860.0 0.00015712330423411913
861.0 0.00032147997899301117
862.0 0.00048583656280243304
863.0 0.00022574945433007088
864.0 1.6459279685715478e-10
865.0 1.6459279685715478e-10
866.0 1.6459279685715478e-10
867.0 6.23736468696734e-05
868.0 0.00019280491869722027
869.0 3.609166299156641e-05
870.0 1.6459279685715478e-10
871.0 1.0061705246755537e-06
872.0 0.0001226338781634695
873.0 0.00015847692793613533
874.0 0.00019431995497143362
875.0 0.00017421443772036582
876.0 0.00015410896594403312
877.0 1.6459279685715478e-10
878.0 1.6459279685715478e-10
879.0 1.6459279685715478e-10
880.0 0.0003233815959902131
881.0 0.00015577536487398902
882.0 1.6459279685715478e-10
883.0 0.00020298971321608406
884.0 0.0004178103154117707
885.0 0.0001726592927298043
886.0 1.6459279685715478e-10
887.0 8.592858762312972e-05
888.0 0.0002443489393044729
889.0 9.143403758571367e-05
890.0 1.6459279685715478e-10
891.0 1.6459279685715478e-10
892.0 3.9767465409568103e-05
893.0 0.0001594633886270458
894.0 0.0002791592805806431
