lsstCam/transmission_filter_detector/r02_s10/i_39/19700101T000000.ecsv
# %ECSV 1.0
# ---
# datatype:
# - {name: wavelength, unit: nm, datatype: float32}
# - {name: efficiency, unit: '%', datatype: float64}
# meta: !!omap
# - {MODE: DETECTOR}
# - {TYPE: transmission_filter_detector}
# - {CALIBDATE: '1970-01-01T00:00:00'}
# - {INSTRUME: LSSTCam}
# - {OBSTYPE: transmission_filter_detector}
# - {CALIBCLS: lsst.ip.isr.IntermediateFilterDetectorTransmissionCurve}
# - {SOURCE: Materion (DM-46256)}
# - {DETECTOR: 12}
# - {FILTER: i_39}
# - {CALIB_ID: 'calibDate=1970-01-01T00:00:00 filter=i_39 detector=12'}
# - {DATE: '2025-04-02T15:59:46.534398'}
# - {CALIB_CREATION_DATE: '2025-04-02'}
# - {CALIB_CREATION_TIME: '15:59:46'}
# - __serialized_columns__:
#     efficiency:
#       __class__: astropy.units.quantity.Quantity
#       unit: !astropy.units.Unit {unit: '%'}
#       value: !astropy.table.SerializedColumn {name: efficiency}
#     wavelength:
#       __class__: astropy.units.quantity.Quantity
#       unit: !astropy.units.Unit {unit: nm}
#       value: !astropy.table.SerializedColumn {name: wavelength}
# schema: astropy-2.0
wavelength efficiency
[from data line 596]
896.0 1.6459279685715478e-10
897.0 1.6459279685715478e-10
898.0 3.950335880631428e-06
899.0 1.6459279685715478e-10
900.0 1.6459279685715478e-10
901.0 1.6459279685715478e-10
902.0 1.6459279685715478e-10
903.0 1.6459279685715478e-10
904.0 1.6459279685715478e-10
905.0 1.6459279685715478e-10
906.0 1.6459279685715478e-10
907.0 1.6459279685715478e-10
908.0 0.00014761968714083196
909.0 1.6459279685715478e-10
910.0 1.6459279685715478e-10
911.0 1.6459279685715478e-10
912.0 6.994004024818423e-05
913.0 0.00015174024383668439
914.0 0.00023354043605650077
915.0 2.3079786615198827e-05
916.0 1.6459279685715478e-10
917.0 1.6459279685715478e-10
918.0 1.6459279685715478e-10
919.0 1.6459279685715478e-10
920.0 0.00015577215890516527
921.0 1.0529321059493668e-05
922.0 1.6459279685715478e-10
923.0 1.6459279685715478e-10
924.0 1.6459279685715478e-10
925.0 6.166779371596931e-05
926.0 0.00026775901460496243
927.0 2.7918477485400217e-05
928.0 1.6459279685715478e-10
929.0 1.6459279685715478e-10
930.0 0.00013669438203578466
931.0 0.00017674340142548317
932.0 0.00021679238670913037
933.0 0.00015935081592033384
934.0 0.00010190926786890486
935.0 1.6459279685715478e-10
936.0 1.6459279685715478e-10
937.0 1.6459279685715478e-10
938.0 1.6459279685715478e-10
939.0 1.6459279685715478e-10
940.0 1.6459279685715478e-10
941.0 1.6459279685715478e-10
942.0 0.00020742281776620075
943.0 1.6459279685715478e-10
944.0 1.6459279685715478e-10
945.0 1.6459279685715478e-10
946.0 1.6459279685715478e-10
947.0 1.6459279685715478e-10
948.0 1.6459279685715478e-10
949.0 1.6459279685715478e-10
950.0 1.6459279685715478e-10
951.0 1.6459279685715478e-10
952.0 1.6459279685715478e-10
953.0 1.6459279685715478e-10
954.0 1.6459279685715478e-10
955.0 0.00014177245475366362
956.0 0.0003781409759540111
957.0 0.0002303941755599226
958.0 8.264730126938957e-05
959.0 0.00011148146086270572
960.0 0.00014031563750904752
961.0 0.00019568688003346324
962.0 0.00025105812255787896
963.0 8.284867476504587e-05
964.0 1.6459279685715478e-10
965.0 1.6459279685715478e-10
966.0 1.6459279685715478e-10
967.0 1.6459279685715478e-10
968.0 1.6459279685715478e-10
969.0 1.6459279685715478e-10
970.0 1.6459279685715478e-10
971.0 1.6459279685715478e-10
972.0 1.6459279685715478e-10
973.0 1.6459279685715478e-10
974.0 1.6459279685715478e-10
975.0 1.6459279685715478e-10
976.0 1.6459279685715478e-10
977.0 1.6459279685715478e-10
978.0 1.6459279685715478e-10
979.0 1.6459279685715478e-10
980.0 1.6459279685715478e-10
981.0 1.6459279685715478e-10
982.0 1.6459279685715478e-10
983.0 1.6459279685715478e-10
984.0 1.7365428206517208e-06
985.0 0.00015702950122431503
986.0 0.0003123224587397999
987.0 5.6077732324411045e-05
988.0 1.6459279685715478e-10
989.0 1.6459279685715478e-10
990.0 1.6459279685715478e-10
991.0 1.6459279685715478e-10
992.0 1.6459279685715478e-10
993.0 1.6459279685715478e-10
994.0 6.113835837595616e-06
995.0 1.6459279685715478e-10
996.0 1.6459279685715478e-10
997.0 1.5529701613559155e-05
998.0 0.00031280196708394215
999.0 0.0003932674189854879
1000.0 0.00047373277993756346
1001.0 0.0002801162509058486
1002.0 8.649969913676614e-05
1003.0 0.0001346180283690046
1004.0 0.00018273641444466193
1005.0 1.6459279685715478e-10
1006.0 1.6459279685715478e-10
1007.0 1.6459279685715478e-10
1008.0 0.00015144147482715198
1009.0 0.00011694344266288681
1010.0 8.244536502388655e-05
1011.0 0.00018220197262053262
1012.0 0.00028195854611112736
1013.0 0.00036174496926832944
1014.0 0.0004415314379002666
1015.0 0.00032170814847631846
1016.0 0.00020188492726447294
1017.0 0.0002694527438507066
1018.0 0.00033702069686114555
1019.0 0.0003212413957953686
1020.0 0.00030546200378012145
1021.0 0.0001492802653046965
1022.0 1.6459279685715478e-10
1023.0 0.0004288186119083548
1024.0 0.0008645388334116433
1025.0 0.0006550917987624416
1026.0 0.00044564480958797503
1027.0 0.00043053141780546866
1028.0 0.0004154180260229623
1029.0 0.0007741998160781804
1030.0 0.0011329815606586635
1031.0 0.001676425563346129
1032.0 0.0022198692022357136
1033.0 0.002435174974380061
1034.0 0.0026504798370297067
1035.0 0.0032188327168114483
1036.0 0.0037871854146942496
1037.0 0.0037907328078290448
1038.0 0.003794279837165959
1039.0 0.0031736384698888287
1040.0 0.0025529976483085193
1041.0 0.0019150376829202287
1042.0 0.001277077626582468
1043.0 0.002123084050253965
1044.0 0.002969090382975992
1045.0 0.003295126953162253
1046.0 0.0036211644328432158
1047.0 0.003365937664057128
1048.0 0.0031107108952710405
1049.0 0.002801533082674723
1050.0 0.002492355451977346
1051.0 0.0025415170966880396
1052.0 0.002590679105196614
1053.0 0.0018473381715011783
1054.0 0.0011039970559068024
1055.0 0.0009856369615590665
1056.0 0.0008672766853123903
1057.0 0.0008804663593764417
1058.0 0.0008936563972383738
1059.0 0.0009604013939679135
1060.0 0.0010271467544953339
1061.0 0.001748478098306805
1062.0 0.0024698092602193356
1063.0 0.0028262875275686383
1064.0 0.003182766158715822
1065.0 0.0033471886126790196
1066.0 0.003511611430440098
1067.0 0.004461298885871656
1068.0 0.005410986341303214
1069.0 0.0044532775063999
1070.0 0.0034955690352944657
1071.0 0.0031497853342443705
1072.0 0.002804001451295335
1073.0 0.002985789433296304
1074.0 0.003167577597196214
1075.0 0.0031377876439364627
1076.0 0.003107998054474592
1077.0 0.0023729957320028916
1078.0 0.0016379930457333103
1079.0 0.001678528315096628
1080.0 0.001719063766358886
1081.0 0.0012077074643457308
1082.0 0.0006963508894841652
1083.0 7.410720854750252e-05
1084.0 1.6459279685715478e-10
1085.0 0.00037566828723356593
1086.0 0.0012994735698157456
1087.0 0.001068445089913439
1088.0 0.0008374166100111324
1089.0 1.6459279685715478e-10
1090.0 1.6459279685715478e-10
1091.0 1.6459279685715478e-10
1092.0 1.6459279685715478e-10
1093.0 1.6459279685715478e-10
1094.0 0.00043771456148533616
1095.0 0.0001854623292274482
1096.0 1.6459279685715478e-10
1097.0 1.6459279685715478e-10
1098.0 1.6459279685715478e-10
1099.0 1.6459279685715478e-10
1100.0 0.000772753992350772
