lsstCam/transmission_sensor/r22_s11/19700101T000000.ecsv
# %ECSV 1.0
# ---
# datatype:
# - {name: amp_name, datatype: string}
# - {name: wavelength, unit: nm, datatype: float32}
# - {name: efficiency, unit: '%', datatype: float64}
# meta: !!omap
# - {MODE: AMP}
# - {TYPE: transmission_sensor}
# - {CALIBDATE: '1970-01-01T00:00:00'}
# - {INSTRUME: LSSTCam}
# - {OBSTYPE: transmission_sensor}
# - {DETECTOR: 94}
# - {PARQUETFILE: qe_raft_allvalues_nircorrected_20230725_adjust.parquet}
# - {CORRFILE: qe_corr_factor_bydetnum.parquet}
# - {CALIBCLS: lsst.ip.isr.IntermediateSensorTransmissionCurve}
# - {CALIB_ID: 'raftName=R22 detectorName=S11 detector=94 calibDate=1970-01-01T00:00:00 ccd=94 ccdnum=94 filter=None'}
# - {DATE: '2025-03-03T21:56:47.904309'}
# - {CALIB_CREATION_DATE: '2025-03-03'}
# - {CALIB_CREATION_TIME: '21:56:47'}
# - __serialized_columns__:
#     efficiency:
#       __class__: astropy.units.quantity.Quantity
#       unit: !astropy.units.Unit {unit: '%'}
#       value: !astropy.table.SerializedColumn {name: efficiency}
#     wavelength:
#       __class__: astropy.units.quantity.Quantity
#       unit: !astropy.units.Unit {unit: nm}
#       value: !astropy.table.SerializedColumn {name: wavelength}
# schema: astropy-2.0
amp_name wavelength efficiency
C00 319.994 40.355061764594495
C00 324.969 45.536044426345036
C00 349.982 69.61725301011411
C00 374.975 77.83103694533497
C00 400.019 86.01593070715568
C00 424.965 87.3107609847919
C00 450.035 88.64828271962497
C00 475.003 90.9397276018866
C00 500.018 93.06009824678426
C00 525.002 95.11034449160869
C00 550.029 96.75618228033171
C00 575.023 97.60113696748151
C00 599.982 99.2486710033751
C00 619.997 99.5363005519988
C00 624.979 99.68082852114372
C00 650.012 100.15521488324453
C00 675.004 100.49199704874201
C00 700.03 99.85489432169938
C00 725.012 99.16247080625372
C00 750.022 99.16626423174421
C00 774.987 99.07004075588779
C00 799.976 98.17611849701011
C00 824.988 96.40128111096705
C00 850.022 94.39960150672113
C00 869.967 91.50029103046556
C00 875.002 91.05090118348707
C00 899.999 84.05459865492551
C00 919.999 74.66895465171861
C00 925.012 72.47467389147161
C00 949.965 58.271360239801865
C00 975.002 43.72160352397694
C00 999.976 26.351924554585196
C00 1025.028 11.38258664447372
C00 1050.014 3.9336036939893444
C00 1075.002 0.9447521255876589
C00 1099.99 0.09373743797486637
C01 319.994 40.58909375773616
C01 324.969 45.80238221787118
C01 349.982 70.15596569105067
C01 374.975 78.49000584044882
C01 400.019 86.4528145863586
C01 424.965 87.59641671852623
C01 450.035 88.84249531043807
C01 475.003 91.08129484869748
C01 500.018 93.16953703014212
C01 525.002 95.20406985799576
C01 550.029 96.83951427769199
C01 575.023 97.67865546317546
C01 599.982 99.33103922393393
C01 619.997 99.61998721922201
C01 624.979 99.76518597702074
C01 650.012 100.24461481934671
C01 675.004 100.58731842951227
C01 700.03 99.95159583084931
C01 725.012 99.25057542633475
C01 750.022 99.24224839477026
C01 774.987 99.12964842350365
C01 799.976 98.22623489068532
C01 824.988 96.43904574115493
C01 850.022 94.42850710055012
C01 869.967 91.44089153863881
C01 875.002 91.0026275310562
C01 899.999 84.06843848979429
C01 919.999 74.74410611158821
C01 925.012 72.57098988990097
C01 949.965 58.02515767321154
C01 975.002 43.580429498101054
C01 999.976 26.24589754110446
C01 1025.028 11.35686922430392
C01 1050.014 3.94039663383014
C01 1075.002 0.9454761527375759
C01 1099.99 0.09380927528353106
C02 319.994 40.97899544542216
C02 324.969 46.24030312091246
C02 349.982 70.84519717772993
C02 374.975 79.16231340649469
C02 400.019 86.92356172725714
C02 424.965 87.94821838169744
C02 450.035 89.13369468833433
C02 475.003 91.34022697928131
C02 500.018 93.40573173842623
C02 525.002 95.42846022801574
C02 550.029 97.05406641412281
C02 575.023 97.88930623111402
C02 599.982 99.53091882233952
C02 619.997 99.81864860375057
C02 624.979 99.96108710478997
C02 650.012 100.43685359527043
C02 675.004 100.7746226682126
C02 700.03 100.12997164126104
C02 725.012 99.41900506015556
C02 750.022 99.40247436045713
C02 774.987 99.27310467284536
C02 799.976 98.36073187088078
C02 824.988 96.56596358058383
C02 850.022 94.55128455484
C02 869.967 91.59059306165389
C02 875.002 91.14444921494267
C02 899.999 84.1044837421684
C02 919.999 74.90742387325413
C02 925.012 72.72383718039599
C02 949.965 58.201347637837586
C02 975.002 43.57107700801981
C02 999.976 26.19054398429018
C02 1025.028 11.307922855665657
C02 1050.014 3.955486246266188
C02 1075.002 0.9470027331311502
C02 1099.99 0.09396074118774092
C03 319.994 41.219881819175704
C03 324.969 46.51214986063567
C03 349.982 71.30619860761225
C03 374.975 79.59433985061831
C03 400.019 87.05776571930497
C03 424.965 87.92655267920094
C03 450.035 89.03109486515955
C03 475.003 91.18893715209744
C03 500.018 93.21847376101238
C03 525.002 95.21470995388373
C03 550.029 96.82442538808854
C03 575.023 97.64984239191942
C03 599.982 99.28619661691621
C03 619.997 99.56449680610191
C03 624.979 99.71135325999914
C03 650.012 100.18213895196973
C03 675.004 100.51836598202958
C03 700.03 99.87322150135569
C03 725.012 99.1629179986896
C03 750.022 99.14223149342334
C03 774.987 99.00939220932636
C03 799.976 98.09194608627897
C03 824.988 96.30918259982082
C03 850.022 94.30597637312141
C03 869.967 91.30593194557864
C03 875.002 90.8694335770963
C03 899.999 83.9014815069261
C03 919.999 74.75494667305087
C03 925.012 72.61767523816305
C03 949.965 58.057074105768244
C03 975.002 43.32489757207272
C03 999.976 26.037660070276715
C03 1025.028 11.238122284597694
C03 1050.014 3.9540526282740363
C03 1075.002 0.9445234663572669
C03 1099.99 0.0937147506160918
C04 319.994 41.52495187279838
C04 324.969 46.85791828102983
C04 349.982 71.90511264267435
C04 374.975 80.22939166062747
C04 400.019 87.47065541125907
C04 424.965 88.20863858366272
C04 450.035 89.23983349992403
C04 475.003 91.35617941289885
C04 500.018 93.35883050416064
C04 525.002 95.34227545132319
C04 550.029 96.94368698460674
C04 575.023 97.76301291905247
C04 599.982 99.39615969485406
C04 619.997 99.67905517182906
C04 624.979 99.82195628573314
C04 650.012 100.29574125110985
C04 675.004 100.62943162062828
C04 700.03 99.98661562470667
C04 725.012 99.28214104413573
C04 750.022 99.26842457269754
C04 774.987 99.14151444348306
C04 799.976 98.21854780691699
C04 824.988 96.4332245292742
C04 850.022 94.46388927448481
C04 869.967 91.42300384120395
C04 875.002 90.98899587197656
C04 899.999 84.00260096893388
C04 919.999 74.86668310030338
C04 925.012 72.77959745102048
C04 949.965 58.262905989699576
C04 975.002 43.392277135815455
C04 999.976 26.043828241805972
C04 1025.028 11.202404716336085
C04 1050.014 3.956938657905968
C04 1075.002 0.9457256092624152
C04 1099.99 0.09383402613075463
C05 319.994 41.70253353112572
C05 324.969 47.06131373720711
C05 349.982 72.29248923514058
C05 374.975 80.63180317119624
C05 400.019 87.66027271428287
C05 424.965 88.27314223742992
C05 450.035 89.23890827419464
C05 475.003 91.3134339842011
C05 500.018 93.2934478859505
C05 525.002 95.25361569580451
C05 550.029 96.8435775606869
C05 575.023 97.6587553997792
C05 599.982 99.29035242248406
C05 619.997 99.57078063084735
C05 624.979 99.71436795383406
C05 650.012 100.18608658174847
C05 675.004 100.52460354548855
C05 700.03 99.88620550242477
C05 725.012 99.1906439297136
C05 750.022 99.18909417661688
C05 774.987 99.07856825302699
C05 799.976 98.16607208763182
C05 824.988 96.3757988523368
C05 850.022 94.42062726142149
C05 869.967 91.3854550970196
C05 875.002 90.94605768791851
C05 899.999 83.93709498729315
C05 919.999 74.8558425388407
C05 925.012 72.78443175545652
C05 949.965 58.313515837097135
C05 975.002 43.38896174361848
C05 999.976 26.033486916726453
C05 1025.028 11.191525603801358
C05 1050.014 3.9564991756845083
C05 1075.002 0.9449696509927038
C05 1099.99 0.09375902064571845
C06 319.994 41.93840441040454
C06 324.969 47.33002627477202
C06 349.982 72.85371574215891
C06 374.975 81.30975461419138
C06 400.019 88.07616167964308
C06 424.965 88.52975359347587
C06 450.035 89.40330546587819
C06 475.003 91.42492368459244
C06 500.018 93.3703341440627
C06 525.002 95.31781094099527
C06 550.029 96.90305415465777
C06 575.023 97.71256498615756
C06 599.982 99.34417742929124
C06 619.997 99.62909298244207
C06 624.979 99.77181676141468
C06 650.012 100.2529418509112
C06 675.004 100.60035640208224
C06 700.03 99.97266013662173
C06 725.012 99.29967407170764
C06 750.022 99.3250329669073
C06 774.987 99.23999701216208
C06 799.976 98.33381551237
C06 824.988 96.53819909848775
C06 850.022 94.59583417371006
C06 869.967 91.53476339909969
C06 875.002 91.08504201290151
C06 899.999 84.0505276617162
C06 919.999 74.89410062275093
C06 925.012 72.80767034169301
C06 949.965 58.35890586933806
C06 975.002 43.42805638579235
C06 999.976 26.04978245488531
C06 1025.028 11.20415300745391
C06 1050.014 3.9678553577359525
C06 1075.002 0.9462647070491806
C06 1099.99 0.09388751491789853
C07 319.994 42.1200069455475
C07 324.969 47.53019886132526
C07 349.982 73.08492194171873
C07 374.975 81.45911688777237
C07 400.019 88.13115092882641
C07 424.965 88.54441071107227
C07 450.035 89.39773098085863
C07 475.003 91.40501591098176
C07 500.018 93.33865287304555
C07 525.002 95.27501925101105
C07 550.029 96.84881279627236
C07 575.023 97.65220942774377
C07 599.982 99.27589577046236
C07 619.997 99.55414969836158
C07 624.979 99.69889355351003
C07 650.012 100.17131381093589
C07 675.004 100.51185856106622
C07 700.03 99.88936669033352
C07 725.012 99.22840855990148
C07 750.022 99.27817799392818
C07 774.987 99.2204901697008
C07 799.976 98.32339901269995
C07 824.988 96.51894669310205
C07 850.022 94.57412992014147
C07 869.967 91.51506380127813
C07 875.002 91.07118675760391
C07 899.999 83.99186064025855
C07 919.999 74.73909447222069
C07 925.012 72.68643493028544
C07 949.965 58.34229421238833
C07 975.002 43.39825640709163
C07 999.976 26.05162905123688
C07 1025.028 11.206163445861726
C07 1050.014 3.9768784770952954
C07 1075.002 0.9458183214861691
C07 1099.99 0.09384322495242252
C10 319.994 38.8059910218439
C10 324.969 43.77128814564511
C10 349.982 66.69601468407203
C10 374.975 74.96782569295438
C10 400.019 84.3641329226925
C10 424.965 86.33257379261013
C10 450.035 88.02616864939844
C10 475.003 90.5299682569836
C10 500.018 92.78652441903286
C10 525.002 94.92303254269395
C10 550.029 96.62268762800976
C10 575.023 97.50100441291842
C10 599.982 99.17053569052823
C10 619.997 99.47062494564102
C10 624.979 99.61680290067002
C10 650.012 100.10200669359027
C10 675.004 100.44577431334463
C10 700.03 99.80499381402768
C10 725.012 99.10880771394918
C10 750.022 99.1061554001916
C10 774.987 99.01246858487659
C10 799.976 98.14948741643254
C10 824.988 96.42294681346357
C10 850.022 94.54278018834403
C10 869.967 91.64125688055233
C10 875.002 91.2153523466715
C10 899.999 84.1779775059395
C10 919.999 75.05089554302467
C10 925.012 73.00143574007024
C10 949.965 58.48754694168794
C10 975.002 43.63795540782579
C10 999.976 26.260627905737767
C10 1025.028 11.269295645240481
C10 1050.014 3.9759322892204754
C10 1075.002 0.944179514922562
C10 1099.99 0.09368062407072208
C11 319.994 39.3539328294311
C11 324.969 44.393918800237216
C11 349.982 67.70883615939057
C11 374.975 75.99802599155662
C11 400.019 85.02598543799627
C11 424.965 86.76959645567246
C11 450.035 88.34019026195296
C11 475.003 90.77210754057903
C11 500.018 92.9802358459092
C11 525.002 95.08745286502072
C11 550.029 96.7666913025747
C11 575.023 97.63355070886776
C11 599.982 99.2932437528884
C11 619.997 99.5900715873051
C11 624.979 99.73541683917766
C11 650.012 100.21803771027002
C11 675.004 100.55485071662514
C11 700.03 99.90997609345565
C11 725.012 99.2003665100866
C11 750.022 99.18170008099618
C11 774.987 99.0686452070793
C11 799.976 98.18827750513715
C11 824.988 96.45923879269884
C11 850.022 94.54695141434068
C11 869.967 91.62482641364127
C11 875.002 91.17239874218463
C11 899.999 84.30495702708369
C11 919.999 75.11852183362856
C11 925.012 72.89154205406209
C11 949.965 58.411963709811296
C11 975.002 43.76888641385591
C11 999.976 26.280354489309776
C11 1025.028 11.272746929966463
C11 1050.014 3.9512256299711934
C11 1075.002 0.944899450240876
C11 1099.99 0.0937520553916142
C12 319.994 39.77436311107973
C12 324.969 44.871570438141326
C12 349.982 68.50206301805312
C12 374.975 76.7788085641589
C12 400.019 85.49394148127783
C12 424.965 87.05413420831712
C12 450.035 88.52749450065329
C12 475.003 90.90311179364605
C12 500.018 93.0798363956779
C12 525.002 95.16381482855294
C12 550.029 96.82622957826085
C12 575.023 97.68425307883827
C12 599.982 99.34457065022623
C12 619.997 99.63233898270934
C12 624.979 99.77803119423041
C12 650.012 100.25727499141051
C12 675.004 100.59627769865853
C12 700.03 99.94727811077884
C12 725.012 99.22658123908595
C12 750.022 99.19881675698987
C12 774.987 99.07161363962776
C12 799.976 98.18719036490512
C12 824.988 96.44434265845568
C12 850.022 94.51282600535507
C12 869.967 91.56184167211313
C12 875.002 91.14396347143474
C12 899.999 84.21197184128012
C12 919.999 75.0026835723091
C12 925.012 72.89360068130998
C12 949.965 58.3819863961791
C12 975.002 43.583563700259354
C12 999.976 26.229206854457008
C12 1025.028 11.294720077262642
C12 1050.014 3.9363186532390193
C12 1075.002 0.9450626332294343
C12 1099.99 0.09376824625782583
C13 319.994 40.32439824187968
C13 324.969 45.492716876459205
C13 349.982 69.45499154782257
C13 374.975 77.67995529394022
C13 400.019 86.06578495354091
C13 424.965 87.44881237383109
C13 450.035 88.83443042616356
C13 475.003 91.16350115475366
C13 500.018 93.30941573999687
C13 525.002 95.37217566281127
C13 550.029 97.02593184173499
C13 575.023 97.87420192108176
C13 599.982 99.52428032773116
C13 619.997 99.80838630836877
C13 624.979 99.95282946515516
C13 650.012 100.4272312476848
C13 675.004 100.7627026767323
C13 700.03 100.10560736372047
C13 725.012 99.3799296935177
C13 750.022 99.34592764796267
C13 774.987 99.21163884355632
C13 799.976 98.31417759626372
C13 824.988 96.56775235032731
C13 850.022 94.61861014708184
C13 869.967 91.70610749396806
C13 875.002 91.1586591401032
C13 899.999 84.36242125509312
C13 919.999 75.22672698268057
C13 925.012 72.7822806056357
C13 949.965 58.255095542500655
C13 975.002 43.85984381326922
C13 999.976 26.320808056773693
C13 1025.028 11.314712663231848
C13 1050.014 3.94042337863638
C13 1075.002 0.9464642241185321
C13 1099.99 0.09390731081822702
C14 319.994 40.58620628243902
C14 324.969 45.79341523851052
C14 349.982 69.97027288716235
C14 374.975 78.22856017996682
C14 400.019 86.43024678877593
C14 424.965 87.69351915882557
C14 450.035 89.01377772359115
C14 475.003 91.3048987768475
C14 500.018 93.42749767371009
C14 525.002 95.48038852207769
C14 550.029 97.11720535993918
C14 575.023 97.96296961960219
C14 599.982 99.6106501495696
C14 619.997 99.89658345102275
C14 624.979 100.03926096870889
C14 650.012 100.51509685111907
C14 675.004 100.84647415631404
C14 700.03 100.1943056703112
C14 725.012 99.47215156809452
C14 750.022 99.44352354198435
C14 774.987 99.31473983066786
C14 799.976 98.41728629358967
C14 824.988 96.65106892725876
C14 850.022 94.6971309706493
C14 869.967 91.7402406131681
C14 875.002 91.2994399450441
C14 899.999 84.25952073355629
C14 919.999 75.10234580379309
C14 925.012 72.96771897244842
C14 949.965 58.182500018708495
C14 975.002 43.664455414758365
C14 999.976 26.350478889383023
C14 1025.028 11.36483098446067
C14 1050.014 3.9535415856250693
C14 1075.002 0.9473939533088997
C14 1099.99 0.09399955769437063
C15 319.994 40.78704965764607
C15 324.969 46.023268295441106
C15 349.982 70.44831389089425
C15 374.975 78.75933905027387
C15 400.019 86.70089073505093
C15 424.965 87.80662029402893
C15 450.035 89.03669248082234
C15 475.003 91.2719915817389
C15 500.018 93.35657912155246
C15 525.002 95.38149731203485
C15 550.029 97.01403498089793
C15 575.023 97.85063950584
C15 599.982 99.49965390290059
C15 619.997 99.78216386915501
C15 624.979 99.92877359619106
C15 650.012 100.40806365465762
C15 675.004 100.74522362066128
C15 700.03 100.10006371955855
C15 725.012 99.39253589408062
C15 750.022 99.38039230638239
C15 774.987 99.26726804053581
C15 799.976 98.3769927130748
C15 824.988 96.60782233462425
C15 850.022 94.66639034579035
C15 869.967 91.70952311895239
C15 875.002 91.25207609791381
C15 899.999 84.27368439743034
C15 919.999 75.01228278925151
C15 925.012 72.7981405166803
C15 949.965 58.25362674665525
C15 975.002 43.57300841672991
C15 999.976 26.23815841338884
C15 1025.028 11.341654079939484
C15 1050.014 3.956294614058401
C15 1075.002 0.9467922967372052
C15 1099.99 0.09393986188205763
C16 319.994 40.95609225351259
C16 324.969 46.21448932306251
C16 349.982 70.85600689833495
C16 374.975 79.22017085543912
C16 400.019 86.88174923450319
C16 424.965 87.8286560868172
C16 450.035 88.96871923056992
C16 475.003 91.14508145252442
C16 500.018 93.19512723177414
C16 525.002 95.20033040400614
C16 550.029 96.81504205714967
C16 575.023 97.64657326100891
C16 599.982 99.29345192867751
C16 619.997 99.57889177640833
C16 624.979 99.7244529142844
C16 650.012 100.20568594678268
C16 675.004 100.54826619351766
C16 700.03 99.90982959938182
C16 725.012 99.22442237905071
C16 750.022 99.2374063801198
C16 774.987 99.15461409776833
C16 799.976 98.27571133656438
C16 824.988 96.50635591296796
C16 850.022 94.56817763461575
C16 869.967 91.61538140098709
C16 875.002 91.14434127194092
C16 899.999 84.15216370808956
C16 919.999 74.97838097648382
C16 925.012 72.74124684453732
C16 949.965 58.09441467416349
C16 975.002 43.56503605502835
C16 999.976 26.18740014436386
C16 1025.028 11.303024941960706
C16 1050.014 3.961929576072259
C16 1075.002 0.9454298931362229
C16 1099.99 0.09380468544838265
C17 319.994 41.06045386068042
C17 324.969 46.33149182675812
C17 349.982 71.12129995580834
C17 374.975 79.5588188928242
C17 400.019 87.09844481054043
C17 424.965 87.96934436918517
C17 450.035 89.06347776568815
C17 475.003 91.2153523466715
C17 500.018 93.24973097023688
C17 525.002 95.24740126298879
C17 550.029 96.86279912521495
C17 575.023 97.69304272326745
C17 599.982 99.33810949054933
C17 619.997 99.627574070203
C17 624.979 99.77418379723903
C17 650.012 100.25805372306608
C17 675.004 100.6050596328733
C17 700.03 99.97964559087862
C17 725.012 99.31655944126899
C17 750.022 99.36465575876838
C17 774.987 99.30998262837592
C17 799.976 98.44412554995635
C17 824.988 96.67581871551991
C17 850.022 94.748905060423
C17 869.967 91.776825580551
C17 875.002 91.32472173809964
C17 899.999 84.29145644164902
C17 919.999 75.06822810502187
C17 925.012 72.86898967690824
C17 949.965 58.15063370254547
C17 975.002 43.57287734308492
C17 999.976 26.23190735705466
C17 1025.028 11.362214330444743
C17 1050.014 3.999969605481153
C17 1075.002 0.9466421909386193
C17 1099.99 0.09392496852262133
