lsstCam/transmission_sensor/r22_s11/19700101T000000.ecsv
# %ECSV 1.0
# ---
# datatype:
# - {name: amp_name, datatype: string}
# - {name: wavelength, unit: nm, datatype: float32}
# - {name: efficiency, unit: '%', datatype: float64}
# meta: !!omap
# - {MODE: AMP}
# - {TYPE: transmission_sensor}
# - {CALIBDATE: '1970-01-01T00:00:00'}
# - {INSTRUME: LSSTCAM}
# - {OBSTYPE: transmission_sensor}
# - {DETECTOR: 94}
# - {PARQUETFILE: qe_raft_allvalues_nircorrected_20230725.parquet}
# - {CALIBCLS: lsst.ip.isr.IntermediateSensorTransmissionCurve}
# - {CALIB_ID: 'raftName=R22 detectorName=S11 detector=94 calibDate=1970-01-01T00:00:00 ccd=94 ccdnum=94 filter=None'}
# - {DATE: '2023-08-02T16:57:55.815371'}
# - {CALIB_CREATION_DATE: '2023-08-02'}
# - {CALIB_CREATION_TIME: '16:57:55'}
# - __serialized_columns__:
#     efficiency:
#       __class__: astropy.units.quantity.Quantity
#       unit: !astropy.units.Unit {unit: '%'}
#       value: !astropy.table.SerializedColumn {name: efficiency}
#     wavelength:
#       __class__: astropy.units.quantity.Quantity
#       unit: !astropy.units.Unit {unit: nm}
#       value: !astropy.table.SerializedColumn {name: wavelength}
# schema: astropy-2.0
amp_name wavelength efficiency
C00 319.994 39.93205261230469
C00 324.969 45.0587272644043
C00 349.982 68.88751220703125
C00 374.975 77.01519775390625
C00 400.019 85.11429595947266
C00 424.965 86.39555358886719
C00 450.035 87.71905517578125
C00 475.003 89.98648071289062
C00 500.018 92.08462524414062
C00 525.002 94.1133804321289
C00 550.029 95.7419662475586
C00 575.023 96.57806396484375
C00 599.982 98.20832824707031
C00 619.997 98.4929428100586
C00 624.979 98.63595581054688
C00 650.012 99.1053695678711
C00 675.004 99.4386215209961
C00 700.03 98.80819702148438
C00 725.012 98.12303161621094
C00 750.022 98.12678527832031
C00 774.987 98.03157043457031
C00 799.976 97.14701843261719
C00 824.988 95.39078521728516
C00 850.022 93.41008758544922
C00 869.967 90.54116821289062
C00 875.002 90.09648895263672
C00 899.999 83.17352294921875
C00 919.999 73.88626098632812
C00 925.012 71.71498107910156
C00 949.965 57.66054916381836
C00 975.002 43.2633056640625
C00 999.976 26.075698852539062
C00 1025.028 11.263272285461426
C00 1050.014 3.8923709392547607
C00 1075.002 0.9348490606859108
C00 1099.99 0.09275486497307368
C01 319.994 40.163631439208984
C01 324.969 45.32227325439453
C01 349.982 69.42057800292969
C01 374.975 77.6672592163086
C01 400.019 85.54660034179688
C01 424.965 86.67821502685547
C01 450.035 87.9112319946289
C01 475.003 90.1265640258789
C01 500.018 92.19291687011719
C01 525.002 94.20612335205078
C01 550.029 95.82442474365234
C01 575.023 96.65476989746094
C01 599.982 98.28983306884766
C01 619.997 98.57575225830078
C01 624.979 98.71942901611328
C01 650.012 99.19383239746094
C01 675.004 99.53294372558594
C01 700.03 98.90388488769531
C01 725.012 98.21021270751953
C01 750.022 98.20197296142578
C01 774.987 98.0905532836914
C01 799.976 97.19660949707031
C01 824.988 95.42815399169922
C01 850.022 93.43869018554688
C01 869.967 90.48239135742188
C01 875.002 90.04872131347656
C01 899.999 83.18721771240234
C01 919.999 73.96062469482422
C01 925.012 71.81028747558594
C01 949.965 57.416927337646484
C01 975.002 43.12361145019531
C01 999.976 25.970783233642578
C01 1025.028 11.237824440002441
C01 1050.014 3.899092674255371
C01 1075.002 0.9355654984505678
C01 1099.99 0.0928259492699051
C02 319.994 40.54944610595703
C02 324.969 45.7556037902832
C02 349.982 70.10258483886719
C02 374.975 78.33251953125
C02 400.019 86.01241302490234
C02 424.965 87.02632904052734
C02 450.035 88.19937896728516
C02 475.003 90.38278198242188
C02 500.018 92.4266357421875
C02 525.002 94.42816162109375
C02 550.029 96.03672790527344
C02 575.023 96.86321258544922
C02 599.982 98.48761749267578
C02 619.997 98.77233123779297
C02 624.979 98.91327667236328
C02 650.012 99.3840560913086
C02 675.004 99.7182846069336
C02 700.03 99.08039093017578
C02 725.012 98.37687683105469
C02 750.022 98.36051940917969
C02 774.987 98.23250579833984
C02 799.976 97.32969665527344
C02 824.988 95.55374145507812
C02 850.022 93.5601806640625
C02 869.967 90.63052368164062
C02 875.002 90.18905639648438
C02 899.999 83.22288513183594
C02 919.999 74.12223052978516
C02 925.012 71.96153259277344
C02 949.965 57.591270446777344
C02 975.002 43.114356994628906
C02 999.976 25.9160099029541
C02 1025.028 11.189391136169434
C02 1050.014 3.9140241146087646
C02 1075.002 0.9370760769487181
C02 1099.99 0.09297582748075163
C03 319.994 40.78780746459961
C03 324.969 46.024600982666016
C03 349.982 70.55875396728516
C03 374.975 78.76001739501953
C03 400.019 86.14521026611328
C03 424.965 87.00489044189453
C03 450.035 88.09785461425781
C03 475.003 90.23307800292969
C03 500.018 92.24134063720703
C03 525.002 94.2166519165039
C03 550.029 95.80949401855469
C03 575.023 96.62625885009766
C03 599.982 98.2454605102539
C03 619.997 98.52084350585938
C03 624.979 98.6661605834961
C03 650.012 99.13201141357422
C03 675.004 99.46471405029297
C03 700.03 98.82633209228516
C03 725.012 98.12347412109375
C03 750.022 98.1030044555664
C03 774.987 97.9715576171875
C03 799.976 97.06372833251953
C03 824.988 95.29965209960938
C03 850.022 93.31744384765625
C03 869.967 90.34884643554688
C03 875.002 89.91692352294922
C03 899.999 83.02201080322266
C03 919.999 73.97135162353516
C03 925.012 71.85648345947266
C03 949.965 57.448509216308594
C03 975.002 42.870758056640625
C03 999.976 25.764728546142578
C03 1025.028 11.120322227478027
C03 1050.014 3.9126055240631104
C03 1075.002 0.9346227983034725
C03 1099.99 0.09273241542735114
C04 319.994 41.08967971801758
C04 324.969 46.36674499511719
C04 349.982 71.1513900756836
C04 374.975 79.38841247558594
C04 400.019 86.55377197265625
C04 424.965 87.28401947021484
C04 450.035 88.30440521240234
C04 475.003 90.39856719970703
C04 500.018 92.3802261352539
C04 525.002 94.34288024902344
C04 550.029 95.92750549316406
C04 575.023 96.73824310302734
C04 599.982 98.3542709350586
C04 619.997 98.63420104980469
C04 624.979 98.77560424804688
C04 650.012 99.24442291259766
C04 675.004 99.57461547851562
C04 700.03 98.93853759765625
C04 725.012 98.24144744873047
C04 750.022 98.22787475585938
C04 774.987 98.102294921875
C04 799.976 97.18900299072266
C04 824.988 95.42239379882812
C04 850.022 93.47370147705078
C04 869.967 90.46469116210938
C04 875.002 90.03523254394531
C04 899.999 83.1220703125
C04 919.999 74.08191680908203
C04 925.012 72.01670837402344
C04 949.965 57.652183532714844
C04 975.002 42.93743133544922
C04 999.976 25.770832061767578
C04 1025.028 11.084979057312012
C04 1050.014 3.915461301803589
C04 1075.002 0.935812340126402
C04 1099.99 0.0928504406742126
C05 319.994 41.26539993286133
C05 324.969 46.56800842285156
C05 349.982 71.53470611572266
C05 374.975 79.78660583496094
C05 400.019 86.74140167236328
C05 424.965 87.34784698486328
C05 450.035 88.3034896850586
C05 475.003 90.35626983642578
C05 500.018 92.3155288696289
C05 525.002 94.2551498413086
C05 550.029 95.82844543457031
C05 575.023 96.63507843017578
C05 599.982 98.24957275390625
C05 619.997 98.52706146240234
C05 624.979 98.66914367675781
C05 650.012 99.13591766357422
C05 675.004 99.47088623046875
C05 700.03 98.83917999267578
C05 725.012 98.15090942382812
C05 750.022 98.14937591552734
C05 774.987 98.04000854492188
C05 799.976 97.13707733154297
C05 824.988 95.36557006835938
C05 850.022 93.43089294433594
C05 869.967 90.42753601074219
C05 875.002 89.99274444580078
C05 899.999 83.0572509765625
C05 919.999 74.0711898803711
C05 925.012 72.02149200439453
C05 949.965 57.70226287841797
C05 975.002 42.93415069580078
C05 999.976 25.76059913635254
C05 1025.028 11.074213981628418
C05 1050.014 3.9150264263153076
C05 1075.002 0.9350643059497995
C05 1099.99 0.09277622141041497
C06 319.994 41.49879837036133
C06 324.969 46.83390426635742
C06 349.982 72.09004974365234
C06 374.975 80.45745086669922
C06 400.019 87.1529312133789
C06 424.965 87.60176849365234
C06 450.035 88.4661636352539
C06 475.003 90.46659088134766
C06 500.018 92.39160919189453
C06 525.002 94.31867218017578
C06 550.029 95.88729858398438
C06 575.023 96.68832397460938
C06 599.982 98.3028335571289
C06 619.997 98.58476257324219
C06 624.979 98.72599029541016
C06 650.012 99.20207214355469
C06 675.004 99.54584503173828
C06 700.03 98.92472839355469
C06 725.012 98.25879669189453
C06 750.022 98.28388977050781
C06 774.987 98.19974517822266
C06 799.976 97.30306243896484
C06 824.988 95.5262680053711
C06 850.022 93.60426330566406
C06 869.967 90.57527923583984
C06 875.002 90.1302719116211
C06 899.999 83.16949462890625
C06 919.999 74.10904693603516
C06 925.012 72.04448699951172
C06 949.965 57.74717712402344
C06 975.002 42.972835540771484
C06 999.976 25.776723861694336
C06 1025.028 11.086709022521973
C06 1050.014 3.9262635707855225
C06 1075.002 0.9363457869913795
C06 1099.99 0.09290336878208809
C07 319.994 41.678497314453125
C07 324.969 47.031978607177734
C07 349.982 72.31883239746094
C07 374.975 80.6052474975586
C07 400.019 87.20734405517578
C07 424.965 87.61627197265625
C07 450.035 88.46064758300781
C07 475.003 90.44689178466797
C07 500.018 92.36026000976562
C07 525.002 94.27632904052734
C07 550.029 95.83362579345703
C07 575.023 96.62860107421875
C07 599.982 98.23526763916016
C07 619.997 98.51060485839844
C07 624.979 98.6538314819336
C07 650.012 99.12129974365234
C07 675.004 99.4582748413086
C07 700.03 98.8423080444336
C07 725.012 98.18827819824219
C07 750.022 98.2375259399414
C07 774.987 98.1804428100586
C07 799.976 97.29275512695312
C07 824.988 95.50721740722656
C07 850.022 93.5827865600586
C07 869.967 90.5557861328125
C07 875.002 90.11656188964844
C07 899.999 83.11144256591797
C07 919.999 73.9556655883789
C07 925.012 71.92452239990234
C07 949.965 57.73073959350586
C07 975.002 42.9433479309082
C07 999.976 25.77855110168457
C07 1025.028 11.088698387145996
C07 1050.014 3.935192108154297
C07 1075.002 0.9359040805236375
C07 1099.99 0.09285954307214613
C10 319.994 38.39921951293945
C10 324.969 43.312469482421875
C10 349.982 65.99689483642578
C10 374.975 74.18199920654297
C10 400.019 83.47981262207031
C10 424.965 85.42761993408203
C10 450.035 87.10346221923828
C10 475.003 89.58101654052734
C10 500.018 91.81391906738281
C10 525.002 93.92803192138672
C10 550.029 95.60987091064453
C10 575.023 96.4789810180664
C10 599.982 98.13101196289062
C10 619.997 98.4279556274414
C10 624.979 98.57260131835938
C10 650.012 99.05271911621094
C10 675.004 99.39288330078125
C10 700.03 98.75881958007812
C10 725.012 98.06993103027344
C10 750.022 98.06730651855469
C10 774.987 97.97460174560547
C10 799.976 97.12066650390625
C10 824.988 95.41222381591797
C10 850.022 93.55176544189453
C10 869.967 90.68065643310547
C10 875.002 90.25921630859375
C10 899.999 83.29560852050781
C10 919.999 74.26419830322266
C10 925.012 72.23622131347656
C10 949.965 57.87446975708008
C10 975.002 43.18053436279297
C10 999.976 25.98535919189453
C10 1025.028 11.151168823242188
C10 1050.014 3.934255838394165
C10 1075.002 0.9342824522307337
C10 1099.99 0.09269864660268351
C11 319.994 38.9414176940918
C11 324.969 43.92857360839844
C11 349.982 66.99909973144531
C11 374.975 75.20140075683594
C11 400.019 84.13472747802734
C11 424.965 85.86006164550781
C11 450.035 87.41419219970703
C11 475.003 89.82061767578125
C11 500.018 92.00559997558594
C11 525.002 94.09072875976562
C11 550.029 95.75236511230469
C11 575.023 96.61013793945312
C11 599.982 98.25243377685547
C11 619.997 98.54615020751953
C11 624.979 98.68997192382812
C11 650.012 99.16753387451172
C11 675.004 99.50081634521484
C11 700.03 98.86270141601562
C11 725.012 98.16053009033203
C11 750.022 98.14205932617188
C11 774.987 98.03018951416016
C11 799.976 97.15904998779297
C11 824.988 95.44813537597656
C11 850.022 93.55589294433594
C11 869.967 90.66439819335938
C11 875.002 90.21671295166016
C11 899.999 83.42125701904297
C11 919.999 74.33111572265625
C11 925.012 72.12747955322266
C11 949.965 57.799678802490234
C11 975.002 43.31009292602539
C11 999.976 26.004878997802734
C11 1025.028 11.154583930969238
C11 1050.014 3.9098081588745117
C11 1075.002 0.9349948410551163
C11 1099.99 0.0927693291673806
C12 319.994 39.35744094848633
C12 324.969 44.40121841430664
C12 349.982 67.78401184082031
C12 374.975 75.9739990234375
C12 400.019 84.5977783203125
C12 424.965 86.14161682128906
C12 450.035 87.59953308105469
C12 475.003 89.95024871826172
C12 500.018 92.10415649414062
C12 525.002 94.16629028320312
C12 550.029 95.811279296875
C12 575.023 96.66030883789062
C12 599.982 98.30322265625
C12 619.997 98.58797454833984
C12 624.979 98.73213958740234
C12 650.012 99.20635986328125
C12 675.004 99.54180908203125
C12 700.03 98.89961242675781
C12 725.012 98.18647003173828
C12 750.022 98.15899658203125
C12 774.987 98.03312683105469
C12 799.976 97.15797424316406
C12 824.988 95.43339538574219
C12 850.022 93.52212524414062
C12 869.967 90.6020736694336
C12 875.002 90.1885757446289
C12 899.999 83.3292465209961
C12 919.999 74.21649169921875
C12 925.012 72.1295166015625
C12 949.965 57.770015716552734
C12 975.002 43.126712799072266
C12 999.976 25.954267501831055
C12 1025.028 11.176326751708984
C12 1050.014 3.895057439804077
C12 1075.002 0.9351563135296861
C12 1099.99 0.09278535031796568
C13 319.994 39.901710510253906
C13 324.969 45.01585388183594
C13 349.982 68.7269515991211
C13 374.975 76.8656997680664
C13 400.019 85.16362762451172
C13 424.965 86.53215789794922
C13 450.035 87.90325164794922
C13 475.003 90.2079086303711
C13 500.018 92.33132934570312
C13 525.002 94.37246704101562
C13 550.029 96.0088882446289
C13 575.023 96.8482666015625
C13 599.982 98.48104858398438
C13 619.997 98.76217651367188
C13 624.979 98.90510559082031
C13 650.012 99.3745346069336
C13 675.004 99.70648956298828
C13 700.03 99.05628204345703
C13 725.012 98.33821105957031
C13 750.022 98.3045654296875
C13 774.987 98.17168426513672
C13 799.976 97.28363037109375
C13 824.988 95.55551147460938
C13 850.022 93.62680053710938
C13 869.967 90.74482727050781
C13 875.002 90.20311737060547
C13 899.999 83.47811889648438
C13 919.999 74.43818664550781
C13 925.012 72.01936340332031
C13 949.965 57.64445495605469
C13 975.002 43.40009689331055
C13 999.976 26.04490852355957
C13 1025.028 11.196109771728516
C13 1050.014 3.8991191387176514
C13 1075.002 0.9365432126862495
C13 1099.99 0.09292295717816183
C14 319.994 40.16077423095703
C14 324.969 45.31340026855469
C14 349.982 69.23683166503906
C14 374.975 77.40855407714844
C14 400.019 85.5242691040039
C14 424.965 86.77429962158203
C14 450.035 88.08071899414062
C14 475.003 90.34782409667969
C14 500.018 92.44817352294922
C14 525.002 94.47954559326172
C14 550.029 96.09920501708984
C14 575.023 96.93610382080078
C14 599.982 98.56651306152344
C14 619.997 98.84944915771484
C14 624.979 98.99063110351562
C14 650.012 99.46147918701172
C14 675.004 99.78938293457031
C14 700.03 99.14405059814453
C14 725.012 98.4294662475586
C14 750.022 98.40113830566406
C14 774.987 98.2737045288086
C14 799.976 97.38565826416016
C14 824.988 95.63795471191406
C14 850.022 93.70449829101562
C14 869.967 90.77860260009766
C14 875.002 90.34242248535156
C14 899.999 83.37629699707031
C14 919.999 74.31510925292969
C14 925.012 72.2028579711914
C14 949.965 57.5726203918457
C14 975.002 43.206756591796875
C14 999.976 26.074268341064453
C14 1025.028 11.245702743530273
C14 1050.014 3.912099838256836
C14 1075.002 0.9374631962848752
C14 1099.99 0.09301423710564591
C15 319.994 40.35951232910156
C15 324.969 45.54084396362305
C15 349.982 69.7098617553711
C15 374.975 77.93376922607422
C15 400.019 85.79207611083984
C15 424.965 86.88621520996094
C15 450.035 88.1033935546875
C15 475.003 90.31526184082031
C15 500.018 92.37799835205078
C15 525.002 94.3816909790039
C15 550.029 95.99711608886719
C15 575.023 96.824951171875
C15 599.982 98.45668029785156
C15 619.997 98.7362289428711
C15 624.979 98.88130187988281
C15 650.012 99.3555679321289
C15 675.004 99.68919372558594
C15 700.03 99.05079650878906
C15 725.012 98.3506851196289
C15 750.022 98.33866882324219
C15 774.987 98.22673034667969
C15 799.976 97.34578704833984
C15 824.988 95.59516143798828
C15 850.022 93.67407989501953
C15 869.967 90.74820709228516
C15 875.002 90.2955551147461
C15 899.999 83.39031219482422
C15 919.999 74.22599029541016
C15 925.012 72.0350570678711
C15 949.965 57.643001556396484
C15 975.002 43.116268157958984
C15 999.976 25.963125228881836
C15 1025.028 11.222768783569336
C15 1050.014 3.9148240089416504
C15 1075.002 0.9368678463876159
C15 1099.99 0.09295516703577655
C16 319.994 40.52678298950195
C16 324.969 45.73006057739258
C16 349.982 70.11328125
C16 374.975 78.3897705078125
C16 400.019 85.97103881835938
C16 424.965 86.90802001953125
C16 450.035 88.0361328125
C16 475.003 90.18968200683594
C16 500.018 92.2182388305664
C16 525.002 94.20242309570312
C16 550.029 95.80020904541016
C16 575.023 96.6230239868164
C16 599.982 98.25263977050781
C16 619.997 98.53508758544922
C16 624.979 98.67912292480469
C16 650.012 99.15531158447266
C16 675.004 99.49430084228516
C16 700.03 98.86255645751953
C16 725.012 98.18433380126953
C16 750.022 98.19718170166016
C16 774.987 98.1152572631836
C16 799.976 97.24556732177734
C16 824.988 95.49475860595703
C16 850.022 93.57689666748047
C16 869.967 90.6550521850586
C16 875.002 90.18894958496094
C16 899.999 83.27006530761719
C16 919.999 74.19244384765625
C16 925.012 71.978759765625
C16 949.965 57.48545837402344
C16 975.002 43.10837936401367
C16 999.976 25.912899017333984
C16 1025.028 11.184544563293457
C16 1050.014 3.9203999042510986
C16 1075.002 0.9355197237508331
C16 1099.99 0.09282140754624979
C17 319.994 40.63005065917969
C17 324.969 45.8458366394043
C17 349.982 70.37579345703125
C17 374.975 78.72486877441406
C17 400.019 86.18546295166016
C17 424.965 87.04723358154297
C17 450.035 88.12989807128906
C17 475.003 90.25921630859375
C17 500.018 92.27227020263672
C17 525.002 94.2490005493164
C17 550.029 95.84746551513672
C17 575.023 96.66900634765625
C17 599.982 98.29682922363281
C17 619.997 98.58325958251953
C17 624.979 98.72833251953125
C17 650.012 99.2071304321289
C17 675.004 99.55049896240234
C17 700.03 98.931640625
C17 725.012 98.27550506591797
C17 750.022 98.3230972290039
C17 774.987 98.26899719238281
C17 799.976 97.41221618652344
C17 824.988 95.66244506835938
C17 850.022 93.75572967529297
C17 869.967 90.81480407714844
C17 875.002 90.36743927001953
C17 899.999 83.40789794921875
C17 919.999 74.2813491821289
C17 925.012 72.10516357421875
C17 949.965 57.54108810424805
C17 975.002 43.11613845825195
C17 999.976 25.956939697265625
C17 1025.028 11.24311351776123
C17 1050.014 3.958041191101074
C17 1075.002 0.936719314025517
C17 1099.99 0.09294042979126299
