lsstCam/transmission_filter_detector/r34_s21/y_10/19700101T000000.ecsv
# %ECSV 1.0
# ---
# datatype:
# - {name: wavelength, unit: nm, datatype: float32}
# - {name: efficiency, unit: '%', datatype: float64}
# meta: !!omap
# - {MODE: DETECTOR}
# - {TYPE: transmission_filter_detector}
# - {CALIBDATE: '1970-01-01T00:00:00'}
# - {INSTRUME: LSSTCam}
# - {OBSTYPE: transmission_filter_detector}
# - {CALIBCLS: lsst.ip.isr.IntermediateFilterDetectorTransmissionCurve}
# - {SOURCE: Materion (DM-46256)}
# - {DETECTOR: 160}
# - {FILTER: y_10}
# - {CALIB_ID: 'calibDate=1970-01-01T00:00:00 filter=y_10 detector=160'}
# - {DATE: '2025-04-02T15:59:51.484844'}
# - {CALIB_CREATION_DATE: '2025-04-02'}
# - {CALIB_CREATION_TIME: '15:59:51'}
# - __serialized_columns__:
#     efficiency:
#       __class__: astropy.units.quantity.Quantity
#       unit: !astropy.units.Unit {unit: '%'}
#       value: !astropy.table.SerializedColumn {name: efficiency}
#     wavelength:
#       __class__: astropy.units.quantity.Quantity
#       unit: !astropy.units.Unit {unit: nm}
#       value: !astropy.table.SerializedColumn {name: wavelength}
# schema: astropy-2.0
wavelength efficiency
[from data line 577]
877.0 0.002423445403110236
878.0 0.0024500366635038517
879.0 0.0018091672245645896
880.0 0.06401536520570517
881.0 0.08540822309441864
882.0 0.060199329163879156
883.0 0.07223582942970097
884.0 0.058949709637090564
885.0 0.10059616761282086
886.0 0.06419995916076005
887.0 0.09712059982120991
888.0 0.06611528224311769
889.0 0.10001573245972395
890.0 0.062489701667800546
891.0 0.08399573271162808
892.0 0.05887393490411341
893.0 0.0979981035925448
894.0 0.07105018012225628
895.0 0.09472845122218132
896.0 0.07033885340206325
897.0 0.10227945167571306
898.0 0.06564169307239354
899.0 0.11485951254144311
900.0 0.07357794675044715
901.0 0.11771258432418108
902.0 0.13107709819450974
903.0 0.13438884634524584
904.0 0.1417954103089869
905.0 0.18033061642199755
906.0 0.18373554339632392
907.0 0.22560041397809982
908.0 0.2831779420375824
909.0 0.3463761415332556
910.0 0.43564816005527973
911.0 0.5863839760422707
912.0 0.836560782045126
913.0 1.237444207072258
914.0 1.7531158402562141
915.0 2.601509727537632
916.0 3.7520427256822586
917.0 5.160156637430191
918.0 6.939413398504257
919.0 8.811622858047485
920.0 11.536892503499985
921.0 14.475241303443909
922.0 17.333371937274933
923.0 20.540159940719604
924.0 23.997312784194946
925.0 27.747681736946106
926.0 32.523056864738464
927.0 37.95953094959259
928.0 43.1889533996582
929.0 49.11154806613922
930.0 54.854851961135864
931.0 60.98632216453552
932.0 67.19781160354614
933.0 73.1304407119751
934.0 78.16842794418335
935.0 82.24843740463257
936.0 85.89797616004944
937.0 88.77764344215393
938.0 91.05768203735352
939.0 92.62969493865967
940.0 93.64075064659119
941.0 94.35807466506958
942.0 94.92560029029846
943.0 95.2697217464447
944.0 95.80891728401184
945.0 95.98594903945923
946.0 96.32391929626465
947.0 96.52372598648071
948.0 96.79509401321411
949.0 96.7782735824585
950.0 96.9070553779602
951.0 96.91531658172607
952.0 96.95712327957153
953.0 97.0318853855133
954.0 96.98559641838074
955.0 97.03942537307739
956.0 97.20702171325684
957.0 97.35071063041687
958.0 97.54268527030945
959.0 97.65598773956299
960.0 97.83183932304382
961.0 97.99953699111938
962.0 98.11136722564697
963.0 98.23735356330872
964.0 98.35890531539917
965.0 98.45601916313171
966.0 98.55064153671265
967.0 98.66437911987305
968.0 98.67458939552307
969.0 98.68783354759216
970.0 98.7550139427185
971.0 98.79821538925171
972.0 98.81437420845032
973.0 98.88343214988708
974.0 98.88833165168762
975.0 98.88287782669067
976.0 98.92779588699341
977.0 98.90425205230713
978.0 98.97991418838501
979.0 98.91937375068665
980.0 98.92972707748413
981.0 98.88811707496643
982.0 98.84918332099915
983.0 98.89965653419495
984.0 98.84661436080933
985.0 98.84947538375854
986.0 98.74294996261597
987.0 98.78278970718384
988.0 98.65438342094421
989.0 98.63702654838562
990.0 98.56611490249634
991.0 98.59091639518738
992.0 98.57576489448547
993.0 98.4923779964447
994.0 98.45542311668396
995.0 98.48430156707764
996.0 98.46159815788269
997.0 98.53439927101135
998.0 98.56568574905396
999.0 98.592609167099
1000.0 98.63863587379456
1001.0 98.62643480300903
1002.0 98.7374484539032
1003.0 98.82097840309143
1004.0 98.89581799507141
1005.0 98.85202646255493
1006.0 99.0063726902008
1007.0 99.02304410934448
1008.0 98.95939230918884
1009.0 98.97100329399109
1010.0 99.01164770126343
1011.0 99.04665946960449
1012.0 98.93321990966797
1013.0 98.97098541259766
1014.0 98.95128607749939
1015.0 98.86671900749207
1016.0 98.86656403541565
1017.0 98.9109456539154
1018.0 98.90257120132446
1019.0 98.79557490348816
1020.0 98.86742234230042
1021.0 98.9742636680603
1022.0 98.84575605392456
1023.0 98.83568286895752
1024.0 98.82036447525024
1025.0 98.7964391708374
1026.0 98.83871674537659
1027.0 98.92842769622803
1028.0 98.83827567100525
1029.0 98.9436388015747
1030.0 98.98986220359802
1031.0 98.97083640098572
1032.0 98.97006154060364
1033.0 98.96124601364136
1034.0 98.96193742752075
1035.0 99.02024865150452
1036.0 98.96506071090698
1037.0 99.00161623954773
1038.0 98.9515483379364
1039.0 98.9593505859375
1040.0 98.80744218826294
1041.0 98.86342883110046
1042.0 98.89247417449951
1043.0 98.78098964691162
1044.0 98.87153506278992
1045.0 98.56399893760681
1046.0 98.77868294715881
1047.0 98.58784675598145
1048.0 98.6695647239685
1049.0 98.59163165092468
1050.0 98.61270189285278
1051.0 98.543781042099
1052.0 98.51316213607788
1053.0 98.4390377998352
1054.0 98.65670204162598
1055.0 98.67392778396606
1056.0 98.61100316047668
1057.0 98.68655204772949
1058.0 98.41896891593933
1059.0 98.59367609024048
1060.0 98.66850972175598
1061.0 98.62602353096008
1062.0 98.63271713256836
1063.0 98.5986053943634
1064.0 98.81741404533386
1065.0 98.81621599197388
1066.0 98.75239729881287
1067.0 98.94153475761414
1068.0 98.69476556777954
1069.0 98.5582947731018
1070.0 98.93363118171692
1071.0 98.64606857299805
1072.0 98.91975522041321
1073.0 99.06969666481018
1074.0 98.57777953147888
1075.0 98.64575266838074
1076.0 98.37733507156372
1077.0 98.67348670959473
1078.0 98.86268973350525
1079.0 98.56075048446655
1080.0 99.2313027381897
1081.0 98.587566614151
1082.0 98.50174188613892
1083.0 98.44321608543396
1084.0 98.77400398254395
1085.0 98.5618531703949
1086.0 98.51955771446228
1087.0 98.47449660301208
1088.0 98.47882390022278
1089.0 98.28012585639954
1090.0 98.53901267051697
1091.0 98.54613542556763
1092.0 98.73648881912231
1093.0 98.41513633728027
1094.0 98.40330481529236
1095.0 98.12324047088623
1096.0 98.41623902320862
1097.0 98.28307032585144
1098.0 97.64622449874878
1099.0 98.6687421798706
1100.0 98.17723631858826
