lsstCam/transmission_filter_detector/r34_s21/y_10/19700101T000000.ecsv
# %ECSV 1.0
# ---
# datatype:
# - {name: wavelength, unit: nm, datatype: float32}
# - {name: efficiency, unit: '%', datatype: float64}
# meta: !!omap
# - {MODE: DETECTOR}
# - {TYPE: transmission_filter_detector}
# - {CALIBDATE: '1970-01-01T00:00:00'}
# - {INSTRUME: LSSTCam}
# - {OBSTYPE: transmission_filter_detector}
# - {CALIBCLS: lsst.ip.isr.IntermediateFilterDetectorTransmissionCurve}
# - {SOURCE: Materion (DM-46256)}
# - {DETECTOR: 160}
# - {FILTER: y_10}
# - {CALIB_ID: 'calibDate=1970-01-01T00:00:00 filter=y_10 detector=160'}
# - {DATE: '2025-04-02T15:59:51.484844'}
# - {CALIB_CREATION_DATE: '2025-04-02'}
# - {CALIB_CREATION_TIME: '15:59:51'}
# - __serialized_columns__:
#     efficiency:
#       __class__: astropy.units.quantity.Quantity
#       unit: !astropy.units.Unit {unit: '%'}
#       value: !astropy.table.SerializedColumn {name: efficiency}
#     wavelength:
#       __class__: astropy.units.quantity.Quantity
#       unit: !astropy.units.Unit {unit: nm}
#       value: !astropy.table.SerializedColumn {name: wavelength}
# schema: astropy-2.0
wavelength efficiency
300.0 0.026660587172955275
301.0 0.017919963283929974
302.0 0.009179336484521627
303.0 0.0110233471787069
304.0 0.012867357872892171
305.0 0.01075983964256011
306.0 0.00865231704665348
307.0 0.008619256550446153
308.0 0.008586196781834587
309.0 0.00686613711877726
310.0 0.00514608109369874
311.0 0.0039005717553664
312.0 0.002655063144629821
313.0 0.005508578760782257
314.0 0.00836209292174317
315.0 0.005712665006285533
316.0 0.003063235999434255
317.0 0.0027264048185315914
318.0 0.002389574183325749
319.0 0.0020741388652822934
320.0 0.001758703547238838
321.0 0.0027252703148406
322.0 0.003691837264341302
323.0 0.0037820322177140042
324.0 0.0038722271710867062
325.0 0.003466911948635243
326.0 0.003061597453779541
327.0 0.0032326603104593232
328.0 0.003403722803341225
329.0 0.003324948193039745
330.0 0.0032461732189403847
331.0 0.0025084294975386
332.0 0.001770685958035756
333.0 0.0018933595129055902
334.0 0.002016032885876484
335.0 0.0013083688827464357
336.0 0.0006007050160405925
337.0 0.0008871511454344727
338.0 0.0011735976841009688
339.0 0.0011135681234009098
340.0 0.0010535388355492614
341.0 0.0009178719665214885
342.0 0.0007822050974937156
343.0 0.0009959668204828631
344.0 0.0012097285434720106
345.0 0.0010369349183747545
346.0 0.0008641412023280282
347.0 0.0010321931767975911
348.0 0.0012002453331660945
349.0 0.0011692526641127188
350.0 0.0011382603588572238
351.0 0.0011148687917739153
352.0 0.001091477315640077
353.0 0.0010414011740067508
354.0 0.000991324759525014
355.0 0.0011988331607426517
356.0 0.0014063416529097594
357.0 0.0012461573533073533
358.0 0.0010859733265533578
359.0 0.000853472465678351
360.0 0.0006209715138538741
361.0 0.0007499533694499405
362.0 0.0008789353159954771
363.0 0.000985280166787561
364.0 0.0010916249266301747
365.0 0.0011920761608052999
366.0 0.0012925274859298952
367.0 0.0016790376321296208
368.0 0.002065547596430406
369.0 0.0018678205378819257
370.0 0.0016700940250302665
371.0 0.0015826977687538601
372.0 0.0014953017853258643
373.0 0.0017786342141334899
374.0 0.0020619665519916452
375.0 0.0028126578399678692
376.0 0.003563348946045153
377.0 0.00382654216082301
378.0 0.004089735375600867
379.0 0.0038327696529449895
380.0 0.003575803930289112
381.0 0.0029119877581251785
382.0 0.002248171585961245
383.0 0.0016824849808472209
384.0 0.0011167983757331967
385.0 0.0008934930519899353
386.0 0.0006701878191961441
387.0 0.00047867692956060637
388.0 0.0002871661763492739
389.0 0.00039199626371555496
390.0 0.000496826305607101
391.0 0.00048568590500508435
392.0 0.00047454554987780284
393.0 0.0005549999968934571
394.0 0.0006354544439091114
395.0 0.0007024248589004856
396.0 0.0007693952284171246
397.0 0.0007947622179926839
398.0 0.000820129116618773
399.0 0.0009572947419655975
400.0 0.001094460367312422
401.0 0.0014045905118109658
402.0 0.0017147205653600395
403.0 0.0017707612641970627
404.0 0.0018268017811351456
405.0 0.0017148264305433258
406.0 0.0016028508980525658
407.0 0.001734858778945636
408.0 0.001866866477939766
409.0 0.0015272036762326024
410.0 0.0011875411473738495
411.0 0.0006215548637555912
412.0 5.5568517609572154e-05
413.0 0.0008339810847246554
414.0 0.0016123938621603884
415.0 0.0012802568562619854
416.0 0.0009481195775151718
417.0 0.0008563062692701351
418.0 0.000764492779126158
419.0 0.0006243487860047026
420.0 0.00048420470193377696
421.0 0.000411662267651991
422.0 0.0003391197878954699
423.0 1.7088758793443182e-10
424.0 1.7088758793443182e-10
425.0 1.7088758793443182e-10
426.0 0.00020964462237316184
427.0 0.00033011549476213986
428.0 0.0004505862762016477
429.0 0.00026048785457533086
430.0 7.038945568638155e-05
431.0 1.7088758793443182e-10
432.0 1.7088758793443182e-10
433.0 1.7088758793443182e-10
434.0 1.7088758793443182e-10
435.0 8.227526677728747e-05
436.0 0.0001996180117203039
437.0 0.0003006280849149334
438.0 0.00040163827179640066
439.0 0.0005485396286530886
440.0 0.0006954411674087169
441.0 0.0005337262791726971
442.0 0.0003720115728356177
443.0 0.0007274187282746425
444.0 0.0010828260201378725
445.0 0.0007155235380196245
446.0 0.0003482209422145388
447.0 0.0002567263891251059
448.0 0.0001652320179346134
449.0 8.358496188520803e-05
450.0 1.937878124635972e-06
451.0 0.00011986390973106609
452.0 0.00023778989088896196
453.0 7.946525215629663e-05
454.0 1.7088758793443182e-10
455.0 0.00027548824164114194
456.0 0.0006298359949141741
457.0 8.055775424509193e-05
458.0 1.7088758793443182e-10
459.0 1.7088758793443182e-10
460.0 1.7088758793443182e-10
461.0 1.7088758793443182e-10
462.0 4.5526050485023006e-05
463.0 0.0003564430471669766
464.0 0.0006673600637441268
465.0 0.0007254584488691762
466.0 0.0007835568794689607
467.0 0.0009765781214809977
468.0 0.0011695993634930346
469.0 0.00134441888803849
470.0 0.0015192385035334155
471.0 0.0015568606613669544
472.0 0.001594482637301553
473.0 0.002148399107682053
474.0 0.0027023157599614933
475.0 0.00278694715234451
476.0 0.0028715790904243477
477.0 0.0029284004995133728
478.0 0.0029852217267034575
479.0 0.0029797158276778646
480.0 0.002974210110551212
481.0 0.003753424243768677
482.0 0.004532638558885083
483.0 0.004237814573571086
484.0 0.003942990588257089
485.0 0.003550214023562148
486.0 0.003157437458867207
487.0 0.002893951204896439
488.0 0.0026304653147235513
489.0 0.002420140299363993
490.0 0.0022098154659033753
491.0 0.002180987394240219
492.0 0.0021521591406781226
493.0 0.0018967008145409636
494.0 0.0016412421246059239
495.0 0.0017818716514739208
496.0 0.0019225011783419177
497.0 0.001785888525773771
498.0 0.0016492760551045649
499.0 0.0016966581824817695
500.0 0.0017440401279600337
501.0 0.002048375790764112
502.0 0.0023527114535681903
503.0 0.0026301811885787174
504.0 0.002907650741690304
505.0 0.002571350705693476
506.0 0.0022350506696966477
507.0 0.0021229001504252665
508.0 0.0020107498130528256
509.0 0.001988455005630385
510.0 0.0019661601982079446
511.0 0.0020075123757123947
512.0 0.002048864553216845
513.0 0.0020464842236833647
514.0 0.002044104076048825
515.0 0.0015099450138222892
516.0 0.0009757859515957534
517.0 0.0012751042959280312
518.0 0.0015744224583613686
519.0 0.0014369399650604464
520.0 0.0012994574717595242
521.0 0.001205299577122787
522.0 0.0011111413186881691
523.0 0.0014307713172456715
524.0 0.0017504011339042336
525.0 0.0019165043340763077
526.0 0.0020826073523494415
527.0 0.002292746830789838
528.0 0.002502886127331294
529.0 0.002629231858009007
530.0 0.0027555775886867195
531.0 0.0023898495783214457
532.0 0.0020241217498551123
533.0 0.0020159539417363703
534.0 0.002007785951718688
535.0 0.0019436827642493881
536.0 0.0018795793948811479
537.0 0.0016693773432052694
538.0 0.0014591754734283313
539.0 0.0020208084606565535
540.0 0.002582441084086895
541.0 0.0034884855267591774
542.0 0.004394529605633579
543.0 0.004411584814079106
544.0 0.004428639294928871
545.0 0.004380290556582622
546.0 0.004331941454438493
547.0 0.0041959512600442395
548.0 0.004059961065649986
549.0 0.003634711174527183
550.0 0.00320946128340438
551.0 0.002664453859324567
552.0 0.0021194462533458136
553.0 0.0025120556529145688
554.0 0.0029046652343822643
555.0 0.0034377866541035473
556.0 0.00397090807382483
557.0 0.004183033524896018
558.0 0.004395158975967206
559.0 0.004274344973964617
560.0 0.004153531335759908
561.0 0.004047431866638362
562.0 0.0039413327613146976
563.0 0.0033353790058754385
564.0 0.0027294257961330004
565.0 0.0030996106943348423
566.0 0.0034697954106377438
567.0 0.003973202547058463
568.0 0.004476609683479182
569.0 0.005257263183011673
570.0 0.006037916318746284
571.0 0.006796576053602621
572.0 0.007555235788458958
573.0 0.007419793837470934
574.0 0.007284351158887148
575.0 0.006901047163410112
576.0 0.006517743895528838
577.0 0.005883911944692954
578.0 0.0052500803576549515
579.0 0.005094637890579179
580.0 0.004939195787301287
581.0 0.0055451258958783
582.0 0.006151056004455313
583.0 0.007847337110433728
584.0 0.009543618216412142
585.0 0.010519354691496119
586.0 0.011495092621771619
587.0 0.01114003753173165
588.0 0.010784984624478966
589.0 0.010534827742958441
590.0 0.010284673771820962
591.0 0.00949344685068354
592.0 0.008702218474354595
593.0 0.00765386939747259
594.0 0.006605521775782108
595.0 0.005892915578442626
596.0 0.005180309744901024
597.0 0.005228201553109102
598.0 0.00527609336131718
599.0 0.006561352347489446
600.0 0.00784660951467231
601.0 0.008972924842964858
602.0 0.010099237988470122
603.0 0.01037659021676518
604.0 0.010653941717464477
605.0 0.010525729885557666
606.0 0.010397517326055095
607.0 0.009700282680569217
608.0 0.009003046579891816
609.0 0.007589718734379858
610.0 0.006176392344059423
611.0 0.005027225051890127
612.0 0.0038780588511144742
613.0 0.0034641692764125764
614.0 0.0030502800655085593
615.0 0.00392967886000406
616.0 0.004809077654499561
617.0 0.005956842142040841
618.0 0.007104606629582122
619.0 0.00852794328238815
620.0 0.009951279207598418
621.0 0.010167867003474385
622.0 0.01038445407175459
623.0 0.010680385457817465
624.0 0.01097631684388034
625.0 0.010593766637612134
626.0 0.01021121715893969
627.0 0.008421131497016177
628.0 0.006631045835092664
629.0 0.005280072218738496
630.0 0.003929098602384329
631.0 0.0031062267225934193
632.0 0.0022833546609035693
633.0 0.0025178434952977113
634.0 0.0027523323296918534
635.0 0.002948011206171941
636.0 0.003143690264550969
637.0 0.003511010072543286
638.0 0.003878329516737722
639.0 0.004761644595419057
640.0 0.005644960037898272
641.0 0.005717554086004384
642.0 0.005790147770312615
643.0 0.005679166133631952
644.0 0.0055681844969512895
645.0 0.0048948244511848316
646.0 0.004221464769216254
647.0 0.003820330312009901
648.0 0.0034191965823993087
649.0 0.0027193369533051737
650.0 0.0020194773242110386
651.0 0.0017202437447849661
652.0 0.0014210100744094234
653.0 0.001350490674667526
654.0 0.0012799710930266883
655.0 0.0013776148080069106
656.0 0.0014752587048860732
657.0 0.0016817439245642163
658.0 0.0018882292351918295
659.0 0.0016312651496264152
660.0 0.0013743013369094115
661.0 0.0014756249584024772
662.0 0.0015769486708450131
663.0 0.0016415657228208147
664.0 0.0017061824109987356
665.0 0.002279630098200869
666.0 0.0028530779673019424
667.0 0.003547401138348505
668.0 0.004241724673192948
669.0 0.0051246388466097414
670.0 0.006007552292430773
671.0 0.00657706186757423
672.0 0.007146568532334641
673.0 0.007439299952238798
674.0 0.007732031372142956
675.0 0.007460996130248532
676.0 0.007189960888354108
677.0 0.006455180118791759
678.0 0.005720398257835768
679.0 0.004275234459782951
680.0 0.0028300702979322523
681.0 0.001720233376545366
682.0 0.00061039672800689
683.0 0.0005110608981340192
684.0 0.0004117251592106186
685.0 0.00022518347577715758
686.0 3.8641826449747896e-05
687.0 0.00013804852869725437
688.0 0.0002374551286266069
689.0 0.000336254788635415
690.0 0.0004350544713815907
691.0 0.0003655078216979746
692.0 0.0002959610355901532
693.0 0.0003514131776682916
694.0 0.00040686531974643003
695.0 0.0002827931893989444
696.0 0.0001587209908393561
697.0 0.0002535173280193703
698.0 0.00034831366519938456
699.0 0.00034866823170887074
700.0 0.0003490229346425622
701.0 0.0004600908141583204
702.0 0.000571158625461976
703.0 0.00040781887946650386
704.0 0.0002444791562083992
705.0 0.00013033049981459044
706.0 1.6181783735191857e-05
707.0 0.00011905950714208302
708.0 0.00022193721633811947
709.0 0.0001796871629267116
710.0 0.00013743701856583357
711.0 0.0002896953674280667
712.0 0.0004419535798660945
713.0 0.00015215927078315872
714.0 1.7088758793443182e-10
715.0 1.7088758793443182e-10
716.0 8.418926995545917e-05
717.0 0.00018146216689274297
718.0 0.0002787349785648985
719.0 0.00021956066120765172
720.0 0.00016038626426961855
721.0 0.0003046203119083657
722.0 0.0004488543254410615
723.0 0.0002968426770166843
724.0 0.00014483092627415317
725.0 0.0003829015440715011
726.0 0.00062097201407596
727.0 0.00027549938295123866
728.0 1.7088758793443182e-10
729.0 1.7088758793443182e-10
730.0 5.0138163487645215e-05
731.0 2.902988285313768e-05
732.0 7.921533295984773e-06
733.0 0.0001369350684399251
734.0 0.00026594877908792114
735.0 2.0305976988765906e-05
736.0 1.7088758793443182e-10
737.0 1.7088758793443182e-10
738.0 1.7088758793443182e-10
739.0 3.3654828257567715e-05
740.0 0.0001451508865102369
741.0 9.536854577163467e-05
742.0 4.5586156716126425e-05
743.0 0.00011943390063606785
744.0 0.00019328163034515455
745.0 0.0003318877361380146
746.0 0.00047049379645613953
747.0 0.0004519124559010379
748.0 0.00043333111534593627
749.0 0.0004328911018092185
750.0 0.0004324509973230306
751.0 0.00047343210098915733
752.0 0.0005144132501300192
753.0 0.0003355803983140504
754.0 0.00015674755786676542
755.0 0.00046264099182735663
756.0 0.0007685345735808369
757.0 0.0004620559593604412
758.0 0.00015557737924609683
759.0 0.00010688551128623658
760.0 5.819359216729936e-05
761.0 0.0004835821528104134
762.0 0.0009089705599762965
763.0 0.0007141795322240796
764.0 0.0005193881861487171
765.0 0.00033611163416935597
766.0 0.0001528351049273624
767.0 0.0003450472604527022
768.0 0.0005372593932406744
769.0 0.00034613678963069106
770.0 0.00015501412917728885
771.0 0.00032591024137218483
772.0 0.0004968063876731321
773.0 0.0004919784259982407
774.0 0.0004871505552728195
775.0 6.312734512903262e-05
776.0 1.7088758793443182e-10
777.0 1.7088758793443182e-10
778.0 1.7088758793443182e-10
779.0 0.0003699197122841724
780.0 0.0009101754585572053
781.0 0.0007459449534508167
782.0 0.0005817142209707526
783.0 0.0003713743353728205
784.0 0.00016103444977488834
785.0 0.0001725216634440585
786.0 0.00018400891121927998
787.0 0.0002474554548825836
788.0 0.00031090210086404113
789.0 0.00024493097043887246
790.0 0.0001789597604329174
791.0 0.00038841476452944335
792.0 0.0005978697117825504
793.0 0.0007713147169852164
794.0 0.0009447598131373525
795.0 0.0006579274668183643
796.0 0.00037109514323674375
797.0 0.0005251878519629827
798.0 0.0006792804470023839
799.0 0.0005370926828618394
800.0 0.00039490491872129496
801.0 0.0006105252396082506
802.0 0.0008261457878688816
803.0 0.0008143265404214617
804.0 0.000802507383923512
805.0 0.0006370920800691238
806.0 0.0004716767307400005
807.0 1.3965966161322285e-05
808.0 1.7088758793443182e-10
809.0 0.00029659670417458983
810.0 0.0010369383744546212
811.0 0.0008373357559321448
812.0 0.0006377333193086088
813.0 0.0006370088613039115
814.0 0.0006362844487739494
815.0 0.000573986744711874
816.0 0.0005116890406497987
817.0 0.0006290743385761743
818.0 0.0007464595455530798
819.0 0.0007344300684053451
820.0 0.0007224005912576104
821.0 0.0008733201866562013
822.0 0.001024239645630587
823.0 0.0010034195838670712
824.0 0.0009825997040024959
825.0 0.0011522695785970427
826.0 0.00132193963509053
827.0 0.0007532665676990291
828.0 0.0001845935003075283
829.0 0.0003797875251621008
830.0 0.0005749815500166733
831.0 0.0006565875082742423
832.0 0.0007381936484307516
833.0 0.0007934921995911282
834.0 0.0008487904779030941
835.0 0.000695650032866979
836.0 0.000542509633305599
837.0 0.0005327539383870317
838.0 0.0005229982889431994
839.0 0.0007273903975146823
840.0 0.0009317823241872247
841.0 0.0009297427823184989
842.0 0.0009277032404497731
843.0 0.0009942787983163726
844.0 0.0010608544471324421
845.0 0.0008422204700764269
846.0 0.0006235863565962063
847.0 0.0008534183507435955
848.0 0.00108325048131519
849.0 0.0010737272532423958
850.0 0.0010642039342201315
851.0 0.0007717174412391614
852.0 0.00047923099373292644
853.0 0.0004537364020507084
854.0 0.0004282419013179606
855.0 0.0005830217105540214
856.0 0.0007378014288406121
857.0 0.0007059582458168734
858.0 0.0006741149263689294
859.0 0.0005293600679578958
860.0 0.00038460530049633235
861.0 0.000720787556929281
862.0 0.0010569696314632893
863.0 0.001411416997143533
864.0 0.0017658641809248365
865.0 0.001884150151454378
866.0 0.0020024363038828596
867.0 0.002080401282000821
868.0 0.002158366442017723
869.0 0.0025421069949516095
870.0 0.002925847365986556
871.0 0.0030545965273631737
872.0 0.0031833456887397915
873.0 0.002832974678312894
874.0 0.002482604031683877
875.0 0.0024397289962507784
