lsstCam/transmission_filter_detector/r11_s12/u_24/19700101T000000.ecsv
# %ECSV 1.0
# ---
# datatype:
# - {name: wavelength, unit: nm, datatype: float32}
# - {name: efficiency, unit: '%', datatype: float64}
# meta: !!omap
# - {MODE: DETECTOR}
# - {TYPE: transmission_filter_detector}
# - {CALIBDATE: '1970-01-01T00:00:00'}
# - {INSTRUME: LSSTCam}
# - {OBSTYPE: transmission_filter_detector}
# - {CALIBCLS: lsst.ip.isr.IntermediateFilterDetectorTransmissionCurve}
# - {SOURCE: Materion (DM-46256)}
# - {DETECTOR: 41}
# - {FILTER: u_24}
# - {CALIB_ID: 'calibDate=1970-01-01T00:00:00 filter=u_24 detector=41'}
# - {DATE: '2025-04-02T15:59:39.939081'}
# - {CALIB_CREATION_DATE: '2025-04-02'}
# - {CALIB_CREATION_TIME: '15:59:39'}
# - __serialized_columns__:
#     efficiency:
#       __class__: astropy.units.quantity.Quantity
#       unit: !astropy.units.Unit {unit: '%'}
#       value: !astropy.table.SerializedColumn {name: efficiency}
#     wavelength:
#       __class__: astropy.units.quantity.Quantity
#       unit: !astropy.units.Unit {unit: nm}
#       value: !astropy.table.SerializedColumn {name: wavelength}
# schema: astropy-2.0
wavelength efficiency
295.0 1.589976739678478e-10
296.0 1.589976739678478e-10
297.0 1.589976739678478e-10
298.0 1.589976739678478e-10
299.0 1.589976739678478e-10
300.0 1.589976739678478e-10
301.0 1.589976739678478e-10
302.0 0.11256029829382896
303.0 1.589976739678478e-10
304.0 0.031395748374052346
305.0 0.7241439074277878
306.0 1.4569981954991817
307.0 2.87284217774868
308.0 4.8117127269506454
309.0 7.906853407621384
310.0 10.837683081626892
311.0 14.612062275409698
312.0 18.33253502845764
313.0 21.63727432489395
314.0 24.637801945209503
315.0 27.14489996433258
316.0 29.262775182724
317.0 31.588315963745117
318.0 34.066322445869446
319.0 37.62894570827484
320.0 42.86174476146698
321.0 47.96796143054962
322.0 53.95524501800537
323.0 59.450238943099976
324.0 64.35022354125977
325.0 67.79064536094666
326.0 70.2640175819397
327.0 72.22329378128052
328.0 73.9726722240448
329.0 75.35394430160522
330.0 76.75703763961792
331.0 77.65911817550659
332.0 78.06733250617981
333.0 78.2456636428833
334.0 78.09563279151917
335.0 78.25818061828613
336.0 78.3655047416687
337.0 78.74568104743958
338.0 79.63261008262634
339.0 80.19392490386963
340.0 80.61733841896057
341.0 81.2176525592804
342.0 81.46820664405823
343.0 81.48699402809143
344.0 81.66295886039734
345.0 81.96314573287964
346.0 82.33871459960938
347.0 82.589590549469
348.0 82.85173177719116
349.0 83.08302760124207
350.0 83.17843079566956
351.0 83.32563042640686
352.0 83.2495629787445
353.0 83.15535187721252
354.0 83.10531377792358
355.0 83.29629302024841
356.0 83.47808122634888
357.0 83.40473175048828
358.0 83.11067819595337
359.0 82.97832608222961
360.0 82.77456760406494
361.0 82.67431259155273
362.0 82.51281976699829
363.0 82.63025879859924
364.0 82.72594809532166
365.0 82.93595314025879
366.0 83.12622308731079
367.0 83.10576677322388
368.0 83.06199312210083
369.0 83.00482034683228
370.0 82.70950317382812
371.0 82.47729539871216
372.0 82.47868418693542
373.0 82.60229825973511
374.0 82.6168954372406
375.0 82.85953998565674
376.0 82.96999335289001
377.0 82.95448422431946
378.0 83.0768346786499
379.0 82.81241655349731
380.0 82.18125700950623
381.0 80.97841143608093
382.0 79.29388880729675
383.0 77.42648124694824
384.0 75.29921531677246
385.0 73.00149202346802
386.0 70.61696648597717
387.0 67.43746995925903
388.0 64.2911970615387
389.0 60.44493317604065
390.0 56.577855348587036
391.0 52.36153602600098
392.0 47.90063202381134
393.0 44.07563507556915
394.0 40.83196818828583
395.0 37.55649924278259
396.0 34.17784571647644
397.0 29.763612151145935
398.0 24.54405128955841
399.0 18.04187297821045
400.0 11.738740652799606
401.0 6.781191378831863
402.0 3.162785619497299
403.0 1.0978777892887592
404.0 0.3097222186625004
405.0 0.15168789541348815
406.0 0.07769164512865245
407.0 0.009447550110053271
408.0 1.589976739678478e-10
409.0 1.589976739678478e-10
410.0 0.0031392901291837916
411.0 1.589976739678478e-10
412.0 1.589976739678478e-10
413.0 1.589976739678478e-10
414.0 1.589976739678478e-10
415.0 1.589976739678478e-10
416.0 1.589976739678478e-10
417.0 1.589976739678478e-10
418.0 1.589976739678478e-10
419.0 1.589976739678478e-10
420.0 1.589976739678478e-10
421.0 1.589976739678478e-10
422.0 1.589976739678478e-10
423.0 1.589976739678478e-10
424.0 1.589976739678478e-10
425.0 1.589976739678478e-10
426.0 1.589976739678478e-10
427.0 1.589976739678478e-10
428.0 1.589976739678478e-10
429.0 0.0010232995009573642
430.0 0.0032966789149213582
431.0 0.0018409575204714201
432.0 0.0003852363533951575
433.0 0.000898254438652657
434.0 0.001411272842233302
435.0 0.0017743112039170228
436.0 0.002137350384145975
437.0 0.0007547463155788137
438.0 1.589976739678478e-10
439.0 0.00010028236374637345
440.0 0.0008284230716526508
441.0 0.0001867945115918701
442.0 1.589976739678478e-10
443.0 1.589976739678478e-10
444.0 1.589976739678478e-10
445.0 1.589976739678478e-10
446.0 1.589976739678478e-10
447.0 1.589976739678478e-10
448.0 0.00010182443475059699
449.0 8.397279316341155e-05
450.0 6.612064566979825e-05
451.0 1.589976739678478e-10
452.0 1.589976739678478e-10
453.0 0.0005042425073042978
454.0 0.0012557845366245601
455.0 0.00027482392397359945
456.0 1.589976739678478e-10
457.0 1.589976739678478e-10
458.0 1.589976739678478e-10
459.0 1.589976739678478e-10
460.0 1.589976739678478e-10
461.0 1.589976739678478e-10
462.0 1.589976739678478e-10
463.0 1.589976739678478e-10
464.0 0.00012596225360539393
465.0 0.00041042681004910264
466.0 0.0006948913778614951
467.0 1.589976739678478e-10
468.0 1.589976739678478e-10
469.0 1.589976739678478e-10
470.0 0.0011872873074025847
471.0 1.589976739678478e-10
472.0 1.589976739678478e-10
473.0 1.589976739678478e-10
474.0 1.589976739678478e-10
475.0 1.589976739678478e-10
476.0 1.589976739678478e-10
477.0 1.589976739678478e-10
478.0 3.62412578169824e-05
479.0 1.589976739678478e-10
480.0 1.589976739678478e-10
481.0 1.589976739678478e-10
482.0 0.00018793656408888637
483.0 1.589976739678478e-10
484.0 1.589976739678478e-10
485.0 1.589976739678478e-10
486.0 1.589976739678478e-10
487.0 1.589976739678478e-10
488.0 1.589976739678478e-10
489.0 1.589976739678478e-10
490.0 1.589976739678478e-10
491.0 1.589976739678478e-10
492.0 1.589976739678478e-10
493.0 1.589976739678478e-10
494.0 1.589976739678478e-10
495.0 1.589976739678478e-10
496.0 0.00043278919292788487
497.0 8.037368388613686e-05
498.0 1.589976739678478e-10
499.0 1.589976739678478e-10
500.0 1.589976739678478e-10
501.0 1.589976739678478e-10
502.0 1.589976739678478e-10
503.0 1.589976739678478e-10
504.0 1.589976739678478e-10
505.0 1.589976739678478e-10
506.0 1.589976739678478e-10
507.0 1.589976739678478e-10
508.0 1.589976739678478e-10
509.0 1.589976739678478e-10
510.0 1.589976739678478e-10
511.0 1.589976739678478e-10
512.0 0.00011086876838817261
513.0 0.0002784100615826901
514.0 0.00044595121835300233
515.0 0.0004938876827509375
516.0 0.0005418241471488727
517.0 1.589976739678478e-10
518.0 1.589976739678478e-10
519.0 1.589976739678478e-10
520.0 4.397198267724889e-05
521.0 0.0006811366802139673
522.0 0.0013183012924855575
523.0 0.0006577296971954638
524.0 1.589976739678478e-10
525.0 1.589976739678478e-10
526.0 1.589976739678478e-10
527.0 1.589976739678478e-10
528.0 1.589976739678478e-10
529.0 5.9715858924391796e-05
530.0 0.0001796528977138223
531.0 0.00028949666557309683
532.0 0.0003993403424829012
533.0 1.589976739678478e-10
534.0 1.589976739678478e-10
535.0 1.589976739678478e-10
536.0 1.589976739678478e-10
537.0 1.589976739678478e-10
538.0 1.589976739678478e-10
539.0 1.589976739678478e-10
540.0 1.589976739678478e-10
541.0 1.589976739678478e-10
542.0 1.589976739678478e-10
543.0 1.589976739678478e-10
544.0 1.589976739678478e-10
545.0 1.589976739678478e-10
546.0 3.784368516335235e-05
547.0 0.0001508454374743451
548.0 0.00026384720968053443
549.0 1.589976739678478e-10
550.0 1.589976739678478e-10
551.0 1.589976739678478e-10
552.0 1.589976739678478e-10
553.0 0.00017247398318431806
554.0 0.0004071028797625331
555.0 1.589976739678478e-10
556.0 1.589976739678478e-10
557.0 1.589976739678478e-10
558.0 1.589976739678478e-10
559.0 1.589976739678478e-10
560.0 0.0003470978072073194
561.0 5.159599822945893e-05
562.0 1.589976739678478e-10
563.0 1.589976739678478e-10
564.0 1.589976739678478e-10
565.0 1.589976739678478e-10
566.0 1.589976739678478e-10
567.0 1.589976739678478e-10
568.0 0.00024813248273858335
569.0 0.0002902123696912895
570.0 0.0003322921429571579
571.0 0.0003815158379438799
572.0 0.00043073969209217466
573.0 0.0004474785782804247
574.0 0.00046421787374129053
575.0 0.00027843111638503615
576.0 9.264452955903835e-05
577.0 0.000399106829718221
578.0 0.0007055690730339848
579.0 0.00044480880205810536
580.0 0.00018404848560749087
581.0 0.00045203805711935274
582.0 0.0007200279014796251
583.0 0.0010943178494926542
584.0 0.0014686080248793587
585.0 0.0009787986527953763
586.0 0.0004889890078629833
587.0 0.0009261868399335071
588.0 0.0013633848539029714
589.0 0.0010814595043484587
590.0 0.0007995339728950057
591.0 0.0008308437827508897
592.0 0.0008621535016573034
593.0 0.0007285203082574299
594.0 0.0005948867965344107
595.0 0.000770120277593378
596.0 0.0009453534403291997
597.0 0.0009657435839471873
598.0 0.000986133272817824
599.0 0.0010945141184492968
600.0 0.001202894691232359
601.0 0.001377980788674904
602.0 0.0015530671589658596
603.0 0.0015200879715848714
604.0 0.001487109148001764
605.0 0.0016382306057494134
606.0 0.0017893524272949435
607.0 0.001764178705343511
608.0 0.0017390049833920784
609.0 0.0011613046808633953
610.0 0.0005836041054863017
611.0 0.0008057891136559192
612.0 0.0010279742127750069
613.0 0.0006722644229739672
614.0 0.0003165547695971327
615.0 0.0007030948381725466
616.0 0.0010896350431721658
617.0 0.0008696933036844712
618.0 0.000649751791570452
619.0 0.0005825277185067534
620.0 0.0005153039182914654
621.0 0.0007288105280167656
622.0 0.0009423170922673307
623.0 0.0005645483724947553
624.0 0.00018677950492929085
625.0 0.0004991386958863586
626.0 0.0008114978300000075
627.0 0.0007186207767517772
628.0 0.0006257439508772222
629.0 0.0005073964530311059
630.0 0.00038904918255866505
631.0 0.0010671038580767345
632.0 0.0017451584426453337
633.0 0.0015421705029439181
634.0 0.0013391829270403832
635.0 0.0017988186300499365
636.0 0.00225845451495843
637.0 0.002397162825218402
638.0 0.0025358709535794333
639.0 0.002249624958494678
640.0 0.001963378963409923
641.0 0.0016137468264787458
642.0 0.001264114871446509
643.0 0.0007260146503540454
644.0 0.00018791439515553066
645.0 0.0001561719159326458
646.0 0.0001244293684976583
647.0 1.589976739678478e-10
648.0 1.589976739678478e-10
649.0 0.00010311709957022686
650.0 0.0003422197096369928
651.0 0.0006529217898787465
652.0 0.0009636240974941757
653.0 0.0015110214917513076
654.0 0.0020584187950589694
655.0 0.0014751210073882248
656.0 0.0008918231287680101
657.0 0.0020754880097229034
658.0 0.0032591527997283265
659.0 0.0034881417377619073
660.0 0.0037171303119976074
661.0 0.003935112908948213
662.0 0.004153095505898818
663.0 0.0035342774935998023
664.0 0.002915459481300786
665.0 0.0026376648747827858
666.0 0.0023598699044669047
667.0 0.0019825583876809105
668.0 0.0016052463251980953
669.0 0.0011877561519213486
670.0 0.000770265978644602
671.0 0.0005763927219959442
672.0 0.0003825194198725512
673.0 0.00014500894849334145
674.0 1.589976739678478e-10
675.0 0.00024367702735617058
676.0 0.0005798557140224148
677.0 0.0010867534001590684
678.0 0.0015936513591441326
679.0 0.001812310074456036
680.0 0.0020309686078689992
681.0 0.0026855914256884716
682.0 0.0033402138797100633
683.0 0.004739242649520747
684.0 0.006138271419331431
685.0 0.006688501161988825
686.0 0.007238732359837741
687.0 0.007252676732605323
688.0 0.007266620377777144
689.0 0.006430439680116251
690.0 0.005594258982455358
691.0 0.0049908874643733725
692.0 0.004387515582493506
693.0 0.003662474045995623
694.0 0.002937432327598799
695.0 0.0025248109523090534
696.0 0.002112189758918248
697.0 0.0016222686099354178
698.0 0.0011323474609525874
699.0 0.0008578876986575779
700.0 0.0005834276635141578
701.0 0.0003309500471004867
702.0 7.847259553273034e-05
703.0 0.00029963880479044747
704.0 0.0005208052243688144
705.0 0.0006133988790679723
706.0 0.0007059927156660706
707.0 0.0008341833563463297
708.0 0.0009623737241781782
709.0 0.0007886189450800885
710.0 0.0006148640295577934
711.0 0.000842755071062129
712.0 0.0010706458851927891
713.0 0.0009496373422734905
714.0 0.000828628890303662
715.0 0.0008116820936265867
716.0 0.0007947352969495114
717.0 0.0007044361609587213
718.0 0.000614136934018461
719.0 0.0005738574145652819
720.0 0.0005335778951121029
721.0 0.0007015808023425052
722.0 0.0008695838005223777
723.0 0.000633027775620576
724.0 0.0003964717507187743
725.0 0.00014670695236418396
726.0 1.589976739678478e-10
727.0 0.0002116566065524239
728.0 0.0005263712409941945
729.0 0.0002105553676301497
730.0 1.589976739678478e-10
731.0 1.589976739678478e-10
732.0 1.589976739678478e-10
733.0 1.589976739678478e-10
734.0 1.589976739678478e-10
735.0 0.00027338514883012976
736.0 0.000761038336349884
737.0 0.0006394479441951262
738.0 0.0005178575065656332
739.0 0.00036149633615423227
740.0 0.00020513512026809622
741.0 0.0006701905476802494
742.0 0.001135246111516608
743.0 0.0013747457160206977
744.0 0.001614245047676377
745.0 0.001990069358726032
746.0 0.002365893487876747
747.0 0.0031635154300602153
748.0 0.003961136826546863
749.0 0.003649657082860358
750.0 0.003338177702971734
751.0 0.0036865556467091665
752.0 0.0040349339542444795
753.0 0.003274524715379812
754.0 0.0025141151127172634
755.0 0.002478852547938004
756.0 0.0024435903469566256
757.0 0.002074295662168879
758.0 0.0017050007954821922
759.0 0.0013164215488359332
760.0 0.000927842211240204
761.0 0.0008988968147605192
762.0 0.0008699515092303045
763.0 0.0007343918241531355
764.0 0.0005988321390759666
765.0 0.0006515247605420882
766.0 0.0007042174274829449
767.0 0.0007161879238992697
768.0 0.0007281582384166541
769.0 0.0005835805495735258
770.0 0.0004390025424072519
771.0 0.00034907693589047994
772.0 0.00025915119294950273
773.0 0.00033275266559940064
774.0 0.0004063540472998284
775.0 0.00032900347832764965
776.0 0.0002516528638807358
777.0 0.0005110604433866683
778.0 0.0007704677045694552
779.0 0.0008849409823596943
780.0 0.0009994141692004632
781.0 0.001044194505084306
782.0 0.0010889748409681488
783.0 0.00089845607362804
784.0 0.0007079372608131962
785.0 0.0008571038051741198
786.0 0.001006270122161368
787.0 0.0010835026841959916
788.0 0.0011607351552811451
789.0 0.0010431365808472037
790.0 0.0009255381883122027
791.0 0.0009476242667005863
792.0 0.0009697099812910892
793.0 0.0005215210876485799
794.0 7.333215990001918e-05
795.0 0.00010858764198928839
796.0 0.00014384296491698478
797.0 0.0001348341015727783
798.0 0.0001258251700164692
799.0 2.1637461600221286e-05
800.0 1.589976739678478e-10
801.0 1.589976739678478e-10
802.0 1.589976739678478e-10
803.0 7.592773272335762e-05
804.0 0.000533800584889832
805.0 1.130847095964782e-05
806.0 1.589976739678478e-10
807.0 1.589976739678478e-10
808.0 1.589976739678478e-10
809.0 0.00010999132200595341
810.0 0.0007041703156573931
811.0 1.589976739678478e-10
812.0 1.589976739678478e-10
813.0 1.589976739678478e-10
814.0 0.0005723011781810783
815.0 0.0006555056188517483
816.0 0.0007387097411992727
817.0 0.00026287330001650844
818.0 1.589976739678478e-10
819.0 1.589976739678478e-10
820.0 1.589976739678478e-10
821.0 1.589976739678478e-10
822.0 1.589976739678478e-10
823.0 1.589976739678478e-10
824.0 1.589976739678478e-10
825.0 1.589976739678478e-10
826.0 1.589976739678478e-10
827.0 9.564746505930088e-05
828.0 0.0004656480086850934
829.0 0.00041667381083243527
830.0 0.0003676999995150254
831.0 1.589976739678478e-10
832.0 1.589976739678478e-10
833.0 1.589976739678478e-10
834.0 1.589976739678478e-10
835.0 1.589976739678478e-10
836.0 1.589976739678478e-10
837.0 1.589976739678478e-10
838.0 1.589976739678478e-10
839.0 1.589976739678478e-10
840.0 1.589976739678478e-10
841.0 1.589976739678478e-10
842.0 1.589976739678478e-10
843.0 1.589976739678478e-10
844.0 5.603607178272796e-05
845.0 9.789374644242343e-05
846.0 0.00013975135289001628
847.0 6.485038284154143e-05
848.0 1.589976739678478e-10
849.0 7.051375519040448e-05
850.0 0.00015107797253222088
851.0 0.00030626222269347636
852.0 0.00046144655243551824
853.0 1.589976739678478e-10
854.0 1.589976739678478e-10
855.0 1.589976739678478e-10
856.0 1.589976739678478e-10
857.0 0.00024114874577207956
858.0 0.0008072384844126645
859.0 0.0005682374649040867
860.0 0.00032923642265814124
861.0 0.0005229416728980141
862.0 0.0007166468094510492
863.0 0.0007773046490910929
864.0 0.000837962215882726
865.0 0.0013876200682716444
866.0 0.0019372777387616225
867.0 0.0017557504179421812
868.0 0.0015742234609206207
869.0 0.0014389830539585091
870.0 0.0013037425560469273
871.0 0.0013933665286458563
872.0 0.001482990410295315
873.0 0.0017375736206304282
874.0 0.0019921568309655413
875.0 0.0021046167603344657
876.0 0.00221707668970339
877.0 0.002183308606618084
878.0 0.002149541069229599
879.0 0.0022732187062501907
880.0 0.0023968968889676034
