lsstCam/transmission_filter_detector/r11_s12/u_24/19700101T000000.ecsv
# %ECSV 1.0
# ---
# datatype:
# - {name: wavelength, unit: nm, datatype: float32}
# - {name: efficiency, unit: '%', datatype: float64}
# meta: !!omap
# - {MODE: DETECTOR}
# - {TYPE: transmission_filter_detector}
# - {CALIBDATE: '1970-01-01T00:00:00'}
# - {INSTRUME: LSSTCam}
# - {OBSTYPE: transmission_filter_detector}
# - {CALIBCLS: lsst.ip.isr.IntermediateFilterDetectorTransmissionCurve}
# - {SOURCE: Materion (DM-46256)}
# - {DETECTOR: 41}
# - {FILTER: u_24}
# - {CALIB_ID: 'calibDate=1970-01-01T00:00:00 filter=u_24 detector=41'}
# - {DATE: '2025-04-02T15:59:39.939081'}
# - {CALIB_CREATION_DATE: '2025-04-02'}
# - {CALIB_CREATION_TIME: '15:59:39'}
# - __serialized_columns__:
#     efficiency:
#       __class__: astropy.units.quantity.Quantity
#       unit: !astropy.units.Unit {unit: '%'}
#       value: !astropy.table.SerializedColumn {name: efficiency}
#     wavelength:
#       __class__: astropy.units.quantity.Quantity
#       unit: !astropy.units.Unit {unit: nm}
#       value: !astropy.table.SerializedColumn {name: wavelength}
# schema: astropy-2.0
wavelength efficiency
[from data line 587]
882.0 0.002794020838337019
883.0 0.0027070898795500398
884.0 0.002620159648358822
885.0 0.0022510952476295643
886.0 0.001882031028799247
887.0 0.001909517595777288
888.0 0.0019370043446542695
889.0 0.001984578739211429
890.0 0.0020321525880717672
891.0 0.0022334130335366353
892.0 0.0024346734790015034
893.0 0.0025677976736915298
894.0 0.002700921322684735
895.0 0.002993484122271184
896.0 0.0032860469218576327
897.0 0.0034775115636875853
898.0 0.003668975841719657
899.0 0.003816304888459854
900.0 0.00396363357140217
901.0 0.004003485810244456
902.0 0.0040433387766825035
903.0 0.0043403590098023415
904.0 0.004637378879124299
905.0 0.004763843389810063
906.0 0.0048903075366979465
907.0 0.005352526568458416
908.0 0.005814745964016765
909.0 0.005632322427118197
910.0 0.005449898890219629
911.0 0.005650860111927614
912.0 0.005851821697433479
913.0 0.005551327558350749
914.0 0.005250833055470139
915.0 0.00499784218845889
916.0 0.004744851321447641
917.0 0.004267087206244469
918.0 0.0037893234548391774
919.0 0.004127531065023504
920.0 0.004465738675207831
921.0 0.004633213757188059
922.0 0.0048006892029661685
923.0 0.005209889786783606
924.0 0.00561908891540952
925.0 0.005991744910716079
926.0 0.006364400906022638
927.0 0.006800737901357934
928.0 0.007237071986310184
929.0 0.007342141907429323
930.0 0.007447212556144223
931.0 0.007210720650618896
932.0 0.006974227289902046
933.0 0.0068359062424860895
934.0 0.006697585195070133
935.0 0.007201854896266013
936.0 0.007706123142270371
937.0 0.007405488577205688
938.0 0.007104854739736766
939.0 0.007290796929737553
940.0 0.00747673911973834
941.0 0.006235355249373242
942.0 0.004993969923816621
943.0 0.0040741597331361845
944.0 0.00315435063384939
945.0 0.0024937757189036347
946.0 0.0018332011677557603
947.0 0.0015764193449285813
948.0 0.0013196375221014023
949.0 0.001369239453197224
950.0 0.0014188413842930458
951.0 0.0012396298188832588
952.0 0.0010604182534734719
953.0 0.0011077663657488301
954.0 0.001155114750872599
955.0 0.0018554548660176806
956.0 0.002555794890213292
957.0 0.002604082692414522
958.0 0.002652369948918931
959.0 0.002826022137014661
960.0 0.0029996735975146294
961.0 0.003537628799676895
962.0 0.004075584001839161
963.0 0.004432497371453792
964.0 0.0047894111048663035
965.0 0.0043856503907591105
966.0 0.003981889676651917
967.0 0.0043751490011345595
968.0 0.004768409053212963
969.0 0.004808255835087039
970.0 0.004848102616961114
971.0 0.004848934258916415
972.0 0.0048497659008717164
973.0 0.004495572648011148
974.0 0.004141378667554818
975.0 0.004042865475639701
976.0 0.003944351556128822
977.0 0.003436160841374658
978.0 0.0029279699447215535
979.0 0.0028132531951996498
980.0 0.0026985366275766864
981.0 0.002337495061510708
982.0 0.00197645349544473
983.0 0.002507745011826046
984.0 0.0030390363463084213
985.0 0.003513814226607792
986.0 0.003988593016401865
987.0 0.004077695848536678
988.0 0.00416679831687361
989.0 0.004897957478533499
990.0 0.005629115548799746
991.0 0.005975332533125766
992.0 0.006321549881249666
993.0 0.006234003376448527
994.0 0.006146456871647388
995.0 0.005790691648144275
996.0 0.005434923878055997
997.0 0.005209926894167438
998.0 0.004984932456864044
999.0 0.005789178248960525
1000.0 0.006593422585865483
1001.0 0.0064887899497989565
1002.0 0.006384153675753623
1003.0 0.006136143929325044
1004.0 0.005888131272513419
1005.0 0.005867272193427198
1006.0 0.005846412750543095
1007.0 0.005634854460367933
1008.0 0.005423293623607606
1009.0 0.004755404734169133
1010.0 0.004087516208528541
1011.0 0.003917702269973233
1012.0 0.0037478883314179257
1013.0 0.003219522113795392
1014.0 0.0026911558961728588
1015.0 0.002378800490987487
1016.0 0.002066444722004235
1017.0 0.0017216347259818576
1018.0 0.0013768245480605401
1019.0 0.0013849473361915443
1020.0 0.001393069851474138
1021.0 0.001152880668087164
1022.0 0.0009126915756496601
1023.0 0.0009689657417766284
1024.0 0.001025239998853067
1025.0 0.0013097916962578893
1026.0 0.0015943436665111221
1027.0 0.001471270570618799
1028.0 0.001348197565675946
1029.0 0.001456504651287105
1030.0 0.0015648120097466744
1031.0 0.0016960912034846842
1032.0 0.0018273707610205747
1033.0 0.0020638084606616758
1034.0 0.002300246342201717
1035.0 0.002388934444752522
1036.0 0.0024776221835054457
1037.0 0.0025581512090866454
1038.0 0.0026386805984657258
1039.0 0.002336890065635089
1040.0 0.0020350998966023326
1041.0 0.0015982621334842406
1042.0 0.00116142509796191
1043.0 0.0015089422049641144
1044.0 0.0018564596757641993
1045.0 0.0014019155969435815
1046.0 0.000947371700021904
1047.0 0.0022042357159079984
1048.0 0.003461100277490914
1049.0 0.0024129436496878043
1050.0 0.001364786658086814
1051.0 0.0014450954950007144
1052.0 0.0015254045138135552
1053.0 0.0017209000361617655
1054.0 0.0019163950128131546
1055.0 0.001201187478727661
1056.0 0.0004859800810663728
1057.0 0.001437684113625437
1058.0 0.002389388464507647
1059.0 0.001754198456183076
1060.0 0.0011190088116563857
1061.0 0.0010904714144999161
1062.0 0.0010619340173434466
1063.0 0.0012987447007617448
1064.0 0.0015355550203821622
1065.0 0.0011101121344836429
1066.0 0.0006846693395345937
1067.0 0.0010743920938693918
1068.0 0.0014641142115578987
1069.0 0.0019981705918326043
1070.0 0.002532226608309429
1071.0 0.0012759414858010132
1072.0 1.965663045666588e-05
1073.0 0.0003567698058759561
1074.0 0.0006938828846614342
1075.0 0.002563609268690925
1076.0 0.004433335197973065
1077.0 0.003988863682025112
1078.0 0.00354439252987504
1079.0 0.004822233677259646
1080.0 0.006100071914261207
1081.0 0.003958309753215872
1082.0 0.001816546864574775
1083.0 0.0009884282007988077
1084.0 0.00016030935512389988
1085.0 0.002212705476267729
1086.0 0.004265101233613677
1087.0 0.0032782128982944414
1088.0 0.002291324744874146
1089.0 0.004711350266006775
1090.0 0.007131375605240464
1091.0 0.005160679575055838
1092.0 0.0031899839086690918
1093.0 0.002347913687117398
1094.0 0.0015058439203130547
1095.0 0.00042739643504319247
1096.0 1.589976739678478e-10
1097.0 0.0018852437278837897
1098.0 0.0044215386878931895
1099.0 0.004172672925051302
1100.0 0.003923807526007295
