lsstCam/transmission_filter_detector/r23_s20/y_10/19700101T000000.ecsv
# %ECSV 1.0
# ---
# datatype:
# - {name: wavelength, unit: nm, datatype: float32}
# - {name: efficiency, unit: '%', datatype: float64}
# meta: !!omap
# - {MODE: DETECTOR}
# - {TYPE: transmission_filter_detector}
# - {CALIBDATE: '1970-01-01T00:00:00'}
# - {INSTRUME: LSSTCam}
# - {OBSTYPE: transmission_filter_detector}
# - {CALIBCLS: lsst.ip.isr.IntermediateFilterDetectorTransmissionCurve}
# - {SOURCE: Materion (DM-46256)}
# - {DETECTOR: 105}
# - {FILTER: y_10}
# - {CALIB_ID: 'calibDate=1970-01-01T00:00:00 filter=y_10 detector=105'}
# - {DATE: '2025-04-02T15:59:51.229798'}
# - {CALIB_CREATION_DATE: '2025-04-02'}
# - {CALIB_CREATION_TIME: '15:59:51'}
# - __serialized_columns__:
#     efficiency:
#       __class__: astropy.units.quantity.Quantity
#       unit: !astropy.units.Unit {unit: '%'}
#       value: !astropy.table.SerializedColumn {name: efficiency}
#     wavelength:
#       __class__: astropy.units.quantity.Quantity
#       unit: !astropy.units.Unit {unit: nm}
#       value: !astropy.table.SerializedColumn {name: wavelength}
# schema: astropy-2.0
wavelength efficiency
[from data line 577]
877.0 0.0018851340428227559
878.0 0.0018977212675963528
879.0 0.001825524668674916
880.0 0.052950234385207295
881.0 0.107991648837924
882.0 0.05723840440623462
883.0 0.10050544515252113
884.0 0.07415355648845434
885.0 0.09541816543787718
886.0 0.06495625129900873
887.0 0.10687675094231963
888.0 0.0732781772967428
889.0 0.12243199162185192
890.0 0.07940458599478006
891.0 0.0820809043943882
892.0 0.07139955996535718
893.0 0.10509343119338155
894.0 0.08155396208167076
895.0 0.09776080260053277
896.0 0.07110511069186032
897.0 0.11610062792897224
898.0 0.08577702683396637
899.0 0.1324618118815124
900.0 0.11816314654424787
901.0 0.14948939206078649
902.0 0.17752015264704823
903.0 0.20818058401346207
904.0 0.2200651215389371
905.0 0.3050184575840831
906.0 0.3723034169524908
907.0 0.5064358934760094
908.0 0.6691408343613148
909.0 0.9224365465342999
910.0 1.330682821571827
911.0 1.9097475335001945
912.0 2.773914486169815
913.0 4.051892086863518
914.0 5.517980083823204
915.0 7.6212964951992035
916.0 10.047513991594315
917.0 12.641559541225433
918.0 15.504005551338196
919.0 18.205256760120392
920.0 21.869559586048126
921.0 25.79248547554016
922.0 29.75570559501648
923.0 34.47659909725189
924.0 39.569804072380066
925.0 45.122793316841125
926.0 51.67531967163086
927.0 58.6108922958374
928.0 64.55711722373962
929.0 70.84232568740845
930.0 76.21857523918152
931.0 81.4349114894867
932.0 86.05878353118896
933.0 89.85457420349121
934.0 92.52878427505493
935.0 94.34080719947815
936.0 95.63698768615723
937.0 96.5350866317749
938.0 97.10480570793152
939.0 97.33856320381165
940.0 97.57396578788757
941.0 97.6557731628418
942.0 97.85704612731934
943.0 97.86773324012756
944.0 98.041170835495
945.0 97.97906279563904
946.0 98.04758429527283
947.0 98.00631999969482
948.0 98.11856746673584
949.0 98.02968502044678
950.0 98.24038743972778
951.0 98.2848584651947
952.0 98.30381870269775
953.0 98.52533340454102
954.0 98.61753582954407
955.0 98.65397810935974
956.0 98.82123470306396
957.0 98.95631074905396
958.0 99.08093214035034
959.0 99.10640716552734
960.0 99.18398857116699
961.0 99.20584559440613
962.0 99.26700592041016
963.0 99.31890964508057
964.0 99.30047392845154
965.0 99.30815100669861
966.0 99.36966300010681
967.0 99.49949383735657
968.0 99.42456483840942
969.0 99.43349361419678
970.0 99.46605563163757
971.0 99.52543377876282
972.0 99.59063529968262
973.0 99.66712594032288
974.0 99.61379766464233
975.0 99.58139657974243
976.0 99.64542984962463
977.0 99.6214210987091
978.0 99.65583682060242
979.0 99.57121014595032
980.0 99.55574870109558
981.0 99.43842887878418
982.0 99.4018018245697
983.0 99.4066596031189
984.0 99.36707615852356
985.0 99.40938353538513
986.0 99.27628636360168
987.0 99.33507442474365
988.0 99.27898049354553
989.0 99.29779171943665
990.0 99.2603063583374
991.0 99.3394672870636
992.0 99.41421747207642
993.0 99.32408332824707
994.0 99.32538866996765
995.0 99.3619978427887
996.0 99.36304092407227
997.0 99.50125217437744
998.0 99.56358671188354
999.0 99.54857230186462
1000.0 99.55812096595764
1001.0 99.53500032424927
1002.0 99.65542554855347
1003.0 99.66371059417725
1004.0 99.66047406196594
1005.0 99.5912253856659
1006.0 99.71978068351746
1007.0 99.70045685768127
1008.0 99.66947436332703
1009.0 99.61228966712952
1010.0 99.64452385902405
1011.0 99.63223934173584
1012.0 99.57144260406494
1013.0 99.55352544784546
1014.0 99.51924085617065
1015.0 99.51366186141968
1016.0 99.49662685394287
1017.0 99.56144690513611
1018.0 99.61607456207275
1019.0 99.51685070991516
1020.0 99.62833523750305
1021.0 99.77456331253052
1022.0 99.63322877883911
1023.0 99.61842894554138
1024.0 99.66049790382385
1025.0 99.64569211006165
1026.0 99.74779486656189
1027.0 99.80679750442505
1028.0 99.73693490028381
1029.0 99.81476664543152
1030.0 99.89774823188782
1031.0 99.82320666313171
1032.0 99.85383749008179
1033.0 99.75252151489258
1034.0 99.8062252998352
1035.0 99.90707635879517
1036.0 99.78420734405518
1037.0 99.72816109657288
1038.0 99.75035786628723
1039.0 99.62766766548157
1040.0 99.57382678985596
1041.0 99.69593286514282
1042.0 99.67889189720154
1043.0 99.61952567100525
1044.0 99.66709017753601
1045.0 99.42125678062439
1046.0 99.58604574203491
1047.0 99.5578944683075
1048.0 99.57073330879211
1049.0 99.52039122581482
1050.0 99.55330491065979
1051.0 99.54718351364136
1052.0 99.43482875823975
1053.0 99.26112294197083
1054.0 99.63093400001526
1055.0 99.70425963401794
1056.0 99.55317974090576
1057.0 99.62363839149475
1058.0 99.36189651489258
1059.0 99.4583785533905
1060.0 99.50336217880249
1061.0 99.38234090805054
1062.0 99.49706792831421
1063.0 99.42633509635925
1064.0 99.53969717025757
1065.0 99.53805208206177
1066.0 99.50635433197021
1067.0 99.71522092819214
1068.0 99.53520894050598
1069.0 99.30084943771362
1070.0 99.67902898788452
1071.0 99.57031011581421
1072.0 99.65155124664307
1073.0 99.72222447395325
1074.0 99.1878092288971
1075.0 99.23415184020996
1076.0 99.11746382713318
1077.0 99.39470887184143
1078.0 99.55552816390991
1079.0 99.37574863433838
1080.0 99.93924498558044
1081.0 99.21941757202148
1082.0 99.2665708065033
1083.0 99.29015636444092
1084.0 99.55449104309082
1085.0 99.40558075904846
1086.0 99.51167702674866
1087.0 99.31836128234863
1088.0 99.03913736343384
1089.0 98.93374443054199
1090.0 99.04051423072815
1091.0 99.24119710922241
1092.0 99.10451769828796
1093.0 98.88006448745728
1094.0 98.91659021377563
1095.0 98.80474209785461
1096.0 98.85168671607971
1097.0 98.54575395584106
1098.0 97.85329699516296
1099.0 98.99296164512634
1100.0 98.52854013442993
