lsstCam/transmission_filter_detector/r23_s20/y_10/19700101T000000.ecsv
# %ECSV 1.0
# ---
# datatype:
# - {name: wavelength, unit: nm, datatype: float32}
# - {name: efficiency, unit: '%', datatype: float64}
# meta: !!omap
# - {MODE: DETECTOR}
# - {TYPE: transmission_filter_detector}
# - {CALIBDATE: '1970-01-01T00:00:00'}
# - {INSTRUME: LSSTCam}
# - {OBSTYPE: transmission_filter_detector}
# - {CALIBCLS: lsst.ip.isr.IntermediateFilterDetectorTransmissionCurve}
# - {SOURCE: Materion (DM-46256)}
# - {DETECTOR: 105}
# - {FILTER: y_10}
# - {CALIB_ID: 'calibDate=1970-01-01T00:00:00 filter=y_10 detector=105'}
# - {DATE: '2025-04-02T15:59:51.229798'}
# - {CALIB_CREATION_DATE: '2025-04-02'}
# - {CALIB_CREATION_TIME: '15:59:51'}
# - __serialized_columns__:
#     efficiency:
#       __class__: astropy.units.quantity.Quantity
#       unit: !astropy.units.Unit {unit: '%'}
#       value: !astropy.table.SerializedColumn {name: efficiency}
#     wavelength:
#       __class__: astropy.units.quantity.Quantity
#       unit: !astropy.units.Unit {unit: nm}
#       value: !astropy.table.SerializedColumn {name: wavelength}
# schema: astropy-2.0
wavelength efficiency
300.0 0.10692962678149343
301.0 0.058587820967659354
302.0 0.010246009333059192
303.0 0.01135990532930009
304.0 0.01247380132554099
305.0 0.010491172724869102
306.0 0.00850854194140993
307.0 0.011555777746252716
308.0 0.01460301282349974
309.0 0.012472172966226935
310.0 0.010341335291741416
311.0 0.007445172377629206
312.0 0.0045490080083254725
313.0 0.0015355557479779236
314.0 1.5744064038591965e-10
315.0 0.0009086248610401526
316.0 0.0032951476896414533
317.0 0.0013509787095244974
318.0 1.5744064038591965e-10
319.0 0.000668166603645659
320.0 0.0019295244783279486
321.0 0.0021058509446447715
322.0 0.002282177592860535
323.0 0.0044510925363283604
324.0 0.006620007479796186
325.0 0.00369078443327453
326.0 0.0007615614322276087
327.0 0.0018236623873235658
328.0 0.002885762842197437
329.0 0.002921291525126435
330.0 0.0029568200261564925
331.0 0.0023680258891545236
332.0 0.001779231934051495
333.0 0.0027901623980142176
334.0 0.003801092680078
335.0 0.0038949980080360547
336.0 0.003988902608398348
337.0 0.0030614351999247447
338.0 0.0021339677914511412
339.0 0.0019564584363251925
340.0 0.0017789488993003033
341.0 0.0013992878848512191
342.0 0.0010196265066042542
343.0 0.0013054201190243475
344.0 0.0015912139133433811
345.0 0.0017049593225237913
346.0 0.0018187047317042015
347.0 0.0016652415069984272
348.0 0.0015117780094442423
349.0 0.0014064287825021893
350.0 0.0013010795555601362
351.0 0.0017686628780211322
352.0 0.002236246109532658
353.0 0.001880053969216533
354.0 0.0015238620107993484
355.0 0.00156510723172687
356.0 0.0016063522707554512
357.0 0.0016007023077690974
358.0 0.0015950523447827436
359.0 0.0012301945389481261
360.0 0.0008653367331135087
361.0 0.0010148705769097432
362.0 0.0011644043297565077
363.0 0.0011027854270651005
364.0 0.001041166342474753
365.0 0.0014143808584776707
366.0 0.001787595647328999
367.0 0.0018203394574811682
368.0 0.0018530834495322779
369.0 0.0013644592399941757
370.0 0.0008758350304560736
371.0 0.0013084463716950268
372.0 0.0017410575310350396
373.0 0.001972617974388413
374.0 0.002204178053943906
375.0 0.0030875606171321124
376.0 0.003970943362219259
377.0 0.004007138704764657
378.0 0.004043334411107935
379.0 0.003464922701823525
380.0 0.002886510446842294
381.0 0.0022163747416925617
382.0 0.0015462386727449484
383.0 0.001338138918072218
384.0 0.0011300388905510772
385.0 0.0009085078090720344
386.0 0.0006869767275929917
387.0 0.0006894594662298914
388.0 0.0006919422048667911
389.0 0.0006743006906617666
390.0 0.0006566589490830665
391.0 0.0005772050826635677
392.0 0.0004977511707693338
393.0 0.0005886863164050737
394.0 0.0006796214620408136
395.0 0.0006515179393318249
396.0 0.000623414325673366
397.0 0.0008104088010441046
398.0 0.0009974032764148433
399.0 0.0011529707080626395
400.0 0.0013085382306599058
401.0 0.001453623735869769
402.0 0.0015987092410796322
403.0 0.0016785872503533028
404.0 0.0017584652596269734
405.0 0.0018237537005916238
406.0 0.0018890419596573338
407.0 0.0016306425095535815
408.0 0.0013722428775508888
409.0 0.0011797801562352106
410.0 0.0009873173439700622
411.0 0.0012976476682524662
412.0 0.0016079779015854
413.0 0.0007733524398645386
414.0 1.5744064038591965e-10
415.0 0.0004155213446210837
416.0 0.0008923156201490201
417.0 0.0003684163402795093
418.0 1.5744064038591965e-10
419.0 0.00026673735646909336
420.0 0.0006889575161039829
421.0 0.0005182982022233773
422.0 0.0003476392066659173
423.0 0.0007234460099425633
424.0 0.0010992529496434145
425.0 1.8321692607514706e-05
426.0 1.5744064038591965e-10
427.0 1.5744064038591965e-10
428.0 0.0007875139090174343
429.0 7.478761858692451e-05
430.0 1.5744064038591965e-10
431.0 1.5744064038591965e-10
432.0 0.0004252685812389245
433.0 0.00013340958275875892
434.0 1.5744064038591965e-10
435.0 0.00014756582231711945
436.0 0.00045358119677985087
437.0 0.00021094438125146553
438.0 1.5744064038591965e-10
439.0 1.5744064038591965e-10
440.0 1.5744064038591965e-10
441.0 1.5744064038591965e-10
442.0 1.5744064038591965e-10
443.0 1.5744064038591965e-10
444.0 1.1614314132657455e-05
445.0 1.5744064038591965e-10
446.0 1.5744064038591965e-10
447.0 0.00016244324569925084
448.0 0.0004689719389716629
449.0 0.0003297530838608509
450.0 0.00019053424011872266
451.0 0.00019266515209892532
452.0 0.00019479637103358982
453.0 0.000434509320257348
454.0 0.0006742222467437387
455.0 0.0006722477792209247
456.0 0.0006702729933749652
457.0 0.00029967029604449635
458.0 1.5744064038591965e-10
459.0 1.5744064038591965e-10
460.0 1.5744064038591965e-10
461.0 0.00011902927781193284
462.0 0.0006110133654146921
463.0 0.0008041041837714147
464.0 0.000997194820229197
465.0 0.0009233383025275543
466.0 0.0008494816938764416
467.0 0.0010949208444799297
468.0 0.0013403598131844774
469.0 0.0016780109945102595
470.0 0.0020156621758360416
471.0 0.002451726504659746
472.0 0.0028877904696855694
473.0 0.002896955447795335
474.0 0.0029061200621072203
475.0 0.0028931783162988722
476.0 0.002880236024793703
477.0 0.0031348969059763476
478.0 0.003389557605260052
479.0 0.003437778286752291
480.0 0.0034859989682445303
481.0 0.003731881224666722
482.0 0.003977763117291033
483.0 0.003964162533520721
484.0 0.0039505619497504085
485.0 0.003783126885537058
486.0 0.0036156921851215884
487.0 0.0032254825782729313
488.0 0.0028352731533232145
489.0 0.0025276360247517005
490.0 0.0022199988961801864
491.0 0.0018778986486722715
492.0 0.0015357984011643566
493.0 0.001493992931500543
494.0 0.0014521875527861994
495.0 0.001506520220573293
496.0 0.0015608524336130358
497.0 0.0018524850020185113
498.0 0.002144117752322927
499.0 0.002309922274434939
500.0 0.002475726796546951
501.0 0.0027962834792560898
502.0 0.0031168401619652286
503.0 0.0028389034923748113
504.0 0.002560966822784394
505.0 0.002425028105790261
506.0 0.0022890895706950687
507.0 0.002149880674551241
508.0 0.002010671596508473
509.0 0.0019684681319631636
510.0 0.0019262644855189137
511.0 0.0019419430827838369
512.0 0.00195762168004876
513.0 0.00208056990231853
514.0 0.0022035181245882995
515.0 0.001752647222019732
516.0 0.0013017765013501048
517.0 0.001382067785016261
518.0 0.0014623593415308278
519.0 0.0014186412954586558
520.0 0.0013749232493864838
521.0 0.0015644733139197342
522.0 0.0017540232875035144
523.0 0.0019045432054554112
524.0 0.0020550629415083677
525.0 0.002221206705144141
526.0 0.0023873506506788544
527.0 0.002298382969456725
528.0 0.002209415288234595
529.0 0.002249537101306487
530.0 0.002289658732479438
531.0 0.0022061543859308586
532.0 0.0021226502212812193
533.0 0.002085521919070743
534.0 0.002048393798759207
535.0 0.0017562793800607324
536.0 0.0014641647794633172
537.0 0.001909525781229604
538.0 0.002354886964894831
539.0 0.002857450999727007
540.0 0.003360015034559183
541.0 0.003620887582655996
542.0 0.0038817597669549286
543.0 0.004395737778395414
544.0 0.004909715426038019
545.0 0.004807455479749478
546.0 0.0047051955334609374
547.0 0.003909525912604295
548.0 0.0031138566555455327
549.0 0.0026175304810749367
550.0 0.002121204488503281
551.0 0.002399659570073709
552.0 0.0026781150154420175
553.0 0.003139204272883944
554.0 0.003600294076022692
555.0 0.003985592047683895
556.0 0.004370890019345097
557.0 0.004432556306710467
558.0 0.0044942222302779555
559.0 0.003989579272456467
560.0 0.0034849355870392174
561.0 0.003638853377196938
562.0 0.0037927708035567775
563.0 0.003643547825049609
564.0 0.0034943248465424404
565.0 0.0039824812120059505
566.0 0.004470637941267341
567.0 0.004483911470742896
568.0 0.004497185000218451
569.0 0.005353253800421953
570.0 0.006209322600625455
571.0 0.006279444642132148
572.0 0.006349566683638841
573.0 0.006404227315215394
574.0 0.006458887946791947
575.0 0.006293052865657955
576.0 0.006127217784523964
577.0 0.005800011058454402
578.0 0.005472803968586959
579.0 0.005755480378866196
580.0 0.006038156425347552
581.0 0.007107131386874244
582.0 0.008176105620805174
583.0 0.009285709529649466
584.0 0.01039531416608952
585.0 0.010462859063409269
586.0 0.01053040468832478
587.0 0.010614300117595121
588.0 0.010698195546865463
589.0 0.010253032814944163
590.0 0.009807871538214386
591.0 0.009140746260527521
592.0 0.008473621710436419
593.0 0.0071751768700778484
594.0 0.005876733484910801
595.0 0.0056709315686021
596.0 0.005465130743687041
597.0 0.0059960442740703
598.0 0.0065269574406556785
599.0 0.007643842400284484
600.0 0.00876072735991329
601.0 0.010037711763288826
602.0 0.011314694711472839
603.0 0.0112854344479274
604.0 0.011256176367169246
605.0 0.011001317761838436
606.0 0.010746456973720342
607.0 0.009163709182757884
608.0 0.007580962119391188
609.0 0.0060277128795860335
610.0 0.00447446400357876
611.0 0.003776157245738432
612.0 0.0030778508516959846
613.0 0.0033932141377590597
614.0 0.003708577060024254
615.0 0.004724866084870882
616.0 0.005741154382121749
617.0 0.0073078961577266455
618.0 0.008874636114342138
619.0 0.01002976277959533
620.0 0.011184889444848523
621.0 0.011569268826860934
622.0 0.01195364966406487
623.0 0.011774427548516542
624.0 0.01159520325018093
625.0 0.010000528709497303
626.0 0.008405853441217914
627.0 0.006853629747638479
628.0 0.005301407873048447
629.0 0.004362111212685704
630.0 0.0034228141885250807
631.0 0.0028859918529633433
632.0 0.002349169699300546
633.0 0.00262516041402705
634.0 0.002901151128753554
635.0 0.0030633589631179348
636.0 0.0032255662517854944
637.0 0.003932504114345647
638.0 0.004639442704501562
639.0 0.0049740141548682
640.0 0.005308585605234839
641.0 0.0054429718147730455
642.0 0.005577358388109133
643.0 0.005483554559759796
644.0 0.005389750731410459
645.0 0.004938139682053588
646.0 0.004486528632696718
647.0 0.003546845618984662
648.0 0.0026071627871715464
649.0 0.00225595613301266
650.0 0.001904749842651654
651.0 0.0018443008229951374
652.0 0.00178385143954074
653.0 0.0016516376490471885
654.0 0.0015194235857052263
655.0 0.0015485942640225403
656.0 0.0015777646694914438
657.0 0.0014433217074838467
658.0 0.0013088788364257198
659.0 0.0016603898984612897
660.0 0.00201190105144633
661.0 0.001953446917468682
662.0 0.001894992783491034
663.0 0.0019611574316513725
664.0 0.0020273224436095916
665.0 0.002694970680749975
666.0 0.0033626187359914184
667.0 0.0042929761548293754
668.0 0.005223333209869452
669.0 0.005909926403546706
670.0 0.006596517050638795
671.0 0.007218134851427749
672.0 0.007839754835003987
673.0 0.007715805986663327
674.0 0.0075918593211099505
675.0 0.00732436019461602
676.0 0.0070568603405263275
677.0 0.005508353569894098
678.0 0.003959843888878822
679.0 0.002644128653628286
680.0 0.001328412054135697
681.0 0.0009357864655612502
682.0 0.000543161149835214
683.0 0.0005402380338637158
684.0 0.0005373149178922176
685.0 0.0003422927647989127
686.0 0.0001472704184379836
687.0 0.00019999383766844403
688.0 0.0002527172455302207
689.0 0.0001698136429695296
690.0 8.691004609318043e-05
691.0 1.5744064038591965e-10
692.0 1.5744064038591965e-10
693.0 1.5744064038591965e-10
694.0 0.00020980246517865453
695.0 0.0002727400215007947
696.0 0.0003356775550855673
697.0 0.0004646142315323232
698.0 0.0005935508852417115
699.0 0.0003526691671140725
700.0 0.00011178751719853608
701.0 0.00011018684062946704
702.0 0.00010858618679776555
703.0 3.975328297656233e-05
704.0 1.5744064038591965e-10
705.0 6.183877871990262e-05
706.0 0.00015275693385774503
707.0 0.00016031549421313684
708.0 0.00016787403183116112
709.0 0.0003824677605734905
710.0 0.0005970614893158199
711.0 0.000548345906281611
712.0 0.0004996302777726669
713.0 0.0001915722123158048
714.0 1.5744064038591965e-10
715.0 4.440399692384744e-06
716.0 0.00012536662552520283
717.0 1.5744064038591965e-10
718.0 1.5744064038591965e-10
719.0 0.0003233824145354447
720.0 0.0008220907147915568
721.0 0.0007940414434415288
722.0 0.000765992263040971
723.0 0.0005740047072322341
724.0 0.0003820171968982322
725.0 1.5744064038591965e-10
726.0 1.5744064038591965e-10
727.0 2.4362387307519384e-05
728.0 0.00048604438234178815
729.0 0.0005472777047543786
730.0 0.0006085111635911744
731.0 0.00044126763896201737
732.0 0.00027402452360547613
733.0 0.00027692103685694747
734.0 0.0002798177547447267
735.0 0.00014074009868636495
736.0 1.6625783416657214e-06
737.0 8.542278351342247e-05
738.0 0.00016918312439884176
739.0 0.0002949128429463599
740.0 0.00042064234548888635
741.0 0.0004864624315814581
742.0 0.0005522825631487649
743.0 0.0002812393404383329
744.0 1.0196124833328213e-05
745.0 0.00036586732221621787
746.0 0.0007215385267045349
747.0 0.0005117560249345843
748.0 0.0003019735004272661
749.0 1.5744064038591965e-10
750.0 1.5744064038591965e-10
751.0 0.00011194777016498847
752.0 0.0006052084700058913
753.0 0.0005006182163924677
754.0 0.000396027871829574
755.0 6.477437182184076e-05
756.0 1.5744064038591965e-10
757.0 1.5744064038591965e-10
758.0 0.0001368882635688351
759.0 0.00037579864056169754
760.0 0.0006147090061858762
761.0 0.00048209080887318123
762.0 0.0003494727934594266
763.0 0.00041164958020090126
764.0 0.0004738264578918461
765.0 0.0006149102773633786
766.0 0.0007559940513601759
767.0 0.0005572794179897755
768.0 0.0003585648755688453
769.0 0.0002777559984679101
770.0 0.00019694693946803454
771.0 0.00033131009331555106
772.0 0.0004656730652641272
773.0 0.000499889893035288
774.0 0.0005341066298569785
775.0 0.0004789259492099518
776.0 0.00042374517761345487
777.0 0.0004282515419617994
778.0 0.00043275804273434915
779.0 0.000719523541192757
780.0 0.001006289130600635
781.0 0.0008245971002907027
782.0 0.0006429050699807703
783.0 0.0006228186975931749
784.0 0.0006027322797308443
785.0 0.0007521699444623664
786.0 0.0009016076546686236
787.0 0.00041715602492331527
788.0 1.5744064038591965e-10
789.0 9.144232535618357e-05
790.0 0.00025018018732225755
791.0 0.0006685881089651957
792.0 0.001086995871446561
793.0 0.0008789286766841542
794.0 0.0006708616183459526
795.0 0.0007805233508406673
796.0 0.0008901850378606468
797.0 0.0008125147360260598
798.0 0.0007348445706156781
799.0 0.00039710471355647314
800.0 5.9364867865951965e-05
801.0 0.00018080197605740977
802.0 0.00030223909561755136
803.0 0.00036933533920091577
804.0 0.00043643167373375036
805.0 0.0007333057965297485
806.0 0.001030179646477336
807.0 0.0008480848009639885
808.0 0.0006659899099759059
809.0 0.0006591690635104897
810.0 0.0006523480806208681
811.0 0.0008734997209103312
812.0 0.0010946512702503242
813.0 0.000990232092590304
814.0 0.0008858130058797542
815.0 0.00083940576587338
816.0 0.000792998616816476
817.0 0.00098664422694128
818.0 0.0011802900189650245
819.0 0.0011636410818027798
820.0 0.0011469919627415948
821.0 0.0008007408723642584
822.0 0.0004544898274616571
823.0 0.0004984419319953304
824.0 0.0005423940820037387
825.0 0.0005773255907115526
826.0 0.0006122570084698964
827.0 0.0009339709322375711
828.0 0.0012556846741063055
829.0 0.0006549084901052993
830.0 5.413238000073761e-05
831.0 0.0002748116457951255
832.0 0.0004954912128596334
833.0 0.0006102989573264495
834.0 0.0007251067472680006
835.0 0.000522112122780527
836.0 0.00031911717996990774
837.0 0.0003535368932716665
838.0 0.0003879566520481603
839.0 0.0003418990445425152
840.0 0.0002958415052489727
841.0 0.0006280709385464434
842.0 0.0009603002581570763
843.0 0.0009218981176672969
844.0 0.0008834958862280473
845.0 0.0011026106221834198
846.0 0.0013217255400377326
847.0 0.0013769692486675922
848.0 0.0014322131391963921
849.0 0.0009815970770432614
850.0 0.000530980696566985
851.0 0.0009732313628774136
852.0 0.0014154819837131072
853.0 0.001112876725528622
854.0 0.0008102716492430773
855.0 0.0006418562861654209
856.0 0.0004734410595119698
857.0 0.0006346296231640736
858.0 0.0007958184141898528
859.0 0.0007420244401146192
860.0 0.0006882304205646506
861.0 0.0012391205927997362
862.0 0.0017900107195600867
863.0 0.001740359584800899
864.0 0.0016907080862438306
865.0 0.0020756564481416717
866.0 0.002460604991938453
867.0 0.00269012543867575
868.0 0.002919645885413047
869.0 0.0030898860131856054
870.0 0.0032601259590592235
871.0 0.0033607873774599284
872.0 0.0034614484320627525
873.0 0.0028870790629298426
874.0 0.0023127100575948134
875.0 0.002092628346872516
