lsstCam/transmission_filter_detector/r43_s21/u_24/19700101T000000.ecsv
# %ECSV 1.0
# ---
# datatype:
# - {name: wavelength, unit: nm, datatype: float32}
# - {name: efficiency, unit: '%', datatype: float64}
# meta: !!omap
# - {MODE: DETECTOR}
# - {TYPE: transmission_filter_detector}
# - {CALIBDATE: '1970-01-01T00:00:00'}
# - {INSTRUME: LSSTCam}
# - {OBSTYPE: transmission_filter_detector}
# - {CALIBCLS: lsst.ip.isr.IntermediateFilterDetectorTransmissionCurve}
# - {SOURCE: Materion (DM-46256)}
# - {DETECTOR: 187}
# - {FILTER: u_24}
# - {CALIB_ID: 'calibDate=1970-01-01T00:00:00 filter=u_24 detector=187'}
# - {DATE: '2025-04-02T15:59:40.617621'}
# - {CALIB_CREATION_DATE: '2025-04-02'}
# - {CALIB_CREATION_TIME: '15:59:40'}
# - __serialized_columns__:
#     efficiency:
#       __class__: astropy.units.quantity.Quantity
#       unit: !astropy.units.Unit {unit: '%'}
#       value: !astropy.table.SerializedColumn {name: efficiency}
#     wavelength:
#       __class__: astropy.units.quantity.Quantity
#       unit: !astropy.units.Unit {unit: nm}
#       value: !astropy.table.SerializedColumn {name: wavelength}
# schema: astropy-2.0
wavelength efficiency
295.0 1.9656019433628158e-10
296.0 1.9656019433628158e-10
297.0 1.9656019433628158e-10
298.0 1.9656019433628158e-10
299.0 1.9656019433628158e-10
300.0 1.9656019433628158e-10
301.0 1.9656019433628158e-10
302.0 1.9656019433628158e-10
303.0 0.2564091933891177
304.0 0.5524927284568548
305.0 1.3857615180313587
306.0 3.082173131406307
307.0 5.539408326148987
308.0 8.2652248442173
309.0 11.993055045604706
310.0 16.128282248973846
311.0 19.76875215768814
312.0 23.4048530459404
313.0 26.311302185058594
314.0 28.792104125022888
315.0 31.351161003112793
316.0 33.95102620124817
317.0 37.2718870639801
318.0 41.34012460708618
319.0 46.34221792221069
320.0 52.73842215538025
321.0 58.203721046447754
322.0 63.77868056297302
323.0 68.3280885219574
324.0 71.87959551811218
325.0 74.19145107269287
326.0 76.16441249847412
327.0 77.6904284954071
328.0 79.46287393569946
329.0 80.67596554756165
330.0 81.46835565567017
331.0 81.85078501701355
332.0 82.0246934890747
333.0 82.28480815887451
334.0 82.31277465820312
335.0 82.77377486228943
336.0 83.40176939964294
337.0 84.10253524780273
338.0 84.93385910987854
339.0 85.39093136787415
340.0 85.70271730422974
341.0 86.09296679496765
342.0 86.30471229553223
343.0 86.18565797805786
344.0 86.4908516407013
345.0 87.02214360237122
346.0 87.34367489814758
347.0 87.72968053817749
348.0 87.93067932128906
349.0 88.08642029762268
350.0 88.11704516410828
351.0 88.29271793365479
352.0 88.12412619590759
353.0 88.15046548843384
354.0 88.07913661003113
355.0 88.22076916694641
356.0 88.28097581863403
357.0 88.01344633102417
358.0 87.60716915130615
359.0 87.28112578392029
360.0 87.20251321792603
361.0 86.98241114616394
362.0 86.88102960586548
363.0 87.07475066184998
364.0 87.36883997917175
365.0 87.81298398971558
366.0 88.04382085800171
367.0 88.09558153152466
368.0 88.1917953491211
369.0 88.38368654251099
370.0 88.23680877685547
371.0 88.28283548355103
372.0 88.491690158844
373.0 88.80499005317688
374.0 88.84539604187012
375.0 89.12959694862366
376.0 89.40312266349792
377.0 89.48748707771301
378.0 89.36560153961182
379.0 88.76543641090393
380.0 87.57390975952148
381.0 85.86700558662415
382.0 83.85555744171143
383.0 81.7338764667511
384.0 79.5451819896698
385.0 76.92369818687439
386.0 74.0159273147583
387.0 70.11754512786865
388.0 65.97026586532593
389.0 61.13225221633911
390.0 56.70459866523743
391.0 52.46043801307678
392.0 48.30334186553955
393.0 44.75965201854706
394.0 41.10129475593567
395.0 36.69959604740143
396.0 31.417420506477356
397.0 24.449892342090607
398.0 17.51020699739456
399.0 10.887748003005981
400.0 5.639957636594772
401.0 2.3289788514375687
402.0 0.7438058499246836
403.0 0.278991786763072
404.0 0.14209814835339785
405.0 0.052230164874345064
406.0 0.027234700974076986
407.0 1.9656019433628158e-10
408.0 1.9656019433628158e-10
409.0 1.9656019433628158e-10
410.0 1.9656019433628158e-10
411.0 1.9656019433628158e-10
412.0 1.9656019433628158e-10
413.0 1.9656019433628158e-10
414.0 1.9656019433628158e-10
415.0 1.9656019433628158e-10
416.0 1.9656019433628158e-10
417.0 1.9656019433628158e-10
418.0 1.9656019433628158e-10
419.0 1.9656019433628158e-10
420.0 1.9656019433628158e-10
421.0 1.9656019433628158e-10
422.0 1.9656019433628158e-10
423.0 1.9656019433628158e-10
424.0 1.9656019433628158e-10
425.0 1.9656019433628158e-10
426.0 1.9656019433628158e-10
427.0 1.9656019433628158e-10
428.0 1.9656019433628158e-10
429.0 1.9656019433628158e-10
430.0 1.9656019433628158e-10
431.0 1.9656019433628158e-10
432.0 2.636438125591667e-05
433.0 1.9656019433628158e-10
434.0 1.9656019433628158e-10
435.0 1.9656019433628158e-10
436.0 1.9656019433628158e-10
437.0 1.9656019433628158e-10
438.0 1.9656019433628158e-10
439.0 0.0003435633971093921
440.0 0.0022067626559874043
441.0 0.001835961484175641
442.0 0.0014651602214144077
443.0 0.00037988891108398093
444.0 1.9656019433628158e-10
445.0 1.9656019433628158e-10
446.0 1.9656019433628158e-10
447.0 1.9656019433628158e-10
448.0 9.527696533950802e-05
449.0 0.0004986335625289939
450.0 0.0009019904609885998
451.0 0.0007283982085937168
452.0 0.0005548060926230391
453.0 6.77532113968482e-05
454.0 1.9656019433628158e-10
455.0 0.0002664231715243659
456.0 0.0009521457286609802
457.0 0.0004829924364457838
458.0 1.3839226653544756e-05
459.0 1.9656019433628158e-10
460.0 1.9656019433628158e-10
461.0 1.9656019433628158e-10
462.0 1.9656019433628158e-10
463.0 4.0747997331891384e-05
464.0 0.0004957627425028477
465.0 0.000292581603389408
466.0 8.940069733398559e-05
467.0 0.0007644482138857711
468.0 0.001439496008970309
469.0 0.0001679146748756466
470.0 1.9656019433628158e-10
471.0 1.9656019433628158e-10
472.0 1.9656019433628158e-10
473.0 1.9656019433628158e-10
474.0 1.9656019433628158e-10
475.0 1.9656019433628158e-10
476.0 1.9656019433628158e-10
477.0 1.9656019433628158e-10
478.0 1.9656019433628158e-10
479.0 1.9656019433628158e-10
480.0 1.9656019433628158e-10
481.0 1.9656019433628158e-10
482.0 1.9656019433628158e-10
483.0 0.00012761589687215746
484.0 0.0004285157046979293
485.0 1.9656019433628158e-10
486.0 1.9656019433628158e-10
487.0 1.9656019433628158e-10
488.0 0.00031585841497872025
489.0 0.00020728882645926205
490.0 9.871941983874422e-05
491.0 0.00014426235566133983
492.0 0.00018980537106472184
493.0 0.0002265480361529626
494.0 0.0002632906898725196
495.0 0.0002086976792270434
496.0 0.00015410462310683215
497.0 1.9656019433628158e-10
498.0 1.9656019433628158e-10
499.0 1.9656019433628158e-10
500.0 0.00022393796825781465
501.0 6.304958901637292e-05
502.0 1.9656019433628158e-10
503.0 3.367420333688642e-05
504.0 0.00016518720258318353
505.0 1.9656019433628158e-10
506.0 1.9656019433628158e-10
507.0 1.0706422415296402e-05
508.0 0.0004467196504265303
509.0 1.9656019433628158e-10
510.0 1.9656019433628158e-10
511.0 1.9656019433628158e-10
512.0 4.029252806958539e-05
513.0 1.9656019433628158e-10
514.0 1.9656019433628158e-10
515.0 1.9656019433628158e-10
516.0 0.00014187105534801958
517.0 6.616880909859901e-05
518.0 1.9656019433628158e-10
519.0 1.9656019433628158e-10
520.0 1.9656019433628158e-10
521.0 1.9656019433628158e-10
522.0 1.9656019433628158e-10
523.0 2.4179729507523007e-05
524.0 0.00039971969272301067
525.0 0.0002644586629685364
526.0 0.00012919769005748094
527.0 1.9656019433628158e-10
528.0 1.9656019433628158e-10
529.0 1.9656019433628158e-10
530.0 3.406626447599592e-06
531.0 4.0588474803371355e-05
532.0 7.777018140586733e-05
533.0 7.492612326132075e-05
534.0 7.208190595520136e-05
535.0 1.9656019433628158e-10
536.0 1.9656019433628158e-10
537.0 1.9656019433628158e-10
538.0 1.9656019433628158e-10
539.0 1.9656019433628158e-10
540.0 0.0001759229462550138
541.0 1.9656019433628158e-10
542.0 1.9656019433628158e-10
543.0 1.9656019433628158e-10
544.0 1.9656019433628158e-10
545.0 1.9656019433628158e-10
546.0 1.9656019433628158e-10
547.0 1.9656019433628158e-10
548.0 1.9656019433628158e-10
549.0 1.9656019433628158e-10
550.0 1.9656019433628158e-10
551.0 1.9656019433628158e-10
552.0 1.9656019433628158e-10
553.0 1.9656019433628158e-10
554.0 1.9656019433628158e-10
555.0 1.9656019433628158e-10
556.0 1.9656019433628158e-10
557.0 1.9656019433628158e-10
558.0 1.9656019433628158e-10
559.0 1.9656019433628158e-10
560.0 1.9656019433628158e-10
561.0 1.9656019433628158e-10
562.0 1.9656019433628158e-10
563.0 1.9656019433628158e-10
564.0 1.9656019433628158e-10
565.0 1.9656019433628158e-10
566.0 0.00014960268117647502
567.0 0.0003440752607275499
568.0 0.000538547828909941
569.0 0.00033005069326463854
570.0 0.0001215535803567036
571.0 0.00020659597339545144
572.0 0.00029163836643419927
573.0 0.00030794856229476864
574.0 0.0003242587126806029
575.0 0.00032775742511148565
576.0 0.0003312561375423684
577.0 0.000404942102250061
578.0 0.00047862818064459134
579.0 0.0008151353540597484
580.0 0.0011516426638991106
581.0 0.0010140052836504765
582.0 0.0008763680853007827
583.0 0.0009678580681793392
584.0 0.0010593481420073658
585.0 0.0008771601642365567
586.0 0.0006949720500415424
587.0 0.0004999450993636856
588.0 0.00030491819416056387
589.0 0.0004375145181256812
590.0 0.0005701108875655336
591.0 0.0006815852430008817
592.0 0.0007930595529614948
593.0 0.0008158377568179276
594.0 0.0008386158697248902
595.0 0.0009641427823225968
596.0 0.0010896696949203033
597.0 0.0016388097719755024
598.0 0.0021879497580812313
599.0 0.00229409706662409
600.0 0.002400244375166949
601.0 0.0025842664399533533
602.0 0.0027682885047397576
603.0 0.0025284301955252886
604.0 0.0022885718863108195
605.0 0.001810682806535624
606.0 0.001332793544861488
607.0 0.00105182980405516
608.0 0.0007708659722993616
609.0 0.0005988341854390455
610.0 0.00042680244405346457
611.0 0.0004039087798446417
612.0 0.00038101504742371617
613.0 0.0005831898306496441
614.0 0.0007853645911382046
615.0 0.0005771370979346102
616.0 0.0003689094683068106
617.0 0.0004628990154742496
618.0 0.0005568884262174834
619.0 0.0006553149887622567
620.0 0.0007537413694080897
621.0 0.0007414918854919961
622.0 0.0007292423561011674
623.0 0.0007995051419129595
624.0 0.0008697678822500166
625.0 0.0011580990758375265
626.0 0.0014464304513239767
627.0 0.0012720213817374315
628.0 0.0010976123121508863
629.0 0.0016812151443446055
630.0 0.0022648178855888546
631.0 0.00244019138335716
632.0 0.0026155650630244054
633.0 0.0026611827706801705
634.0 0.0027068004783359356
635.0 0.002768726335489191
636.0 0.0028306521926424466
637.0 0.0023336453523370437
638.0 0.0018366385120316409
639.0 0.001652623905101791
640.0 0.0014686091162730008
641.0 0.001136295759351924
642.0 0.0008039824024308473
643.0 0.00034519130167609546
644.0 1.9656019433628158e-10
645.0 6.986720109125599e-05
646.0 0.0002533342239985359
647.0 0.00040550944504502695
648.0 0.0005576845524046803
649.0 0.0006695419870084152
650.0 0.0007813992851879448
651.0 0.0012536803296825383
652.0 0.0017259611922781914
653.0 0.0018384882423561066
654.0 0.0019510152924340218
655.0 0.0024369455786654726
656.0 0.0029228760467958637
657.0 0.0032901778467930853
658.0 0.0036574794648913667
659.0 0.003595635644160211
660.0 0.0035337921872269362
661.0 0.0030728951969649643
662.0 0.0026119978429051116
663.0 0.002047915222647134
664.0 0.0014838326023891568
665.0 0.001277604496863205
666.0 0.0010713763913372532
667.0 0.0009086857062357012
668.0 0.0007459949756594142
669.0 0.000555634005650063
670.0 0.0003652728764791391
671.0 0.0005608772880805191
672.0 0.0007564817224192666
673.0 0.000853772053233115
674.0 0.0009510623385722283
675.0 0.0014894039850332774
676.0 0.0020277457224437967
677.0 0.0027057512852479704
678.0 0.003383756848052144
679.0 0.004542430906440131
680.0 0.005701104964828119
681.0 0.007495965110138059
682.0 0.009290825255447999
683.0 0.01051708750310354
684.0 0.011743350478354841
685.0 0.010914103040704504
686.0 0.010084857058245689
687.0 0.008469128079013899
688.0 0.006853399099782109
689.0 0.005669431993737817
690.0 0.004485464887693524
691.0 0.0038166421290952712
692.0 0.0031478190066991374
693.0 0.0024344923076569103
694.0 0.0017211657905136235
695.0 0.0012775083632732276
696.0 0.0008338509360328317
697.0 0.0007394771273538936
698.0 0.0006451032732002204
699.0 0.000606889398113708
700.0 0.0005686754320777254
701.0 0.000659974102745764
702.0 0.0007512726369895972
703.0 0.00057456436479697
704.0 0.00039785609260434285
705.0 0.0005435575076262467
706.0 0.0006892589226481505
707.0 0.0007437022759404499
708.0 0.0007981457201822195
709.0 0.0008706884727871511
710.0 0.0009432313163415529
711.0 0.0008347758921445347
712.0 0.0007263203315233113
713.0 0.000683123835187871
714.0 0.0006399273843271658
715.0 0.0004445282684173435
716.0 0.0002491290842954186
717.0 0.00042381420826131944
718.0 0.0005984992640151177
719.0 0.00029499976790248184
720.0 1.9656019433628158e-10
721.0 6.697403023281367e-05
722.0 0.0001424479250999866
723.0 0.0003747657729036291
724.0 0.0006070837571314769
725.0 0.0005657453129970236
726.0 0.0005244069598120404
727.0 0.0004999501015845453
728.0 0.00047549324335705023
729.0 0.0003654325382740353
730.0 0.0002553718331910204
731.0 0.0003146210701743257
732.0 0.0003738703298949986
733.0 0.0004393714789330261
734.0 0.000504872559758951
735.0 0.0005144432179804426
736.0 0.0005240139216766693
737.0 0.0007045724032650469
738.0 0.0008851307939039543
739.0 0.0015094912669155747
740.0 0.002133851739927195
741.0 0.0024321085220435634
742.0 0.002730365304159932
743.0 0.0031765895982971415
744.0 0.003622813892434351
745.0 0.004132089816266671
746.0 0.00464136537630111
747.0 0.004644916043616831
748.0 0.0046484670747304335
749.0 0.004487681508180685
750.0 0.004326895941630937
751.0 0.004026347596663982
752.0 0.003725799615494907
753.0 0.003380269481567666
754.0 0.003034739347640425
755.0 0.0025451437977608293
756.0 0.002055548429780174
757.0 0.0014646230738435406
758.0 0.0008736977179069072
759.0 0.0008142652404785622
760.0 0.0007548325811512768
761.0 0.0006886091796332039
762.0 0.0006223855962161906
763.0 0.0007068485047057038
764.0 0.000791311413195217
765.0 0.0006772700544388499
766.0 0.0005632286956824828
767.0 0.00043198861021664925
768.0 0.00030074854748818325
769.0 0.0003851702331303386
770.0 0.0004695919869845966
771.0 0.0007069530056469375
772.0 0.0009443140697840136
773.0 0.0010983028005284723
774.0 0.0012522912584245205
775.0 0.0008882533620635513
776.0 0.0005242154202278471
777.0 0.0007171927791205235
778.0 0.000910170183487935
779.0 0.0010436324373586103
780.0 0.0011770946002798155
781.0 0.0013809198208036833
782.0 0.0015847448594286107
783.0 0.001428337418474257
784.0 0.0012719300684693735
785.0 0.0013446151569951326
786.0 0.0014173002455208916
787.0 0.0012219145901326556
788.0 0.0010265288437949494
789.0 0.0010379430023021996
790.0 0.0010493570698599797
791.0 0.0009406468961969949
792.0 0.0008319367225340102
793.0 0.0007079942406562623
794.0 0.0005840516223543091
795.0 0.0005327008693711832
796.0 0.00048135020733752754
797.0 0.00018615080534800654
798.0 1.9656019433628158e-10
799.0 1.9656019433628158e-10
800.0 2.168347101871859e-06
801.0 2.9231094345050224e-05
802.0 5.629396468975756e-05
803.0 6.792432571955942e-06
804.0 1.9656019433628158e-10
805.0 1.9656019433628158e-10
806.0 1.9656019433628158e-10
807.0 3.3908392538251064e-05
808.0 8.066336363299342e-05
809.0 0.00020978113752789795
810.0 0.0003388988943697768
811.0 0.0004014746536995517
812.0 0.00046405039029195905
813.0 0.0003529717332639848
814.0 0.0002418930080239079
815.0 0.00019201343093300238
816.0 0.0001421337628926267
817.0 0.0002757396487140795
818.0 0.0004093456482223701
819.0 0.000499699081046856
820.0 0.0005900526048208121
821.0 0.0005324577159626642
822.0 0.00047486278162978124
823.0 0.0004060310402564937
824.0 0.0003371992988832062
825.0 0.00030818443974567344
826.0 0.0002791693759718328
827.0 0.0003003548044944182
828.0 0.0003215402557543712
829.0 0.0003215548304069671
830.0 0.0003215694960090332
831.0 9.361756951875577e-05
832.0 1.9656019433628158e-10
833.0 1.9656019433628158e-10
834.0 1.9656019433628158e-10
835.0 1.9656019433628158e-10
836.0 1.9656019433628158e-10
837.0 1.9656019433628158e-10
838.0 1.9656019433628158e-10
839.0 1.9656019433628158e-10
840.0 1.9656019433628158e-10
841.0 1.9656019433628158e-10
842.0 1.9656019433628158e-10
843.0 0.00010502325267225388
844.0 0.000489323338115355
845.0 0.00019917733879992738
846.0 1.9656019433628158e-10
847.0 0.00013770570603810484
848.0 0.0003663799816422397
849.0 0.0003618889877543552
850.0 0.000357397925654368
851.0 0.0004839326265937416
852.0 0.0006104673047957476
853.0 0.0007925184945634101
854.0 0.0009745697752805427
855.0 0.0010725983884185553
856.0 0.0011706273653544486
857.0 0.0012546515790745616
858.0 0.0013386758837441448
859.0 0.0013809029042022303
860.0 0.0014231294699129649
861.0 0.0016727201000321656
862.0 0.0019223109120503068
863.0 0.0020172581571387127
864.0 0.002112205584126059
865.0 0.0018754741176962852
866.0 0.0016387426512665115
867.0 0.0017693439076538198
868.0 0.001899945164041128
869.0 0.002095626769005321
870.0 0.0022913087377673946
871.0 0.0021995598217472434
872.0 0.002107810905727092
873.0 0.0025062778149731457
874.0 0.0029047449061181396
875.0 0.0029173475923016667
876.0 0.002929950278485194
