lsstCam/transmission_filter_detector/r43_s21/u_24/19700101T000000.ecsv
# %ECSV 1.0
# ---
# datatype:
# - {name: wavelength, unit: nm, datatype: float32}
# - {name: efficiency, unit: '%', datatype: float64}
# meta: !!omap
# - {MODE: DETECTOR}
# - {TYPE: transmission_filter_detector}
# - {CALIBDATE: '1970-01-01T00:00:00'}
# - {INSTRUME: LSSTCam}
# - {OBSTYPE: transmission_filter_detector}
# - {CALIBCLS: lsst.ip.isr.IntermediateFilterDetectorTransmissionCurve}
# - {SOURCE: Materion (DM-46256)}
# - {DETECTOR: 187}
# - {FILTER: u_24}
# - {CALIB_ID: 'calibDate=1970-01-01T00:00:00 filter=u_24 detector=187'}
# - {DATE: '2025-04-02T15:59:40.617621'}
# - {CALIB_CREATION_DATE: '2025-04-02'}
# - {CALIB_CREATION_TIME: '15:59:40'}
# - __serialized_columns__:
#     efficiency:
#       __class__: astropy.units.quantity.Quantity
#       unit: !astropy.units.Unit {unit: '%'}
#       value: !astropy.table.SerializedColumn {name: efficiency}
#     wavelength:
#       __class__: astropy.units.quantity.Quantity
#       unit: !astropy.units.Unit {unit: nm}
#       value: !astropy.table.SerializedColumn {name: wavelength}
# schema: astropy-2.0
wavelength efficiency
[from data line 583]
878.0 0.003190058487234637
879.0 0.0033239222830161452
880.0 0.0034577857149997726
881.0 0.003522978659020737
882.0 0.0035881719668395817
883.0 0.0034232813050039113
884.0 0.003258390643168241
885.0 0.0031385068723466247
886.0 0.0030186229196260683
887.0 0.003107764496235177
888.0 0.0031969055271474645
889.0 0.0031553165172226727
890.0 0.0031137271435000002
891.0 0.0031183917599264532
892.0 0.003123055648757145
893.0 0.003258552897023037
894.0 0.0033940501452889293
895.0 0.003290433232905343
896.0 0.0031868166843196377
897.0 0.0032787120289867744
898.0 0.003370607373653911
899.0 0.003822380313067697
900.0 0.004274153616279364
901.0 0.004360383172752336
902.0 0.004446612729225308
903.0 0.004657741374103352
904.0 0.004868870018981397
905.0 0.005230267197475769
906.0 0.005591664012172259
907.0 0.005816807606606744
908.0 0.006041950473445468
909.0 0.005973219231236726
910.0 0.005904488352825865
911.0 0.005784763925476
912.0 0.005665039861924015
913.0 0.005618367504212074
914.0 0.005571695146500133
915.0 0.005444071575766429
916.0 0.005316448005032726
917.0 0.005287627573125064
918.0 0.005258806413621642
919.0 0.005318228431860916
920.0 0.005377650450100191
921.0 0.005200553277973086
922.0 0.0050234557420481
923.0 0.005152716767042875
924.0 0.005281977792037651
925.0 0.005759874329669401
926.0 0.006237770867301151
927.0 0.006627583934459835
928.0 0.007017397001618519
929.0 0.007253447256516665
930.0 0.007489498239010572
931.0 0.0076074305980000645
932.0 0.007725363684585318
933.0 0.007565019041066989
934.0 0.007404674397548661
935.0 0.007543103129137307
936.0 0.007681531133130193
937.0 0.007263139559654519
938.0 0.006844748713774607
939.0 0.00639283171040006
940.0 0.0059409154346212745
941.0 0.0056515720643801615
942.0 0.005362228330341168
943.0 0.004662061473936774
944.0 0.00396189461753238
945.0 0.0035584023862611502
946.0 0.0031549101549899206
947.0 0.0027954994948231615
948.0 0.002436088652757462
949.0 0.0021264053430058993
950.0 0.0018167220332543366
951.0 0.0018208991605206393
952.0 0.0018250759239890613
953.0 0.001874693771242164
954.0 0.0019243112546973862
955.0 0.0018727258066064678
956.0 0.0018211398128187284
957.0 0.0020365070668049157
958.0 0.002251874320791103
959.0 0.002704589132918045
960.0 0.003157303581247106
961.0 0.0032820727938087657
962.0 0.0034068420063704252
963.0 0.0038891543226782233
964.0 0.004371466638986021
965.0 0.004684185842052102
966.0 0.004996905772713944
967.0 0.005183942994335666
968.0 0.005370980579755269
969.0 0.005325015445123427
970.0 0.005279050674289465
971.0 0.005351884101401083
972.0 0.005424717528512701
973.0 0.005292877904139459
974.0 0.005161038279766217
975.0 0.004851593257626519
976.0 0.004542148599284701
977.0 0.0045858545490773395
978.0 0.004629560498869978
979.0 0.004177571463515051
980.0 0.0037255824281601235
981.0 0.0038442980439867824
982.0 0.003963014023611322
983.0 0.003857273986795917
984.0 0.0037515339499805123
985.0 0.0038509489968419075
986.0 0.003950363316107541
987.0 0.004524273026618175
988.0 0.005098182009533048
989.0 0.005600251461146399
990.0 0.006102322004153393
991.0 0.006410737114492804
992.0 0.006719154043821618
993.0 0.007255125819938257
994.0 0.007791097596054897
995.0 0.007888159598223865
996.0 0.00798522014520131
997.0 0.007848435052437708
998.0 0.007711651414865628
999.0 0.007459357584593818
1000.0 0.0072070659371092916
1001.0 0.00650258589303121
1002.0 0.005798108031740412
1003.0 0.005532517752726562
1004.0 0.005266928201308474
1005.0 0.005147102274349891
1006.0 0.005027277074987069
1007.0 0.004672855357057415
1008.0 0.00431843327532988
1009.0 0.004173353954683989
1010.0 0.0040282742702402174
1011.0 0.003707217547344044
1012.0 0.003386160096852109
1013.0 0.00298198083328316
1014.0 0.002577801569714211
1015.0 0.002274785583722405
1016.0 0.0019717697796295397
1017.0 0.0019905790395569056
1018.0 0.0020093882994842716
1019.0 0.0016920786947594024
1020.0 0.001374768908135593
1021.0 0.0013101961485517677
1022.0 0.0012456234799174126
1023.0 0.0013660423974215519
1024.0 0.001486461223976221
1025.0 0.001671336212893948
1026.0 0.001856211201811675
1027.0 0.0020347653844510205
1028.0 0.002213320112787187
1029.0 0.0022275076844380237
1030.0 0.00224169507418992
1031.0 0.0020699410015367903
1032.0 0.0018981865650857799
1033.0 0.002192330612160731
1034.0 0.002486474477336742
1035.0 0.002750087696767878
1036.0 0.0030137009161990136
1037.0 0.0029601258574984968
1038.0 0.0029065506168990396
1039.0 0.0030082152079558
1040.0 0.00310987961711362
1041.0 0.003056474815821275
1042.0 0.003003070378326811
1043.0 0.0027872927603311837
1044.0 0.002571514960436616
1045.0 0.0024353024855372496
1046.0 0.0022990896468400024
1047.0 0.002557598054409027
1048.0 0.002816106643876992
1049.0 0.0022464882931672037
1050.0 0.0016768701243563555
1051.0 0.001769253685779404
1052.0 0.0018616372472024523
1053.0 0.0015890831491560675
1054.0 0.0013165287782612722
1055.0 0.0014582839867216535
1056.0 0.0016000391042325646
1057.0 0.0018387945601716638
1058.0 0.0020775503799086437
1059.0 0.0014473430383077357
1060.0 0.0008171359695552383
1061.0 0.001091532703867415
1062.0 0.0013659295291290618
1063.0 0.0017809414202929474
1064.0 0.0021959531295578927
1065.0 0.0016353998944396153
1066.0 0.001074846659321338
1067.0 0.0012322298061917536
1068.0 0.001389612862112699
1069.0 0.0015720826922915876
1070.0 0.001754552431521006
1071.0 0.0017738437236403115
1072.0 0.0017931351976585574
1073.0 0.0024573395421612076
1074.0 0.003121544068562798
1075.0 0.0028990583814447746
1076.0 0.0026765730581246316
1077.0 0.004037563121528365
1078.0 0.005398552457336336
1079.0 0.00509141173097305
1080.0 0.004784271368407644
1081.0 0.004251213977113366
1082.0 0.003718156585819088
1083.0 0.003980696419603191
1084.0 0.004243236253387295
1085.0 0.005230924216448329
1086.0 0.006218613270903006
1087.0 0.004673568400903605
1088.0 0.0031285235309042037
1089.0 0.003451682277955115
1090.0 0.0037748413888039067
1091.0 0.004148578591411933
1092.0 0.00452231579401996
1093.0 0.003049468250537757
1094.0 0.0015766208889544941
1095.0 0.002946603490272537
1096.0 0.004316585909691639
1097.0 0.002359602694923524
1098.0 0.0004026191163575277
1099.0 0.0025123945306404494
1100.0 0.004622169944923371
