lsstCam/transmission_filter_detector/r30_s01/y_10/19700101T000000.ecsv
# %ECSV 1.0
# ---
# datatype:
# - {name: wavelength, unit: nm, datatype: float32}
# - {name: efficiency, unit: '%', datatype: float64}
# meta: !!omap
# - {MODE: DETECTOR}
# - {TYPE: transmission_filter_detector}
# - {CALIBDATE: '1970-01-01T00:00:00'}
# - {INSTRUME: LSSTCam}
# - {OBSTYPE: transmission_filter_detector}
# - {CALIBCLS: lsst.ip.isr.IntermediateFilterDetectorTransmissionCurve}
# - {SOURCE: Materion (DM-46256)}
# - {DETECTOR: 118}
# - {FILTER: y_10}
# - {CALIB_ID: 'calibDate=1970-01-01T00:00:00 filter=y_10 detector=118'}
# - {DATE: '2025-04-02T15:59:51.289971'}
# - {CALIB_CREATION_DATE: '2025-04-02'}
# - {CALIB_CREATION_TIME: '15:59:51'}
# - __serialized_columns__:
#     efficiency:
#       __class__: astropy.units.quantity.Quantity
#       unit: !astropy.units.Unit {unit: '%'}
#       value: !astropy.table.SerializedColumn {name: efficiency}
#     wavelength:
#       __class__: astropy.units.quantity.Quantity
#       unit: !astropy.units.Unit {unit: nm}
#       value: !astropy.table.SerializedColumn {name: wavelength}
# schema: astropy-2.0
wavelength efficiency
[from data line 577]
877.0 0.00208196015591966
878.0 0.002290575321239885
879.0 0.0019262146452092566
880.0 0.05945088341832161
881.0 0.08512285421602428
882.0 0.06432670052163303
883.0 0.09021502919495106
884.0 0.06582464557141066
885.0 0.08509470499120653
886.0 0.070213433355093
887.0 0.09610274573788047
888.0 0.06534080021083355
889.0 0.0908723333850503
890.0 0.06635249592363834
891.0 0.09760637185536325
892.0 0.06832468789070845
893.0 0.10441725607961416
894.0 0.06518790614791214
895.0 0.10860462207347155
896.0 0.07831373368389904
897.0 0.10721143335103989
898.0 0.09071153472177684
899.0 0.12370500480756164
900.0 0.09042482706718147
901.0 0.11272650444880128
902.0 0.15088116051629186
903.0 0.1309785875491798
904.0 0.15800887485966086
905.0 0.1696556806564331
906.0 0.21542890463024378
907.0 0.2800042973831296
908.0 0.3243685932829976
909.0 0.44153258204460144
910.0 0.5889828782528639
911.0 0.8057786151766777
912.0 1.1592073366045952
913.0 1.7211783677339554
914.0 2.446320652961731
915.0 3.5926487296819687
916.0 5.058825388550758
917.0 6.814071536064148
918.0 8.955102413892746
919.0 11.11823171377182
920.0 14.165961742401123
921.0 17.344607412815094
922.0 20.405375957489014
923.0 23.92648160457611
924.0 27.716192603111267
925.0 31.961694359779358
926.0 37.255653738975525
927.0 43.190908432006836
928.0 48.694708943367004
929.0 54.90967035293579
930.0 60.75209975242615
931.0 66.85090065002441
932.0 72.86494374275208
933.0 78.38189005851746
934.0 82.83542990684509
935.0 86.33224368095398
936.0 89.27270174026489
937.0 91.59733057022095
938.0 93.28877329826355
939.0 94.31836009025574
940.0 95.02766728401184
941.0 95.50265073776245
942.0 95.8630383014679
943.0 96.13229632377625
944.0 96.51912450790405
945.0 96.62377834320068
946.0 96.88068628311157
947.0 96.97319269180298
948.0 97.13924527168274
949.0 97.04171419143677
950.0 97.18930721282959
951.0 97.16290235519409
952.0 97.17914462089539
953.0 97.3148763179779
954.0 97.33681082725525
955.0 97.39621877670288
956.0 97.59003520011902
957.0 97.7676510810852
958.0 97.95054793357849
959.0 98.09510707855225
960.0 98.23701977729797
961.0 98.36369156837463
962.0 98.45615029335022
963.0 98.54816794395447
964.0 98.61302971839905
965.0 98.66070747375488
966.0 98.75621199607849
967.0 98.82553815841675
968.0 98.83897304534912
969.0 98.8131046295166
970.0 98.8735020160675
971.0 98.92675876617432
972.0 98.92544150352478
973.0 99.02287721633911
974.0 99.01870489120483
975.0 99.04001355171204
976.0 99.08432364463806
977.0 99.0349531173706
978.0 99.11649227142334
979.0 99.09399747848511
980.0 99.08092021942139
981.0 99.00624752044678
982.0 98.92877340316772
983.0 98.98752570152283
984.0 98.925119638443
985.0 98.92659783363342
986.0 98.81221055984497
987.0 98.8754391670227
988.0 98.72505068778992
989.0 98.74460697174072
990.0 98.67610931396484
991.0 98.6937403678894
992.0 98.72890710830688
993.0 98.67932200431824
994.0 98.63119125366211
995.0 98.65976572036743
996.0 98.6258327960968
997.0 98.7598180770874
998.0 98.76160621643066
999.0 98.82290959358215
1000.0 98.82176518440247
1001.0 98.82012605667114
1002.0 98.96235466003418
1003.0 98.9539384841919
1004.0 99.03787970542908
1005.0 99.04908537864685
1006.0 99.16589260101318
1007.0 99.13750886917114
1008.0 99.13020730018616
1009.0 99.10154938697815
1010.0 99.11547303199768
1011.0 99.14301037788391
1012.0 99.05635714530945
1013.0 99.04706478118896
1014.0 99.02180433273315
1015.0 98.98506999015808
1016.0 98.96816611289978
1017.0 98.97348880767822
1018.0 99.04153347015381
1019.0 98.89689683914185
1020.0 98.9647626876831
1021.0 99.05614852905273
1022.0 98.92829656600952
1023.0 98.96817803382874
1024.0 98.93452525138855
1025.0 98.96257519721985
1026.0 98.98215532302856
1027.0 99.08285737037659
1028.0 99.03495907783508
1029.0 99.11704063415527
1030.0 99.11565780639648
1031.0 99.12545084953308
1032.0 99.15034174919128
1033.0 99.07865524291992
1034.0 99.17279481887817
1035.0 99.2172360420227
1036.0 99.14069175720215
1037.0 99.21005368232727
1038.0 99.1179347038269
1039.0 99.06285405158997
1040.0 98.99837970733643
1041.0 99.06768798828125
1042.0 99.03593063354492
1043.0 98.95327091217041
1044.0 99.01005029678345
1045.0 98.77620339393616
1046.0 98.92202615737915
1047.0 98.85688424110413
1048.0 98.89500737190247
1049.0 98.77234697341919
1050.0 98.83519411087036
1051.0 98.79088997840881
1052.0 98.77055287361145
1053.0 98.59126806259155
1054.0 98.90128970146179
1055.0 98.93957376480103
1056.0 98.88582825660706
1057.0 98.91963601112366
1058.0 98.68500828742981
1059.0 98.84684085845947
1060.0 98.86704087257385
1061.0 98.92420768737793
1062.0 98.84502291679382
1063.0 98.82993698120117
1064.0 99.05889630317688
1065.0 98.97868633270264
1066.0 98.9359438419342
1067.0 99.01811480522156
1068.0 98.92072081565857
1069.0 98.84310960769653
1070.0 99.2214560508728
1071.0 98.88115525245667
1072.0 99.08040761947632
1073.0 99.06969666481018
1074.0 98.72266054153442
1075.0 98.70857000350952
1076.0 98.57174754142761
1077.0 98.9124059677124
1078.0 98.94337058067322
1079.0 98.7548291683197
1080.0 99.35473799705505
1081.0 98.46357107162476
1082.0 98.6970067024231
1083.0 98.63630533218384
1084.0 98.94257187843323
1085.0 99.03937578201294
1086.0 98.67953658103943
1087.0 98.7552285194397
1088.0 98.53873252868652
1089.0 98.46038222312927
1090.0 98.79788756370544
1091.0 98.67488741874695
1092.0 98.58934879302979
1093.0 98.65245819091797
1094.0 98.39558005332947
1095.0 98.38146567344666
1096.0 98.50926399230957
1097.0 98.49003553390503
1098.0 97.82065153121948
1099.0 98.71603846549988
1100.0 98.12671542167664
