lsstCam/transmission_filter_detector/r30_s01/y_10/19700101T000000.ecsv
# %ECSV 1.0
# ---
# datatype:
# - {name: wavelength, unit: nm, datatype: float32}
# - {name: efficiency, unit: '%', datatype: float64}
# meta: !!omap
# - {MODE: DETECTOR}
# - {TYPE: transmission_filter_detector}
# - {CALIBDATE: '1970-01-01T00:00:00'}
# - {INSTRUME: LSSTCam}
# - {OBSTYPE: transmission_filter_detector}
# - {CALIBCLS: lsst.ip.isr.IntermediateFilterDetectorTransmissionCurve}
# - {SOURCE: Materion (DM-46256)}
# - {DETECTOR: 118}
# - {FILTER: y_10}
# - {CALIB_ID: 'calibDate=1970-01-01T00:00:00 filter=y_10 detector=118'}
# - {DATE: '2025-04-02T15:59:51.289971'}
# - {CALIB_CREATION_DATE: '2025-04-02'}
# - {CALIB_CREATION_TIME: '15:59:51'}
# - __serialized_columns__:
#     efficiency:
#       __class__: astropy.units.quantity.Quantity
#       unit: !astropy.units.Unit {unit: '%'}
#       value: !astropy.table.SerializedColumn {name: efficiency}
#     wavelength:
#       __class__: astropy.units.quantity.Quantity
#       unit: !astropy.units.Unit {unit: nm}
#       value: !astropy.table.SerializedColumn {name: wavelength}
# schema: astropy-2.0
wavelength efficiency
300.0 0.021502547315321863
301.0 0.01773794647306204
302.0 0.013973342720419168
303.0 0.012790149776265025
304.0 0.011606954649323598
305.0 0.00849964635563083
306.0 0.005392335151555017
307.0 0.008244819036917761
308.0 0.011097302922280505
309.0 0.009654711175244302
310.0 0.008212123066186905
311.0 0.005580688230111264
312.0 0.0029492530302377418
313.0 0.004206788435112685
314.0 0.005464323839987628
315.0 0.003376200402271934
316.0 0.0012880778740509413
317.0 0.0013248428331280593
318.0 0.001361607701255707
319.0 0.0011217394785489887
320.0 0.0008818708010949194
321.0 0.0011751872079912573
322.0 0.0014685032510897145
323.0 0.003858612762996927
324.0 0.00624872263870202
325.0 0.004056255420437083
326.0 0.0018637887478689663
327.0 0.002647401015565265
328.0 0.0034310127375647426
329.0 0.0035527165891835466
330.0 0.00367442007700447
331.0 0.0029793824069201946
332.0 0.0022843452825327404
333.0 0.0032956617360468954
334.0 0.00430697800766211
335.0 0.0034061045880662277
336.0 0.002505230440874584
337.0 0.0019034356228075922
338.0 0.0013016408047406003
339.0 0.0012758219781972002
340.0 0.0012500031516538002
341.0 0.0013096179827698506
342.0 0.001369232722936431
343.0 0.0011485755749163218
344.0 0.0009279183359467424
345.0 0.0010687902431527618
346.0 0.0012096622413082514
347.0 0.001239069752045907
348.0 0.0012684774446825031
349.0 0.0012487179446907248
350.0 0.0012289584446989466
351.0 0.0013976640730106737
352.0 0.0015663697922718711
353.0 0.001418408464815002
354.0 0.001270447228307603
355.0 0.0013761650734522846
356.0 0.001481882827647496
357.0 0.0016165975466719829
358.0 0.00175131244759541
359.0 0.0014769218978472054
360.0 0.0012025313480990008
361.0 0.001061779767042026
362.0 0.0009210281859850511
363.0 0.0009448828677705023
364.0 0.0009687374586064834
365.0 0.0013364077858568635
366.0 0.0017040782040567137
367.0 0.001912051266117487
368.0 0.0021200239643803798
369.0 0.0017575597667018883
370.0 0.0013950955690233968
371.0 0.00144755040309974
372.0 0.0015000053281255532
373.0 0.0016957974366960116
374.0 0.0018915892724180594
375.0 0.0028391292289597914
376.0 0.003786669549299404
377.0 0.004010399788967334
378.0 0.004234130756231025
379.0 0.0037423669709824026
380.0 0.0032506031857337803
381.0 0.0025681323677417822
382.0 0.0018856617316487245
383.0 0.0014030627426109277
384.0 0.0009204635716741905
385.0 0.0009338044037576765
386.0 0.0009471454177401029
387.0 0.0007151576937758364
388.0 0.000483170015286305
389.0 0.0004269686087354785
390.0 0.00037076717944728443
391.0 0.00042702886275947094
392.0 0.0004832904323848197
393.0 0.0005911547305004206
394.0 0.000699018846717081
395.0 0.0006718402801197954
396.0 0.0006446616680477746
397.0 0.0007970382284838706
398.0 0.0009494147889199667
399.0 0.00108764679680462
400.0 0.0012258788956387434
401.0 0.0014506393199553713
402.0 0.001675399653322529
403.0 0.0016879086615517735
404.0 0.0017004174878820777
405.0 0.0018075419575325213
406.0 0.001914666427182965
407.0 0.0017699012460070662
408.0 0.001625135882932227
409.0 0.0013466823475027923
410.0 0.0010682285392249469
411.0 0.001184844586532563
412.0 0.0013014603609917685
413.0 0.0007501978416257771
414.0 0.00019893548142135842
415.0 6.361407258737017e-05
416.0 1.6561775822293567e-10
417.0 4.9383658051738166e-05
418.0 0.00017047475466824835
419.0 2.2209177075183106e-05
420.0 1.6561775822293567e-10
421.0 0.00011480304920041817
422.0 0.00035566260976338526
423.0 0.0004934425305691548
424.0 0.000631222565061762
425.0 0.0004836349944525864
426.0 0.00033604756026761606
427.0 0.0005480967502080603
428.0 0.0007601458037242992
429.0 0.00029731279482803075
430.0 1.6561775822293567e-10
431.0 1.6561775822293567e-10
432.0 1.6561775822293567e-10
433.0 1.6561775822293567e-10
434.0 1.6561775822293567e-10
435.0 0.0002808737008308526
436.0 0.0006390664111677324
437.0 0.0002669316927494947
438.0 1.6561775822293567e-10
439.0 9.136885523730598e-05
440.0 0.000287940588350466
441.0 1.6561775822293567e-10
442.0 1.6561775822293567e-10
443.0 2.6401542640996922e-05
444.0 0.00037287347822712036
445.0 0.00040550735320721287
446.0 0.0004381409780762624
447.0 0.0005756690825364785
448.0 0.0007131973234208999
449.0 0.00023074474029272096
450.0 1.6561775822293567e-10
451.0 1.6561775822293567e-10
452.0 5.9786276551676565e-05
453.0 4.739490009342262e-05
454.0 3.500360321595508e-05
455.0 0.00045336491893976927
456.0 0.000871726206241874
457.0 0.00023129521196096903
458.0 1.6561775822293567e-10
459.0 1.6561775822293567e-10
460.0 1.6561775822293567e-10
461.0 1.6561775822293567e-10
462.0 0.00029617242489621276
463.0 0.0004967636414221488
464.0 0.0006973549261601875
465.0 0.0006065132311050547
466.0 0.000515671536049922
467.0 0.000808261120255338
468.0 0.001100850658986019
469.0 0.001439661718904972
470.0 0.0017784730516723357
471.0 0.002116769610438496
472.0 0.0024550659873057157
473.0 0.002472080996085424
474.0 0.0024890961867640726
475.0 0.0026790723495651037
476.0 0.0028690485123661347
477.0 0.0029135553631931543
478.0 0.0029580623959191144
479.0 0.0032237923733191565
480.0 0.0034895223507191986
481.0 0.003829326306004077
482.0 0.004169129533693194
483.0 0.003972035119659267
484.0 0.0037749403418274596
485.0 0.003600659329094924
486.0 0.0034263779525645077
487.0 0.00325950350088533
488.0 0.0030926294130040333
489.0 0.0025795117835514247
490.0 0.0020663943359977566
491.0 0.0018292093955096789
492.0 0.0015920248188194819
493.0 0.001670043457124848
494.0 0.0017480619135312736
495.0 0.0017751102859620005
496.0 0.001802158476493787
497.0 0.0016830495951580815
498.0 0.0015639408957213163
499.0 0.0017473243133281358
500.0 0.0019307075490360148
501.0 0.0022984335373621434
502.0 0.0026661597075872123
503.0 0.002570100696175359
504.0 0.0024740415028645657
505.0 0.002557025436544791
506.0 0.0026400095521239564
507.0 0.0022768228518543765
508.0 0.001913636333483737
509.0 0.0018026808902504854
510.0 0.0016917254470172338
511.0 0.0016013600543374196
512.0 0.0015109948435565457
513.0 0.0018203241779701784
514.0 0.002129653512383811
515.0 0.0018352831830270588
516.0 0.0015409130355692469
517.0 0.0015976076610968448
518.0 0.0016543024685233831
519.0 0.0013718080481339712
520.0 0.0010893138096434996
521.0 0.0012838409929827321
522.0 0.0014783680853724945
523.0 0.0015692903616582043
524.0 0.001660212546994444
525.0 0.0019759940187213942
526.0 0.002291775308549404
527.0 0.0022535710741067305
528.0 0.002215366839664057
529.0 0.0024147580916178413
530.0 0.002614149525470566
531.0 0.002496534762030933
532.0 0.002378920362389181
533.0 0.002151104672520887
534.0 0.0019232891645515338
535.0 0.0016662033885950223
536.0 0.0014091174307395704
537.0 0.001870992491603829
538.0 0.0023328679162659682
539.0 0.0027444784791441634
540.0 0.003156089223921299
541.0 0.0034471297112759203
542.0 0.00373816947103478
543.0 0.00428029743488878
544.0 0.004822424671147019
545.0 0.004845216608373448
546.0 0.004868008181801997
547.0 0.004372858165879734
548.0 0.0038777085137553513
549.0 0.0031161387596512213
550.0 0.0023545691874460317
551.0 0.0025198693037964404
552.0 0.0026851692382479087
553.0 0.0027732141461456195
554.0 0.0028612590540433303
555.0 0.0034313721698708832
556.0 0.0040014849219005555
557.0 0.0041181188862537965
558.0 0.004234752486809157
559.0 0.00396784016629681
560.0 0.0037009282095823437
561.0 0.0037975907616782933
562.0 0.003894253313774243
563.0 0.003722224573721178
564.0 0.003550195469870232
565.0 0.0036819976230617613
566.0 0.0038137994124554098
567.0 0.003988969547208399
568.0 0.004164139681961387
569.0 0.004990899469703436
570.0 0.005817659257445484
571.0 0.00633080635452643
572.0 0.006843952724011615
573.0 0.0068388246290851384
574.0 0.006833695078967139
575.0 0.006625204696319997
576.0 0.006416713586077094
577.0 0.00591664356761612
578.0 0.0054165728215593845
579.0 0.005427239739219658
580.0 0.005437906293082051
581.0 0.006351875344989821
582.0 0.007265844760695472
583.0 0.00844488968141377
584.0 0.009623935329727829
585.0 0.009988452075049281
586.0 0.010352968820370734
587.0 0.010661743726814166
588.0 0.010970522998832166
589.0 0.010794893023557961
590.0 0.010619265958666801
591.0 0.009855410462478176
592.0 0.009091554238693789
593.0 0.007839601312298328
594.0 0.0065876498410943896
595.0 0.006046361522749066
596.0 0.005505074295797385
597.0 0.005808985952171497
598.0 0.0061128979723434895
599.0 0.007004011422395706
600.0 0.007895125600043684
601.0 0.008914057980291545
602.0 0.009932989632943645
603.0 0.010317630221834406
604.0 0.010702271538320929
605.0 0.011021164391422644
606.0 0.011340055061737075
607.0 0.009944484918378294
608.0 0.008548914775019512
609.0 0.006786280573578551
610.0 0.005023647463531233
611.0 0.00419090865761973
612.0 0.0033581702155061066
613.0 0.003389801349840127
614.0 0.0034214324841741472
615.0 0.004376848301035352
616.0 0.005332264117896557
617.0 0.006430468783946708
618.0 0.007528672722401097
619.0 0.008901840192265809
620.0 0.010275006934534758
621.0 0.01062045557773672
622.0 0.010965907131321728
623.0 0.011503842688398436
624.0 0.012041777517879382
625.0 0.01075722902896814
626.0 0.009472679084865376
627.0 0.007676774839637801
628.0 0.005880871685803868
629.0 0.004639849430532195
630.0 0.003398827539058402
631.0 0.0028259461032575928
632.0 0.002253065031254664
633.0 0.0024430912162642926
634.0 0.0026331172193749808
635.0 0.003072030085604638
636.0 0.0035109427699353546
637.0 0.003714354897965677
638.0 0.003917767025996
639.0 0.004396708027343266
640.0 0.004875649028690532
641.0 0.005235052231000736
642.0 0.00559445506951306
643.0 0.005618400973617099
644.0 0.005642346877721138
645.0 0.0050059257773682475
646.0 0.004369504313217476
647.0 0.0036306479159975424
648.0 0.0028917917006765492
649.0 0.0023608186893397942
650.0 0.0018298458599019796
651.0 0.0016351586964447051
652.0 0.0014404712601390202
653.0 0.0015276322301360779
654.0 0.0016147931091836654
655.0 0.0014833816749160178
656.0 0.0013519700587494299
657.0 0.0014408710740099195
658.0 0.0015297719073714688
659.0 0.0017663447579252534
660.0 0.002002917608479038
661.0 0.0019452389096841216
662.0 0.0018875602108892053
663.0 0.0019273940779385157
664.0 0.0019672277630888857
665.0 0.0026577299649943598
666.0 0.003348232348798774
667.0 0.004033475852338597
668.0 0.00471871935587842
669.0 0.005160158252692781
670.0 0.005601596785709262
671.0 0.006308799493126571
672.0 0.007016001472948119
673.0 0.007614791684318334
674.0 0.008213581895688549
675.0 0.008090879418887198
676.0 0.00796817839727737
677.0 0.0065022133640013635
678.0 0.005036246875533834
679.0 0.0034256248909514397
680.0 0.0018150018149754032
681.0 0.0012891591723018792
682.0 0.0007633166205778252
683.0 0.0006872993708384456
684.0 0.0006112820301495958
685.0 0.0004474774414120475
686.0 0.00028367264803819126
687.0 0.00023871332359703956
688.0 0.00019375388546905015
689.0 9.56119720285642e-05
690.0 1.6561775822293567e-10
691.0 0.00011250069746893132
692.0 0.0002275312908750493
693.0 0.00026560940113995457
694.0 0.00030368746593012474
695.0 0.00028794640911655733
696.0 0.00027220542051509256
697.0 0.00031382214729092084
698.0 0.00035543894227885175
699.0 0.00023490588318964
700.0 0.00011437294915594975
701.0 0.00017984256146519328
702.0 0.0002453121396683855
703.0 0.00021126732008269755
704.0 0.00017722265965858242
705.0 0.0001293583636652329
706.0 8.149405630319961e-05
707.0 0.00020172140011709416
708.0 0.0003219487552996725
709.0 0.0005182038421480684
710.0 0.0007144589744711993
711.0 0.0004923950655211229
712.0 0.0002703310883589438
713.0 6.598306185878755e-05
714.0 1.6561775822293567e-10
715.0 3.262560994699015e-05
716.0 0.00020361617316666525
717.0 1.742037056828849e-05
718.0 1.6561775822293567e-10
719.0 6.924718150003173e-05
720.0 0.0003072699655604083
721.0 0.0005663637693942292
722.0 0.0008254577551269904
723.0 0.000643918565401691
724.0 0.00046237937567639165
725.0 1.6561775822293567e-10
726.0 1.6561775822293567e-10
727.0 1.6561775822293567e-10
728.0 0.00024957043933682144
729.0 0.000548639900443959
730.0 0.0008477094525005668
731.0 0.0004829408226214582
732.0 0.00011817245422207634
733.0 0.0003976568677899195
734.0 0.0006771414973627543
735.0 0.0004511622591962805
736.0 0.00022518311197927687
737.0 0.00022128094769868767
738.0 0.00021737878341809846
739.0 0.00020791276256204583
740.0 0.0001984466962312581
741.0 0.0003305916607132531
742.0 0.0004627365342457779
743.0 0.0003825495241471799
744.0 0.0003023624458364793
745.0 0.0004577815161610488
746.0 0.0006132003363745753
747.0 0.0006469800155173289
748.0 0.0006807595582358772
749.0 0.0003046973688469734
750.0 1.6561775822293567e-10
751.0 0.00040141994759324007
752.0 0.0008742047612031456
753.0 0.0005410683115769643
754.0 0.00020793186195078306
755.0 0.0003493987151159672
756.0 0.0004908656137558864
757.0 0.0004411328973219497
758.0 0.00039140022636274807
759.0 0.0002737957629506127
760.0 0.00015619125406374224
761.0 0.0004997126325179124
762.0 0.0008432340109720826
763.0 0.0008617475941719022
764.0 0.0008802610864222515
765.0 0.0007483157787646633
766.0 0.0006163706075312803
767.0 0.0006853157628938789
768.0 0.0007542611001554178
769.0 0.0007230908522615209
770.0 0.0006919204679434188
771.0 0.0007710360478085931
772.0 0.0008501516276737675
773.0 0.0005182841050554998
774.0 0.0001864165938059159
775.0 0.00011978038401139202
776.0 5.3144202638577553e-05
777.0 0.00018707183926380822
778.0 0.0003209995156794321
779.0 0.0006121322257968131
780.0 0.0009032651178131346
781.0 0.0007372183517873054
782.0 0.0005711717221856816
783.0 0.0007045319762255531
784.0 0.0008378921847906895
785.0 0.000661457715978031
786.0 0.0004850231562159024
787.0 0.000373093098460231
788.0 0.0002611629724924569
789.0 0.00034945260267704725
790.0 0.00043774216464953497
791.0 0.0007111728336894885
792.0 0.0009846033208305016
793.0 0.0009913501344271936
794.0 0.0009980970389733557
795.0 0.0008769067790126428
796.0 0.0007557166100014001
797.0 0.0007345488484133966
798.0 0.0007133809049264528
799.0 0.00032677273793524364
800.0 1.6561775822293567e-10
801.0 0.00032247121453110594
802.0 0.0007047779945423827
803.0 0.0006262644546950469
804.0 0.0005477510512719164
805.0 0.0006142845450085588
806.0 0.000680817947795731
807.0 0.00039106521398935
808.0 0.00010131233239007997
809.0 0.0003785970420722151
810.0 0.0006558817858604016
811.0 0.0006109863079473143
812.0 0.0005660908300342271
813.0 0.0006630271855101455
814.0 0.0007599634500365937
815.0 0.0007032995654299157
816.0 0.0006466356353485025
817.0 0.0008289527613669634
818.0 0.0010112698873854242
819.0 0.0009862672413873952
820.0 0.0009612644134904258
821.0 0.0009429573765373789
822.0 0.0009246501576853916
823.0 0.0006494463832495967
824.0 0.0003742426088138018
825.0 0.0007291007023013663
826.0 0.0010839587957889307
827.0 0.0008481555596517865
828.0 0.0006123521870904369
829.0 0.000481861388834659
830.0 0.0003513707042657188
831.0 0.0004340876785136061
832.0 0.0005168048573978012
833.0 0.0009096695976040792
834.0 0.0013025343832850922
835.0 0.0009365868208988104
836.0 0.0005706392130377935
837.0 0.0004214811724523315
838.0 0.0002723231773416046
839.0 0.00033976282338699093
840.0 0.00040720251490711235
841.0 0.0008451309440715704
842.0 0.0012830592822865583
843.0 0.0010664308319974225
844.0 0.0008498023817082867
845.0 0.0007149176326493034
846.0 0.0005800328835903201
847.0 0.0009105237950279843
848.0 0.0012410148883645888
849.0 0.0008815696673991624
850.0 0.0005221244009590009
851.0 0.0009343198144051712
852.0 0.0013465151823766064
853.0 0.0012236590919201262
854.0 0.001100802910514176
855.0 0.000866517802933231
856.0 0.0006322325589280808
857.0 0.0009190298442263156
858.0 0.0012058272659487557
859.0 0.001053770483849803
860.0 0.0009017137017508503
861.0 0.0012223358680785168
862.0 0.0015429579434567131
863.0 0.001506748503743438
864.0 0.001470539064030163
865.0 0.0019218417946831323
866.0 0.0023731445253361017
867.0 0.002616019264678471
868.0 0.0028588936402229592
869.0 0.0028637326977332123
870.0 0.0028685713914455846
871.0 0.0031973093427950516
872.0 0.003526046930346638
873.0 0.002897103149734903
874.0 0.002268159187224228
875.0 0.0020707520889118314
