lsstCam/transmission_filter_detector/r02_s22/r_57/19700101T000000.ecsv
# %ECSV 1.0
# ---
# datatype:
# - {name: wavelength, unit: nm, datatype: float32}
# - {name: efficiency, unit: '%', datatype: float64}
# meta: !!omap
# - {MODE: DETECTOR}
# - {TYPE: transmission_filter_detector}
# - {CALIBDATE: '1970-01-01T00:00:00'}
# - {INSTRUME: LSSTCam}
# - {OBSTYPE: transmission_filter_detector}
# - {CALIBCLS: lsst.ip.isr.IntermediateFilterDetectorTransmissionCurve}
# - {SOURCE: Materion (DM-46256)}
# - {DETECTOR: 17}
# - {FILTER: r_57}
# - {CALIB_ID: 'calibDate=1970-01-01T00:00:00 filter=r_57 detector=17'}
# - {DATE: '2025-04-02T15:59:44.263836'}
# - {CALIB_CREATION_DATE: '2025-04-02'}
# - {CALIB_CREATION_TIME: '15:59:44'}
# - __serialized_columns__:
#     efficiency:
#       __class__: astropy.units.quantity.Quantity
#       unit: !astropy.units.Unit {unit: '%'}
#       value: !astropy.table.SerializedColumn {name: efficiency}
#     wavelength:
#       __class__: astropy.units.quantity.Quantity
#       unit: !astropy.units.Unit {unit: nm}
#       value: !astropy.table.SerializedColumn {name: wavelength}
# schema: astropy-2.0
wavelength efficiency
300.0 0.0022057429305277765
301.0 0.00630633658147417
302.0 0.01040692804963328
303.0 0.012645374226849526
304.0 0.014883821131661534
305.0 0.013259345723781735
306.0 0.01163487249868922
307.0 0.009615985618438572
308.0 0.0075970994657836854
309.0 0.0072152331995312124
310.0 0.006833367660874501
311.0 0.006595002923859283
312.0 0.0063566360040567815
313.0 0.005879842501599342
314.0 0.005403047543950379
315.0 0.004861675915890373
316.0 0.004320304287830368
317.0 0.003947621735278517
318.0 0.003574936999939382
319.0 0.0031576470064464957
320.0 0.00274035737675149
321.0 0.0028522952561615966
322.0 0.002964233499369584
323.0 0.0028198473955853842
324.0 0.0026754609280033037
325.0 0.0027144233172293752
326.0 0.0027533857064554468
327.0 0.0027167534426553175
328.0 0.00268012208834989
329.0 0.002736503302003257
330.0 0.0027928846975555643
331.0 0.0026243353204336017
332.0 0.002455785397614818
333.0 0.002179535658797249
334.0 0.00190328573808074
335.0 0.0017450140148866922
336.0 0.0015867422916926444
337.0 0.0014432637726713438
338.0 0.0012997852536500432
339.0 0.001170572159026051
340.0 0.001041359246300999
341.0 0.00102621106634615
342.0 0.0010110627954418305
343.0 0.0009583714017935563
344.0 0.0009056801900442224
345.0 0.0008507126949552912
346.0 0.00079574519986636
347.0 0.0007985097909113392
348.0 0.000801274200057378
349.0 0.0007698508852627128
350.0 0.005617433271254413
351.0 0.00574490477447398
352.0 0.005872376277693547
353.0 0.005021563629270531
354.0 0.004170752072241157
355.0 0.004393167182570323
356.0 0.0046155833842931315
357.0 0.006287747964961454
358.0 0.007959912909427658
359.0 0.005917452654102817
360.0 0.003874992034980096
361.0 0.002726718594203703
362.0 0.0015784447896294296
363.0 0.002617058635223657
364.0 0.003655672480817884
365.0 0.003797438330366276
366.0 0.003939204179914668
367.0 0.003334526627440937
368.0 0.002729848711169325
369.0 0.0023382051949738525
370.0 0.0019465616787783802
371.0 0.0024604956706753
372.0 0.0029744300263701007
373.0 0.0033108641218859702
374.0 0.00364729821740184
375.0 0.0032063773687696084
376.0 0.002765456883935258
377.0 0.0011841006198665127
378.0 1.6140747592652271e-10
379.0 0.0009805557965592016
380.0 0.002358367055421695
381.0 0.0028259337341296487
382.0 0.003293500776635483
383.0 0.0032740310416556895
384.0 0.003254561306675896
385.0 0.004359916420071386
386.0 0.005465270805871114
387.0 0.00486606550111901
388.0 0.004266860196366906
389.0 0.0036430883483262733
390.0 0.0030193159545888193
391.0 0.002265352122776676
392.0 0.001511388472863473
393.0 0.0016145602785400115
394.0 0.0017177319023176096
395.0 0.001296183472732082
396.0 0.0008746352250454947
397.0 0.0008987795808934607
398.0 0.0009229240276908968
399.0 0.0007013225513219368
400.0 0.0004797206202056259
401.0 0.00016696286593287368
402.0 1.6140747592652271e-10
403.0 0.00010818170039783581
404.0 0.0003621591986302519
405.0 0.000739590177545324
406.0 0.0011170209290867206
407.0 0.0016474879885208793
408.0 0.0021779547751066275
409.0 0.001805815008992795
410.0 0.0014336748790810816
411.0 0.0009993756975745782
412.0 0.0005650765160680749
413.0 0.0006045459031156497
414.0 0.0006440153356379597
415.0 0.0006515711447718786
416.0 0.0006591272722289432
417.0 0.001175290617538849
418.0 0.0016914544175961055
419.0 0.002164626494050026
420.0 0.0026377987524028867
421.0 0.004079398786416277
422.0 0.005520998092833906
423.0 0.008470132888760418
424.0 0.011419266229495406
425.0 0.015631545102223754
426.0 0.019843821064569056
427.0 0.02053392381640151
428.0 0.021224029478617013
429.0 0.01609305472811684
430.0 0.010962077794829383
431.0 0.007806454232195392
432.0 0.00465082994196564
433.0 0.0037563193473033607
434.0 0.002861808388843201
435.0 0.002315059828106314
436.0 0.001768310903571546
437.0 0.0014954018297430594
438.0 0.0012224931197124533
439.0 0.001038203299685847
440.0 0.0008539134796592407
441.0 0.0010597388609312475
442.0 0.001265564151253784
443.0 0.001655593041505199
444.0 0.0020456222046050243
445.0 0.0019238575987401418
446.0 0.001802092810976319
447.0 0.0016345427866326645
448.0 0.0014669928532384802
449.0 0.0013428190868580714
450.0 0.001218644956679782
451.0 0.0013755387954006437
452.0 0.0015324327250709757
453.0 0.001549977605463937
454.0 0.0015675223039579578
455.0 0.0014398819075722713
456.0 0.0013122418749844655
457.0 0.0009437889275432099
458.0 0.0005753360255766893
459.0 0.0007980434929777402
460.0 0.001020750823954586
461.0 0.0016235106159001589
462.0 0.0022262698621489108
463.0 0.002924363434431143
464.0 0.0036224570067133754
465.0 0.004672105933423154
466.0 0.005721755223930813
467.0 0.006363664579112083
468.0 0.007005575025686994
469.0 0.005987141776131466
470.0 0.004968709981767461
471.0 0.0037725014408351853
472.0 0.00257629289990291
473.0 0.0021120222299941815
474.0 0.0016477511962875724
475.0 0.001384537245030515
476.0 0.001121323566621868
477.0 0.0008969898772193119
478.0 0.0006726560059178155
479.0 0.000878213995747501
480.0 0.0010837718036782462
481.0 0.0008235884706664365
482.0 0.0005634052286040969
483.0 0.0006282018148340285
484.0 0.0006929983101144899
485.0 0.000642682744000922
486.0 0.0005923669959884137
487.0 0.0006098666744946968
488.0 0.0006273661711020395
489.0 0.00062308808992384
490.0 0.0006188098268467002
491.0 0.000769407233747188
492.0 0.0009200045496982057
493.0 0.0010293920240656007
494.0 0.0011387797712814063
495.0 0.0010080064384965226
496.0 0.0008772331057116389
497.0 0.0010933248631772585
498.0 0.001309416529693408
499.0 0.001346580665995134
500.0 0.0013837448932463303
501.0 0.001538495416752994
502.0 0.0016932463040575385
503.0 0.002054423930530902
504.0 0.002415601375105325
505.0 0.002911764386226423
506.0 0.0034079275792464614
507.0 0.004059823550051078
508.0 0.004711719157057814
509.0 0.0052503906772471964
510.0 0.0057890611060429364
511.0 0.005101805436424911
512.0 0.004414549403009005
513.0 0.0037582583900075406
514.0 0.0031019673770060763
515.0 0.00289835843432229
516.0 0.0026947493097395636
517.0 0.0025019173335749656
518.0 0.0023090851755114272
519.0 0.08300130721181631
520.0 0.13891926500946283
521.0 0.10134970070794225
522.0 0.09900399018079042
523.0 0.010492547880858183
524.0 0.07073863525874913
525.0 0.12608530232682824
526.0 0.0557644700165838
527.0 0.07975384360179305
528.0 0.14459554804489017
529.0 0.1363397343084216
530.0 0.12528772931545973
531.0 0.20514647476375103
532.0 0.21283014211803675
533.0 0.2785557182505727
534.0 0.41547995060682297
535.0 0.507667288184166
536.0 0.6877454463392496
537.0 0.925893522799015
538.0 1.4956346713006496
539.0 2.343331463634968
540.0 3.732575848698616
541.0 5.650529637932777
542.0 8.017262816429138
543.0 11.141400784254074
544.0 14.883239567279816
545.0 19.202663004398346
546.0 24.39792901277542
547.0 30.6306391954422
548.0 38.67367208003998
549.0 46.65167033672333
550.0 53.51978540420532
551.0 60.95626950263977
552.0 66.46497845649719
553.0 71.51541709899902
554.0 75.41089653968811
555.0 79.51191067695618
556.0 83.31947326660156
557.0 86.04087233543396
558.0 89.10581469535828
559.0 91.91070199012756
560.0 92.67253279685974
561.0 94.74053382873535
562.0 95.37777900695801
563.0 95.18010020256042
564.0 95.96368074417114
565.0 95.00044584274292
566.0 95.84113955497742
567.0 95.13380527496338
568.0 95.64172029495239
569.0 95.98782062530518
570.0 95.60464024543762
571.0 96.71328663825989
572.0 96.95150852203369
573.0 96.65388464927673
574.0 97.15672731399536
575.0 96.86418175697327
576.0 97.28756546974182
577.0 96.91025614738464
578.0 96.9099223613739
579.0 97.08179235458374
580.0 96.50214910507202
581.0 96.45628333091736
582.0 96.46697044372559
583.0 96.7167615890503
584.0 95.87289690971375
585.0 96.31741046905518
586.0 96.58302068710327
587.0 96.1310863494873
588.0 96.23442888259888
589.0 97.18412160873413
590.0 96.5093731880188
591.0 95.57904601097107
592.0 96.06467485427856
593.0 95.52342891693115
594.0 95.35146355628967
595.0 96.05650305747986
596.0 96.64210677146912
597.0 96.844881772995
598.0 96.60583138465881
599.0 96.7269778251648
600.0 96.64744138717651
601.0 95.91718316078186
602.0 96.58533334732056
603.0 96.06444239616394
604.0 96.11691236495972
605.0 96.54070138931274
606.0 95.95394134521484
607.0 96.02854251861572
608.0 96.26532196998596
609.0 95.41131258010864
610.0 95.68840265274048
611.0 95.6270694732666
612.0 95.59687972068787
613.0 96.89579606056213
614.0 96.43037915229797
615.0 95.94427347183228
616.0 96.39770984649658
617.0 96.21242880821228
618.0 96.25892043113708
619.0 96.64008021354675
620.0 96.00604772567749
621.0 95.33568620681763
622.0 96.3631808757782
623.0 96.56518697738647
624.0 96.76265716552734
625.0 96.58054709434509
626.0 95.73336243629456
627.0 95.19156813621521
628.0 97.29084372520447
629.0 95.3000009059906
630.0 96.17547392845154
631.0 95.91181874275208
632.0 96.69986367225647
633.0 96.3888943195343
634.0 95.62873840332031
635.0 96.18447422981262
636.0 95.72385549545288
637.0 95.5707311630249
638.0 95.67305445671082
639.0 95.20191550254822
640.0 95.86905241012573
641.0 95.974600315094
642.0 95.84675431251526
643.0 95.83095908164978
644.0 95.94628810882568
645.0 96.12936973571777
646.0 96.01684212684631
647.0 97.1769630908966
648.0 96.64263725280762
649.0 95.87034583091736
650.0 96.49891257286072
651.0 96.77897095680237
652.0 96.73851132392883
653.0 95.76007723808289
654.0 96.52994871139526
655.0 96.66129350662231
656.0 95.80347537994385
657.0 95.75599431991577
658.0 96.35702967643738
659.0 96.17459774017334
660.0 95.68352103233337
661.0 95.37397623062134
662.0 95.80902457237244
663.0 95.94232439994812
664.0 95.22039890289307
665.0 95.39450407028198
666.0 95.11784315109253
667.0 95.79970240592957
668.0 95.11693120002747
669.0 95.55601477622986
670.0 95.46283483505249
671.0 95.69491744041443
672.0 95.32440900802612
673.0 95.51063179969788
674.0 94.93266344070435
675.0 95.55349946022034
676.0 94.97978687286377
677.0 93.96905899047852
678.0 93.3673083782196
679.0 92.80418753623962
680.0 91.60428047180176
681.0 90.23400545120239
682.0 88.37878704071045
683.0 85.68492531776428
684.0 82.46904015541077
685.0 78.74298691749573
686.0 75.35637021064758
687.0 70.73763012886047
688.0 66.28432869911194
689.0 61.50239706039429
690.0 56.54211640357971
691.0 52.49900221824646
692.0 47.92689085006714
693.0 43.50316524505615
694.0 38.479673862457275
695.0 33.43285322189331
696.0 27.99474000930786
697.0 22.768987715244293
698.0 17.13724434375763
699.0 12.497502565383911
700.0 8.876299858093262
701.0 5.589652806520462
702.0 3.544587269425392
703.0 2.0464615896344185
704.0 1.2005547061562538
705.0 0.6701524369418621
706.0 0.4344070330262184
707.0 0.27354899793863297
708.0 0.19323494052514434
709.0 0.16115930629894137
710.0 0.0639496254734695
711.0 0.05474400823004544
712.0 0.0980514450930059
713.0 0.08514995570294559
714.0 0.050198257667943835
715.0 0.09673948516137898
716.0 0.06670484435744584
717.0 0.017526124429423362
718.0 0.06270058802329004
719.0 0.022146262926980853
720.0 1.6140747592652271e-10
721.0 0.0045497723476728424
722.0 0.00424463942181319
723.0 0.003939506859751418
724.0 0.003693089820444584
725.0 0.0034466727811377496
726.0 0.0032099313102662563
727.0 0.0029731896574958228
728.0 0.0027857588065671735
729.0 0.002598327773739584
730.0 0.002436556860629935
731.0 0.0022747866751160473
732.0 0.002292828867211938
733.0 0.002310871241206769
734.0 0.0022053131033317186
735.0 0.0020997546016587876
736.0 0.0018488786736270413
737.0 0.0015980029274942353
738.0 0.0016043662981246598
739.0 0.0016107296687550843
740.0 0.00164318953466136
741.0 0.0016756495824665762
742.0 0.0015333513147197664
743.0 0.001391052774124546
744.0 0.0014556903806806076
745.0 0.0015203277143882588
746.0 0.0014262297554523684
747.0 0.0013321318874659482
748.0 0.0011833090866275597
749.0 0.0010344864676881116
750.0 0.001029787199513521
751.0 0.0010250883860862814
752.0 0.0010479681805009022
753.0 0.0010708480658649933
754.0 0.0010986018423864152
755.0 0.001126355982705718
756.0 0.0010663235116226133
757.0 0.0010062907676910982
758.0 0.0010843922609637957
759.0 0.0011624934813880827
760.0 0.0011339111551933456
761.0 0.0011053290108975489
762.0 0.001068034725903999
763.0 0.0010307408956578001
764.0 0.0009885141480481252
765.0 0.0009462874004384503
766.0 0.000773683495935984
767.0 0.0006010796823829878
768.0 0.0006259509973460808
769.0 0.0006508222668344388
770.0 0.000760199600335909
771.0 0.0008695771612110548
772.0 0.0007810380338924006
773.0 0.0006924986792000709
774.0 0.0008317266292579006
775.0 0.0009709544428915251
776.0 0.0009284134648623876
777.0 0.0008858724868332502
778.0 0.0008992997209134046
779.0 0.0009127271368924994
780.0 0.0007688394362048712
781.0 0.0006249519628909184
782.0 0.0007152716079872334
783.0 0.0008055911166593432
784.0 0.000880072548170574
785.0 0.0009545536158839241
786.0 0.000779000129114138
787.0 0.0006034465059201466
788.0 0.0006463222234742716
789.0 0.0006891980319778668
790.0 0.0007353965429501841
791.0 0.0007815949174982961
792.0 0.0007698300578340422
793.0 0.0007580651526950533
794.0 0.0007858791832404677
795.0 0.0008136928954627365
796.0 0.0006739523541909875
797.0 0.0005342118129192386
798.0 0.0006671599749097368
799.0 0.0008001080459507648
800.0 0.0007633691893715877
801.0 0.0007266301054187352
802.0 0.0006495222805824596
803.0 0.0005724141374230385
804.0 0.0006561648206115933
805.0 0.0007399155492748832
806.0 0.0006771140306227608
807.0 0.0006143125119706383
808.0 0.0007233159522002097
809.0 0.0008323193469550461
810.0 0.0007281405487447046
811.0 0.0006239620688575087
812.0 0.0006420718818844762
813.0 0.0006601816949114436
814.0 0.0005545675321627641
815.0 0.0004489534148888197
816.0 0.0006002843747410225
817.0 0.0007516153800679604
818.0 0.0006946751909708837
819.0 0.000637735001873807
820.0 0.0005262947979645105
821.0 0.00041485463952994905
822.0 0.0004426200575835537
823.0 0.00047038561206136364
824.0 0.0005090096692583757
825.0 0.0005476338174048578
826.0 0.000577052833250491
827.0 0.0006064718490961241
828.0 0.00046138438847265206
829.0 0.0003162969051118125
830.0 0.00018008014421866392
831.0 4.386340037854097e-05
832.0 1.6140747592652271e-10
833.0 1.6140747592652271e-10
834.0 1.6140747592652271e-10
835.0 1.6140747592652271e-10
836.0 0.0002508515080990037
837.0 0.0006295915227383375
838.0 0.0007730678589723539
839.0 0.0009165442861558404
840.0 0.0012305378731980454
841.0 0.0015445313692907803
842.0 0.0020417768610059284
843.0 0.002539022534620017
844.0 0.002407159627182409
845.0 0.002275296901643742
846.0 0.0023529055397375487
847.0 0.002430513995932415
848.0 0.002407824467809405
849.0 0.002385134393989574
850.0 0.0020490382667048834
851.0 0.0017129421394201927
852.0 0.0014372946679941379
853.0 0.0011616470146691427
854.0 0.0010038215805252548
855.0 0.0008459959644824266
856.0 0.0006896779268572573
857.0 0.000533359934706823
858.0 0.0005859957582288189
859.0 0.0006386315817508148
860.0 0.0005368651272874558
861.0 0.0004350985818746267
862.0 0.00039896108319226187
863.0 0.00036282353903516196
864.0 0.00027496730581333395
865.0 0.0001871111294349248
866.0 0.00014391682725545252
867.0 0.00010072249096992891
868.0 0.00014894783362251474
869.0 0.00019717315353773301
870.0 8.979264976005652e-05
871.0 1.6140747592652271e-10
872.0 1.6140747592652271e-10
873.0 1.6140747592652271e-10
874.0 1.6140747592652271e-10
875.0 1.6140747592652271e-10
876.0 1.6140747592652271e-10
877.0 3.644126422841509e-05
878.0 0.00011693406349877478
879.0 0.00019742683434742503
880.0 0.00016033510519264382
881.0 0.00012324333056312753
882.0 0.00012930381672049407
883.0 0.0001353643483525957
884.0 1.6140747592652271e-10
885.0 1.6140747592652271e-10
886.0 1.6140747592652271e-10
887.0 4.7816547521506436e-05
888.0 0.00011317781627440127
889.0 0.00017853906228992855
890.0 0.000150584924085706
891.0 0.00012263074040674837
892.0 4.0744566831563134e-05
893.0 1.6140747592652271e-10
894.0 1.0267796568541598e-05
895.0 6.167720698613266e-05
896.0 7.679015538997191e-05
897.0 9.190314358420437e-05
898.0 7.217637971734803e-05
899.0 5.244963290351734e-05
900.0 1.6140747592652271e-10
901.0 1.6140747592652271e-10
