lsstCam/transmission_filter_detector/r02_s22/r_57/19700101T000000.ecsv
# %ECSV 1.0
# ---
# datatype:
# - {name: wavelength, unit: nm, datatype: float32}
# - {name: efficiency, unit: '%', datatype: float64}
# meta: !!omap
# - {MODE: DETECTOR}
# - {TYPE: transmission_filter_detector}
# - {CALIBDATE: '1970-01-01T00:00:00'}
# - {INSTRUME: LSSTCam}
# - {OBSTYPE: transmission_filter_detector}
# - {CALIBCLS: lsst.ip.isr.IntermediateFilterDetectorTransmissionCurve}
# - {SOURCE: Materion (DM-46256)}
# - {DETECTOR: 17}
# - {FILTER: r_57}
# - {CALIB_ID: 'calibDate=1970-01-01T00:00:00 filter=r_57 detector=17'}
# - {DATE: '2025-04-02T15:59:44.263836'}
# - {CALIB_CREATION_DATE: '2025-04-02'}
# - {CALIB_CREATION_TIME: '15:59:44'}
# - __serialized_columns__:
#     efficiency:
#       __class__: astropy.units.quantity.Quantity
#       unit: !astropy.units.Unit {unit: '%'}
#       value: !astropy.table.SerializedColumn {name: efficiency}
#     wavelength:
#       __class__: astropy.units.quantity.Quantity
#       unit: !astropy.units.Unit {unit: nm}
#       value: !astropy.table.SerializedColumn {name: wavelength}
# schema: astropy-2.0
wavelength efficiency
[from data line 603]
903.0 1.6140747592652271e-10
904.0 1.6140747592652271e-10
905.0 4.564745665902592e-05
906.0 1.857141995742495e-05
907.0 1.6140747592652271e-10
908.0 1.6140747592652271e-10
909.0 1.6140747592652271e-10
910.0 1.6140747592652271e-10
911.0 1.6140747592652271e-10
912.0 1.6140747592652271e-10
913.0 1.6140747592652271e-10
914.0 1.6140747592652271e-10
915.0 6.101685698922665e-05
916.0 3.422888710247207e-05
917.0 7.440939242542299e-06
918.0 7.755703563816496e-05
919.0 0.0001476730858485098
920.0 7.976071856319322e-05
921.0 1.1848320013996272e-05
922.0 0.00012604630228452152
923.0 0.00024024427602853393
924.0 0.00025553631530783605
925.0 0.00027082835458713816
926.0 0.00023518055058957543
927.0 0.0001995327465920127
928.0 0.00020764473447343335
929.0 0.000215756722354854
930.0 0.0002608927161418251
931.0 0.0003060287326661637
932.0 0.0001453444497201417
933.0 1.6140747592652271e-10
934.0 0.00012252249916855362
935.0 0.0002603847633508849
936.0 0.0002301996119058458
937.0 0.00020001448319817428
938.0 0.0002732348548306618
939.0 0.0003464552719378844
940.0 0.00033984895253524883
941.0 0.00033324263313261326
942.0 0.0004204911874694517
943.0 0.0005077397418062901
944.0 0.0003531257334543625
945.0 0.0001985117933145375
946.0 0.00028538643164210953
947.0 0.00037226102449494647
948.0 0.00043357904360163957
949.0 0.0004948971763951704
950.0 0.0005521583716472378
951.0 0.0006094195668993052
952.0 0.0007150559667934431
953.0 0.0008206925485865213
954.0 0.0011358439223840833
955.0 0.0014509955690300558
956.0 0.0015158938367676456
957.0 0.0015807920135557652
958.0 0.0016982916349661537
959.0 0.0018157918020733632
960.0 0.001928178062371444
961.0 0.0020405646864674054
962.0 0.0022178788640303537
963.0 0.0023951934053911828
964.0 0.0024509845388820395
965.0 0.0025067753085750155
966.0 0.002446594044158701
967.0 0.002386412597843446
968.0 0.0023599652195116505
969.0 0.0023335180230787955
970.0 0.002408133150311187
971.0 0.0024827484594425187
972.0 0.0025603541871532798
973.0 0.00263795936916722
974.0 0.002904399843828287
975.0 0.0031708405003882945
976.0 0.003234570613130927
977.0 0.003298300362075679
978.0 0.0031842766475165263
979.0 0.0030702532967552543
980.0 0.0029646209441125393
981.0 0.0028589887733687647
982.0 0.002968340049847029
983.0 0.0030776911444263533
984.0 0.0030615869036410004
985.0 0.003045482299057767
986.0 0.0029677847123821266
987.0 0.0028900873076054268
988.0 0.0026279476514901035
989.0 0.002365808541071601
990.0 0.002434932321193628
991.0 0.002504056283214595
992.0 0.0025739676857483573
993.0 0.00264387927018106
994.0 0.002740240415732842
995.0 0.0028366008336888626
996.0 0.0028524777007987723
997.0 0.0028683542041108012
998.0 0.0029997825549799018
999.0 0.0031312109058490023
1000.0 0.0032556556107010692
1001.0 0.003380100679351017
1002.0 0.003593389192246832
1003.0 0.0038066780689405277
1004.0 0.003930012826458551
1005.0 0.0040533472201786935
1006.0 0.004246122625772841
1007.0 0.0044388987589627504
1008.0 0.004405290019349195
1009.0 0.004371680915937759
1010.0 0.004305861875764094
1011.0 0.004240043563186191
1012.0 0.004228482430335134
1013.0 0.0042169212974840775
1014.0 0.003931827450287528
1015.0 0.0036467332392930984
1016.0 0.003556760202627629
1017.0 0.003466786802164279
1018.0 0.003097522130701691
1019.0 0.002728258004935924
1020.0 0.002267296986246947
1021.0 0.0018063361494569108
1022.0 0.0015574281860608608
1023.0 0.00130851985886693
1024.0 0.0014134108823782299
1025.0 0.0015183022696874104
1026.0 0.001378336310153827
1027.0 0.0012383700777718332
1028.0 0.0011981270290561952
1029.0 0.0011578837074921466
1030.0 0.001054312724591
1031.0 0.0009507409231446218
1032.0 0.0009467456038692035
1033.0 0.0009427500117453746
1034.0 0.0009028884960571304
1035.0 0.000863026889419416
1036.0 0.0009248981768905651
1037.0 0.0009867691915133037
1038.0 0.0008088823960861191
1039.0 0.0006309956461336697
1040.0 0.0007034673672023928
1041.0 0.0007759390427963808
1042.0 0.0009091078936762642
1043.0 0.0010422762898087967
1044.0 0.0009871458132693078
1045.0 0.0009320155186287593
1046.0 0.0009457760825171135
1047.0 0.0009595368283044081
1048.0 0.0008223761142289732
1049.0 0.0006852154456282733
1050.0 0.0007139450190152274
1051.0 0.0007426745014527114
1052.0 0.0009766223229235038
1053.0 0.0012105697351216804
1054.0 0.001062252249539597
1055.0 0.0009139345820585731
1056.0 0.0009285728083341382
1057.0 0.0009432113984075841
1058.0 0.0008682505722390488
1059.0 0.0007932898370199837
1060.0 0.0011034784620278515
1061.0 0.0014136667232378386
1062.0 0.001475240060244687
1063.0 0.0015368133972515352
1064.0 0.0011943428944505285
1065.0 0.0008518723916495219
1066.0 0.001177275407826528
1067.0 0.0015026786059024744
1068.0 0.001706796683720313
1069.0 0.0019109142158413306
1070.0 0.0014150736205920111
1071.0 0.0009192328434437513
1072.0 0.0012759734090650454
1073.0 0.0016327141565852799
1074.0 0.0022531308786710724
1075.0 0.002873547600756865
1076.0 0.003221842780476436
1077.0 0.0035701381420949474
1078.0 0.004053230441058986
1079.0 0.004536323103820905
1080.0 0.004328260547481477
1081.0 0.004120197991142049
1082.0 0.004091381197213195
1083.0 0.004062564403284341
1084.0 0.004583094414556399
1085.0 0.005103624062030576
1086.0 0.005059169416199438
1087.0 0.005014715134166181
1088.0 0.0051297487516421825
1089.0 0.005244783096713945
1090.0 0.005201921158004552
1091.0 0.005159059219295159
1092.0 0.004396169242681935
1093.0 0.003633279266068712
1094.0 0.00429752872150857
1095.0 0.0049617778131505474
1096.0 0.0036544075555866584
1097.0 0.0023470372980227694
1098.0 0.0018891889340011403
1099.0 0.0014313408428279217
1100.0 0.0015693774912506342
1101.0 0.0017074136849259958
