lsstCam/transmission_filter_detector/r34_s22/u_24/19700101T000000.ecsv
# %ECSV 1.0
# ---
# datatype:
# - {name: wavelength, unit: nm, datatype: float32}
# - {name: efficiency, unit: '%', datatype: float64}
# meta: !!omap
# - {MODE: DETECTOR}
# - {TYPE: transmission_filter_detector}
# - {CALIBDATE: '1970-01-01T00:00:00'}
# - {INSTRUME: LSSTCam}
# - {OBSTYPE: transmission_filter_detector}
# - {CALIBCLS: lsst.ip.isr.IntermediateFilterDetectorTransmissionCurve}
# - {SOURCE: Materion (DM-46256)}
# - {DETECTOR: 161}
# - {FILTER: u_24}
# - {CALIB_ID: 'calibDate=1970-01-01T00:00:00 filter=u_24 detector=161'}
# - {DATE: '2025-04-02T15:59:40.496783'}
# - {CALIB_CREATION_DATE: '2025-04-02'}
# - {CALIB_CREATION_TIME: '15:59:40'}
# - __serialized_columns__:
#     efficiency:
#       __class__: astropy.units.quantity.Quantity
#       unit: !astropy.units.Unit {unit: '%'}
#       value: !astropy.table.SerializedColumn {name: efficiency}
#     wavelength:
#       __class__: astropy.units.quantity.Quantity
#       unit: !astropy.units.Unit {unit: nm}
#       value: !astropy.table.SerializedColumn {name: wavelength}
# schema: astropy-2.0
wavelength efficiency
[from data line 587]
882.0 0.0033211163099622354
883.0 0.0031711810152046382
884.0 0.0030212449928512797
885.0 0.00292957902274793
886.0 0.0028379128707456402
887.0 0.0024712369850021787
888.0 0.0021045612811576575
889.0 0.0023676871933275834
890.0 0.0026308131054975092
891.0 0.0029290262318681926
892.0 0.003227239358238876
893.0 0.0033459516998846084
894.0 0.00346466367773246
895.0 0.0037052064726594836
896.0 0.003945749631384388
897.0 0.003851250949082896
898.0 0.0037567522667814046
899.0 0.0038258458516793326
900.0 0.003894940164173022
901.0 0.003963492781622335
902.0 0.004032045762869529
903.0 0.004192721826257184
904.0 0.004353397525846958
905.0 0.004962935418006964
906.0 0.005572472946369089
907.0 0.005709315882995725
908.0 0.005846159183420241
909.0 0.006001437577651814
910.0 0.006156716699479148
911.0 0.005939040420344099
912.0 0.00572136341361329
913.0 0.005408923971117474
914.0 0.005096483801025897
915.0 0.004720975266536698
916.0 0.0043454663682496175
917.0 0.004264688323019072
918.0 0.004183909550192766
919.0 0.004328714203438722
920.0 0.004473519220482558
921.0 0.004698555130744353
922.0 0.004923590677208267
923.0 0.0052625480748247355
924.0 0.005601505836239085
925.0 0.005936992238275707
926.0 0.0062724779127165675
927.0 0.0065218249801546335
928.0 0.006771171319996938
929.0 0.00710456442902796
930.0 0.007437957538058981
931.0 0.007242539868457243
932.0 0.007047122198855504
933.0 0.007315427501453087
934.0 0.007583732076454908
935.0 0.007462834037141874
936.0 0.00734193527023308
937.0 0.006992131966399029
938.0 0.006642328662564978
939.0 0.006588594987988472
940.0 0.006534859858220443
941.0 0.005911874177400023
942.0 0.005288888860377483
943.0 0.004799322414328344
944.0 0.004309756332077086
945.0 0.003445794209255837
946.0 0.0025818319045356475
947.0 0.0023167140170698985
948.0 0.002051595765806269
949.0 0.0017509346434962936
950.0 0.0014502737030852586
951.0 0.001326490382780321
952.0 0.0012027070624753833
953.0 0.001414429789292626
954.0 0.0016261525161098689
955.0 0.0018897235349868424
956.0 0.0021532941900659353
957.0 0.002234501516795717
958.0 0.0023157090254244395
959.0 0.0026536501536611468
960.0 0.002991591281897854
961.0 0.0036009492760058492
962.0 0.004210306724417023
963.0 0.004257760156178847
964.0 0.0043052135879406705
965.0 0.0045262302592163906
966.0 0.0047472469304921106
967.0 0.00475861961604096
968.0 0.004769991937791929
969.0 0.0047790035750949755
970.0 0.004788015212398022
971.0 0.004899915802525356
972.0 0.00501181602885481
973.0 0.004919995262753218
974.0 0.004828174132853746
975.0 0.004770239320350811
976.0 0.004712304507847875
977.0 0.004106801134184934
978.0 0.003501297760521993
979.0 0.0033946351322811097
980.0 0.0032879721402423456
981.0 0.0032741336326580495
982.0 0.0032602947612758726
983.0 0.002913715252361726
984.0 0.00256713610724546
985.0 0.002861988832592033
986.0 0.0031568415579386055
987.0 0.003552544876583852
988.0 0.0039482478314312175
989.0 0.004684534724219702
990.0 0.005420821253210306
991.0 0.006039453000994399
992.0 0.006658084748778492
993.0 0.007321587327169254
994.0 0.007985089905560017
995.0 0.00817622130853124
996.0 0.008367353439098224
997.0 0.008226916543208063
998.0 0.008086477464530617
999.0 0.007399003516184166
1000.0 0.006711527385050431
1001.0 0.006138472235761583
1002.0 0.005565414176089689
1003.0 0.005089509068056941
1004.0 0.004613603596226312
1005.0 0.004614386853063479
1006.0 0.004615170473698527
1007.0 0.004524385440163314
1008.0 0.004433600770425983
1009.0 0.004190762774669565
1010.0 0.003947925506508909
1011.0 0.0035987199225928634
1012.0 0.003249513974878937
1013.0 0.0030255478122853674
1014.0 0.0028015814677928574
1015.0 0.002280653097841423
1016.0 0.001759724909788929
1017.0 0.0016529245840501972
1018.0 0.0015461248040082864
1019.0 0.0013524439054890536
1020.0 0.0011587630979192909
1021.0 0.0011061969416914508
1022.0 0.0010536307854636107
1023.0 0.0010908855983871035
1024.0 0.0011281404113105964
1025.0 0.001104793500417145
1026.0 0.001081446771422634
1027.0 0.001224628067575395
1028.0 0.0013678093637281563
1029.0 0.0017981054043048061
1030.0 0.002228401899628807
1031.0 0.002192170541093219
1032.0 0.002155939546355512
1033.0 0.00218880577449454
1034.0 0.0022216718207346275
1035.0 0.0020415003746165894
1036.0 0.0018613289284985512
1037.0 0.0023501024770666845
1038.0 0.0028388760256348178
1039.0 0.002356219010835048
1040.0 0.0018735621779342182
1041.0 0.0019585608242778108
1042.0 0.002043559288722463
1043.0 0.0020651759768952616
1044.0 0.0020867923012701795
1045.0 0.0017962340280064382
1046.0 0.0015056757547426969
1047.0 0.0019749626517295837
1048.0 0.0024442495487164706
1049.0 0.0020800989659619518
1050.0 0.0017159480194095522
1051.0 0.0012837151189160068
1052.0 0.0008514821274729911
1053.0 0.0009620656783226877
1054.0 0.0010726491382229142
1055.0 0.0011851168892462738
1056.0 0.0012975846402696334
1057.0 0.000882015228853561
1058.0 0.00046644595386169385
1059.0 0.0010391842806711793
1060.0 0.0016119225620059296
1061.0 0.001307051206822507
1062.0 0.0010021798516390845
1063.0 0.001017175782180857
1064.0 0.0010321718946215697
1065.0 0.0015292291209334508
1066.0 0.002026286529144272
1067.0 0.001500971211498836
1068.0 0.0009756559848028701
1069.0 0.0014666105016658548
1070.0 0.0019575651094783098
1071.0 0.0024178669264074415
1072.0 0.002878168561437633
1073.0 0.0027679179765982553
1074.0 0.0026576672098599374
1075.0 0.0027237381800659932
1076.0 0.0027898095140699297
1077.0 0.0031656945793656632
1078.0 0.0035415800084592775
1079.0 0.004256981628714129
1080.0 0.004972383248968981
1081.0 0.004301834269426763
1082.0 0.003631285289884545
1083.0 0.003512721013976261
1084.0 0.0033941560104722157
1085.0 0.004098404315300286
1086.0 0.004802653347724117
1087.0 0.004392639311845414
1088.0 0.003982626731158234
1089.0 0.004276376057532616
1090.0 0.004570126111502759
1091.0 0.004550933590508066
1092.0 0.004531741433311254
1093.0 0.005088070247438736
1094.0 0.005644398697768338
1095.0 0.004219335096422583
1096.0 0.0027942718588747084
1097.0 0.0034581011277623475
1098.0 0.004121930760447867
1099.0 0.004256722968420945
1100.0 0.004391515540191904
