lsstCam/transmission_filter_detector/r34_s22/u_24/19700101T000000.ecsv
# %ECSV 1.0
# ---
# datatype:
# - {name: wavelength, unit: nm, datatype: float32}
# - {name: efficiency, unit: '%', datatype: float64}
# meta: !!omap
# - {MODE: DETECTOR}
# - {TYPE: transmission_filter_detector}
# - {CALIBDATE: '1970-01-01T00:00:00'}
# - {INSTRUME: LSSTCam}
# - {OBSTYPE: transmission_filter_detector}
# - {CALIBCLS: lsst.ip.isr.IntermediateFilterDetectorTransmissionCurve}
# - {SOURCE: Materion (DM-46256)}
# - {DETECTOR: 161}
# - {FILTER: u_24}
# - {CALIB_ID: 'calibDate=1970-01-01T00:00:00 filter=u_24 detector=161'}
# - {DATE: '2025-04-02T15:59:40.496783'}
# - {CALIB_CREATION_DATE: '2025-04-02'}
# - {CALIB_CREATION_TIME: '15:59:40'}
# - __serialized_columns__:
#     efficiency:
#       __class__: astropy.units.quantity.Quantity
#       unit: !astropy.units.Unit {unit: '%'}
#       value: !astropy.table.SerializedColumn {name: efficiency}
#     wavelength:
#       __class__: astropy.units.quantity.Quantity
#       unit: !astropy.units.Unit {unit: nm}
#       value: !astropy.table.SerializedColumn {name: wavelength}
# schema: astropy-2.0
wavelength efficiency
295.0 2.688533423667039e-10
296.0 2.688533423667039e-10
297.0 2.688533423667039e-10
298.0 2.688533423667039e-10
299.0 2.688533423667039e-10
300.0 2.688533423667039e-10
301.0 2.688533423667039e-10
302.0 2.688533423667039e-10
303.0 2.688533423667039e-10
304.0 0.6519111339002848
305.0 1.7382392659783363
306.0 3.4706804901361465
307.0 5.91680184006691
308.0 8.92651304602623
309.0 12.79342770576477
310.0 16.696040332317352
311.0 20.6760436296463
312.0 23.982612788677216
313.0 26.754572987556458
314.0 29.180309176445007
315.0 31.89834952354431
316.0 34.547433257102966
317.0 38.40475678443909
318.0 42.50423014163971
319.0 48.09484779834747
320.0 54.52527403831482
321.0 59.824204444885254
322.0 65.4245376586914
323.0 69.55279111862183
324.0 72.56621718406677
325.0 74.84065890312195
326.0 76.93501710891724
327.0 78.42901349067688
328.0 80.03988862037659
329.0 81.1389684677124
330.0 81.83295726776123
331.0 81.99873566627502
332.0 82.22516775131226
333.0 82.4827492237091
334.0 82.54051804542542
335.0 83.17250609397888
336.0 83.86660814285278
337.0 84.57237482070923
338.0 85.32779812812805
339.0 85.68754196166992
340.0 86.00026965141296
341.0 86.33241057395935
342.0 86.54595613479614
343.0 86.53255105018616
344.0 86.81196570396423
345.0 87.33618259429932
346.0 87.69732713699341
347.0 88.08937072753906
348.0 88.37069869041443
349.0 88.30013871192932
350.0 88.35259079933167
351.0 88.61367702484131
352.0 88.50616216659546
353.0 88.47992420196533
354.0 88.44144940376282
355.0 88.48780989646912
356.0 88.52939009666443
357.0 88.27253580093384
358.0 87.79181838035583
359.0 87.46108412742615
360.0 87.32175827026367
361.0 87.10476756095886
362.0 87.12900876998901
363.0 87.41129636764526
364.0 87.70042061805725
365.0 88.06214332580566
366.0 88.41368556022644
367.0 88.39049339294434
368.0 88.47898840904236
369.0 88.64479660987854
370.0 88.60732913017273
371.0 88.68390917778015
372.0 88.82678747177124
373.0 89.12296295166016
374.0 89.13755416870117
375.0 89.5322322845459
376.0 89.73684310913086
377.0 89.81956839561462
378.0 89.58656191825867
379.0 88.76498341560364
380.0 87.4402403831482
381.0 85.63332557678223
382.0 83.54119658470154
383.0 81.44866824150085
384.0 79.12527322769165
385.0 76.31979584693909
386.0 73.2002317905426
387.0 69.01257634162903
388.0 64.7510826587677
389.0 59.88434553146362
390.0 55.652862787246704
391.0 51.48351192474365
392.0 47.488486766815186
393.0 43.937596678733826
394.0 39.925241470336914
395.0 34.95255708694458
396.0 29.1201114654541
397.0 21.704530715942383
398.0 14.823658764362335
399.0 8.727788180112839
400.0 4.195340722799301
401.0 1.527076680213213
402.0 0.4761012736707926
403.0 0.16781047452241182
404.0 0.07586381980217993
405.0 0.030851949122734368
406.0 0.014509583706967533
407.0 0.022562652884516865
408.0 2.688533423667039e-10
409.0 2.688533423667039e-10
410.0 2.688533423667039e-10
411.0 2.688533423667039e-10
412.0 2.688533423667039e-10
413.0 2.688533423667039e-10
414.0 2.688533423667039e-10
415.0 2.688533423667039e-10
416.0 2.688533423667039e-10
417.0 2.688533423667039e-10
418.0 2.688533423667039e-10
419.0 2.688533423667039e-10
420.0 2.688533423667039e-10
421.0 2.688533423667039e-10
422.0 2.688533423667039e-10
423.0 2.688533423667039e-10
424.0 2.688533423667039e-10
425.0 2.688533423667039e-10
426.0 2.688533423667039e-10
427.0 2.688533423667039e-10
428.0 2.688533423667039e-10
429.0 2.688533423667039e-10
430.0 0.0004370482201920822
431.0 2.688533423667039e-10
432.0 2.688533423667039e-10
433.0 2.688533423667039e-10
434.0 2.688533423667039e-10
435.0 2.688533423667039e-10
436.0 0.0009461856279813219
437.0 0.00015014433074611588
438.0 2.688533423667039e-10
439.0 2.688533423667039e-10
440.0 2.688533423667039e-10
441.0 2.688533423667039e-10
442.0 2.688533423667039e-10
443.0 2.688533423667039e-10
444.0 2.688533423667039e-10
445.0 2.688533423667039e-10
446.0 2.688533423667039e-10
447.0 2.688533423667039e-10
448.0 2.688533423667039e-10
449.0 2.688533423667039e-10
450.0 0.0007856088814151008
451.0 0.0006445059625548311
452.0 0.0005034029072703561
453.0 0.00038348011912603397
454.0 0.0002635573991938145
455.0 2.688533423667039e-10
456.0 2.688533423667039e-10
457.0 2.688533423667039e-10
458.0 0.0002355777951379423
459.0 2.688533423667039e-10
460.0 2.688533423667039e-10
461.0 0.00018800394627760397
462.0 0.0006302457677520579
463.0 0.0002843620222847676
464.0 2.688533423667039e-10
465.0 2.688533423667039e-10
466.0 2.688533423667039e-10
467.0 2.688533423667039e-10
468.0 0.00015638158856745576
469.0 2.688533423667039e-10
470.0 2.688533423667039e-10
471.0 3.034014923741779e-05
472.0 0.0006735992883477593
473.0 0.0005340258667274611
474.0 0.0003944526270061033
475.0 2.688533423667039e-10
476.0 2.688533423667039e-10
477.0 2.688533423667039e-10
478.0 2.688533423667039e-10
479.0 2.688533423667039e-10
480.0 0.0007864952749514487
481.0 0.0005845218311151257
482.0 0.0003825483418040676
483.0 0.0004805432126886444
484.0 0.000578537947149016
485.0 0.0001207944819725526
486.0 2.688533423667039e-10
487.0 2.688533423667039e-10
488.0 2.688533423667039e-10
489.0 2.688533423667039e-10
490.0 2.688533423667039e-10
491.0 2.688533423667039e-10
492.0 2.688533423667039e-10
493.0 2.688533423667039e-10
494.0 2.688533423667039e-10
495.0 2.688533423667039e-10
496.0 2.688533423667039e-10
497.0 2.2862366222398123e-05
498.0 0.00037377699300122913
499.0 2.688533423667039e-10
500.0 2.688533423667039e-10
501.0 2.688533423667039e-10
502.0 2.688533423667039e-10
503.0 2.688533423667039e-10
504.0 0.00039601559365110006
505.0 2.688533423667039e-10
506.0 2.688533423667039e-10
507.0 2.688533423667039e-10
508.0 0.00015851456964810495
509.0 2.688533423667039e-10
510.0 2.688533423667039e-10
511.0 2.688533423667039e-10
512.0 2.688533423667039e-10
513.0 3.577312384095421e-05
514.0 0.00037038773825770477
515.0 0.0002767040086837369
516.0 0.0001830202563724015
517.0 2.688533423667039e-10
518.0 2.688533423667039e-10
519.0 2.688533423667039e-10
520.0 2.688533423667039e-10
521.0 2.688533423667039e-10
522.0 2.688533423667039e-10
523.0 2.688533423667039e-10
524.0 2.688533423667039e-10
525.0 2.688533423667039e-10
526.0 2.688533423667039e-10
527.0 2.688533423667039e-10
528.0 2.688533423667039e-10
529.0 2.688533423667039e-10
530.0 2.688533423667039e-10
531.0 2.688533423667039e-10
532.0 2.688533423667039e-10
533.0 2.688533423667039e-10
534.0 2.688533423667039e-10
535.0 2.688533423667039e-10
536.0 2.688533423667039e-10
537.0 5.19783782237937e-05
538.0 0.00023052421056490857
539.0 0.00014686385156892356
540.0 6.320332772702386e-05
541.0 2.688533423667039e-10
542.0 2.688533423667039e-10
543.0 2.688533423667039e-10
544.0 2.688533423667039e-10
545.0 9.07537014427362e-05
546.0 0.0004558032287604874
547.0 5.455807539078705e-06
548.0 2.688533423667039e-10
549.0 2.688533423667039e-10
550.0 2.688533423667039e-10
551.0 2.688533423667039e-10
552.0 6.431461656575266e-05
553.0 2.688533423667039e-10
554.0 2.688533423667039e-10
555.0 0.00014633637874794658
556.0 0.0003950392965634819
557.0 0.0003337643192935502
558.0 0.0002724892283367808
559.0 2.688533423667039e-10
560.0 2.688533423667039e-10
561.0 1.991972879977766e-05
562.0 0.000323043991556915
563.0 0.0004288329364499077
564.0 0.0005346217221813276
565.0 0.0002665576175786555
566.0 2.688533423667039e-10
567.0 9.178357345263066e-05
568.0 0.0001850735088737565
569.0 0.00015022010302345734
570.0 0.00011536669717315817
571.0 0.0002694536533454084
572.0 0.00042354067772976123
573.0 0.0003882462351612048
574.0 0.00035295181533001596
575.0 0.0002809205170706264
576.0 0.00020888928702333942
577.0 0.0003021628344868077
578.0 0.00039543638195027597
579.0 0.0007027987521723844
580.0 0.001010161213343963
581.0 0.001304544730373891
582.0 0.0015989280655048788
583.0 0.0013201664842199534
584.0 0.001041404811985558
585.0 0.0008548164259991609
586.0 0.0006682283583359094
587.0 0.0004377912318886956
588.0 0.00020735403722937917
589.0 0.0004503480340645183
590.0 0.0006933421445864951
591.0 0.0007890078450145666
592.0 0.0008846736818668433
593.0 0.0007520376129832584
594.0 0.0006194015895744087
595.0 0.0009172441423288547
596.0 0.0012150868315075058
597.0 0.0014028609257366043
598.0 0.0015906349290162325
599.0 0.0019455152141745202
600.0 0.0023003956812317483
601.0 0.0026816289391717874
602.0 0.0030628616514150053
603.0 0.002578479688963853
604.0 0.0020940979084116407
605.0 0.0016915812011575326
606.0 0.0012890647667518351
607.0 0.0010070377356896643
608.0 0.0007250106136780232
609.0 0.0007799510058248416
610.0 0.0008348913979716599
611.0 0.0007437383828801103
612.0 0.0006525851858896203
613.0 0.0007474963695131009
614.0 0.0008424074621871114
615.0 0.0007790308700350579
616.0 0.0007156541414587991
617.0 0.00046706236389582045
618.0 0.00021847060907020932
619.0 0.0003456082140473882
620.0 0.0004727457508124644
621.0 0.0005835944193677278
622.0 0.0006944429969735211
623.0 0.0006081556875869865
624.0 0.0005218682872509817
625.0 0.0008482649718644097
626.0 0.001174661792902043
627.0 0.0010815390851348639
628.0 0.0009884164683171548
629.0 0.001280513697565766
630.0 0.0015726111087133177
631.0 0.0017520345863886178
632.0 0.0019314582459628582
633.0 0.0026431394871906377
634.0 0.0033548207284184173
635.0 0.0032479681976838037
636.0 0.0031411153031513095
637.0 0.002416945426375605
638.0 0.0016927753677009605
639.0 0.0014842827113170642
640.0 0.001275790054933168
641.0 0.0012619848348549567
642.0 0.0012481797966756858
643.0 0.001014127610687865
644.0 0.0007800755156495143
645.0 0.00022225124212127412
646.0 2.688533423667039e-10
647.0 2.688533423667039e-10
648.0 2.688533423667039e-10
649.0 0.00017557593992023612
650.0 0.0003597577915570582
651.0 0.0008490555046591908
652.0 0.0013383533769228961
653.0 0.0013249343282950576
654.0 0.001311515188717749
655.0 0.001938608693308197
656.0 0.0025657023797975853
657.0 0.002832223071891349
658.0 0.003098744127782993
659.0 0.0034789838537108153
660.0 0.0038592235796386376
661.0 0.003392402140889317
662.0 0.0029255808840389363
663.0 0.002271173070766963
664.0 0.0016167650755960494
665.0 0.0013201311958255246
666.0 0.0010234972251055297
667.0 0.0011570849892450497
668.0 0.0012906728443340398
669.0 0.0010498985830054153
670.0 0.0008091242307273205
671.0 0.0006357487109198701
672.0 0.0004623731456376845
673.0 0.0005471299573400756
674.0 0.000631886905466672
675.0 0.0010213300811301451
676.0 0.001410773165844148
677.0 0.0017963659047381952
678.0 0.002181958370783832
679.0 0.0027270980353932828
680.0 0.0032722375181037933
681.0 0.0045271171984495595
682.0 0.005781995787401684
683.0 0.0076839882240165025
684.0 0.00958598029683344
685.0 0.01019137998810038
686.0 0.010796779679367319
687.0 0.009379776020068675
688.0 0.007962773815961555
689.0 0.006262941315071657
690.0 0.004563109177979641
691.0 0.004016560342279263
692.0 0.0034700118703767657
693.0 0.003030373773071915
694.0 0.0025907354938681237
695.0 0.0018568338418845087
696.0 0.001122932280850364
697.0 0.001037243964674417
698.0 0.0009515558303974103
699.0 0.0008043341040320229
700.0 0.0006571122867171653
701.0 0.0006850830231996952
702.0 0.00071305371420749
703.0 0.0006140967343526427
704.0 0.0005151396635483252
705.0 0.0007015084520389792
706.0 0.0008878773769538384
707.0 0.0009470230907027144
708.0 0.0010061689863505308
709.0 0.0010272953659296036
710.0 0.0010484218364581466
711.0 0.0009355150723422412
712.0 0.0008226082172768656
713.0 0.0006281110927375266
714.0 0.00043361401367292274
715.0 0.000448859691459802
716.0 0.00046410532377194613
717.0 0.0004338515736890258
718.0 0.00040359777813137043
719.0 0.00048246315600408707
720.0 0.0005613286248262739
721.0 0.00018114726572093787
722.0 2.688533423667039e-10
723.0 2.688533423667039e-10
724.0 0.0001908157628349727
725.0 0.00023945203793118708
726.0 0.0002880882220779313
727.0 0.0003416590288907173
728.0 0.0003952295628550928
729.0 0.0003959469722758513
730.0 0.0003966642452724045
731.0 0.00026435354811837897
732.0 0.00013204293054513982
733.0 0.0002914688366217888
734.0 0.0004508946858550189
735.0 0.00043745299080910627
736.0 0.0004240111138642533
737.0 0.00031633769594918704
738.0 0.0002086642325593857
739.0 0.0002862295787053881
740.0 0.00036379503853822825
741.0 0.000986622671916848
742.0 0.0016094505554065108
743.0 0.0024528841095161624
744.0 0.0032963180274236947
745.0 0.004289953358238563
746.0 0.005283588689053431
747.0 0.004870460543315858
748.0 0.0044573320337804034
749.0 0.004212230851408094
750.0 0.003967129669035785
751.0 0.0032862484658835456
752.0 0.002605366717034485
753.0 0.002560987923061475
754.0 0.0025166087652905844
755.0 0.0023370012058876455
756.0 0.002157393828383647
757.0 0.002032727934420109
758.0 0.00190806167665869
759.0 0.0014801872566749807
760.0 0.0010523130185902119
761.0 0.000951660331338644
762.0 0.0008510078259860165
763.0 0.0006875980943732429
764.0 0.0005241885446594097
765.0 0.0003726867589648464
766.0 0.00022118495053291554
767.0 0.0002988892447319813
768.0 0.00037659358440578217
769.0 0.0005003627848054748
770.0 0.0006241320534172701
771.0 0.00071143522291095
772.0 0.0007987384378793649
773.0 0.0006621195552725112
774.0 0.0005255006271909224
775.0 0.000532239573658444
776.0 0.0005389785201259656
777.0 0.0006287472388066817
778.0 0.0007185160029621329
779.0 0.0008753540896577761
780.0 0.001032192085403949
781.0 0.0011523716239025816
782.0 0.0012725512533506844
783.0 0.0010624509741319343
784.0 0.0008523508768121246
785.0 0.001074346528184833
786.0 0.0012963420886080712
787.0 0.0011701445146172773
788.0 0.001043947213474894
789.0 0.0008967740541265812
790.0 0.0007496009402530035
791.0 0.0005069564849691233
792.0 0.00026431189326103777
793.0 0.0004759552666655509
794.0 0.000687598640070064
795.0 0.0006628457413171418
796.0 0.0006380927516147494
797.0 0.0005367433004721534
798.0 0.000435393712905352
799.0 0.0002511780849090428
800.0 6.696265586469963e-05
801.0 2.688533423667039e-10
802.0 2.688533423667039e-10
803.0 2.688533423667039e-10
804.0 7.569804552076675e-05
805.0 0.00018421535514789866
806.0 0.00029273269319674
807.0 0.0003516561719152378
808.0 0.00041057969610847067
809.0 0.00033892097235366236
810.0 0.0002672621803867514
811.0 0.0002480392595316516
812.0 0.00022881631593918428
813.0 2.688533423667039e-10
814.0 2.688533423667039e-10
815.0 9.101074738282477e-05
816.0 0.0005335114565241383
817.0 0.0005859314569534035
818.0 0.0006383515028574038
819.0 0.0003466141379249166
820.0 5.4876755939403665e-05
821.0 2.688533423667039e-10
822.0 2.688533423667039e-10
823.0 2.688533423667039e-10
824.0 2.688533423667039e-10
825.0 2.688533423667039e-10
826.0 2.688533423667039e-10
827.0 2.688533423667039e-10
828.0 2.688533423667039e-10
829.0 2.688533423667039e-10
830.0 2.688533423667039e-10
831.0 2.688533423667039e-10
832.0 0.00015325454114645254
833.0 0.00017313736861979123
834.0 0.00019302017335576238
835.0 0.0003265609166192007
836.0 0.00046010159167053644
837.0 5.418227146947174e-05
838.0 2.688533423667039e-10
839.0 2.688533423667039e-10
840.0 1.0855900711703725e-05
841.0 2.688533423667039e-10
842.0 2.688533423667039e-10
843.0 2.688533423667039e-10
844.0 2.688533423667039e-10
845.0 0.00010388241662440123
846.0 0.0003420425855438225
847.0 0.00043654827095451765
848.0 0.0005310538654157426
849.0 0.00040948120840766933
850.0 0.0002879084831874934
851.0 0.00039042574826453347
852.0 0.000492942990604206
853.0 0.0004083807652932592
854.0 0.000323818608194415
855.0 0.00026070438252645545
856.0 0.0001975903160200687
857.0 0.0003961003585573053
858.0 0.000594610446569277
859.0 0.0007121706858015386
860.0 0.0008297309250338003
861.0 0.001091167996492004
862.0 0.0013526047951017972
863.0 0.0017045027561835013
864.0 0.002056400990113616
865.0 0.0016526744730072096
866.0 0.0012489481377997436
867.0 0.001524700019217562
868.0 0.00180045171873644
869.0 0.001792794864741154
870.0 0.001785138010745868
871.0 0.0017945414583664387
872.0 0.001803944724088069
873.0 0.0020974106519133784
874.0 0.0023908765797386877
875.0 0.0023055457859300077
876.0 0.0022202148102223873
877.0 0.002527371543692425
878.0 0.002834528459061403
879.0 0.003120310793747194
880.0 0.0034060933103319257
