lsstCam/transmission_sensor/r34_s20/19700101T000000.ecsv
# %ECSV 1.0
# ---
# datatype:
# - {name: amp_name, datatype: string}
# - {name: wavelength, unit: nm, datatype: float32}
# - {name: efficiency, unit: '%', datatype: float64}
# meta: !!omap
# - {MODE: AMP}
# - {TYPE: transmission_sensor}
# - {CALIBDATE: '1970-01-01T00:00:00'}
# - {INSTRUME: LSSTCAM}
# - {OBSTYPE: transmission_sensor}
# - {DETECTOR: 159}
# - {PARQUETFILE: qe_raft_allvalues_nircorrected_20230725.parquet}
# - {CALIBCLS: lsst.ip.isr.IntermediateSensorTransmissionCurve}
# - {CALIB_ID: 'raftName=R34 detectorName=S20 detector=159 calibDate=1970-01-01T00:00:00 ccd=159 ccdnum=159 filter=None'}
# - {DATE: '2023-08-02T16:57:56.059140'}
# - {CALIB_CREATION_DATE: '2023-08-02'}
# - {CALIB_CREATION_TIME: '16:57:56'}
# - __serialized_columns__:
#     efficiency:
#       __class__: astropy.units.quantity.Quantity
#       unit: !astropy.units.Unit {unit: '%'}
#       value: !astropy.table.SerializedColumn {name: efficiency}
#     wavelength:
#       __class__: astropy.units.quantity.Quantity
#       unit: !astropy.units.Unit {unit: nm}
#       value: !astropy.table.SerializedColumn {name: wavelength}
# schema: astropy-2.0
amp_name wavelength efficiency
C00 319.994 39.500701904296875
C00 324.969 44.627418518066406
C00 349.982 67.06363677978516
C00 374.975 73.22234344482422
C00 400.019 82.67064666748047
C00 424.965 84.85765838623047
C00 450.035 87.28807830810547
C00 475.003 90.63581085205078
C00 500.018 92.0455551147461
C00 525.002 94.64605712890625
C00 550.029 96.89511108398438
C00 575.023 97.0216064453125
C00 599.982 98.91250610351562
C00 619.997 98.59700775146484
C00 624.979 98.95513153076172
C00 650.012 99.43492126464844
C00 675.004 99.2258071899414
C00 700.03 98.760498046875
C00 725.012 98.627197265625
C00 750.022 98.78938293457031
C00 774.987 98.61784362792969
C00 799.976 97.853515625
C00 824.988 96.13894653320312
C00 850.022 93.97010803222656
C00 869.967 90.9316177368164
C00 875.002 90.26358795166016
C00 899.999 82.8119125366211
C00 919.999 74.14836120605469
C00 925.012 71.09369659423828
C00 949.965 57.668575286865234
C00 975.002 42.631168365478516
C00 999.976 26.002822875976562
C00 1025.028 11.318455696105957
C00 1050.014 4.002298831939697
C00 1075.002 0.9411615924996803
C00 1099.99 0.09338118858043211
C01 319.994 39.91337203979492
C01 324.969 45.0966911315918
C01 349.982 67.83121490478516
C01 374.975 73.96561431884766
C01 400.019 83.08702850341797
C01 424.965 85.08765411376953
C01 450.035 87.4216079711914
C01 475.003 90.70880889892578
C01 500.018 92.07786560058594
C01 525.002 94.65233612060547
C01 550.029 96.88334655761719
C01 575.023 97.00332641601562
C01 599.982 98.88568878173828
C01 619.997 98.56543731689453
C01 624.979 98.92609405517578
C01 650.012 99.40530395507812
C01 675.004 99.19438934326172
C01 700.03 98.75094604492188
C01 725.012 98.68396759033203
C01 750.022 98.92125701904297
C01 774.987 98.83645629882812
C01 799.976 98.09415435791016
C01 824.988 96.36357879638672
C01 850.022 94.20811462402344
C01 869.967 91.09442901611328
C01 875.002 90.41805267333984
C01 899.999 82.94705200195312
C01 919.999 74.3093032836914
C01 925.012 71.1711654663086
C01 949.965 57.672996520996094
C01 975.002 42.633541107177734
C01 999.976 25.966344833374023
C01 1025.028 11.23255729675293
C01 1050.014 3.9583444595336914
C01 1075.002 0.9424179487654617
C01 1099.99 0.09350584309493215
C02 319.994 40.12284851074219
C02 324.969 45.33778762817383
C02 349.982 68.26038360595703
C02 374.975 74.3741455078125
C02 400.019 83.23037719726562
C02 424.965 85.0870132446289
C02 450.035 87.3407974243164
C02 475.003 90.57708740234375
C02 500.018 91.91321563720703
C02 525.002 94.46292877197266
C02 550.029 96.6781234741211
C02 575.023 96.79286193847656
C02 599.982 98.6707534790039
C02 619.997 98.3486328125
C02 624.979 98.70792388916016
C02 650.012 99.1852798461914
C02 675.004 98.9769287109375
C02 700.03 98.54249572753906
C02 725.012 98.49429321289062
C02 750.022 98.75145721435547
C02 774.987 98.69084167480469
C02 799.976 97.9567642211914
C02 824.988 96.20765686035156
C02 850.022 94.0765151977539
C02 869.967 90.89916229248047
C02 875.002 90.20401763916016
C02 899.999 82.63612365722656
C02 919.999 74.09485626220703
C02 925.012 71.01114654541016
C02 949.965 57.42776870727539
C02 975.002 42.437313079833984
C02 999.976 25.812158584594727
C02 1025.028 11.159223556518555
C02 1050.014 3.9113540649414062
C02 1075.002 0.9408002739330669
C02 1099.99 0.09334533888418926
C03 319.994 40.338504791259766
C03 324.969 45.58140563964844
C03 349.982 68.67156982421875
C03 374.975 74.80809783935547
C03 400.019 83.51850128173828
C03 424.965 85.27558135986328
C03 450.035 87.4788589477539
C03 475.003 90.6823501586914
C03 500.018 91.9985122680664
C03 525.002 94.53739166259766
C03 550.029 96.74329376220703
C03 575.023 96.85214233398438
C03 599.982 98.72454833984375
C03 619.997 98.39885711669922
C03 624.979 98.7611083984375
C03 650.012 99.23574829101562
C03 675.004 99.02564239501953
C03 700.03 98.58486938476562
C03 725.012 98.52749633789062
C03 750.022 98.77662658691406
C03 774.987 98.7041244506836
C03 799.976 97.96794891357422
C03 824.988 96.20854949951172
C03 850.022 94.07198333740234
C03 869.967 90.93097686767578
C03 875.002 90.24430847167969
C03 899.999 82.55030059814453
C03 919.999 73.9876937866211
C03 925.012 70.9538345336914
C03 949.965 57.53109359741211
C03 975.002 42.52422332763672
C03 999.976 25.810590744018555
C03 1025.028 11.132493019104004
C03 1050.014 3.881946086883545
C03 1075.002 0.9410400614855733
C03 1099.99 0.09336913038486065
C04 319.994 40.71464538574219
C04 324.969 46.00949478149414
C04 349.982 69.38565826416016
C04 374.975 75.51615905761719
C04 400.019 83.9695816040039
C04 424.965 85.58403778076172
C04 450.035 87.71257019042969
C04 475.003 90.87494659423828
C04 500.018 92.16477966308594
C04 525.002 94.68435668945312
C04 550.029 96.88369750976562
C04 575.023 96.98453521728516
C04 599.982 98.85785675048828
C04 619.997 98.53079223632812
C04 624.979 98.89041137695312
C04 650.012 99.36256408691406
C04 675.004 99.15494537353516
C04 700.03 98.705810546875
C04 725.012 98.62594604492188
C04 750.022 98.84798431396484
C04 774.987 98.7445068359375
C04 799.976 97.9976806640625
C04 824.988 96.23715209960938
C04 850.022 94.08336639404297
C04 869.967 90.94693756103516
C04 875.002 90.26437377929688
C04 899.999 82.54554748535156
C04 919.999 73.9595947265625
C04 925.012 70.9312515258789
C04 949.965 57.53049087524414
C04 975.002 42.520774841308594
C04 999.976 25.816604614257812
C04 1025.028 11.118682861328125
C04 1050.014 3.870213508605957
C04 1075.002 0.9417198836415226
C04 1099.99 0.09343658171463416
C05 319.994 40.947998046875
C05 324.969 46.27492904663086
C05 349.982 69.8338623046875
C05 374.975 75.97388458251953
C05 400.019 84.24115753173828
C05 424.965 85.74646759033203
C05 450.035 87.81515502929688
C05 475.003 90.94075775146484
C05 500.018 92.20320129394531
C05 525.002 94.71409606933594
C05 550.029 96.89834594726562
C05 575.023 96.99664306640625
C05 599.982 98.86640930175781
C05 619.997 98.53346252441406
C05 624.979 98.89613342285156
C05 650.012 99.3708724975586
C05 675.004 99.15144348144531
C05 700.03 98.694580078125
C05 725.012 98.59044647216797
C05 750.022 98.77871704101562
C05 774.987 98.64253997802734
C05 799.976 97.875732421875
C05 824.988 96.11271667480469
C05 850.022 93.93831634521484
C05 869.967 90.79240417480469
C05 875.002 90.11109161376953
C05 899.999 82.40160369873047
C05 919.999 73.86038970947266
C05 925.012 70.84075164794922
C05 949.965 57.408958435058594
C05 975.002 42.44276428222656
C05 999.976 25.77335548400879
C05 1025.028 11.099230766296387
C05 1050.014 3.8678812980651855
C05 1075.002 0.9410599784808671
C05 1099.99 0.09337110653083633
C06 319.994 41.0769157409668
C06 324.969 46.421871185302734
C06 349.982 70.16871643066406
C06 374.975 76.40107727050781
C06 400.019 84.51859283447266
C06 424.965 85.91710662841797
C06 450.035 87.92853546142578
C06 475.003 91.01944732666016
C06 500.018 92.2582015991211
C06 525.002 94.7564926147461
C06 550.029 96.93634796142578
C06 575.023 97.0301513671875
C06 599.982 98.90231323242188
C06 619.997 98.57142639160156
C06 624.979 98.93428039550781
C06 650.012 99.41253662109375
C06 675.004 99.1972427368164
C06 700.03 98.73529052734375
C06 725.012 98.60515594482422
C06 750.022 98.76219940185547
C06 774.987 98.5920181274414
C06 799.976 97.80804443359375
C06 824.988 96.03961944580078
C06 850.022 93.84007263183594
C06 869.967 90.67814636230469
C06 875.002 89.9854965209961
C06 899.999 82.31330108642578
C06 919.999 73.76578521728516
C06 925.012 70.72762298583984
C06 949.965 57.26820373535156
C06 975.002 42.28522491455078
C06 999.976 25.682153701782227
C06 1025.028 11.06725025177002
C06 1050.014 3.8693654537200928
C06 1075.002 0.9409026164328519
C06 1099.99 0.09335549321299781
C07 319.994 41.249603271484375
C07 324.969 46.62455749511719
C07 349.982 70.5942611694336
C07 374.975 76.86273193359375
C07 400.019 84.80748748779297
C07 424.965 86.10968780517578
C07 450.035 88.06697082519531
C07 475.003 91.13395690917969
C07 500.018 92.35868072509766
C07 525.002 94.85138702392578
C07 550.029 97.03530883789062
C07 575.023 97.13142395019531
C07 599.982 99.0060806274414
C07 619.997 98.67845153808594
C07 624.979 99.04137420654297
C07 650.012 99.52448272705078
C07 675.004 99.31359100341797
C07 700.03 98.84378051757812
C07 725.012 98.6951904296875
C07 750.022 98.82278442382812
C07 774.987 98.62165069580078
C07 799.976 97.817138671875
C07 824.988 96.0373306274414
C07 850.022 93.79714965820312
C07 869.967 90.64562225341797
C07 875.002 89.96944427490234
C07 899.999 82.27507019042969
C07 919.999 73.69043731689453
C07 925.012 70.66193389892578
C07 949.965 57.20958709716797
C07 975.002 42.26009750366211
C07 999.976 25.655927658081055
C07 1025.028 11.076504707336426
C07 1050.014 3.8647828102111816
C07 1075.002 0.9414798076089382
C07 1099.99 0.09341276159123446
C10 319.994 37.37179946899414
C10 324.969 42.20125961303711
C10 349.982 63.21797180175781
C10 374.975 69.63848114013672
C10 400.019 80.49479675292969
C10 424.965 83.47239685058594
C10 450.035 86.30583953857422
C10 475.003 89.8824462890625
C10 500.018 91.45034790039062
C10 525.002 94.14373779296875
C10 550.029 96.44985961914062
C10 575.023 96.6258544921875
C10 599.982 98.54183197021484
C10 619.997 98.24404907226562
C10 624.979 98.60518646240234
C10 650.012 99.0999526977539
C10 675.004 98.90949249267578
C10 700.03 98.50192260742188
C10 725.012 98.52175903320312
C10 750.022 98.87686157226562
C10 774.987 98.90862274169922
C10 799.976 98.23741912841797
C10 824.988 96.51647186279297
C10 850.022 94.4593734741211
C10 869.967 91.47565460205078
C10 875.002 90.81900787353516
C10 899.999 83.05168914794922
C10 919.999 74.35321807861328
C10 925.012 71.26782989501953
C10 949.965 57.940895080566406
C10 975.002 43.068458557128906
C10 999.976 26.166915893554688
C10 1025.028 11.413400650024414
C10 1050.014 4.034670829772949
C10 1075.002 0.9419945053500955
C10 1099.99 0.09346382942826899
C11 319.994 38.005332946777344
C11 324.969 42.92178726196289
C11 349.982 64.35428619384766
C11 374.975 70.70486450195312
C11 400.019 81.08927154541016
C11 424.965 83.80204772949219
C11 450.035 86.49459075927734
C11 475.003 89.9859848022461
C11 500.018 91.49590301513672
C11 525.002 94.14940643310547
C11 550.029 96.4319839477539
C11 575.023 96.58787536621094
C11 599.982 98.49246978759766
C11 619.997 98.18729400634766
C11 624.979 98.55257415771484
C11 650.012 99.04093933105469
C11 675.004 98.84750366210938
C11 700.03 98.46501922607422
C11 725.012 98.5465087890625
C11 750.022 98.98527526855469
C11 774.987 99.1020278930664
C11 799.976 98.4605941772461
C11 824.988 96.71683502197266
C11 850.022 94.64906311035156
C11 869.967 91.6294937133789
C11 875.002 90.93679809570312
C11 899.999 83.1133041381836
C11 919.999 74.23405456542969
C11 925.012 71.11541748046875
C11 949.965 57.86367416381836
C11 975.002 42.99015426635742
C11 999.976 26.118242263793945
C11 1025.028 11.338661193847656
C11 1050.014 3.9953866004943848
C11 1075.002 0.9430263011694955
C11 1099.99 0.09356620326157851
C12 319.994 38.582862854003906
C12 324.969 43.57748031616211
C12 349.982 65.40898895263672
C12 374.975 71.71588134765625
C12 400.019 81.69730377197266
C12 424.965 84.17951965332031
C12 450.035 86.74777221679688
C12 475.003 90.1723861694336
C12 500.018 91.63917541503906
C12 525.002 94.26306915283203
C12 550.029 96.5263671875
C12 575.023 96.67224884033203
C12 599.982 98.57258605957031
C12 619.997 98.26045227050781
C12 624.979 98.62348175048828
C12 650.012 99.11016845703125
C12 675.004 98.91923522949219
C12 700.03 98.54258728027344
C12 725.012 98.65264129638672
C12 750.022 99.1294174194336
C12 774.987 99.28465270996094
C12 799.976 98.65687561035156
C12 824.988 96.90013122558594
C12 850.022 94.80745697021484
C12 869.967 91.76814270019531
C12 875.002 91.09056091308594
C12 899.999 83.25396728515625
C12 919.999 74.25630950927734
C12 925.012 71.17019653320312
C12 949.965 58.0243034362793
C12 975.002 43.118194580078125
C12 999.976 26.230348587036133
C12 1025.028 11.34738540649414
C12 1050.014 3.9718759059906006
C12 1075.002 0.944399119440155
C12 1099.99 0.09370241302921112
C13 319.994 38.88685989379883
C13 324.969 43.92560958862305
C13 349.982 66.00355529785156
C13 374.975 72.3182144165039
C13 400.019 82.03801727294922
C13 424.965 84.35884857177734
C13 450.035 86.84716796875
C13 475.003 90.21658325195312
C13 500.018 91.64563751220703
C13 525.002 94.24812316894531
C13 550.029 96.49784088134766
C13 575.023 96.6333236694336
C13 599.982 98.52987670898438
C13 619.997 98.2169418334961
C13 624.979 98.5779800415039
C13 650.012 99.06415557861328
C13 675.004 98.86915588378906
C13 700.03 98.4963607788086
C13 725.012 98.61317443847656
C13 750.022 99.09477233886719
C13 774.987 99.26203155517578
C13 799.976 98.63150787353516
C13 824.988 96.86791229248047
C13 850.022 94.77082824707031
C13 869.967 91.73411560058594
C13 875.002 91.0282974243164
C13 899.999 83.11451721191406
C13 919.999 74.0833511352539
C13 925.012 70.96412658691406
C13 949.965 57.84613800048828
C13 975.002 43.00567626953125
C13 999.976 26.14600372314453
C13 1025.028 11.301185607910156
C13 1050.014 3.9594476222991943
C13 1075.002 0.9440689397062522
C13 1099.99 0.09366965289934318
C14 319.994 39.37623977661133
C14 324.969 44.48054885864258
C14 349.982 66.9024887084961
C14 374.975 73.20757293701172
C14 400.019 82.64015197753906
C14 424.965 84.78713989257812
C14 450.035 87.18540954589844
C14 475.003 90.50562286376953
C14 500.018 91.89978790283203
C14 525.002 94.48602294921875
C14 550.029 96.72445678710938
C14 575.023 96.85504913330078
C14 599.982 98.74571228027344
C14 619.997 98.42960357666016
C14 624.979 98.79255676269531
C14 650.012 99.27762603759766
C14 675.004 99.08245849609375
C14 700.03 98.70381927490234
C14 725.012 98.81220245361328
C14 750.022 99.28246307373047
C14 774.987 99.4420166015625
C14 799.976 98.80804443359375
C14 824.988 97.03981018066406
C14 850.022 94.91854858398438
C14 869.967 91.8419189453125
C14 875.002 91.15547180175781
C14 899.999 83.27243041992188
C14 919.999 74.23878479003906
C14 925.012 71.14743041992188
C14 949.965 57.89950942993164
C14 975.002 43.09590148925781
C14 999.976 26.170400619506836
C14 1025.028 11.32573413848877
C14 1050.014 3.9698405265808105
C14 1075.002 0.9458571440980127
C14 1099.99 0.09384707689630403
C15 319.994 39.78743362426758
C15 324.969 44.94816207885742
C15 349.982 67.6255111694336
C15 374.975 73.89385223388672
C15 400.019 83.083251953125
C15 424.965 85.09404754638672
C15 450.035 87.42025756835938
C15 475.003 90.7000503540039
C15 500.018 92.0621337890625
C15 525.002 94.6335220336914
C15 550.029 96.86164855957031
C15 575.023 96.97956085205078
C15 599.982 98.86837768554688
C15 619.997 98.55155181884766
C15 624.979 98.90892791748047
C15 650.012 99.39176940917969
C15 675.004 99.19233703613281
C15 700.03 98.80522155761719
C15 725.012 98.8990707397461
C15 750.022 99.35775756835938
C15 774.987 99.49382781982422
C15 799.976 98.84999084472656
C15 824.988 97.07805633544922
C15 850.022 94.94314575195312
C15 869.967 91.85388946533203
C15 875.002 91.18173217773438
C15 899.999 83.29248046875
C15 919.999 74.27600860595703
C15 925.012 71.11231994628906
C15 949.965 57.827911376953125
C15 975.002 43.034793853759766
C15 999.976 26.146570205688477
C15 1025.028 11.318624496459961
C15 1050.014 3.971668243408203
C15 1075.002 0.9465747085651969
C15 1099.99 0.09391827298352513
C16 319.994 39.9575309753418
C16 324.969 45.14326477050781
C16 349.982 67.97022247314453
C16 374.975 74.2742691040039
C16 400.019 83.34982299804688
C16 424.965 85.27867889404297
C16 450.035 87.56293487548828
C16 475.003 90.81787872314453
C16 500.018 92.16910552978516
C16 525.002 94.72917175292969
C16 550.029 96.95694732666016
C16 575.023 97.07258605957031
C16 599.982 98.95785522460938
C16 619.997 98.63915252685547
C16 624.979 99.0020980834961
C16 650.012 99.48295593261719
C16 675.004 99.28382110595703
C16 700.03 98.89132690429688
C16 725.012 98.97491455078125
C16 750.022 99.41555786132812
C16 774.987 99.53858947753906
C16 799.976 98.8806381225586
C16 824.988 97.10313415527344
C16 850.022 94.97168731689453
C16 869.967 91.86595153808594
C16 875.002 91.16853332519531
C16 899.999 83.33123016357422
C16 919.999 74.34478759765625
C16 925.012 71.22246551513672
C16 949.965 57.8312873840332
C16 975.002 42.93642044067383
C16 999.976 26.091638565063477
C16 1025.028 11.311904907226562
C16 1050.014 3.9904863834381104
C16 1075.002 0.9471255159747427
C16 1099.99 0.0939729235886839
C17 319.994 40.11785125732422
C17 324.969 45.331336975097656
C17 349.982 68.37167358398438
C17 374.975 74.65616607666016
C17 400.019 83.44386291503906
C17 424.965 85.21768951416016
C17 450.035 87.42443084716797
C17 475.003 90.63179779052734
C17 500.018 91.95115661621094
C17 525.002 94.4931869506836
C17 550.029 96.7067642211914
C17 575.023 96.81816101074219
C17 599.982 98.70098876953125
C17 619.997 98.38416290283203
C17 624.979 98.74272918701172
C17 650.012 99.22200012207031
C17 675.004 99.02192687988281
C17 700.03 98.6280517578125
C17 725.012 98.69884490966797
C17 750.022 99.12153625488281
C17 774.987 99.22834014892578
C17 799.976 98.56098937988281
C17 824.988 96.79047393798828
C17 850.022 94.65792846679688
C17 869.967 91.51628112792969
C17 875.002 90.8353042602539
C17 899.999 83.0022201538086
C17 919.999 74.0967025756836
C17 925.012 70.99122619628906
C17 949.965 57.54652404785156
C17 975.002 42.8407096862793
C17 999.976 26.0093994140625
C17 1025.028 11.30201530456543
C17 1050.014 3.9921724796295166
C17 1075.002 0.9443245694654596
C17 1099.99 0.09369501624920949
