lsstCam/transmission_sensor/r34_s20/19700101T000000.ecsv
# %ECSV 1.0
# ---
# datatype:
# - {name: amp_name, datatype: string}
# - {name: wavelength, unit: nm, datatype: float32}
# - {name: efficiency, unit: '%', datatype: float64}
# meta: !!omap
# - {MODE: AMP}
# - {TYPE: transmission_sensor}
# - {CALIBDATE: '1970-01-01T00:00:00'}
# - {INSTRUME: LSSTCam}
# - {OBSTYPE: transmission_sensor}
# - {DETECTOR: 159}
# - {PARQUETFILE: qe_raft_allvalues_nircorrected_20230725_adjust.parquet}
# - {CORRFILE: qe_corr_factor_bydetnum.parquet}
# - {CALIBCLS: lsst.ip.isr.IntermediateSensorTransmissionCurve}
# - {CALIB_ID: 'raftName=R34 detectorName=S20 detector=159 calibDate=1970-01-01T00:00:00 ccd=159 ccdnum=159 filter=None'}
# - {DATE: '2025-03-03T21:56:48.279859'}
# - {CALIB_CREATION_DATE: '2025-03-03'}
# - {CALIB_CREATION_TIME: '21:56:48'}
# - __serialized_columns__:
#     efficiency:
#       __class__: astropy.units.quantity.Quantity
#       unit: !astropy.units.Unit {unit: '%'}
#       value: !astropy.table.SerializedColumn {name: efficiency}
#     wavelength:
#       __class__: astropy.units.quantity.Quantity
#       unit: !astropy.units.Unit {unit: nm}
#       value: !astropy.table.SerializedColumn {name: wavelength}
# schema: astropy-2.0
amp_name wavelength efficiency
C00 319.994 39.1221292918834
C00 324.969 44.199711728081084
C00 349.982 66.42090247508385
C00 374.975 72.52058442514644
C00 400.019 81.87833561552382
C00 424.965 84.04438713104118
C00 450.035 86.45151403849545
C00 475.003 89.76716209295766
C00 500.018 91.1633954421088
C00 525.002 93.73897438418096
C00 550.029 95.96647352655485
C00 575.023 96.09175656311183
C00 599.982 97.96453394021849
C00 619.997 97.65205930748382
C00 624.979 98.00675084765177
C00 650.012 98.48194230241407
C00 675.004 98.27483236580427
C00 700.03 97.81398272065508
C00 725.012 97.68195948695643
C00 750.022 97.84259077713305
C00 774.987 97.67269549402405
C00 799.976 96.91569276975677
C00 824.988 95.21755601634766
C00 850.022 93.06950354745747
C00 869.967 90.06013398037548
C00 875.002 89.39850655691774
C00 899.999 82.01824760013716
C00 919.999 73.43772728172686
C00 925.012 70.41233841202117
C00 949.965 57.11588274855525
C00 975.002 42.222593530088
C00 999.976 25.753613213572752
C00 1025.028 11.209980222638613
C00 1050.014 3.963941014194135
C00 1075.002 0.9321415501814685
C00 1099.99 0.0924862282681617
C01 319.994 39.53084441889479
C01 324.969 44.664486858000565
C01 349.982 67.18112417242551
C01 374.975 73.25673183090362
C01 400.019 82.29072687023636
C01 424.965 84.27217859184013
C01 450.035 86.58376396043876
C01 475.003 89.8394605304593
C01 500.018 91.19539626598207
C01 525.002 93.74519319835987
C01 550.029 95.95482175077856
C01 575.023 96.07365172863713
C01 599.982 97.93797363421741
C01 619.997 97.62079144226833
C01 624.979 97.97799166567735
C01 650.012 98.45260884355314
C01 675.004 98.24371562608523
C01 700.03 97.80452226457732
C01 725.012 97.73818572791062
C01 750.022 97.9732009874399
C01 774.987 97.88921299278785
C01 799.976 97.15402523393313
C01 824.988 95.4400354159464
C01 850.022 93.30522909682006
C01 869.967 90.22138488508753
C01 875.002 89.55149089697399
C01 899.999 82.15209189606801
C01 919.999 73.59712689910741
C01 925.012 70.4890648265688
C01 949.965 57.12026160981489
C01 975.002 42.2249435315578
C01 999.976 25.717484774577695
C01 1025.028 11.124905068946486
C01 1050.014 3.920407898140207
C01 1075.002 0.9333858655960565
C01 1099.99 0.09260968810046806
C02 319.994 39.73831327855864
C02 324.969 44.90327269866626
C02 349.982 67.60617974374054
C02 374.975 73.6613476788238
C02 400.019 82.43270171787623
C02 424.965 84.27154386475505
C02 450.035 86.50372789751889
C02 475.003 89.70900144564892
C02 500.018 91.03232429903778
C02 525.002 93.55760111961659
C02 550.029 95.75156551432825
C02 575.023 95.86520433138377
C02 599.982 97.72509825991806
C02 619.997 97.40606478063746
C02 624.979 97.76191243085326
C02 650.012 98.23469343394719
C02 675.004 98.02833912481964
C02 700.03 97.59806972387709
C02 725.012 97.55032917954856
C02 750.022 97.80502853499043
C02 774.987 97.7449939315257
C02 799.976 97.01795183692961
C02 824.988 95.28560782739905
C02 850.022 93.17489091240682
C02 869.967 90.02798958728057
C02 875.002 89.33950716310369
C02 899.999 81.84414347195202
C02 919.999 73.3847351263967
C02 925.012 70.33057951844177
C02 949.965 56.87738404633282
C02 975.002 42.030596143123205
C02 999.976 25.564776238552465
C02 1025.028 11.052274155352656
C02 1050.014 3.873867856974103
C02 1075.002 0.9317836944726545
C02 1099.99 0.09245072215348847
C03 319.994 39.95190272082872
C03 324.969 45.14455588816078
C03 349.982 68.01342517529896
C03 374.975 74.09114103445255
C03 400.019 82.71806443654778
C03 424.965 84.45830475326785
C03 450.035 86.64046624670678
C03 475.003 89.81325536937489
C03 500.018 91.1168034515533
C03 525.002 93.63135036188416
C03 550.029 95.81611121386202
C03 575.023 95.92391658675456
C03 599.982 97.77837755369148
C03 619.997 97.45580773779396
C03 624.979 97.81458722264088
C03 650.012 98.284678191898
C03 675.004 98.07658593956128
C03 700.03 97.64003727424122
C03 725.012 97.58321408757605
C03 750.022 97.82995668562984
C03 774.987 97.75814940599166
C03 799.976 97.02902933581939
C03 824.988 95.28649191155328
C03 850.022 93.17040248516227
C03 869.967 90.05949925329038
C03 875.002 89.3794118504413
C03 899.999 81.75914293647378
C03 919.999 73.27859969023993
C03 925.012 70.27381678197517
C03 949.965 56.97971867625388
C03 975.002 42.11667344776367
C03 999.976 25.563223424076444
C03 1025.028 11.025799801977689
C03 1050.014 3.844741723403616
C03 1075.002 0.9320211839140945
C03 1099.99 0.09247428563769108
C04 319.994 40.32443840399
C04 324.969 45.568542246588436
C04 349.982 68.7206698298601
C04 374.975 74.79241623190391
C04 400.019 83.16482162915302
C04 424.965 84.76380494434136
C04 450.035 86.87193761334429
C04 475.003 90.00400597099397
C04 500.018 91.28147734875994
C04 525.002 93.77690688378989
C04 550.029 95.95516933942041
C04 575.023 96.05504062374933
C04 599.982 97.91040834366495
C04 619.997 97.58647839829938
C04 624.979 97.94265096833254
C04 650.012 98.41027859199751
C04 675.004 98.20464968525293
C04 700.03 97.75981934272743
C04 725.012 97.68072025788554
C04 750.022 97.90063052404464
C04 774.987 97.79814476862713
C04 799.976 97.05847613880266
C04 824.988 95.31482038586282
C04 850.022 93.18167644719743
C04 869.967 90.07530698021905
C04 875.002 89.39928485322446
C04 899.999 81.75443537725936
C04 919.999 73.25076993006867
C04 925.012 70.25145020850059
C04 949.965 56.9791217305429
C04 975.002 42.1132580115439
C04 999.976 25.569179657705277
C04 1025.028 11.01212200001462
C04 1050.014 3.833121589528147
C04 1075.002 0.9326944906908949
C04 1099.99 0.092541090517531
C05 319.994 40.555554625710855
C05 324.969 45.831432603937884
C05 349.982 69.16457830685727
C05 374.975 75.24575493987955
C05 400.019 83.43379478773458
C05 424.965 84.9246780353123
C05 450.035 86.97353928460757
C05 475.003 90.06918639761282
C05 500.018 91.31953074876603
C05 525.002 93.80636124304797
C05 550.029 95.9696773870796
C05 575.023 96.06703243189263
C05 599.982 97.91887892774096
C05 619.997 97.58912309448725
C05 624.979 97.94831817444941
C05 650.012 98.41850737527922
C05 675.004 98.20118135510941
C05 700.03 97.74869650618872
C05 725.012 97.64556091113647
C05 750.022 97.8320271049312
C05 774.987 97.69715515562447
C05 799.976 96.93769664203988
C05 824.988 95.1915775435079
C05 850.022 93.03801655027213
C05 869.967 89.92225463368939
C05 875.002 89.2474717357657
C05 899.999 81.61187114018333
C05 919.999 73.15251568855176
C05 925.012 70.16181767655614
C05 949.965 56.85875405075795
C05 975.002 42.03599510148388
C05 999.976 25.526345024805252
C05 1025.028 10.992856332820313
C05 1050.014 3.830811730768345
C05 1075.002 0.9320409100259717
C05 1099.99 0.09247624284438952
C06 319.994 40.68323677952398
C06 324.969 45.97696645701915
C06 349.982 69.4962232088166
C06 374.975 75.66885343601555
C06 400.019 83.70857116537982
C06 424.965 85.09368167799224
C06 450.035 87.08583308474468
C06 475.003 90.14712181613204
C06 500.018 91.3740039339614
C06 525.002 93.8483514622366
C06 550.029 96.00731519197045
C06 575.023 96.10021959091303
C06 599.982 97.95443875705563
C06 619.997 97.626723118004
C06 624.979 97.9860995485619
C06 650.012 98.45977219208486
C06 675.004 98.24654167286886
C06 700.03 97.78901678864156
C06 725.012 97.66012940899424
C06 750.022 97.8156677699405
C06 774.987 97.64711750374991
C06 799.976 96.8706573718147
C06 824.988 95.11918087443358
C06 850.022 92.94071439938286
C06 869.967 89.80909186194769
C06 875.002 89.12308033963777
C06 899.999 81.52441481538776
C06 919.999 73.05881788075281
C06 925.012 70.04977323348818
C06 949.965 56.71934833655773
C06 975.002 41.87996558267416
C06 999.976 25.43601731557714
C06 1025.028 10.961182317833117
C06 1050.014 3.8322816623549087
C06 1075.002 0.9318850561274005
C06 1099.99 0.09246077916375332
C07 319.994 40.85426928199376
C07 324.969 46.17771023209099
C07 349.982 69.91768954959095
C07 374.975 76.12608362552477
C07 400.019 83.99469706780845
C07 424.965 85.28441716706168
C07 450.035 87.22294169139886
C07 475.003 90.26053394494289
C07 500.018 91.47352007337368
C07 525.002 93.9423364084788
C07 550.029 96.10532763269303
C07 575.023 96.20052158290684
C07 599.982 98.0572116509164
C07 619.997 97.73272254121396
C07 624.979 98.09216697824526
C07 650.012 98.57064541255534
C07 675.004 98.36177486391192
C07 700.03 97.89646701661745
C07 725.012 97.74930100817451
C07 750.022 97.87567214830594
C07 774.987 97.67646607516048
C07 799.976 96.87966445140312
C07 824.988 95.11691399198683
C07 850.022 92.8982027972315
C07 869.967 89.7768794623794
C07 875.002 89.10718193741124
C07 899.999 81.48655032225224
C07 919.999 72.98419211060585
C07 925.012 69.98471370726648
C07 949.965 56.66129347709649
C07 975.002 41.85507899154627
C07 999.976 25.41004262087481
C07 1025.028 10.970348079192803
C07 1050.014 3.8277429386560593
C07 1075.002 0.9324567155341547
C07 1099.99 0.09251749868491876
C10 319.994 37.01363014355158
C10 324.969 41.796805000115185
C10 349.982 62.61209414433144
C10 374.975 68.97106966492797
C10 400.019 79.72333893007178
C10 424.965 82.67240186779544
C10 450.035 85.47868899274805
C10 475.003 89.02101773561031
C10 500.018 90.57389266183179
C10 525.002 93.24146924986783
C10 550.029 95.525489327914
C10 575.023 95.69979747551933
C10 599.982 97.59741232796753
C10 619.997 97.30248336537069
C10 624.979 97.66015963409353
C10 650.012 98.15018405633239
C10 675.004 97.9615492116636
C10 700.03 97.55788545437105
C10 725.012 97.57753176890954
C10 750.022 97.92923102424778
C10 774.987 97.96068779633384
C10 799.976 97.29591696254994
C10 824.988 95.59146316338921
C10 850.022 93.55407989554931
C10 869.967 90.598956825418
C10 875.002 89.94860336399543
C10 899.999 82.25572620525855
C10 919.999 73.6406208169857
C10 925.012 70.5848028285698
C10 949.965 57.38559264393201
C10 975.002 42.655692755951584
C10 999.976 25.916133572454992
C10 1025.028 11.304015229201514
C10 1050.014 3.996002760533161
C10 1075.002 0.9329664804397146
C10 1099.99 0.09256807709053703
C11 319.994 37.6410918703994
C11 324.969 42.51042715062651
C11 349.982 63.737518160119144
C11 374.975 70.02723286569267
C11 400.019 80.31211630796582
C11 424.965 82.99889339032583
C11 450.035 85.6656312318566
C11 475.003 89.12356394122641
C11 500.018 90.61901117879691
C11 525.002 93.24708356206095
C11 550.029 95.5077849760049
C11 575.023 95.66218233945295
C11 599.982 97.54852322986598
C11 619.997 97.24627223696615
C11 624.979 97.60805156291761
C11 650.012 98.09173627058038
C11 675.004 97.90015447873083
C11 700.03 97.52133575305464
C11 725.012 97.60204432443372
C11 750.022 98.03660568947545
C11 774.987 98.1522393630841
C11 799.976 97.51695311365759
C11 824.988 95.7899060527776
C11 850.022 93.74195155646103
C11 869.967 90.75132155093881
C11 875.002 90.06526469097994
C11 899.999 82.31675068072502
C11 919.999 73.52259936053314
C11 925.012 70.43385112644081
C11 949.965 57.30911180831612
C11 975.002 42.578138929310896
C11 999.976 25.867926428156174
C11 1025.028 11.22999207197164
C11 1050.014 3.957095029204954
C11 1075.002 0.9339883875832178
C11 1099.99 0.09266946977850861
C12 319.994 38.213086761912685
C12 324.969 43.15983607769627
C12 349.982 64.78211270413061
C12 374.975 71.02856018007053
C12 400.019 80.91432118621945
C12 424.965 83.37274764344365
C12 450.035 85.91638621184111
C12 475.003 89.30817884768963
C12 500.018 90.76091046368856
C12 525.002 93.35965694436649
C12 550.029 95.60126365183399
C12 575.023 95.74574718271494
C12 599.982 97.62787167177702
C12 619.997 97.31872935623906
C12 624.979 97.67827958111788
C12 650.012 98.16030190831971
C12 675.004 97.97119857461193
C12 700.03 97.59816039917496
C12 725.012 97.70715966348946
C12 750.022 98.17936638969687
C12 774.987 98.33311391351019
C12 799.976 97.71135339601594
C12 824.988 95.97144555538806
C12 850.022 93.89882737805087
C12 869.967 90.88864173328803
C12 875.002 90.21755385375253
C12 899.999 82.45606571962739
C12 919.999 73.54464101419036
C12 925.012 70.48810517966633
C12 949.965 57.46820161842894
C12 975.002 42.70495211151943
C12 999.976 25.97895833039793
C12 1025.028 11.238632672231164
C12 1050.014 3.9338096599386683
C12 1075.002 0.9353480488370639
C12 1099.99 0.09280437411902011
C13 319.994 38.51417031035244
C13 324.969 43.50462889784675
C13 349.982 65.37098075732253
C13 374.975 71.62512052103175
C13 400.019 81.25176930724247
C13 424.965 83.5503578831464
C13 450.035 86.01482936022859
C13 475.003 89.35195234773634
C13 500.018 90.7673106284632
C13 525.002 93.34485420198922
C13 550.029 95.57301074027268
C13 575.023 95.70719506857056
C13 599.982 97.58557164532068
C13 619.997 97.27563592092636
C13 624.979 97.63321395807651
C13 650.012 98.11473001486523
C13 675.004 97.92159918667707
C13 700.03 97.55237693002546
C13 725.012 97.66807105383269
C13 750.022 98.14505334572792
C13 774.987 98.31070955866149
C13 799.976 97.68622878223114
C13 824.988 95.93953540681265
C13 850.022 93.86254970262806
C13 869.967 90.8549407475797
C13 875.002 90.15588709492614
C13 899.999 82.31795212842181
C13 919.999 73.37334026396438
C13 925.012 70.28401019671072
C13 949.965 57.29174371063661
C13 975.002 42.593512170437265
C13 999.976 25.895421823166533
C13 1025.028 11.192875650043542
C13 1050.014 3.9215004882528226
C13 1075.002 0.9350210335280549
C13 1099.99 0.09277192796048303
C14 319.994 38.998860002566616
C14 324.969 44.054249659610626
C14 349.982 66.2612988382831
C14 374.975 72.50595547709008
C14 400.019 81.8481331850583
C14 424.965 83.97454448285686
C14 450.035 86.34982924820912
C14 475.003 89.6382218193866
C14 500.018 91.0190252553502
C14 525.002 93.58047396350429
C14 550.029 95.79745477132526
C14 575.023 95.92679552746193
C14 599.982 97.79933866004909
C14 619.997 97.48625952532862
C14 624.979 97.84573418745921
C14 650.012 98.32615458439867
C14 675.004 98.1328575181644
C14 700.03 97.75784715499876
C14 725.012 97.86519159512713
C14 750.022 98.33094526263613
C14 774.987 98.48896963799899
C14 799.976 97.86107342534888
C14 824.988 96.1097858348383
C14 850.022 94.00885429574122
C14 869.967 90.96171091082157
C14 875.002 90.28184263994233
C14 899.999 82.47435190469783
C14 919.999 73.52728425092309
C14 925.012 70.46555725559601
C14 949.965 57.344603631157376
C14 975.002 42.6828726764881
C14 999.976 25.91958490098017
C14 1025.028 11.217188908819274
C14 1050.014 3.9317937874961792
C14 1075.002 0.9367920998646548
C14 1099.99 0.09294765153535527
C15 319.994 39.40611299039985
C15 324.969 44.51738129975622
C15 349.982 66.97739189066138
C15 374.975 73.18565750992323
C15 400.019 82.28698651419921
C15 424.965 84.2785107501414
C15 450.035 86.58242649979519
C15 475.003 89.83078592696309
C15 500.018 91.17981522729808
C15 525.002 93.7265594246476
C15 550.029 95.93333170518339
C15 575.023 96.05011393256507
C15 599.982 97.92082844664517
C15 619.997 97.60703902209139
C15 624.979 97.96099004732673
C15 650.012 98.43920401201802
C15 675.004 98.24168298815799
C15 700.03 97.85827760366455
C15 725.012 97.95122734025607
C15 750.022 98.40551813885934
C15 774.987 98.54028430031856
C15 799.976 97.90261782432296
C15 824.988 96.14766544052348
C15 850.022 94.03321572576895
C15 869.967 90.97356670601806
C15 875.002 90.30785133788136
C15 899.999 82.49420979493134
C15 919.999 73.56415131578204
C15 925.012 70.43078327886288
C15 949.965 57.27369177008567
C15 975.002 42.62235069329732
C15 999.976 25.895982876572102
C15 1025.028 11.210147405219061
C15 1050.014 3.9336039875833433
C15 1075.002 0.9375027872323998
C15 1099.99 0.09301816528308786
C16 319.994 39.574580137567395
C16 324.969 44.710614137654495
C16 349.982 67.31879949969138
C16 374.975 73.56242848512251
C16 400.019 82.55100275649723
C16 424.965 84.46137260084579
C16 450.035 86.72373639525068
C16 475.003 89.9474850353217
C16 500.018 91.2857617565843
C16 525.002 93.82129244209723
C16 550.029 96.02771713399119
C16 575.023 96.14224759147575
C16 599.982 98.0094484377634
C16 619.997 97.69380016960328
C16 624.979 98.05326727545905
C16 650.012 98.5295166086965
C16 675.004 98.33229027955454
C16 700.03 97.94355772131124
C16 725.012 98.0263442682665
C16 750.022 98.46276447691457
C16 774.987 98.58461696470214
C16 799.976 97.93297138028493
C16 824.988 96.17250291586502
C16 850.022 94.06148374987991
C16 869.967 90.98551317651243
C16 875.002 90.29477898243844
C16 899.999 82.5325881147548
C16 919.999 73.63227113330684
C16 925.012 70.53987321847525
C16 949.965 57.27703542169462
C16 975.002 42.524920085736056
C16 999.976 25.841577697850134
C16 1025.028 11.203492216169147
C16 1050.014 3.9522417755666175
C16 1075.002 0.9380483157332196
C16 1099.99 0.09307229211977246
C17 319.994 39.733363918549905
C17 324.969 44.89688386830384
C17 349.982 67.71640312457629
C17 374.975 73.94066537763736
C17 400.019 82.64414139995931
C17 424.965 84.40096773991476
C17 450.035 86.58655978212309
C17 475.003 89.76318749240103
C17 500.018 91.06990165373006
C17 525.002 93.58756930556261
C17 550.029 95.7799317700119
C17 575.023 95.89026093869516
C17 599.982 97.75504377703962
C17 619.997 97.44125435248583
C17 624.979 97.79638415659349
C17 650.012 98.27106178466785
C17 675.004 98.07290603372272
C17 700.03 97.68280578973655
C17 725.012 97.75292046381449
C17 750.022 98.17156075780522
C17 774.987 98.27734104904535
C17 799.976 97.61638613404682
C17 824.988 95.86283921736432
C17 850.022 93.75073194780477
C17 869.967 90.6391939888478
C17 875.002 89.96474356701628
C17 899.999 82.20673131930948
C17 919.999 73.38656374490374
C17 925.012 70.31085008488023
C17 949.965 56.995001242082374
C17 975.002 42.43012661808785
C17 999.976 25.760126722469746
C17 1025.028 11.193697394930489
C17 1050.014 3.9539117123023892
C17 1075.002 0.9352742133453351
C17 1099.99 0.09279704822936204
