lsstCam/transmission_filter_detector/r34_s11/u_24/19700101T000000.ecsv
# %ECSV 1.0
# ---
# datatype:
# - {name: wavelength, unit: nm, datatype: float32}
# - {name: efficiency, unit: '%', datatype: float64}
# meta: !!omap
# - {MODE: DETECTOR}
# - {TYPE: transmission_filter_detector}
# - {CALIBDATE: '1970-01-01T00:00:00'}
# - {INSTRUME: LSSTCam}
# - {OBSTYPE: transmission_filter_detector}
# - {CALIBCLS: lsst.ip.isr.IntermediateFilterDetectorTransmissionCurve}
# - {SOURCE: Materion (DM-46256)}
# - {DETECTOR: 157}
# - {FILTER: u_24}
# - {CALIB_ID: 'calibDate=1970-01-01T00:00:00 filter=u_24 detector=157'}
# - {DATE: '2025-04-02T15:59:40.477970'}
# - {CALIB_CREATION_DATE: '2025-04-02'}
# - {CALIB_CREATION_TIME: '15:59:40'}
# - __serialized_columns__:
#     efficiency:
#       __class__: astropy.units.quantity.Quantity
#       unit: !astropy.units.Unit {unit: '%'}
#       value: !astropy.table.SerializedColumn {name: efficiency}
#     wavelength:
#       __class__: astropy.units.quantity.Quantity
#       unit: !astropy.units.Unit {unit: nm}
#       value: !astropy.table.SerializedColumn {name: wavelength}
# schema: astropy-2.0
wavelength efficiency
[from data line 581]
876.0 0.002553832564444747
877.0 0.002634960583236534
878.0 0.0027160891477251425
879.0 0.0029298691515577957
880.0 0.0031436495191883296
881.0 0.0033314961910946295
882.0 0.0035193424992030486
883.0 0.00320723993354477
884.0 0.0028951370040886104
885.0 0.0027140162274008617
886.0 0.0025328952688141726
887.0 0.00226864249270875
888.0 0.002004389898502268
889.0 0.002202188079536427
890.0 0.002399986442469526
891.0 0.002773231426544953
892.0 0.0031464765925193205
893.0 0.0031677154765930027
894.0 0.003188953996868804
895.0 0.0036133078538114205
896.0 0.004037661710754037
897.0 0.003939009184250608
898.0 0.0038403562939492986
899.0 0.0037636633351212367
900.0 0.003686970376293175
901.0 0.003762833512155339
902.0 0.0038386966480175033
903.0 0.003862652010866441
904.0 0.003886606646119617
905.0 0.004735569746117108
906.0 0.005584532118518837
907.0 0.005541879363590851
908.0 0.005499226972460747
909.0 0.005818540375912562
910.0 0.006137853779364377
911.0 0.006116348231444135
912.0 0.006094841955928132
913.0 0.005661931572831236
914.0 0.005229020462138578
915.0 0.004781136158271693
916.0 0.004333251126809046
917.0 0.004274628372513689
918.0 0.004216005254420452
919.0 0.004275703759049065
920.0 0.004335402263677679
921.0 0.00462687858089339
922.0 0.004918354170513339
923.0 0.005250620597507805
924.0 0.005582886660704389
925.0 0.005929274993832223
926.0 0.006275662599364296
927.0 0.00659553988953121
928.0 0.006915416452102363
929.0 0.007257400284288451
930.0 0.007599384116474539
931.0 0.007302057929337025
932.0 0.00700473174219951
933.0 0.007230111805256456
934.0 0.007455491868313402
935.0 0.0073715207690838724
936.0 0.007287550397450104
937.0 0.007045393431326374
938.0 0.006803235737606883
939.0 0.006885034963488579
940.0 0.00696683200658299
941.0 0.006169814150780439
942.0 0.00537279702257365
943.0 0.004797280780621804
944.0 0.004221764174872078
945.0 0.003515354183036834
946.0 0.0028089440093026496
947.0 0.002285287519043777
948.0 0.0017616308468859643
949.0 0.0015722087482572533
950.0 0.0013827867405780125
951.0 0.0013883784049539827
952.0 0.001393970160279423
953.0 0.0015107049875950906
954.0 0.0016274398149107583
955.0 0.0018430057025398128
956.0 0.0020585712263709866
957.0 0.0021398642275016755
958.0 0.0022211574105313048
959.0 0.002517039501981344
960.0 0.0028129217753303237
961.0 0.0035831923014484346
962.0 0.004353463009465486
963.0 0.004282749796402641
964.0 0.004212035855744034
965.0 0.004330149386078119
966.0 0.0044482629164122045
967.0 0.004430207991390489
968.0 0.004412152702570893
969.0 0.004556775456876494
970.0 0.004701397847384214
971.0 0.00480183916806709
972.0 0.004902280124952085
973.0 0.004855735824094154
974.0 0.004809191159438342
975.0 0.004772845932166092
976.0 0.004736500341095962
977.0 0.004136845745961182
978.0 0.0035371915146242827
979.0 0.0033395455830032006
980.0 0.0031418992875842378
981.0 0.0031796353141544387
982.0 0.003217370976926759
983.0 0.002969521483464632
984.0 0.0027216719900025055
985.0 0.0030489432901958935
986.0 0.0033762149541871622
987.0 0.003617566471803002
988.0 0.0038589183532167226
989.0 0.004383791383588687
990.0 0.00490866405016277
991.0 0.005538348705158569
992.0 0.00616803445154801
993.0 0.006851951911812648
994.0 0.007535868644481525
995.0 0.007673297659493983
996.0 0.007810725946910679
997.0 0.007688294135732576
998.0 0.007565861596958712
999.0 0.0070141169999260455
1000.0 0.006462371675297618
1001.0 0.006233810563571751
1002.0 0.006005246541462839
1003.0 0.005553828668780625
1004.0 0.00510241043230053
1005.0 0.004917064870824106
1006.0 0.004731718945549801
1007.0 0.0047444249503314495
1008.0 0.004757131318910979
1009.0 0.004482496660784818
1010.0 0.0042078634578501806
1011.0 0.0037274236092343926
1012.0 0.003246983396820724
1013.0 0.0029820441341144033
1014.0 0.002717104507610202
1015.0 0.00229215802391991
1016.0 0.0018672115402296185
1017.0 0.0016296016838168725
1018.0 0.0013919923731009476
1019.0 0.0011732170605682768
1020.0 0.0009544416570861358
1021.0 0.001062232786352979
1022.0 0.0011700240065692924
1023.0 0.0011416461347835138
1024.0 0.0011132682629977353
1025.0 0.0010088194358104374
1026.0 0.0009043706086231396
1027.0 0.001184084339911351
1028.0 0.001463797889300622
1029.0 0.0016031324776122347
1030.0 0.0017424672478227876
1031.0 0.001703179077594541
1032.0 0.0016638910892652348
1033.0 0.0020665265765273944
1034.0 0.0024691618818906136
1035.0 0.0019707380488398485
1036.0 0.0014723137610417325
1037.0 0.002219988527940586
1038.0 0.0029676632038899697
1039.0 0.002422922079858836
1040.0 0.0018781805920298211
1041.0 0.002016674989135936
1042.0 0.0021551693862420507
1043.0 0.0021191446649027057
1044.0 0.0020831197616644204
1045.0 0.002172597305616364
1046.0 0.0022620744857704267
1047.0 0.002258979293401353
1048.0 0.0022558835553354584
1049.0 0.0020588298866641708
1050.0 0.0018617758541950025
1051.0 0.0015554662240901962
1052.0 0.00124915659398539
1053.0 0.0012078314284735825
1054.0 0.0011665064448607154
1055.0 0.001148827595898183
1056.0 0.001131148928834591
1057.0 0.000678554624755634
1058.0 0.0002259604571008822
1059.0 0.0008999994861369487
1060.0 0.0015740388334961608
1061.0 0.0013597348697658163
1062.0 0.0011454311788838822
1063.0 0.0009722240974952001
1064.0 0.0007990171070559882
1065.0 0.001605001489224378
1066.0 0.002410985871392768
1067.0 0.0017325202861684375
1068.0 0.0010540549737925176
1069.0 0.0011088181054219604
1070.0 0.0011635814189503435
1071.0 0.0019289695046609268
1072.0 0.00269435749942204
1073.0 0.002671210859261919
1074.0 0.0026480640372028574
1075.0 0.0024193925128201954
1076.0 0.0021907211703364737
1077.0 0.0025057179300347343
1078.0 0.002820714689732995
1079.0 0.003752721386263147
1080.0 0.004684727900894359
1081.0 0.004156663999310695
1082.0 0.003628600825322792
1083.0 0.004168636951362714
1084.0 0.004708672713604756
1085.0 0.004397364682517946
1086.0 0.0040860570152290165
1087.0 0.003995530278189108
1088.0 0.0039050039049470797
1089.0 0.0047613433707738295
1090.0 0.005617682836600579
1091.0 0.004831302794627845
1092.0 0.004044923116452992
1093.0 0.004909870040137321
1094.0 0.0057748169638216496
1095.0 0.0053228428441798314
1096.0 0.004870868360740133
1097.0 0.004428814645507373
1098.0 0.003986761294072494
1099.0 0.0036883971915813163
1100.0 0.003390032725292258
