lsstCam/transmission_filter_detector/r34_s11/u_24/19700101T000000.ecsv
# %ECSV 1.0
# ---
# datatype:
# - {name: wavelength, unit: nm, datatype: float32}
# - {name: efficiency, unit: '%', datatype: float64}
# meta: !!omap
# - {MODE: DETECTOR}
# - {TYPE: transmission_filter_detector}
# - {CALIBDATE: '1970-01-01T00:00:00'}
# - {INSTRUME: LSSTCam}
# - {OBSTYPE: transmission_filter_detector}
# - {CALIBCLS: lsst.ip.isr.IntermediateFilterDetectorTransmissionCurve}
# - {SOURCE: Materion (DM-46256)}
# - {DETECTOR: 157}
# - {FILTER: u_24}
# - {CALIB_ID: 'calibDate=1970-01-01T00:00:00 filter=u_24 detector=157'}
# - {DATE: '2025-04-02T15:59:40.477970'}
# - {CALIB_CREATION_DATE: '2025-04-02'}
# - {CALIB_CREATION_TIME: '15:59:40'}
# - __serialized_columns__:
#     efficiency:
#       __class__: astropy.units.quantity.Quantity
#       unit: !astropy.units.Unit {unit: '%'}
#       value: !astropy.table.SerializedColumn {name: efficiency}
#     wavelength:
#       __class__: astropy.units.quantity.Quantity
#       unit: !astropy.units.Unit {unit: nm}
#       value: !astropy.table.SerializedColumn {name: wavelength}
# schema: astropy-2.0
wavelength efficiency
295.0 1.6826518477175423e-10
296.0 1.6826518477175423e-10
297.0 1.6826518477175423e-10
298.0 1.6826518477175423e-10
299.0 1.6826518477175423e-10
300.0 1.6826518477175423e-10
301.0 1.6826518477175423e-10
302.0 1.6826518477175423e-10
303.0 1.6826518477175423e-10
304.0 0.30423200223594904
305.0 1.1834929697215557
306.0 2.4697188287973404
307.0 4.607001319527626
308.0 7.114137709140778
309.0 10.92061921954155
310.0 14.61225152015686
311.0 18.500003218650818
312.0 22.10157811641693
313.0 24.940598011016846
314.0 27.640148997306824
315.0 30.429285764694214
316.0 32.662662863731384
317.0 35.739803314208984
318.0 39.152759313583374
319.0 43.95528435707092
320.0 50.13535022735596
321.0 55.60582876205444
322.0 61.436378955841064
323.0 66.31360650062561
324.0 69.9756920337677
325.0 72.53667712211609
326.0 74.71859455108643
327.0 76.50362253189087
328.0 78.12153100967407
329.0 79.39772605895996
330.0 80.43952584266663
331.0 80.8098316192627
332.0 80.9948205947876
333.0 81.22339844703674
334.0 81.15543127059937
335.0 81.52421116828918
336.0 81.97607398033142
337.0 82.72528052330017
338.0 83.50608944892883
339.0 83.98181200027466
340.0 84.30232405662537
341.0 84.80302095413208
342.0 85.01604199409485
343.0 85.03597974777222
344.0 85.25565266609192
345.0 85.69549322128296
346.0 86.00947856903076
347.0 86.4087462425232
348.0 86.67601943016052
349.0 86.77332997322083
350.0 86.79054975509644
351.0 87.05844283103943
352.0 86.93464994430542
353.0 86.92249059677124
354.0 86.91872954368591
355.0 87.03697323799133
356.0 87.15662956237793
357.0 87.06794381141663
358.0 86.62201762199402
359.0 86.34284734725952
360.0 86.22575998306274
361.0 85.93382835388184
362.0 85.78239679336548
363.0 86.009281873703
364.0 86.15239262580872
365.0 86.49147152900696
366.0 86.76913976669312
367.0 86.87593936920166
368.0 86.94303631782532
369.0 87.10455298423767
370.0 86.99190616607666
371.0 86.93891763687134
372.0 86.99658513069153
373.0 87.2260332107544
374.0 87.2126817703247
375.0 87.60048151016235
376.0 87.81353235244751
377.0 87.83997893333435
378.0 87.79732584953308
379.0 87.29482889175415
380.0 86.27713322639465
381.0 84.71607565879822
382.0 82.75500535964966
383.0 80.73951005935669
384.0 78.53960990905762
385.0 75.99221467971802
386.0 73.15335869789124
387.0 69.45749521255493
388.0 65.61332941055298
389.0 61.07496619224548
390.0 56.874120235443115
391.0 52.58415937423706
392.0 48.3705997467041
393.0 44.75255310535431
394.0 41.165438294410706
395.0 36.94454729557037
396.0 32.2095662355423
397.0 25.91712176799774
398.0 19.283761084079742
399.0 12.615099549293518
400.0 7.163022458553314
401.0 3.386709839105606
402.0 1.19249876588583
403.0 0.37442012690007687
404.0 0.12993448181077838
405.0 0.06890564691275358
406.0 0.02576801343820989
407.0 0.007839476165827364
408.0 1.6826518477175423e-10
409.0 1.6826518477175423e-10
410.0 1.6826518477175423e-10
411.0 1.6826518477175423e-10
412.0 1.6826518477175423e-10
413.0 1.6826518477175423e-10
414.0 1.6826518477175423e-10
415.0 1.6826518477175423e-10
416.0 1.6826518477175423e-10
417.0 1.6826518477175423e-10
418.0 1.6826518477175423e-10
419.0 1.6826518477175423e-10
420.0 1.6826518477175423e-10
421.0 1.6826518477175423e-10
422.0 1.6826518477175423e-10
423.0 1.6826518477175423e-10
424.0 1.6826518477175423e-10
425.0 1.6826518477175423e-10
426.0 0.0006673004918411607
427.0 1.6826518477175423e-10
428.0 1.6826518477175423e-10
429.0 0.0001375077772536315
430.0 0.0013575699995271862
431.0 1.6826518477175423e-10
432.0 1.6826518477175423e-10
433.0 1.6826518477175423e-10
434.0 1.6826518477175423e-10
435.0 0.00064233036027872
436.0 0.002545227835071273
437.0 0.0011790250027843285
438.0 1.6826518477175423e-10
439.0 1.6826518477175423e-10
440.0 1.6826518477175423e-10
441.0 1.6826518477175423e-10
442.0 1.6826518477175423e-10
443.0 1.6826518477175423e-10
444.0 1.6826518477175423e-10
445.0 1.6826518477175423e-10
446.0 8.300345371026197e-05
447.0 1.6826518477175423e-10
448.0 1.6826518477175423e-10
449.0 0.00020158572624495719
450.0 0.0012916674677398987
451.0 0.00042334431782364845
452.0 1.6826518477175423e-10
453.0 0.0004109505425731186
454.0 0.0012668800991377793
455.0 1.6826518477175423e-10
456.0 1.6826518477175423e-10
457.0 1.6826518477175423e-10
458.0 0.00020083939489268232
459.0 1.6826518477175423e-10
460.0 1.6826518477175423e-10
461.0 1.6826518477175423e-10
462.0 1.6826518477175423e-10
463.0 4.086028013716714e-05
464.0 0.00012667998134929803
465.0 1.6826518477175423e-10
466.0 1.6826518477175423e-10
467.0 0.00017482418570580194
468.0 0.0008306334166263696
469.0 6.358801556416438e-05
470.0 1.6826518477175423e-10
471.0 1.6826518477175423e-10
472.0 0.0004133455604460323
473.0 0.0002816034793795552
474.0 0.00014986140968176187
475.0 1.6826518477175423e-10
476.0 1.6826518477175423e-10
477.0 1.6826518477175423e-10
478.0 1.6826518477175423e-10
479.0 1.6826518477175423e-10
480.0 0.0003303813855382032
481.0 8.114898832900508e-05
482.0 1.6826518477175423e-10
483.0 1.6826518477175423e-10
484.0 1.6826518477175423e-10
485.0 1.6826518477175423e-10
486.0 1.6826518477175423e-10
487.0 1.6826518477175423e-10
488.0 1.6826518477175423e-10
489.0 1.6826518477175423e-10
490.0 1.6826518477175423e-10
491.0 1.6826518477175423e-10
492.0 1.6826518477175423e-10
493.0 1.6826518477175423e-10
494.0 1.6826518477175423e-10
495.0 1.6826518477175423e-10
496.0 1.6826518477175423e-10
497.0 1.6826518477175423e-10
498.0 4.481445330384304e-05
499.0 1.6826518477175423e-10
500.0 1.6826518477175423e-10
501.0 1.6826518477175423e-10
502.0 1.6826518477175423e-10
503.0 0.00014218663864085102
504.0 0.0003827435193670681
505.0 1.6826518477175423e-10
506.0 1.6826518477175423e-10
507.0 1.6826518477175423e-10
508.0 1.4750055754575442e-05
509.0 1.6826518477175423e-10
510.0 1.6826518477175423e-10
511.0 1.6826518477175423e-10
512.0 1.6826518477175423e-10
513.0 1.6826518477175423e-10
514.0 0.00015812759102118434
515.0 0.00013696036376131815
516.0 0.00011579301144593046
517.0 1.6826518477175423e-10
518.0 1.6826518477175423e-10
519.0 1.6826518477175423e-10
520.0 1.6826518477175423e-10
521.0 1.6826518477175423e-10
522.0 1.6826518477175423e-10
523.0 1.6826518477175423e-10
524.0 1.6826518477175423e-10
525.0 1.6826518477175423e-10
526.0 1.6826518477175423e-10
527.0 1.6826518477175423e-10
528.0 1.6826518477175423e-10
529.0 1.6826518477175423e-10
530.0 1.6826518477175423e-10
531.0 1.6826518477175423e-10
532.0 1.6826518477175423e-10
533.0 1.6826518477175423e-10
534.0 0.00016021992905734805
535.0 1.6826518477175423e-10
536.0 1.6826518477175423e-10
537.0 2.4727697223170253e-05
538.0 0.0002830106495821383
539.0 0.0002137311867045355
540.0 0.00014445166698351386
541.0 0.00013905086007071077
542.0 0.00013365013273869408
543.0 1.6826518477175423e-10
544.0 1.6826518477175423e-10
545.0 2.893787041102769e-05
546.0 0.0003619508106567082
547.0 1.6826518477175423e-10
548.0 1.6826518477175423e-10
549.0 1.6826518477175423e-10
550.0 1.6826518477175423e-10
551.0 1.6826518477175423e-10
552.0 1.6826518477175423e-10
553.0 1.6826518477175423e-10
554.0 1.6826518477175423e-10
555.0 1.6826518477175423e-10
556.0 0.0001513960569354822
557.0 0.00018498524241294945
558.0 0.00021857435967831407
559.0 1.6826518477175423e-10
560.0 1.6826518477175423e-10
561.0 5.076782940705016e-05
562.0 0.0003792009238168248
563.0 0.00042834458326979075
564.0 0.0004774879471369786
565.0 0.00025229969651263673
566.0 2.7111403255730693e-05
567.0 3.949976132844313e-05
568.0 5.1888065399907646e-05
569.0 0.00013143519481673138
570.0 0.000210982329917897
571.0 0.00027122903247800423
572.0 0.000331475757775479
573.0 0.0004671859187510563
574.0 0.0006028961252013687
575.0 0.0003807041821346502
576.0 0.00015851227317398298
577.0 0.00030955084184824955
578.0 0.00046058944462856743
579.0 0.0007492904842365533
580.0 0.0010379916602687445
581.0 0.0013486130228557158
582.0 0.0016592341125942767
583.0 0.0015612691640853882
584.0 0.0014633041246270295
585.0 0.0011324071238050237
586.0 0.0008015103048819583
587.0 0.0003915594788850285
588.0 1.6826518477175423e-10
589.0 0.0003795661768890568
590.0 0.0007775236554152798
591.0 0.0007376583198492881
592.0 0.0006977931207075017
593.0 0.0007316449682548409
594.0 0.0007654968612769153
595.0 0.0009189885531668551
596.0 0.0010724805179052055
597.0 0.001123909623856889
598.0 0.0011753385479096323
599.0 0.0016022973795770667
600.0 0.002029256211244501
601.0 0.0025302713765995577
602.0 0.0030312861781567335
603.0 0.0025487692255410366
604.0 0.0020662526367232203
605.0 0.0017206237316713668
606.0 0.0013749952813668642
607.0 0.0011014202755177394
608.0 0.000827844996820204
609.0 0.0007196927526820218
610.0 0.0006115404175943695
611.0 0.0006052930984878913
612.0 0.0005990458248561481
613.0 0.000755610335545498
614.0 0.0009121747098106425
615.0 0.0009016494914249051
616.0 0.000891123909241287
617.0 0.0005777129445050377
618.0 0.0002643019115566858
619.0 0.00035865446079696994
620.0 0.00045300689635041635
621.0 0.0005747231625718996
622.0 0.0006964392468944425
623.0 0.0006662519808742218
624.0 0.0006360645329550607
625.0 0.0009072291504708119
626.0 0.0011783939044107683
627.0 0.0011035760508093517
628.0 0.0010287583791068755
629.0 0.0011717442248482257
630.0 0.001314730070589576
631.0 0.0015219995475490578
632.0 0.0017292693883064203
633.0 0.0024738081265240908
634.0 0.0032183470466407016
635.0 0.0032419091439805925
636.0 0.003265471605118364
637.0 0.0024410854166490026
638.0 0.001616699228179641
639.0 0.0014535071386490017
640.0 0.0012903151400678325
641.0 0.0012800807780877221
642.0 0.0012698466889560223
643.0 0.0010296463187842164
644.0 0.0007894460395618808
645.0 0.00023729987788101425
646.0 1.6826518477175423e-10
647.0 1.6826518477175423e-10
648.0 0.00017574415096532903
649.0 0.00014346501302497927
650.0 0.00011118585234726197
651.0 0.0005340395546227228
652.0 0.0009568932910042349
653.0 0.0011960152733081486
654.0 0.001435137073713122
655.0 0.001899674862215761
656.0 0.002364213105465751
657.0 0.002622071588120889
658.0 0.002879930252674967
659.0 0.0033002765121636912
660.0 0.0037206224078545347
661.0 0.003383401417522691
662.0 0.0030461804271908477
663.0 0.002433267582091503
664.0 0.001820354736992158
665.0 0.0013734637832385488
666.0 0.0009265728294849396
667.0 0.0011398986316635273
668.0 0.0013532245247915853
669.0 0.0010883703907893505
670.0 0.0008235161658376455
671.0 0.0007425297553709242
672.0 0.000661543344904203
673.0 0.000610349525231868
674.0 0.0005591558419837384
675.0 0.0008361807886103634
676.0 0.0011132057807117235
677.0 0.0014702765838592313
678.0 0.0018273474779562093
679.0 0.002323266198800411
680.0 0.002819184919644613
681.0 0.003930155071429908
682.0 0.005041124313720502
683.0 0.006801261770306155
684.0 0.008561398135498166
685.0 0.009528348891763017
686.0 0.01049530110321939
687.0 0.009130661783274263
688.0 0.007766022463329136
689.0 0.0061547943914774805
690.0 0.004543567047221586
691.0 0.004003712092526257
692.0 0.003463857137830928
693.0 0.0031600917282048613
694.0 0.0028563263185787946
695.0 0.002003249028348364
696.0 0.0011501713743200526
697.0 0.0010181112884311005
698.0 0.0008860512025421485
699.0 0.0007915416972537059
700.0 0.0006970322374399984
701.0 0.0006140060577308759
702.0 0.0005309798325470183
703.0 0.00048633633014105726
704.0 0.00044169269131089095
705.0 0.0007229320090118563
706.0 0.0010041712812380865
707.0 0.001019481169350911
708.0 0.001034790875564795
709.0 0.0010475056114955805
710.0 0.0010602202564768959
711.0 0.0008555995918868575
712.0 0.0006509787453978788
713.0 0.0005367299763747724
714.0 0.00042248120735166594
715.0 0.000413786574426922
716.0 0.0004050919415021781
717.0 0.0005278050593915395
718.0 0.0006505181318061659
719.0 0.0005118503850098932
720.0 0.00037318266095098807
721.0 0.00010146314934900147
722.0 1.6826518477175423e-10
723.0 1.6826518477175423e-10
724.0 1.8384513111868728e-05
725.0 0.0002729442030613427
726.0 0.0005275037437968422
727.0 0.0004819160039915005
728.0 0.00043632794586301316
729.0 0.000370622797163378
730.0 0.00030491746656480245
731.0 0.00021992582333041355
732.0 0.00013493424830812728
733.0 0.0001845104748099402
734.0 0.00023408674678648822
735.0 0.0002742453034443315
736.0 0.0003144038601021748
737.0 0.00020900802155665588
738.0 0.00010361213753640186
739.0 0.0002768158992694225
740.0 0.00045001966100244317
741.0 0.0008324110240209848
742.0 0.0012148023415647913
743.0 0.0020648159988923
744.0 0.002914829565270338
745.0 0.003963569906773046
746.0 0.0050123104301746935
747.0 0.004699116834672168
748.0 0.004385923239169642
749.0 0.004260558853275143
750.0 0.004135194467380643
751.0 0.0034342927392572165
752.0 0.00273339101113379
753.0 0.0025077304599108174
754.0 0.002282069362991024
755.0 0.0021728290448663756
756.0 0.0020635887267417274
757.0 0.0019376871932763606
758.0 0.0018117854779120535
759.0 0.0014387284863914829
760.0 0.001065671403921442
761.0 0.0010726832442742307
762.0 0.0010796952665259596
763.0 0.0008110326234600507
764.0 0.000542370116818347
765.0 0.00041759067244129255
766.0 0.00029281125080160564
767.0 0.0003875170477840584
768.0 0.00048222291297861375
769.0 0.0005981282356515294
770.0 0.0007140337402233854
771.0 0.0006444979135267204
772.0 0.0005749621777795255
773.0 0.0005358634552976582
774.0 0.0004967646873410558
775.0 0.0005665274329658132
776.0 0.0006362902695400408
777.0 0.0005628469352814136
778.0 0.0004894036919722566
779.0 0.000728973873265204
780.0 0.0009685440090834163
781.0 0.0010688969268812798
782.0 0.0011692498446791433
783.0 0.0010116753401234746
784.0 0.0008541009265172761
785.0 0.0010757276868389454
786.0 0.0012973544471606147
787.0 0.001188752594316611
788.0 0.001080151014321018
789.0 0.000991094930213876
790.0 0.000902038755157264
791.0 0.0007070601895975415
792.0 0.0005120816695125541
793.0 0.0006111824859544868
794.0 0.0007102835297700949
795.0 0.0006831215159763815
796.0 0.0006559595021826681
797.0 0.0006271254278544802
798.0 0.0005982910806778818
799.0 0.00023468589915864868
800.0 1.6826518477175423e-10
801.0 1.6826518477175423e-10
802.0 9.930286068993155e-05
803.0 5.3491362450586166e-05
804.0 7.679830815732203e-06
805.0 0.0001614515440451214
806.0 0.0003152233148284722
807.0 0.00037787081055284943
808.0 0.00044051830627722666
809.0 0.00040626923691888805
810.0 0.0003720200766110793
811.0 0.00031927661439112853
812.0 0.00026653317490854533
813.0 1.6826518477175423e-10
814.0 1.6826518477175423e-10
815.0 1.6826518477175423e-10
816.0 0.00039756123442202806
817.0 0.0006224692697287537
818.0 0.0008473773050354794
819.0 0.0005322956894815434
820.0 0.00021721405119023984
821.0 1.6826518477175423e-10
822.0 1.6826518477175423e-10
823.0 1.6826518477175423e-10
824.0 9.540702450294702e-06
825.0 1.6826518477175423e-10
826.0 1.6826518477175423e-10
827.0 1.6826518477175423e-10
828.0 1.6826518477175423e-10
829.0 1.6826518477175423e-10
830.0 1.6826518477175423e-10
831.0 1.6826518477175423e-10
832.0 6.037129764990823e-05
833.0 9.625589427741943e-05
834.0 0.00013214053069532383
835.0 0.000367404572898522
836.0 0.0006026686151017202
837.0 0.0002365979298701859
838.0 1.6826518477175423e-10
839.0 1.6826518477175423e-10
840.0 1.6826518477175423e-10
841.0 1.6826518477175423e-10
842.0 1.6826518477175423e-10
843.0 1.6826518477175423e-10
844.0 8.103193493980143e-06
845.0 0.00010424832908029202
846.0 0.0002003934469030355
847.0 0.0002732293751250836
848.0 0.0003460653488218668
849.0 0.0003084121317442623
850.0 0.0002707591193029657
851.0 0.00042439819480932783
852.0 0.0005780373612651601
853.0 0.000230703972192714
854.0 1.6826518477175423e-10
855.0 1.6826518477175423e-10
856.0 1.6826518477175423e-10
857.0 0.00030083451747486833
858.0 0.0006348452188831288
859.0 0.0008895824976207223
860.0 0.0011443196854088455
861.0 0.0012141370461904444
862.0 0.001283954316022573
863.0 0.0015938616343191825
864.0 0.0019037692254642025
865.0 0.0015015986718935892
866.0 0.0010994282092724461
867.0 0.0013624287021229975
868.0 0.0016254291040240787
869.0 0.0017945829313248396
870.0 0.0019637367586256005
871.0 0.0017123475117841735
872.0 0.001460958446841687
873.0 0.0017948192180483602
874.0 0.0021286799892550334
