lsstcam/qe_curves/r20_s11/19700101T000000.ecsv
# %ECSV 0.9
# ---
# datatype:
# - {name: amp_name, datatype: string}
# - {name: wavelength, unit: nm, datatype: float32}
# - {name: efficiency, unit: '%', datatype: float32}
# meta: !!omap
# - {MODE: AMP}
# - {TYPE: QE}
# - {CALIBDATE: '1970-01-01T00:00:00'}
# - {INSTRUME: LSSTCAM}
# - {OBSTYPE: qe_curves}
# - {DETECTOR: 76}
# - {PICKLEFILE: RaftRun10928.p}
# - {CALIB_ID: 'raftName=R20 detectorName=S11 detector=76 calibDate=1970-01-01T00:00:00 ccd=76 ccdnum=76 filter=None'}
# - {DATE: '2020-01-10T16:30:42.150290'}
# - {CALIB_CREATION_DATE: '2020-01-10'}
# - {CALIB_CREATION_TIME: '16:30:42'}
# - __serialized_columns__:
#     efficiency:
#       __class__: astropy.units.quantity.Quantity
#       unit: !astropy.units.Unit {unit: '%'}
#       value: !astropy.table.SerializedColumn {name: efficiency}
#     wavelength:
#       __class__: astropy.units.quantity.Quantity
#       unit: !astropy.units.Unit {unit: nm}
#       value: !astropy.table.SerializedColumn {name: wavelength}
# schema: astropy-2.0
amp_name wavelength efficiency
C02 319.994 45.49561
C02 324.969 46.28899
C02 349.982 52.594982
C02 374.975 69.36971
C02 400.019 85.00617
C02 424.965 88.80819
C02 450.035 88.69474
C02 475.003 88.168274
C02 500.018 87.4822
C02 525.002 87.12479
C02 550.029 87.623276
C02 575.023 88.67318
C02 599.982 89.93141
C02 619.997 90.780266
C02 624.979 91.158615
C02 650.012 92.28954
C02 675.004 93.750114
C02 700.03 94.65387
C02 725.012 95.503944
C02 750.022 96.63791
C02 774.987 97.542145
C02 799.976 98.12795
C02 824.988 97.828705
C02 850.022 96.95941
C02 869.967 94.56264
C02 875.002 93.426575
C02 899.999 87.543396
C02 919.999 79.984344
C02 925.012 77.294624
C02 949.965 63.363922
C02 975.002 47.9212
C02 999.976 31.0404
C02 1025.028 15.421791
C02 1050.014 6.1991177
C02 1075.002 3.414216
C02 1099.99 2.298786
C00 319.994 45.7665
C00 324.969 46.673958
C00 349.982 53.459873
C00 374.975 70.267746
C00 400.019 85.37699
C00 424.965 88.74085
C00 450.035 88.42847
C00 475.003 87.87691
C00 500.018 87.26646
C00 525.002 86.9968
C00 550.029 87.60567
C00 575.023 88.73602
C00 599.982 90.06835
C00 619.997 90.94847
C00 624.979 91.333046
C00 650.012 92.48882
C00 675.004 93.97037
C00 700.03 94.87994
C00 725.012 95.725266
C00 750.022 96.87439
C00 774.987 97.77639
C00 799.976 98.33578
C00 824.988 97.99115
C00 850.022 97.066986
C00 869.967 94.74152
C00 875.002 93.652
C00 899.999 87.80777
C00 919.999 79.85511
C00 925.012 77.04379
C00 949.965 62.777542
C00 975.002 47.706593
C00 999.976 30.876665
C00 1025.028 15.404062
C00 1050.014 6.253034
C00 1075.002 3.4110525
C00 1099.99 2.2779531
C04 319.994 45.292038
C04 324.969 45.97424
C04 349.982 51.85945
C04 374.975 68.53788
C04 400.019 84.61401
C04 424.965 88.805786
C04 450.035 88.84486
C04 475.003 88.33359
C04 500.018 87.6027
C04 525.002 87.16204
C04 550.029 87.601234
C04 575.023 88.56672
C04 599.982 89.7908
C04 619.997 90.59469
C04 624.979 90.963524
C04 650.012 92.07522
C04 675.004 93.5372
C04 700.03 94.45372
C04 725.012 95.30021
C04 750.022 96.477486
C04 774.987 97.39648
C04 799.976 98.00244
C04 824.988 97.7378
C04 850.022 96.89272
C04 869.967 94.55037
C04 875.002 93.45876
C04 899.999 87.62035
C04 919.999 79.96905
C04 925.012 77.25856
C04 949.965 63.281155
C04 975.002 47.96699
C04 999.976 31.140741
C04 1025.028 15.510611
C04 1050.014 6.224505
C04 1075.002 3.439739
C04 1099.99 2.3200717
C14 319.994 45.486706
C14 324.969 46.225468
C14 349.982 52.357826
C14 374.975 69.124504
C14 400.019 85.03353
C14 424.965 89.0244
C14 450.035 89.001144
C14 475.003 88.47653
C14 500.018 87.75464
C14 525.002 87.376144
C14 550.029 87.84311
C14 575.023 88.86262
C14 599.982 90.09138
C14 619.997 90.94044
C14 624.979 91.31681
C14 650.012 92.44286
C14 675.004 93.891136
C14 700.03 94.799614
C14 725.012 95.68083
C14 750.022 96.82237
C14 774.987 97.73872
C14 799.976 98.34315
C14 824.988 98.01726
C14 850.022 97.09449
C14 869.967 94.61689
C14 875.002 93.45683
C14 899.999 87.66212
C14 919.999 80.02589
C14 925.012 77.27561
C14 949.965 63.150105
C14 975.002 47.844677
C14 999.976 30.96692
C14 1025.028 15.412785
C14 1050.014 6.1048284
C14 1075.002 3.2995913
C14 1099.99 2.2761774
C07 319.994 45.122417
C07 324.969 45.695507
C07 349.982 51.123116
C07 374.975 67.5931
C07 400.019 84.068115
C07 424.965 88.60112
C07 450.035 88.76177
C07 475.003 88.210945
C07 500.018 87.411354
C07 525.002 86.91815
C07 550.029 87.30612
C07 575.023 88.29091
C07 599.982 89.49301
C07 619.997 90.32274
C07 624.979 90.69267
C07 650.012 91.80773
C07 675.004 93.27032
C07 700.03 94.19921
C07 725.012 95.13792
C07 750.022 96.38453
C07 774.987 97.42239
C07 799.976 98.106186
C07 824.988 97.88248
C07 850.022 97.14664
C07 869.967 94.907906
C07 875.002 93.795845
C07 899.999 87.88765
C07 919.999 80.2571
C07 925.012 77.57772
C07 949.965 63.862503
C07 975.002 48.55369
C07 999.976 31.393387
C07 1025.028 15.630675
C07 1050.014 6.3312955
C07 1075.002 3.4741712
C07 1099.99 2.328882
C03 319.994 45.329807
C03 324.969 46.06345
C03 349.982 52.154976
C03 374.975 68.87924
C03 400.019 84.74474
C03 424.965 88.751335
C03 450.035 88.72514
C03 475.003 88.21027
C03 500.018 87.50042
C03 525.002 87.09928
C03 550.029 87.56878
C03 575.023 88.57019
C03 599.982 89.80846
C03 619.997 90.635826
C03 624.979 91.00934
C03 650.012 92.13172
C03 675.004 93.59134
C03 700.03 94.49917
C03 725.012 95.34838
C03 750.022 96.49874
C03 774.987 97.4041
C03 799.976 97.999176
C03 824.988 97.71287
C03 850.022 96.84365
C03 869.967 94.454124
C03 875.002 93.33579
C03 899.999 87.45006
C03 919.999 79.84915
C03 925.012 77.15417
C03 949.965 63.23366
C03 975.002 47.83635
C03 999.976 31.017586
C03 1025.028 15.421701
C03 1050.014 6.173692
C03 1075.002 3.4073312
C03 1099.99 2.3051887
C01 319.994 45.716312
C01 324.969 46.566513
C01 349.982 53.13034
C01 374.975 69.9736
C01 400.019 85.378624
C01 424.965 88.96351
C01 450.035 88.75708
C01 475.003 88.214874
C01 500.018 87.55746
C01 525.002 87.24576
C01 550.029 87.79667
C01 575.023 88.89153
C01 599.982 90.17897
C01 619.997 91.056244
C01 624.979 91.43641
C01 650.012 92.58248
C01 675.004 94.048386
C01 700.03 94.95298
C01 725.012 95.80761
C01 750.022 96.94129
C01 774.987 97.843925
C01 799.976 98.424934
C01 824.988 98.09825
C01 850.022 97.19245
C01 869.967 94.84705
C01 875.002 93.73069
C01 899.999 87.9304
C01 919.999 80.18009
C01 925.012 77.417816
C01 949.965 63.272305
C01 975.002 47.941204
C01 999.976 31.04994
C01 1025.028 15.424364
C01 1050.014 6.226635
C01 1075.002 3.417169
C01 1099.99 2.288526
C05 319.994 45.326065
C05 324.969 45.967274
C05 349.982 51.69815
C05 374.975 68.373825
C05 400.019 84.642
C05 424.965 88.94769
C05 450.035 89.07908
C05 475.003 88.56778
C05 500.018 87.78625
C05 525.002 87.34178
C05 550.029 87.770485
C05 575.023 88.69952
C05 599.982 89.92879
C05 619.997 90.71317
C05 624.979 91.08236
C05 650.012 92.18823
C05 675.004 93.61815
C05 700.03 94.58813
C05 725.012 95.434975
C05 750.022 96.651146
C05 774.987 97.54411
C05 799.976 98.203476
C05 824.988 97.92643
C05 850.022 97.12229
C05 869.967 94.8649
C05 875.002 93.79968
C05 899.999 87.91702
C05 919.999 80.30105
C05 925.012 77.58077
C05 949.965 63.538708
C05 975.002 48.270298
C05 999.976 31.362654
C05 1025.028 15.654325
C05 1050.014 6.3078814
C05 1075.002 3.472969
C05 1099.99 2.3141174
C15 319.994 45.562504
C15 324.969 46.348255
C15 349.982 52.631477
C15 374.975 69.37456
C15 400.019 85.01876
C15 424.965 88.81995
C15 450.035 88.69297
C15 475.003 88.157555
C15 500.018 87.49043
C15 525.002 87.1284
C15 550.029 87.63463
C15 575.023 88.69769
C15 599.982 89.98167
C15 619.997 90.824524
C15 624.979 91.2032
C15 650.012 92.33942
C15 675.004 93.81864
C15 700.03 94.72611
C15 725.012 95.57503
C15 750.022 96.73441
C15 774.987 97.64146
C15 799.976 98.20303
C15 824.988 97.89164
C15 850.022 96.95511
C15 869.967 94.483826
C15 875.002 93.36806
C15 899.999 87.602425
C15 919.999 79.88605
C15 925.012 77.10559
C15 949.965 62.959743
C15 975.002 47.745148
C15 999.976 30.847599
C15 1025.028 15.330566
C15 1050.014 6.077197
C15 1075.002 3.290366
C15 1099.99 2.2791688
C17 319.994 45.694378
C17 324.969 46.61285
C17 349.982 53.432457
C17 374.975 70.25001
C17 400.019 85.35754
C17 424.965 88.68324
C17 450.035 88.40012
C17 475.003 87.849335
C17 500.018 87.21505
C17 525.002 86.991974
C17 550.029 87.60781
C17 575.023 88.76377
C17 599.982 90.08958
C17 619.997 90.9966
C17 624.979 91.381355
C17 650.012 92.54679
C17 675.004 93.99305
C17 700.03 94.92607
C17 725.012 95.80573
C17 750.022 96.94719
C17 774.987 97.83654
C17 799.976 98.42953
C17 824.988 98.0302
C17 850.022 97.0542
C17 869.967 94.79018
C17 875.002 93.71023
C17 899.999 87.85256
C17 919.999 79.74766
C17 925.012 76.90186
C17 949.965 62.73446
C17 975.002 47.76065
C17 999.976 30.818943
C17 1025.028 15.136862
C17 1050.014 6.061695
C17 1075.002 3.2997358
C17 1099.99 2.2900133
C10 319.994 44.80503
C10 324.969 45.390495
C10 349.982 50.82295
C10 374.975 67.21154
C10 400.019 83.678856
C10 424.965 88.18883
C10 450.035 88.333595
C10 475.003 87.750824
C10 500.018 86.95933
C10 525.002 86.51651
C10 550.029 86.947075
C10 575.023 87.99692
C10 599.982 89.22469
C10 619.997 90.097984
C10 624.979 90.47111
C10 650.012 91.606224
C10 675.004 93.061356
C10 700.03 93.99451
C10 725.012 94.96138
C10 750.022 96.19914
C10 774.987 97.24136
C10 799.976 97.935814
C10 824.988 97.68814
C10 850.022 96.89676
C10 869.967 94.54802
C10 875.002 93.39928
C10 899.999 87.62297
C10 919.999 80.01916
C10 925.012 77.337906
C10 949.965 63.73257
C10 975.002 48.38173
C10 999.976 31.308943
C10 1025.028 15.484498
C10 1050.014 6.220924
C10 1075.002 3.3670564
C10 1099.99 2.3008254
C16 319.994 45.62935
C16 324.969 46.48337
C16 349.982 53.059025
C16 374.975 69.88394
C16 400.019 85.28949
C16 424.965 88.851906
C16 450.035 88.65975
C16 475.003 88.10809
C16 500.018 87.43311
C16 525.002 87.15513
C16 550.029 87.71311
C16 575.023 88.82877
C16 599.982 90.12063
C16 619.997 91.01633
C16 624.979 91.399025
C16 650.012 92.554405
C16 675.004 94.000145
C16 700.03 94.919914
C16 725.012 95.80045
C16 750.022 96.93086
C16 774.987 97.825455
C16 799.976 98.41998
C16 824.988 98.04265
C16 850.022 97.096756
C16 869.967 94.742485
C16 875.002 93.62275
C16 899.999 87.84585
C16 919.999 79.90627
C16 925.012 77.07873
C16 949.965 62.89021
C16 975.002 47.74637
C16 999.976 30.80483
C16 1025.028 15.190636
C16 1050.014 6.0405207
C16 1075.002 3.2821615
C16 1099.99 2.2775378
C13 319.994 45.370342
C13 324.969 46.060547
C13 349.982 51.99818
C13 374.975 68.69957
C13 400.019 84.79477
C13 424.965 88.95447
C13 450.035 88.99828
C13 475.003 88.4738
C13 500.018 87.73225
C13 525.002 87.32159
C13 550.029 87.76161
C13 575.023 88.75821
C13 599.982 89.97223
C13 619.997 90.80707
C13 624.979 91.17911
C13 650.012 92.29879
C13 675.004 93.74497
C13 700.03 94.66447
C13 725.012 95.547874
C13 750.022 96.710205
C13 774.987 97.639534
C13 799.976 98.26389
C13 824.988 97.95921
C13 850.022 97.06174
C13 869.967 94.60576
C13 875.002 93.45633
C13 899.999 87.703316
C13 919.999 80.08846
C13 925.012 77.3426
C13 949.965 63.24958
C13 975.002 47.950832
C13 999.976 31.079576
C13 1025.028 15.500391
C13 1050.014 6.1556716
C13 1075.002 3.3266528
C13 1099.99 2.283916
C12 319.994 45.222507
C12 324.969 45.874737
C12 349.982 51.613506
C12 374.975 68.21999
C12 400.019 84.44736
C12 424.965 88.73359
C12 450.035 88.82595
C12 475.003 88.29004
C12 500.018 87.52906
C12 525.002 87.0993
C12 550.029 87.52329
C12 575.023 88.51514
C12 599.982 89.725746
C12 619.997 90.56079
C12 624.979 90.931755
C12 650.012 92.05069
C12 675.004 93.49657
C12 700.03 94.41983
C12 725.012 95.322044
C12 750.022 96.50557
C12 774.987 97.46195
C12 799.976 98.10629
C12 824.988 97.824165
C12 850.022 96.963005
C12 869.967 94.576744
C12 875.002 93.45656
C12 899.999 87.77576
C12 919.999 80.15221
C12 925.012 77.40596
C12 949.965 63.400333
C12 975.002 48.14042
C12 999.976 31.247593
C12 1025.028 15.592661
C12 1050.014 6.2109394
C12 1075.002 3.3522954
C12 1099.99 2.2951176
C11 319.994 45.203266
C11 324.969 45.815777
C11 349.982 51.406464
C11 374.975 67.95869
C11 400.019 84.340576
C11 424.965 88.74745
C11 450.035 88.8847
C11 475.003 88.33813
C11 500.018 87.5531
C11 525.002 87.11497
C11 550.029 87.53139
C11 575.023 88.5447
C11 599.982 89.75002
C11 619.997 90.60287
C11 624.979 90.97576
C11 650.012 92.0976
C11 675.004 93.544
C11 700.03 94.47987
C11 725.012 95.41277
C11 750.022 96.61902
C11 774.987 97.61102
C11 799.976 98.28998
C11 824.988 98.01969
C11 850.022 97.191025
C11 869.967 94.853004
C11 875.002 93.73186
C11 899.999 88.05611
C11 919.999 80.410324
C11 925.012 77.669556
C11 949.965 63.747932
C11 975.002 48.44315
C11 999.976 31.446802
C11 1025.028 15.650136
C11 1050.014 6.2460556
C11 1075.002 3.374744
C11 1099.99 2.307623
C06 319.994 45.30942
C06 324.969 45.913918
C06 349.982 51.48024
C06 374.975 68.07766
C06 400.019 84.47563
C06 424.965 88.937706
C06 450.035 89.092125
C06 475.003 88.5812
C06 500.018 87.80273
C06 525.002 87.31545
C06 550.029 87.70117
C06 575.023 88.64797
C06 599.982 89.83348
C06 619.997 90.64072
C06 624.979 91.007355
C06 650.012 92.11086
C06 675.004 93.567375
C06 700.03 94.49024
C06 725.012 95.391846
C06 750.022 96.608215
C06 774.987 97.60261
C06 799.976 98.26004
C06 824.988 98.02404
C06 850.022 97.26776
C06 869.967 95.032776
C06 875.002 93.94917
C06 899.999 88.12724
C06 919.999 80.47687
C06 925.012 77.769806
C06 949.965 63.792877
C06 975.002 48.564857
C06 999.976 31.534502
C06 1025.028 15.744783
C06 1050.014 6.3664966
C06 1075.002 3.5091403
C06 1099.99 2.3458703
