lsstCam/transmission_sensor/r31_s11/19700101T000000.ecsv
# %ECSV 1.0
# ---
# datatype:
# - {name: amp_name, datatype: string}
# - {name: wavelength, unit: nm, datatype: float32}
# - {name: efficiency, unit: '%', datatype: float64}
# meta: !!omap
# - {MODE: AMP}
# - {TYPE: transmission_sensor}
# - {CALIBDATE: '1970-01-01T00:00:00'}
# - {INSTRUME: LSSTCam}
# - {OBSTYPE: transmission_sensor}
# - {DETECTOR: 130}
# - {PARQUETFILE: qe_raft_allvalues_nircorrected_20230725_adjust.parquet}
# - {CORRFILE: qe_corr_factor_bydetnum.parquet}
# - {CALIBCLS: lsst.ip.isr.IntermediateSensorTransmissionCurve}
# - {CALIB_ID: 'raftName=R31 detectorName=S11 detector=130 calibDate=1970-01-01T00:00:00 ccd=130 ccdnum=130 filter=None'}
# - {DATE: '2025-03-03T21:56:48.114765'}
# - {CALIB_CREATION_DATE: '2025-03-03'}
# - {CALIB_CREATION_TIME: '21:56:48'}
# - __serialized_columns__:
#     efficiency:
#       __class__: astropy.units.quantity.Quantity
#       unit: !astropy.units.Unit {unit: '%'}
#       value: !astropy.table.SerializedColumn {name: efficiency}
#     wavelength:
#       __class__: astropy.units.quantity.Quantity
#       unit: !astropy.units.Unit {unit: nm}
#       value: !astropy.table.SerializedColumn {name: wavelength}
# schema: astropy-2.0
amp_name wavelength efficiency
C00 319.994 39.713977167237225
C00 324.969 44.7994123133234
C00 349.982 66.84136002428465
C00 374.975 73.32175597018025
C00 400.019 82.38211588498935
C00 424.965 84.87159836539813
C00 450.035 86.96111360332283
C00 475.003 89.87538668639031
C00 500.018 91.80552217385569
C00 525.002 93.81189164636478
C00 550.029 96.54676125598976
C00 575.023 97.67566014871264
C00 599.982 98.09035940062026
C00 619.997 98.22873884576566
C00 624.979 99.27231926664714
C00 650.012 98.82574103648538
C00 675.004 99.32139820657152
C00 700.03 98.22123657375192
C00 725.012 98.25428896488408
C00 750.022 97.88921372210868
C00 774.987 97.30042542153518
C00 799.976 96.26292403640247
C00 824.988 94.48509754050556
C00 850.022 92.62657809062843
C00 869.967 89.42141216989413
C00 875.002 88.590204339125
C00 899.999 82.01480737254285
C00 919.999 73.07888221564474
C00 925.012 70.56580278077902
C00 949.965 56.85356863750503
C00 975.002 42.35756282535703
C00 999.976 25.563130753162167
C00 1025.028 10.938505641372013
C00 1050.014 3.7619600309424714
C00 1075.002 0.9325895048322325
C00 1099.99 0.09253067391708303
C01 319.994 40.01301197619645
C01 324.969 45.13553453963409
C01 349.982 67.39824663538704
C01 374.975 73.89968830903054
C01 400.019 82.78065989120846
C01 424.965 85.15587466851399
C01 450.035 87.18738545823561
C01 475.003 90.06535844614076
C01 500.018 91.97490243019811
C01 525.002 93.96663073815164
C01 550.029 96.6962691974623
C01 575.023 97.82188253412667
C01 599.982 98.2326981679283
C01 619.997 98.37044169899787
C01 624.979 99.41776947068338
C01 650.012 98.96979828587932
C01 675.004 99.46355528414361
C01 700.03 98.35892711198183
C01 725.012 98.38249378481609
C01 750.022 97.99572932981128
C01 774.987 97.38877962604812
C01 799.976 96.33800731978515
C01 824.988 94.55336745879
C01 850.022 92.68231898753776
C01 869.967 89.38683812722336
C01 875.002 88.52159375258564
C01 899.999 81.9275281656343
C01 919.999 73.08029788150404
C01 925.012 70.68345445521442
C01 949.965 56.65451617615974
C01 975.002 41.87901855727599
C01 999.976 25.255054987237852
C01 1025.028 10.832463184023464
C01 1050.014 3.759479067061037
C01 1075.002 0.9336044562937247
C01 1099.99 0.09263137646867554
C02 319.994 40.097478777400546
C02 324.969 45.233968739289594
C02 349.982 67.60245832819282
C02 374.975 74.12337865561166
C02 400.019 82.8605806638109
C02 424.965 85.15625318879722
C02 450.035 87.13609595985714
C02 475.003 89.98291672845198
C02 500.018 91.87401920431006
C02 525.002 93.8530443715582
C02 550.029 96.57231137510819
C02 575.023 97.69307965214715
C02 599.982 98.1059922883179
C02 619.997 98.2402307215647
C02 624.979 99.28387170569151
C02 650.012 98.83989012467273
C02 675.004 99.33355627806905
C02 700.03 98.23035891257791
C02 725.012 98.24328159504758
C02 750.022 97.85361010426752
C02 774.987 97.23422222399721
C02 799.976 96.17805978890097
C02 824.988 94.38309389457915
C02 850.022 92.53581649711411
C02 869.967 89.24075200911128
C02 875.002 88.35268286139444
C02 899.999 81.65699214879992
C02 919.999 72.95471999233769
C02 925.012 70.61398841283496
C02 949.965 56.49037842574014
C02 975.002 41.63830236835493
C02 999.976 25.125241456102085
C02 1025.028 10.787828072224283
C02 1050.014 3.741354333023815
C02 1075.002 0.9322505429570986
C02 1099.99 0.09249704243123011
C03 319.994 40.13598564581414
C03 324.969 45.28111344056663
C03 349.982 67.74106488550817
C03 374.975 74.31126098339864
C03 400.019 82.95698977995109
C03 424.965 85.18712530309794
C03 450.035 87.13116005536374
C03 475.003 89.95154496737739
C03 500.018 91.83032282281332
C03 525.002 93.7974473123565
C03 550.029 96.51250517035692
C03 575.023 97.62942768131819
C03 599.982 98.0430367948101
C03 619.997 98.17832751444429
C03 624.979 99.22560986369582
C03 650.012 98.78117405833719
C03 675.004 99.27509003512043
C03 700.03 98.17196837368593
C03 725.012 98.18800249288381
C03 750.022 97.79644597109322
C03 774.987 97.17564242496361
C03 799.976 96.12329547432239
C03 824.988 94.32254579007272
C03 850.022 92.46250468865698
C03 869.967 89.24383316421681
C03 875.002 88.3677328278559
C03 899.999 81.54613869865143
C03 919.999 72.80375096257187
C03 925.012 70.50670819416023
C03 949.965 56.535736511280305
C03 975.002 41.549898956205176
C03 999.976 25.0512104591068
C03 1025.028 10.764690073610778
C03 1050.014 3.7458972861481774
C03 1075.002 0.9317059585163285
C03 1099.99 0.09244300926331636
C04 319.994 40.37443449823862
C04 324.969 45.550071027819925
C04 349.982 68.22546486237086
C04 374.975 74.8387138572766
C04 400.019 83.33174757157167
C04 424.965 85.46577679480491
C04 450.035 87.35629634942681
C04 475.003 90.14824681776378
C04 500.018 92.00328388103514
C04 525.002 93.9633527524988
C04 550.029 96.67532188498802
C04 575.023 97.79798276344316
C04 599.982 98.20853343304653
C04 619.997 98.346617632371
C04 624.979 99.39147745180982
C04 650.012 98.95232578960514
C04 675.004 99.44944404798457
C04 700.03 98.34488400947377
C04 725.012 98.36768607133591
C04 750.022 97.98092918673674
C04 774.987 97.36145046159848
C04 799.976 96.30416003605819
C04 824.988 94.49783096283362
C04 850.022 92.62847069204462
C04 869.967 89.41536341576801
C04 875.002 88.5455919385428
C04 899.999 81.68650916048665
C04 919.999 72.8987141312301
C04 925.012 70.61778118607297
C04 949.965 56.6423581046622
C04 975.002 41.61145013946217
C04 999.976 25.05783456406343
C04 1025.028 10.779076683275868
C04 1050.014 3.763064127293635
C04 1075.002 0.9334634873317634
C04 1099.99 0.09261738965777527
C05 319.994 40.39671420210989
C05 324.969 45.57912624476111
C05 349.982 68.33067836029912
C05 374.975 74.94725833369733
C05 400.019 83.29301737619096
C05 424.965 85.34386298198028
C05 450.035 87.18677225537677
C05 475.003 89.95027313922571
C05 500.018 91.78292451294651
C05 525.002 93.72728479265588
C05 550.029 96.42853423072386
C05 575.023 97.54370040757092
C05 599.982 97.95569702465625
C05 619.997 98.09206274189482
C05 624.979 99.14087431309063
C05 650.012 98.69908814971464
C05 675.004 99.19442736276285
C05 700.03 98.1022600783252
C05 725.012 98.13095191579448
C05 750.022 97.76116031028997
C05 774.987 97.15961587617142
C05 799.976 96.10837420475723
C05 824.988 94.28835783809086
C05 850.022 92.42408487990853
C05 869.967 89.2186237133533
C05 875.002 88.35256930530947
C05 899.999 81.43224951583142
C05 919.999 72.64124463457301
C05 925.012 70.3823037178719
C05 949.965 56.48347800097675
C05 975.002 41.44133555377027
C05 999.976 24.923085128434266
C05 1025.028 10.718311875907293
C05 1050.014 3.750119443332497
C05 1075.002 0.9313696075995557
C05 1099.99 0.09240963683435338
C06 319.994 40.6332250306842
C06 324.969 45.84875002771291
C06 349.982 68.77709761194193
C06 374.975 75.41825869253348
C06 400.019 83.6583424423533
C06 424.965 85.63409719435427
C06 450.035 87.43923014348381
C06 475.003 90.18525853105858
C06 500.018 92.00716749914113
C06 525.002 93.94821951157503
C06 550.029 96.65056665846438
C06 575.023 97.76445343675412
C06 599.982 98.18053050249273
C06 619.997 98.31055221978427
C06 624.979 99.36121096996227
C06 650.012 98.92043167053968
C06 675.004 99.42222086921424
C06 700.03 98.33152224347555
C06 725.012 98.3775578803227
C06 750.022 98.02716922453685
C06 774.987 97.4375784609629
C06 799.976 96.38363415472641
C06 824.988 94.54222382165153
C06 850.022 92.65203736487888
C06 869.967 89.4094660697552
C06 875.002 88.53708280257567
C06 899.999 81.54558605903792
C06 919.999 72.70021809470117
C06 925.012 70.4221921853193
C06 949.965 56.48384516565149
C06 975.002 41.45005666109603
C06 999.976 24.88423948436718
C06 1025.028 10.709164933262898
C06 1050.014 3.7529197837029122
C06 1075.002 0.933903706578338
C06 1099.99 0.0926610678069993
C07 319.994 40.77100641378208
C07 324.969 46.00847801683281
C07 349.982 69.07525803904687
C07 374.975 75.6979927522505
C07 400.019 83.76628885672652
C07 424.965 85.65431774788473
C07 450.035 87.40613990032332
C07 475.003 90.1182680113315
C07 500.018 91.92264391989455
C07 525.002 93.84968311144306
C07 550.029 96.54590580014965
C07 575.023 97.65710508442841
C07 599.982 98.06508938651143
C07 619.997 98.2048466454878
C07 624.979 99.25225012122998
C07 650.012 98.81001730391976
C07 675.004 99.31390350496345
C07 700.03 98.23209253547513
C07 725.012 98.30180083083586
C07 750.022 97.97860507219768
C07 774.987 97.41308062823185
C07 799.976 96.36772873242484
C07 824.988 94.51672669537277
C07 850.022 92.58550106949167
C07 869.967 89.34175636148996
C07 875.002 88.4816068698646
C07 899.999 81.45411284739112
C07 919.999 72.4883224401457
C07 925.012 70.20377841148651
C07 949.965 56.35458805933208
C07 975.002 41.39908133455265
C07 999.976 24.784773816939854
C07 1025.028 10.684646281916288
C07 1050.014 3.7440108356866
C07 1075.002 0.9334408015860406
C07 1099.99 0.0926151387989256
C10 319.994 38.14900398221239
C10 324.969 43.017796829391315
C10 349.982 63.9620773561995
C10 374.975 70.55222147301652
C10 400.019 80.6878742380366
C10 424.965 83.78097544371607
C10 450.035 86.19534435911953
C10 475.003 89.29213235235773
C10 500.018 91.34833780535766
C10 525.002 93.42869285242804
C10 550.029 96.20612328270008
C10 575.023 97.36845308683834
C10 599.982 97.80688556050487
C10 619.997 97.95141217505001
C10 624.979 98.9978239276501
C10 650.012 98.56212437042855
C10 675.004 99.05837960256218
C10 700.03 97.96361566898155
C10 725.012 97.99009694799673
C10 750.022 97.62040375776584
C10 774.987 97.03988991058388
C10 799.976 96.02247281167966
C10 824.988 94.26883376188154
C10 850.022 92.42656797296657
C10 869.967 89.28965682970535
C10 875.002 88.47992623980703
C10 899.999 81.93204012741047
C10 919.999 72.77427937331912
C10 925.012 70.39021479179154
C10 949.965 56.57107137972038
C10 975.002 42.179359261212376
C10 999.976 25.547936948993076
C10 1025.028 11.007252495213324
C10 1050.014 3.729749137714978
C10 1075.002 0.9300285741611712
C10 1099.99 0.09227658072857899
C11 319.994 38.69702943348422
C11 324.969 43.637366399397564
C11 349.982 64.9592209087336
C11 374.975 71.58123643339908
C11 400.019 81.45486988795759
C11 424.965 84.38159628834354
C11 450.035 86.70532473672331
C11 475.003 89.75661459191655
C11 500.018 91.7809107850397
C11 525.002 93.84217326902366
C11 550.029 96.61755211936055
C11 575.023 97.77338651543849
C11 599.982 98.20600491755451
C11 619.997 98.35296163231803
C11 624.979 99.40183376675915
C11 650.012 98.96474125489529
C11 675.004 99.4626771170865
C11 700.03 98.35512676833814
C11 725.012 98.37440859156618
C11 750.022 97.990316489761
C11 774.987 97.38676589814129
C11 799.976 96.35122524807575
C11 824.988 94.58249837978784
C11 850.022 92.76099064320552
C11 869.967 89.58244226878836
C11 875.002 88.75697280551309
C11 899.999 82.12958986323132
C11 919.999 73.16261090229652
C11 925.012 70.73091332832654
C11 949.965 56.75815502970974
C11 975.002 42.19383387684332
C11 999.976 25.561130273465263
C11 1025.028 10.997145057350217
C11 1050.014 3.7647438110504945
C11 1075.002 0.9335528630870358
C11 1099.99 0.09262625743810558
C12 319.994 39.019547640815404
C12 324.969 44.00689304070382
C12 349.982 65.5493188894871
C12 374.975 72.13620773186828
C12 400.019 81.75979068732113
C12 424.965 84.5395755137549
C12 450.035 86.782959246815
C12 475.003 89.78684322173577
C12 500.018 91.77840498076466
C12 525.002 93.82009796610534
C12 550.029 96.5796470981973
C12 575.023 97.72895580459225
C12 599.982 98.15576770556343
C12 619.997 98.29538869723784
C12 624.979 99.34725871232219
C12 650.012 98.90803891646654
C12 675.004 99.40380964263764
C12 700.03 98.29644098362523
C12 725.012 98.30455645849781
C12 750.022 97.91040328756424
C12 774.987 97.29433881538074
C12 799.976 96.25166684317902
C12 824.988 94.4908207671881
C12 850.022 92.63026487818715
C12 869.967 89.43329013638207
C12 875.002 88.59347475437215
C12 899.999 81.96678071900587
C12 919.999 72.90378630302546
C12 925.012 70.52061502936631
C12 949.965 56.486324473506684
C12 975.002 41.825563922877414
C12 999.976 25.39092673550681
C12 1025.028 10.995219335409253
C12 1050.014 3.7716411603365847
C12 1075.002 0.9327916286227441
C12 1099.99 0.09255072845389029
C13 319.994 40.78205542084974
C13 324.969 45.99728138685469
C13 349.982 68.56212837268657
C13 374.975 75.41535165675823
C13 400.019 85.25524381326908
C13 424.965 88.04083514084768
C13 450.035 90.31996632945659
C13 475.003 93.40553498149967
C13 500.018 95.45420788086321
C13 525.002 97.56542747182866
C13 550.029 100.42658658875249
C13 575.023 101.61133993446964
C13 599.982 102.05273243675107
C13 619.997 102.2023690751199
C13 624.979 103.28988813047941
C13 650.012 102.83120482165977
C13 675.004 103.34901299872087
C13 700.03 102.19678968614501
C13 725.012 102.20263403931817
C13 750.022 101.78964569909077
C13 774.987 101.14290594315383
C13 799.976 100.05342615272717
C13 824.988 98.211887122756
C13 850.022 96.27820111503387
C13 869.967 92.92886438882066
C13 875.002 92.059531995124
C13 899.999 85.19837492591572
C13 919.999 75.82571306621998
C13 925.012 73.31448838074212
C13 949.965 58.66458757703888
C13 975.002 43.398168076812276
C13 999.976 26.36241796844601
C13 1025.028 11.403169570666787
C13 1050.014 3.9252274212858063
C13 1075.002 0.9697491760716146
C13 1099.99 0.09621762235956612
C14 319.994 39.553196891729925
C14 324.969 44.61348315019791
C14 349.982 66.52948202211523
C14 374.975 73.1117831986636
C14 400.019 82.37887575136484
C14 424.965 84.94787020247017
C14 450.035 87.08148305339185
C14 475.003 90.01885344414241
C14 500.018 91.97016335625199
C14 525.002 93.98298281438743
C14 550.029 96.73038144538752
C14 575.023 97.86798630462481
C14 599.982 98.28564558514735
C14 619.997 98.42397960785875
C14 624.979 99.47195086402577
C14 650.012 99.03186047151868
C14 675.004 99.52296025739466
C14 700.03 98.41503895876872
C14 725.012 98.42265478686743
C14 750.022 98.02937221258529
C14 774.987 97.40837940631407
C14 799.976 96.35448052251157
C14 824.988 94.57841793113455
C14 850.022 92.70762685367491
C14 869.967 89.46233021251193
C14 875.002 88.62003173744398
C14 899.999 81.98980232263229
C14 919.999 72.97551589669867
C14 925.012 70.5741983606612
C14 949.965 56.42106757667681
C14 975.002 41.70750723173895
C14 999.976 25.31510533757182
C14 1025.028 10.971524911979392
C14 1050.014 3.7859750137371986
C14 1075.002 0.9339250467263578
C14 1099.99 0.09266318515688102
C15 319.994 39.81719207807
C15 324.969 44.91081840308541
C15 349.982 67.02401120175733
C15 374.975 73.63436830169914
C15 400.019 82.80948042557405
C15 424.965 85.31226410873575
C15 450.035 87.40442898864309
C15 475.003 90.32812722676316
C15 500.018 92.26471269985487
C15 525.002 94.28049975701087
C15 550.029 97.02951845482322
C15 575.023 98.16244480335972
C15 599.982 98.58345777359172
C15 619.997 98.72235957672798
C15 624.979 99.77333628394389
C15 650.012 99.32776491773555
C15 675.004 99.82487560570931
C15 700.03 98.71855166267862
C15 725.012 98.73590303246216
C15 750.022 98.35192448674196
C15 774.987 97.74308218156261
C15 799.976 96.68635953644718
C15 824.988 94.89523183779737
C15 850.022 93.02515237847021
C15 869.967 89.76691034362057
C15 875.002 88.90351314796504
C15 899.999 82.19790520394974
C15 919.999 73.21313578970286
C15 925.012 70.84291748013605
C15 949.965 56.587317470276865
C15 975.002 41.73524519809448
C15 999.976 25.30328982693061
C15 1025.028 10.98662597867909
C15 1050.014 3.8168880555435467
C15 1075.002 0.936997897288641
C15 1099.99 0.09296807056670095
C16 319.994 39.821840307148136
C16 324.969 44.92166300920012
C16 349.982 67.05489845686938
C16 374.975 73.6397432897211
C16 400.019 82.69470550529124
C16 424.965 85.13043810548052
C16 450.035 87.18251011698753
C16 475.003 90.07536652242953
C16 500.018 91.99235978566095
C16 525.002 93.98999301003296
C16 550.029 96.7254304000828
C16 575.023 97.85333756966358
C16 599.982 98.26945248743051
C16 619.997 98.40869495882168
C16 624.979 99.45500829614814
C16 650.012 99.00977759819469
C16 675.004 99.50484427663898
C16 700.03 98.40155606627985
C16 725.012 98.43793186549883
C16 750.022 98.07663425515013
C16 774.987 97.48555969206588
C16 799.976 96.44385673178924
C16 824.988 94.64593080885251
C16 850.022 92.79185518710057
C16 869.967 89.52702689932262
C16 875.002 88.669186381425
C16 899.999 81.91502942588185
C16 919.999 72.95991329062369
C16 925.012 70.60985497134202
C16 949.965 56.399465424112535
C16 975.002 41.58268638313907
C16 999.976 25.193314543839236
C16 1025.028 10.92630498634261
C16 1050.014 3.8123559848773274
C16 1075.002 0.9343750322906226
C16 1099.99 0.09270783231117413
C17 319.994 39.93080115588044
C17 324.969 45.044409566647865
C17 349.982 67.27614356242078
C17 374.975 73.83130483466114
C17 400.019 82.69027681797738
C17 424.965 85.02480823524071
C17 450.035 87.02267614218832
C17 475.003 89.87476591312581
C17 500.018 91.76829091879661
C17 525.002 93.74764918389398
C17 550.029 96.46707516596294
C17 575.023 97.59145452650397
C17 599.982 98.00324674263635
C17 619.997 98.13696281789227
C17 624.979 99.18273108601086
C17 650.012 98.73779563387835
C17 675.004 99.23425526696494
C17 700.03 98.14004397299782
C17 725.012 98.19378628281164
C17 750.022 97.86286871039546
C17 774.987 97.30399108260326
C17 799.976 96.27421151124855
C17 824.988 94.47304545468734
C17 850.022 92.63485254401996
C17 869.967 89.3814404279844
C17 875.002 88.51250926578798
C17 899.999 81.72667016253799
C17 919.999 72.78066122529447
C17 925.012 70.44363157416178
C17 949.965 56.29363872332543
C17 975.002 41.530628488585634
C17 999.976 25.14039362304002
C17 1025.028 10.915761303853072
C17 1050.014 3.817163665624778
C17 1075.002 0.932338223737421
C17 1099.99 0.09250574203770304
