lsstCam/transmission_sensor/r31_s11/19700101T000000.ecsv
# %ECSV 1.0
# ---
# datatype:
# - {name: amp_name, datatype: string}
# - {name: wavelength, unit: nm, datatype: float32}
# - {name: efficiency, unit: '%', datatype: float64}
# meta: !!omap
# - {MODE: AMP}
# - {TYPE: transmission_sensor}
# - {CALIBDATE: '1970-01-01T00:00:00'}
# - {INSTRUME: LSSTCAM}
# - {OBSTYPE: transmission_sensor}
# - {DETECTOR: 130}
# - {PARQUETFILE: qe_raft_allvalues_nircorrected_20230725.parquet}
# - {CALIBCLS: lsst.ip.isr.IntermediateSensorTransmissionCurve}
# - {CALIB_ID: 'raftName=R31 detectorName=S11 detector=130 calibDate=1970-01-01T00:00:00 ccd=130 ccdnum=130 filter=None'}
# - {DATE: '2024-01-18T22:42:25.437651'}
# - {CALIB_CREATION_DATE: '2024-01-18'}
# - {CALIB_CREATION_TIME: '22:42:25'}
# - __serialized_columns__:
#     efficiency:
#       __class__: astropy.units.quantity.Quantity
#       unit: !astropy.units.Unit {unit: '%'}
#       value: !astropy.table.SerializedColumn {name: efficiency}
#     wavelength:
#       __class__: astropy.units.quantity.Quantity
#       unit: !astropy.units.Unit {unit: nm}
#       value: !astropy.table.SerializedColumn {name: wavelength}
# schema: astropy-2.0
amp_name wavelength efficiency
C00 319.994 40.02342987060547
C00 324.969 45.14849090576172
C00 349.982 67.36219024658203
C00 374.975 73.89308166503906
C00 400.019 83.02404022216797
C00 424.965 85.53292083740234
C00 450.035 87.63871765136719
C00 475.003 90.57569885253906
C00 500.018 92.5208740234375
C00 525.002 94.54287719726562
C00 550.029 97.29905700683594
C00 575.023 98.43675231933594
C00 599.982 98.85468292236328
C00 619.997 98.994140625
C00 624.979 100.04585266113281
C00 650.012 99.59579467773438
C00 675.004 100.0953140258789
C00 700.03 98.98657989501953
C00 725.012 99.01988983154297
C00 750.022 98.65196990966797
C00 774.987 98.05859375
C00 799.976 97.01300811767578
C00 824.988 95.22132873535156
C00 850.022 93.34832763671875
C00 869.967 90.1181869506836
C00 875.002 89.28050231933594
C00 899.999 82.65386962890625
C00 919.999 73.6483154296875
C00 925.012 71.11565399169922
C00 949.965 57.296573638916016
C00 975.002 42.68761444091797
C00 999.976 25.762319564819336
C00 1025.028 11.023738861083984
C00 1050.014 3.791273355484009
C00 1075.002 0.9398562749718211
C00 1099.99 0.09325167617448848
C01 319.994 40.32479476928711
C01 324.969 45.48723220825195
C01 349.982 67.92341613769531
C01 374.975 74.47551727294922
C01 400.019 83.42568969726562
C01 424.965 85.81941223144531
C01 450.035 87.86675262451172
C01 475.003 90.76715087890625
C01 500.018 92.69157409667969
C01 525.002 94.69882202148438
C01 550.029 97.4497299194336
C01 575.023 98.58411407470703
C01 599.982 98.99813079833984
C01 619.997 99.13694763183594
C01 624.979 100.19243621826172
C01 650.012 99.74097442626953
C01 675.004 100.23857879638672
C01 700.03 99.1253433227539
C01 725.012 99.14909362792969
C01 750.022 98.75931549072266
C01 774.987 98.14763641357422
C01 799.976 97.08867645263672
C01 824.988 95.29013061523438
C01 850.022 93.40450286865234
C01 869.967 90.08334350585938
C01 875.002 89.21135711669922
C01 899.999 82.56591033935547
C01 919.999 73.64974212646484
C01 925.012 71.23422241210938
C01 949.965 57.095970153808594
C01 975.002 42.20534133911133
C01 999.976 25.45184326171875
C01 1025.028 10.9168701171875
C01 1050.014 3.7887730598449707
C01 1075.002 0.9408791349707087
C01 1099.99 0.09335316340389595
C02 319.994 40.40991973876953
C02 324.969 45.58643341064453
C02 349.982 68.12921905517578
C02 374.975 74.7009506225586
C02 400.019 83.50623321533203
C02 424.965 85.81979370117188
C02 450.035 87.8150634765625
C02 475.003 90.68406677246094
C02 500.018 92.58990478515625
C02 525.002 94.5843505859375
C02 550.029 97.3248062133789
C02 575.023 98.45430755615234
C02 599.982 98.87043762207031
C02 619.997 99.00572204589844
C02 624.979 100.0574951171875
C02 650.012 99.61005401611328
C02 675.004 100.1075668334961
C02 700.03 98.99577331542969
C02 725.012 99.00879669189453
C02 750.022 98.6160888671875
C02 774.987 97.99187469482422
C02 799.976 96.92748260498047
C02 824.988 95.1185302734375
C02 850.022 93.2568588256836
C02 869.967 89.93611907958984
C02 875.002 89.04113006591797
C02 899.999 82.29326629638672
C02 919.999 73.52318572998047
C02 925.012 71.16421508789062
C02 949.965 56.9305534362793
C02 975.002 41.96274948120117
C02 999.976 25.32101821899414
C02 1025.028 10.87188720703125
C02 1050.014 3.7705070972442627
C02 1075.002 0.9395146718938645
C02 1099.99 0.09321778263091791
C03 319.994 40.448726654052734
C03 324.969 45.63394546508789
C03 349.982 68.26890563964844
C03 374.975 74.89029693603516
C03 400.019 83.6033935546875
C03 424.965 85.85090637207031
C03 450.035 87.81008911132812
C03 475.003 90.65245056152344
C03 500.018 92.54586791992188
C03 525.002 94.5283203125
C03 550.029 97.26453399658203
C03 575.023 98.3901596069336
C03 599.982 98.80699157714844
C03 619.997 98.9433364868164
C03 624.979 99.998779296875
C03 650.012 99.5508804321289
C03 675.004 100.04864501953125
C03 700.03 98.93692779541016
C03 725.012 98.95308685302734
C03 750.022 98.55847930908203
C03 774.987 97.9328384399414
C03 799.976 96.8722915649414
C03 824.988 95.05751037597656
C03 850.022 93.18297576904297
C03 869.967 89.93922424316406
C03 875.002 89.0562973022461
C03 899.999 82.18154907226562
C03 919.999 73.37104034423828
C03 925.012 71.05609893798828
C03 949.965 56.97626495361328
C03 975.002 41.8736572265625
C03 999.976 25.246410369873047
C03 1025.028 10.8485689163208
C03 1050.014 3.77508544921875
C03 1075.002 0.9389658440320263
C03 1099.99 0.09316332843466414
C04 319.994 40.68903350830078
C04 324.969 45.904998779296875
C04 349.982 68.757080078125
C04 374.975 75.42185974121094
C04 400.019 83.98107147216797
C04 424.965 86.13172912597656
C04 450.035 88.03697967529297
C04 475.003 90.8506851196289
C04 500.018 92.72017669677734
C04 525.002 94.69551849365234
C04 550.029 97.42861938476562
C04 575.023 98.56002807617188
C04 599.982 98.9737777709961
C04 619.997 99.1129379272461
C04 624.979 100.16593933105469
C04 650.012 99.7233657836914
C04 675.004 100.22435760498047
C04 700.03 99.11119079589844
C04 725.012 99.13417053222656
C04 750.022 98.74440002441406
C04 774.987 98.1200942993164
C04 799.976 97.0545654296875
C04 824.988 95.23416137695312
C04 850.022 93.35023498535156
C04 869.967 90.11209106445312
C04 875.002 89.23554229736328
C04 899.999 82.32301330566406
C04 919.999 73.46674346923828
C04 925.012 71.16803741455078
C04 949.965 57.083717346191406
C04 975.002 41.93568801879883
C04 999.976 25.25308609008789
C04 1025.028 10.863067626953125
C04 1050.014 3.792386054992676
C04 1075.002 0.9407370675736503
C04 1099.99 0.09333906760727444
C05 319.994 40.71148681640625
C05 324.969 45.93428039550781
C05 349.982 68.86311340332031
C05 374.975 75.53125
C05 400.019 83.9420394897461
C05 424.965 86.00886535644531
C05 450.035 87.86613464355469
C05 475.003 90.65116882324219
C05 500.018 92.49810028076172
C05 525.002 94.45761108398438
C05 550.029 97.1799087524414
C05 575.023 98.30376434326172
C05 599.982 98.7189712524414
C05 619.997 98.85639953613281
C05 624.979 99.91338348388672
C05 650.012 99.46815490722656
C05 675.004 99.96735382080078
C05 700.03 98.8666763305664
C05 725.012 98.89559173583984
C05 750.022 98.52291870117188
C05 774.987 97.91668701171875
C05 799.976 96.85725402832031
C05 824.988 95.02305603027344
C05 850.022 93.14425659179688
C05 869.967 89.913818359375
C05 875.002 89.041015625
C05 899.999 82.0667724609375
C05 919.999 73.20726776123047
C05 925.012 70.93072509765625
C05 949.965 56.92359924316406
C05 975.002 41.76424789428711
C05 999.976 25.117286682128906
C05 1025.028 10.80182933807373
C05 1050.014 3.7793405055999756
C05 1075.002 0.9386268722571098
C05 1099.99 0.09312969596656388
C06 319.994 40.9498405456543
C06 324.969 46.20600509643555
C06 349.982 69.3130111694336
C06 374.975 76.00592041015625
C06 400.019 84.31021118164062
C06 424.965 86.30136108398438
C06 450.035 88.12055969238281
C06 475.003 90.88798522949219
C06 500.018 92.72409057617188
C06 525.002 94.68026733398438
C06 550.029 97.40367126464844
C06 575.023 98.52623748779297
C06 599.982 98.945556640625
C06 619.997 99.07659149169922
C06 624.979 100.13543701171875
C06 650.012 99.69122314453125
C06 675.004 100.1969223022461
C06 700.03 99.09772491455078
C06 725.012 99.14411926269531
C06 750.022 98.79100036621094
C06 774.987 98.19681549072266
C06 799.976 97.13465881347656
C06 824.988 95.27890014648438
C06 850.022 93.37398529052734
C06 869.967 90.10614776611328
C06 875.002 89.22696685791016
C06 899.999 82.18099212646484
C06 919.999 73.2667007446289
C06 925.012 70.9709243774414
C06 949.965 56.92396926879883
C06 975.002 41.77303695678711
C06 999.976 25.07813835144043
C06 1025.028 10.792611122131348
C06 1050.014 3.782162666320801
C06 1075.002 0.9411807170240384
C06 1099.99 0.09338308609816957
C07 319.994 41.08869552612305
C07 324.969 46.36697769165039
C07 349.982 69.61349487304688
C07 374.975 76.28783416748047
C07 400.019 84.41899871826172
C07 424.965 86.32173919677734
C07 450.035 88.08721160888672
C07 475.003 90.82047271728516
C07 500.018 92.63890838623047
C07 525.002 94.58096313476562
C07 550.029 97.2981948852539
C07 575.023 98.41805267333984
C07 599.982 98.82921600341797
C07 619.997 98.97006225585938
C07 624.979 100.02562713623047
C07 650.012 99.57994842529297
C07 675.004 100.08776092529297
C07 700.03 98.99752044677734
C07 725.012 99.0677719116211
C07 750.022 98.74205780029297
C07 774.987 98.17212677001953
C07 799.976 97.1186294555664
C07 824.988 95.25320434570312
C07 850.022 93.30693054199219
C07 869.967 90.03791046142578
C07 875.002 89.17105865478516
C07 899.999 82.08880615234375
C07 919.999 73.05315399169922
C07 925.012 70.75080871582031
C07 949.965 56.793704986572266
C07 975.002 41.72166442871094
C07 999.976 24.97789764404297
C07 1025.028 10.767901420593262
C07 1050.014 3.773184299468994
C07 1075.002 0.9407142050598009
C07 1099.99 0.09333679920965365
C10 319.994 38.44626235961914
C10 324.969 43.35299301147461
C10 349.982 64.4604721069336
C10 374.975 71.10196685791016
C10 400.019 81.31659698486328
C10 424.965 84.43379974365234
C10 450.035 86.86698150634766
C10 475.003 89.98789978027344
C10 500.018 92.06012725830078
C10 525.002 94.15669250488281
C10 550.029 96.95576477050781
C10 575.023 98.12715148925781
C10 599.982 98.56900024414062
C10 619.997 98.71465301513672
C10 624.979 99.76921844482422
C10 650.012 99.33012390136719
C10 675.004 99.83024597167969
C10 700.03 98.7269515991211
C10 725.012 98.7536392211914
C10 750.022 98.38106536865234
C10 774.987 97.79602813720703
C10 799.976 96.77068328857422
C10 824.988 95.00337982177734
C10 850.022 93.14675903320312
C10 869.967 89.98540496826172
C10 875.002 89.16936492919922
C10 899.999 82.5704574584961
C10 919.999 73.34133911132812
C10 925.012 70.9386978149414
C10 949.965 57.01187515258789
C10 975.002 42.50802230834961
C10 999.976 25.747007369995117
C10 1025.028 11.093021392822266
C10 1050.014 3.7588114738464355
C10 1075.002 0.9372753894391261
C10 1099.99 0.0929956030829453
C11 319.994 38.998558044433594
C11 324.969 43.97739028930664
C11 349.982 65.46538543701172
C11 374.975 72.13899993896484
C11 400.019 82.08956909179688
C11 424.965 85.03910064697266
C11 450.035 87.38093566894531
C11 475.003 90.45600128173828
C11 500.018 92.4960708618164
C11 525.002 94.57339477539062
C11 550.029 97.37039947509766
C11 575.023 98.53524017333984
C11 599.982 98.97122955322266
C11 619.997 99.11933135986328
C11 624.979 100.17637634277344
C11 650.012 99.73587799072266
C11 675.004 100.2376937866211
C11 700.03 99.12151336669922
C11 725.012 99.14094543457031
C11 750.022 98.75386047363281
C11 774.987 98.1456069946289
C11 799.976 97.10199737548828
C11 824.988 95.31948852539062
C11 850.022 93.4837875366211
C11 869.967 90.28047180175781
C11 875.002 89.44857025146484
C11 899.999 82.76954650878906
C11 919.999 73.73269653320312
C11 925.012 71.28205108642578
C11 949.965 57.200416564941406
C11 975.002 42.52260971069336
C11 999.976 25.760303497314453
C11 1025.028 11.08283519744873
C11 1050.014 3.794078826904297
C11 1075.002 0.9408271397479433
C11 1099.99 0.09334800448566019
C12 319.994 39.32358932495117
C12 324.969 44.349796295166016
C12 349.982 66.0600814819336
C12 374.975 72.69829559326172
C12 400.019 82.39686584472656
C12 424.965 85.19831085205078
C12 450.035 87.45917510986328
C12 475.003 90.48646545410156
C12 500.018 92.49354553222656
C12 525.002 94.5511474609375
C12 550.029 97.33219909667969
C12 575.023 98.49046325683594
C12 599.982 98.92060089111328
C12 619.997 99.06130981445312
C12 624.979 100.12137603759766
C12 650.012 99.6787338256836
C12 675.004 100.1783676147461
C12 700.03 99.06237030029297
C12 725.012 99.07054901123047
C12 750.022 98.67332458496094
C12 774.987 98.05245971679688
C12 799.976 97.00166320800781
C12 824.988 95.22709655761719
C12 850.022 93.35204315185547
C12 869.967 90.13015747070312
C12 875.002 89.28379821777344
C12 899.999 82.60546875
C12 919.999 73.47185516357422
C12 925.012 71.07011413574219
C12 949.965 56.92646789550781
C12 975.002 42.15147018432617
C12 999.976 25.588773727416992
C12 1025.028 11.080894470214844
C12 1050.014 3.801029920578003
C12 1075.002 0.9400599737179995
C12 1099.99 0.09327188697695012
C13 319.994 41.099830627441406
C13 324.969 46.35569381713867
C13 349.982 69.09636688232422
C13 374.975 76.00299072265625
C13 400.019 85.9195556640625
C13 424.965 88.72685241699219
C13 450.035 91.02374267578125
C13 475.003 94.13335418701172
C13 500.018 96.19799041748047
C13 525.002 98.3256607055664
C13 550.029 101.20911407470703
C13 575.023 102.4030990600586
C13 599.982 102.84793090820312
C13 619.997 102.99873352050781
C13 624.979 104.0947265625
C13 650.012 103.6324691772461
C13 675.004 104.15431213378906
C13 700.03 102.99311065673828
C13 725.012 102.9990005493164
C13 750.022 102.58279418945312
C13 774.987 101.93101501464844
C13 799.976 100.83304595947266
C13 824.988 98.97715759277344
C13 850.022 97.02840423583984
C13 869.967 93.65296936035156
C13 875.002 92.77686309814453
C13 899.999 85.86224365234375
C13 919.999 76.41654968261719
C13 925.012 73.88575744628906
C13 949.965 59.1217041015625
C13 975.002 43.736328125
C13 999.976 26.567834854125977
C13 1025.028 11.492023468017578
C13 1050.014 3.955812931060791
C13 1075.002 0.9773054956731693
C13 1099.99 0.09696735344858422
C14 319.994 39.86139678955078
C14 324.969 44.96111297607422
C14 349.982 67.04788208007812
C14 374.975 73.68147277832031
C14 400.019 83.0207748413086
C14 424.965 85.60978698730469
C14 450.035 87.76002502441406
C14 475.003 90.72028350830078
C14 500.018 92.68679809570312
C14 525.002 94.71530151367188
C14 550.029 97.4841079711914
C14 575.023 98.63057708740234
C14 599.982 99.0514907836914
C14 619.997 99.19090270996094
C14 624.979 100.24703979492188
C14 650.012 99.80352020263672
C14 675.004 100.29844665527344
C14 700.03 99.18189239501953
C14 725.012 99.18956756591797
C14 750.022 98.79322052001953
C14 774.987 98.16738891601562
C14 799.976 97.10527801513672
C14 824.988 95.31537628173828
C14 850.022 93.43000793457031
C14 869.967 90.159423828125
C14 875.002 89.31056213378906
C14 899.999 82.62866973876953
C14 919.999 73.54414367675781
C14 925.012 71.12411499023438
C14 949.965 56.86070251464844
C14 975.002 42.032493591308594
C14 999.976 25.512361526489258
C14 1025.028 11.057015419006348
C14 1050.014 3.8154754638671875
C14 1075.002 0.9412022234552402
C14 1099.99 0.09338521994651586
C15 319.994 40.12744903564453
C15 324.969 45.260765075683594
C15 349.982 67.5462646484375
C15 374.975 74.2081298828125
C15 400.019 83.4547348022461
C15 424.965 85.97702026367188
C15 450.035 88.08548736572266
C15 475.003 91.03196716308594
C15 500.018 92.983642578125
C15 525.002 95.01513671875
C15 550.029 97.78557586669922
C15 575.023 98.92733001708984
C15 599.982 99.35162353515625
C15 619.997 99.49160766601562
C15 624.979 100.55077362060547
C15 650.012 100.10173034667969
C15 675.004 100.60271453857422
C15 700.03 99.4877700805664
C15 725.012 99.50525665283203
C15 750.022 99.1182861328125
C15 774.987 98.50469970703125
C15 799.976 97.43974304199219
C15 824.988 95.63465881347656
C15 850.022 93.75000762939453
C15 869.967 90.46637725830078
C15 875.002 89.59625244140625
C15 899.999 82.83839416503906
C15 919.999 73.78361511230469
C15 925.012 71.39492797851562
C15 949.965 57.02824783325195
C15 975.002 42.060447692871094
C15 999.976 25.50045394897461
C15 1025.028 11.072234153747559
C15 1050.014 3.8466293811798096
C15 1075.002 0.9442990177769092
C15 1099.99 0.09369248103414538
C16 319.994 40.13213348388672
C16 324.969 45.27169418334961
C16 349.982 67.577392578125
C16 374.975 74.21354675292969
C16 400.019 83.33906555175781
C16 424.965 85.79377746582031
C16 450.035 87.8618392944336
C16 475.003 90.77723693847656
C16 500.018 92.70916748046875
C16 525.002 94.72236633300781
C16 550.029 97.47911834716797
C16 575.023 98.61581420898438
C16 599.982 99.03517150878906
C16 619.997 99.17549896240234
C16 624.979 100.22996520996094
C16 650.012 99.78126525878906
C16 675.004 100.28018951416016
C16 700.03 99.16830444335938
C16 725.012 99.20496368408203
C16 750.022 98.84085083007812
C16 774.987 98.24517059326172
C16 799.976 97.19535064697266
C16 824.988 95.38341522216797
C16 850.022 93.514892578125
C16 869.967 90.22462463378906
C16 875.002 89.36009979248047
C16 899.999 82.55331420898438
C16 919.999 73.5284194946289
C16 925.012 71.16004943847656
C16 949.965 56.838932037353516
C16 975.002 41.906700134277344
C16 999.976 25.38962173461914
C16 1025.028 11.011443138122559
C16 1050.014 3.842061996459961
C16 1075.002 0.9416557153228086
C16 1099.99 0.09343021499300158
C17 319.994 40.241943359375
C17 324.969 45.3953971862793
C17 349.982 67.80036163330078
C17 374.975 74.40660095214844
C17 400.019 83.33460235595703
C17 424.965 85.68732452392578
C17 450.035 87.70075988769531
C17 475.003 90.5750732421875
C17 500.018 92.48335266113281
C17 525.002 94.47813415527344
C17 550.029 97.21875
C17 575.023 98.35189056396484
C17 599.982 98.76689147949219
C17 619.997 98.90164947509766
C17 624.979 99.95556640625
C17 650.012 99.50716400146484
C17 675.004 100.00749206542969
C17 700.03 98.90475463867188
C17 725.012 98.95891571044922
C17 750.022 98.62541961669922
C17 774.987 98.06218719482422
C17 799.976 97.02438354492188
C17 824.988 95.20918273925781
C17 850.022 93.3566665649414
C17 869.967 90.0779037475586
C17 875.002 89.20220184326172
C17 899.999 82.36348724365234
C17 919.999 73.34777069091797
C17 925.012 70.9925308227539
C17 949.965 56.73228073120117
C17 975.002 41.8542366027832
C17 999.976 25.336288452148438
C17 1025.028 11.00081729888916
C17 1050.014 3.846907138824463
C17 1075.002 0.9396030358859033
C17 1099.99 0.09322655002502968
