lsstCam/transmission_filter_detector/r31_s20/g_6/19700101T000000.ecsv
# %ECSV 1.0
# ---
# datatype:
# - {name: wavelength, unit: nm, datatype: float32}
# - {name: efficiency, unit: '%', datatype: float64}
# meta: !!omap
# - {MODE: DETECTOR}
# - {TYPE: transmission_filter_detector}
# - {CALIBDATE: '1970-01-01T00:00:00'}
# - {INSTRUME: LSSTCam}
# - {OBSTYPE: transmission_filter_detector}
# - {CALIBCLS: lsst.ip.isr.IntermediateFilterDetectorTransmissionCurve}
# - {SOURCE: Materion (DM-46256)}
# - {DETECTOR: 132}
# - {FILTER: g_6}
# - {CALIB_ID: 'calibDate=1970-01-01T00:00:00 filter=g_6 detector=132'}
# - {DATE: '2025-04-02T15:59:42.638648'}
# - {CALIB_CREATION_DATE: '2025-04-02'}
# - {CALIB_CREATION_TIME: '15:59:42'}
# - __serialized_columns__:
#     efficiency:
#       __class__: astropy.units.quantity.Quantity
#       unit: !astropy.units.Unit {unit: '%'}
#       value: !astropy.table.SerializedColumn {name: efficiency}
#     wavelength:
#       __class__: astropy.units.quantity.Quantity
#       unit: !astropy.units.Unit {unit: nm}
#       value: !astropy.table.SerializedColumn {name: wavelength}
# schema: astropy-2.0
wavelength efficiency
[from data line 607]
907.0 0.000292947902380547
908.0 0.00036247486150386976
909.0 0.00043200179788982496
910.0 0.0004245998297847109
911.0 0.0004171978616795968
912.0 0.0004401801106723724
913.0 0.00046316240513988305
914.0 0.0004519689809967531
915.0 0.0004407756023283582
916.0 0.00033310141134279547
917.0 0.00022542728856933536
918.0 0.00026888565116678365
919.0 0.00031234401376423193
920.0 0.0003712928219101741
921.0 0.0004302416527934838
922.0 0.0003522061433613999
923.0 0.00027417063392931595
924.0 0.0003476012579994858
925.0 0.0004210318820696557
926.0 0.0003665120630103047
927.0 0.00031199226668832125
928.0 0.0004146739229327068
929.0 0.0005173556473891949
930.0 0.0005012838755646953
931.0 0.0004852121946896659
932.0 0.0004821477887162473
933.0 0.0004790833372680936
934.0 0.0005278784556139726
935.0 0.0005766735739598516
936.0 0.0005971760401735082
937.0 0.000617678597336635
938.0 0.0005391998001869069
939.0 0.00046072113946138415
940.0 0.0005168873940419871
941.0 0.000573053603147855
942.0 0.0006250618753256276
943.0 0.0006770702384528704
944.0 0.0005656663233821746
945.0 0.0004542624083114788
946.0 0.0006317742190731224
947.0 0.0008092860298347659
948.0 0.0006550892521772766
949.0 0.0005008924290450523
950.0 0.000664146273265942
951.0 0.0008274000720120966
952.0 0.0009297246833739337
953.0 0.0010320492947357707
954.0 0.0009879283425107133
955.0 0.0009438072993361857
956.0 0.0007517691301472951
957.0 0.0005597310064331396
958.0 0.000621404433331918
959.0 0.0006830778602306964
960.0 0.0007174621259764535
961.0 0.0007518464371969458
962.0 0.0007162581823649816
963.0 0.0006806698365835473
964.0 0.000627101189820678
965.0 0.0005735324521083385
966.0 0.0005890764896321343
967.0 0.0006046206635801354
968.0 0.000633980425845948
969.0 0.0006633402335864957
970.0 0.0006618923634960083
971.0 0.0006604444934055209
972.0 0.0006608209332625847
973.0 0.0006611973276449135
974.0 0.0007183264642662834
975.0 0.0007754556463623885
976.0 0.0008098195394268259
977.0 0.0008441834324912634
978.0 0.0008976051503850613
979.0 0.0009510265954304487
980.0 0.0008934527613746468
981.0 0.0008358791092177853
982.0 0.0008758688636589795
983.0 0.0009158585271507036
984.0 0.0010817348993441556
985.0 0.0012476112715376075
986.0 0.0012917043022753205
987.0 0.001335797605861444
988.0 0.0012981329746253323
989.0 0.0012604682524397504
990.0 0.001298925963055808
991.0 0.0013373834917729255
992.0 0.0013493224287230987
993.0 0.001361261365673272
994.0 0.0014091785487835295
995.0 0.0014570958228432573
996.0 0.0013855533325113356
997.0 0.0013140107512299437
998.0 0.0012956051250512246
999.0 0.0012771994988725055
1000.0 0.0012821847121813335
1001.0 0.001287169743591221
1002.0 0.001256467294297181
1003.0 0.0012257649359526113
1004.0 0.0012307245015108492
1005.0 0.0012356840670690872
1006.0 0.0012598895409610122
1007.0 0.0012840952877013478
1008.0 0.0012988813978154212
1009.0 0.001313667235081084
1010.0 0.0014161768376652617
1011.0 0.0015186867130978499
1012.0 0.0015829011317691766
1013.0 0.001647115459491033
1014.0 0.001817635893530678
1015.0 0.001988156327570323
1016.0 0.002068520916509442
1017.0 0.0021488856873475015
1018.0 0.002383609717071522
1019.0 0.0026183341105934232
1020.0 0.002750327803369146
1021.0 0.002882321678043809
1022.0 0.003197236219421029
1023.0 0.0035121513064950705
1024.0 0.0036192719562677667
1025.0 0.0037263929698383436
1026.0 0.003995043152826838
1027.0 0.0042636936996132135
1028.0 0.004360007369541563
1029.0 0.004456321403267793
1030.0 0.004540710142464377
1031.0 0.004625098881660961
1032.0 0.004738015559269115
1033.0 0.004850932600675151
1034.0 0.005053084169048816
1035.0 0.005255235737422481
1036.0 0.005432061152532697
1037.0 0.005608886931440793
1038.0 0.0056447057431796566
1039.0 0.00568052455491852
1040.0 0.0058152410929324105
1041.0 0.005949957630946301
1042.0 0.006065202978788875
1043.0 0.006180449418025091
1044.0 0.006389136251527816
1045.0 0.006597823812626302
1046.0 0.0071221773396246135
1047.0 0.007646529411431402
1048.0 0.008575241372454911
1049.0 0.009503954061074182
1050.0 0.010977847705362365
1051.0 0.012451740622054785
1052.0 0.014762637147214264
1053.0 0.017073533672373742
1054.0 0.02053730422630906
1055.0 0.02400107478024438
1056.0 0.028822405147366226
1057.0 0.03364372823853046
1058.0 0.0402463338105008
1059.0 0.04684893065132201
1060.0 0.05478208186104894
1061.0 0.06271522142924368
1062.0 0.07084136013872921
1063.0 0.07896750466898084
1064.0 0.08693441050127149
1065.0 0.09490132215432823
1066.0 0.10172154288738966
1067.0 0.10854176944121718
1068.0 0.11550969211384654
1069.0 0.12247762642800808
1070.0 0.13128757709637284
1071.0 0.1400975394062698
1072.0 0.15021403087303042
1073.0 0.16033053398132324
1074.0 0.1722488086670637
1075.0 0.18416708335280418
1076.0 0.1954365987330675
1077.0 0.20670611411333084
1078.0 0.21716386545449495
1079.0 0.2276216633617878
1080.0 0.24087659548968077
1081.0 0.254131481051445
1082.0 0.2705459715798497
1083.0 0.28696046210825443
1084.0 0.31439296435564756
1085.0 0.34182542003691196
1086.0 0.37880276795476675
1087.0 0.4157800693064928
1088.0 0.4601764492690563
1089.0 0.5045728292316198
1090.0 0.5632650572806597
1091.0 0.6219574250280857
1092.0 0.6993389222770929
1093.0 0.7767206523567438
1094.0 0.8401526138186455
1095.0 0.9035846218466759
1096.0 0.945797935128212
1097.0 0.9880111552774906
1098.0 1.0536020621657372
1099.0 1.1191930621862411
1100.0 1.2196353636682034
1101.0 1.3200776651501656
