lsstCam/transmission_filter_detector/r31_s20/g_6/19700101T000000.ecsv
# %ECSV 1.0
# ---
# datatype:
# - {name: wavelength, unit: nm, datatype: float32}
# - {name: efficiency, unit: '%', datatype: float64}
# meta: !!omap
# - {MODE: DETECTOR}
# - {TYPE: transmission_filter_detector}
# - {CALIBDATE: '1970-01-01T00:00:00'}
# - {INSTRUME: LSSTCam}
# - {OBSTYPE: transmission_filter_detector}
# - {CALIBCLS: lsst.ip.isr.IntermediateFilterDetectorTransmissionCurve}
# - {SOURCE: Materion (DM-46256)}
# - {DETECTOR: 132}
# - {FILTER: g_6}
# - {CALIB_ID: 'calibDate=1970-01-01T00:00:00 filter=g_6 detector=132'}
# - {DATE: '2025-04-02T15:59:42.638648'}
# - {CALIB_CREATION_DATE: '2025-04-02'}
# - {CALIB_CREATION_TIME: '15:59:42'}
# - __serialized_columns__:
#     efficiency:
#       __class__: astropy.units.quantity.Quantity
#       unit: !astropy.units.Unit {unit: '%'}
#       value: !astropy.table.SerializedColumn {name: efficiency}
#     wavelength:
#       __class__: astropy.units.quantity.Quantity
#       unit: !astropy.units.Unit {unit: nm}
#       value: !astropy.table.SerializedColumn {name: wavelength}
# schema: astropy-2.0
wavelength efficiency
300.0 0.3235402051359415
301.0 0.29003897216171026
302.0 0.2565377624705434
303.0 0.2395818242803216
304.0 0.22262593265622854
305.0 0.2195903565734625
306.0 0.2165548037737608
307.0 0.20797636825591326
308.0 0.19939793273806572
309.0 0.195458740927279
310.0 0.19151954911649227
311.0 0.1950833830051124
312.0 0.19864721689373255
313.0 0.19256544765084982
314.0 0.18648369004949927
315.0 0.18092473037540913
316.0 0.1753657474182546
317.0 0.17283244524151087
318.0 0.17029914306476712
319.0 0.1597948488779366
320.0 0.14929056633263826
321.0 0.13881281483918428
322.0 0.12833505170419812
323.0 0.11515769874677062
324.0 0.10198033414781094
325.0 0.09219340281561017
326.0 0.08240645402111113
327.0 0.07500758511014283
328.0 0.06760871619917452
329.0 0.062476907623931766
330.0 0.0573451048694551
331.0 0.053768238285556436
332.0 0.05019136588089168
333.0 0.047556436038576066
334.0 0.04492150328587741
335.0 0.042978618876077235
336.0 0.04103573155589402
337.0 0.04062497755512595
338.0 0.040214217733591795
339.0 0.039327822742052376
340.0 0.038441421929746866
341.0 0.037080227048136294
342.0 0.03571903216652572
343.0 0.03247158310841769
344.0 0.029224131139926612
345.0 0.02591462107375264
346.0 0.022605113917961717
347.0 0.02052174531854689
348.0 0.01843837962951511
349.0 0.017188148922286928
350.0 0.8581351488828659
351.0 1.0167754255235195
352.0 0.7492143660783768
353.0 0.8261342532932758
354.0 0.6126175168901682
355.0 0.6560277659446001
356.0 0.5921995267271996
357.0 0.8670263923704624
358.0 0.617682421579957
359.0 0.6893210113048553
360.0 0.6500122137367725
361.0 0.8153697475790977
362.0 0.5650109611451626
363.0 0.768388994038105
364.0 0.4755700472742319
365.0 0.6685671862214804
366.0 0.4940127022564411
367.0 0.6827166769653559
368.0 0.34091873094439507
369.0 0.5686895921826363
370.0 0.4783990327268839
371.0 0.5546891130506992
372.0 0.25721017736941576
373.0 0.6046981085091829
374.0 0.39712609723210335
375.0 0.6264104042202234
376.0 0.35936026833951473
377.0 0.5464021116495132
378.0 0.31781469006091356
379.0 0.4361886531114578
380.0 0.4478453192859888
381.0 0.5794615484774113
382.0 0.5533128045499325
383.0 0.538766011595726
384.0 0.5618872586637735
385.0 0.6257332861423492
386.0 0.5902296397835016
387.0 0.7328219711780548
388.0 0.9746478870511055
389.0 1.13090006634593
390.0 1.6499770805239677
391.0 2.5333112105727196
392.0 3.976856544613838
393.0 6.31924495100975
394.0 9.5847487449646
395.0 14.056621491909027
396.0 19.607016444206238
397.0 26.665860414505005
398.0 34.98454391956329
399.0 44.150009751319885
400.0 53.567248582839966
401.0 62.717097997665405
402.0 71.15173935890198
403.0 78.47750782966614
404.0 83.87695550918579
405.0 88.00773024559021
406.0 90.28668999671936
407.0 92.19027757644653
408.0 93.34815740585327
409.0 93.85876655578613
410.0 94.08932328224182
411.0 93.99616122245789
412.0 93.64895820617676
413.0 93.43588948249817
414.0 93.28091144561768
415.0 93.36724877357483
416.0 93.7032163143158
417.0 93.96305084228516
418.0 94.473797082901
419.0 95.0600802898407
420.0 95.63238620758057
421.0 96.13287448883057
422.0 96.38124704360962
423.0 96.58404588699341
424.0 96.4483916759491
425.0 96.31497859954834
426.0 96.29435539245605
427.0 96.30039930343628
428.0 96.1810827255249
429.0 96.01750373840332
430.0 95.85919976234436
431.0 95.87678909301758
432.0 95.94599604606628
433.0 96.01467847824097
434.0 96.06367349624634
435.0 96.21469974517822
436.0 96.31558656692505
437.0 96.28593325614929
438.0 96.34639620780945
439.0 96.43257260322571
440.0 96.40699028968811
441.0 96.52680158615112
442.0 96.49782180786133
443.0 96.4571475982666
444.0 96.41802310943604
445.0 96.19085192680359
446.0 96.07152938842773
447.0 95.82656025886536
448.0 95.81316709518433
449.0 95.95218896865845
450.0 96.1807906627655
451.0 96.36173248291016
452.0 96.53252959251404
453.0 96.68994545936584
454.0 96.81738018989563
455.0 97.04903364181519
456.0 97.20717668533325
457.0 97.29536771774292
458.0 97.31140732765198
459.0 97.3619818687439
460.0 97.37648367881775
461.0 97.45320081710815
462.0 97.40108847618103
463.0 97.31822609901428
464.0 97.49636650085449
465.0 97.35156297683716
466.0 97.4170982837677
467.0 97.3503589630127
468.0 97.42425680160522
469.0 97.45221734046936
470.0 97.27391004562378
471.0 97.17038869857788
472.0 97.26472496986389
473.0 97.09820747375488
474.0 97.0284640789032
475.0 97.09258079528809
476.0 97.05690741539001
477.0 97.12280035018921
478.0 97.2040057182312
479.0 97.18020558357239
480.0 97.35523462295532
481.0 97.46806025505066
482.0 97.6330816745758
483.0 97.53061532974243
484.0 97.79017567634583
485.0 97.7717399597168
486.0 97.78515100479126
487.0 97.8568434715271
488.0 97.85909652709961
489.0 97.93275594711304
490.0 97.89586663246155
491.0 97.90580868721008
492.0 97.87740707397461
493.0 97.86778092384338
494.0 97.83791899681091
495.0 97.90616035461426
496.0 97.70675301551819
497.0 97.64838814735413
498.0 97.42348790168762
499.0 97.4766194820404
500.0 97.41988182067871
501.0 97.4206268787384
502.0 97.25170135498047
503.0 97.43199348449707
504.0 97.28971123695374
505.0 97.26217985153198
506.0 97.35326766967773
507.0 97.28730916976929
508.0 97.26388454437256
509.0 97.26955890655518
510.0 97.21537232398987
511.0 97.25335836410522
512.0 97.08248376846313
513.0 97.20230102539062
514.0 97.1445083618164
515.0 97.17390537261963
516.0 97.26099371910095
517.0 97.27792739868164
518.0 97.34101295471191
519.0 97.35481142997742
520.0 97.42192029953003
521.0 97.56624102592468
522.0 97.56923913955688
523.0 97.5368857383728
524.0 97.51730561256409
525.0 97.49450087547302
526.0 97.59736657142639
527.0 97.58695960044861
528.0 97.69254326820374
529.0 97.74016737937927
530.0 97.80628681182861
531.0 97.91452884674072
532.0 97.77858853340149
533.0 97.87946939468384
534.0 97.8006660938263
535.0 97.66374826431274
536.0 97.40262031555176
537.0 96.90130352973938
538.0 96.19983434677124
539.0 95.0035810470581
540.0 93.40711236000061
541.0 90.97979068756104
542.0 88.37795853614807
543.0 84.88792181015015
544.0 80.37340044975281
545.0 76.3442873954773
546.0 71.3594377040863
547.0 66.77495241165161
548.0 62.17573285102844
549.0 57.99244046211243
550.0 54.69791293144226
551.0 51.50970816612244
552.0 49.129313230514526
553.0 46.66861593723297
554.0 43.971702456474304
555.0 40.93690514564514
556.0 36.891692876815796
557.0 32.13885724544525
558.0 26.792949438095093
559.0 21.426571905612946
560.0 16.16261899471283
561.0 11.187342554330826
562.0 7.310706377029419
563.0 4.366189241409302
564.0 2.4313656613230705
565.0 1.192038133740425
566.0 0.627880310639739
567.0 0.32276667188853025
568.0 0.1962139504030347
569.0 0.10887263342738152
570.0 0.08084090077318251
571.0 0.056957005290314555
572.0 0.05474024801515043
573.0 0.033596137654967606
574.0 0.04436693270690739
575.0 0.03203337255399674
576.0 0.030598088051192462
577.0 0.02895899524446577
578.0 0.030589973903261125
579.0 0.024649820988997817
580.0 0.031443851185031235
581.0 0.019371206872165203
582.0 0.024964965996332467
583.0 0.02075160446111113
584.0 0.022769361385144293
585.0 0.021650505368597806
586.0 0.02710473199840635
587.0 0.009287846478400752
588.0 0.022611499298363924
589.0 0.016976174083538353
590.0 0.018757162615656853
591.0 0.015414859808515757
592.0 0.021460212883539498
593.0 0.01224009320139885
594.0 0.015313799667637795
595.0 0.011169337813043967
596.0 0.011412794992793351
597.0 0.018412804638501257
598.0 1.6273657768572924e-10
599.0 0.005467862501973286
600.0 0.01546663697808981
601.0 0.002256097286590375
602.0 0.0021387289962149225
603.0 0.0020213605239405297
604.0 0.0020437510102055967
605.0 0.002066141132672783
606.0 0.0020018464056192897
607.0 0.0019375514966668561
608.0 0.0019718954717973247
609.0 0.0020062390831299126
610.0 0.001972368590941187
611.0 0.001938497916853521
612.0 0.0019031525880564004
613.0 0.0018678076230571605
614.0 0.0018099130102200434
615.0 0.0017520183973829262
616.0 0.001657644497754518
617.0 0.0015632705981261097
618.0 0.0015930212612147443
619.0 0.0016227721062023193
620.0 0.0015254073332471307
621.0 0.0014280421964940615
622.0 0.0014840340554655995
623.0 0.0015400257325381972
624.0 0.00159770261234371
625.0 0.0016553798559471034
626.0 0.0015150418221310247
627.0 0.0013747038792644162
628.0 0.001420434273313731
629.0 0.0014661643945146352
630.0 0.001499953941674903
631.0 0.0015337434888351709
632.0 0.001468299888074398
633.0 0.0014028562873136252
634.0 0.001445915495423833
635.0 0.0014889747035340406
636.0 0.0014540129086526576
637.0 0.0014190509318723343
638.0 0.0012726673048746306
639.0 0.0011262835869274568
640.0 0.0012714443073491566
641.0 0.0014166052096697967
642.0 0.001331158637185581
643.0 0.0012457123375497758
644.0 0.001191343199025141
645.0 0.001136974424298387
646.0 0.0011521340638864785
647.0 0.0011672937944240402
648.0 0.0012207614418002777
649.0 0.0012742291801259853
650.0 0.0012153765055700205
651.0 0.0011565235581656452
652.0 0.001168002654594602
653.0 0.0011794816600740887
654.0 0.001211461130878888
655.0 0.0012434406016836874
656.0 0.0011762862413888797
657.0 0.0011091320629930124
658.0 0.0010922959518211428
659.0 0.0010754598406492732
660.0 0.0010860087058972567
661.0 0.0010965572982968297
662.0 0.0011293208444840275
663.0 0.0011620844816206954
664.0 0.0011981390343862586
665.0 0.0012341935871518217
666.0 0.0012321917893132195
667.0 0.001230189900525147
668.0 0.0012091800272173714
669.0 0.0011881699720106553
670.0 0.0012252965461811982
671.0 0.0012624233022506814
672.0 0.0011176061889273115
673.0 0.000972789348452352
674.0 0.001058409998222487
675.0 0.0011440307389420923
676.0 0.0010670642950572073
677.0 0.0009900975783239119
678.0 0.0010219324394711293
679.0 0.0010537673006183468
680.0 0.0010555160770309158
681.0 0.0010572651262918953
682.0 0.0010458217730047181
683.0 0.0010343786925659515
684.0 0.0009871370821201708
685.0 0.0009398952897754498
686.0 0.00094198840088211
687.0 0.0009440816029382404
688.0 0.001013323799270438
689.0 0.0010825660865521058
690.0 0.001161648197012255
691.0 0.0012407303984218743
692.0 0.0011419061593187507
693.0 0.0010430821021145675
694.0 0.0010356020538893063
695.0 0.0010281220966135152
696.0 0.0010812085747602396
697.0 0.0011342952348059043
698.0 0.0011324715160299093
699.0 0.0011306479791528545
700.0 0.0011742844435502775
701.0 0.0012179208169982303
702.0 0.0011919518328795675
703.0 0.0011659826668619644
704.0 0.001141271695814794
705.0 0.001116560451919213
706.0 0.0011053897651436273
707.0 0.0010942189874185715
708.0 0.001072296618076507
709.0 0.0010503743396839127
710.0 0.0010788114195747767
711.0 0.00110724822661723
712.0 0.0011657001778075937
713.0 0.0012241520380484872
714.0 0.001279038770007901
715.0 0.0013339255929167848
716.0 0.0014139522136247251
717.0 0.0014939791981305461
718.0 0.0015647141481167637
719.0 0.0016354493709513918
720.0 0.0014333417311718222
721.0 0.0012312339094933122
722.0 0.0013841302461514715
723.0 0.0015370267647085711
724.0 0.0015310346498154104
725.0 0.0015250425349222496
726.0 0.0016206746295210905
727.0 0.0017163069060188718
728.0 0.001730157237034291
729.0 0.0017440075680497102
730.0 0.0017756741726770997
731.0 0.0018073409592034295
732.0 0.0017095997463911772
733.0 0.0016118588973768055
734.0 0.0014939254469936714
735.0 0.0013759919966105372
736.0 0.0012065608643752057
737.0 0.0010371297321398742
738.0 0.0009734299965202808
739.0 0.0009097301699512172
740.0 0.0009335356480733026
741.0 0.0009573412171448581
742.0 0.0009211959877575282
743.0 0.0008850508493196685
744.0 0.0008768890438659582
745.0 0.0008687273293617181
746.0 0.0007582851594634121
747.0 0.0006478431259893114
748.0 0.0007361067218880635
749.0 0.0008243702723120805
750.0 0.0009129094905802049
751.0 0.0010014487997977994
752.0 0.001001693271973636
753.0 0.0010019378350989427
754.0 0.0009426126780454069
755.0 0.0008832873390929308
756.0 0.0008681428880663589
757.0 0.0008529983460903168
758.0 0.0009054913789441343
759.0 0.0009579847755958326
760.0 0.0009736649190017488
761.0 0.000989345062407665
762.0 0.0008754474947636481
763.0 0.0007615498816448962
764.0 0.0007108312274795026
765.0 0.0006601127552130492
766.0 0.0006670603397651576
767.0 0.000674007969792001
768.0 0.0006226690402399981
769.0 0.0005713301106879953
770.0 0.0006410798505385173
771.0 0.0007108297268132446
772.0 0.0006712997674185317
773.0 0.0006317697625490837
774.0 0.0006078375463403063
775.0 0.000583905375606264
776.0 0.0006314425718301209
777.0 0.0006789796316297725
778.0 0.0006399644007615279
779.0 0.0006009493063174887
780.0 0.0006407935870811343
781.0 0.0006806379587942502
782.0 0.0006415061307052383
783.0 0.0006023743480909616
784.0 0.00048249039537040517
785.0 0.0003626064199124812
786.0 0.0004217617060930934
787.0 0.0004809170150110731
788.0 0.000446279364041402
789.0 0.00041164166759699583
790.0 0.00040187023842008784
791.0 0.0003920989456673851
792.0 0.00034263002817169763
793.0 0.00029316115615074523
794.0 0.00031964571007847553
795.0 0.00034613021853147075
796.0 0.0003538270902936347
797.0 0.0003615240075305337
798.0 0.00029664120120287407
799.0 0.00023175839487521444
800.0 0.00030190867619239725
801.0 0.00037205900298431516
802.0 0.000468770895167836
803.0 0.0005654827873513568
804.0 0.0004728230578621151
805.0 0.00038016337384760845
806.0 0.00040171439650293905
807.0 0.00042326541915826965
808.0 0.0004446243565325858
809.0 0.0004659832484321669
810.0 0.0004082088707946241
811.0 0.0003504344476823462
812.0 0.0003412653086343198
813.0 0.00033209623779839603
814.0 0.00034068550576193957
815.0 0.00034927475098811556
816.0 0.00039264236875169445
817.0 0.00043601003199000843
818.0 0.000432251135862316
819.0 0.00042849228520935867
820.0 0.000374915771317319
821.0 0.00032133934837474953
822.0 0.00040609470488561783
823.0 0.0004908500613964861
824.0 0.0004577261279337108
825.0 0.0004246022854204057
826.0 0.0004764126515510725
827.0 0.0005282229722070042
828.0 0.0004816386535821948
829.0 0.00043505428948265035
830.0 0.0003764446773857344
831.0 0.0003178349970767158
832.0 0.0003306035750938463
833.0 0.0003433720621615066
834.0 0.00035581158499553567
835.0 0.00036825108509219717
836.0 0.00041067514757742174
837.0 0.0004530992100626463
838.0 0.0004800166152563179
839.0 0.0005069340659247246
840.0 0.0004252249709679745
841.0 0.000343515898748592
842.0 0.0004251602149452083
843.0 0.0005068044629297219
844.0 0.0006254642812564271
845.0 0.0007441241450578673
846.0 0.0005649300419463543
847.0 0.0003857358933601063
848.0 0.0003311961336294189
849.0 0.0002766563966360991
850.0 0.0002048049509539851
851.0 0.00013295352800923865
852.0 0.00011987078778474825
853.0 0.00010678803619157407
854.0 0.00014939654420231818
855.0 0.00019200506358174607
856.0 0.00030580001748603536
857.0 0.00041959501686505973
858.0 0.00048080910346470773
859.0 0.0005420232355390908
860.0 0.0005107585820951499
861.0 0.000479493928651209
862.0 0.00035123825909977313
863.0 0.00022298256681096973
864.0 0.00022768642793380423
865.0 0.00023239028905663872
866.0 0.0003426228204261861
867.0 0.0004528553290583659
868.0 0.0004376142896944657
869.0 0.0004223732048558304
870.0 0.0004953933967044577
871.0 0.000568413588553085
872.0 0.0004683663519244874
873.0 0.00036831909255852224
874.0 0.0004984101451555034
875.0 0.000628501175015117
876.0 0.0005862856141902739
877.0 0.0005440700988401659
878.0 0.000608509435551241
879.0 0.0006729487267875811
880.0 0.0006191315151227172
881.0 0.0005653141670336481
882.0 0.0005144147507962771
883.0 0.0004635153800336411
884.0 0.0004704542789113475
885.0 0.0004773931777890539
886.0 0.0005279506240185583
887.0 0.0005785081157227978
888.0 0.0005720086846849881
889.0 0.0005655093445966486
890.0 0.0005633431101159658
891.0 0.0005611768756352831
892.0 0.0005494609922607196
893.0 0.0005377451088861562
894.0 0.0005344499186321627
895.0 0.0005311546829034341
896.0 0.000518188244313933
897.0 0.0005052218511991668
898.0 0.0005055757810623618
899.0 0.0005059296654508216
900.0 0.0003922937139577698
901.0 0.00027865776246471796
902.0 0.000426970927946968
903.0 0.0005752840024797479
904.0 0.0004968084795109462
905.0 0.0004183330020168796
