lsstCam/transmission_sensor/r10_s11/19700101T000000.ecsv
# %ECSV 1.0
# ---
# datatype:
# - {name: amp_name, datatype: string}
# - {name: wavelength, unit: nm, datatype: float32}
# - {name: efficiency, unit: '%', datatype: float64}
# meta: !!omap
# - {MODE: AMP}
# - {TYPE: transmission_sensor}
# - {CALIBDATE: '1970-01-01T00:00:00'}
# - {INSTRUME: LSSTCAM}
# - {OBSTYPE: transmission_sensor}
# - {DETECTOR: 31}
# - {PARQUETFILE: qe_raft_allvalues_nircorrected_20230725.parquet}
# - {CALIBCLS: lsst.ip.isr.IntermediateSensorTransmissionCurve}
# - {CALIB_ID: 'raftName=R10 detectorName=S11 detector=31 calibDate=1970-01-01T00:00:00 ccd=31 ccdnum=31 filter=None'}
# - {DATE: '2023-08-02T16:57:55.581328'}
# - {CALIB_CREATION_DATE: '2023-08-02'}
# - {CALIB_CREATION_TIME: '16:57:55'}
# - __serialized_columns__:
#     efficiency:
#       __class__: astropy.units.quantity.Quantity
#       unit: !astropy.units.Unit {unit: '%'}
#       value: !astropy.table.SerializedColumn {name: efficiency}
#     wavelength:
#       __class__: astropy.units.quantity.Quantity
#       unit: !astropy.units.Unit {unit: nm}
#       value: !astropy.table.SerializedColumn {name: wavelength}
# schema: astropy-2.0
amp_name wavelength efficiency
C00 319.994 49.91156005859375
C00 324.969 52.087059020996094
C00 349.982 63.219425201416016
C00 374.975 76.13245391845703
C00 400.019 84.58989715576172
C00 424.965 84.54561614990234
C00 450.035 83.80973815917969
C00 475.003 83.63811492919922
C00 500.018 84.10015869140625
C00 525.002 85.09862518310547
C00 550.029 86.4248046875
C00 575.023 88.38780212402344
C00 599.982 90.50563049316406
C00 619.997 91.53507995605469
C00 624.979 91.935546875
C00 650.012 93.4168701171875
C00 675.004 94.7151870727539
C00 700.03 95.34210968017578
C00 725.012 96.00147247314453
C00 750.022 96.88678741455078
C00 774.987 97.59660339355469
C00 799.976 97.4201889038086
C00 824.988 96.46595001220703
C00 850.022 95.14250946044922
C00 869.967 92.55113220214844
C00 875.002 91.80577087402344
C00 899.999 85.73603057861328
C00 919.999 77.91817474365234
C00 925.012 75.07571411132812
C00 949.965 61.35124969482422
C00 975.002 51.21501541137695
C00 999.976 30.53421974182129
C00 1025.028 15.038009643554688
C00 1050.014 6.124570369720459
C00 1075.002 0.9230290585391202
C00 1099.99 0.09158209521888194
C01 319.994 49.39170455932617
C01 324.969 51.51057815551758
C01 349.982 62.53055953979492
C01 374.975 75.79095458984375
C01 400.019 84.49530792236328
C01 424.965 84.53968048095703
C01 450.035 83.8235092163086
C01 475.003 83.65911102294922
C01 500.018 84.09300231933594
C01 525.002 85.0475082397461
C01 550.029 86.31095123291016
C01 575.023 88.2171630859375
C01 599.982 90.27298736572266
C01 619.997 91.2732925415039
C01 624.979 91.6683120727539
C01 650.012 93.1343994140625
C01 675.004 94.43037414550781
C01 700.03 95.06513214111328
C01 725.012 95.73263549804688
C01 750.022 96.61656951904297
C01 774.987 97.32636260986328
C01 799.976 97.16716003417969
C01 824.988 96.24075317382812
C01 850.022 94.92811584472656
C01 869.967 92.27984619140625
C01 875.002 91.54307556152344
C01 899.999 85.53028106689453
C01 919.999 77.72516632080078
C01 925.012 74.89924621582031
C01 949.965 61.27268600463867
C01 975.002 51.17133331298828
C01 999.976 30.379825592041016
C01 1025.028 15.052687644958496
C01 1050.014 6.111241340637207
C01 1075.002 0.9204547106931471
C01 1099.99 0.09132667079060924
C02 319.994 49.07551193237305
C02 324.969 51.14653396606445
C02 349.982 62.07978820800781
C02 374.975 75.63735961914062
C02 400.019 84.59550476074219
C02 424.965 84.73040771484375
C02 450.035 84.04533386230469
C02 475.003 83.90351104736328
C02 500.018 84.32868957519531
C02 525.002 85.24437713623047
C02 550.029 86.46258544921875
C02 575.023 88.29843139648438
C02 599.982 90.29592895507812
C02 619.997 91.2619400024414
C02 624.979 91.65193176269531
C02 650.012 93.09894561767578
C02 675.004 94.39392852783203
C02 700.03 95.0341567993164
C02 725.012 95.71343231201172
C02 750.022 96.59758758544922
C02 774.987 97.32302856445312
C02 799.976 97.17528533935547
C02 824.988 96.28510284423828
C02 850.022 94.99901580810547
C02 869.967 92.25923919677734
C02 875.002 91.50242614746094
C02 899.999 85.4878158569336
C02 919.999 77.79540252685547
C02 925.012 75.01421356201172
C02 949.965 61.477115631103516
C02 975.002 51.33925247192383
C02 999.976 30.457334518432617
C02 1025.028 15.106085777282715
C02 1050.014 6.107234001159668
C02 1075.002 0.9202737903548156
C02 1099.99 0.0913087200408481
C03 319.994 48.86972427368164
C03 324.969 50.90433883666992
C03 349.982 61.786678314208984
C03 374.975 75.65585327148438
C03 400.019 84.87191009521484
C03 424.965 85.06886291503906
C03 450.035 84.36665344238281
C03 475.003 84.18840026855469
C03 500.018 84.5747299194336
C03 525.002 85.45414733886719
C03 550.029 86.63975524902344
C03 575.023 88.45404815673828
C03 599.982 90.44610595703125
C03 619.997 91.41338348388672
C03 624.979 91.80423736572266
C03 650.012 93.25663757324219
C03 675.004 94.56232452392578
C03 700.03 95.21680450439453
C03 725.012 95.9139633178711
C03 750.022 96.81526947021484
C03 774.987 97.5528335571289
C03 799.976 97.42291259765625
C03 824.988 96.55213928222656
C03 850.022 95.28446960449219
C03 869.967 92.47488403320312
C03 875.002 91.69759368896484
C03 899.999 85.64028930664062
C03 919.999 77.99849700927734
C03 925.012 75.23639678955078
C03 949.965 61.72223663330078
C03 975.002 51.55276107788086
C03 999.976 30.58246421813965
C03 1025.028 15.165821075439453
C03 1050.014 6.132423400878906
C03 1075.002 0.922347515275398
C03 1099.99 0.09151447312237636
C04 319.994 48.57968521118164
C04 324.969 50.58501434326172
C04 349.982 61.39545440673828
C04 374.975 75.45651245117188
C04 400.019 84.85018157958984
C04 424.965 85.10809326171875
C04 450.035 84.4115219116211
C04 475.003 84.2344970703125
C04 500.018 84.59620666503906
C04 525.002 85.44255065917969
C04 550.029 86.60197448730469
C04 575.023 88.38258361816406
C04 599.982 90.33750915527344
C04 619.997 91.283447265625
C04 624.979 91.66980743408203
C04 650.012 93.11033630371094
C04 675.004 94.4107666015625
C04 700.03 95.07537841796875
C04 725.012 95.77538299560547
C04 750.022 96.70172119140625
C04 774.987 97.45513916015625
C04 799.976 97.34288024902344
C04 824.988 96.4864730834961
C04 850.022 95.24260711669922
C04 869.967 92.4112777709961
C04 875.002 91.62024688720703
C04 899.999 85.52949523925781
C04 919.999 77.92597961425781
C04 925.012 75.18668365478516
C04 949.965 61.7205696105957
C04 975.002 51.55515670776367
C04 999.976 30.588502883911133
C04 1025.028 15.14585018157959
C04 1050.014 6.122969627380371
C04 1075.002 0.9212655809785738
C04 1099.99 0.09140712459539806
C05 319.994 48.3055419921875
C05 324.969 50.28237533569336
C05 349.982 61.06642150878906
C05 374.975 75.4328842163086
C05 400.019 85.0766372680664
C05 424.965 85.37696075439453
C05 450.035 84.60961151123047
C05 475.003 84.31849670410156
C05 500.018 84.6028823852539
C05 525.002 85.41307067871094
C05 550.029 86.56813049316406
C05 575.023 88.37843322753906
C05 599.982 90.38066864013672
C05 619.997 91.358642578125
C05 624.979 91.75172424316406
C05 650.012 93.2205581665039
C05 675.004 94.55089569091797
C05 700.03 95.234130859375
C05 725.012 95.96043395996094
C05 750.022 96.9190444946289
C05 774.987 97.7074966430664
C05 799.976 97.61028289794922
C05 824.988 96.76034545898438
C05 850.022 95.5298080444336
C05 869.967 92.68390655517578
C05 875.002 91.88502502441406
C05 899.999 85.73209381103516
C05 919.999 78.1456298828125
C05 925.012 75.41216278076172
C05 949.965 61.97710418701172
C05 975.002 51.72335433959961
C05 999.976 30.68085289001465
C05 1025.028 15.175719261169434
C05 1050.014 6.141801834106445
C05 1075.002 0.923335722345797
C05 1099.99 0.09161252212005416
C06 319.994 48.09651184082031
C06 324.969 50.05485916137695
C06 349.982 60.825538635253906
C06 374.975 75.34557342529297
C06 400.019 85.10308074951172
C06 424.965 85.4108657836914
C06 450.035 84.59790802001953
C06 475.003 84.22348022460938
C06 500.018 84.45263671875
C06 525.002 85.23135375976562
C06 550.029 86.37020111083984
C06 575.023 88.19390869140625
C06 599.982 90.21715545654297
C06 619.997 91.2135009765625
C06 624.979 91.61117553710938
C06 650.012 93.0991439819336
C06 675.004 94.43777465820312
C06 700.03 95.13610076904297
C06 725.012 95.88533020019531
C06 750.022 96.87556457519531
C06 774.987 97.6884994506836
C06 799.976 97.606689453125
C06 824.988 96.76300811767578
C06 850.022 95.54979705810547
C06 869.967 92.69742584228516
C06 875.002 91.88583374023438
C06 899.999 85.68583679199219
C06 919.999 78.13607025146484
C06 925.012 75.41194152832031
C06 949.965 62.04288101196289
C06 975.002 51.78852844238281
C06 999.976 30.710025787353516
C06 1025.028 15.172500610351562
C06 1050.014 6.14860725402832
C06 1075.002 0.9229212597650174
C06 1099.99 0.09157139952354816
C07 319.994 47.885623931884766
C07 324.969 49.83198165893555
C07 349.982 60.615901947021484
C07 374.975 75.35928344726562
C07 400.019 85.24990844726562
C07 424.965 85.55343627929688
C07 450.035 84.64801025390625
C07 475.003 84.13330078125
C07 500.018 84.25104522705078
C07 525.002 85.00263214111328
C07 550.029 86.15303039550781
C07 575.023 88.02891540527344
C07 599.982 90.11925506591797
C07 619.997 91.15795135498047
C07 624.979 91.56171417236328
C07 650.012 93.08325958251953
C07 675.004 94.44633483886719
C07 700.03 95.16136169433594
C07 725.012 95.93952178955078
C07 750.022 96.96607208251953
C07 774.987 97.8189697265625
C07 799.976 97.76165008544922
C07 824.988 96.92514038085938
C07 850.022 95.73011016845703
C07 869.967 92.83944702148438
C07 875.002 92.0000228881836
C07 899.999 85.62906646728516
C07 919.999 78.14277648925781
C07 925.012 75.44935607910156
C07 949.965 62.22552490234375
C07 975.002 51.95220947265625
C07 999.976 30.774272918701172
C07 1025.028 15.194948196411133
C07 1050.014 6.143329620361328
C07 1075.002 0.92378319502715
C07 1099.99 0.09165691994841331
C10 319.994 49.891502380371094
C10 324.969 52.063499450683594
C10 349.982 63.18225860595703
C10 374.975 76.10392761230469
C10 400.019 84.58275604248047
C10 424.965 84.54386138916016
C10 450.035 83.80371856689453
C10 475.003 83.6297836303711
C10 500.018 84.09619140625
C10 525.002 85.10324096679688
C10 550.029 86.43234252929688
C10 575.023 88.40534210205078
C10 599.982 90.53253173828125
C10 619.997 91.56737518310547
C10 624.979 91.96826934814453
C10 650.012 93.44963836669922
C10 675.004 94.74910736083984
C10 700.03 95.36559295654297
C10 725.012 96.01226806640625
C10 750.022 96.8818588256836
C10 774.987 97.57868957519531
C10 799.976 97.37701416015625
C10 824.988 96.39834594726562
C10 850.022 95.13296508789062
C10 869.967 92.46492004394531
C10 875.002 91.6778564453125
C10 899.999 85.18647003173828
C10 919.999 77.00979614257812
C10 925.012 74.07384490966797
C10 949.965 60.106876373291016
C10 975.002 50.300697326660156
C10 999.976 30.126760482788086
C10 1025.028 14.732028007507324
C10 1050.014 5.951232433319092
C10 1075.002 0.9229822233440178
C10 1099.99 0.09157744827385049
C11 319.994 49.622642517089844
C11 324.969 51.7503662109375
C11 349.982 62.818599700927734
C11 374.975 76.0600814819336
C11 400.019 84.75004577636719
C11 424.965 84.75997924804688
C11 450.035 84.00770568847656
C11 475.003 83.79483795166016
C11 500.018 84.20986938476562
C11 525.002 85.1733627319336
C11 550.029 86.46700286865234
C11 575.023 88.41252136230469
C11 599.982 90.52356719970703
C11 619.997 91.55660247802734
C11 624.979 91.95671844482422
C11 650.012 93.44292449951172
C11 675.004 94.74839782714844
C11 700.03 95.38267517089844
C11 725.012 96.04017639160156
C11 750.022 96.90509796142578
C11 774.987 97.60462188720703
C11 799.976 97.41631317138672
C11 824.988 96.47114562988281
C11 850.022 95.21923828125
C11 869.967 92.5600814819336
C11 875.002 91.79444885253906
C11 899.999 85.43962097167969
C11 919.999 77.3149642944336
C11 925.012 74.39212799072266
C11 949.965 60.39230728149414
C11 975.002 50.4239501953125
C11 999.976 30.151044845581055
C11 1025.028 14.76014518737793
C11 1050.014 5.957200050354004
C11 1075.002 0.9232036233169677
C11 1099.99 0.0915994153757706
C12 319.994 49.39483642578125
C12 324.969 51.48823928833008
C12 349.982 62.51017379760742
C12 374.975 76.08846282958984
C12 400.019 85.03473663330078
C12 424.965 85.12443542480469
C12 450.035 84.39564514160156
C12 475.003 84.19865417480469
C12 500.018 84.6005859375
C12 525.002 85.52570343017578
C12 550.029 86.766845703125
C12 575.023 88.64682006835938
C12 599.982 90.71273040771484
C12 619.997 91.72077941894531
C12 624.979 92.1156005859375
C12 650.012 93.59060668945312
C12 675.004 94.90306091308594
C12 700.03 95.5426254272461
C12 725.012 96.20789337158203
C12 750.022 97.08712768554688
C12 774.987 97.80066680908203
C12 799.976 97.63384246826172
C12 824.988 96.72142028808594
C12 850.022 95.49126434326172
C12 869.967 92.84037780761719
C12 875.002 92.071044921875
C12 899.999 85.77637481689453
C12 919.999 77.74988555908203
C12 925.012 74.84809875488281
C12 949.965 60.79248046875
C12 975.002 50.75554656982422
C12 999.976 30.32744026184082
C12 1025.028 14.901485443115234
C12 1050.014 6.015056133270264
C12 1075.002 0.924937691820275
C12 1099.99 0.09177146805961275
C13 319.994 49.0273323059082
C13 324.969 51.083709716796875
C13 349.982 62.03667068481445
C13 374.975 75.87349700927734
C13 400.019 85.0236587524414
C13 424.965 85.17980194091797
C13 450.035 84.4512939453125
C13 475.003 84.23468780517578
C13 500.018 84.60395812988281
C13 525.002 85.48887634277344
C13 550.029 86.68452453613281
C13 575.023 88.52678680419922
C13 599.982 90.55992889404297
C13 619.997 91.54975128173828
C13 624.979 91.94310760498047
C13 650.012 93.41447448730469
C13 675.004 94.72818756103516
C13 700.03 95.376953125
C13 725.012 96.05524444580078
C13 750.022 96.9488525390625
C13 774.987 97.67715454101562
C13 799.976 97.52838897705078
C13 824.988 96.63912200927734
C13 850.022 95.43870544433594
C13 869.967 92.81292724609375
C13 875.002 92.04967498779297
C13 899.999 85.78446960449219
C13 919.999 77.84615325927734
C13 925.012 74.96728515625
C13 949.965 60.92462921142578
C13 975.002 50.92763137817383
C13 999.976 30.387847900390625
C13 1025.028 14.967729568481445
C13 1050.014 6.048035144805908
C13 1075.002 0.9236202276220427
C13 1099.99 0.09164075047219364
C14 319.994 48.65910720825195
C14 324.969 50.68483352661133
C14 349.982 61.611141204833984
C14 374.975 75.7263412475586
C14 400.019 85.07306671142578
C14 424.965 85.23667907714844
C14 450.035 84.402587890625
C14 475.003 84.01560974121094
C14 500.018 84.25879669189453
C14 525.002 85.11202239990234
C14 550.029 86.33367919921875
C14 575.023 88.2415542602539
C14 599.982 90.34961700439453
C14 619.997 91.39073181152344
C14 624.979 91.79371643066406
C14 650.012 93.30270385742188
C14 675.004 94.64354705810547
C14 700.03 95.31652069091797
C14 725.012 96.00701904296875
C14 750.022 96.92477416992188
C14 774.987 97.6678466796875
C14 799.976 97.5349349975586
C14 824.988 96.66163635253906
C14 850.022 95.47465515136719
C14 869.967 92.84126281738281
C14 875.002 92.07823181152344
C14 899.999 85.80970764160156
C14 919.999 77.9144287109375
C14 925.012 75.04544067382812
C14 949.965 61.00108337402344
C14 975.002 50.97237014770508
C14 999.976 30.451683044433594
C14 1025.028 14.990567207336426
C14 1050.014 6.049720764160156
C14 1075.002 0.9233906773971643
C14 1099.99 0.09161797470976465
C15 319.994 48.409175872802734
C15 324.969 50.40080642700195
C15 349.982 61.24658203125
C15 374.975 75.57151794433594
C15 400.019 85.12686157226562
C15 424.965 85.37419891357422
C15 450.035 84.5807876586914
C15 475.003 84.2376480102539
C15 500.018 84.49688720703125
C15 525.002 85.31299591064453
C15 550.029 86.47372436523438
C15 575.023 88.30917358398438
C15 599.982 90.35316467285156
C15 619.997 91.35751342773438
C15 624.979 91.75296783447266
C15 650.012 93.24545288085938
C15 675.004 94.58039093017578
C15 700.03 95.25727844238281
C15 725.012 95.97547912597656
C15 750.022 96.91577911376953
C15 774.987 97.69078826904297
C15 799.976 97.57576751708984
C15 824.988 96.71537780761719
C15 850.022 95.54663848876953
C15 869.967 92.9015121459961
C15 875.002 92.12937927246094
C15 899.999 85.82471466064453
C15 919.999 77.96675872802734
C15 925.012 75.10034942626953
C15 949.965 61.065155029296875
C15 975.002 50.9923095703125
C15 999.976 30.520374298095703
C15 1025.028 15.013574600219727
C15 1050.014 6.049277305603027
C15 1075.002 0.9233047436262747
C15 1099.99 0.09160944843996272
C16 319.994 48.3155517578125
C16 324.969 50.2773551940918
C16 349.982 61.066192626953125
C16 374.975 75.62125396728516
C16 400.019 85.38864135742188
C16 424.965 85.73014831542969
C16 450.035 84.9842529296875
C16 475.003 84.70720672607422
C16 500.018 84.9850845336914
C16 525.002 85.77128601074219
C16 550.029 86.88874053955078
C16 575.023 88.64762115478516
C16 599.982 90.61671447753906
C16 619.997 91.5741195678711
C16 624.979 91.96481323242188
C16 650.012 93.42499542236328
C16 675.004 94.7513198852539
C16 700.03 95.43663024902344
C16 725.012 96.17147827148438
C16 750.022 97.15428924560547
C16 774.987 97.96238708496094
C16 799.976 97.87300872802734
C16 824.988 97.02446746826172
C16 850.022 95.8750228881836
C16 869.967 93.2287826538086
C16 875.002 92.45335388183594
C16 899.999 86.08684539794922
C16 919.999 78.25054931640625
C16 925.012 75.38374328613281
C16 949.965 61.34386444091797
C16 975.002 51.25299072265625
C16 999.976 30.704614639282227
C16 1025.028 15.094586372375488
C16 1050.014 6.07876443862915
C16 1075.002 0.9255767057217731
C16 1099.99 0.09183487043186939
C17 319.994 48.677818298339844
C17 324.969 50.650516510009766
C17 349.982 61.56026077270508
C17 374.975 76.43966674804688
C17 400.019 86.44377899169922
C17 424.965 86.8074722290039
C17 450.035 86.0158462524414
C17 475.003 85.67520904541016
C17 500.018 85.90802764892578
C17 525.002 86.67378234863281
C17 550.029 87.78340148925781
C17 575.023 89.56946563720703
C17 599.982 91.57205963134766
C17 619.997 92.55288696289062
C17 624.979 92.94818115234375
C17 650.012 94.4375228881836
C17 675.004 95.79122161865234
C17 700.03 96.49736785888672
C17 725.012 97.27405548095703
C17 750.022 98.30209350585938
C17 774.987 99.15771484375
C17 799.976 99.09443664550781
C17 824.988 98.24324798583984
C17 850.022 97.09632110595703
C17 869.967 94.40953063964844
C17 875.002 93.61709594726562
C17 899.999 87.0789794921875
C17 919.999 79.2032699584961
C17 925.012 76.34590148925781
C17 949.965 62.25768280029297
C17 975.002 51.98356628417969
C17 999.976 31.22205924987793
C17 1025.028 15.329198837280273
C17 1050.014 6.158371448516846
C17 1075.002 0.9365113867248331
C17 1099.99 0.09291979943550802
