lsstCam/transmission_sensor/r10_s11/19700101T000000.ecsv
# %ECSV 1.0
# ---
# datatype:
# - {name: amp_name, datatype: string}
# - {name: wavelength, unit: nm, datatype: float32}
# - {name: efficiency, unit: '%', datatype: float64}
# meta: !!omap
# - {MODE: AMP}
# - {TYPE: transmission_sensor}
# - {CALIBDATE: '1970-01-01T00:00:00'}
# - {INSTRUME: LSSTCam}
# - {OBSTYPE: transmission_sensor}
# - {DETECTOR: 31}
# - {PARQUETFILE: qe_raft_allvalues_nircorrected_20230725_adjust.parquet}
# - {CORRFILE: qe_corr_factor_bydetnum.parquet}
# - {CALIBCLS: lsst.ip.isr.IntermediateSensorTransmissionCurve}
# - {CALIB_ID: 'raftName=R10 detectorName=S11 detector=31 calibDate=1970-01-01T00:00:00 ccd=31 ccdnum=31 filter=None'}
# - {DATE: '2025-03-03T21:56:47.547337'}
# - {CALIB_CREATION_DATE: '2025-03-03'}
# - {CALIB_CREATION_TIME: '21:56:47'}
# - __serialized_columns__:
#     efficiency:
#       __class__: astropy.units.quantity.Quantity
#       unit: !astropy.units.Unit {unit: '%'}
#       value: !astropy.table.SerializedColumn {name: efficiency}
#     wavelength:
#       __class__: astropy.units.quantity.Quantity
#       unit: !astropy.units.Unit {unit: nm}
#       value: !astropy.table.SerializedColumn {name: wavelength}
# schema: astropy-2.0
amp_name wavelength efficiency
C00 319.994 50.33277031265939
C00 324.969 52.52662859842485
C00 349.982 63.752942288834475
C00 374.975 76.77494576243042
C00 400.019 85.30376248136038
C00 424.965 85.25910778223823
C00 450.035 84.51701961986255
C00 475.003 84.34394803875423
C00 500.018 84.80989104935664
C00 525.002 85.81678373178504
C00 550.029 87.15415504034932
C00 575.023 89.13371847176447
C00 599.982 91.26941947450713
C00 619.997 92.30755659751703
C00 624.979 92.71140310973645
C00 650.012 94.20522743460825
C00 675.004 95.51450105861119
C00 700.03 96.14671434880158
C00 725.012 96.81164159155354
C00 750.022 97.70442782279645
C00 774.987 98.42023403269086
C00 799.976 98.24233075774231
C00 824.988 97.28003891797606
C00 850.022 95.9454296764319
C00 869.967 93.33218344284629
C00 875.002 92.58053191193015
C00 899.999 86.45956827569593
C00 919.999 78.57573652175698
C00 925.012 75.7092879883592
C00 949.965 61.869001002153915
C00 975.002 51.64722569749257
C00 999.976 30.7919020591051
C00 1025.028 15.164917395088946
C00 1050.014 6.17625642879063
C00 1075.002 0.9308186227963947
C00 1099.99 0.09235496862836311
C01 319.994 49.80852768410419
C01 324.969 51.9452827347069
C01 349.982 63.05826319882108
C01 374.975 76.43056447583386
C01 400.019 85.2083749969158
C01 424.965 85.25312202139794
C01 450.035 84.53090689276323
C01 475.003 84.36512132131526
C01 500.018 84.80267428371629
C01 525.002 85.76523540578256
C01 550.029 87.0393407614038
C01 575.023 88.9616393882762
C01 599.982 91.03481304095585
C01 619.997 92.04355992436435
C01 624.979 92.44191307766349
C01 650.012 93.92037292387455
C01 675.004 95.22728455741738
C01 700.03 95.86739935966814
C01 725.012 96.54053586568051
C01 750.022 97.43192952274335
C01 774.987 98.14771265129775
C01 799.976 97.98716654403005
C01 824.988 97.05294161370513
C01 850.022 95.72922676464151
C01 869.967 93.05860801359313
C01 875.002 92.31561967895742
C01 899.999 86.25208241664596
C01 919.999 78.38109927530762
C01 925.012 75.53133085695063
C01 949.965 61.78977430260011
C01 975.002 51.60317496010046
C01 999.976 30.63620495668262
C01 1025.028 15.179719266087158
C01 1050.014 6.162814914268734
C01 1075.002 0.9282225496885989
C01 1099.99 0.09209738863957094
C02 319.994 49.489666665768866
C02 324.969 51.57816632820926
C02 349.982 62.60368774816923
C02 374.975 76.27567329686642
C02 400.019 85.30941740966065
C02 424.965 85.44545882762719
C02 450.035 84.75460354627398
C02 475.003 84.61158386984711
C02 500.018 85.04035053548772
C02 525.002 85.9637657049121
C02 550.029 87.19225463891115
C02 575.023 89.04359353284015
C02 599.982 91.05794823741697
C02 619.997 92.03211157972379
C02 624.979 92.4253945320027
C02 650.012 93.88461992821284
C02 675.004 95.19053137035561
C02 700.03 95.83616261286664
C02 725.012 96.52117062141957
C02 750.022 97.41278739810244
C02 774.987 98.1443504694376
C02 799.976 97.99536041973043
C02 824.988 97.09766555684729
C02 850.022 95.80072506218494
C02 869.967 93.03782711381214
C02 875.002 92.27462721911544
C02 899.999 86.2092588371639
C02 919.999 78.45192821399102
C02 925.012 75.64726842777621
C02 949.965 61.995929137710014
C02 975.002 51.772511211018596
C02 999.976 30.714367991151377
C02 1025.028 15.233568032309746
C02 1050.014 6.15877375632354
C02 1075.002 0.928040102539613
C02 1099.99 0.09207928640105932
C03 319.994 49.28214233781889
C03 324.969 51.33392728209751
C03 349.982 62.30810426122502
C03 374.975 76.29432301958731
C03 400.019 85.58815536529404
C03 424.965 85.7867702960036
C03 450.035 85.07863478476955
C03 475.003 84.89887730884091
C03 500.018 85.28846724671963
C03 525.002 86.17530618602227
C03 550.029 87.37091959807974
C03 575.023 89.20052356350769
C03 599.982 91.20939260294425
C03 619.997 92.18483311273114
C03 624.979 92.57898546215009
C03 650.012 94.04364266704049
C03 675.004 95.36034848252378
C03 700.03 96.0203517060755
C03 725.012 96.7233939349493
C03 750.022 97.63230632907299
C03 774.987 98.37609481682874
C03 799.976 98.24507743720244
C03 824.988 97.36695555064023
C03 850.022 96.08858784089878
C03 869.967 93.25529180552259
C03 875.002 92.4714418053049
C03 899.999 86.36301903047129
C03 919.999 78.65673663760087
C03 925.012 75.87132668894698
C03 949.965 62.2431187484519
C03 975.002 51.987821644328946
C03 999.976 30.840553676937443
C03 1025.028 15.293807444545141
C03 1050.014 6.184175732717261
C03 1075.002 0.9301313278989642
C03 1099.99 0.0922867758600449
C04 319.994 48.989655597324834
C04 324.969 51.011907967072034
C04 349.982 61.91357876347606
C04 374.975 76.09329993573765
C04 400.019 85.56624347985299
C04 424.965 85.8263317127655
C04 450.035 85.12388190495173
C04 475.003 84.94536312760314
C04 500.018 85.31012523742068
C04 525.002 86.1636116404217
C04 550.029 87.33281999951791
C04 575.023 89.12845592624421
C04 599.982 91.09987933841899
C04 619.997 92.05380034554484
C04 624.979 92.44342105854356
C04 650.012 93.89610674175339
C04 675.004 95.20751154281643
C04 700.03 95.87773210620864
C04 725.012 96.58364411502258
C04 750.022 97.51779980132748
C04 774.987 98.277575963924
C04 799.976 98.16436968499856
C04 824.988 97.30073518617705
C04 850.022 96.04637207003675
C04 869.967 93.1911487616595
C04 875.002 92.39344226366116
C04 899.999 86.25128995730591
C04 919.999 78.58360725869736
C04 925.012 75.82119401846457
C04 949.965 62.241437657521814
C04 975.002 51.99023749124906
C04 999.976 30.846643303807735
C04 1025.028 15.273668013671674
C04 1050.014 6.174642177574302
C04 1075.002 0.9290402630155682
C04 1099.99 0.09217852140465504
C05 319.994 48.71319884746154
C05 324.969 50.70671494890737
C05 349.982 61.58176911340011
C05 374.975 76.06947229907651
C05 400.019 85.79461025782398
C05 424.965 86.09746821375853
C05 450.035 85.32364320888134
C05 475.003 85.03007164540722
C05 500.018 85.31685729492101
C05 525.002 86.13388287450027
C05 550.029 87.29869039143627
C05 575.023 89.12427050992402
C05 599.982 91.14340305188108
C05 619.997 92.12963024122848
C05 624.979 92.52602917440754
C05 650.012 94.00725878141874
C05 675.004 95.34882320008322
C05 700.03 96.03782428045633
C05 725.012 96.77025674893154
C05 750.022 97.73695712463801
C05 774.987 98.53206312499623
C05 799.976 98.43402898023152
C05 824.988 97.57691880685032
C05 850.022 96.33599672437067
C05 869.967 93.46607829619272
C05 875.002 92.660454898574
C05 899.999 86.45559828521574
C05 919.999 78.805111184908
C05 925.012 76.0485759925955
C05 949.965 62.50013716314425
C05 975.002 52.159854565137216
C05 999.976 30.93977266382221
C05 1025.028 15.303789162373121
C05 1050.014 6.193633311782715
C05 1075.002 0.9311278745794797
C05 1099.99 0.09238565230617701
C06 319.994 48.50240466301141
C06 324.969 50.477278735516336
C06 349.982 61.33885339744843
C06 374.975 75.98142468075227
C06 400.019 85.82127689930525
C06 424.965 86.13165937208016
C06 450.035 85.31184095036076
C06 475.003 84.93425330928261
C06 500.018 85.16534368537373
C06 525.002 85.95063242245146
C06 550.029 87.09909065688667
C06 575.023 88.93818874683508
C06 599.982 90.97850995891315
C06 619.997 91.98326377050145
C06 624.979 92.38429435924073
C06 650.012 93.88481996649286
C06 675.004 95.23474752401773
C06 700.03 95.9389669012316
C06 725.012 96.6945191786079
C06 750.022 97.69311027241591
C06 774.987 98.51290561279531
C06 799.976 98.43040520985134
C06 824.988 97.57960393607046
C06 850.022 96.35615442797165
C06 869.967 93.47971167435338
C06 875.002 92.66127043925404
C06 899.999 86.4089508970735
C06 919.999 78.79547087856754
C06 925.012 76.04835287297549
C06 949.965 62.56646908741744
C06 975.002 52.22557868079038
C06 999.976 30.969191755098624
C06 1025.028 15.300543348935465
C06 1050.014 6.200496163543045
C06 1075.002 0.9307099142941854
C06 1099.99 0.09234418267064234
C07 319.994 48.28973704313119
C07 324.969 50.252520340365535
C07 349.982 61.12744755748827
C07 374.975 75.99525040341294
C07 400.019 85.96934369541236
C07 424.965 86.27543303894709
C07 450.035 85.3623660036232
C07 475.003 84.84331282967824
C07 500.018 84.96205093642395
C07 525.002 85.71998059182039
C07 550.029 86.88008720917615
C07 575.023 88.77180306054707
C07 599.982 90.8797833739484
C07 619.997 91.92724535831876
C07 624.979 92.33441558349833
C07 650.012 93.86880151653207
C07 675.004 95.24337994517815
C07 700.03 95.96444100681282
C07 725.012 96.74916809795053
C07 750.022 97.7843815845603
C07 774.987 98.64447694458164
C07 799.976 98.58667357543885
C07 824.988 97.74310445485831
C07 850.022 96.53798922450038
C07 869.967 93.62293138906026
C07 875.002 92.77642324451958
C07 899.999 86.35170148009075
C07 919.999 78.80223371118787
C07 925.012 76.0860831700973
C07 949.965 62.75065433373629
C07 975.002 52.39064103691831
C07 999.976 31.03398107648174
C07 1025.028 15.323180373141554
C07 1050.014 6.195173991227789
C07 1075.002 0.9315791235419503
C07 1099.99 0.09243042481367945
C10 319.994 50.31254336503842
C10 324.969 52.50287020578371
C10 349.982 63.715462039562674
C10 374.975 76.74617871900902
C10 400.019 85.29656110328003
C10 424.965 85.25733821283815
C10 450.035 84.51094922744227
C10 475.003 84.33554643099383
C10 500.018 84.80589028375644
C10 525.002 85.82143846868526
C10 550.029 87.16175649498969
C10 575.023 89.15140647198533
C10 599.982 91.29654774278843
C10 619.997 92.3401243682586
C10 624.979 92.74440173215804
C10 650.012 94.23827221970984
C10 675.004 95.54870760449283
C10 700.03 96.1703958036427
C10 725.012 96.82252829025406
C10 750.022 97.69945764091621
C10 774.987 98.40216903724999
C10 799.976 98.19879165672022
C10 824.988 97.21186433339277
C10 850.022 95.93580475765144
C10 869.967 93.24524372884211
C10 875.002 92.45153799644396
C10 899.999 85.9053699147093
C10 919.999 77.65969199357293
C10 925.012 74.69896388005063
C10 949.965 60.6141262496436
C10 975.002 50.72519156157826
C10 999.976 30.381004197515352
C10 1025.028 14.856353539561614
C10 1050.014 6.0014556706272275
C10 1075.002 0.9307713923528889
C10 1099.99 0.09235028246714816
C11 319.994 50.04141455782539
C11 324.969 52.18709439322853
C11 349.982 63.34873416895504
C11 374.975 76.7019625653469
C11 400.019 85.46526261734815
C11 424.965 85.47527991890863
C11 450.035 84.71665782331216
C11 475.003 84.50199366752183
C11 500.018 84.92052760576196
C11 525.002 85.89215200066866
C11 550.029 87.19670933753136
C11 575.023 89.15864631896567
C11 599.982 91.287507551288
C11 619.997 92.32926075089807
C11 624.979 92.73275334923747
C11 650.012 94.23150169330951
C11 675.004 95.54799208295279
C11 700.03 96.18762217706355
C11 725.012 96.85067213749541
C11 750.022 97.72289289479734
C11 774.987 98.42832019547124
C11 799.976 98.23842231750211
C11 824.988 97.2852783821563
C11 850.022 96.02280602189562
C11 869.967 93.34120824678672
C11 875.002 92.5691143424096
C11 899.999 86.16065722890157
C11 919.999 77.96743549980773
C11 925.012 75.01993299410606
C11 949.965 60.90196594701743
C11 975.002 50.84948457748423
C11 999.976 30.40549349925653
C11 1025.028 14.884708004030477
C11 1050.014 6.007473649171267
C11 1075.002 0.9309946607494815
C11 1099.99 0.09237243495234561
C12 319.994 49.811685980794344
C12 324.969 51.92275534686582
C12 349.982 63.037705418660096
C12 374.975 76.73058342694829
C12 400.019 85.75235601806195
C12 424.965 85.84281178952628
C12 450.035 85.10787114877095
C12 475.003 84.90921774916141
C12 500.018 85.3145414671409
C12 525.002 86.24746614864574
C12 550.029 87.4990825853259
C12 575.023 89.39492230277703
C12 599.982 91.47826713261718
C12 619.997 92.49482320272604
C12 624.979 92.89297631774518
C12 650.012 94.38043019277667
C12 675.004 95.70396039112029
C12 700.03 96.3489222747713
C12 725.012 97.01980450324355
C12 750.022 97.90645879182617
C12 774.987 98.62601956636075
C12 799.976 98.45778737287266
C12 824.988 97.53766514128843
C12 850.022 96.2971277478088
C12 869.967 93.6238700302203
C12 875.002 92.84804464254302
C12 899.999 86.50025298433789
C12 919.999 78.40602712250882
C12 925.012 75.47975175582816
C12 949.965 61.30551624870683
C12 975.002 51.183879337640306
C12 999.976 30.58337753975508
C12 1025.028 15.027241048872328
C12 1050.014 6.0658179872203215
C12 1075.002 0.9327433632861467
C12 1099.99 0.09254593961153354
C13 319.994 49.44108044506653
C13 324.969 51.51481189679621
C13 349.982 62.56020635049714
C13 374.975 76.51380348165786
C13 400.019 85.7411846495014
C13 424.965 85.89864555098897
C13 450.035 85.16398958009366
C13 475.003 84.94555547210315
C13 500.018 85.31794211790105
C13 525.002 86.21032827258395
C13 550.029 87.41606669912191
C13 575.023 89.2738760620312
C13 599.982 91.32417610676977
C13 619.997 92.32235173645775
C13 624.979 92.7190276457168
C13 650.012 94.20281158768813
C13 675.004 95.52761125973181
C13 700.03 96.18185184206327
C13 725.012 96.86586735299615
C13 750.022 97.76701672309946
C13 774.987 98.50146496193476
C13 799.976 98.35144394570754
C13 824.988 97.45467233642445
C13 850.022 96.24412529738626
C13 869.967 93.59618780977898
C13 875.002 92.82649436476198
C13 899.999 86.50841608491828
C13 919.999 78.50310723855348
C13 925.012 75.59994398699394
C13 949.965 61.438780212093235
C13 975.002 51.357416392438644
C13 999.976 30.64429496635301
C13 1025.028 15.09404421717054
C13 1050.014 6.09907531299442
C13 1075.002 0.9314147808333656
C13 1099.99 0.09241411888111221
C14 319.994 49.06974784712868
C14 324.969 51.112569537706875
C14 349.982 62.13108577097651
C14 374.975 76.36540585301073
C14 400.019 85.79100956878379
C14 424.965 85.95600268089173
C14 450.035 85.1148724885713
C14 475.003 84.72462857939254
C14 500.018 84.96986781690433
C14 525.002 85.83029400946569
C14 550.029 87.06226053202491
C14 575.023 88.98623640293738
C14 599.982 91.11208936727957
C14 619.997 92.16199027991004
C14 624.979 92.56837573952957
C14 650.012 94.09009771068271
C14 675.004 95.4422564644077
C14 700.03 96.12090941068034
C14 725.012 96.8172349696138
C14 750.022 97.7427351534183
C14 774.987 98.49207855033431
C14 799.976 98.35804520894787
C14 824.988 97.47737668120554
C14 850.022 96.280378388748
C14 869.967 93.62476250870034
C14 875.002 92.85529218330336
C14 899.999 86.5338671091595
C14 919.999 78.57195887577679
C14 925.012 75.67875906931772
C14 949.965 61.515879581476945
C14 975.002 51.40253271836082
C14 999.976 30.7086688236161
C14 1025.028 15.117074585879147
C14 1050.014 6.100775157513252
C14 1075.002 0.9311832934037909
C14 1099.99 0.09239115091101295
C15 319.994 48.817707308096566
C15 324.969 50.826145495853105
C15 349.982 61.76345003432884
C15 374.975 76.20927597546323
C15 400.019 85.8452584115664
C15 424.965 86.0946830653984
C15 450.035 85.29457610803993
C15 475.003 84.9485406587433
C15 500.018 85.20996760937587
C15 525.002 86.03296356223542
C15 550.029 87.2034875577117
C15 575.023 89.05442637508067
C15 599.982 91.11566697497975
C15 619.997 92.12849156178842
C15 624.979 92.52728326054759
C15 650.012 94.03236358555993
C15 675.004 95.37856735356465
C15 700.03 96.06116720897747
C15 725.012 96.78542888309228
C15 750.022 97.73366418679785
C15 774.987 98.51521374679542
C15 799.976 98.39922231950985
C15 824.988 97.53157166752814
C15 850.022 96.35296920305149
C15 869.967 93.68552028936327
C15 875.002 92.90687128442585
C15 899.999 86.54900077442024
C15 919.999 78.62473051279933
C15 925.012 75.73413120398038
C15 949.965 61.580491945920045
C15 975.002 51.42264041239178
C15 999.976 30.777939771849432
C15 1025.028 15.140276141192762
C15 1050.014 6.10032795655073
C15 1075.002 0.9310966344264476
C15 1099.99 0.09238255268689291
C16 319.994 48.723293086822025
C16 324.969 50.70165244166712
C16 349.982 61.5815383000001
C16 374.975 76.25943172728563
C16 400.019 86.10924739093909
C16 424.965 86.45363637131565
C16 450.035 85.7014462757995
C16 475.003 85.42206204264606
C16 500.018 85.70228489781954
C16 525.002 86.49512123307764
C16 550.029 87.62200610839182
C16 575.023 89.39573014967706
C16 599.982 91.38144091131252
C16 619.997 92.34692566977893
C16 624.979 92.74091644981786
C16 650.012 94.21342131030865
C16 675.004 95.55093880069293
C16 700.03 96.24203258922616
C16 725.012 96.98308209130178
C16 750.022 97.97418713716942
C16 774.987 98.78910462102859
C16 799.976 98.69897198832426
C16 824.988 97.84326977668313
C16 850.022 96.6841248818274
C16 869.967 94.01555267625913
C16 875.002 93.23357995836155
C16 899.999 86.81334366767294
C16 919.999 78.91091604747308
C16 925.012 76.01991666209412
C16 949.965 61.861553423113556
C16 975.002 51.68552148744442
C16 999.976 30.963734941633362
C16 1025.028 15.221971582404189
C16 1050.014 6.130063935390909
C16 1075.002 0.9333877699104426
C16 1099.99 0.09260987704479197
C17 319.994 49.08861684257959
C17 324.969 51.07796291526521
C17 349.982 62.079775952154044
C17 374.975 77.0847512017053
C17 400.019 87.17328947121024
C17 424.965 87.54005196382786
C17 450.035 86.74174535098949
C17 475.003 86.39823346153298
C17 500.018 86.63301685202427
C17 525.002 87.4052338568814
C17 550.029 88.52421722013517
C17 575.023 90.32535419956176
C17 599.982 92.34484834917883
C17 619.997 93.33395301224637
C17 624.979 93.73258314162553
C17 650.012 95.23449362927772
C17 675.004 96.59961640230334
C17 700.03 97.31172190401757
C17 725.012 98.09496409561523
C17 750.022 99.13167786932506
C17 774.987 99.99451990880652
C17 799.976 99.93070769748346
C17 824.988 99.0723357441822
C17 850.022 97.91572979672661
C17 869.967 95.20626515045637
C17 875.002 94.40714299693795
C17 899.999 87.81385051270104
C17 919.999 79.87167682501926
C17 925.012 76.99019464550076
C17 949.965 62.78308361643786
C17 975.002 52.42226247271983
C17 999.976 31.485546335708445
C17 1025.028 15.45856397291806
C17 1050.014 6.210342759359769
C17 1075.002 0.9444147301321449
C17 1099.99 0.09370396190772912
