lsstcam/transmission_sensor/r10_s11/19700101T000000.ecsv
# %ECSV 0.9
# ---
# datatype:
# - {name: amp_name, datatype: string}
# - {name: wavelength, unit: nm, datatype: float32}
# - {name: efficiency, unit: '%', datatype: float32}
# meta: !!omap
# - {MODE: AMP}
# - {TYPE: transmission_sensor}
# - {CALIBDATE: '1970-01-01T00:00:00'}
# - {INSTRUME: LSSTCAM}
# - {OBSTYPE: transmission_sensor}
# - {DETECTOR: 31}
# - {CALIBCLS: lsst.ip.isr.IntermediateSensorTransmissionCurve}
# - {PICKLEFILE: RaftRun10517.p}
# - {CALIB_ID: 'raftName=R10 detectorName=S11 detector=31 calibDate=1970-01-01T00:00:00 ccd=31 ccdnum=31 filter=None'}
# - {DATE: '2020-07-23T19:15:25.286586'}
# - {CALIB_CREATION_DATE: '2020-07-23'}
# - {CALIB_CREATION_TIME: '19:15:25'}
# - __serialized_columns__:
#     efficiency:
#       __class__: astropy.units.quantity.Quantity
#       unit: !astropy.units.Unit {unit: '%'}
#       value: !astropy.table.SerializedColumn {name: efficiency}
#     wavelength:
#       __class__: astropy.units.quantity.Quantity
#       unit: !astropy.units.Unit {unit: nm}
#       value: !astropy.table.SerializedColumn {name: wavelength}
# schema: astropy-2.0
amp_name wavelength efficiency
C01 319.994 49.391705
C01 324.969 51.51058
C01 349.982 62.53056
C01 374.975 75.790955
C01 400.019 84.49531
C01 424.965 84.53968
C01 450.035 83.82351
C01 475.003 83.65911
C01 500.018 84.093
C01 525.002 85.04751
C01 550.029 86.31095
C01 575.023 88.21716
C01 599.982 90.27299
C01 619.997 91.27329
C01 624.979 91.66831
C01 650.012 93.1344
C01 675.004 94.430374
C01 700.03 95.06513
C01 725.012 95.732635
C01 750.022 96.61657
C01 774.987 97.32636
C01 799.976 97.16716
C01 824.988 96.24075
C01 850.022 94.928116
C01 869.967 92.27985
C01 875.002 91.543076
C01 899.999 85.53028
C01 919.999 77.72517
C01 925.012 74.89925
C01 949.965 61.272686
C01 975.002 51.171333
C01 999.976 30.379826
C01 1025.028 15.052688
C01 1050.014 6.1112413
C01 1075.002 3.2557113
C01 1099.99 2.2258267
C13 319.994 49.027332
C13 324.969 51.08371
C13 349.982 62.03667
C13 374.975 75.8735
C13 400.019 85.02366
C13 424.965 85.1798
C13 450.035 84.451294
C13 475.003 84.23469
C13 500.018 84.60396
C13 525.002 85.48888
C13 550.029 86.684525
C13 575.023 88.52679
C13 599.982 90.55993
C13 619.997 91.54975
C13 624.979 91.94311
C13 650.012 93.414474
C13 675.004 94.72819
C13 700.03 95.37695
C13 725.012 96.055244
C13 750.022 96.94885
C13 774.987 97.677155
C13 799.976 97.52839
C13 824.988 96.63912
C13 850.022 95.438705
C13 869.967 92.81293
C13 875.002 92.049675
C13 899.999 85.78447
C13 919.999 77.84615
C13 925.012 74.967285
C13 949.965 60.92463
C13 975.002 50.92763
C13 999.976 30.387848
C13 1025.028 14.96773
C13 1050.014 6.048035
C13 1075.002 3.3550785
C13 1099.99 2.2613027
C07 319.994 47.885624
C07 324.969 49.83198
C07 349.982 60.615902
C07 374.975 75.35928
C07 400.019 85.24991
C07 424.965 85.55344
C07 450.035 84.64801
C07 475.003 84.1333
C07 500.018 84.251045
C07 525.002 85.00263
C07 550.029 86.15303
C07 575.023 88.028915
C07 599.982 90.119255
C07 619.997 91.15795
C07 624.979 91.561714
C07 650.012 93.08326
C07 675.004 94.446335
C07 700.03 95.16136
C07 725.012 95.93952
C07 750.022 96.96607
C07 774.987 97.81897
C07 799.976 97.76165
C07 824.988 96.92514
C07 850.022 95.73011
C07 869.967 92.83945
C07 875.002 92.00002
C07 899.999 85.62907
C07 919.999 78.14278
C07 925.012 75.449356
C07 949.965 62.225525
C07 975.002 51.95221
C07 999.976 30.774273
C07 1025.028 15.194948
C07 1050.014 6.1433296
C07 1075.002 3.2766263
C07 1099.99 2.2161903
C05 319.994 48.305542
C05 324.969 50.282375
C05 349.982 61.06642
C05 374.975 75.432884
C05 400.019 85.07664
C05 424.965 85.37696
C05 450.035 84.60961
C05 475.003 84.3185
C05 500.018 84.60288
C05 525.002 85.41307
C05 550.029 86.56813
C05 575.023 88.37843
C05 599.982 90.38067
C05 619.997 91.35864
C05 624.979 91.751724
C05 650.012 93.22056
C05 675.004 94.550896
C05 700.03 95.23413
C05 725.012 95.960434
C05 750.022 96.919044
C05 774.987 97.7075
C05 799.976 97.61028
C05 824.988 96.760345
C05 850.022 95.52981
C05 869.967 92.68391
C05 875.002 91.885025
C05 899.999 85.73209
C05 919.999 78.14563
C05 925.012 75.41216
C05 949.965 61.977104
C05 975.002 51.723354
C05 999.976 30.680853
C05 1025.028 15.175719
C05 1050.014 6.141802
C05 1075.002 3.293453
C05 1099.99 2.235536
C06 319.994 48.09651
C06 324.969 50.05486
C06 349.982 60.82554
C06 374.975 75.34557
C06 400.019 85.10308
C06 424.965 85.410866
C06 450.035 84.59791
C06 475.003 84.22348
C06 500.018 84.45264
C06 525.002 85.23135
C06 550.029 86.3702
C06 575.023 88.19391
C06 599.982 90.217155
C06 619.997 91.2135
C06 624.979 91.611176
C06 650.012 93.099144
C06 675.004 94.437775
C06 700.03 95.1361
C06 725.012 95.88533
C06 750.022 96.875565
C06 774.987 97.6885
C06 799.976 97.60669
C06 824.988 96.76301
C06 850.022 95.5498
C06 869.967 92.697426
C06 875.002 91.88583
C06 899.999 85.68584
C06 919.999 78.13607
C06 925.012 75.41194
C06 949.965 62.04288
C06 975.002 51.78853
C06 999.976 30.710026
C06 1025.028 15.172501
C06 1050.014 6.1486073
C06 1075.002 3.28656
C06 1099.99 2.2173824
C16 319.994 48.31555
C16 324.969 50.277355
C16 349.982 61.066193
C16 374.975 75.621254
C16 400.019 85.38864
C16 424.965 85.73015
C16 450.035 84.98425
C16 475.003 84.70721
C16 500.018 84.985085
C16 525.002 85.771286
C16 550.029 86.88874
C16 575.023 88.64762
C16 599.982 90.616714
C16 619.997 91.57412
C16 624.979 91.96481
C16 650.012 93.424995
C16 675.004 94.75132
C16 700.03 95.43663
C16 725.012 96.17148
C16 750.022 97.15429
C16 774.987 97.96239
C16 799.976 97.87301
C16 824.988 97.02447
C16 850.022 95.87502
C16 869.967 93.22878
C16 875.002 92.453354
C16 899.999 86.086845
C16 919.999 78.25055
C16 925.012 75.38374
C16 949.965 61.343864
C16 975.002 51.25299
C16 999.976 30.704615
C16 1025.028 15.094586
C16 1050.014 6.0787644
C16 1075.002 3.357392
C16 1099.99 2.2451055
C10 319.994 49.891502
C10 324.969 52.0635
C10 349.982 63.18226
C10 374.975 76.10393
C10 400.019 84.582756
C10 424.965 84.54386
C10 450.035 83.80372
C10 475.003 83.62978
C10 500.018 84.09619
C10 525.002 85.10324
C10 550.029 86.43234
C10 575.023 88.40534
C10 599.982 90.53253
C10 619.997 91.567375
C10 624.979 91.96827
C10 650.012 93.44964
C10 675.004 94.74911
C10 700.03 95.36559
C10 725.012 96.01227
C10 750.022 96.88186
C10 774.987 97.57869
C10 799.976 97.377014
C10 824.988 96.398346
C10 850.022 95.132965
C10 869.967 92.46492
C10 875.002 91.67786
C10 899.999 85.18647
C10 919.999 77.009796
C10 925.012 74.073845
C10 949.965 60.106876
C10 975.002 50.300697
C10 999.976 30.12676
C10 1025.028 14.732028
C10 1050.014 5.9512324
C10 1075.002 3.322026
C10 1099.99 2.2236202
C15 319.994 48.409176
C15 324.969 50.400806
C15 349.982 61.246582
C15 374.975 75.57152
C15 400.019 85.12686
C15 424.965 85.3742
C15 450.035 84.58079
C15 475.003 84.23765
C15 500.018 84.49689
C15 525.002 85.312996
C15 550.029 86.473724
C15 575.023 88.30917
C15 599.982 90.353165
C15 619.997 91.35751
C15 624.979 91.75297
C15 650.012 93.24545
C15 675.004 94.58039
C15 700.03 95.25728
C15 725.012 95.97548
C15 750.022 96.91578
C15 774.987 97.69079
C15 799.976 97.57577
C15 824.988 96.71538
C15 850.022 95.54664
C15 869.967 92.90151
C15 875.002 92.12938
C15 899.999 85.824715
C15 919.999 77.96676
C15 925.012 75.10035
C15 949.965 61.065155
C15 975.002 50.99231
C15 999.976 30.520374
C15 1025.028 15.013575
C15 1050.014 6.0492773
C15 1075.002 3.347237
C15 1099.99 2.2499113
C02 319.994 49.075512
C02 324.969 51.146534
C02 349.982 62.07979
C02 374.975 75.63736
C02 400.019 84.595505
C02 424.965 84.73041
C02 450.035 84.045334
C02 475.003 83.90351
C02 500.018 84.32869
C02 525.002 85.24438
C02 550.029 86.462585
C02 575.023 88.29843
C02 599.982 90.29593
C02 619.997 91.26194
C02 624.979 91.65193
C02 650.012 93.098946
C02 675.004 94.39393
C02 700.03 95.03416
C02 725.012 95.71343
C02 750.022 96.59759
C02 774.987 97.32303
C02 799.976 97.175285
C02 824.988 96.2851
C02 850.022 94.999016
C02 869.967 92.25924
C02 875.002 91.502426
C02 899.999 85.487816
C02 919.999 77.7954
C02 925.012 75.01421
C02 949.965 61.477116
C02 975.002 51.339252
C02 999.976 30.457335
C02 1025.028 15.106086
C02 1050.014 6.107234
C02 1075.002 3.2696311
C02 1099.99 2.2369118
C04 319.994 48.579685
C04 324.969 50.585014
C04 349.982 61.395454
C04 374.975 75.45651
C04 400.019 84.85018
C04 424.965 85.10809
C04 450.035 84.41152
C04 475.003 84.2345
C04 500.018 84.59621
C04 525.002 85.44255
C04 550.029 86.601974
C04 575.023 88.38258
C04 599.982 90.33751
C04 619.997 91.28345
C04 624.979 91.66981
C04 650.012 93.11034
C04 675.004 94.41077
C04 700.03 95.07538
C04 725.012 95.77538
C04 750.022 96.70172
C04 774.987 97.45514
C04 799.976 97.34288
C04 824.988 96.48647
C04 850.022 95.24261
C04 869.967 92.41128
C04 875.002 91.62025
C04 899.999 85.529495
C04 919.999 77.92598
C04 925.012 75.18668
C04 949.965 61.72057
C04 975.002 51.555157
C04 999.976 30.588503
C04 1025.028 15.14585
C04 1050.014 6.1229696
C04 1075.002 3.290539
C04 1099.99 2.2357535
C14 319.994 48.659107
C14 324.969 50.684834
C14 349.982 61.61114
C14 374.975 75.72634
C14 400.019 85.07307
C14 424.965 85.23668
C14 450.035 84.40259
C14 475.003 84.01561
C14 500.018 84.2588
C14 525.002 85.11202
C14 550.029 86.33368
C14 575.023 88.241554
C14 599.982 90.34962
C14 619.997 91.39073
C14 624.979 91.79372
C14 650.012 93.302704
C14 675.004 94.64355
C14 700.03 95.31652
C14 725.012 96.00702
C14 750.022 96.924774
C14 774.987 97.66785
C14 799.976 97.534935
C14 824.988 96.66164
C14 850.022 95.474655
C14 869.967 92.84126
C14 875.002 92.07823
C14 899.999 85.80971
C14 919.999 77.91443
C14 925.012 75.04544
C14 949.965 61.001083
C14 975.002 50.97237
C14 999.976 30.451683
C14 1025.028 14.990567
C14 1050.014 6.049721
C14 1075.002 3.348199
C14 1099.99 2.2569826
C17 319.994 48.67782
C17 324.969 50.650517
C17 349.982 61.56026
C17 374.975 76.43967
C17 400.019 86.44378
C17 424.965 86.80747
C17 450.035 86.01585
C17 475.003 85.67521
C17 500.018 85.90803
C17 525.002 86.67378
C17 550.029 87.7834
C17 575.023 89.569466
C17 599.982 91.57206
C17 619.997 92.55289
C17 624.979 92.94818
C17 650.012 94.43752
C17 675.004 95.79122
C17 700.03 96.49737
C17 725.012 97.274055
C17 750.022 98.30209
C17 774.987 99.157715
C17 799.976 99.09444
C17 824.988 98.24325
C17 850.022 97.09632
C17 869.967 94.40953
C17 875.002 93.617096
C17 899.999 87.07898
C17 919.999 79.20327
C17 925.012 76.3459
C17 949.965 62.257683
C17 975.002 51.983566
C17 999.976 31.22206
C17 1025.028 15.329199
C17 1050.014 6.1583714
C17 1075.002 3.3927953
C17 1099.99 2.2711203
C00 319.994 49.91156
C00 324.969 52.08706
C00 349.982 63.219425
C00 374.975 76.132454
C00 400.019 84.5899
C00 424.965 84.545616
C00 450.035 83.80974
C00 475.003 83.638115
C00 500.018 84.10016
C00 525.002 85.098625
C00 550.029 86.424805
C00 575.023 88.3878
C00 599.982 90.50563
C00 619.997 91.53508
C00 624.979 91.93555
C00 650.012 93.41687
C00 675.004 94.71519
C00 700.03 95.34211
C00 725.012 96.00147
C00 750.022 96.88679
C00 774.987 97.5966
C00 799.976 97.42019
C00 824.988 96.46595
C00 850.022 95.14251
C00 869.967 92.55113
C00 875.002 91.80577
C00 899.999 85.73603
C00 919.999 77.918175
C00 925.012 75.075714
C00 949.965 61.35125
C00 975.002 51.215015
C00 999.976 30.53422
C00 1025.028 15.03801
C00 1050.014 6.1245704
C00 1075.002 3.2688715
C00 1099.99 2.1997201
C12 319.994 49.394836
C12 324.969 51.48824
C12 349.982 62.510174
C12 374.975 76.08846
C12 400.019 85.03474
C12 424.965 85.124435
C12 450.035 84.395645
C12 475.003 84.198654
C12 500.018 84.600586
C12 525.002 85.5257
C12 550.029 86.766846
C12 575.023 88.64682
C12 599.982 90.71273
C12 619.997 91.72078
C12 624.979 92.1156
C12 650.012 93.59061
C12 675.004 94.90306
C12 700.03 95.542625
C12 725.012 96.20789
C12 750.022 97.08713
C12 774.987 97.80067
C12 799.976 97.63384
C12 824.988 96.72142
C12 850.022 95.491264
C12 869.967 92.84038
C12 875.002 92.071045
C12 899.999 85.776375
C12 919.999 77.749886
C12 925.012 74.8481
C12 949.965 60.79248
C12 975.002 50.755547
C12 999.976 30.32744
C12 1025.028 14.901485
C12 1050.014 6.015056
C12 1075.002 3.3480606
C12 1099.99 2.2595277
C11 319.994 49.622643
C11 324.969 51.750366
C11 349.982 62.8186
C11 374.975 76.06008
C11 400.019 84.750046
C11 424.965 84.75998
C11 450.035 84.007706
C11 475.003 83.79484
C11 500.018 84.20987
C11 525.002 85.17336
C11 550.029 86.467
C11 575.023 88.41252
C11 599.982 90.52357
C11 619.997 91.5566
C11 624.979 91.95672
C11 650.012 93.442924
C11 675.004 94.7484
C11 700.03 95.382675
C11 725.012 96.04018
C11 750.022 96.9051
C11 774.987 97.60462
C11 799.976 97.41631
C11 824.988 96.471146
C11 850.022 95.21924
C11 869.967 92.56008
C11 875.002 91.79445
C11 899.999 85.43962
C11 919.999 77.314964
C11 925.012 74.39213
C11 949.965 60.392307
C11 975.002 50.42395
C11 999.976 30.151045
C11 1025.028 14.760145
C11 1050.014 5.9572
C11 1075.002 3.3344789
C11 1099.99 2.252482
C03 319.994 48.869724
C03 324.969 50.90434
C03 349.982 61.78668
C03 374.975 75.65585
C03 400.019 84.87191
C03 424.965 85.06886
C03 450.035 84.36665
C03 475.003 84.1884
C03 500.018 84.57473
C03 525.002 85.45415
C03 550.029 86.639755
C03 575.023 88.45405
C03 599.982 90.446106
C03 619.997 91.41338
C03 624.979 91.80424
C03 650.012 93.25664
C03 675.004 94.562325
C03 700.03 95.216805
C03 725.012 95.91396
C03 750.022 96.81527
C03 774.987 97.55283
C03 799.976 97.42291
C03 824.988 96.55214
C03 850.022 95.28447
C03 869.967 92.474884
C03 875.002 91.69759
C03 899.999 85.64029
C03 919.999 77.9985
C03 925.012 75.2364
C03 949.965 61.722237
C03 975.002 51.55276
C03 999.976 30.582464
C03 1025.028 15.165821
C03 1050.014 6.1324234
C03 1075.002 3.3010285
C03 1099.99 2.2596965
