lsstCam/transmission_filter_detector/r30_s21/i_39/19700101T000000.ecsv
# %ECSV 1.0
# ---
# datatype:
# - {name: wavelength, unit: nm, datatype: float32}
# - {name: efficiency, unit: '%', datatype: float64}
# meta: !!omap
# - {MODE: DETECTOR}
# - {TYPE: transmission_filter_detector}
# - {CALIBDATE: '1970-01-01T00:00:00'}
# - {INSTRUME: LSSTCam}
# - {OBSTYPE: transmission_filter_detector}
# - {CALIBCLS: lsst.ip.isr.IntermediateFilterDetectorTransmissionCurve}
# - {SOURCE: Materion (DM-46256)}
# - {DETECTOR: 124}
# - {FILTER: i_39}
# - {CALIB_ID: 'calibDate=1970-01-01T00:00:00 filter=i_39 detector=124'}
# - {DATE: '2025-04-02T15:59:47.054349'}
# - {CALIB_CREATION_DATE: '2025-04-02'}
# - {CALIB_CREATION_TIME: '15:59:47'}
# - __serialized_columns__:
#     efficiency:
#       __class__: astropy.units.quantity.Quantity
#       unit: !astropy.units.Unit {unit: '%'}
#       value: !astropy.table.SerializedColumn {name: efficiency}
#     wavelength:
#       __class__: astropy.units.quantity.Quantity
#       unit: !astropy.units.Unit {unit: nm}
#       value: !astropy.table.SerializedColumn {name: wavelength}
# schema: astropy-2.0
wavelength efficiency
[from data line 597]
897.0 0.00014068610880713095
898.0 0.0001459959889871243
899.0 4.854571784562722e-05
900.0 1.7173573760992378e-10
901.0 1.705990939626645e-05
902.0 8.302437777274463e-05
903.0 1.7173573760992378e-10
904.0 1.7173573760992378e-10
905.0 1.7173573760992378e-10
906.0 1.7173573760992378e-10
907.0 1.7173573760992378e-10
908.0 1.7173573760992378e-10
909.0 1.7173573760992378e-10
910.0 1.7173573760992378e-10
911.0 1.7173573760992378e-10
912.0 1.7173573760992378e-10
913.0 1.7173573760992378e-10
914.0 2.957513629553432e-05
915.0 0.00010106616628036136
916.0 0.00017255720194953028
917.0 4.8340803004975896e-05
918.0 1.7173573760992378e-10
919.0 1.950746479906229e-05
920.0 0.00011489054259072873
921.0 1.7173573760992378e-10
922.0 1.7173573760992378e-10
923.0 1.7173573760992378e-10
924.0 2.3513295843713422e-05
925.0 0.00016840165244502714
926.0 0.00031328997920354595
927.0 0.00011303500286885537
928.0 1.7173573760992378e-10
929.0 1.7173573760992378e-10
930.0 1.7173573760992378e-10
931.0 1.7173573760992378e-10
932.0 4.30276372753724e-05
933.0 1.7173573760992378e-10
934.0 1.7173573760992378e-10
935.0 1.7173573760992378e-10
936.0 1.7173573760992378e-10
937.0 1.7173573760992378e-10
938.0 2.950916666577541e-05
939.0 1.7173573760992378e-10
940.0 1.7173573760992378e-10
941.0 1.7173573760992378e-10
942.0 0.00014595100310543785
943.0 5.506528282239742e-05
944.0 1.7173573760992378e-10
945.0 1.7173573760992378e-10
946.0 1.2451423003767559e-05
947.0 6.224462367754313e-05
948.0 0.00011203779877178022
949.0 1.7173573760992378e-10
950.0 1.7173573760992378e-10
951.0 2.135266363723076e-06
952.0 0.00014451424021899584
953.0 4.9448158279119525e-05
954.0 1.7173573760992378e-10
955.0 4.044429431360186e-05
956.0 0.00012650650660361862
957.0 0.00014604129319195636
958.0 0.00016557612525502918
959.0 0.00029229884148662677
960.0 0.0004190215804555919
961.0 0.000215049567486858
962.0 1.107756588680786e-05
963.0 3.7484812764887465e-05
964.0 6.389206532730896e-05
965.0 1.7173573760992378e-10
966.0 1.7173573760992378e-10
967.0 1.7173573760992378e-10
968.0 1.7173573760992378e-10
969.0 1.7173573760992378e-10
970.0 1.7173573760992378e-10
971.0 1.7173573760992378e-10
972.0 1.7173573760992378e-10
973.0 1.7173573760992378e-10
974.0 1.1068573257944081e-05
975.0 0.00011522981822054135
976.0 0.00021939113139524125
977.0 0.00011075342172262026
978.0 2.115718977790948e-06
979.0 8.024825604024954e-06
980.0 1.3933939158050634e-05
981.0 1.7173573760992378e-10
982.0 1.7173573760992378e-10
983.0 1.7173573760992378e-10
984.0 1.7173573760992378e-10
985.0 1.7173573760992378e-10
986.0 1.4183957830482541e-05
987.0 1.7173573760992378e-10
988.0 1.7173573760992378e-10
989.0 1.7173573760992378e-10
990.0 1.7173573760992378e-10
991.0 6.184718017721025e-05
992.0 0.00013310303756952635
993.0 0.00017188694982905872
994.0 0.00021067085071990732
995.0 0.0002960302936116932
996.0 0.000381389691028744
997.0 0.0002560451321187429
998.0 0.00013070056184005807
999.0 0.0001386922463098017
1000.0 0.0001466839080421778
1001.0 0.00012605784149855026
1002.0 0.00010543177495492273
1003.0 0.0002078390252790996
1004.0 0.00031024626423459267
1005.0 0.00027795254027296323
1006.0 0.0002456588617860689
1007.0 0.00024204318833653815
1008.0 0.0002384275603617425
1009.0 0.00020873926587228198
1010.0 0.00017905089180203504
1011.0 0.0001332163378719997
1012.0 8.738177257328061e-05
1013.0 0.0001915950406328193
1014.0 0.00029580830869235797
1015.0 0.00018937749928227277
1016.0 8.294676376863208e-05
1017.0 0.00024273224425996887
1018.0 0.00040251770769828
1019.0 0.0002840958359229262
1020.0 0.00016567397551625618
1021.0 6.080373964323371e-05
1022.0 1.7173573760992378e-10
1023.0 6.619889063586015e-05
1024.0 0.0001764642661328253
1025.0 0.00034681152101256885
1026.0 0.0005171587872609962
1027.0 0.0005670856808137614
1028.0 0.0006170124379423214
1029.0 0.0009225170288118534
1030.0 0.0012280215742066503
1031.0 0.0014537716197082773
1032.0 0.0016795216652099043
1033.0 0.0021002782887080684
1034.0 0.0025210343665094115
1035.0 0.0026646473997971043
1036.0 0.0028082600692869164
1037.0 0.0030856881494401023
1038.0 0.003363116047694348
1039.0 0.003128892058157362
1040.0 0.0028946675229235552
1041.0 0.002620492705318611
1042.0 0.002346317887713667
1043.0 0.002208087607868947
1044.0 0.0020698575099231675
1045.0 0.002623275213409215
1046.0 0.0031766932806931436
1047.0 0.0033868669561343268
1048.0 0.0035970409953733906
1049.0 0.003223212479497306
1050.0 0.002849383781722281
1051.0 0.0026689782316680066
1052.0 0.0024885728635126725
1053.0 0.002357039920752868
1054.0 0.0022255069779930636
1055.0 0.0014978100807638839
1056.0 0.0007701131835347041
1057.0 0.0012667066584981512
1058.0 0.001763300497259479
1059.0 0.00115054972411599
1060.0 0.0005377992238209117
1061.0 0.0008695938049640972
1062.0 0.0012013884770567529
1063.0 0.0015794645150890574
1064.0 0.001957540189323481
1065.0 0.002026266520260833
1066.0 0.0020949928511981852
1067.0 0.0031013569241622463
1068.0 0.004107721542823128
1069.0 0.0043235268094576895
1070.0 0.004539332803688012
1071.0 0.0043969885155092925
1072.0 0.004254644591128454
1073.0 0.0031859173759585246
1074.0 0.002117189796990715
1075.0 0.0021127030777279288
1076.0 0.002108216540364083
1077.0 0.0023666114429943264
1078.0 0.0026250061637256294
1079.0 0.0024042828954407014
1080.0 0.0021835596271557733
1081.0 0.0022066600649850443
1082.0 0.0022297605028143153
1083.0 0.0022670128601021133
1084.0 0.0023042653992888518
1085.0 0.0015208581316983327
1086.0 0.0007374511369562242
1087.0 0.0011285294021945447
1088.0 0.0015196079402812757
1089.0 0.0006074615157558583
1090.0 1.7173573760992378e-10
1091.0 1.7173573760992378e-10
1092.0 1.7173573760992378e-10
1093.0 1.7173573760992378e-10
1094.0 1.7173573760992378e-10
1095.0 4.122558152630518e-05
1096.0 0.0007912256478448398
1097.0 1.7173573760992378e-10
1098.0 1.7173573760992378e-10
1099.0 0.00028402716907294234
1100.0 0.0015695517504354939
