lsstCam/transmission_filter_detector/r30_s21/i_39/19700101T000000.ecsv
# %ECSV 1.0
# ---
# datatype:
# - {name: wavelength, unit: nm, datatype: float32}
# - {name: efficiency, unit: '%', datatype: float64}
# meta: !!omap
# - {MODE: DETECTOR}
# - {TYPE: transmission_filter_detector}
# - {CALIBDATE: '1970-01-01T00:00:00'}
# - {INSTRUME: LSSTCam}
# - {OBSTYPE: transmission_filter_detector}
# - {CALIBCLS: lsst.ip.isr.IntermediateFilterDetectorTransmissionCurve}
# - {SOURCE: Materion (DM-46256)}
# - {DETECTOR: 124}
# - {FILTER: i_39}
# - {CALIB_ID: 'calibDate=1970-01-01T00:00:00 filter=i_39 detector=124'}
# - {DATE: '2025-04-02T15:59:47.054349'}
# - {CALIB_CREATION_DATE: '2025-04-02'}
# - {CALIB_CREATION_TIME: '15:59:47'}
# - __serialized_columns__:
#     efficiency:
#       __class__: astropy.units.quantity.Quantity
#       unit: !astropy.units.Unit {unit: '%'}
#       value: !astropy.table.SerializedColumn {name: efficiency}
#     wavelength:
#       __class__: astropy.units.quantity.Quantity
#       unit: !astropy.units.Unit {unit: nm}
#       value: !astropy.table.SerializedColumn {name: wavelength}
# schema: astropy-2.0
wavelength efficiency
300.0 1.7173573760992378e-10
301.0 0.0004572103989630705
302.0 0.0073388684540987015
303.0 0.011794095917139202
304.0 0.016249327745754272
305.0 0.020792837312910706
306.0 0.025336345424875617
307.0 0.01871410640887916
308.0 0.012091860844520852
309.0 0.008907620940590277
310.0 0.005723381400457583
311.0 1.7173573760992378e-10
312.0 1.7173573760992378e-10
313.0 1.7173573760992378e-10
314.0 1.7173573760992378e-10
315.0 1.7173573760992378e-10
316.0 1.7173573760992378e-10
317.0 1.7173573760992378e-10
318.0 1.7173573760992378e-10
319.0 0.0030657723982585594
320.0 0.007024601654848084
321.0 0.0035600034607341513
322.0 9.54057782109885e-05
323.0 1.7173573760992378e-10
324.0 1.7173573760992378e-10
325.0 0.00024033108729781816
326.0 0.001815356154111214
327.0 0.00012731590004477766
328.0 1.7173573760992378e-10
329.0 0.0005469741608976619
330.0 0.00265467260760488
331.0 0.0024575001589255407
332.0 0.002260327346448321
333.0 0.0011386961887183134
334.0 1.706489314301507e-05
335.0 0.0011831916708615609
336.0 0.002349317765037995
337.0 0.0028028644010191783
338.0 0.003256411218899302
339.0 0.0010816346730280202
340.0 1.7173573760992378e-10
341.0 1.7173573760992378e-10
342.0 6.82421671172051e-05
343.0 1.7173573760992378e-10
344.0 1.7173573760992378e-10
345.0 0.0005260019406705396
346.0 0.0018166536392527632
347.0 0.0006950110218895134
348.0 1.7173573760992378e-10
349.0 1.7173573760992378e-10
350.0 0.00040430181798001286
351.0 0.00032114226087287534
352.0 0.0002379823854425922
353.0 0.00040879463085730094
354.0 0.0005796068307972746
355.0 0.0008330296623171307
356.0 0.0010864522664633114
357.0 1.7173573760992378e-10
358.0 1.7173573760992378e-10
359.0 1.7173573760992378e-10
360.0 0.0006162896170280874
361.0 0.0006771015705453465
362.0 0.0007379136150120758
363.0 0.0001725385345707764
364.0 1.7173573760992378e-10
365.0 0.000318207275995519
366.0 0.0010292512342857663
367.0 0.0005559523742704187
368.0 8.265354267678049e-05
369.0 1.7173573760992378e-10
370.0 1.7173573760992378e-10
371.0 1.7173573760992378e-10
372.0 1.7173573760992378e-10
373.0 1.7173573760992378e-10
374.0 9.13252733880654e-05
375.0 3.6298538930168434e-05
376.0 1.7173573760992378e-10
377.0 0.00021637172267219285
378.0 0.0004514714873948833
379.0 0.0005222113031777553
380.0 0.0005929510280111572
381.0 0.0003516364358802093
382.0 0.0001103220711229369
383.0 0.000400986937165726
384.0 0.0006916517122590449
385.0 0.0007430974619637709
386.0 0.0007945433026179671
387.0 0.00037265294849930797
388.0 1.7173573760992378e-10
389.0 1.7173573760992378e-10
390.0 1.7173573760992378e-10
391.0 1.7173573760992378e-10
392.0 1.7173573760992378e-10
393.0 1.7173573760992378e-10
394.0 0.0006034312718838919
395.0 0.0006818368547101272
396.0 0.0007602424375363626
397.0 0.00046871346057741903
398.0 0.000177184358562954
399.0 0.0012760256140609272
400.0 0.0023748671083012596
401.0 0.003681745147332549
402.0 0.0049886220949701965
403.0 0.003743102934095077
404.0 0.0024975819542305544
405.0 0.002891498115786817
406.0 0.00328541464114096
407.0 0.0036632060073316097
408.0 0.004040997009724379
409.0 0.002605526242405176
410.0 0.0011700552022375632
411.0 0.001477664500271203
412.0 0.0017852740711532533
413.0 0.00271506705757929
414.0 0.003644860044005327
415.0 0.005971944847260602
416.0 0.008299028559122235
417.0 0.006824436422903091
418.0 0.005349842831492424
419.0 0.003966897202190012
420.0 0.0025839515728875995
421.0 0.0037238198274280876
422.0 0.004863687718170695
423.0 0.005161267836228944
424.0 0.005458848318085074
425.0 0.005556360702030361
426.0 0.005653873813571408
427.0 0.0052539893658831716
428.0 0.004854105645790696
429.0 0.0038979913369985297
430.0 0.002941877937701065
431.0 0.0035697488783625886
432.0 0.004197619637125172
433.0 0.003647064295364544
434.0 0.0030965093174017966
435.0 0.002617317659314722
436.0 0.002138126546924468
437.0 0.0012652339137275703
438.0 0.0003923412805306725
439.0 0.0009842617146205157
440.0 0.0015761819668114185
441.0 0.0009698122084955685
442.0 0.00036344272302812897
443.0 0.0009068390681932215
444.0 0.0014502355952572543
445.0 0.000918477053346578
446.0 0.00038671814763802104
447.0 0.00033922055990842637
448.0 0.00029172283575462643
449.0 0.0002905931069108192
450.0 0.0002894631961680716
451.0 0.0004255710337019991
452.0 0.0005616791440843372
453.0 0.0004058239937876351
454.0 0.00024996913907671114
455.0 0.00026412433271616464
456.0 0.0002782795490929857
457.0 0.00023588108888361603
458.0 0.00019348246951267356
459.0 0.0003668413910418167
460.0 0.0005402002443588572
461.0 0.0006922236480022548
462.0 0.0008442471880698577
463.0 0.0007057627499307273
464.0 0.0005672783117915969
465.0 0.0003625998488132609
466.0 0.00015792164731465164
467.0 0.00017241918612853624
468.0 0.00018691664536163444
469.0 0.0003967112661484862
470.0 0.0006065059551474405
471.0 0.00038231582948355936
472.0 0.00015812588571861852
473.0 0.0001517119358140917
474.0 0.00014529808822771884
475.0 0.00024878650037862826
476.0 0.0003522748329487513
477.0 0.00040936542973213363
478.0 0.0004664558673539432
479.0 0.0008096611963992473
480.0 0.0011528665709192865
481.0 0.0012740068086714018
482.0 0.0013951473192719277
483.0 0.0025251669285353273
484.0 0.003655186083051376
485.0 0.004249026096658781
486.0 0.004842865746468306
487.0 0.0066812048316933215
488.0 0.008519543916918337
489.0 0.01271357323275879
490.0 0.016907602548599243
491.0 0.022080705093685538
492.0 0.027253810549154878
493.0 0.0304995512124151
494.0 0.033745294786058366
495.0 0.03173834702465683
496.0 0.029731399263255298
497.0 0.023058708757162094
498.0 0.016386019706260413
499.0 0.0122769721201621
500.0 0.00816792162368074
501.0 0.0053347175708040595
502.0 0.002501511335140094
503.0 0.0018865408492274582
504.0 0.0012715703633148223
505.0 0.0014478389857686125
506.0 0.0016241074263234623
507.0 0.0019716177121154033
508.0 0.0023191276341094635
509.0 0.0025256465960410424
510.0 0.0027321651941747405
511.0 0.0021655374439433217
512.0 0.0015989098756108433
513.0 0.0016217158190556802
514.0 0.0016445219443994574
515.0 0.0019399492884986103
516.0 0.002235376632597763
517.0 0.002223749652330298
518.0 0.0022121230358607136
519.0 0.001755970879457891
520.0 0.0012998188140045386
521.0 0.0016273774235742167
522.0 0.0019549363059923053
523.0 0.0020796027456526645
524.0 0.0022042690034140833
525.0 0.002310631680302322
526.0 0.002416994539089501
527.0 0.0029270373488543555
528.0 0.003437080522417091
529.0 0.0037408273783512414
530.0 0.004044574598083273
531.0 0.003623513475758955
532.0 0.0032024534448282793
533.0 0.002285719347128179
534.0 0.001368984976579668
535.0 0.0016284491721307859
536.0 0.0018879132767324336
537.0 0.0021534897314268164
538.0 0.0024190663680201396
539.0 0.003128394018858671
540.0 0.0038377220334950835
541.0 0.004401353726279922
542.0 0.0049649850552668795
543.0 0.00509976307512261
544.0 0.005234540731180459
545.0 0.004738607458421029
546.0 0.004242674185661599
547.0 0.003035982808796689
548.0 0.0018292914319317788
549.0 0.001738568244036287
550.0 0.001647844874241855
551.0 0.0014156277757138014
552.0 0.0011834105862362776
553.0 0.00167094221978914
554.0 0.0021584739442914724
555.0 0.0019329330825712532
556.0 0.001707392766547855
557.0 0.0011967073078267276
558.0 0.0006860218491056003
559.0 0.000660545083519537
560.0 0.0006350683179334737
561.0 0.0006948232567083323
562.0 0.0007545781500084559
563.0 0.0012004581549263094
564.0 0.001646338205318898
565.0 0.001483868618379347
566.0 0.0013213993042882066
567.0 0.0013815670172334649
568.0 0.0014417348211281933
569.0 0.0010982837920892052
570.0 0.0007548329904238926
571.0 0.0005162155048310524
572.0 0.0002775980419755797
573.0 0.0002799302137646009
574.0 0.00028226234007888706
575.0 0.00032404234389105113
576.0 0.0003658223477032152
577.0 0.00040065824578050524
578.0 0.00043549412112042774
579.0 0.0003555929197318619
580.0 0.00027569174108066363
581.0 0.00029475461360561894
582.0 0.00031381748613057425
583.0 0.00026756736133393133
584.0 0.00022131721379992086
585.0 0.000386988995160209
586.0 0.000552660685571027
587.0 0.0004054671535413945
588.0 0.0002582735987743945
589.0 0.000494882078783121
590.0 0.0007314906724786852
591.0 0.0006317224233498564
592.0 0.0005319541287462926
593.0 0.0006333882538456237
594.0 0.0007348223789449548
595.0 0.0005283930477162357
596.0 0.00032196360280067893
597.0 0.0002601176447569742
598.0 0.000198271709450637
599.0 0.0002672846449058852
600.0 0.00033629762583586853
601.0 0.0004200438070256496
602.0 0.0005037900791649008
603.0 0.00030583105399273336
604.0 0.00010787210840135231
605.0 0.00014873563713990734
606.0 0.00018959913177241106
607.0 0.00021893761186220217
608.0 0.00024827606921462575
609.0 0.00026047969186038245
610.0 0.00027268335998087423
611.0 0.00034342526760156034
612.0 0.0004141672434343491
613.0 0.00030850696930428967
614.0 0.0002028467633863329
615.0 0.00036073849969398
616.0 0.0005186302587389946
617.0 0.0003697957254189532
618.0 0.00022096128304838203
619.0 8.27243525236554e-05
620.0 1.7173573760992378e-10
621.0 0.0001488352609158028
622.0 0.00035318300888320664
623.0 0.0003119150278507732
624.0 0.0002706470922930748
625.0 0.0003400797822905588
626.0 0.0004095124950254103
627.0 0.00041200319174095057
628.0 0.000414493979405961
629.0 0.0004318150331528159
630.0 0.0004491359959502006
631.0 0.000491417358716717
632.0 0.000533698539584293
633.0 0.0004464031462703133
634.0 0.0003591077756937011
635.0 0.0003754797489818884
636.0 0.00039185179048217833
637.0 0.0002739252295214101
638.0 0.00015599862308590673
639.0 0.00023273230453924043
640.0 0.0003094660314673092
641.0 0.00045863353079766966
642.0 0.000607800984653295
643.0 0.0005320245236362098
644.0 0.000456247789770714
645.0 0.0006057874088583048
646.0 0.0007553271188953659
647.0 0.0008454948329017498
648.0 0.0009356624104839284
649.0 0.0008984682608570438
650.0 0.0008612741112301592
651.0 0.0009055005648406222
652.0 0.0009497270184510853
653.0 0.0008640156011097133
654.0 0.0007783041837683413
655.0 0.0009915511327562854
656.0 0.001204797899845289
657.0 0.001956092455657199
658.0 0.002707387102418579
659.0 0.004370978058432229
660.0 0.047990892198868096
661.0 0.12604660587385297
662.0 0.06953337579034269
663.0 0.09326793951913714
664.0 0.1169856870546937
665.0 0.06824656738899648
666.0 0.0925547443330288
667.0 0.15841254498809576
668.0 0.15483879251405597
669.0 0.17319995677098632
670.0 0.27128716465085745
671.0 0.3808078821748495
672.0 0.5897379945963621
673.0 0.9070484898984432
674.0 1.4284576289355755
675.0 2.186039090156555
676.0 3.140660747885704
677.0 4.406760632991791
678.0 5.729889497160912
679.0 7.087551057338715
680.0 8.857573568820953
681.0 10.825558006763458
682.0 13.337841629981995
683.0 16.126012802124023
684.0 19.173114001750946
685.0 22.152037918567657
686.0 25.21483302116394
687.0 28.415578603744507
688.0 31.616297364234924
689.0 34.666940569877625
690.0 38.100871443748474
691.0 41.81669056415558
692.0 46.28024697303772
693.0 51.13126039505005
694.0 56.64340853691101
695.0 62.22514510154724
696.0 68.54875087738037
697.0 74.18656349182129
698.0 80.52023649215698
699.0 85.42415499687195
700.0 89.3649160861969
701.0 92.75909066200256
702.0 95.06856203079224
703.0 96.48780226707458
704.0 97.24060893058777
705.0 97.80610799789429
706.0 97.91461825370789
707.0 98.14966320991516
708.0 98.19042086601257
709.0 98.22818636894226
710.0 97.97878861427307
711.0 98.20683002471924
712.0 97.97594547271729
713.0 98.12231063842773
714.0 98.13886284828186
715.0 98.2556939125061
716.0 98.13197255134583
717.0 98.33052158355713
718.0 98.46252799034119
719.0 98.38746190071106
720.0 98.61436486244202
721.0 98.54631423950195
722.0 98.30223321914673
723.0 98.08912873268127
724.0 97.75903224945068
725.0 97.49521017074585
726.0 97.13772535324097
727.0 96.87896370887756
728.0 96.5732991695404
729.0 96.35582566261292
730.0 96.33814096450806
731.0 96.37061357498169
732.0 96.39541506767273
733.0 96.6977059841156
734.0 97.08855152130127
735.0 97.35758304595947
736.0 97.77554273605347
737.0 98.14901351928711
738.0 98.38789701461792
739.0 98.76787662506104
740.0 98.94843101501465
741.0 98.75633120536804
742.0 99.03964400291443
743.0 98.94822835922241
744.0 98.74176979064941
745.0 98.72108101844788
746.0 98.6151933670044
747.0 98.90917539596558
748.0 98.76002669334412
749.0 98.67841005325317
750.0 98.6928403377533
751.0 98.60721230506897
752.0 98.50338101387024
753.0 98.74439835548401
754.0 98.61363172531128
755.0 98.7253487110138
756.0 98.78988265991211
757.0 98.7724781036377
758.0 98.95841479301453
759.0 98.9285945892334
760.0 98.75609278678894
761.0 98.72068166732788
762.0 98.75341653823853
763.0 98.6833393573761
764.0 98.45843315124512
765.0 98.51236343383789
766.0 98.55549931526184
767.0 98.40635061264038
768.0 98.41158986091614
769.0 98.50814938545227
770.0 98.27345013618469
771.0 98.30275177955627
772.0 98.43149185180664
773.0 98.36066961288452
774.0 98.23969602584839
775.0 98.27612638473511
776.0 98.17100763320923
777.0 98.25145602226257
778.0 98.23177456855774
779.0 98.18115234375
780.0 98.0182945728302
781.0 98.25102686882019
782.0 98.10322523117065
783.0 98.10437560081482
784.0 98.03187847137451
785.0 98.23647737503052
786.0 98.39808344841003
787.0 98.10943007469177
788.0 98.25178384780884
789.0 98.27854037284851
790.0 98.2401192188263
791.0 98.2722520828247
792.0 98.18822145462036
793.0 98.1683075428009
794.0 98.14320802688599
795.0 98.09690713882446
796.0 98.17594289779663
797.0 98.25835824012756
798.0 98.31565618515015
799.0 98.1228232383728
800.0 97.95429706573486
801.0 98.07708263397217
802.0 98.01615476608276
803.0 97.72765040397644
804.0 97.64024019241333
805.0 97.36113548278809
806.0 97.10355401039124
807.0 96.64121866226196
808.0 96.07972502708435
809.0 95.24334073066711
810.0 94.32377815246582
811.0 93.03123354911804
812.0 91.25447273254395
813.0 89.16199207305908
814.0 86.64706349372864
815.0 83.61575603485107
816.0 80.28684258460999
817.0 76.30828022956848
818.0 71.65378928184509
819.0 67.4493134021759
820.0 62.4148428440094
821.0 57.73152709007263
822.0 53.161901235580444
823.0 48.3875036239624
824.0 43.74061822891235
825.0 39.418625831604004
826.0 34.86098051071167
827.0 30.10718822479248
828.0 25.78774094581604
829.0 21.503323316574097
830.0 16.984795033931732
831.0 13.430596888065338
832.0 9.757515788078308
833.0 6.786662340164185
834.0 4.460113123059273
835.0 2.8062185272574425
836.0 1.703830249607563
837.0 0.9700589813292027
838.0 0.5342400167137384
839.0 0.32951480243355036
840.0 0.20442167297005653
841.0 0.1115790568292141
842.0 0.07272110669873655
843.0 0.06641423096880317
844.0 1.7173573760992378e-10
845.0 0.005811484516016208
846.0 0.0013923724509368185
847.0 1.7173573760992378e-10
848.0 1.7173573760992378e-10
849.0 1.7173573760992378e-10
850.0 1.7173573760992378e-10
851.0 0.0024459213818772696
852.0 0.003054770058952272
853.0 0.001407267882314045
854.0 1.7173573760992378e-10
855.0 1.7173573760992378e-10
856.0 0.00014052717460799613
857.0 0.0003708971007654327
858.0 0.0006012671292410232
859.0 0.0003455767910054419
860.0 8.988655508801457e-05
861.0 1.7173573760992378e-10
862.0 1.7173573760992378e-10
863.0 1.7173573760992378e-10
864.0 8.966607083493727e-05
865.0 0.0001542351583339041
866.0 0.00021880421172681963
867.0 0.0001619814270270581
868.0 0.00010515859685256146
869.0 0.00014032833632882102
870.0 0.00017549805306771304
871.0 7.572805316158338e-05
872.0 1.7173573760992378e-10
873.0 8.779429663263727e-05
874.0 0.00019963054000982083
875.0 0.0001769128289197397
876.0 0.00015419512919834233
877.0 7.545127118646633e-05
878.0 1.7173573760992378e-10
879.0 1.7173573760992378e-10
880.0 1.7173573760992378e-10
881.0 1.3691010281036142e-05
882.0 0.00011693377928168047
883.0 1.2581486430462974e-05
884.0 1.7173573760992378e-10
885.0 6.447842793022573e-05
886.0 0.00022072761112212902
887.0 0.00012276213965378702
888.0 2.4796622710709926e-05
889.0 3.683500722218014e-05
890.0 4.887337468062469e-05
891.0 1.7173573760992378e-10
892.0 1.7173573760992378e-10
893.0 1.7173573760992378e-10
894.0 0.0001377866624352464
895.0 0.00013658143416250823
