lsstCam/transmission_filter_detector/r31_s21/y_10/19700101T000000.ecsv
# %ECSV 1.0
# ---
# datatype:
# - {name: wavelength, unit: nm, datatype: float32}
# - {name: efficiency, unit: '%', datatype: float64}
# meta: !!omap
# - {MODE: DETECTOR}
# - {TYPE: transmission_filter_detector}
# - {CALIBDATE: '1970-01-01T00:00:00'}
# - {INSTRUME: LSSTCam}
# - {OBSTYPE: transmission_filter_detector}
# - {CALIBCLS: lsst.ip.isr.IntermediateFilterDetectorTransmissionCurve}
# - {SOURCE: Materion (DM-46256)}
# - {DETECTOR: 133}
# - {FILTER: y_10}
# - {CALIB_ID: 'calibDate=1970-01-01T00:00:00 filter=y_10 detector=133'}
# - {DATE: '2025-04-02T15:59:51.360807'}
# - {CALIB_CREATION_DATE: '2025-04-02'}
# - {CALIB_CREATION_TIME: '15:59:51'}
# - __serialized_columns__:
#     efficiency:
#       __class__: astropy.units.quantity.Quantity
#       unit: !astropy.units.Unit {unit: '%'}
#       value: !astropy.table.SerializedColumn {name: efficiency}
#     wavelength:
#       __class__: astropy.units.quantity.Quantity
#       unit: !astropy.units.Unit {unit: nm}
#       value: !astropy.table.SerializedColumn {name: wavelength}
# schema: astropy-2.0
wavelength efficiency
[from data line 576]
876.0 0.002773517553578131
877.0 0.0024314287657034583
878.0 0.002089340523525607
879.0 0.0016784460967755876
880.0 0.0656306161545217
881.0 0.09823357686400414
882.0 0.07361031020991504
883.0 0.09833296062424779
884.0 0.06923536420799792
885.0 0.1032371656037867
886.0 0.0659796001855284
887.0 0.10019154287874699
888.0 0.06784037104807794
889.0 0.10315281106159091
890.0 0.0716386130079627
891.0 0.09799868566915393
892.0 0.0730753701645881
893.0 0.10846443474292755
894.0 0.07908653351478279
895.0 0.10733961826190352
896.0 0.08221925236284733
897.0 0.11458538938313723
898.0 0.0830678443890065
899.0 0.12408492621034384
900.0 0.11218850268051028
901.0 0.13739496935158968
902.0 0.16507700784131885
903.0 0.1722632092423737
904.0 0.19405472557991743
905.0 0.22271778434515
906.0 0.27721221558749676
907.0 0.3544002305716276
908.0 0.48096077516674995
909.0 0.6146853789687157
910.0 0.8705270476639271
911.0 1.2315466068685055
912.0 1.8317840993404388
913.0 2.718762680888176
914.0 3.8159601390361786
915.0 5.471606180071831
916.0 7.526560127735138
917.0 9.79968085885048
918.0 12.447264790534973
919.0 14.997409284114838
920.0 18.433338403701782
921.0 21.9090536236763
922.0 25.330212712287903
923.0 29.393893480300903
924.0 33.846503496170044
925.0 38.86267840862274
926.0 44.917258620262146
927.0 51.54320001602173
928.0 57.4346125125885
929.0 63.9051079750061
930.0 69.65108513832092
931.0 75.42029023170471
932.0 80.76188564300537
933.0 85.37530899047852
934.0 88.84498476982117
935.0 91.35327339172363
936.0 93.33931803703308
937.0 94.75671648979187
938.0 95.6805408000946
939.0 96.10912203788757
940.0 96.50954008102417
941.0 96.69739007949829
942.0 96.92885875701904
943.0 97.03303575515747
944.0 97.35147356987
945.0 97.3037838935852
946.0 97.42077589035034
947.0 97.41491675376892
948.0 97.55967855453491
949.0 97.44576811790466
950.0 97.5156307220459
951.0 97.60011434555054
952.0 97.65705466270447
953.0 97.8363573551178
954.0 97.91408181190491
955.0 97.98069596290588
956.0 98.16848039627075
957.0 98.36462140083313
958.0 98.51214289665222
959.0 98.6185073852539
960.0 98.68233799934387
961.0 98.75838160514832
962.0 98.85537624359131
963.0 98.85780811309814
964.0 98.91873002052307
965.0 98.93972873687744
966.0 99.0287184715271
967.0 99.08523559570312
968.0 99.06981587409973
969.0 99.04336929321289
970.0 99.12135004997253
971.0 99.1528332233429
972.0 99.17978644371033
973.0 99.26543235778809
974.0 99.2962658405304
975.0 99.24225211143494
976.0 99.29999709129333
977.0 99.26310181617737
978.0 99.33095574378967
979.0 99.29643869400024
980.0 99.250328540802
981.0 99.18282628059387
982.0 99.1299033164978
983.0 99.12030100822449
984.0 99.1010308265686
985.0 99.12504553794861
986.0 98.96888136863708
987.0 99.05195236206055
988.0 98.9326536655426
989.0 98.94306063652039
990.0 98.85923266410828
991.0 98.91338348388672
992.0 99.0064024925232
993.0 98.93993139266968
994.0 98.91473650932312
995.0 98.96200299263
996.0 98.91883730888367
997.0 99.05914068222046
998.0 99.09301996231079
999.0 99.1222083568573
1000.0 99.1904079914093
1001.0 99.10148978233337
1002.0 99.22775030136108
1003.0 99.2554247379303
1004.0 99.35516715049744
1005.0 99.25559759140015
1006.0 99.38022494316101
1007.0 99.37639236450195
1008.0 99.30569529533386
1009.0 99.27802085876465
1010.0 99.34336543083191
1011.0 99.32320713996887
1012.0 99.21835660934448
1013.0 99.20803308486938
1014.0 99.18900728225708
1015.0 99.15903806686401
1016.0 99.1405725479126
1017.0 99.22382831573486
1018.0 99.24893379211426
1019.0 99.15673732757568
1020.0 99.18015599250793
1021.0 99.37934279441833
1022.0 99.20868277549744
1023.0 99.26782846450806
1024.0 99.25084114074707
1025.0 99.22165274620056
1026.0 99.3002712726593
1027.0 99.39908981323242
1028.0 99.30003881454468
1029.0 99.44247007369995
1030.0 99.47149753570557
1031.0 99.38064217567444
1032.0 99.47785139083862
1033.0 99.38942193984985
1034.0 99.42796230316162
1035.0 99.46169853210449
1036.0 99.40289855003357
1037.0 99.37915205955505
1038.0 99.31067824363708
1039.0 99.30479526519775
1040.0 99.26316142082214
1041.0 99.27728176116943
1042.0 99.28343296051025
1043.0 99.21726584434509
1044.0 99.24885034561157
1045.0 99.0014374256134
1046.0 99.25546050071716
1047.0 99.10537004470825
1048.0 99.18065071105957
1049.0 99.1642713546753
1050.0 99.06087517738342
1051.0 99.05519485473633
1052.0 99.00216460227966
1053.0 98.97441267967224
1054.0 99.1626501083374
1055.0 99.22946691513062
1056.0 99.10706877708435
1057.0 99.19525980949402
1058.0 99.05160665512085
1059.0 99.04593825340271
1060.0 99.25487637519836
1061.0 99.09883141517639
1062.0 99.18372631072998
1063.0 98.99376630783081
1064.0 99.23686981201172
1065.0 99.22152161598206
1066.0 99.10646677017212
1067.0 99.33056235313416
1068.0 99.11019206047058
1069.0 99.02454614639282
1070.0 99.37523603439331
1071.0 99.19008612632751
1072.0 99.17122721672058
1073.0 99.28014874458313
1074.0 98.91502261161804
1075.0 98.9136278629303
1076.0 98.82075190544128
1077.0 99.05929565429688
1078.0 99.25152063369751
1079.0 98.81722927093506
1080.0 99.54167604446411
1081.0 98.8381028175354
1082.0 98.8503634929657
1083.0 98.90819191932678
1084.0 99.33648109436035
1085.0 99.10668134689331
1086.0 98.8847553730011
1087.0 99.13365840911865
1088.0 98.9601731300354
1089.0 98.69146347045898
1090.0 98.76974821090698
1091.0 98.82175922393799
1092.0 98.80266785621643
1093.0 98.73574376106262
1094.0 98.67811799049377
1095.0 98.56643080711365
1096.0 98.55312705039978
1097.0 98.51247668266296
1098.0 97.97040224075317
1099.0 98.48703742027283
1100.0 98.29996824264526
