lsstCam/transmission_filter_detector/r31_s21/y_10/19700101T000000.ecsv
# %ECSV 1.0
# ---
# datatype:
# - {name: wavelength, unit: nm, datatype: float32}
# - {name: efficiency, unit: '%', datatype: float64}
# meta: !!omap
# - {MODE: DETECTOR}
# - {TYPE: transmission_filter_detector}
# - {CALIBDATE: '1970-01-01T00:00:00'}
# - {INSTRUME: LSSTCam}
# - {OBSTYPE: transmission_filter_detector}
# - {CALIBCLS: lsst.ip.isr.IntermediateFilterDetectorTransmissionCurve}
# - {SOURCE: Materion (DM-46256)}
# - {DETECTOR: 133}
# - {FILTER: y_10}
# - {CALIB_ID: 'calibDate=1970-01-01T00:00:00 filter=y_10 detector=133'}
# - {DATE: '2025-04-02T15:59:51.360807'}
# - {CALIB_CREATION_DATE: '2025-04-02'}
# - {CALIB_CREATION_TIME: '15:59:51'}
# - __serialized_columns__:
#     efficiency:
#       __class__: astropy.units.quantity.Quantity
#       unit: !astropy.units.Unit {unit: '%'}
#       value: !astropy.table.SerializedColumn {name: efficiency}
#     wavelength:
#       __class__: astropy.units.quantity.Quantity
#       unit: !astropy.units.Unit {unit: nm}
#       value: !astropy.table.SerializedColumn {name: wavelength}
# schema: astropy-2.0
wavelength efficiency
300.0 0.017523729184176773
301.0 0.019368884386494756
302.0 0.021214036678429693
303.0 0.017040975217241794
304.0 0.012867912300862372
305.0 0.011299236211925745
306.0 0.009730556485010311
307.0 0.008407306449953467
308.0 0.007084057870088145
309.0 0.00595420970057603
310.0 0.004824361167266034
311.0 0.004734817412099801
312.0 0.004645274020731449
313.0 0.006454884714912623
314.0 0.008264494681498036
315.0 0.007226166781038046
316.0 0.0061878381529822946
317.0 0.00494420928589534
318.0 0.003700581510202028
319.0 0.002057007259281818
320.0 0.0004134329628868727
321.0 0.0002916912080763723
322.0 0.00016994948737192317
323.0 0.0014633224964200053
324.0 0.002756695539574139
325.0 0.0025413877665414475
326.0 0.002326080357306637
327.0 0.00226418978854781
328.0 0.0022022992197889835
329.0 0.0028346094040898606
330.0 0.0034669195883907378
331.0 0.0031761690479470417
332.0 0.002885418689402286
333.0 0.0025201166863553226
334.0 0.002154814137611538
335.0 0.002087320353894029
336.0 0.002019826388277579
337.0 0.0019415545466472395
338.0 0.0018632828869158402
339.0 0.001242839698534226
340.0 0.0006223965101526119
341.0 0.0009362251148559153
342.0 0.001250053901458159
343.0 0.001592279841133859
344.0 0.0019345059627084993
345.0 0.001231935038958909
346.0 0.0005293641606840538
347.0 0.0007104573796823388
348.0 0.0008915506441553589
349.0 0.0010086013389809523
350.0 0.0011256520338065457
351.0 0.0012168828106950969
352.0 0.0013081136785331182
353.0 0.0014580464267055504
354.0 0.0016079791748779826
355.0 0.0015544534107903019
356.0 0.0015009277376520913
357.0 0.001298489405598957
358.0 0.001096051164495293
359.0 0.0010784086043713614
360.0 0.0010607661351969
361.0 0.0009019386197905988
362.0 0.0007431112408085028
363.0 0.0007830626600480173
364.0 0.0008230139428633265
365.0 0.0011637012903520372
366.0 0.0015043888197396882
367.0 0.0017899674276122823
368.0 0.0020755460354848765
369.0 0.001686540235823486
370.0 0.0012975347999599762
371.0 0.0012189581866550725
372.0 0.0011403818461985793
373.0 0.0015380497643491253
374.0 0.0019357175915502012
375.0 0.002805116673698649
376.0 0.0036745157558470964
377.0 0.004031952994409949
378.0 0.00438938986917492
379.0 0.004102293314645067
380.0 0.0038151971239130944
381.0 0.003039690818695817
382.0 0.0022641848772764206
383.0 0.0016522675650776364
384.0 0.0010403502528788522
385.0 0.0008054584213823546
386.0 0.000570566589885857
387.0 0.0005177931598154828
388.0 0.00046501972974510863
389.0 0.0005292914920573821
390.0 0.0005935632998443907
391.0 0.0005960050657449756
392.0 0.0005984466497466201
393.0 0.0005801534825877752
394.0 0.00056186013352999
395.0 0.0006333114015433239
396.0 0.0007047625786071876
397.0 0.0006763164037693059
398.0 0.0006478700470324839
399.0 0.0009044393664225936
400.0 0.0011610086403379682
401.0 0.0013982830751047004
402.0 0.0016355576008209027
403.0 0.0017332909919787198
404.0 0.0018310247469344176
405.0 0.0018342276234761812
406.0 0.0018374305000179447
407.0 0.001712913035589736
408.0 0.0015883957530604675
409.0 0.0013382864381128456
410.0 0.001088177214114694
411.0 0.0005385850727179786
412.0 1.5980567563689263e-10
413.0 0.00048489282562513836
414.0 0.0009807928108784836
415.0 0.0003235268877688213
416.0 1.5980567563689263e-10
417.0 1.5980567563689263e-10
418.0 1.5980567563689263e-10
419.0 2.089948765160443e-05
420.0 0.00020561794826789992
421.0 4.9301655735689565e-05
422.0 1.5980567563689263e-10
423.0 1.5980567563689263e-10
424.0 1.5980567563689263e-10
425.0 1.5980567563689263e-10
426.0 1.5980567563689263e-10
427.0 1.5980567563689263e-10
428.0 0.0002501669314369792
429.0 1.6846190931119054e-05
430.0 1.5980567563689263e-10
431.0 1.5980567563689263e-10
432.0 1.5980567563689263e-10
433.0 6.125764571152104e-05
434.0 0.00015122913055165554
435.0 0.0003275600647612009
436.0 0.0005038910785515327
437.0 0.0002867490138669382
438.0 6.960682412682218e-05
439.0 0.0005616057933366392
440.0 0.0010536045920161996
441.0 0.000843003363115713
442.0 0.0006324021342152264
443.0 0.0004844260729441885
444.0 0.00033644998893578304
445.0 0.0003355854687470128
446.0 0.0003347209485582425
447.0 0.00041486305235594045
448.0 0.0004950051334162708
449.0 0.0004545895990304416
450.0 0.0004141739736951422
451.0 0.0005075183253211435
452.0 0.0006008627224218799
453.0 0.00034643853723537177
454.0 9.201426678373537e-05
455.0 0.0003629064622145961
456.0 0.0006337986633297987
457.0 0.0002983430022140965
458.0 1.5980567563689263e-10
459.0 1.5980567563689263e-10
460.0 1.5980567563689263e-10
461.0 1.5980567563689263e-10
462.0 1.4330431064024651e-06
463.0 0.00012654019201363553
464.0 0.0002516474069125252
465.0 0.0006073023996577831
466.0 0.0009629575288272463
467.0 0.0009488031537330244
468.0 0.0009346489605377428
469.0 0.0012925799637741875
470.0 0.0016505111489095725
471.0 0.0017861571905086748
472.0 0.0019218032321077771
473.0 0.002203843541792594
474.0 0.0024858833057805896
475.0 0.0026130872356588952
476.0 0.0027402913474361412
477.0 0.0028913183996337466
478.0 0.003042345451831352
479.0 0.0034431817766744643
480.0 0.003844018283416517
481.0 0.0041639919800218195
482.0 0.004483965676627122
483.0 0.00449860563094262
484.0 0.004513245585258119
485.0 0.004177615119260736
486.0 0.0038419850170612335
487.0 0.0032236395782092586
488.0 0.002605294321256224
489.0 0.0024726619813009165
490.0 0.0023400294594466686
491.0 0.0020366824173834175
492.0 0.0017333353753201663
493.0 0.001777566285454668
494.0 0.0018217970136902295
495.0 0.00187041332537774
496.0 0.0019190298189641908
497.0 0.0014475256648438517
498.0 0.0009760215107235126
499.0 0.001717474515317008
500.0 0.002458927519910503
501.0 0.0024631372070871294
502.0 0.002467347076162696
503.0 0.002861214852600824
504.0 0.0032550822652410716
505.0 0.0026194047677563503
506.0 0.0019837269064737484
507.0 0.002100148230965715
508.0 0.002216569373558741
509.0 0.002099910307151731
510.0 0.001983251240744721
511.0 0.0019512541257427074
512.0 0.0019192568288417533
513.0 0.0019610213712439872
514.0 0.002002785913646221
515.0 0.0016607520592515357
516.0 0.00131871811390738
517.0 0.0012420679922797717
518.0 0.001165417688753223
519.0 0.0011319186342007015
520.0 0.0010984198524965905
521.0 0.0011858707694045734
522.0 0.001273321504413616
523.0 0.0015209725461318158
524.0 0.0017686234059510753
525.0 0.0020862864403170533
526.0 0.002403949656581972
527.0 0.0021773237676825374
528.0 0.001950697878783103
529.0 0.0020902509277220815
530.0 0.0022298037947621197
531.0 0.0021779982489533722
532.0 0.002126192885043565
533.0 0.0020930681785102934
534.0 0.0020599434719770215
535.0 0.0018939137589768507
536.0 0.0017278838640777394
537.0 0.001960321424121503
538.0 0.0021927591660642065
539.0 0.0024419670808129013
540.0 0.0026911748136626557
541.0 0.003436296174186282
542.0 0.004181417534709908
543.0 0.0044502368837129325
544.0 0.004719056596513838
545.0 0.004972968963556923
546.0 0.005226880966802128
547.0 0.0046710996684851125
548.0 0.004115318006370217
549.0 0.0033982440072577447
550.0 0.002681170190044213
551.0 0.0024943716198322363
552.0 0.0023075730496202596
553.0 0.0024572800612077117
554.0 0.0026069874365930445
555.0 0.003363745054230094
556.0 0.004120503217563964
557.0 0.004053339944221079
558.0 0.003986177034676075
559.0 0.0037334259104682133
560.0 0.0034806751500582322
561.0 0.003561120684025809
562.0 0.003641566217993386
563.0 0.0035029894206672907
564.0 0.003364411895745434
565.0 0.0035756344004767016
566.0 0.0037868569052079692
567.0 0.004118483411730267
568.0 0.004450109554454684
569.0 0.0048575864639133215
570.0 0.0052650637371698394
571.0 0.00570842094020918
572.0 0.0061517785070464015
573.0 0.0063803818193264306
574.0 0.006608985859202221
575.0 0.006437245610868558
576.0 0.006265506090130657
577.0 0.005900441465200856
578.0 0.005535376840271056
579.0 0.005636489004245959
580.0 0.005737601168220863
581.0 0.00610820425208658
582.0 0.006478807335952297
583.0 0.007761859887978062
584.0 0.009044913167599589
585.0 0.009650959691498429
586.0 0.010257008398184553
587.0 0.010637185914674774
588.0 0.01101736634154804
589.0 0.010671356722014025
590.0 0.010325349285267293
591.0 0.009881854930426925
592.0 0.00943836203077808
593.0 0.008273431012639776
594.0 0.007108500722097233
595.0 0.006177650357130915
596.0 0.00524680144735612
597.0 0.005505118315340951
598.0 0.005763435183325782
599.0 0.00666230553179048
600.0 0.007561175152659416
601.0 0.008739882468944415
602.0 0.009918588330037892
603.0 0.01034400484059006
604.0 0.01076942280633375
605.0 0.010703674342948943
606.0 0.010637925151968375
607.0 0.009853412484517321
608.0 0.009068899817066267
609.0 0.0075442389061208814
610.0 0.006019578722771257
611.0 0.004966111737303436
612.0 0.003912646207027137
613.0 0.003693368853419088
614.0 0.0034740911360131577
615.0 0.004082240411662497
616.0 0.004690389687311836
617.0 0.0058839756093220785
618.0 0.007077559712342918
619.0 0.008613242243882269
620.0 0.010148923320230097
621.0 0.010784759797388688
622.0 0.01142059700214304
623.0 0.011609699868131429
624.0 0.011798800551332533
625.0 0.011228446965105832
626.0 0.010658091923687607
627.0 0.00879738581716083
628.0 0.006936679710634053
629.0 0.005496997982845642
630.0 0.004057315527461469
631.0 0.0033689084375509992
632.0 0.0026805009838426486
633.0 0.0025589284632587805
634.0 0.0024373563064727932
635.0 0.002634426891745534
636.0 0.002831497840816155
637.0 0.0032644555176375434
638.0 0.0036974131944589317
639.0 0.004396153963170946
640.0 0.00509489473188296
641.0 0.005266760854283348
642.0 0.005438626976683736
643.0 0.005640308518195525
644.0 0.005841990059707314
645.0 0.005250043250271119
646.0 0.004658097168430686
647.0 0.004103048195247538
648.0 0.003547999949660152
649.0 0.002859426058421377
650.0 0.0021708519852836616
651.0 0.0018564416677691042
652.0 0.0015420311683556065
653.0 0.0013974027751828544
654.0 0.0012527743820101023
655.0 0.0014029636076884344
656.0 0.001553153015265707
657.0 0.0016701957065379247
658.0 0.0017872383978101425
659.0 0.0016297417460009456
660.0 0.0014722451851412188
661.0 0.0015190154954325408
662.0 0.0015657860785722733
663.0 0.0017209084035130218
664.0 0.0018760303646558896
665.0 0.002527204378566239
666.0 0.0031783783924765885
667.0 0.0037817702832398936
668.0 0.004385162174003199
669.0 0.005187018541619182
670.0 0.005988875273033045
671.0 0.006700093217659742
672.0 0.007411310070892796
673.0 0.007623465353390202
674.0 0.007835620635887608
675.0 0.007415838626911864
676.0 0.0069960566179361194
677.0 0.006120211037341505
678.0 0.005244365456746891
679.0 0.004116092895856127
680.0 0.002987819789268542
681.0 0.0018998091036337428
682.0 0.0008117985089484137
683.0 0.0006849173587397672
684.0 0.0005580362540058559
685.0 0.00019637068362499122
686.0 1.5980567563689263e-10
687.0 1.5980567563689263e-10
688.0 8.582381383348547e-05
689.0 0.0001965391447811271
690.0 0.0003072544586757431
691.0 0.00029342018024181016
692.0 0.0002795857881210395
693.0 0.00034384859191050055
694.0 0.00040811137296259403
695.0 0.00042291658246540464
696.0 0.0004377220648166258
697.0 0.00032499456210643984
698.0 0.0002122670593962539
699.0 0.000292522872769041
700.0 0.00037277873161656316
701.0 0.00035257435229141265
702.0 0.00033236988201679196
703.0 0.00023500399493059376
704.0 0.00013763816468781442
705.0 0.0001754272602738638
706.0 0.00021321632175386185
707.0 0.00022222634470381308
708.0 0.00023123636765376432
709.0 0.0003979272150900215
710.0 0.0005646181307383813
711.0 0.0004622835149348248
712.0 0.0003599488763939007
713.0 0.0002257342885059188
714.0 9.151968356491125e-05
715.0 0.00016113012861751486
716.0 0.00023074053387972526
717.0 2.645238339482603e-05
718.0 1.5980567563689263e-10
719.0 9.274867096564776e-06
720.0 0.00019638562207546784
721.0 0.00031373401725431904
722.0 0.00043108252612000797
723.0 0.000385502335120691
724.0 0.000339922144121374
725.0 0.0006221779131010408
726.0 0.0009044336366059724
727.0 0.0003708757731146761
728.0 1.5980567563689263e-10
729.0 8.353902103408473e-06
730.0 0.00017938959899765905
731.0 0.00030347473511938006
732.0 0.0004275597802916309
733.0 0.00057438223848294
734.0 0.0007212048785731895
735.0 0.0004338380676927045
736.0 0.00014647129091827082
737.0 0.00022780914150644094
738.0 0.0003091470034632948
739.0 5.1147861768185976e-05
740.0 1.5980567563689263e-10
741.0 2.703231700706965e-05
742.0 0.0002609158173072501
743.0 0.0004192846972728148
744.0 0.0005776535090262769
745.0 0.0005680080448655644
746.0 0.0005583624897553818
747.0 0.0004855054612562526
748.0 0.0004126484327571234
749.0 0.00043998479668516666
750.0 0.00046732111513847485
751.0 0.000532150852450286
752.0 0.0005969806352368323
753.0 0.0004906137746729655
754.0 0.0003842470050585689
755.0 0.0005441401754069375
756.0 0.0007040333912300412
757.0 0.0005689899353455985
758.0 0.00043394647946115583
759.0 0.0002151957232854329
760.0 1.5980567563689263e-10
761.0 0.0001287706254515797
762.0 0.00026109621558134677
763.0 0.0002448875875415979
764.0 0.00022867870939080603
765.0 0.0001515907342763967
766.0 7.450283305843186e-05
767.0 0.0002356337063247338
768.0 0.00039676456253801007
769.0 0.00014285419638326857
770.0 1.5980567563689263e-10
771.0 0.00010755437642728793
772.0 0.0003261649908381514
773.0 0.00024514170036127325
774.0 0.0001641184780964977
775.0 0.00029533100587286754
776.0 0.0004265436473360751
777.0 0.0003619449671532493
778.0 0.0002973461732835858
779.0 0.0005954646439931821
780.0 0.0008935830010159407
781.0 0.0008238326699938625
782.0 0.000754082157072844
783.0 0.0007509087481594179
784.0 0.0007477353392459918
785.0 0.0006184440735523822
786.0 0.0004891527623840375
787.0 0.0003410470753806294
788.0 0.00019294136563985376
789.0 0.000216691910281952
790.0 0.0002404422730251099
791.0 0.000413235602536588
792.0 0.0005860288638359634
793.0 0.0007983285286172759
794.0 0.0010106281479238532
795.0 0.0007102102699718671
796.0 0.00040979230107041076
797.0 0.0008031111065065488
798.0 0.0011964297300437465
799.0 0.0008563361916458234
800.0 0.0005162426532479003
801.0 0.0008178922143997625
802.0 0.0011195417755516246
803.0 0.0009798067367228214
804.0 0.0008400716978940181
805.0 0.0005960120233794441
806.0 0.00035195246255170787
807.0 0.00016924994952205452
808.0 1.5980567563689263e-10
809.0 0.00037747770420537563
810.0 0.0007684081538172904
811.0 0.0005890394277230371
812.0 0.00040967061067931354
813.0 0.0005332700311555527
814.0 0.0006568694061570568
815.0 0.0004182746124570258
816.0 0.00017967963685805444
817.0 0.0004983026883564889
818.0 0.0008169256034307182
819.0 0.0005580877768807113
820.0 0.00029925006401754217
821.0 0.000678869628245593
822.0 0.0010584892152110115
823.0 0.0009157743988907896
824.0 0.0007730598554189783
825.0 0.0009391748790221754
826.0 0.0011052898116759025
827.0 0.0005801422503282083
828.0 5.4994569609334576e-05
829.0 0.00015223878335746122
830.0 0.00024948299142124597
831.0 0.00028110800940339686
832.0 0.00031273298191081267
833.0 0.0004916224042972317
834.0 0.0006705116902594455
835.0 0.0008126472494041082
836.0 0.0009547828085487708
837.0 0.0005423698439699365
838.0 0.00012995690212846966
839.0 0.000677977504892624
840.0 0.0012259980394446757
841.0 0.0010997635399689898
842.0 0.0009735290404933039
843.0 0.0007848324457881972
844.0 0.0005961359875072958
845.0 0.0005639824848913122
846.0 0.0005318290732247988
847.0 0.0008814553439151496
848.0 0.0012310817510297056
849.0 0.0010982321327901445
850.0 0.0009653825145505834
851.0 0.0005223633252171567
852.0 7.934424388622574e-05
853.0 0.00047236503633030225
854.0 0.0008653858458274044
855.0 0.0009202461114909966
856.0 0.0009751061043061782
857.0 0.000959547560341889
858.0 0.0009439888344786596
859.0 0.00102125568446354
860.0 0.0010985226253978908
861.0 0.0011299815923848655
862.0 0.0011614403774728999
863.0 0.0013062312973488588
864.0 0.0014510221262753475
865.0 0.0019245962903369218
866.0 0.0023981705453479663
867.0 0.0026703530238592066
868.0 0.002942535502370447
869.0 0.0029585682568722405
870.0 0.002974601011374034
871.0 0.003182007640134543
872.0 0.0033894142688950524
873.0 0.002956955177069176
874.0 0.0025244966309401207
