lsstCam/transmission_filter_detector/r02_s20/y_10/19700101T000000.ecsv
# %ECSV 1.0
# ---
# datatype:
# - {name: wavelength, unit: nm, datatype: float32}
# - {name: efficiency, unit: '%', datatype: float64}
# meta: !!omap
# - {MODE: DETECTOR}
# - {TYPE: transmission_filter_detector}
# - {CALIBDATE: '1970-01-01T00:00:00'}
# - {INSTRUME: LSSTCam}
# - {OBSTYPE: transmission_filter_detector}
# - {CALIBCLS: lsst.ip.isr.IntermediateFilterDetectorTransmissionCurve}
# - {SOURCE: Materion (DM-46256)}
# - {DETECTOR: 15}
# - {FILTER: y_10}
# - {CALIB_ID: 'calibDate=1970-01-01T00:00:00 filter=y_10 detector=15'}
# - {DATE: '2025-04-02T15:59:50.810359'}
# - {CALIB_CREATION_DATE: '2025-04-02'}
# - {CALIB_CREATION_TIME: '15:59:50'}
# - __serialized_columns__:
#     efficiency:
#       __class__: astropy.units.quantity.Quantity
#       unit: !astropy.units.Unit {unit: '%'}
#       value: !astropy.table.SerializedColumn {name: efficiency}
#     wavelength:
#       __class__: astropy.units.quantity.Quantity
#       unit: !astropy.units.Unit {unit: nm}
#       value: !astropy.table.SerializedColumn {name: wavelength}
# schema: astropy-2.0
wavelength efficiency
[from data line 578]
878.0 0.0010573718100204132
879.0 0.0017891694369609468
880.0 0.07195116486400366
881.0 0.08503433200530708
882.0 0.07583362748846412
883.0 0.08882193360477686
884.0 0.05892993649467826
885.0 0.09057604474946856
886.0 0.08127978653647006
887.0 0.09244976681657135
888.0 0.07319188443943858
889.0 0.10095566976815462
890.0 0.06814983207732439
891.0 0.10113398311659694
892.0 0.08360908832401037
893.0 0.10542436502873898
894.0 0.08020855020731688
895.0 0.12173939030617476
896.0 0.07796625723131001
897.0 0.10309594217687845
898.0 0.08641583262942731
899.0 0.12749560410156846
900.0 0.09725270210765302
901.0 0.13322518207132816
902.0 0.1521201804280281
903.0 0.18194949952885509
904.0 0.18872198415920138
905.0 0.2312530530616641
906.0 0.27901327703148127
907.0 0.36617512814700603
908.0 0.480505870655179
909.0 0.6583028938621283
910.0 0.9025451727211475
911.0 1.3261002488434315
912.0 1.9288795068860054
913.0 2.8591498732566833
914.0 3.993905335664749
915.0 5.68583607673645
916.0 7.748700678348541
917.0 10.061056166887283
918.0 12.736012041568756
919.0 15.285718441009521
920.0 18.688644468784332
921.0 22.189636528491974
922.0 25.674858689308167
923.0 29.83407974243164
924.0 34.35470163822174
925.0 39.42660391330719
926.0 45.542165637016296
927.0 52.19654440879822
928.0 58.11945199966431
929.0 64.60449695587158
930.0 70.35177946090698
931.0 76.00517272949219
932.0 81.26569986343384
933.0 85.77303290367126
934.0 89.12967443466187
935.0 91.52231216430664
936.0 93.35994720458984
937.0 94.75065469741821
938.0 95.58345675468445
939.0 96.05647325515747
940.0 96.43064737319946
941.0 96.66270613670349
942.0 96.8921959400177
943.0 97.00586199760437
944.0 97.27678894996643
945.0 97.26787805557251
946.0 97.35824465751648
947.0 97.29975461959839
948.0 97.46597409248352
949.0 97.34142422676086
950.0 97.4637508392334
951.0 97.46705293655396
952.0 97.57291674613953
953.0 97.7287232875824
954.0 97.88709878921509
955.0 97.91572093963623
956.0 98.12762141227722
957.0 98.3286440372467
958.0 98.51742386817932
959.0 98.5874891281128
960.0 98.676598072052
961.0 98.74860048294067
962.0 98.79451394081116
963.0 98.79478812217712
964.0 98.82888793945312
965.0 98.8748550415039
966.0 98.90232682228088
967.0 99.0098774433136
968.0 98.97420406341553
969.0 98.98488521575928
970.0 99.04447793960571
971.0 99.05810356140137
972.0 99.13675785064697
973.0 99.21327829360962
974.0 99.20298457145691
975.0 99.24575090408325
976.0 99.30928349494934
977.0 99.24370050430298
978.0 99.25801753997803
979.0 99.24635291099548
980.0 99.20132160186768
981.0 99.13369417190552
982.0 99.07650947570801
983.0 99.05750751495361
984.0 99.04142022132874
985.0 99.03199672698975
986.0 98.92038702964783
987.0 98.98484945297241
988.0 98.84737133979797
989.0 98.86808395385742
990.0 98.80794882774353
991.0 98.885977268219
992.0 98.93086552619934
993.0 98.91030192375183
994.0 98.87757301330566
995.0 98.88737797737122
996.0 98.87362122535706
997.0 99.00365471839905
998.0 99.06315207481384
999.0 99.09575581550598
1000.0 99.15226101875305
1001.0 99.08852577209473
1002.0 99.23571348190308
1003.0 99.23258423805237
1004.0 99.29291605949402
1005.0 99.24225211143494
1006.0 99.37537908554077
1007.0 99.34544563293457
1008.0 99.30378794670105
1009.0 99.25485253334045
1010.0 99.3019163608551
1011.0 99.25662875175476
1012.0 99.20249581336975
1013.0 99.1671621799469
1014.0 99.14708733558655
1015.0 99.10992980003357
1016.0 99.11231398582458
1017.0 99.13889169692993
1018.0 99.12353157997131
1019.0 99.10774230957031
1020.0 99.15879368782043
1021.0 99.25009608268738
1022.0 99.16447401046753
1023.0 99.18856620788574
1024.0 99.19032454490662
1025.0 99.17528033256531
1026.0 99.23338890075684
1027.0 99.30545091629028
1028.0 99.25543665885925
1029.0 99.38372373580933
1030.0 99.41736459732056
1031.0 99.37267303466797
1032.0 99.3470311164856
1033.0 99.34304356575012
1034.0 99.36361312866211
1035.0 99.43110346794128
1036.0 99.33842420578003
1037.0 99.39917922019958
1038.0 99.3303894996643
1039.0 99.29410219192505
1040.0 99.17548894882202
1041.0 99.22204613685608
1042.0 99.23927783966064
1043.0 99.16197061538696
1044.0 99.2626428604126
1045.0 98.97340536117554
1046.0 99.16437268257141
1047.0 99.05824065208435
1048.0 99.13457036018372
1049.0 98.96714687347412
1050.0 99.05573725700378
1051.0 99.03126358985901
1052.0 98.99789690971375
1053.0 98.88394474983215
1054.0 99.12385940551758
1055.0 99.22940731048584
1056.0 99.15417432785034
1057.0 99.18462038040161
1058.0 99.00415539741516
1059.0 99.15186762809753
1060.0 99.17157292366028
1061.0 99.0831971168518
1062.0 99.12729263305664
1063.0 99.00366067886353
1064.0 99.18131232261658
1065.0 99.10717010498047
1066.0 99.17349219322205
1067.0 99.19615387916565
1068.0 99.03295040130615
1069.0 99.06592965126038
1070.0 99.20821785926819
1071.0 99.02093410491943
1072.0 99.25063252449036
1073.0 99.19832348823547
1074.0 98.856121301651
1075.0 98.88413548469543
1076.0 98.70085120201111
1077.0 99.14935827255249
1078.0 99.15757775306702
1079.0 98.72457385063171
1080.0 99.38569068908691
1081.0 98.92841577529907
1082.0 98.74852299690247
1083.0 98.82407188415527
1084.0 99.01909828186035
1085.0 99.150151014328
1086.0 99.1227924823761
1087.0 98.99051785469055
1088.0 98.85731935501099
1089.0 98.67795705795288
1090.0 98.81109595298767
1091.0 98.99660348892212
1092.0 98.70152473449707
1093.0 98.67364764213562
1094.0 98.31690788269043
1095.0 98.58039021492004
1096.0 98.88918399810791
1097.0 98.37113618850708
1098.0 98.00150990486145
1099.0 98.46599698066711
1100.0 98.44851493835449
