lsstCam/transmission_filter_detector/r02_s20/y_10/19700101T000000.ecsv
# %ECSV 1.0
# ---
# datatype:
# - {name: wavelength, unit: nm, datatype: float32}
# - {name: efficiency, unit: '%', datatype: float64}
# meta: !!omap
# - {MODE: DETECTOR}
# - {TYPE: transmission_filter_detector}
# - {CALIBDATE: '1970-01-01T00:00:00'}
# - {INSTRUME: LSSTCam}
# - {OBSTYPE: transmission_filter_detector}
# - {CALIBCLS: lsst.ip.isr.IntermediateFilterDetectorTransmissionCurve}
# - {SOURCE: Materion (DM-46256)}
# - {DETECTOR: 15}
# - {FILTER: y_10}
# - {CALIB_ID: 'calibDate=1970-01-01T00:00:00 filter=y_10 detector=15'}
# - {DATE: '2025-04-02T15:59:50.810359'}
# - {CALIB_CREATION_DATE: '2025-04-02'}
# - {CALIB_CREATION_TIME: '15:59:50'}
# - __serialized_columns__:
#     efficiency:
#       __class__: astropy.units.quantity.Quantity
#       unit: !astropy.units.Unit {unit: '%'}
#       value: !astropy.table.SerializedColumn {name: efficiency}
#     wavelength:
#       __class__: astropy.units.quantity.Quantity
#       unit: !astropy.units.Unit {unit: nm}
#       value: !astropy.table.SerializedColumn {name: wavelength}
# schema: astropy-2.0
wavelength efficiency
300.0 0.5361320916563272
301.0 0.28734670486301184
302.0 0.03856130933854729
303.0 0.033273795270361006
304.0 0.02798628411255777
305.0 0.015109230298548937
306.0 0.002232170299976133
307.0 0.010822877084137872
308.0 0.019413580594118685
309.0 0.013688213948626071
310.0 0.00796284293755889
311.0 0.007136137719498947
312.0 0.006309428863460198
313.0 0.006890435179229826
314.0 0.007471440767403692
315.0 0.0060441860114224255
316.0 0.004616933802026324
317.0 0.005301929923007265
318.0 0.005986922042211518
319.0 0.0030381786928046495
320.0 8.943388252191653e-05
321.0 0.002650701571837999
322.0 0.0052119692554697394
323.0 0.003581952114473097
324.0 0.0019519349734764546
325.0 0.0002476830786690698
326.0 1.613631971097984e-10
327.0 1.613631971097984e-10
328.0 0.0011761172572732903
329.0 0.002823117574735079
330.0 0.004470117710297927
331.0 0.003976928564952686
332.0 0.0034837394196074456
333.0 0.0025427078071516007
334.0 0.0016016760127968155
335.0 0.0022669883037451655
336.0 0.0029323011403903365
337.0 0.0030864674045005813
338.0 0.0032406329410150647
339.0 0.0016841899196151644
340.0 0.00012774700053341803
341.0 1.613631971097984e-10
342.0 1.613631971097984e-10
343.0 0.00018269948895976995
344.0 0.0010412893061584327
345.0 0.001287429768126458
346.0 0.001533570684841834
347.0 0.0016085250535979867
348.0 0.001683479240455199
349.0 0.0015532599718426354
350.0 0.0014230406122806016
351.0 0.0016452217096230015
352.0 0.0018674025341169909
353.0 0.001376898308080854
354.0 0.0008863940820447169
355.0 0.0012161440281488467
356.0 0.0015458939742529765
357.0 0.0009650056199461687
358.0 0.00038411708374042064
359.0 0.0005855343715666095
360.0 0.0007869515684433281
361.0 0.001204978434543591
362.0 0.0016230051187449135
363.0 0.0013564316759584472
364.0 0.0010898578693741001
365.0 0.0012779891221725848
366.0 0.00146612073876895
367.0 0.001943302049767226
368.0 0.002420483360765502
369.0 0.0020546813175315037
370.0 0.0016888792742975056
371.0 0.0016295267414534464
372.0 0.0015701738448115066
373.0 0.001992993384192232
374.0 0.0024158129235729575
375.0 0.003314668356324546
376.0 0.0042135237890761346
377.0 0.0041495790355838835
378.0 0.004085633918293752
379.0 0.003699106673593633
380.0 0.003312579428893514
381.0 0.0022274316506809555
382.0 0.0011422834177210461
383.0 0.0010908242074947339
384.0 0.0010393646334705409
385.0 0.0008461660399916582
386.0 0.0006529674010380404
387.0 0.0005683471499651205
388.0 0.0004837270353164058
389.0 0.0004916813850286417
390.0 0.0004996358711650828
391.0 0.0004738672487292206
392.0 0.00044809871724282857
393.0 0.0005434698323369958
394.0 0.0006388411748048384
395.0 0.000594231869399664
396.0 0.0005496226549439598
397.0 0.0008178643838618882
398.0 0.0010861059308808763
399.0 0.001240025903825881
400.0 0.0013939458767708857
401.0 0.0016187970686587505
402.0 0.0018436483514960855
403.0 0.0019092316506430507
404.0 0.001974814949790016
405.0 0.0018326851204619743
406.0 0.0016905552911339328
407.0 0.0014168605957820546
408.0 0.0011431659913796466
409.0 0.0009796991434996016
410.0 0.0008162320227711461
411.0 0.0003816511707555037
412.0 1.613631971097984e-10
413.0 0.0008689671631145757
414.0 0.0017908638255903497
415.0 0.0020554462025756948
416.0 0.00232002857956104
417.0 0.0012464656720112544
418.0 0.0001729027644614689
419.0 1.613631971097984e-10
420.0 1.613631971097984e-10
421.0 1.613631971097984e-10
422.0 0.0012702243111561984
423.0 0.0011333222573739477
424.0 0.0009964198397938162
425.0 0.0003637938334577484
426.0 1.613631971097984e-10
427.0 8.085993385975598e-05
428.0 0.0004305521542846691
429.0 5.43353110060707e-05
430.0 1.613631971097984e-10
431.0 0.00014874397038511233
432.0 0.0006193695298861712
433.0 0.0006801562449254561
434.0 0.0007409433692373568
435.0 0.00015140105915634194
436.0 1.613631971097984e-10
437.0 1.613631971097984e-10
438.0 0.0003684543571580434
439.0 5.426797997643007e-05
440.0 1.613631971097984e-10
441.0 1.613631971097984e-10
442.0 1.613631971097984e-10
443.0 1.613631971097984e-10
444.0 1.613631971097984e-10
445.0 4.166498683844111e-05
446.0 0.0002095128138535074
447.0 0.0005106991920911241
448.0 0.0008118855475913733
449.0 0.0008840937880449928
450.0 0.0009563017556502018
451.0 0.0003952916358684888
452.0 1.613631971097984e-10
453.0 1.7975422395011265e-05
454.0 0.0002016690359596396
455.0 0.00010455316896695876
456.0 7.437100890683723e-06
457.0 0.0002337339537916705
458.0 0.0004600307420332683
459.0 0.0002970323293993715
460.0 0.0001340340077149449
461.0 0.000314643261845049
462.0 0.000495252470500418
463.0 0.000459476041214657
464.0 0.00042369965740363114
465.0 0.0005260838861431694
466.0 0.0006284682513069129
467.0 0.0009460647561354563
468.0 0.001263660942640854
469.0 0.0013923365258960985
470.0 0.001521011654403992
471.0 0.0016991329175652936
472.0 0.0018772538169287145
473.0 0.002364767533435952
474.0 0.0028522814318421297
475.0 0.0027512714950717054
476.0 0.002650261922099162
477.0 0.003097179069300182
478.0 0.003544096398400143
479.0 0.004083809108124115
480.0 0.004623521817848086
481.0 0.004747407365357503
482.0 0.0048712925490690395
483.0 0.004087897468707524
484.0 0.003304502388346009
485.0 0.003590352935134433
486.0 0.0038762034819228575
487.0 0.0033073221857193857
488.0 0.0027384401619201526
489.0 0.0024196266167564318
490.0 0.0021008134353905916
491.0 0.001883603908936493
492.0 0.0016663943824823946
493.0 0.001194958167616278
494.0 0.0007235221346491016
495.0 0.0010218611350865103
496.0 0.0013202000445744488
497.0 0.001894069828267675
498.0 0.0024679398848093115
499.0 0.002445134668960236
500.0 0.0024223294531111605
501.0 0.002586708251328673
502.0 0.0027510872314451262
503.0 0.0029527844162657857
504.0 0.003154481601086445
505.0 0.0033336891647195444
506.0 0.0035128970921505243
507.0 0.0026972771593136713
508.0 0.0018816568626789376
509.0 0.002094238152494654
510.0 0.00230681907851249
511.0 0.002196222521888558
512.0 0.002085625965264626
513.0 0.0019610481103882194
514.0 0.0018364704374107532
515.0 0.00165717356139794
516.0 0.001477876412536716
517.0 0.0014097109669819474
518.0 0.001341545157629298
519.0 0.0014565253877663054
520.0 0.0015715051631559618
521.0 0.0018058661225950345
522.0 0.0020402265363372862
523.0 0.0017860251318779774
524.0 0.0015318237274186686
525.0 0.0020405786926858127
526.0 0.002549334203649778
527.0 0.0024473531084368005
528.0 0.002345372377021704
529.0 0.002577291161287576
530.0 0.0028092095817555673
531.0 0.002662555198185146
532.0 0.0025159008146147244
533.0 0.0026328681997256353
534.0 0.002749834493442904
535.0 0.0023789198166923597
536.0 0.0020080045942449942
537.0 0.002319527084182482
538.0 0.00263104957411997
539.0 0.003207421104889363
540.0 0.003783792635658756
541.0 0.003886058766511269
542.0 0.003988324533565901
543.0 0.004272229489288293
544.0 0.004556134081212804
545.0 0.005014539783587679
546.0 0.005472945122164674
547.0 0.0044302349124336615
548.0 0.0033875243389047682
549.0 0.003009643842233345
550.0 0.0026317631636629812
551.0 0.0025787678168853745
552.0 0.0025257724701077677
553.0 0.0030727558623766527
554.0 0.0036197387089487165
555.0 0.003680727240862325
556.0 0.003741715772775933
557.0 0.0035851637221639976
558.0 0.003428611671552062
559.0 0.0034532491554273292
560.0 0.0034778866393025964
561.0 0.0035591197956819087
562.0 0.0036403525882633403
563.0 0.003506067514535971
564.0 0.0033717824408086017
565.0 0.0038623311411356553
566.0 0.00435288020526059
567.0 0.004563860056805424
568.0 0.004774839908350259
569.0 0.005230513488641009
570.0 0.005686187432729639
571.0 0.005713977589039132
572.0 0.005741768109146506
573.0 0.006298644439084455
574.0 0.0068555214966181666
575.0 0.00663244936731644
576.0 0.0064093765104189515
577.0 0.005906431033508852
578.0 0.0054034859203966334
579.0 0.005962999421171844
580.0 0.006522512558149174
581.0 0.007282917067641392
582.0 0.008043319394346327
583.0 0.008878710650606081
584.0 0.009714099724078551
585.0 0.009844949090620503
586.0 0.009975798457162455
587.0 0.00999853655230254
588.0 0.010021271737059578
589.0 0.010291246144333854
590.0 0.010561222734395415
591.0 0.010012523853220046
592.0 0.009463824972044677
593.0 0.007645310688531026
594.0 0.005826800406794064
595.0 0.0057594246754888445
596.0 0.005692048944183625
597.0 0.006007403135299683
598.0 0.006322756962617859
599.0 0.007295438990695402
600.0 0.00826811883598566
601.0 0.008851310849422589
602.0 0.009434499952476472
603.0 0.010262496653012931
604.0 0.011090491898357868
605.0 0.011464492126833647
606.0 0.011838492355309427
607.0 0.010218329407507554
608.0 0.008598169370088726
609.0 0.006613933510379866
610.0 0.004629698014468886
611.0 0.0037919311580481008
612.0 0.0029541646654251963
613.0 0.003547990127117373
614.0 0.004141814861213788
615.0 0.005004004196962342
616.0 0.005866194260306656
617.0 0.007056019967421889
618.0 0.008245845674537122
619.0 0.009210429561790079
620.0 0.010175014904234558
621.0 0.011175379040651023
622.0 0.012175741721875966
623.0 0.012202416837681085
624.0 0.012229090498294681
625.0 0.010751464287750423
626.0 0.009273836622014642
627.0 0.007331426604650915
628.0 0.005389014768297784
629.0 0.004351717871031724
630.0 0.0033144213375635445
631.0 0.002826255149557255
632.0 0.002338088961550966
633.0 0.002526637035771273
634.0 0.002715185473789461
635.0 0.002861030588974245
636.0 0.003006875340361148
637.0 0.003787013338296674
638.0 0.0045671509724343196
639.0 0.004548026481643319
640.0 0.004528901263256557
641.0 0.005068539030617103
642.0 0.005608176434179768
643.0 0.005515114753507078
644.0 0.005422052709036507
645.0 0.005090119884698652
646.0 0.004758186696562916
647.0 0.0037958532630000263
648.0 0.002833520557032898
649.0 0.0019916024029953405
650.0 0.0011496839761093725
651.0 0.0012861727554991376
652.0 0.0014226619896362536
653.0 0.0014659442967968062
654.0 0.0015092265130078886
655.0 0.0016558646166231483
656.0 0.0018025029930868186
657.0 0.0015827938113943674
658.0 0.0013630848116008565
659.0 0.0017064527128241025
660.0 0.002049820795946289
661.0 0.0018384218492428772
662.0 0.0016270229025394656
663.0 0.002362979830650147
664.0 0.003098936940659769
665.0 0.0035943456168752164
666.0 0.004089753565494902
667.0 0.0046576737076975405
668.0 0.005225592030910775
669.0 0.005362027513911016
670.0 0.00549845899513457
671.0 0.006226716504897922
672.0 0.006954973650863394
673.0 0.007890897541074082
674.0 0.008826819976093248
675.0 0.008166061888914555
676.0 0.00750530743971467
677.0 0.006021776425768621
678.0 0.004538246139418334
679.0 0.0029011036531301215
680.0 0.0012639619853871409
681.0 0.0006073484200896928
682.0 1.613631971097984e-10
683.0 0.00024115590804285603
684.0 0.0005315771431924077
685.0 0.0002891515578085091
686.0 4.672587294862751e-05
687.0 0.00018396951873000944
688.0 0.000321213133247511
689.0 0.0003029711479030084
690.0 0.0002847291170837707
691.0 0.00035634329833555967
692.0 0.0004279575023247162
693.0 0.00045518427214119583
694.0 0.0004824109510082053
695.0 0.0005236711785983061
696.0 0.0005649313607136719
697.0 0.0005416285148385214
698.0 0.0005183256234886358
699.0 0.0004183754754194524
700.0 0.0003184250772392261
701.0 0.00021291605207807152
702.0 0.00010740717470980599
703.0 0.00028953431865375023
704.0 0.0004716614967037458
705.0 0.000414391388403601
706.0 0.0003571211209418834
707.0 6.784584911656566e-05
708.0 1.613631971097984e-10
709.0 1.613631971097984e-10
710.0 0.00011656836704787565
711.0 0.00023717705062153982
712.0 0.00035778566598310135
713.0 0.00038891416807018686
714.0 0.00042004271563200746
715.0 0.00036669455312221544
716.0 0.00031334645882452605
717.0 0.0002775313532765722
718.0 0.00024171629320335342
719.0 0.00044523699216370005
720.0 0.000648757577437209
721.0 0.00045648353079741355
722.0 0.00026420943868288305
723.0 0.00035202206163376104
724.0 0.00043983463910990395
725.0 0.0005048646471550455
726.0 0.0005698947006749222
727.0 0.0002917811343650101
728.0 1.3667846587850363e-05
729.0 0.00019876827082043746
730.0 0.0003838688371615717
731.0 0.0006227995527297026
732.0 0.000861730586620979
733.0 0.000346031856679474
734.0 1.613631971097984e-10
735.0 1.613631971097984e-10
736.0 1.613631971097984e-10
737.0 0.00028763779482687823
738.0 0.001017943759507034
739.0 0.0007178358828241471
740.0 0.00041772764234337956
741.0 0.0001470885649723641
742.0 1.613631971097984e-10
743.0 1.613631971097984e-10
744.0 1.613631971097984e-10
745.0 0.0002973538585138158
746.0 0.0008253342457464896
747.0 0.0005662087005475769
748.0 0.0003070831780860317
749.0 2.7197015128876956e-05
750.0 1.613631971097984e-10
751.0 1.613631971097984e-10
752.0 2.0869315164873115e-06
753.0 0.0003117973164989962
754.0 0.0006215077064553043
755.0 1.613631971097984e-10
756.0 1.613631971097984e-10
757.0 1.613631971097984e-10
758.0 1.613631971097984e-10
759.0 0.00020361781025712844
760.0 0.0008072429409367032
761.0 0.0004288345735403709
762.0 5.042624593443179e-05
763.0 1.613631971097984e-10
764.0 1.613631971097984e-10
765.0 0.0001876539954537293
766.0 0.0006086128905735677
767.0 8.350337452611711e-05
768.0 1.613631971097984e-10
769.0 1.613631971097984e-10
770.0 1.613631971097984e-10
771.0 1.613631971097984e-10
772.0 1.613631971097984e-10
773.0 0.0002167954335163813
774.0 0.0006332516477414174
775.0 0.00042469969230296556
776.0 0.00021614760044030845
777.0 0.00015776273585288436
778.0 9.937792810887913e-05
779.0 0.0005625333869829774
780.0 0.0010256888344883919
781.0 0.0009359087016491685
782.0 0.0008461285688099451
783.0 0.0005518583293451229
784.0 0.0002575881580924033
785.0 0.000246988588514796
786.0 0.0002363887233514106
787.0 0.0006070718427508837
788.0 0.0009777549166756216
789.0 0.0008934493962442502
790.0 0.0008091440577118192
791.0 0.0006499129995063413
792.0 0.000490681713927188
793.0 0.0006645995654253056
794.0 0.0008385170986002777
795.0 0.0009154727194982115
796.0 0.0009924279765982646
797.0 0.0005367282938095741
798.0 8.1028588283516e-05
799.0 0.0005934440196142532
800.0 0.001105859519157093
801.0 0.0005848950877407333
802.0 6.39307188521343e-05
803.0 0.00035404264053795487
804.0 0.0006441544883273309
805.0 0.0009374408364237752
806.0 0.0012307270480960142
807.0 0.0007084661319822771
808.0 0.00018620523860590765
809.0 1.613631971097984e-10
810.0 1.613631971097984e-10
811.0 0.00018823305936166435
812.0 0.0007905134225438815
813.0 0.0009203969057125505
814.0 0.0010502802979317494
815.0 0.000994924357655691
816.0 0.0009395679626322817
817.0 0.000897931295185117
818.0 0.0008562948096368928
819.0 0.0008406848792219535
820.0 0.0008250751307059545
821.0 0.0008227425496443175
822.0 0.0008204098776332103
823.0 0.0006250711066968506
824.0 0.0004297325631341664
825.0 0.00045758747546642553
826.0 0.0004854424787481548
827.0 0.0005617825081571937
828.0 0.0006381225830409676
829.0 0.0002062620524156955
830.0 1.613631971097984e-10
831.0 1.613631971097984e-10
832.0 5.803365752399259e-05
833.0 0.00030866522138239816
834.0 0.0005592966772383079
835.0 0.00018071675640385365
836.0 1.613631971097984e-10
837.0 1.613631971097984e-10
838.0 8.162856488524994e-05
839.0 0.00047636717681598384
840.0 0.0008711057489563245
841.0 0.001203825740958564
842.0 0.0015365458239102736
843.0 0.0011004794032487553
844.0 0.0006644128461630316
845.0 0.0006604850113944849
846.0 0.0006565570402017329
847.0 0.0009551485163683537
848.0 0.0012537399925349746
849.0 0.0011456269021437038
850.0 0.0010375134479545522
851.0 0.0011518515748321079
852.0 0.001266189428861253
853.0 0.0005346817943063797
854.0 1.613631971097984e-10
855.0 1.613631971097984e-10
856.0 1.613631971097984e-10
857.0 0.0002957765673272661
858.0 0.001350884122075513
859.0 0.001278425315831555
860.0 0.001205966418638127
861.0 0.0014076092156756204
862.0 0.0016092522855615243
863.0 0.0017806827599997632
864.0 0.0019521134163369425
865.0 0.002025915091508068
866.0 0.0020997171304770745
867.0 0.002811536251101643
868.0 0.0035233555536251515
869.0 0.0031356139515992254
870.0 0.0027478718038764782
871.0 0.0034082575439242646
872.0 0.004068643465870991
873.0 0.0030350785891641863
874.0 0.002001514076255262
875.0 0.0025649462259025313
876.0 0.00312837801175192
