lsstCam/transmission_filter_detector/r04_sg1/i_39/19700101T000000.ecsv
# %ECSV 1.0
# ---
# datatype:
# - {name: wavelength, unit: nm, datatype: float32}
# - {name: efficiency, unit: '%', datatype: float64}
# meta: !!omap
# - {MODE: DETECTOR}
# - {TYPE: transmission_filter_detector}
# - {CALIBDATE: '1970-01-01T00:00:00'}
# - {INSTRUME: LSSTCam}
# - {OBSTYPE: transmission_filter_detector}
# - {CALIBCLS: lsst.ip.isr.IntermediateFilterDetectorTransmissionCurve}
# - {SOURCE: Materion (DM-46256)}
# - {DETECTOR: 194}
# - {FILTER: i_39}
# - {CALIB_ID: 'calibDate=1970-01-01T00:00:00 filter=i_39 detector=194'}
# - {DATE: '2025-04-02T15:59:47.378620'}
# - {CALIB_CREATION_DATE: '2025-04-02'}
# - {CALIB_CREATION_TIME: '15:59:47'}
# - __serialized_columns__:
#     efficiency:
#       __class__: astropy.units.quantity.Quantity
#       unit: !astropy.units.Unit {unit: '%'}
#       value: !astropy.table.SerializedColumn {name: efficiency}
#     wavelength:
#       __class__: astropy.units.quantity.Quantity
#       unit: !astropy.units.Unit {unit: nm}
#       value: !astropy.table.SerializedColumn {name: wavelength}
# schema: astropy-2.0
wavelength efficiency
[from data line 597]
897.0 1.6720730702801667e-10
898.0 1.6720730702801667e-10
899.0 1.6720730702801667e-10
900.0 1.6720730702801667e-10
901.0 1.6720730702801667e-10
902.0 1.6720730702801667e-10
903.0 1.6720730702801667e-10
904.0 1.6720730702801667e-10
905.0 1.6720730702801667e-10
906.0 1.6720730702801667e-10
907.0 4.531639490323869e-05
908.0 0.00020270122149668168
909.0 1.6720730702801667e-10
910.0 1.6720730702801667e-10
911.0 1.6720730702801667e-10
912.0 6.92072148922307e-05
913.0 4.11118776355579e-05
914.0 1.3016573063850956e-05
915.0 1.6720730702801667e-10
916.0 1.6720730702801667e-10
917.0 1.6720730702801667e-10
918.0 1.6720730702801667e-10
919.0 1.6720730702801667e-10
920.0 6.3692979779261805e-06
921.0 1.6720730702801667e-10
922.0 1.6720730702801667e-10
923.0 1.6720730702801667e-10
924.0 1.6720730702801667e-10
925.0 7.251185252243886e-05
926.0 0.0003120019982816302
927.0 7.175484650900898e-07
928.0 1.6720730702801667e-10
929.0 1.6720730702801667e-10
930.0 0.00016830364302222733
931.0 0.0001699839003777015
932.0 0.00017166413499580813
933.0 0.00011904478469659807
934.0 6.642545145041368e-05
935.0 1.6720730702801667e-10
936.0 1.6720730702801667e-10
937.0 1.6720730702801667e-10
938.0 1.6720730702801667e-10
939.0 1.6720730702801667e-10
940.0 1.6720730702801667e-10
941.0 1.6720730702801667e-10
942.0 1.6720730702801667e-10
943.0 1.6720730702801667e-10
944.0 1.6720730702801667e-10
945.0 1.6720730702801667e-10
946.0 1.6720730702801667e-10
947.0 1.6720730702801667e-10
948.0 1.6720730702801667e-10
949.0 1.6720730702801667e-10
950.0 1.6720730702801667e-10
951.0 1.6720730702801667e-10
952.0 1.6720730702801667e-10
953.0 1.6720730702801667e-10
954.0 1.6720730702801667e-10
955.0 0.00012041073205182329
956.0 0.0003280546252426575
957.0 0.0002632956693560118
958.0 0.0001985366225198959
959.0 0.0001423393428012787
960.0 8.614208013568714e-05
961.0 0.00013600817965198075
962.0 0.00018587429622130003
963.0 6.890246027069225e-05
964.0 1.6720730702801667e-10
965.0 1.6720730702801667e-10
966.0 1.6720730702801667e-10
967.0 1.6720730702801667e-10
968.0 1.6720730702801667e-10
969.0 1.6720730702801667e-10
970.0 4.648001947771263e-05
971.0 1.6720730702801667e-10
972.0 1.6720730702801667e-10
973.0 1.6720730702801667e-10
974.0 1.6720730702801667e-10
975.0 1.6720730702801667e-10
976.0 1.6720730702801667e-10
977.0 1.6720730702801667e-10
978.0 1.6720730702801667e-10
979.0 1.6720730702801667e-10
980.0 1.6720730702801667e-10
981.0 1.6720730702801667e-10
982.0 1.6720730702801667e-10
983.0 1.6720730702801667e-10
984.0 6.617361236749275e-06
985.0 0.00015796640582266264
986.0 0.0003093154191446956
987.0 3.6003712011734024e-05
988.0 1.6720730702801667e-10
989.0 1.6720730702801667e-10
990.0 1.6720730702801667e-10
991.0 1.6720730702801667e-10
992.0 1.6720730702801667e-10
993.0 1.6720730702801667e-10
994.0 1.6720730702801667e-10
995.0 1.6720730702801667e-10
996.0 1.6720730702801667e-10
997.0 9.302411285716516e-05
998.0 0.0003671534614113625
999.0 0.0003795633119807462
1000.0 0.00039197311707539484
1001.0 0.00023291668185265735
1002.0 7.386021252386854e-05
1003.0 7.39250822334725e-05
1004.0 7.398998604912776e-05
1005.0 1.6720730702801667e-10
1006.0 1.6720730702801667e-10
1007.0 3.839767259705695e-06
1008.0 0.00010196421271757572
1009.0 2.8192491186018742e-05
1010.0 1.6720730702801667e-10
1011.0 9.883815437206067e-05
1012.0 0.000243255567511369
1013.0 0.00039303508856392
1014.0 0.0005428147233033087
1015.0 0.0004256851298123365
1016.0 0.00030855565000820206
1017.0 0.0003838596967398189
1018.0 0.00045916385715827346
1019.0 0.000340033966494957
1020.0 0.00022090405309427297
1021.0 0.00021493447093234863
1022.0 0.00020896486603305675
1023.0 0.0004996458756068023
1024.0 0.000790326976130018
1025.0 0.000666626056045061
1026.0 0.000542925181434839
1027.0 0.0004123286089452449
1028.0 0.0002817320364556508
1029.0 0.0006808531452406896
1030.0 0.0010799742085509934
1031.0 0.001737581260385923
1032.0 0.002395187948422972
1033.0 0.002559835775173269
1034.0 0.002724482874327805
1035.0 0.0032126077712746337
1036.0 0.0037007321225246415
1037.0 0.003843832018901594
1038.0 0.0039869319152785465
1039.0 0.003227275374229066
1040.0 0.0024676193788764067
1041.0 0.002025022331508808
1042.0 0.001582425284141209
1043.0 0.0022970649297349155
1044.0 0.003011704575328622
1045.0 0.0033461368730058894
1046.0 0.0036805697163799778
1047.0 0.003523458508425392
1048.0 0.0033663473004708067
1049.0 0.0029136781449778937
1050.0 0.0024610089894849807
1051.0 0.0025587534764781594
1052.0 0.0026564981453702785
1053.0 0.0016871777916094288
1054.0 0.000717857346899109
1055.0 0.0007623826149938395
1056.0 0.0008069077011896297
1057.0 0.0008650004929222632
1058.0 0.0009230934665538371
1059.0 0.000875235582498135
1060.0 0.0008273780622403137
1061.0 0.0015795034414622933
1062.0 0.0023316282749874517
1063.0 0.002591043448774144
1064.0 0.0028504588044597767
1065.0 0.0029685894332942553
1066.0 0.003086720607825555
1067.0 0.004046791582368314
1068.0 0.005006862556911074
1069.0 0.004061715299030766
1070.0 0.003116568041150458
1071.0 0.0029631262805196457
1072.0 0.002809684519888833
1073.0 0.002655543721630238
1074.0 0.002501403105270583
1075.0 0.0028790538635803387
1076.0 0.0032567044399911538
1077.0 0.0024938810383901
1078.0 0.0017310574548901059
1079.0 0.0019569139112718403
1080.0 0.0021827707314514555
1081.0 0.0011925008948310278
1082.0 0.0002022309217863949
1083.0 1.6720730702801667e-10
1084.0 1.6720730702801667e-10
1085.0 1.6720730702801667e-10
1086.0 0.0007055058176774764
1087.0 0.000850494052428985
1088.0 0.0009954824236046989
1089.0 1.6720730702801667e-10
1090.0 1.6720730702801667e-10
1091.0 1.6720730702801667e-10
1092.0 1.6720730702801667e-10
1093.0 1.6720730702801667e-10
1094.0 0.0007619660209456924
1095.0 0.0003316310539958067
1096.0 1.6720730702801667e-10
1097.0 1.6720730702801667e-10
1098.0 1.6720730702801667e-10
1099.0 1.6720730702801667e-10
1100.0 0.00018068200233756215
