lsstCam/transmission_filter_detector/r04_sg1/i_39/19700101T000000.ecsv
# %ECSV 1.0
# ---
# datatype:
# - {name: wavelength, unit: nm, datatype: float32}
# - {name: efficiency, unit: '%', datatype: float64}
# meta: !!omap
# - {MODE: DETECTOR}
# - {TYPE: transmission_filter_detector}
# - {CALIBDATE: '1970-01-01T00:00:00'}
# - {INSTRUME: LSSTCam}
# - {OBSTYPE: transmission_filter_detector}
# - {CALIBCLS: lsst.ip.isr.IntermediateFilterDetectorTransmissionCurve}
# - {SOURCE: Materion (DM-46256)}
# - {DETECTOR: 194}
# - {FILTER: i_39}
# - {CALIB_ID: 'calibDate=1970-01-01T00:00:00 filter=i_39 detector=194'}
# - {DATE: '2025-04-02T15:59:47.378620'}
# - {CALIB_CREATION_DATE: '2025-04-02'}
# - {CALIB_CREATION_TIME: '15:59:47'}
# - __serialized_columns__:
#     efficiency:
#       __class__: astropy.units.quantity.Quantity
#       unit: !astropy.units.Unit {unit: '%'}
#       value: !astropy.table.SerializedColumn {name: efficiency}
#     wavelength:
#       __class__: astropy.units.quantity.Quantity
#       unit: !astropy.units.Unit {unit: nm}
#       value: !astropy.table.SerializedColumn {name: wavelength}
# schema: astropy-2.0
wavelength efficiency
300.0 0.08304840885102749
301.0 0.03737010702025145
302.0 1.6720730702801667e-10
303.0 0.013549051072914153
304.0 0.03540626203175634
305.0 0.03134996513836086
306.0 0.02729367115534842
307.0 0.007367443322436884
308.0 1.6720730702801667e-10
309.0 1.6720730702801667e-10
310.0 1.6720730702801667e-10
311.0 1.6720730702801667e-10
312.0 0.002450870488246437
313.0 0.0012230722859385423
314.0 1.6720730702801667e-10
315.0 1.6720730702801667e-10
316.0 1.6720730702801667e-10
317.0 1.6720730702801667e-10
318.0 1.6720730702801667e-10
319.0 1.6720730702801667e-10
320.0 1.6720730702801667e-10
321.0 1.6720730702801667e-10
322.0 0.003291061148047447
323.0 1.6720730702801667e-10
324.0 1.6720730702801667e-10
325.0 1.6720730702801667e-10
326.0 1.6720730702801667e-10
327.0 0.00038768821468693204
328.0 0.0038603633583988994
329.0 0.002772144762275275
330.0 0.0016839263480505906
331.0 0.0017486036085756496
332.0 0.00181328159669647
333.0 0.0016655721992719918
334.0 0.0015178628018475138
335.0 0.0007910676686151419
336.0 6.427329708458274e-05
337.0 0.0021018850020482205
338.0 0.0041394967411179096
339.0 0.003481217208900489
340.0 0.0028229384042788297
341.0 1.6720730702801667e-10
342.0 1.6720730702801667e-10
343.0 1.6720730702801667e-10
344.0 1.6720730702801667e-10
345.0 1.6720730702801667e-10
346.0 1.6720730702801667e-10
347.0 1.6720730702801667e-10
348.0 1.6720730702801667e-10
349.0 1.6720730702801667e-10
350.0 1.6720730702801667e-10
351.0 1.6720730702801667e-10
352.0 1.6720730702801667e-10
353.0 1.6720730702801667e-10
354.0 1.6720730702801667e-10
355.0 1.6720730702801667e-10
356.0 1.6720730702801667e-10
357.0 0.0003699392891576281
358.0 0.001146961312770145
359.0 0.0013771711564913858
360.0 0.0016073803635663353
361.0 0.0011667568287521135
362.0 0.0007261333848873619
363.0 0.0007132397058740025
364.0 0.0007003462087595835
365.0 0.0014913594895915594
366.0 0.002282373134221416
367.0 0.0014762239516130649
368.0 0.0006700748144794488
369.0 0.0012691508345596958
370.0 0.0018682270820136182
371.0 0.0015643805454601534
372.0 0.001260534281755099
373.0 0.0012296355635044165
374.0 0.0011987366633547936
375.0 0.00031217787181958556
376.0 1.6720730702801667e-10
377.0 1.6720730702801667e-10
378.0 0.00027928986128245015
379.0 1.6720730702801667e-10
380.0 1.6720730702801667e-10
381.0 1.6720730702801667e-10
382.0 1.6720730702801667e-10
383.0 1.6720730702801667e-10
384.0 0.0012050943041685969
385.0 0.001188271380669903
386.0 0.0011714480933733284
387.0 2.402150869329489e-05
388.0 1.6720730702801667e-10
389.0 1.6720730702801667e-10
390.0 1.6720730702801667e-10
391.0 1.6720730702801667e-10
392.0 1.6720730702801667e-10
393.0 1.6720730702801667e-10
394.0 0.0005922693162574433
395.0 1.6720730702801667e-10
396.0 1.6720730702801667e-10
397.0 1.6720730702801667e-10
398.0 1.6720730702801667e-10
399.0 1.6720730702801667e-10
400.0 0.00023179240997706074
401.0 9.934700528901885e-05
402.0 1.6720730702801667e-10
403.0 0.0014517449017148465
404.0 0.0029365892260102555
405.0 0.004410385736264288
406.0 0.005884181882720441
407.0 0.002961040081572719
408.0 3.7895779314567335e-05
409.0 1.6720730702801667e-10
410.0 1.6720730702801667e-10
411.0 0.0016744348613428883
412.0 0.003569357068045065
413.0 0.004225298471283168
414.0 0.0048812409659149125
415.0 0.0042923627916025
416.0 0.003703484617290087
417.0 0.0031297557143261656
418.0 0.0025560269932611845
419.0 0.003819599442067556
420.0 0.0050831713451771066
421.0 0.004224015356157906
422.0 0.0033648586395429447
423.0 0.003956165164709091
424.0 0.004547471326077357
425.0 0.003260957237216644
426.0 0.0019744422388612293
427.0 0.003175980964442715
428.0 0.004377519871923141
429.0 0.0053208237659418955
430.0 0.006264128751354292
431.0 0.004861131310462952
432.0 0.0034581345971673727
433.0 0.004087078195880167
434.0 0.004716022158390842
435.0 0.0036483033909462392
436.0 0.002580584987299517
437.0 0.002431671236990951
438.0 0.002282757304783445
439.0 0.0023415026589646004
440.0 0.0024002483769436367
441.0 0.0008656217687530443
442.0 1.6720730702801667e-10
443.0 1.6720730702801667e-10
444.0 1.6720730702801667e-10
445.0 1.6720730702801667e-10
446.0 1.6720730702801667e-10
447.0 0.00021683147224393906
448.0 0.000704759168002056
449.0 1.6720730702801667e-10
450.0 1.6720730702801667e-10
451.0 1.0077030054844727e-05
452.0 0.0009859617421170697
453.0 0.00176996472873725
454.0 0.002553968079155311
455.0 0.0023661954401177354
456.0 0.0021784229829791
457.0 0.0014357106920215301
458.0 0.0006929984465386951
459.0 0.00027691655759554124
460.0 1.6720730702801667e-10
461.0 0.00015148036709433654
462.0 0.00044212611101102084
463.0 9.95575078377442e-05
464.0 1.6720730702801667e-10
465.0 0.00017180086615553591
466.0 0.0005866127594345016
467.0 0.0006263499926717486
468.0 0.0006660872259089956
469.0 0.00036584124245564453
470.0 6.559525900229346e-05
471.0 0.0004620059371518437
472.0 0.000858416660776129
473.0 0.0009765754839463625
474.0 0.0010947344890155364
475.0 0.0006840051810286241
476.0 0.00027327625957696
477.0 0.0008025378519960213
478.0 0.0013317995581019204
479.0 0.0012425161003193352
480.0 0.00115323264253675
481.0 0.0025223736884072423
482.0 0.0038915131881367415
483.0 0.005060900002717972
484.0 0.006230286089703441
485.0 0.006395246600732207
486.0 0.006560207111760974
487.0 0.009621209756005555
488.0 0.01268221385544166
489.0 0.016231102927122265
490.0 0.019779990543611348
491.0 0.022387708304449916
492.0 0.024995426065288484
493.0 0.02764544333331287
494.0 0.0302954635117203
495.0 0.02750869025476277
496.0 0.024721914087422192
497.0 0.019731928477995098
498.0 0.01474194141337648
499.0 0.010512217704672366
500.0 0.006282494723564014
501.0 0.0045208664232632145
502.0 0.0027592381229624152
503.0 0.002243011840619147
504.0 0.001726785376376938
505.0 0.0016989759387797676
506.0 0.0016711665011825971
507.0 0.0018524073311709799
508.0 0.0020336481611593626
509.0 0.0022542959413840435
510.0 0.0024749437216087244
511.0 0.0019223820345359854
512.0 0.0013698202565137763
513.0 0.0015535266356891952
514.0 0.001737232923915144
515.0 0.002393446266069077
516.0 0.00304965979012195
517.0 0.002480975308571942
518.0 0.0019122910089208744
519.0 0.0020684616174548864
520.0 0.0022246322259888984
521.0 0.0019062856154050678
522.0 0.0015879391867201775
523.0 0.0016050920748966746
524.0 0.001622245144972112
525.0 0.001988893018278759
526.0 0.002355540891585406
527.0 0.002479129580024164
528.0 0.0026027184503618628
529.0 0.002505183147150092
530.0 0.0024076472982415
531.0 0.0023084214262780733
532.0 0.0022091957362135872
533.0 0.0019351344235474244
534.0 0.0016610732927802019
535.0 0.001655642881814856
536.0 0.0016502121070516296
537.0 0.0024004544684430584
538.0 0.0031506962841376662
539.0 0.003679707515402697
540.0 0.004208718746667728
541.0 0.004821878610528074
542.0 0.005435038838186301
543.0 0.005143062662682496
544.0 0.004851086487178691
545.0 0.0039997536077862605
546.0 0.0031484214559895918
547.0 0.00248937194555765
548.0 0.0018303224351257086
549.0 0.0018222643120680004
550.0 0.0018142063709092326
551.0 0.0015971369066392072
552.0 0.0013800675333186518
553.0 0.0016041554772527888
554.0 0.0018282433302374557
555.0 0.0014251459106162656
556.0 0.001022048672894016
557.0 0.000848770923767006
558.0 0.0006754931746399961
559.0 0.00019705482827703236
560.0 1.6720730702801667e-10
561.0 0.00048233860070467927
562.0 0.0012460608559194952
563.0 0.00140742440635222
564.0 0.0015687881386838853
565.0 0.0012469549801608082
566.0 0.0009251219125872012
567.0 0.0008880780114850495
568.0 0.0008510342922818381
569.0 0.0007165242550399853
570.0 0.0005820140358991921
571.0 0.0003896225280186627
572.0 0.00019723104287550086
573.0 0.0003920172730431659
574.0 0.0005868035714229336
575.0 0.0005012795554648619
576.0 0.00041575549403205514
577.0 0.0005337280072126305
578.0 0.0006517005658679409
579.0 0.00030370747481356375
580.0 1.6720730702801667e-10
581.0 0.00012704906566796126
582.0 0.0002983836793646333
583.0 0.0004885329417447792
584.0 0.0006786820904380875
585.0 0.0008062866982072592
586.0 0.0009338915333501063
587.0 0.0008243486263381783
588.0 0.0007148056283767801
589.0 0.0006513620974146761
590.0 0.0005879186574020423
591.0 0.0008015472303668503
592.0 0.0010151760761800688
593.0 0.0006008153377479175
594.0 0.0001864545765783987
595.0 0.0005778833383374149
596.0 0.0009693119864095934
597.0 0.000703311025063158
598.0 0.00043731015466619283
599.0 0.0005083844371256419
600.0 0.0005794586286356207
601.0 0.00047493167585344054
602.0 0.0003704047458086279
603.0 0.00036572203043760965
604.0 0.00036103915590501856
605.0 0.00028740528250637
606.0 0.0002137714091077214
607.0 0.0005086667442810722
608.0 0.0008035620339796878
609.0 0.0006208652393979719
610.0 0.0004381682174425805
611.0 0.0006896847480675206
612.0 0.0009412013241671957
613.0 0.000627256122243125
614.0 0.000313311034005892
615.0 1.6720730702801667e-10
616.0 1.6720730702801667e-10
617.0 1.6720730702801667e-10
618.0 0.00010283843039360363
619.0 0.0002632344148878474
620.0 0.0004236304448568262
621.0 0.0005542561211768771
622.0 0.0006848817065474577
623.0 0.0005539811809285311
624.0 0.00042308070078433957
625.0 0.00043717150219890755
626.0 0.0004512623036134755
627.0 0.0003405968755032518
628.0 0.00022993144739302807
629.0 0.00038718994801456574
630.0 0.0005444485395855736
631.0 0.0005013466306991177
632.0 0.0004582447672873968
633.0 0.00042523888623691164
634.0 0.00039223305066116154
635.0 0.00034766492262860993
636.0 0.00030309670364658814
637.0 0.00033522640023875283
638.0 0.0003673559376693447
639.0 0.000647574643153348
640.0 0.0009277932804252487
641.0 0.0006643425422225846
642.0 0.00040089180401992053
643.0 0.0005809809408674482
644.0 0.0007610701686644461
645.0 0.000742526026442647
646.0 0.000723981975170318
647.0 0.0008551312930649146
648.0 0.0009862811566563323
649.0 0.0007889967491792049
650.0 0.0005917123417020775
651.0 0.0008192854693334084
652.0 0.0010468587788636796
653.0 0.0012602101378433872
654.0 0.0014735614058736246
655.0 0.0020167177353869192
656.0 0.0025598739739507437
657.0 0.00353099312633276
658.0 0.004502110823523253
659.0 0.0069135421654209495
660.0 0.06692400202155113
661.0 0.07734124083071947
662.0 0.0706167658790946
663.0 0.09375826921314001
664.0 0.11755984742194414
665.0 0.1314524793997407
666.0 0.11916706571355462
667.0 0.17775476444512606
668.0 0.19841548055410385
669.0 0.21454987581819296
670.0 0.2976698102429509
671.0 0.5119756329804659
672.0 0.7548635359853506
673.0 1.1982680298388004
674.0 1.8647875636816025
675.0 2.7187654748559
676.0 3.745632618665695
677.0 5.087980255484581
678.0 6.41147643327713
679.0 7.810604572296143
680.0 9.698524326086044
681.0 11.74473762512207
682.0 14.258341491222382
683.0 17.01226979494095
684.0 20.0038880109787
685.0 22.941134870052338
686.0 25.9041428565979
687.0 29.068902134895325
688.0 32.21181333065033
689.0 35.43134927749634
690.0 39.147427678108215
691.0 43.176668882369995
692.0 48.00302982330322
693.0 53.18737030029297
694.0 58.98337960243225
695.0 64.68693017959595
696.0 70.94990611076355
697.0 76.54718160629272
698.0 82.6549768447876
699.0 87.25824356079102
700.0 90.87665677070618
701.0 93.71947646141052
702.0 95.70230841636658
703.0 96.78348898887634
704.0 97.32064008712769
705.0 97.73869514465332
706.0 97.76877164840698
707.0 97.88474440574646
708.0 97.94110655784607
709.0 98.02413582801819
710.0 97.77716398239136
711.0 97.95563220977783
712.0 97.93530106544495
713.0 97.92417883872986
714.0 97.99009561538696
715.0 98.02737236022949
716.0 97.91638255119324
717.0 98.14897179603577
718.0 98.16896319389343
719.0 98.18152189254761
720.0 98.39761257171631
721.0 98.3651340007782
722.0 98.06510210037231
723.0 97.82317876815796
724.0 97.53152132034302
725.0 97.22403287887573
726.0 96.88383340835571
727.0 96.65693640708923
728.0 96.39928340911865
729.0 96.19789123535156
730.0 96.20190858840942
731.0 96.27678394317627
732.0 96.26272916793823
733.0 96.50225043296814
734.0 96.88141345977783
735.0 97.08393812179565
736.0 97.47485518455505
737.0 97.85082936286926
738.0 98.17501306533813
739.0 98.53513836860657
740.0 98.60591292381287
741.0 98.4742522239685
742.0 98.80838990211487
743.0 98.63768219947815
744.0 98.48617315292358
745.0 98.51957559585571
746.0 98.44041466712952
747.0 98.70667457580566
748.0 98.60548973083496
749.0 98.47318530082703
750.0 98.48955869674683
751.0 98.42557907104492
752.0 98.33256006240845
753.0 98.47877025604248
754.0 98.41856956481934
755.0 98.50556254386902
756.0 98.55067729949951
757.0 98.52434992790222
758.0 98.70495796203613
759.0 98.72192144393921
760.0 98.64345788955688
761.0 98.49212169647217
762.0 98.64076972007751
763.0 98.53072762489319
764.0 98.43695163726807
765.0 98.37396144866943
766.0 98.42209219932556
767.0 98.23476076126099
768.0 98.33322763442993
769.0 98.39125871658325
770.0 98.0540931224823
771.0 98.138827085495
772.0 98.11791181564331
773.0 98.05095195770264
774.0 97.92020916938782
775.0 97.99832105636597
776.0 97.85162806510925
777.0 97.85390496253967
778.0 97.85663485527039
779.0 97.93390035629272
780.0 97.82143831253052
781.0 98.13066720962524
782.0 97.95329570770264
783.0 97.95657992362976
784.0 97.99191355705261
785.0 98.13563227653503
786.0 98.33400249481201
787.0 98.07595014572144
788.0 98.1272280216217
789.0 98.22267889976501
790.0 98.22912812232971
791.0 98.19414615631104
792.0 98.0710506439209
793.0 98.05021286010742
794.0 98.03701639175415
795.0 97.95570969581604
796.0 97.92805910110474
797.0 98.01515936851501
798.0 97.91008830070496
799.0 97.85484671592712
800.0 97.69690036773682
801.0 97.65080213546753
802.0 97.55383133888245
803.0 97.37437963485718
804.0 97.19511270523071
805.0 96.86598181724548
806.0 96.53265476226807
807.0 95.80667614936829
808.0 95.00671625137329
809.0 94.0382719039917
810.0 92.7682876586914
811.0 91.14434123039246
812.0 89.07744884490967
813.0 86.64372563362122
814.0 83.68078470230103
815.0 80.252206325531
816.0 76.6322374343872
817.0 72.34164476394653
818.0 67.44300723075867
819.0 63.13169002532959
820.0 58.0841600894928
821.0 53.5122811794281
822.0 48.979124426841736
823.0 44.40091550350189
824.0 39.8086816072464
825.0 35.55951714515686
826.0 31.141215562820435
827.0 26.560428738594055
828.0 22.32406884431839
829.0 18.114112317562103
830.0 13.812367618083954
831.0 10.485660284757614
832.0 7.239983230829239
833.0 4.809741675853729
834.0 3.0237581580877304
835.0 1.8020952120423317
836.0 1.0984151624143124
837.0 0.6020855624228716
838.0 0.3271432360634208
839.0 0.23304461501538754
840.0 0.09963163174688816
841.0 0.07024832302704453
842.0 0.039186046342365444
843.0 1.6720730702801667e-10
844.0 0.003787610330618918
845.0 1.6720730702801667e-10
846.0 1.6720730702801667e-10
847.0 1.6720730702801667e-10
848.0 1.6720730702801667e-10
849.0 1.6720730702801667e-10
850.0 1.6720730702801667e-10
851.0 1.6720730702801667e-10
852.0 0.0011665263627946842
853.0 0.0012299085028644186
854.0 0.0012932908248330932
855.0 0.0008726691703486722
856.0 0.00045204756133898627
857.0 0.000644466945232125
858.0 0.0008368860108021181
859.0 0.000533875481778523
860.0 0.00023086483906809008
861.0 0.00028831591407652013
862.0 0.00034576692087284755
863.0 0.0001748310637594841
864.0 3.895246791785212e-06
865.0 7.664922350159031e-05
866.0 0.00014940312667022226
867.0 0.00014234071841201512
868.0 0.00013527825331038912
869.0 1.6720730702801667e-10
870.0 1.6720730702801667e-10
871.0 1.6720730702801667e-10
872.0 0.00018461161062077736
873.0 0.0001369142751173058
874.0 8.921689982344105e-05
875.0 0.0001438424646948988
876.0 0.00019846804661938222
877.0 1.6720730702801667e-10
878.0 1.6720730702801667e-10
879.0 1.6720730702801667e-10
880.0 0.0003450919621172943
881.0 0.00018285439864484943
882.0 2.061687780496868e-05
883.0 0.00022240094494918594
884.0 0.00042418505472596735
885.0 0.0001889934424070816
886.0 1.6720730702801667e-10
887.0 1.2908563462588063e-05
888.0 7.201527978395461e-05
889.0 8.510289717378328e-06
890.0 1.6720730702801667e-10
891.0 6.640310630245949e-05
892.0 0.00018780087884806562
893.0 0.0001966311174328439
894.0 0.00020546133328025462
895.0 1.6720730702801667e-10
