lsstCam/transmission_filter_detector/r22_s21/y_10/19700101T000000.ecsv
# %ECSV 1.0
# ---
# datatype:
# - {name: wavelength, unit: nm, datatype: float32}
# - {name: efficiency, unit: '%', datatype: float64}
# meta: !!omap
# - {MODE: DETECTOR}
# - {TYPE: transmission_filter_detector}
# - {CALIBDATE: '1970-01-01T00:00:00'}
# - {INSTRUME: LSSTCam}
# - {OBSTYPE: transmission_filter_detector}
# - {CALIBCLS: lsst.ip.isr.IntermediateFilterDetectorTransmissionCurve}
# - {SOURCE: Materion (DM-46256)}
# - {DETECTOR: 97}
# - {FILTER: y_10}
# - {CALIB_ID: 'calibDate=1970-01-01T00:00:00 filter=y_10 detector=97'}
# - {DATE: '2025-04-02T15:59:51.192780'}
# - {CALIB_CREATION_DATE: '2025-04-02'}
# - {CALIB_CREATION_TIME: '15:59:51'}
# - __serialized_columns__:
#     efficiency:
#       __class__: astropy.units.quantity.Quantity
#       unit: !astropy.units.Unit {unit: '%'}
#       value: !astropy.table.SerializedColumn {name: efficiency}
#     wavelength:
#       __class__: astropy.units.quantity.Quantity
#       unit: !astropy.units.Unit {unit: nm}
#       value: !astropy.table.SerializedColumn {name: wavelength}
# schema: astropy-2.0
wavelength efficiency
[from data line 578]
878.0 0.0016985835827654228
879.0 0.0018184047803515568
880.0 0.028786103939637542
881.0 0.11099595576524734
882.0 0.028177941567264497
883.0 0.09660155046731234
884.0 0.03401434514671564
885.0 0.10372247779741883
886.0 0.03584160876926035
887.0 0.1087724813260138
888.0 0.031333620427176356
889.0 0.11286201188340783
890.0 0.031289306934922934
891.0 0.10838629677891731
892.0 0.03519839665386826
893.0 0.1029127393849194
894.0 0.045059845433570445
895.0 0.11471372563391924
896.0 0.04562434332910925
897.0 0.12797587551176548
898.0 0.06055341218598187
899.0 0.15184987569227815
900.0 0.08005587151274085
901.0 0.15149443643167615
902.0 0.18790431786328554
903.0 0.20125522278249264
904.0 0.2422029385343194
905.0 0.3175727091729641
906.0 0.39056611713021994
907.0 0.4996625240892172
908.0 0.693317549303174
909.0 0.9401924908161163
910.0 1.3756868429481983
911.0 1.9463136792182922
912.0 2.85944901406765
913.0 4.16313149034977
914.0 5.659652128815651
915.0 7.784321159124374
916.0 10.274986922740936
917.0 12.891550362110138
918.0 15.806612372398376
919.0 18.545392155647278
920.0 22.255094349384308
921.0 26.249444484710693
922.0 30.265387892723083
923.0 35.012128949165344
924.0 40.15921950340271
925.0 45.747289061546326
926.0 52.3378849029541
927.0 59.2487633228302
928.0 65.19537568092346
929.0 71.46503925323486
930.0 76.83022022247314
931.0 82.00631737709045
932.0 86.57279014587402
933.0 90.30600190162659
934.0 92.90215373039246
935.0 94.65924501419067
936.0 95.93127965927124
937.0 96.81740403175354
938.0 97.3341703414917
939.0 97.55604267120361
940.0 97.76657819747925
941.0 97.88761138916016
942.0 98.04151654243469
943.0 98.10624718666077
944.0 98.29298257827759
945.0 98.15566539764404
946.0 98.2097864151001
947.0 98.17764163017273
948.0 98.37099313735962
949.0 98.27564358711243
950.0 98.44582080841064
951.0 98.48179221153259
952.0 98.52781891822815
953.0 98.68953824043274
954.0 98.80434274673462
955.0 98.84524941444397
956.0 99.01509881019592
957.0 99.11184906959534
958.0 99.2438554763794
959.0 99.22489523887634
960.0 99.31263327598572
961.0 99.35083985328674
962.0 99.37533736228943
963.0 99.43061470985413
964.0 99.43585395812988
965.0 99.4372010231018
966.0 99.56141114234924
967.0 99.6031403541565
968.0 99.606853723526
969.0 99.59589838981628
970.0 99.6415913105011
971.0 99.65528845787048
972.0 99.70195889472961
973.0 99.7809886932373
974.0 99.7765064239502
975.0 99.7195303440094
976.0 99.76969361305237
977.0 99.71076846122742
978.0 99.7806191444397
979.0 99.68208074569702
980.0 99.64438676834106
981.0 99.57799315452576
982.0 99.4990587234497
983.0 99.51096177101135
984.0 99.47778582572937
985.0 99.51519966125488
986.0 99.40409064292908
987.0 99.48196411132812
988.0 99.40215945243835
989.0 99.41280484199524
990.0 99.40914511680603
991.0 99.45729374885559
992.0 99.5195746421814
993.0 99.482661485672
994.0 99.47125911712646
995.0 99.53030347824097
996.0 99.50425028800964
997.0 99.62292313575745
998.0 99.67159628868103
999.0 99.68166947364807
1000.0 99.68310594558716
1001.0 99.67106580734253
1002.0 99.7762143611908
1003.0 99.76417422294617
1004.0 99.85132217407227
1005.0 99.7406005859375
1006.0 99.82180595397949
1007.0 99.82417821884155
1008.0 99.79808926582336
1009.0 99.73061680793762
1010.0 99.7839868068695
1011.0 99.7461199760437
1012.0 99.69567060470581
1013.0 99.71616864204407
1014.0 99.66608881950378
1015.0 99.6525526046753
1016.0 99.60002303123474
1017.0 99.6960461139679
1018.0 99.73664283752441
1019.0 99.67942833900452
1020.0 99.75467324256897
1021.0 99.88279938697815
1022.0 99.72923398017883
1023.0 99.74440932273865
1024.0 99.77095127105713
1025.0 99.75928664207458
1026.0 99.86763000488281
1027.0 99.90979433059692
1028.0 99.86339211463928
1029.0 99.95778203010559
1030.0 100.02245903015137
1031.0 99.87462162971497
1032.0 99.97782111167908
1033.0 99.86740350723267
1034.0 99.91118311882019
1035.0 99.98595118522644
1036.0 99.89851117134094
1037.0 99.88874197006226
1038.0 99.892258644104
1039.0 99.72331523895264
1040.0 99.70216155052185
1041.0 99.80700612068176
1042.0 99.7515320777893
1043.0 99.70656037330627
1044.0 99.81601238250732
1045.0 99.56764578819275
1046.0 99.76184964179993
1047.0 99.76938962936401
1048.0 99.73273277282715
1049.0 99.68432784080505
1050.0 99.68288540840149
1051.0 99.62891340255737
1052.0 99.65323805809021
1053.0 99.53652024269104
1054.0 99.77049827575684
1055.0 99.87148642539978
1056.0 99.7309148311615
1057.0 99.76557493209839
1058.0 99.59548711776733
1059.0 99.6663749217987
1060.0 99.77084398269653
1061.0 99.57290887832642
1062.0 99.61548447608948
1063.0 99.63663816452026
1064.0 99.72580075263977
1065.0 99.55153465270996
1066.0 99.62925910949707
1067.0 99.78126287460327
1068.0 99.70736503601074
1069.0 99.48429465293884
1070.0 99.74168539047241
1071.0 99.61791038513184
1072.0 99.7692883014679
1073.0 99.80754256248474
1074.0 99.44205284118652
1075.0 99.52523708343506
1076.0 99.27541613578796
1077.0 99.62018132209778
1078.0 99.68142509460449
1079.0 99.54586625099182
1080.0 100.18002986907959
1081.0 99.49952960014343
1082.0 99.48415756225586
1083.0 99.32582378387451
1084.0 99.69155788421631
1085.0 99.70923066139221
1086.0 99.34031963348389
1087.0 99.39361214637756
1088.0 99.22398924827576
1089.0 99.09995198249817
1090.0 99.25417304039001
1091.0 99.3344783782959
1092.0 99.08502697944641
1093.0 99.15014505386353
1094.0 99.02787208557129
1095.0 98.8694429397583
1096.0 99.03136491775513
1097.0 98.81476759910583
1098.0 98.15049767494202
1099.0 99.20231699943542
1100.0 98.57297539710999
