lsstCam/transmission_filter_detector/r22_s21/y_10/19700101T000000.ecsv
# %ECSV 1.0
# ---
# datatype:
# - {name: wavelength, unit: nm, datatype: float32}
# - {name: efficiency, unit: '%', datatype: float64}
# meta: !!omap
# - {MODE: DETECTOR}
# - {TYPE: transmission_filter_detector}
# - {CALIBDATE: '1970-01-01T00:00:00'}
# - {INSTRUME: LSSTCam}
# - {OBSTYPE: transmission_filter_detector}
# - {CALIBCLS: lsst.ip.isr.IntermediateFilterDetectorTransmissionCurve}
# - {SOURCE: Materion (DM-46256)}
# - {DETECTOR: 97}
# - {FILTER: y_10}
# - {CALIB_ID: 'calibDate=1970-01-01T00:00:00 filter=y_10 detector=97'}
# - {DATE: '2025-04-02T15:59:51.192780'}
# - {CALIB_CREATION_DATE: '2025-04-02'}
# - {CALIB_CREATION_TIME: '15:59:51'}
# - __serialized_columns__:
#     efficiency:
#       __class__: astropy.units.quantity.Quantity
#       unit: !astropy.units.Unit {unit: '%'}
#       value: !astropy.table.SerializedColumn {name: efficiency}
#     wavelength:
#       __class__: astropy.units.quantity.Quantity
#       unit: !astropy.units.Unit {unit: nm}
#       value: !astropy.table.SerializedColumn {name: wavelength}
# schema: astropy-2.0
wavelength efficiency
300.0 0.162269058637321
301.0 0.09284902480430901
302.0 0.023428985150530934
303.0 0.019630409951787442
304.0 0.015831836208235472
305.0 0.013519282219931483
306.0 0.01120672604884021
307.0 0.01249633205588907
308.0 0.013785935880150646
309.0 0.010904361988650635
310.0 0.008022788097150624
311.0 0.007137168722692877
312.0 0.006251548620639369
313.0 0.004189936225884594
314.0 0.0021283234673319384
315.0 0.0032918262149905786
316.0 0.00445532969024498
317.0 0.0035853714507538825
318.0 0.0027154115741723217
319.0 0.0021910371287958696
320.0 0.0016666623196215369
321.0 0.0019061442799284123
322.0 0.0021456262402352877
323.0 0.0036404759157449007
324.0 0.005135325409355573
325.0 0.0021053265299997292
326.0 1.571931603980281e-10
327.0 0.0006386830591509352
328.0 0.002202038376708515
329.0 0.002729346488195006
330.0 0.0032566545996814966
331.0 0.002877287261071615
332.0 0.0024979199224617332
333.0 0.003098874367424287
334.0 0.0036998288123868406
335.0 0.0040480885218130425
336.0 0.004396347503643483
337.0 0.0035185021260986105
338.0 0.0026406565666547976
339.0 0.0017693791960482486
340.0 0.0008981017344922293
341.0 0.0007106876637408277
342.0 0.0005232733201410156
343.0 0.0009308890184911434
344.0 0.0013385048077907413
345.0 0.0014517875570163596
346.0 0.0015650704881409183
347.0 0.0013691372259927448
348.0 0.001173203872895101
349.0 0.0013827886505168863
350.0 0.0015923733371892013
351.0 0.0018918257410405204
352.0 0.0021912781448918395
353.0 0.0019518631233950146
354.0 0.0017124481018981896
355.0 0.0017715497961034998
356.0 0.00183065149030881
357.0 0.0016264992154901847
358.0 0.0014223471225704998
359.0 0.0012238370800332632
360.0 0.0010253271284454968
361.0 0.0011004989573848434
362.0 0.0011756708772736602
363.0 0.0010721872058638837
364.0 0.0009687034435046371
365.0 0.0014693132470711134
366.0 0.0019699233234860003
367.0 0.0020265046259737574
368.0 0.002083085746562574
369.0 0.0017641445083427243
370.0 0.0014452030882239342
371.0 0.0015006959984020796
372.0 0.001556188908580225
373.0 0.0019290211639599875
374.0 0.0023018536012386903
375.0 0.0031942308851284906
376.0 0.004086608169018291
377.0 0.004108000575797632
378.0 0.004129392618779093
379.0 0.0035390068660490215
380.0 0.0029486209314200096
381.0 0.0021493264284799807
382.0 0.0013500319255399518
383.0 0.0011953673492826056
384.0 0.0010407024092273787
385.0 0.0008554257874493487
386.0 0.000670149256620789
387.0 0.0007147513770178193
388.0 0.000759353633839055
389.0 0.0006548722012666985
390.0 0.0005503907686943421
391.0 0.0004878017534792889
392.0 0.0004252126473147655
393.0 0.0006244279575184919
394.0 0.0008236433131969534
395.0 0.0007423824627039721
396.0 0.0006611216122109909
397.0 0.000761512819735799
398.0 0.0008619039363111369
399.0 0.0010853098501684144
400.0 0.001308715764025692
401.0 0.0014782789548917208
402.0 0.0016478421457577497
403.0 0.0017672991816652939
404.0 0.0018867563994717784
405.0 0.0019095123207080178
406.0 0.0019322682419442572
407.0 0.0016530504581169225
408.0 0.001373832765239058
409.0 0.001137651088356506
410.0 0.0009014692295750137
411.0 0.000706308446751791
412.0 0.0005111473910801578
413.0 0.0002777554300337215
414.0 4.436336951130215e-05
415.0 0.0006158079031592933
416.0 0.0011872523828060366
417.0 0.0006361429313983535
418.0 8.503351409672177e-05
419.0 0.00032142665986611973
420.0 0.0005578198852163041
421.0 0.0004171872205915861
422.0 0.00027655480607791105
423.0 0.0005768131813965738
424.0 0.0008770716704020742
425.0 8.243538900387648e-05
426.0 1.571931603980281e-10
427.0 1.571931603980281e-10
428.0 0.0003413541435293155
429.0 1.571931603980281e-10
430.0 1.571931603980281e-10
431.0 7.362756377915503e-05
432.0 0.0008825286386127118
433.0 0.0004672709565056721
434.0 5.201338808547007e-05
435.0 0.00017475981621828396
436.0 0.00029750640351267066
437.0 0.00032985253710648976
438.0 0.0003621988298618817
439.0 1.571931603980281e-10
440.0 1.571931603980281e-10
441.0 1.571931603980281e-10
442.0 1.571931603980281e-10
443.0 1.571931603980281e-10
444.0 1.571931603980281e-10
445.0 1.571931603980281e-10
446.0 1.571931603980281e-10
447.0 3.313209901989467e-05
448.0 0.0002163057843063143
449.0 0.00025755514343472896
450.0 0.0002988043888763059
451.0 0.00014220809134712908
452.0 1.571931603980281e-10
453.0 1.571931603980281e-10
454.0 1.571931603980281e-10
455.0 3.292394694653922e-05
456.0 0.00023621719265065622
457.0 1.571931603980281e-10
458.0 1.571931603980281e-10
459.0 1.571931603980281e-10
460.0 1.571931603980281e-10
461.0 0.0002041076413661358
462.0 0.0006381965704349568
463.0 0.0007370611001533689
464.0 0.0008359255843970459
465.0 0.0008281321242975537
466.0 0.0008203386641980615
467.0 0.001104907369153807
468.0 0.001389475801261142
469.0 0.0016677373423590325
470.0 0.0019459990653558634
471.0 0.002328126174688805
472.0 0.002710253102122806
473.0 0.002687748201424256
474.0 0.002665243300725706
475.0 0.0027821544790640473
476.0 0.0028990656574023888
477.0 0.003090254540438764
478.0 0.003281443423475139
479.0 0.003549597386154346
480.0 0.0038177513488335535
481.0 0.0040604085370432585
482.0 0.004303065725252964
483.0 0.00422119555878453
484.0 0.0041393253923160955
485.0 0.0037414691178128123
486.0 0.003343612843309529
487.0 0.0031199338991427794
488.0 0.00289625513687497
489.0 0.002615591620269697
490.0 0.0023349281036644243
491.0 0.001928400160977617
492.0 0.0015218721273413394
493.0 0.0015705363693996333
494.0 0.001619200520508457
495.0 0.0016636260625091381
496.0 0.0017080512407119386
497.0 0.0018132013792637736
498.0 0.0019183515178156085
499.0 0.002209060767199844
500.0 0.0024997698346851394
501.0 0.002748661790974438
502.0 0.0029975541110616177
503.0 0.0027320806111674756
504.0 0.0024666071112733334
505.0 0.0025672332412796095
506.0 0.0026678593712858856
507.0 0.002212735671491828
508.0 0.00175761197169777
509.0 0.0019322013031342067
510.0 0.002106790452671703
511.0 0.0021320760424714535
512.0 0.002157361632271204
513.0 0.00203607323783217
514.0 0.0019147848433931358
515.0 0.001581242395332083
516.0 0.0012477001291699708
517.0 0.0012029229765175842
518.0 0.0011581460967136081
519.0 0.0013243537068774458
520.0 0.0014905614079907537
521.0 0.0015598225218127482
522.0 0.0016290836356347427
523.0 0.0017996799215325154
524.0 0.001970276025531348
525.0 0.0020913585103699006
526.0 0.0022124411771073937
527.0 0.002352443516429048
528.0 0.0024924458557507023
529.0 0.0024474100428051315
530.0 0.0024023742298595607
531.0 0.002151921216864139
532.0 0.001901468203868717
533.0 0.001953223727468867
534.0 0.0020049790691700764
535.0 0.0017943018974619918
536.0 0.0015836245438549668
537.0 0.0020429548385436647
538.0 0.002502285315131303
539.0 0.003063724943785928
540.0 0.003625164754339494
541.0 0.003958218439947814
542.0 0.004291271761758253
543.0 0.004704932143795304
544.0 0.005118592525832355
545.0 0.004731867738883011
546.0 0.004345142588135786
547.0 0.0038177186070242897
548.0 0.0032902949897106737
549.0 0.0026081539544975385
550.0 0.0019260129192844033
551.0 0.0023683900508331135
552.0 0.0028107671823818237
553.0 0.0030364437407115474
554.0 0.0032621199352433905
555.0 0.0036857913073617965
556.0 0.004109462315682322
557.0 0.00416646507801488
558.0 0.004223467112751678
559.0 0.0038859529013279825
560.0 0.0035484383261064067
561.0 0.003496358112897724
562.0 0.003444277899689041
563.0 0.003474654658930376
564.0 0.0035050314181717113
565.0 0.003930178718292154
566.0 0.0043553260184125975
567.0 0.004704767343355343
568.0 0.005054209032095969
569.0 0.005660440001520328
570.0 0.006266670970944688
571.0 0.006238945934455842
572.0 0.006211220897966996
573.0 0.006226533150766045
574.0 0.006241845403565094
575.0 0.005959954796708189
576.0 0.005678063826053403
577.0 0.0054892425396246836
578.0 0.005300420889398083
579.0 0.005775640602223575
580.0 0.006250859587453306
581.0 0.007286405889317393
582.0 0.00832195146358572
583.0 0.009426033648196608
584.0 0.010530116560403258
585.0 0.011035596253350377
586.0 0.01154107740148902
587.0 0.01108863580157049
588.0 0.01063619420165196
589.0 0.010213417408522218
590.0 0.009790641342988238
591.0 0.008843110845191404
592.0 0.00789557961979881
593.0 0.006849924102425575
594.0 0.005804270040243864
595.0 0.005674966814694926
596.0 0.00554566468053963
597.0 0.006174905865918845
598.0 0.006804146687500179
599.0 0.007992247265065089
600.0 0.009180347115034238
601.0 0.010257076064590365
602.0 0.011333803558954969
603.0 0.01126245770137757
604.0 0.011191114754183218
605.0 0.010709246998885646
606.0 0.01022737706080079
607.0 0.008740976772969589
608.0 0.007254575757542625
609.0 0.0058244953834218904
610.0 0.0043944153730990365
611.0 0.003733161065611057
612.0 0.0030719067581230775
613.0 0.0035166580346412957
614.0 0.0039614085835637525
615.0 0.004879599146079272
616.0 0.005797789344796911
617.0 0.007726885087322444
618.0 0.009655977919464931
619.0 0.010728879715315998
620.0 0.011801780783571303
621.0 0.011795576574513689
622.0 0.011789372365456074
623.0 0.011378438648534939
624.0 0.010967504204018041
625.0 0.009494218829786405
626.0 0.008020932727959007
627.0 0.006583359208889306
628.0 0.005145787145011127
629.0 0.004256249303580262
630.0 0.0033667114621493965
631.0 0.002871863944164943
632.0 0.002377016244281549
633.0 0.002656164906511549
634.0 0.002935313750640489
635.0 0.0032975607609841973
636.0 0.0036598077713279054
637.0 0.004140583405387588
638.0 0.00462135903944727
639.0 0.0048965157475322485
640.0 0.005171672091819346
641.0 0.005251082984614186
642.0 0.005330493877409026
643.0 0.005151265213498846
644.0 0.004972036549588665
645.0 0.00448219470854383
646.0 0.0039923521399032325
647.0 0.0032447132980450988
648.0 0.0024970746380859055
649.0 0.0020663988834712654
650.0 0.0016357233107555658
651.0 0.0017607115296414122
652.0 0.0018856997485272586
653.0 0.0017141184798674658
654.0 0.0015425370293087326
655.0 0.0015523006368312053
656.0 0.0015620640624547377
657.0 0.0015455016182386316
658.0 0.0015289391740225255
659.0 0.001727087510516867
660.0 0.0019252358470112085
661.0 0.001731615157041233
662.0 0.0015379946489701979
663.0 0.0018818880562321283
664.0 0.0022257820091908798
665.0 0.0029042077585472725
666.0 0.0035826335079036653
667.0 0.004630315015674569
668.0 0.005677996159647591
669.0 0.006539343303302303
670.0 0.007400689355563372
671.0 0.007716963591519743
672.0 0.008033241465454921
673.0 0.007827814988559112
674.0 0.007622389239259064
675.0 0.007165950955823064
676.0 0.006709511944791302
677.0 0.005310138294589706
678.0 0.0039107620978029445
679.0 0.002628949187055696
680.0 0.0013471353668137453
681.0 0.000879210710991174
682.0 0.0004112861006433377
683.0 0.0004680366600950947
684.0 0.0005247872195468517
685.0 0.00039318474591709673
686.0 0.0002615821813378716
687.0 0.0002470669869580888
688.0 0.0002325518153156736
689.0 0.0002289201574967592
690.0 0.00022528847694047727
691.0 0.00016803452353997272
692.0 0.00011078059287683573
693.0 7.863779387662362e-05
694.0 4.649498634989868e-05
695.0 0.000190809510058898
696.0 0.0003351240366100683
697.0 0.0003574870333977742
698.0 0.0003798500529228477
699.0 0.0003158658273605397
700.0 0.00025188162453559926
701.0 0.00017785325781005668
702.0 0.00010382492519056541
703.0 8.808224265521858e-05
704.0 7.233961696329061e-05
705.0 0.0002484986680428847
706.0 0.00042465762817300856
707.0 0.0002956289790745359
708.0 0.00016660028450132813
709.0 0.00032355048915633233
710.0 0.0004805007392860716
711.0 0.00047237222133844625
712.0 0.0004642437033908209
713.0 0.00022628844362770906
714.0 1.571931603980281e-10
715.0 9.43127474783978e-05
716.0 0.00020029226561746327
717.0 6.787865345359023e-05
718.0 1.571931603980281e-10
719.0 0.00023836239506636048
720.0 0.0005412597147369524
721.0 0.000679359527566703
722.0 0.0008174593858711887
723.0 0.0006337681497825542
724.0 0.00045007700464338996
725.0 0.00013748065157415112
726.0 1.571931603980281e-10
727.0 4.697099598161003e-05
728.0 0.0002690576366148889
729.0 0.000342118755725096
730.0 0.0004151800112595083
731.0 0.0004265976713213604
732.0 0.000438015604231623
733.0 0.00035745206332649104
734.0 0.00027688870432029944
735.0 0.00020120185126870638
736.0 0.00012551513464131858
737.0 0.00019474628061288968
738.0 0.00026397760848340113
739.0 0.0002753841272351565
740.0 0.0002867905323000741
741.0 0.00038522530303453095
742.0 0.00048366009650635533
743.0 0.000334024548465095
744.0 0.0001843889890551509
745.0 0.0003229442199881305
746.0 0.0004614994850271614
747.0 0.0003891495907737408
748.0 0.00031679965104558505
749.0 8.46191198888846e-05
750.0 1.571931603980281e-10
751.0 0.0002585525635367958
752.0 0.000664666458760621
753.0 0.0006001973815727979
754.0 0.0005357283043849748
755.0 0.0002617372501845239
756.0 1.571931603980281e-10
757.0 1.0174629494485998e-05
758.0 3.2603026056676754e-05
759.0 0.00032581283448962495
760.0 0.0006190227850311203
761.0 0.0005189704552321928
762.0 0.00041891812543326523
763.0 0.0003898232080246089
764.0 0.0003607283133533201
765.0 0.0004945148702972801
766.0 0.0006283014499786077
767.0 0.000396691166315577
768.0 0.00016508092812728137
769.0 0.00027542848783923546
770.0 0.0003857759111269843
771.0 0.0003490034487185767
772.0 0.0003122308726233314
773.0 0.00046466884668916464
774.0 0.0006171067980176304
775.0 0.0005480257641465869
776.0 0.00047894463932607323
777.0 0.0004865796199737815
778.0 0.00049421469157096
779.0 0.0006832690360170091
780.0 0.0008723234714125283
781.0 0.0008498665920342319
782.0 0.0008274096217064653
783.0 0.0008334318408742547
784.0 0.0008394540600420441
785.0 0.0007877159987401683
786.0 0.0007359779374382924
787.0 0.0005000244073016802
788.0 0.0002640708544277004
789.0 0.0003181517740813433
790.0 0.00037223260278551606
791.0 0.0005976531156193232
792.0 0.0008230736057157628
793.0 0.0007773348443151917
794.0 0.0007315960829146206
795.0 0.0007490481038985308
796.0 0.0007665000339329708
797.0 0.0006652729098277632
798.0 0.0005640457857225556
799.0 0.00031847082482272526
800.0 7.289592645065568e-05
801.0 0.0002375341864535585
802.0 0.000402172463509487
803.0 0.0004900566636933945
804.0 0.0005779409548267722
805.0 0.0008103406798909418
806.0 0.001042740223056171
807.0 0.000837506649986608
808.0 0.0006322728495433694
809.0 0.0005787848294858122
810.0 0.0005252967184787849
811.0 0.0007504755558329634
812.0 0.0009756541658134665
813.0 0.0009882474842015654
814.0 0.0010008408935391344
815.0 0.0009536443940305617
816.0 0.0009064478035725188
817.0 0.0009398154361406341
818.0 0.0009731830687087495
819.0 0.0009612074791220948
820.0 0.00094923179858597
821.0 0.0008129612979246303
822.0 0.000676690933687496
823.0 0.0005022717687097611
824.0 0.0003278526719441288
825.0 0.0005214355951466132
826.0 0.00071501849561173
827.0 0.0008237506335717626
828.0 0.0009324827260570601
829.0 0.0005330104613676667
830.0 0.00013353821941564092
831.0 0.0002630563130878727
832.0 0.0003925745659216773
833.0 0.0006587217740161577
834.0 0.0009248690730601083
835.0 0.0005594294634647667
836.0 0.0001939897401825874
837.0 0.0001882143351394916
838.0 0.00018243897557113087
839.0 0.00026611842258716933
840.0 0.00034979789234057534
841.0 0.0007825847205822356
842.0 0.0012153715033491608
843.0 0.0009576570846547838
844.0 0.0006999425750109367
845.0 0.00079752526289667
846.0 0.0008951079507824033
847.0 0.0009157476597465575
848.0 0.0009363873687107116
849.0 0.0007590744644403458
850.0 0.0005817612873215694
851.0 0.0009588691682438366
852.0 0.0013359769582166336
853.0 0.0010609748642309569
854.0 0.0007859729521442205
855.0 0.0006442211542889709
856.0 0.0005024694019084563
857.0 0.0007766986527713016
858.0 0.0010509279491088819
859.0 0.000871019801707007
860.0 0.000691111608830397
861.0 0.0011678698683681432
862.0 0.0016446279914816841
863.0 0.0016115194739541039
864.0 0.001578410592628643
865.0 0.0018302096577826887
866.0 0.002082008541037794
867.0 0.0025622397515689954
868.0 0.0030424709621001966
869.0 0.0030435558073804714
870.0 0.0030446404707618058
871.0 0.003264673432568088
872.0 0.00348470603057649
873.0 0.0029201090001151897
874.0 0.0023555123334517702
875.0 0.0022369440557667986
876.0 0.002118375778081827
