lsstCam/transmission_filter_detector/r32_s10/i_39/19700101T000000.ecsv
# %ECSV 1.0
# ---
# datatype:
# - {name: wavelength, unit: nm, datatype: float32}
# - {name: efficiency, unit: '%', datatype: float64}
# meta: !!omap
# - {MODE: DETECTOR}
# - {TYPE: transmission_filter_detector}
# - {CALIBDATE: '1970-01-01T00:00:00'}
# - {INSTRUME: LSSTCam}
# - {OBSTYPE: transmission_filter_detector}
# - {CALIBCLS: lsst.ip.isr.IntermediateFilterDetectorTransmissionCurve}
# - {SOURCE: Materion (DM-46256)}
# - {DETECTOR: 138}
# - {FILTER: i_39}
# - {CALIB_ID: 'calibDate=1970-01-01T00:00:00 filter=i_39 detector=138'}
# - {DATE: '2025-04-02T15:59:47.118606'}
# - {CALIB_CREATION_DATE: '2025-04-02'}
# - {CALIB_CREATION_TIME: '15:59:47'}
# - __serialized_columns__:
#     efficiency:
#       __class__: astropy.units.quantity.Quantity
#       unit: !astropy.units.Unit {unit: '%'}
#       value: !astropy.table.SerializedColumn {name: efficiency}
#     wavelength:
#       __class__: astropy.units.quantity.Quantity
#       unit: !astropy.units.Unit {unit: nm}
#       value: !astropy.table.SerializedColumn {name: wavelength}
# schema: astropy-2.0
wavelength efficiency
300.0 1.5846102641853266e-10
301.0 0.005573418093263172
302.0 0.031601544469594955
303.0 0.018023635493591428
304.0 0.004445727972779423
305.0 0.010507521074032411
306.0 0.016569312720093876
307.0 0.012409899500198662
308.0 0.008250485552707687
309.0 0.0069930669269524515
310.0 0.005735648301197216
311.0 0.0007753583304292988
312.0 1.5846102641853266e-10
313.0 1.5846102641853266e-10
314.0 1.5846102641853266e-10
315.0 1.5846102641853266e-10
316.0 1.5846102641853266e-10
317.0 0.0008953192264016252
318.0 0.004016139064333402
319.0 0.005823307947139256
320.0 0.007630475738551468
321.0 0.0030338182114064693
322.0 1.5846102641853266e-10
323.0 0.0009762753506947774
324.0 0.003515389107633382
325.0 0.0021618550817947835
326.0 0.0008083213288045954
327.0 0.0008669194357935339
328.0 0.0009255181794287637
329.0 0.002815501829900313
330.0 0.004705484752776101
331.0 0.0046584325900767
332.0 0.004611379335983656
333.0 0.0025102435756707564
334.0 0.00040910817915573716
335.0 0.0003455871365076746
336.0 0.00028206627575855237
337.0 0.0011748194083338603
338.0 0.0020675724954344332
339.0 0.000866516802489059
340.0 1.5846102641853266e-10
341.0 1.5846102641853266e-10
342.0 0.00013575825050793355
343.0 0.0001312467588832078
344.0 0.000126735369576636
345.0 0.0008031936886254698
346.0 0.0014796521099924576
347.0 0.0006342684173432644
348.0 1.5846102641853266e-10
349.0 0.00034887605124822585
350.0 0.0009088674232771154
351.0 1.5846102641853266e-10
352.0 1.5846102641853266e-10
353.0 1.5846102641853266e-10
354.0 1.5846102641853266e-10
355.0 0.0001727729454614746
356.0 0.0011907425687240902
357.0 0.00040537006498198025
358.0 1.5846102641853266e-10
359.0 1.5846102641853266e-10
360.0 1.5846102641853266e-10
361.0 1.5846102641853266e-10
362.0 1.5846102641853266e-10
363.0 1.5846102641853266e-10
364.0 1.5846102641853266e-10
365.0 1.5846102641853266e-10
366.0 1.5846102641853266e-10
367.0 0.0005043666078563547
368.0 0.001288281873712549
369.0 0.0006722158559568925
370.0 5.615008831227897e-05
371.0 0.00018702382931223838
372.0 0.0003178976157869329
373.0 3.882921078002255e-05
374.0 1.5846102641853266e-10
375.0 0.0001458412953070365
376.0 0.00053192202358332
377.0 0.0004967881977790967
378.0 0.00046165437197487336
379.0 0.0005588661679212237
380.0 0.0006560777364938986
381.0 0.00021606347218039446
382.0 1.5846102641853266e-10
383.0 1.5846102641853266e-10
384.0 1.5846102641853266e-10
385.0 0.00019936651369789615
386.0 0.0004079936843481846
387.0 6.232702958186565e-05
388.0 1.5846102641853266e-10
389.0 1.5846102641853266e-10
390.0 1.5846102641853266e-10
391.0 1.5846102641853266e-10
392.0 1.5846102641853266e-10
393.0 1.5846102641853266e-10
394.0 1.9320300737035723e-05
395.0 0.0003884927082253853
396.0 0.0007576652023999486
397.0 0.0007091149200277869
398.0 0.0006605646376556251
399.0 0.0011392851774871815
400.0 0.001618005808268208
401.0 0.002005150781769771
402.0 0.0023922950276755728
403.0 0.002797332672344055
404.0 0.003202369771315716
405.0 0.003040556657651905
406.0 0.0028787439077859744
407.0 0.003522602128214203
408.0 0.0041664599848445505
409.0 0.003771920091821812
410.0 0.0033773805625969544
411.0 0.004366270513855852
412.0 0.005355160828912631
413.0 0.004299423380871303
414.0 0.003243685932829976
415.0 0.002908057467720937
416.0 0.002572429002611898
417.0 0.003538736200425774
418.0 0.004505042670643888
419.0 0.004129717490286566
420.0 0.003754391218535602
421.0 0.0040218325011665
422.0 0.004289273783797398
423.0 0.0049186353862751275
424.0 0.0055479973525507376
425.0 0.005315391535987146
426.0 0.005082786447019316
427.0 0.0051188271754654124
428.0 0.005154868267709389
429.0 0.004444928708835505
430.0 0.0037349891499616206
431.0 0.0038637645047856495
432.0 0.003992539495811798
433.0 0.002713378307817038
434.0 0.0014342174836201593
435.0 0.0014111833479546476
436.0 0.001388149212289136
437.0 0.0010770560038508847
438.0 0.0007659629773115739
439.0 0.0009990873877541162
440.0 0.0012322118891461287
441.0 0.0011634736438281834
442.0 0.0010947355804091785
443.0 0.001644147778279148
444.0 0.002193560248997528
445.0 0.0012027118827973027
446.0 0.00021186342564760707
447.0 8.442037255917967e-05
448.0 1.5846102641853266e-10
449.0 0.0003393704673726461
450.0 0.0007217635811684886
451.0 0.0009164992661681026
452.0 0.001111235087591922
453.0 0.0008212437933252659
454.0 0.0005312524990586098
455.0 0.0006634335932176327
456.0 0.0007956146873766556
457.0 0.0005170389158593025
458.0 0.0002384630079177441
459.0 0.0005410941412264947
460.0 0.0008437252290605102
461.0 0.0005791109288111329
462.0 0.00031449662856175564
463.0 0.0004029885985801229
464.0 0.0004914805685984902
465.0 0.00043367840589780826
466.0 0.0003758764478334342
467.0 0.00041320167838421185
468.0 0.00045052684072288685
469.0 0.0007170113804022549
470.0 0.0009834961019805633
471.0 0.0008141520993376616
472.0 0.0006448083695431706
473.0 0.0007237827048811596
474.0 0.0008027571311686188
475.0 0.0006679717898805393
476.0 0.0005331863576429896
477.0 0.00043592231122602243
478.0 0.00033865815112221753
479.0 0.0011224287845834624
480.0 0.0019061993953073397
481.0 0.002231823054898996
482.0 0.0025574468963895924
483.0 0.0037194007745711133
484.0 0.004881354107055813
485.0 0.00661207886878401
486.0 0.008342801447724923
487.0 0.01030602797982283
488.0 0.012269253784324974
489.0 0.015143600467126817
490.0 0.018017948605120182
491.0 0.02093377843266353
492.0 0.0238496097153984
493.0 0.025392341194674373
494.0 0.026935074129141867
495.0 0.024525306071154773
496.0 0.02211553364759311
497.0 0.018540953169576824
498.0 0.01496637414675206
499.0 0.010591813042992726
500.0 0.006217252666829154
501.0 0.004419923425302841
502.0 0.0026225934561807662
503.0 0.0020548843167489395
504.0 0.0014871750863676425
505.0 0.0017295071302214637
506.0 0.001971838719327934
507.0 0.002060864608210977
508.0 0.00214989031519508
509.0 0.002182084062951617
510.0 0.0022142776288092136
511.0 0.0020273379050195217
512.0 0.0018403983631287701
513.0 0.0018812796042766422
514.0 0.001922161209222395
515.0 0.0020917328583891504
516.0 0.002261304689454846
517.0 0.002330192000954412
518.0 0.0023990796762518585
519.0 0.002057118217635434
520.0 0.0017151567590190098
521.0 0.0017294627468800172
522.0 0.0017437687347410247
523.0 0.0017576086975168437
524.0 0.0017714484783937223
525.0 0.002097404285450466
526.0 0.0024233600925072096
527.0 0.0026167856049141847
528.0 0.0028102111173211597
529.0 0.0026357023671153
530.0 0.00246119325311156
531.0 0.0020677671273006126
532.0 0.0016743410014896654
533.0 0.0015911004084045999
534.0 0.0015078599062690046
535.0 0.001766005516401492
536.0 0.002024150853685569
537.0 0.0026247784262523055
538.0 0.0032254058169201016
539.0 0.003992234269389883
540.0 0.004759062721859664
541.0 0.005195648191147484
542.0 0.0056322343880310655
543.0 0.005220937237027101
544.0 0.004809640449821018
545.0 0.0038775968278059736
546.0 0.0029455537514877506
547.0 0.00239071359828813
548.0 0.0018358736269874498
549.0 0.0016617439541732892
550.0 0.001487614463258069
551.0 0.001602983866177965
552.0 0.0017183534509968013
553.0 0.0017401207514922135
554.0 0.0017618880519876257
555.0 0.0012459984645829536
556.0 0.0007301089226530166
557.0 0.0006474276233348064
558.0 0.0005647462785418611
559.0 0.0005846316980750998
560.0 0.0006045171630830737
561.0 0.0009856985343503766
562.0 0.0013668800420418847
563.0 0.0016495108866365626
564.0 0.00193214145838283
565.0 0.0016951551515376195
566.0 0.001458168844692409
567.0 0.0010569339792709798
568.0 0.0006556991138495505
569.0 0.000716999147698516
570.0 0.0007782992724969517
571.0 0.0006402722647180781
572.0 0.0005022451659897342
573.0 0.0005399517249315977
574.0 0.0005776582383987261
575.0 0.0005254183179204119
576.0 0.00047317844291683286
577.0 0.00041802331907092594
578.0 0.0003628682861744892
579.0 0.000380493770535395
580.0 0.000398119345845771
581.0 0.00042196334106847644
582.0 0.00044580738176591694
583.0 0.000402957857659203
584.0 0.00036010833355248906
585.0 0.0004733100922749145
586.0 0.0005865118055226048
587.0 0.000504886929775239
588.0 0.0004232620995026082
589.0 0.0005792277534055756
590.0 0.0007351935892074835
591.0 0.00048094448175106663
592.0 0.00022669532881991472
593.0 0.00044028074626112357
594.0 0.0006538662091770675
595.0 0.00045862598199164495
596.0 0.00026338568659411976
597.0 0.00038739858609915245
598.0 0.0005114115083415527
599.0 0.00040218696994998027
600.0 0.0002929624542957754
601.0 0.0003588243998819962
602.0 0.00042468645915505476
603.0 0.0003129417336822371
604.0 0.0002011969854720519
605.0 0.00019697881725733168
606.0 0.00019276058083050884
607.0 0.0003526964746924932
608.0 0.0005126323685544776
609.0 0.0004741095381177729
610.0 0.0004355867076810682
611.0 0.0004077487119502621
612.0 0.00037991067074472085
613.0 0.00036666674532170873
614.0 0.0003534228653734317
615.0 0.00041621160562499426
616.0 0.000479000436826027
617.0 0.00037383326798590133
618.0 0.00026866614462051075
619.0 0.0002007121111091692
620.0 0.00013275811170387897
621.0 0.00021181258489377797
622.0 0.0002908670467149932
623.0 0.00032675566217221785
624.0 0.0003626442321547074
625.0 0.0003735817244887585
626.0 0.00038451921682280954
627.0 0.00041509410948492587
628.0 0.0004456689566723071
629.0 0.00041385646909475327
630.0 0.00038204389056772925
631.0 0.0003723912413988728
632.0 0.000362738410331076
633.0 0.0003484868102532346
634.0 0.00033423521017539315
635.0 0.00038736980059184134
636.0 0.0004405044364830246
637.0 0.0004061135769006796
638.0 0.00037172258089412935
639.0 0.000465774019176024
640.0 0.0005598254574579187
641.0 0.0006245602889975999
642.0 0.000689295120537281
643.0 0.0006040708285581786
644.0 0.000518846445629606
645.0 0.000652455719318823
646.0 0.0007860649930080399
647.0 0.0007395429292955669
648.0 0.0006930207291588886
649.0 0.0007546261258539744
650.0 0.0008162315680237953
651.0 0.0008224431439884938
652.0 0.0008286547199531924
653.0 0.0008205506674130447
654.0 0.0008124467058223672
655.0 0.0012027066077280324
656.0 0.0015929665096336976
657.0 0.002591275188024156
658.0 0.0035895835026167333
659.0 0.005807563866255805
660.0 0.02487419405952096
661.0 0.11802703374996781
662.0 0.08831796585582197
663.0 0.15851609641686082
664.0 0.0954278337303549
665.0 0.1213846611790359
666.0 0.1705311588011682
667.0 0.25238548405468464
668.0 0.21153807174414396
669.0 0.3139682114124298
670.0 0.45367483980953693
671.0 0.6669453345239162
672.0 1.0828232392668724
673.0 1.7132321372628212
674.0 2.4750106036663055
675.0 3.475099429488182
676.0 4.623941332101822
677.0 5.955632030963898
678.0 7.343029975891113
679.0 8.893842250108719
680.0 10.972156375646591
681.0 13.156180083751678
682.0 15.763053297996521
683.0 18.52361261844635
684.0 21.507978439331055
685.0 24.410618841648102
686.0 27.46095359325409
687.0 30.771073698997498
688.0 34.19542610645294
689.0 37.80412673950195
690.0 41.81451499462128
691.0 46.30548655986786
692.0 51.443302631378174
693.0 56.96619153022766
694.0 63.039594888687134
695.0 68.69199275970459
696.0 74.90094900131226
697.0 80.26816844940186
698.0 85.87758541107178
699.0 89.86364603042603
700.0 92.79384016990662
701.0 94.90001201629639
702.0 96.31385207176208
703.0 97.08982110023499
704.0 97.38624095916748
705.0 97.72365689277649
706.0 97.71179556846619
707.0 97.79326915740967
708.0 97.80623316764832
709.0 97.8085458278656
710.0 97.67435789108276
711.0 97.86391854286194
712.0 97.8547751903534
713.0 97.90645241737366
714.0 98.009592294693
715.0 98.04801940917969
716.0 97.88064360618591
717.0 98.0965793132782
718.0 98.07084798812866
719.0 98.027503490448
720.0 98.17847013473511
721.0 98.14196825027466
722.0 97.76702523231506
723.0 97.49870896339417
724.0 97.15176224708557
725.0 97.01722264289856
726.0 96.74263000488281
727.0 96.66838049888611
728.0 96.3929295539856
729.0 96.21469974517822
730.0 96.34620547294617
731.0 96.41320705413818
732.0 96.50911688804626
733.0 96.80956602096558
734.0 97.16987013816833
735.0 97.33132123947144
736.0 97.74110913276672
737.0 98.09457659721375
738.0 98.22127223014832
739.0 98.5952615737915
740.0 98.72530102729797
741.0 98.54796528816223
742.0 98.77525568008423
743.0 98.56137037277222
744.0 98.45466613769531
745.0 98.50785732269287
746.0 98.53771924972534
747.0 98.7393856048584
748.0 98.59137535095215
749.0 98.41703772544861
750.0 98.39210510253906
751.0 98.28425645828247
752.0 98.25840592384338
753.0 98.49940538406372
754.0 98.39496612548828
755.0 98.51212501525879
756.0 98.51421117782593
757.0 98.57479333877563
758.0 98.68947267532349
759.0 98.66405725479126
760.0 98.60095381736755
761.0 98.56221675872803
762.0 98.65865707397461
763.0 98.54438304901123
764.0 98.46254587173462
765.0 98.407644033432
766.0 98.45505356788635
767.0 98.29180836677551
768.0 98.25986623764038
769.0 98.19537401199341
770.0 97.97098636627197
771.0 97.95138239860535
772.0 97.98575639724731
773.0 97.9283332824707
774.0 97.7313756942749
775.0 97.76313304901123
776.0 97.76471853256226
777.0 97.7776825428009
778.0 97.87876009941101
779.0 97.93721437454224
780.0 97.88802862167358
781.0 98.28476905822754
782.0 98.27651381492615
783.0 98.35167527198792
784.0 98.32059144973755
785.0 98.47286939620972
786.0 98.5272765159607
787.0 98.31254482269287
788.0 98.37684035301208
789.0 98.41673374176025
790.0 98.4110176563263
791.0 98.41361045837402
792.0 98.21141362190247
793.0 98.07975888252258
794.0 97.99883365631104
795.0 97.91343808174133
796.0 97.89015650749207
797.0 97.92876839637756
798.0 97.81661629676819
799.0 97.67352342605591
800.0 97.53158688545227
801.0 97.4108338356018
802.0 97.2482979297638
803.0 96.88729047775269
804.0 96.44927382469177
805.0 95.56670784950256
806.0 94.81868147850037
807.0 93.37769746780396
808.0 91.79180860519409
809.0 89.927077293396
810.0 87.8341019153595
811.0 85.09722352027893
812.0 82.07656741142273
813.0 78.65540385246277
814.0 74.7038185596466
815.0 70.47870755195618
816.0 66.16334915161133
817.0 61.545270681381226
818.0 56.67027235031128
819.0 52.4422824382782
820.0 47.63723015785217
821.0 43.211302161216736
822.0 38.82443904876709
823.0 34.150850772857666
824.0 29.543650150299072
825.0 25.310128927230835
826.0 20.930109918117523
827.0 16.480529308319092
828.0 12.592902779579163
829.0 9.105488657951355
830.0 5.971454083919525
831.0 3.951272740960121
832.0 2.3509258404374123
833.0 1.3655944727361202
834.0 0.8042671717703342
835.0 0.45930263586342335
836.0 0.26423875242471695
837.0 0.17803317168727517
838.0 0.05088921752758324
839.0 0.02373935276409611
840.0 0.0064286767155863345
841.0 4.138383360441367e-05
842.0 1.5846102641853266e-10
843.0 1.5846102641853266e-10
844.0 1.5846102641853266e-10
845.0 1.5846102641853266e-10
846.0 0.01534677721792832
847.0 1.5846102641853266e-10
848.0 1.5846102641853266e-10
849.0 1.5846102641853266e-10
850.0 1.5846102641853266e-10
851.0 0.0018723110770224594
852.0 0.0031268038583220914
853.0 0.001704907845123671
854.0 0.00028301185466261813
855.0 0.000415049044022453
856.0 0.0005470862561196554
857.0 0.0006391753231582697
858.0 0.0007312642992474139
859.0 0.00037447932754730573
860.0 1.7694367215881357e-05
861.0 1.5846102641853266e-10
862.0 1.5846102641853266e-10
863.0 1.5846102641853266e-10
864.0 1.5846102641853266e-10
865.0 4.0762077446743206e-05
866.0 0.00013289457001519622
867.0 1.2699126727966359e-05
868.0 1.5846102641853266e-10
869.0 2.8243348992873507e-05
870.0 0.00016398297475461732
871.0 0.00015824997490199166
872.0 0.0001525169409433147
873.0 7.432065558532486e-05
874.0 1.5846102641853266e-10
875.0 1.5846102641853266e-10
876.0 1.5846102641853266e-10
877.0 1.5846102641853266e-10
878.0 1.5846102641853266e-10
879.0 1.5846102641853266e-10
880.0 1.5846102641853266e-10
881.0 1.5846102641853266e-10
882.0 7.083719424372248e-05
883.0 1.5846102641853266e-10
884.0 1.5846102641853266e-10
885.0 1.5846102641853266e-10
886.0 8.706874723429792e-05
887.0 2.5072836251638364e-05
888.0 1.5846102641853266e-10
889.0 1.5846102641853266e-10
890.0 1.941861285104096e-05
891.0 1.5846102641853266e-10
892.0 1.5846102641853266e-10
893.0 1.5846102641853266e-10
894.0 1.5846102641853266e-10
895.0 2.6015777621068992e-05
