lsstCam/transmission_filter_detector/r32_s10/i_39/19700101T000000.ecsv
# %ECSV 1.0
# ---
# datatype:
# - {name: wavelength, unit: nm, datatype: float32}
# - {name: efficiency, unit: '%', datatype: float64}
# meta: !!omap
# - {MODE: DETECTOR}
# - {TYPE: transmission_filter_detector}
# - {CALIBDATE: '1970-01-01T00:00:00'}
# - {INSTRUME: LSSTCam}
# - {OBSTYPE: transmission_filter_detector}
# - {CALIBCLS: lsst.ip.isr.IntermediateFilterDetectorTransmissionCurve}
# - {SOURCE: Materion (DM-46256)}
# - {DETECTOR: 138}
# - {FILTER: i_39}
# - {CALIB_ID: 'calibDate=1970-01-01T00:00:00 filter=i_39 detector=138'}
# - {DATE: '2025-04-02T15:59:47.118606'}
# - {CALIB_CREATION_DATE: '2025-04-02'}
# - {CALIB_CREATION_TIME: '15:59:47'}
# - __serialized_columns__:
#     efficiency:
#       __class__: astropy.units.quantity.Quantity
#       unit: !astropy.units.Unit {unit: '%'}
#       value: !astropy.table.SerializedColumn {name: efficiency}
#     wavelength:
#       __class__: astropy.units.quantity.Quantity
#       unit: !astropy.units.Unit {unit: nm}
#       value: !astropy.table.SerializedColumn {name: wavelength}
# schema: astropy-2.0
wavelength efficiency
[from data line 597]
897.0 4.8758602133602835e-05
898.0 9.594060657036607e-06
899.0 1.5846102641853266e-10
900.0 1.5846102641853266e-10
901.0 1.5846102641853266e-10
902.0 1.5846102641853266e-10
903.0 1.5846102641853266e-10
904.0 1.5846102641853266e-10
905.0 1.5846102641853266e-10
906.0 1.5846102641853266e-10
907.0 1.5846102641853266e-10
908.0 1.5846102641853266e-10
909.0 1.5846102641853266e-10
910.0 2.7880562925020058e-05
911.0 1.5846102641853266e-10
912.0 1.5846102641853266e-10
913.0 1.5846102641853266e-10
914.0 1.5846102641853266e-10
915.0 1.5846102641853266e-10
916.0 1.5846102641853266e-10
917.0 1.5846102641853266e-10
918.0 1.5846102641853266e-10
919.0 1.5846102641853266e-10
920.0 0.00010225428468402242
921.0 1.5846102641853266e-10
922.0 1.5846102641853266e-10
923.0 1.5846102641853266e-10
924.0 0.00013244690535429982
925.0 8.773534432293673e-05
926.0 4.302376623854798e-05
927.0 1.5846102641853266e-10
928.0 1.5846102641853266e-10
929.0 1.5846102641853266e-10
930.0 1.5846102641853266e-10
931.0 1.5846102641853266e-10
932.0 1.5846102641853266e-10
933.0 1.5846102641853266e-10
934.0 1.5846102641853266e-10
935.0 1.5846102641853266e-10
936.0 5.39433870017092e-05
937.0 0.00011336701390973758
938.0 0.0001727906237647403
939.0 6.053299017594327e-06
940.0 1.5846102641853266e-10
941.0 5.4290973139359266e-05
942.0 0.00026926595637633
943.0 0.00021904252207605168
944.0 0.00016881908777577337
945.0 1.5846102641853266e-10
946.0 1.5846102641853266e-10
947.0 1.5846102641853266e-10
948.0 0.00013940235703557846
949.0 0.00011219611906199134
950.0 8.498990951011365e-05
951.0 0.0001274640453630127
952.0 0.00016993817553156987
953.0 4.964343247593206e-05
954.0 1.5846102641853266e-10
955.0 2.5663229874517413e-08
956.0 7.070265155562083e-05
957.0 0.00012087217555745156
958.0 0.00017104169955928228
959.0 0.0001980916067623184
960.0 0.00022514150259667076
961.0 0.0001718109615467256
962.0 0.00011848039775941288
963.0 0.00019574792986531975
964.0 0.0002730155074459617
965.0 0.00010102643273057765
966.0 1.5846102641853266e-10
967.0 1.5846102641853266e-10
968.0 1.5846102641853266e-10
969.0 1.5846102641853266e-10
970.0 1.5846102641853266e-10
971.0 1.5846102641853266e-10
972.0 1.5846102641853266e-10
973.0 1.5846102641853266e-10
974.0 5.3825385748496046e-05
975.0 8.024230169212387e-05
976.0 0.00010665920626706793
977.0 0.0001403840542479884
978.0 0.0001741088794915413
979.0 8.387357297579001e-05
980.0 1.5846102641853266e-10
981.0 1.5846102641853266e-10
982.0 1.5846102641853266e-10
983.0 1.5846102641853266e-10
984.0 1.5846102641853266e-10
985.0 1.5846102641853266e-10
986.0 1.5846102641853266e-10
987.0 1.5846102641853266e-10
988.0 1.5846102641853266e-10
989.0 1.661547912590322e-05
990.0 6.43340797523706e-05
991.0 0.00014378622381627792
992.0 0.0002232383849332109
993.0 0.00015618041970810737
994.0 8.912244879866194e-05
995.0 0.0001217052954416431
996.0 0.00015428811366291484
997.0 0.00010147426792173064
998.0 4.86603994431789e-05
999.0 5.6404388715236564e-05
1000.0 6.414833819690102e-05
1001.0 0.00018635294054547558
1002.0 0.00030855753720970824
1003.0 0.00030185112791514257
1004.0 0.0002951447186205769
1005.0 0.00023300979137275135
1006.0 0.00017087488686229335
1007.0 8.292083748528967e-05
1008.0 1.5846102641853266e-10
1009.0 0.00012882545661341283
1010.0 0.00026268405690643704
1011.0 0.0001912736024678452
1012.0 0.0001198631707666209
1013.0 0.00014015276974532753
1014.0 0.00016044240283008548
1015.0 0.00011247144584558555
1016.0 6.450054002016259e-05
1017.0 0.00020799784579139668
1018.0 0.0003514951458782889
1019.0 0.00014405898127733963
1020.0 1.5846102641853266e-10
1021.0 6.732360020578199e-05
1022.0 0.00019802437236648984
1023.0 0.00018083576378558064
1024.0 0.0001636471665733552
1025.0 0.0001770999460859457
1026.0 0.00019055278244195506
1027.0 0.00042635160752979573
1028.0 0.0006621503871429013
1029.0 0.0009512287761026528
1030.0 0.0012403071195876691
1031.0 0.001585583777341526
1032.0 0.001930859980348032
1033.0 0.002222481089120265
1034.0 0.002514102015993558
1035.0 0.0028649705200223252
1036.0 0.0032158390240510926
1037.0 0.0032989177270792425
1038.0 0.0033819960663095117
1039.0 0.003069133890676312
1040.0 0.0027562715331441723
1041.0 0.0027752870664699003
1042.0 0.0027943025997956283
1043.0 0.00314650205837097
1044.0 0.003498702062643133
1045.0 0.0033502008591312915
1046.0 0.00320169965561945
1047.0 0.0031086357921594754
1048.0 0.0030155717468005605
1049.0 0.002625593333505094
1050.0 0.0022356147383106872
1051.0 0.0019458915630821139
1052.0 0.0016561683878535405
1053.0 0.0015063584214658476
1054.0 0.0013565482731792144
1055.0 0.0010263586773362476
1056.0 0.0006961690814932808
1057.0 0.0009862863407761324
1058.0 0.0012764037819579244
1059.0 0.0011471959624032024
1060.0 0.0010179883247474208
1061.0 0.0009022338417707942
1062.0 0.000786479540693108
1063.0 0.0014296940207714215
1064.0 0.0020729083189507946
1065.0 0.002659774872881826
1066.0 0.003246641790610738
1067.0 0.003958538582082838
1068.0 0.004670436101150699
1069.0 0.004368050940684043
1070.0 0.004065665780217387
1071.0 0.004224632357363589
1072.0 0.004383599298307672
1073.0 0.00356232158083003
1074.0 0.0027410434995545074
1075.0 0.0026486313799978234
1076.0 0.002556219078542199
1077.0 0.0027031581339542754
1078.0 0.002850097371265292
1079.0 0.0028977527108509094
1080.0 0.002945408232335467
1081.0 0.002220526585006155
1082.0 0.0014956452105252538
1083.0 0.0012409967894200236
1084.0 0.0009863485502137337
1085.0 0.000673084605296026
1086.0 0.0003598208877519937
1087.0 0.0008304173206852283
1088.0 0.0013010139809921384
1089.0 0.0004199363502266351
1090.0 1.5846102641853266e-10
1091.0 1.5846102641853266e-10
1092.0 7.744176855339902e-05
1093.0 0.00017063741779566044
1094.0 0.0002638328851389815
1095.0 1.5846102641853266e-10
1096.0 1.5846102641853266e-10
1097.0 1.5846102641853266e-10
1098.0 1.5846102641853266e-10
1099.0 0.00036829878808930516
1100.0 0.0014019940863363445
