lsstCam/transmission_filter_detector/r21_s11/z_20/19700101T000000.ecsv
# %ECSV 1.0
# ---
# datatype:
# - {name: wavelength, unit: nm, datatype: float32}
# - {name: efficiency, unit: '%', datatype: float64}
# meta: !!omap
# - {MODE: DETECTOR}
# - {TYPE: transmission_filter_detector}
# - {CALIBDATE: '1970-01-01T00:00:00'}
# - {INSTRUME: LSSTCam}
# - {OBSTYPE: transmission_filter_detector}
# - {CALIBCLS: lsst.ip.isr.IntermediateFilterDetectorTransmissionCurve}
# - {SOURCE: Materion (DM-46256)}
# - {DETECTOR: 85}
# - {FILTER: z_20}
# - {CALIB_ID: 'calibDate=1970-01-01T00:00:00 filter=z_20 detector=85'}
# - {DATE: '2025-04-02T15:59:49.033080'}
# - {CALIB_CREATION_DATE: '2025-04-02'}
# - {CALIB_CREATION_TIME: '15:59:49'}
# - __serialized_columns__:
#     efficiency:
#       __class__: astropy.units.quantity.Quantity
#       unit: !astropy.units.Unit {unit: '%'}
#       value: !astropy.table.SerializedColumn {name: efficiency}
#     wavelength:
#       __class__: astropy.units.quantity.Quantity
#       unit: !astropy.units.Unit {unit: nm}
#       value: !astropy.table.SerializedColumn {name: wavelength}
# schema: astropy-2.0
wavelength efficiency
[from data line 597]
897.0 99.53510165214539
898.0 99.13778305053711
899.0 98.96905422210693
900.0 98.94292950630188
901.0 99.50056672096252
902.0 99.3403673171997
903.0 99.05279278755188
904.0 97.94697165489197
905.0 98.96122217178345
906.0 98.16622138023376
907.0 98.94331693649292
908.0 98.50559830665588
909.0 98.54053854942322
910.0 98.19221496582031
911.0 97.31841087341309
912.0 96.20117545127869
913.0 95.1755940914154
914.0 92.99446940422058
915.0 90.88823199272156
916.0 88.81461024284363
917.0 87.15464472770691
918.0 83.62131118774414
919.0 82.66034126281738
920.0 79.79471683502197
921.0 76.25299096107483
922.0 72.14508652687073
923.0 66.72553420066833
924.0 61.21758222579956
925.0 55.872660875320435
926.0 49.9761164188385
927.0 43.00953447818756
928.0 37.05525100231171
929.0 30.777528882026672
930.0 25.211217999458313
931.0 19.932501018047333
932.0 14.403299987316132
933.0 9.82130542397499
934.0 6.481630355119705
935.0 4.069105163216591
936.0 2.34014093875885
937.0 1.4861172996461391
938.0 0.8284059353172779
939.0 0.6094591692090034
940.0 0.3303434234112501
941.0 0.2779979258775711
942.0 0.10568429715931416
943.0 0.09322363184764981
944.0 0.04533764731604606
945.0 0.09438943234272301
946.0 0.033102132147178054
947.0 0.06387840840034187
948.0 0.006800369010306895
949.0 0.10354812256991863
950.0 0.09331637411378324
951.0 0.013748783385381103
952.0 1.583631554884224e-10
953.0 1.583631554884224e-10
954.0 1.583631554884224e-10
955.0 0.049554480938240886
956.0 0.08836599299684167
957.0 0.11423412943258882
958.0 1.583631554884224e-10
959.0 0.01740059960866347
960.0 1.583631554884224e-10
961.0 0.027465916355140507
962.0 0.046830353676341474
963.0 0.06665844121016562
964.0 1.583631554884224e-10
965.0 1.583631554884224e-10
966.0 1.583631554884224e-10
967.0 1.583631554884224e-10
968.0 1.583631554884224e-10
969.0 1.583631554884224e-10
970.0 0.0013769182260148227
971.0 1.583631554884224e-10
972.0 0.023301347391679883
973.0 1.583631554884224e-10
974.0 1.583631554884224e-10
975.0 1.583631554884224e-10
976.0 0.006607274553971365
977.0 0.006583031790796667
978.0 0.006558790482813492
979.0 0.006340478284982964
980.0 0.006122165359556675
981.0 0.005957068788120523
982.0 0.0057919718528864905
983.0 0.0057797231420408934
984.0 0.005767474067397416
985.0 0.005503259308170527
986.0 0.005239044185145758
987.0 0.00526083676959388
988.0 0.00528262899024412
989.0 0.00513824779773131
990.0 0.004993866969016381
991.0 0.0050113347242586315
992.0 0.005028802843298763
993.0 0.004948673449689522
994.0 0.004868543692282401
995.0 0.0048035388317657635
996.0 0.004738533607451245
997.0 0.004661630737246014
998.0 0.004584727867040783
999.0 0.004494877430261113
1000.0 0.004405026993481442
1001.0 0.0044437696487875655
1002.0 0.004482512304093689
1003.0 0.004482983786147088
1004.0 0.004483455631998368
1005.0 0.004513180101639591
1006.0 0.004542904571280815
1007.0 0.0044714321120409295
1008.0 0.004399959289003164
1009.0 0.004420008554006927
1010.0 0.0044400581828085706
1011.0 0.00454228647868149
1012.0 0.00464451513835229
1013.0 0.0045497534301830456
1014.0 0.004454991358215921
1015.0 0.004565444032778032
1016.0 0.004675896343542263
1017.0 0.004698196789831854
1018.0 0.004720497236121446
1019.0 0.0046357192331925035
1020.0 0.00455094086646568
1021.0 0.004653504583984613
1022.0 0.0047560683015035465
1023.0 0.004687053296947852
1024.0 0.004618038292392157
1025.0 0.004751969754579477
1026.0 0.004885901216766797
1027.0 0.00492584404128138
1028.0 0.004965786501998082
1029.0 0.0048518799303565174
1030.0 0.004737972994917072
1031.0 0.004869453186984174
1032.0 0.005000933742849156
1033.0 0.005077946116216481
1034.0 0.005154958853381686
1035.0 0.005230918759480119
1036.0 0.005306878301780671
1037.0 0.005521961065824144
1038.0 0.005737044193665497
1039.0 0.005699021858163178
1040.0 0.005660999522660859
1041.0 0.005754230369348079
1042.0 0.005847460852237418
1043.0 0.0057606517657404765
1044.0 0.005673842315445654
1045.0 0.006041660162736662
1046.0 0.006409476918634027
1047.0 0.006369774928316474
1048.0 0.006330071482807398
1049.0 0.006336638034554198
1050.0 0.0063432038587052375
1051.0 0.00663395258015953
1052.0 0.006924701301613823
1053.0 0.00712286273483187
1054.0 0.0073210256232414395
1055.0 0.00760124166845344
1056.0 0.007881459168856964
1057.0 0.00784480944275856
1058.0 0.00780816117185168
1059.0 0.007898599142208695
1060.0 0.007989037112565711
1061.0 0.00870193398441188
1062.0 0.00941483085625805
1063.0 0.009621813660487533
1064.0 0.009828795009525493
1065.0 0.009849229536484927
1066.0 0.009869664063444361
1067.0 0.010018873581429943
1068.0 0.010168083099415526
1069.0 0.0107200576167088
1070.0 0.011272032861597836
1071.0 0.011060953693231568
1072.0 0.0108498745248653
1073.0 0.011219215230084956
1074.0 0.01158855520770885
1075.0 0.011740236368495971
1076.0 0.011891918984474614
1077.0 0.012384733418002725
1078.0 0.01287754566874355
1079.0 0.013506867981050164
1080.0 0.014136188838165253
1081.0 0.014514452777802944
1082.0 0.014892716717440635
1083.0 0.014966062735766172
1084.0 0.015039410209283233
1085.0 0.015162077033892274
1086.0 0.015284743858501315
1087.0 0.015914968389552087
1088.0 0.016545192920602858
1089.0 0.017119232506956905
1090.0 0.017693272093310952
1091.0 0.017413873865734786
1092.0 0.017134474182967097
1093.0 0.017850274161901325
1094.0 0.01856607268564403
1095.0 0.019802361202891916
1096.0 0.0210386497201398
1097.0 0.02150310028810054
1098.0 0.02196755085606128
1099.0 0.022720408742316067
1100.0 0.023473262262996286
1101.0 0.02429506421322003
1102.0 0.02511686470825225
1103.0 0.025885296054184437
1104.0 0.026653724489733577
1105.0 0.02676719450391829
1106.0 0.02688066742848605
1107.0 0.027749172295443714
1108.0 0.028617674252018332
1109.0 0.02942335559055209
1110.0 0.030229034018702805
1111.0 0.03059066366404295
1112.0 0.03095229621976614
1113.0 0.03212139999959618
1114.0 0.03329050668980926
1115.0 0.03385474265087396
1116.0 0.034418978611938655
1117.0 0.035613105865195394
1118.0 0.03680723602883518
1119.0 0.039823330007493496
1120.0 0.04283942107576877
1121.0 0.0436407484812662
1122.0 0.04444207588676363
1123.0 0.04452266148291528
1124.0 0.04460324998944998
1125.0 0.045206566574051976
1126.0 0.04580988606903702
1127.0 0.05062107811681926
1128.0 0.05543226725421846
1129.0 0.056482135551050305
1130.0 0.05753200966864824
1131.0 0.06007045158185065
1132.0 0.06260888767428696
1133.0 0.06384885055013001
1134.0 0.06508881342597306
1135.0 0.06768061430193484
1136.0 0.07027242099866271
1137.0 0.07629665196873248
1138.0 0.08232089458033442
1139.0 0.08449404849670827
1140.0 0.08666720241308212
1141.0 0.09887925116345286
1142.0 0.1110912999138236
1143.0 0.13563776155933738
1144.0 0.16018419992178679
1145.0 0.30819785315543413
1146.0 0.45621152967214584
1147.0 0.9663172997534275
1148.0 1.476423256099224
1149.0 1.6475934535264969
1150.0 1.8187649548053741
