lsstCam/transmission_filter_detector/r21_s11/z_20/19700101T000000.ecsv
# %ECSV 1.0
# ---
# datatype:
# - {name: wavelength, unit: nm, datatype: float32}
# - {name: efficiency, unit: '%', datatype: float64}
# meta: !!omap
# - {MODE: DETECTOR}
# - {TYPE: transmission_filter_detector}
# - {CALIBDATE: '1970-01-01T00:00:00'}
# - {INSTRUME: LSSTCam}
# - {OBSTYPE: transmission_filter_detector}
# - {CALIBCLS: lsst.ip.isr.IntermediateFilterDetectorTransmissionCurve}
# - {SOURCE: Materion (DM-46256)}
# - {DETECTOR: 85}
# - {FILTER: z_20}
# - {CALIB_ID: 'calibDate=1970-01-01T00:00:00 filter=z_20 detector=85'}
# - {DATE: '2025-04-02T15:59:49.033080'}
# - {CALIB_CREATION_DATE: '2025-04-02'}
# - {CALIB_CREATION_TIME: '15:59:49'}
# - __serialized_columns__:
#     efficiency:
#       __class__: astropy.units.quantity.Quantity
#       unit: !astropy.units.Unit {unit: '%'}
#       value: !astropy.table.SerializedColumn {name: efficiency}
#     wavelength:
#       __class__: astropy.units.quantity.Quantity
#       unit: !astropy.units.Unit {unit: nm}
#       value: !astropy.table.SerializedColumn {name: wavelength}
# schema: astropy-2.0
wavelength efficiency
300.0 0.5546505562961102
301.0 0.4216880537569523
302.0 0.2887256210669875
303.0 0.2636399585753679
304.0 0.2385543193668127
305.0 0.20745389629155397
306.0 0.17635344993323088
307.0 0.15795164508745074
308.0 0.1395498402416706
309.0 0.13439094182103872
310.0 0.12923203175887465
311.0 0.12172887800261378
312.0 0.11422571260482073
313.0 0.10892010759562254
314.0 0.10361449094489217
315.0 0.0924955413211137
316.0 0.08137659169733524
317.0 0.07240341510623693
318.0 0.06343024433590472
319.0 0.06725218263454735
320.0 0.0710741151124239
321.0 0.06536141154356301
322.0 0.05964870215393603
323.0 0.05684296484105289
324.0 0.05403722752816975
325.0 0.04776767746079713
326.0 0.04149812739342451
327.0 0.04078607016708702
328.0 0.040074012940749526
329.0 0.036641888436861336
330.0 0.033209763932973146
331.0 0.030457452521659434
332.0 0.027705138199962676
333.0 0.027041410794481635
334.0 0.02637768047861755
335.0 0.025185575941577554
336.0 0.023993468494154513
337.0 0.02390034351265058
338.0 0.0238072156207636
339.0 0.021530338563024998
340.0 0.019253465870860964
341.0 0.01853153808042407
342.0 0.017809610289987177
343.0 0.01626413140911609
344.0 0.014718652528245002
345.0 0.014167343033477664
346.0 0.013616033538710326
347.0 0.013127159036230296
348.0 0.012638285988941789
349.0 0.01356595748802647
350.0 0.014493630442302674
351.0 0.013398966984823346
352.0 0.012304303527344018
353.0 0.013470853446051478
354.0 0.014637404819950461
355.0 0.012373275239951909
356.0 0.010109144204761833
357.0 0.010473567090230063
358.0 0.010837989975698292
359.0 0.010406489309389144
360.0 0.009974989370675758
361.0 0.009162394417217001
362.0 0.00834980237414129
363.0 0.008250878454418853
364.0 0.008151954534696415
365.0 0.008481155964545906
366.0 0.00881035957718268
367.0 0.00857504564919509
368.0 0.008339733176399022
369.0 0.008588970376877114
370.0 0.008838206849759445
371.0 0.008174657705239952
372.0 0.007511107833124697
373.0 0.006776291411370039
374.0 0.0060414746258175
375.0 0.006160694465506822
376.0 0.006279913941398263
377.0 0.0067220455093774945
378.0 0.007164175622165203
379.0 0.006231892621144652
380.0 0.00529960889252834
381.0 0.004516545595834032
382.0 0.003733482662937604
383.0 0.004478906339500099
384.0 0.005224330743658356
385.0 0.004952265226165764
386.0 0.004680200072471052
387.0 0.0051856790378224105
388.0 0.005691158366971649
389.0 0.0051897619414376095
390.0 0.004688366243499331
391.0 0.004423177961143665
392.0 0.0041579900425858796
393.0 0.004575853745336644
394.0 0.00499371781188529
395.0 0.004403581260703504
396.0 0.0038134447095217183
397.0 0.0038849619159009308
398.0 0.003956479122280143
399.0 0.004005147275165655
400.0 0.004053815428051166
401.0 0.00455849185527768
402.0 0.0050631682825041935
403.0 0.004832815466215834
404.0 0.004602462286129594
405.0 0.0042485753510845825
406.0 0.003894688779837452
407.0 0.0030731938750250265
408.0 0.0022517000616062433
409.0 0.002879377279896289
410.0 0.0035070548619842157
411.0 0.003779558392125182
412.0 0.004052062286064029
413.0 0.004074589378433302
414.0 0.004097116107004695
415.0 0.0035197681427234784
416.0 0.002942419632745441
417.0 0.003337138332426548
418.0 0.0037318572140065953
419.0 0.003335166911710985
420.0 0.002938476245617494
421.0 0.003619759445427917
422.0 0.00430104264523834
423.0 0.003944596028304659
424.0 0.0035881494113709778
425.0 0.002739992123679258
426.0 0.001891834835987538
427.0 0.002298639628861565
428.0 0.002705444421735592
429.0 0.0023029862859402783
430.0 0.0019005285139428452
431.0 0.0014396228834812064
432.0 0.0009787171620700974
433.0 0.0012772346963174641
434.0 0.0015757521396153606
435.0 0.001680435161688365
436.0 0.0017851183656603098
437.0 0.0018340191672905348
438.0 0.0018829203327186406
439.0 0.0023041509848553687
440.0 0.0027253820007899776
441.0 0.0024031893190112896
442.0 0.0020809970010304824
443.0 0.0025825502234511077
444.0 0.003084103445871733
445.0 0.003155280137434602
446.0 0.003226457192795351
447.0 0.002595128353277687
448.0 0.0019637998775579035
449.0 0.002192305328208022
450.0 0.00242081077885814
451.0 0.002185150333389174
452.0 0.001949489706021268
453.0 0.0017554984879097901
454.0 0.0015615072697983123
455.0 0.0020702304027508944
456.0 0.002578953717602417
457.0 0.001960252848220989
458.0 0.0013415519788395613
459.0 0.0014872929568809923
460.0 0.0016330339349224232
461.0 0.0012851211977249477
462.0 0.000937208369578002
463.0 0.0014987252143328078
464.0 0.002060242331936024
465.0 0.0019570201402530074
466.0 0.001853798130468931
467.0 0.0018439000996295363
468.0 0.0018340018868912011
469.0 0.001536284435132984
470.0 0.0012385668924252968
471.0 0.0012436674296623096
472.0 0.0012487680578487925
473.0 0.0013047691936662886
474.0 0.0013607702385343146
475.0 0.00125379401652026
476.0 0.0011468179764051456
477.0 0.0012979182429262437
478.0 0.0014490183275484014
479.0 0.0017756647139322013
480.0 0.0021023113731644116
481.0 0.0015654262824682519
482.0 0.0010285413736710325
483.0 0.0009053664143721107
484.0 0.000782191455073189
485.0 0.0010171499525313266
486.0 0.0012521082680905238
487.0 0.0013346732885111123
488.0 0.0014172381270327605
489.0 0.001809746572689619
490.0 0.0022022550183464773
491.0 0.002072674578812439
492.0 0.0019430941392784007
493.0 0.0020662233509938233
494.0 0.002189353108406067
495.0 0.0017669512089923956
496.0 0.0013445491276797839
497.0 0.0012644041817111429
498.0 0.001184259326691972
499.0 0.0011081537195423152
500.0 0.0010320481123926584
501.0 0.0009513071745459456
502.0 0.0008705662366992328
503.0 0.0012211134162498638
504.0 0.001571660686749965
505.0 0.001891608008008916
506.0 0.0022115555111668073
507.0 0.0019032446289202198
508.0 0.0015949333828757517
509.0 0.0016443993445136584
510.0 0.0016938654880505055
511.0 0.0015236728359013796
512.0 0.0013534800928027835
513.0 0.0014496246876660734
514.0 0.001545769555377774
515.0 0.0011765799172280822
516.0 0.000807390551926801
517.0 0.0010941445907519665
518.0 0.0013808988114760723
519.0 0.0013647172636410687
520.0 0.0013485355339071248
521.0 0.0015439240087289363
522.0 0.0017393122107023373
523.0 0.0013785176633973606
524.0 0.0010177229341934435
525.0 0.0008487226295983419
526.0 0.0006797224159527104
527.0 0.0009702283023216296
528.0 0.001260734279640019
529.0 0.0012187427273602225
530.0 0.0011767509022320155
531.0 0.0012624980627151672
532.0 0.0013482452231983189
533.0 0.0009288280125474557
534.0 0.0005094107109471224
535.0 0.0009621575372875668
536.0 0.0014149044545774814
537.0 0.001566001446917653
538.0 0.001717098530207295
539.0 0.0014815840586379636
540.0 0.0012460694051696919
541.0 0.0011386136975488625
542.0 0.001031157898978563
543.0 0.0011493258170958143
544.0 0.0012674936442635953
545.0 0.0010085332178277895
546.0 0.0007495727459172485
547.0 0.0013100558135192841
548.0 0.0018705386537476443
549.0 0.0016859767129062675
550.0 0.00150141440826701
551.0 0.0016221012629102916
552.0 0.0017427879356546327
553.0 0.001831452209444251
554.0 0.0019201161194359884
555.0 0.0014098490282776766
556.0 0.0008995816642709542
557.0 0.001268669257115107
558.0 0.00163775694090873
559.0 0.0014312903658719733
560.0 0.0012248235179868061
561.0 0.0012568099919008091
562.0 0.001288796374865342
563.0 0.0011439686204539612
564.0 0.0009991407750931103
565.0 0.0015488205463043414
566.0 0.0020985002265661024
567.0 0.002341920480830595
568.0 0.0025853407350950874
569.0 0.0025452891350141726
570.0 0.002505237716832198
571.0 0.0023746142687741667
572.0 0.0022439904569182545
573.0 0.001830526343837846
574.0 0.001417062412656378
575.0 0.0018551376342657022
576.0 0.0022932128558750264
577.0 0.0021032625227235258
578.0 0.0019133123714709654
579.0 0.0019069606423727237
580.0 0.0019006085494766012
581.0 0.001775501914380584
582.0 0.0016503947335877456
583.0 0.002128731648554094
584.0 0.0026070685635204427
585.0 0.002557518382673152
586.0 0.0025079680199269205
587.0 0.002003641020564828
588.0 0.001499313657404855
589.0 0.0017772372302715667
590.0 0.0020551609850372188
591.0 0.0016850312022143044
592.0 0.0013149012374924496
593.0 0.0010784599908220116
594.0 0.0008420188351010438
595.0 0.0011407280908315443
596.0 0.0014394372556125745
597.0 0.0011738255125237629
598.0 0.0009082138603844214
599.0 0.0009578198842064012
600.0 0.0010074259989778511
601.0 0.0009090110324905254
602.0 0.0008105959750537295
603.0 0.0011858237485284917
604.0 0.0015610514310537837
605.0 0.0012719129699689802
606.0 0.0009827745998336468
607.0 0.0009809083167056087
608.0 0.000979042215476511
609.0 0.0011070225809817202
610.0 0.001235002764587989
611.0 0.0009714630323287565
612.0 0.0007079233455442591
613.0 0.0007006414762145141
614.0 0.0006933595614100341
615.0 0.0009661068361310754
616.0 0.0012388541108521167
617.0 0.001652262290008366
618.0 0.0020656705601140857
619.0 0.0018684804672375321
620.0 0.0016712901924620382
621.0 0.0017622183804633096
622.0 0.0018531462046667002
623.0 0.001652161154197529
624.0 0.0014511760127788875
625.0 0.0014946985174901783
626.0 0.0015382212950498797
627.0 0.0017562950233696029
628.0 0.001974369297386147
629.0 0.0020250641682650894
630.0 0.0020757590391440317
631.0 0.002185998164350167
632.0 0.0022962371076573618
633.0 0.0024771030439296737
634.0 0.0026579687983030453
635.0 0.005558860721066594
636.0 0.008459752280032262
637.0 0.015482089656870812
638.0 0.0225044263061136
639.0 0.020212330855429173
640.0 0.017920236859936267
641.0 0.015250038995873183
642.0 0.012579842587001622
643.0 0.00969071697909385
644.0 0.006801592098781839
645.0 0.006592137651750818
646.0 0.006382683932315558
647.0 0.006137367017799988
648.0 0.005892049739486538
649.0 0.0045968536142027006
650.0 0.0033016582165146247
651.0 0.003535253563313745
652.0 0.0037688489101128653
653.0 0.0030434579457505606
654.0 0.0023180666175903752
655.0 0.0024064329409156926
656.0 0.0024947994461399503
657.0 0.002612173011584673
658.0 0.002729546213231515
659.0 0.0024015660528675653
660.0 0.002073585710604675
661.0 0.0021723048121202737
662.0 0.0022710235498379916
663.0 0.001946459997270722
664.0 0.0016218964447034523
665.0 0.001804794737836346
666.0 0.00198769321286818
667.0 0.0022773769160266966
668.0 0.0025670604372862726
669.0 0.0018342214389122091
670.0 0.0011013824405381456
671.0 0.0011101877134933602
672.0 0.0011189928045496345
673.0 0.0013528929230233189
674.0 0.001586792859598063
675.0 0.0016430672985734418
676.0 0.00169934137375094
677.0 0.0017636773918638937
678.0 0.0018280132280779071
679.0 0.0014810254469921347
680.0 0.001134037574956892
681.0 0.0012980763131054118
682.0 0.0014621149603044614
683.0 0.0022641494069830514
684.0 0.003066184217459522
685.0 0.0027603518901742063
686.0 0.002454519926686771
687.0 0.0019014378267456777
688.0 0.0013483557268045843
689.0 0.0016987187336781062
690.0 0.002049081740551628
691.0 0.002227439654234331
692.0 0.0024057972041191533
693.0 0.002740068521234207
694.0 0.003074340202147141
695.0 0.0030890900234226137
696.0 0.0031038398446980864
697.0 0.0034588654671097174
698.0 0.003813891453319229
699.0 0.005325192250893451
700.0 0.006836492684669793
701.0 0.007055295282043517
702.0 0.007274096424225718
703.0 0.006253509491216391
704.0 0.005232923285802826
705.0 0.0046483044570777565
706.0 0.004063686355948448
707.0 0.0037105193769093603
708.0 0.0033573520340723917
709.0 0.0038674435927532613
710.0 0.004377535151434131
711.0 0.004051699215779081
712.0 0.003725863280124031
713.0 0.002868862975446973
714.0 0.0020118624888709746
715.0 0.0021915278921369463
716.0 0.002371193295402918
717.0 0.0021300424123182893
718.0 0.0018888915292336605
719.0 0.0016507592590642162
720.0 0.0014126268069958314
721.0 0.0011587863809836563
722.0 0.0009049457730725408
723.0 0.0010575487976893783
724.0 0.0012101520042051561
725.0 0.0013552097698266152
726.0 0.0015002676263975445
727.0 0.0014136172467260621
728.0 0.0013269667761051096
729.0 0.0014303527677839156
730.0 0.0015337387594627216
731.0 0.0014303513125923928
732.0 0.001326963865722064
733.0 0.0015205992895062082
734.0 0.0017142347132903524
735.0 0.001545347367937211
736.0 0.0013764594768872485
737.0 0.00128394249259145
738.0 0.0011914251444977708
739.0 0.0014575536624761298
740.0 0.0017236818166566081
741.0 0.0015371608242276125
742.0 0.001350639922748087
743.0 0.0017689224478090182
744.0 0.0021872048819204792
745.0 0.0017891004972625524
746.0 0.0013909960216551553
747.0 0.0015197578250081278
748.0 0.0016485197193105705
749.0 0.0023479457013309
750.0 0.00304737168335123
751.0 0.002973708433273714
752.0 0.002900045183196198
753.0 0.0029693550459342077
754.0 0.0030386649086722173
755.0 0.0022171427190187387
756.0 0.0013956202565168496
757.0 0.001940326728799846
758.0 0.0024850331101333722
759.0 0.0027235884772380814
760.0 0.00296214366244385
761.0 0.0044442112994147465
762.0 0.0059262798458803445
763.0 0.005713387145078741
764.0 0.005500493716681376
765.0 0.005362579759093933
766.0 0.00522466616530437
767.0 0.004564932532957755
768.0 0.00390519890061114
769.0 0.004130101660848595
770.0 0.004355004421086051
771.0 0.0044494212488643825
772.0 0.004543837349046953
773.0 0.004089840876986273
774.0 0.0036358440411277115
775.0 1.583631554884224e-10
776.0 1.583631554884224e-10
777.0 0.049906125059351325
778.0 0.15497073763981462
779.0 0.058255670592188835
780.0 0.05118733970448375
781.0 1.583631554884224e-10
782.0 0.07497824262827635
783.0 1.583631554884224e-10
784.0 0.05629030056297779
785.0 1.583631554884224e-10
786.0 0.02082219289150089
787.0 0.04653345968108624
788.0 1.583631554884224e-10
789.0 1.583631554884224e-10
790.0 0.09844410233199596
791.0 1.583631554884224e-10
792.0 0.0751570740249008
793.0 0.12455544201657176
794.0 1.583631554884224e-10
795.0 0.029591572820208967
796.0 0.15041886363178492
797.0 0.09131786646321416
798.0 0.13436453882604837
799.0 0.1737210783176124
800.0 0.07791775860823691
801.0 0.2850776072591543
802.0 0.39195003919303417
803.0 0.706260884180665
804.0 1.2251339852809906
805.0 1.7031282186508179
806.0 2.75920070707798
807.0 4.1807908564805984
808.0 5.956485494971275
809.0 8.050601184368134
810.0 10.799578577280045
811.0 13.747614622116089
812.0 17.10800528526306
813.0 19.99405473470688
814.0 22.62187749147415
815.0 25.915834307670593
816.0 30.01345992088318
817.0 35.063689947128296
818.0 40.304866433143616
819.0 45.68729102611542
820.0 52.865058183670044
821.0 60.191088914871216
822.0 67.00233221054077
823.0 73.27973246574402
824.0 79.65732216835022
825.0 84.99255776405334
826.0 89.14863467216492
827.0 92.72925853729248
828.0 96.27719521522522
829.0 98.13204407691956
830.0 98.10579419136047
831.0 99.0379810333252
832.0 98.8149106502533
833.0 99.89062547683716
834.0 98.7312912940979
835.0 99.74551796913147
836.0 99.23644661903381
837.0 99.37666058540344
838.0 98.56588840484619
839.0 98.87370467185974
840.0 98.94832968711853
841.0 99.82669353485107
842.0 99.8206615447998
843.0 99.92109537124634
844.0 98.63764643669128
845.0 99.022775888443
846.0 99.48975443840027
847.0 99.05194640159607
848.0 99.96060132980347
849.0 99.16278719902039
850.0 98.48995804786682
851.0 99.31028485298157
852.0 99.40372705459595
853.0 99.01604652404785
854.0 100.1587986946106
855.0 98.81817698478699
856.0 99.15681481361389
857.0 98.59479665756226
858.0 98.91261458396912
859.0 99.55974221229553
860.0 98.69794249534607
861.0 99.07581210136414
862.0 98.99357557296753
863.0 98.59686493873596
864.0 99.53594207763672
865.0 99.85941648483276
866.0 98.73157739639282
867.0 99.59174990653992
868.0 99.70840215682983
869.0 98.85934591293335
870.0 98.17172884941101
871.0 99.02452230453491
872.0 99.74467754364014
873.0 99.16988015174866
874.0 99.74517226219177
875.0 99.36855435371399
876.0 99.13822412490845
877.0 99.58414435386658
878.0 99.27140474319458
879.0 99.05880093574524
880.0 98.7944483757019
881.0 99.98679161071777
882.0 99.022775888443
883.0 99.24629330635071
884.0 99.81347918510437
885.0 99.37618970870972
886.0 99.07667636871338
887.0 98.6452043056488
888.0 99.44005012512207
889.0 99.68507885932922
890.0 98.6538827419281
891.0 99.48496222496033
892.0 99.28492903709412
893.0 99.04302954673767
894.0 98.38463068008423
895.0 99.74330067634583
