lsstCam/transmission_filter_detector/r33_s02/z_20/19700101T000000.ecsv
# %ECSV 1.0
# ---
# datatype:
# - {name: wavelength, unit: nm, datatype: float32}
# - {name: efficiency, unit: '%', datatype: float64}
# meta: !!omap
# - {MODE: DETECTOR}
# - {TYPE: transmission_filter_detector}
# - {CALIBDATE: '1970-01-01T00:00:00'}
# - {INSTRUME: LSSTCam}
# - {OBSTYPE: transmission_filter_detector}
# - {CALIBCLS: lsst.ip.isr.IntermediateFilterDetectorTransmissionCurve}
# - {SOURCE: Materion (DM-46256)}
# - {DETECTOR: 146}
# - {FILTER: z_20}
# - {CALIB_ID: 'calibDate=1970-01-01T00:00:00 filter=z_20 detector=146'}
# - {DATE: '2025-04-02T15:59:49.316555'}
# - {CALIB_CREATION_DATE: '2025-04-02'}
# - {CALIB_CREATION_TIME: '15:59:49'}
# - __serialized_columns__:
#     efficiency:
#       __class__: astropy.units.quantity.Quantity
#       unit: !astropy.units.Unit {unit: '%'}
#       value: !astropy.table.SerializedColumn {name: efficiency}
#     wavelength:
#       __class__: astropy.units.quantity.Quantity
#       unit: !astropy.units.Unit {unit: nm}
#       value: !astropy.table.SerializedColumn {name: wavelength}
# schema: astropy-2.0
wavelength efficiency
[from data line 598]
898.0 98.6132025718689
899.0 98.61593842506409
900.0 98.79992008209229
901.0 99.51173067092896
902.0 99.29872751235962
903.0 98.73530268669128
904.0 97.47580289840698
905.0 98.53582382202148
906.0 97.86476492881775
907.0 98.7244963645935
908.0 98.3364462852478
909.0 98.33456873893738
910.0 98.00851941108704
911.0 96.63923978805542
912.0 95.909184217453
913.0 94.59025263786316
914.0 92.38773584365845
915.0 89.97400403022766
916.0 87.86869645118713
917.0 86.3962709903717
918.0 82.96002149581909
919.0 81.84323906898499
920.0 79.08440828323364
921.0 75.50647854804993
922.0 70.88592648506165
923.0 65.32021760940552
924.0 59.86337661743164
925.0 54.200756549835205
926.0 48.25654625892639
927.0 41.144248843193054
928.0 35.470232367515564
929.0 29.225248098373413
930.0 23.652294278144836
931.0 18.43259334564209
932.0 13.111309707164764
933.0 8.659599721431732
934.0 5.638877674937248
935.0 3.4974224865436554
936.0 2.0439349114894867
937.0 1.1988794431090355
938.0 0.7152102421969175
939.0 0.4269856493920088
940.0 0.38531050086021423
941.0 0.27551648672670126
942.0 0.09312562178820372
943.0 0.07883953512646258
944.0 1.6092434459644145e-10
945.0 1.6092434459644145e-10
946.0 1.6092434459644145e-10
947.0 1.6092434459644145e-10
948.0 1.6092434459644145e-10
949.0 0.0213713021366857
950.0 0.011527843889780343
951.0 0.07392012048512697
952.0 1.6092434459644145e-10
953.0 1.6092434459644145e-10
954.0 1.6092434459644145e-10
955.0 1.6092434459644145e-10
956.0 1.6092434459644145e-10
957.0 1.6092434459644145e-10
958.0 0.011123053263872862
959.0 0.11885013664141297
960.0 0.014388494309969246
961.0 1.6092434459644145e-10
962.0 1.6092434459644145e-10
963.0 1.6092434459644145e-10
964.0 0.03504230990074575
965.0 1.6092434459644145e-10
966.0 1.6092434459644145e-10
967.0 0.012043508468195796
968.0 1.6092434459644145e-10
969.0 0.03395993553567678
970.0 0.02269348333356902
971.0 1.6092434459644145e-10
972.0 1.6092434459644145e-10
973.0 1.6092434459644145e-10
974.0 0.08186271879822016
975.0 0.0034392163797747344
976.0 0.006423667946364731
977.0 0.006379199476214126
978.0 0.0063347302784677595
979.0 0.006118814053479582
980.0 0.005902898192289285
981.0 0.00575805788685102
982.0 0.005613217217614874
983.0 0.0054760694183642045
984.0 0.005338921619113535
985.0 0.005250717367744073
986.0 0.005162513116374612
987.0 0.005108410186949186
988.0 0.005054307985119522
989.0 0.004989478475181386
990.0 0.004924649329041131
991.0 0.004823272320209071
992.0 0.0047218949475791305
993.0 0.0046490575186908245
994.0 0.004576219362206757
995.0 0.0045721408241661265
996.0 0.004568061922327615
997.0 0.0044821761548519135
998.0 0.004396290023578331
999.0 0.004382076076581143
1000.0 0.004367862129583955
1001.0 0.004349721348262392
1002.0 0.0043315802031429484
1003.0 0.004288378841010854
1004.0 0.004245177478878759
1005.0 0.004299718057154678
1006.0 0.004354258271632716
1007.0 0.004421921767061576
1008.0 0.004489584898692556
1009.0 0.00434017856605351
1010.0 0.004190771869616583
1011.0 0.004194580833427608
1012.0 0.004198389433440752
1013.0 0.004297667692299001
1014.0 0.004396945587359369
1015.0 0.004334067125455476
1016.0 0.004271188663551584
1017.0 0.004295897088013589
1018.0 0.004320605148677714
1019.0 0.00435370129707735
1020.0 0.0043867974454769865
1021.0 0.004489772618399002
1022.0 0.004592747791321017
1023.0 0.004492868902161717
1024.0 0.004392990376800299
1025.0 0.0044024462113156915
1026.0 0.004411902045831084
1027.0 0.004443820580490865
1028.0 0.004475738751352765
1029.0 0.004536393680609763
1030.0 0.004597048609866761
1031.0 0.004672163777286187
1032.0 0.004747279308503494
1033.0 0.004821881884709001
1034.0 0.0048964844609145075
1035.0 0.0050045910029439256
1036.0 0.005112697544973344
1037.0 0.00529213430127129
1038.0 0.005471570329973474
1039.0 0.005462448825710453
1040.0 0.005453326957649551
1041.0 0.005346363832359202
1042.0 0.005239400707068853
1043.0 0.005570132998400368
1044.0 0.005900864562136121
1045.0 0.006050611409591511
1046.0 0.00620035789324902
1047.0 0.006205675163073465
1048.0 0.006210993160493672
1049.0 0.006244501855690032
1050.0 0.006278009823290631
1051.0 0.006502519681816921
1052.0 0.006727028812747449
1053.0 0.007094625470926985
1054.0 0.007462220673914999
1055.0 0.007307297346414998
1056.0 0.007152372563723475
1057.0 0.007298019772861153
1058.0 0.00744366625440307
1059.0 0.007827734225429595
1060.0 0.00821180292405188
1061.0 0.008371964941034093
1062.0 0.00853212914080359
1063.0 0.008982270082924515
1064.0 0.009432413207832724
1065.0 0.009808933828026056
1066.0 0.010185452993027866
1067.0 0.009912906534736976
1068.0 0.009640359348850325
1069.0 0.009956875874195248
1070.0 0.010273389489157125
1071.0 0.010526169353397563
1072.0 0.010778949945233762
1073.0 0.01086989141185768
1074.0 0.010960831423290074
1075.0 0.011072812776546925
1076.0 0.011184794129803777
1077.0 0.011906755389645696
1078.0 0.012628718104679137
1079.0 0.012794930080417544
1080.0 0.012961140600964427
1081.0 0.013683638826478273
1082.0 0.014406135596800596
1083.0 0.014696677681058645
1084.0 0.01498722267569974
1085.0 0.014836167974863201
1086.0 0.014685114729218185
1087.0 0.01520935184089467
1088.0 0.01573358749737963
1089.0 0.015858205733820796
1090.0 0.01598282251507044
1091.0 0.016731309005990624
1092.0 0.017479796952102333
1093.0 0.018188546528108418
1094.0 0.018897297559306026
1095.0 0.01908210979308933
1096.0 0.019266917661298066
1097.0 0.01953286409843713
1098.0 0.019798810535576195
1099.0 0.02029069873970002
1100.0 0.020782586943823844
1101.0 0.022039485338609666
1102.0 0.023296383733395487
1103.0 0.024354115885216743
1104.0 0.02541184949222952
1105.0 0.026060605887323618
1106.0 0.026709362282417715
1107.0 0.027276674518361688
1108.0 0.027843989664688706
1109.0 0.02836064377333969
1110.0 0.028877303702756763
1111.0 0.029469485161826015
1112.0 0.030061672441661358
1113.0 0.030861361301504076
1114.0 0.03166105016134679
1115.0 0.03182494838256389
1116.0 0.031988846603780985
1117.0 0.03262694808654487
1118.0 0.0332650524796918
1119.0 0.03526042855810374
1120.0 0.03725580754689872
1121.0 0.037821620935574174
1122.0 0.03838743141386658
1123.0 0.03975103609263897
1124.0 0.04111464077141136
1125.0 0.042551878141239285
1126.0 0.04398911842145026
1127.0 0.045314512681216
1128.0 0.046639906940981746
1129.0 0.048387760762125254
1130.0 0.05013560876250267
1131.0 0.05652749678120017
1132.0 0.06291937897913158
1133.0 0.06290408200584352
1134.0 0.06288878503255546
1135.0 0.06647113477811217
1136.0 0.07005349034443498
1137.0 0.0771211227402091
1138.0 0.08418876095674932
1139.0 0.08664089837111533
1140.0 0.08909303578548133
1141.0 0.10131073649972677
1142.0 0.11352841975167394
1143.0 0.14567752368748188
1144.0 0.1778266509063542
1145.0 0.38758052978664637
1146.0 0.5973344203084707
1147.0 1.1174120008945465
1148.0 1.6374897211790085
1149.0 1.6940148547291756
1150.0 1.7505401745438576
