lsstCam/transmission_filter_detector/r33_s02/z_20/19700101T000000.ecsv
# %ECSV 1.0
# ---
# datatype:
# - {name: wavelength, unit: nm, datatype: float32}
# - {name: efficiency, unit: '%', datatype: float64}
# meta: !!omap
# - {MODE: DETECTOR}
# - {TYPE: transmission_filter_detector}
# - {CALIBDATE: '1970-01-01T00:00:00'}
# - {INSTRUME: LSSTCam}
# - {OBSTYPE: transmission_filter_detector}
# - {CALIBCLS: lsst.ip.isr.IntermediateFilterDetectorTransmissionCurve}
# - {SOURCE: Materion (DM-46256)}
# - {DETECTOR: 146}
# - {FILTER: z_20}
# - {CALIB_ID: 'calibDate=1970-01-01T00:00:00 filter=z_20 detector=146'}
# - {DATE: '2025-04-02T15:59:49.316555'}
# - {CALIB_CREATION_DATE: '2025-04-02'}
# - {CALIB_CREATION_TIME: '15:59:49'}
# - __serialized_columns__:
#     efficiency:
#       __class__: astropy.units.quantity.Quantity
#       unit: !astropy.units.Unit {unit: '%'}
#       value: !astropy.table.SerializedColumn {name: efficiency}
#     wavelength:
#       __class__: astropy.units.quantity.Quantity
#       unit: !astropy.units.Unit {unit: nm}
#       value: !astropy.table.SerializedColumn {name: wavelength}
# schema: astropy-2.0
wavelength efficiency
300.0 0.32311994582414627
301.0 0.3080616472288966
302.0 0.29300337191671133
303.0 0.24632145650684834
304.0 0.19963951781392097
305.0 0.1784416032023728
306.0 0.15724364202469587
307.0 0.14444683911278844
308.0 0.13165001291781664
309.0 0.12678708881139755
310.0 0.12192417634651065
311.0 0.11586674954742193
312.0 0.1098093343898654
313.0 0.1078563742339611
314.0 0.10590341407805681
315.0 0.09632902801968157
316.0 0.08675463614054024
317.0 0.0776767439674586
318.0 0.06859884597361088
319.0 0.06574831786565483
320.0 0.06289778975769877
321.0 0.05728527903556824
322.0 0.05167277413420379
323.0 0.051957054529339075
324.0 0.05224134074524045
325.0 0.048154633259400725
326.0 0.044067928683944046
327.0 0.04098202916793525
328.0 0.03789612965192646
329.0 0.03672049497254193
330.0 0.035544863203540444
331.0 0.035073436447419226
332.0 0.03460200678091496
333.0 0.031186561682261527
334.0 0.02777111658360809
335.0 0.027430898626334965
336.0 0.02709068066906184
337.0 0.022798686404712498
338.0 0.018506690685171634
339.0 0.01991542667383328
340.0 0.02132416411768645
341.0 0.019431694818194956
342.0 0.017539224063511938
343.0 0.016358523862436414
344.0 0.01517782366136089
345.0 0.014088409079704434
346.0 0.012998991587664932
347.0 0.013771167141385376
348.0 0.014543341239914298
349.0 0.014028266014065593
350.0 0.013513187877833843
351.0 0.013031944399699569
352.0 0.012550700921565294
353.0 0.013786884665023535
354.0 0.015023068408481777
355.0 0.01323174947174266
356.0 0.011440426897024736
357.0 0.010871683480218053
358.0 0.010302942246198654
359.0 0.010506844409974292
360.0 0.01071074657374993
361.0 0.01019222618197091
362.0 0.009673707972979173
363.0 0.008762903598835692
364.0 0.007852099952287972
365.0 0.0077498858445324
366.0 0.007647671009181067
367.0 0.008026173600228503
368.0 0.00840467619127594
369.0 0.008808705752016976
370.0 0.009212735312758014
371.0 0.008544729644199833
372.0 0.00787672252045013
373.0 0.007440164336003363
374.0 0.007003605423960835
375.0 0.006267691060202196
376.0 0.005531777424039319
377.0 0.0054056286899140105
378.0 0.005279479955788702
379.0 0.005111222708364949
380.0 0.0049429654609411955
381.0 0.0055137552408268675
382.0 0.00608454538451042
383.0 0.005386053089750931
384.0 0.004687561158789322
385.0 0.004326549969846383
386.0 0.003965539144701324
387.0 0.0043759595428127795
388.0 0.004786380304722115
389.0 0.004652620191336609
390.0 0.004518860441748984
391.0 0.003949067468056455
392.0 0.0033792744943639264
393.0 0.0037654059269698337
394.0 0.00415153699577786
395.0 0.00392719084629789
396.0 0.0037028446968179196
397.0 0.0038956433854764327
398.0 0.004088442074134946
399.0 0.004142100442550145
400.0 0.004195758810965344
401.0 0.004008421819889918
402.0 0.0038210848288144916
403.0 0.0039030015614116564
404.0 0.003984918294008821
405.0 0.003956799992010929
406.0 0.003928681690013036
407.0 0.003877739072777331
408.0 0.003826797183137387
409.0 0.002988375308632385
410.0 0.0021499537979252636
411.0 0.0029024593459325843
412.0 0.003654964893939905
413.0 0.003539504177751951
414.0 0.003424043461563997
415.0 0.004068202542839572
416.0 0.004712361624115147
417.0 0.00371003188774921
418.0 0.002707702515181154
419.0 0.0030934173992136493
420.0 0.0034791322832461447
421.0 0.003700457455124706
422.0 0.003921782263205387
423.0 0.003901348463841714
424.0 0.0038809143006801605
425.0 0.0031617390050087124
426.0 0.0024425637093372643
427.0 0.0030898696422809735
428.0 0.0037371755752246827
429.0 0.003109484168817289
430.0 0.0024817931262077764
431.0 0.0015637984688510187
432.0 0.0006458037660195259
433.0 0.001586749749549199
434.0 0.0025276955057051964
435.0 0.002737763134064153
436.0 0.0029478303986252286
437.0 0.0027140136808156967
438.0 0.002480196599208284
439.0 0.002502471579646226
440.0 0.002524746560084168
441.0 0.002601027154014446
442.0 0.002677307747944724
443.0 0.0025592788006179035
444.0 0.0024412496713921428
445.0 0.002598138053144794
446.0 0.0027550266167963855
447.0 0.002903993117797654
448.0 0.003052960164495744
449.0 0.002363845669606235
450.0 0.001674731174716726
451.0 0.0020064611817360856
452.0 0.002338191006856505
453.0 0.002038659295067191
454.0 0.001739127401378937
455.0 0.001872003122116439
456.0 0.002004878842853941
457.0 0.0016615551430732012
458.0 0.0013182313523429912
459.0 0.001702567533357069
460.0 0.002086903805320617
461.0 0.001644770054554101
462.0 0.0012026367585349362
463.0 0.001402267753292108
464.0 0.0016018990208976902
465.0 0.0013506257346307393
466.0 0.0010993526302627288
467.0 0.0011306914529995993
468.0 0.0011620304576354101
469.0 0.0010466880667081568
470.0 0.0009313458576798439
471.0 0.0011976790119661018
472.0 0.0014640120753028896
473.0 0.0013406550351646729
474.0 0.0012172980859759264
475.0 0.0013635136383527424
476.0 0.0015097290997800883
477.0 0.0014793562513659708
478.0 0.001448983221052913
479.0 0.0017508504242869094
480.0 0.0020527179003693163
481.0 0.0015404368241433986
482.0 0.0010281557479174808
483.0 0.0011334746886859648
484.0 0.0012387938113533892
485.0 0.0014063517483009491
486.0 0.001573909685248509
487.0 0.0016304300515912473
488.0 0.001686950599832926
489.0 0.002040356230281759
490.0 0.002393761860730592
491.0 0.0019772554878727533
492.0 0.0015607491150149144
493.0 0.0017134982044808567
494.0 0.00186624783964362
495.0 0.0016865702491486445
496.0 0.0015068924767547287
497.0 0.001608040474820882
498.0 0.0017091884728870355
499.0 0.0015007873116701376
500.0 0.0012923860595037695
501.0 0.0011144274139951449
502.0 0.0009364689503854606
503.0 0.0010002360795624554
504.0 0.00106400311778998
505.0 0.0015755895219626836
506.0 0.002087175744236447
507.0 0.001447966496925801
508.0 0.000808757158665685
509.0 0.001050883929565316
510.0 0.0012930107914144173
511.0 0.0013112437045492698
512.0 0.0013294763448357116
513.0 0.001317014448432019
514.0 0.0013045525520283263
515.0 0.001136195714934729
516.0 0.0009678386049927212
517.0 0.0010928837582468987
518.0 0.001217928911501076
519.0 0.001216822329297429
520.0 0.001215715838043252
521.0 0.0012161861377535388
522.0 0.0012166565284132957
523.0 0.001239839184563607
524.0 0.001263021749764448
525.0 0.0011070042091887444
526.0 0.0009509865776635706
527.0 0.0011320721569063608
528.0 0.001313157827098621
529.0 0.0015313386029447429
530.0 0.0017495196516392753
531.0 0.0017312333511654288
532.0 0.001712947414489463
533.0 0.0014546439160767477
534.0 0.0011963404176640324
535.0 0.0011976815585512668
536.0 0.001199022608489031
537.0 0.0014808487321715802
538.0 0.0017626749468035996
539.0 0.0014744733562110923
540.0 0.0011862716746691149
541.0 0.0011426684068283066
542.0 0.0010990650480380282
543.0 0.0009551113180350512
544.0 0.0008111575880320743
545.0 0.0010924146408797242
546.0 0.001373671602777904
547.0 0.0016005100405891426
548.0 0.0018273482055519708
549.0 0.0019120849174214527
550.0 0.0019968214473919943
551.0 0.0019090302885160781
552.0 0.0018212393115391023
553.0 0.0020630484868888743
554.0 0.0023048578441375867
555.0 0.0018153652490582317
556.0 0.0013258725630294066
557.0 0.001249101205758052
558.0 0.0011723299394361675
559.0 0.0011003673535014968
560.0 0.0010284048585162964
561.0 0.0010627330993884243
562.0 0.0010970614312100224
563.0 0.0012774946299032308
564.0 0.0014579280104953796
565.0 0.0016176869394257665
566.0 0.0017774460502550937
567.0 0.00198494362848578
568.0 0.002192441388615407
569.0 0.0024704957468202338
570.0 0.0027485501050250605
571.0 0.0026866644475376233
572.0 0.0026247789719491266
573.0 0.002117682197422255
574.0 0.001610585422895383
575.0 0.001707150659058243
576.0 0.0018037157133221626
577.0 0.00197893641598057
578.0 0.0021541571186389774
579.0 0.0020368655896163546
580.0 0.0019195746062905528
581.0 0.0020174811652395874
582.0 0.0021153879060875624
583.0 0.0019378541765036061
584.0 0.0017603206288185902
585.0 0.0021102036043885164
586.0 0.0024600863980595022
587.0 0.0019455146684776992
588.0 0.001430942847946426
589.0 0.001386648727930151
590.0 0.0013423546988633461
591.0 0.0016725018213037401
592.0 0.002002649307542015
593.0 0.0013728043086302932
594.0 0.0007429596735164523
595.0 0.0009486683666182216
596.0 0.0011543769687705208
597.0 0.0009587119166099001
598.0 0.000763046682550339
599.0 0.0010112597919942345
600.0 0.0012594727195391897
601.0 0.0011310060472169425
602.0 0.001002539192995755
603.0 0.0012737043107335921
604.0 0.0015448697013198398
605.0 0.0014203495084075257
606.0 0.0012958297702425625
607.0 0.0010673757969925646
608.0 0.000838922005641507
609.0 0.0010134906005987432
610.0 0.0011880593774549197
611.0 0.0012803302524844185
612.0 0.0013726011275139172
613.0 0.0013307269000506494
614.0 0.001288852854486322
615.0 0.0013342908459890168
616.0 0.0013797288374917116
617.0 0.0014409472896659281
618.0 0.0015021657418401446
619.0 0.001623371099412907
620.0 0.001744576366036199
621.0 0.0018673646991373971
622.0 0.001990152850339655
623.0 0.0013700800991500728
624.0 0.0007500073934352258
625.0 0.0010169719644181896
626.0 0.0012839363989769481
627.0 0.0015628149412805215
628.0 0.0018416934835840948
629.0 0.0019016686565009877
630.0 0.001961644011316821
631.0 0.002402436439297162
632.0 0.0028432285034796223
633.0 0.003011788248841185
634.0 0.0031803476304048672
635.0 0.005736180173698813
636.0 0.008292012353194878
637.0 0.014895676576998085
638.0 0.021499341528397053
639.0 0.019921149942092597
640.0 0.018342961266171187
641.0 0.015878774865996093
642.0 0.01341458992101252
643.0 0.009692550520412624
644.0 0.005970510756014846
645.0 0.006390895578078926
646.0 0.006811280036345124
647.0 0.006602083885809407
648.0 0.006392887735273689
649.0 0.005035939102526754
650.0 0.0036789911973755807
651.0 0.0038105325074866414
652.0 0.0039420734537998214
653.0 0.0032896950870053843
654.0 0.0026373165383120067
655.0 0.002433888948871754
656.0 0.0022304609956336208
657.0 0.0025454861315665767
658.0 0.002860511085600592
659.0 0.002110545574396383
660.0 0.0013605800631921738
661.0 0.0018669466953724623
662.0 0.00237331296375487
663.0 0.002128223241015803
664.0 0.0018831338820746168
665.0 0.0018527734937379137
666.0 0.0018224131054012105
667.0 0.001810703906812705
668.0 0.0017989945263252594
669.0 0.001563534897286445
670.0 0.0013280751772981603
671.0 0.0014601215298171155
672.0 0.0015921677913866006
673.0 0.0013864642824046314
674.0 0.0011807605915237218
675.0 0.0010223615390714258
676.0 0.0008639624866191298
677.0 0.0012346275070740376
678.0 0.001605292891326826
679.0 0.0016486197637277655
680.0 0.0016919469999265857
681.0 0.002195579872932285
682.0 0.002699212564039044
683.0 0.0027302834496367723
684.0 0.00276135415333556
685.0 0.002408147520327475
686.0 0.002054940523521509
687.0 0.0017932094124262221
688.0 0.0015314781194319949
689.0 0.002178174145228695
690.0 0.0028248698072275147
691.0 0.002362639133934863
692.0 0.0019004080968443304
693.0 0.0022325204554363154
694.0 0.002564633177826181
695.0 0.0030239150873967446
696.0 0.0034831969969673082
697.0 0.0037238962249830365
698.0 0.003964595089200884
699.0 0.005395623520598747
700.0 0.006826651224400848
701.0 0.006953158299438655
702.0 0.00707966391928494
703.0 0.006463890895247459
704.0 0.005848118962603621
705.0 0.004846937372349203
706.0 0.003845755782094784
707.0 0.0033743355743354186
708.0 0.002902915730373934
709.0 0.0036741577787324786
710.0 0.004445400190888904
711.0 0.00430091458838433
712.0 0.004156428622081876
713.0 0.003194212695234455
714.0 0.0022319967683870345
715.0 0.0022668569727102295
716.0 0.0023017168132355437
717.0 0.0018863718651118688
718.0 0.0014710270079376642
719.0 0.0016475147276651114
720.0 0.0018240025383420289
721.0 0.0017409058273187838
722.0 0.0016578091162955388
723.0 0.00207617376872804
724.0 0.002494538603059482
725.0 0.0015402121789520606
726.0 0.0005858859367435798
727.0 0.0009369201507070102
728.0 0.0012879542737209704
729.0 0.0011681085197778884
730.0 0.0010482626748853363
731.0 0.0009146669071924407
732.0 0.0007810710485500749
733.0 0.001078340119420318
734.0 0.0013756092812400311
735.0 0.0015857342077651992
736.0 0.0017958593161893077
737.0 0.0016089257769635879
738.0 0.0014219921467883978
739.0 0.0015800909750396386
740.0 0.0017381897123414092
741.0 0.0016040130503824912
742.0 0.0014698364793730434
743.0 0.0016009113096515648
744.0 0.0017319858670816757
745.0 0.0019921706552850083
746.0 0.002252355443488341
747.0 0.0022174073819769546
748.0 0.002182459502364509
749.0 0.0028053442292730324
750.0 0.003428228956181556
751.0 0.0030473909646389075
752.0 0.002666552973096259
753.0 0.0027144635168951936
754.0 0.0027623742425930686
755.0 0.0019239996618125588
756.0 0.0010856252629309893
757.0 0.0018862712749978527
758.0 0.0026869174689636566
759.0 0.0028666425350820646
760.0 0.003046367419301532
761.0 0.004827749580726959
762.0 0.006609130650758743
763.0 0.006397186371032149
764.0 0.006185240636114031
765.0 0.005161844819667749
766.0 0.004138449003221467
767.0 0.0040378861740464345
768.0 0.003937323344871402
769.0 0.004841946793021634
770.0 0.005746569513576105
771.0 0.005275622243061662
772.0 0.004804674244951457
773.0 0.0043922831537202
774.0 0.003979892062488943
775.0 0.025871023535728455
776.0 0.059713632799685
777.0 0.014197337441146374
778.0 1.6092434459644145e-10
779.0 0.033173689735122025
780.0 0.1345859607681632
781.0 0.10295506799593568
782.0 1.6092434459644145e-10
783.0 0.06322483532130718
784.0 1.6092434459644145e-10
785.0 0.1374275074340403
786.0 0.11451597092673182
787.0 0.1349218189716339
788.0 0.02676582953426987
789.0 0.07053437293507159
790.0 0.08376857149414718
791.0 1.6092434459644145e-10
792.0 0.022957248438615352
793.0 0.12832111679017544
794.0 1.6092434459644145e-10
795.0 1.6092434459644145e-10
796.0 1.6092434459644145e-10
797.0 0.1605733879841864
798.0 0.1304271980188787
799.0 0.21398786921054125
800.0 0.11089736362919211
801.0 0.4715283866971731
802.0 0.6655165459960699
803.0 1.0247926227748394
804.0 1.8101628869771957
805.0 2.686787210404873
806.0 3.995456174015999
807.0 5.858337879180908
808.0 7.999887317419052
809.0 10.693909972906113
810.0 13.83136510848999
811.0 17.002274096012115
812.0 19.985029101371765
813.0 22.885330021381378
814.0 25.880354642868042
815.0 29.767096042633057
816.0 34.425318241119385
817.0 40.21610617637634
818.0 45.917439460754395
819.0 51.76348090171814
820.0 59.54661965370178
821.0 66.98237657546997
822.0 73.18488955497742
823.0 78.68537902832031
824.0 84.40268039703369
825.0 89.03395533561707
826.0 92.32881665229797
827.0 95.19750475883484
828.0 97.57052659988403
829.0 98.5268771648407
830.0 98.76912832260132
831.0 99.08784627914429
832.0 98.64181280136108
833.0 99.56981539726257
834.0 98.68403673171997
835.0 99.1918683052063
836.0 99.24752712249756
837.0 99.20371770858765
838.0 98.25306534767151
839.0 98.49082231521606
840.0 98.83370399475098
841.0 99.81690049171448
842.0 99.19937252998352
843.0 99.99147057533264
844.0 98.15780520439148
845.0 98.65901470184326
846.0 98.89272451400757
847.0 98.72532486915588
848.0 99.9628484249115
849.0 98.71159195899963
850.0 98.22098016738892
851.0 99.20081496238708
852.0 99.1668701171875
853.0 98.78734946250916
854.0 99.78639483451843
855.0 98.7078309059143
856.0 99.05616641044617
857.0 98.42435121536255
858.0 98.88348579406738
859.0 99.44527745246887
860.0 98.757803440094
861.0 98.79509210586548
862.0 98.67415428161621
863.0 98.61230254173279
864.0 99.63949918746948
865.0 99.72572922706604
866.0 98.8341748714447
867.0 99.22324419021606
868.0 99.77101683616638
869.0 98.82716536521912
870.0 97.96333312988281
871.0 98.77992868423462
872.0 99.41977262496948
873.0 99.0012526512146
874.0 99.62201714515686
875.0 99.06572699546814
876.0 98.97735118865967
877.0 99.43680167198181
878.0 99.11774396896362
879.0 98.77861738204956
880.0 98.36447834968567
881.0 99.9793291091919
882.0 98.98754954338074
883.0 98.85339140892029
884.0 99.05346035957336
885.0 98.97095561027527
886.0 98.70275855064392
887.0 98.85327219963074
888.0 98.95153641700745
889.0 99.68097805976868
890.0 98.15789461135864
891.0 99.47555661201477
892.0 98.76883029937744
893.0 98.58526587486267
894.0 98.46242666244507
895.0 99.663245677948
896.0 99.0984320640564
