lsstCam/transmission_sensor/r01_s01/19700101T000000.ecsv
# %ECSV 1.0
# ---
# datatype:
# - {name: amp_name, datatype: string}
# - {name: wavelength, unit: nm, datatype: float32}
# - {name: efficiency, unit: '%', datatype: float64}
# meta: !!omap
# - {MODE: AMP}
# - {TYPE: transmission_sensor}
# - {CALIBDATE: '1970-01-01T00:00:00'}
# - {INSTRUME: LSSTCAM}
# - {OBSTYPE: transmission_sensor}
# - {DETECTOR: 1}
# - {PARQUETFILE: qe_raft_allvalues_nircorrected_20230725.parquet}
# - {CALIBCLS: lsst.ip.isr.IntermediateSensorTransmissionCurve}
# - {CALIB_ID: 'raftName=R01 detectorName=S01 detector=1 calibDate=1970-01-01T00:00:00 ccd=1 ccdnum=1 filter=None'}
# - {DATE: '2024-01-18T22:42:24.972290'}
# - {CALIB_CREATION_DATE: '2024-01-18'}
# - {CALIB_CREATION_TIME: '22:42:24'}
# - __serialized_columns__:
#     efficiency:
#       __class__: astropy.units.quantity.Quantity
#       unit: !astropy.units.Unit {unit: '%'}
#       value: !astropy.table.SerializedColumn {name: efficiency}
#     wavelength:
#       __class__: astropy.units.quantity.Quantity
#       unit: !astropy.units.Unit {unit: nm}
#       value: !astropy.table.SerializedColumn {name: wavelength}
# schema: astropy-2.0
amp_name wavelength efficiency
C00 319.994 46.34757995605469
C00 324.969 47.33773422241211
C00 349.982 54.119773864746094
C00 374.975 70.29053497314453
C00 400.019 84.53316497802734
C00 424.965 87.67410278320312
C00 450.035 87.43101501464844
C00 475.003 86.80583953857422
C00 500.018 86.3433609008789
C00 525.002 86.42683410644531
C00 550.029 87.27196502685547
C00 575.023 88.28511810302734
C00 599.982 89.85063171386719
C00 619.997 90.44819641113281
C00 624.979 90.73761749267578
C00 650.012 91.9775619506836
C00 675.004 93.15599060058594
C00 700.03 94.11209106445312
C00 725.012 95.04576873779297
C00 750.022 96.67449188232422
C00 774.987 98.20894622802734
C00 799.976 98.69602966308594
C00 824.988 98.2259521484375
C00 850.022 97.44622039794922
C00 869.967 95.3810043334961
C00 875.002 94.56964874267578
C00 899.999 87.8612289428711
C00 919.999 79.49224090576172
C00 925.012 76.69498443603516
C00 949.965 62.76817321777344
C00 975.002 47.453285217285156
C00 999.976 30.92952537536621
C00 1025.028 15.336185455322266
C00 1050.014 6.167307376861572
C00 1075.002 0.9209998908124478
C00 1099.99 0.09138076306119959
C01 319.994 46.562442779541016
C01 324.969 47.68484115600586
C01 349.982 54.97028350830078
C01 374.975 71.09086608886719
C01 400.019 84.75800323486328
C01 424.965 87.48352813720703
C01 450.035 87.08354187011719
C01 475.003 86.42839813232422
C01 500.018 86.02446746826172
C01 525.002 86.22162628173828
C01 550.029 87.19888305664062
C01 575.023 88.33196258544922
C01 599.982 89.97660064697266
C01 619.997 90.61807250976562
C01 624.979 90.91482543945312
C01 650.012 92.18785095214844
C01 675.004 93.37484741210938
C01 700.03 94.35665893554688
C01 725.012 95.40474700927734
C01 750.022 97.1769790649414
C01 774.987 98.85305786132812
C01 799.976 99.38204193115234
C01 824.988 98.83528137207031
C01 850.022 98.08055877685547
C01 869.967 95.96247863769531
C01 875.002 95.10789489746094
C01 899.999 88.2385025024414
C01 919.999 79.58550262451172
C01 925.012 76.7343521118164
C01 949.965 62.82716369628906
C01 975.002 47.71483612060547
C01 999.976 31.158788681030273
C01 1025.028 15.411518096923828
C01 1050.014 6.18013858795166
C01 1075.002 0.925785866504919
C01 1099.99 0.09185562317262107
C02 319.994 46.442840576171875
C02 324.969 47.506343841552734
C02 349.982 54.60063934326172
C02 374.975 70.80958557128906
C02 400.019 84.84284973144531
C02 424.965 87.79228210449219
C02 450.035 87.4766845703125
C02 475.003 86.83772277832031
C02 500.018 86.40731048583984
C02 525.002 86.55485534667969
C02 550.029 87.48176574707031
C02 575.023 88.57437896728516
C02 599.982 90.1987533569336
C02 619.997 90.82455444335938
C02 624.979 91.11885070800781
C02 650.012 92.3862075805664
C02 675.004 93.57971954345703
C02 700.03 94.56402587890625
C02 725.012 95.62286376953125
C02 750.022 97.41614532470703
C02 774.987 99.10611724853516
C02 799.976 99.6541976928711
C02 824.988 99.12716674804688
C02 850.022 98.3864974975586
C02 869.967 96.29397583007812
C02 875.002 95.42637634277344
C02 899.999 88.49102783203125
C02 919.999 79.91492462158203
C02 925.012 77.11054229736328
C02 949.965 63.38886642456055
C02 975.002 48.076053619384766
C02 999.976 31.31559181213379
C02 1025.028 15.519329071044922
C02 1050.014 6.2456560134887695
C02 1075.002 0.9280642468230623
C02 1099.99 0.09208168197468226
C03 319.994 46.241458892822266
C03 324.969 47.256160736083984
C03 349.982 54.17927551269531
C03 374.975 70.37416076660156
C03 400.019 84.57710266113281
C03 424.965 87.64546966552734
C03 450.035 87.3615951538086
C03 475.003 86.6937026977539
C03 500.018 86.22002410888672
C03 525.002 86.33927917480469
C03 550.029 87.24943542480469
C03 575.023 88.32585906982422
C03 599.982 89.93358612060547
C03 619.997 90.55010223388672
C03 624.979 90.8452377319336
C03 650.012 92.10877227783203
C03 675.004 93.29254150390625
C03 700.03 94.2820816040039
C03 725.012 95.35039520263672
C03 750.022 97.1502685546875
C03 774.987 98.84928131103516
C03 799.976 99.41519927978516
C03 824.988 98.9016342163086
C03 850.022 98.1719741821289
C03 869.967 96.11711120605469
C03 875.002 95.26206970214844
C03 899.999 88.37506866455078
C03 919.999 79.81330871582031
C03 925.012 77.01025390625
C03 949.965 63.34113693237305
C03 975.002 48.05582046508789
C03 999.976 31.267580032348633
C03 1025.028 15.562768936157227
C03 1050.014 6.274034023284912
C03 1075.002 0.9255311858102219
C03 1099.99 0.09183035398806356
C04 319.994 46.19274139404297
C04 324.969 47.175941467285156
C04 349.982 53.97277069091797
C04 374.975 70.18563842773438
C04 400.019 84.5368881225586
C04 424.965 87.69805908203125
C04 450.035 87.42453002929688
C04 475.003 86.71507263183594
C04 500.018 86.20203399658203
C04 525.002 86.29948425292969
C04 550.029 87.19985961914062
C04 575.023 88.26919555664062
C04 599.982 89.87010192871094
C04 619.997 90.48037719726562
C04 624.979 90.7747802734375
C04 650.012 92.03174591064453
C04 675.004 93.22234344482422
C04 700.03 94.21566009521484
C04 725.012 95.29191589355469
C04 750.022 97.10618591308594
C04 774.987 98.82707977294922
C04 799.976 99.40239715576172
C04 824.988 98.89508056640625
C04 850.022 98.17436218261719
C04 869.967 96.12773895263672
C04 875.002 95.2748031616211
C04 899.999 88.37248229980469
C04 919.999 79.76776885986328
C04 925.012 76.96135711669922
C04 949.965 63.286033630371094
C04 975.002 48.01150894165039
C04 999.976 31.23074722290039
C04 1025.028 15.562956809997559
C04 1050.014 6.262515068054199
C04 1075.002 0.9251110588911113
C04 1099.99 0.09178866938111209
C05 319.994 46.07719802856445
C05 324.969 47.02571105957031
C05 349.982 53.69720458984375
C05 374.975 69.90151977539062
C05 400.019 84.36714935302734
C05 424.965 87.60579681396484
C05 450.035 87.34423828125
C05 475.003 86.6165771484375
C05 500.018 86.07575988769531
C05 525.002 86.1442642211914
C05 550.029 87.02721405029297
C05 575.023 88.08464050292969
C05 599.982 89.67265319824219
C05 619.997 90.28180694580078
C05 624.979 90.5730209350586
C05 650.012 91.8299560546875
C05 675.004 93.01065826416016
C05 700.03 94.0158462524414
C05 725.012 95.10978698730469
C05 750.022 96.94309997558594
C05 774.987 98.68077850341797
C05 799.976 99.27420043945312
C05 824.988 98.77202606201172
C05 850.022 98.08023071289062
C05 869.967 96.05050659179688
C05 875.002 95.19799041748047
C05 899.999 88.25939178466797
C05 919.999 79.62445068359375
C05 925.012 76.83134460449219
C05 949.965 63.17495346069336
C05 975.002 47.94209671020508
C05 999.976 31.199371337890625
C05 1025.028 15.50693416595459
C05 1050.014 6.227464199066162
C05 1075.002 0.9235571974823522
C05 1099.99 0.09163449667963815
C06 319.994 46.09724044799805
C06 324.969 47.01096725463867
C06 349.982 53.546993255615234
C06 374.975 69.76671600341797
C06 400.019 84.34729766845703
C06 424.965 87.68405151367188
C06 450.035 87.47798156738281
C06 475.003 86.78866577148438
C06 500.018 86.256591796875
C06 525.002 86.28880310058594
C06 550.029 87.10847473144531
C06 575.023 88.12068176269531
C06 599.982 89.68206024169922
C06 619.997 90.2771224975586
C06 624.979 90.56609344482422
C06 650.012 91.8148193359375
C06 675.004 93.00894165039062
C06 700.03 94.01891326904297
C06 725.012 95.13430786132812
C06 750.022 97.00208282470703
C06 774.987 98.77176666259766
C06 799.976 99.38978576660156
C06 824.988 98.90518951416016
C06 850.022 98.24373626708984
C06 869.967 96.23524475097656
C06 875.002 95.38218688964844
C06 899.999 88.38710021972656
C06 919.999 79.72417449951172
C06 925.012 76.93334197998047
C06 949.965 63.30500793457031
C06 975.002 48.070823669433594
C06 999.976 31.278593063354492
C06 1025.028 15.487333297729492
C06 1050.014 6.203952312469482
C06 1075.002 0.9241188460414999
C06 1099.99 0.09169022293370084
C07 319.994 45.8386344909668
C07 324.969 46.62823486328125
C07 349.982 52.652408599853516
C07 374.975 68.63545227050781
C07 400.019 83.52068328857422
C07 424.965 87.18690490722656
C07 450.035 87.23493957519531
C07 475.003 86.76885986328125
C07 500.018 86.310302734375
C07 525.002 86.26544952392578
C07 550.029 86.88511657714844
C07 575.023 87.6754379272461
C07 599.982 89.07776641845703
C07 619.997 89.5973892211914
C07 624.979 89.87042236328125
C07 650.012 91.07951354980469
C07 675.004 92.2475814819336
C07 700.03 93.25830078125
C07 725.012 94.40301513671875
C07 750.022 96.3110122680664
C07 774.987 98.13013458251953
C07 799.976 98.80732727050781
C07 824.988 98.36466979980469
C07 850.022 97.7552261352539
C07 869.967 95.78321075439453
C07 875.002 94.92699432373047
C07 899.999 87.87487030029297
C07 919.999 79.2564926147461
C07 925.012 76.49982452392578
C07 949.965 63.161800384521484
C07 975.002 47.94548797607422
C07 999.976 31.058368682861328
C07 1025.028 15.214601516723633
C07 1050.014 6.056519985198975
C07 1075.002 0.9175346730946007
C07 1099.99 0.09103694734266489
C10 319.994 46.91259765625
C10 324.969 48.103023529052734
C10 349.982 55.583431243896484
C10 374.975 71.7803726196289
C10 400.019 85.22659301757812
C10 424.965 87.80847930908203
C10 450.035 87.34764099121094
C10 475.003 86.7158203125
C10 500.018 86.35222625732422
C10 525.002 86.5687484741211
C10 550.029 87.55567932128906
C10 575.023 88.68606567382812
C10 599.982 90.34242248535156
C10 619.997 90.98103332519531
C10 624.979 91.28142547607422
C10 650.012 92.52960968017578
C10 675.004 93.70693969726562
C10 700.03 94.61615753173828
C10 725.012 95.39014434814453
C10 750.022 96.80467224121094
C10 774.987 98.12615203857422
C10 799.976 98.47142028808594
C10 824.988 97.9891128540039
C10 850.022 97.14942169189453
C10 869.967 95.1092529296875
C10 875.002 94.35366821289062
C10 899.999 87.8562240600586
C10 919.999 79.58981323242188
C10 925.012 76.70429229736328
C10 949.965 62.333072662353516
C10 975.002 47.173824310302734
C10 999.976 30.99581527709961
C10 1025.028 15.366683959960938
C10 1050.014 6.222407817840576
C10 1075.002 0.9222419036965342
C10 1099.99 0.09150399443854486
C11 319.994 46.89159393310547
C11 324.969 48.03042221069336
C11 349.982 55.31340026855469
C11 374.975 71.51312255859375
C11 400.019 85.17142486572266
C11 424.965 87.90062713623047
C11 450.035 87.48255157470703
C11 475.003 86.83531951904297
C11 500.018 86.43397521972656
C11 525.002 86.61608123779297
C11 550.029 87.57601928710938
C11 575.023 88.69017028808594
C11 599.982 90.33124542236328
C11 619.997 90.96614837646484
C11 624.979 91.26361083984375
C11 650.012 92.50654602050781
C11 675.004 93.68791961669922
C11 700.03 94.60480499267578
C11 725.012 95.38031005859375
C11 750.022 96.79218292236328
C11 774.987 98.11429595947266
C11 799.976 98.46829986572266
C11 824.988 98.00719451904297
C11 850.022 97.15899658203125
C11 869.967 95.10584259033203
C11 875.002 94.36094665527344
C11 899.999 87.8875961303711
C11 919.999 79.68524932861328
C11 925.012 76.83057403564453
C11 949.965 62.43513870239258
C11 975.002 47.19249725341797
C11 999.976 30.9606990814209
C11 1025.028 15.413435935974121
C11 1050.014 6.226862907409668
C11 1075.002 0.922122926185152
C11 1099.99 0.0914921895991679
C12 319.994 46.684871673583984
C12 324.969 47.768638610839844
C12 349.982 54.863948822021484
C12 374.975 71.07379150390625
C12 400.019 84.96514892578125
C12 424.965 87.84784698486328
C12 450.035 87.48216247558594
C12 475.003 86.8338394165039
C12 500.018 86.4006118774414
C12 525.002 86.54566955566406
C12 550.029 87.46772003173828
C12 575.023 88.5505142211914
C12 599.982 90.16907501220703
C12 619.997 90.79293823242188
C12 624.979 91.0887222290039
C12 650.012 92.33321380615234
C12 675.004 93.5127182006836
C12 700.03 94.43123626708984
C12 725.012 95.2030029296875
C12 750.022 96.62482452392578
C12 774.987 97.94966125488281
C12 799.976 98.31343841552734
C12 824.988 97.8631591796875
C12 850.022 97.00748443603516
C12 869.967 94.93146514892578
C12 875.002 94.17522430419922
C12 899.999 87.72541046142578
C12 919.999 79.60350036621094
C12 925.012 76.79326629638672
C12 949.965 62.4633674621582
C12 975.002 47.114776611328125
C12 999.976 30.832944869995117
C12 1025.028 15.366289138793945
C12 1050.014 6.199826240539551
C12 1075.002 0.9205284597150061
C12 1099.99 0.09133398810080627
C13 319.994 46.426151275634766
C13 324.969 47.46022033691406
C13 349.982 54.385467529296875
C13 374.975 70.59039306640625
C13 400.019 84.65931701660156
C13 424.965 87.67170715332031
C13 450.035 87.34654998779297
C13 475.003 86.6733169555664
C13 500.018 86.20404052734375
C13 525.002 86.30506134033203
C13 550.029 87.19720458984375
C13 575.023 88.25491333007812
C13 599.982 89.851806640625
C13 619.997 90.46731567382812
C13 624.979 90.7598648071289
C13 650.012 91.99642944335938
C13 675.004 93.17132568359375
C13 700.03 94.08321380615234
C13 725.012 94.86373901367188
C13 750.022 96.28699493408203
C13 774.987 97.61555480957031
C13 799.976 97.98963165283203
C13 824.988 97.53868103027344
C13 850.022 96.67378234863281
C13 869.967 94.57164001464844
C13 875.002 93.80023193359375
C13 899.999 87.3399887084961
C13 919.999 79.25151062011719
C13 925.012 76.47489166259766
C13 949.965 62.265647888183594
C13 975.002 46.9017333984375
C13 999.976 30.589059829711914
C13 1025.028 15.239076614379883
C13 1050.014 6.135282516479492
C13 1075.002 0.9173099515874178
C13 1099.99 0.09101465068116961
C14 319.994 46.43895721435547
C14 324.969 47.43445587158203
C14 349.982 54.23912048339844
C14 374.975 70.50531768798828
C14 400.019 84.79663848876953
C14 424.965 87.94011688232422
C14 450.035 87.6518783569336
C14 475.003 86.96600341796875
C14 500.018 86.45802307128906
C14 525.002 86.52649688720703
C14 550.029 87.38831329345703
C14 575.023 88.42205047607422
C14 599.982 90.00715637207031
C14 619.997 90.61174774169922
C14 624.979 90.89932250976562
C14 650.012 92.13995361328125
C14 675.004 93.319580078125
C14 700.03 94.23591613769531
C14 725.012 95.02442932128906
C14 750.022 96.47135925292969
C14 774.987 97.82267761230469
C14 799.976 98.21330261230469
C14 824.988 97.76421356201172
C14 850.022 96.88584899902344
C14 869.967 94.76687622070312
C14 875.002 93.98609161376953
C14 899.999 87.47525787353516
C14 919.999 79.34918975830078
C14 925.012 76.57520294189453
C14 949.965 62.38957595825195
C14 975.002 46.93880844116211
C14 999.976 30.567127227783203
C14 1025.028 15.208144187927246
C14 1050.014 6.114017009735107
C14 1075.002 0.9190661868425106
C14 1099.99 0.09118890272975974
C15 319.994 46.20601272583008
C15 324.969 47.1368293762207
C15 349.982 53.69468307495117
C15 374.975 69.88493347167969
C15 400.019 84.33008575439453
C15 424.965 87.65645599365234
C15 450.035 87.4876480102539
C15 475.003 86.87964630126953
C15 500.018 86.39014434814453
C15 525.002 86.40914154052734
C15 550.029 87.18656921386719
C15 575.023 88.13800048828125
C15 599.982 89.66323852539062
C15 619.997 90.23933410644531
C15 624.979 90.52482604980469
C15 650.012 91.74236297607422
C15 675.004 92.91636657714844
C15 700.03 93.84211730957031
C15 725.012 94.6498794555664
C15 750.022 96.11547088623047
C15 774.987 97.49000549316406
C15 799.976 97.90304565429688
C15 824.988 97.47584533691406
C15 850.022 96.6125259399414
C15 869.967 94.50779724121094
C15 875.002 93.72988891601562
C15 899.999 87.21654510498047
C15 919.999 79.09156799316406
C15 925.012 76.32819366455078
C15 949.965 62.24580383300781
C15 975.002 46.78742980957031
C15 999.976 30.482439041137695
C15 1025.028 15.133713722229004
C15 1050.014 6.0841875076293945
C15 1075.002 0.9156754790556872
C15 1099.99 0.09085247981813037
C16 319.994 46.12590789794922
C16 324.969 46.98540496826172
C16 349.982 53.24397659301758
C16 374.975 69.34711456298828
C16 400.019 84.02886199951172
C16 424.965 87.56456756591797
C16 450.035 87.52574920654297
C16 475.003 87.00543212890625
C16 500.018 86.53784942626953
C16 525.002 86.5211181640625
C16 550.029 87.2027816772461
C16 575.023 88.06828308105469
C16 599.982 89.52892303466797
C16 619.997 90.07706451416016
C16 624.979 90.35591888427734
C16 650.012 91.55958557128906
C16 675.004 92.72220611572266
C16 700.03 93.65436553955078
C16 725.012 94.48971557617188
C16 750.022 95.99590301513672
C16 774.987 97.41085052490234
C16 799.976 97.86161041259766
C16 824.988 97.44915008544922
C16 850.022 96.6153564453125
C16 869.967 94.53179931640625
C16 875.002 93.74581146240234
C16 899.999 87.21035766601562
C16 919.999 79.06632232666016
C16 925.012 76.30903625488281
C16 949.965 62.31887435913086
C16 975.002 46.83686065673828
C16 999.976 30.48925018310547
C16 1025.028 15.078723907470703
C16 1050.014 6.058975696563721
C16 1075.002 0.9145360221519566
C16 1099.99 0.09073942395093976
C17 319.994 46.075008392333984
C17 324.969 46.85882568359375
C17 349.982 52.85300064086914
C17 374.975 68.89906311035156
C17 400.019 83.86933898925781
C17 424.965 87.62571716308594
C17 450.035 87.73755645751953
C17 475.003 87.32921600341797
C17 500.018 86.87712860107422
C17 525.002 86.79637908935547
C17 550.029 87.35446166992188
C17 575.023 88.08479309082031
C17 599.982 89.45417785644531
C17 619.997 89.95797729492188
C17 624.979 90.2273178100586
C17 650.012 91.41682434082031
C17 675.004 92.5661392211914
C17 700.03 93.50190734863281
C17 725.012 94.36840057373047
C17 750.022 95.92024230957031
C17 774.987 97.38688659667969
C17 799.976 97.89460754394531
C17 824.988 97.50081634521484
C17 850.022 96.6974105834961
C17 869.967 94.62020111083984
C17 875.002 93.81449890136719
C17 899.999 87.20863342285156
C17 919.999 79.05998229980469
C17 925.012 76.32826232910156
C17 949.965 62.586238861083984
C17 975.002 47.03664016723633
C17 999.976 30.516517639160156
C17 1025.028 14.971281051635742
C17 1050.014 6.017780303955078
C17 1075.002 0.9138147966879349
C17 1099.99 0.09066786462297573
