lsstCam/transmission_sensor/r01_s01/19700101T000000.ecsv
# %ECSV 1.0
# ---
# datatype:
# - {name: amp_name, datatype: string}
# - {name: wavelength, unit: nm, datatype: float32}
# - {name: efficiency, unit: '%', datatype: float64}
# meta: !!omap
# - {MODE: AMP}
# - {TYPE: transmission_sensor}
# - {CALIBDATE: '1970-01-01T00:00:00'}
# - {INSTRUME: LSSTCam}
# - {OBSTYPE: transmission_sensor}
# - {DETECTOR: 1}
# - {PARQUETFILE: qe_raft_allvalues_nircorrected_20230725_adjust.parquet}
# - {CORRFILE: qe_corr_factor_bydetnum.parquet}
# - {CALIBCLS: lsst.ip.isr.IntermediateSensorTransmissionCurve}
# - {CALIB_ID: 'raftName=R01 detectorName=S01 detector=1 calibDate=1970-01-01T00:00:00 ccd=1 ccdnum=1 filter=None'}
# - {DATE: '2025-03-03T21:56:47.376374'}
# - {CALIB_CREATION_DATE: '2025-03-03'}
# - {CALIB_CREATION_TIME: '21:56:47'}
# - __serialized_columns__:
#     efficiency:
#       __class__: astropy.units.quantity.Quantity
#       unit: !astropy.units.Unit {unit: '%'}
#       value: !astropy.table.SerializedColumn {name: efficiency}
#     wavelength:
#       __class__: astropy.units.quantity.Quantity
#       unit: !astropy.units.Unit {unit: nm}
#       value: !astropy.table.SerializedColumn {name: wavelength}
# schema: astropy-2.0
amp_name wavelength efficiency
C00 319.994 46.51092011488525
C00 324.969 47.50456392601043
C00 349.982 54.31050512767986
C00 374.975 70.53825593630346
C00 400.019 84.83108043784323
C00 424.965 87.9830876727597
C00 450.035 87.73914320370925
C00 475.003 87.11176445700784
C00 500.018 86.64765593196546
C00 525.002 86.7314233174366
C00 550.029 87.57953268502573
C00 575.023 88.59625635937205
C00 599.982 90.16728722142736
C00 619.997 90.76695788221157
C00 624.979 91.05739895412887
C00 650.012 92.30171327837142
C00 675.004 93.48429499781975
C00 700.03 94.44376499256155
C00 725.012 95.38073317340157
C00 750.022 97.01519633493848
C00 774.987 98.55505847144282
C00 799.976 99.04385850714641
C00 824.988 98.57212432485797
C00 850.022 97.78964460979223
C00 869.967 95.71715022098417
C00 875.002 94.90293521547169
C00 899.999 88.17087331058532
C00 919.999 79.77239092152642
C00 925.012 76.96527623878231
C00 949.965 62.9893835461793
C00 975.002 47.62052215072964
C00 999.976 31.038528555082532
C00 1025.028 15.390233907701063
C00 1050.014 6.189042469987225
C00 1075.002 0.9242457187195549
C00 1099.99 0.09170281112426194
C01 319.994 46.726540167287276
C01 324.969 47.852894148969405
C01 349.982 55.16401217434377
C01 374.975 71.34140761378323
C01 400.019 85.0567110794513
C01 424.965 87.79184139530031
C01 450.035 87.39044547919625
C01 475.003 86.73299285532359
C01 500.018 86.32763864123135
C01 525.002 86.52549229038085
C01 550.029 87.50619315615012
C01 575.023 88.64326593315806
C01 599.982 90.2937000997304
C01 619.997 90.93743266558604
C01 624.979 91.23523142486626
C01 650.012 92.51274338948929
C01 675.004 93.70392311404538
C01 700.03 94.68919478039287
C01 725.012 95.74097657173694
C01 750.022 97.51945440475833
C01 774.987 99.20144011100041
C01 799.976 99.73228844951063
C01 824.988 99.18360097306532
C01 850.022 98.42621855162672
C01 869.967 96.3006737822383
C01 875.002 95.44307828078584
C01 899.999 88.54947647405731
C01 919.999 79.8659813172854
C01 925.012 77.00478265584026
C01 949.965 63.048581921507214
C01 975.002 47.88299482312897
C01 999.976 31.26859984046844
C01 1025.028 15.465832039877451
C01 1050.014 6.20191890138999
C01 1075.002 0.9290485613558991
C01 1099.99 0.09217934475835915
C02 319.994 46.606516456626636
C02 324.969 47.673767766510544
C02 349.982 54.79306529324735
C02 374.975 71.05913579516067
C02 400.019 85.14185659575003
C02 424.965 88.1016834867573
C02 450.035 87.78497371000941
C02 475.003 87.14376006105535
C02 500.018 86.7118308908375
C02 525.002 86.85989573569867
C02 550.029 87.79007279407155
C02 575.023 88.88653664935946
C02 599.982 90.51663572994228
C02 619.997 91.14464229179849
C02 624.979 91.43997572815377
C02 650.012 92.71179907497176
C02 675.004 93.9095172646766
C02 700.03 94.89729253536089
C02 725.012 95.95986202857213
C02 750.022 97.75946354466774
C02 774.987 99.45539134111573
C02 799.976 100.005403354412
C02 824.988 99.47651502418992
C02 850.022 98.73323547488711
C02 869.967 96.63333925145687
C02 875.002 95.76268213227168
C02 899.999 88.80289176440634
C02 919.999 80.19656427769782
C02 925.012 77.38229862721491
C02 949.965 63.61226422698507
C02 975.002 48.24548534034156
C02 999.976 31.425955583992366
C02 1025.028 15.574022966126646
C02 1050.014 6.2676672262902065
C02 1075.002 0.9313349712411394
C02 1099.99 0.0924062002466911
C03 319.994 46.40442505518225
C03 324.969 47.42270295485082
C03 349.982 54.37021647392694
C03 374.975 70.62217644742209
C03 400.019 84.87517296804414
C03 424.965 87.95435364500418
C03 450.035 87.66947869037392
C03 475.003 86.99923241865169
C03 500.018 86.52388447108198
C03 525.002 86.64355982089454
C03 550.029 87.55692368317065
C03 575.023 88.6371409072576
C03 599.982 90.25053397969694
C03 619.997 90.86922284590209
C03 624.979 91.16539847331867
C03 650.012 92.4333860226665
C03 675.004 93.62132713977772
C03 700.03 94.61435462017165
C03 725.012 95.68643321609338
C03 750.022 97.49264976016146
C03 774.987 99.1976502512245
C03 799.976 99.76556265271486
C03 824.988 99.25018766088567
C03 850.022 98.51795612705081
C03 869.967 96.45585131342638
C03 875.002 95.59779643503138
C03 899.999 88.68652392858003
C03 919.999 80.09459025273759
C03 925.012 77.28165679538803
C03 949.965 63.56436652444349
C03 975.002 48.22518087948155
C03 999.976 31.377774599002898
C03 1025.028 15.617615923902553
C03 1050.014 6.296145247103792
C03 1075.002 0.9287929831044113
C03 1099.99 0.09215398651904144
C04 319.994 46.35553586407304
C04 324.969 47.34220097381288
C04 349.982 54.16298387886736
C04 374.975 70.43298970992173
C04 400.019 84.8348167036425
C04 424.965 88.00712839941899
C04 450.035 87.73263536369001
C04 475.003 87.02067766558567
C04 500.018 86.50583095724039
C04 525.002 86.60362465202356
C04 550.029 87.5071731602942
C04 575.023 88.58027769805423
C04 599.982 90.1868260540498
C04 619.997 90.79925208127173
C04 624.979 91.09469270558027
C04 650.012 92.35608819580273
C04 675.004 93.55088168564009
C04 700.03 94.54769902580993
C04 725.012 95.62774781168461
C04 750.022 97.4484117605954
C04 774.987 99.17537046951159
C04 799.976 99.75271541088865
C04 824.988 99.24361091432506
C04 850.022 98.52035254343436
C04 869.967 96.46651651477555
C04 875.002 95.61057477031622
C04 899.999 88.68392844885472
C04 919.999 80.0488899032378
C04 925.012 77.232587681643
C04 949.965 63.50906902498593
C04 975.002 48.180713191444234
C04 999.976 31.340811981764233
C04 1025.028 15.617804459856053
C04 1050.014 6.284585696269625
C04 1075.002 0.9283713755557239
C04 1099.99 0.09211215500538358
C05 319.994 46.2395852956362
C05 324.969 47.19144111755551
C05 349.982 53.886446615744106
C05 374.975 70.14786975425545
C05 400.019 84.6644797333508
C05 424.965 87.91454097665121
C05 450.035 87.6520606479695
C05 475.003 86.92183506011705
C05 500.018 86.3791118276423
C05 525.002 86.44785758709257
C05 550.029 87.3339191464174
C05 575.023 88.39507222738916
C05 599.982 89.98868146617004
C05 619.997 90.59998201988275
C05 624.979 90.89222231815829
C05 650.012 92.15358718325125
C05 675.004 93.33845047484749
C05 700.03 94.34718099039374
C05 725.012 95.44497703881498
C05 750.022 97.2847510685352
C05 774.987 99.02855359867765
C05 799.976 99.62406689813193
C05 824.988 99.12012273588947
C05 850.022 98.42588933148457
C05 869.967 96.38901196828765
C05 875.002 95.53349131935896
C05 899.999 88.57043937520163
C05 919.999 79.9050666388127
C05 925.012 77.1021169736809
C05 949.965 63.397597381738805
C05 975.002 48.111056334391286
C05 999.976 31.309325520494696
C05 1025.028 15.561584378372235
C05 1050.014 6.249411299483306
C05 1075.002 0.9268120379609471
C05 1099.99 0.09195743896176384
C06 319.994 46.25969834943683
C06 324.969 47.17664535186472
C06 349.982 53.73570590019268
C06 374.975 70.0125909009615
C06 400.019 84.64455808660956
C06 424.965 87.99307146497743
C06 450.035 87.78627527801326
C06 475.003 87.09453016538042
C06 500.018 86.5605810325081
C06 525.002 86.59290585669775
C06 550.029 87.41546620999961
C06 575.023 88.43124050533137
C06 599.982 89.99812166233912
C06 619.997 90.59528106250414
C06 624.979 90.88527041376128
C06 650.012 92.13839711901812
C06 675.004 93.336727811313
C06 700.03 94.35025881590872
C06 725.012 95.46958433037007
C06 750.022 97.34394178758075
C06 774.987 99.1198624222887
C06 799.976 99.74005957612184
C06 824.988 99.25375548847269
C06 850.022 98.58997111907543
C06 869.967 96.57440118972973
C06 875.002 95.71833694475238
C06 899.999 88.69859788588631
C06 919.999 80.00514190574378
C06 925.012 77.2044738127599
C06 949.965 63.52811019925397
C06 975.002 48.24023695877311
C06 999.976 31.388826442612032
C06 1025.028 15.541914431914096
C06 1050.014 6.2258165512723895
C06 1075.002 0.927375665906396
C06 1099.99 0.09201336160871691
C07 319.994 46.00018100203447
C07 324.969 46.79256411835301
C07 349.982 52.83796851024509
C07 374.975 68.87734031915895
C07 400.019 83.81503051634594
C07 424.965 87.49417279282048
C07 450.035 87.54237674665707
C07 475.003 87.07465445633343
C07 500.018 86.61448126043211
C07 525.002 86.56946997634613
C07 550.029 87.1913208871724
C07 575.023 87.98442752217542
C07 599.982 89.39169816049963
C07 619.997 89.91315224053503
C07 624.979 90.18714761790959
C07 650.012 91.40049993622533
C07 675.004 92.57268442420764
C07 700.03 93.58696574447616
C07 725.012 94.73571435210684
C07 750.022 96.65043573000152
C07 774.987 98.47596907450318
C07 799.976 99.15554835444124
C07 824.988 98.7113308510106
C07 850.022 98.09973935856762
C07 869.967 96.12077411525952
C07 875.002 95.26154016937868
C07 899.999 88.18456274347284
C07 919.999 79.53581179612128
C07 925.012 76.7694285356152
C07 949.965 63.38439795092332
C07 975.002 48.11445955190723
C07 999.976 31.16782593777058
C07 1025.028 15.26822147769337
C07 1050.014 6.077864636576261
C07 1075.002 0.9207682887305827
C07 1099.99 0.09135778371540539
C10 319.994 47.077929075055295
C10 324.969 48.27255029853921
C10 349.982 55.779320791880096
C10 374.975 72.03334413347547
C10 400.019 85.5269522866765
C10 424.965 88.11793777424063
C10 450.035 87.65547534990901
C10 475.003 87.02142798125847
C10 500.018 86.65655253208588
C10 525.002 86.87383782590459
C10 550.029 87.86424685772607
C10 575.023 88.99861696705544
C10 599.982 90.66081118335666
C10 619.997 91.30167264332145
C10 624.979 91.60312344929481
C10 650.012 92.85570655850299
C10 675.004 94.03718577328924
C10 700.03 94.94960791283316
C10 725.012 95.72632244727009
C10 750.022 97.14583548111284
C10 774.987 98.47197249510313
C10 799.976 98.8184575540096
C10 824.988 98.33445035107312
C10 850.022 97.49179991281777
C10 869.967 95.4444410990487
C10 875.002 94.68619351770164
C10 899.999 88.16585078934695
C10 919.999 79.8703071168276
C10 925.012 76.9746169032805
C10 949.965 62.552749590441664
C10 975.002 47.34007635545366
C10 999.976 31.105052078573273
C10 1025.028 15.420839896497409
C10 1050.014 6.244337098338896
C10 1075.002 0.9254921087595133
C10 1099.99 0.09182647679899161
C11 319.994 47.05685132967535
C11 324.969 48.19969311545327
C11 349.982 55.50833816162032
C11 374.975 71.76515221814158
C11 400.019 85.47158970881875
C11 424.965 88.21041035277277
C11 450.035 87.79086139115623
C11 475.003 87.14134833210704
C11 500.018 86.73858959774012
C11 525.002 86.92133740176263
C11 550.029 87.88465850653935
C11 575.023 89.0027360469735
C11 599.982 90.64959472967645
C11 619.997 91.28673523640673
C11 624.979 91.58524602994785
C11 650.012 92.83256161688163
C11 675.004 94.01809866132693
C11 700.03 94.93821536465832
C11 725.012 95.71645349928798
C11 750.022 97.13330214686404
C11 774.987 98.4600746322915
C11 799.976 98.81532613451799
C11 824.988 98.35259574030323
C11 850.022 97.50140854719912
C11 869.967 95.44101874082682
C11 875.002 94.69349761108793
C11 899.999 88.1973334224753
C11 919.999 79.96607955306362
C11 925.012 77.10134368916096
C11 949.965 62.65517533606206
C11 975.002 47.35881510656787
C11 999.976 31.069812124869113
C11 1025.028 15.467756637859612
C11 1050.014 6.248807888728582
C11 1075.002 0.9253727119424062
C11 1099.99 0.09181463035648585
C12 319.994 46.84940053056806
C12 324.969 47.93698692644149
C12 349.982 55.05730273873424
C12 374.975 71.3242728538267
C12 400.019 85.26458680223044
C12 424.965 88.15744419129857
C12 450.035 87.79047092075508
C12 475.003 87.13986301332618
C12 500.018 86.70510867491176
C12 525.002 86.85067757171848
C12 550.029 87.77597757821812
C12 575.023 88.86258779808867
C12 599.982 90.4868527915013
C12 619.997 91.11291465763414
C12 624.979 91.40974106905264
C12 650.012 92.65861853759104
C12 675.004 93.84227979285433
C12 700.03 94.76403494061407
C12 725.012 95.53852149687971
C12 750.022 96.96535393667351
C12 774.987 98.29485971490904
C12 799.976 98.65991891485865
C12 824.988 98.20805278533481
C12 850.022 97.34936243550266
C12 869.967 95.26602675085077
C12 875.002 94.50712072921941
C12 899.999 88.03457617173541
C12 919.999 79.88404248740937
C12 925.012 77.06390446834442
C12 949.965 62.68350358085167
C12 975.002 47.280820558007925
C12 999.976 30.94160767649018
C12 1025.028 15.420443683884473
C12 1050.014 6.221675938060152
C12 1075.002 0.9237726261841178
C12 1099.99 0.09165587131751704
C13 319.994 46.58976833893007
C13 324.969 47.62748171140903
C13 349.982 54.57713516140912
C13 374.975 70.83917080251052
C13 400.019 84.9576770669233
C13 424.965 87.98068360009377
C13 450.035 87.6543805015293
C13 475.003 86.97877483214417
C13 500.018 86.50784455950516
C13 525.002 86.6092213944401
C13 550.029 87.5045087740275
C13 575.023 88.56594513744717
C13 599.982 90.1684662889132
C13 619.997 90.78614452584476
C13 624.979 91.07972467353603
C13 650.012 92.32064726468622
C13 675.004 93.49968412539465
C13 700.03 94.41478596377003
C13 725.012 95.19806193220282
C13 750.022 96.62633375308322
C13 774.987 97.95957579711803
C13 799.976 98.33497097827465
C13 824.988 97.88243109590178
C13 850.022 97.01448430067755
C13 869.967 94.90493350517171
C13 875.002 94.13080679417772
C13 899.999 87.64779609868631
C13 919.999 79.53081224373004
C13 925.012 76.74440780481183
C13 949.965 62.48508719494756
C13 975.002 47.06702652895248
C13 999.976 30.696863125931486
C13 1025.028 15.292782831554202
C13 1050.014 6.1569047461981175
C13 1075.002 0.9205427752500819
C13 1099.99 0.09133540847504508
C14 319.994 46.60261940889747
C14 324.969 47.60162644582673
C14 349.982 54.43027235288092
C14 374.975 70.75379559774052
C14 400.019 85.09548249340119
C14 424.965 88.25003927034872
C14 450.035 87.96078492219965
C14 475.003 87.2724927929182
C14 500.018 86.76272219978792
C14 525.002 86.83143733410867
C14 550.029 87.69629099125318
C14 575.023 88.7336713154488
C14 599.982 90.32436351064457
C14 619.997 90.9310856074967
C14 624.979 91.2196738590791
C14 650.012 92.46467724873546
C14 675.004 93.64846100451675
C14 700.03 94.56802645551709
C14 725.012 95.3593185515971
C14 750.022 96.8113478166889
C14 774.987 98.16742855105004
C14 799.976 98.55943020867927
C14 824.988 98.10875845920604
C14 850.022 97.22729832558892
C14 869.967 95.10085777116257
C14 875.002 94.317321489129
C14 899.999 87.78354198520519
C14 919.999 79.62883562698447
C14 925.012 76.84507260548584
C14 949.965 62.60945201771514
C14 975.002 47.104232233156566
C14 999.976 30.674853228172314
C14 1025.028 15.261741391697745
C14 1050.014 6.135564294629158
C14 1075.002 0.9223051999059111
C14 1099.99 0.09151027463029018
C15 319.994 46.368853967265345
C15 324.969 47.30295104221452
C15 349.982 53.88391621441898
C15 374.975 70.13122499637096
C15 400.019 84.62728551357027
C15 424.965 87.96537869162499
C15 450.035 87.7959757877831
C15 475.003 87.1858313327091
C15 500.018 86.69460425549246
C15 525.002 86.71366839860764
C15 550.029 87.49383591639595
C15 575.023 88.44862026632391
C15 599.982 89.97923361371858
C15 619.997 90.55735949589794
C15 624.979 90.84385758239182
C15 650.012 92.06568540529732
C15 675.004 93.24382648096781
C15 700.03 94.17283978441961
C15 725.012 94.9834486809332
C15 750.022 96.45420521271564
C15 774.987 97.83358401434565
C15 799.976 98.2480798295943
C15 824.988 97.81937395425658
C15 850.022 96.95301200948408
C15 869.967 94.84086573425293
C15 875.002 94.06021587067495
C15 899.999 87.52391744984958
C15 919.999 79.37030594000856
C15 925.012 76.59719280729435
C15 949.965 62.4651732044887
C15 975.002 46.95232010640168
C15 999.976 30.58986657973288
C15 1025.028 15.18704861491227
C15 1050.014 6.105629666093621
C15 1075.002 0.918902542439105
C15 1099.99 0.09117266608239087
C16 319.994 46.28846683046304
C16 324.969 47.15099297776537
C16 349.982 53.43162133308212
C16 374.975 69.59151068286984
C16 400.019 84.32500017281798
C16 424.965 87.87316642669361
C16 450.035 87.83421126196671
C16 475.003 87.31206046023514
C16 500.018 86.84282988228352
C16 525.002 86.8260396550339
C16 550.029 87.51010551644404
C16 575.023 88.37865715797595
C16 599.982 89.84444476249665
C16 619.997 90.39451802605193
C16 624.979 90.67435514687905
C16 650.012 91.88226384842577
C16 675.004 93.04898175079191
C16 700.03 93.98442633143918
C16 725.012 94.82272034502283
C16 750.022 96.33421595532569
C16 774.987 97.75415008469909
C16 799.976 98.20649856001258
C16 824.988 97.79258462222445
C16 850.022 96.95585249024542
C16 869.967 94.86495239860648
C16 875.002 94.07619453199277
C16 899.999 87.51770820484299
C16 919.999 79.3449713016278
C16 925.012 76.5779678822493
C16 949.965 62.538501248940726
C16 975.002 47.001925159913
C16 999.976 30.59670172582367
C16 1025.028 15.131865002655044
C16 1050.014 6.0803290024658985
C16 1075.002 0.9177590698117527
C16 1099.99 0.09105921177879168
C17 319.994 46.23738794259442
C17 324.969 47.02396759687227
C17 349.982 53.03926748646361
C17 374.975 69.14188018779967
C17 400.019 84.16491496462717
C17 424.965 87.93453152993382
C17 450.035 88.04676497327732
C17 475.003 87.63698542797201
C17 500.018 87.18330475952517
C17 525.002 87.10227066686213
C17 550.029 87.66232006635276
C17 575.023 88.39522535303668
C17 599.982 89.76943616406318
C17 619.997 90.27501111445163
C17 624.979 90.54530085115643
C17 650.012 91.73899949261407
C17 675.004 92.89236483851722
C17 700.03 93.83143084072815
C17 725.012 94.70097779896886
C17 750.022 96.25828860300714
C17 774.987 97.73010170175742
C17 799.976 98.23961198128693
C17 824.988 97.84443296647183
C17 850.022 97.0381958071947
C17 869.967 94.95366574249222
C17 875.002 94.14512404222003
C17 899.999 87.5159778850261
C17 919.999 79.33860893097369
C17 925.012 76.59726171383574
C17 949.965 62.80680800851024
C17 975.002 47.202408742058516
C17 999.976 30.624065279033964
C17 1025.028 15.02404349203047
C17 1050.014 6.038988427261354
C17 1075.002 0.9170353025735551
C17 1099.99 0.09098740025832901
