lsstCam/transmission_sensor/r01_s01/19700101T000000.ecsv
# %ECSV 0.9
# ---
# datatype:
# - {name: amp_name, datatype: string}
# - {name: wavelength, unit: nm, datatype: float32}
# - {name: efficiency, unit: '%', datatype: float32}
# meta: !!omap
# - {MODE: AMP}
# - {TYPE: transmission_sensor}
# - {CALIBDATE: '1970-01-01T00:00:00'}
# - {INSTRUME: LSSTCAM}
# - {OBSTYPE: transmission_sensor}
# - {DETECTOR: 1}
# - {CALIBCLS: lsst.ip.isr.IntermediateSensorTransmissionCurve}
# - {PICKLEFILE: RaftRun10861.p}
# - {CALIB_ID: 'raftName=R01 detectorName=S01 detector=1 calibDate=1970-01-01T00:00:00 ccd=1 ccdnum=1 filter=None'}
# - {DATE: '2020-07-23T19:15:12.542835'}
# - {CALIB_CREATION_DATE: '2020-07-23'}
# - {CALIB_CREATION_TIME: '19:15:12'}
# - __serialized_columns__:
#     efficiency:
#       __class__: astropy.units.quantity.Quantity
#       unit: !astropy.units.Unit {unit: '%'}
#       value: !astropy.table.SerializedColumn {name: efficiency}
#     wavelength:
#       __class__: astropy.units.quantity.Quantity
#       unit: !astropy.units.Unit {unit: nm}
#       value: !astropy.table.SerializedColumn {name: wavelength}
# schema: astropy-2.0
amp_name wavelength efficiency
C00 319.994 5.212502
C00 324.969 5.319814
C00 349.982 6.1116304
C00 374.975 7.898471
C00 400.019 9.409753
C00 424.965 9.720647
C00 450.035 9.681182
C00 475.003 9.616371
C00 500.018 9.573198
C00 525.002 9.587527
C00 550.029 9.702118
C00 575.023 9.822382
C00 599.982 10.001194
C00 619.997 10.072165
C00 624.979 10.105097
C00 650.012 10.242293
C00 675.004 10.376395
C00 700.03 10.486826
C00 725.012 10.588265
C00 750.022 10.794312
C00 774.987 10.970964
C00 799.976 11.011478
C00 824.988 10.966634
C00 850.022 10.879145
C00 869.967 10.634068
C00 875.002 10.549374
C00 899.999 9.786023
C00 919.999 8.837919
C00 925.012 8.52837
C00 949.965 6.9809365
C00 975.002 5.2935205
C00 999.976 3.4549515
C00 1025.028 1.7287537
C00 1050.014 0.69653004
C00 1075.002 0.39597297
C00 1099.99 0.261587
C13 319.994 46.42615
C13 324.969 47.46022
C13 349.982 54.385468
C13 374.975 70.59039
C13 400.019 84.65932
C13 424.965 87.67171
C13 450.035 87.34655
C13 475.003 86.67332
C13 500.018 86.20404
C13 525.002 86.30506
C13 550.029 87.197205
C13 575.023 88.25491
C13 599.982 89.85181
C13 619.997 90.467316
C13 624.979 90.759865
C13 650.012 91.99643
C13 675.004 93.171326
C13 700.03 94.08321
C13 725.012 94.86374
C13 750.022 96.286995
C13 774.987 97.615555
C13 799.976 97.98963
C13 824.988 97.53868
C13 850.022 96.67378
C13 869.967 94.57164
C13 875.002 93.80023
C13 899.999 87.33999
C13 919.999 79.25151
C13 925.012 76.47489
C13 949.965 62.265648
C13 975.002 46.901733
C13 999.976 30.58906
C13 1025.028 15.239077
C13 1050.014 6.1352825
C13 1075.002 3.444764
C13 1099.99 2.336127
C15 319.994 46.206013
C15 324.969 47.13683
C15 349.982 53.694683
C15 374.975 69.88493
C15 400.019 84.330086
C15 424.965 87.656456
C15 450.035 87.48765
C15 475.003 86.87965
C15 500.018 86.390144
C15 525.002 86.40914
C15 550.029 87.18657
C15 575.023 88.138
C15 599.982 89.66324
C15 619.997 90.239334
C15 624.979 90.524826
C15 650.012 91.74236
C15 675.004 92.91637
C15 700.03 93.84212
C15 725.012 94.64988
C15 750.022 96.11547
C15 774.987 97.490005
C15 799.976 97.903046
C15 824.988 97.475845
C15 850.022 96.612526
C15 869.967 94.5078
C15 875.002 93.72989
C15 899.999 87.216545
C15 919.999 79.09157
C15 925.012 76.32819
C15 949.965 62.245804
C15 975.002 46.78743
C15 999.976 30.482439
C15 1025.028 15.133714
C15 1050.014 6.0841875
C15 1075.002 3.4070776
C15 1099.99 2.3079398
C10 319.994 46.912598
C10 324.969 48.103024
C10 349.982 55.58343
C10 374.975 71.78037
C10 400.019 85.22659
C10 424.965 87.80848
C10 450.035 87.34764
C10 475.003 86.71582
C10 500.018 86.35223
C10 525.002 86.56875
C10 550.029 87.55568
C10 575.023 88.686066
C10 599.982 90.34242
C10 619.997 90.98103
C10 624.979 91.281425
C10 650.012 92.52961
C10 675.004 93.70694
C10 700.03 94.61616
C10 725.012 95.390144
C10 750.022 96.80467
C10 774.987 98.12615
C10 799.976 98.47142
C10 824.988 97.98911
C10 850.022 97.14942
C10 869.967 95.10925
C10 875.002 94.35367
C10 899.999 87.856224
C10 919.999 79.58981
C10 925.012 76.70429
C10 949.965 62.333073
C10 975.002 47.173824
C10 999.976 30.995815
C10 1025.028 15.366684
C10 1050.014 6.222408
C10 1075.002 3.476772
C10 1099.99 2.3426647
C06 319.994 46.09724
C06 324.969 47.010967
C06 349.982 53.546993
C06 374.975 69.766716
C06 400.019 84.3473
C06 424.965 87.68405
C06 450.035 87.47798
C06 475.003 86.788666
C06 500.018 86.25659
C06 525.002 86.2888
C06 550.029 87.108475
C06 575.023 88.12068
C06 599.982 89.68206
C06 619.997 90.27712
C06 624.979 90.56609
C06 650.012 91.81482
C06 675.004 93.00894
C06 700.03 94.01891
C06 725.012 95.13431
C06 750.022 97.00208
C06 774.987 98.77177
C06 799.976 99.389786
C06 824.988 98.90519
C06 850.022 98.24374
C06 869.967 96.235245
C06 875.002 95.38219
C06 899.999 88.3871
C06 919.999 79.724174
C06 925.012 76.93334
C06 949.965 63.305008
C06 975.002 48.070824
C06 999.976 31.278593
C06 1025.028 15.487333
C06 1050.014 6.2039523
C06 1075.002 3.4331887
C06 1099.99 2.3486557
C11 319.994 46.891594
C11 324.969 48.030422
C11 349.982 55.3134
C11 374.975 71.51312
C11 400.019 85.171425
C11 424.965 87.90063
C11 450.035 87.48255
C11 475.003 86.83532
C11 500.018 86.433975
C11 525.002 86.61608
C11 550.029 87.57602
C11 575.023 88.69017
C11 599.982 90.331245
C11 619.997 90.96615
C11 624.979 91.26361
C11 650.012 92.506546
C11 675.004 93.68792
C11 700.03 94.604805
C11 725.012 95.38031
C11 750.022 96.79218
C11 774.987 98.114296
C11 799.976 98.4683
C11 824.988 98.007195
C11 850.022 97.159
C11 869.967 95.10584
C11 875.002 94.36095
C11 899.999 87.887596
C11 919.999 79.68525
C11 925.012 76.830574
C11 949.965 62.43514
C11 975.002 47.192497
C11 999.976 30.9607
C11 1025.028 15.413436
C11 1050.014 6.226863
C11 1075.002 3.4990487
C11 1099.99 2.3519895
C16 319.994 46.125908
C16 324.969 46.985405
C16 349.982 53.243977
C16 374.975 69.347115
C16 400.019 84.02886
C16 424.965 87.56457
C16 450.035 87.52575
C16 475.003 87.00543
C16 500.018 86.53785
C16 525.002 86.52112
C16 550.029 87.20278
C16 575.023 88.06828
C16 599.982 89.52892
C16 619.997 90.077065
C16 624.979 90.35592
C16 650.012 91.559586
C16 675.004 92.722206
C16 700.03 93.654366
C16 725.012 94.489716
C16 750.022 95.9959
C16 774.987 97.41085
C16 799.976 97.86161
C16 824.988 97.44915
C16 850.022 96.61536
C16 869.967 94.5318
C16 875.002 93.74581
C16 899.999 87.21036
C16 919.999 79.06632
C16 925.012 76.30904
C16 949.965 62.318874
C16 975.002 46.83686
C16 999.976 30.48925
C16 1025.028 15.078724
C16 1050.014 6.0589757
C16 1075.002 3.378982
C16 1099.99 2.2893403
C04 319.994 46.19274
C04 324.969 47.17594
C04 349.982 53.97277
C04 374.975 70.18564
C04 400.019 84.53689
C04 424.965 87.69806
C04 450.035 87.42453
C04 475.003 86.71507
C04 500.018 86.202034
C04 525.002 86.299484
C04 550.029 87.19986
C04 575.023 88.269196
C04 599.982 89.8701
C04 619.997 90.48038
C04 624.979 90.77478
C04 650.012 92.031746
C04 675.004 93.22234
C04 700.03 94.21566
C04 725.012 95.291916
C04 750.022 97.106186
C04 774.987 98.82708
C04 799.976 99.4024
C04 824.988 98.89508
C04 850.022 98.17436
C04 869.967 96.12774
C04 875.002 95.2748
C04 899.999 88.37248
C04 919.999 79.76777
C04 925.012 76.96136
C04 949.965 63.286034
C04 975.002 48.01151
C04 999.976 31.230747
C04 1025.028 15.562957
C04 1050.014 6.262515
C04 1075.002 3.4421387
C04 1099.99 2.35917
C02 319.994 46.44284
C02 324.969 47.506344
C02 349.982 54.60064
C02 374.975 70.809586
C02 400.019 84.84285
C02 424.965 87.79228
C02 450.035 87.476685
C02 475.003 86.83772
C02 500.018 86.40731
C02 525.002 86.554855
C02 550.029 87.481766
C02 575.023 88.57438
C02 599.982 90.19875
C02 619.997 90.824554
C02 624.979 91.11885
C02 650.012 92.38621
C02 675.004 93.57972
C02 700.03 94.564026
C02 725.012 95.62286
C02 750.022 97.416145
C02 774.987 99.10612
C02 799.976 99.6542
C02 824.988 99.12717
C02 850.022 98.3865
C02 869.967 96.293976
C02 875.002 95.42638
C02 899.999 88.49103
C02 919.999 79.914925
C02 925.012 77.11054
C02 949.965 63.388866
C02 975.002 48.076054
C02 999.976 31.315592
C02 1025.028 15.519329
C02 1050.014 6.245656
C02 1075.002 3.4613912
C02 1099.99 2.3782144
C05 319.994 46.077198
C05 324.969 47.02571
C05 349.982 53.697205
C05 374.975 69.90152
C05 400.019 84.36715
C05 424.965 87.6058
C05 450.035 87.34424
C05 475.003 86.61658
C05 500.018 86.07576
C05 525.002 86.144264
C05 550.029 87.027214
C05 575.023 88.08464
C05 599.982 89.67265
C05 619.997 90.28181
C05 624.979 90.57302
C05 650.012 91.829956
C05 675.004 93.01066
C05 700.03 94.01585
C05 725.012 95.10979
C05 750.022 96.9431
C05 774.987 98.68078
C05 799.976 99.2742
C05 824.988 98.772026
C05 850.022 98.08023
C05 869.967 96.05051
C05 875.002 95.19799
C05 899.999 88.25939
C05 919.999 79.62445
C05 925.012 76.831345
C05 949.965 63.174953
C05 975.002 47.942097
C05 999.976 31.199371
C05 1025.028 15.506934
C05 1050.014 6.227464
C05 1075.002 3.4372203
C05 1099.99 2.3518155
C03 319.994 46.24146
C03 324.969 47.25616
C03 349.982 54.179276
C03 374.975 70.37416
C03 400.019 84.5771
C03 424.965 87.64547
C03 450.035 87.361595
C03 475.003 86.6937
C03 500.018 86.220024
C03 525.002 86.33928
C03 550.029 87.249435
C03 575.023 88.32586
C03 599.982 89.933586
C03 619.997 90.5501
C03 624.979 90.84524
C03 650.012 92.10877
C03 675.004 93.29254
C03 700.03 94.28208
C03 725.012 95.350395
C03 750.022 97.15027
C03 774.987 98.84928
C03 799.976 99.4152
C03 824.988 98.901634
C03 850.022 98.171974
C03 869.967 96.11711
C03 875.002 95.26207
C03 899.999 88.37507
C03 919.999 79.81331
C03 925.012 77.010254
C03 949.965 63.341137
C03 975.002 48.05582
C03 999.976 31.26758
C03 1025.028 15.562769
C03 1050.014 6.274034
C03 1075.002 3.4531271
C03 1099.99 2.369246
C12 319.994 46.68487
C12 324.969 47.76864
C12 349.982 54.86395
C12 374.975 71.07379
C12 400.019 84.96515
C12 424.965 87.84785
C12 450.035 87.48216
C12 475.003 86.83384
C12 500.018 86.40061
C12 525.002 86.54567
C12 550.029 87.46772
C12 575.023 88.550514
C12 599.982 90.169075
C12 619.997 90.79294
C12 624.979 91.08872
C12 650.012 92.33321
C12 675.004 93.51272
C12 700.03 94.43124
C12 725.012 95.203
C12 750.022 96.624825
C12 774.987 97.94966
C12 799.976 98.31344
C12 824.988 97.86316
C12 850.022 97.007484
C12 869.967 94.931465
C12 875.002 94.175224
C12 899.999 87.72541
C12 919.999 79.6035
C12 925.012 76.79327
C12 949.965 62.463367
C12 975.002 47.114777
C12 999.976 30.832945
C12 1025.028 15.366289
C12 1050.014 6.1998262
C12 1075.002 3.485887
C12 1099.99 2.35079
C01 319.994 46.562443
C01 324.969 47.68484
C01 349.982 54.970284
C01 374.975 71.090866
C01 400.019 84.758
C01 424.965 87.48353
C01 450.035 87.08354
C01 475.003 86.4284
C01 500.018 86.02447
C01 525.002 86.22163
C01 550.029 87.19888
C01 575.023 88.33196
C01 599.982 89.9766
C01 619.997 90.61807
C01 624.979 90.914825
C01 650.012 92.18785
C01 675.004 93.37485
C01 700.03 94.35666
C01 725.012 95.40475
C01 750.022 97.17698
C01 774.987 98.85306
C01 799.976 99.38204
C01 824.988 98.83528
C01 850.022 98.08056
C01 869.967 95.96248
C01 875.002 95.107895
C01 899.999 88.2385
C01 919.999 79.5855
C01 925.012 76.73435
C01 949.965 62.827164
C01 975.002 47.714836
C01 999.976 31.158789
C01 1025.028 15.411518
C01 1050.014 6.1801386
C01 1075.002 3.4471953
C01 1099.99 2.3687618
C07 319.994 45.838634
C07 324.969 46.628235
C07 349.982 52.65241
C07 374.975 68.63545
C07 400.019 83.52068
C07 424.965 87.186905
C07 450.035 87.23494
C07 475.003 86.76886
C07 500.018 86.3103
C07 525.002 86.26545
C07 550.029 86.88512
C07 575.023 87.67544
C07 599.982 89.07777
C07 619.997 89.59739
C07 624.979 89.87042
C07 650.012 91.07951
C07 675.004 92.24758
C07 700.03 93.2583
C07 725.012 94.403015
C07 750.022 96.31101
C07 774.987 98.130135
C07 799.976 98.80733
C07 824.988 98.36467
C07 850.022 97.755226
C07 869.967 95.78321
C07 875.002 94.926994
C07 899.999 87.87487
C07 919.999 79.25649
C07 925.012 76.499825
C07 949.965 63.1618
C07 975.002 47.945488
C07 999.976 31.058369
C07 1025.028 15.2146015
C07 1050.014 6.05652
C07 1075.002 3.359938
C07 1099.99 2.3080242
C17 319.994 46.07501
C17 324.969 46.858826
C17 349.982 52.853
C17 374.975 68.89906
C17 400.019 83.86934
C17 424.965 87.62572
C17 450.035 87.73756
C17 475.003 87.329216
C17 500.018 86.87713
C17 525.002 86.79638
C17 550.029 87.35446
C17 575.023 88.08479
C17 599.982 89.45418
C17 619.997 89.95798
C17 624.979 90.22732
C17 650.012 91.416824
C17 675.004 92.56614
C17 700.03 93.50191
C17 725.012 94.3684
C17 750.022 95.92024
C17 774.987 97.38689
C17 799.976 97.89461
C17 824.988 97.50082
C17 850.022 96.69741
C17 869.967 94.6202
C17 875.002 93.8145
C17 899.999 87.20863
C17 919.999 79.05998
C17 925.012 76.32826
C17 949.965 62.58624
C17 975.002 47.03664
C17 999.976 30.516518
C17 1025.028 14.971281
C17 1050.014 6.0177803
C17 1075.002 3.3464642
C17 1099.99 2.2725048
C14 319.994 46.438957
C14 324.969 47.434456
C14 349.982 54.23912
C14 374.975 70.50532
C14 400.019 84.79664
C14 424.965 87.94012
C14 450.035 87.65188
C14 475.003 86.966
C14 500.018 86.45802
C14 525.002 86.5265
C14 550.029 87.38831
C14 575.023 88.42205
C14 599.982 90.00716
C14 619.997 90.61175
C14 624.979 90.89932
C14 650.012 92.13995
C14 675.004 93.31958
C14 700.03 94.235916
C14 725.012 95.02443
C14 750.022 96.47136
C14 774.987 97.82268
C14 799.976 98.2133
C14 824.988 97.76421
C14 850.022 96.88585
C14 869.967 94.76688
C14 875.002 93.98609
C14 899.999 87.47526
C14 919.999 79.34919
C14 925.012 76.5752
C14 949.965 62.389576
C14 975.002 46.93881
C14 999.976 30.567127
C14 1025.028 15.208144
C14 1050.014 6.114017
C14 1075.002 3.431332
C14 1099.99 2.3303163
