ts8/transmission_sensor/rtm-014_s00/19700101T000000.ecsv
# %ECSV 0.9
# ---
# datatype:
# - {name: amp_name, datatype: string}
# - {name: wavelength, unit: nm, datatype: float32}
# - {name: efficiency, unit: '%', datatype: float32}
# meta: !!omap
# - {MODE: AMP}
# - {TYPE: QE}
# - {CALIBDATE: '1970-01-01T00:00:00'}
# - {INSTRUME: TS8}
# - {OBSTYPE: qe_curve}
# - {DETECTOR: 90}
# - {PICKLEFILE: RaftRun10928.p}
# - {CALIB_ID: 'raftName=RTM-014 detectorName=S00 detector=90 calibDate=1970-01-01T00:00:00 ccd=90 ccdnum=90 filter=None'}
# - {DATE: '2020-07-23T19:15:46.395963'}
# - {CALIB_CREATION_DATE: '2020-07-23'}
# - {CALIB_CREATION_TIME: '19:15:46'}
# - __serialized_columns__:
#     efficiency:
#       __class__: astropy.units.quantity.Quantity
#       unit: !astropy.units.Unit {unit: '%'}
#       value: !astropy.table.SerializedColumn {name: efficiency}
#     wavelength:
#       __class__: astropy.units.quantity.Quantity
#       unit: !astropy.units.Unit {unit: nm}
#       value: !astropy.table.SerializedColumn {name: wavelength}
# schema: astropy-2.0
amp_name wavelength efficiency
C11 319.994 46.87058
C11 324.969 48.323647
C11 349.982 56.527878
C11 374.975 70.611046
C11 400.019 82.129555
C11 424.965 83.93005
C11 450.035 83.66562
C11 475.003 83.97158
C11 500.018 84.46064
C11 525.002 85.15577
C11 550.029 86.606766
C11 575.023 88.37842
C11 599.982 90.23618
C11 619.997 91.37722
C11 624.979 91.80985
C11 650.012 93.15888
C11 675.004 94.73253
C11 700.03 95.688156
C11 725.012 96.650116
C11 750.022 97.974556
C11 774.987 98.99148
C11 799.976 99.433754
C11 824.988 98.81745
C11 850.022 97.819214
C11 869.967 95.36017
C11 875.002 94.26046
C11 899.999 87.93836
C11 919.999 79.69679
C11 925.012 76.89192
C11 949.965 63.353855
C11 975.002 48.8932
C11 999.976 32.45084
C11 1025.028 16.130354
C11 1050.014 6.5486703
C11 1075.002 3.6126997
C11 1099.99 2.3518803
C05 319.994 46.166153
C05 324.969 47.468033
C05 349.982 55.23356
C05 374.975 69.67921
C05 400.019 81.96535
C05 424.965 84.13039
C05 450.035 83.873344
C05 475.003 84.05868
C05 500.018 84.416145
C05 525.002 84.9661
C05 550.029 86.30249
C05 575.023 88.00583
C05 599.982 89.81867
C05 619.997 90.94872
C05 624.979 91.38638
C05 650.012 92.7416
C05 675.004 94.3637
C05 700.03 95.423996
C05 725.012 96.649994
C05 750.022 98.3007
C05 774.987 99.65941
C05 799.976 100.26777
C05 824.988 99.69418
C05 850.022 98.71859
C05 869.967 96.13248
C05 875.002 94.9622
C05 899.999 88.752235
C05 919.999 80.6089
C05 925.012 77.82982
C05 949.965 64.77499
C05 975.002 49.90205
C05 999.976 32.897667
C05 1025.028 16.363358
C05 1050.014 6.764451
C05 1075.002 3.7162066
C05 1099.99 2.454224
C01 319.994 46.64009
C01 324.969 48.087902
C01 349.982 56.274555
C01 374.975 70.30032
C01 400.019 81.786354
C01 424.965 83.61327
C01 450.035 83.354744
C01 475.003 83.68288
C01 500.018 84.18451
C01 525.002 84.84598
C01 550.029 86.265816
C01 575.023 88.00462
C01 599.982 89.84208
C01 619.997 90.963715
C01 624.979 91.39624
C01 650.012 92.72789
C01 675.004 94.315895
C01 700.03 95.32502
C01 725.012 96.4646
C01 750.022 98.02972
C01 774.987 99.2858
C01 799.976 99.79543
C01 824.988 99.1337
C01 850.022 98.044525
C01 869.967 95.447945
C01 875.002 94.29872
C01 899.999 87.97738
C01 919.999 79.588776
C01 925.012 76.76055
C01 949.965 63.567818
C01 975.002 49.072792
C01 999.976 32.32267
C01 1025.028 15.959432
C01 1050.014 6.5515237
C01 1075.002 3.5975695
C01 1099.99 2.3793423
C13 319.994 46.615406
C13 324.969 47.98121
C13 349.982 55.940815
C13 374.975 70.21981
C13 400.019 82.15775
C13 424.965 84.148735
C13 450.035 83.88294
C13 475.003 84.100266
C13 500.018 84.502625
C13 525.002 85.136635
C13 550.029 86.556595
C13 575.023 88.30448
C13 599.982 90.15532
C13 619.997 91.30097
C13 624.979 91.73817
C13 650.012 93.09849
C13 675.004 94.69704
C13 700.03 95.68592
C13 725.012 96.68731
C13 750.022 98.06924
C13 774.987 99.14121
C13 799.976 99.62796
C13 824.988 99.04321
C13 850.022 98.07281
C13 869.967 95.65464
C13 875.002 94.55958
C13 899.999 88.211494
C13 919.999 79.968445
C13 925.012 77.16461
C13 949.965 63.617737
C13 975.002 49.12909
C13 999.976 32.524376
C13 1025.028 16.210896
C13 1050.014 6.5819497
C13 1075.002 3.6659243
C13 1099.99 2.3741493
C00 319.994 46.815945
C00 324.969 48.308754
C00 349.982 56.622654
C00 374.975 70.563286
C00 400.019 81.85867
C00 424.965 83.6034
C00 450.035 83.37117
C00 475.003 83.778656
C00 500.018 84.3351
C00 525.002 85.022385
C00 550.029 86.44969
C00 575.023 88.19113
C00 599.982 90.01989
C00 619.997 91.13592
C00 624.979 91.565506
C00 650.012 92.88635
C00 675.004 94.453186
C00 700.03 95.42119
C00 725.012 96.47832
C00 750.022 97.93616
C00 774.987 99.08383
C00 799.976 99.534805
C00 824.988 98.87882
C00 850.022 97.75776
C00 869.967 95.05506
C00 875.002 93.88505
C00 899.999 87.55345
C00 919.999 79.38983
C00 925.012 76.61934
C00 949.965 63.44581
C00 975.002 48.81438
C00 999.976 32.17595
C00 1025.028 15.883078
C00 1050.014 6.4619327
C00 1075.002 3.5561526
C00 1099.99 2.3620293
C14 319.994 46.47037
C14 324.969 47.810085
C14 349.982 55.68168
C14 374.975 70.067764
C14 400.019 82.18793
C14 424.965 84.25756
C14 450.035 83.99617
C14 475.003 84.19122
C14 500.018 84.562485
C14 525.002 85.16212
C14 550.029 86.54818
C14 575.023 88.27428
C14 599.982 90.11134
C14 619.997 91.25411
C14 624.979 91.69327
C14 650.012 93.05487
C14 675.004 94.65995
C14 700.03 95.64646
C14 725.012 96.64202
C14 750.022 98.00768
C14 774.987 99.0685
C14 799.976 99.55023
C14 824.988 98.976105
C14 850.022 97.98811
C14 869.967 95.57108
C14 875.002 94.4744
C14 899.999 88.08644
C14 919.999 79.82
C14 925.012 77.01547
C14 949.965 63.46599
C14 975.002 48.99617
C14 999.976 32.337044
C14 1025.028 16.146893
C14 1050.014 6.564893
C14 1075.002 3.6761467
C14 1099.99 2.3765645
C17 319.994 46.11158
C17 324.969 47.369713
C17 349.982 55.016674
C17 374.975 69.68372
C17 400.019 82.272194
C17 424.965 84.533104
C17 450.035 84.28686
C17 475.003 84.42447
C17 500.018 84.703674
C17 525.002 85.22163
C17 550.029 86.532585
C17 575.023 88.23344
C17 599.982 90.06349
C17 619.997 91.215836
C17 624.979 91.653854
C17 650.012 93.030846
C17 675.004 94.64444
C17 700.03 95.63848
C17 725.012 96.59672
C17 750.022 97.89443
C17 774.987 98.890945
C17 799.976 99.382866
C17 824.988 98.85408
C17 850.022 97.90729
C17 869.967 95.58256
C17 875.002 94.485435
C17 899.999 88.136765
C17 919.999 79.81118
C17 925.012 76.9721
C17 949.965 63.48578
C17 975.002 49.101665
C17 999.976 32.34047
C17 1025.028 16.278484
C17 1050.014 6.7233443
C17 1075.002 3.698419
C17 1099.99 2.4007015
C02 319.994 46.458786
C02 324.969 47.86092
C02 349.982 55.921074
C02 374.975 70.05391
C02 400.019 81.749435
C02 424.965 83.67059
C02 450.035 83.41461
C02 475.003 83.69811
C02 500.018 84.15657
C02 525.002 84.785416
C02 550.029 86.17958
C02 575.023 87.90057
C02 599.982 89.731285
C02 619.997 90.854225
C02 624.979 91.28735
C02 650.012 92.62914
C02 675.004 94.22867
C02 700.03 95.26453
C02 725.012 96.45444
C02 750.022 98.07612
C02 774.987 99.39187
C02 799.976 99.945435
C02 824.988 99.30499
C02 850.022 98.251114
C02 869.967 95.680824
C02 875.002 94.531425
C02 899.999 88.20336
C02 919.999 79.81088
C02 925.012 76.9835
C02 949.965 63.856613
C02 975.002 49.31804
C02 999.976 32.516407
C02 1025.028 16.071028
C02 1050.014 6.6123347
C02 1075.002 3.6265552
C02 1099.99 2.396203
C10 319.994 47.207287
C10 324.969 48.703014
C10 349.982 57.061325
C10 374.975 71.122
C10 400.019 82.509415
C10 424.965 84.24303
C10 450.035 83.99335
C10 475.003 84.36583
C10 500.018 84.90442
C10 525.002 85.62028
C10 550.029 87.083275
C10 575.023 88.863686
C10 599.982 90.718254
C10 619.997 91.86166
C10 624.979 92.29885
C10 650.012 93.63794
C10 675.004 95.197525
C10 700.03 96.12198
C10 725.012 97.00141
C10 750.022 98.22755
C10 774.987 99.14451
C10 799.976 99.5306
C10 824.988 98.896225
C10 850.022 97.8291
C10 869.967 95.286194
C10 875.002 94.17085
C10 899.999 87.91962
C10 919.999 79.83685
C10 925.012 77.06213
C10 949.965 63.405094
C10 975.002 48.824684
C10 999.976 32.37139
C10 1025.028 16.014677
C10 1050.014 6.504625
C10 1075.002 3.587673
C10 1099.99 2.3333983
C04 319.994 46.324764
C04 324.969 47.655674
C04 349.982 55.512398
C04 374.975 69.88029
C04 400.019 82.00066
C04 424.965 84.098915
C04 450.035 83.846664
C04 475.003 84.061905
C04 500.018 84.44521
C04 525.002 85.014626
C04 550.029 86.36721
C04 575.023 88.06526
C04 599.982 89.88338
C04 619.997 91.01089
C04 624.979 91.446465
C04 650.012 92.800156
C04 675.004 94.41725
C04 700.03 95.48095
C04 725.012 96.698265
C04 750.022 98.35882
C04 774.987 99.71305
C04 799.976 100.3087
C04 824.988 99.7144
C04 850.022 98.7058
C04 869.967 96.112595
C04 875.002 94.95391
C04 899.999 88.670555
C04 919.999 80.4314
C04 925.012 77.633
C04 949.965 64.566025
C04 975.002 49.7583
C04 999.976 32.83795
C04 1025.028 16.281626
C04 1050.014 6.719078
C04 1075.002 3.682678
C04 1099.99 2.432707
C12 319.994 46.96265
C12 324.969 48.375603
C12 349.982 56.481068
C12 374.975 70.720894
C12 400.019 82.50797
C12 424.965 84.4166
C12 450.035 84.14056
C12 475.003 84.39875
C12 500.018 84.8438
C12 525.002 85.51787
C12 550.029 86.95998
C12 575.023 88.732506
C12 599.982 90.598114
C12 619.997 91.74913
C12 624.979 92.18862
C12 650.012 93.55022
C12 675.004 95.14814
C12 700.03 96.131226
C12 725.012 97.131
C12 750.022 98.5088
C12 774.987 99.58294
C12 799.976 100.05809
C12 824.988 99.45637
C12 850.022 98.486435
C12 869.967 96.05506
C12 875.002 94.955635
C12 899.999 88.57805
C12 919.999 80.29708
C12 925.012 77.48086
C12 949.965 63.901466
C12 975.002 49.363365
C12 999.976 32.74524
C12 1025.028 16.293575
C12 1050.014 6.618218
C12 1075.002 3.666163
C12 1099.99 2.3824794
C06 319.994 45.911987
C06 324.969 47.181065
C06 349.982 54.82457
C06 374.975 69.29099
C06 400.019 81.682205
C06 424.965 83.90655
C06 450.035 83.64528
C06 475.003 83.794525
C06 500.018 84.12564
C06 525.002 84.65047
C06 550.029 85.97859
C06 575.023 87.666985
C06 599.982 89.48201
C06 619.997 90.60596
C06 624.979 91.04018
C06 650.012 92.39546
C06 675.004 94.021
C06 700.03 95.08381
C06 725.012 96.29778
C06 750.022 97.9462
C06 774.987 99.28889
C06 799.976 99.898224
C06 824.988 99.344315
C06 850.022 98.38827
C06 869.967 95.86935
C06 875.002 94.73142
C06 899.999 88.610245
C06 919.999 80.48429
C06 925.012 77.70157
C06 949.965 64.59946
C06 975.002 49.811604
C06 999.976 32.78864
C06 1025.028 16.37294
C06 1050.014 6.7503495
C06 1075.002 3.7118092
C06 1099.99 2.462749
C03 319.994 46.494392
C03 324.969 47.86048
C03 349.982 55.8078
C03 374.975 70.09689
C03 400.019 82.06077
C03 424.965 84.09272
C03 450.035 83.84617
C03 475.003 84.09813
C03 500.018 84.51542
C03 525.002 85.109764
C03 550.029 86.48157
C03 575.023 88.186615
C03 599.982 90.011055
C03 619.997 91.13624
C03 624.979 91.572945
C03 650.012 92.92347
C03 675.004 94.53766
C03 700.03 95.592026
C03 725.012 96.80715
C03 750.022 98.46434
C03 774.987 99.81211
C03 799.976 100.39648
C03 824.988 99.77667
C03 850.022 98.7471
C03 869.967 96.154976
C03 875.002 95.00338
C03 899.999 88.67469
C03 919.999 80.30872
C03 925.012 77.47814
C03 949.965 64.35563
C03 975.002 49.66559
C03 999.976 32.772015
C03 1025.028 16.20969
C03 1050.014 6.6769567
C03 1075.002 3.6591704
C03 1099.99 2.4182692
C16 319.994 46.2709
C16 324.969 47.548172
C16 349.982 55.25278
C16 374.975 69.825325
C16 400.019 82.26895
C16 424.965 84.48188
C16 450.035 84.22613
C16 475.003 84.38035
C16 500.018 84.68552
C16 525.002 85.22059
C16 550.029 86.55178
C16 575.023 88.252716
C16 599.982 90.075966
C16 619.997 91.21702
C16 624.979 91.652626
C16 650.012 93.02364
C16 675.004 94.62877
C16 700.03 95.6178
C16 725.012 96.58625
C16 750.022 97.90518
C16 774.987 98.92071
C16 799.976 99.40627
C16 824.988 98.86332
C16 850.022 97.89963
C16 869.967 95.548874
C16 875.002 94.45227
C16 899.999 88.05368
C16 919.999 79.76624
C16 925.012 76.928986
C16 949.965 63.413486
C16 975.002 48.991352
C16 999.976 32.183495
C16 1025.028 16.20925
C16 1050.014 6.679988
C16 1075.002 3.717733
C16 1099.99 2.4115338
C07 319.994 45.87345
C07 324.969 47.134426
C07 349.982 54.7652
C07 374.975 69.34708
C07 400.019 81.88617
C07 424.965 84.145134
C07 450.035 83.87554
C07 475.003 84.010956
C07 500.018 84.31569
C07 525.002 84.82636
C07 550.029 86.14894
C07 575.023 87.849976
C07 599.982 89.67924
C07 619.997 90.82
C07 624.979 91.25975
C07 650.012 92.62593
C07 675.004 94.26196
C07 700.03 95.33081
C07 725.012 96.546364
C07 750.022 98.1911
C07 774.987 99.5307
C07 799.976 100.14816
C07 824.988 99.584526
C07 850.022 98.64083
C07 869.967 96.22926
C07 875.002 95.12304
C07 899.999 88.997086
C07 919.999 80.75287
C07 925.012 77.94903
C07 949.965 64.69927
C07 975.002 49.86651
C07 999.976 32.853664
C07 1025.028 16.389313
C07 1050.014 6.647628
C07 1075.002 3.6409962
C07 1099.99 2.4307706
C15 319.994 46.458065
C15 324.969 47.76184
C15 349.982 55.55883
C15 374.975 70.07367
C15 400.019 82.393936
C15 424.965 84.54888
C15 450.035 84.28814
C15 475.003 84.45473
C15 500.018 84.788155
C15 525.002 85.35959
C15 550.029 86.72534
C15 575.023 88.44601
C15 599.982 90.28125
C15 619.997 91.42628
C15 624.979 91.86453
C15 650.012 93.23508
C15 675.004 94.84542
C15 700.03 95.83435
C15 725.012 96.821594
C15 750.022 98.16402
C15 774.987 99.20848
C15 799.976 99.68971
C15 824.988 99.13217
C15 850.022 98.144714
C15 869.967 95.73893
C15 875.002 94.63684
C15 899.999 88.208435
C15 919.999 79.91961
C15 925.012 77.09062
C15 949.965 63.53911
C15 975.002 49.066597
C15 999.976 32.285233
C15 1025.028 16.18407
C15 1050.014 6.612619
C15 1075.002 3.7024903
C15 1099.99 2.3976326
