ts8/qe_curve/rtm-008_s12/19700101T000000.ecsv
# %ECSV 0.9
# ---
# datatype:
# - {name: amp_name, datatype: string}
# - {name: wavelength, unit: nm, datatype: float32}
# - {name: efficiency, unit: '%', datatype: float32}
# meta: !!omap
# - {MODE: AMP}
# - {TYPE: QE}
# - {CALIBDATE: '1970-01-01T00:00:00'}
# - {INSTRUME: TS8}
# - {OBSTYPE: qe_curve}
# - {DETECTOR: 59}
# - {PICKLEFILE: RaftRun11952.p}
# - {CALIB_ID: 'raftName=RTM-008 detectorName=S12 detector=59 calibDate=1970-01-01T00:00:00 ccd=59 ccdnum=59 filter=None'}
# - {DATE: '2020-01-23T15:18:31.488693'}
# - {CALIB_CREATION_DATE: '2020-01-23'}
# - {CALIB_CREATION_TIME: '15:18:31'}
# - __serialized_columns__:
#     efficiency:
#       __class__: astropy.units.quantity.Quantity
#       unit: !astropy.units.Unit {unit: '%'}
#       value: !astropy.table.SerializedColumn {name: efficiency}
#     wavelength:
#       __class__: astropy.units.quantity.Quantity
#       unit: !astropy.units.Unit {unit: nm}
#       value: !astropy.table.SerializedColumn {name: wavelength}
# schema: astropy-2.0
amp_name wavelength efficiency
C05 319.994 45.307636
C05 324.969 51.167595
C05 349.982 75.263245
C05 374.975 78.85829
C05 400.019 85.62796
C05 424.965 86.664505
C05 450.035 88.62322
C05 475.003 91.73031
C05 500.018 92.947945
C05 525.002 95.381226
C05 550.029 97.4741
C05 575.023 97.439606
C05 599.982 99.17917
C05 619.997 98.72892
C05 624.979 99.06268
C05 650.012 99.39458
C05 675.004 99.057686
C05 700.03 98.50699
C05 725.012 98.36717
C05 750.022 98.56096
C05 774.987 98.43234
C05 799.976 97.64106
C05 824.988 95.88128
C05 850.022 93.70635
C05 869.967 90.45072
C05 875.002 89.747894
C05 899.999 82.09636
C05 919.999 73.852615
C05 925.012 70.93741
C05 949.965 57.888386
C05 975.002 43.010796
C05 999.976 26.09291
C05 1025.028 11.225299
C05 1050.014 3.9108555
C05 1075.002 2.1348598
C05 1099.99 1.7039683
C07 319.994 45.737984
C07 324.969 51.657112
C07 349.982 76.05925
C07 374.975 79.61864
C07 400.019 86.193184
C07 424.965 87.11591
C07 450.035 89.024086
C07 475.003 92.1049
C07 500.018 93.30421
C07 525.002 95.73525
C07 550.029 97.82702
C07 575.023 97.7899
C07 599.982 99.531364
C07 619.997 99.07858
C07 624.979 99.412994
C07 650.012 99.745636
C07 675.004 99.405685
C07 700.03 98.846596
C07 725.012 98.675064
C07 750.022 98.820366
C07 774.987 98.63474
C07 799.976 97.81544
C07 824.988 96.02134
C07 850.022 93.81087
C07 869.967 90.57754
C07 875.002 89.907455
C07 899.999 82.14944
C07 919.999 73.60487
C07 925.012 70.73281
C07 949.965 57.680492
C07 975.002 43.027462
C07 999.976 25.983658
C07 1025.028 11.208334
C07 1050.014 3.9064252
C07 1075.002 2.1588135
C07 1099.99 1.714883
C02 319.994 45.021694
C02 324.969 50.832157
C02 349.982 74.51693
C02 374.975 78.0767
C02 400.019 85.23272
C02 424.965 86.493614
C02 450.035 88.57976
C02 475.003 91.76181
C02 500.018 93.02535
C02 525.002 95.48813
C02 550.029 97.592705
C02 575.023 97.556854
C02 599.982 99.29458
C02 619.997 98.840065
C02 624.979 99.17394
C02 650.012 99.49786
C02 675.004 99.14727
C02 700.03 98.549675
C02 725.012 98.294464
C02 750.022 98.337494
C02 774.987 98.06728
C02 799.976 97.2318
C02 824.988 95.492714
C02 850.022 93.24906
C02 869.967 90.16364
C02 875.002 89.49511
C02 899.999 82.034424
C02 919.999 73.7924
C02 925.012 70.89138
C02 949.965 58.10362
C02 975.002 42.565716
C02 999.976 26.054234
C02 1025.028 11.022417
C02 1050.014 3.8146029
C02 1075.002 2.150122
C02 1099.99 1.7063676
C11 319.994 46.312733
C11 324.969 52.295727
C11 349.982 76.65152
C11 374.975 79.89601
C11 400.019 86.292564
C11 424.965 87.15802
C11 450.035 89.04534
C11 475.003 92.11593
C11 500.018 93.298676
C11 525.002 95.7105
C11 550.029 97.78089
C11 575.023 97.718956
C11 599.982 99.437004
C11 619.997 98.970215
C11 624.979 99.30035
C11 650.012 99.6106
C11 675.004 99.25972
C11 700.03 98.70194
C11 725.012 98.5601
C11 750.022 98.749504
C11 774.987 98.61973
C11 799.976 97.83702
C11 824.988 96.089066
C11 850.022 93.93677
C11 869.967 90.793564
C11 875.002 90.07565
C11 899.999 82.369286
C11 919.999 74.18132
C11 925.012 71.062355
C11 949.965 58.292736
C11 975.002 43.54771
C11 999.976 26.33622
C11 1025.028 11.340153
C11 1050.014 3.8975
C11 1075.002 2.1665225
C11 1099.99 1.7260567
C14 319.994 46.000217
C14 324.969 51.931316
C14 349.982 75.897804
C14 374.975 79.117096
C14 400.019 85.79701
C14 424.965 86.831856
C14 450.035 88.80621
C14 475.003 91.92528
C14 500.018 93.13387
C14 525.002 95.556015
C14 550.029 97.627945
C14 575.023 97.567474
C14 599.982 99.278496
C14 619.997 98.80518
C14 624.979 99.131195
C14 650.012 99.438225
C14 675.004 99.06941
C14 700.03 98.478226
C14 725.012 98.25749
C14 750.022 98.34805
C14 774.987 98.130615
C14 799.976 97.32116
C14 824.988 95.588936
C14 850.022 93.41895
C14 869.967 90.34955
C14 875.002 89.67675
C14 899.999 82.10517
C14 919.999 73.91737
C14 925.012 71.05303
C14 949.965 58.362793
C14 975.002 42.81959
C14 999.976 26.187954
C14 1025.028 11.082058
C14 1050.014 3.8386297
C14 1075.002 2.1656313
C14 1099.99 1.7205195
C10 319.994 46.281242
C10 324.969 52.266502
C10 349.982 76.6974
C10 374.975 79.95793
C10 400.019 86.278656
C10 424.965 87.10411
C10 450.035 88.962
C10 475.003 92.01564
C10 500.018 93.19238
C10 525.002 95.59999
C10 550.029 97.67081
C10 575.023 97.61102
C10 599.982 99.33122
C10 619.997 98.86707
C10 624.979 99.19548
C10 650.012 99.51173
C10 675.004 99.1612
C10 700.03 98.59506
C10 725.012 98.41505
C10 750.022 98.55795
C10 774.987 98.371765
C10 799.976 97.57047
C10 824.988 95.84094
C10 850.022 93.706566
C10 869.967 90.526855
C10 875.002 89.871475
C10 899.999 82.28041
C10 919.999 73.95329
C10 925.012 71.21642
C10 949.965 58.189392
C10 975.002 43.145363
C10 999.976 26.415768
C10 1025.028 11.350253
C10 1050.014 3.95799
C10 1075.002 2.174397
C10 1099.99 1.727895
C04 319.994 45.14076
C04 324.969 50.977802
C04 349.982 74.89948
C04 374.975 78.501236
C04 400.019 85.41979
C04 424.965 86.54242
C04 450.035 88.547844
C04 475.003 91.681694
C04 500.018 92.9127
C04 525.002 95.35529
C04 550.029 97.45254
C04 575.023 97.417786
C04 599.982 99.15792
C04 619.997 98.70752
C04 624.979 99.041824
C04 650.012 99.37072
C04 675.004 99.031166
C04 700.03 98.46797
C04 725.012 98.29967
C04 750.022 98.45629
C04 774.987 98.29182
C04 799.976 97.49269
C04 824.988 95.74891
C04 850.022 93.54767
C04 869.967 90.32316
C04 875.002 89.64005
C04 899.999 82.1754
C04 919.999 73.86855
C04 925.012 70.91884
C04 949.965 57.98318
C04 975.002 42.920845
C04 999.976 26.198774
C04 1025.028 11.24747
C04 1050.014 3.86924
C04 1075.002 2.1278117
C04 1099.99 1.7015916
C06 319.994 45.486958
C06 324.969 51.373775
C06 349.982 75.62171
C06 374.975 79.20034
C06 400.019 85.85299
C06 424.965 86.82557
C06 450.035 88.7506
C06 475.003 91.8395
C06 500.018 93.047104
C06 525.002 95.474625
C06 550.029 97.56711
C06 575.023 97.52982
C06 599.982 99.270744
C06 619.997 98.820274
C06 624.979 99.15441
C06 650.012 99.48288
C06 675.004 99.14906
C06 700.03 98.60055
C06 725.012 98.46785
C06 750.022 98.66569
C06 774.987 98.53598
C06 799.976 97.73913
C06 824.988 95.95749
C06 850.022 93.76946
C06 869.967 90.55978
C06 875.002 89.85836
C06 899.999 82.020805
C06 919.999 73.63516
C06 925.012 70.75853
C06 949.965 57.722332
C06 975.002 42.98501
C06 999.976 25.968246
C06 1025.028 11.1616335
C06 1050.014 3.8975313
C06 1075.002 2.145353
C06 1099.99 1.7055814
C03 319.994 45.06646
C03 324.969 50.888
C03 349.982 74.68427
C03 374.975 78.26757
C03 400.019 85.296585
C03 424.965 86.48269
C03 450.035 88.52333
C03 475.003 91.67992
C03 500.018 92.925865
C03 525.002 95.376884
C03 550.029 97.47211
C03 575.023 97.437294
C03 599.982 99.17384
C03 619.997 98.72273
C03 624.979 99.05593
C03 650.012 99.38324
C03 675.004 99.038216
C03 700.03 98.45965
C03 725.012 98.246956
C03 750.022 98.35136
C03 774.987 98.135284
C03 799.976 97.31934
C03 824.988 95.584206
C03 850.022 93.34746
C03 869.967 90.18735
C03 875.002 89.527115
C03 899.999 82.13058
C03 919.999 73.74999
C03 925.012 70.797226
C03 949.965 58.00637
C03 975.002 42.80627
C03 999.976 26.128181
C03 1025.028 11.167178
C03 1050.014 3.8300474
C03 1075.002 2.1330516
C03 1099.99 1.7015263
C17 319.994 45.909756
C17 324.969 51.827984
C17 349.982 75.66428
C17 374.975 78.84206
C17 400.019 85.677376
C17 424.965 86.81134
C17 450.035 88.84405
C17 475.003 92.00247
C17 500.018 93.244095
C17 525.002 95.68776
C17 550.029 97.77062
C17 575.023 97.70958
C17 599.982 99.42508
C17 619.997 98.95123
C17 624.979 99.27973
C17 650.012 99.57775
C17 675.004 99.202
C17 700.03 98.56881
C17 725.012 98.23057
C17 750.022 98.16647
C17 774.987 97.796776
C17 799.976 96.94357
C17 824.988 95.25902
C17 850.022 93.08499
C17 869.967 90.09576
C17 875.002 89.50151
C17 899.999 82.16388
C17 919.999 74.17581
C17 925.012 71.36383
C17 949.965 58.18988
C17 975.002 42.957314
C17 999.976 26.147715
C17 1025.028 11.185874
C17 1050.014 3.9016705
C17 1075.002 2.1828322
C17 1099.99 1.7181954
C00 319.994 44.801945
C00 324.969 50.586693
C00 349.982 73.994934
C00 374.975 77.50094
C00 400.019 84.92888
C00 424.965 86.35137
C00 450.035 88.525
C00 475.003 91.76308
C00 500.018 93.0664
C00 525.002 95.548546
C00 550.029 97.66359
C00 575.023 97.63303
C00 599.982 99.373436
C00 619.997 98.91521
C00 624.979 99.24768
C00 650.012 99.56721
C00 675.004 99.20313
C00 700.03 98.57842
C00 725.012 98.24384
C00 750.022 98.18205
C00 774.987 97.80846
C00 799.976 96.94032
C00 824.988 95.22949
C00 850.022 93.00561
C00 869.967 89.96608
C00 875.002 89.2807
C00 899.999 82.0645
C00 919.999 73.99287
C00 925.012 71.05689
C00 949.965 57.994286
C00 975.002 42.33641
C00 999.976 25.880821
C00 1025.028 11.033567
C00 1050.014 3.8798938
C00 1075.002 2.1856513
C00 1099.99 1.7085202
C16 319.994 46.034035
C16 324.969 51.965263
C16 349.982 75.85675
C16 374.975 79.03658
C16 400.019 85.80396
C16 424.965 86.894806
C16 450.035 88.90629
C16 475.003 92.04887
C16 500.018 93.27856
C16 525.002 95.710976
C16 550.029 97.78939
C16 575.023 97.724945
C16 599.982 99.434875
C16 619.997 98.9627
C16 624.979 99.28695
C16 650.012 99.5883
C16 675.004 99.215645
C16 700.03 98.593636
C16 725.012 98.28876
C16 750.022 98.277016
C16 774.987 97.95189
C16 799.976 97.109406
C16 824.988 95.40587
C16 850.022 93.234116
C16 869.967 90.20918
C16 875.002 89.56444
C16 899.999 82.16392
C16 919.999 74.20043
C16 925.012 71.34997
C16 949.965 58.32344
C16 975.002 42.81105
C16 999.976 26.098242
C16 1025.028 11.089928
C16 1050.014 3.8787398
C16 1075.002 2.1904771
C16 1099.99 1.7259636
C15 319.994 46.060196
C15 324.969 51.995895
C15 349.982 75.94794
C15 374.975 79.12899
C15 400.019 85.8251
C15 424.965 86.87759
C15 450.035 88.866806
C15 475.003 91.99467
C15 500.018 93.21333
C15 525.002 95.64242
C15 550.029 97.71082
C15 575.023 97.64935
C15 599.982 99.35858
C15 619.997 98.88567
C15 624.979 99.21339
C15 650.012 99.514
C15 675.004 99.14484
C15 700.03 98.5351
C15 725.012 98.2731
C15 750.022 98.312706
C15 774.987 98.038956
C15 799.976 97.21414
C15 824.988 95.49105
C15 850.022 93.31465
C15 869.967 90.26609
C15 875.002 89.59957
C15 899.999 82.122086
C15 919.999 74.07854
C15 925.012 71.224396
C15 949.965 58.37653
C15 975.002 42.798054
C15 999.976 26.133522
C15 1025.028 11.066754
C15 1050.014 3.8580413
C15 1075.002 2.1809216
C15 1099.99 1.7246085
C13 319.994 46.036766
C13 324.969 51.976334
C13 349.982 76.045685
C13 374.975 79.26162
C13 400.019 85.80499
C13 424.965 86.7701
C13 450.035 88.70554
C13 475.003 91.79937
C13 500.018 92.997375
C13 525.002 95.4111
C13 550.029 97.48145
C13 575.023 97.41595
C13 599.982 99.12803
C13 619.997 98.65974
C13 624.979 98.98493
C13 650.012 99.29268
C13 675.004 98.93483
C13 700.03 98.35849
C13 725.012 98.18118
C13 750.022 98.32926
C13 774.987 98.15993
C13 799.976 97.37309
C13 824.988 95.62927
C13 850.022 93.47418
C13 869.967 90.37622
C13 875.002 89.698425
C13 899.999 82.07743
C13 919.999 73.83447
C13 925.012 70.98646
C13 949.965 58.366673
C13 975.002 42.95392
C13 999.976 26.285099
C13 1025.028 11.127389
C13 1050.014 3.8433688
C13 1075.002 2.1561835
C13 1099.99 1.7189115
C12 319.994 46.188423
C12 324.969 52.151558
C12 349.982 76.376915
C12 374.975 79.59381
C12 400.019 86.0222
C12 424.965 86.92134
C12 450.035 88.82145
C12 475.003 91.89888
C12 500.018 93.08319
C12 525.002 95.494545
C12 550.029 97.56108
C12 575.023 97.49562
C12 599.982 99.21061
C12 619.997 98.74263
C12 624.979 99.069
C12 650.012 99.37718
C12 675.004 99.02201
C12 700.03 98.45982
C12 725.012 98.312035
C12 750.022 98.49698
C12 774.987 98.36655
C12 799.976 97.58844
C12 824.988 95.84103
C12 850.022 93.67802
C12 869.967 90.54831
C12 875.002 89.85433
C12 899.999 82.210976
C12 919.999 73.95258
C12 925.012 70.96544
C12 949.965 58.31946
C12 975.002 43.211605
C12 999.976 26.313816
C12 1025.028 11.2253065
C12 1050.014 3.866019
C12 1075.002 2.1546705
C12 1099.99 1.7202816
C01 319.994 45.014854
C01 324.969 50.820774
C01 349.982 74.39221
C01 374.975 77.917206
C01 400.019 85.20698
C01 424.965 86.542274
C01 450.035 88.67018
C01 475.003 91.88184
C01 500.018 93.15934
C01 525.002 95.631325
C01 550.029 97.73824
C01 575.023 97.70259
C01 599.982 99.442055
C01 619.997 98.982254
C01 624.979 99.31594
C01 650.012 99.63485
C01 675.004 99.27895
C01 700.03 98.6661
C01 725.012 98.36784
C01 750.022 98.355736
C01 774.987 98.02893
C01 799.976 97.17823
C01 824.988 95.44383
C01 850.022 93.200806
C01 869.967 90.15736
C01 875.002 89.469345
C01 899.999 82.106514
C01 919.999 73.972305
C01 925.012 71.06721
C01 949.965 58.11474
C01 975.002 42.362007
C01 999.976 25.930285
C01 1025.028 10.990322
C01 1050.014 3.8481324
C01 1075.002 2.178303
C01 1099.99 1.7122741
