lsstCam/transmission_filter_detector/r24_s11/u_24/19700101T000000.ecsv
# %ECSV 1.0
# ---
# datatype:
# - {name: wavelength, unit: nm, datatype: float32}
# - {name: efficiency, unit: '%', datatype: float64}
# meta: !!omap
# - {MODE: DETECTOR}
# - {TYPE: transmission_filter_detector}
# - {CALIBDATE: '1970-01-01T00:00:00'}
# - {INSTRUME: LSSTCam}
# - {OBSTYPE: transmission_filter_detector}
# - {CALIBCLS: lsst.ip.isr.IntermediateFilterDetectorTransmissionCurve}
# - {SOURCE: Materion (DM-46256)}
# - {DETECTOR: 112}
# - {FILTER: u_24}
# - {CALIB_ID: 'calibDate=1970-01-01T00:00:00 filter=u_24 detector=112'}
# - {DATE: '2025-04-02T15:59:40.267398'}
# - {CALIB_CREATION_DATE: '2025-04-02'}
# - {CALIB_CREATION_TIME: '15:59:40'}
# - __serialized_columns__:
#     efficiency:
#       __class__: astropy.units.quantity.Quantity
#       unit: !astropy.units.Unit {unit: '%'}
#       value: !astropy.table.SerializedColumn {name: efficiency}
#     wavelength:
#       __class__: astropy.units.quantity.Quantity
#       unit: !astropy.units.Unit {unit: nm}
#       value: !astropy.table.SerializedColumn {name: wavelength}
# schema: astropy-2.0
wavelength efficiency
[from data line 581]
876.0 0.0024621698685223237
877.0 0.0026391466235509142
878.0 0.002816123924276326
879.0 0.0029010850994382054
880.0 0.0029860466383979656
881.0 0.0032973155612125993
882.0 0.0036085853935219347
883.0 0.0033231190172955394
884.0 0.0030376533686649054
885.0 0.0028998018024140038
886.0 0.0027619504180620424
887.0 0.0024798850063234568
888.0 0.002197819958382752
889.0 0.0021666361135430634
890.0 0.0021354520868044347
891.0 0.002379086618020665
892.0 0.002622721513034776
893.0 0.002669622153916862
894.0 0.002716522794798948
895.0 0.0028739335903082974
896.0 0.003031344385817647
897.0 0.0035343487979844213
898.0 0.0040373532101511955
899.0 0.004180292671662755
900.0 0.004323231769376434
901.0 0.0042680756450863555
902.0 0.004212920248392038
903.0 0.004455995076568797
904.0 0.004699069904745556
905.0 0.004906916365143843
906.0 0.005114762461744249
907.0 0.005373706153477542
908.0 0.005632650572806597
909.0 0.005818882345920429
910.0 0.006005114482832141
911.0 0.006089336238801479
912.0 0.006173558358568698
913.0 0.0059234440414002165
914.0 0.0056733289966359735
915.0 0.005109565245220438
916.0 0.00454580076620914
917.0 0.004203020216664299
918.0 0.0038602393033215776
919.0 0.0041789964598137885
920.0 0.0044977536163059995
921.0 0.004716324838227592
922.0 0.004934895696351305
923.0 0.005618661816697568
924.0 0.006302427209448069
925.0 0.006622874207096174
926.0 0.006943321204744279
927.0 0.007485370588256046
928.0 0.00802741851657629
929.0 0.007786906644469127
930.0 0.007546393317170441
931.0 0.007261251448653638
932.0 0.006976107397349551
933.0 0.006952183321118355
934.0 0.00692825997248292
935.0 0.006905376358190551
936.0 0.006882492016302422
937.0 0.007081708463374525
938.0 0.007280924910446629
939.0 0.007104550604708493
940.0 0.006928176298970357
941.0 0.005900670657865703
942.0 0.004873163561569527
943.0 0.004037392136524431
944.0 0.0032016214390750974
945.0 0.0028500853659352288
946.0 0.002498549838492181
947.0 0.0018252349036629312
948.0 0.0011519200597831514
949.0 0.0010596289939712733
950.0 0.0009673379281593952
951.0 0.001202863404614618
952.0 0.0014383887901203707
953.0 0.001573580811964348
954.0 0.0017087726519093849
955.0 0.002195515298808459
956.0 0.002682257763808593
957.0 0.00289688086922979
958.0 0.0031115039746509865
959.0 0.0033430922485422343
960.0 0.0035746801586356014
961.0 0.004106472624698654
962.0 0.0046382647269638255
963.0 0.004684347732109018
964.0 0.0047304311010520905
965.0 0.004654958684113808
966.0 0.004579486994771287
967.0 0.004512443774729036
968.0 0.0044454009184846655
969.0 0.0045178905565990135
970.0 0.004590380558511242
971.0 0.004662075298256241
972.0 0.004733770038001239
973.0 0.004694116796599701
974.0 0.004654463191400282
975.0 0.00454671353509184
976.0 0.004438963514985517
977.0 0.0040291386540047824
978.0 0.003619313793024048
979.0 0.0032869003916857764
980.0 0.0029544868084485643
981.0 0.0029900083973188885
982.0 0.0030255299861892127
983.0 0.002989216591231525
984.0 0.0029529031962738372
985.0 0.0033531730878166854
986.0 0.0037534435250563547
987.0 0.004017506944364868
988.0 0.004281571091269143
989.0 0.005117116597830318
990.0 0.0059526613767957315
991.0 0.006372801726683974
992.0 0.006792940985178575
993.0 0.007191663462435827
994.0 0.0075903844845015556
995.0 0.007350980013143271
996.0 0.007111574086593464
997.0 0.006989399116719142
998.0 0.0068672263296321034
999.0 0.006622249202337116
1000.0 0.0063772720750421286
1001.0 0.005910536492592655
1002.0 0.005443801273941062
1003.0 0.005102361319586635
1004.0 0.004760921729030088
1005.0 0.004814813655684702
1006.0 0.0048687044909456745
1007.0 0.004881513450527564
1008.0 0.004894322046311572
1009.0 0.004384830754133873
1010.0 0.0038753401895519346
1011.0 0.0035176079109078273
1012.0 0.00315987563226372
1013.0 0.002887930713768583
1014.0 0.0026159857952734455
1015.0 0.002231396865681745
1016.0 0.001846808117988985
1017.0 0.0016508893168065697
1018.0 0.0014549706065736245
1019.0 0.0012461020560294855
1020.0 0.0010372335964348167
1021.0 0.0011408496902731713
1022.0 0.0012444659660104662
1023.0 0.0012590376172738615
1024.0 0.001273609359486727
1025.0 0.0012690906260104384
1026.0 0.0012645718925341498
1027.0 0.0013944021702627651
1028.0 0.0015242322660924401
1029.0 0.0015121944670681842
1030.0 0.001500156577094458
1031.0 0.0018858669136534445
1032.0 0.0022715774321113713
1033.0 0.002150832733605057
1034.0 0.0020300874894019216
1035.0 0.0021411973648355342
1036.0 0.002252306876471266
1037.0 0.002410886372672394
1038.0 0.0025694662326714024
1039.0 0.0023040154701448046
1040.0 0.002038564889517147
1041.0 0.0020883871911792085
1042.0 0.0021382098566391505
1043.0 0.0021169442334212363
1044.0 0.002095678610203322
1045.0 0.0018345705029787496
1046.0 0.0015734625776531175
1047.0 0.0014367768017109483
1048.0 0.0013000910257687792
1049.0 0.0013629504792334046
1050.0 0.0014258095689001493
1051.0 0.0018145441572414711
1052.0 0.002203278745582793
1053.0 0.001807319677027408
1054.0 0.0014113606084720232
1055.0 0.0010192384252150077
1056.0 0.0006271162874327274
1057.0 0.0008433349648839794
1058.0 0.0010595535968604963
1059.0 0.0008737196367292199
1060.0 0.0006878859494463541
1061.0 0.0014447758076130413
1062.0 0.0022016656657797284
1063.0 0.0021440482669277117
1064.0 0.0020864306861767545
1065.0 0.0017203670722665265
1066.0 0.0013543034583562985
1067.0 0.000964349146670429
1068.0 0.000574394562136149
1069.0 0.0014610714060836472
1070.0 0.002347748159081675
1071.0 0.0022855379938846454
1072.0 0.0022233278286876157
1073.0 0.0026318693926441483
1074.0 0.0030404107747017406
1075.0 0.0029516142603824846
1076.0 0.002862817382265348
1077.0 0.003882132295984775
1078.0 0.004901447391603142
1079.0 0.005465192225528881
1080.0 0.006028935968060978
1081.0 0.005404230978456326
1082.0 0.004779527080245316
1083.0 0.0039694405131740496
1084.0 0.0031593535823049024
1085.0 0.0036806599382543936
1086.0 0.004201965930406004
1087.0 0.0042843661503866315
1088.0 0.004366766370367259
1089.0 0.005044204226578586
1090.0 0.005721641718992032
1091.0 0.003985679359175265
1092.0 0.0022497173631563783
1093.0 0.0031016315915621817
1094.0 0.0039535454561701044
1095.0 0.00449611252406612
1096.0 0.005038679955760017
1097.0 0.004381699545774609
1098.0 0.0037247194995870814
1099.0 0.003252218448324129
1100.0 0.0027797173970611766
