lsstCam/transmission_filter_detector/r24_s11/u_24/19700101T000000.ecsv
# %ECSV 1.0
# ---
# datatype:
# - {name: wavelength, unit: nm, datatype: float32}
# - {name: efficiency, unit: '%', datatype: float64}
# meta: !!omap
# - {MODE: DETECTOR}
# - {TYPE: transmission_filter_detector}
# - {CALIBDATE: '1970-01-01T00:00:00'}
# - {INSTRUME: LSSTCam}
# - {OBSTYPE: transmission_filter_detector}
# - {CALIBCLS: lsst.ip.isr.IntermediateFilterDetectorTransmissionCurve}
# - {SOURCE: Materion (DM-46256)}
# - {DETECTOR: 112}
# - {FILTER: u_24}
# - {CALIB_ID: 'calibDate=1970-01-01T00:00:00 filter=u_24 detector=112'}
# - {DATE: '2025-04-02T15:59:40.267398'}
# - {CALIB_CREATION_DATE: '2025-04-02'}
# - {CALIB_CREATION_TIME: '15:59:40'}
# - __serialized_columns__:
#     efficiency:
#       __class__: astropy.units.quantity.Quantity
#       unit: !astropy.units.Unit {unit: '%'}
#       value: !astropy.table.SerializedColumn {name: efficiency}
#     wavelength:
#       __class__: astropy.units.quantity.Quantity
#       unit: !astropy.units.Unit {unit: nm}
#       value: !astropy.table.SerializedColumn {name: wavelength}
# schema: astropy-2.0
wavelength efficiency
295.0 1.6397474740872942e-10
296.0 1.6397474740872942e-10
297.0 1.6397474740872942e-10
298.0 1.6397474740872942e-10
299.0 1.6397474740872942e-10
300.0 1.6397474740872942e-10
301.0 0.02540420973673463
302.0 1.6397474740872942e-10
303.0 1.6397474740872942e-10
304.0 0.46933949925005436
305.0 0.8559983223676682
306.0 2.2209089249372482
307.0 4.157515987753868
308.0 6.465831398963928
309.0 9.941475093364716
310.0 13.771647214889526
311.0 17.45297908782959
312.0 21.057066321372986
313.0 24.286741018295288
314.0 27.01631188392639
315.0 29.56465482711792
316.0 31.7300945520401
317.0 34.589001536369324
318.0 37.82011270523071
319.0 42.08075702190399
320.0 48.01393449306488
321.0 53.55238914489746
322.0 59.48631763458252
323.0 64.74004983901978
324.0 68.68447661399841
325.0 71.50169610977173
326.0 73.84008169174194
327.0 75.46377778053284
328.0 77.20290422439575
329.0 78.52268815040588
330.0 79.65566515922546
331.0 80.15871047973633
332.0 80.40403127670288
333.0 80.49256801605225
334.0 80.44317364692688
335.0 80.75124025344849
336.0 81.09590411186218
337.0 81.72230124473572
338.0 82.58411884307861
339.0 83.08847546577454
340.0 83.46670269966125
341.0 83.93347263336182
342.0 84.13022756576538
343.0 84.23663973808289
344.0 84.3421459197998
345.0 84.83511209487915
346.0 85.18919348716736
347.0 85.52375435829163
348.0 85.77037453651428
349.0 85.9822154045105
350.0 86.00024580955505
351.0 86.20831370353699
352.0 86.06470227241516
353.0 86.08288168907166
354.0 85.99597215652466
355.0 86.18239164352417
356.0 86.33366227149963
357.0 86.28179430961609
358.0 85.89260578155518
359.0 85.64196228981018
360.0 85.44108867645264
361.0 85.20041108131409
362.0 85.0421667098999
363.0 85.17754673957825
364.0 85.28528213500977
365.0 85.67362427711487
366.0 85.95309853553772
367.0 85.99514961242676
368.0 86.07537150382996
369.0 86.18437647819519
370.0 86.05444431304932
371.0 85.93279719352722
372.0 86.01641654968262
373.0 86.20243668556213
374.0 86.21271252632141
375.0 86.52790784835815
376.0 86.70870065689087
377.0 86.79051399230957
378.0 86.80118322372437
379.0 86.36056184768677
380.0 85.5311632156372
381.0 84.03729796409607
382.0 82.13827013969421
383.0 80.07407188415527
384.0 77.96394228935242
385.0 75.54819583892822
386.0 72.88373112678528
387.0 69.3472146987915
388.0 65.74217677116394
389.0 61.4029586315155
390.0 57.14108943939209
391.0 52.8437077999115
392.0 48.50728511810303
393.0 44.91618871688843
394.0 41.53579771518707
395.0 37.663328647613525
396.0 33.39262008666992
397.0 27.596503496170044
398.0 21.096321940422058
399.0 14.222583174705505
400.0 8.363103866577148
401.0 4.145491123199463
402.0 1.523205079138279
403.0 0.4640548024326563
404.0 0.18965511117130518
405.0 0.07489388226531446
406.0 0.03857820411212742
407.0 0.026549489120952785
408.0 0.02453192137181759
409.0 1.6397474740872942e-10
410.0 1.6397474740872942e-10
411.0 1.6397474740872942e-10
412.0 1.6397474740872942e-10
413.0 1.6397474740872942e-10
414.0 1.6397474740872942e-10
415.0 1.6397474740872942e-10
416.0 1.6397474740872942e-10
417.0 1.6397474740872942e-10
418.0 1.6397474740872942e-10
419.0 1.6397474740872942e-10
420.0 1.6397474740872942e-10
421.0 1.6397474740872942e-10
422.0 1.6397474740872942e-10
423.0 1.6397474740872942e-10
424.0 1.6397474740872942e-10
425.0 1.6397474740872942e-10
426.0 1.6397474740872942e-10
427.0 0.00021038524664618308
428.0 0.0023612348741153255
429.0 0.0009931633940141182
430.0 1.6397474740872942e-10
431.0 1.6397474740872942e-10
432.0 1.6397474740872942e-10
433.0 1.6397474740872942e-10
434.0 0.00156746191350976
435.0 0.0007845741492928937
436.0 1.68665046373917e-06
437.0 1.6397474740872942e-10
438.0 1.6397474740872942e-10
439.0 3.553550698143226e-05
440.0 0.0005814674750581617
441.0 1.6397474740872942e-10
442.0 1.6397474740872942e-10
443.0 1.6397474740872942e-10
444.0 1.6397474740872942e-10
445.0 1.6397474740872942e-10
446.0 0.0007111337708920473
447.0 0.00045183060137787834
448.0 0.000192527249964769
449.0 0.0009477685125602875
450.0 0.0017030095477821305
451.0 0.0001882890273918747
452.0 1.6397474740872942e-10
453.0 1.6397474740872942e-10
454.0 0.0002231851794931572
455.0 1.6397474740872942e-10
456.0 1.6397474740872942e-10
457.0 1.6397474740872942e-10
458.0 4.6166977085704275e-05
459.0 1.6397474740872942e-10
460.0 1.6397474740872942e-10
461.0 1.6397474740872942e-10
462.0 1.6397474740872942e-10
463.0 1.6397474740872942e-10
464.0 0.00015307806506825727
465.0 1.6397474740872942e-10
466.0 1.6397474740872942e-10
467.0 1.6397474740872942e-10
468.0 1.6397474740872942e-10
469.0 0.00011669789046209189
470.0 0.00026390473522042157
471.0 1.6397474740872942e-10
472.0 1.6397474740872942e-10
473.0 1.6397474740872942e-10
474.0 1.6397474740872942e-10
475.0 1.6397474740872942e-10
476.0 1.6397474740872942e-10
477.0 1.6397474740872942e-10
478.0 7.821518579476106e-05
479.0 1.6397474740872942e-10
480.0 1.6397474740872942e-10
481.0 1.6397474740872942e-10
482.0 0.0002025185040110955
483.0 1.6397474740872942e-10
484.0 1.6397474740872942e-10
485.0 1.6397474740872942e-10
486.0 1.6397474740872942e-10
487.0 1.6397474740872942e-10
488.0 1.6397474740872942e-10
489.0 1.6397474740872942e-10
490.0 1.6397474740872942e-10
491.0 1.6397474740872942e-10
492.0 0.00016772388562458218
493.0 1.6397474740872942e-10
494.0 1.6397474740872942e-10
495.0 1.6397474740872942e-10
496.0 0.00024457704057567753
497.0 1.6397474740872942e-10
498.0 1.6397474740872942e-10
499.0 1.6397474740872942e-10
500.0 1.6397474740872942e-10
501.0 0.00012431103186827386
502.0 0.0005394292202254292
503.0 1.6708196426407085e-05
504.0 1.6397474740872942e-10
505.0 1.2541140392841044e-05
506.0 0.0005310953383741435
507.0 1.6397474740872942e-10
508.0 1.6397474740872942e-10
509.0 1.6397474740872942e-10
510.0 1.6397474740872942e-10
511.0 0.0003519046686051297
512.0 0.0007612924946442945
513.0 0.0003517462118907133
514.0 1.6397474740872942e-10
515.0 1.6397474740872942e-10
516.0 2.2742720773294423e-05
517.0 1.6397474740872942e-10
518.0 1.6397474740872942e-10
519.0 1.6397474740872942e-10
520.0 3.876452012718801e-05
521.0 0.0001648413217480993
522.0 0.0002909182057919679
523.0 8.394436008529738e-05
524.0 1.6397474740872942e-10
525.0 1.6397474740872942e-10
526.0 1.6397474740872942e-10
527.0 1.6397474740872942e-10
528.0 1.6397474740872942e-10
529.0 1.6397474740872942e-10
530.0 1.6397474740872942e-10
531.0 1.6397474740872942e-10
532.0 1.6397474740872942e-10
533.0 1.6397474740872942e-10
534.0 1.6397474740872942e-10
535.0 1.6397474740872942e-10
536.0 1.6397474740872942e-10
537.0 1.6397474740872942e-10
538.0 1.6397474740872942e-10
539.0 1.6397474740872942e-10
540.0 1.6397474740872942e-10
541.0 1.6397474740872942e-10
542.0 1.6397474740872942e-10
543.0 1.6397474740872942e-10
544.0 1.6397474740872942e-10
545.0 1.6397474740872942e-10
546.0 1.6397474740872942e-10
547.0 8.087816354418464e-05
548.0 0.00027275016236671945
549.0 1.6397474740872942e-10
550.0 1.6397474740872942e-10
551.0 1.6397474740872942e-10
552.0 1.6397474740872942e-10
553.0 1.6397474740872942e-10
554.0 1.6397474740872942e-10
555.0 1.6397474740872942e-10
556.0 1.6397474740872942e-10
557.0 1.6397474740872942e-10
558.0 1.6397474740872942e-10
559.0 1.6397474740872942e-10
560.0 1.6397474740872942e-10
561.0 1.6397474740872942e-10
562.0 1.6397474740872942e-10
563.0 1.6397474740872942e-10
564.0 1.6397474740872942e-10
565.0 1.6397474740872942e-10
566.0 1.6397474740872942e-10
567.0 1.6397474740872942e-10
568.0 1.6397474740872942e-10
569.0 0.00015759325151520898
570.0 0.0004328808699938236
571.0 0.0003993182417616481
572.0 0.00036575568174157524
573.0 0.00040858481042960193
574.0 0.0004514140982792014
575.0 0.0003970043053413974
576.0 0.0003425946033530636
577.0 0.00037941738355584675
578.0 0.00041624016375862993
579.0 0.0006029159067111323
580.0 0.0007895915587141644
581.0 0.0011135105523862876
582.0 0.0014374295460584108
583.0 0.0016964828319032677
584.0 0.0019555362086975947
585.0 0.001499399422755232
586.0 0.001043262454913929
587.0 0.0008883777809387539
588.0 0.0007334931524383137
589.0 0.0009187187970383093
590.0 0.001103944032365689
591.0 0.000949325203691842
592.0 0.0007947064659674652
593.0 0.0007010569788690191
594.0 0.0006074073098716326
595.0 0.0005329276973498054
596.0 0.000458447993878508
597.0 0.0008387792149733286
598.0 0.001219110254169209
599.0 0.0016655609215376899
600.0 0.0021120114979567006
601.0 0.0023849113858886994
602.0 0.0026578114557196386
603.0 0.002244589450128842
604.0 0.0018313679902348667
605.0 0.0015147874364629388
606.0 0.0011982070645899512
607.0 0.0010388392183813266
608.0 0.0008794713721727021
609.0 0.0005899012649024371
610.0 0.00030033102120796684
611.0 0.0002436489239698858
612.0 0.00018696680399443721
613.0 0.0004891814569418784
614.0 0.0007913959962024819
615.0 0.0007806690518918913
616.0 0.0007699420166318305
617.0 0.0005752562628913438
618.0 0.0003805706001003273
619.0 0.00040169484236685093
620.0 0.00042281917558284476
621.0 0.0005417271950136637
622.0 0.0006606352144444827
623.0 0.0006418235898308922
624.0 0.0006230120106920367
625.0 0.0008014724699023645
626.0 0.000979932792688487
627.0 0.0009539310667605605
628.0 0.0009279290679842234
629.0 0.001107611842598999
630.0 0.0012872946172137745
631.0 0.0015512363461311907
632.0 0.0018151778931496665
633.0 0.002143427627743222
634.0 0.002471677180437837
635.0 0.0025620967790018767
636.0 0.0026525163775659166
637.0 0.0021911821022513323
638.0 0.0017298476450378075
639.0 0.0015198628716461826
640.0 0.001309878280153498
641.0 0.0012647060430026613
642.0 0.0012195338058518246
643.0 0.0009842345207289327
644.0 0.0007489351446565706
645.0 0.00045967572077643126
646.0 0.00017041622868418926
647.0 0.00024135331386787584
648.0 0.00031229055821313523
649.0 0.0001302579903494916
650.0 1.6397474740872942e-10
651.0 0.00032313159863406327
652.0 0.0006980378657317488
653.0 0.0012241819604241755
654.0 0.0017503260096418671
655.0 0.0017378773918608204
656.0 0.0017254287740797736
657.0 0.0025448427550145425
658.0 0.0033642569178482518
659.0 0.0037732395867351443
660.0 0.004182222255622037
661.0 0.0041489460272714496
662.0 0.004115669798920862
663.0 0.002994409078382887
664.0 0.0018731483578449115
665.0 0.0015161950614128727
666.0 0.0011592414921324234
667.0 0.001080137190001551
668.0 0.0010010327059717383
669.0 0.0008329569936904591
670.0 0.0006648814178333851
671.0 0.0005845733539899811
672.0 0.0005042652446718421
673.0 0.0005512260941031855
674.0 0.0005981868980597937
675.0 0.0008198061550501734
676.0 0.0010414254575152881
677.0 0.0015073196664161514
678.0 0.0019732142391148955
679.0 0.002261502049805131
680.0 0.002549789860495366
681.0 0.003461402957327664
682.0 0.004373016417957842
683.0 0.006353552453219891
684.0 0.008334088488481939
685.0 0.00907683206605725
686.0 0.009819579281611368
687.0 0.008532846550224349
688.0 0.007246116729220375
689.0 0.005641595635097474
690.0 0.004037075632368214
691.0 0.0036058037949260324
692.0 0.0031745319574838504
693.0 0.0029100414394633844
694.0 0.002645551103341859
695.0 0.002281786873936653
696.0 0.0019180228264303878
697.0 0.0014346055650094058
698.0 0.0009511881216894835
699.0 0.0006445010967581766
700.0 0.00033781393540266436
701.0 0.00035272087188786827
702.0 0.0003676278765851748
703.0 0.00044596281441044994
704.0 0.0005242978659225628
705.0 0.0006163320449559251
706.0 0.0007083663149387576
707.0 0.0008621564120403491
708.0 0.0010159460543945897
709.0 0.000985306814982323
710.0 0.0009546673027216457
711.0 0.0007986543096194509
712.0 0.0006426413619919913
713.0 0.000514582461619284
714.0 0.000386523697670782
715.0 0.00043816476136271376
716.0 0.0004898058705293806
717.0 0.00045045662773191
718.0 0.0004111074304091744
719.0 0.00041067182792176027
720.0 0.0004102362254343461
721.0 0.00022740521217201604
722.0 4.4574252910933865e-05
723.0 6.339250830933452e-05
724.0 8.221075518122234e-05
725.0 9.797332722882857e-05
726.0 0.00011373576853657141
727.0 0.0001837611762312008
728.0 0.00025378656118846266
729.0 0.0003466207090241369
730.0 0.00043945492507191375
731.0 0.00028818212740588933
732.0 0.00013690932973986492
733.0 1.6397474740872942e-10
734.0 1.6397474740872942e-10
735.0 5.978247941129666e-06
736.0 0.0002515582536943839
737.0 0.0002461133817632799
738.0 0.00024066844162007328
739.0 0.0005084770691610174
740.0 0.0007762855602777563
741.0 0.0010154374649573583
742.0 0.0012545893696369603
743.0 0.002040547587967012
744.0 0.0028265056243981235
745.0 0.0033944725146284327
746.0 0.0039624392229598016
747.0 0.004379056917969137
748.0 0.004795674612978473
749.0 0.004266509131412022
750.0 0.003737344013643451
751.0 0.00324568354699295
752.0 0.0027540230803424492
753.0 0.002222144030383788
754.0 0.0016902651623240672
755.0 0.001953446917468682
756.0 0.002216628854512237
757.0 0.001951427839230746
758.0 0.001686226823949255
759.0 0.0014562731848855037
760.0 0.0012263196367712226
761.0 0.001193098069052212
762.0 0.0011598764103837311
763.0 0.0008826620614854619
764.0 0.0006054475761629874
765.0 0.0006590473731193924
766.0 0.0007126470336515922
767.0 0.000648106106382329
768.0 0.0005835652245878009
769.0 0.0005465293725137599
770.0 0.000509493611389189
771.0 0.0004335629000706831
772.0 0.00035763212054007454
773.0 0.00030568237434636103
774.0 0.00025373258267791243
775.0 0.0003841347734123701
776.0 0.0005145368959347252
777.0 0.00043597024159680586
778.0 0.0003574035190467839
779.0 0.0007293707767530577
780.0 0.001101337966247229
781.0 0.0009579463949194178
782.0 0.000814555005490547
783.0 0.0008414925105171278
784.0 0.0008684300155437086
785.0 0.0011310553418297786
786.0 0.0013936806681158487
787.0 0.0010939024832623545
788.0 0.0007941244803078007
789.0 0.0008216430614993442
790.0 0.0008491616426908877
791.0 0.0006861709607619559
792.0 0.0005231802788330242
793.0 0.0002720591282923124
794.0 2.093794364554924e-05
795.0 6.906941507622832e-05
796.0 0.00011720085240085609
797.0 0.0002746344989645877
798.0 0.0004320681000535842
799.0 0.00026232373784296215
800.0 9.257929605155368e-05
801.0 3.686884042508609e-06
802.0 1.6397474740872942e-10
803.0 1.6397474740872942e-10
804.0 7.344403911702102e-05
805.0 5.968287268842687e-05
806.0 4.5921760261080635e-05
807.0 1.6397474740872942e-10
808.0 1.6397474740872942e-10
809.0 1.6397474740872942e-10
810.0 0.000107202242816129
811.0 0.00011967789532718598
812.0 0.00013215362741902936
813.0 0.0004067073405167321
814.0 0.0006812612355133751
815.0 0.0005779482307843864
816.0 0.0004746353624796029
817.0 0.00046350851334864274
818.0 0.00045238170969241764
819.0 0.00027585733732848894
820.0 9.933293085850892e-05
821.0 2.858156165075343e-05
822.0 1.6397474740872942e-10
823.0 1.6397474740872942e-10
824.0 1.6397474740872942e-10
825.0 1.6397474740872942e-10
826.0 1.6397474740872942e-10
827.0 1.6397474740872942e-10
828.0 0.00025922702207026305
829.0 7.100607604115794e-05
830.0 1.6397474740872942e-10
831.0 1.6397474740872942e-10
832.0 1.6397474740872942e-10
833.0 1.6397474740872942e-10
834.0 1.6397474740872942e-10
835.0 1.6397474740872942e-10
836.0 0.0002735685484367423
837.0 5.894024752706173e-05
838.0 1.6397474740872942e-10
839.0 1.6397474740872942e-10
840.0 1.6397474740872942e-10
841.0 1.6397474740872942e-10
842.0 6.352639161377738e-05
843.0 1.6397474740872942e-10
844.0 1.6397474740872942e-10
845.0 1.6397474740872942e-10
846.0 1.6397474740872942e-10
847.0 4.616722435457632e-05
848.0 0.00013047776974417502
849.0 0.0002264180011479766
850.0 0.00032235825528914575
851.0 0.0002715499931582599
852.0 0.0002207419129263144
853.0 0.00013240048701845808
854.0 4.4059075321456476e-05
855.0 0.00012371225466267788
856.0 0.000203365448214754
857.0 0.00048536717258684803
858.0 0.0007673689651710447
859.0 0.0010970739822369069
860.0 0.001426778908353299
861.0 0.001296815480600344
862.0 0.001166851961897919
863.0 0.001374804833176313
864.0 0.0015827577954041772
865.0 0.0017392318113707006
866.0 0.0018957054635393433
867.0 0.0019783472453127615
868.0 0.00206098920898512
869.0 0.001970766970771365
870.0 0.0018805445506586693
871.0 0.0018126556824427098
872.0 0.00174476663232781
873.0 0.0017735274013830349
874.0 0.0018022881704382598
