lsstCam/transmission_filter_detector/r33_s20/z_20/19700101T000000.ecsv
# %ECSV 1.0
# ---
# datatype:
# - {name: wavelength, unit: nm, datatype: float32}
# - {name: efficiency, unit: '%', datatype: float64}
# meta: !!omap
# - {MODE: DETECTOR}
# - {TYPE: transmission_filter_detector}
# - {CALIBDATE: '1970-01-01T00:00:00'}
# - {INSTRUME: LSSTCam}
# - {OBSTYPE: transmission_filter_detector}
# - {CALIBCLS: lsst.ip.isr.IntermediateFilterDetectorTransmissionCurve}
# - {SOURCE: Materion (DM-46256)}
# - {DETECTOR: 150}
# - {FILTER: z_20}
# - {CALIB_ID: 'calibDate=1970-01-01T00:00:00 filter=z_20 detector=150'}
# - {DATE: '2025-04-02T15:59:49.335549'}
# - {CALIB_CREATION_DATE: '2025-04-02'}
# - {CALIB_CREATION_TIME: '15:59:49'}
# - __serialized_columns__:
#     efficiency:
#       __class__: astropy.units.quantity.Quantity
#       unit: !astropy.units.Unit {unit: '%'}
#       value: !astropy.table.SerializedColumn {name: efficiency}
#     wavelength:
#       __class__: astropy.units.quantity.Quantity
#       unit: !astropy.units.Unit {unit: nm}
#       value: !astropy.table.SerializedColumn {name: wavelength}
# schema: astropy-2.0
wavelength efficiency
[from data line 598]
898.0 98.6563503742218
899.0 98.3793318271637
900.0 99.12763237953186
901.0 99.18978214263916
902.0 99.4537889957428
903.0 98.83095622062683
904.0 97.8043258190155
905.0 98.63711595535278
906.0 97.94926643371582
907.0 99.00118708610535
908.0 98.16617369651794
909.0 98.51536154747009
910.0 97.8976845741272
911.0 96.92492485046387
912.0 96.1126983165741
913.0 94.6496844291687
914.0 92.31925010681152
915.0 90.367192029953
916.0 88.04277181625366
917.0 86.4193320274353
918.0 83.29218029975891
919.0 82.06927180290222
920.0 79.1350245475769
921.0 75.21672248840332
922.0 70.99714279174805
923.0 65.18706679344177
924.0 59.652167558670044
925.0 54.26873564720154
926.0 48.273274302482605
927.0 41.39716923236847
928.0 35.62074601650238
929.0 29.199790954589844
930.0 23.394207656383514
931.0 18.29736828804016
932.0 12.82055377960205
933.0 8.542514592409134
934.0 5.554800480604172
935.0 3.3621512353420258
936.0 1.95553470402956
937.0 1.1606467887759209
938.0 0.6927060429006815
939.0 0.45926831662654877
940.0 0.1936580752953887
941.0 0.09389970800839365
942.0 0.05939197144471109
943.0 0.04303160239942372
944.0 0.256486632861197
945.0 1.5979801032753316e-10
946.0 0.09256449993699789
947.0 0.08671475807204843
948.0 1.5979801032753316e-10
949.0 0.08077179081737995
950.0 0.05863737314939499
951.0 1.5979801032753316e-10
952.0 1.5979801032753316e-10
953.0 1.5979801032753316e-10
954.0 0.07464005029760301
955.0 0.012230980792082846
956.0 0.0678323907777667
957.0 1.5979801032753316e-10
958.0 1.5979801032753316e-10
959.0 0.009900803706841543
960.0 1.5979801032753316e-10
961.0 1.5979801032753316e-10
962.0 1.5979801032753316e-10
963.0 1.5979801032753316e-10
964.0 0.027080709696747363
965.0 0.0022363105017575435
966.0 1.5979801032753316e-10
967.0 0.009641076030675322
968.0 1.5979801032753316e-10
969.0 1.5979801032753316e-10
970.0 0.0016541251170565374
971.0 1.5979801032753316e-10
972.0 1.5979801032753316e-10
973.0 1.5979801032753316e-10
974.0 1.5979801032753316e-10
975.0 0.03323503478895873
976.0 0.006222850061021745
977.0 0.006128659151727334
978.0 0.006034468242432922
979.0 0.005896960647078231
980.0 0.00575945305172354
981.0 0.0056237870012409985
982.0 0.005488120223162696
983.0 0.005334717207006179
984.0 0.005181314190849662
985.0 0.0051744322263402864
986.0 0.005167550261830911
987.0 0.005122530274093151
988.0 0.005077510286355391
989.0 0.0049588343244977295
990.0 0.004840158362640068
991.0 0.004737041308544576
992.0 0.004633924254449084
993.0 0.0047208643081830814
994.0 0.004807804725714959
995.0 0.004634496872313321
996.0 0.004461189382709563
997.0 0.0044935630285181105
998.0 0.004525936674326658
999.0 0.0045539378334069625
1000.0 0.004581938628689386
1001.0 0.004479313429328613
1002.0 0.00437668822996784
1003.0 0.004286861076252535
1004.0 0.004197034286335111
1005.0 0.0041920196963474154
1006.0 0.00418700510635972
1007.0 0.004146998981013894
1008.0 0.004106992855668068
1009.0 0.00420835567638278
1010.0 0.004309719224693254
1011.0 0.0041743569454411045
1012.0 0.004038995029986836
1013.0 0.00413895322708413
1014.0 0.004238911424181424
1015.0 0.004136253119213507
1016.0 0.004033594814245589
1017.0 0.00414283640566282
1018.0 0.00425207799708005
1019.0 0.004275979881640524
1020.0 0.004299882129998878
1021.0 0.004224225631332956
1022.0 0.004148569132667035
1023.0 0.004288565105525777
1024.0 0.004428561442182399
1025.0 0.004355689816293307
1026.0 0.004282818190404214
1027.0 0.004413731949171051
1028.0 0.004544645707937889
1029.0 0.004598498344421387
1030.0 0.004652351344702765
1031.0 0.004583821282722056
1032.0 0.0045152912207413465
1033.0 0.004634574725059792
1034.0 0.004753858593176119
1035.0 0.004876705861533992
1036.0 0.004999553493689746
1037.0 0.00524527786183171
1038.0 0.005491002229973674
1039.0 0.005350724677555263
1040.0 0.005210447125136852
1041.0 0.0052209194109309465
1042.0 0.005231391696725041
1043.0 0.005544156738324091
1044.0 0.005856922871316783
1045.0 0.0058456342230783775
1046.0 0.005834345938637853
1047.0 0.00581844178668689
1048.0 0.005802538362331688
1049.0 0.006152241985546425
1050.0 0.0065019448811654
1051.0 0.006649718125117943
1052.0 0.006797491369070485
1053.0 0.006889717042213306
1054.0 0.006981940532568842
1055.0 0.00693350812071003
1056.0 0.006885074253659695
1057.0 0.0073603914643172175
1058.0 0.00783570867497474
1059.0 0.008186442573787645
1060.0 0.008537177200196311
1061.0 0.008395271288463846
1062.0 0.008253366104327142
1063.0 0.008512035856256261
1064.0 0.008770707790972665
1065.0 0.009064429468708113
1066.0 0.009358148963656276
1067.0 0.009737310028867796
1068.0 0.010116468911292031
1069.0 0.010166558786295354
1070.0 0.010216644295724109
1071.0 0.010401410690974444
1072.0 0.010586176358629018
1073.0 0.01045978715410456
1074.0 0.010333397949580103
1075.0 0.010687052417779341
1076.0 0.01104070688597858
1077.0 0.011666017235256732
1078.0 0.012291327584534883
1079.0 0.012384436558932066
1080.0 0.012477544078137726
1081.0 0.013288635818753392
1082.0 0.014099727559369057
1083.0 0.01411902776453644
1084.0 0.0141383265145123
1085.0 0.014387155533768237
1086.0 0.014635987463407218
1087.0 0.015534365957137197
1088.0 0.01643274736125022
1089.0 0.01603529235580936
1090.0 0.0156378373503685
1091.0 0.01691552170086652
1092.0 0.01819321041693911
1093.0 0.01784911728464067
1094.0 0.01750502415234223
1095.0 0.017743039643391967
1096.0 0.017981052224058658
1097.0 0.018636939057614654
1098.0 0.01929282589117065
1099.0 0.0198408160940744
1100.0 0.020388804841786623
1101.0 0.021402910351753235
1102.0 0.0224170129513368
1103.0 0.023361748026218265
1104.0 0.024306484556291252
1105.0 0.024846321321092546
1106.0 0.025386156630702317
1107.0 0.02578315616119653
1108.0 0.02618015860207379
1109.0 0.02773510932456702
1110.0 0.02929006004706025
1111.0 0.028774718521162868
1112.0 0.02825937990564853
1113.0 0.028690160252153873
1114.0 0.029120940598659217
1115.0 0.029589186306111515
1116.0 0.030057434923946857
1117.0 0.03107995435129851
1118.0 0.032102473778650165
1119.0 0.033703367807902396
1120.0 0.035304256016388535
1121.0 0.03668584977276623
1122.0 0.03806743770837784
1123.0 0.03981720074079931
1124.0 0.04156696377322078
1125.0 0.0430495769251138
1126.0 0.04453218716662377
1127.0 0.044665479799732566
1128.0 0.044798775343224406
1129.0 0.04858481406699866
1130.0 0.052370846970006824
1131.0 0.05614130641333759
1132.0 0.059911771677434444
1133.0 0.06082701147533953
1134.0 0.06174225127324462
1135.0 0.06841871072538197
1136.0 0.0750951818190515
1137.0 0.07624723948538303
1138.0 0.07739930879324675
1139.0 0.0860379368532449
1140.0 0.09467655327171087
1141.0 0.11025932617485523
1142.0 0.12584207579493523
1143.0 0.20856494084000587
1144.0 0.2912878291681409
1145.0 0.6505404133349657
1146.0 1.0097929276525974
1147.0 1.389717310667038
1148.0 1.7696414142847061
1149.0 1.7400193959474564
1150.0 1.710396632552147
