lsstCam/transmission_filter_detector/r33_s20/z_20/19700101T000000.ecsv
# %ECSV 1.0
# ---
# datatype:
# - {name: wavelength, unit: nm, datatype: float32}
# - {name: efficiency, unit: '%', datatype: float64}
# meta: !!omap
# - {MODE: DETECTOR}
# - {TYPE: transmission_filter_detector}
# - {CALIBDATE: '1970-01-01T00:00:00'}
# - {INSTRUME: LSSTCam}
# - {OBSTYPE: transmission_filter_detector}
# - {CALIBCLS: lsst.ip.isr.IntermediateFilterDetectorTransmissionCurve}
# - {SOURCE: Materion (DM-46256)}
# - {DETECTOR: 150}
# - {FILTER: z_20}
# - {CALIB_ID: 'calibDate=1970-01-01T00:00:00 filter=z_20 detector=150'}
# - {DATE: '2025-04-02T15:59:49.335549'}
# - {CALIB_CREATION_DATE: '2025-04-02'}
# - {CALIB_CREATION_TIME: '15:59:49'}
# - __serialized_columns__:
#     efficiency:
#       __class__: astropy.units.quantity.Quantity
#       unit: !astropy.units.Unit {unit: '%'}
#       value: !astropy.table.SerializedColumn {name: efficiency}
#     wavelength:
#       __class__: astropy.units.quantity.Quantity
#       unit: !astropy.units.Unit {unit: nm}
#       value: !astropy.table.SerializedColumn {name: wavelength}
# schema: astropy-2.0
wavelength efficiency
300.0 0.37042463663965464
301.0 0.3302898956462741
302.0 0.2901551313698292
303.0 0.23658857680857182
304.0 0.18302204553037882
305.0 0.17135312082245946
306.0 0.15968416118994355
307.0 0.15038929414004087
308.0 0.1410944270901382
309.0 0.1333736116066575
310.0 0.1256527961231768
311.0 0.11650753440335393
312.0 0.10736226104199886
313.0 0.09837013203650713
314.0 0.08937797974795103
315.0 0.08541339775547385
316.0 0.08144880412146449
317.0 0.07405562791973352
318.0 0.06666245171800256
319.0 0.06423127488233149
320.0 0.06180009804666042
321.0 0.05895614740438759
322.0 0.05611218512058258
323.0 0.053911778377369046
324.0 0.05171136581338942
325.0 0.05004587001167238
326.0 0.048380374209955335
327.0 0.04304011235944927
328.0 0.0376998505089432
329.0 0.03748506132978946
330.0 0.037270275061018765
331.0 0.03561795165296644
332.0 0.033965628244914114
333.0 0.03059211594518274
334.0 0.027218609466217458
335.0 0.026322377379983664
336.0 0.025426148204132915
337.0 0.0206677577807568
338.0 0.015909367357380688
339.0 0.017652343376539648
340.0 0.019395323761273175
341.0 0.01732076343614608
342.0 0.015246204566210508
343.0 0.01564326521474868
344.0 0.01604032440809533
345.0 0.01466537214582786
346.0 0.013290421338751912
347.0 0.013368501095101237
348.0 0.013446583761833608
349.0 0.013516872422769666
350.0 0.013587161083705723
351.0 0.012473954120650887
352.0 0.011360748612787575
353.0 0.01174664794234559
354.0 0.012132547999499366
355.0 0.01167237787740305
356.0 0.01121220993809402
357.0 0.010870356345549226
358.0 0.010528502753004432
359.0 0.010256866517011076
360.0 0.00998522955342196
361.0 0.010190409375354648
362.0 0.010395590652478859
363.0 0.010113101598108187
364.0 0.009830611816141754
365.0 0.009817570389714092
366.0 0.009804528235690668
367.0 0.009111357940128073
368.0 0.008418185461778194
369.0 0.008818927017273381
370.0 0.00921966930036433
371.0 0.008738839824218303
372.0 0.008258011075668037
373.0 0.008018359949346632
374.0 0.007778708823025227
375.0 0.006439312710426748
376.0 0.00509991732542403
377.0 0.0050474169256631285
378.0 0.004994916525902227
379.0 0.005144471651874483
380.0 0.005294027141644619
381.0 0.005126652104081586
382.0 0.004959276338922791
383.0 0.0047262568841688335
384.0 0.004493237429414876
385.0 0.0044428852561395615
386.0 0.004392533082864247
387.0 0.0044050968426745385
388.0 0.00441766060248483
389.0 0.004509720019996166
390.0 0.004601779437507503
391.0 0.004265261304681189
392.0 0.003928743171854876
393.0 0.0038779024180257693
394.0 0.003827061300398782
395.0 0.003656762419268489
396.0 0.0034864642657339573
397.0 0.003567711974028498
398.0 0.0036489600461209193
399.0 0.0038407379179261625
400.0 0.004032515425933525
401.0 0.004833572165807709
402.0 0.005634628905681893
403.0 0.005001399040338583
404.0 0.004368169174995273
405.0 0.004511130828177556
406.0 0.004654092117561959
407.0 0.004408009044709615
408.0 0.004161926335655153
409.0 0.0038069611036917195
410.0 0.003451995871728286
411.0 0.0040511858969694
412.0 0.004650376286008395
413.0 0.00470527375000529
414.0 0.004760171577800065
415.0 0.004505697870627046
416.0 0.004251224891049787
417.0 0.0032804757211124524
418.0 0.0023097276425687596
419.0 0.002867079820134677
420.0 0.0034244319977005944
421.0 0.0028566222681547515
422.0 0.0022888125386089087
423.0 0.002899576247727964
424.0 0.0035103403206449
425.0 0.0034881279134424403
426.0 0.003465915870037861
427.0 0.0032591364288236946
428.0 0.0030523573514074087
429.0 0.002259658504044637
430.0 0.0014669595657323953
431.0 0.0016118574421852827
432.0 0.0017567550457897596
433.0 0.0021386644220910966
434.0 0.002520573980291374
435.0 0.003170244599459693
436.0 0.003819914854830131
437.0 0.003051428575417958
438.0 0.0022829422960057855
439.0 0.002112951915478334
440.0 0.0019429615349508822
441.0 0.0019610133676906116
442.0 0.0019790650185314007
443.0 0.0018775825083139353
444.0 0.0017760994523996487
445.0 0.0017143309378298
446.0 0.0016525624232599512
447.0 0.001977113788598217
448.0 0.0023016653358354233
449.0 0.0021969512090436183
450.0 0.0020922370822518133
451.0 0.001980378510779701
452.0 0.001868519939307589
453.0 0.002235624924651347
454.0 0.0026027297280961648
455.0 0.0023100385078578256
456.0 0.002017347469518427
457.0 0.00157907088578213
458.0 0.001140794120146893
459.0 0.001555094240757171
460.0 0.0019693945432663895
461.0 0.0015579000319121405
462.0 0.0011464056115073618
463.0 0.0011552003343240358
464.0 0.00116399514809018
465.0 0.0010737645425251685
466.0 0.000983533936960157
467.0 0.0009058456271304749
468.0 0.0008281572263513226
469.0 0.0009545826287649106
470.0 0.0010810080311784986
471.0 0.0011464977433206514
472.0 0.0012119875464122742
473.0 0.0013908851542510092
474.0 0.0015697827620897442
475.0 0.0015728099242551252
476.0 0.0015758367226226255
477.0 0.001361698468826944
478.0 0.0011475600331323221
479.0 0.001491030434408458
480.0 0.0018345010175835341
481.0 0.0014859972907288466
482.0 0.0011374936548236292
483.0 0.0011306518899800722
484.0 0.001123810034187045
485.0 0.0015517025531153195
486.0 0.001979595072043594
487.0 0.0014801019460719544
488.0 0.0009806090929487254
489.0 0.0012273962056497112
490.0 0.001474183318350697
491.0 0.001483342839492252
492.0 0.001492502269684337
493.0 0.0014892285435053054
494.0 0.0014859548173262738
495.0 0.0014064380593481474
496.0 0.0013269213923194911
497.0 0.0014930507859389763
498.0 0.0016591800886089914
499.0 0.00184028540388681
500.0 0.002021390537265688
501.0 0.0016704996596672572
502.0 0.0013196089639677666
503.0 0.0011941097909584641
504.0 0.0010686107088986319
505.0 0.0015636102034477517
506.0 0.002058609425148461
507.0 0.0017419966752640903
508.0 0.001425383652531309
509.0 0.001127223458752269
510.0 0.0008290632649732288
511.0 0.0009265835615224205
512.0 0.0010241036761726718
513.0 0.0013322706763574388
514.0 0.0016404374036937952
515.0 0.0014259709132602438
516.0 0.0012115045137761626
517.0 0.0010553708307270426
518.0 0.000899237329576863
519.0 0.0013587728062702809
520.0 0.001818308373913169
521.0 0.0018775373973767273
522.0 0.0019367667846381664
523.0 0.0015982130207703449
524.0 0.0012596588931046426
525.0 0.0011509583600854967
526.0 0.0010422577361168806
527.0 0.0010525022844376508
528.0 0.0010627469237078913
529.0 0.0012152962881373242
530.0 0.0013678458344656974
531.0 0.0013708970072912052
532.0 0.0013739485439145938
533.0 0.0014854468645353336
534.0 0.0015969451851560734
535.0 0.0016597112335148267
536.0 0.00172247728187358
537.0 0.0016706935639376752
538.0 0.00161890966410283
539.0 0.0012961315405846108
540.0 0.0009733533261169214
541.0 0.0010267418474541046
542.0 0.0010801301868923474
543.0 0.0009349082574772183
544.0 0.0007896863280620892
545.0 0.0013270057934278157
546.0 0.001864325167844072
547.0 0.0017602664229343645
548.0 0.0016562074961257167
549.0 0.0018426329916110262
550.0 0.0020290584870963357
551.0 0.0018373877537669614
552.0 0.001645717020437587
553.0 0.0018274062313139439
554.0 0.0020090954421903007
555.0 0.001912530387926381
556.0 0.0018159653336624615
557.0 0.0014310979167930782
558.0 0.0010462306818226352
559.0 0.0011489617463666946
560.0 0.001251692810910754
561.0 0.0011793380508606788
562.0 0.0011069833817600738
563.0 0.0013312147530086804
564.0 0.0015554462152067572
565.0 0.0017130922060459852
566.0 0.0018707381968852133
567.0 0.0020955660147592425
568.0 0.002320393832633272
569.0 0.0024653436412336305
570.0 0.0026102936317329295
571.0 0.002631502866279334
572.0 0.002652711918926798
573.0 0.0024123271941789426
574.0 0.002171942287532147
575.0 0.0019919543774449266
576.0 0.0018119661035598256
577.0 0.001913460437208414
578.0 0.002014954407059122
579.0 0.0019992659872514196
580.0 0.0019835777493426576
581.0 0.0019380267985980026
582.0 0.0018924758478533477
583.0 0.0015699371942901053
584.0 0.0012473985407268628
585.0 0.0017835660401033238
586.0 0.0023197335394797847
587.0 0.0020458866856643
588.0 0.0017720396499498747
589.0 0.0018979160813614726
590.0 0.0020237925127730705
591.0 0.0017704282072372735
592.0 0.0015170642654993571
593.0 0.0012936912753502838
594.0 0.0010703183761506807
595.0 0.000976732735580299
596.0 0.000883146913110977
597.0 0.0007411632850562455
598.0 0.0005991797479509842
599.0 0.000750873414290254
600.0 0.0009025669896800537
601.0 0.0008608389180153608
602.0 0.000819110846350668
603.0 0.0012061555025866255
604.0 0.0015931998859741725
605.0 0.0011735063708329108
606.0 0.0007538126283179736
607.0 0.0008260558388428763
608.0 0.0008982991857919842
609.0 0.0008473906746075954
610.0 0.0007964822543726768
611.0 0.001060975409927778
612.0 0.0013254683835839387
613.0 0.0012761560356011614
614.0 0.0012268439604667947
615.0 0.001170162340713432
616.0 0.0011134808119095396
617.0 0.001369382516713813
618.0 0.0016252844943664968
619.0 0.0017290980395046063
620.0 0.0018329115846427158
621.0 0.001541061828902457
622.0 0.0012492121641116682
623.0 0.0012260370567673817
624.0 0.0012028621313220356
625.0 0.0014735254808329046
626.0 0.0017441887393943034
627.0 0.0019469567632768303
628.0 0.002149724605260417
629.0 0.002053414937108755
630.0 0.001957105087058153
631.0 0.0021211832063272595
632.0 0.002285261325596366
633.0 0.002755831155809574
634.0 0.003226401167921722
635.0 0.005741501081502065
636.0 0.008256602450273931
637.0 0.015116974827833474
638.0 0.021977351570967585
639.0 0.0198070309124887
640.0 0.017636711709201336
641.0 0.015389463806059211
642.0 0.013142214447725564
643.0 0.009468840289628133
644.0 0.005795467586722225
645.0 0.005966979006188922
646.0 0.006138490425655618
647.0 0.005789456918137148
648.0 0.005440424138214439
649.0 0.004418562093633227
650.0 0.0033967007766477764
651.0 0.0035196015232941136
652.0 0.00364250190614257
653.0 0.003009006286447402
654.0 0.0023755103029543534
655.0 0.00230507503147237
656.0 0.0022346397599903867
657.0 0.002456306538078934
658.0 0.002677973134268541
659.0 0.002319457234989386
660.0 0.001960941153811291
661.0 0.002295686863362789
662.0 0.0026304325729142874
663.0 0.0021614030629280023
664.0 0.0016923737348406576
665.0 0.0016454154319944791
666.0 0.001598457311047241
667.0 0.0015655763490940444
668.0 0.001532695569039788
669.0 0.0014120264495431911
670.0 0.0012913573300465941
671.0 0.0011624290891631972
672.0 0.0010335010301787406
673.0 0.0013187491276767105
674.0 0.0016039974070736207
675.0 0.0013217545529187191
676.0 0.0010395116987638175
677.0 0.0013356338058656547
678.0 0.0016317560948664322
679.0 0.0016934214727371
680.0 0.0017550872144056484
681.0 0.0021040646970504895
682.0 0.00245304199779639
683.0 0.0026766463633975945
684.0 0.002900250365200918
685.0 0.002683803359104786
686.0 0.002467356353008654
687.0 0.002371611844864674
688.0 0.002275867336720694
689.0 0.002229029814770911
690.0 0.0021821924747200683
691.0 0.0021884345187572762
692.0 0.002194676562794484
693.0 0.0026430208890815265
694.0 0.003091365215368569
695.0 0.0035016473702853546
696.0 0.00391192952520214
697.0 0.003922216274077073
698.0 0.0039325026591541246
699.0 0.0054806114349048585
700.0 0.007028720574453473
701.0 0.007006319356150925
702.0 0.006983918865444139
703.0 0.006423524609999731
704.0 0.005863131445948966
705.0 0.0048635494749760255
706.0 0.0038639682315988466
707.0 0.0035235221730545163
708.0 0.0031830768421059474
709.0 0.0037785972381243482
710.0 0.004374117270344868
711.0 0.004149738742853515
712.0 0.003925359851564281
713.0 0.003119615212199278
714.0 0.002313870209036395
715.0 0.0024410186597378924
716.0 0.00256816711043939
717.0 0.00230347450269619
718.0 0.0020387817130540498
719.0 0.0019657727534649894
720.0 0.0018927641576738097
721.0 0.002200627750426065
722.0 0.0025084918888751417
723.0 0.0024998216758831404
724.0 0.0024911516447900794
725.0 0.00191188864846481
726.0 0.0013326256521395408
727.0 0.0014162685147312004
728.0 0.0014999114682723302
729.0 0.0012956911632500123
730.0 0.0010914707672782242
731.0 0.0008960800187196583
732.0 0.0007006894065852975
733.0 0.0009629199666960631
734.0 0.0012251505722815637
735.0 0.001214451367559377
736.0 0.001203752344736131
737.0 0.001294083267566748
738.0 0.0013844140994478948
739.0 0.0013961746844870504
740.0 0.001407935269526206
741.0 0.0010832174666575156
742.0 0.0007584998456877656
743.0 0.0010545277291384991
744.0 0.0013505556125892326
745.0 0.0018441874999552965
746.0 0.002337819751119241
747.0 0.002303948895132635
748.0 0.002270078402943909
749.0 0.0028591903173946775
750.0 0.0034483025956433266
751.0 0.003107903103227727
752.0 0.0027675041565089487
753.0 0.002690462861210108
754.0 0.0026134217478102073
755.0 0.002331306677660905
756.0 0.002049191425612662
757.0 0.0022535550669999793
758.0 0.0024579185264883563
759.0 0.002760897041298449
760.0 0.0030638748285127804
761.0 0.004693421215051785
762.0 0.006322966510197148
763.0 0.005718852844438516
764.0 0.005114739906275645
765.0 0.00453467910119798
766.0 0.0039546186599181965
767.0 0.003954331259592436
768.0 0.003954043859266676
769.0 0.004894454832538031
770.0 0.005834865805809386
771.0 0.00491907776449807
772.0 0.004003289723186754
773.0 0.0039031299820635468
774.0 0.003802969877142459
775.0 1.5979801032753316e-10
776.0 1.5979801032753316e-10
777.0 1.5979801032753316e-10
778.0 1.5979801032753316e-10
779.0 1.5979801032753316e-10
780.0 0.09795194491744041
781.0 0.08776095346547663
782.0 0.0952119822613895
783.0 0.07059702766127884
784.0 0.04159827658440918
785.0 0.02485201694071293
786.0 0.05051569314673543
787.0 0.058481510495767
788.0 0.08418021025136113
789.0 0.03929849190171808
790.0 1.5979801032753316e-10
791.0 0.1928939833305776
792.0 0.038058581412769854
793.0 1.5979801032753316e-10
794.0 0.023119284014683217
795.0 0.1281910459510982
796.0 0.05969028570689261
797.0 1.5979801032753316e-10
798.0 0.09375124354846776
799.0 0.24971452075988054
800.0 0.12689041905105114
801.0 0.31223928090184927
802.0 0.6073343101888895
803.0 1.0975281707942486
804.0 1.6835739836096764
805.0 2.678905799984932
806.0 3.9892781525850296
807.0 5.8043815195560455
808.0 7.878141850233078
809.0 10.379589349031448
810.0 13.510419428348541
811.0 16.875874996185303
812.0 19.756963849067688
813.0 22.6105198264122
814.0 25.58567523956299
815.0 29.615280032157898
816.0 34.39508676528931
817.0 40.119582414627075
818.0 45.94700634479523
819.0 51.77193880081177
820.0 59.6074104309082
821.0 67.03571081161499
822.0 73.27147722244263
823.0 79.20851707458496
824.0 84.31954979896545
825.0 89.44072127342224
826.0 92.64830946922302
827.0 95.22596001625061
828.0 97.49724268913269
829.0 98.76572489738464
830.0 98.88585209846497
831.0 99.08617734909058
832.0 98.53827357292175
833.0 100.04416704177856
834.0 98.43055605888367
835.0 99.2972195148468
836.0 99.09284710884094
837.0 99.31375980377197
838.0 97.88278937339783
839.0 98.76164197921753
840.0 98.63673448562622
841.0 99.64791536331177
842.0 99.43508505821228
843.0 99.69644546508789
844.0 98.0962872505188
845.0 98.71443510055542
846.0 99.00488257408142
847.0 98.43673706054688
848.0 99.79456067085266
849.0 99.06795024871826
850.0 98.41965436935425
851.0 99.3216335773468
852.0 99.2402970790863
853.0 98.99446964263916
854.0 99.69776272773743
855.0 98.76524806022644
856.0 98.80896210670471
857.0 98.05773496627808
858.0 98.66340756416321
859.0 99.10148978233337
860.0 98.59936833381653
861.0 98.9158034324646
862.0 98.78961443901062
863.0 98.44644069671631
864.0 99.50190782546997
865.0 100.0448226928711
866.0 98.6328661441803
867.0 99.67819452285767
868.0 99.40437078475952
869.0 98.97982478141785
870.0 97.84027338027954
871.0 99.05707836151123
872.0 99.26819801330566
873.0 99.30518865585327
874.0 99.61064457893372
875.0 98.8231897354126
876.0 98.87898564338684
877.0 99.49951767921448
878.0 99.59695935249329
879.0 98.78368973731995
880.0 98.62890839576721
881.0 100.15320777893066
882.0 98.99214506149292
883.0 98.66649508476257
884.0 99.24189448356628
885.0 99.29081797599792
886.0 98.8148033618927
887.0 98.98653030395508
888.0 99.02544021606445
889.0 99.59518313407898
890.0 98.63756895065308
891.0 99.3019163608551
892.0 98.83676171302795
893.0 98.71155619621277
894.0 98.34046363830566
895.0 99.78097677230835
896.0 99.29090738296509
