lsstCam/transmission_filter_detector/r14_s01/y_10/19700101T000000.ecsv
# %ECSV 1.0
# ---
# datatype:
# - {name: wavelength, unit: nm, datatype: float32}
# - {name: efficiency, unit: '%', datatype: float64}
# meta: !!omap
# - {MODE: DETECTOR}
# - {TYPE: transmission_filter_detector}
# - {CALIBDATE: '1970-01-01T00:00:00'}
# - {INSTRUME: LSSTCam}
# - {OBSTYPE: transmission_filter_detector}
# - {CALIBCLS: lsst.ip.isr.IntermediateFilterDetectorTransmissionCurve}
# - {SOURCE: Materion (DM-46256)}
# - {DETECTOR: 64}
# - {FILTER: y_10}
# - {CALIB_ID: 'calibDate=1970-01-01T00:00:00 filter=y_10 detector=64'}
# - {DATE: '2025-04-02T15:59:51.037864'}
# - {CALIB_CREATION_DATE: '2025-04-02'}
# - {CALIB_CREATION_TIME: '15:59:51'}
# - __serialized_columns__:
#     efficiency:
#       __class__: astropy.units.quantity.Quantity
#       unit: !astropy.units.Unit {unit: '%'}
#       value: !astropy.table.SerializedColumn {name: efficiency}
#     wavelength:
#       __class__: astropy.units.quantity.Quantity
#       unit: !astropy.units.Unit {unit: nm}
#       value: !astropy.table.SerializedColumn {name: wavelength}
# schema: astropy-2.0
wavelength efficiency
300.0 0.5269057117402554
301.0 0.28202978428453207
302.0 0.037153789889998734
303.0 0.03286285791546106
304.0 0.028571931761689484
305.0 0.018127770454157144
306.0 0.007683604053454474
307.0 0.015099308802746236
308.0 0.02251500845886767
309.0 0.016118613712023944
310.0 0.009722216054797173
311.0 0.008353312296094373
312.0 0.00698440708220005
313.0 0.006516915891552344
314.0 0.006049425064702518
315.0 0.004604750211001374
316.0 0.0031600775400875136
317.0 0.0044541771785588935
318.0 0.005748273542849347
319.0 0.0033323442039545625
320.0 0.0009164135917671956
321.0 0.002946162931038998
322.0 0.004975912452209741
323.0 0.0038871927245054394
324.0 0.002798473542497959
325.0 0.0013626277905132156
326.0 1.71853785542464e-10
327.0 0.0006947401743673254
328.0 0.001462698583054589
329.0 0.003006832594110165
330.0 0.004550966696115211
331.0 0.003861021832562983
332.0 0.003171076241414994
333.0 0.0022164458641782403
334.0 0.001261814668396255
335.0 0.0014909956917108502
336.0 0.001720176987873856
337.0 0.0025399554942850955
338.0 0.0033597338187973946
339.0 0.0018989476302522235
340.0 0.0004381613507575821
341.0 2.9378784915934375e-05
342.0 1.71853785542464e-10
343.0 0.0002837303782143863
344.0 0.0009468649295740761
345.0 0.0011692664884321857
346.0 0.0013916685929871164
347.0 0.0014880770322633907
348.0 0.0015844852896407247
349.0 0.0013831620890414342
350.0 0.001181838433694793
351.0 0.0012490393601183314
352.0 0.0013162396498955786
353.0 0.0013268324437376577
354.0 0.0013374251466302667
355.0 0.0014507409105135594
356.0 0.0015640565834473819
357.0 0.0010399364327895455
358.0 0.0005158160547580337
359.0 0.0009600901648809668
360.0 0.0014043642295291647
361.0 0.001497753237345023
362.0 0.001591142063261941
363.0 0.0011655273738142569
364.0 0.0007399123205686919
365.0 0.00119057312986115
366.0 0.0016412346667493694
367.0 0.002151330954802688
368.0 0.0026614274247549474
369.0 0.002354400021431502
370.0 0.002047372800006997
371.0 0.0019251987396273762
372.0 0.0018030244973488152
373.0 0.002130225402652286
374.0 0.0024574261260568164
375.0 0.0033699412597343326
376.0 0.004282456211512908
377.0 0.0041628936742199585
378.0 0.004043331500724889
379.0 0.0035751516406890005
380.0 0.003106971416855231
381.0 0.00211224705708446
382.0 0.0011175226973136887
383.0 0.0011268102753092535
384.0 0.001136097762355348
385.0 0.000870170788402902
386.0 0.0006042438144504558
387.0 0.0007334729161811993
388.0 0.0008627021088614129
389.0 0.0007128611741791246
390.0 0.0005630203759210417
391.0 0.0005881620836589718
392.0 0.0006133037913969019
393.0 0.0006818973815825302
394.0 0.0007504911536670988
395.0 0.0006394281172106275
396.0 0.0005283651262288913
397.0 0.0007824658496247139
398.0 0.0010365664820710663
399.0 0.0012214321941428352
400.0 0.0014062979971640743
401.0 0.0015923827959340997
402.0 0.0017784677766030654
403.0 0.0018601216652314179
404.0 0.001941775917657651
405.0 0.0018586011719889939
406.0 0.0017754262444213964
407.0 0.0015038939636724535
408.0 0.0012323616829235107
409.0 0.0009704396688903216
410.0 0.000708517382008722
411.0 0.0005628547114611138
412.0 0.00041719208638824057
413.0 0.0008716789125173818
414.0 0.0013261653293739073
415.0 0.0019648305169539526
416.0 0.0026034958864329383
417.0 0.0012418820006132592
418.0 1.71853785542464e-10
419.0 1.71853785542464e-10
420.0 1.71853785542464e-10
421.0 0.00020408524505910464
422.0 0.0008126853572321124
423.0 0.0010580112757452298
424.0 0.0013033369214099366
425.0 0.00035166804082109593
426.0 1.71853785542464e-10
427.0 1.71853785542464e-10
428.0 0.0004926012479700148
429.0 1.71853785542464e-10
430.0 1.71853785542464e-10
431.0 0.0002230327254437725
432.0 0.0009548590242047794
433.0 0.0008185689694073517
434.0 0.0006822794148320099
435.0 0.0001337278376922768
436.0 1.71853785542464e-10
437.0 1.71853785542464e-10
438.0 1.71853785542464e-10
439.0 1.71853785542464e-10
440.0 1.71853785542464e-10
441.0 1.71853785542464e-10
442.0 1.71853785542464e-10
443.0 1.71853785542464e-10
444.0 1.71853785542464e-10
445.0 1.71853785542464e-10
446.0 1.71853785542464e-10
447.0 0.00033738892852852587
448.0 0.0007229264156194404
449.0 0.0009100495844904799
450.0 0.0010971726624120492
451.0 0.0004462586275622016
452.0 1.71853785542464e-10
453.0 1.71853785542464e-10
454.0 3.5603056858235504e-05
455.0 1.71853785542464e-10
456.0 1.71853785542464e-10
457.0 1.71853785542464e-10
458.0 1.71853785542464e-10
459.0 1.71853785542464e-10
460.0 0.00013896751624997705
461.0 8.585257660342904e-05
462.0 3.273764548339386e-05
463.0 0.0002553470949351322
464.0 0.00047795651880733203
465.0 0.0004914392320642946
466.0 0.0005049220817454625
467.0 0.001060411159414798
468.0 0.001615899964235723
469.0 0.0015012017684057355
470.0 0.001386503026878927
471.0 0.0014979530533310026
472.0 0.001609402897884138
473.0 0.002220192618551664
474.0 0.00283098233921919
475.0 0.0026897372663370334
476.0 0.0025484921934548765
477.0 0.002977110671054106
478.0 0.003405729148653336
479.0 0.003871497028740123
480.0 0.004337264545029029
481.0 0.004383184932521544
482.0 0.0044291053200140595
483.0 0.003920133531210013
484.0 0.003411161378608085
485.0 0.0035918139474233612
486.0 0.0037724665162386373
487.0 0.0031845913326833397
488.0 0.002596716149128042
489.0 0.0023246377168106847
490.0 0.0020525600120890886
491.0 0.001717207851470448
492.0 0.0013818555999023374
493.0 0.0010550768820394296
494.0 0.0007282986189238727
495.0 0.001111399797082413
496.0 0.0014945010661904234
497.0 0.001959810106200166
498.0 0.002425119237159379
499.0 0.002473064887453802
500.0 0.002521010537748225
501.0 0.002403480357315857
502.0 0.0022859503587824292
503.0 0.002398535252723377
504.0 0.0025111197828664444
505.0 0.003069595550186932
506.0 0.003628071863204241
507.0 0.002722067256399896
508.0 0.0018160621038987301
509.0 0.002062596286123153
510.0 0.002309130650246516
511.0 0.002287279858137481
512.0 0.0022654292479273863
513.0 0.0021314937839633785
514.0 0.001997558865696192
515.0 0.0016682939531165175
516.0 0.0013390291314863134
517.0 0.0012955426427652128
518.0 0.0012520558811957017
519.0 0.001338475431111874
520.0 0.001424894799129106
521.0 0.0015516339772148058
522.0 0.001678372973401565
523.0 0.0014444182852457743
524.0 0.0012104635061405133
525.0 0.0018957982319989242
526.0 0.0025811337764025666
527.0 0.0025694493160699494
528.0 0.002557765219535213
529.0 0.0028128226404078305
530.0 0.0030678798793815076
531.0 0.002819919609464705
532.0 0.0025719593395479023
533.0 0.0026155013983952813
534.0 0.002659042911545839
535.0 0.002216795110143721
536.0 0.0017745471268426627
537.0 0.002294931255164556
538.0 0.0028153153834864497
539.0 0.003336751615279354
540.0 0.0038581878470722586
541.0 0.004104995605302975
542.0 0.00435180299973581
543.0 0.004370351962279528
544.0 0.004388900561025366
545.0 0.004704420280177146
546.0 0.005019939999328926
547.0 0.004213318607071415
548.0 0.0034066964872181416
549.0 0.003044540972041432
550.0 0.002682384911167901
551.0 0.002612801290524658
552.0 0.0025432174879824743
553.0 0.0029111468393239193
554.0 0.003279075463069603
555.0 0.003692249083542265
556.0 0.004105423067812808
557.0 0.003930746242986061
558.0 0.003756069781957194
559.0 0.0035026820114580914
560.0 0.0032492942409589887
561.0 0.003272804678999819
562.0 0.0032963143894448876
563.0 0.003042060779989697
564.0 0.002787806988635566
565.0 0.003553429269231856
566.0 0.004319052095524967
567.0 0.004707893094746396
568.0 0.005096734093967825
569.0 0.005684005009243265
570.0 0.006271275924518704
571.0 0.006478671275544912
572.0 0.00668606735416688
573.0 0.006754529022146016
574.0 0.006822991417720914
575.0 0.006455530819948763
576.0 0.006088070222176611
577.0 0.005385644544730894
578.0 0.004683219231083058
579.0 0.005287935709930025
580.0 0.005892652552574873
581.0 0.006675125769106671
582.0 0.007457597530446947
583.0 0.008708533277967945
584.0 0.009959466115105897
585.0 0.010450067202327773
586.0 0.010940666834358126
587.0 0.010748067870736122
588.0 0.01055546454153955
589.0 0.010434890282340348
590.0 0.01031431820592843
591.0 0.009651164145907387
592.0 0.008988008630694821
593.0 0.007435782754328102
594.0 0.005883559424546547
595.0 0.005572840746026486
596.0 0.005262122431304306
597.0 0.005940803748671897
598.0 0.006619485066039488
599.0 0.007487180846510455
600.0 0.0083548751717899
601.0 0.00912052855710499
602.0 0.009886179032037035
603.0 0.010695343371480703
604.0 0.011504508438520133
605.0 0.011421881208661944
606.0 0.011339254706399515
607.0 0.009761549881659448
608.0 0.008183847967302427
609.0 0.006450276123359799
610.0 0.004716706462204456
611.0 0.0040042181353783235
612.0 0.0032917298085521907
613.0 0.0036095512768952176
614.0 0.003927372017642483
615.0 0.004760337105835788
616.0 0.005593302921624854
617.0 0.006741657853126526
618.0 0.007890012784628198
619.0 0.008801914373179898
620.0 0.00971381741692312
621.0 0.010734757961472496
622.0 0.011755699961213395
623.0 0.011643338075373322
624.0 0.011530973279150203
625.0 0.010226975427940488
626.0 0.008922974666347727
627.0 0.00701685858075507
628.0 0.005110739584779367
629.0 0.004156615977990441
630.0 0.003202492371201515
631.0 0.002800651236611884
632.0 0.0023988099201233126
633.0 0.0025145009203697555
634.0 0.0026301921025151387
635.0 0.003033334905921947
636.0 0.003436477345530875
637.0 0.004269985220162198
638.0 0.00510349273099564
639.0 0.005090215927339159
640.0 0.005076938396086916
641.0 0.00534380815224722
642.0 0.005610677908407524
643.0 0.00541402077942621
644.0 0.005217363286647014
645.0 0.004890346463071182
646.0 0.004563328911899589
647.0 0.0037100835470482707
648.0 0.002856838000298012
649.0 0.002082966602756642
650.0 0.0013090948414173909
651.0 0.001353179777652258
652.0 0.0013972649867355358
653.0 0.0015228546544676647
654.0 0.0016484442312503234
655.0 0.001783593324944377
656.0 0.0019187427824363112
657.0 0.0017885446141008288
658.0 0.0016583466276642866
659.0 0.0019381641322979704
660.0 0.0022179814550327137
661.0 0.001887608232209459
662.0 0.0015572346455883235
663.0 0.002212790241173934
664.0 0.002868345836759545
665.0 0.003511812974466011
666.0 0.004155279748374596
667.0 0.004819623791263439
668.0 0.0054839663789607584
669.0 0.005697913002222776
670.0 0.005911855987505987
671.0 0.006397500692401081
672.0 0.006883145397296175
673.0 0.007862930215196684
674.0 0.008842715760692954
675.0 0.008293599967146292
676.0 0.007744487083982676
677.0 0.006189590931171551
678.0 0.004634695142158307
679.0 0.0030724371754331514
680.0 0.0015101803001016378
681.0 0.0006649914666922996
682.0 1.71853785542464e-10
683.0 0.00018456790940035717
684.0 0.0005493332992045907
685.0 0.00020552101887005847
686.0 1.71853785542464e-10
687.0 9.647467322793091e-05
688.0 0.00033124063065770315
689.0 0.00041452894947724417
690.0 0.0004978172910341527
691.0 0.0004651352810469689
692.0 0.0004324534074839903
693.0 0.00045065862650517374
694.0 0.00046886389100109227
695.0 0.0005172340479475679
696.0 0.0005656041594193084
697.0 0.0005608959327219054
698.0 0.000556187524125562
699.0 0.00044482521843747236
700.0 0.0003334626626383397
701.0 0.0003254401690355735
702.0 0.00031741774364490993
703.0 0.00032227571864495985
704.0 0.0003271337163823773
705.0 0.00037350287129811477
706.0 0.0004198718670522794
707.0 1.895401453566592e-05
708.0 1.71853785542464e-10
709.0 1.71853785542464e-10
710.0 0.00017457338117310428
711.0 0.00037524393974308623
712.0 0.000575914555156487
713.0 0.0003476955953374272
714.0 0.00011947668099310249
715.0 0.0003242556886107195
716.0 0.0005290346962283365
717.0 0.0003998633474111557
718.0 0.00027069204406870995
719.0 0.0005070398401585408
720.0 0.0007433875452989014
721.0 0.00045696651795879006
722.0 0.00017054551335604629
723.0 0.00027883284019480925
724.0 0.00038712014429620467
725.0 0.00040367094698012806
726.0 0.0004202218860882567
727.0 0.00029460329642461147
728.0 0.00016898497960937675
729.0 0.0003836562427750323
730.0 0.0005983276423648931
731.0 0.0007256970093294512
732.0 0.0008530666491424199
733.0 0.00033424860248487676
734.0 1.71853785542464e-10
735.0 1.71853785542464e-10
736.0 1.71853785542464e-10
737.0 0.0002949170493593556
738.0 0.0007729086064500734
739.0 0.0004964484105585143
740.0 0.00021998794181854464
741.0 0.0001966900072147837
742.0 0.00017339202713628765
743.0 1.8174947058469115e-05
744.0 1.71853785542464e-10
745.0 9.294723781749781e-05
746.0 0.0003229366257073707
747.0 0.00018072990997097804
748.0 3.85231487598503e-05
749.0 1.71853785542464e-10
750.0 1.71853785542464e-10
751.0 1.71853785542464e-10
752.0 1.71853785542464e-10
753.0 0.00011908131227755803
754.0 0.00036627252484322526
755.0 1.71853785542464e-10
756.0 1.71853785542464e-10
757.0 1.71853785542464e-10
758.0 1.71853785542464e-10
759.0 0.00015600136293869582
760.0 0.0005823716037411941
761.0 0.0002132844201696571
762.0 1.71853785542464e-10
763.0 1.71853785542464e-10
764.0 1.71853785542464e-10
765.0 0.00013656235751113854
766.0 0.0002888251856347779
767.0 1.71853785542464e-10
768.0 1.71853785542464e-10
769.0 1.71853785542464e-10
770.0 1.71853785542464e-10
771.0 1.71853785542464e-10
772.0 1.1171586322689109e-05
773.0 0.00040962290768220555
774.0 0.0008080741281446535
775.0 0.0004901863576378673
776.0 0.00017229846207555966
777.0 0.00018711421034822706
778.0 0.00020193003820168087
779.0 0.00044075736695958767
780.0 0.0006795846729801269
781.0 0.0006382883839251008
782.0 0.0005969920493953396
783.0 0.0005160093678568956
784.0 0.00043502673179318663
785.0 0.00020360701000754489
786.0 1.71853785542464e-10
787.0 0.000632051569482428
788.0 0.0012919160326418933
789.0 0.0010119681064679753
790.0 0.0007320203621929977
791.0 0.0005798812253487995
792.0 0.0004277419975551311
793.0 0.0005031996806792449
794.0 0.0005786570909549482
795.0 0.0007624784757354064
796.0 0.0009462997695663944
797.0 0.00048401370804640464
798.0 2.172767494812433e-05
799.0 0.0005224015239946311
800.0 0.0010230754014628474
801.0 0.0004813095074496232
802.0 1.71853785542464e-10
803.0 0.0002967656200780766
804.0 0.0006539875812450191
805.0 0.0008375965990126133
806.0 0.0010212055713054724
807.0 0.0006961580766073894
808.0 0.0003711105591719388
809.0 7.037222644612484e-05
810.0 1.71853785542464e-10
811.0 0.0001046813849825412
812.0 0.00043972881940135267
813.0 0.0008738670658203773
814.0 0.001308005357714137
815.0 0.001064793650584761
816.0 0.000821581397758564
817.0 0.0009020412107929587
818.0 0.0009825010238273535
819.0 0.0009563741514284629
820.0 0.0009302472790295724
821.0 0.0007895198905316647
822.0 0.0006487924110842869
823.0 0.0006243265488592442
824.0 0.0005998610959068174
825.0 0.0006561649115610635
826.0 0.0007124687272153096
827.0 0.0008191866982087959
828.0 0.000925904623727547
829.0 0.0005825396328873467
830.0 0.00023917448288557352
831.0 0.00025537451620039064
832.0 0.00027157475415151566
833.0 0.0004950265974912327
834.0 0.0007184783044067444
835.0 0.00017316355069851852
836.0 1.71853785542464e-10
837.0 1.71853785542464e-10
838.0 1.71853785542464e-10
839.0 0.0003704720938912942
840.0 0.0007688852747378405
841.0 0.0010780855518532917
842.0 0.0013872858289687429
843.0 0.0009006242180475965
844.0 0.0004139623797527747
845.0 0.0004113310751563404
846.0 0.00040869967961043585
847.0 0.0007797785656293854
848.0 0.0011508575880725402
849.0 0.0009553259587846696
850.0 0.0007597939202241832
851.0 0.0011004954103555065
852.0 0.0014411967640626244
853.0 0.0006152846253826283
854.0 1.71853785542464e-10
855.0 1.71853785542464e-10
856.0 1.71853785542464e-10
857.0 0.00029312561764527345
858.0 0.0014132469004835002
859.0 0.0011245663699810393
860.0 0.0008358855666301679
861.0 0.001104048169509042
862.0 0.0013722110452363268
863.0 0.0015347181033575907
864.0 0.001697225343377795
865.0 0.0017337401004624553
866.0 0.0017702552213449962
867.0 0.0025285957235610113
868.0 0.003286935680080205
869.0 0.0029283761250553653
870.0 0.0025698162062326446
871.0 0.0031838200811762363
872.0 0.003797823956119828
873.0 0.0027502275770530105
874.0 0.0017026313798851334
875.0 0.0024939330614870414
876.0 0.003285234561190009
877.0 0.0020971656340407208
878.0 0.0009090970706893131
