lsstCam/transmission_filter_detector/r14_s01/y_10/19700101T000000.ecsv
# %ECSV 1.0
# ---
# datatype:
# - {name: wavelength, unit: nm, datatype: float32}
# - {name: efficiency, unit: '%', datatype: float64}
# meta: !!omap
# - {MODE: DETECTOR}
# - {TYPE: transmission_filter_detector}
# - {CALIBDATE: '1970-01-01T00:00:00'}
# - {INSTRUME: LSSTCam}
# - {OBSTYPE: transmission_filter_detector}
# - {CALIBCLS: lsst.ip.isr.IntermediateFilterDetectorTransmissionCurve}
# - {SOURCE: Materion (DM-46256)}
# - {DETECTOR: 64}
# - {FILTER: y_10}
# - {CALIB_ID: 'calibDate=1970-01-01T00:00:00 filter=y_10 detector=64'}
# - {DATE: '2025-04-02T15:59:51.037864'}
# - {CALIB_CREATION_DATE: '2025-04-02'}
# - {CALIB_CREATION_TIME: '15:59:51'}
# - __serialized_columns__:
#     efficiency:
#       __class__: astropy.units.quantity.Quantity
#       unit: !astropy.units.Unit {unit: '%'}
#       value: !astropy.table.SerializedColumn {name: efficiency}
#     wavelength:
#       __class__: astropy.units.quantity.Quantity
#       unit: !astropy.units.Unit {unit: nm}
#       value: !astropy.table.SerializedColumn {name: wavelength}
# schema: astropy-2.0
wavelength efficiency
[from data line 580]
880.0 0.06334058125503361
881.0 0.08762605139054358
882.0 0.06493623950518668
883.0 0.07677619578316808
884.0 0.061750569147989154
885.0 0.087172188796103
886.0 0.05974306841380894
887.0 0.07390212849713862
888.0 0.06382702267728746
889.0 0.09341957047581673
890.0 0.06725958664901555
891.0 0.10480161290615797
892.0 0.07058321498334408
893.0 0.08488036692142487
894.0 0.07112031453289092
895.0 0.10963577078655362
896.0 0.0844276393763721
897.0 0.11776691535487771
898.0 0.07785363704897463
899.0 0.1093539409339428
900.0 0.08600795990787446
901.0 0.12263209791854024
902.0 0.12329368619248271
903.0 0.13357681455090642
904.0 0.15687388367950916
905.0 0.1603085664100945
906.0 0.18512725364416838
907.0 0.22380854934453964
908.0 0.2789105987176299
909.0 0.34085314255207777
910.0 0.45975930988788605
911.0 0.5899677518755198
912.0 0.847046822309494
913.0 1.2492886744439602
914.0 1.7559263855218887
915.0 2.5455771014094353
916.0 3.639962151646614
917.0 4.963453114032745
918.0 6.625455617904663
919.0 8.398140221834183
920.0 10.948406904935837
921.0 13.750016689300537
922.0 16.52950495481491
923.0 19.75642889738083
924.0 23.230043053627014
925.0 26.9954651594162
926.0 31.72425925731659
927.0 37.06845939159393
928.0 42.17771887779236
929.0 48.04607331752777
930.0 53.77550721168518
931.0 59.940916299819946
932.0 66.34545922279358
933.0 72.4585771560669
934.0 77.65302658081055
935.0 81.90708756446838
936.0 85.71298718452454
937.0 88.69664072990417
938.0 91.0271942615509
939.0 92.57927536964417
940.0 93.63893866539001
941.0 94.29435729980469
942.0 94.84414458274841
943.0 95.22315263748169
944.0 95.74289321899414
945.0 96.018385887146
946.0 96.33688926696777
947.0 96.61499261856079
948.0 96.84877395629883
949.0 96.81105017662048
950.0 96.96686863899231
951.0 96.97599411010742
952.0 96.91032767295837
953.0 97.02940583229065
954.0 96.98352217674255
955.0 97.0016598701477
956.0 97.15285897254944
957.0 97.32891917228699
958.0 97.51755595207214
959.0 97.67927527427673
960.0 97.88764715194702
961.0 97.9945421218872
962.0 98.14963340759277
963.0 98.29274415969849
964.0 98.36831092834473
965.0 98.48155975341797
966.0 98.57922196388245
967.0 98.69425892829895
968.0 98.70610237121582
969.0 98.69627356529236
970.0 98.73533248901367
971.0 98.79072308540344
972.0 98.81816506385803
973.0 98.88805747032166
974.0 98.90307784080505
975.0 98.85706305503845
976.0 98.94782304763794
977.0 98.9145815372467
978.0 98.97894859313965
979.0 98.97342920303345
980.0 98.98144006729126
981.0 98.90056252479553
982.0 98.87350797653198
983.0 98.92662167549133
984.0 98.87785911560059
985.0 98.87598752975464
986.0 98.76497387886047
987.0 98.81094694137573
988.0 98.70147705078125
989.0 98.67305755615234
990.0 98.59214425086975
991.0 98.57790470123291
992.0 98.61530065536499
993.0 98.53227734565735
994.0 98.46474528312683
995.0 98.48950505256653
996.0 98.43702912330627
997.0 98.52690100669861
998.0 98.52691292762756
999.0 98.62156510353088
1000.0 98.64894151687622
1001.0 98.64269495010376
1002.0 98.76785278320312
1003.0 98.82814884185791
1004.0 98.91880750656128
1005.0 98.8513171672821
1006.0 98.99683594703674
1007.0 99.02316927909851
1008.0 99.02780652046204
1009.0 98.98799657821655
1010.0 99.02186989784241
1011.0 99.05383586883545
1012.0 99.00540709495544
1013.0 98.98154735565186
1014.0 98.95196557044983
1015.0 98.9128053188324
1016.0 98.90162944793701
1017.0 98.92168045043945
1018.0 98.94781112670898
1019.0 98.85541796684265
1020.0 98.89580011367798
1021.0 99.0107536315918
1022.0 98.85323643684387
1023.0 98.89033436775208
1024.0 98.84151220321655
1025.0 98.79201650619507
1026.0 98.84034991264343
1027.0 98.95671010017395
1028.0 98.8562822341919
1029.0 98.98733496665955
1030.0 99.024099111557
1031.0 99.02056455612183
1032.0 99.00654554367065
1033.0 98.9473283290863
1034.0 99.0351676940918
1035.0 99.04997944831848
1036.0 98.99531602859497
1037.0 99.00661110877991
1038.0 99.04811978340149
1039.0 98.89430403709412
1040.0 98.84803891181946
1041.0 98.95914196968079
1042.0 98.92213344573975
1043.0 98.82379174232483
1044.0 98.90138506889343
1045.0 98.59998822212219
1046.0 98.79968166351318
1047.0 98.6447811126709
1048.0 98.70983362197876
1049.0 98.56615662574768
1050.0 98.57912063598633
1051.0 98.60880374908447
1052.0 98.55480194091797
1053.0 98.41760993003845
1054.0 98.68413805961609
1055.0 98.721182346344
1056.0 98.61610531806946
1057.0 98.73690009117126
1058.0 98.58361482620239
1059.0 98.60302805900574
1060.0 98.78894090652466
1061.0 98.6718475818634
1062.0 98.66854548454285
1063.0 98.64076972007751
1064.0 98.85128736495972
1065.0 98.815256357193
1066.0 98.86536598205566
1067.0 98.85727167129517
1068.0 98.82866740226746
1069.0 98.66726398468018
1070.0 99.08540844917297
1071.0 98.68605136871338
1072.0 98.9311158657074
1073.0 99.0055799484253
1074.0 98.58171343803406
1075.0 98.59004020690918
1076.0 98.44887256622314
1077.0 98.87422919273376
1078.0 99.05869364738464
1079.0 98.48905205726624
1080.0 99.21475648880005
1081.0 98.56982231140137
1082.0 98.5622227191925
1083.0 98.47910404205322
1084.0 98.87987971305847
1085.0 98.85160326957703
1086.0 98.6876130104065
1087.0 98.43965768814087
1088.0 98.49008321762085
1089.0 98.47109317779541
1090.0 98.46954941749573
1091.0 98.70219826698303
1092.0 98.62920641899109
1093.0 98.47718477249146
1094.0 98.3913779258728
1095.0 98.29710125923157
1096.0 98.26856255531311
1097.0 98.19071292877197
1098.0 97.62237071990967
1099.0 98.35712909698486
1100.0 98.03440570831299
