lsstCam/transmission_sensor/r31_s02/19700101T000000.ecsv
# %ECSV 1.0
# ---
# datatype:
# - {name: amp_name, datatype: string}
# - {name: wavelength, unit: nm, datatype: float32}
# - {name: efficiency, unit: '%', datatype: float64}
# meta: !!omap
# - {MODE: AMP}
# - {TYPE: transmission_sensor}
# - {CALIBDATE: '1970-01-01T00:00:00'}
# - {INSTRUME: LSSTCam}
# - {OBSTYPE: transmission_sensor}
# - {DETECTOR: 128}
# - {PARQUETFILE: qe_raft_allvalues_nircorrected_20230725_adjust.parquet}
# - {CORRFILE: qe_corr_factor_bydetnum.parquet}
# - {CALIBCLS: lsst.ip.isr.IntermediateSensorTransmissionCurve}
# - {CALIB_ID: 'raftName=R31 detectorName=S02 detector=128 calibDate=1970-01-01T00:00:00 ccd=128 ccdnum=128 filter=None'}
# - {DATE: '2025-03-03T21:56:48.103014'}
# - {CALIB_CREATION_DATE: '2025-03-03'}
# - {CALIB_CREATION_TIME: '21:56:48'}
# - __serialized_columns__:
#     efficiency:
#       __class__: astropy.units.quantity.Quantity
#       unit: !astropy.units.Unit {unit: '%'}
#       value: !astropy.table.SerializedColumn {name: efficiency}
#     wavelength:
#       __class__: astropy.units.quantity.Quantity
#       unit: !astropy.units.Unit {unit: nm}
#       value: !astropy.table.SerializedColumn {name: wavelength}
# schema: astropy-2.0
amp_name wavelength efficiency
C00 319.994 43.12701961622012
C00 324.969 48.69441196564708
C00 349.982 70.00227820035944
C00 374.975 72.80603017014255
C00 400.019 81.22581448719384
C00 424.965 83.83729031856421
C00 450.035 86.14147032081515
C00 475.003 89.21074864961146
C00 500.018 91.2319205745704
C00 525.002 93.24907868487243
C00 550.029 95.93424481482077
C00 575.023 96.97988526447386
C00 599.982 97.2927427687228
C00 619.997 97.33192488382336
C00 624.979 98.3482546226644
C00 650.012 97.7946820522719
C00 675.004 98.19872674848028
C00 700.03 97.1824728851526
C00 725.012 97.60826350349078
C00 750.022 97.77400597488054
C00 774.987 97.69382831991004
C00 799.976 96.82289123977485
C00 824.988 94.94947928953869
C00 850.022 93.3153635333462
C00 869.967 90.19096923164312
C00 875.002 89.32073020623088
C00 899.999 82.22933643937924
C00 919.999 72.85155547816024
C00 925.012 70.56533520992228
C00 949.965 57.58571707294032
C00 975.002 43.06220675270559
C00 999.976 25.93857726856308
C00 1025.028 11.280551992906988
C00 1050.014 3.978597985810001
C00 1075.002 0.9314881477821517
C00 1099.99 0.09242139828236995
C01 319.994 43.32838943490939
C01 324.969 48.92547946026655
C01 349.982 70.44022407593833
C01 374.975 73.25648033032363
C01 400.019 81.49783579015092
C01 424.965 84.00269893769517
C01 450.035 86.24461549368057
C01 475.003 89.27534147413724
C01 500.018 91.27153518009712
C01 525.002 93.27492947227515
C01 550.029 95.95126369246806
C01 575.023 96.99203293416326
C01 599.982 97.30938985635461
C01 619.997 97.35433851047074
C01 624.979 98.36685171098962
C01 650.012 97.8205100770206
C01 675.004 98.22982053385637
C01 700.03 97.22791473010561
C01 725.012 97.68453356952308
C01 750.022 97.88778130716808
C01 774.987 97.8414213685034
C01 799.976 96.97904304627554
C01 824.988 95.09383245371146
C01 850.022 93.45502759079315
C01 869.967 90.32195313036136
C01 875.002 89.45620593534021
C01 899.999 82.26774462424349
C01 919.999 72.91296153112478
C01 925.012 70.68376929873033
C01 949.965 57.57558769190638
C01 975.002 43.113862802203
C01 999.976 26.010321360223298
C01 1025.028 11.210827138346136
C01 1050.014 3.955299935209987
C01 1075.002 0.932572079268074
C01 1099.99 0.09252894496861576
C02 319.994 43.50582811668402
C02 324.969 49.12884480495727
C02 349.982 70.80290144226129
C02 374.975 73.62380886561573
C02 400.019 81.73874054507787
C02 424.965 84.17162059309483
C02 450.035 86.3686947206828
C02 475.003 89.37678703550333
C02 500.018 91.36065855809309
C02 525.002 93.35315712655222
C02 550.029 96.03001488778733
C02 575.023 97.06781739691004
C02 599.982 97.38420311253036
C02 619.997 97.42912900399249
C02 624.979 98.44586847060567
C02 650.012 97.90003520257618
C02 675.004 98.31210752809835
C02 700.03 97.32412488104967
C02 725.012 97.8093639641076
C02 750.022 98.05127027581096
C02 774.987 98.03986618615254
C02 799.976 97.19299681885603
C02 824.988 95.29594964620735
C02 850.022 93.6439196813099
C02 869.967 90.54555826824162
C02 875.002 89.67192001983071
C02 899.999 82.37428902010757
C02 919.999 72.96256894176139
C02 925.012 70.72662378867764
C02 949.965 57.7523017625284
C02 975.002 43.164437625634996
C02 999.976 26.030508040553478
C02 1025.028 11.214934848950817
C02 1050.014 3.9385871678369284
C02 1075.002 0.9341296300906912
C02 1099.99 0.09268348373034331
C03 319.994 43.420153280770386
C03 324.969 49.03338961537116
C03 349.982 70.74323293855277
C03 374.975 73.58532480523812
C03 400.019 81.60760489533291
C03 424.965 83.98913998345724
C03 450.035 86.15760145495608
C03 475.003 89.14295387842178
C03 500.018 91.10724951856393
C03 525.002 93.09544594541538
C03 550.029 95.75984494735633
C03 575.023 96.79685835114006
C03 599.982 97.11631702505156
C03 619.997 97.1586934992647
C03 624.979 98.1782175972183
C03 650.012 97.63531312400463
C03 675.004 98.0515054899024
C03 700.03 97.07752187506915
C03 725.012 97.5961613591094
C03 750.022 97.87679453283315
C03 774.987 97.89701535714434
C03 799.976 97.06491136474826
C03 824.988 95.16593695406014
C03 850.022 93.52393773202927
C03 869.967 90.4399243785379
C03 875.002 89.57306940102163
C03 899.999 82.2512872253951
C03 919.999 72.8071531277403
C03 925.012 70.56722451020502
C03 949.965 57.70296750373989
C03 975.002 43.07411920830356
C03 999.976 26.033065045353805
C03 1025.028 11.200116361191057
C03 1050.014 3.9307864537302923
C03 1075.002 0.9324670920752247
C03 1099.99 0.09251852823579101
C04 319.994 43.51590059108294
C04 324.969 49.147855414830325
C04 349.982 71.01053478457867
C04 374.975 73.86758930249916
C04 400.019 81.77445514921776
C04 424.965 84.08708009610598
C04 450.035 86.21744447234535
C04 475.003 89.17919202360386
C04 500.018 91.13413980049972
C04 525.002 93.11088661238472
C04 550.029 95.77635545906408
C04 575.023 96.81560719049202
C04 599.982 97.1393073056005
C04 619.997 97.18370206846909
C04 624.979 98.20036565956892
C04 650.012 97.66572402976044
C04 675.004 98.08689382933481
C04 700.03 97.12889718516712
C04 725.012 97.67672597919805
C04 750.022 97.99003114897583
C04 774.987 98.04615626621032
C04 799.976 97.22365052625462
C04 824.988 95.32440296371841
C04 850.022 93.68532494895199
C04 869.967 90.6046728807026
C04 875.002 89.73944163917228
C04 899.999 82.4204896201942
C04 919.999 72.89064654264476
C04 925.012 70.6217183039022
C04 949.965 57.73562053091558
C04 975.002 43.14596193813115
C04 999.976 26.070596868038727
C04 1025.028 11.257931605485695
C04 1050.014 3.954389191938654
C04 1075.002 0.9335454104799579
C04 1099.99 0.09262551799727788
C05 319.994 43.542718791281025
C05 324.969 49.181384804185356
C05 349.982 71.13985700955426
C05 374.975 74.00119849397976
C05 400.019 81.7799637114879
C05 424.965 84.02313980099512
C05 450.035 86.11473937745743
C05 475.003 89.04821571243696
C05 500.018 90.9857424714647
C05 525.002 92.95528110958024
C05 550.029 95.6124264124437
C05 575.023 96.65187542020638
C05 599.982 96.97155413310664
C05 619.997 97.01802029749003
C05 624.979 98.03637591253785
C05 650.012 97.50009537164074
C05 675.004 97.92697859737132
C05 700.03 96.97911892178891
C05 725.012 97.54218351890309
C05 750.022 97.87547429890064
C05 774.987 97.94025681220981
C05 799.976 97.12246294163396
C05 824.988 95.2194823038403
C05 850.022 93.57261187385151
C05 869.967 90.4909506612744
C05 875.002 89.63091689240945
C05 899.999 82.34820301861343
C05 919.999 72.74944221227655
C05 925.012 70.50552254273838
C05 949.965 57.66480212051839
C05 975.002 43.05331414253947
C05 999.976 26.002398059740383
C05 1025.028 11.22961486389869
C05 1050.014 3.9571878128268456
C05 1075.002 0.9324539215907532
C05 1099.99 0.09251722147242122
C06 319.994 43.61676949854748
C06 324.969 49.26931693662153
C06 349.982 71.3320724475563
C06 374.975 74.22583553884174
C06 400.019 81.97993362695563
C06 424.965 84.20217566232604
C06 450.035 86.28033768537179
C06 475.003 89.21370020708127
C06 500.018 91.15423922398953
C06 525.002 93.1225942040966
C06 550.029 95.7871297819616
C06 575.023 96.82484124046827
C06 599.982 97.14887520783556
C06 619.997 97.19726102270702
C06 624.979 98.21802189152845
C06 650.012 97.67898706949626
C06 675.004 98.1097702966137
C06 700.03 97.16272248902426
C06 725.012 97.72007365998223
C06 750.022 98.04202105073203
C06 774.987 98.08709110566956
C06 799.976 97.24919022405254
C06 824.988 95.33608779277628
C06 850.022 93.65511890708225
C06 869.967 90.55675749401397
C06 875.002 89.70748287294387
C06 899.999 82.41336490948943
C06 919.999 72.75038306864225
C06 925.012 70.4886933538745
C06 949.965 57.61573721980232
C06 975.002 42.942114783930585
C06 999.976 25.95457182677996
C06 1025.028 11.19664790178646
C06 1050.014 3.962531582966402
C06 1075.002 0.9340408504892733
C06 1099.99 0.09267467509985076
C07 319.994 43.7695600198062
C07 324.969 49.443618165918615
C07 349.982 71.54437972149682
C07 374.975 74.39588015183917
C07 400.019 82.09199417264118
C07 424.965 84.28953114086066
C07 450.035 86.35994627399207
C07 475.003 89.28758778199399
C07 500.018 91.22451512446618
C07 525.002 93.19017652384888
C07 550.029 95.85069069950563
C07 575.023 96.88669495896164
C07 599.982 97.20718553985489
C07 619.997 97.25066979656312
C07 624.979 98.26978416674457
C07 650.012 97.72739564702175
C07 675.004 98.14815571882396
C07 700.03 97.18241977229326
C07 725.012 97.69343376724055
C07 750.022 97.95893736359974
C07 774.987 97.93197879370193
C07 799.976 97.06544249334179
C07 824.988 95.15728714553678
C07 850.022 93.44001941424997
C07 869.967 90.3296544949677
C07 875.002 89.47325516319283
C07 899.999 82.2742926810467
C07 919.999 72.52721042118817
C07 925.012 70.30826897064904
C07 949.965 57.46852734255143
C07 975.002 42.72273591214465
C07 999.976 25.850208851925064
C07 1025.028 11.195535377071776
C07 1050.014 3.9791627841625954
C07 1075.002 0.933249978649078
C07 1099.99 0.09259620552242562
C10 319.994 41.970449166030576
C10 324.969 47.37992939704682
C10 349.982 68.02751173937321
C10 374.975 71.14388599931382
C10 400.019 80.39556944487515
C10 424.965 83.43851897053456
C10 450.035 85.97408893833676
C10 475.003 89.18378249216231
C10 500.018 91.29658927460953
C10 525.002 93.37632192078189
C10 550.029 96.10494954478446
C10 575.023 97.17675945899639
C10 599.982 97.51262241889694
C10 619.997 97.56307204773188
C10 624.979 98.58539595212858
C10 650.012 98.04003311228193
C10 675.004 98.43435815522854
C10 700.03 97.32712955137883
C10 725.012 97.48084575390058
C10 750.022 97.3123793515811
C10 774.987 96.91729555350088
C10 799.976 95.94294014865216
C10 824.988 94.15167102918258
C10 850.022 92.49593833923304
C10 869.967 89.42650825940999
C10 875.002 88.58353130594901
C10 899.999 82.08433833334287
C10 919.999 72.84606209099277
C10 925.012 70.53276185203563
C10 949.965 57.440946593444046
C10 975.002 42.64870037998087
C10 999.976 25.79492215911324
C10 1025.028 11.287993483880047
C10 1050.014 3.9772030619190213
C10 1075.002 0.9270922341473093
C10 1099.99 0.09198523976996374
C11 319.994 42.418607885708106
C11 324.969 47.893026174835924
C11 349.982 68.89417702810607
C11 374.975 71.9901863002601
C11 400.019 80.9925048711545
C11 424.965 83.88707224288157
C11 450.035 86.33781338674413
C11 475.003 89.49966742939442
C11 500.018 91.58482517477223
C11 525.002 93.64877571416513
C11 550.029 96.37446695580056
C11 575.023 97.44677764840067
C11 599.982 97.78246609462049
C11 619.997 97.83790074468337
C11 624.979 98.86284235429108
C11 650.012 98.32317017794665
C11 675.004 98.72707829823098
C11 700.03 97.62986526214517
C11 725.012 97.82746786159598
C11 750.022 97.70429155320276
C11 774.987 97.35515037846373
C11 799.976 96.39207007490073
C11 824.988 94.57848596695115
C11 850.022 92.91468770993113
C11 869.967 89.83861852268883
C11 875.002 89.0767069677047
C11 899.999 82.18901619157823
C11 919.999 73.21892953876036
C11 925.012 71.12643463124037
C11 949.965 57.27113340076237
C11 975.002 43.085629523680694
C11 999.976 26.059259169454485
C11 1025.028 11.254992377786802
C11 1050.014 3.952915072980602
C11 1075.002 0.9308255090047202
C11 1099.99 0.09235565187162692
C12 319.994 42.63005397257196
C12 324.969 48.139211865492946
C12 349.982 69.33492271012804
C12 374.975 72.3978730211099
C12 400.019 81.17378664768096
C12 424.965 83.94245378008509
C12 450.035 86.32052894480007
C12 475.003 89.43838277725128
C12 500.018 91.49728000745421
C12 525.002 93.54346050161752
C12 550.029 96.26308928973526
C12 575.023 97.32512643782606
C12 599.982 97.65814406597549
C12 619.997 97.71419330769662
C12 624.979 98.73925631812571
C12 650.012 98.2027026253805
C12 675.004 98.60946366496727
C12 700.03 97.52801756055825
C12 725.012 97.76346686607444
C12 750.022 97.69188590676795
C12 774.987 97.39005311461062
C12 799.976 96.44929538707898
C12 824.988 94.62965641316303
C12 850.022 92.9911778149522
C12 869.967 89.91112516325836
C12 875.002 89.056903458717
C12 899.999 82.28020338353767
C12 919.999 73.03098589216064
C12 925.012 70.82332713045857
C12 949.965 57.73798025938117
C12 975.002 42.72966334651467
C12 999.976 25.889402348352633
C12 1025.028 11.312561026663012
C12 1050.014 3.95931706942059
C12 1075.002 0.9307067647803299
C12 1099.99 0.09234387017877099
C13 319.994 42.688675394196075
C13 324.969 48.20842550878251
C13 349.982 69.5293992384283
C13 374.975 72.59980052482238
C13 400.019 81.24684717949802
C13 424.965 83.93700591822564
C13 450.035 86.2768474117571
C13 475.003 89.3693360600911
C13 500.018 91.40932511236402
C13 525.002 93.44538381304473
C13 550.029 96.15370714967142
C13 575.023 97.2200919646779
C13 599.982 97.55558313456297
C13 619.997 97.61261117040647
C13 624.979 98.6365739858918
C13 650.012 98.09832826919859
C13 675.004 98.51486966245783
C13 700.03 97.45164885635857
C13 725.012 97.72838202869546
C13 750.022 97.71186392943638
C13 774.987 97.46210450209996
C13 799.976 96.53503471717896
C13 824.988 94.70372608930784
C13 850.022 93.06192414361169
C13 869.967 90.01462695103659
C13 875.002 89.18719689026364
C13 899.999 82.18428914709573
C13 919.999 73.14816044744686
C13 925.012 70.92140381903135
C13 949.965 57.522732809297835
C13 975.002 43.062627861804756
C13 999.976 25.940377415117613
C13 1025.028 11.249429754213391
C13 1050.014 3.948156255626877
C13 1075.002 0.9308963848341286
C13 1099.99 0.09236268410630855
C14 319.994 42.84134830840908
C14 324.969 48.38284434512531
C14 349.982 69.82851568720723
C14 374.975 72.87091890917043
C14 400.019 81.35568301586565
C14 424.965 83.95677148945666
C14 450.035 86.24309798341332
C14 475.003 89.3021027677003
C14 500.018 91.32238694915289
C14 525.002 93.34824798083764
C14 550.029 96.04604738376091
C14 575.023 97.10386585330872
C14 599.982 97.44001714016005
C14 619.997 97.49497377448874
C14 624.979 98.51935390529756
C14 650.012 97.98163172964657
C14 675.004 98.39921261743888
C14 700.03 97.35164492974637
C14 725.012 97.66347811456491
C14 750.022 97.69784972211826
C14 774.987 97.49209809253229
C14 799.976 96.58530224478183
C14 824.988 94.74305236788378
C14 850.022 93.10128077239298
C14 869.967 90.07997094314464
C14 875.002 89.23489982551484
C14 899.999 82.18961560813379
C14 919.999 72.99531681332878
C14 925.012 70.74550920395365
C14 949.965 57.58607748162879
C14 975.002 42.95414105279859
C14 999.976 25.923404062778346
C14 1025.028 11.266307313717034
C14 1050.014 3.9582412969076928
C14 1075.002 0.9307626125025942
C14 1099.99 0.09234941133846782
C15 319.994 43.03959964349914
C15 324.969 48.60908615709491
C15 349.982 70.20858372119295
C15 374.975 73.22455191430055
C15 400.019 81.54845234511525
C15 424.965 84.06482580803666
C15 450.035 86.30103652541717
C15 475.003 89.33147417892306
C15 500.018 91.33251633018682
C15 525.002 93.34056179133398
C15 550.029 96.03378590080146
C15 575.023 97.09096701603704
C15 599.982 97.42280098617802
C15 619.997 97.47597454594269
C15 624.979 98.50051401532959
C15 650.012 97.966456626974
C15 675.004 98.38464451887322
C15 700.03 97.35087099951006
C15 725.012 97.69599835959221
C15 750.022 97.76587970739938
C15 774.987 97.5898029910896
C15 799.976 96.69222601821272
C15 824.988 94.85018859275209
C15 850.022 93.19900084605297
C15 869.967 90.18839705174013
C15 875.002 89.35126251280808
C15 899.999 82.22973099204872
C15 919.999 72.88041093589212
C15 925.012 70.70304926667582
C15 949.965 57.61464840618556
C15 975.002 42.93158705645149
C15 999.976 25.985678890370885
C15 1025.028 11.258592670895869
C15 1050.014 3.959476407998652
C15 1075.002 0.9314107304452041
C15 1099.99 0.09241371700531985
C16 319.994 43.08027650621295
C16 324.969 48.65878082457189
C16 349.982 70.33745828063971
C16 374.975 73.36233425901611
C16 400.019 81.61476754379436
C16 424.965 84.08339254615655
C16 450.035 86.29754625180249
C16 475.003 89.31206522260484
C16 500.018 91.30111145520596
C16 525.002 93.30598531989455
C16 550.029 95.99806370911026
C16 575.023 97.05375766428392
C16 599.982 97.38570544769493
C16 619.997 97.44348465112073
C16 624.979 98.46450349668758
C16 650.012 97.93397431970338
C16 675.004 98.35496201804567
C16 700.03 97.3244435582058
C16 725.012 97.67019309749752
C16 750.022 97.7413339788265
C16 774.987 97.56031776659681
C16 799.976 96.66320363435145
C16 824.988 94.8153920823239
C16 850.022 93.14946931092972
C16 869.967 90.17061941895922
C16 875.002 89.34201328772915
C16 899.999 82.24166621030069
C16 919.999 72.82828445821185
C16 925.012 70.60158853020704
C16 949.965 57.66402060273075
C16 975.002 42.87502944879084
C16 999.976 25.928299930278083
C16 1025.028 11.230865861425258
C16 1050.014 3.971940146623392
C16 1075.002 0.9311768844806878
C16 1099.99 0.09239051502355042
C17 319.994 43.1706176861984
C17 324.969 48.760431249824066
C17 349.982 70.41240811273951
C17 374.975 73.39342045684086
C17 400.019 81.62589848160468
C17 424.965 84.08347600922124
C17 450.035 86.29356278735094
C17 475.003 89.30402241818838
C17 500.018 91.29331145243225
C17 525.002 93.2945964053388
C17 550.029 95.9781236241985
C17 575.023 97.0285138809881
C17 599.982 97.35903520474791
C17 619.997 97.4052282172832
C17 624.979 98.42611807447733
C17 650.012 97.88530017788112
C17 675.004 98.29742561626264
C17 700.03 97.249493726106
C17 725.012 97.55112924192856
C17 750.022 97.56268508261373
C17 774.987 97.32266048364177
C17 799.976 96.3968122944859
C17 824.988 94.5745025024996
C17 850.022 92.8781688253496
C17 869.967 89.89683780409213
C17 875.002 89.07983303885524
C17 899.999 82.16700470515167
C17 919.999 72.63681260024077
C17 925.012 70.41567075981412
C17 949.965 57.499378326284756
C17 975.002 42.654747658395884
C17 999.976 25.927933830926108
C17 1025.028 11.259983089678242
C17 1050.014 4.006159291817089
C17 1075.002 0.929474905836459
C17 1099.99 0.09222164626604568
