lsstCam/transmission_sensor/r31_s02/19700101T000000.ecsv
# %ECSV 1.0
# ---
# datatype:
# - {name: amp_name, datatype: string}
# - {name: wavelength, unit: nm, datatype: float32}
# - {name: efficiency, unit: '%', datatype: float64}
# meta: !!omap
# - {MODE: AMP}
# - {TYPE: transmission_sensor}
# - {CALIBDATE: '1970-01-01T00:00:00'}
# - {INSTRUME: LSSTCAM}
# - {OBSTYPE: transmission_sensor}
# - {DETECTOR: 128}
# - {PARQUETFILE: qe_raft_allvalues_nircorrected_20230725.parquet}
# - {CALIBCLS: lsst.ip.isr.IntermediateSensorTransmissionCurve}
# - {CALIB_ID: 'raftName=R31 detectorName=S02 detector=128 calibDate=1970-01-01T00:00:00 ccd=128 ccdnum=128 filter=None'}
# - {DATE: '2023-08-02T16:57:55.943808'}
# - {CALIB_CREATION_DATE: '2023-08-02'}
# - {CALIB_CREATION_TIME: '16:57:55'}
# - __serialized_columns__:
#     efficiency:
#       __class__: astropy.units.quantity.Quantity
#       unit: !astropy.units.Unit {unit: '%'}
#       value: !astropy.table.SerializedColumn {name: efficiency}
#     wavelength:
#       __class__: astropy.units.quantity.Quantity
#       unit: !astropy.units.Unit {unit: nm}
#       value: !astropy.table.SerializedColumn {name: wavelength}
# schema: astropy-2.0
amp_name wavelength efficiency
C00 319.994 43.36485290527344
C00 324.969 48.962947845458984
C00 349.982 70.38832092285156
C00 374.975 73.20753479003906
C00 400.019 81.67375183105469
C00 424.965 84.29962921142578
C00 450.035 86.61651611328125
C00 475.003 89.70272064208984
C00 500.018 91.73503875732422
C00 525.002 93.76332092285156
C00 550.029 96.46329498291016
C00 575.023 97.51470184326172
C00 599.982 97.82928466796875
C00 619.997 97.86868286132812
C00 624.979 98.89061737060547
C00 650.012 98.33399200439453
C00 675.004 98.74026489257812
C00 700.03 97.7184066772461
C00 725.012 98.14654541015625
C00 750.022 98.31320190429688
C00 774.987 98.23258209228516
C00 799.976 97.35684204101562
C00 824.988 95.47309875488281
C00 850.022 93.82997131347656
C00 869.967 90.68834686279297
C00 875.002 89.81330871582031
C00 899.999 82.68280792236328
C00 919.999 73.25331115722656
C00 925.012 70.95448303222656
C00 949.965 57.90328598022461
C00 975.002 43.2996826171875
C00 999.976 26.081621170043945
C00 1025.028 11.342761039733887
C00 1050.014 4.0005388259887695
C00 1075.002 0.9366250408916837
C00 1099.99 0.092931076097531
C01 319.994 43.56733322143555
C01 324.969 49.195289611816406
C01 349.982 70.82868194580078
C01 374.975 73.66046905517578
C01 400.019 81.94727325439453
C01 424.965 84.46595001220703
C01 450.035 86.72023010253906
C01 475.003 89.76766967773438
C01 500.018 91.77487182617188
C01 525.002 93.78931427001953
C01 550.029 96.48040771484375
C01 575.023 97.52691650390625
C01 599.982 97.84602355957031
C01 619.997 97.89122009277344
C01 624.979 98.90931701660156
C01 650.012 98.3599624633789
C01 675.004 98.77153015136719
C01 700.03 97.76409912109375
C01 725.012 98.22323608398438
C01 750.022 98.42760467529297
C01 774.987 98.38098907470703
C01 799.976 97.51385498046875
C01 824.988 95.61824798583984
C01 850.022 93.97040557861328
C01 869.967 90.82005310058594
C01 875.002 89.94953155517578
C01 899.999 82.72142791748047
C01 919.999 73.31505584716797
C01 925.012 71.07357025146484
C01 949.965 57.89310073852539
C01 975.002 43.35162353515625
C01 999.976 26.15376091003418
C01 1025.028 11.272651672363281
C01 1050.014 3.977112293243408
C01 1075.002 0.937714949952516
C01 1099.99 0.0930392158732679
C02 319.994 43.745750427246094
C02 324.969 49.399776458740234
C02 349.982 71.193359375
C02 374.975 74.02982330322266
C02 400.019 82.18950653076172
C02 424.965 84.63580322265625
C02 450.035 86.8449935913086
C02 475.003 89.86967468261719
C02 500.018 91.86448669433594
C02 525.002 93.86797332763672
C02 550.029 96.5595932006836
C02 575.023 97.60311889648438
C02 599.982 97.92124938964844
C02 619.997 97.96642303466797
C02 624.979 98.98876953125
C02 650.012 98.43992614746094
C02 675.004 98.8542709350586
C02 700.03 97.86083984375
C02 725.012 98.3487548828125
C02 750.022 98.59199523925781
C02 774.987 98.58052825927734
C02 799.976 97.72898864746094
C02 824.988 95.82147979736328
C02 850.022 94.16033935546875
C02 869.967 91.04489135742188
C02 875.002 90.16643524169922
C02 899.999 82.82855987548828
C02 919.999 73.36493682861328
C02 925.012 71.11666107177734
C02 949.965 58.0707893371582
C02 975.002 43.4024772644043
C02 999.976 26.17405891418457
C02 1025.028 11.276782035827637
C02 1050.014 3.9603073596954346
C02 1075.002 0.9392810902264404
C02 1099.99 0.09319460687246317
C03 319.994 43.659603118896484
C03 324.969 49.303794860839844
C03 349.982 71.13336181640625
C03 374.975 73.99112701416016
C03 400.019 82.05764770507812
C03 424.965 84.45231628417969
C03 450.035 86.63273620605469
C03 475.003 89.63455200195312
C03 500.018 91.60968017578125
C03 525.002 93.60884094238281
C03 550.029 96.28793334960938
C03 575.023 97.3306655883789
C03 599.982 97.65188598632812
C03 619.997 97.69449615478516
C03 624.979 98.71964263916016
C03 650.012 98.17374420166016
C03 675.004 98.59223175048828
C03 700.03 97.61287689208984
C03 725.012 98.1343765258789
C03 750.022 98.41655731201172
C03 774.987 98.4368896484375
C03 799.976 97.6001968383789
C03 824.988 95.69075012207031
C03 850.022 94.0396957397461
C03 869.967 90.93867492675781
C03 875.002 90.0670394897461
C03 899.999 82.70487976074219
C03 919.999 73.20866394042969
C03 925.012 70.95638275146484
C03 949.965 58.021183013916016
C03 975.002 43.31166076660156
C03 999.976 26.1766300201416
C03 1025.028 11.261881828308105
C03 1050.014 3.9524636268615723
C03 1075.002 0.9376093837850563
C03 1099.99 0.0930287416951142
C04 319.994 43.75587844848633
C04 324.969 49.41889190673828
C04 349.982 71.40213775634766
C04 374.975 74.27494812011719
C04 400.019 82.22541809082031
C04 424.965 84.55079650878906
C04 450.035 86.69290924072266
C04 475.003 89.67098999023438
C04 500.018 91.63671875
C04 525.002 93.6243667602539
C04 550.029 96.30453491210938
C04 575.023 97.34951782226562
C04 599.982 97.67500305175781
C04 619.997 97.71964263916016
C04 624.979 98.74191284179688
C04 650.012 98.2043228149414
C04 675.004 98.62781524658203
C04 700.03 97.66453552246094
C04 725.012 98.21538543701172
C04 750.022 98.5304183959961
C04 774.987 98.58685302734375
C04 799.976 97.75981140136719
C04 824.988 95.85009002685547
C04 850.022 94.20197296142578
C04 869.967 91.10433197021484
C04 875.002 90.23432922363281
C04 899.999 82.87501525878906
C04 919.999 73.29261779785156
C04 925.012 71.01117706298828
C04 949.965 58.05401611328125
C04 975.002 43.3838996887207
C04 999.976 26.21436882019043
C04 1025.028 11.320015907287598
C04 1050.014 3.976196527481079
C04 1075.002 0.9386936488101478
C04 1099.99 0.09313632147480996
C05 319.994 43.78284454345703
C05 324.969 49.452606201171875
C05 349.982 71.53217315673828
C05 374.975 74.40929412841797
C05 400.019 82.23095703125
C05 424.965 84.48650360107422
C05 450.035 86.58963775634766
C05 475.003 89.53929138183594
C05 500.018 91.48750305175781
C05 525.002 93.46790313720703
C05 550.029 96.13970184326172
C05 575.023 97.18488311767578
C05 599.982 97.5063247680664
C05 619.997 97.55304718017578
C05 624.979 98.57701873779297
C05 650.012 98.03778076171875
C05 675.004 98.4670181274414
C05 700.03 97.51393127441406
C05 725.012 98.0801010131836
C05 750.022 98.41522979736328
C05 774.987 98.4803695678711
C05 799.976 97.65806579589844
C05 824.988 95.74459075927734
C05 850.022 94.08863830566406
C05 869.967 90.98998260498047
C05 875.002 90.12520599365234
C05 899.999 82.80233001708984
C05 919.999 73.150634765625
C05 925.012 70.89434051513672
C05 949.965 57.98280715942383
C05 975.002 43.290740966796875
C05 999.976 26.145793914794922
C05 1025.028 11.291543006896973
C05 1050.014 3.979010581970215
C05 1075.002 0.9375961406690961
C05 1099.99 0.09302742772531482
C06 319.994 43.857303619384766
C06 324.969 49.54102325439453
C06 349.982 71.72544860839844
C06 374.975 74.63516998291016
C06 400.019 82.4320297241211
C06 424.965 84.6665267944336
C06 450.035 86.75614929199219
C06 475.003 89.7056884765625
C06 500.018 91.65692901611328
C06 525.002 93.63613891601562
C06 550.029 96.31536865234375
C06 575.023 97.35880279541016
C06 599.982 97.68462371826172
C06 619.997 97.7332763671875
C06 624.979 98.7596664428711
C06 650.012 98.21765899658203
C06 675.004 98.65081787109375
C06 700.03 97.69854736328125
C06 725.012 98.25897216796875
C06 750.022 98.58269500732422
C06 774.987 98.62801361083984
C06 799.976 97.78549194335938
C06 824.988 95.8618392944336
C06 850.022 94.17160034179688
C06 869.967 91.05615234375
C06 875.002 90.20219421386719
C06 899.999 82.86785125732422
C06 919.999 73.15158081054688
C06 925.012 70.8774185180664
C06 949.965 57.9334716796875
C06 975.002 43.17892837524414
C06 999.976 26.09770393371582
C06 1025.028 11.258394241333008
C06 1050.014 3.9843838214874268
C06 1075.002 0.9391918210306848
C06 1099.99 0.09318574966487023
C07 319.994 44.01093673706055
C07 324.969 49.716285705566406
C07 349.982 71.93892669677734
C07 374.975 74.80615234375
C07 400.019 82.54470825195312
C07 424.965 84.75436401367188
C07 450.035 86.83619689941406
C07 475.003 89.77998352050781
C07 500.018 91.72759246826172
C07 525.002 93.70409393310547
C07 550.029 96.37928009033203
C07 575.023 97.4209976196289
C07 599.982 97.74325561523438
C07 619.997 97.78697967529297
C07 624.979 98.81171417236328
C07 650.012 98.2663345336914
C07 675.004 98.68941497802734
C07 700.03 97.71835327148438
C07 725.012 98.23218536376953
C07 750.022 98.49915313720703
C07 774.987 98.4720458984375
C07 799.976 97.6007308959961
C07 824.988 95.68205261230469
C07 850.022 93.95531463623047
C07 869.967 90.82779693603516
C07 875.002 89.9666748046875
C07 899.999 82.72801208496094
C07 919.999 72.92717742919922
C07 925.012 70.69599914550781
C07 949.965 57.78544998168945
C07 975.002 42.95833969116211
C07 999.976 25.992765426635742
C07 1025.028 11.257275581359863
C07 1050.014 4.0011067390441895
C07 1075.002 0.9383965877564593
C07 1099.99 0.09310684734996737
C10 319.994 42.201904296875
C10 324.969 47.64121627807617
C10 349.982 68.40266418457031
C10 374.975 71.53622436523438
C10 400.019 80.83892822265625
C10 424.965 83.8986587524414
C10 450.035 86.44821166992188
C10 475.003 89.67560577392578
C10 500.018 91.80006408691406
C10 525.002 93.89126586914062
C10 550.029 96.63494110107422
C10 575.023 97.71266174316406
C10 599.982 98.05037689208984
C10 619.997 98.10110473632812
C10 624.979 99.12906646728516
C10 650.012 98.58069610595703
C10 675.004 98.9771957397461
C10 700.03 97.86386108398438
C10 725.012 98.01842498779297
C10 750.022 97.84902954101562
C10 774.987 97.45176696777344
C10 799.976 96.47203826904297
C10 824.988 94.67089080810547
C10 850.022 93.00602722167969
C10 869.967 89.91967010498047
C10 875.002 89.0720443725586
C10 899.999 82.5370101928711
C10 919.999 73.24778747558594
C10 925.012 70.9217300415039
C10 949.965 57.75771713256836
C10 975.002 42.88389587402344
C10 999.976 25.93717384338379
C10 1025.028 11.35024356842041
C10 1050.014 3.999136209487915
C10 1075.002 0.9322048850391441
C10 1099.99 0.09249251229455574
C11 319.994 42.65253448486328
C11 324.969 48.157142639160156
C11 349.982 69.27410888671875
C11 374.975 72.38719177246094
C11 400.019 81.43915557861328
C11 424.965 84.34968566894531
C11 450.035 86.8139419555664
C11 475.003 89.99323272705078
C11 500.018 92.08988952636719
C11 525.002 94.16522216796875
C11 550.029 96.90594482421875
C11 575.023 97.98416900634766
C11 599.982 98.32170867919922
C11 619.997 98.37744903564453
C11 624.979 99.40804290771484
C11 650.012 98.86539459228516
C11 675.004 99.27153015136719
C11 700.03 98.16826629638672
C11 725.012 98.36695861816406
C11 750.022 98.24310302734375
C11 774.987 97.89203643798828
C11 799.976 96.92364501953125
C11 824.988 95.10005950927734
C11 850.022 93.42708587646484
C11 869.967 90.33405303955078
C11 875.002 89.56793975830078
C11 899.999 82.64226531982422
C11 919.999 73.62271118164062
C11 925.012 71.5186767578125
C11 949.965 57.58696746826172
C11 975.002 43.32323455810547
C11 999.976 26.20296859741211
C11 1025.028 11.317060470581055
C11 1050.014 3.9747142791748047
C11 1075.002 0.9359587478492162
C11 1099.99 0.0928649671139682
C12 319.994 42.86514663696289
C12 324.969 48.404685974121094
C12 349.982 69.71728515625
C12 374.975 72.79712677001953
C12 400.019 81.6214370727539
C12 424.965 84.4053726196289
C12 450.035 86.79656219482422
C12 475.003 89.93161010742188
C12 500.018 92.00186157226562
C12 525.002 94.059326171875
C12 550.029 96.79395294189453
C12 575.023 97.86184692382812
C12 599.982 98.19670104980469
C12 619.997 98.25305938720703
C12 624.979 99.28377532958984
C12 650.012 98.7442626953125
C12 675.004 99.15326690673828
C12 700.03 98.06585693359375
C12 725.012 98.30260467529297
C12 750.022 98.23062896728516
C12 774.987 97.92713165283203
C12 799.976 96.98118591308594
C12 824.988 95.1515121459961
C12 850.022 93.50399780273438
C12 869.967 90.4069595336914
C12 875.002 89.54802703857422
C12 899.999 82.73395538330078
C12 919.999 73.43373107910156
C12 925.012 71.21389770507812
C12 949.965 58.05638885498047
C12 975.002 42.96530532836914
C12 999.976 26.032175064086914
C12 1025.028 11.374946594238281
C12 1050.014 3.981151580810547
C12 1075.002 0.9358393487840858
C12 1099.99 0.09285312044841564
C13 319.994 42.92409133911133
C13 324.969 48.474281311035156
C13 349.982 69.91283416748047
C13 374.975 73.00016784667969
C13 400.019 81.69490051269531
C13 424.965 84.39989471435547
C13 450.035 86.75263977050781
C13 475.003 89.8621826171875
C13 500.018 91.91342163085938
C13 525.002 93.96070861816406
C13 550.029 96.68396759033203
C13 575.023 97.75623321533203
C13 599.982 98.09357452392578
C13 619.997 98.15091705322266
C13 624.979 99.18052673339844
C13 650.012 98.63931274414062
C13 675.004 99.05815124511719
C13 700.03 97.98906707763672
C13 725.012 98.26732635498047
C13 750.022 98.25071716308594
C13 774.987 97.99958038330078
C13 799.976 97.06739807128906
C13 824.988 95.22599029541016
C13 850.022 93.57513427734375
C13 869.967 90.51103210449219
C13 875.002 89.67903900146484
C13 899.999 82.63751220703125
C13 919.999 73.55155181884766
C13 925.012 71.31251525878906
C13 949.965 57.8399543762207
C13 975.002 43.300106048583984
C13 999.976 26.083431243896484
C13 1025.028 11.311467170715332
C13 1050.014 3.9699292182922363
C13 1075.002 0.9360300145387345
C13 1099.99 0.09287203812943085
C14 319.994 43.077606201171875
C14 324.969 48.649662017822266
C14 349.982 70.2136001586914
C14 374.975 73.27278137207031
C14 400.019 81.80433654785156
C14 424.965 84.41976928710938
C14 450.035 86.71870422363281
C14 475.003 89.7945785522461
C14 500.018 91.82600402832031
C14 525.002 93.863037109375
C14 550.029 96.57571411132812
C14 575.023 97.63936614990234
C14 599.982 97.97737121582031
C14 619.997 98.03263092041016
C14 624.979 99.06266021728516
C14 650.012 98.52197265625
C14 675.004 98.94185638427734
C14 700.03 97.88851165771484
C14 725.012 98.20206451416016
C14 750.022 98.23662567138672
C14 774.987 98.02973937988281
C14 799.976 97.1179428100586
C14 824.988 95.26553344726562
C14 850.022 93.61470794677734
C14 869.967 90.57673645019531
C14 875.002 89.72700500488281
C14 899.999 82.64286804199219
C14 919.999 73.39786529541016
C14 925.012 71.13565063476562
C14 949.965 57.903648376464844
C14 975.002 43.19102096557617
C14 999.976 26.066364288330078
C14 1025.028 11.328437805175781
C14 1050.014 3.980069875717163
C14 1075.002 0.9358955044907087
C14 1099.99 0.09285869216603757
C15 319.994 43.27695083618164
C15 324.969 48.87715148925781
C15 349.982 70.59576416015625
C15 374.975 73.62836456298828
C15 400.019 81.9981689453125
C15 424.965 84.5284194946289
C15 450.035 86.77696228027344
C15 475.003 89.82411193847656
C15 500.018 91.83618927001953
C15 525.002 93.85530853271484
C15 550.029 96.56338500976562
C15 575.023 97.62639617919922
C15 599.982 97.9600601196289
C15 619.997 98.0135269165039
C15 624.979 99.04371643066406
C15 650.012 98.5067138671875
C15 675.004 98.92720794677734
C15 700.03 97.88773345947266
C15 725.012 98.2347640991211
C15 750.022 98.3050308227539
C15 774.987 98.12798309326172
C15 799.976 97.22545623779297
C15 824.988 95.37326049804688
C15 850.022 93.71296691894531
C15 869.967 90.68576049804688
C15 875.002 89.84400939941406
C15 899.999 82.6832046508789
C15 919.999 73.2823257446289
C15 925.012 71.09295654296875
C15 949.965 57.932376861572266
C15 975.002 43.16834259033203
C15 999.976 26.128982543945312
C15 1025.028 11.320680618286133
C15 1050.014 3.981311798095703
C15 1075.002 0.9365471966200664
C15 1099.99 0.09292335246041518
C16 319.994 43.31785202026367
C16 324.969 48.927120208740234
C16 349.982 70.72534942626953
C16 374.975 73.76690673828125
C16 400.019 82.06484985351562
C16 424.965 84.54708862304688
C16 450.035 86.77345275878906
C16 475.003 89.80459594726562
C16 500.018 91.80461120605469
C16 525.002 93.82054138183594
C16 550.029 96.5274658203125
C16 575.023 97.58898162841797
C16 599.982 97.92276000976562
C16 619.997 97.9808578491211
C16 624.979 99.00750732421875
C16 650.012 98.47405242919922
C16 675.004 98.8973617553711
C16 700.03 97.86116027832031
C16 725.012 98.20881652832031
C16 750.022 98.28034973144531
C16 774.987 98.09833526611328
C16 799.976 97.19627380371094
C16 824.988 95.33827209472656
C16 850.022 93.66316223144531
C16 869.967 90.66788482666016
C16 875.002 89.83470916748047
C16 899.999 82.69520568847656
C16 919.999 73.22991180419922
C16 925.012 70.99093627929688
C16 949.965 57.98202133178711
C16 975.002 43.111473083496094
C16 999.976 26.071287155151367
C16 1025.028 11.292800903320312
C16 1050.014 3.9938442707061768
C16 1075.002 0.9363120610613382
C16 1099.99 0.09290002252629277
C17 319.994 43.40869140625
C17 324.969 49.02933120727539
C17 349.982 70.80071258544922
C17 374.975 73.79816436767578
C17 400.019 82.07604217529297
C17 424.965 84.54717254638672
C17 450.035 86.76944732666016
C17 475.003 89.7965087890625
C17 500.018 91.79676818847656
C17 525.002 93.80908966064453
C17 550.029 96.50741577148438
C17 575.023 97.5635986328125
C17 599.982 97.89594268798828
C17 619.997 97.94239044189453
C17 624.979 98.96891021728516
C17 650.012 98.42510986328125
C17 675.004 98.83950805664062
C17 700.03 97.78579711914062
C17 725.012 98.08909606933594
C17 750.022 98.10071563720703
C17 774.987 97.85936737060547
C17 799.976 96.92841339111328
C17 824.988 95.09605407714844
C17 850.022 93.39036560058594
C17 869.967 90.39259338378906
C17 875.002 89.57108306884766
C17 899.999 82.62013244628906
C17 919.999 73.03738403320312
C17 925.012 70.80399322509766
C17 949.965 57.816471099853516
C17 975.002 42.889976501464844
C17 999.976 26.070919036865234
C17 1025.028 11.322078704833984
C17 1050.014 4.028252124786377
C17 1075.002 0.9346006964873035
C17 1099.99 0.09273022250545537
