lsstCam/transmission_filter_detector/r42_s02/g_6/19700101T000000.ecsv
# %ECSV 1.0
# ---
# datatype:
# - {name: wavelength, unit: nm, datatype: float32}
# - {name: efficiency, unit: '%', datatype: float64}
# meta: !!omap
# - {MODE: DETECTOR}
# - {TYPE: transmission_filter_detector}
# - {CALIBDATE: '1970-01-01T00:00:00'}
# - {INSTRUME: LSSTCam}
# - {OBSTYPE: transmission_filter_detector}
# - {CALIBCLS: lsst.ip.isr.IntermediateFilterDetectorTransmissionCurve}
# - {SOURCE: Materion (DM-46256)}
# - {DETECTOR: 173}
# - {FILTER: g_6}
# - {CALIB_ID: 'calibDate=1970-01-01T00:00:00 filter=g_6 detector=173'}
# - {DATE: '2025-04-02T15:59:42.827734'}
# - {CALIB_CREATION_DATE: '2025-04-02'}
# - {CALIB_CREATION_TIME: '15:59:42'}
# - __serialized_columns__:
#     efficiency:
#       __class__: astropy.units.quantity.Quantity
#       unit: !astropy.units.Unit {unit: '%'}
#       value: !astropy.table.SerializedColumn {name: efficiency}
#     wavelength:
#       __class__: astropy.units.quantity.Quantity
#       unit: !astropy.units.Unit {unit: nm}
#       value: !astropy.table.SerializedColumn {name: wavelength}
# schema: astropy-2.0
wavelength efficiency
300.0 0.34605488181114197
301.0 0.29539987444877625
302.0 0.2447448903694749
303.0 0.23491622414439917
304.0 0.22508760448545218
305.0 0.2209818223491311
306.0 0.21687601692974567
307.0 0.21306299604475498
308.0 0.2092499751597643
309.0 0.19852726254612207
310.0 0.1878045150078833
311.0 0.1884440309368074
312.0 0.18908354686573148
313.0 0.1892630010843277
314.0 0.18944247858598828
315.0 0.18372181802988052
316.0 0.1780011923983693
317.0 0.17467967700213194
318.0 0.17135818488895893
319.0 0.1593483961187303
320.0 0.14733860734850168
321.0 0.13638618402183056
322.0 0.12543374905362725
323.0 0.11275616707280278
324.0 0.10007857345044613
325.0 0.08950216579250991
326.0 0.07892574649304152
327.0 0.07313978858292103
328.0 0.06735383067280054
329.0 0.06252694875001907
330.0 0.0577000726480037
331.0 0.053564878180623055
332.0 0.0494296895340085
333.0 0.04637034726329148
334.0 0.04331100499257445
335.0 0.04136981733608991
336.0 0.039428629679605365
337.0 0.039578365976922214
338.0 0.03972810227423906
339.0 0.039469089824706316
340.0 0.03921007155440748
341.0 0.037404694012366235
342.0 0.03559931647032499
343.0 0.032299180747941136
344.0 0.02899904502555728
345.0 0.025509344413876534
346.0 0.022019643802195787
347.0 0.020403106464073062
348.0 0.018786573491524905
349.0 0.01715603721095249
350.0 0.20921991672366858
351.0 1.0547851212322712
352.0 0.4738337825983763
353.0 0.8351322263479233
354.0 0.38062199018895626
355.0 0.7307474035769701
356.0 0.4134766757488251
357.0 0.9690438397228718
358.0 0.24668723344802856
359.0 0.8711797185242176
360.0 0.1919025555253029
361.0 0.7356712128967047
362.0 0.2092170063406229
363.0 0.8313148282468319
364.0 0.2753376727923751
365.0 0.8042036555707455
366.0 0.2955254400148988
367.0 0.7247758563607931
368.0 0.25945452507585287
369.0 0.6442780140787363
370.0 0.20302729681134224
371.0 0.5879537668079138
372.0 0.17449375009164214
373.0 0.6797194946557283
374.0 0.22364153992384672
375.0 0.5368305835872889
376.0 0.2077843528240919
377.0 0.5306263454258442
378.0 0.2194036729633808
379.0 0.574468495324254
380.0 0.2302051754668355
381.0 0.5585754290223122
382.0 0.5480912048369646
383.0 0.5429951008409262
384.0 0.5908296909183264
385.0 0.5500484257936478
386.0 0.574573827907443
387.0 0.6995735224336386
388.0 0.8471191860735416
389.0 1.1280128732323647
390.0 1.5863332897424698
391.0 2.4858636781573296
392.0 3.942618891596794
393.0 6.234351918101311
394.0 9.446921199560165
395.0 13.789966702461243
396.0 19.30457353591919
397.0 26.237893104553223
398.0 34.49680507183075
399.0 43.53565871715546
400.0 52.8736412525177
401.0 62.04173564910889
402.0 70.61648368835449
403.0 78.046315908432
404.0 83.54729413986206
405.0 87.80246376991272
406.0 90.23784399032593
407.0 92.32182502746582
408.0 93.40329766273499
409.0 94.0955638885498
410.0 94.3514347076416
411.0 94.2220687866211
412.0 93.91276836395264
413.0 93.66669654846191
414.0 93.5010015964508
415.0 93.58488917350769
416.0 93.92956495285034
417.0 94.2141592502594
418.0 94.6763277053833
419.0 95.2792763710022
420.0 95.82313299179077
421.0 96.42868638038635
422.0 96.52444124221802
423.0 96.80836796760559
424.0 96.62066102027893
425.0 96.60866260528564
426.0 96.56504988670349
427.0 96.54942154884338
428.0 96.36091589927673
429.0 96.22564315795898
430.0 96.05516791343689
431.0 96.06930613517761
432.0 96.17027640342712
433.0 96.22939229011536
434.0 96.27095460891724
435.0 96.43133878707886
436.0 96.51102423667908
437.0 96.4883804321289
438.0 96.55851125717163
439.0 96.63749933242798
440.0 96.59259915351868
441.0 96.7417061328888
442.0 96.75688147544861
443.0 96.70979976654053
444.0 96.65612578392029
445.0 96.40974402427673
446.0 96.28493189811707
447.0 96.08211517333984
448.0 96.08215093612671
449.0 96.19094133377075
450.0 96.4188277721405
451.0 96.59950137138367
452.0 96.8255877494812
453.0 96.8954086303711
454.0 96.97103500366211
455.0 97.25672006607056
456.0 97.40280508995056
457.0 97.56491780281067
458.0 97.51108884811401
459.0 97.57074117660522
460.0 97.58263826370239
461.0 97.73823618888855
462.0 97.63990044593811
463.0 97.58315086364746
464.0 97.69041538238525
465.0 97.63385653495789
466.0 97.63795137405396
467.0 97.63764142990112
468.0 97.6180911064148
469.0 97.71563410758972
470.0 97.5177526473999
471.0 97.44218587875366
472.0 97.49481081962585
473.0 97.40660190582275
474.0 97.23463654518127
475.0 97.35538959503174
476.0 97.29860424995422
477.0 97.3220944404602
478.0 97.42779731750488
479.0 97.45123386383057
480.0 97.59143590927124
481.0 97.69676923751831
482.0 97.88818955421448
483.0 97.77694344520569
484.0 97.9575514793396
485.0 97.99109697341919
486.0 97.97475337982178
487.0 98.06301593780518
488.0 98.05893898010254
489.0 98.14590811729431
490.0 98.12268018722534
491.0 98.13811182975769
492.0 98.0518102645874
493.0 98.05867671966553
494.0 98.02674055099487
495.0 98.08947443962097
496.0 97.91736006736755
497.0 97.83790707588196
498.0 97.65095114707947
499.0 97.69439101219177
500.0 97.62282967567444
501.0 97.57408499717712
502.0 97.52497673034668
503.0 97.62409925460815
504.0 97.48783707618713
505.0 97.48435020446777
506.0 97.53033518791199
507.0 97.47514724731445
508.0 97.49956727027893
509.0 97.48452305793762
510.0 97.45277166366577
511.0 97.40376472473145
512.0 97.32185006141663
513.0 97.38413095474243
514.0 97.34699726104736
515.0 97.38571643829346
516.0 97.46773838996887
517.0 97.45715856552124
518.0 97.55260348320007
519.0 97.5623607635498
520.0 97.60573506355286
521.0 97.75121212005615
522.0 97.75888323783875
523.0 97.74269461631775
524.0 97.75828123092651
525.0 97.71609306335449
526.0 97.85686135292053
527.0 97.81206846237183
528.0 97.8896975517273
529.0 98.01194071769714
530.0 97.98458814620972
531.0 98.15759658813477
532.0 98.0238676071167
533.0 98.0156421661377
534.0 98.09867739677429
535.0 97.88935780525208
536.0 97.5965142250061
537.0 97.1173107624054
538.0 96.42976522445679
539.0 95.2207863330841
540.0 93.70042681694031
541.0 91.25548005104065
542.0 88.64398002624512
543.0 85.20002961158752
544.0 80.7504415512085
545.0 76.78211331367493
546.0 71.83646559715271
547.0 67.23289489746094
548.0 62.57466673851013
549.0 58.32610726356506
550.0 54.96985912322998
551.0 51.7068088054657
552.0 49.286410212516785
553.0 46.8283474445343
554.0 44.11313831806183
555.0 41.12763702869415
556.0 37.12354600429535
557.0 32.435253262519836
558.0 27.172401547431946
559.0 21.852228045463562
560.0 16.555842757225037
561.0 11.543931066989899
562.0 7.615319639444351
563.0 4.590051248669624
564.0 2.5751667097210884
565.0 1.0255085304379463
566.0 0.6793572567403316
567.0 0.30922244768589735
568.0 0.20531949121505022
569.0 0.10193950729444623
570.0 0.08865635027177632
571.0 0.04879439948126674
572.0 0.06111225229687989
573.0 0.02561412111390382
574.0 0.03718748048413545
575.0 0.02226825599791482
576.0 0.036437384551391006
577.0 0.016944215167313814
578.0 0.034676576615311205
579.0 0.014489043678622693
580.0 0.030828765011392534
581.0 0.019438767048995942
582.0 0.034930175752379
583.0 0.01263201265828684
584.0 0.021991980611346662
585.0 0.0056420802138745785
586.0 0.023179703566711396
587.0 0.008545421587768942
588.0 0.023194673121906817
589.0 0.011231219832552597
590.0 0.021789978200104088
591.0 0.00995787704596296
592.0 0.014890207967255265
593.0 0.009763806156115606
594.0 0.019736960530281067
595.0 0.0033575397537788376
596.0 0.015843441360630095
597.0 0.010989164002239704
598.0 0.021093680697958916
599.0 0.011825886031147093
600.0 0.011655611160676926
601.0 0.0023129898181650788
602.0 0.0022973290469963104
603.0 0.0022816680939286016
604.0 0.002159980431315489
605.0 0.0020382925868034363
606.0 0.001994686317630112
607.0 0.0019510802303557284
608.0 0.001973696817003656
609.0 0.0019963132217526436
610.0 0.002009949639614206
611.0 0.002023586057475768
612.0 0.001979493026738055
613.0 0.0019354005416971631
614.0 0.001904453347378876
615.0 0.001873506153060589
616.0 0.0018066211850964464
617.0 0.0017397362171323039
618.0 0.0017075881260097958
619.0 0.0016754402167862281
620.0 0.001605600118637085
621.0 0.0015357600204879418
622.0 0.0015498359061894007
623.0 0.0015639117918908596
624.0 0.0015514808183070272
625.0 0.0015390502085210755
626.0 0.0014503651073027868
627.0 0.0013616802789329085
628.0 0.001408938169333851
629.0 0.0014561960597347934
630.0 0.0014407901289814617
631.0 0.0014253841982281301
632.0 0.001466080175305251
633.0 0.0015067763342813123
634.0 0.001390731085848529
635.0 0.0012746858374157455
636.0 0.0013333739843801595
637.0 0.0013920621313445736
638.0 0.0012954974408785347
639.0 0.0011989326594630256
640.0 0.0012610895282705314
641.0 0.0013232465789769776
642.0 0.0012454458556021564
643.0 0.0011676454050757457
644.0 0.0011896971045644023
645.0 0.00121174934974988
646.0 0.00123113013614784
647.0 0.0012505108315963298
648.0 0.0013143627256795298
649.0 0.0013782144378637895
650.0 0.001243094084202312
651.0 0.0011079738214903045
652.0 0.001194163542095339
653.0 0.0012803535355487838
654.0 0.0011930859727726784
655.0 0.001105818500946043
656.0 0.0011065341823268682
657.0 0.0011072499546571635
658.0 0.001097135100280866
659.0 0.0010870201549550984
660.0 0.0010809217201313004
661.0 0.0010748229215096217
662.0 0.0011582349543459713
663.0 0.001241646987182321
664.0 0.0012135767974541523
665.0 0.0011855066986754537
666.0 0.0011608851309574675
667.0 0.001136263381340541
668.0 0.001161158797913231
669.0 0.001186054214485921
670.0 0.001087261080101598
671.0 0.0009884679457172751
672.0 0.0009738220796862151
673.0 0.0009591764865035657
674.0 0.0009967020559997763
675.0 0.0010342277164454572
676.0 0.0010382046639278997
677.0 0.001042181520460872
678.0 0.001039262133417651
679.0 0.0010363424735260196
680.0 0.0010397338883194607
681.0 0.0010431256669107825
682.0 0.0010265070159221068
683.0 0.0010098887287313119
684.0 0.0009588078683009371
685.0 0.0009077269169210922
686.0 0.0009577594937582035
687.0 0.0010077919796458445
688.0 0.0009992003469960764
689.0 0.0009906084414978977
690.0 0.0010054561244032811
691.0 0.0010203038073086645
692.0 0.0010022795322583988
693.0 0.0009842552572081331
694.0 0.0010016117812483571
695.0 0.0010189683052885812
696.0 0.0010160678357351571
697.0 0.001013167366181733
698.0 0.0010320876754121855
699.0 0.001051007984642638
700.0 0.0010664320143405348
701.0 0.0010818558621394914
702.0 0.0011073494533775374
703.0 0.0011328428627166431
704.0 0.0011587500921450555
705.0 0.001184657412522938
706.0 0.0010884274161071517
707.0 0.0009921974196913652
708.0 0.0010737980119301938
709.0 0.0011553987860679626
710.0 0.0011584185813262593
711.0 0.001161438376584556
712.0 0.0011724766409315635
713.0 0.001183514905278571
714.0 0.001272080680791987
715.0 0.001360646365355933
716.0 0.0014057377484277822
717.0 0.0014508295862469822
718.0 0.0015331261238316074
719.0 0.001615422843315173
720.0 0.0013559803846874274
721.0 0.0010965377441607416
722.0 0.001253677601198433
723.0 0.001410817731084535
724.0 0.0014686005670228042
725.0 0.0015263833120116033
726.0 0.001593220622453373
727.0 0.0016600577509962022
728.0 0.001686101677478291
729.0 0.0017121457858593203
730.0 0.0017430924344807863
731.0 0.001774039446900133
732.0 0.0017225895135197788
733.0 0.001671139762038365
734.0 0.0015763818737468682
735.0 0.001481624258303782
736.0 0.0012730364687740803
737.0 0.0010644484973454382
738.0 0.0009873071576294024
739.0 0.0009101658179133665
740.0 0.0009800554835237563
741.0 0.0010499452400836162
742.0 0.0010671110430848785
743.0 0.0010842773008334916
744.0 0.0009951522770279553
745.0 0.0009060275260708295
746.0 0.000847055980557343
747.0 0.0007880845259933267
748.0 0.0007985236152308062
749.0 0.0008089627954177558
750.0 0.0008158542186720297
751.0 0.0008227457328757737
752.0 0.0008650834388390649
753.0 0.0009074211448023561
754.0 0.0008311869351018686
755.0 0.0007549525889771758
756.0 0.000823883692646632
757.0 0.0008928147508413531
758.0 0.0008474570677208249
759.0 0.0008020994755497668
760.0 0.0008171678018698003
761.0 0.0008322361281898338
762.0 0.0007997620741662104
763.0 0.0007672879291931167
764.0 0.0006557881988555891
765.0 0.0005442885139927967
766.0 0.000564828314963961
767.0 0.0005853681159351254
768.0 0.000611098994340864
769.0 0.0006368298727466026
770.0 0.0005783005690318532
771.0 0.000519771356266574
772.0 0.0005427841642813291
773.0 0.0005657969722960843
774.0 0.0006333159490168327
775.0 0.0007008350166870514
776.0 0.0006463207228080137
777.0 0.0005918063379795058
778.0 0.0006163675152492942
779.0 0.0006409286925190827
780.0 0.0005952142146270489
781.0 0.0005494998276844854
782.0 0.0005012109340896131
783.0 0.00045292208596947603
784.0 0.000444622401118977
785.0 0.00043632276174321305
786.0 0.0004841433565161424
787.0 0.000531964087713277
788.0 0.0005034069090470439
789.0 0.00047484954848187044
790.0 0.0003925211785826832
791.0 0.0003101929223703337
792.0 0.0003432346147747012
793.0 0.00037627628444170114
794.0 0.00030499375043291366
795.0 0.00023371119368675863
796.0 0.0003560954837666941
797.0 0.0004784798420587322
798.0 0.0004057824753544992
799.0 0.00033308508591289865
800.0 0.00031750942071084864
801.0 0.00030193380098353373
802.0 0.00037866795992158586
803.0 0.00045540214159700554
804.0 0.00047315525080193765
805.0 0.0004909084054816049
806.0 0.000513591385242762
807.0 0.0005362743195291841
808.0 0.0004900558451481629
809.0 0.0004438373707671417
810.0 0.0004173406068730401
811.0 0.0003908437975042034
812.0 0.0003209998794773128
813.0 0.0002511559159756871
814.0 0.0003298627689218847
815.0 0.00040856957639334723
816.0 0.00040565605559095275
817.0 0.00040274258026329335
818.0 0.00042852648221014533
819.0 0.0004543103841569973
820.0 0.00040100217120198067
821.0 0.0003476940946711693
822.0 0.00047519870349788107
823.0 0.0006027032668498578
824.0 0.0003910176474164473
825.0 0.00017933202798303682
826.0 0.00034856375350500457
827.0 0.0005177954335522372
828.0 0.000444158649770543
829.0 0.0003705217977767461
830.0 0.00030719913866050774
831.0 0.00024387645680690184
832.0 0.0003420596158321132
833.0 0.00044024277485732455
834.0 0.0004661322236643173
835.0 0.0004920217179460451
836.0 0.00041585390135878697
837.0 0.00033968608477152884
838.0 0.00038862458495714236
839.0 0.0004375630851427559
840.0 0.0004075847300555324
841.0 0.0003776064431804116
842.0 0.0004151665507379221
843.0 0.0004527266810328001
844.0 0.0004895694928563898
845.0 0.0005264123046799796
846.0 0.00044084677028877195
847.0 0.00035528119042282924
848.0 0.00043034674490627367
849.0 0.000505412253914983
850.0 0.00041196199163096026
851.0 0.0003185118430337752
852.0 0.00022614995032199658
853.0 0.00013378809171626926
854.0 0.00019816163785435492
855.0 0.00026253519536112435
856.0 0.00032668651783751557
857.0 0.0003908378403139068
858.0 0.00044989315028942656
859.0 0.0005089485057396814
860.0 0.00043206423470110167
861.0 0.0003551799181877868
862.0 0.00033644405448285397
863.0 0.00031770814530318603
864.0 0.0003300667231087573
865.0 0.00034242530091432855
866.0 0.0003102996288362192
867.0 0.0002781739340207423
868.0 0.00032630653095111484
869.0 0.0003744391051441198
870.0 0.0004023738711111946
871.0 0.0004303086370782694
872.0 0.0004046544745506253
873.0 0.0003790004029724514
874.0 0.00046732398004678544
875.0 0.0005556475571211195
876.0 0.0004505911874730373
877.0 0.0003455348178249551
878.0 0.0004490593710215762
879.0 0.0005525838332687272
880.0 0.0005474587396747665
881.0 0.0005423334641818656
882.0 0.0005656919256580295
883.0 0.0005890502961847233
884.0 0.0005176376362214796
885.0 0.000446224976258236
886.0 0.00044534522203321103
887.0 0.0004444653768587159
888.0 0.0005284693088469794
889.0 0.0006124731953605078
890.0 0.0005876509476365754
891.0 0.0005628286999126431
892.0 0.0005052992946730228
893.0 0.0004477697984839324
894.0 0.00048525171223445795
895.0 0.0005227335805102484
896.0 0.0005210857580095762
897.0 0.0005194379809836391
898.0 0.0004932453975925455
899.0 0.0004670528596761869
900.0 0.0003766518375414307
901.0 0.00028625083814404206
902.0 0.0003306774488009978
903.0 0.0003751039912458509
904.0 0.0003204101403753157
905.0 0.00026571628950478043
