lsstCam/transmission_filter_detector/r42_s02/g_6/19700101T000000.ecsv
# %ECSV 1.0
# ---
# datatype:
# - {name: wavelength, unit: nm, datatype: float32}
# - {name: efficiency, unit: '%', datatype: float64}
# meta: !!omap
# - {MODE: DETECTOR}
# - {TYPE: transmission_filter_detector}
# - {CALIBDATE: '1970-01-01T00:00:00'}
# - {INSTRUME: LSSTCam}
# - {OBSTYPE: transmission_filter_detector}
# - {CALIBCLS: lsst.ip.isr.IntermediateFilterDetectorTransmissionCurve}
# - {SOURCE: Materion (DM-46256)}
# - {DETECTOR: 173}
# - {FILTER: g_6}
# - {CALIB_ID: 'calibDate=1970-01-01T00:00:00 filter=g_6 detector=173'}
# - {DATE: '2025-04-02T15:59:42.827734'}
# - {CALIB_CREATION_DATE: '2025-04-02'}
# - {CALIB_CREATION_TIME: '15:59:42'}
# - __serialized_columns__:
#     efficiency:
#       __class__: astropy.units.quantity.Quantity
#       unit: !astropy.units.Unit {unit: '%'}
#       value: !astropy.table.SerializedColumn {name: efficiency}
#     wavelength:
#       __class__: astropy.units.quantity.Quantity
#       unit: !astropy.units.Unit {unit: nm}
#       value: !astropy.table.SerializedColumn {name: wavelength}
# schema: astropy-2.0
wavelength efficiency
[from data line 607]
907.0 0.0003116054585916572
908.0 0.00030607714052166557
909.0 0.0003005488224516739
910.0 0.000303113574773306
911.0 0.0003056783498323057
912.0 0.00035439386465441203
913.0 0.00040310937947651837
914.0 0.00042737078729260247
915.0 0.00045163224058342166
916.0 0.00039299161471717525
917.0 0.0003343510570630315
918.0 0.00035168179692846024
919.0 0.00036901255953125656
920.0 0.0003887374077748973
921.0 0.00040846221054380294
922.0 0.000376379330191412
923.0 0.0003442964498390211
924.0 0.0003260047606090666
925.0 0.0003077130713791121
926.0 0.00037781392165925354
927.0 0.000447914771939395
928.0 0.0004567016731016338
929.0 0.0004654885287891375
930.0 0.0004692559741670266
931.0 0.00047302341954491567
932.0 0.00042725955609057564
933.0 0.00038149564716150053
934.0 0.0004884395366389072
935.0 0.0005953834715910489
936.0 0.0005344230885384604
937.0 0.000473462705485872
938.0 0.0005203850832913304
939.0 0.0005673075065715238
940.0 0.0005503623924596468
941.0 0.0005334172328730347
942.0 0.0005742439952882705
943.0 0.0006150707122287713
944.0 0.0005960995622444898
945.0 0.0005771283667854732
946.0 0.0007552555871370714
947.0 0.0009333827620139346
948.0 0.0007964593351061922
949.0 0.0006595357262995094
950.0 0.0006602682333323173
951.0 0.0006610006494156551
952.0 0.000711661459718016
953.0 0.0007623222700203769
954.0 0.0008386078661715146
955.0 0.0009148935532721225
956.0 0.0008111642273433972
957.0 0.0007074349014146719
958.0 0.0006914239747857209
959.0 0.00067541304815677
960.0 0.000655056601317483
961.0 0.0006347001544781961
962.0 0.0005951459115749458
963.0 0.0005555915777222253
964.0 0.0005373150543164229
965.0 0.0005190384399611503
966.0 0.0005356133442546707
967.0 0.000552188203073456
968.0 0.0006094539912737673
969.0 0.0006667197339993436
970.0 0.0006225942343007773
971.0 0.0005784687800769461
972.0 0.0006035812475602143
973.0 0.0006286938059929525
974.0 0.0006513510470540496
975.0 0.0006740083335898817
976.0 0.0007323046702367719
977.0 0.0007906010068836622
978.0 0.0008742853424337227
979.0 0.000957969587034313
980.0 0.0009175138984574005
981.0 0.0008770583917794283
982.0 0.0009589055480319075
983.0 0.0010407527952338569
984.0 0.0011951694432354998
985.0 0.0013495861821866129
986.0 0.0013280203347676434
987.0 0.0013064547601970844
988.0 0.0012796551345672924
989.0 0.00125285532703856
990.0 0.0013337600648810621
991.0 0.0014146645298751537
992.0 0.0013635133655043319
993.0 0.0013123620192345697
994.0 0.0014044375348021276
995.0 0.0014965130503696855
996.0 0.00139641042551375
997.0 0.0012963078916072845
998.0 0.0013066260180494282
999.0 0.0013169444173399825
1000.0 0.0013085469618090428
1001.0 0.0013001496881770436
1002.0 0.0012062416317348834
1003.0 0.0011123336662421934
1004.0 0.0012324974704824854
1005.0 0.0013526612747227773
1006.0 0.0013063456208328716
1007.0 0.0012600300578924362
1008.0 0.0012645236893149558
1009.0 0.0012690172297880054
1010.0 0.001353922561975196
1011.0 0.0014388279851118568
1012.0 0.0013953436791780405
1013.0 0.0013518591913452838
1014.0 0.001535750925540924
1015.0 0.0017196427506860346
1016.0 0.0018377799278823659
1017.0 0.001955916923179757
1018.0 0.0021554078557528555
1019.0 0.002354898606427014
1020.0 0.002457774826325476
1021.0 0.002560651228122879
1022.0 0.002840926026692614
1023.0 0.0031212010071612895
1024.0 0.003279183874838054
1025.0 0.003437166742514819
1026.0 0.003680619556689635
1027.0 0.003924072370864451
1028.0 0.004116688796784729
1029.0 0.004309305222705007
1030.0 0.004442632780410349
1031.0 0.004575960701913573
1032.0 0.0046185992687242106
1033.0 0.004661237835534848
1034.0 0.004827234806725755
1035.0 0.004993231777916662
1036.0 0.005144877286511473
1037.0 0.005296522795106284
1038.0 0.005267462620395236
1039.0 0.005238402081886306
1040.0 0.0055488042562501505
1041.0 0.005859206430613995
1042.0 0.0059391728427726775
1043.0 0.006019139982527122
1044.0 0.006210821447893977
1045.0 0.006402502185665071
1046.0 0.00681846504448913
1047.0 0.007234426448121667
1048.0 0.00781776470830664
1049.0 0.008401102240895852
1050.0 0.00944137282203883
1051.0 0.010481641947990283
1052.0 0.012191623682156205
1053.0 0.013901606143917888
1054.0 0.016542842786293477
1055.0 0.019184079428669065
1056.0 0.023031022283248603
1057.0 0.026877957861870527
1058.0 0.03248806460760534
1059.0 0.0380981684429571
1060.0 0.04533079045359045
1061.0 0.052563409553840756
1062.0 0.06082115578465164
1063.0 0.06907890201546252
1064.0 0.07818004814907908
1065.0 0.08728120592422783
1066.0 0.09581116028130054
1067.0 0.10434110881760716
1068.0 0.1129568787291646
1069.0 0.1215726719237864
1070.0 0.1308230683207512
1071.0 0.14007346471771598
1072.0 0.1493863994255662
1073.0 0.15869933413341641
1074.0 0.16838964074850082
1075.0 0.17807994736358523
1076.0 0.18738515209406614
1077.0 0.19669034518301487
1078.0 0.20575150847434998
1079.0 0.21481269504874945
1080.0 0.22583655081689358
1081.0 0.23686038330197334
1082.0 0.24982260074466467
1083.0 0.26278479490429163
1084.0 0.28279414400458336
1085.0 0.30280344653874636
1086.0 0.3332190681248903
1087.0 0.36363464314490557
1088.0 0.40595559403300285
1089.0 0.4482765216380358
1090.0 0.4974978044629097
1091.0 0.5467190407216549
1092.0 0.6158311385661364
1093.0 0.6849432829767466
1094.0 0.768733536824584
1095.0 0.8525238372385502
1096.0 0.9184964001178741
1097.0 0.9844689629971981
1098.0 1.051563210785389
1099.0 1.1186575517058372
1100.0 1.220277789980173
1101.0 1.3218981213867664
