lsstCam/transmission_filter_detector/r42_s22/u_24/19700101T000000.ecsv
# %ECSV 1.0
# ---
# datatype:
# - {name: wavelength, unit: nm, datatype: float32}
# - {name: efficiency, unit: '%', datatype: float64}
# meta: !!omap
# - {MODE: DETECTOR}
# - {TYPE: transmission_filter_detector}
# - {CALIBDATE: '1970-01-01T00:00:00'}
# - {INSTRUME: LSSTCam}
# - {OBSTYPE: transmission_filter_detector}
# - {CALIBCLS: lsst.ip.isr.IntermediateFilterDetectorTransmissionCurve}
# - {SOURCE: Materion (DM-46256)}
# - {DETECTOR: 179}
# - {FILTER: u_24}
# - {CALIB_ID: 'calibDate=1970-01-01T00:00:00 filter=u_24 detector=179'}
# - {DATE: '2025-04-02T15:59:40.580368'}
# - {CALIB_CREATION_DATE: '2025-04-02'}
# - {CALIB_CREATION_TIME: '15:59:40'}
# - __serialized_columns__:
#     efficiency:
#       __class__: astropy.units.quantity.Quantity
#       unit: !astropy.units.Unit {unit: '%'}
#       value: !astropy.table.SerializedColumn {name: efficiency}
#     wavelength:
#       __class__: astropy.units.quantity.Quantity
#       unit: !astropy.units.Unit {unit: nm}
#       value: !astropy.table.SerializedColumn {name: wavelength}
# schema: astropy-2.0
wavelength efficiency
[from data line 582]
877.0 0.002976832547574304
878.0 0.0030508199415635318
879.0 0.0031392730306833982
880.0 0.003227725756005384
881.0 0.003369963451405056
882.0 0.0035122015106026083
883.0 0.0034413540561217815
884.0 0.0033705069654388353
885.0 0.0033809577871579677
886.0 0.0033914086088771
887.0 0.003359726906637661
888.0 0.0033280452043982223
889.0 0.00318050806527026
890.0 0.003032970562344417
891.0 0.00310146133415401
892.0 0.003169951742165722
893.0 0.0032612089853500947
894.0 0.0033524662285344675
895.0 0.0031999687053030357
896.0 0.0030474715458694845
897.0 0.003227011256967671
898.0 0.003406550968065858
899.0 0.0038144262362038717
900.0 0.004222301868139766
901.0 0.004344632179709151
902.0 0.004466962491278537
903.0 0.00467130885226652
904.0 0.004875655213254504
905.0 0.005139702625456266
906.0 0.005403750037658028
907.0 0.005590604632743634
908.0 0.0057774588640313596
909.0 0.005792218871647492
910.0 0.005806979243061505
911.0 0.0057794379245024174
912.0 0.00575189660594333
913.0 0.00563456560485065
914.0 0.005517234239960089
915.0 0.005415130726760253
916.0 0.005313027213560417
917.0 0.005358254202292301
918.0 0.0054034808272263035
919.0 0.00536108054802753
920.0 0.005318680268828757
921.0 0.005147959018358961
922.0 0.004977237767889164
923.0 0.005112334474688396
924.0 0.005247431545285508
925.0 0.005670041718985885
926.0 0.006092652620282024
927.0 0.006525611388497055
928.0 0.006958570156712085
929.0 0.007220755651360378
930.0 0.00748294114600867
931.0 0.007547337736468762
932.0 0.007611735054524615
933.0 0.007555010233772919
934.0 0.007498285413021222
935.0 0.007621992699569091
936.0 0.007745699258521199
937.0 0.007378654117928818
938.0 0.0070116089773364365
939.0 0.006513602420454845
940.0 0.006015595863573253
941.0 0.0056933171435957775
942.0 0.005371038059820421
943.0 0.004739591895486228
944.0 0.004108145731152035
945.0 0.00347382556356024
946.0 0.0028395053959684446
947.0 0.002695205148484092
948.0 0.0025509049009997398
949.0 0.0021732486857217737
950.0 0.0017955924704438075
951.0 0.0018388205717201345
952.0 0.0018820481272996403
953.0 0.0019318365957587957
954.0 0.001981624882319011
955.0 0.0019001859982381575
956.0 0.0018187467503594235
957.0 0.002108826629410032
958.0 0.0023989063265617006
959.0 0.0027983071049675345
960.0 0.0031977073376765475
961.0 0.00330661641783081
962.0 0.0034155251341871917
963.0 0.003865432518068701
964.0 0.004315340265748091
965.0 0.00461002164229285
966.0 0.00490470374643337
967.0 0.005108312689117156
968.0 0.005311921631800942
969.0 0.005252893242868595
970.0 0.005193864490138367
971.0 0.005290711851557717
972.0 0.005387559576774947
973.0 0.005324929588823579
974.0 0.005262299964670092
975.0 0.004856952000409365
976.0 0.004451604763744399
977.0 0.00452266467618756
978.0 0.004593724952428602
979.0 0.004225313023198396
980.0 0.003856901457766071
981.0 0.003996830855612643
982.0 0.004136760253459215
983.0 0.004023754081572406
984.0 0.0039107482734834775
985.0 0.004122557220398448
986.0 0.004334365439717658
987.0 0.004832794365938753
988.0 0.005331222200766206
989.0 0.005698120367014781
990.0 0.006065019624656998
991.0 0.006290743476711214
992.0 0.0065164698753505945
993.0 0.006992516136961058
994.0 0.007468562398571521
995.0 0.007488154369639233
996.0 0.007507743430323899
997.0 0.007405227370327339
998.0 0.007302711310330778
999.0 0.007279233977897093
1000.0 0.00725575810065493
1001.0 0.006703392136842012
1002.0 0.006151028355816379
1003.0 0.0059584555856417865
1004.0 0.005765883543062955
1005.0 0.005386833072407171
1006.0 0.005007783693145029
1007.0 0.004686907050199807
1008.0 0.004366029679658823
1009.0 0.0041980547393905
1010.0 0.004030079435324296
1011.0 0.0036153396649751812
1012.0 0.0032005991670303047
1013.0 0.0027616502848104574
1014.0 0.0023227012206916697
1015.0 0.0020863799363723956
1016.0 0.0018500584701541811
1017.0 0.0018481759980204515
1018.0 0.0018462933439877816
1019.0 0.0015613879440934397
1020.0 0.0012764827260980383
1021.0 0.0012345578397798818
1022.0 0.001192632862512255
1023.0 0.0012333742233749945
1024.0 0.001274115675187204
1025.0 0.0014549762454407755
1026.0 0.0016358369975932874
1027.0 0.001873421024356503
1028.0 0.0021110054149175994
1029.0 0.002096832213283051
1030.0 0.002082658829749562
1031.0 0.0020398183551151305
1032.0 0.0019969775166828185
1033.0 0.0021986308638588525
1034.0 0.0024002842110348865
1035.0 0.002560653410910163
1036.0 0.00272102279268438
1037.0 0.0027280828362563625
1038.0 0.002735142879828345
1039.0 0.0028495262085925788
1040.0 0.002963909355457872
1041.0 0.002961332575068809
1042.0 0.0029587556127808057
1043.0 0.002661628241185099
1044.0 0.0023645006876904517
1045.0 0.0023938287995406426
1046.0 0.002423156729491893
1047.0 0.0026957191948895343
1048.0 0.0029682818421861157
1049.0 0.0022870128304930404
1050.0 0.001605743818799965
1051.0 0.0016706972019164823
1052.0 0.0017356507669319399
1053.0 0.0013854150893166661
1054.0 0.0010351793207519222
1055.0 0.001260414228454465
1056.0 0.001485649227106478
1057.0 0.0018883902157540433
1058.0 0.0022911315681994893
1059.0 0.0013077239600534085
1060.0 0.0003243167157052085
1061.0 0.0007737799023743719
1062.0 0.0012232432709424756
1063.0 0.0016758003766881302
1064.0 0.0021283573005348444
1065.0 0.0015640780475223437
1066.0 0.0009997986126109026
1067.0 0.0012584306205098983
1068.0 0.0015170627193583641
1069.0 0.0013408755876298528
1070.0 0.0011646882740024012
1071.0 0.0014704171917401254
1072.0 0.0017761462004273199
1073.0 0.0022234682546695694
1074.0 0.0026707899451139383
1075.0 0.0026420999347465113
1076.0 0.0026134099243790843
1077.0 0.0040555813029641286
1078.0 0.005497752135852352
1079.0 0.005149445496499538
1080.0 0.004801138857146725
1081.0 0.004102258026250638
1082.0 0.003403377195354551
1083.0 0.003918370202882215
1084.0 0.00443336357420776
1085.0 0.004891820208285935
1086.0 0.005350277933757752
1087.0 0.004334625191404484
1088.0 0.0033189724490512162
1089.0 0.0033833988709375262
1090.0 0.0034478260204195976
1091.0 0.004224153599352576
1092.0 0.005000480814487673
1093.0 0.0036489338526735082
1094.0 0.0022973867089604028
1095.0 0.0032115032809088007
1096.0 0.004125620034756139
1097.0 0.0015200768757495098
1098.0 1.7063098980626967e-10
1099.0 0.0012627157957467716
1100.0 0.0036108976928517222
