lsstCam/transmission_filter_detector/r42_s22/u_24/19700101T000000.ecsv
# %ECSV 1.0
# ---
# datatype:
# - {name: wavelength, unit: nm, datatype: float32}
# - {name: efficiency, unit: '%', datatype: float64}
# meta: !!omap
# - {MODE: DETECTOR}
# - {TYPE: transmission_filter_detector}
# - {CALIBDATE: '1970-01-01T00:00:00'}
# - {INSTRUME: LSSTCam}
# - {OBSTYPE: transmission_filter_detector}
# - {CALIBCLS: lsst.ip.isr.IntermediateFilterDetectorTransmissionCurve}
# - {SOURCE: Materion (DM-46256)}
# - {DETECTOR: 179}
# - {FILTER: u_24}
# - {CALIB_ID: 'calibDate=1970-01-01T00:00:00 filter=u_24 detector=179'}
# - {DATE: '2025-04-02T15:59:40.580368'}
# - {CALIB_CREATION_DATE: '2025-04-02'}
# - {CALIB_CREATION_TIME: '15:59:40'}
# - __serialized_columns__:
#     efficiency:
#       __class__: astropy.units.quantity.Quantity
#       unit: !astropy.units.Unit {unit: '%'}
#       value: !astropy.table.SerializedColumn {name: efficiency}
#     wavelength:
#       __class__: astropy.units.quantity.Quantity
#       unit: !astropy.units.Unit {unit: nm}
#       value: !astropy.table.SerializedColumn {name: wavelength}
# schema: astropy-2.0
wavelength efficiency
295.0 1.7063098980626967e-10
296.0 1.7063098980626967e-10
297.0 1.7063098980626967e-10
298.0 1.7063098980626967e-10
299.0 1.7063098980626967e-10
300.0 1.7063098980626967e-10
301.0 1.7063098980626967e-10
302.0 1.7063098980626967e-10
303.0 0.07478623883798718
304.0 0.3956056199967861
305.0 1.1565412394702435
306.0 2.9133159667253494
307.0 5.058203265070915
308.0 7.667040079832077
309.0 11.164474487304688
310.0 15.192127227783203
311.0 19.007521867752075
312.0 22.654566168785095
313.0 25.674599409103394
314.0 28.242841362953186
315.0 30.72362244129181
316.0 33.1412136554718
317.0 36.215147376060486
318.0 39.8908406496048
319.0 44.74411904811859
320.0 51.093363761901855
321.0 56.648069620132446
322.0 62.379270792007446
323.0 67.1834409236908
324.0 70.81269025802612
325.0 73.24761748313904
326.0 75.41103959083557
327.0 77.03895568847656
328.0 78.73110175132751
329.0 80.01019358634949
330.0 80.97802996635437
331.0 81.27421140670776
332.0 81.54582977294922
333.0 81.784588098526
334.0 81.7746639251709
335.0 82.12715983390808
336.0 82.6794683933258
337.0 83.35354328155518
338.0 84.26178693771362
339.0 84.78405475616455
340.0 85.01409888267517
341.0 85.42043566703796
342.0 85.61599850654602
343.0 85.57193875312805
344.0 85.8447253704071
345.0 86.33120059967041
346.0 86.5970253944397
347.0 87.05187439918518
348.0 87.27354407310486
349.0 87.35760450363159
350.0 87.45731115341187
351.0 87.62375712394714
352.0 87.5565767288208
353.0 87.58214116096497
354.0 87.49721646308899
355.0 87.65515685081482
356.0 87.76708245277405
357.0 87.60613203048706
358.0 87.1411919593811
359.0 86.88193559646606
360.0 86.71310544013977
361.0 86.48785948753357
362.0 86.34448647499084
363.0 86.5500807762146
364.0 86.75143122673035
365.0 87.18609809875488
366.0 87.49470710754395
367.0 87.53278255462646
368.0 87.58928775787354
369.0 87.75349855422974
370.0 87.6774787902832
371.0 87.59925365447998
372.0 87.78262734413147
373.0 88.07619214057922
374.0 88.09658288955688
375.0 88.37295770645142
376.0 88.61634731292725
377.0 88.68466019630432
378.0 88.69649767875671
379.0 88.14493417739868
380.0 87.10491061210632
381.0 85.43264865875244
382.0 83.4592878818512
383.0 81.37766122817993
384.0 79.21504974365234
385.0 76.59245729446411
386.0 73.72590899467468
387.0 69.97538805007935
388.0 65.9795880317688
389.0 61.2964391708374
390.0 56.97476863861084
391.0 52.63145565986633
392.0 48.40281009674072
393.0 44.86880898475647
394.0 41.30924642086029
395.0 37.111350893974304
396.0 32.31010437011719
397.0 25.75729489326477
398.0 18.89331042766571
399.0 12.170350551605225
400.0 6.700838357210159
401.0 2.9676876962184906
402.0 0.9948937222361565
403.0 0.334310345351696
404.0 0.16814102418720722
405.0 0.05612074746750295
406.0 0.02490126935299486
407.0 1.7063098980626967e-10
408.0 1.7063098980626967e-10
409.0 1.7063098980626967e-10
410.0 1.7063098980626967e-10
411.0 1.7063098980626967e-10
412.0 1.7063098980626967e-10
413.0 1.7063098980626967e-10
414.0 1.7063098980626967e-10
415.0 1.7063098980626967e-10
416.0 1.7063098980626967e-10
417.0 1.7063098980626967e-10
418.0 1.7063098980626967e-10
419.0 1.7063098980626967e-10
420.0 1.7063098980626967e-10
421.0 1.7063098980626967e-10
422.0 1.7063098980626967e-10
423.0 1.7063098980626967e-10
424.0 1.7063098980626967e-10
425.0 1.7063098980626967e-10
426.0 1.7063098980626967e-10
427.0 1.7063098980626967e-10
428.0 1.7063098980626967e-10
429.0 1.7063098980626967e-10
430.0 1.7063098980626967e-10
431.0 1.7063098980626967e-10
432.0 1.7063098980626967e-10
433.0 1.7063098980626967e-10
434.0 0.00016359148276023916
435.0 1.7063098980626967e-10
436.0 1.7063098980626967e-10
437.0 1.7063098980626967e-10
438.0 1.7063098980626967e-10
439.0 0.00015569611377941328
440.0 0.0016660536857671104
441.0 0.0014389048374141566
442.0 0.001211756080010673
443.0 0.0002968736907860148
444.0 1.7063098980626967e-10
445.0 1.7063098980626967e-10
446.0 2.6932636387755338e-05
447.0 1.7063098980626967e-10
448.0 1.7063098980626967e-10
449.0 8.264197504104231e-06
450.0 0.00019474468899716157
451.0 0.0004024668214697158
452.0 0.0006101890903664753
453.0 0.0003732225422936608
454.0 0.0001362563352813595
455.0 0.0005210175913816784
456.0 0.0009057787792698946
457.0 0.0003100262119914987
458.0 1.7063098980626967e-10
459.0 1.7063098980626967e-10
460.0 1.7063098980626967e-10
461.0 1.7063098980626967e-10
462.0 1.7063098980626967e-10
463.0 1.7063098980626967e-10
464.0 0.0002626615696499357
465.0 0.00010939166941170697
466.0 1.7063098980626967e-10
467.0 0.000648031709715724
468.0 0.0013399416275206022
469.0 0.000649381900075241
470.0 1.7063098980626967e-10
471.0 1.7063098980626967e-10
472.0 1.7063098980626967e-10
473.0 1.7063098980626967e-10
474.0 1.7063098980626967e-10
475.0 1.7063098980626967e-10
476.0 1.7063098980626967e-10
477.0 1.7063098980626967e-10
478.0 1.7063098980626967e-10
479.0 1.7063098980626967e-10
480.0 1.7063098980626967e-10
481.0 1.7063098980626967e-10
482.0 4.6787957330707286e-05
483.0 8.640637929602235e-05
484.0 0.0001260247017853544
485.0 1.7063098980626967e-10
486.0 1.7063098980626967e-10
487.0 1.7063098980626967e-10
488.0 1.7063098980626967e-10
489.0 1.7063098980626967e-10
490.0 1.7063098980626967e-10
491.0 3.9673798823969264e-05
492.0 0.00014261150909078424
493.0 0.00028065785500075435
494.0 0.00041870425775414333
495.0 0.0003048275175387971
496.0 0.00019095080006081844
497.0 1.7063098980626967e-10
498.0 1.7063098980626967e-10
499.0 1.7063098980626967e-10
500.0 0.0001565746174492233
501.0 1.7063098980626967e-10
502.0 1.7063098980626967e-10
503.0 1.7063098980626967e-10
504.0 1.7063098980626967e-10
505.0 1.7063098980626967e-10
506.0 1.7063098980626967e-10
507.0 4.661572461372998e-05
508.0 0.0005641907137032831
509.0 5.0004467766484595e-05
510.0 1.7063098980626967e-10
511.0 1.7063098980626967e-10
512.0 1.7063098980626967e-10
513.0 1.7063098980626967e-10
514.0 1.7063098980626967e-10
515.0 1.7063098980626967e-10
516.0 0.00012146599601692287
517.0 1.7063098980626967e-10
518.0 1.7063098980626967e-10
519.0 1.7063098980626967e-10
520.0 2.331121606857778e-06
521.0 1.7063098980626967e-10
522.0 1.7063098980626967e-10
523.0 4.324970177549403e-05
524.0 0.0003697605734487297
525.0 0.00019868850813509198
526.0 2.7616499664873118e-05
527.0 1.7063098980626967e-10
528.0 1.7063098980626967e-10
529.0 1.7063098980626967e-10
530.0 4.1913659742931486e-05
531.0 4.3745963296260015e-06
532.0 1.7063098980626967e-10
533.0 6.838027388766932e-05
534.0 0.0001699250105957617
535.0 1.7063098980626967e-10
536.0 1.7063098980626967e-10
537.0 1.7063098980626967e-10
538.0 1.7063098980626967e-10
539.0 1.7063098980626967e-10
540.0 4.0633008779877855e-05
541.0 1.7063098980626967e-10
542.0 1.7063098980626967e-10
543.0 1.7063098980626967e-10
544.0 1.7063098980626967e-10
545.0 1.7063098980626967e-10
546.0 1.7063098980626967e-10
547.0 1.7063098980626967e-10
548.0 1.7063098980626967e-10
549.0 1.7063098980626967e-10
550.0 1.7063098980626967e-10
551.0 1.7063098980626967e-10
552.0 1.7063098980626967e-10
553.0 1.7063098980626967e-10
554.0 1.7063098980626967e-10
555.0 1.7063098980626967e-10
556.0 1.7063098980626967e-10
557.0 1.7063098980626967e-10
558.0 1.7063098980626967e-10
559.0 1.7063098980626967e-10
560.0 1.7063098980626967e-10
561.0 1.7063098980626967e-10
562.0 1.7063098980626967e-10
563.0 1.7063098980626967e-10
564.0 1.7063098980626967e-10
565.0 5.600624604085169e-05
566.0 0.0002035723355220398
567.0 0.00033389878808520734
568.0 0.00046422528612311
569.0 0.00023897723622212652
570.0 1.3729219006108906e-05
571.0 0.0001573730855852773
572.0 0.00030101698484941153
573.0 0.00041236016841139644
574.0 0.0005237033292360138
575.0 0.0004952873041474959
576.0 0.00046687123358424287
577.0 0.0004095898475497961
578.0 0.00035230852972745197
579.0 0.0006678641511825845
580.0 0.0009834197044256143
581.0 0.0008653854820295237
582.0 0.0007473512596334331
583.0 0.0009442213922739029
584.0 0.001141091706813313
585.0 0.0009212049008056056
586.0 0.0007013180947978981
587.0 0.00047299272409873083
588.0 0.0002446673533995636
589.0 0.00027467453946883325
590.0 0.000304681771012838
591.0 0.0005305486411089078
592.0 0.0007564156021544477
593.0 0.0007776677193760406
594.0 0.0007989197911228985
595.0 0.0010084825589729007
596.0 0.0012180454177723732
597.0 0.0017606258552405052
598.0 0.0023032065655570477
599.0 0.002267256422783248
600.0 0.0022313062800094485
601.0 0.0024378359739785083
602.0 0.0026443658498465084
603.0 0.002444251731503755
604.0 0.0022441377950599417
605.0 0.0018408372852718458
606.0 0.00143753686643322
607.0 0.001088398857973516
608.0 0.0007392607130896067
609.0 0.00048180313569901045
610.0 0.00022434562652051682
611.0 0.0003114849050689372
612.0 0.000398624115405255
613.0 0.0005725160917791072
614.0 0.0007464079772034893
615.0 0.0006039326763129793
616.0 0.00046145728447299916
617.0 0.0004366164830571506
618.0 0.0004117755906918319
619.0 0.0005448182946565794
620.0 0.0006778609531465918
621.0 0.0006822836439823732
622.0 0.0006867063802928897
623.0 0.0008185657861758955
624.0 0.0009504251465841662
625.0 0.0011554521734069567
626.0 0.0013604792911792174
627.0 0.00126708046082058
628.0 0.0011736818123608828
629.0 0.001641163726162631
630.0 0.0021086450942675583
631.0 0.0023712114852969535
632.0 0.002633778058225289
633.0 0.002638322621351108
634.0 0.002642867184476927
635.0 0.002731491804297548
636.0 0.0028201162422192283
637.0 0.0024070766812656075
638.0 0.0019940371203119867
639.0 0.0017397755073034205
640.0 0.0014855134395475034
641.0 0.0010735609066614415
642.0 0.0006616082373511745
643.0 0.0002859986807379755
644.0 1.7063098980626967e-10
645.0 4.8260221774398815e-05
646.0 0.00018613125121191842
647.0 0.0003457175353105413
648.0 0.0005053037511970615
649.0 0.0006974053576414008
650.0 0.0008895068276615348
651.0 0.0013266916539578233
652.0 0.0017638763893046416
653.0 0.0018962489775731228
654.0 0.002028621565841604
655.0 0.00258833279076498
656.0 0.0031480441975872964
657.0 0.0033988857467193156
658.0 0.003649727295851335
659.0 0.0035757682780968025
660.0 0.003501809624140151
661.0 0.0030724331736564636
662.0 0.002643056541273836
663.0 0.0022098740373621695
664.0 0.001776691533450503
665.0 0.0014521810953738168
666.0 0.0011276705663476605
667.0 0.000991692559182411
668.0 0.0008557145520171616
669.0 0.0006326564289338421
670.0 0.00040959812395158224
671.0 0.0006173988367663696
672.0 0.0008251996405306272
673.0 0.0008662073923915159
674.0 0.0009072150533029344
675.0 0.0014087147974350955
676.0 0.0019102144506177865
677.0 0.002743739605648443
678.0 0.0035772642149822786
679.0 0.004972705210093409
680.0 0.006368145841406658
681.0 0.008010632154764608
682.0 0.009653117740526795
683.0 0.010438090248499066
684.0 0.011223063484067097
685.0 0.01046100733219646
686.0 0.009698952635517344
687.0 0.00837422558106482
688.0 0.007049497799016535
689.0 0.005974499435978942
690.0 0.004899500709143467
691.0 0.004060661012772471
692.0 0.003221821316401474
693.0 0.002459745155647397
694.0 0.00169766899489332
695.0 0.0013188938282837626
696.0 0.0009401188435731456
697.0 0.0008224989869631827
698.0 0.00070487922130269
699.0 0.0006355190180329373
700.0 0.0005661588602379197
701.0 0.0006047220722393831
702.0 0.0006432851478166413
703.0 0.0005018172487325501
704.0 0.00036034928143635625
705.0 0.0005139332643011585
706.0 0.0006675171789538581
707.0 0.000740335053706076
708.0 0.0008131530194077641
709.0 0.0008594422979513183
710.0 0.0009057317583938129
711.0 0.000824448488856433
712.0 0.0007431651738443179
713.0 0.0007564804491266841
714.0 0.0007697956789343152
715.0 0.0006074301836633822
716.0 0.0004450645064935088
717.0 0.0004462484412215417
718.0 0.00044743223952536937
719.0 0.0002550601266193553
720.0 6.268793981689669e-05
721.0 5.975034014227276e-05
722.0 5.6812757520674495e-05
723.0 0.00029545935831265524
724.0 0.0005341061296348926
725.0 0.0005080092250864254
726.0 0.00048191245696216356
727.0 0.00046323689275595825
728.0 0.00044456132854975294
729.0 0.0003876819846482249
730.0 0.00033080264074669685
731.0 0.00032286668556480436
732.0 0.00031493068490817677
733.0 0.00037234653973428067
734.0 0.0004297623036109144
735.0 0.0004803677711606724
736.0 0.0005309731932356954
737.0 0.0007528210517193656
738.0 0.0009746689102030359
739.0 0.0016168052752618678
740.0 0.0022589416403206997
741.0 0.002588380084489472
742.0 0.0029178183467593044
743.0 0.003163233122904785
744.0 0.0034086482628481463
745.0 0.0038138710806379095
746.0 0.004219093898427673
747.0 0.004378306039143354
748.0 0.004537518543656915
749.0 0.004514899410423823
750.0 0.004492279913392849
751.0 0.0042593470425345
752.0 0.004026414535474032
753.0 0.0034975870221387595
754.0 0.002968759690702427
755.0 0.002523414877941832
756.0 0.002078070247080177
757.0 0.001397893538523931
758.0 0.00071771678449295
759.0 0.0007178412488428876
760.0 0.0007179655312938849
761.0 0.0006198220944497734
762.0 0.0005216784757067217
763.0 0.0006739619038853562
764.0 0.0008262453775387257
765.0 0.000760862849347177
766.0 0.0006954803666303633
767.0 0.0005098563178762561
768.0 0.0003242322918595164
769.0 0.00032618311252008425
770.0 0.00032813402413012227
771.0 0.0005912262167839799
772.0 0.0008543184776499402
773.0 0.0010232966815237887
774.0 0.0011922746125492267
775.0 0.0009211869837599806
776.0 0.0006500994004454697
777.0 0.00074160934673273
778.0 0.0008331191565957852
779.0 0.0010647922863427084
780.0 0.0012964652341906913
781.0 0.0014667522918898612
782.0 0.0016370391676900908
783.0 0.0014753424693481065
784.0 0.001313645680056652
785.0 0.0013374837180890609
786.0 0.0013613218470709398
787.0 0.0012178215911262669
788.0 0.001074321335181594
789.0 0.0011408108548494056
790.0 0.0012073003745172173
791.0 0.001057531244441634
792.0 0.0009077620234165806
793.0 0.000761750834499253
794.0 0.00061573950915772
795.0 0.0006199259587447159
796.0 0.000624112544755917
797.0 0.0003035246663785074
798.0 1.7063098980626967e-10
799.0 1.7063098980626967e-10
800.0 1.7063098980626967e-10
801.0 2.2653657083537837e-05
802.0 0.00013368190820983727
803.0 0.0001199269604512665
804.0 0.0001061720581674308
805.0 1.7063098980626967e-10
806.0 1.7063098980626967e-10
807.0 1.7063098980626967e-10
808.0 0.00012444884305296
809.0 0.0002104255827362067
810.0 0.0002964023224194534
811.0 0.00041158423300657887
812.0 0.0005267661435937043
813.0 0.0003730686330527533
814.0 0.00021937107703706715
815.0 0.00021099187961226562
816.0 0.00020261272766219918
817.0 0.0001831914460126427
818.0 0.00016377027804992395
819.0 0.0003135542556265136
820.0 0.00046333825594047084
821.0 0.00042409778870933224
822.0 0.0003848573214781936
823.0 0.0002884236891986802
824.0 0.00019199012513126945
825.0 0.00019619951672211755
826.0 0.00020040877188876038
827.0 0.0002160284111596411
828.0 0.0002316480276931543
829.0 0.00025889341941365274
830.0 0.00028613890208362136
831.0 0.0001620232410459721
832.0 3.790761979871604e-05
833.0 1.7063098980626967e-10
834.0 1.7063098980626967e-10
835.0 1.7063098980626967e-10
836.0 1.7063098980626967e-10
837.0 1.7063098980626967e-10
838.0 0.0001702939812275872
839.0 6.016233555783401e-05
840.0 1.7063098980626967e-10
841.0 1.7063098980626967e-10
842.0 1.7063098980626967e-10
843.0 1.7063098980626967e-10
844.0 0.0002544875769672217
845.0 1.7063098980626967e-10
846.0 1.7063098980626967e-10
847.0 8.040300940592715e-05
848.0 0.00048635924940754194
849.0 0.00042761753320519347
850.0 0.0003688756578412722
851.0 0.0003909458428097423
852.0 0.0004130160050408449
853.0 0.0007495969839510508
854.0 0.0010861778719117865
855.0 0.0011288364476058632
856.0 0.0011714952961483505
857.0 0.0011905431165359914
858.0 0.0012095909369236324
859.0 0.0013932661204307806
860.0 0.0015769410310895182
861.0 0.0017632972230785526
862.0 0.0019496537788654678
863.0 0.0020387409676914103
864.0 0.0021278285203152336
865.0 0.0018685439499677159
866.0 0.0016092593796201982
867.0 0.0017785458112484775
868.0 0.001947832242876757
869.0 0.002203312033088878
870.0 0.0024587921870988794
871.0 0.002358890742470976
872.0 0.0022589892978430726
873.0 0.00257696483458858
874.0 0.0028949405532330275
875.0 0.0028988926715101115
