lsstCam/transmission_filter_detector/r41_s11/i_39/19700101T000000.ecsv
# %ECSV 1.0
# ---
# datatype:
# - {name: wavelength, unit: nm, datatype: float32}
# - {name: efficiency, unit: '%', datatype: float64}
# meta: !!omap
# - {MODE: DETECTOR}
# - {TYPE: transmission_filter_detector}
# - {CALIBDATE: '1970-01-01T00:00:00'}
# - {INSTRUME: LSSTCam}
# - {OBSTYPE: transmission_filter_detector}
# - {CALIBCLS: lsst.ip.isr.IntermediateFilterDetectorTransmissionCurve}
# - {SOURCE: Materion (DM-46256)}
# - {DETECTOR: 166}
# - {FILTER: i_39}
# - {CALIB_ID: 'calibDate=1970-01-01T00:00:00 filter=i_39 detector=166'}
# - {DATE: '2025-04-02T15:59:47.247781'}
# - {CALIB_CREATION_DATE: '2025-04-02'}
# - {CALIB_CREATION_TIME: '15:59:47'}
# - __serialized_columns__:
#     efficiency:
#       __class__: astropy.units.quantity.Quantity
#       unit: !astropy.units.Unit {unit: '%'}
#       value: !astropy.table.SerializedColumn {name: efficiency}
#     wavelength:
#       __class__: astropy.units.quantity.Quantity
#       unit: !astropy.units.Unit {unit: nm}
#       value: !astropy.table.SerializedColumn {name: wavelength}
# schema: astropy-2.0
wavelength efficiency
300.0 0.09632371948100626
301.0 0.041895368485711515
302.0 1.6792047353303419e-10
303.0 1.6792047353303419e-10
304.0 0.003492809264571406
305.0 0.003570318585843779
306.0 0.0036478253605309874
307.0 0.008249577513197437
308.0 0.012851328938268125
309.0 0.0015641067875549197
310.0 1.6792047353303419e-10
311.0 1.6792047353303419e-10
312.0 1.6792047353303419e-10
313.0 0.0020461015083128586
314.0 0.006470596417784691
315.0 0.0089774199295789
316.0 0.011484242713777348
317.0 0.006818366819061339
318.0 0.0021524925614357926
319.0 0.0022647218429483473
320.0 0.0023769513063598424
321.0 0.0016387455616495572
322.0 0.0009005389074445702
323.0 0.0037909296224825084
324.0 0.0066813197918236256
325.0 0.004320601510698907
326.0 0.0019598835933720693
327.0 0.0018912052837549709
328.0 0.0018225277017336339
329.0 1.6792047353303419e-10
330.0 1.6792047353303419e-10
331.0 1.6792047353303419e-10
332.0 0.002247862175863702
333.0 0.0017232254322152585
334.0 0.0011985885066678748
335.0 0.00027747039439418586
336.0 1.6792047353303419e-10
337.0 0.0007081382136675529
338.0 0.0020599243725882843
339.0 0.00021364839994930662
340.0 1.6792047353303419e-10
341.0 1.6792047353303419e-10
342.0 1.6792047353303419e-10
343.0 0.0009624479389458429
344.0 0.0021771253159386106
345.0 0.001126609458879102
346.0 7.60932152843452e-05
347.0 0.00016269011666736333
348.0 0.00024928681341407355
349.0 0.00014684404732179246
350.0 4.440138354766532e-05
351.0 1.6792047353303419e-10
352.0 1.6792047353303419e-10
353.0 0.0001016683086163539
354.0 0.000301449426842737
355.0 0.0009961500836652704
356.0 0.001690850876912009
357.0 0.0007562157406937331
358.0 1.6792047353303419e-10
359.0 1.6792047353303419e-10
360.0 1.6792047353303419e-10
361.0 0.00035085620311292587
362.0 0.0009063990546565037
363.0 0.0008067951057455502
364.0 0.0007071912477840669
365.0 0.000790366993896896
366.0 0.0008735426490602549
367.0 0.00047569747039233334
368.0 7.785223488099291e-05
369.0 1.6792047353303419e-10
370.0 1.6792047353303419e-10
371.0 4.40214584784826e-06
372.0 0.0004656674263969762
373.0 0.0006813774234615266
374.0 0.0008970874660008121
375.0 0.0006710472007398494
376.0 0.0004450069809536217
377.0 0.0003570245098671876
378.0 0.0002690418796191807
379.0 4.1639211190158676e-05
380.0 1.6792047353303419e-10
381.0 1.6792047353303419e-10
382.0 1.6792047353303419e-10
383.0 1.6792047353303419e-10
384.0 1.6792047353303419e-10
385.0 6.701633878947177e-05
386.0 0.0004277442712918855
387.0 0.00010464279966981849
388.0 1.6792047353303419e-10
389.0 1.6792047353303419e-10
390.0 0.00016184455944312504
391.0 0.0002144585550922784
392.0 0.00026707234610512387
393.0 0.0008563049050280824
394.0 0.0014455370546784252
395.0 0.0014301071132649668
396.0 0.0014146768080536276
397.0 0.0014959842701500747
398.0 0.0015772917322465219
399.0 0.0020739240426337346
400.0 0.0025705563530209474
401.0 0.004978311335435137
402.0 0.0073860661359503865
403.0 0.004651575727621093
404.0 0.0019170855011907406
405.0 0.00044333964979159646
406.0 1.6792047353303419e-10
407.0 1.6792047353303419e-10
408.0 0.0005235357093624771
409.0 0.0025242619813070633
410.0 0.0045249882532516494
411.0 0.004464306039153598
412.0 0.004403623461257666
413.0 0.005360307477531023
414.0 0.00631699149380438
415.0 0.0059871748817386106
416.0 0.005657357542077079
417.0 0.006430933717638254
418.0 0.00720451062079519
419.0 0.005251598850009032
420.0 0.003298688170616515
421.0 0.003968930468545295
422.0 0.004639173857867718
423.0 0.004574022023007274
424.0 0.004508869460551068
425.0 0.004960658043273725
426.0 0.005412446989794262
427.0 0.004456320311874151
428.0 0.0035001939977519214
429.0 0.002310886702616699
430.0 0.0011215794074814767
431.0 0.002897257400036324
432.0 0.004672935392591171
433.0 0.004530099977273494
434.0 0.004387264561955817
435.0 0.0031415067496709526
436.0 0.0018957493011839688
437.0 0.0018712524251895957
438.0 0.001846755731094163
439.0 0.0016482143109897152
440.0 0.001449672708986327
441.0 0.0011027442269551102
442.0 0.0007558156994491583
443.0 0.0006588513770111604
444.0 0.0005618870090984274
445.0 0.0005377561137720477
446.0 0.0005136253093951382
447.0 0.0002577259465397219
448.0 1.826422213468959e-06
449.0 0.0003292714836788946
450.0 0.0006567165655724239
451.0 0.0004393633389554452
452.0 0.00022201013507583411
453.0 1.6792047353303419e-10
454.0 1.6792047353303419e-10
455.0 1.6792047353303419e-10
456.0 0.00033838844046840677
457.0 7.900004561633978e-05
458.0 1.6792047353303419e-10
459.0 1.6792047353303419e-10
460.0 3.0924189786674106e-05
461.0 0.00041167168092215434
462.0 0.0007924191777419765
463.0 0.0003438865178395645
464.0 1.6792047353303419e-10
465.0 1.6792047353303419e-10
466.0 1.6792047353303419e-10
467.0 0.0003110844090770115
468.0 0.0006985133495618356
469.0 0.0003907139216607902
470.0 8.291459607789875e-05
471.0 0.00026250297651131405
472.0 0.0004420913683134131
473.0 8.01464011601638e-05
474.0 1.6792047353303419e-10
475.0 1.6792047353303419e-10
476.0 8.870711667441356e-05
477.0 0.0003297964212833904
478.0 0.000570885686101974
479.0 0.00035317741549079074
480.0 0.0001354692244603939
481.0 0.00054620113587589
482.0 0.0009569329449732322
483.0 0.0015296378478524275
484.0 0.0021023426597821526
485.0 0.0028495747756096534
486.0 0.003596806345740333
487.0 0.005376310218707658
488.0 0.007155813364079222
489.0 0.01259977143490687
490.0 0.01804373023333028
491.0 0.023112895723897964
492.0 0.02818206266965717
493.0 0.03144005604553968
494.0 0.034698049421422184
495.0 0.0329974020132795
496.0 0.03129675751551986
497.0 0.025513427681289613
498.0 0.019730105123016983
499.0 0.014908320736140013
500.0 0.01008654071483761
501.0 0.006650407158304006
502.0 0.0032142739655682817
503.0 0.0023553160644951276
504.0 0.0014963584362703841
505.0 0.0019068513211095706
506.0 0.002317344114999287
507.0 0.0025504470613668673
508.0 0.0027835498258355074
509.0 0.0027368072551325895
510.0 0.002690064866328612
511.0 0.002473162385285832
512.0 0.0022562600861419924
513.0 0.001945698204508517
514.0 0.0016351365047739819
515.0 0.0014299822396424133
516.0 0.0012248282473592553
517.0 0.0015454075764864683
518.0 0.0018659869965631515
519.0 0.0016446585505036637
520.0 0.0014233300134947058
521.0 0.0014624978575739078
522.0 0.0015016658835520502
523.0 0.0016133521057781763
524.0 0.0017250384189537726
525.0 0.0023499536837334745
526.0 0.0029748691304121166
527.0 0.003759103492484428
528.0 0.004543338582152501
529.0 0.004449621701496653
530.0 0.004355904820840806
531.0 0.0041274877730757
532.0 0.003899070361512713
533.0 0.0032432490115752444
534.0 0.0025874280254356563
535.0 0.0020071844119229354
536.0 0.0014269407074607443
537.0 0.0017400781871401705
538.0 0.002053215939668007
539.0 0.002737979775702115
540.0 0.003422743611736223
541.0 0.004179128518444486
542.0 0.004935513061354868
543.0 0.004961546801496297
544.0 0.004987580177839845
545.0 0.004924955283058807
546.0 0.004862330388277769
547.0 0.0038460628275061026
548.0 0.002829795084835496
549.0 0.0023959997633937746
550.0 0.001962204623850994
551.0 0.0021600995751214214
552.0 0.002357994526391849
553.0 0.0022816126147517934
554.0 0.0022052310669096187
555.0 0.0018698387066251598
556.0 0.0015344465282396413
557.0 0.001243686620000517
558.0 0.0009529266208119225
559.0 0.0006663402928097639
560.0 0.000379754033019708
561.0 0.0005279998731566593
562.0 0.0006762457815057132
563.0 0.0010193845810135826
564.0 0.001362523380521452
565.0 0.0015389992768177763
566.0 0.00171547490026569
567.0 0.001744673863868229
568.0 0.0017738728274707682
569.0 0.0015508807337027974
570.0 0.0013278886399348266
571.0 0.0009746297109813895
572.0 0.0006213708275026875
573.0 0.0005930020051891916
574.0 0.0005646331374009605
575.0 0.00045586025407828856
576.0 0.00034708734801824903
577.0 0.0004829345016332809
578.0 0.0006187816325109452
579.0 0.0005293417416396551
580.0 0.0004399017143441597
581.0 0.00036718313367600786
582.0 0.00029446457574522356
583.0 0.0003426052444410743
584.0 0.0003907459358742926
585.0 0.0004392584742163308
586.0 0.0004877709670836339
587.0 0.0006271470738283824
588.0 0.000766523226047866
589.0 0.0008324120244651567
590.0 0.0008983010047813877
591.0 0.0007813412594259717
592.0 0.0006643814231210854
593.0 0.0006101677627157187
594.0 0.0005559542387345573
595.0 0.00045414162741508335
596.0 0.00035232894788350677
597.0 0.0003211978992112563
598.0 0.0002900668278016383
599.0 0.00021234752693999326
600.0 0.0001346282829217671
601.0 0.0002745701294770697
602.0 0.0004145120328757912
603.0 0.00028713609481201274
604.0 0.0001597601908542856
605.0 0.00030937135306885466
606.0 0.00045898250391473994
607.0 0.0003128747948721866
608.0 0.0001667669948801631
609.0 0.00033965998227358796
610.0 0.000512553060616483
611.0 0.00046894888328097295
612.0 0.000425344751420198
613.0 0.0003289271717221709
614.0 0.00023250966023624642
615.0 0.0002697252284633578
616.0 0.0003069408649025718
617.0 0.00041783823689911515
618.0 0.0005287356543703936
619.0 0.0004828372311749263
620.0 0.0004369389444036642
621.0 0.00033407884529879084
622.0 0.00023121874619391747
623.0 0.0002815018888213672
624.0 0.00033178516787302215
625.0 0.0003046965957764769
626.0 0.00027760806915466674
627.0 0.0002900121444326942
628.0 0.0003024162651854567
629.0 0.0003083918727497803
630.0 0.0003143674803141039
631.0 0.00033456860819569556
632.0 0.0003547697133399197
633.0 0.0002095267745971796
634.0 6.428385290746519e-05
635.0 0.00018752227788354503
636.0 0.00031076071991265053
637.0 0.00021633920823660446
638.0 0.00012191776477266103
639.0 0.00035457542253425345
640.0 0.0005872329893463757
641.0 0.000510186146129854
642.0 0.0004331391664891271
643.0 0.0003780383849516511
644.0 0.0003229375124647049
645.0 0.00047569387788826134
646.0 0.0006284503342612879
647.0 0.0006063976798031945
648.0 0.0005843450708198361
649.0 0.0005767242328147404
650.0 0.0005691032583854394
651.0 0.0006649450369877741
652.0 0.0007607866791659035
653.0 0.0008889722266758326
654.0 0.001017157865135232
655.0 0.0008877328582457267
656.0 0.0007583076239825459
657.0 0.0012588358003995381
658.0 0.0017593642041902058
659.0 0.003219925201847218
660.0 0.037862343015149236
661.0 0.06769818137399852
662.0 0.07020591292530298
663.0 0.11824594112113118
664.0 0.1030262908898294
665.0 0.10439578909426928
666.0 0.13274343218654394
667.0 0.13133264146745205
668.0 0.16735618701204658
669.0 0.25895885191857815
670.0 0.28719636611640453
671.0 0.3794067772105336
672.0 0.6572011392563581
673.0 1.0154004208743572
674.0 1.594020240008831
675.0 2.3664839565753937
676.0 3.355904296040535
677.0 4.656054079532623
678.0 5.981709435582161
679.0 7.355886697769165
680.0 9.131565690040588
681.0 11.110792309045792
682.0 13.575500249862671
683.0 16.37735366821289
684.0 19.371843338012695
685.0 22.297385334968567
686.0 25.288060307502747
687.0 28.533294796943665
688.0 31.70035183429718
689.0 34.89774167537689
690.0 38.446080684661865
691.0 42.32199788093567
692.0 46.925586462020874
693.0 51.918286085128784
694.0 57.52883553504944
695.0 63.167816400527954
696.0 69.40701007843018
697.0 75.131094455719
698.0 81.28225803375244
699.0 86.03228330612183
700.0 89.96975421905518
701.0 93.16413402557373
702.0 95.35375237464905
703.0 96.61994576454163
704.0 97.32023477554321
705.0 97.7708101272583
706.0 97.92351722717285
707.0 98.07223081588745
708.0 98.16185235977173
709.0 98.19936156272888
710.0 97.95711636543274
711.0 98.08211922645569
712.0 98.019540309906
713.0 98.08021187782288
714.0 98.1481671333313
715.0 98.17433953285217
716.0 98.10272455215454
717.0 98.28570485115051
718.0 98.32643270492554
719.0 98.34567904472351
720.0 98.63364696502686
721.0 98.53845834732056
722.0 98.33418130874634
723.0 98.09761643409729
724.0 97.74254560470581
725.0 97.44476079940796
726.0 97.11654782295227
727.0 96.81364893913269
728.0 96.50574922561646
729.0 96.32394313812256
730.0 96.28832936286926
731.0 96.31394147872925
732.0 96.26027941703796
733.0 96.61099910736084
734.0 96.98655009269714
735.0 97.2817063331604
736.0 97.69555330276489
737.0 98.0304479598999
738.0 98.32509160041809
739.0 98.73377084732056
740.0 98.86221885681152
741.0 98.68929982185364
742.0 98.98390769958496
743.0 98.88054132461548
744.0 98.62557649612427
745.0 98.66185784339905
746.0 98.5935628414154
747.0 98.90320897102356
748.0 98.78427982330322
749.0 98.6570954322815
750.0 98.61791729927063
751.0 98.48514795303345
752.0 98.4409511089325
753.0 98.66140484809875
754.0 98.57239723205566
755.0 98.73999953269958
756.0 98.66724014282227
757.0 98.70293140411377
758.0 98.88717532157898
759.0 98.9115834236145
760.0 98.78020882606506
761.0 98.65972995758057
762.0 98.77194166183472
763.0 98.71960282325745
764.0 98.51407408714294
765.0 98.50598573684692
766.0 98.55276942253113
767.0 98.42366576194763
768.0 98.4457790851593
769.0 98.48907589912415
770.0 98.2373058795929
771.0 98.35556745529175
772.0 98.36482405662537
773.0 98.23006391525269
774.0 98.08425307273865
775.0 98.20440411567688
776.0 98.10587167739868
777.0 98.14130067825317
778.0 98.11729788780212
779.0 98.17831516265869
780.0 97.97128438949585
781.0 98.27601313591003
782.0 98.22713136672974
783.0 98.16462993621826
784.0 98.12484979629517
785.0 98.30607771873474
786.0 98.40951561927795
787.0 98.15730452537537
788.0 98.34094047546387
789.0 98.29349517822266
790.0 98.32289218902588
791.0 98.38695526123047
792.0 98.24143052101135
793.0 98.22065830230713
794.0 98.19223284721375
795.0 98.11202883720398
796.0 98.13262820243835
797.0 98.17490577697754
798.0 98.22793006896973
799.0 98.0653464794159
800.0 97.88462519645691
801.0 97.88435101509094
802.0 97.88703918457031
803.0 97.66916036605835
804.0 97.52962589263916
805.0 97.24231958389282
806.0 96.88140749931335
807.0 96.38276696205139
808.0 95.57092189788818
809.0 94.76572275161743
810.0 93.62268447875977
811.0 92.09445118904114
812.0 90.22309184074402
813.0 87.88844347000122
814.0 85.16178727149963
815.0 81.86514973640442
816.0 78.41736078262329
817.0 74.31423664093018
818.0 69.55662369728088
819.0 65.28729200363159
820.0 60.241299867630005
821.0 55.65483570098877
822.0 51.143068075180054
823.0 46.476200222969055
824.0 41.791680455207825
825.0 37.45860755443573
826.0 32.93981850147247
827.0 28.260710835456848
828.0 23.9919051527977
829.0 19.698655605316162
830.0 15.312525629997253
831.0 11.868895590305328
832.0 8.438131213188171
833.0 5.7371340692043304
834.0 3.669975697994232
835.0 2.236776240170002
836.0 1.3529748655855656
837.0 0.7948235608637333
838.0 0.4500310402363539
839.0 0.26077721267938614
840.0 0.17298591556027532
841.0 0.09276850032620132
842.0 0.07459736079908907
843.0 0.019197800429537892
844.0 1.6792047353303419e-10
845.0 0.009923912875819951
846.0 1.6792047353303419e-10
847.0 1.6792047353303419e-10
848.0 1.6792047353303419e-10
849.0 1.6792047353303419e-10
850.0 1.6792047353303419e-10
851.0 0.0028482634661486372
852.0 0.0029284699849085882
853.0 0.0023883232643129304
854.0 0.0018481769075151533
855.0 0.0012406376299622934
856.0 0.0006330985343083739
857.0 0.0005629377483273856
858.0 0.0004927770078211324
859.0 0.00039336218833341263
860.0 0.0002939474143204279
861.0 0.00023064096694724867
862.0 0.00016733439451854792
863.0 0.00022091862774686888
864.0 0.00027450294055597624
865.0 0.00017194986412505386
866.0 6.939681043149903e-05
867.0 1.6792047353303419e-10
868.0 1.6792047353303419e-10
869.0 1.6792047353303419e-10
870.0 2.8725619927172374e-05
871.0 2.6044725132123858e-05
872.0 2.3363826073818927e-05
873.0 4.736226628665463e-05
874.0 7.136068234103732e-05
875.0 2.8250806849428045e-05
876.0 1.6792047353303419e-10
877.0 9.29164514218428e-05
878.0 0.00020069198853889247
879.0 0.00012971172509423923
880.0 5.8731529861688614e-05
881.0 0.00019728865936485818
882.0 0.00033584583434276283
883.0 0.00031011225019028643
884.0 0.00028437866603781004
885.0 0.00018608218397275778
886.0 8.778563937994477e-05
887.0 1.6792047353303419e-10
888.0 1.6792047353303419e-10
889.0 1.6792047353303419e-10
890.0 3.72766265854807e-05
891.0 5.747647833231895e-05
892.0 7.767634429001191e-05
893.0 6.57962459627015e-05
894.0 5.3916153319732985e-05
895.0 8.776034405855171e-05
