lsstCam/transmission_filter_detector/r41_s11/i_39/19700101T000000.ecsv
# %ECSV 1.0
# ---
# datatype:
# - {name: wavelength, unit: nm, datatype: float32}
# - {name: efficiency, unit: '%', datatype: float64}
# meta: !!omap
# - {MODE: DETECTOR}
# - {TYPE: transmission_filter_detector}
# - {CALIBDATE: '1970-01-01T00:00:00'}
# - {INSTRUME: LSSTCam}
# - {OBSTYPE: transmission_filter_detector}
# - {CALIBCLS: lsst.ip.isr.IntermediateFilterDetectorTransmissionCurve}
# - {SOURCE: Materion (DM-46256)}
# - {DETECTOR: 166}
# - {FILTER: i_39}
# - {CALIB_ID: 'calibDate=1970-01-01T00:00:00 filter=i_39 detector=166'}
# - {DATE: '2025-04-02T15:59:47.247781'}
# - {CALIB_CREATION_DATE: '2025-04-02'}
# - {CALIB_CREATION_TIME: '15:59:47'}
# - __serialized_columns__:
#     efficiency:
#       __class__: astropy.units.quantity.Quantity
#       unit: !astropy.units.Unit {unit: '%'}
#       value: !astropy.table.SerializedColumn {name: efficiency}
#     wavelength:
#       __class__: astropy.units.quantity.Quantity
#       unit: !astropy.units.Unit {unit: nm}
#       value: !astropy.table.SerializedColumn {name: wavelength}
# schema: astropy-2.0
wavelength efficiency
[from data line 597]
897.0 0.00013621670404972974
898.0 0.0001508288505647215
899.0 8.026457862797542e-05
900.0 9.700286796032742e-06
901.0 1.533239810669329e-05
902.0 2.096449094324271e-05
903.0 1.6792047353303419e-10
904.0 1.6792047353303419e-10
905.0 1.6792047353303419e-10
906.0 4.748182504954457e-05
907.0 1.6792047353303419e-10
908.0 1.6792047353303419e-10
909.0 1.6792047353303419e-10
910.0 1.6792047353303419e-10
911.0 1.6792047353303419e-10
912.0 4.8630607807353954e-05
913.0 4.2666081867537287e-05
914.0 3.6701553085549676e-05
915.0 1.6792047353303419e-10
916.0 1.6792047353303419e-10
917.0 1.6792047353303419e-10
918.0 1.6792047353303419e-10
919.0 1.6792047353303419e-10
920.0 1.6792047353303419e-10
921.0 1.6792047353303419e-10
922.0 1.6792047353303419e-10
923.0 9.73005853666109e-06
924.0 7.674744892938179e-05
925.0 1.6792047353303419e-10
926.0 1.6792047353303419e-10
927.0 1.6792047353303419e-10
928.0 1.6792047353303419e-10
929.0 4.004411948699271e-05
930.0 0.00026615166461851913
931.0 2.2862424486902455e-05
932.0 1.6792047353303419e-10
933.0 1.6792047353303419e-10
934.0 1.6792047353303419e-10
935.0 1.6792047353303419e-10
936.0 1.6792047353303419e-10
937.0 1.6792047353303419e-10
938.0 1.6792047353303419e-10
939.0 9.087136731977807e-05
940.0 0.00020453890101634897
941.0 0.00026869927296502283
942.0 0.0003328596449136967
943.0 0.0001300390977121424
944.0 1.6792047353303419e-10
945.0 2.8810453045480244e-05
946.0 0.00013040232715866296
947.0 0.00011653958154056454
948.0 0.00010267687002851744
949.0 9.120728172717918e-07
950.0 1.6792047353303419e-10
951.0 1.6792047353303419e-10
952.0 1.6792047353303419e-10
953.0 1.6792047353303419e-10
954.0 1.6792047353303419e-10
955.0 1.6792047353303419e-10
956.0 6.0218894759600516e-05
957.0 9.833984222495928e-05
958.0 0.00013646085790242068
959.0 0.0001266932713406277
960.0 0.00011692568477883469
961.0 0.0001799057372409152
962.0 0.00024288576696562814
963.0 0.00022156584691401804
964.0 0.0002002459041250404
965.0 6.19878846919164e-05
966.0 1.6792047353303419e-10
967.0 9.508821108283882e-06
968.0 9.528777127343346e-05
969.0 6.881437002448365e-05
970.0 4.234098867073044e-05
971.0 1.755001761694075e-05
972.0 1.6792047353303419e-10
973.0 1.6792047353303419e-10
974.0 1.6792047353303419e-10
975.0 0.00010540396715441602
976.0 0.00022161191282066284
977.0 9.561955494064023e-05
978.0 1.6792047353303419e-10
979.0 4.127178954149713e-05
980.0 0.00011291637065369287
981.0 7.868752049944305e-05
982.0 4.44586675030223e-05
983.0 9.701827821118059e-05
984.0 0.00014957787470848416
985.0 0.00010320593446522253
986.0 5.683395443156769e-05
987.0 9.813821577608905e-06
988.0 1.6792047353303419e-10
989.0 5.192322873881494e-05
990.0 0.00014105280570220202
991.0 9.373277976010286e-05
992.0 4.6412782239713124e-05
993.0 4.6864414571246016e-05
994.0 4.731604121843702e-05
995.0 7.883170951572538e-05
996.0 0.00011034736644432996
997.0 3.8728930462639255e-05
998.0 1.6792047353303419e-10
999.0 1.6792047353303419e-10
1000.0 1.6792047353303419e-10
1001.0 7.794136536176666e-06
1002.0 7.258891514538846e-05
1003.0 7.547000677732285e-05
1004.0 7.835110977794102e-05
1005.0 0.0001579731133460882
1006.0 0.00023759519081067992
1007.0 0.00025517531412333483
1008.0 0.00027275550564809237
1009.0 0.000187014916264161
1010.0 0.00010127434961759718
1011.0 0.00019010384448847617
1012.0 0.0002789334075714578
1013.0 0.0001946731345014996
1014.0 0.00011041292964364402
1015.0 0.00018040572058453108
1016.0 0.00025039851152541814
1017.0 0.00037954712297505466
1018.0 0.0005086957571620587
1019.0 0.00038038153888919624
1020.0 0.00025206736609106883
1021.0 0.00012088186167602544
1022.0 1.6792047353303419e-10
1023.0 8.233200219365244e-05
1024.0 0.00017496761302027153
1025.0 0.00013103935998515226
1026.0 8.711111263437488e-05
1027.0 0.0002631978532008361
1028.0 0.0004392844857648015
1029.0 0.0007163991085690213
1030.0 0.000993513640423771
1031.0 0.0010919839951384347
1032.0 0.0011904543498530984
1033.0 0.0014859422662993893
1034.0 0.0017814300008467399
1035.0 0.0022139800421427935
1036.0 0.002646529901539907
1037.0 0.002889574352593627
1038.0 0.0031326191674452275
1039.0 0.0033138687285827473
1040.0 0.0034951186535181478
1041.0 0.0034090622648363933
1042.0 0.003323005876154639
1043.0 0.0032861920772120357
1044.0 0.003249378642067313
1045.0 0.003303453922853805
1046.0 0.0033575288398424163
1047.0 0.003225673208362423
1048.0 0.0030938175768824294
1049.0 0.0030173639970598742
1050.0 0.0029409105991362594
1051.0 0.0026765590519062243
1052.0 0.0024122075046761893
1053.0 0.002417552241240628
1054.0 0.0024228967959061265
1055.0 0.001952953971340321
1056.0 0.0014830107829766348
1057.0 0.0012699644685199019
1058.0 0.0010569179721642286
1059.0 0.000852500852488447
1060.0 0.0006480834599642549
1061.0 0.0009527631846140139
1062.0 0.0012574429092637729
1063.0 0.0014368460142577533
1064.0 0.0016162492102012038
1065.0 0.0020207442503306083
1066.0 0.002425239472358953
1067.0 0.0030159704692778178
1068.0 0.0036067020118935034
1069.0 0.00336861121468246
1070.0 0.0031305200536735356
1071.0 0.00343260689987801
1072.0 0.003734693382284604
1073.0 0.0030776493076700717
1074.0 0.00242060541495448
1075.0 0.002677509473869577
1076.0 0.002934413350885734
1077.0 0.003323384589748457
1078.0 0.0037123554648132995
1079.0 0.0033285014069406316
1080.0 0.002944646439573262
1081.0 0.0018273050955031067
1082.0 0.000709963478584541
1083.0 0.0010970739822369069
1084.0 0.0014841843039903324
1085.0 0.001109999357140623
1086.0 0.000735814592189854
1087.0 0.0005647332272928907
1088.0 0.0003936519078706624
1089.0 0.0001874349777608586
1090.0 1.6792047353303419e-10
1091.0 0.0013987602869747207
1092.0 0.0028163018214399926
1093.0 0.001509957746748114
1094.0 0.00020361380848044064
1095.0 1.0335810429751291e-05
1096.0 1.6792047353303419e-10
1097.0 1.6792047353303419e-10
1098.0 1.6792047353303419e-10
1099.0 1.6792047353303419e-10
1100.0 0.00016049162923081894
