lsstCam/transmission_filter_detector/r21_s02/u_24/19700101T000000.ecsv
# %ECSV 1.0
# ---
# datatype:
# - {name: wavelength, unit: nm, datatype: float32}
# - {name: efficiency, unit: '%', datatype: float64}
# meta: !!omap
# - {MODE: DETECTOR}
# - {TYPE: transmission_filter_detector}
# - {CALIBDATE: '1970-01-01T00:00:00'}
# - {INSTRUME: LSSTCam}
# - {OBSTYPE: transmission_filter_detector}
# - {CALIBCLS: lsst.ip.isr.IntermediateFilterDetectorTransmissionCurve}
# - {SOURCE: Materion (DM-46256)}
# - {DETECTOR: 83}
# - {FILTER: u_24}
# - {CALIB_ID: 'calibDate=1970-01-01T00:00:00 filter=u_24 detector=83'}
# - {DATE: '2025-04-02T15:59:40.133318'}
# - {CALIB_CREATION_DATE: '2025-04-02'}
# - {CALIB_CREATION_TIME: '15:59:40'}
# - __serialized_columns__:
#     efficiency:
#       __class__: astropy.units.quantity.Quantity
#       unit: !astropy.units.Unit {unit: '%'}
#       value: !astropy.table.SerializedColumn {name: efficiency}
#     wavelength:
#       __class__: astropy.units.quantity.Quantity
#       unit: !astropy.units.Unit {unit: nm}
#       value: !astropy.table.SerializedColumn {name: wavelength}
# schema: astropy-2.0
wavelength efficiency
295.0 0.06821429124101996
296.0 1.578855969575077e-10
297.0 1.578855969575077e-10
298.0 1.578855969575077e-10
299.0 1.578855969575077e-10
300.0 0.033521419391036034
301.0 0.06976189906708896
302.0 0.04333656106609851
303.0 1.578855969575077e-10
304.0 1.578855969575077e-10
305.0 0.5696531850844622
306.0 1.3811795972287655
307.0 2.528742514550686
308.0 4.551813378930092
309.0 7.343380153179169
310.0 10.362360626459122
311.0 13.850657641887665
312.0 17.575672268867493
313.0 20.7353413105011
314.0 23.908042907714844
315.0 26.211494207382202
316.0 28.309229016304016
317.0 30.810213088989258
318.0 33.168771862983704
319.0 36.464717984199524
320.0 41.266801953315735
321.0 46.39962315559387
322.0 52.25386619567871
323.0 57.78699517250061
324.0 62.70988583564758
325.0 66.27985835075378
326.0 68.8089668750763
327.0 70.73156833648682
328.0 72.61969447135925
329.0 74.07052516937256
330.0 75.512033700943
331.0 76.46136283874512
332.0 76.99655294418335
333.0 77.18101143836975
334.0 77.00560092926025
335.0 77.12676525115967
336.0 77.2456169128418
337.0 77.67975926399231
338.0 78.54549884796143
339.0 79.12614345550537
340.0 79.5263409614563
341.0 80.1439642906189
342.0 80.45054078102112
343.0 80.34425377845764
344.0 80.50501346588135
345.0 80.83775639533997
346.0 81.17057085037231
347.0 81.36768341064453
348.0 81.74450397491455
349.0 81.90365433692932
350.0 81.9761335849762
351.0 82.11491703987122
352.0 82.0589542388916
353.0 81.91611170768738
354.0 81.8928062915802
355.0 82.13282823562622
356.0 82.22473859786987
357.0 82.16856122016907
358.0 81.90754055976868
359.0 81.68991208076477
360.0 81.62640333175659
361.0 81.54184818267822
362.0 81.42067193984985
363.0 81.53901696205139
364.0 81.63412809371948
365.0 81.76952004432678
366.0 81.93572163581848
367.0 81.86984658241272
368.0 81.72431588172913
369.0 81.63002729415894
370.0 81.32347464561462
371.0 81.08157515525818
372.0 81.05255365371704
373.0 81.07762932777405
374.0 81.14009499549866
375.0 81.416916847229
376.0 81.49303197860718
377.0 81.48424625396729
378.0 81.56701922416687
379.0 81.31589889526367
380.0 80.6408941745758
381.0 79.46412563323975
382.0 77.7815580368042
383.0 75.8826494216919
384.0 73.74403476715088
385.0 71.39703035354614
386.0 69.05672550201416
387.0 65.94459414482117
388.0 62.799644470214844
389.0 59.038811922073364
390.0 55.26440143585205
391.0 51.12687945365906
392.0 46.71610891819
393.0 42.92582869529724
394.0 39.675262570381165
395.0 36.51755452156067
396.0 33.26674997806549
397.0 29.174137115478516
398.0 24.31742697954178
399.0 18.164195120334625
400.0 12.048621475696564
401.0 7.096560299396515
402.0 3.4190528094768524
403.0 1.251948717981577
404.0 0.3689041128382087
405.0 0.16319849528372288
406.0 0.05829143337905407
407.0 0.025518678012304008
408.0 0.03487477952148765
409.0 1.578855969575077e-10
410.0 1.578855969575077e-10
411.0 1.578855969575077e-10
412.0 0.0014914717212377582
413.0 1.578855969575077e-10
414.0 1.578855969575077e-10
415.0 1.578855969575077e-10
416.0 1.578855969575077e-10
417.0 1.578855969575077e-10
418.0 1.578855969575077e-10
419.0 1.578855969575077e-10
420.0 1.578855969575077e-10
421.0 1.578855969575077e-10
422.0 1.578855969575077e-10
423.0 1.578855969575077e-10
424.0 1.578855969575077e-10
425.0 1.578855969575077e-10
426.0 1.578855969575077e-10
427.0 1.578855969575077e-10
428.0 1.578855969575077e-10
429.0 0.0006288698841672158
430.0 0.002059695361822378
431.0 0.0005908266757614911
432.0 1.578855969575077e-10
433.0 1.578855969575077e-10
434.0 0.0003206830115232151
435.0 0.0008845308002491947
436.0 0.0014483791346719954
437.0 0.00035055870739597594
438.0 1.578855969575077e-10
439.0 1.578855969575077e-10
440.0 0.0007174721758929081
441.0 1.578855969575077e-10
442.0 1.578855969575077e-10
443.0 1.578855969575077e-10
444.0 0.00027422556740930304
445.0 1.578855969575077e-10
446.0 1.578855969575077e-10
447.0 1.578855969575077e-10
448.0 7.15547912477632e-05
449.0 0.00010252499578200513
450.0 0.00013349487062441767
451.0 1.578855969575077e-10
452.0 1.578855969575077e-10
453.0 1.578855969575077e-10
454.0 1.578855969575077e-10
455.0 1.578855969575077e-10
456.0 1.578855969575077e-10
457.0 1.578855969575077e-10
458.0 1.578855969575077e-10
459.0 1.578855969575077e-10
460.0 1.578855969575077e-10
461.0 1.578855969575077e-10
462.0 1.578855969575077e-10
463.0 1.578855969575077e-10
464.0 1.578855969575077e-10
465.0 1.656448631592866e-05
466.0 4.821503125640447e-05
467.0 1.578855969575077e-10
468.0 1.578855969575077e-10
469.0 6.456064056692412e-05
470.0 0.000841795281303348
471.0 7.16818817636522e-05
472.0 1.578855969575077e-10
473.0 1.578855969575077e-10
474.0 1.578855969575077e-10
475.0 1.578855969575077e-10
476.0 0.00013734817230215413
477.0 1.578855969575077e-10
478.0 1.578855969575077e-10
479.0 1.578855969575077e-10
480.0 1.578855969575077e-10
481.0 1.578855969575077e-10
482.0 0.0002678812052181456
483.0 1.578855969575077e-10
484.0 1.578855969575077e-10
485.0 1.578855969575077e-10
486.0 1.578855969575077e-10
487.0 1.578855969575077e-10
488.0 1.578855969575077e-10
489.0 1.578855969575077e-10
490.0 1.578855969575077e-10
491.0 1.578855969575077e-10
492.0 1.578855969575077e-10
493.0 1.578855969575077e-10
494.0 1.578855969575077e-10
495.0 1.578855969575077e-10
496.0 0.0006085641416575527
497.0 0.0003865255621349206
498.0 0.00016448678934466443
499.0 6.751221235390403e-05
500.0 1.578855969575077e-10
501.0 1.578855969575077e-10
502.0 1.578855969575077e-10
503.0 1.578855969575077e-10
504.0 1.578855969575077e-10
505.0 1.578855969575077e-10
506.0 1.578855969575077e-10
507.0 1.578855969575077e-10
508.0 1.578855969575077e-10
509.0 1.578855969575077e-10
510.0 1.578855969575077e-10
511.0 1.578855969575077e-10
512.0 0.0007812569492671173
513.0 0.0007570620709884679
514.0 0.000732866919861408
515.0 0.0007588625521748327
516.0 0.0007848583663871977
517.0 0.00011868753517774167
518.0 1.578855969575077e-10
519.0 1.578855969575077e-10
520.0 8.8305415602008e-05
521.0 0.00022554738734470448
522.0 0.0003627892510849051
523.0 2.086722616922998e-05
524.0 1.578855969575077e-10
525.0 1.578855969575077e-10
526.0 1.578855969575077e-10
527.0 1.578855969575077e-10
528.0 1.578855969575077e-10
529.0 1.578855969575077e-10
530.0 1.578855969575077e-10
531.0 1.578855969575077e-10
532.0 0.00022376045762939611
533.0 1.578855969575077e-10
534.0 1.578855969575077e-10
535.0 1.578855969575077e-10
536.0 0.0002607612486826838
537.0 1.578855969575077e-10
538.0 1.578855969575077e-10
539.0 1.578855969575077e-10
540.0 1.578855969575077e-10
541.0 1.578855969575077e-10
542.0 3.47481943663297e-05
543.0 1.578855969575077e-10
544.0 1.578855969575077e-10
545.0 1.578855969575077e-10
546.0 1.578855969575077e-10
547.0 1.578855969575077e-10
548.0 0.00013374619811656885
549.0 1.578855969575077e-10
550.0 1.578855969575077e-10
551.0 1.578855969575077e-10
552.0 1.578855969575077e-10
553.0 1.578855969575077e-10
554.0 1.578855969575077e-10
555.0 1.578855969575077e-10
556.0 1.578855969575077e-10
557.0 1.578855969575077e-10
558.0 1.578855969575077e-10
559.0 1.578855969575077e-10
560.0 0.0004145489128859481
561.0 0.00013258614899314125
562.0 1.578855969575077e-10
563.0 1.578855969575077e-10
564.0 1.578855969575077e-10
565.0 1.578855969575077e-10
566.0 1.578855969575077e-10
567.0 1.578855969575077e-10
568.0 1.578855969575077e-10
569.0 0.0001796565811673645
570.0 0.00040204372453445103
571.0 0.0004646646630135365
572.0 0.0005272857833915623
573.0 0.0004954036285198526
574.0 0.0004635217919712886
575.0 0.00034644201605260605
576.0 0.00022936244477023138
577.0 0.00043444110815471504
578.0 0.0006395198397513013
579.0 0.00040097988858178724
580.0 0.00016243993741227314
581.0 0.0004964201252732892
582.0 0.0008304005859827157
583.0 0.0011960049050685484
584.0 0.0015616094970027916
585.0 0.00132613595269504
586.0 0.001090662226488348
587.0 0.0013473717444867361
588.0 0.0016040814443840645
589.0 0.0013396283065958414
590.0 0.0010751750778581481
591.0 0.000933915998757584
592.0 0.0007926567377580795
593.0 0.000671778525429545
594.0 0.0005509000402525999
595.0 0.0006994209343247348
596.0 0.0008479414645989891
597.0 0.0008309069926326629
598.0 0.0008138722478179261
599.0 0.0011356280083418824
600.0 0.001457383405067958
601.0 0.0015321606042562053
602.0 0.0016069378034444526
603.0 0.0016333042367477901
604.0 0.0016596706700511277
605.0 0.001622863783268258
606.0 0.0015860568964853883
607.0 0.0015173725842032582
608.0 0.0014486880900221877
609.0 0.001017325575958239
610.0 0.0005859631073690252
611.0 0.0006096722700021928
612.0 0.0006333814326353604
613.0 0.0005028792202210752
614.0 0.00037237709875626024
615.0 0.0005737426363339182
616.0 0.0007751082193863112
617.0 0.0006741757715644781
618.0 0.0005732435511163203
619.0 0.0005375019100029022
620.0 0.0005017604962631594
621.0 0.0006006978310324484
622.0 0.0006996351658017375
623.0 0.0005540573511098046
624.0 0.0004084794909431366
625.0 0.0005272906037134817
626.0 0.0006461017619585618
627.0 0.0005757391591032501
628.0 0.0005053767381468788
629.0 0.0005430775672721211
630.0 0.0005807786237710388
631.0 0.0010828849553945474
632.0 0.0015849911505938508
633.0 0.0015068949323904235
634.0 0.0014287987141869962
635.0 0.001915744724101387
636.0 0.0024026907340157777
637.0 0.0023979633624549024
638.0 0.0023932356270961463
639.0 0.002145553116861265
640.0 0.0018978704247274436
641.0 0.0016529826098121703
642.0 0.001408094794896897
643.0 0.0008735577466723043
644.0 0.0003390206074982416
645.0 0.00028551960440381663
646.0 0.00023201848762255395
647.0 0.00014951605180613114
648.0 6.701377515128115e-05
649.0 9.777411378308898e-05
650.0 0.00012853450925831567
651.0 0.0003340386456329725
652.0 0.0005395429525378859
653.0 0.0009995735126722138
654.0 0.0014596039363823365
655.0 0.001253575555892894
656.0 0.0010475469935045112
657.0 0.0021021882275817916
658.0 0.003156829916406423
659.0 0.0034322587453061715
660.0 0.0037076872104080394
661.0 0.0038069571019150317
662.0 0.003906226993422024
663.0 0.0033718537451932207
664.0 0.0028374806788633578
665.0 0.0026177483960054815
666.0 0.002398015931248665
667.0 0.0019714192603714764
668.0 0.0015448224075953476
669.0 0.0010978708814946003
670.0 0.000650919355393853
671.0 0.0005808231890114257
672.0 0.0005107269316795282
673.0 0.0003622356189225684
674.0 0.00021374423795350594
675.0 0.00042277765714970883
676.0 0.0006318111445580143
677.0 0.0010977825695590582
678.0 0.0015637542674085125
679.0 0.001779731610440649
680.0 0.0019957087715738453
681.0 0.0026934838388115168
682.0 0.0033912590879481286
683.0 0.004734403046313673
684.0 0.006077547004679218
685.0 0.0066759697801899165
686.0 0.007274394738487899
687.0 0.007188622112153098
688.0 0.007102849485818297
689.0 0.006308935553533956
690.0 0.005515023076441139
691.0 0.0048266290832543746
692.0 0.004138235453865491
693.0 0.0035145490983268246
694.0 0.0028908629246870987
695.0 0.0024498653147020377
696.0 0.0020088680685148574
697.0 0.0015361893019871786
698.0 0.00106351062640897
699.0 0.0008156991498253774
700.0 0.0005678875822923146
701.0 0.0004202064246783266
702.0 0.0002725254489632789
703.0 0.0005124433755554492
704.0 0.0007523614840465598
705.0 0.0006983301773288986
706.0 0.0006442989615607075
707.0 0.0007414475931000197
708.0 0.0008385959517909214
709.0 0.0006595076683879597
710.0 0.00048041929403552786
711.0 0.000671182442602003
712.0 0.0008619454092695378
713.0 0.0008003514267329592
714.0 0.0007387575351458509
715.0 0.0007061883025016868
716.0 0.0006736190698575228
717.0 0.0006729649612680078
718.0 0.0006723107617290225
719.0 0.0005154596237844089
720.0 0.0003586084631024278
721.0 0.0005309374046191806
722.0 0.000703266414348036
723.0 0.0005374751253839349
724.0 0.00037168390463193646
725.0 0.00015647634654669673
726.0 1.578855969575077e-10
727.0 0.00014402323813555995
728.0 0.0003467778469712357
729.0 0.000245473984250566
730.0 0.0001441701897419989
731.0 0.00013923907999924268
732.0 0.00013430798162517021
733.0 4.039853536141891e-05
734.0 1.578855969575077e-10
735.0 0.0003778319978664513
736.0 0.0008091747986327391
737.0 0.0006556353582709562
738.0 0.0005020958269597031
739.0 0.0003286306537120254
740.0 0.00015516544635829632
741.0 0.0006719155862811022
742.0 0.001188665828522062
743.0 0.0013580238373833708
744.0 0.0015273815733962692
745.0 0.0018577873561298475
746.0 0.0021881929569644853
747.0 0.002839216722350102
748.0 0.0034902401239378378
749.0 0.003253696922911331
750.0 0.0030171537218848243
751.0 0.003258341530454345
752.0 0.0034995293390238658
753.0 0.003013486275449395
754.0 0.0025274432118749246
755.0 0.002607000897114631
756.0 0.002686559128051158
757.0 0.0023310130927711725
758.0 0.0019754666936933063
759.0 0.0015125992831599433
760.0 0.0010497318726265803
761.0 0.0009980692993849516
762.0 0.0009464068170927931
763.0 0.0007451100827893242
764.0 0.0005438133484858554
765.0 0.0006630120878980961
766.0 0.0007822108273103368
767.0 0.0006796421075705439
768.0 0.0005770732059318107
769.0 0.0005322109700500732
770.0 0.00048734850679466035
771.0 0.00039919714254210703
772.0 0.0003110456191279809
773.0 0.0004139477368880762
774.0 0.0005168496954865986
775.0 0.0004632527634385042
776.0 0.00040965578591567464
777.0 0.0005234022410149919
778.0 0.0006371485142153688
779.0 0.0007922064469312318
780.0 0.0009472641977481544
781.0 0.0008931679985835217
782.0 0.0008390718903683592
783.0 0.0008437734322797041
784.0 0.0008484748832415789
785.0 0.0009774793397809844
786.0 0.0011064836144214496
787.0 0.0010359924090153072
788.0 0.0009655010217102244
789.0 0.000920713682717178
790.0 0.0008759261618251912
791.0 0.0008964336302597076
792.0 0.0009169409167952836
793.0 0.000480754852105747
794.0 4.4568764678842854e-05
795.0 8.050003543758066e-05
796.0 0.00011643123798421584
797.0 0.0003221633050998207
798.0 0.0005278952812659554
799.0 0.0003095727606705623
800.0 9.125018323175027e-05
801.0 1.578855969575077e-10
802.0 1.578855969575077e-10
803.0 1.578855969575077e-10
804.0 4.47257839653048e-06
805.0 5.350577225726738e-05
806.0 0.00010253902473777998
807.0 1.578855969575077e-10
808.0 1.578855969575077e-10
809.0 0.00012457363709472702
810.0 0.0005154123300599167
811.0 7.713586569479958e-05
812.0 1.578855969575077e-10
813.0 3.9482409874835867e-05
814.0 0.00044010544115735684
815.0 0.0005052391770732356
816.0 0.0005703727765649091
817.0 0.0003749264351426973
818.0 0.00017948004824575037
819.0 6.070839617677848e-05
820.0 1.578855969575077e-10
821.0 1.578855969575077e-10
822.0 1.578855969575077e-10
823.0 1.578855969575077e-10
824.0 7.273462188095436e-05
825.0 1.578855969575077e-10
826.0 1.578855969575077e-10
827.0 1.578855969575077e-10
828.0 0.000329456634062808
829.0 0.00031557422062178375
830.0 0.00030169214824127266
831.0 1.578855969575077e-10
832.0 1.578855969575077e-10
833.0 1.578855969575077e-10
834.0 1.578855969575077e-10
835.0 1.578855969575077e-10
836.0 1.578855969575077e-10
837.0 1.578855969575077e-10
838.0 1.578855969575077e-10
839.0 1.578855969575077e-10
840.0 1.578855969575077e-10
841.0 1.578855969575077e-10
842.0 3.424625560910499e-05
843.0 5.733488706027856e-05
844.0 8.042346735237516e-05
845.0 0.00013908583014199394
846.0 0.00019774824977503158
847.0 0.0001530809186078841
848.0 0.00010841353059731773
849.0 0.0002869603349608951
850.0 0.0004655069460568484
851.0 0.0002543072241678601
852.0 4.310754775360692e-05
853.0 5.458902023747214e-05
854.0 6.607036198147398e-05
855.0 1.578855969575077e-10
856.0 1.578855969575077e-10
857.0 0.0001745004396980221
858.0 0.0005197129212319851
859.0 0.0004704347247752594
860.0 0.0004211564828437986
861.0 0.0005540977781492984
862.0 0.000687038982505328
863.0 0.0007399269634333905
864.0 0.0007928147169877775
865.0 0.0013196903637435753
866.0 0.0018465658286004327
867.0 0.0016359246728825383
868.0 0.001425284062861465
869.0 0.0015547680959571153
870.0 0.0016842521290527657
871.0 0.0015687912309658714
872.0 0.0014533302419295069
873.0 0.0017355359887005761
874.0 0.002017741644522175
875.0 0.002108744956785813
876.0 0.0021997486328473315
877.0 0.0022210593670024537
878.0 0.0022423704649554566
879.0 0.002347659756196663
880.0 0.00245294959313469
