lsstCam/transmission_filter_detector/r21_s02/u_24/19700101T000000.ecsv
# %ECSV 1.0
# ---
# datatype:
# - {name: wavelength, unit: nm, datatype: float32}
# - {name: efficiency, unit: '%', datatype: float64}
# meta: !!omap
# - {MODE: DETECTOR}
# - {TYPE: transmission_filter_detector}
# - {CALIBDATE: '1970-01-01T00:00:00'}
# - {INSTRUME: LSSTCam}
# - {OBSTYPE: transmission_filter_detector}
# - {CALIBCLS: lsst.ip.isr.IntermediateFilterDetectorTransmissionCurve}
# - {SOURCE: Materion (DM-46256)}
# - {DETECTOR: 83}
# - {FILTER: u_24}
# - {CALIB_ID: 'calibDate=1970-01-01T00:00:00 filter=u_24 detector=83'}
# - {DATE: '2025-04-02T15:59:40.133318'}
# - {CALIB_CREATION_DATE: '2025-04-02'}
# - {CALIB_CREATION_TIME: '15:59:40'}
# - __serialized_columns__:
#     efficiency:
#       __class__: astropy.units.quantity.Quantity
#       unit: !astropy.units.Unit {unit: '%'}
#       value: !astropy.table.SerializedColumn {name: efficiency}
#     wavelength:
#       __class__: astropy.units.quantity.Quantity
#       unit: !astropy.units.Unit {unit: nm}
#       value: !astropy.table.SerializedColumn {name: wavelength}
# schema: astropy-2.0
wavelength efficiency
[from data line 587]
882.0 0.002475237488397397
883.0 0.002365462569287047
884.0 0.002255688013974577
885.0 0.00220288220589282
886.0 0.002150076579710003
887.0 0.0021152955014258623
888.0 0.002080514605040662
889.0 0.0020625406250474043
890.0 0.0020445666450541466
891.0 0.002266829142172355
892.0 0.0024890914573916234
893.0 0.002493530155334156
894.0 0.002497968489478808
895.0 0.0028339112759567797
896.0 0.003169853880535811
897.0 0.003513764022500254
898.0 0.0038576741644646972
899.0 0.0040565446397522464
900.0 0.004255415115039796
901.0 0.004316631384426728
902.0 0.004377848017611541
903.0 0.004737211929750629
904.0 0.005096575478091836
905.0 0.005060006151325069
906.0 0.005023436460760422
907.0 0.00544284594070632
908.0 0.005862255420652218
909.0 0.0055642252846155316
910.0 0.005266195512376726
911.0 0.005336331742000766
912.0 0.005406468335422687
913.0 0.005279737888486125
914.0 0.005153007441549562
915.0 0.004809068195754662
916.0 0.004465128949959762
917.0 0.004120296944165602
918.0 0.0037754656659672037
919.0 0.004101320882909931
920.0 0.004427176099852659
921.0 0.004484345481614582
922.0 0.004541514499578625
923.0 0.005202746979193762
924.0 0.005863978003617376
925.0 0.006114534335210919
926.0 0.006365091394400224
927.0 0.006989789108047262
928.0 0.007614483911311254
929.0 0.007641042611794546
930.0 0.007667600584682077
931.0 0.007578673103125766
932.0 0.007489744893973693
933.0 0.007428251410601661
934.0 0.007366758654825389
935.0 0.007624184945598245
936.0 0.007881608325988054
937.0 0.00751375118852593
938.0 0.007145895506255329
939.0 0.006975623546168208
940.0 0.006805352313676849
941.0 0.005892726767342538
942.0 0.004980100493412465
943.0 0.003989709512097761
944.0 0.002999319440277759
945.0 0.002471487459843047
946.0 0.0019436558432062156
947.0 0.001773161238816101
948.0 0.0016026662706281058
949.0 0.0014642146197729744
950.0 0.0013257628779683728
951.0 0.0014301131159299985
952.0 0.001534463262942154
953.0 0.0015421872376464307
954.0 0.0015499115761485882
955.0 0.0020627947378670797
956.0 0.0025756780814845115
957.0 0.002642717481649015
958.0 0.0027097561542177573
959.0 0.002962684811791405
960.0 0.003215613105567172
961.0 0.003709000156959519
962.0 0.004202387208351865
963.0 0.004399592580739409
964.0 0.004596797953126952
965.0 0.004515338514465839
966.0 0.004433879075804725
967.0 0.0046119996113702655
968.0 0.004790120146935806
969.0 0.004810776590602472
970.0 0.004831433034269139
971.0 0.0047167188313324004
972.0 0.004602004264597781
973.0 0.00431934604421258
974.0 0.004036687460029498
975.0 0.003894345718435943
976.0 0.003752003249246627
977.0 0.0033569231163710356
978.0 0.002961842983495444
979.0 0.0028260803446755745
980.0 0.002690317705855705
981.0 0.0025660630853963085
982.0 0.0024418082830379717
983.0 0.002689721623028163
984.0 0.002937634963018354
985.0 0.003302847471786663
986.0 0.0036680608900496736
987.0 0.0038880596548551694
988.0 0.004108058783458546
989.0 0.004918681952403858
990.0 0.005729304393753409
991.0 0.005962414434179664
992.0 0.006195524474605918
993.0 0.006303918780758977
994.0 0.006412313086912036
995.0 0.006089068119763397
996.0 0.0057658206060295925
997.0 0.005628205690300092
998.0 0.005490592593559995
999.0 0.006090329043217935
1000.0 0.006690062582492828
1001.0 0.006519666931126267
1002.0 0.006349271279759705
1003.0 0.005880461685592309
1004.0 0.005411652091424912
1005.0 0.005340449570212513
1006.0 0.0052692466852022335
1007.0 0.005283226346364245
1008.0 0.005297204188536853
1009.0 0.0046584980736952275
1010.0 0.004019792322651483
1011.0 0.0037712768971687183
1012.0 0.003522761835483834
1013.0 0.0029621998692164198
1014.0 0.0024016379029490054
1015.0 0.002067294371954631
1016.0 0.0017329506590613164
1017.0 0.0015441615687450394
1018.0 0.001355372296529822
1019.0 0.001209808215207886
1020.0 0.0010642438610375393
1021.0 0.0010332425517844968
1022.0 0.0010022413334809244
1023.0 0.001150612297351472
1024.0 0.00129898335217149
1025.0 0.0013274877346702851
1026.0 0.0013559923900174908
1027.0 0.001265638002223568
1028.0 0.0011752834325307049
1029.0 0.0012814716683351435
1030.0 0.0013876600860385224
1031.0 0.0017955067960429005
1032.0 0.002203353687946219
1033.0 0.0019125132894259878
1034.0 0.0016216727090068161
1035.0 0.0018945769625133835
1036.0 0.00216748085222207
1037.0 0.0022593174435314722
1038.0 0.0023511542167398147
1039.0 0.002101563586620614
1040.0 0.0018519733202992938
1041.0 0.0016374675396946259
1042.0 0.0014229621228878386
1043.0 0.0015460023860214278
1044.0 0.001669042649155017
1045.0 0.001499417885497678
1046.0 0.0013297934856382199
1047.0 0.0018807288142852485
1048.0 0.002431664506730158
1049.0 0.001973420148715377
1050.0 0.0015151752450037748
1051.0 0.00158811999426689
1052.0 0.0016610647435300052
1053.0 0.0016146181224030443
1054.0 0.0015681711374782026
1055.0 0.0012700373190455139
1056.0 0.0009719036825117655
1057.0 0.0015246838302118704
1058.0 0.0020774641598109156
1059.0 0.0013223480891610961
1060.0 0.0005672322913596872
1061.0 0.0011371010259608738
1062.0 0.0017069698515115306
1063.0 0.0016513831724296324
1064.0 0.0015957963114487939
1065.0 0.0012901571608381346
1066.0 0.0009845179192780051
1067.0 0.001340750532108359
1068.0 0.0016969823263934813
1069.0 0.0019342654923093505
1070.0 0.002171548294427339
1071.0 0.0016165777196874842
1072.0 0.0010616072358970996
1073.0 0.0011638308023975696
1074.0 0.0012660543688980397
1075.0 0.002582417073426768
1076.0 0.003898779323208146
1077.0 0.0037889731174800545
1078.0 0.003679166911751963
1079.0 0.004864230504608713
1080.0 0.006049291550880298
1081.0 0.004264413655619137
1082.0 0.0024795355784590356
1083.0 0.0020234852854628116
1084.0 0.0015674349924665876
1085.0 0.0024666051103849895
1086.0 0.003365775046404451
1087.0 0.0034462609619367868
1088.0 0.0035267468774691224
1089.0 0.005022734694648534
1090.0 0.006518722511827946
1091.0 0.004485228055273183
1092.0 0.00245173378061736
1093.0 0.0019712755602085963
1094.0 0.0014908177035977133
1095.0 0.0015322011677199043
1096.0 0.0015735849956399761
1097.0 0.0029163431463530287
1098.0 0.004259101842762902
1099.0 0.003054439730476588
1100.0 0.0018497776181902736
