lsstCam/transmission_filter_detector/r10_s20/g_6/19700101T000000.ecsv
# %ECSV 1.0
# ---
# datatype:
# - {name: wavelength, unit: nm, datatype: float32}
# - {name: efficiency, unit: '%', datatype: float64}
# meta: !!omap
# - {MODE: DETECTOR}
# - {TYPE: transmission_filter_detector}
# - {CALIBDATE: '1970-01-01T00:00:00'}
# - {INSTRUME: LSSTCam}
# - {OBSTYPE: transmission_filter_detector}
# - {CALIBCLS: lsst.ip.isr.IntermediateFilterDetectorTransmissionCurve}
# - {SOURCE: Materion (DM-46256)}
# - {DETECTOR: 33}
# - {FILTER: g_6}
# - {CALIB_ID: 'calibDate=1970-01-01T00:00:00 filter=g_6 detector=33'}
# - {DATE: '2025-04-02T15:59:42.180824'}
# - {CALIB_CREATION_DATE: '2025-04-02'}
# - {CALIB_CREATION_TIME: '15:59:42'}
# - __serialized_columns__:
#     efficiency:
#       __class__: astropy.units.quantity.Quantity
#       unit: !astropy.units.Unit {unit: '%'}
#       value: !astropy.table.SerializedColumn {name: efficiency}
#     wavelength:
#       __class__: astropy.units.quantity.Quantity
#       unit: !astropy.units.Unit {unit: nm}
#       value: !astropy.table.SerializedColumn {name: wavelength}
# schema: astropy-2.0
wavelength efficiency
300.0 0.5111805628985167
301.0 0.3745568683370948
302.0 0.23793315049260855
303.0 0.21503204479813576
304.0 0.19213093910366297
305.0 0.1998740015551448
306.0 0.20761701744049788
307.0 0.2143132034689188
308.0 0.22100936621427536
309.0 0.21971026435494423
310.0 0.21841120906174183
311.0 0.2097638789564371
312.0 0.20111659541726112
313.0 0.19868293311446905
314.0 0.19624927081167698
315.0 0.18742651445791125
316.0 0.17860380467027426
317.0 0.1768911024555564
318.0 0.1751784235239029
319.0 0.1591247972100973
320.0 0.14307114761322737
321.0 0.13865482760593295
322.0 0.13423850759863853
323.0 0.11471520410850644
324.0 0.0951919355429709
325.0 0.08732714341022074
326.0 0.0794623454567045
327.0 0.07322613382712007
328.0 0.06698992801830173
329.0 0.06357566453516483
330.0 0.06016140105202794
331.0 0.0556445331312716
332.0 0.05112765938974917
333.0 0.04736635310109705
334.0 0.043605046812444925
335.0 0.042356664198450744
336.0 0.04110828158445656
337.0 0.04152619221713394
338.0 0.04194409993942827
339.0 0.040804201853461564
340.0 0.03966430376749486
341.0 0.03764471912290901
342.0 0.03562513447832316
343.0 0.03211809089407325
344.0 0.028611047309823334
345.0 0.02553893718868494
346.0 0.022466827067546546
347.0 0.02109297929564491
348.0 0.019719128613360226
349.0 0.01805816573323682
350.0 0.8439298719167709
351.0 0.8802805095911026
352.0 0.7320014759898186
353.0 0.9067641571164131
354.0 0.49892584793269634
355.0 0.8995244279503822
356.0 0.5025521386414766
357.0 0.6311460398137569
358.0 0.34081190824508667
359.0 0.916648842394352
360.0 0.5685767158865929
361.0 0.8349775336682796
362.0 0.49126571975648403
363.0 0.7906373590230942
364.0 0.5410137120634317
365.0 0.7448604330420494
366.0 0.3701663576066494
367.0 0.6817663554102182
368.0 0.3281397046521306
369.0 0.5589437671005726
370.0 0.41376641020178795
371.0 0.5590685177594423
372.0 0.40184883400797844
373.0 0.5814398638904095
374.0 0.366774364374578
375.0 0.4243550356477499
376.0 0.34632079768925905
377.0 0.48271212726831436
378.0 0.3218139288946986
379.0 0.5301428027451038
380.0 0.31192563474178314
381.0 0.4839033354073763
382.0 0.5226848646998405
383.0 0.6300962995737791
384.0 0.5407575983554125
385.0 0.5734987556934357
386.0 0.6713264156132936
387.0 0.7675120607018471
388.0 0.995339173823595
389.0 1.335014309734106
390.0 1.9251026213169098
391.0 2.977035753428936
392.0 4.764498770236969
393.0 7.6290808618068695
394.0 11.46974116563797
395.0 16.539181768894196
396.0 22.951655089855194
397.0 30.87886869907379
398.0 39.88833427429199
399.0 49.55291748046875
400.0 59.06250476837158
401.0 67.86928176879883
402.0 75.64629912376404
403.0 81.86618685722351
404.0 86.29570007324219
405.0 89.52388167381287
406.0 91.17454886436462
407.0 92.51062870025635
408.0 93.23403835296631
409.0 93.54613423347473
410.0 93.55412721633911
411.0 93.35148930549622
412.0 92.98506379127502
413.0 92.8163230419159
414.0 92.59898662567139
415.0 92.86653995513916
416.0 93.3074951171875
417.0 93.73265504837036
418.0 94.23637390136719
419.0 94.7616457939148
420.0 95.28937935829163
421.0 95.77472805976868
422.0 95.8766758441925
423.0 95.99863886833191
424.0 95.81831693649292
425.0 95.71819305419922
426.0 95.68331241607666
427.0 95.69293856620789
428.0 95.48138976097107
429.0 95.35871744155884
430.0 95.29387950897217
431.0 95.39218544960022
432.0 95.441335439682
433.0 95.51998972892761
434.0 95.6016480922699
435.0 95.72572708129883
436.0 95.69277763366699
437.0 95.72349786758423
438.0 95.81049680709839
439.0 95.90870141983032
440.0 95.89707851409912
441.0 96.04040384292603
442.0 95.94538807868958
443.0 95.93239426612854
444.0 95.76202034950256
445.0 95.49036026000977
446.0 95.40024399757385
447.0 95.19568085670471
448.0 95.32061815261841
449.0 95.5397367477417
450.0 95.81608176231384
451.0 96.00797891616821
452.0 96.1641252040863
453.0 96.3049054145813
454.0 96.3628888130188
455.0 96.59721851348877
456.0 96.71881794929504
457.0 96.89503312110901
458.0 96.89025282859802
459.0 96.86704874038696
460.0 96.9042956829071
461.0 96.9433069229126
462.0 96.89700603485107
463.0 96.78885340690613
464.0 96.89087867736816
465.0 96.7767059803009
466.0 96.73903584480286
467.0 96.76190614700317
468.0 96.81534767150879
469.0 96.85441851615906
470.0 96.68408632278442
471.0 96.56453132629395
472.0 96.60933017730713
473.0 96.5153694152832
474.0 96.43521308898926
475.0 96.46931886672974
476.0 96.52464985847473
477.0 96.61144018173218
478.0 96.73395156860352
479.0 96.73261046409607
480.0 96.90523743629456
481.0 97.03789353370667
482.0 97.17977643013
483.0 97.06777930259705
484.0 97.27694392204285
485.0 97.32123613357544
486.0 97.30876684188843
487.0 97.37767577171326
488.0 97.3437488079071
489.0 97.4353551864624
490.0 97.43134379386902
491.0 97.52686023712158
492.0 97.396719455719
493.0 97.46704697608948
494.0 97.38881587982178
495.0 97.4632203578949
496.0 97.28283882141113
497.0 97.24681973457336
498.0 96.98975086212158
499.0 97.06752896308899
500.0 97.06214666366577
501.0 97.00018763542175
502.0 96.92717790603638
503.0 97.11416363716125
504.0 96.94002866744995
505.0 96.92363739013672
506.0 96.921306848526
507.0 96.8783974647522
508.0 96.93963527679443
509.0 96.87784314155579
510.0 96.86259031295776
511.0 96.837317943573
512.0 96.74156904220581
513.0 96.83994054794312
514.0 96.82095050811768
515.0 96.85672521591187
516.0 96.98454141616821
517.0 96.9697892665863
518.0 97.0611035823822
519.0 97.0288097858429
520.0 97.0818042755127
521.0 97.14528322219849
522.0 97.18222618103027
523.0 97.10246324539185
524.0 97.13926315307617
525.0 97.11480140686035
526.0 97.20960855484009
527.0 97.18867540359497
528.0 97.27765321731567
529.0 97.28679656982422
530.0 97.3465085029602
531.0 97.44672775268555
532.0 97.33437895774841
533.0 97.30898141860962
534.0 97.2521185874939
535.0 97.02298045158386
536.0 96.5444803237915
537.0 95.83840370178223
538.0 94.8836088180542
539.0 93.22171807289124
540.0 91.17364287376404
541.0 88.10281157493591
542.0 84.917813539505
543.0 80.73521256446838
544.0 75.69226026535034
545.0 71.29266858100891
546.0 66.2013292312622
547.0 61.72138452529907
548.0 57.5323224067688
549.0 54.02955412864685
550.0 51.33596062660217
551.0 48.75918924808502
552.0 46.63376212120056
553.0 44.08067762851715
554.0 40.79371988773346
555.0 37.01682388782501
556.0 32.00516402721405
557.0 26.458701491355896
558.0 20.761017501354218
559.0 15.517568588256836
560.0 10.846369713544846
561.0 6.8684592843055725
562.0 4.106181114912033
563.0 2.255058102309704
564.0 1.1696390807628632
565.0 0.5526827182620764
566.0 0.2937626326456666
567.0 0.16192961484193802
568.0 0.12441246071830392
569.0 0.0764085678383708
570.0 0.06665489636361599
571.0 0.03602325159590691
572.0 0.04293358069844544
573.0 0.021952034148853272
574.0 0.032757301232777536
575.0 0.026854456518776715
576.0 0.02946948225144297
577.0 0.026921418611891568
578.0 0.023485071142204106
579.0 0.02273756981594488
580.0 0.021879530686419457
581.0 0.020262754696886986
582.0 0.03148854593746364
583.0 0.0161334071890451
584.0 0.02537565305829048
585.0 0.010828894301084802
586.0 0.025075406301766634
587.0 0.010787854262162
588.0 0.014031141472514719
589.0 0.01156913858721964
590.0 0.010726257460191846
591.0 0.007344067853409797
592.0 0.018370657926425338
593.0 0.00532522753928788
594.0 0.02170530497096479
595.0 0.009816224337555468
596.0 0.006408301123883575
597.0 0.005881781908101402
598.0 0.009659023635322228
599.0 0.01898351329145953
600.0 0.009546566434437409
601.0 0.0022522317522088997
602.0 0.0023088627131073736
603.0 0.0023654931283090264
604.0 0.002140229116776027
605.0 0.0019149647414451465
606.0 0.0019482109564705752
607.0 0.0019814569895970635
608.0 0.0017890071831061505
609.0 0.001596557194716297
610.0 0.0017777094399207272
611.0 0.0019588613213272765
612.0 0.0018065586118609644
613.0 0.0016542559023946524
614.0 0.0016999336367007345
615.0 0.0017456117348046973
616.0 0.001888439328467939
617.0 0.0020312669221311808
618.0 0.0018608021491672844
619.0 0.001690337376203388
620.0 0.0016961261280812323
621.0 0.0017019148799590766
622.0 0.001552406683913432
623.0 0.001402898215019377
624.0 0.001415988754160935
625.0 0.0014290793842519633
626.0 0.0013291649338498246
627.0 0.0012292508472455665
628.0 0.0013365764061745722
629.0 0.0014439022379519884
630.0 0.0013199350178183522
631.0 0.0011959675248363055
632.0 0.0013375888556765858
633.0 0.0014792100046179257
634.0 0.0013883535757486243
635.0 0.0012974967830814421
636.0 0.0012831677850044798
637.0 0.0012688391507253982
638.0 0.001192477884615073
639.0 0.0011161166185047477
640.0 0.001124172285926761
641.0 0.0011322278623993043
642.0 0.0013241972737887409
643.0 0.001516166958026588
644.0 0.0014155741155263968
645.0 0.0013149810911272652
646.0 0.0012638936823350377
647.0 0.00121280618259334
648.0 0.0011086612175859045
649.0 0.0010045159797300585
650.0 0.0012536614121927414
651.0 0.0015028062080091331
652.0 0.0012090945347154047
653.0 0.000915382679522736
654.0 0.0010306188414688222
655.0 0.0011458551853138488
656.0 0.0011622050806181505
657.0 0.0011785551578213926
658.0 0.0010914938684436493
659.0 0.0010044330338132568
660.0 0.0009367419806949329
661.0 0.0008690510185260791
662.0 0.0009990926628233865
663.0 0.0011291345799691044
664.0 0.0011521372471179347
665.0 0.0011751395504688844
666.0 0.0010696656318032183
667.0 0.0009641915312386118
668.0 0.0010591403224680107
669.0 0.0011540892046468798
670.0 0.0011502668712637387
671.0 0.0011464445378805976
672.0 0.0011545987945282832
673.0 0.0011627529602264985
674.0 0.0011176789485034533
675.0 0.001072604936780408
676.0 0.0010450047739141155
677.0 0.0010174042472499423
678.0 0.0010738659511844162
679.0 0.0011303278370178305
680.0 0.001068463006959064
681.0 0.0010065981769002974
682.0 0.0010231179658148903
683.0 0.0010396374818810727
684.0 0.0009048286301549524
685.0 0.0007700195965298917
686.0 0.0009683298230811488
687.0 0.0011666399586829357
688.0 0.0011362179975549225
689.0 0.0011057960364269093
690.0 0.0010107738489750773
691.0 0.0009157517524727155
692.0 0.000929900306800846
693.0 0.0009440490430279169
694.0 0.0010321152331016492
695.0 0.0011201813322259113
696.0 0.0011130419807159342
697.0 0.0011059022654080763
698.0 0.0012599875844898634
699.0 0.00141407272167271
700.0 0.0012008136764052324
701.0 0.0009875543582893442
702.0 0.0010990866940119304
703.0 0.0012106189387850463
704.0 0.0011935021575482097
705.0 0.0011763851944124326
706.0 0.0011317606549710035
707.0 0.0010871362974285148
708.0 0.0010620015018503182
709.0 0.0010368668881710619
710.0 0.001155122936324915
711.0 0.0012733792573271785
712.0 0.0012283301657589618
713.0 0.0011832812560896855
714.0 0.0011835196346510202
715.0 0.0011837582860607654
716.0 0.0014154978998703882
717.0 0.0016472376955789514
718.0 0.0018773927877191454
719.0 0.0021075475160614587
720.0 0.001797770346456673
721.0 0.0014879932678013574
722.0 0.0016038789908634499
723.0 0.0017197651686728932
724.0 0.0016585618141107261
725.0 0.001597358459548559
726.0 0.001668420918576885
727.0 0.0017394830138073303
728.0 0.00184868313226616
729.0 0.001957882886927109
730.0 0.001969241930055432
731.0 0.0019806007912848145
732.0 0.0018699725842452608
733.0 0.0017593441953067668
734.0 0.0015323847037507221
735.0 0.0013054252121946774
736.0 0.001174836143036373
737.0 0.0010442470738780685
738.0 0.0010609618584567215
739.0 0.0010776765520859044
740.0 0.0009476957529841457
741.0 0.0008177147719834466
742.0 0.0008185131264326628
743.0 0.0008193113899324089
744.0 0.0009597367352398578
745.0 0.001100162262446247
746.0 0.0010577065950201359
747.0 0.0010152509275940247
748.0 0.0011325582818244584
749.0 0.0012498657270043623
750.0 0.0010194127753493376
751.0 0.0007889601874921937
752.0 0.0007279200417542597
753.0 0.0006668800779152662
754.0 0.0007715311767242383
755.0 0.0008761822755332105
756.0 0.0008544783668185119
757.0 0.000832774367154343
758.0 0.0008481384611513931
759.0 0.0008635028279968537
760.0 0.0006858173492219066
761.0 0.0005081318249722244
762.0 0.000557205248696846
763.0 0.0006062785359972622
764.0 0.0007450468274328159
765.0 0.0008838153917167801
766.0 0.0007850982001400553
767.0 0.0006863811449875357
768.0 0.0006041134383849567
769.0 0.0005218456863076426
770.0 0.00043837108023581095
771.0 0.0003548964741639793
772.0 0.0005507271453097928
773.0 0.0007465579074050765
774.0 0.000797465236246353
775.0 0.0008483726560370997
776.0 0.0008260009963123593
777.0 0.0008036292456381489
778.0 0.0007607073257531738
779.0 0.0007177854968176689
780.0 0.0006321228283923119
781.0 0.0005464600690174848
782.0 0.0005507901732926257
783.0 0.0005551201866182964
784.0 0.0006955364369787276
785.0 0.0008359526873391587
786.0 0.0007541144441347569
787.0 0.0006722765647282358
788.0 0.00041684097595862113
789.0 0.0001614054440324253
790.0 0.00016374451661249623
791.0 0.00016608355508651584
792.0 0.00026230814000882674
793.0 0.00035853272493113764
794.0 0.000309526717501285
795.0 0.0002605207100714324
796.0 0.00038778230191383045
797.0 0.0005150438937562285
798.0 0.0005214051725488389
799.0 0.0005277664513414493
800.0 0.0005372529813030269
801.0 0.0005467396931635449
802.0 0.0004678135610447498
803.0 0.0003888875198754249
804.0 0.00028654067136812955
805.0 0.00018419387970425305
806.0 0.00031376787319459254
807.0 0.0004433418325788807
808.0 0.00048517918003199156
809.0 0.0005270164820103673
810.0 0.0003746540414795163
811.0 0.0002222915554739302
812.0 0.00023729428448859835
813.0 0.0002522970135032665
814.0 0.0003058575885006576
815.0 0.00035941816349804867
816.0 0.0005108726782054873
817.0 0.0006623271019634558
818.0 0.0004937839094054652
819.0 0.0003252406258980045
820.0 0.0003951583948946791
821.0 0.00046507611841661856
822.0 0.00036654055293183774
823.0 0.0002680049874470569
824.0 0.0003723266900124145
825.0 0.00047664834710303694
826.0 0.0005889578915230231
827.0 0.0007012674359430093
828.0 0.000596414110987098
829.0 0.0004915607405564515
830.0 0.00043513109631021507
831.0 0.0003787014748013462
832.0 0.0005598114512395114
833.0 0.0007409213594655739
834.0 0.0006273034159676172
835.0 0.0005136855179443955
836.0 0.0005270357178233098
837.0 0.0005403860086516943
838.0 0.0004769472980115097
839.0 0.0004135086328460602
840.0 0.0004932604952045949
841.0 0.0005730123120883945
842.0 0.0003251150928917923
843.0 7.721780548308743e-05
844.0 0.00010255130291625392
845.0 0.00012788482308678795
846.0 0.00040949717003968544
847.0 0.0006911096534167882
848.0 0.0006180976470204769
849.0 0.0005450856406241655
850.0 0.00056168828450609
851.0 0.0005782908374385443
852.0 0.0006046438102202956
853.0 0.0006309963737294311
854.0 0.0006105447027948685
855.0 0.0005900928499613656
856.0 0.0005532923751161434
857.0 0.0005164919457456563
858.0 0.0005718281954614213
859.0 0.0006271644906519214
860.0 0.000591093385082786
861.0 0.0005550222340389155
862.0 0.0005787918325950159
863.0 0.0006025614766258514
864.0 0.00048788183448778
865.0 0.00037320219234970864
866.0 0.0003903371180058457
867.0 0.00040747204366198275
868.0 0.0005710595360142179
869.0 0.0007346469828917179
870.0 0.0006087604106141953
871.0 0.0004828736564377323
872.0 0.00041060789044422563
873.0 0.0003383420335012488
874.0 0.000373452462554269
875.0 0.0004085628916072892
876.0 0.0005409228378994158
877.0 0.0006732827387168072
878.0 0.0006450693945225794
879.0 0.0006168560048536165
880.0 0.0005712905931432033
881.0 0.0005257254997559357
882.0 0.0004409447228681529
883.0 0.0003561641733540455
884.0 0.0004396045369503554
885.0 0.0005230450369708706
886.0 0.000678700826028944
887.0 0.000834356887935428
888.0 0.0006608398052776465
889.0 0.00048732290451880544
890.0 0.0005406420314102434
891.0 0.0005939613402006216
892.0 0.0005367290668800706
893.0 0.00047949683903425466
894.0 0.00047792314035177696
895.0 0.00047634948714403436
896.0 0.00027209994186705444
897.0 6.785041364310018e-05
898.0 0.0001876118517429859
899.0 0.0003073732841585297
900.0 0.0002730048436205834
901.0 0.00023863635760790203
902.0 0.0004403426373755792
903.0 0.0006420489171432564
904.0 0.0003761452944672783
905.0 0.00011024156947314623
906.0 0.00034869713090301957
