lsstCam/transmission_filter_detector/r10_s20/g_6/19700101T000000.ecsv
# %ECSV 1.0
# ---
# datatype:
# - {name: wavelength, unit: nm, datatype: float32}
# - {name: efficiency, unit: '%', datatype: float64}
# meta: !!omap
# - {MODE: DETECTOR}
# - {TYPE: transmission_filter_detector}
# - {CALIBDATE: '1970-01-01T00:00:00'}
# - {INSTRUME: LSSTCam}
# - {OBSTYPE: transmission_filter_detector}
# - {CALIBCLS: lsst.ip.isr.IntermediateFilterDetectorTransmissionCurve}
# - {SOURCE: Materion (DM-46256)}
# - {DETECTOR: 33}
# - {FILTER: g_6}
# - {CALIB_ID: 'calibDate=1970-01-01T00:00:00 filter=g_6 detector=33'}
# - {DATE: '2025-04-02T15:59:42.180824'}
# - {CALIB_CREATION_DATE: '2025-04-02'}
# - {CALIB_CREATION_TIME: '15:59:42'}
# - __serialized_columns__:
#     efficiency:
#       __class__: astropy.units.quantity.Quantity
#       unit: !astropy.units.Unit {unit: '%'}
#       value: !astropy.table.SerializedColumn {name: efficiency}
#     wavelength:
#       __class__: astropy.units.quantity.Quantity
#       unit: !astropy.units.Unit {unit: nm}
#       value: !astropy.table.SerializedColumn {name: wavelength}
# schema: astropy-2.0
wavelength efficiency
[from data line 608]
908.0 0.0005128088105266215
909.0 0.0004384650310385041
910.0 0.0003423743464736617
911.0 0.0002462836391714518
912.0 0.000411795645050006
913.0 0.0005773077646153979
914.0 0.00033272876862611156
915.0 8.814985221761162e-05
916.0 0.00014319674619400757
917.0 0.00019824358332698466
918.0 0.0002594597390270792
919.0 0.0003206758947271737
920.0 0.00035715740978048416
921.0 0.00039363894757116213
922.0 0.0005323039658833295
923.0 0.0006709689387207618
924.0 0.0005428902113635559
925.0 0.00041481139305687975
926.0 0.0005181614596949657
927.0 0.0006215116172825219
928.0 0.0005358982889447361
929.0 0.0004502850515564205
930.0 0.0004963411356584402
931.0 0.0005423972652351949
932.0 0.000568293535252451
933.0 0.000594189805269707
934.0 0.0005076341949461494
935.0 0.00042107858462259173
936.0 0.0004684074610850075
937.0 0.0005157363375474233
938.0 0.0005648793830914656
939.0 0.0006140223831607727
940.0 0.0005842571226821747
941.0 0.0005544917257793713
942.0 0.0006978333658480551
943.0 0.0008411750059167389
944.0 0.0006664189186267322
945.0 0.0004916627858619904
946.0 0.0004435073606146034
947.0 0.00039535188989248127
948.0 0.0007997280590643641
949.0 0.001204104319185717
950.0 0.0010163541446672752
951.0 0.0008286038791993633
952.0 0.000825459119369043
953.0 0.000822314450488193
954.0 0.0007759761501802132
955.0 0.0007296379408217035
956.0 0.0006227548055903753
957.0 0.0005158714884601068
958.0 0.0006640298579441151
959.0 0.0008121882274281234
960.0 0.0006490840405604104
961.0 0.0004859797172684921
962.0 0.0006016980023559881
963.0 0.000717416196494014
964.0 0.000741807343729306
965.0 0.0007661983545403928
966.0 0.0008056364094954915
967.0 0.0008450744644505903
968.0 0.0008030099706957117
969.0 0.0007609455224155681
970.0 0.0007279680630745133
971.0 0.0006949906492081936
972.0 0.0008366348993149586
973.0 0.000978279331320664
974.0 0.0008700980288267601
975.0 0.0007619171356054721
976.0 0.0008195102964236867
977.0 0.0008771037755650468
978.0 0.0009483324902248569
979.0 0.001019561204884667
980.0 0.0010709045454859734
981.0 0.00112224797703675
982.0 0.0010285864846082404
983.0 0.0009349250831292011
984.0 0.0009233112905349117
985.0 0.000911697861738503
986.0 0.001153754328697687
987.0 0.0013958104318589903
988.0 0.0014460541933658533
989.0 0.0014962975001253653
990.0 0.0015836274542380124
991.0 0.0016709573174011894
992.0 0.0016608250007266179
993.0 0.0016506928659509867
994.0 0.0015732799511170015
995.0 0.001495866945333546
996.0 0.0013963659512228332
997.0 0.0012968648661626503
998.0 0.0014022610230313148
999.0 0.0015076570889505092
1000.0 0.0014308257959783077
1001.0 0.001353994412056636
1002.0 0.001262146543012932
1003.0 0.0011702988558681682
1004.0 0.001140851600212045
1005.0 0.0011114040717075113
1006.0 0.0013659438081958797
1007.0 0.0016204834537347779
1008.0 0.0016238145690294914
1009.0 0.0016271460481220856
1010.0 0.0017201728041982278
1011.0 0.0018131999240722507
1012.0 0.0019225375581299886
1013.0 0.002031875374086667
1014.0 0.0020210254660923965
1015.0 0.002010175921896007
1016.0 0.0023185206373455003
1017.0 0.002626865534693934
1018.0 0.0029075004931655712
1019.0 0.0031881354516372085
1020.0 0.0031747022148920223
1021.0 0.003161268978146836
1022.0 0.0034794389648595825
1023.0 0.0037976093153702095
1024.0 0.003946321521652862
1025.0 0.004095033364137635
1026.0 0.004214282671455294
1027.0 0.0043335316149750724
1028.0 0.004350580638856627
1029.0 0.004367629298940301
1030.0 0.004536334381555207
1031.0 0.004705038736574352
1032.0 0.0051108901971019804
1033.0 0.005516741293831728
1034.0 0.00535142098669894
1035.0 0.005186100679566152
1036.0 0.005338469418347813
1037.0 0.005490837793331593
1038.0 0.005698916720575653
1039.0 0.005906995647819713
1040.0 0.006277514330577105
1041.0 0.006648032285738736
1042.0 0.006834587111370638
1043.0 0.007021140481811017
1044.0 0.007163161353673786
1045.0 0.007305180042749271
1046.0 0.008312287536682561
1047.0 0.00931939430302009
1048.0 0.010603238479234278
1049.0 0.011887080472661182
1050.0 0.014196979464031756
1051.0 0.016506876272615045
1052.0 0.019918361795134842
1053.0 0.023329851683229208
1054.0 0.02780198701657355
1055.0 0.032274125260300934
1056.0 0.038748435326851904
1057.0 0.04522273957263678
1058.0 0.05257541197352111
1059.0 0.059928069822490215
1060.0 0.06729811429977417
1061.0 0.07466812967322767
1062.0 0.08181414450518787
1063.0 0.0889601360540837
1064.0 0.09422791772522032
1065.0 0.09949568193405867
1066.0 0.10499408235773444
1067.0 0.11049248278141022
1068.0 0.11680645402520895
1069.0 0.12312044855207205
1070.0 0.13362230965867639
1071.0 0.1441241824068129
1072.0 0.1576308161020279
1073.0 0.1711374381557107
1074.0 0.18582440679892898
1075.0 0.20051142200827599
1076.0 0.2140627009794116
1077.0 0.22761397995054722
1078.0 0.24106279015541077
1079.0 0.25451157707720995
1080.0 0.2699726028367877
1081.0 0.2854336053133011
1082.0 0.30999816954135895
1083.0 0.3345627337694168
1084.0 0.36956900730729103
1085.0 0.404575327411294
1086.0 0.4384580533951521
1087.0 0.47234082594513893
1088.0 0.5345735233277082
1089.0 0.5968061741441488
1090.0 0.6728743202984333
1091.0 0.7489424664527178
1092.0 0.7780900225043297
1093.0 0.8072373457252979
1094.0 0.844232365489006
1095.0 0.8812271058559418
1096.0 0.9266359731554985
1097.0 0.9720450267195702
1098.0 0.9956945665180683
1099.0 1.0193442925810814
1100.0 1.1816148646175861
1101.0 1.343885064125061
