lsstCam/transmission_sensor/r30_s21/19700101T000000.ecsv
# %ECSV 1.0
# ---
# datatype:
# - {name: amp_name, datatype: string}
# - {name: wavelength, unit: nm, datatype: float32}
# - {name: efficiency, unit: '%', datatype: float64}
# meta: !!omap
# - {MODE: AMP}
# - {TYPE: transmission_sensor}
# - {CALIBDATE: '1970-01-01T00:00:00'}
# - {INSTRUME: LSSTCam}
# - {OBSTYPE: transmission_sensor}
# - {DETECTOR: 124}
# - {PARQUETFILE: qe_raft_allvalues_nircorrected_20230725_adjust.parquet}
# - {CORRFILE: qe_corr_factor_bydetnum.parquet}
# - {CALIBCLS: lsst.ip.isr.IntermediateSensorTransmissionCurve}
# - {CALIB_ID: 'raftName=R30 detectorName=S21 detector=124 calibDate=1970-01-01T00:00:00 ccd=124 ccdnum=124 filter=None'}
# - {DATE: '2025-03-03T21:56:48.079927'}
# - {CALIB_CREATION_DATE: '2025-03-03'}
# - {CALIB_CREATION_TIME: '21:56:48'}
# - __serialized_columns__:
#     efficiency:
#       __class__: astropy.units.quantity.Quantity
#       unit: !astropy.units.Unit {unit: '%'}
#       value: !astropy.table.SerializedColumn {name: efficiency}
#     wavelength:
#       __class__: astropy.units.quantity.Quantity
#       unit: !astropy.units.Unit {unit: nm}
#       value: !astropy.table.SerializedColumn {name: wavelength}
# schema: astropy-2.0
amp_name wavelength efficiency
C00 319.994 35.573581361676595
C00 324.969 40.00325737978343
C00 349.982 61.176940836679954
C00 374.975 70.52983758539571
C00 400.019 80.35783167515008
C00 424.965 83.67564324281891
C00 450.035 85.81365502159747
C00 475.003 88.3064704885073
C00 500.018 90.58169168332485
C00 525.002 92.59012561548086
C00 550.029 94.14814568210916
C00 575.023 95.72566444641392
C00 599.982 97.00271569175251
C00 619.997 97.2032694029972
C00 624.979 97.26252940931799
C00 650.012 97.7294090098502
C00 675.004 98.03354482531483
C00 700.03 97.69287731482412
C00 725.012 97.2392413991761
C00 750.022 97.4106529528772
C00 774.987 97.51350139779744
C00 799.976 96.67971651243796
C00 824.988 95.16004338034016
C00 850.022 92.90631008315596
C00 869.967 89.64592059180971
C00 875.002 88.57995144684133
C00 899.999 81.45131682560601
C00 919.999 73.61443625773649
C00 925.012 70.94705525848666
C00 949.965 57.20505309458745
C00 975.002 42.654089445551456
C00 999.976 25.657005474981894
C00 1025.028 11.021804313131982
C00 1050.014 3.7832848303037494
C00 1075.002 0.928025424241743
C00 1099.99 0.09207783003382933
C01 319.994 36.0592335640835
C01 324.969 40.55005668124591
C01 349.982 62.08109650682676
C01 374.975 71.51933220274321
C01 400.019 81.06967028330341
C01 424.965 84.2110481346423
C01 450.035 86.25270094972885
C01 475.003 88.69088527105411
C01 500.018 90.93184382022608
C01 525.002 92.91956889503602
C01 550.029 94.46504868208808
C01 575.023 96.03991265861765
C01 599.982 97.31084503412683
C01 619.997 97.50868344961285
C01 624.979 97.5668316217372
C01 650.012 98.03343893634374
C01 675.004 98.33577463929984
C01 700.03 97.99419194555898
C01 725.012 97.5315554673683
C01 750.022 97.69231761597692
C01 774.987 97.77740696774576
C01 799.976 96.93428116243655
C01 824.988 95.4082017475878
C01 850.022 93.12220256821284
C01 869.967 89.90264083871978
C01 875.002 88.83570356601572
C01 899.999 81.55967906052088
C01 919.999 73.67750070351859
C01 925.012 71.01272154755841
C01 949.965 57.351259291420135
C01 975.002 42.6026576595934
C01 999.976 25.72745567649753
C01 1025.028 11.011406394345828
C01 1050.014 3.7670155098862352
C01 1075.002 0.9307089743780865
C01 1099.99 0.09234408941303049
C02 319.994 36.54782418543815
C02 324.969 41.10137895447353
C02 349.982 63.00097668918045
C02 374.975 72.57915222389043
C02 400.019 81.92277234238891
C02 424.965 84.92630544386226
C02 450.035 86.89093915947662
C02 475.003 89.29392296141235
C02 500.018 91.5074184495823
C02 525.002 93.48861622567433
C02 550.029 95.03341529791224
C02 575.023 96.6017519757239
C02 599.982 97.88406741562527
C02 619.997 98.08223862502042
C02 624.979 98.13920689146691
C02 650.012 98.60701680224513
C02 675.004 98.9146620807516
C02 700.03 98.57025063878305
C02 725.012 98.10160874323198
C02 750.022 98.25214504263245
C02 774.987 98.33490483703731
C02 799.976 97.48629549572522
C02 824.988 95.93973412846846
C02 850.022 93.64931030280152
C02 869.967 90.4272299284961
C02 875.002 89.35755466953958
C02 899.999 81.99926199700565
C02 919.999 74.02781167387644
C02 925.012 71.39951883195475
C02 949.965 57.78202697106165
C02 975.002 42.845907316681206
C02 999.976 25.801504212155752
C02 1025.028 11.040393500181748
C02 1050.014 3.770341321743845
C02 1075.002 0.9360424604386178
C02 1099.99 0.09287327300018346
C03 319.994 36.76496842940328
C03 324.969 41.349673464683995
C03 349.982 63.485362005683236
C03 374.975 73.20186257237764
C03 400.019 82.37282316001573
C03 424.965 85.26070281456487
C03 450.035 87.15124450440788
C03 475.003 89.51397537033348
C03 500.018 91.7025945137952
C03 525.002 93.66770472977947
C03 550.029 95.20437304173724
C03 575.023 96.77412409366273
C03 599.982 98.05862538446732
C03 619.997 98.2589824447657
C03 624.979 98.31646502907176
C03 650.012 98.78969040437146
C03 675.004 99.10042915353336
C03 700.03 98.76222734336945
C03 725.012 98.29247361362192
C03 750.022 98.44701100343002
C03 774.987 98.53077674306024
C03 799.976 97.68360446635579
C03 824.988 96.13145367412505
C03 850.022 93.83801201278206
C03 869.967 90.65687285279884
C03 875.002 89.58374107528601
C03 899.999 82.15124292451172
C03 919.999 74.13624198027273
C03 925.012 71.55595465974453
C03 949.965 58.10615311156851
C03 975.002 42.991342036724525
C03 999.976 25.895185697578768
C03 1025.028 11.038441172277274
C03 1050.014 3.7731272889363434
C03 1075.002 0.9378989233908019
C03 1099.99 0.09305746954880172
C04 319.994 36.82627058016653
C04 324.969 41.41726088223123
C04 349.982 63.655049081855154
C04 374.975 73.37411367434952
C04 400.019 82.24624045857543
C04 424.965 84.97700357052062
C04 450.035 86.7778119208627
C04 475.003 89.07706991211772
C04 500.018 91.22166949759767
C04 525.002 93.15910487463775
C04 550.029 94.67681906077038
C04 575.023 96.22665542263302
C04 599.982 97.50122584064893
C04 619.997 97.70222579827178
C04 624.979 97.7612967171442
C04 650.012 98.22503746603338
C04 675.004 98.53978486910083
C04 700.03 98.20618166568141
C04 725.012 97.74331828255268
C04 750.022 97.90492754293001
C04 774.987 97.99013791066582
C04 799.976 97.15600510440133
C04 824.988 95.61352046253154
C04 850.022 93.30474002737634
C04 869.967 90.17059288006332
C04 875.002 89.12517375898437
C04 899.999 81.71683342061449
C04 919.999 73.57829786460302
C04 925.012 70.9932531038737
C04 949.965 57.762195479476055
C04 975.002 42.81296450142528
C04 999.976 25.7317536341991
C04 1025.028 10.931479129917625
C04 1050.014 3.7374436511162146
C04 1075.002 0.9327344961235137
C04 1099.99 0.0925450598198032
C05 319.994 37.6127495676915
C05 324.969 42.302746057725464
C05 349.982 65.08987489411804
C05 374.975 75.0382949979936
C05 400.019 83.83891647274193
C05 424.965 86.48555836065397
C05 450.035 88.23890576145386
C05 475.003 90.53063050876561
C05 500.018 92.6837692834142
C05 525.002 94.6329205187556
C05 550.029 96.16726683684732
C05 575.023 97.73687418231205
C05 599.982 99.03320478388699
C05 619.997 99.23468124187976
C05 624.979 99.2973675127651
C05 650.012 99.7719770081869
C05 675.004 100.09449968713153
C05 700.03 99.7582568229328
C05 725.012 99.30012818951138
C05 750.022 99.4793452730814
C05 774.987 99.5830257027745
C05 799.976 98.73756277660337
C05 824.988 97.16294083200773
C05 850.022 94.7784724730169
C05 869.967 91.59988221183778
C05 875.002 90.55331343907271
C05 899.999 83.0026129425701
C05 919.999 74.56968335643427
C05 925.012 71.9315882211888
C05 949.965 58.619688149112825
C05 975.002 43.516517297590816
C05 999.976 26.126885893319823
C05 1025.028 11.060469860012986
C05 1050.014 3.7782489588348964
C05 1075.002 0.9477337306684741
C05 1099.99 0.09403327009184057
C06 319.994 37.69377732106925
C06 324.969 42.39438161695706
C06 349.982 65.3096323266197
C06 374.975 75.3378624607055
C06 400.019 83.99679692863731
C06 424.965 86.54039372068277
C06 450.035 88.2364703151188
C06 475.003 90.4830107257668
C06 500.018 92.61389012599265
C06 525.002 94.5482093418835
C06 550.029 96.06970527698364
C06 575.023 97.639705924341
C06 599.982 98.92662753448478
C06 619.997 99.12991923198194
C06 624.979 99.190313762993
C06 650.012 99.67269097079404
C06 675.004 99.99548593566433
C06 700.03 99.66677631540887
C06 725.012 99.23032466706918
C06 750.022 99.43191457753097
C06 774.987 99.55357344181559
C06 799.976 98.71297384481666
C06 824.988 97.12615954154978
C06 850.022 94.69990285646804
C06 869.967 91.50475609830919
C06 875.002 90.46069084336058
C06 899.999 82.91866567898943
C06 919.999 74.30659464426293
C06 925.012 71.64488626846436
C06 949.965 58.388710267424564
C06 975.002 43.38439811566209
C06 999.976 26.078286637338426
C06 1025.028 11.012695025306504
C06 1050.014 3.766535464126673
C06 1075.002 0.9472816898429834
C06 1099.99 0.09398841901641676
C07 319.994 37.260411579887055
C07 324.969 41.90764405259648
C07 349.982 64.6241146912802
C07 374.975 74.52702522808082
C07 400.019 82.84598802733194
C07 424.965 85.23768709034863
C07 450.035 86.84740366536272
C07 475.003 89.02203033764467
C07 500.018 91.09333962813439
C07 525.002 92.97472192197812
C07 550.029 94.46421669731524
C07 575.023 96.00912922202217
C07 599.982 97.27331495737332
C07 619.997 97.47331653326874
C07 624.979 97.53273537304618
C07 650.012 98.00804071027798
C07 675.004 98.32339319318024
C07 700.03 98.00903152850748
C07 725.012 97.60138168030431
C07 750.022 97.83510132999402
C07 774.987 97.97804387746774
C07 799.976 97.15335788012408
C07 824.988 95.58223783507233
C07 850.022 93.1616235194501
C07 869.967 89.9978804047174
C07 875.002 88.9662117228843
C07 899.999 81.48697115487165
C07 919.999 72.92177111684839
C07 925.012 70.29580783229068
C07 949.965 57.29104628435953
C07 975.002 42.59497314569143
C07 999.976 25.634176947339554
C07 1025.028 10.839204455110519
C07 1050.014 3.715654395362007
C07 1075.002 0.9320687132687333
C07 1099.99 0.09247900145659402
C10 319.994 33.709920343494595
C10 324.969 37.88851092065295
C10 349.982 57.74259467457748
C10 374.975 67.07063398732984
C10 400.019 78.35258197562472
C10 424.965 82.47059649782159
C10 450.035 85.05559587756329
C10 475.003 87.80423909862685
C10 500.018 90.2541317147555
C10 525.002 92.37723583910417
C10 550.029 94.01144302043181
C10 575.023 95.63596892440265
C10 599.982 96.9475777918063
C10 619.997 97.16968747216576
C10 624.979 97.2348999513614
C10 650.012 97.72397085483493
C10 675.004 98.0511677755034
C10 700.03 97.79428869513671
C10 725.012 97.57441781016601
C10 750.022 98.05179554583201
C10 774.987 98.46762153530291
C10 799.976 97.76919300898835
C10 824.988 96.2102123781223
C10 850.022 94.02106378980514
C10 869.967 90.77512057951476
C10 875.002 89.67405680412794
C10 899.999 82.35587336114338
C10 919.999 73.8419160216298
C10 925.012 71.08457477794099
C10 949.965 57.636913699680576
C10 975.002 42.99343712565252
C10 999.976 26.076834445734903
C10 1025.028 11.128056332122982
C10 1050.014 3.836279187663319
C10 1075.002 0.9341309094977828
C10 1099.99 0.09268361067193956
C11 319.994 34.39774862745325
C11 324.969 38.664113598147374
C11 349.982 59.00274528378031
C11 374.975 68.39284687883837
C11 400.019 79.20623617005947
C11 424.965 83.06248559222362
C11 450.035 85.48979360351834
C11 475.003 88.1549358073794
C11 500.018 90.5381259352192
C11 525.002 92.6285481849907
C11 550.029 94.23933121321362
C11 575.023 95.84683168333275
C11 599.982 97.15168634708044
C11 619.997 97.36786624505885
C11 624.979 97.42950875322917
C11 650.012 97.9125742393423
C11 675.004 98.24412773482135
C11 700.03 97.98554686741927
C11 725.012 97.75646364196373
C11 750.022 98.22566523636199
C11 774.987 98.63596230884241
C11 799.976 97.93329822368423
C11 824.988 96.37056609784243
C11 850.022 94.15508140971556
C11 869.967 90.94479252869081
C11 875.002 89.8564959378183
C11 899.999 82.44863209981833
C11 919.999 73.95638199937822
C11 925.012 71.22754001590852
C11 949.965 57.803318217748696
C11 975.002 43.087413587495
C11 999.976 26.05607453477779
C11 1025.028 11.13536172569096
C11 1050.014 3.836168335146709
C11 1075.002 0.9357874137477518
C11 1099.99 0.09284796750182231
C12 319.994 34.81750007235242
C12 324.969 39.13830710118275
C12 349.982 59.82208766983289
C12 374.975 69.2672780021006
C12 400.019 79.662836976898
C12 424.965 83.27341642263514
C12 450.035 85.56124596851036
C12 475.003 88.14011891492471
C12 500.018 90.46838292076049
C12 525.002 92.51939934629058
C12 550.029 94.10742380922707
C12 575.023 95.70203607886494
C12 599.982 96.99668002040038
C12 619.997 97.20941096332042
C12 624.979 97.26977524033973
C12 650.012 97.7483328816836
C12 675.004 98.07612731868893
C12 700.03 97.81835574556591
C12 725.012 97.5919802523711
C12 750.022 98.06132555323012
C12 774.987 98.46282627761212
C12 799.976 97.76116057418137
C12 824.988 96.19261968192548
C12 850.022 93.97805774054669
C12 869.967 90.78729781119013
C12 875.002 89.71837133852917
C12 899.999 82.23354134554255
C12 919.999 73.85147628301965
C12 925.012 71.13899414558338
C12 949.965 57.781970244827136
C12 975.002 43.06656480543715
C12 999.976 26.00272918384217
C12 1025.028 11.093763432485654
C12 1050.014 3.808790836215082
C12 1075.002 0.934221799422839
C12 1099.99 0.09269262868680478
C13 319.994 35.24366536350048
C13 324.969 39.62457194692239
C13 349.982 60.64046192814979
C13 374.975 70.202436450283
C13 400.019 80.37448649760296
C13 424.965 83.83245724550544
C13 450.035 86.03514449512626
C13 475.003 88.57046682043084
C13 500.018 90.87147954320677
C13 525.002 92.9069681074763
C13 550.029 94.48672566716982
C13 575.023 96.07715532244963
C13 599.982 97.37667772015314
C13 619.997 97.58759342356879
C13 624.979 97.65400849893611
C13 650.012 98.12887515328768
C13 675.004 98.45808396440687
C13 700.03 98.20254362317466
C13 725.012 97.97566893911615
C13 750.022 98.4473740513309
C13 774.987 98.85551552689984
C13 799.976 98.15305565618591
C13 824.988 96.56756496505766
C13 850.022 94.34980366405236
C13 869.967 91.15490650132536
C13 875.002 90.06794864958732
C13 899.999 82.44317125430925
C13 919.999 74.14033383265557
C13 925.012 71.43829688586754
C13 949.965 58.014154504436036
C13 975.002 43.134761084568154
C13 999.976 26.047970246740427
C13 1025.028 11.121808882828665
C13 1050.014 3.8088508714799416
C13 1075.002 0.9378996239154438
C13 1099.99 0.09305753905421311
C14 319.994 35.461218036354104
C14 324.969 39.87125165032372
C14 349.982 61.073812542336114
C14 374.975 70.61788426485715
C14 400.019 80.43798206276736
C14 424.965 83.70607119501145
C14 450.035 85.80193159979821
C14 475.003 88.26960599957206
C14 500.018 90.52732526016801
C14 525.002 92.53055550574473
C14 550.029 94.08790242105681
C14 575.023 95.66660109103942
C14 599.982 96.9459365127544
C14 619.997 97.15250320485742
C14 624.979 97.21327591076522
C14 650.012 97.68998049511501
C14 675.004 98.01747239220295
C14 700.03 97.75934533467696
C14 725.012 97.53961815616704
C14 750.022 98.02148104610849
C14 774.987 98.42900231484677
C14 799.976 97.72676934907089
C14 824.988 96.14819169505523
C14 850.022 93.93578535058792
C14 869.967 90.7801200516498
C14 875.002 89.70187534953291
C14 899.999 82.03363053162234
C14 919.999 73.7031258345224
C14 925.012 71.07171683145147
C14 949.965 57.83935828540901
C14 975.002 42.955162044352406
C14 999.976 25.88997066575258
C14 1025.028 11.02000892780966
C14 1050.014 3.7755438265265786
C14 1075.002 0.9338421288370449
C14 1099.99 0.09265495812007848
C15 319.994 35.79501789071984
C15 324.969 40.2511434611054
C15 349.982 61.71593460827351
C15 374.975 71.31686492652098
C15 400.019 80.89906046038342
C15 424.965 84.02663492799091
C15 450.035 86.0437063747887
C15 475.003 88.46621156489468
C15 500.018 90.69256499955415
C15 525.002 92.67631167445028
C15 550.029 94.22400756639729
C15 575.023 95.79789585169324
C15 599.982 97.07816914715215
C15 619.997 97.28729230155722
C15 624.979 97.3452135687435
C15 650.012 97.8192406748243
C15 675.004 98.14835872396827
C15 700.03 97.89647911573661
C15 725.012 97.6836271568496
C15 750.022 98.17480827624699
C15 774.987 98.59849274007237
C15 799.976 97.90068442058848
C15 824.988 96.31543576139414
C15 850.022 94.07834972316489
C15 869.967 90.93229006660425
C15 875.002 89.86981525768184
C15 899.999 82.14991931237309
C15 919.999 73.72035548281835
C15 925.012 71.07408420630513
C15 949.965 57.9575757581332
C15 975.002 43.05680411135202
C15 999.976 25.90583510267126
C15 1025.028 10.998642991580502
C15 1050.014 3.7659150209366916
C15 1075.002 0.9353027579255744
C15 1099.99 0.09279988039639
C16 319.994 36.123288828095085
C16 324.969 40.617254578649494
C16 349.982 62.31923702105947
C16 374.975 71.98127283912387
C16 400.019 81.397668934753
C16 424.965 84.4167677149766
C16 450.035 86.37404971059813
C16 475.003 88.75609775024975
C16 500.018 90.96237766138971
C16 525.002 92.93499086732551
C16 550.029 94.47627291302364
C16 575.023 96.04453395585594
C16 599.982 97.32610060946173
C16 619.997 97.53019403774002
C16 624.979 97.59150375200119
C16 650.012 98.06876803519818
C16 675.004 98.39591957487903
C16 700.03 98.14636196051343
C16 725.012 97.94629987663451
C16 750.022 98.4591050366281
C16 774.987 98.89902833051994
C16 799.976 98.20714979341709
C16 824.988 96.6142620013084
C16 850.022 94.36057408511181
C16 869.967 91.20576346144036
C16 875.002 90.14586024181585
C16 899.999 82.3928664295435
C16 919.999 73.84869291577958
C16 925.012 71.20248214724984
C16 949.965 58.153470354649926
C16 975.002 43.24444314987269
C16 999.976 26.035573673624945
C16 1025.028 11.030478699826194
C16 1050.014 3.787523934537011
C16 1075.002 0.938011082870396
C16 1099.99 0.09306859790932824
C17 319.994 36.331920355134365
C17 324.969 40.85480514004328
C17 349.982 62.73939689484714
C17 374.975 72.41429822289899
C17 400.019 81.56639544668717
C17 424.965 84.44594769000986
C17 450.035 86.32479621204536
C17 475.003 88.66279443972348
C17 500.018 90.8362260793317
C17 525.002 92.787018593725
C17 550.029 94.3191563704197
C17 575.023 95.87683607964092
C17 599.982 97.153017522717
C17 619.997 97.35713364148909
C17 624.979 97.41533475809896
C17 650.012 97.88839373644409
C17 675.004 98.2183437703609
C17 700.03 97.97465543039286
C17 725.012 97.79354747233907
C17 750.022 98.32731108511057
C17 774.987 98.78677845766647
C17 799.976 98.10568546861894
C17 824.988 96.51482469395684
C17 850.022 94.26919946655897
C17 869.967 91.12088588761368
C17 875.002 90.05165687503532
C17 899.999 82.32313854208066
C17 919.999 73.70647646410761
C17 925.012 71.06093128339616
C17 949.965 58.02973152843318
C17 975.002 43.166338688446814
C17 999.976 26.031222771437832
C17 1025.028 11.063093448359194
C17 1050.014 3.813713727933531
C17 1075.002 0.9367553184746903
C17 1099.99 0.09294400211963334
