lsstCam/transmission_sensor/r30_s21/19700101T000000.ecsv
# %ECSV 1.0
# ---
# datatype:
# - {name: amp_name, datatype: string}
# - {name: wavelength, unit: nm, datatype: float32}
# - {name: efficiency, unit: '%', datatype: float64}
# meta: !!omap
# - {MODE: AMP}
# - {TYPE: transmission_sensor}
# - {CALIBDATE: '1970-01-01T00:00:00'}
# - {INSTRUME: LSSTCAM}
# - {OBSTYPE: transmission_sensor}
# - {DETECTOR: 124}
# - {PARQUETFILE: qe_raft_allvalues_nircorrected_20230725.parquet}
# - {CALIBCLS: lsst.ip.isr.IntermediateSensorTransmissionCurve}
# - {CALIB_ID: 'raftName=R30 detectorName=S21 detector=124 calibDate=1970-01-01T00:00:00 ccd=124 ccdnum=124 filter=None'}
# - {DATE: '2024-01-18T22:42:25.415645'}
# - {CALIB_CREATION_DATE: '2024-01-18'}
# - {CALIB_CREATION_TIME: '22:42:25'}
# - __serialized_columns__:
#     efficiency:
#       __class__: astropy.units.quantity.Quantity
#       unit: !astropy.units.Unit {unit: '%'}
#       value: !astropy.table.SerializedColumn {name: efficiency}
#     wavelength:
#       __class__: astropy.units.quantity.Quantity
#       unit: !astropy.units.Unit {unit: nm}
#       value: !astropy.table.SerializedColumn {name: wavelength}
# schema: astropy-2.0
amp_name wavelength efficiency
C00 319.994 35.883514404296875
C00 324.969 40.351783752441406
C00 349.982 61.70994186401367
C00 374.975 71.14432525634766
C00 400.019 81.05794525146484
C00 424.965 84.4046630859375
C00 450.035 86.5613021850586
C00 475.003 89.07583618164062
C00 500.018 91.37088012695312
C00 525.002 93.39681243896484
C00 550.029 94.9684066772461
C00 575.023 96.5596694946289
C00 599.982 97.84784698486328
C00 619.997 98.0501480102539
C00 624.979 98.10992431640625
C00 650.012 98.58087158203125
C00 675.004 98.88765716552734
C00 700.03 98.54402160644531
C00 725.012 98.08643341064453
C00 750.022 98.25933837890625
C00 774.987 98.36308288574219
C00 799.976 97.52203369140625
C00 824.988 95.98912048339844
C00 850.022 93.71575164794922
C00 869.967 90.42695617675781
C00 875.002 89.35169982910156
C00 899.999 82.16095733642578
C00 919.999 74.25579833984375
C00 925.012 71.56517791748047
C00 949.965 57.70344924926758
C00 975.002 43.02571105957031
C00 999.976 25.88054084777832
C00 1025.028 11.117831230163574
C00 1050.014 3.816246509552002
C00 1075.002 0.9361107991844548
C00 1099.99 0.09288005350776389
C01 319.994 36.37339782714844
C01 324.969 40.90334701538086
C01 349.982 62.62197494506836
C01 374.975 72.14244079589844
C01 400.019 81.77598571777344
C01 424.965 84.94473266601562
C01 450.035 87.0041732788086
C01 475.003 89.4636001586914
C01 500.018 91.72408294677734
C01 525.002 93.7291259765625
C01 550.029 95.28807067871094
C01 575.023 96.87665557861328
C01 599.982 98.15866088867188
C01 619.997 98.35822296142578
C01 624.979 98.41687774658203
C01 650.012 98.8875503540039
C01 675.004 99.19252014160156
C01 700.03 98.84796142578125
C01 725.012 98.38129425048828
C01 750.022 98.54345703125
C01 774.987 98.62928771972656
C01 799.976 97.77881622314453
C01 824.988 96.23944091796875
C01 850.022 93.93352508544922
C01 869.967 90.6859130859375
C01 875.002 89.60968017578125
C01 899.999 82.270263671875
C01 919.999 74.31941223144531
C01 925.012 71.63141632080078
C01 949.965 57.850929260253906
C01 975.002 42.97383117675781
C01 999.976 25.95160484313965
C01 1025.028 11.107342720031738
C01 1050.014 3.799835443496704
C01 1075.002 0.9388177296167074
C01 1099.99 0.09314863265844611
C02 319.994 36.86624526977539
C02 324.969 41.45947265625
C02 349.982 63.549869537353516
C02 374.975 73.21149444580078
C02 400.019 82.63652038574219
C02 424.965 85.66622161865234
C02 450.035 87.6479721069336
C02 475.003 90.07189178466797
C02 500.018 92.30467224121094
C02 525.002 94.30313110351562
C02 550.029 95.86138916015625
C02 575.023 97.44338989257812
C02 599.982 98.73687744140625
C02 619.997 98.93677520751953
C02 624.979 98.9942398071289
C02 650.012 99.46612548828125
C02 675.004 99.77645111083984
C02 700.03 99.42903900146484
C02 725.012 98.95631408691406
C02 750.022 99.10816192626953
C02 774.987 99.19164276123047
C02 799.976 98.33563995361328
C02 824.988 96.77560424804688
C02 850.022 94.46522521972656
C02 869.967 91.21507263183594
C02 875.002 90.13607788085938
C02 899.999 82.71367645263672
C02 919.999 74.67277526855469
C02 925.012 72.0215835571289
C02 949.965 58.28544998168945
C02 975.002 43.219200134277344
C02 999.976 26.02629852294922
C02 1025.028 11.136582374572754
C02 1050.014 3.803190231323242
C02 1075.002 0.9441976834069201
C02 1099.99 0.09368242673104904
C03 319.994 37.08528137207031
C03 324.969 41.709930419921875
C03 349.982 64.0384750366211
C03 374.975 73.83963012695312
C03 400.019 83.09049224853516
C03 424.965 86.00353240966797
C03 450.035 87.9105453491211
C03 475.003 90.29386138916016
C03 500.018 92.50154876708984
C03 525.002 94.48377990722656
C03 550.029 96.0338363647461
C03 575.023 97.61726379394531
C03 599.982 98.91295623779297
C03 619.997 99.11505889892578
C03 624.979 99.17304229736328
C03 650.012 99.650390625
C03 675.004 99.96383666992188
C03 700.03 99.62268829345703
C03 725.012 99.14884185791016
C03 750.022 99.30472564697266
C03 774.987 99.38922119140625
C03 799.976 98.53466796875
C03 824.988 96.968994140625
C03 850.022 94.65557098388672
C03 869.967 91.44671630859375
C03 875.002 90.3642349243164
C03 899.999 82.86698150634766
C03 919.999 74.78215026855469
C03 925.012 72.17938232421875
C03 949.965 58.61240005493164
C03 975.002 43.365901947021484
C03 999.976 26.12079620361328
C03 1025.028 11.134613037109375
C03 1050.014 3.8060004711151123
C03 1075.002 0.9460703206994225
C03 1099.99 0.09386822808285461
C04 319.994 37.147117614746094
C04 324.969 41.778106689453125
C04 349.982 64.20964050292969
C04 374.975 74.01338195800781
C04 400.019 82.96280670166016
C04 424.965 85.71736145019531
C04 450.035 87.53385925292969
C04 475.003 89.8531494140625
C04 500.018 92.01643371582031
C04 525.002 93.97074890136719
C04 550.029 95.5016860961914
C04 575.023 97.06502532958984
C04 599.982 98.35070037841797
C04 619.997 98.55345153808594
C04 624.979 98.613037109375
C04 650.012 99.08081817626953
C04 675.004 99.39830780029297
C04 700.03 99.06179809570312
C04 725.012 98.59490203857422
C04 750.022 98.75791931152344
C04 774.987 98.8438720703125
C04 799.976 98.00247192382812
C04 824.988 96.44654846191406
C04 850.022 94.1176528930664
C04 869.967 90.9561996459961
C04 875.002 89.90167236328125
C04 899.999 82.42878723144531
C04 919.999 74.21934509277344
C04 925.012 71.61177825927734
C04 949.965 58.265445709228516
C04 975.002 43.185970306396484
C04 999.976 25.95594024658203
C04 1025.028 11.026719093322754
C04 1050.014 3.770005941390991
C04 1075.002 0.940860898618706
C04 1099.99 0.09335135400980363
C05 319.994 37.94044876098633
C05 324.969 42.67130661010742
C05 349.982 65.65696716308594
C05 374.975 75.69206237792969
C05 400.019 84.5693588256836
C05 424.965 87.23905944824219
C05 450.035 89.00768280029297
C05 475.003 91.31937408447266
C05 500.018 93.49127197265625
C05 525.002 95.45740509033203
C05 550.029 97.00511932373047
C05 575.023 98.5884017944336
C05 599.982 99.89602661132812
C05 619.997 100.09925842285156
C05 624.979 100.16249084472656
C05 650.012 100.6412353515625
C05 675.004 100.96656799316406
C05 700.03 100.62739562988281
C05 725.012 100.16527557373047
C05 750.022 100.34605407714844
C05 774.987 100.45063781738281
C05 799.976 99.59780883789062
C05 824.988 98.00946807861328
C05 850.022 95.6042251586914
C05 869.967 92.39794158935547
C05 875.002 91.34225463867188
C05 899.999 83.72576904296875
C05 919.999 75.21936798095703
C05 925.012 72.55828857421875
C05 949.965 59.130409240722656
C05 975.002 43.895652770996094
C05 999.976 26.354515075683594
C05 1025.028 11.15683364868164
C05 1050.014 3.811166763305664
C05 1075.002 0.9559908132420153
C05 1099.99 0.09485253023916146
C06 319.994 38.02218246459961
C06 324.969 42.76374053955078
C06 349.982 65.8786392211914
C06 374.975 75.9942398071289
C06 400.019 84.7286148071289
C06 424.965 87.29437255859375
C06 450.035 89.0052261352539
C06 475.003 91.2713394165039
C06 500.018 93.42078399658203
C06 525.002 95.37195587158203
C06 550.029 96.90670776367188
C06 575.023 98.49038696289062
C06 599.982 99.78852081298828
C06 619.997 99.99358367919922
C06 624.979 100.05450439453125
C06 650.012 100.54108428955078
C06 675.004 100.86669158935547
C06 700.03 100.53511810302734
C06 725.012 100.09486389160156
C06 750.022 100.29821014404297
C06 774.987 100.42092895507812
C06 799.976 99.57300567626953
C06 824.988 97.97236633300781
C06 850.022 95.52497100830078
C06 869.967 92.30198669433594
C06 875.002 91.24882507324219
C06 899.999 83.6410903930664
C06 919.999 74.95398712158203
C06 925.012 72.26908874511719
C06 949.965 58.89741897583008
C06 975.002 43.76238250732422
C06 999.976 26.305492401123047
C06 1025.028 11.108642578125
C06 1050.014 3.799351215362549
C06 1075.002 0.9555348340335149
C06 1099.99 0.09480728840099353
C07 319.994 37.58504104614258
C07 324.969 42.272762298583984
C07 349.982 65.18714904785156
C07 374.975 75.17633819580078
C07 400.019 83.56777954101562
C07 424.965 85.98031616210938
C07 450.035 87.60405731201172
C07 475.003 89.7976303100586
C07 500.018 91.8869857788086
C07 525.002 93.78475952148438
C07 550.029 95.2872314453125
C07 575.023 96.8456039428711
C07 599.982 98.12080383300781
C07 619.997 98.32254791259766
C07 624.979 98.38248443603516
C07 650.012 98.86193084716797
C07 675.004 99.1800308227539
C07 700.03 98.86293029785156
C07 725.012 98.45172882080078
C07 750.022 98.68748474121094
C07 774.987 98.83167266845703
C07 799.976 97.99980163574219
C07 824.988 96.41499328613281
C07 850.022 93.9732894897461
C07 869.967 90.781982421875
C07 875.002 89.74132537841797
C07 899.999 82.1969223022461
C07 919.999 73.55709838867188
C07 925.012 70.90825653076172
C07 949.965 57.790191650390625
C07 975.002 42.96607971191406
C07 999.976 25.857513427734375
C07 1025.028 10.933640480041504
C07 1050.014 3.7480268478393555
C07 1075.002 0.9401893151642107
C07 1099.99 0.09328472011641964
C10 319.994 34.00361633300781
C10 324.969 38.21861267089844
C10 349.982 58.24567413330078
C10 374.975 67.65498352050781
C10 400.019 79.03522491455078
C10 424.965 83.18911743164062
C10 450.035 85.79663848876953
C10 475.003 88.56922912597656
C10 500.018 91.04046630859375
C10 525.002 93.18206787109375
C10 550.029 94.83051300048828
C10 575.023 96.46919250488281
C10 599.982 97.79222869873047
C10 619.997 98.01627349853516
C10 624.979 98.0820541381836
C10 650.012 98.57538604736328
C10 675.004 98.90543365478516
C10 700.03 98.64631652832031
C10 725.012 98.42453002929688
C10 750.022 98.90606689453125
C10 774.987 99.32551574707031
C10 799.976 98.62100219726562
C10 824.988 97.0484390258789
C10 850.022 94.84021759033203
C10 869.967 91.56599426269531
C10 875.002 90.45533752441406
C10 899.999 83.07339477539062
C10 919.999 74.48526000976562
C10 925.012 71.70389556884766
C10 949.965 58.13907241821289
C10 975.002 43.36801528930664
C10 999.976 26.304027557373047
C10 1025.028 11.225008964538574
C10 1050.014 3.8697025775909424
C10 1075.002 0.9422694781744299
C10 1099.99 0.0934911119792871
C11 319.994 34.69743728637695
C11 324.969 39.000972747802734
C11 349.982 59.51680374145508
C11 374.975 68.98871612548828
C11 400.019 79.89631652832031
C11 424.965 83.78616333007812
C11 450.035 86.234619140625
C11 475.003 88.92298126220703
C11 500.018 91.32693481445312
C11 525.002 93.4355697631836
C11 550.029 95.06038665771484
C11 575.023 96.68189239501953
C11 599.982 97.99811553955078
C11 619.997 98.21617889404297
C11 624.979 98.27835845947266
C11 650.012 98.76563262939453
C11 675.004 99.1000747680664
C11 700.03 98.83924102783203
C11 725.012 98.60816192626953
C11 750.022 99.08145141601562
C11 774.987 99.49532318115234
C11 799.976 98.78653717041016
C11 824.988 97.21018981933594
C11 850.022 94.97540283203125
C11 869.967 91.73714447021484
C11 875.002 90.63936614990234
C11 899.999 83.16696166992188
C11 919.999 74.60072326660156
C11 925.012 71.84810638427734
C11 949.965 58.30692672729492
C11 975.002 43.46281051635742
C11 999.976 26.2830867767334
C11 1025.028 11.232378005981445
C11 1050.014 3.8695907592773438
C11 1075.002 0.9439404146345575
C11 1099.99 0.09365690075980318
C12 319.994 35.120845794677734
C12 324.969 39.47929763793945
C12 349.982 60.343284606933594
C12 374.975 69.87076568603516
C12 400.019 80.35689544677734
C12 424.965 83.99893188476562
C12 450.035 86.30669403076172
C12 475.003 88.90803527832031
C12 500.018 91.25658416748047
C12 525.002 93.32546997070312
C12 550.029 94.92733001708984
C12 575.023 96.53583526611328
C12 599.982 97.84175872802734
C12 619.997 98.05634307861328
C12 624.979 98.11723327636719
C12 650.012 98.59996032714844
C12 675.004 98.93061065673828
C12 700.03 98.67059326171875
C12 725.012 98.44224548339844
C12 750.022 98.91567993164062
C12 774.987 99.3206787109375
C12 799.976 98.61289978027344
C12 824.988 97.03069305419922
C12 850.022 94.79683685302734
C12 869.967 91.57827758789062
C12 875.002 90.50003814697266
C12 899.999 82.94999694824219
C12 919.999 74.49490356445312
C12 925.012 71.7587890625
C12 949.965 58.28539276123047
C12 975.002 43.44178009033203
C12 999.976 26.229276657104492
C12 1025.028 11.190417289733887
C12 1050.014 3.8419747352600098
C12 1075.002 0.9423611599733975
C12 1099.99 0.09350020856315433
C13 319.994 35.550724029541016
C13 324.969 39.96979904174805
C13 349.982 61.16878890991211
C13 374.975 70.81407165527344
C13 400.019 81.07474517822266
C13 424.965 84.5628433227539
C13 450.035 86.78472137451172
C13 475.003 89.34213256835938
C13 500.018 91.66319274902344
C13 525.002 93.71641540527344
C13 550.029 95.3099365234375
C13 575.023 96.91422271728516
C13 599.982 98.22506713867188
C13 619.997 98.43782043457031
C13 624.979 98.50481414794922
C13 650.012 98.98381805419922
C13 675.004 99.3158950805664
C13 700.03 99.0581283569336
C13 725.012 98.82927703857422
C13 750.022 99.30509185791016
C13 774.987 99.71678924560547
C13 799.976 99.00820922851562
C13 824.988 97.40890502929688
C13 850.022 95.17182159423828
C13 869.967 91.94908905029297
C13 875.002 90.8526611328125
C13 899.999 83.16145324707031
C13 919.999 74.7862777709961
C13 925.012 72.06069946289062
C13 949.965 58.51959991455078
C13 975.002 43.51057052612305
C13 999.976 26.274911880493164
C13 1025.028 11.218707084655762
C13 1050.014 3.8420352935791016
C13 1075.002 0.9460710273273502
C13 1099.99 0.09386829819382841
C14 319.994 35.770172119140625
C14 324.969 40.2186279296875
C14 349.982 61.60591506958008
C14 374.975 71.23313903808594
C14 400.019 81.1387939453125
C14 424.965 84.43535614013672
C14 450.035 86.54947662353516
C14 475.003 89.03865051269531
C14 500.018 91.3160400390625
C14 525.002 93.33672332763672
C14 550.029 94.90763854980469
C14 575.023 96.50009155273438
C14 599.982 97.79057312011719
C14 619.997 97.99893951416016
C14 624.979 98.06024169921875
C14 650.012 98.54109954833984
C14 675.004 98.87144470214844
C14 700.03 98.61106872558594
C14 725.012 98.3894271850586
C14 750.022 98.87548828125
C14 774.987 99.28656005859375
C14 799.976 98.57820892333984
C14 824.988 96.98587799072266
C14 850.022 94.75419616699219
C14 869.967 91.57103729248047
C14 875.002 90.4833984375
C14 899.999 82.74834442138672
C14 919.999 74.34526062011719
C14 925.012 71.69092559814453
C14 949.965 58.34328079223633
C14 975.002 43.32940673828125
C14 999.976 26.115535736083984
C14 1025.028 11.116020202636719
C14 1050.014 3.8084380626678467
C14 1075.002 0.9419781815266756
C14 1099.99 0.09346220979350564
C15 319.994 36.10688018798828
C15 324.969 40.601829528808594
C15 349.982 62.253631591796875
C15 374.975 71.9382095336914
C15 400.019 81.60388946533203
C15 424.965 84.75871276855469
C15 450.035 86.7933578491211
C15 475.003 89.23696899414062
C15 500.018 91.48271942138672
C15 525.002 93.48374938964844
C15 550.029 95.04492950439453
C15 575.023 96.63253021240234
C15 599.982 97.92395782470703
C15 619.997 98.13490295410156
C15 624.979 98.19332885742188
C15 650.012 98.6714859008789
C15 675.004 99.00347137451172
C15 700.03 98.74939727783203
C15 725.012 98.5346908569336
C15 750.022 99.0301513671875
C15 774.987 99.45752716064453
C15 799.976 98.7536392211914
C15 824.988 97.15457916259766
C15 850.022 94.89800262451172
C15 869.967 91.72453308105469
C15 875.002 90.65280151367188
C15 899.999 82.86564636230469
C15 919.999 74.36264038085938
C15 925.012 71.69331359863281
C15 949.965 58.462528228759766
C15 975.002 43.43193435668945
C15 999.976 26.13153839111328
C15 1025.028 11.094468116760254
C15 1050.014 3.7987253665924072
C15 1075.002 0.9434515362728482
C15 1099.99 0.0936083946978777
C16 319.994 36.438011169433594
C16 324.969 40.97113037109375
C16 349.982 62.86219024658203
C16 374.975 72.60840606689453
C16 400.019 82.10684204101562
C16 424.965 85.1522445678711
C16 450.035 87.12657928466797
C16 475.003 89.52938079833984
C16 500.018 91.7548828125
C16 525.002 93.74468231201172
C16 550.029 95.29939270019531
C16 575.023 96.88131713867188
C16 599.982 98.1740493774414
C16 619.997 98.37992095947266
C16 624.979 98.44176483154297
C16 650.012 98.92318725585938
C16 675.004 99.25318908691406
C16 700.03 99.00145721435547
C16 725.012 98.79965209960938
C16 750.022 99.31692504882812
C16 774.987 99.76068115234375
C16 799.976 99.06277465820312
C16 824.988 97.45600891113281
C16 850.022 95.18268585205078
C16 869.967 92.0003890991211
C16 875.002 90.9312515258789
C16 899.999 83.11071014404297
C16 919.999 74.49209594726562
C16 925.012 71.82283020019531
C16 949.965 58.66012954711914
C16 975.002 43.62120819091797
C16 999.976 26.262407302856445
C16 1025.028 11.126581192016602
C16 1050.014 3.8205225467681885
C16 1075.002 0.9461834573628547
C16 1099.99 0.09387945339866383
C17 319.994 36.648460388183594
C17 324.969 41.210750579833984
C17 349.982 63.2860107421875
C17 374.975 73.04520416259766
C17 400.019 82.27703857421875
C17 424.965 85.18167877197266
C17 450.035 87.07689666748047
C17 475.003 89.43526458740234
C17 500.018 91.62763214111328
C17 525.002 93.59542083740234
C17 550.029 95.14090728759766
C17 575.023 96.712158203125
C17 599.982 97.99945831298828
C17 619.997 98.20535278320312
C17 624.979 98.2640609741211
C17 650.012 98.74124145507812
C17 675.004 99.07406616210938
C17 700.03 98.82825469970703
C17 725.012 98.64556884765625
C17 750.022 99.1839828491211
C17 774.987 99.64745330810547
C17 799.976 98.9604263305664
C17 824.988 97.35570526123047
C17 850.022 95.09051513671875
C17 869.967 91.9147720336914
C17 875.002 90.83622741699219
C17 899.999 83.04037475585938
C17 919.999 74.34864044189453
C17 925.012 71.68004608154297
C17 949.965 58.53531265258789
C17 975.002 43.542423248291016
C17 999.976 26.258018493652344
C17 1025.028 11.159480094909668
C17 1050.014 3.846940517425537
C17 1075.002 0.9449167521828624
C17 1099.99 0.09375377207440312
