lsstCam/transmission_filter_detector/r30_s02/i_39/19700101T000000.ecsv
# %ECSV 1.0
# ---
# datatype:
# - {name: wavelength, unit: nm, datatype: float32}
# - {name: efficiency, unit: '%', datatype: float64}
# meta: !!omap
# - {MODE: DETECTOR}
# - {TYPE: transmission_filter_detector}
# - {CALIBDATE: '1970-01-01T00:00:00'}
# - {INSTRUME: LSSTCam}
# - {OBSTYPE: transmission_filter_detector}
# - {CALIBCLS: lsst.ip.isr.IntermediateFilterDetectorTransmissionCurve}
# - {SOURCE: Materion (DM-46256)}
# - {DETECTOR: 119}
# - {FILTER: i_39}
# - {CALIB_ID: 'calibDate=1970-01-01T00:00:00 filter=i_39 detector=119'}
# - {DATE: '2025-04-02T15:59:47.031587'}
# - {CALIB_CREATION_DATE: '2025-04-02'}
# - {CALIB_CREATION_TIME: '15:59:47'}
# - __serialized_columns__:
#     efficiency:
#       __class__: astropy.units.quantity.Quantity
#       unit: !astropy.units.Unit {unit: '%'}
#       value: !astropy.table.SerializedColumn {name: efficiency}
#     wavelength:
#       __class__: astropy.units.quantity.Quantity
#       unit: !astropy.units.Unit {unit: nm}
#       value: !astropy.table.SerializedColumn {name: wavelength}
# schema: astropy-2.0
wavelength efficiency
300.0 1.6213762103756135e-10
301.0 1.6213762103756135e-10
302.0 0.004939931386616081
303.0 0.008448000880889595
304.0 0.011956073285546154
305.0 0.009513003169558942
306.0 0.0070699359639547765
307.0 0.004626630470738746
308.0 0.00218332697841106
309.0 0.006121169280959293
310.0 0.010059011401608586
311.0 0.001837883064581547
312.0 1.6213762103756135e-10
313.0 1.6213762103756135e-10
314.0 1.6213762103756135e-10
315.0 1.6213762103756135e-10
316.0 1.6213762103756135e-10
317.0 1.6213762103756135e-10
318.0 1.6213762103756135e-10
319.0 0.0006044842393748695
320.0 0.004747282946482301
321.0 0.00197101580852177
322.0 1.6213762103756135e-10
323.0 0.0002892704742407659
324.0 0.0013837922779202927
325.0 0.0007246363111335086
326.0 6.548042961185274e-05
327.0 0.00011038891898351721
328.0 0.00015529758456978016
329.0 0.0011765037015720736
330.0 0.002197709727624897
331.0 0.003107436714344658
332.0 0.004017163155367598
333.0 0.0026622657969710417
334.0 0.001307368711422896
335.0 0.0017389722415828146
336.0 0.002170575680793263
337.0 0.002469406899763271
338.0 0.002768237391137518
339.0 0.0011948249266424682
340.0 1.6213762103756135e-10
341.0 1.6213762103756135e-10
342.0 0.00021776643279736163
343.0 0.0005981068170513026
344.0 0.000978447133093141
345.0 0.0002660763357198448
346.0 1.6213762103756135e-10
347.0 1.6213762103756135e-10
348.0 1.6213762103756135e-10
349.0 1.6213762103756135e-10
350.0 0.0009463302376389038
351.0 0.00011825534329545917
352.0 1.6213762103756135e-10
353.0 1.6213762103756135e-10
354.0 1.6213762103756135e-10
355.0 1.6213762103756135e-10
356.0 0.00020341863091744017
357.0 1.6213762103756135e-10
358.0 1.6213762103756135e-10
359.0 0.00010538800552239991
360.0 0.0004762483968079323
361.0 0.00027282449082122184
362.0 6.940077241779363e-05
363.0 1.6213762103756135e-10
364.0 1.6213762103756135e-10
365.0 1.6213762103756135e-10
366.0 0.00024337291506526526
367.0 0.0004413735950947739
368.0 0.0006393742296495475
369.0 9.710794302009162e-05
370.0 1.6213762103756135e-10
371.0 1.6213762103756135e-10
372.0 1.6213762103756135e-10
373.0 1.6213762103756135e-10
374.0 0.00017233484186363057
375.0 0.0003248816710765823
376.0 0.00047742851165821776
377.0 0.0002450360625516623
378.0 1.264358218122652e-05
379.0 0.00031670870157540776
380.0 0.0006207736532815034
381.0 0.0002842696858351701
382.0 1.6213762103756135e-10
383.0 3.918944742054009e-05
384.0 0.00013061304571237997
385.0 0.00023056065856508212
386.0 0.0003305083509985707
387.0 0.0002080948661387083
388.0 8.568108569306787e-05
389.0 1.6213762103756135e-10
390.0 1.6213762103756135e-10
391.0 1.6213762103756135e-10
392.0 0.00015849713008719846
393.0 0.0002125540277120308
394.0 0.0002666111186044873
395.0 0.0009968635822588112
396.0 0.0017271160686505027
397.0 0.0015632320355507545
398.0 0.0013993480024510063
399.0 0.0015326761058531702
400.0 0.001666004209255334
401.0 0.003736766302608885
402.0 0.005807527486467734
403.0 0.004999261727789417
404.0 0.004190995241515338
405.0 0.003037385795323644
406.0 0.00188377671292983
407.0 0.00293749944830779
408.0 0.0039912225474836305
409.0 0.0038702692108927295
410.0 0.0037493155105039477
411.0 0.004578193693305366
412.0 0.005407071148511022
413.0 0.005084453732706606
414.0 0.00476183595310431
415.0 0.005169689393369481
416.0 0.0055775424698367715
417.0 0.005251676702755503
418.0 0.004925809844280593
419.0 0.004574159174808301
420.0 0.0042225077777402475
421.0 0.004735902984975837
422.0 0.005249297464615665
423.0 0.00518475026183296
424.0 0.005120203422848135
425.0 0.005739783955505118
426.0 0.0063593644881621
427.0 0.005882285404368304
428.0 0.005405205592978746
429.0 0.004896205791737884
430.0 0.004387206354294904
431.0 0.003970936450059526
432.0 0.0035546665458241478
433.0 0.00314812823489774
434.0 0.0027415897420723923
435.0 0.0023975357180461287
436.0 0.0020534816940198652
437.0 0.0017079983081202954
438.0 0.0013625149222207256
439.0 0.0012885677278973162
440.0 0.0012146204426244367
441.0 0.0014763822946406435
442.0 0.0017381442376063205
443.0 0.0021974776245770045
444.0 0.002656810829648748
445.0 0.00159518895088695
446.0 0.0005335667992767412
447.0 0.0005087978934170678
448.0 0.0004840288056584541
449.0 0.0006512677373393672
450.0 0.0008185065780708101
451.0 0.0005855637027707417
452.0 0.0003526208956827759
453.0 0.00044277853703533765
454.0 0.0005329361556505319
455.0 0.0007050188742141472
456.0 0.0008771016837272327
457.0 0.000470443774247542
458.0 6.378593866429583e-05
459.0 0.0002192625515817781
460.0 0.00037473912470886717
461.0 0.0005624459390674019
462.0 0.0007501528216380393
463.0 0.0007871826710470486
464.0 0.0008242124749813229
465.0 0.0005756227437814232
466.0 0.0003270331717430963
467.0 0.0003733133780770004
468.0 0.0004195935161988018
469.0 0.0004370671831566142
470.0 0.00045454098653863184
471.0 0.0004604774858307792
472.0 0.00046641425797133707
473.0 0.0006185971869854257
474.0 0.0007707801159995142
475.0 0.0004893619006907102
476.0 0.00020794357169506839
477.0 0.0002504604481146089
478.0 0.0002929771881099441
479.0 0.0010611294783302583
480.0 0.0018292819731868804
481.0 0.00217985925701214
482.0 0.0025304370865342207
483.0 0.0038157701055752113
484.0 0.005101102942717262
485.0 0.005930754196015187
486.0 0.0067604043579194695
487.0 0.009428500925423577
488.0 0.01209659458254464
489.0 0.01497929188190028
490.0 0.01786198845366016
491.0 0.02089127228828147
492.0 0.02392055612290278
493.0 0.025878430460579693
494.0 0.02783630625344813
495.0 0.025988512788899243
496.0 0.024140717869158834
497.0 0.019909621914848685
498.0 0.01567852741573006
499.0 0.011119095870526507
500.0 0.006559665052918717
501.0 0.004438247560756281
502.0 0.002316829159099143
503.0 0.0023200987925520167
504.0 0.0023233686079038307
505.0 0.0020176730686216615
506.0 0.001711977347440552
507.0 0.001922949741128832
508.0 0.0021339221348171122
509.0 0.002357604171265848
510.0 0.0025812862077145837
511.0 0.002073703581118025
512.0 0.0015661211364204064
513.0 0.001673342012509238
514.0 0.0017805632523959503
515.0 0.0020806657630600967
516.0 0.002380768273724243
517.0 0.00233847076742677
518.0 0.0022961732611292973
519.0 0.0020679548470070586
520.0 0.0018397364328848198
521.0 0.0018350145182921551
522.0 0.00183029242180055
523.0 0.0018861055650631897
524.0 0.001941918526426889
525.0 0.0022343832824844867
526.0 0.0025268482204410248
527.0 0.002610373485367745
528.0 0.002693898932193406
529.0 0.0028006910724798217
530.0 0.002907483030867297
531.0 0.0025908031602739356
532.0 0.002274123289680574
533.0 0.0019813205653917976
534.0 0.001688517841103021
535.0 0.0018303360775462352
536.0 0.0019721544958883896
537.0 0.0024884750018827617
538.0 0.003004795507877134
539.0 0.0036839886888628826
540.0 0.004363182233646512
541.0 0.004807363075087778
542.0 0.005251544280326925
543.0 0.005242888073553331
544.0 0.005234231866779737
545.0 0.004317663115216419
546.0 0.0034010947274509817
547.0 0.002702882557059638
548.0 0.0020046702047693543
549.0 0.0016616573702776805
550.0 0.0013186445357860066
551.0 0.001439348761778092
552.0 0.001560052805871237
553.0 0.0015986955986591056
554.0 0.0016373382095480338
555.0 0.0012485147635743488
556.0 0.0008596914085501339
557.0 0.0008635356607555877
558.0 0.0008673800039105117
559.0 0.0007220326551760081
560.0 0.0005766853519162396
561.0 0.0010158429176954087
562.0 0.001455000619898783
563.0 0.0015602787243551575
564.0 0.0016655567378620617
565.0 0.001546281600894872
566.0 0.0014270066458266228
567.0 0.0013279421182232909
568.0 0.001228877590619959
569.0 0.0009683187272457872
570.0 0.0007077600457705557
571.0 0.0005497554411704186
572.0 0.00039175070014607627
573.0 0.00046170644054654986
574.0 0.0005316621354722884
575.0 0.0005039499683334725
576.0 0.0004762378921441268
577.0 0.00046106238187348936
578.0 0.000445886917077587
579.0 0.00047837097554292995
580.0 0.0005108551249577431
581.0 0.0005093980689707678
582.0 0.0005079411039332626
583.0 0.000512970109411981
584.0 0.000517998978466494
585.0 0.0005981641606922494
586.0 0.0006783293883927399
587.0 0.0005681255970557686
588.0 0.00045792185119353235
589.0 0.0006233062777027953
590.0 0.0007886907951615285
591.0 0.0006117834345786832
592.0 0.00043487598304636776
593.0 0.000538837139174575
594.0 0.000642798204353312
595.0 0.000485513373860158
596.0 0.000328228543367004
597.0 0.00042556134758342523
598.0 0.0005228941517998464
599.0 0.0003728640194822219
600.0 0.00022283390990196494
601.0 0.0003382453769518179
602.0 0.0004536568667390384
603.0 0.0003370853619344416
604.0 0.00022051390260457993
605.0 0.00019081003301835153
606.0 0.00016110619753817446
607.0 0.00030455012165475637
608.0 0.0004479940798773896
609.0 0.0004486817488214001
610.0 0.0004493694177654106
611.0 0.00045358647184912115
612.0 0.0004578034804580966
613.0 0.0004365292170405155
614.0 0.0004152549990976695
615.0 0.000404419370170217
616.0 0.00039358369576802943
617.0 0.0004266681116860127
618.0 0.0004597525730787311
619.0 0.0003621258429120644
620.0 0.00026449918095750036
621.0 0.00023121760932554025
622.0 0.0001979360604309477
623.0 0.0003155795411657891
624.0 0.00043322302190063056
625.0 0.0003286690343884402
626.0 0.00022411509235098492
627.0 0.00027182966277905507
628.0 0.0003195442332071252
629.0 0.0003376825361556257
630.0 0.0003558207708920236
631.0 0.00043961440496786963
632.0 0.0005234078344074078
633.0 0.00043621425902529154
634.0 0.0003490205926937051
635.0 0.00043549212023208383
636.0 0.0005219636477704626
637.0 0.0004722527592093684
638.0 0.0004225418251735391
639.0 0.0005169621090317378
640.0 0.0006113823928899365
641.0 0.000615192675468279
642.0 0.0006190029580466216
643.0 0.0006293044407357229
644.0 0.000639605877950089
645.0 0.000722715367373894
646.0 0.0008058249477471691
647.0 0.0007772132448735647
648.0 0.0007486013146262849
649.0 0.0008411052476731129
650.0 0.000933609226194676
651.0 0.0009177514584735036
652.0 0.000901893599802861
653.0 0.000905864635569742
654.0 0.0009098357622860931
655.0 0.001283158599107992
656.0 0.0016564812540309504
657.0 0.0026830140996025875
658.0 0.0037095469451742247
659.0 0.006087290967116132
660.0 0.05361824878491461
661.0 0.06745419232174754
662.0 0.07380081806331873
663.0 0.09616448078304529
664.0 0.10641003027558327
665.0 0.12361010303720832
666.0 0.12905491748824716
667.0 0.1599897281266749
668.0 0.19482644274830818
669.0 0.2634348114952445
670.0 0.35066683776676655
671.0 0.5332262720912695
672.0 0.8223225362598896
673.0 1.2559455819427967
674.0 1.9389284774661064
675.0 2.821899391710758
676.0 3.8845598697662354
677.0 5.160332843661308
678.0 6.475876271724701
679.0 7.85420686006546
680.0 9.709437191486359
681.0 11.697802692651749
682.0 14.23216164112091
683.0 16.930676996707916
684.0 19.86062377691269
685.0 22.75433838367462
686.0 25.749734044075012
687.0 28.986135125160217
688.0 32.29779303073883
689.0 35.550010204315186
690.0 39.31741118431091
691.0 43.45443546772003
692.0 48.29076528549194
693.0 53.34814190864563
694.0 59.202879667282104
695.0 64.78216648101807
696.0 71.02665901184082
697.0 76.51969194412231
698.0 82.52527713775635
699.0 87.10721135139465
700.0 90.6768262386322
701.0 93.62220764160156
702.0 95.64194679260254
703.0 96.68608903884888
704.0 97.2591757774353
705.0 97.71614670753479
706.0 97.80287146568298
707.0 97.93188571929932
708.0 97.98494577407837
709.0 98.05580377578735
710.0 97.8188157081604
711.0 97.97840118408203
712.0 97.90065288543701
713.0 98.01449775695801
714.0 98.06876182556152
715.0 98.14174175262451
716.0 97.93118238449097
717.0 98.19249510765076
718.0 98.24571013450623
719.0 98.19344282150269
720.0 98.48982691764832
721.0 98.3296811580658
722.0 98.03751707077026
723.0 97.85603880882263
724.0 97.46964573860168
725.0 97.25523591041565
726.0 96.9973623752594
727.0 96.70449495315552
728.0 96.52487635612488
729.0 96.30487561225891
730.0 96.34283781051636
731.0 96.3219404220581
732.0 96.28003239631653
733.0 96.60108685493469
734.0 96.94061279296875
735.0 97.08218574523926
736.0 97.53991365432739
737.0 97.93645739555359
738.0 98.14586043357849
739.0 98.53857755661011
740.0 98.77371788024902
741.0 98.59171509742737
742.0 98.9184319972992
743.0 98.76458048820496
744.0 98.58629703521729
745.0 98.56926798820496
746.0 98.49004745483398
747.0 98.76751899719238
748.0 98.62779378890991
749.0 98.51881861686707
750.0 98.52213859558105
751.0 98.42182397842407
752.0 98.35270643234253
753.0 98.56643080711365
754.0 98.45285415649414
755.0 98.51091504096985
756.0 98.60303997993469
757.0 98.59212636947632
758.0 98.76066446304321
759.0 98.72491955757141
760.0 98.64922761917114
761.0 98.57990741729736
762.0 98.61723184585571
763.0 98.59938621520996
764.0 98.4626054763794
765.0 98.50932359695435
766.0 98.5282838344574
767.0 98.28570485115051
768.0 98.31693768501282
769.0 98.38900566101074
770.0 98.12195897102356
771.0 98.13112616539001
772.0 98.17696213722229
773.0 98.04906845092773
774.0 97.85556197166443
775.0 97.92333841323853
776.0 97.84794449806213
777.0 97.9045033454895
778.0 97.96807765960693
779.0 97.93205857276917
780.0 97.8808045387268
781.0 98.19241166114807
782.0 98.13097715377808
783.0 98.18451404571533
784.0 98.18443059921265
785.0 98.34225177764893
786.0 98.5049843788147
787.0 98.16815257072449
788.0 98.3316957950592
789.0 98.3146071434021
790.0 98.30392003059387
791.0 98.39151501655579
792.0 98.19390773773193
793.0 98.18087816238403
794.0 98.08843731880188
795.0 97.95398116111755
796.0 97.97670245170593
797.0 98.0103611946106
798.0 97.99188375473022
799.0 97.81785011291504
800.0 97.591632604599
801.0 97.73154854774475
802.0 97.54606485366821
803.0 97.39063382148743
804.0 97.17652797698975
805.0 96.71300053596497
806.0 96.24314904212952
807.0 95.39202451705933
808.0 94.35928463935852
809.0 93.03635358810425
810.0 91.59738421440125
811.0 89.69190716743469
812.0 87.32830882072449
813.0 84.59303379058838
814.0 81.48388862609863
815.0 77.87843942642212
816.0 74.14030432701111
817.0 69.80798840522766
818.0 64.93036150932312
819.0 60.60437560081482
820.0 55.6460976600647
821.0 51.19712948799133
822.0 46.73477113246918
823.0 42.151811718940735
824.0 37.42595613002777
825.0 33.18204581737518
826.0 28.83135676383972
827.0 24.298937618732452
828.0 20.190374553203583
829.0 16.134853661060333
830.0 12.062887847423553
831.0 8.991081267595291
832.0 6.054265424609184
833.0 3.929753601551056
834.0 2.3875270038843155
835.0 1.464938372373581
836.0 0.8623565547168255
837.0 0.4818967077881098
838.0 0.2793551189824939
839.0 0.15841899439692497
840.0 0.0775483378674835
841.0 0.03573833673726767
842.0 0.01591683248989284
843.0 0.007473247387679294
844.0 0.02233308769064024
845.0 1.6213762103756135e-10
846.0 1.6213762103756135e-10
847.0 1.6213762103756135e-10
848.0 1.6213762103756135e-10
849.0 1.6213762103756135e-10
850.0 1.6213762103756135e-10
851.0 0.002010600110224914
852.0 0.0023644435714231804
853.0 0.0013322104678081814
854.0 0.0002999775460921228
855.0 0.0001106387344407267
856.0 1.6213762103756135e-10
857.0 0.0001127314817495062
858.0 0.00030416301797231426
859.0 1.6213762103756135e-10
860.0 1.6213762103756135e-10
861.0 1.6213762103756135e-10
862.0 1.6213762103756135e-10
863.0 1.6213762103756135e-10
864.0 1.6213762103756135e-10
865.0 1.6213762103756135e-10
866.0 1.6213762103756135e-10
867.0 1.6213762103756135e-10
868.0 1.6213762103756135e-10
869.0 1.6213762103756135e-10
870.0 4.622461702297187e-06
871.0 2.910871614858479e-05
872.0 5.359493115975056e-05
873.0 3.585879539969028e-05
874.0 1.812265821854453e-05
875.0 1.6213762103756135e-10
876.0 1.6213762103756135e-10
877.0 8.388027339378823e-06
878.0 0.00014400073951037484
879.0 6.363655984387151e-05
880.0 1.6213762103756135e-10
881.0 4.131850630528788e-05
882.0 9.93646267488657e-05
883.0 1.6213762103756135e-10
884.0 1.6213762103756135e-10
885.0 1.6213762103756135e-10
886.0 1.673294462989361e-05
887.0 1.6213762103756135e-10
888.0 1.6213762103756135e-10
889.0 1.6213762103756135e-10
890.0 0.00012890814105048776
891.0 4.229764556384907e-05
892.0 1.6213762103756135e-10
893.0 1.6213762103756135e-10
894.0 1.6213762103756135e-10
895.0 1.6213762103756135e-10
896.0 1.6213762103756135e-10
