lsstCam/transmission_filter_detector/r30_s02/i_39/19700101T000000.ecsv
# %ECSV 1.0
# ---
# datatype:
# - {name: wavelength, unit: nm, datatype: float32}
# - {name: efficiency, unit: '%', datatype: float64}
# meta: !!omap
# - {MODE: DETECTOR}
# - {TYPE: transmission_filter_detector}
# - {CALIBDATE: '1970-01-01T00:00:00'}
# - {INSTRUME: LSSTCam}
# - {OBSTYPE: transmission_filter_detector}
# - {CALIBCLS: lsst.ip.isr.IntermediateFilterDetectorTransmissionCurve}
# - {SOURCE: Materion (DM-46256)}
# - {DETECTOR: 119}
# - {FILTER: i_39}
# - {CALIB_ID: 'calibDate=1970-01-01T00:00:00 filter=i_39 detector=119'}
# - {DATE: '2025-04-02T15:59:47.031587'}
# - {CALIB_CREATION_DATE: '2025-04-02'}
# - {CALIB_CREATION_TIME: '15:59:47'}
# - __serialized_columns__:
#     efficiency:
#       __class__: astropy.units.quantity.Quantity
#       unit: !astropy.units.Unit {unit: '%'}
#       value: !astropy.table.SerializedColumn {name: efficiency}
#     wavelength:
#       __class__: astropy.units.quantity.Quantity
#       unit: !astropy.units.Unit {unit: nm}
#       value: !astropy.table.SerializedColumn {name: wavelength}
# schema: astropy-2.0
wavelength efficiency
[from data line 598]
898.0 1.6213762103756135e-10
899.0 1.6213762103756135e-10
900.0 1.6213762103756135e-10
901.0 1.6213762103756135e-10
902.0 1.6213762103756135e-10
903.0 1.6213762103756135e-10
904.0 1.6622543341782148e-05
905.0 1.4485269161923497e-05
906.0 1.2348031930287107e-05
907.0 1.6213762103756135e-10
908.0 1.6213762103756135e-10
909.0 1.6213762103756135e-10
910.0 2.6336820724282006e-05
911.0 6.410913044874178e-06
912.0 1.6213762103756135e-10
913.0 1.6213762103756135e-10
914.0 1.6213762103756135e-10
915.0 2.1813066908293877e-06
916.0 4.170685485860304e-05
917.0 1.6213762103756135e-10
918.0 1.6213762103756135e-10
919.0 1.6213762103756135e-10
920.0 0.0001144955263043812
921.0 1.6213762103756135e-10
922.0 1.6213762103756135e-10
923.0 1.6213762103756135e-10
924.0 1.6213762103756135e-10
925.0 6.178262879075191e-05
926.0 0.00012483814089137013
927.0 1.6213762103756135e-10
928.0 1.6213762103756135e-10
929.0 1.6213762103756135e-10
930.0 1.6213762103756135e-10
931.0 1.6187213347507168e-06
932.0 6.157405891826784e-05
933.0 1.6213762103756135e-10
934.0 1.6213762103756135e-10
935.0 1.6213762103756135e-10
936.0 1.6213762103756135e-10
937.0 1.6213762103756135e-10
938.0 3.848452934107627e-05
939.0 1.6213762103756135e-10
940.0 1.6213762103756135e-10
941.0 1.6213762103756135e-10
942.0 0.00011799893400166184
943.0 8.05186004981806e-05
944.0 4.3038298258579744e-05
945.0 1.6213762103756135e-10
946.0 1.6213762103756135e-10
947.0 1.6213762103756135e-10
948.0 0.0001950988234966644
949.0 1.6213762103756135e-10
950.0 1.6213762103756135e-10
951.0 1.6213762103756135e-10
952.0 1.5857253288231732e-05
953.0 4.340227235388738e-05
954.0 7.094729994605586e-05
955.0 7.678573297198454e-05
956.0 8.262419441962265e-05
957.0 8.79950448506861e-05
958.0 9.336588391306577e-05
959.0 0.00010858707355509978
960.0 0.00012380825182845
961.0 0.00010413939435238717
962.0 8.447051413895679e-05
963.0 0.00014807238812863943
964.0 0.00021167427348700585
965.0 0.0001010599021356029
966.0 1.6213762103756135e-10
967.0 1.6213762103756135e-10
968.0 1.6213762103756135e-10
969.0 1.6213762103756135e-10
970.0 1.6213762103756135e-10
971.0 3.9664620032908715e-06
972.0 2.897822639624792e-05
973.0 9.092466370930197e-05
974.0 0.00015287110954886884
975.0 8.490218874612765e-05
976.0 1.693327220664287e-05
977.0 6.314275537988578e-05
978.0 0.00010935223144770134
979.0 5.230556325841462e-05
980.0 1.6213762103756135e-10
981.0 1.6213762103756135e-10
982.0 1.6213762103756135e-10
983.0 1.6213762103756135e-10
984.0 1.6213762103756135e-10
985.0 1.6213762103756135e-10
986.0 7.461589461854601e-05
987.0 1.6213762103756135e-10
988.0 1.6213762103756135e-10
989.0 1.6213762103756135e-10
990.0 2.1229095636954298e-05
991.0 9.659864872446633e-05
992.0 0.0001719682245493459
993.0 7.859192692194483e-05
994.0 1.6213762103756135e-10
995.0 4.663141055516462e-05
996.0 0.00010804717476275982
997.0 0.00016390373502872535
998.0 0.00021976029529469088
999.0 0.00017426780232199235
1000.0 0.00012877528661192628
1001.0 0.000222929361370916
1002.0 0.0003170834133925382
1003.0 0.0002665627562237205
1004.0 0.0002160420990549028
1005.0 0.00023060792955220677
1006.0 0.00024517371457477566
1007.0 0.00013943874819233315
1008.0 3.370380454725819e-05
1009.0 0.00018199842770627583
1010.0 0.0003302930053905584
1011.0 0.0002532095322749228
1012.0 0.0001761260818966548
1013.0 0.00018835058881450095
1014.0 0.00020057511846971465
1015.0 0.00015128723589441506
1016.0 0.00010199941016253433
1017.0 0.00014016384284332162
1018.0 0.00017832830963016022
1019.0 6.0616287100856425e-05
1020.0 1.6213762103756135e-10
1021.0 8.840764280648727e-05
1022.0 0.0002339110324101057
1023.0 0.00020774737095052842
1024.0 0.0001815836867535836
1025.0 0.00027478668016556185
1026.0 0.00036798969631490763
1027.0 0.00042742690311570186
1028.0 0.000486864064441761
1029.0 0.0008689458809385542
1030.0 0.0012510276064858772
1031.0 0.0016522320947842672
1032.0 0.0020534362192847766
1033.0 0.0023836746549932286
1034.0 0.0027139130907016806
1035.0 0.0029750510293524712
1036.0 0.0032361887861043215
1037.0 0.0032683525205357
1038.0 0.003300515891169198
1039.0 0.003004384234372992
1040.0 0.002708252395677846
1041.0 0.002417962605250068
1042.0 0.00212767281482229
1043.0 0.002397289608779829
1044.0 0.0026669065846363083
1045.0 0.0029659870051546022
1046.0 0.003265067789470777
1047.0 0.0034401182347210124
1048.0 0.0036151690437691286
1049.0 0.0029916216590208933
1050.0 0.0023680740923737176
1051.0 0.0020872806999250315
1052.0 0.0018064873074763454
1053.0 0.0015902323866612278
1054.0 0.0013739774658461101
1055.0 0.0009134956599154975
1056.0 0.00045301389945962
1057.0 0.0006014617156324675
1058.0 0.0007499098046537256
1059.0 0.0008780290045251604
1060.0 0.0010061485227197409
1061.0 0.0011117193025711458
1062.0 0.0012172904462204315
1063.0 0.0016996084013953805
1064.0 0.002181926174671389
1065.0 0.0025982097213272937
1066.0 0.003014493267983198
1067.0 0.0037615158362314105
1068.0 0.004508539132075384
1069.0 0.004349444861873053
1070.0 0.004190350591670722
1071.0 0.004099075522390194
1072.0 0.004007800089311786
1073.0 0.00306769652524963
1074.0 0.0021275924154906534
1075.0 0.002632320683915168
1076.0 0.0031370487704407424
1077.0 0.0029358079700614326
1078.0 0.0027345669877831824
1079.0 0.002725963895500172
1080.0 0.002717360985116102
1081.0 0.001916509063448757
1082.0 0.0011156575055792928
1083.0 0.0010516494512557983
1084.0 0.000987641487881774
1085.0 0.0007674888365727384
1086.0 0.0005473362762131728
1087.0 0.0004427846761245746
1088.0 0.0003382332806722843
1089.0 1.6213762103756135e-10
1090.0 1.6213762103756135e-10
1091.0 4.4589143044504453e-05
1092.0 0.0008248291123891249
1093.0 0.00025012359401443973
1094.0 1.6213762103756135e-10
1095.0 1.6213762103756135e-10
1096.0 1.6213762103756135e-10
1097.0 1.6213762103756135e-10
1098.0 1.6213762103756135e-10
1099.0 1.6213762103756135e-10
1100.0 0.0006678467798337806
