lsstCam/transmission_filter_detector/r11_s20/z_20/19700101T000000.ecsv
# %ECSV 1.0
# ---
# datatype:
# - {name: wavelength, unit: nm, datatype: float32}
# - {name: efficiency, unit: '%', datatype: float64}
# meta: !!omap
# - {MODE: DETECTOR}
# - {TYPE: transmission_filter_detector}
# - {CALIBDATE: '1970-01-01T00:00:00'}
# - {INSTRUME: LSSTCam}
# - {OBSTYPE: transmission_filter_detector}
# - {CALIBCLS: lsst.ip.isr.IntermediateFilterDetectorTransmissionCurve}
# - {SOURCE: Materion (DM-46256)}
# - {DETECTOR: 42}
# - {FILTER: z_20}
# - {CALIB_ID: 'calibDate=1970-01-01T00:00:00 filter=z_20 detector=42'}
# - {DATE: '2025-04-02T15:59:48.829760'}
# - {CALIB_CREATION_DATE: '2025-04-02'}
# - {CALIB_CREATION_TIME: '15:59:48'}
# - __serialized_columns__:
#     efficiency:
#       __class__: astropy.units.quantity.Quantity
#       unit: !astropy.units.Unit {unit: '%'}
#       value: !astropy.table.SerializedColumn {name: efficiency}
#     wavelength:
#       __class__: astropy.units.quantity.Quantity
#       unit: !astropy.units.Unit {unit: nm}
#       value: !astropy.table.SerializedColumn {name: wavelength}
# schema: astropy-2.0
wavelength efficiency
[from data line 597]
897.0 99.04975295066833
898.0 98.91570806503296
899.0 98.67992997169495
900.0 98.87017607688904
901.0 99.3350088596344
902.0 99.13011193275452
903.0 98.92606139183044
904.0 97.8330671787262
905.0 98.90154600143433
906.0 98.16991090774536
907.0 98.41944575309753
908.0 98.35953712463379
909.0 98.35663437843323
910.0 98.08161854743958
911.0 96.97237610816956
912.0 96.01999521255493
913.0 95.10923624038696
914.0 92.69500374794006
915.0 90.31863212585449
916.0 88.62488269805908
917.0 87.00573444366455
918.0 83.54926705360413
919.0 82.22907185554504
920.0 79.38926815986633
921.0 75.88205337524414
922.0 71.663898229599
923.0 66.05808734893799
924.0 60.60813665390015
925.0 55.05121350288391
926.0 49.23139810562134
927.0 42.198944091796875
928.0 36.36353611946106
929.0 30.0336092710495
930.0 24.382074177265167
931.0 19.222690165042877
932.0 13.72787058353424
933.0 9.26540419459343
934.0 6.0871422290802
935.0 3.6802079528570175
936.0 2.1669788286089897
937.0 1.2954611331224442
938.0 0.7633181288838387
939.0 0.35999759566038847
940.0 0.3606885904446244
941.0 0.21597398445010185
942.0 0.22469847463071346
943.0 0.1138653140515089
944.0 0.028231911710463464
945.0 0.22601685486733913
946.0 1.597903558601954e-10
947.0 0.014836950867902488
948.0 0.008246960351243615
949.0 0.06713984766975045
950.0 1.597903558601954e-10
951.0 0.1058453693985939
952.0 1.597903558601954e-10
953.0 0.06068692309781909
954.0 1.597903558601954e-10
955.0 1.597903558601954e-10
956.0 1.597903558601954e-10
957.0 1.597903558601954e-10
958.0 0.08931118063628674
959.0 1.597903558601954e-10
960.0 1.597903558601954e-10
961.0 1.597903558601954e-10
962.0 1.597903558601954e-10
963.0 1.597903558601954e-10
964.0 0.0211558974115178
965.0 0.031913898419588804
966.0 0.05959848058409989
967.0 1.597903558601954e-10
968.0 0.04004205693490803
969.0 1.597903558601954e-10
970.0 0.006696653144899756
971.0 0.013780461449641734
972.0 0.017403044330421835
973.0 1.597903558601954e-10
974.0 1.597903558601954e-10
975.0 1.597903558601954e-10
976.0 0.00637429766356945
977.0 0.006359228427754715
978.0 0.0063441621023230255
979.0 0.0061845908930990845
980.0 0.006025018592481501
981.0 0.005914664143347181
982.0 0.005804310058010742
983.0 0.005715585211873986
984.0 0.005626861093332991
985.0 0.005317014074535109
986.0 0.005007165964343585
987.0 0.005045529178460129
988.0 0.005083892392576672
989.0 0.004980921221431345
990.0 0.004877950050286017
991.0 0.004920434002997354
992.0 0.004962918319506571
993.0 0.004921352592646144
994.0 0.0048797861381899565
995.0 0.004798564259544946
996.0 0.004717342380899936
997.0 0.004547977368929423
998.0 0.00437861199316103
999.0 0.004364129927125759
1000.0 0.004349647497292608
1001.0 0.00447215061285533
1002.0 0.0045946533646201715
1003.0 0.00454189139418304
1004.0 0.004489129423745908
1005.0 0.004320601510698907
1006.0 0.004152073597651906
1007.0 0.0042828851292142645
1008.0 0.004413696296978742
1009.0 0.004471556530916132
1010.0 0.004529416764853522
1011.0 0.004572589386953041
1012.0 0.00461576200905256
1013.0 0.004427690510055982
1014.0 0.004239619011059403
1015.0 0.0044437034375732765
1016.0 0.0046477878640871495
1017.0 0.0049053833208745345
1018.0 0.005162979505257681
1019.0 0.00493336956424173
1020.0 0.004703759987023659
1021.0 0.004745480327983387
1022.0 0.004787200305145234
1023.0 0.004663167055696249
1024.0 0.004539133078651503
1025.0 0.004748315768665634
1026.0 0.004957498094881885
1027.0 0.004872190038440749
1028.0 0.004786881981999613
1029.0 0.004736079426947981
1030.0 0.004685276871896349
1031.0 0.004836721200263128
1032.0 0.0049881655286299065
1033.0 0.005034175410401076
1034.0 0.005080185292172246
1035.0 0.0052860861615045
1036.0 0.0054919870308367535
1037.0 0.00560606895305682
1038.0 0.0057201501476811245
1039.0 0.005537653851206414
1040.0 0.005355156827135943
1041.0 0.005775910904048942
1042.0 0.006196665344759822
1043.0 0.005657754809362814
1044.0 0.0051188446377636865
1045.0 0.005823907122248784
1046.0 0.006528969242936
1047.0 0.006228662823559716
1048.0 0.00592835531278979
1049.0 0.006103140549384989
1050.0 0.006277925422182307
1051.0 0.0066044369305018336
1052.0 0.006930950621608645
1053.0 0.006941655738046393
1054.0 0.006952360854484141
1055.0 0.007551118324045092
1056.0 0.008149875793606043
1057.0 0.00794496008893475
1058.0 0.007740044384263456
1059.0 0.007849774556234479
1060.0 0.007959502545418218
1061.0 0.00854588724905625
1062.0 0.009132271952694282
1063.0 0.0091017376689706
1064.0 0.009071203385246918
1065.0 0.009126244549406692
1066.0 0.009181287896353751
1067.0 0.009387304453412071
1068.0 0.009593322465661913
1069.0 0.010437121090944856
1070.0 0.011280918988632038
1071.0 0.011152627121191472
1072.0 0.011024334526155144
1073.0 0.010828059021150693
1074.0 0.010631784243742004
1075.0 0.011417989298934117
1076.0 0.012204197992105037
1077.0 0.012196960597066209
1078.0 0.01218972320202738
1079.0 0.013193154882173985
1080.0 0.014196589472703636
1081.0 0.014256131544243544
1082.0 0.014315676526166499
1083.0 0.014208350330591202
1084.0 0.014101024135015905
1085.0 0.014691325486637652
1086.0 0.015281629748642445
1087.0 0.015516199346166104
1088.0 0.015750768943689764
1089.0 0.01701109140412882
1090.0 0.018271413864567876
1091.0 0.01827611995395273
1092.0 0.018280820222571492
1093.0 0.01818318705772981
1094.0 0.018085552437696606
1095.0 0.019261962734162807
1096.0 0.02043837303062901
1097.0 0.020514466450549662
1098.0 0.020590558415278792
1099.0 0.022456822625827044
1100.0 0.024323082470800728
1101.0 0.024495646357536316
1102.0 0.024668211699463427
1103.0 0.026040885131806135
1104.0 0.027413558564148843
1105.0 0.027213545399717987
1106.0 0.02701353223528713
1107.0 0.02833932521753013
1108.0 0.029665118199773133
1109.0 0.030971874366514385
1110.0 0.03227863053325564
1111.0 0.03250441804993898
1112.0 0.03273020847700536
1113.0 0.034167684498243034
1114.0 0.0356051663402468
1115.0 0.03452679084148258
1116.0 0.03344841825310141
1117.0 0.03417698317207396
1118.0 0.03490555100142956
1119.0 0.03834778908640146
1120.0 0.04179002426099032
1121.0 0.04385919310152531
1122.0 0.04592836485244334
1123.0 0.04476250906009227
1124.0 0.04359665617812425
1125.0 0.04421099438332021
1126.0 0.04482533549889922
1127.0 0.04887926043011248
1128.0 0.05293318536132574
1129.0 0.05711271078325808
1130.0 0.06129224202595651
1131.0 0.06126236403360963
1132.0 0.06123247439973056
1133.0 0.06373559590429068
1134.0 0.06623871740885079
1135.0 0.06433683447539806
1136.0 0.06243494572117925
1137.0 0.0694360991474241
1138.0 0.07643725839443505
1139.0 0.08038023952394724
1140.0 0.08432318572886288
1141.0 0.09408417390659451
1142.0 0.10384514462202787
1143.0 0.12610622216016054
1144.0 0.14836727641522884
1145.0 0.3013462061062455
1146.0 0.4543251823633909
1147.0 0.9708577767014503
1148.0 1.487390510737896
1149.0 1.6893653199076653
1150.0 1.891341246664524
