lsstCam/transmission_filter_detector/r11_s20/z_20/19700101T000000.ecsv
# %ECSV 1.0
# ---
# datatype:
# - {name: wavelength, unit: nm, datatype: float32}
# - {name: efficiency, unit: '%', datatype: float64}
# meta: !!omap
# - {MODE: DETECTOR}
# - {TYPE: transmission_filter_detector}
# - {CALIBDATE: '1970-01-01T00:00:00'}
# - {INSTRUME: LSSTCam}
# - {OBSTYPE: transmission_filter_detector}
# - {CALIBCLS: lsst.ip.isr.IntermediateFilterDetectorTransmissionCurve}
# - {SOURCE: Materion (DM-46256)}
# - {DETECTOR: 42}
# - {FILTER: z_20}
# - {CALIB_ID: 'calibDate=1970-01-01T00:00:00 filter=z_20 detector=42'}
# - {DATE: '2025-04-02T15:59:48.829760'}
# - {CALIB_CREATION_DATE: '2025-04-02'}
# - {CALIB_CREATION_TIME: '15:59:48'}
# - __serialized_columns__:
#     efficiency:
#       __class__: astropy.units.quantity.Quantity
#       unit: !astropy.units.Unit {unit: '%'}
#       value: !astropy.table.SerializedColumn {name: efficiency}
#     wavelength:
#       __class__: astropy.units.quantity.Quantity
#       unit: !astropy.units.Unit {unit: nm}
#       value: !astropy.table.SerializedColumn {name: wavelength}
# schema: astropy-2.0
wavelength efficiency
300.0 0.8759355172514915
301.0 0.5919884890317917
302.0 0.3080415306612849
303.0 0.2978389151394367
304.0 0.28763634618371725
305.0 0.2432857407256961
306.0 0.19893511198461056
307.0 0.18433891236782074
308.0 0.16974271275103092
309.0 0.14792238362133503
310.0 0.1261020777747035
311.0 0.12638914631679654
312.0 0.12667622650042176
313.0 0.1119681284762919
314.0 0.09726005373522639
315.0 0.09602269856259227
316.0 0.09478534921072423
317.0 0.07982124807313085
318.0 0.06485715857706964
319.0 0.06496456917375326
320.0 0.06507197977043688
321.0 0.06460943259298801
322.0 0.06414689123630524
323.0 0.05566039471887052
324.0 0.047173898201435804
325.0 0.043680667295120656
326.0 0.04018743638880551
327.0 0.03939173766411841
328.0 0.03859603893943131
329.0 0.03422838053666055
330.0 0.029860722133889794
331.0 0.027055240934714675
332.0 0.024249753914773464
333.0 0.02344084350625053
334.0 0.022631927276961505
335.0 0.021468952763825655
336.0 0.02030597679549828
337.0 0.024513478274457157
338.0 0.02872097829822451
339.0 0.024734713952057064
340.0 0.020748456881847233
341.0 0.017545024456921965
342.0 0.014341594942379743
343.0 0.01410336117260158
344.0 0.013865128858014941
345.0 0.01294187968596816
346.0 0.012018631241517141
347.0 0.011427677236497402
348.0 0.010836724686669186
349.0 0.013498798944056034
350.0 0.016160875384230167
351.0 0.013433232379611582
352.0 0.01070558573701419
353.0 0.01120127344620414
354.0 0.011696962610585615
355.0 0.009954374399967492
356.0 0.008211788372136652
357.0 0.009178714390145615
358.0 0.010145642590941861
359.0 0.009992936247726902
360.0 0.00984022844932042
361.0 0.008919522952055559
362.0 0.00799881963757798
363.0 0.00921487735467963
364.0 0.010430933616589755
365.0 0.010110993753187358
366.0 0.009791056800168008
367.0 0.008545286254957318
368.0 0.007299515709746629
369.0 0.007877835014369339
370.0 0.00845615504658781
371.0 0.008354024612344801
372.0 0.008251894905697554
373.0 0.00718785886419937
374.0 0.006123824277892709
375.0 0.006420776480808854
376.0 0.006717727956129238
377.0 0.007128667493816465
378.0 0.007539605576312169
379.0 0.006291201862040907
380.0 0.005042797056376003
381.0 0.0032327989174518734
382.0 0.0014228010513761546
383.0 0.0036200312024448067
384.0 0.005817261626361869
385.0 0.005558604607358575
386.0 0.0052999475883552805
387.0 0.005936548768659122
388.0 0.006573150312760845
389.0 0.005834779221913777
390.0 0.005096408858662471
391.0 0.004708795313490555
392.0 0.0043211814045207575
393.0 0.004791842366103083
394.0 0.005262503691483289
395.0 0.00434149187640287
396.0 0.0034204800613224506
397.0 0.0036312860174803063
398.0 0.0038420916098402813
399.0 0.004019799598609097
400.0 0.004197507223580033
401.0 0.004642469866666943
402.0 0.005087432145955972
403.0 0.005078739923192188
404.0 0.005070048064226285
405.0 0.004158820956945419
406.0 0.0032475942134624347
407.0 0.0017554673831909895
408.0 0.00026334130325267324
409.0 0.0018924718460766599
410.0 0.0035216027754358947
411.0 0.004170183092355728
412.0 0.004818763409275562
413.0 0.0045731427235296
414.0 0.004327522037783638
415.0 0.00357601311407052
416.0 0.0028245043722563423
417.0 0.003815038871834986
418.0 0.004805574280908331
419.0 0.0043196952901780605
420.0 0.003833817027043551
421.0 0.0037977297324687243
422.0 0.0037616435292875394
423.0 0.0036238539905752987
424.0 0.0034860659070545807
425.0 0.0024942912205005996
426.0 0.0015025166248960886
427.0 0.001754991535563022
428.0 0.0020074667190783657
429.0 0.0013826446775055956
430.0 0.0007578229997307062
431.0 0.000731113004803774
432.0 0.0007044028734526364
433.0 0.0006725806997565087
434.0 0.0006407586624845862
435.0 0.0010857833331101574
436.0 0.001530808185634669
437.0 0.0017933572962647304
438.0 0.0020559065887937322
439.0 0.002088728069793433
440.0 0.002121549732692074
441.0 0.0016289932318613864
442.0 0.0011364370948285796
443.0 0.0022809699657955207
444.0 0.0034255026548635215
445.0 0.003341745468787849
446.0 0.0032579882827121764
447.0 0.0026062902179546654
448.0 0.0019545921531971544
449.0 0.0026131652703043073
450.0 0.0032717391150072217
451.0 0.0026001718651968986
452.0 0.0019286040696897544
453.0 0.001767780486261472
454.0 0.0016069570847321302
455.0 0.0023178732590167783
456.0 0.003028789615200367
457.0 0.002223694718850311
458.0 0.0014185997315507848
459.0 0.0015528161384281702
460.0 0.0016870322724571452
461.0 0.0008343477929884102
462.0 1.597903558601954e-10
463.0 0.0009915774171531666
464.0 0.0020014918845845386
465.0 0.002247770316898823
466.0 0.002494048749213107
467.0 0.002181707532145083
468.0 0.001869365769380238
469.0 0.0016702993889339268
470.0 0.001471233099437086
471.0 0.0013511597899196204
472.0 0.0012310868442000356
473.0 0.0012244914614711888
474.0 0.0012178961696918122
475.0 0.0010477318937773816
476.0 0.000877567617862951
477.0 0.0012985253306396771
478.0 0.0017194828615174629
479.0 0.0020399615095811896
480.0 0.0023604401576449163
481.0 0.0018307937352801673
482.0 0.0013011472219659481
483.0 0.0009007299013319425
484.0 0.0005003125806979369
485.0 0.001333663021796383
486.0 0.002167013371945359
487.0 0.0014890120837662835
488.0 0.0008110106136882678
489.0 0.0016772019080235623
490.0 0.002543393748055678
491.0 0.002344251515751239
492.0 0.0021451096472446807
493.0 0.0020085250071133487
494.0 0.0018719407307798974
495.0 0.00164124012371758
496.0 0.001410539698554203
497.0 0.0012723440704576205
498.0 0.0011341486242599785
499.0 0.0012278935173526406
500.0 0.001321638501394773
501.0 0.0008655273632030003
502.0 0.0004094161340617575
503.0 0.0012075643098796718
504.0 0.0020057123037986457
505.0 0.0022052247004467063
506.0 0.002404737278993707
507.0 0.0022956402972340584
508.0 0.002186542951676529
509.0 0.0018874250599765219
510.0 0.0015883073501754552
511.0 0.001227665416081436
512.0 0.0008670237548358273
513.0 0.0013011762348469347
514.0 0.001735329169605393
515.0 0.0013038540600973647
516.0 0.0008723794962861575
517.0 0.0008536724635632709
518.0 0.000834965339890914
519.0 0.0010181553989241365
520.0 0.0012013450941594783
521.0 0.0016168563888641074
522.0 0.0020323675926192664
523.0 0.0013512774785340298
524.0 0.0006701875463477336
525.0 0.0007660390110686421
526.0 0.000861890657688491
527.0 0.0012078933650627732
528.0 0.0015538962543359958
529.0 0.001316888756264234
530.0 0.001079880621546181
531.0 0.0011318848919472657
532.0 0.0011838890713988803
533.0 0.0008893631274986546
534.0 0.000594837229073164
535.0 0.0011335206181684043
536.0 0.0016722040527383797
537.0 0.0016750233044149354
538.0 0.0016778425560914911
539.0 0.0011658378753054421
540.0 0.0006538330580951879
541.0 0.0007476632617908763
542.0 0.0008414936019107699
543.0 0.0012580405382323079
544.0 0.0016745874745538458
545.0 0.0011155181709909812
546.0 0.000556449140276527
547.0 0.0012250906365807168
548.0 0.0018937316781375557
549.0 0.0016110667274915613
550.0 0.0013284015949466266
551.0 0.0014567014659405686
552.0 0.0015850011550355703
553.0 0.0013808593394060154
554.0 0.00117671734187752
555.0 0.001076595981430728
556.0 0.0009764746209839359
557.0 0.0013460416994348634
558.0 0.0017156085959868506
559.0 0.0017574786397744901
560.0 0.0017993479559663683
561.0 0.0016242374840658158
562.0 0.0014491270121652633
563.0 0.001200741098728031
564.0 0.0009523551852907985
565.0 0.0016705542293493636
566.0 0.0023887536372058094
567.0 0.0027343920010025613
568.0 0.0030800300010014325
569.0 0.002927706009359099
570.0 0.002775381835817825
571.0 0.002653701631061267
572.0 0.0025320206987089477
573.0 0.002043678796326276
574.0 0.0015553370758425444
575.0 0.0019871326003340073
576.0 0.00241892794292653
577.0 0.0020302562916185707
578.0 0.0016415850041084923
579.0 0.0017501457477919757
580.0 0.0018587061276775785
581.0 0.0017019630831782706
582.0 0.0015452198567800224
583.0 0.0019999251890112646
584.0 0.0024546303393435664
585.0 0.0025797224225243554
586.0 0.0027048146876040846
587.0 0.002078957732010167
588.0 0.0014531004126183689
589.0 0.0020017800125060603
590.0 0.0025504596123937517
591.0 0.0016929086996242404
592.0 0.0008353574230568483
593.0 0.0007077751433826052
594.0 0.0005801926363346865
595.0 0.0010084383575303946
596.0 0.0014366839423018973
597.0 0.0013563976608566009
598.0 0.0012761112884618342
599.0 0.0009189127922581974
600.0 0.0005617145234282361
601.0 0.0005125945335748838
602.0 0.00046347440729732625
603.0 0.0009245311957783997
604.0 0.001385587438562652
605.0 0.0008717966011317912
606.0 0.00035800537716568215
607.0 0.0007841129445296247
608.0 0.0012102205801056698
609.0 0.0011789045856858138
610.0 0.001147588227468077
611.0 0.0009998699169955216
612.0 0.0008521513336745556
613.0 0.0008284469913633075
614.0 0.0008047426490520593
615.0 0.0012508773579611443
616.0 0.0016970123397186399
617.0 0.0021703279344365
618.0 0.0026436437110533006
619.0 0.0021964106053928845
620.0 0.0017491774997324683
621.0 0.0014754865333088674
622.0 0.001201795294036856
623.0 0.001538157812319696
624.0 0.0018745204215520062
625.0 0.0016973364836303517
626.0 0.0015201527276076376
627.0 0.0019180717572453432
628.0 0.0023159913325798698
629.0 0.0020257351934560575
630.0 0.0017354790543322451
631.0 0.0015383806385216303
632.0 0.0013412816770141944
633.0 0.0017222550013684668
634.0 0.00210322868952062
635.0 0.005087386671220884
636.0 0.008071544289123267
637.0 0.015377704403363168
638.0 0.022683865972794592
639.0 0.019838844309560955
640.0 0.016993822646327317
641.0 0.01474375749239698
642.0 0.012493693793658167
643.0 0.010016690066549927
644.0 0.00753968779463321
645.0 0.006780319381505251
646.0 0.006020950968377292
647.0 0.005529918416868895
648.0 0.005038885865360498
649.0 0.00409449239668902
650.0 0.0031500992918154225
651.0 0.003621205178205855
652.0 0.004092311064596288
653.0 0.003305865902802907
654.0 0.0025194200134137645
655.0 0.002779168607958127
656.0 0.00303891774819931
657.0 0.0029690194423892535
658.0 0.002899120590882376
659.0 0.002764997771009803
660.0 0.00263087495113723
661.0 0.0028077738534193486
662.0 0.0029846723919035867
663.0 0.0020776646124431863
664.0 0.0011706570148817264
665.0 0.0016457224774057977
666.0 0.0021207881218288094
667.0 0.0024074563043541275
668.0 0.0026941244868794456
669.0 0.00194035437743878
670.0 0.0011865842679981142
671.0 0.0008568637895223219
672.0 0.0005271432200970594
673.0 0.001279478510696208
674.0 0.0020318140741437674
675.0 0.0020825895262532867
676.0 0.002133364796463866
677.0 0.001888532642624341
678.0 0.0016437001249869354
679.0 0.00139190124173183
680.0 0.0011401024494261947
681.0 0.0012443275409168564
682.0 0.0013485524505085777
683.0 0.0024033655790844932
684.0 0.0034581793443067
685.0 0.0028903150450787507
686.0 0.002322451473446563
687.0 0.0017389502318110317
688.0 0.0011554485354281496
689.0 0.0014513953829009552
690.0 0.0017473419575253502
691.0 0.0020519048121059313
692.0 0.002356467484787572
693.0 0.0027438582037575543
694.0 0.0031312491046264768
695.0 0.0032823856599861756
696.0 0.0034335218515479937
697.0 0.0036538654967444018
698.0 0.003874208778142929
699.0 0.005703066199203022
700.0 0.007531922892667353
701.0 0.007164970884332433
702.0 0.006798019603593275
703.0 0.006236208719201386
704.0 0.00567439929000102
705.0 0.005142394729773514
706.0 0.00461039126093965
707.0 0.0043512354750419036
708.0 0.004092079325346276
709.0 0.004212375279166736
710.0 0.004332671232987195
711.0 0.003945428397855721
712.0 0.0035581855627242476
713.0 0.0024974702682811767
714.0 0.0014367549738381058
715.0 0.0021926196495769545
716.0 0.0029484845072147436
717.0 0.0025622859538998455
718.0 0.0021760870367870666
719.0 0.0017186885088449344
720.0 0.0012612897990038618
721.0 0.0011846812412841246
722.0 0.001108072592614917
723.0 0.0009598100405128207
724.0 0.0008115473974612541
725.0 0.00124635062093148
726.0 0.001681153844401706
727.0 0.0017273272533202544
728.0 0.0017735004803398624
729.0 0.0018245707906316966
730.0 0.0018756409190245904
731.0 0.0014066197763895616
732.0 0.0009375988156534731
733.0 0.0009726183634484187
734.0 0.0010076377293444239
735.0 0.001065452306647785
736.0 0.001123266338254325
737.0 0.001291230000788346
738.0 0.0014591935723728966
739.0 0.001164565128419781
740.0 0.0008699367754161358
741.0 0.0010050361197500024
742.0 0.0011401353731343988
743.0 0.0015746501958346926
744.0 0.0020091645637876354
745.0 0.001316734415013343
746.0 0.0006243040843401104
747.0 0.001118014279199997
748.0 0.0016117244740598835
749.0 0.0023215694454847835
750.0 0.0030314144169096835
751.0 0.0029918130167061463
752.0 0.0029522117984015495
753.0 0.0029338401873246767
754.0 0.0029154687581467442
755.0 0.0019138718926114962
756.0 0.0009122747542278375
757.0 0.0018802918930305168
758.0 0.002848308940883726
759.0 0.0026939416784443893
760.0 0.002539574052207172
761.0 0.004310479562263936
762.0 0.006081385799916461
763.0 0.005642668838845566
764.0 0.0052039533329661936
765.0 0.0052303599659353495
766.0 0.005256768054096028
767.0 0.0045764289097860456
768.0 0.003896089401678182
769.0 0.0034139833587687463
770.0 0.002931877679657191
771.0 0.0038387977838283405
772.0 0.004745717524201609
773.0 0.0039514914533356205
774.0 0.003157265018671751
775.0 1.597903558601954e-10
776.0 1.597903558601954e-10
777.0 1.597903558601954e-10
778.0 0.04749945655930787
779.0 1.597903558601954e-10
780.0 1.597903558601954e-10
781.0 0.09821453131735325
782.0 0.014336574531625956
783.0 0.012866671022493392
784.0 0.14699080493301153
785.0 0.01828320528147742
786.0 0.028509902767837048
787.0 0.0709456973709166
788.0 0.08116358076222241
789.0 0.07364085176959634
790.0 0.03725331334862858
791.0 0.10633949423208833
792.0 0.08842531824484468
793.0 1.597903558601954e-10
794.0 0.0008726109626877587
795.0 0.03303099947515875
796.0 0.10195928625762463
797.0 0.17608016496524215
798.0 0.04994410555809736
799.0 0.06364102009683847
800.0 0.1993121113628149
801.0 0.33533847890794277
802.0 0.739692710340023
803.0 0.9479130618274212
804.0 1.6029123216867447
805.0 2.4182504042983055
806.0 3.752298653125763
807.0 5.456208810210228
808.0 7.456318289041519
809.0 10.026326030492783
810.0 12.981262803077698
811.0 16.223210096359253
812.0 19.304259121418
813.0 22.36037403345108
814.0 25.328415632247925
815.0 29.17257249355316
816.0 33.93362760543823
817.0 39.28835093975067
818.0 45.29883563518524
819.0 50.90842247009277
820.0 58.481013774871826
821.0 66.49997234344482
822.0 72.56537675857544
823.0 78.414785861969
824.0 83.78719091415405
825.0 88.50170373916626
826.0 92.10264086723328
827.0 95.19384503364563
828.0 97.94639945030212
829.0 98.54391813278198
830.0 98.51634502410889
831.0 98.91412854194641
832.0 98.86476397514343
833.0 99.77708458900452
834.0 98.57196807861328
835.0 99.49126243591309
836.0 99.28404092788696
837.0 99.09026622772217
838.0 98.505038022995
839.0 98.33425879478455
840.0 98.93475770950317
841.0 99.28213357925415
842.0 99.75544214248657
843.0 99.84517693519592
844.0 98.61011505126953
845.0 98.77299070358276
846.0 98.86860251426697
847.0 98.8405704498291
848.0 99.83482956886292
849.0 98.8243579864502
850.0 98.18613529205322
851.0 99.56820607185364
852.0 99.60647821426392
853.0 99.07176494598389
854.0 99.73280429840088
855.0 98.3020544052124
856.0 99.18680191040039
857.0 97.9732871055603
858.0 98.7366259098053
859.0 99.31204915046692
860.0 98.40532541275024
861.0 99.03791546821594
862.0 99.03169870376587
863.0 98.38591814041138
864.0 99.494069814682
865.0 99.93249177932739
866.0 99.08003807067871
867.0 99.36879277229309
868.0 99.60506558418274
869.0 99.04782772064209
870.0 98.3532965183258
871.0 99.17401671409607
872.0 99.30042624473572
873.0 98.9469826221466
874.0 99.87587928771973
875.0 98.8825798034668
876.0 99.15241599082947
877.0 99.4006872177124
878.0 99.37071800231934
879.0 98.82075786590576
880.0 98.59973192214966
881.0 100.17592906951904
882.0 98.64757061004639
883.0 99.1323709487915
884.0 99.25500750541687
885.0 99.01214838027954
886.0 98.63405227661133
887.0 98.75028729438782
888.0 99.22690391540527
889.0 99.53946471214294
890.0 98.42121005058289
891.0 99.5948314666748
892.0 99.04592633247375
893.0 98.79326820373535
894.0 98.3230471611023
895.0 99.54308867454529
