lsstCam/transmission_filter_detector/r14_s20/i_39/19700101T000000.ecsv
# %ECSV 1.0
# ---
# datatype:
# - {name: wavelength, unit: nm, datatype: float32}
# - {name: efficiency, unit: '%', datatype: float64}
# meta: !!omap
# - {MODE: DETECTOR}
# - {TYPE: transmission_filter_detector}
# - {CALIBDATE: '1970-01-01T00:00:00'}
# - {INSTRUME: LSSTCam}
# - {OBSTYPE: transmission_filter_detector}
# - {CALIBCLS: lsst.ip.isr.IntermediateFilterDetectorTransmissionCurve}
# - {SOURCE: Materion (DM-46256)}
# - {DETECTOR: 69}
# - {FILTER: i_39}
# - {CALIB_ID: 'calibDate=1970-01-01T00:00:00 filter=i_39 detector=69'}
# - {DATE: '2025-04-02T15:59:46.798655'}
# - {CALIB_CREATION_DATE: '2025-04-02'}
# - {CALIB_CREATION_TIME: '15:59:46'}
# - __serialized_columns__:
#     efficiency:
#       __class__: astropy.units.quantity.Quantity
#       unit: !astropy.units.Unit {unit: '%'}
#       value: !astropy.table.SerializedColumn {name: efficiency}
#     wavelength:
#       __class__: astropy.units.quantity.Quantity
#       unit: !astropy.units.Unit {unit: nm}
#       value: !astropy.table.SerializedColumn {name: wavelength}
# schema: astropy-2.0
wavelength efficiency
[from data line 597]
897.0 1.6175210042906896e-10
898.0 1.6175210042906896e-10
899.0 1.6175210042906896e-10
900.0 1.6175210042906896e-10
901.0 1.6175210042906896e-10
902.0 1.6175210042906896e-10
903.0 1.6175210042906896e-10
904.0 1.6175210042906896e-10
905.0 1.6175210042906896e-10
906.0 1.6175210042906896e-10
907.0 3.2120686910275253e-05
908.0 0.00019059541500610067
909.0 1.6175210042906896e-10
910.0 1.6175210042906896e-10
911.0 1.6175210042906896e-10
912.0 8.157570619005128e-05
913.0 6.237970637812396e-05
914.0 4.318372077705135e-05
915.0 1.6175210042906896e-10
916.0 1.6175210042906896e-10
917.0 1.6175210042906896e-10
918.0 1.6175210042906896e-10
919.0 1.6175210042906896e-10
920.0 0.0001447767658646626
921.0 5.704629302272224e-05
922.0 1.6175210042906896e-10
923.0 1.6175210042906896e-10
924.0 1.6175210042906896e-10
925.0 1.02681582347941e-05
926.0 0.00025580061446817126
927.0 1.2039750174608344e-05
928.0 1.6175210042906896e-10
929.0 1.6175210042906896e-10
930.0 0.00016933270217123209
931.0 0.00018285115856997436
932.0 0.0001963695922313491
933.0 0.00013215820899858954
934.0 6.794684281885566e-05
935.0 1.6175210042906896e-10
936.0 1.6175210042906896e-10
937.0 1.6175210042906896e-10
938.0 1.6175210042906896e-10
939.0 1.6175210042906896e-10
940.0 1.6175210042906896e-10
941.0 1.6175210042906896e-10
942.0 1.6175210042906896e-10
943.0 1.6175210042906896e-10
944.0 1.6175210042906896e-10
945.0 1.6175210042906896e-10
946.0 3.801880268383684e-05
947.0 1.6175210042906896e-10
948.0 1.6175210042906896e-10
949.0 1.6175210042906896e-10
950.0 1.6175210042906896e-10
951.0 1.6175210042906896e-10
952.0 1.6175210042906896e-10
953.0 1.6175210042906896e-10
954.0 1.6175210042906896e-10
955.0 0.00015551815977232764
956.0 0.00035154714623786276
957.0 0.00022589981654164148
958.0 0.00010025245273936889
959.0 9.620110859032138e-05
960.0 9.214980423166708e-05
961.0 6.939390004845336e-05
962.0 4.663801007609436e-05
963.0 1.6175210042906896e-10
964.0 1.6175210042906896e-10
965.0 1.6175210042906896e-10
966.0 1.6175210042906896e-10
967.0 1.6175210042906896e-10
968.0 1.6175210042906896e-10
969.0 1.6175210042906896e-10
970.0 1.8782998267852236e-06
971.0 1.6175210042906896e-10
972.0 1.6175210042906896e-10
973.0 1.6175210042906896e-10
974.0 1.6175210042906896e-10
975.0 3.782554074405198e-05
976.0 8.495093197780079e-05
977.0 1.6175210042906896e-10
978.0 1.6175210042906896e-10
979.0 1.6175210042906896e-10
980.0 1.6175210042906896e-10
981.0 1.6175210042906896e-10
982.0 1.6175210042906896e-10
983.0 1.6175210042906896e-10
984.0 1.6175210042906896e-10
985.0 3.8097707033557526e-05
986.0 0.00024648593353049364
987.0 1.6175210042906896e-10
988.0 1.6175210042906896e-10
989.0 1.6175210042906896e-10
990.0 1.6175210042906896e-10
991.0 1.6175210042906896e-10
992.0 1.6175210042906896e-10
993.0 1.6175210042906896e-10
994.0 9.601037618267583e-05
995.0 1.6175210042906896e-10
996.0 1.6175210042906896e-10
997.0 6.414118729480833e-05
998.0 0.000331613227899652
999.0 0.0003395311523490818
1000.0 0.0003474490313237766
1001.0 0.00012177746384622878
1002.0 1.6175210042906896e-10
1003.0 1.6175210042906896e-10
1004.0 2.5599925379538035e-05
1005.0 1.6175210042906896e-10
1006.0 1.6175210042906896e-10
1007.0 6.820245630478894e-05
1008.0 0.00023018649244477274
1009.0 0.00016797855550976237
1010.0 0.00010577050488791429
1011.0 0.00017341594684694428
1012.0 0.00024106134333123919
1013.0 0.0003163471546940855
1014.0 0.00039163301153166685
1015.0 0.00031948109153745463
1016.0 0.00024732919428060995
1017.0 0.0003712465058924863
1018.0 0.0004951639311912004
1019.0 0.00036661606372945243
1020.0 0.0002380681507929694
1021.0 0.0002413695483483025
1022.0 0.00024467092316626804
1023.0 0.0005632104148389772
1024.0 0.0008817499292490538
1025.0 0.0006993147053435678
1026.0 0.0005168794814380817
1027.0 0.00046245304474723525
1028.0 0.0004080265625816537
1029.0 0.0008467483894492034
1030.0 0.0012854702617914882
1031.0 0.0017798724002204835
1032.0 0.0022742742658010684
1033.0 0.0024112283426802605
1034.0 0.002548181510064751
1035.0 0.003154470323352143
1036.0 0.003760758409043774
1037.0 0.003769406976061873
1038.0 0.003778054815484211
1039.0 0.003134406142635271
1040.0 0.0024907576516852714
1041.0 0.0020842126104980707
1042.0 0.0016776672055129893
1043.0 0.0025026462026289664
1044.0 0.003327625017846003
1045.0 0.0035526427382137626
1046.0 0.003777660822379403
1047.0 0.0033583040931262076
1048.0 0.002938947727670893
1049.0 0.002621225212351419
1050.0 0.0023035028789308853
1051.0 0.002304974441358354
1052.0 0.0023064463675837032
1053.0 0.0015786697986186482
1054.0 0.0008508935025020037
1055.0 0.0008278838322439697
1056.0 0.0008048739800869953
1057.0 0.0008456307114101946
1058.0 0.0008863876246323343
1059.0 0.000862488286657026
1060.0 0.0008385894034290686
1061.0 0.0016790007066447288
1062.0 0.0025194116460625082
1063.0 0.00282570872514043
1064.0 0.003132005804218352
1065.0 0.0032999658287735656
1066.0 0.00346792621712666
1067.0 0.004251217615092173
1068.0 0.005034508649259806
1069.0 0.004100594378542155
1070.0 0.0031666801078245044
1071.0 0.0029951366741443053
1072.0 0.0028235928766662255
1073.0 0.0029922159228590317
1074.0 0.003160838605253957
1075.0 0.0032677267881808802
1076.0 0.0033746146073099226
1077.0 0.002687948835955467
1078.0 0.002001282700803131
1079.0 0.002117730582540389
1080.0 0.0022341784642776474
1081.0 0.0014891532373439986
1082.0 0.0007441279194608796
1083.0 0.0005245630745775998
1084.0 0.000304998025058012
1085.0 0.0008394546057388652
1086.0 0.0013739116184297018
1087.0 0.0010417478733870666
1088.0 0.0007095843102433719
1089.0 1.6175210042906896e-10
1090.0 1.6175210042906896e-10
1091.0 1.6175210042906896e-10
1092.0 1.6175210042906896e-10
1093.0 1.6175210042906896e-10
1094.0 0.0002517342181818094
1095.0 0.00014320697800940252
1096.0 3.467979468041449e-05
1097.0 1.6175210042906896e-10
1098.0 1.6175210042906896e-10
1099.0 1.6175210042906896e-10
1100.0 1.6175210042906896e-10
