lsstCam/transmission_filter_detector/r14_s20/i_39/19700101T000000.ecsv
# %ECSV 1.0
# ---
# datatype:
# - {name: wavelength, unit: nm, datatype: float32}
# - {name: efficiency, unit: '%', datatype: float64}
# meta: !!omap
# - {MODE: DETECTOR}
# - {TYPE: transmission_filter_detector}
# - {CALIBDATE: '1970-01-01T00:00:00'}
# - {INSTRUME: LSSTCam}
# - {OBSTYPE: transmission_filter_detector}
# - {CALIBCLS: lsst.ip.isr.IntermediateFilterDetectorTransmissionCurve}
# - {SOURCE: Materion (DM-46256)}
# - {DETECTOR: 69}
# - {FILTER: i_39}
# - {CALIB_ID: 'calibDate=1970-01-01T00:00:00 filter=i_39 detector=69'}
# - {DATE: '2025-04-02T15:59:46.798655'}
# - {CALIB_CREATION_DATE: '2025-04-02'}
# - {CALIB_CREATION_TIME: '15:59:46'}
# - __serialized_columns__:
#     efficiency:
#       __class__: astropy.units.quantity.Quantity
#       unit: !astropy.units.Unit {unit: '%'}
#       value: !astropy.table.SerializedColumn {name: efficiency}
#     wavelength:
#       __class__: astropy.units.quantity.Quantity
#       unit: !astropy.units.Unit {unit: nm}
#       value: !astropy.table.SerializedColumn {name: wavelength}
# schema: astropy-2.0
wavelength efficiency
300.0 0.08440564852207899
301.0 0.04199874820187688
302.0 1.6175210042906896e-10
303.0 0.01824177015805617
304.0 0.036891663330607116
305.0 0.03003036545123905
306.0 0.023169069027062505
307.0 0.00346091874234844
308.0 1.6175210042906896e-10
309.0 1.6175210042906896e-10
310.0 1.6175210042906896e-10
311.0 1.6175210042906896e-10
312.0 0.007220653787953779
313.0 0.003197018668288365
314.0 1.6175210042906896e-10
315.0 1.6175210042906896e-10
316.0 1.6175210042906896e-10
317.0 1.6175210042906896e-10
318.0 1.6175210042906896e-10
319.0 1.6175210042906896e-10
320.0 1.6175210042906896e-10
321.0 1.6175210042906896e-10
322.0 1.6175210042906896e-10
323.0 1.6175210042906896e-10
324.0 1.6175210042906896e-10
325.0 1.6175210042906896e-10
326.0 1.6175210042906896e-10
327.0 1.6175210042906896e-10
328.0 0.0035556313378037885
329.0 0.0023139506083680317
330.0 0.0010722697879828047
331.0 0.0005435109414975159
332.0 1.4752355070868362e-05
333.0 0.00042663677959353663
334.0 0.0008385210094274953
335.0 1.6175210042906896e-10
336.0 1.6175210042906896e-10
337.0 0.0003636642077253782
338.0 0.0021981551981298253
339.0 0.003064878546865657
340.0 0.00393160262319725
341.0 6.734012458764482e-05
342.0 1.6175210042906896e-10
343.0 1.6175210042906896e-10
344.0 1.6175210042906896e-10
345.0 1.6175210042906896e-10
346.0 1.6175210042906896e-10
347.0 1.6175210042906896e-10
348.0 1.6175210042906896e-10
349.0 1.6175210042906896e-10
350.0 1.6175210042906896e-10
351.0 1.6175210042906896e-10
352.0 1.6175210042906896e-10
353.0 1.6175210042906896e-10
354.0 1.6175210042906896e-10
355.0 1.6175210042906896e-10
356.0 5.83462281156244e-05
357.0 0.0007578829809062881
358.0 0.0014574199667549692
359.0 0.0015555386198684573
360.0 0.0016536567272851244
361.0 0.001178724141936982
362.0 0.0007037915565888397
363.0 0.00041710882214829326
364.0 0.0001304262809753709
365.0 0.0012995511497138068
366.0 0.002468676393618807
367.0 0.0016063362636487
368.0 0.0007439960882038577
369.0 0.0009104581295105163
370.0 0.0010769203981908504
371.0 0.0008402756975556258
372.0 0.0006036311333446065
373.0 0.0008967051144281868
374.0 0.001189779050037032
375.0 0.00010560969485595706
376.0 1.6175210042906896e-10
377.0 1.6175210042906896e-10
378.0 0.0003252062015235424
379.0 0.00010425794698676327
380.0 1.6175210042906896e-10
381.0 1.6175210042906896e-10
382.0 1.6175210042906896e-10
383.0 0.0003970106718043098
384.0 0.0013228343959781341
385.0 0.0010038316759164445
386.0 0.0006848287284810795
387.0 1.6175210042906896e-10
388.0 1.6175210042906896e-10
389.0 1.6175210042906896e-10
390.0 1.6175210042906896e-10
391.0 1.6175210042906896e-10
392.0 1.6175210042906896e-10
393.0 0.0002429203277642955
394.0 0.0011362007171555888
395.0 1.6175210042906896e-10
396.0 1.6175210042906896e-10
397.0 1.6175210042906896e-10
398.0 1.6175210042906896e-10
399.0 1.6175210042906896e-10
400.0 1.6175210042906896e-10
401.0 0.0005261413662083214
402.0 0.0016283500372082926
403.0 0.002642053732415661
404.0 0.00365575760952197
405.0 0.005164777030586265
406.0 0.0066737957240547985
407.0 0.0027834565116791055
408.0 1.6175210042906896e-10
409.0 1.6175210042906896e-10
410.0 7.627699574186408e-05
411.0 0.0023530885300715454
412.0 0.004629900649888441
413.0 0.004039367559016682
414.0 0.0034488355595385656
415.0 0.004240913040121086
416.0 0.005032990156905726
417.0 0.003153247234877199
418.0 0.001273504130949732
419.0 0.0031484181818086654
420.0 0.005023332414566539
421.0 0.004728108979179524
422.0 0.0044328855437925085
423.0 0.004284206806914881
424.0 0.004135528070037253
425.0 0.003245318657718599
426.0 0.0023551081540063024
427.0 0.0033782576792873442
428.0 0.004401407568366267
429.0 0.005062986383563839
430.0 0.005724565926357172
431.0 0.004019609696115367
432.0 0.0023146541934693232
433.0 0.003268870204919949
434.0 0.004223086580168456
435.0 0.002764470082183834
436.0 0.0013058534023002721
437.0 0.0014858830581943039
438.0 0.001665912895987276
439.0 0.0020240397134330124
440.0 0.00238216707657557
441.0 0.0007663034921279177
442.0 1.6175210042906896e-10
443.0 1.6175210042906896e-10
444.0 1.6175210042906896e-10
445.0 1.6175210042906896e-10
446.0 1.6175210042906896e-10
447.0 0.00018770858787320321
448.0 0.0005609785148408264
449.0 1.6175210042906896e-10
450.0 1.6175210042906896e-10
451.0 0.00014922580930942786
452.0 0.0011413197171350475
453.0 0.001695718128758017
454.0 0.0022501169951283373
455.0 0.0020455545381992124
456.0 0.0018409922631690279
457.0 0.0012247228369233198
458.0 0.000608453501627082
459.0 0.00027383184715290554
460.0 1.6175210042906896e-10
461.0 0.0003799282012550975
462.0 0.0008206461643567309
463.0 0.0003684076546051074
464.0 1.6175210042906896e-10
465.0 0.00020780109935003566
466.0 0.0004994330538465874
467.0 0.000739969300411758
468.0 0.0009805055924516637
469.0 0.0006044607289368287
470.0 0.00022841595637146384
471.0 0.000462107163912151
472.0 0.0006957983714528382
473.0 0.0009462161870033015
474.0 0.0011966342754021753
475.0 0.000623328151050373
476.0 5.002236207474198e-05
477.0 0.0007208927854662761
478.0 0.0013917631804361008
479.0 0.0014162448678689543
480.0 0.0014407265553018078
481.0 0.0026185998649452813
482.0 0.0037964713555993512
483.0 0.0051554572564782575
484.0 0.006514442793559283
485.0 0.0070084766775835305
486.0 0.0075025112892035395
487.0 0.01076696062227711
488.0 0.01403140922775492
489.0 0.01710117794573307
490.0 0.020170945208519697
491.0 0.022201918181963265
492.0 0.02423289406578988
493.0 0.025887458468787372
494.0 0.027542022871784866
495.0 0.025012731202878058
496.0 0.022483432258013636
497.0 0.0185652359505184
498.0 0.014647036732640117
499.0 0.010500998905627057
500.0 0.006354963261401281
501.0 0.004630554030882195
502.0 0.0029061451641609892
503.0 0.0024766552087385207
504.0 0.0020471648895181715
505.0 0.0019126735423924401
506.0 0.001778182377165649
507.0 0.001866574166342616
508.0 0.0019549657736206427
509.0 0.0021067415218567476
510.0 0.002258517088193912
511.0 0.0017471549654146656
512.0 0.0012357931154838298
513.0 0.0015400151823996566
514.0 0.0018442371583660133
515.0 0.0024308999854838476
516.0 0.003017562812601682
517.0 0.002409989792795386
518.0 0.0018024165910901502
519.0 0.001901349241961725
520.0 0.0020002818928333
521.0 0.0015876035831752233
522.0 0.0011749256373150274
523.0 0.0014719642422278412
524.0 0.0017690032109385356
525.0 0.002089293957396876
526.0 0.002409584521956276
527.0 0.0024261111320811324
528.0 0.0024426381060038693
529.0 0.002010420757869724
530.0 0.0015782035916345194
531.0 0.0015620948033756576
532.0 0.0015459861970157363
533.0 0.0016837424482218921
534.0 0.0018214988813269883
535.0 0.001721147600619588
536.0 0.0016207963199121878
537.0 0.002267483614559751
538.0 0.002914170727308374
539.0 0.003679287328850478
540.0 0.004444403748493642
541.0 0.005080559276393615
542.0 0.005716714804293588
543.0 0.0051818700740113854
544.0 0.004647025707527064
545.0 0.003726971408468671
546.0 0.0028069176551070996
547.0 0.0022732165234629065
548.0 0.0017395155737176538
549.0 0.0017793425286072306
550.0 0.0018191694834968075
551.0 0.001597314803802874
552.0 0.0013754602150584105
553.0 0.001432024328096304
554.0 0.0014885882592352573
555.0 0.0011461880603746977
556.0 0.0008037877705646679
557.0 0.0007185145932453452
558.0 0.0006332414614007575
559.0 0.00024096329980238806
560.0 1.6175210042906896e-10
561.0 0.0006694070634694071
562.0 0.0014901290342095308
563.0 0.0016054435036494397
564.0 0.0017207581549882889
565.0 0.0013828334886056837
566.0 0.0010449089131725486
567.0 0.0008345060450665187
568.0 0.0006241029950615484
569.0 0.0007286166692210827
570.0 0.0008331299795827363
571.0 0.0004919943876302568
572.0 0.00015085884115251247
573.0 0.0002888690687541384
574.0 0.00042687938730523456
575.0 0.00037842853544134414
576.0 0.00032997759262798354
577.0 0.0004898087354376912
578.0 0.000649639923722134
579.0 0.0003281242925368133
580.0 6.60866774637725e-06
581.0 0.00018802182921717758
582.0 0.00036943495160812745
583.0 0.00048228221203316934
584.0 0.0005951293587713735
585.0 0.0007374390861514257
586.0 0.0008797489499556832
587.0 0.000807593187346356
588.0 0.0007354373337875586
589.0 0.0006397507149813464
590.0 0.0005440640507003991
591.0 0.0006934288649063092
592.0 0.0008427939064858947
593.0 0.0005351940671971533
594.0 0.00022759415969630936
595.0 0.0005513163159776013
596.0 0.0008750384040467907
597.0 0.00072795096457412
598.0 0.0005808635705761844
599.0 0.0005131611942488234
600.0 0.0004454586814972572
601.0 0.0003968576947954716
602.0 0.0003482566853563185
603.0 0.00029820641884725774
604.0 0.0002481559931766242
605.0 0.00023235638764163014
606.0 0.0002165567821066361
607.0 0.00044680223254545126
608.0 0.0006770475465600612
609.0 0.000567825190955773
610.0 0.0004586026079778094
611.0 0.0006640025276283268
612.0 0.0008694025382283144
613.0 0.0005238038284005597
614.0 0.00017820520952227525
615.0 1.6175210042906896e-10
616.0 1.6175210042906896e-10
617.0 1.6175210042906896e-10
618.0 0.00011013075891241897
619.0 0.00023023064841254381
620.0 0.0003503306061247713
621.0 0.0005316574970493093
622.0 0.0007129843197617447
623.0 0.0005796131517854519
624.0 0.0004462420292838942
625.0 0.0004808519861398963
626.0 0.0005154619429958984
627.0 0.00035211162412451813
628.0 0.00018876127114708652
629.0 0.0003980405381298624
630.0 0.0006073199074307922
631.0 0.0005050110303272959
632.0 0.00040270215322379954
633.0 0.0004182434622634901
634.0 0.0004337847713031806
635.0 0.0004822859409614466
636.0 0.0005307870196702424
637.0 0.0004896020072919782
638.0 0.00044841676754003856
639.0 0.0006694474450341659
640.0 0.0008904779861040879
641.0 0.0006367263722495409
642.0 0.00038297471292025875
643.0 0.0006055402991478331
644.0 0.0008281058399006724
645.0 0.0007750765689706896
646.0 0.0007220472980407067
647.0 0.0008273364983324427
648.0 0.0009326261533715297
649.0 0.0008096693818515632
650.0 0.0006867125193821266
651.0 0.0008294769941130653
652.0 0.0009722415597934742
653.0 0.0011548077964107506
654.0 0.0013373739420785569
655.0 0.0018673223166842945
656.0 0.0023972705093910918
657.0 0.0034598539059516042
658.0 0.004522435847320594
659.0 0.0071574715548194945
660.0 0.07624240824952722
661.0 0.1354455016553402
662.0 0.08892127661965787
663.0 0.11329211993142962
664.0 0.10329346405342221
665.0 0.12896405532956123
666.0 0.1465990557335317
667.0 0.14760142657905817
668.0 0.19234501523897052
669.0 0.28582762461155653
670.0 0.3663190174847841
671.0 0.5655593238770962
672.0 0.8619880303740501
673.0 1.427269447594881
674.0 2.117609791457653
675.0 3.002825751900673
676.0 4.0548402816057205
677.0 5.411416664719582
678.0 6.739246845245361
679.0 8.166076987981796
680.0 10.11148914694786
681.0 12.139272689819336
682.0 14.687316119670868
683.0 17.469704151153564
684.0 20.44314444065094
685.0 23.35190176963806
686.0 26.340073347091675
687.0 29.548224806785583
688.0 32.80445635318756
689.0 36.128124594688416
690.0 40.05188047885895
691.0 44.17451024055481
692.0 49.26423728466034
693.0 54.46954965591431
694.0 60.40579080581665
695.0 66.07301831245422
696.0 72.34078645706177
697.0 77.91903018951416
698.0 83.81261229515076
699.0 88.27686309814453
700.0 91.6094720363617
701.0 94.28092241287231
702.0 96.03040814399719
703.0 96.9285249710083
704.0 97.39348888397217
705.0 97.78034090995789
706.0 97.79154062271118
707.0 97.88872599601746
708.0 97.94977307319641
709.0 98.01528453826904
710.0 97.83204793930054
711.0 97.98789024353027
712.0 97.88687825202942
713.0 97.93476462364197
714.0 98.042231798172
715.0 98.16030859947205
716.0 97.90743589401245
717.0 98.15027713775635
718.0 98.24886322021484
719.0 98.14103245735168
720.0 98.41218590736389
721.0 98.37580919265747
722.0 98.01424145698547
723.0 97.82112836837769
724.0 97.50964045524597
725.0 97.2281277179718
726.0 96.97455167770386
727.0 96.69566750526428
728.0 96.40040397644043
729.0 96.25691771507263
730.0 96.273273229599
731.0 96.32715582847595
732.0 96.34103775024414
733.0 96.61262631416321
734.0 96.9571590423584
735.0 97.0820426940918
736.0 97.54016399383545
737.0 97.96718955039978
738.0 98.18647503852844
739.0 98.56011867523193
740.0 98.65379333496094
741.0 98.54849576950073
742.0 98.86658787727356
743.0 98.70743751525879
744.0 98.56458902359009
745.0 98.54137897491455
746.0 98.45175743103027
747.0 98.67528676986694
748.0 98.58018755912781
749.0 98.48881363868713
750.0 98.52107167243958
751.0 98.40622544288635
752.0 98.32950234413147
753.0 98.5388696193695
754.0 98.41103553771973
755.0 98.53928089141846
756.0 98.62434267997742
757.0 98.59716296195984
758.0 98.7941324710846
759.0 98.83114099502563
760.0 98.64028096199036
761.0 98.61094951629639
762.0 98.67266416549683
763.0 98.60374927520752
764.0 98.62860441207886
765.0 98.46521019935608
766.0 98.49966764450073
767.0 98.29667210578918
768.0 98.32699298858643
769.0 98.34373593330383
770.0 98.09462428092957
771.0 98.18233251571655
772.0 98.13388586044312
773.0 98.05002808570862
774.0 97.83165454864502
775.0 97.89990782737732
776.0 97.74950742721558
777.0 97.84138202667236
778.0 97.91014790534973
779.0 97.93772101402283
780.0 97.9185938835144
781.0 98.28171133995056
782.0 98.09417128562927
783.0 98.19820523262024
784.0 98.19926023483276
785.0 98.33798408508301
786.0 98.4968364238739
787.0 98.2521116733551
788.0 98.28999042510986
789.0 98.43299388885498
790.0 98.34669232368469
791.0 98.29850792884827
792.0 98.22577238082886
793.0 98.10141921043396
794.0 98.08109998703003
795.0 97.95563817024231
796.0 97.94796109199524
797.0 98.0568528175354
798.0 97.95578718185425
799.0 97.8159248828888
800.0 97.56577014923096
801.0 97.63690829277039
802.0 97.51381278038025
803.0 97.29892015457153
804.0 97.03932404518127
805.0 96.59397602081299
806.0 96.18443846702576
807.0 95.3291118144989
808.0 94.19425129890442
809.0 92.96417832374573
810.0 91.48570895195007
811.0 89.48280215263367
812.0 87.10014224052429
813.0 84.21624898910522
814.0 80.9698224067688
815.0 77.17464566230774
816.0 73.2789158821106
817.0 68.74034404754639
818.0 63.83006572723389
819.0 59.46962833404541
820.0 54.50569987297058
821.0 50.0891387462616
822.0 45.671120285987854
823.0 41.09933078289032
824.0 36.4815354347229
825.0 32.28543400764465
826.0 27.867025136947632
827.0 23.2717826962471
828.0 19.063889980316162
829.0 14.99643623828888
830.0 11.0102578997612
831.0 8.023979514837265
832.0 5.270934477448463
833.0 3.3472713083028793
834.0 2.010543830692768
835.0 1.1647898703813553
836.0 0.6629739422351122
837.0 0.4147071857005358
838.0 0.2189522609114647
839.0 0.11705580400303006
840.0 0.04804075870197266
841.0 0.04287664487492293
842.0 0.005743681685999036
843.0 0.005960337512078695
844.0 1.6175210042906896e-10
845.0 1.6175210042906896e-10
846.0 1.6175210042906896e-10
847.0 1.6175210042906896e-10
848.0 0.004649356196750887
849.0 0.005965672607999295
850.0 0.007471934804925695
851.0 1.6175210042906896e-10
852.0 0.0007258170171553502
853.0 0.0009395951565238647
854.0 0.0011533736142155249
855.0 0.0012209490705572534
856.0 0.0012885246178484522
857.0 0.0010890622434089892
858.0 0.0008895995051716454
859.0 0.0004903484295937233
860.0 9.109728011935658e-05
861.0 0.00017181596376758534
862.0 0.0002525345280446345
863.0 0.00016639146451780107
864.0 8.024848057175404e-05
865.0 6.86075850353518e-05
866.0 5.696665539289825e-05
867.0 5.0741260793074616e-05
868.0 4.451583208719967e-05
869.0 1.6175210042906896e-10
870.0 1.6175210042906896e-10
871.0 1.6175210042906896e-10
872.0 0.00024296189167216653
873.0 0.0002586422397143906
874.0 0.0002743225650192471
875.0 0.00020051463707204675
876.0 0.00012670675459958147
877.0 1.6175210042906896e-10
878.0 1.6175210042906896e-10
879.0 3.772700196691403e-06
880.0 0.00048124124987225514
881.0 0.00020771508388861548
882.0 1.6175210042906896e-10
883.0 8.715335297893034e-05
884.0 0.00024011776531551732
885.0 7.801036758792179e-05
886.0 1.6175210042906896e-10
887.0 8.899764907255303e-05
888.0 0.00026209233965346357
889.0 0.00011533343240444083
890.0 1.6175210042906896e-10
891.0 0.00010800080190165318
892.0 0.0002474270559105207
893.0 0.00027383327960706083
894.0 0.00030023950330360094
895.0 3.7748949921478925e-05
