lsstCam/transmission_filter_detector/r24_s20/y_10/19700101T000000.ecsv
# %ECSV 1.0
# ---
# datatype:
# - {name: wavelength, unit: nm, datatype: float32}
# - {name: efficiency, unit: '%', datatype: float64}
# meta: !!omap
# - {MODE: DETECTOR}
# - {TYPE: transmission_filter_detector}
# - {CALIBDATE: '1970-01-01T00:00:00'}
# - {INSTRUME: LSSTCam}
# - {OBSTYPE: transmission_filter_detector}
# - {CALIBCLS: lsst.ip.isr.IntermediateFilterDetectorTransmissionCurve}
# - {SOURCE: Materion (DM-46256)}
# - {DETECTOR: 114}
# - {FILTER: y_10}
# - {CALIB_ID: 'calibDate=1970-01-01T00:00:00 filter=y_10 detector=114'}
# - {DATE: '2025-04-02T15:59:51.271576'}
# - {CALIB_CREATION_DATE: '2025-04-02'}
# - {CALIB_CREATION_TIME: '15:59:51'}
# - __serialized_columns__:
#     efficiency:
#       __class__: astropy.units.quantity.Quantity
#       unit: !astropy.units.Unit {unit: '%'}
#       value: !astropy.table.SerializedColumn {name: efficiency}
#     wavelength:
#       __class__: astropy.units.quantity.Quantity
#       unit: !astropy.units.Unit {unit: nm}
#       value: !astropy.table.SerializedColumn {name: wavelength}
# schema: astropy-2.0
wavelength efficiency
300.0 0.04513681051321328
301.0 0.03148275427520275
302.0 0.017828696582000703
303.0 0.01621079136384651
304.0 0.014592884690500796
305.0 0.012350227916613221
306.0 0.010107566777151078
307.0 0.010135842603631318
308.0 0.010164117702515796
309.0 0.009486663475399837
310.0 0.0088092107034754
311.0 0.00706834252923727
312.0 0.005327474718797021
313.0 0.0032850366551429033
314.0 0.0012425987733877264
315.0 0.0016690835764165968
316.0 0.002095568743243348
317.0 0.002572755875007715
318.0 0.003049941369681619
319.0 0.003125248258584179
320.0 0.0032005544198909774
321.0 0.002847972973540891
322.0 0.0024953915271908045
323.0 0.004078120400663465
324.0 0.005660848910338245
325.0 0.003504939013510011
326.0 0.0013490293895301875
327.0 0.001602830525371246
328.0 0.0018566312064649537
329.0 0.002082168430206366
330.0 0.0023077054720488377
331.0 0.0017908279914990999
332.0 0.0012739507837977726
333.0 0.0023337015591096133
334.0 0.003393452425370924
335.0 0.003608985571190715
336.0 0.003824517989414744
337.0 0.0030732375307707116
338.0 0.002321957072126679
339.0 0.0018474547687219456
340.0 0.0013729523743677419
341.0 0.0013130616935086437
342.0 0.001253170739801135
343.0 0.0013916562238591723
344.0 0.0015301415260182694
345.0 0.0014972572898841463
346.0 0.001464372962800553
347.0 0.001431978125765454
348.0 0.0013995830158819444
349.0 0.0010148568435397465
350.0 0.000630130398349138
351.0 0.001214175335917389
352.0 0.0017982205463340506
353.0 0.0016468002286273986
354.0 0.0014953801837691572
355.0 0.0016129244613694027
356.0 0.001730468648020178
357.0 0.001758949292707257
358.0 0.0017874299373943359
359.0 0.0013971613952890038
360.0 0.001006892944133142
361.0 0.000883993834577268
362.0 0.0007610945431224536
363.0 0.0008013425031094812
364.0 0.0008415904630965088
365.0 0.0011100572010036558
366.0 0.0013785241208097432
367.0 0.001623904609004967
368.0 0.0018692851881496608
369.0 0.001444615645596059
370.0 0.001019945921143517
371.0 0.0012316661013755947
372.0 0.0014433862816076726
373.0 0.0017477419532951899
374.0 0.002052097443083767
375.0 0.003078686131630093
376.0 0.004105275002075359
377.0 0.004163143603364006
378.0 0.004221012568450533
379.0 0.0037754896766273305
380.0 0.003329967148602009
381.0 0.002521513852116186
382.0 0.0017130605556303635
383.0 0.0014085288967180531
384.0 0.0011039971468562726
385.0 0.0008668073860462755
386.0 0.0006296176252362784
387.0 0.0007241757884912658
388.0 0.0008187339517462533
389.0 0.0007720616849837825
390.0 0.0007253894182213116
391.0 0.0006572663551196456
392.0 0.0005891432010685094
393.0 0.0006786128778912826
394.0 0.0007680824637645856
395.0 0.0006902120276208734
396.0 0.000612341455052956
397.0 0.0008118532605294604
398.0 0.0010113650205312297
399.0 0.0010766319974209182
400.0 0.0011418989743106067
401.0 0.001330109535047086
402.0 0.0015183201867330354
403.0 0.0017043244952219538
404.0 0.0018903287127614021
405.0 0.001876661008282099
406.0 0.0018629933038027957
407.0 0.0016956431863945909
408.0 0.0015282928870874457
409.0 0.0012829053048335481
410.0 0.0010375177225796506
411.0 0.0013318286619323771
412.0 0.0016261396012851037
413.0 0.000950106459640665
414.0 0.0002740732952588587
415.0 0.00031778099582879804
416.0 0.0003614886509240023
417.0 0.0002731700305957929
418.0 0.00018485156942915637
419.0 1.6111361376969224e-10
420.0 1.6111361376969224e-10
421.0 6.016848601575475e-05
422.0 0.0003467853275651578
423.0 0.0009274495823774487
424.0 0.0015081139281392097
425.0 0.0001586994244462403
426.0 1.6111361376969224e-10
427.0 1.6111361376969224e-10
428.0 0.0005605437308986438
429.0 1.6111361376969224e-10
430.0 1.6111361376969224e-10
431.0 1.6111361376969224e-10
432.0 0.0004569159955281066
433.0 1.6111361376969224e-10
434.0 1.6111361376969224e-10
435.0 1.6111361376969224e-10
436.0 0.0004974878720531706
437.0 4.377120603749063e-05
438.0 1.6111361376969224e-10
439.0 1.6111361376969224e-10
440.0 8.105726578833128e-05
441.0 1.6111361376969224e-10
442.0 1.6111361376969224e-10
443.0 1.6111361376969224e-10
444.0 1.6111361376969224e-10
445.0 1.6111361376969224e-10
446.0 0.0003476430492810323
447.0 0.0005243580744718201
448.0 0.0007010732133494457
449.0 6.676644375147589e-05
450.0 1.6111361376969224e-10
451.0 1.6111361376969224e-10
452.0 0.00013371999330047402
453.0 1.6111361376969224e-10
454.0 1.6111361376969224e-10
455.0 9.439687573831179e-05
456.0 0.0004399637873575557
457.0 8.800204795988975e-05
458.0 1.6111361376969224e-10
459.0 1.6111361376969224e-10
460.0 1.6111361376969224e-10
461.0 0.0001687603912614577
462.0 0.0005522602350538364
463.0 0.0007486200502171414
464.0 0.0009449799108551815
465.0 0.0007766551789245568
466.0 0.0006083305379434023
467.0 0.0009658472663431894
468.0 0.0013233639037935063
469.0 0.001591775617271196
470.0 0.0018601875126478262
471.0 0.0021772995751234703
472.0 0.002494411455700174
473.0 0.002486496123310644
474.0 0.0024785804271232337
475.0 0.0028003394618281163
476.0 0.003122098496532999
477.0 0.002950490488728974
478.0 0.0027788826628238894
479.0 0.0032074131013359874
480.0 0.0036359440855449066
481.0 0.003922363976016641
482.0 0.004208783866488375
483.0 0.004014240766991861
484.0 0.0038196976674953476
485.0 0.003535043288138695
486.0 0.0032503889087820426
487.0 0.0030159868401824497
488.0 0.0027815851353807375
489.0 0.002473047425155528
490.0 0.002164509533031378
491.0 0.0017213018509210087
492.0 0.0012780946235579904
493.0 0.0014176490367390215
494.0 0.0015572033589705825
495.0 0.00163964468811173
496.0 0.0017220854715560563
497.0 0.0018405527953291312
498.0 0.001959020119102206
499.0 0.002203845724579878
500.0 0.0024486715119564906
501.0 0.002923774991359096
502.0 0.0033988784707617015
503.0 0.0032273321266984567
504.0 0.003055785782635212
505.0 0.002772452535282355
506.0 0.002489118924131617
507.0 0.0022263749997364357
508.0 0.0019636310753412545
509.0 0.0018695742255658843
510.0 0.0017755171938915737
511.0 0.001708807576505933
512.0 0.0016420977772213519
513.0 0.0020642757590394467
514.0 0.002486453558958601
515.0 0.0018741668100119568
516.0 0.001261879788216902
517.0 0.0013566020243160892
518.0 0.001451324533263687
519.0 0.001306234480580315
520.0 0.0011611446097958833
521.0 0.0015733447071397677
522.0 0.0019855444406857714
523.0 0.0020014529582113028
524.0 0.0020173612938378938
525.0 0.0022043681383365765
526.0 0.0023913749828352593
527.0 0.0023302403860725462
528.0 0.002269106153107714
529.0 0.002107699947373476
530.0 0.0019462941054371186
531.0 0.001952708771568723
532.0 0.0019591234377003275
533.0 0.0019187616999261081
534.0 0.0018783997802529484
535.0 0.0016886300727492198
536.0 0.0014988599104981404
537.0 0.002074710573651828
538.0 0.0026505613277549855
539.0 0.0030619285098509863
540.0 0.003473296237643808
541.0 0.003639398710220121
542.0 0.003805500818998553
543.0 0.004212456042296253
544.0 0.004619411265593953
545.0 0.00497880027978681
546.0 0.005338189293979667
547.0 0.00464326876681298
548.0 0.003948348603444174
549.0 0.003072787876590155
550.0 0.002197227513534017
551.0 0.0024094404579955153
552.0 0.0026216534024570137
553.0 0.0028685550205409527
554.0 0.0031154566386248916
555.0 0.0035714874684344977
556.0 0.004027518298244104
557.0 0.003894374458468519
558.0 0.003761230254895054
559.0 0.003682828537421301
560.0 0.003604426819947548
561.0 0.003684513285406865
562.0 0.0037645993870683014
563.0 0.0036351197195472196
564.0 0.0035056404158240184
565.0 0.0036951314541511238
566.0 0.00388462285627611
567.0 0.003997854219051078
568.0 0.004111085945623927
569.0 0.004847952368436381
570.0 0.005584818791248836
571.0 0.005975990279694088
572.0 0.006367162131937221
573.0 0.006692676106467843
574.0 0.007018190808594227
575.0 0.006742515688529238
576.0 0.006466839840868488
577.0 0.006101221151766367
578.0 0.0057356024626642466
579.0 0.006020158980390988
580.0 0.00630471549811773
581.0 0.00713555418769829
582.0 0.00796639287727885
583.0 0.008614129910711199
584.0 0.009261869126930833
585.0 0.00940610552788712
586.0 0.00955034265643917
587.0 0.010102220403496176
588.0 0.010654098878148943
589.0 0.010844418284250423
590.0 0.011034739145543426
591.0 0.010244101576972753
592.0 0.00945346400840208
593.0 0.0080023892223835
594.0 0.0065513137087691575
595.0 0.006078161095501855
596.0 0.005605009209830314
597.0 0.0060207341448403895
598.0 0.006436458352254704
599.0 0.007206450391095132
600.0 0.007976441702339798
601.0 0.008871934551279992
602.0 0.009767427400220186
603.0 0.010173508053412661
604.0 0.010579591616988182
605.0 0.010819414455909282
606.0 0.011059235112043098
607.0 0.009667746780905873
608.0 0.008276259177364409
609.0 0.006617652979912236
610.0 0.004959046782460064
611.0 0.004235876622260548
612.0 0.0035127068258589134
613.0 0.003786414526985027
614.0 0.00406012222811114
615.0 0.004716818148153834
616.0 0.005373513340600766
617.0 0.006765669240849093
618.0 0.008157821866916493
619.0 0.00933861592784524
620.0 0.010519409988773987
621.0 0.011080876720370725
622.0 0.011642343451967463
623.0 0.011987848847638816
624.0 0.012333353515714407
625.0 0.010851720435312018
626.0 0.009370088810101151
627.0 0.007731620280537754
628.0 0.00609315320616588
629.0 0.0048391619202448055
630.0 0.0035851709981216118
631.0 0.0030173458071658388
632.0 0.0024495209800079465
633.0 0.0026397156034363434
634.0 0.0028299102268647403
635.0 0.0031692219636170194
636.0 0.0035085333365714177
637.0 0.0037587549741147086
638.0 0.00400897697545588
639.0 0.0042795527406269684
640.0 0.004550128505798057
641.0 0.00503129958815407
642.0 0.0055124706705100834
643.0 0.005745226735598408
644.0 0.005977982436888851
645.0 0.005541551217902452
646.0 0.005105119635118172
647.0 0.004184661156614311
648.0 0.003264203405706212
649.0 0.002530507481424138
650.0 0.0017968117390410043
651.0 0.0017113619833253324
652.0 0.0016259120457107201
653.0 0.0014316843589767814
654.0 0.0012374566722428426
655.0 0.0012178366887383163
656.0 0.0011982165233348496
657.0 0.0012747741493512876
658.0 0.001351331957266666
659.0 0.001684069138718769
660.0 0.002016806320170872
661.0 0.0019722467186511494
662.0 0.0019276874809293076
663.0 0.0020000401491415687
664.0 0.00207239299925277
665.0 0.0026990259357262403
666.0 0.003325659054098651
667.0 0.004083889871253632
668.0 0.004842119960812852
669.0 0.005322622382664122
670.0 0.0058031237131217495
671.0 0.006486602796940133
672.0 0.007170081516960636
673.0 0.007547593850176781
674.0 0.007925105455797166
675.0 0.007914585148682818
676.0 0.007904064113972709
677.0 0.006345332803903148
678.0 0.004786600038642064
679.0 0.0032297841244144365
680.0 0.0016729674825910479
681.0 0.0011695717148541007
682.0 0.0006661760835413588
683.0 0.0007297224783542333
684.0 0.0007932689186418429
685.0 0.0005723698450310621
686.0 0.00035147070320817875
687.0 0.00025756976356205996
688.0 0.00016366882391594118
689.0 0.00015793651755302562
690.0 0.0001522041998214263
691.0 0.00020584645881172037
692.0 0.00025948870643333066
693.0 0.0002976970563395298
694.0 0.00033590545172046404
695.0 0.0003153816805934184
696.0 0.00029485797767847544
697.0 0.00022806743800174445
698.0 0.000161276921062381
699.0 2.2571492763745482e-05
700.0 1.6111361376969224e-10
701.0 1.6111361376969224e-10
702.0 1.6111361376969224e-10
703.0 1.6111361376969224e-10
704.0 1.6111361376969224e-10
705.0 1.6111361376969224e-10
706.0 0.00021823109364049742
707.0 0.0003538181772455573
708.0 0.0004894052381132497
709.0 0.0006347326689137844
710.0 0.0007800602361385245
711.0 0.0005861770205228822
712.0 0.00039229385038197506
713.0 0.00018556637542133103
714.0 1.6111361376969224e-10
715.0 6.008806394675048e-05
716.0 0.00014133715922071133
717.0 0.00012358873391349334
718.0 0.00010584028586890781
719.0 0.00040434665606881026
720.0 0.0007028531854302855
721.0 0.0007588879270770121
722.0 0.0008149227141984738
723.0 0.0006194623438204871
724.0 0.00042400206439197063
725.0 9.873341468846775e-05
726.0 1.6111361376969224e-10
727.0 7.97089455772948e-05
728.0 0.00038595303522015456
729.0 0.0002778014504656312
730.0 0.00016964987707979162
731.0 0.0002545216602811706
732.0 0.00033939359127543867
733.0 0.00034827369290724164
734.0 0.00035715390822588233
735.0 0.0003781095983867999
736.0 0.0003990654022345552
737.0 0.000143866805046855
738.0 1.6111361376969224e-10
739.0 3.5868794157067896e-05
740.0 0.000183069130343938
741.0 0.0005215149030846078
742.0 0.0008599607099313289
743.0 0.0005128963039169321
744.0 0.00016583195474595414
745.0 0.00027072728698840365
746.0 0.0003756227215490071
747.0 0.000274765716312686
748.0 0.00017390862012689468
749.0 0.0001979112312255893
750.0 0.00022191386506165145
751.0 0.0006032265901012579
752.0 0.0009845392014540266
753.0 0.0008469064596283715
754.0 0.0007092735359037761
755.0 0.00041539610720064957
756.0 0.00012151868986620684
757.0 0.000153367886923661
758.0 0.00018521700440032873
759.0 0.00046098516577330884
760.0 0.0007367533271462889
761.0 0.0005916404916206375
762.0 0.0004465277015697211
763.0 0.0005135569608682999
764.0 0.0005805862201668788
765.0 0.0005234610398474615
766.0 0.00046633581405330915
767.0 0.0003945106527680764
768.0 0.0003226855824323138
769.0 0.0002739656565609039
770.0 0.00022524568521475885
771.0 0.0004353641543275444
772.0 0.0006454826234403299
773.0 0.0006071183634048793
774.0 0.0005687541488441639
775.0 0.000524285678693559
776.0 0.00047981725401768927
777.0 0.0005257640168565558
778.0 0.0005717109615943627
779.0 0.0006953991032787599
780.0 0.0008190873813873623
781.0 0.000816062129160855
782.0 0.000813037058833288
783.0 0.000807504966360284
784.0 0.00080197287388728
785.0 0.0009471385055803694
786.0 0.0010923041372734588
787.0 0.0006204752025951166
788.0 0.00014864619970467174
789.0 0.0001060084628079494
790.0 6.337069748951762e-05
791.0 0.0004994596565666143
792.0 0.0009355486326967366
793.0 0.0007814745913492516
794.0 0.0006274005500017665
795.0 0.00081226344263996
796.0 0.0009971262443286832
797.0 0.0008972871000878513
798.0 0.0007974479558470193
799.0 0.0005320747277437476
800.0 0.00026670154511521105
801.0 0.0003305959353383514
802.0 0.0003944902800867567
803.0 0.0007424409886880312
804.0 0.0010903917427640408
805.0 0.0009235291145159863
806.0 0.0007566662588942563
807.0 0.0005995590527163586
808.0 0.00044245161916478537
809.0 0.0003898617705999641
810.0 0.0003372717856109375
811.0 0.0006953557203814853
812.0 0.0010534395187278278
813.0 0.001021847583615454
814.0 0.0009902557394525502
815.0 0.0006933013082743855
816.0 0.00039634683162148576
817.0 0.0006500506970041897
818.0 0.0009037546078616288
819.0 0.0010152990398637485
820.0 0.0011268432899669278
821.0 0.0007238849320856389
822.0 0.000320926619679085
823.0 0.0003254781404393725
824.0 0.0003300296384622925
825.0 0.0004985216946806759
826.0 0.0006670136372122215
827.0 0.0009770565156941302
828.0 0.001287099439650774
829.0 0.0009328266969532706
830.0 0.0005785537723568268
831.0 0.00043658478716679383
832.0 0.00029461584745149594
833.0 0.0003540155603332096
834.0 0.00041341522774018813
835.0 0.0004402556896820897
836.0 0.0004670958787755808
837.0 0.0003490359631541651
838.0 0.00023097604753274936
839.0 0.000311355779558653
840.0 0.00039173560253402684
841.0 0.0007698698027525097
842.0 0.0011480040484457277
843.0 0.0009393176696903538
844.0 0.0007306311999855097
845.0 0.0009239376595360227
846.0 0.0011172442100360058
847.0 0.0010062211913464125
848.0 0.0008951982636062894
849.0 0.0006492807187896688
850.0 0.00040336294659937266
851.0 0.0008589900062361266
852.0 0.0013146170203981455
853.0 0.001117347892432008
854.0 0.0009200788554153405
855.0 0.0008864270057529211
856.0 0.0008527752470399719
857.0 0.001041406903823372
858.0 0.0012300386515562423
859.0 0.000892424304765882
860.0 0.000554810139874462
861.0 0.0011473302947706543
862.0 0.001739850631565787
863.0 0.0017802360162022524
864.0 0.0018206214008387178
865.0 0.00200751001102617
866.0 0.002194398439314682
867.0 0.002483455500623677
868.0 0.0027725120162358508
869.0 0.0027459645934868604
870.0 0.00271941717073787
871.0 0.003066847420996055
872.0 0.0034142769436584786
873.0 0.002569671232777182
874.0 0.0017250655218958855
875.0 0.0016572732420172542
