lsstCam/transmission_filter_detector/r24_s20/y_10/19700101T000000.ecsv
# %ECSV 1.0
# ---
# datatype:
# - {name: wavelength, unit: nm, datatype: float32}
# - {name: efficiency, unit: '%', datatype: float64}
# meta: !!omap
# - {MODE: DETECTOR}
# - {TYPE: transmission_filter_detector}
# - {CALIBDATE: '1970-01-01T00:00:00'}
# - {INSTRUME: LSSTCam}
# - {OBSTYPE: transmission_filter_detector}
# - {CALIBCLS: lsst.ip.isr.IntermediateFilterDetectorTransmissionCurve}
# - {SOURCE: Materion (DM-46256)}
# - {DETECTOR: 114}
# - {FILTER: y_10}
# - {CALIB_ID: 'calibDate=1970-01-01T00:00:00 filter=y_10 detector=114'}
# - {DATE: '2025-04-02T15:59:51.271576'}
# - {CALIB_CREATION_DATE: '2025-04-02'}
# - {CALIB_CREATION_TIME: '15:59:51'}
# - __serialized_columns__:
#     efficiency:
#       __class__: astropy.units.quantity.Quantity
#       unit: !astropy.units.Unit {unit: '%'}
#       value: !astropy.table.SerializedColumn {name: efficiency}
#     wavelength:
#       __class__: astropy.units.quantity.Quantity
#       unit: !astropy.units.Unit {unit: nm}
#       value: !astropy.table.SerializedColumn {name: wavelength}
# schema: astropy-2.0
wavelength efficiency
[from data line 577]
877.0 0.0017173117157653905
878.0 0.0018451422874932177
879.0 0.001762780266290065
880.0 0.05599657306447625
881.0 0.08923307759687304
882.0 0.07788471993990242
883.0 0.0841800298076123
884.0 0.0728930055629462
885.0 0.09486200287938118
886.0 0.05959472036920488
887.0 0.10868068784475327
888.0 0.06872472586110234
889.0 0.08776029571890831
890.0 0.07076429901644588
891.0 0.10114919859915972
892.0 0.08289832039736211
893.0 0.12138255406171083
894.0 0.06948336376808584
895.0 0.10384279303252697
896.0 0.07706059259362519
897.0 0.11195730185136199
898.0 0.08729125838726759
899.0 0.13396161375567317
900.0 0.10667516617104411
901.0 0.12782568810507655
902.0 0.15452421503141522
903.0 0.1784499385394156
904.0 0.18884887685999274
905.0 0.2389520639553666
906.0 0.29484378173947334
907.0 0.36642015911638737
908.0 0.48982384614646435
909.0 0.6452879868447781
910.0 0.9109290316700935
911.0 1.2998647056519985
912.0 1.8939211964607239
913.0 2.8369085863232613
914.0 3.985277935862541
915.0 5.673479661345482
916.0 7.744259387254715
917.0 10.087349265813828
918.0 12.767188251018524
919.0 15.326642990112305
920.0 18.781164288520813
921.0 22.286996245384216
922.0 25.79599916934967
923.0 29.974177479743958
924.0 34.51991081237793
925.0 39.59299921989441
926.0 45.72756290435791
927.0 52.37106680870056
928.0 58.332663774490356
929.0 64.81081247329712
930.0 70.53422927856445
931.0 76.24853253364563
932.0 81.43284320831299
933.0 85.95522046089172
934.0 89.21397924423218
935.0 91.65235161781311
936.0 93.46327781677246
937.0 94.80524063110352
938.0 95.64363956451416
939.0 96.05638384819031
940.0 96.4742660522461
941.0 96.65048122406006
942.0 96.88805937767029
943.0 97.00215458869934
944.0 97.28898406028748
945.0 97.24103212356567
946.0 97.2897469997406
947.0 97.29940295219421
948.0 97.41629958152771
949.0 97.30150699615479
950.0 97.45770692825317
951.0 97.52175807952881
952.0 97.58788347244263
953.0 97.78010249137878
954.0 97.86075353622437
955.0 97.94157147407532
956.0 98.13092947006226
957.0 98.32385182380676
958.0 98.4826922416687
959.0 98.57851266860962
960.0 98.67841601371765
961.0 98.75726103782654
962.0 98.78015518188477
963.0 98.80261421203613
964.0 98.88497591018677
965.0 98.83801937103271
966.0 98.92950654029846
967.0 99.01509284973145
968.0 98.99274110794067
969.0 98.98410439491272
970.0 99.03525114059448
971.0 99.06384944915771
972.0 99.1206705570221
973.0 99.2305040359497
974.0 99.24381971359253
975.0 99.21062588691711
976.0 99.2627739906311
977.0 99.21083450317383
978.0 99.29932951927185
979.0 99.24201369285583
980.0 99.21783208847046
981.0 99.1439163684845
982.0 99.07215237617493
983.0 99.12456274032593
984.0 99.0383505821228
985.0 99.05223250389099
986.0 98.95309209823608
987.0 98.99194836616516
988.0 98.85885715484619
989.0 98.88587594032288
990.0 98.84793758392334
991.0 98.85804057121277
992.0 98.92825484275818
993.0 98.87871742248535
994.0 98.88518452644348
995.0 98.93293380737305
996.0 98.88615608215332
997.0 99.0147054195404
998.0 99.0473210811615
999.0 99.06654357910156
1000.0 99.12392497062683
1001.0 99.07183051109314
1002.0 99.20710325241089
1003.0 99.21863079071045
1004.0 99.30893182754517
1005.0 99.22659397125244
1006.0 99.3484616279602
1007.0 99.34742450714111
1008.0 99.31762218475342
1009.0 99.22257661819458
1010.0 99.26270246505737
1011.0 99.29168820381165
1012.0 99.17296767234802
1013.0 99.15086030960083
1014.0 99.15313124656677
1015.0 99.12861585617065
1016.0 99.11637306213379
1017.0 99.14960861206055
1018.0 99.15614128112793
1019.0 99.0915834903717
1020.0 99.131840467453
1021.0 99.29125308990479
1022.0 99.19911026954651
1023.0 99.19804334640503
1024.0 99.17563796043396
1025.0 99.16412234306335
1026.0 99.23096299171448
1027.0 99.30272102355957
1028.0 99.28711652755737
1029.0 99.3669867515564
1030.0 99.41200017929077
1031.0 99.3213951587677
1032.0 99.43719506263733
1033.0 99.32824969291687
1034.0 99.35098886489868
1035.0 99.44395422935486
1036.0 99.39197301864624
1037.0 99.34186339378357
1038.0 99.32629466056824
1039.0 99.27887916564941
1040.0 99.21598434448242
1041.0 99.2878258228302
1042.0 99.26544427871704
1043.0 99.15927648544312
1044.0 99.27690029144287
1045.0 98.97117018699646
1046.0 99.20448660850525
1047.0 99.11518096923828
1048.0 99.14594888687134
1049.0 99.05047416687012
1050.0 99.05677437782288
1051.0 99.02209043502808
1052.0 99.04619455337524
1053.0 98.95440340042114
1054.0 99.15146827697754
1055.0 99.26772713661194
1056.0 99.18324947357178
1057.0 99.19746518135071
1058.0 99.03594255447388
1059.0 99.04711246490479
1060.0 99.06384944915771
1061.0 99.14061427116394
1062.0 99.1464912891388
1063.0 99.08390641212463
1064.0 99.21873807907104
1065.0 99.11513924598694
1066.0 99.12205934524536
1067.0 99.28609132766724
1068.0 99.1442620754242
1069.0 98.97713661193848
1070.0 99.27753210067749
1071.0 99.04860258102417
1072.0 99.18591380119324
1073.0 99.3592619895935
1074.0 98.97749423980713
1075.0 98.92885088920593
1076.0 98.66184592247009
1077.0 99.06734824180603
1078.0 99.12765622138977
1079.0 98.75351190567017
1080.0 99.53038692474365
1081.0 98.90846014022827
1082.0 98.87615442276001
1083.0 98.8607108592987
1084.0 99.08908605575562
1085.0 99.07013177871704
1086.0 98.79409074783325
1087.0 98.90334010124207
1088.0 98.73213171958923
1089.0 98.6013114452362
1090.0 98.93308877944946
1091.0 98.71074557304382
1092.0 98.66278767585754
1093.0 98.81362915039062
1094.0 98.55603575706482
1095.0 98.45607876777649
1096.0 98.55056405067444
1097.0 98.26907515525818
1098.0 97.91579246520996
1099.0 98.67590069770813
1100.0 98.52234125137329
