lsstCam/transmission_filter_detector/r33_s10/z_20/19700101T000000.ecsv
# %ECSV 1.0
# ---
# datatype:
# - {name: wavelength, unit: nm, datatype: float32}
# - {name: efficiency, unit: '%', datatype: float64}
# meta: !!omap
# - {MODE: DETECTOR}
# - {TYPE: transmission_filter_detector}
# - {CALIBDATE: '1970-01-01T00:00:00'}
# - {INSTRUME: LSSTCam}
# - {OBSTYPE: transmission_filter_detector}
# - {CALIBCLS: lsst.ip.isr.IntermediateFilterDetectorTransmissionCurve}
# - {SOURCE: Materion (DM-46256)}
# - {DETECTOR: 147}
# - {FILTER: z_20}
# - {CALIB_ID: 'calibDate=1970-01-01T00:00:00 filter=z_20 detector=147'}
# - {DATE: '2025-04-02T15:59:49.321130'}
# - {CALIB_CREATION_DATE: '2025-04-02'}
# - {CALIB_CREATION_TIME: '15:59:49'}
# - __serialized_columns__:
#     efficiency:
#       __class__: astropy.units.quantity.Quantity
#       unit: !astropy.units.Unit {unit: '%'}
#       value: !astropy.table.SerializedColumn {name: efficiency}
#     wavelength:
#       __class__: astropy.units.quantity.Quantity
#       unit: !astropy.units.Unit {unit: nm}
#       value: !astropy.table.SerializedColumn {name: wavelength}
# schema: astropy-2.0
wavelength efficiency
300.0 0.37205128464847803
301.0 0.32613063231110573
302.0 0.2802100032567978
303.0 0.24625675287097692
304.0 0.2123034792020917
305.0 0.18299880903214216
306.0 0.1536940922960639
307.0 0.15416566748172045
308.0 0.15463720774278045
309.0 0.13822170440107584
310.0 0.12180620105937123
311.0 0.11854820186272264
312.0 0.11529019102454185
313.0 0.11023682309314609
314.0 0.10518345516175032
315.0 0.09614869486540556
316.0 0.08711392874829471
317.0 0.07896535098552704
318.0 0.07081676740199327
319.0 0.0675197341479361
320.0 0.06422270089387894
321.0 0.05915299407206476
322.0 0.05408328725025058
323.0 0.05314127774909139
324.0 0.05219927406869829
325.0 0.04939613281749189
326.0 0.04659300029743463
327.0 0.04154200723860413
328.0 0.03649101417977363
329.0 0.03493482945486903
330.0 0.033378644729964435
331.0 0.03433630627114326
332.0 0.035293964901939034
333.0 0.031335282255895436
334.0 0.02737659669946879
335.0 0.027437915559858084
336.0 0.02749923733063042
337.0 0.022764044115319848
338.0 0.018028852355200797
339.0 0.019449240062385798
340.0 0.020869630679953843
341.0 0.01846820960054174
342.0 0.016066785610746592
343.0 0.01583281991770491
344.0 0.015598852769471705
345.0 0.013490246783476323
346.0 0.011381637887097895
347.0 0.013321381993591785
348.0 0.015261126100085676
349.0 0.01403339410899207
350.0 0.012805659207515419
351.0 0.0125732141896151
352.0 0.012340769171714783
353.0 0.012957339640706778
354.0 0.013573914475273341
355.0 0.012373372737783939
356.0 0.011172831000294536
357.0 0.010782805475173518
358.0 0.010392780677648261
359.0 0.010579835361568257
360.0 0.010766891500679776
361.0 0.010209850734099746
362.0 0.009652812150307
363.0 0.009435082029085606
364.0 0.009217351907864213
365.0 0.009117607987718657
366.0 0.009017862612381577
367.0 0.00872704986250028
368.0 0.00843623565742746
369.0 0.008874871855368838
370.0 0.009313508780905977
371.0 0.008469599561067298
372.0 0.007625689613632858
373.0 0.0075135016231797636
374.0 0.007401313632726669
375.0 0.006447497435146943
376.0 0.005493680146173574
377.0 0.005144522583577782
378.0 0.004795364293386228
379.0 0.005144883471075445
380.0 0.005494403012562543
381.0 0.005764257366536185
382.0 0.006034111356711946
383.0 0.005319378033163957
384.0 0.0046046443458180875
385.0 0.004417799937073141
386.0 0.0042309551645303145
387.0 0.004563317270367406
388.0 0.004895679740002379
389.0 0.004843479837290943
390.0 0.004791280662175268
391.0 0.004077138510183431
392.0 0.0033629959943937138
393.0 0.003663371899165213
394.0 0.0039637478039367124
395.0 0.003604400626500137
396.0 0.0032450541766593233
397.0 0.0037112280551809818
398.0 0.0041774015699047595
399.0 0.0041693332605063915
400.0 0.004161265314905904
401.0 0.004362445906735957
402.0 0.00456362686236389
403.0 0.004033275399706326
404.0 0.0035029235732508823
405.0 0.0033937245461856946
406.0 0.003284525519120507
407.0 0.004055558383697644
408.0 0.0048265916120726615
409.0 0.0036466481105890125
410.0 0.002466705336701125
411.0 0.0032434127206215635
412.0 0.004020120104542002
413.0 0.004477233960642479
414.0 0.004934347452945076
415.0 0.004705922401626594
416.0 0.0044774977141059935
417.0 0.003231845039408654
418.0 0.0019861929104081355
419.0 0.0028306107196840458
420.0 0.003675027983263135
421.0 0.003568347528926097
422.0 0.003461666710791178
423.0 0.0033070013159886003
424.0 0.0031523359211860225
425.0 0.0029856351829948835
426.0 0.002818934626702685
427.0 0.0031442650652024895
428.0 0.0034695953218033537
429.0 0.0030330002118716948
430.0 0.0025964049200410955
431.0 0.0017757762179826386
432.0 0.0009551474249747116
433.0 0.001627700294193346
434.0 0.0023002532543614507
435.0 0.002863942791009322
436.0 0.0034276319638593122
437.0 0.003080746319028549
438.0 0.0027338606741977856
439.0 0.0024253611627500504
440.0 0.002116861469403375
441.0 0.0024027727704378776
442.0 0.0026886840714723803
443.0 0.002621537532832008
444.0 0.0025543906303937547
445.0 0.0023867378331488
446.0 0.0022190852178027853
447.0 0.0024964661861304194
448.0 0.0027738473363569938
449.0 0.0023567599782836623
450.0 0.001939672620210331
451.0 0.0019542607333278283
452.0 0.001968849028344266
453.0 0.0017627293345867656
454.0 0.0015566096408292651
455.0 0.0016322865121765062
456.0 0.0017079635654226877
457.0 0.001463524404243799
458.0 0.0012190849702164996
459.0 0.001731843985908199
460.0 0.002244602728751488
461.0 0.0016686544768163003
462.0 0.001092706406780053
463.0 0.0012253932254679967
464.0 0.001358080317004351
465.0 0.001293396417167969
466.0 0.0012287125173315872
467.0 0.0010972516065521631
468.0 0.0009657904229243286
469.0 0.001068144956661854
470.0 0.0011704995813488495
471.0 0.0012702298590738792
472.0 0.0013699602277483791
473.0 0.0013609815141535364
474.0 0.0013520028005586937
475.0 0.0014367125913850032
476.0 0.0015214221093629021
477.0 0.0016497702745255083
478.0 0.0017781185306375846
479.0 0.002012680488405749
480.0 0.0022472428099717945
481.0 0.0018118200387107208
482.0 0.0013763975402980577
483.0 0.0013274624507175758
484.0 0.0012785275430360343
485.0 0.0013736344044446014
486.0 0.0014687413568026386
487.0 0.0013816962564305868
488.0 0.0012946512470080052
489.0 0.0015522457033512183
490.0 0.0018098402506439015
491.0 0.0017430864318157546
492.0 0.0016763326129876077
493.0 0.001757568861648906
494.0 0.001838805474108085
495.0 0.0016566034901188686
496.0 0.0014744015970791224
497.0 0.0016948879419942386
498.0 0.0019153740140609443
499.0 0.0017331809431198053
500.0 0.001550987690279726
501.0 0.0012512164175859652
502.0 0.0009514453267911449
503.0 0.0009176557796308771
504.0 0.0008838663234200794
505.0 0.001561030512675643
506.0 0.0022381942471838556
507.0 0.0015857674952712841
508.0 0.0009333404705103021
509.0 0.0010858962014026474
510.0 0.0012384517503960524
511.0 0.0011806992915808223
512.0 0.001122946741816122
513.0 0.0010833134183485527
514.0 0.001043680003931513
515.0 0.001112617155740736
516.0 0.0011815540347015485
517.0 0.0010568250218057074
518.0 0.0009320960998593364
519.0 0.0011792933946708217
520.0 0.0014264907804317772
521.0 0.0013634168681164738
522.0 0.0013003430467506405
523.0 0.0015800351320649497
524.0 0.0018597269445308484
525.0 0.0015088653526618145
526.0 0.0011580037607927807
527.0 0.0011798251762229484
528.0 0.0012016466826025862
529.0 0.00135690506795072
530.0 0.0015121635442483239
531.0 0.0015733929103589617
532.0 0.0016346224583685398
533.0 0.001514599807705963
534.0 0.0013945771570433863
535.0 0.0014475496755039785
536.0 0.0015005221939645708
537.0 0.0015381563571281731
538.0 0.0015757905202917755
539.0 0.001268438882107148
540.0 0.0009610872439225204
541.0 0.0010196854418609291
542.0 0.0010782836397993378
543.0 0.0009430587851966266
544.0 0.0008078341124928556
545.0 0.0011011854439857416
546.0 0.0013945367754786275
547.0 0.001464337583456654
548.0 0.0015341382095357403
549.0 0.0019271725250291638
550.0 0.0023202068405225873
551.0 0.002128715641447343
552.0 0.0019372248061699793
553.0 0.0019675380826811306
554.0 0.0019978515410912223
555.0 0.0017135420421254821
556.0 0.0014292327250586823
557.0 0.0014211593224899843
558.0 0.001413086192769697
559.0 0.0012892667655250989
560.0 0.0011654473382805008
561.0 0.0012182273167127278
562.0 0.0012710073860944249
563.0 0.0015335084754042327
564.0 0.0017960095647140406
565.0 0.0018778084267978556
566.0 0.001959607470780611
567.0 0.0020500447135418653
568.0 0.0021404819563031197
569.0 0.002456445145071484
570.0 0.0027724083338398486
571.0 0.002753926492005121
572.0 0.002735445013968274
573.0 0.0022363868993124925
574.0 0.0017373286027577706
575.0 0.0016721201973268762
576.0 0.0016069116099970415
577.0 0.0017782176655600779
578.0 0.0019495235392241739
579.0 0.0019202627299819142
580.0 0.0018910022845375352
581.0 0.0021049598217359744
582.0 0.0023189173589344136
583.0 0.0020767034584423527
584.0 0.0018344895579502918
585.0 0.00212976065085968
586.0 0.002425031561870128
587.0 0.001970267476281151
588.0 0.0015155034816416446
589.0 0.0013368218787945807
590.0 0.0011581405487959273
591.0 0.0013780679182673339
592.0 0.0015979956515366212
593.0 0.0010862272574740928
594.0 0.0005744590907852398
595.0 0.0008863370567269158
596.0 0.0011982149771938566
597.0 0.0008267761586466804
598.0 0.0004553371127258288
599.0 0.0008847374374454375
600.0 0.001314137625740841
601.0 0.001094496292353142
602.0 0.0008748548680159729
603.0 0.0012506189705163706
604.0 0.0016263829820672981
605.0 0.0014674082194687799
606.0 0.0013084337297186721
607.0 0.0011427157005527988
608.0 0.000976997944235336
609.0 0.0009052697350853123
610.0 0.0008335416168847587
611.0 0.001094891740649473
612.0 0.0013562418644141871
613.0 0.0014355857274495065
614.0 0.0015149299542827066
615.0 0.0014765370906388853
616.0 0.001438144226995064
617.0 0.0015888297639321536
618.0 0.0017395153918187134
619.0 0.0015511035599047318
620.0 0.0013626917279907502
621.0 0.0015485902622458525
622.0 0.0017344887965009548
623.0 0.0012777221854776144
624.0 0.000820955574454274
625.0 0.0010896134881477337
626.0 0.001358271128992783
627.0 0.00163168824656168
628.0 0.001905105273181107
629.0 0.0019152217646478675
630.0 0.001925337710417807
631.0 0.0022706597519572824
632.0 0.002615981429698877
633.0 0.0028294600269873627
634.0 0.003042938442376908
635.0 0.005608954597846605
636.0 0.008174971299013123
637.0 0.01486135006416589
638.0 0.021547732467297465
639.0 0.019811585661955178
640.0 0.018075441766995937
641.0 0.01576688082423061
642.0 0.013458318426273763
643.0 0.009712520841276273
644.0 0.005966722892480902
645.0 0.006370377377606928
646.0 0.006774031498935074
647.0 0.006359285907819867
648.0 0.005944540316704661
649.0 0.004775612251251005
650.0 0.0036066845495952293
651.0 0.0036591856769518927
652.0 0.0037116864405106753
653.0 0.00305337889585644
654.0 0.002395071351202205
655.0 0.0023876928025856614
656.0 0.002380314253969118
657.0 0.002648586996656377
658.0 0.002916859375545755
659.0 0.0023074211640050635
660.0 0.001697982952464372
661.0 0.0022694415747537278
662.0 0.0028409000151441433
663.0 0.0024055147150647826
664.0 0.0019701297787833028
665.0 0.0017857195416581817
666.0 0.001601309486432001
667.0 0.001409033575328067
668.0 0.001216757755173603
669.0 0.0013417517038760707
670.0 0.001466745561629068
671.0 0.0015207783690129872
672.0 0.001574810994497966
673.0 0.0015202499525912572
674.0 0.0014656886378361378
675.0 0.001187762518384261
676.0 0.0009098365808313247
677.0 0.0011734414329112042
678.0 0.0014370463759405538
679.0 0.0015816274753888138
680.0 0.0017262089386349544
681.0 0.0020676381609519012
682.0 0.0024090675651677884
683.0 0.0026068863007822074
684.0 0.002804704854497686
685.0 0.002447113365633413
686.0 0.0020895216948702
687.0 0.0020457229766179807
688.0 0.002001924440264702
689.0 0.0024680464775883593
690.0 0.002934168696810957
691.0 0.0024431679776171222
692.0 0.0019521668946254067
693.0 0.0023362901629297994
694.0 0.0027204136131331325
695.0 0.0032798503525555134
696.0 0.003839287455775775
697.0 0.0040650807932252064
698.0 0.004290873766876757
699.0 0.005802811938337982
700.0 0.007314750837394968
701.0 0.007270766218425706
702.0 0.007226782327052206
703.0 0.006688070425298065
704.0 0.006149359978735447
705.0 0.0049856887926580384
706.0 0.0038220179703785107
707.0 0.0034592096199048683
708.0 0.0030964016332291067
709.0 0.0037861700548091903
710.0 0.004475938840187155
711.0 0.004271368743502535
712.0 0.004066799010615796
713.0 0.0031315532396547496
714.0 0.002196307286794763
715.0 0.0023324315407080576
716.0 0.0024685554308234714
717.0 0.0019647355657070875
718.0 0.001460915427742293
719.0 0.0015778958186274394
720.0 0.0016948761185631156
721.0 0.0020604513338184915
722.0 0.002426026912871748
723.0 0.002433673944324255
724.0 0.002441321157675702
725.0 0.001448887269361876
726.0 0.00045645342652278487
727.0 0.0009631793545850087
728.0 0.0014699053281219676
729.0 0.001298693041462684
730.0 0.0011274805729044601
731.0 0.0007537339570262702
732.0 0.00037998740936018294
733.0 0.0008847865501593333
734.0 0.0013895859410695266
735.0 0.0014468562767433468
736.0 0.0015041267943161074
737.0 0.0012412081559887156
738.0 0.000978289608610794
739.0 0.001432474164175801
740.0 0.0018866589016397484
741.0 0.0015678282579756342
742.0 0.0012489977052609902
743.0 0.0014237848517950624
744.0 0.0015985719073796645
745.0 0.001867190258053597
746.0 0.0021358086087275296
747.0 0.002150493128283415
748.0 0.00216517746594036
749.0 0.0028576625481946394
750.0 0.0035501474485499784
751.0 0.0030306136977742426
752.0 0.002511079946998507
753.0 0.0026452851670910604
754.0 0.0027794902052846737
755.0 0.002273342033731751
756.0 0.0017671938621788286
757.0 0.002077485441986937
758.0 0.0023877770217950456
759.0 0.0024969391233753413
760.0 0.0026061010430566967
761.0 0.004487293335841969
762.0 0.006368485628627241
763.0 0.006243063398869708
764.0 0.006117641896707937
765.0 0.005250774120213464
766.0 0.00438390597992111
767.0 0.004406429798109457
768.0 0.004428953252499923
769.0 0.005328842598828487
770.0 0.00622873121756129
771.0 0.005348935155780055
772.0 0.00446913909399882
773.0 0.004245327363605611
774.0 0.004021515269414522
775.0 1.5934985535953627e-10
776.0 0.007359110895777121
777.0 1.5934985535953627e-10
778.0 0.05396140622906387
779.0 0.010757638665381819
780.0 0.08495024521835148
781.0 0.1236376934684813
782.0 0.21400488913059235
783.0 0.09018027922138572
784.0 0.08168591884896159
785.0 0.02659549645613879
786.0 0.06750230677425861
787.0 0.11333571746945381
788.0 1.5934985535953627e-10
789.0 0.15288799768313766
790.0 1.5934985535953627e-10
791.0 0.09854224044829607
792.0 0.0833785452414304
793.0 0.050222116988152266
794.0 0.050376757280901074
795.0 0.14509233878925443
796.0 0.03402286383789033
797.0 1.5934985535953627e-10
798.0 0.06361448322422802
799.0 0.1886447425931692
800.0 0.12001126306131482
801.0 0.38223781157284975
802.0 0.49354685470461845
803.0 0.7768393028527498
804.0 1.295458059757948
805.0 2.0362405106425285
806.0 3.226223960518837
807.0 4.815266281366348
808.0 6.681470572948456
809.0 9.03802439570427
810.0 12.070123106241226
811.0 15.188561379909515
812.0 18.328142166137695
813.0 21.19527757167816
814.0 23.981153964996338
815.0 27.62743830680847
816.0 32.10500776767731
817.0 37.62558400630951
818.0 43.08914542198181
819.0 48.69429171085358
820.0 56.18261098861694
821.0 63.73579502105713
822.0 70.1849639415741
823.0 76.41714811325073
824.0 82.10814595222473
825.0 87.21017837524414
826.0 91.05230569839478
827.0 94.41671967506409
828.0 96.89093232154846
829.0 98.4445333480835
830.0 98.86589050292969
831.0 99.07877445220947
832.0 98.56376051902771
833.0 99.60150122642517
834.0 98.49579930305481
835.0 99.36835169792175
836.0 99.29727911949158
837.0 99.53479766845703
838.0 98.14028739929199
839.0 98.79133701324463
840.0 99.1342842578888
841.0 99.76516962051392
842.0 99.5309591293335
843.0 99.87737536430359
844.0 98.28082323074341
845.0 98.58665466308594
846.0 98.93035888671875
847.0 98.66347908973694
848.0 100.02102851867676
849.0 98.86245727539062
850.0 98.81001710891724
851.0 99.05029535293579
852.0 99.32756423950195
853.0 98.81041646003723
854.0 99.96826648712158
855.0 98.79564642906189
856.0 98.82148504257202
857.0 98.36168885231018
858.0 99.06736612319946
859.0 98.9928126335144
860.0 98.45144748687744
861.0 99.0108072757721
862.0 98.76688718795776
863.0 98.56213927268982
864.0 99.41234588623047
865.0 100.31658411026001
866.0 99.00436997413635
867.0 99.63225722312927
868.0 99.38842058181763
869.0 98.60565662384033
870.0 98.17647933959961
871.0 98.91091585159302
872.0 99.33151602745056
873.0 99.12575483322144
874.0 99.74260330200195
875.0 98.85844588279724
876.0 99.15534257888794
877.0 99.44525957107544
878.0 99.36547875404358
879.0 98.95546436309814
880.0 98.56330156326294
881.0 100.20231008529663
882.0 98.93747568130493
883.0 99.02739524841309
884.0 99.20453429222107
885.0 99.3783950805664
886.0 98.85133504867554
887.0 98.96553158760071
888.0 99.07217025756836
889.0 99.61735606193542
890.0 98.8185703754425
891.0 99.61186647415161
892.0 98.80456924438477
893.0 98.90032410621643
894.0 98.43108654022217
895.0 99.72192049026489
