lsstCam/transmission_filter_detector/r33_s10/z_20/19700101T000000.ecsv
# %ECSV 1.0
# ---
# datatype:
# - {name: wavelength, unit: nm, datatype: float32}
# - {name: efficiency, unit: '%', datatype: float64}
# meta: !!omap
# - {MODE: DETECTOR}
# - {TYPE: transmission_filter_detector}
# - {CALIBDATE: '1970-01-01T00:00:00'}
# - {INSTRUME: LSSTCam}
# - {OBSTYPE: transmission_filter_detector}
# - {CALIBCLS: lsst.ip.isr.IntermediateFilterDetectorTransmissionCurve}
# - {SOURCE: Materion (DM-46256)}
# - {DETECTOR: 147}
# - {FILTER: z_20}
# - {CALIB_ID: 'calibDate=1970-01-01T00:00:00 filter=z_20 detector=147'}
# - {DATE: '2025-04-02T15:59:49.321130'}
# - {CALIB_CREATION_DATE: '2025-04-02'}
# - {CALIB_CREATION_TIME: '15:59:49'}
# - __serialized_columns__:
#     efficiency:
#       __class__: astropy.units.quantity.Quantity
#       unit: !astropy.units.Unit {unit: '%'}
#       value: !astropy.table.SerializedColumn {name: efficiency}
#     wavelength:
#       __class__: astropy.units.quantity.Quantity
#       unit: !astropy.units.Unit {unit: nm}
#       value: !astropy.table.SerializedColumn {name: wavelength}
# schema: astropy-2.0
wavelength efficiency
[from data line 597]
897.0 99.43687915802002
898.0 99.00835752487183
899.0 98.40148687362671
900.0 99.24889802932739
901.0 99.37400221824646
902.0 99.14348125457764
903.0 98.7298309803009
904.0 97.66100645065308
905.0 98.77846837043762
906.0 98.20956587791443
907.0 98.71984124183655
908.0 98.51085543632507
909.0 98.59520196914673
910.0 97.88726568222046
911.0 97.18008041381836
912.0 96.36501669883728
913.0 94.90203261375427
914.0 92.68742203712463
915.0 90.60539603233337
916.0 88.26740980148315
917.0 86.93495988845825
918.0 83.69828462600708
919.0 82.33298063278198
920.0 79.81076836585999
921.0 75.70986151695251
922.0 71.4717149734497
923.0 65.83877205848694
924.0 60.539621114730835
925.0 55.06355166435242
926.0 49.01519417762756
927.0 41.877374053001404
928.0 36.32102310657501
929.0 29.85173463821411
930.0 24.07974600791931
931.0 18.794165551662445
932.0 13.442589342594147
933.0 9.059736132621765
934.0 5.802901089191437
935.0 3.4925974905490875
936.0 2.11145281791687
937.0 1.3111723586916924
938.0 0.8199792355298996
939.0 0.4282068461179733
940.0 0.2638397039845586
941.0 0.12757715303450823
942.0 0.24722241796553135
943.0 1.5934985535953627e-10
944.0 0.1067733857780695
945.0 1.5934985535953627e-10
946.0 0.11886577121913433
947.0 1.5934985535953627e-10
948.0 1.5934985535953627e-10
949.0 0.11199275031685829
950.0 0.01190410548588261
951.0 0.008192256063921377
952.0 0.06658783531747758
953.0 1.5934985535953627e-10
954.0 0.04085426335223019
955.0 1.5934985535953627e-10
956.0 1.5934985535953627e-10
957.0 0.0063281004258897156
958.0 1.5934985535953627e-10
959.0 1.5934985535953627e-10
960.0 1.5934985535953627e-10
961.0 0.09034542599692941
962.0 0.046698946971446276
963.0 1.5934985535953627e-10
964.0 0.03218266647309065
965.0 1.5934985535953627e-10
966.0 1.5934985535953627e-10
967.0 0.023320061154663563
968.0 1.5934985535953627e-10
969.0 1.5934985535953627e-10
970.0 0.023641354346182197
971.0 1.5934985535953627e-10
972.0 1.5934985535953627e-10
973.0 0.008528429316356778
974.0 1.5934985535953627e-10
975.0 0.023224162578117102
976.0 0.0064935258706100285
977.0 0.006408000626834109
978.0 0.00632247538305819
979.0 0.006101849066908471
980.0 0.005881222750758752
981.0 0.0057737437600735575
982.0 0.005666264769388363
983.0 0.005524593507288955
984.0 0.0053829222451895475
985.0 0.00530411271029152
986.0 0.005225303175393492
987.0 0.005207009962759912
988.0 0.0051887174777220935
989.0 0.005074758519185707
990.0 0.004960799924447201
991.0 0.004806772994925268
992.0 0.0046527464292012155
993.0 0.004703588638221845
994.0 0.0047544308472424746
995.0 0.004653638825402595
996.0 0.004552846439764835
997.0 0.0045131950173527
998.0 0.004473542867344804
999.0 0.004534930849331431
1000.0 0.004596318467520177
1001.0 0.004505838296608999
1002.0 0.004415357761899941
1003.0 0.004352512405603193
1004.0 0.0042896674131043255
1005.0 0.004279218774172477
1006.0 0.00426877049903851
1007.0 0.004364559936220758
1008.0 0.004460349373403005
1009.0 0.004370661918073893
1010.0 0.004280974826542661
1011.0 0.004234595689922571
1012.0 0.004188216553302482
1013.0 0.00431488333560992
1014.0 0.004441549754119478
1015.0 0.004334572076913901
1016.0 0.004227594763506204
1017.0 0.004394300412968732
1018.0 0.004561006426229142
1019.0 0.004434088259586133
1020.0 0.004307169729145244
1021.0 0.004352898758952506
1022.0 0.004398627424961887
1023.0 0.004428481042850763
1024.0 0.004458335024537519
1025.0 0.004433129288372584
1026.0 0.004407923552207649
1027.0 0.004444551086635329
1028.0 0.004481178621063009
1029.0 0.004544803960015997
1030.0 0.004608429298968986
1031.0 0.004581325629260391
1032.0 0.004554222323349677
1033.0 0.004754368274006993
1034.0 0.004954513860866427
1035.0 0.005072939529782161
1036.0 0.005191364834900014
1037.0 0.005285685620037839
1038.0 0.005380006768973544
1039.0 0.005398335633799434
1040.0 0.005416664498625323
1041.0 0.0052748520829482
1042.0 0.005133039303473197
1043.0 0.00552763303858228
1044.0 0.005922226409893483
1045.0 0.006020515502314083
1046.0 0.006118803867138922
1047.0 0.00621622457401827
1048.0 0.00631364673608914
1049.0 0.006433802627725527
1050.0 0.006553958519361913
1051.0 0.00679767836118117
1052.0 0.007041397475404665
1053.0 0.007408131932606921
1054.0 0.007774864207021892
1055.0 0.007489098788937554
1056.0 0.007203331915661693
1057.0 0.007623712008353323
1058.0 0.008044092101044953
1059.0 0.008318178879562765
1060.0 0.008592265658080578
1061.0 0.008788288687355816
1062.0 0.00898431389941834
1063.0 0.009227032569469884
1064.0 0.009469754149904475
1065.0 0.009667808626545593
1066.0 0.009865861647995189
1067.0 0.009730065357871354
1068.0 0.009594269067747518
1069.0 0.009995524305850267
1070.0 0.010396777361165732
1071.0 0.01066016120603308
1072.0 0.010923544323304668
1073.0 0.010938213381450623
1074.0 0.010952881712000817
1075.0 0.0112311499833595
1076.0 0.011509416799526662
1077.0 0.012442102888599038
1078.0 0.01337479188805446
1079.0 0.013169956218916923
1080.0 0.012965119094587862
1081.0 0.013680339907296002
1082.0 0.014395562175195664
1083.0 0.014788896078243852
1084.0 0.01518222998129204
1085.0 0.014962333079893142
1086.0 0.014742437633685768
1087.0 0.01568718143971637
1088.0 0.016631926700938493
1089.0 0.016041241178754717
1090.0 0.015450557111762464
1091.0 0.016812467947602272
1092.0 0.01817437878344208
1093.0 0.018208843539468944
1094.0 0.01824330975068733
1095.0 0.018988698138855398
1096.0 0.019734082161448896
1097.0 0.020095032232347876
1098.0 0.020455980848055333
1099.0 0.020741856133099645
1100.0 0.021027728507760912
1101.0 0.022090994752943516
1102.0 0.02315425663255155
1103.0 0.02441579708829522
1104.0 0.025677340454421937
1105.0 0.02605363551992923
1106.0 0.026429930585436523
1107.0 0.0275041296845302
1108.0 0.02857832587324083
1109.0 0.02916493685916066
1110.0 0.02975154493469745
1111.0 0.030332320602610707
1112.0 0.03091309918090701
1113.0 0.031285028671845794
1114.0 0.03165696107316762
1115.0 0.03159047046210617
1116.0 0.031523979851044714
1117.0 0.03158253093715757
1118.0 0.031641084933653474
1119.0 0.03398475528229028
1120.0 0.03632842272054404
1121.0 0.037982131470926106
1122.0 0.039635837310925126
1123.0 0.041526800487190485
1124.0 0.04341776657383889
1125.0 0.04520453221630305
1126.0 0.0469913036795333
1127.0 0.04672112117987126
1128.0 0.04645093868020922
1129.0 0.04858543106820434
1130.0 0.05071992636658251
1131.0 0.055854261154308915
1132.0 0.06098859594203532
1133.0 0.06130436668172479
1134.0 0.061620131600648165
1135.0 0.06728037260472775
1136.0 0.07294061942957342
1137.0 0.07745118928141892
1138.0 0.0819617765955627
1139.0 0.08703318308107555
1140.0 0.0921045895665884
1141.0 0.10319621069356799
1142.0 0.11428780853748322
1143.0 0.15379542019218206
1144.0 0.1933030434884131
1145.0 0.43678339570760727
1146.0 0.6802637130022049
1147.0 1.1746685951948166
1148.0 1.6690736636519432
1149.0 1.660824567079544
1150.0 1.652575097978115
