lsstCam/transmission_sensor/r32_s10/19700101T000000.ecsv
# %ECSV 1.0
# ---
# datatype:
# - {name: amp_name, datatype: string}
# - {name: wavelength, unit: nm, datatype: float32}
# - {name: efficiency, unit: '%', datatype: float64}
# meta: !!omap
# - {MODE: AMP}
# - {TYPE: transmission_sensor}
# - {CALIBDATE: '1970-01-01T00:00:00'}
# - {INSTRUME: LSSTCAM}
# - {OBSTYPE: transmission_sensor}
# - {DETECTOR: 138}
# - {PARQUETFILE: qe_raft_allvalues_nircorrected_20230725.parquet}
# - {CALIBCLS: lsst.ip.isr.IntermediateSensorTransmissionCurve}
# - {CALIB_ID: 'raftName=R32 detectorName=S10 detector=138 calibDate=1970-01-01T00:00:00 ccd=138 ccdnum=138 filter=None'}
# - {DATE: '2024-01-18T22:42:25.466272'}
# - {CALIB_CREATION_DATE: '2024-01-18'}
# - {CALIB_CREATION_TIME: '22:42:25'}
# - __serialized_columns__:
#     efficiency:
#       __class__: astropy.units.quantity.Quantity
#       unit: !astropy.units.Unit {unit: '%'}
#       value: !astropy.table.SerializedColumn {name: efficiency}
#     wavelength:
#       __class__: astropy.units.quantity.Quantity
#       unit: !astropy.units.Unit {unit: nm}
#       value: !astropy.table.SerializedColumn {name: wavelength}
# schema: astropy-2.0
amp_name wavelength efficiency
C00 319.992 44.00585212010316
C00 330.006 50.904549170259656
C00 349.994 70.55017822309843
C00 370.001 72.67184657349382
C00 400.009 81.89884060721795
C00 429.983 85.12365679213707
C00 449.989 87.08293677314289
C00 469.993 89.02441245274024
C00 500.016 91.84053178735732
C00 549.99 95.31894476841104
C00 569.998 96.44963514129141
C00 599.983 97.51008381754797
C00 630.013 97.97532606328379
C00 649.987 98.30014108665027
C00 670.017 98.16667198267011
C00 699.987 97.95476651931726
C00 720.012 97.70391464208508
C00 749.995 97.84528104478824
C00 770.007 97.78249201085086
C00 800.008 96.94954786857814
C00 830.013 95.08322867763725
C00 869.994 90.25149561184702
C00 900.005 81.89649636270899
C00 919.989 73.51253110350582
C00 959.989 52.36601438808005
C00 1000.013 26.100822535163772
C00 1030.002 9.382717835323342
C00 1049.996 4.020141300549935
C00 1080.005 0.5690886093830956
C00 1100.007 0.11599076631819841
C01 319.992 44.48863857071628
C01 330.006 51.470824498806316
C01 349.994 71.3919853474267
C01 370.001 73.56074235183972
C01 400.009 82.6059887255549
C01 429.983 85.72615799412422
C01 449.989 87.64790696234242
C01 469.993 89.56771686133912
C01 500.016 92.37470984097752
C01 549.99 95.84711934878027
C01 569.998 96.973821507108
C01 599.983 98.03863886954785
C01 630.013 98.50902703640638
C01 649.987 98.83306519285541
C01 670.017 98.70089380711856
C01 699.987 98.48550932357574
C01 720.012 98.235710574469
C01 749.995 98.37762499333901
C01 770.007 98.3219378624238
C01 800.008 97.4787325498013
C01 830.013 95.58995784042136
C01 869.994 90.69803551292975
C01 900.005 82.19626682284444
C01 919.989 73.8539285441413
C01 959.989 52.496669837343866
C01 1000.013 26.04901555303568
C01 1030.002 9.325685039996834
C01 1049.996 3.9821741170330474
C01 1080.005 0.5721848374739964
C01 1100.007 0.1166218347722812
C02 319.992 44.419340528952745
C02 330.006 51.401812704187314
C02 349.994 71.34808085511173
C02 370.001 73.53329276666648
C02 400.009 82.31572585007525
C02 429.983 85.30780286261279
C02 449.989 87.1761002998288
C02 469.993 89.06456722765643
C02 500.016 91.82957646026499
C02 549.99 95.25914763166774
C02 569.998 96.3839564879128
C02 599.983 97.44074375096262
C02 630.013 97.91082286551851
C02 649.987 98.22744996055681
C02 670.017 98.09713342578729
C02 699.987 97.89010663682305
C02 720.012 97.6444720269908
C02 749.995 97.78360895311047
C02 770.007 97.73152871203995
C02 800.008 96.88423590841116
C02 830.013 95.00509303528817
C02 869.994 90.09633443042553
C02 900.005 81.68189077690111
C02 919.989 73.24121757561895
C02 959.989 52.06379445197556
C02 1000.013 25.843311254344133
C02 1030.002 9.235282747707982
C02 1049.996 3.9210235936356397
C02 1080.005 0.5687299168846174
C02 1100.007 0.11591765816406373
C03 319.992 44.69508338746003
C03 330.006 51.730699399524454
C03 349.994 71.8715378520479
C03 370.001 74.10501864938684
C03 400.009 82.76421663945362
C03 429.983 85.67112697896584
C03 449.989 87.51308095804644
C03 469.993 89.38581311652538
C03 500.016 92.13743423944153
C03 549.99 95.5711058347191
C03 569.998 96.69893302942126
C03 599.983 97.75918042786876
C03 630.013 98.22666904130016
C03 649.987 98.55484189625551
C03 670.017 98.42641168443267
C03 699.987 98.2187468476932
C03 720.012 97.97455146051513
C03 749.995 98.11639021825826
C03 770.007 98.06522425741517
C03 800.008 97.21935323257604
C03 830.013 95.33398246544088
C03 869.994 90.38599313295927
C03 900.005 82.01572254731558
C03 919.989 73.40703120164105
C03 959.989 52.08012269896229
C03 1000.013 26.038739080239417
C03 1030.002 9.309925206081413
C03 1049.996 3.932186741558464
C03 1080.005 0.5706654442614904
C03 1100.007 0.11631215438129905
C04 319.992 44.91318731310081
C04 330.006 51.98842051558793
C04 349.994 72.27080255049
C04 370.001 74.53724141210643
C04 400.009 82.98541696869844
C04 429.983 85.78223007452972
C04 449.989 87.58581583751109
C04 469.993 89.42781338090535
C04 500.016 92.15299342148904
C04 549.99 95.56545352272323
C04 569.998 96.69348296721094
C04 599.983 97.74905210353606
C04 630.013 98.21803615465939
C04 649.987 98.54333549257133
C04 670.017 98.41612824796441
C04 699.987 98.21014608144009
C04 720.012 97.96952247446654
C04 749.995 98.11085244349019
C04 770.007 98.05648343628393
C04 800.008 97.21205971039848
C04 830.013 95.32205748932078
C04 869.994 90.3694262407174
C04 900.005 81.98459182423197
C04 919.989 73.39289351961921
C04 959.989 51.966956010629424
C04 1000.013 26.038373337718024
C04 1030.002 9.318405391048199
C04 1049.996 3.9373675096825
C04 1080.005 0.5706332331433981
C04 1100.007 0.11630558916068158
C05 319.992 45.169235225181225
C05 330.006 52.29402366523726
C05 349.994 72.77553397967816
C05 370.001 75.10809407150869
C05 400.009 83.37105083193846
C05 429.983 86.06286605265204
C05 449.989 87.82960996380945
C05 469.993 89.64860312662894
C05 500.016 92.3615988627356
C05 549.99 95.76970120660718
C05 569.998 96.8927807803604
C05 599.983 97.95484299199568
C05 630.013 98.42315415953482
C05 649.987 98.75859791048858
C05 670.017 98.63146325331942
C05 699.987 98.43035960735064
C05 720.012 98.18596229709605
C05 749.995 98.3310608871905
C05 770.007 98.28462278745995
C05 800.008 97.43739735683589
C05 830.013 95.5300663923073
C05 869.994 90.54407834349753
C05 900.005 82.11441915671428
C05 919.989 73.49798538576556
C05 959.989 51.95515192593956
C05 1000.013 26.076919031253304
C05 1030.002 9.339066191293659
C05 1049.996 3.9388203686060588
C05 1080.005 0.5719140184488795
C05 1100.007 0.11656663685452476
C06 319.992 45.35744461044318
C06 330.006 52.51849336908835
C06 349.994 73.14745315893782
C06 370.001 75.52708939927065
C06 400.009 83.69515974456951
C06 429.983 86.32010102738874
C06 449.989 88.0649688378768
C06 469.993 89.86801644479412
C06 500.016 92.57211359500036
C06 549.99 95.98113010655148
C06 569.998 97.10984147331993
C06 599.983 98.17585336553404
C06 630.013 98.64593982677444
C06 649.987 98.97881812113417
C06 670.017 98.85513763963631
C06 699.987 98.65409513162828
C06 720.012 98.41187982420176
C06 749.995 98.56222008550263
C06 770.007 98.51153920760775
C06 800.008 97.65858970756851
C06 830.013 95.73054084292605
C06 869.994 90.7134687575194
C06 900.005 82.19416360459338
C06 919.989 73.54623183136121
C06 959.989 51.86402395003328
C06 1000.013 26.002382489502924
C06 1030.002 9.334023940017433
C06 1049.996 3.944508990089255
C06 1080.005 0.5732584889779557
C06 1100.007 0.1168406647728288
C07 319.992 45.54865127464832
C07 330.006 52.75222056838492
C07 349.994 73.47849334050626
C07 370.001 75.84062212994516
C07 400.009 83.85776084980172
C07 429.983 86.40795621739747
C07 449.989 88.13010432192242
C07 469.993 89.91768317998825
C07 500.016 92.60999916395424
C07 549.99 96.00952293607178
C07 569.998 97.13174207741433
C07 599.983 98.19211422440176
C07 630.013 98.66516867365199
C07 649.987 98.99306598341425
C07 670.017 98.8666168245311
C07 699.987 98.66298104873385
C07 720.012 98.41533048232125
C07 749.995 98.562446276303
C07 770.007 98.50696105555336
C07 800.008 97.64589473947258
C07 830.013 95.69129269666881
C07 869.994 90.65690364880305
C07 900.005 82.08734795415201
C07 919.989 73.38758149906263
C07 959.989 51.69733362175837
C07 1000.013 25.97151560480707
C07 1030.002 9.38547096165178
C07 1049.996 3.968947690364771
C07 1080.005 0.5732597997520348
C07 1100.007 0.11684093193278838
C10 319.992 42.477488214770155
C10 330.006 49.11837399187947
C10 349.994 68.03911827727904
C10 370.001 70.26729328530278
C10 400.009 80.7493149282329
C10 429.983 84.59337183677728
C10 449.989 86.77288757477552
C10 469.993 88.86669999898093
C10 500.016 91.83270215443189
C10 549.99 95.4458824144497
C10 569.998 96.61497428069703
C10 599.983 97.70921762763811
C10 630.013 98.20326673087202
C10 649.987 98.53966734374583
C10 670.017 98.41765572014799
C10 699.987 98.21967166126879
C10 720.012 97.97491509489095
C10 749.995 98.1306402386826
C10 770.007 98.07001407060906
C10 800.008 97.24621129433001
C10 830.013 95.39667287244704
C10 869.994 90.65266615206163
C10 900.005 82.46949188498037
C10 919.989 73.93419068119958
C10 959.989 52.811651742663614
C10 1000.013 26.362285619324336
C10 1030.002 9.455488847196458
C10 1049.996 4.006891970690952
C10 1080.005 0.5707483277462533
C10 1100.007 0.11632904756586517
C11 319.992 43.04554231822435
C11 330.006 49.78688229870097
C11 349.994 69.0153625974974
C11 370.001 71.24265335863284
C11 400.009 81.33687012230392
C11 429.983 84.97398835308064
C11 449.989 87.07861945768283
C11 469.993 89.1217850905732
C11 500.016 92.03970625482447
C11 549.99 95.61166040111578
C11 569.998 96.77842210956224
C11 599.983 97.8671130356852
C11 630.013 98.35206616372305
C11 649.987 98.68860190847954
C11 670.017 98.56650711298735
C11 699.987 98.36032039255835
C11 720.012 98.11332826475126
C11 749.995 98.26552795254062
C11 770.007 98.20963202966496
C11 800.008 97.38229946809302
C11 830.013 95.52963518015306
C11 869.994 90.6851510209927
C11 900.005 82.33207131601816
C11 919.989 73.6424149176552
C11 959.989 52.33775679458091
C11 1000.013 26.027970193121668
C11 1030.002 9.422214312247123
C11 1049.996 3.9967083490837365
C11 1080.005 0.5715328635656423
C11 1100.007 0.11648895045162778
C12 319.992 43.49942765121848
C12 330.006 50.31766174471089
C12 349.994 69.76687689122585
C12 370.001 71.9886442426605
C12 400.009 81.74064349044129
C12 429.983 85.19558980777809
C12 449.989 87.23601359590232
C12 469.993 89.23599781976318
C12 500.016 92.11307538145127
C12 549.99 95.65352766292135
C12 569.998 96.8081813019429
C12 599.983 97.88694542095506
C12 630.013 98.37200604513144
C12 649.987 98.70164507346114
C12 670.017 98.58068637497433
C12 699.987 98.3690290537286
C12 720.012 98.12566862282432
C12 749.995 98.27411540327253
C12 770.007 98.21867858355326
C12 800.008 97.38295894695516
C12 830.013 95.51869023165624
C12 869.994 90.65724765222856
C12 900.005 82.35332773870987
C12 919.989 73.75534258083879
C12 959.989 52.17896532946925
C12 1000.013 25.96277346649081
C12 1030.002 9.345830883635154
C12 1049.996 3.9825252992905584
C12 1080.005 0.5715828080514681
C12 1100.007 0.11649913006002059
C13 319.992 43.86590198774589
C13 330.006 50.745909705449975
C13 349.994 70.38132312417396
C13 370.001 72.61107782380047
C13 400.009 82.19577875890556
C13 429.983 85.55455063596307
C13 449.989 87.56420625497746
C13 469.993 89.54485586060649
C13 500.016 92.40453481438279
C13 549.99 95.93480740209343
C13 569.998 97.08991709574939
C13 599.983 98.16663527903171
C13 630.013 98.64899263807534
C13 649.987 98.97879495387842
C13 670.017 98.8525841381577
C13 699.987 98.6431206771978
C13 720.012 98.39752013480764
C13 749.995 98.54470979767962
C13 770.007 98.49052204038547
C13 800.008 97.65296058442394
C13 830.013 95.77566131470198
C13 869.994 90.8967209459371
C13 900.005 82.55021061778459
C13 919.989 73.87760972824417
C13 959.989 52.33981993048176
C13 1000.013 26.059472220927848
C13 1030.002 9.33764639339181
C13 1049.996 3.976959492018401
C13 1080.005 0.5731566415229323
C13 1100.007 0.11681990638097041
C14 319.992 44.09205876158022
C14 330.006 51.01317926681581
C14 349.994 70.76007481431029
C14 370.001 72.99308644910633
C14 400.009 82.36729563097612
C14 429.983 85.6210792981889
C14 449.989 87.5859845425557
C14 469.993 89.53742007597532
C14 500.016 92.37288523625448
C14 549.99 95.87803718652823
C14 569.998 97.02553534102705
C14 599.983 98.09958623478211
C14 630.013 98.57268781282532
C14 649.987 98.90568681718166
C14 670.017 98.77526164474341
C14 699.987 98.56532073515024
C14 720.012 98.32333872214019
C14 749.995 98.46431066766641
C14 770.007 98.40998105715468
C14 800.008 97.56609779715532
C14 830.013 95.68883086727912
C14 869.994 90.78176125574153
C14 900.005 82.44828958922895
C14 919.989 73.679357262607
C14 959.989 52.228152699848266
C14 1000.013 25.990887469671968
C14 1030.002 9.31499447906866
C14 1049.996 3.960896057075129
C14 1080.005 0.5726890197291404
C14 1100.007 0.11672459642516615
C15 319.992 44.38432237666878
C15 330.006 51.36432173691784
C15 349.994 71.31801935482204
C15 370.001 73.60053096216
C15 400.009 82.77383304081897
C15 429.983 85.90882667053602
C15 449.989 87.83346717460235
C15 469.993 89.76076274879048
C15 500.016 92.5739381997234
C15 549.99 96.06327395219654
C15 569.998 97.211084484493
C15 599.983 98.28957138328919
C15 630.013 98.76492990978356
C15 649.987 99.09621432838719
C15 670.017 98.97203554871612
C15 699.987 98.76265283184442
C15 720.012 98.52197593415772
C15 749.995 98.66771079499318
C15 770.007 98.61310519736229
C15 800.008 97.76573932078632
C15 830.013 95.88715709734763
C15 869.994 90.9253045032926
C15 900.005 82.53521745532579
C15 919.989 73.62579879645476
C15 959.989 52.274072210327176
C15 1000.013 26.02307102744484
C15 1030.002 9.347768726339691
C15 1049.996 3.9662311727887136
C15 1080.005 0.5738720398838726
C15 1100.007 0.11696571777613818
C16 319.992 44.447928650359735
C16 330.006 51.44362257647483
C16 349.994 71.47996456449073
C16 370.001 73.78696034395071
C16 400.009 82.78087788249177
C16 429.983 85.81479398306828
C16 449.989 87.70441548387906
C16 469.993 89.60135859635605
C16 500.016 92.3903768055825
C16 549.99 95.86390640653853
C16 569.998 97.00253854878271
C16 599.983 98.08119634505695
C16 630.013 98.55550705454205
C16 649.987 98.88545408050207
C16 670.017 98.76342759257363
C16 699.987 98.55607259939421
C16 720.012 98.31591129659151
C16 749.995 98.4621735545869
C16 770.007 98.4087894833323
C16 800.008 97.56290246504955
C16 830.013 95.6910104487133
C16 869.994 90.73426532824301
C16 900.005 82.46238579096303
C16 919.989 73.66926971290141
C16 959.989 52.280784770347445
C16 1000.013 26.108710084856877
C16 1030.002 9.358738768964695
C16 1049.996 3.972927202732728
C16 1080.005 0.5726765934688398
C16 1100.007 0.1167220637238768
C17 319.992 44.884949611365954
C17 330.006 51.96634611216239
C17 349.994 72.23783162314525
C17 370.001 74.55283793989227
C17 400.009 83.4019557439325
C17 429.983 86.35898787632524
C17 449.989 88.22832133153582
C17 469.993 90.11795723450608
C17 500.016 92.90408387203577
C17 549.99 96.38811973546802
C17 569.998 97.53153424711634
C17 599.983 98.61206556103232
C17 630.013 99.0899577053765
C17 649.987 99.42146715413924
C17 670.017 99.29276613473822
C17 699.987 99.09150883254888
C17 720.012 98.84372272464462
C17 749.995 98.99057866333783
C17 770.007 98.93410891366892
C17 800.008 98.08148837884568
C17 830.013 96.19195352840956
C17 869.994 91.19052332609623
C17 900.005 82.8563835217137
C17 919.989 74.01328160462162
C17 959.989 52.4257237515534
C17 1000.013 26.177118209236568
C17 1030.002 9.430356339801722
C17 1049.996 4.010606270749125
C17 1080.005 0.5757499062734551
C17 1100.007 0.11734846161950378
