lsstCam/transmission_sensor/r32_s10/19700101T000000.ecsv
# %ECSV 1.0
# ---
# datatype:
# - {name: amp_name, datatype: string}
# - {name: wavelength, unit: nm, datatype: float32}
# - {name: efficiency, unit: '%', datatype: float64}
# meta: !!omap
# - {MODE: AMP}
# - {TYPE: transmission_sensor}
# - {CALIBDATE: '1970-01-01T00:00:00'}
# - {INSTRUME: LSSTCam}
# - {OBSTYPE: transmission_sensor}
# - {DETECTOR: 138}
# - {PARQUETFILE: qe_raft_allvalues_nircorrected_20230725_adjust.parquet}
# - {CORRFILE: qe_corr_factor_bydetnum.parquet}
# - {CALIBCLS: lsst.ip.isr.IntermediateSensorTransmissionCurve}
# - {CALIB_ID: 'raftName=R32 detectorName=S10 detector=138 calibDate=1970-01-01T00:00:00 ccd=138 ccdnum=138 filter=None'}
# - {DATE: '2025-03-03T21:56:48.160011'}
# - {CALIB_CREATION_DATE: '2025-03-03'}
# - {CALIB_CREATION_TIME: '21:56:48'}
# - __serialized_columns__:
#     efficiency:
#       __class__: astropy.units.quantity.Quantity
#       unit: !astropy.units.Unit {unit: '%'}
#       value: !astropy.table.SerializedColumn {name: efficiency}
#     wavelength:
#       __class__: astropy.units.quantity.Quantity
#       unit: !astropy.units.Unit {unit: nm}
#       value: !astropy.table.SerializedColumn {name: wavelength}
# schema: astropy-2.0
amp_name wavelength efficiency
C00 319.992 48.94463850822837
C00 330.006 50.977099035081444
C00 349.994 69.00084786002877
C00 370.001 72.42936068518274
C00 400.009 80.5014218022035
C00 429.983 84.15640432447165
C00 449.989 85.94163637796377
C00 469.993 87.61626343151191
C00 500.016 90.27965302031028
C00 549.99 93.42005552402274
C00 569.998 94.55397056689704
C00 599.983 95.66489430016956
C00 630.013 95.93780825897765
C00 649.987 96.33336776202742
C00 670.017 96.3012419854443
C00 699.987 96.18969856470025
C00 720.012 95.5698337867042
C00 749.995 94.93773926666849
C00 770.007 94.39732240447209
C00 800.008 93.45448194514798
C00 830.013 91.78074033703216
C00 869.994 87.36153515966006
C00 900.005 80.15411529126065
C00 919.989 73.62628614403607
C00 959.989 53.78431674731023
C00 1000.013 27.67888231620916
C00 1030.002 11.496610249480867
C00 1049.996 5.728624775622791
C00 1080.005 0.6581560857489911
C00 1100.007 0.08952973681084928
C01 319.992 49.481608187566444
C01 330.006 51.54418142702828
C01 349.994 69.82416832180822
C01 370.001 73.31529046372829
C01 400.009 81.1965040344892
C01 429.983 84.75205935940778
C01 449.989 86.49920212349053
C01 469.993 88.1509740898111
C01 500.016 90.8047524333184
C01 549.99 93.93770811390772
C01 569.998 95.06785433776236
C01 599.983 96.18344747130621
C01 630.013 96.46041026179203
C01 649.987 96.8556292089063
C01 670.017 96.82531216273622
C01 699.987 96.71087780049517
C01 720.012 96.09001405842162
C01 749.995 95.45426423801143
C01 770.007 94.9180929731444
C01 800.008 93.96458932908398
C01 830.013 92.26986947534074
C01 869.994 87.79377632091911
C01 900.005 80.44750801365741
C01 919.989 73.96821187119785
C01 959.989 53.91851092172055
C01 1000.013 27.62394307590171
C01 1030.002 11.426728171514203
C01 1049.996 5.6745222623291145
C01 1080.005 0.6617369013325298
C01 1100.007 0.09001683931389393
C02 319.992 49.404532811450835
C02 330.006 51.47507127584877
C02 349.994 69.78122800229524
C02 370.001 73.28793247024232
C02 400.009 80.91119383962855
C02 429.983 84.33845795968566
C02 449.989 86.03357891264181
C02 469.993 87.65578305585043
C02 500.016 90.26888388483849
C02 549.99 93.3614496314763
C02 569.998 94.4895827913566
C02 599.983 95.59686636007402
C02 630.013 95.87464648480506
C02 649.987 96.2621310282284
C02 670.017 96.2330248476068
C02 699.987 96.12620380250182
C02 720.012 95.5116895366481
C02 749.995 94.87789980484453
C02 770.007 94.34812342365541
C02 800.008 93.39152450453668
C02 830.013 91.7053185491812
C02 869.994 87.21134242419045
C02 900.005 79.9440755260574
C02 919.989 73.35455277913776
C02 959.989 53.47391136395732
C02 1000.013 27.40580186338816
C02 1030.002 11.315958569534716
C02 1049.996 5.587383931313543
C02 1080.005 0.6577412546543364
C02 1100.007 0.08947330685520566
C03 319.992 49.71122235115184
C03 330.006 51.80442670503539
C03 349.994 70.29318952410235
C03 370.001 73.85775066153775
C03 400.009 81.3520321462818
C03 429.983 84.69765365673263
C03 449.989 86.36614313553191
C03 469.993 87.97194761846829
C03 500.016 90.5715094570424
C03 549.99 93.66719318246756
C03 569.998 94.79836864203841
C03 599.983 95.90927723949159
C03 630.013 96.18392424961593
C03 649.987 96.58297255902727
C03 670.017 96.55604593639293
C03 699.987 96.44892217490083
C03 720.012 95.83455926724068
C03 749.995 95.20079223916613
C03 770.007 94.67026663491889
C03 800.008 93.71456072914216
C03 830.013 92.02278479226368
C03 869.994 87.49172590985073
C03 900.005 80.27080489058575
C03 919.989 73.52062298911183
C03 959.989 53.49068185180377
C03 1000.013 27.613045285965388
C03 1030.002 11.407417703982073
C03 1049.996 5.603291204462346
C03 1080.005 0.6599797094419021
C03 1100.007 0.08977780645998508
C04 319.992 49.95380412797049
C04 330.006 52.06251512878427
C04 349.994 70.68368609557753
C04 370.001 74.28853121622895
C04 400.009 81.56945819133078
C04 429.983 84.80749429779914
C04 449.989 86.43792475882775
C04 469.993 88.01328354112954
C04 500.016 90.58680420250164
C04 549.99 93.66165347258325
C04 569.998 94.79302569780575
C04 599.983 95.89934057408436
C04 630.013 96.17547089450561
C04 649.987 96.57169637360704
C04 670.017 96.54595791279216
C04 699.987 96.44047638770017
C04 720.012 95.82964012594998
C04 749.995 95.19541902329475
C04 770.007 94.66182841562791
C04 800.008 93.70753014105131
C04 830.013 92.01127400164344
C04 869.994 87.47568950924304
C04 900.005 80.24033648622212
C04 919.989 73.50646343010429
C04 959.989 53.37445011101419
C04 1000.013 27.61265743059439
C04 1030.002 11.41780844396997
C04 1049.996 5.610673700353237
C04 1080.005 0.6599424569946528
C04 1100.007 0.08977273896631602
C05 319.992 50.238588353108526
C05 330.006 52.36855382825296
C05 349.994 71.17733327596389
C05 370.001 74.85747909791141
C05 400.009 81.94851208337283
C05 429.983 85.08494143450434
C05 449.989 86.67852374331076
C05 469.993 88.23058093171399
C05 500.016 90.79186428313676
C05 549.99 93.86183225147607
C05 569.998 94.98840642196271
C05 599.983 96.1012372684741
C05 630.013 96.37632321735975
C05 649.987 96.78265185588133
C05 670.017 96.7572009756342
C05 699.987 96.65672183883939
C05 720.012 96.04135239919206
C05 749.995 95.40908381723376
C05 770.007 94.88206972307711
C05 800.008 93.9247442846293
C05 830.013 92.2120582133105
C05 869.994 87.6447490435399
C05 900.005 80.36740168971576
C05 919.989 73.61171791790592
C05 959.989 53.36232631971003
C05 1000.013 27.653533602742694
C05 1030.002 11.443124047831592
C05 1049.996 5.612743996644525
C05 1080.005 0.6614236966987022
C05 1100.007 0.08997423372375855
C06 319.992 50.44792051875688
C06 330.006 52.59334344941864
C06 349.994 71.54108485463702
C06 370.001 75.27507635394352
C06 400.009 82.26709080917797
C06 429.983 85.3392534713239
C06 449.989 86.91079802714799
C06 469.993 88.44652366646608
C06 500.016 90.99880120537203
C06 549.99 94.06904918636943
C06 569.998 95.20120090628875
C06 599.983 96.3180654486585
C06 630.013 96.59447578173783
C06 649.987 96.9984659361689
C06 670.017 96.97662494883818
C06 699.987 96.87642582470144
C06 720.012 96.2623353617897
C06 749.995 95.63337395636069
C06 770.007 95.10113043661653
C06 800.008 94.1379625718973
C06 830.013 92.40556966377699
C06 869.994 87.80871537462349
C06 900.005 80.44544954222499
C06 919.989 73.66003902119996
C06 959.989 53.26873019676735
C06 1000.013 27.57449057011081
C06 1030.002 11.436945795568215
C06 1049.996 5.620850173898374
C06 1080.005 0.6629785889355736
C06 1100.007 0.09018574752079031
C07 319.992 50.660586348618395
C07 330.006 52.82740375993986
C07 349.994 71.86485516648126
C07 370.001 75.58756291245787
C07 400.009 82.42691749366769
C07 429.983 85.42611037069832
C07 449.989 86.97507985195293
C07 469.993 88.4954047950763
C07 500.016 91.03604288889747
C07 549.99 94.09687639025543
C07 569.998 95.22267106604524
C07 599.983 96.33401860225973
C07 630.013 96.61330474101669
C07 649.987 97.0124287295248
C07 670.017 96.98788599843904
C07 699.987 96.88515162456018
C07 720.012 96.26571064950609
C07 749.995 95.63359342574135
C07 770.007 95.09671077736458
C07 800.008 94.12572526194798
C07 830.013 92.36768470792892
C07 869.994 87.75396154810315
C07 900.005 80.34090643793309
C07 919.989 73.50114318960065
C07 959.989 53.09752516007676
C07 1000.013 27.541757468776034
C07 1030.002 11.499983645219837
C07 1049.996 5.655674856270407
C07 1080.005 0.6629801048575634
C07 1100.007 0.09018595373341937
C10 319.992 47.24474598822023
C10 330.006 49.18837817522776
C10 349.994 66.5449325150528
C10 370.001 70.03283072745006
C10 400.009 79.37151018354885
C10 429.983 83.63214494943779
C10 449.989 85.63565065386283
C10 469.993 87.4610456040161
C10 500.016 90.27195645616774
C10 549.99 93.5444643912194
C10 569.998 94.71606005638047
C10 599.983 95.86025988850717
C10 630.013 96.16100861911094
C10 649.987 96.56810161650999
C10 670.017 96.5474563589084
C10 699.987 96.44983032406219
C10 720.012 95.83491495899554
C10 749.995 95.21461881014784
C10 770.007 94.67489062773214
C10 800.008 93.7404505481506
C10 830.013 92.08329779804897
C10 869.994 87.74985974105768
C10 900.005 80.71492010212958
C10 919.989 74.04859820779758
C10 959.989 54.242023924635745
C10 1000.013 27.956153499014352
C10 1030.002 11.585776307295788
C10 1049.996 5.709744732953597
C10 1080.005 0.6600755649361175
C10 1100.007 0.08979084579420202
C11 319.992 47.876552927688174
C11 330.006 49.8578392492986
C11 349.994 67.49973783957785
C11 370.001 71.00493629349901
C11 400.009 79.94904007480618
C11 429.983 84.00843655444737
C11 449.989 85.93737564481506
C11 469.993 87.71209587176445
C11 500.016 90.47544241158985
C11 549.99 93.70693984409641
C11 569.998 94.8762954079928
C11 599.983 96.01516743170617
C11 630.013 96.3067135841415
C11 649.987 96.71405632255993
C11 670.017 96.69347917614544
C11 699.987 96.5879446756857
C11 720.012 95.97030486313498
C11 749.995 95.3454982401192
C11 770.007 94.80967509909735
C11 800.008 93.87163269450909
C11 830.013 92.21164197827821
C11 869.994 87.78130440576976
C11 900.005 80.58042321133215
C11 919.989 73.75637094349125
C11 959.989 53.75529381369509
C11 1000.013 27.601625310261284
C11 1030.002 11.545005139894267
C11 1049.996 5.69523326614603
C11 1080.005 0.6609828876544173
C11 1100.007 0.08991426995745265
C12 319.992 48.38137791066893
C12 330.006 50.38937516948786
C12 349.994 68.2347483633247
C12 370.001 71.74843801190457
C12 400.009 80.3459239620496
C12 429.983 84.22751997171584
C12 449.989 86.09270699095605
C12 469.993 87.8245020342118
C12 500.016 90.5475645908212
C12 549.99 93.74797305037055
C12 569.998 94.90546969980149
C12 599.983 96.03462452748832
C12 630.013 96.32623879111074
C12 649.987 96.72683852200606
C12 670.017 96.70738899413361
C12 699.987 96.59649641362185
C12 720.012 95.9823756790714
C12 749.995 95.35383050867468
C12 770.007 94.81840846686576
C12 800.008 93.87226839892203
C12 830.013 92.20107717636772
C12 869.994 87.75429453612898
C12 900.005 80.60122739503697
C12 919.989 73.86947335362898
C12 959.989 53.59220157617932
C12 1000.013 27.532486779420484
C12 1030.002 11.451412800906423
C12 1049.996 5.675022690356572
C12 1080.005 0.6610406489006521
C12 1100.007 0.08992212728686924
C13 319.992 48.78898174197124
C13 330.006 50.81823347512084
C13 349.994 68.83570093503542
C13 370.001 72.3687947040297
C13 400.009 80.79329337475497
C13 429.983 84.58240196024634
C13 449.989 86.41659838935514
C13 469.993 88.1284746943384
C13 500.016 90.83407051541097
C13 549.99 94.02364929621109
C13 569.998 95.18166813140982
C13 599.983 96.3090217965933
C13 630.013 96.59746510606064
C13 649.987 96.99844323243985
C13 670.017 96.97411997073476
C13 699.987 96.86564912131996
C13 720.012 96.24828932142734
C13 749.995 95.61638399913357
C13 770.007 95.08084087076982
C13 800.008 94.13253638065818
C13 830.013 92.44912298397388
C13 869.994 87.98609960956615
C13 900.005 80.79392151125825
C13 919.989 73.99192970012871
C13 959.989 53.75741282840493
C13 1000.013 27.6350319555574
C13 1030.002 11.441384374594362
C13 1049.996 5.667091521014027
C13 1080.005 0.6628608014395027
C13 1100.007 0.09016972475088637
C14 319.992 49.040520139893815
C14 330.006 51.08588395274788
C14 349.994 69.20613497795424
C14 370.001 72.74952867202028
C14 400.009 80.9618836986518
C14 429.983 84.64817466325786
C14 449.989 86.43809125284066
C14 469.993 88.12115652567977
C14 500.016 90.8029588387247
C14 549.99 93.96801002425843
C14 569.998 95.1185517646953
C14 599.983 96.2432415256721
C14 630.013 96.52274713380973
C14 649.987 96.92679783151821
C14 670.017 96.89826681203215
C14 699.987 96.78925107312054
C14 720.012 96.17572820343466
C14 749.995 95.53837398617274
C14 770.007 95.00308816673802
C14 800.008 94.04880502798078
C14 830.013 92.36530838429002
C14 869.994 87.87482106566083
C14 900.005 80.69416889379251
C14 919.989 73.79337045390699
C14 959.989 53.64272115723482
C14 1000.013 27.56230055959697
C14 1030.002 11.413629065850293
C14 1049.996 5.644201432204202
C14 1080.005 0.662319992636904
C14 1100.007 0.09009615790130457
C15 319.992 49.365584564293
C15 330.006 51.43752687593621
C15 349.994 69.75182667319619
C15 370.001 73.35494631044102
C15 400.009 81.36148446546963
C15 429.983 84.93265238805392
C15 449.989 86.6823304018788
C15 469.993 88.34096646227732
C15 500.016 91.00059479996571
C15 549.99 94.149556609524
C15 569.998 95.30045404171574
C15 599.983 96.4296315731316
C15 630.013 96.71099131914033
C15 649.987 97.11351329909387
C15 670.017 97.09130148418893
C15 699.987 96.98302740042577
C15 720.012 96.37002671650767
C15 749.995 95.73572993475565
C15 770.007 95.19918027440472
C15 800.008 94.24124940318266
C15 830.013 92.55674622750475
C15 869.994 88.01376788734893
C15 900.005 80.7792473343926
C15 919.989 73.73972911010932
C15 959.989 53.689884370348125
C15 1000.013 27.596429940267335
C15 1030.002 11.453787232567898
C15 1049.996 5.6518038704701095
C15 1080.005 0.6636881660664243
C15 1100.007 0.09028227212209332
C16 319.992 49.43632938396296
C16 330.006 51.51694073614232
C16 349.994 69.91021545484709
C16 370.001 73.54075362885531
C16 400.009 81.368409102825
C16 429.983 84.83968818556936
C16 449.989 86.55497004990772
C16 469.993 88.18408369465236
C16 500.016 90.82015312951313
C16 549.99 93.95416074954768
C16 569.998 95.09600696176453
C16 599.983 96.22519962899975
C16 630.013 96.50592367059554
C16 649.987 96.90696990816186
C16 670.017 96.8866576385861
C16 699.987 96.78016958150694
C16 720.012 96.16846301014377
C16 749.995 95.53630037892097
C16 770.007 95.00193784446697
C16 800.008 94.04572488874183
C16 830.013 92.3674122631805
C16 869.994 87.82884601436697
C16 900.005 80.70796519313551
C16 919.989 73.78326729448686
C16 959.989 53.696778736064786
C16 1000.013 27.687246748380772
C16 1030.002 11.467228786144737
C16 1049.996 5.661345585591005
C16 1080.005 0.6623056215553095
C16 1100.007 0.09009420298638286
C17 319.992 49.92239730280679
C17 330.006 52.04040926461483
C17 349.994 70.65143923243957
C17 370.001 74.30407570270755
C17 400.009 81.97888967282033
C17 429.983 85.37769845248815
C17 449.989 87.07200963910877
C17 469.993 88.69251100263983
C17 500.016 91.32512947068744
C17 549.99 94.46793100176784
C17 569.998 95.61460554035925
C17 599.983 96.7460231730398
C17 630.013 97.02925976064869
C17 649.987 97.43225851891192
C17 670.017 97.40593732905184
C17 699.987 97.30595767429577
C17 720.012 96.68474580837703
C17 749.995 96.04900355587652
C17 770.007 95.50907103989952
C17 800.008 94.54561559461253
C17 830.013 92.85095628414672
C17 869.994 88.27049408735577
C17 900.005 81.09358046286837
C17 919.989 74.12781151839722
C17 959.989 53.845643303385906
C17 1000.013 27.759790838576674
C17 1030.002 11.554981536827292
C17 1049.996 5.71503753978465
C17 1080.005 0.6658599354045368
C17 1100.007 0.09057770042772664
