lsstCam/transmission_sensor/r32_s10/19700101T000000.ecsv
# %ECSV 1.0
# ---
# datatype:
# - {name: amp_name, datatype: string}
# - {name: wavelength, unit: nm, datatype: float32}
# - {name: efficiency, unit: '%', datatype: float64}
# meta: !!omap
# - {MODE: AMP}
# - {TYPE: transmission_sensor}
# - {CALIBDATE: '1970-01-01T00:00:00'}
# - {INSTRUME: LSSTCAM}
# - {OBSTYPE: transmission_sensor}
# - {DETECTOR: 138}
# - {PARQUETFILE: qe_raft_allvalues_nircorrected_20230725.parquet}
# - {CALIBCLS: lsst.ip.isr.IntermediateSensorTransmissionCurve}
# - {CALIB_ID: 'raftName=R32 detectorName=S10 detector=138 calibDate=1970-01-01T00:00:00 ccd=138 ccdnum=138 filter=None'}
# - {DATE: '2023-08-02T16:57:55.980873'}
# - {CALIB_CREATION_DATE: '2023-08-02'}
# - {CALIB_CREATION_TIME: '16:57:55'}
# - __serialized_columns__:
#     efficiency:
#       __class__: astropy.units.quantity.Quantity
#       unit: !astropy.units.Unit {unit: '%'}
#       value: !astropy.table.SerializedColumn {name: efficiency}
#     wavelength:
#       __class__: astropy.units.quantity.Quantity
#       unit: !astropy.units.Unit {unit: nm}
#       value: !astropy.table.SerializedColumn {name: wavelength}
# schema: astropy-2.0
amp_name wavelength efficiency
C00 319.992 49.34228515625
C00 330.006 51.391258239746094
C00 349.994 69.56143951416016
C00 370.001 73.01780700683594
C00 400.009 81.15544891357422
C00 429.983 84.84012603759766
C00 449.989 86.63986206054688
C00 469.993 88.32809448242188
C00 500.016 91.01312255859375
C00 549.99 94.17903900146484
C00 569.998 95.3221664428711
C00 599.983 96.4421157836914
C00 630.013 96.71724700927734
C00 649.987 97.11602020263672
C00 670.017 97.08363342285156
C00 699.987 96.97118377685547
C00 720.012 96.34628295898438
C00 749.995 95.70905303955078
C00 770.007 95.16424560546875
C00 800.008 94.2137451171875
C00 830.013 92.52640533447266
C00 869.994 88.07129669189453
C00 900.005 80.8053207397461
C00 919.989 74.22445678710938
C00 959.989 54.221282958984375
C00 1000.013 27.903757095336914
C00 1030.002 11.59001350402832
C00 1049.996 5.7751665115356445
C00 1080.005 0.663503220171674
C00 1100.007 0.09025711371721068
C01 319.992 49.88361740112305
C01 330.006 51.962947845458984
C01 349.994 70.39144897460938
C01 370.001 73.91093444824219
C01 400.009 81.8561782836914
C01 429.983 85.44062042236328
C01 449.989 87.20195770263672
C01 469.993 88.86714935302734
C01 500.016 91.54248809814453
C01 549.99 94.70089721679688
C01 569.998 95.84022521972656
C01 599.983 96.96488189697266
C01 630.013 97.24409484863281
C01 649.987 97.64252471923828
C01 670.017 97.6119613647461
C01 699.987 97.49659729003906
C01 720.012 96.87068939208984
C01 749.995 96.22977447509766
C01 770.007 95.68924713134766
C01 800.008 94.72799682617188
C01 830.013 93.0195083618164
C01 869.994 88.50704956054688
C01 900.005 81.1010971069336
C01 919.989 74.56916046142578
C01 959.989 54.3565673828125
C01 1000.013 27.848371505737305
C01 1030.002 11.519563674926758
C01 1049.996 5.7206244468688965
C01 1080.005 0.6671131277938379
C01 1100.007 0.09074817364406072
C02 319.992 49.80591583251953
C02 330.006 51.89327621459961
C02 349.994 70.34815979003906
C02 370.001 73.88335418701172
C02 400.009 81.56855010986328
C02 429.983 85.0236587524414
C02 449.989 86.73255157470703
C02 469.993 88.36793518066406
C02 500.016 91.00226593017578
C02 549.99 94.11995697021484
C02 569.998 95.25725555419922
C02 599.983 96.37353515625
C02 630.013 96.65357208251953
C02 649.987 97.04420471191406
C02 670.017 97.01486206054688
C02 699.987 96.90717315673828
C02 720.012 96.28766632080078
C02 749.995 95.64872741699219
C02 770.007 95.1146469116211
C02 800.008 94.15027618408203
C02 830.013 92.45037078857422
C02 869.994 87.91988372802734
C02 900.005 80.59357452392578
C02 919.989 73.95051574707031
C02 959.989 53.908355712890625
C02 1000.013 27.62845802307129
C02 1030.002 11.407894134521484
C02 1049.996 5.632778167724609
C02 1080.005 0.6630850188162652
C02 1100.007 0.09020022530108204
C03 319.992 50.11509704589844
C03 330.006 52.22530746459961
C03 349.994 70.8642807006836
C03 370.001 74.45780181884766
C03 400.009 82.01296997070312
C03 429.983 85.38577270507812
C03 449.989 87.06781768798828
C03 469.993 88.6866683959961
C03 500.016 91.3073501586914
C03 549.99 94.42818450927734
C03 569.998 95.56855010986328
C03 599.983 96.68848419189453
C03 630.013 96.96536254882812
C03 649.987 97.3676528930664
C03 670.017 97.34050750732422
C03 699.987 97.23251342773438
C03 720.012 96.6131591796875
C03 749.995 95.9742431640625
C03 770.007 95.43940734863281
C03 800.008 94.47593688964844
C03 830.013 92.77041625976562
C03 869.994 88.20254516601562
C03 900.005 80.92295837402344
C03 919.989 74.11793518066406
C03 959.989 53.925262451171875
C03 1000.013 27.837385177612305
C03 1030.002 11.500096321105957
C03 1049.996 5.648814678192139
C03 1080.005 0.665341659743726
C03 1100.007 0.0905071987875951
C04 319.992 50.359649658203125
C04 330.006 52.48549270629883
C04 349.994 71.25794982910156
C04 370.001 74.89208221435547
C04 400.009 82.23216247558594
C04 429.983 85.49650573730469
C04 449.989 87.14018249511719
C04 469.993 88.72834014892578
C04 500.016 91.32276916503906
C04 549.99 94.42259979248047
C04 569.998 95.56316375732422
C04 599.983 96.678466796875
C04 630.013 96.95684051513672
C04 649.987 97.35628509521484
C04 670.017 97.33033752441406
C04 699.987 97.2239990234375
C04 720.012 96.60820007324219
C04 749.995 95.96882629394531
C04 770.007 95.43090057373047
C04 800.008 94.4688491821289
C04 830.013 92.7588119506836
C04 869.994 88.1863784790039
C04 900.005 80.89224243164062
C04 919.989 74.1036605834961
C04 959.989 53.80808639526367
C04 1000.013 27.836994171142578
C04 1030.002 11.510571479797363
C04 1049.996 5.656257152557373
C04 1080.005 0.6653041046420649
C04 1100.007 0.09050209012349485
C05 319.992 50.64674758911133
C05 330.006 52.79401779174805
C05 349.994 71.75560760498047
C05 370.001 75.46565246582031
C05 400.009 82.61429595947266
C05 429.983 85.77620697021484
C05 449.989 87.38273620605469
C05 469.993 88.94740295410156
C05 500.016 91.52949523925781
C05 549.99 94.62440490722656
C05 569.998 95.7601318359375
C05 599.983 96.88200378417969
C05 630.013 97.1593246459961
C05 649.987 97.56895446777344
C05 670.017 97.54329681396484
C05 699.987 97.44200134277344
C05 720.012 96.8216323852539
C05 749.995 96.1842269897461
C05 770.007 95.6529312133789
C05 800.008 94.68782806396484
C05 830.013 92.96122741699219
C05 869.994 88.3568115234375
C05 900.005 81.02033996582031
C05 919.989 74.20977020263672
C05 959.989 53.79586410522461
C05 1000.013 27.878202438354492
C05 1030.002 11.536092758178711
C05 1049.996 5.658344268798828
C05 1080.005 0.6667973785549915
C05 1100.007 0.09070522190834902
C06 319.992 50.85778045654297
C06 330.006 53.020633697509766
C06 349.994 72.122314453125
C06 370.001 75.88664245605469
C06 400.009 82.93546295166016
C06 429.983 86.03258514404297
C06 449.989 87.61689758300781
C06 469.993 89.16510009765625
C06 500.016 91.73811340332031
C06 549.99 94.83330535888672
C06 569.998 95.97465515136719
C06 599.983 97.10059356689453
C06 630.013 97.3792495727539
C06 649.987 97.7865219116211
C06 670.017 97.7645034790039
C06 699.987 97.66349029541016
C06 720.012 97.0444107055664
C06 749.995 96.41033935546875
C06 770.007 95.87377166748047
C06 800.008 94.90277862548828
C06 830.013 93.15631103515625
C06 869.994 88.52210998535156
C06 900.005 81.0990219116211
C06 919.989 74.25848388671875
C06 959.989 53.701507568359375
C06 1000.013 27.79851722717285
C06 1030.002 11.529864311218262
C06 1049.996 5.666516304016113
C06 1080.005 0.6683649033846223
C06 1100.007 0.09091845413164694
C07 319.992 51.072174072265625
C07 330.006 53.256595611572266
C07 349.994 72.44871520996094
C07 370.001 76.20166778564453
C07 400.009 83.09658813476562
C07 429.983 86.12014770507812
C07 449.989 87.68170166015625
C07 469.993 89.2143783569336
C07 500.016 91.7756576538086
C07 549.99 94.86135864257812
C07 569.998 95.99629974365234
C07 599.983 97.1166763305664
C07 630.013 97.39823150634766
C07 649.987 97.80059814453125
C07 670.017 97.7758560180664
C07 699.987 97.67228698730469
C07 720.012 97.04781341552734
C07 749.995 96.41056060791016
C07 770.007 95.86931610107422
C07 800.008 94.89044189453125
C07 830.013 93.11811828613281
C07 869.994 88.46691131591797
C07 900.005 80.9936294555664
C07 919.989 74.09829711914062
C07 959.989 53.52891159057617
C07 1000.013 27.765518188476562
C07 1030.002 11.593414306640625
C07 1049.996 5.701623916625977
C07 1080.005 0.6683664316225943
C07 1100.007 0.09091866201963336
C10 319.992 47.62858200073242
C10 330.006 49.58800506591797
C10 349.994 67.0855712890625
C10 370.001 70.601806640625
C10 400.009 80.016357421875
C10 429.983 84.31160736083984
C10 449.989 86.33139038085938
C10 469.993 88.17161560058594
C10 500.016 91.00536346435547
C10 549.99 94.30445861816406
C10 569.998 95.4855728149414
C10 599.983 96.63906860351562
C10 630.013 96.9422607421875
C10 649.987 97.3526611328125
C10 670.017 97.33184814453125
C10 699.987 97.23342895507812
C10 720.012 96.61351776123047
C10 749.995 95.9881820678711
C10 770.007 95.4440689086914
C10 800.008 94.50203704833984
C10 830.013 92.8314208984375
C10 869.994 88.46277618408203
C10 900.005 81.37068176269531
C10 919.989 74.65019989013672
C10 959.989 54.682708740234375
C10 1000.013 28.18328094482422
C10 1030.002 11.679903984069824
C10 1049.996 5.756133079528809
C10 1080.005 0.6654382940079382
C10 1100.007 0.09052034405879925
C11 319.992 48.26552200317383
C11 330.006 50.26290512084961
C11 349.994 68.04813385009766
C11 370.001 71.5818099975586
C11 400.009 80.59857940673828
C11 429.983 84.69095611572266
C11 449.989 86.63556671142578
C11 469.993 88.4247055053711
C11 500.016 91.21050262451172
C11 549.99 94.46825408935547
C11 569.998 95.64710998535156
C11 599.983 96.79523468017578
C11 630.013 97.08914947509766
C11 649.987 97.49980163574219
C11 670.017 97.47905731201172
C11 699.987 97.37266540527344
C11 720.012 96.75000762939453
C11 749.995 96.12012481689453
C11 770.007 95.57994842529297
C11 800.008 94.63428497314453
C11 830.013 92.96080780029297
C11 869.994 88.49447631835938
C11 900.005 81.23509216308594
C11 919.989 74.35559844970703
C11 959.989 54.19202423095703
C11 1000.013 27.82587242126465
C11 1030.002 11.638801574707031
C11 1049.996 5.741503715515137
C11 1080.005 0.6663529881942598
C11 1100.007 0.09064477097140705
C12 319.992 48.77444839477539
C12 330.006 50.79875946044922
C12 349.994 68.78911590576172
C12 370.001 72.33135223388672
C12 400.009 80.99868774414062
C12 429.983 84.91181945800781
C12 449.989 86.79216003417969
C12 469.993 88.53802490234375
C12 500.016 91.28321075439453
C12 549.99 94.5096206665039
C12 569.998 95.67652130126953
C12 599.983 96.81484985351562
C12 630.013 97.10883331298828
C12 649.987 97.51268768310547
C12 670.017 97.49308013916016
C12 699.987 97.38128662109375
C12 720.012 96.76217651367188
C12 749.995 96.12852478027344
C12 770.007 95.58875274658203
C12 800.008 94.63492584228516
C12 830.013 92.95015716552734
C12 869.994 88.46724700927734
C12 900.005 81.25606536865234
C12 919.989 74.46961975097656
C12 959.989 54.02760696411133
C12 1000.013 27.75617218017578
C12 1030.002 11.544448852539062
C12 1049.996 5.721128940582275
C12 1080.005 0.6664112187169393
C12 1100.007 0.09065269213704351
C13 319.992 49.18536376953125
C13 330.006 51.231101989746094
C13 349.994 69.39495086669922
C13 370.001 72.95674896240234
C13 400.009 81.44969177246094
C13 429.983 85.26958465576172
C13 449.989 87.11868286132812
C13 469.993 88.84446716308594
C13 500.016 91.5720443725586
C13 549.99 94.78753662109375
C13 569.998 95.95496368408203
C13 599.983 97.09147644042969
C13 630.013 97.38226318359375
C13 649.987 97.7864990234375
C13 670.017 97.76197814941406
C13 699.987 97.65262603759766
C13 720.012 97.0302505493164
C13 749.995 96.3932113647461
C13 770.007 95.85331726074219
C13 800.008 94.89730834960938
C13 830.013 93.2002182006836
C13 869.994 88.70093536376953
C13 900.005 81.45032501220703
C13 919.989 74.59307098388672
C13 959.989 54.19416046142578
C13 1000.013 27.85955047607422
C13 1030.002 11.53433895111084
C13 1049.996 5.713133335113525
C13 1080.005 0.6682461589338283
C13 1100.007 0.09090230118608049
C14 319.992 49.43894577026367
C14 330.006 51.50092697143555
C14 349.994 69.76839447021484
C14 370.001 73.340576171875
C14 400.009 81.6196517944336
C14 429.983 85.33589172363281
C14 449.989 87.14035034179688
C14 469.993 88.83708953857422
C14 500.016 91.54067993164062
C14 549.99 94.7314453125
C14 569.998 95.8913345336914
C14 599.983 97.02516174316406
C14 630.013 97.30693817138672
C14 649.987 97.71427154541016
C14 670.017 97.68550872802734
C14 699.987 97.57560729980469
C14 720.012 96.95709991455078
C14 749.995 96.31456756591797
C14 770.007 95.77493286132812
C14 800.008 94.81289672851562
C14 830.013 93.11572265625
C14 869.994 88.58875274658203
C14 900.005 81.34976196289062
C14 919.989 74.39289855957031
C14 959.989 54.07853698730469
C14 1000.013 27.78622817993164
C14 1030.002 11.50635814666748
C14 1049.996 5.690057277679443
C14 1080.005 0.6677009563750568
C14 1100.007 0.09082813664874302
C15 319.992 49.76665115356445
C15 330.006 51.85542678833008
C15 349.994 70.31851959228516
C15 370.001 73.95091247558594
C15 400.009 82.02249908447266
C15 429.983 85.6226806640625
C15 449.989 87.3865737915039
C15 469.993 89.05868530273438
C15 500.016 91.73992156982422
C15 549.99 94.91446685791016
C15 569.998 96.07471466064453
C15 599.983 97.21306610107422
C15 630.013 97.49671173095703
C15 649.987 97.90250396728516
C15 670.017 97.88011169433594
C15 699.987 97.77095794677734
C15 720.012 97.1529769897461
C15 749.995 96.5135269165039
C15 770.007 95.97261810302734
C15 800.008 95.00690460205078
C15 830.013 93.3087158203125
C15 869.994 88.72882843017578
C15 900.005 81.43553161621094
C15 919.989 74.33882141113281
C15 959.989 54.12608337402344
C15 1000.013 27.820634841918945
C15 1030.002 11.546842575073242
C15 1049.996 5.697721481323242
C15 1080.005 0.6690802454159034
C15 1100.007 0.09101576293905157
C16 319.992 49.83797073364258
C16 330.006 51.93548583984375
C16 349.994 70.47819519042969
C16 370.001 74.13822937011719
C16 400.009 82.02947998046875
C16 429.983 85.52896118164062
C16 449.989 87.2581787109375
C16 469.993 88.90052795410156
C16 500.016 91.55801391601562
C16 549.99 94.71748352050781
C16 569.998 95.86860656738281
C16 599.983 97.00697326660156
C16 630.013 97.28997802734375
C16 649.987 97.69428253173828
C16 670.017 97.6738052368164
C16 699.987 97.56645202636719
C16 720.012 96.94977569580078
C16 749.995 96.3124771118164
C16 770.007 95.77377319335938
C16 800.008 94.8097915649414
C16 830.013 93.11784362792969
C16 869.994 88.54240417480469
C16 900.005 81.3636703491211
C16 919.989 74.3827133178711
C16 959.989 54.133033752441406
C16 1000.013 27.912189483642578
C16 1030.002 11.560393333435059
C16 1049.996 5.707340717315674
C16 1080.005 0.6676864685368041
C16 1100.007 0.0908261658512775
C17 319.992 50.32798767089844
C17 330.006 52.46320724487305
C17 349.994 71.2254409790039
C17 370.001 74.90775299072266
C17 400.009 82.6449203491211
C17 429.983 86.07134246826172
C17 449.989 87.7794189453125
C17 469.993 89.4130859375
C17 500.016 92.06709289550781
C17 549.99 95.23542785644531
C17 569.998 96.39141845703125
C17 599.983 97.53202819824219
C17 630.013 97.81756591796875
C17 649.987 98.22383880615234
C17 670.017 98.19730377197266
C17 699.987 98.09651184082031
C17 720.012 97.47025299072266
C17 749.995 96.829345703125
C17 770.007 96.28502655029297
C17 800.008 95.3137435913086
C17 830.013 93.60531616210938
C17 869.994 88.98764038085938
C17 900.005 81.7524185180664
C17 919.989 74.73005676269531
C17 959.989 54.28310775756836
C17 1000.013 27.985322952270508
C17 1030.002 11.648859024047852
C17 1049.996 5.761468887329102
C17 1080.005 0.6712696591135187
C17 1100.007 0.09131359142740247
