lsstCam/transmission_filter_detector/r24_s11/r_57/19700101T000000.ecsv
# %ECSV 1.0
# ---
# datatype:
# - {name: wavelength, unit: nm, datatype: float32}
# - {name: efficiency, unit: '%', datatype: float64}
# meta: !!omap
# - {MODE: DETECTOR}
# - {TYPE: transmission_filter_detector}
# - {CALIBDATE: '1970-01-01T00:00:00'}
# - {INSTRUME: LSSTCam}
# - {OBSTYPE: transmission_filter_detector}
# - {CALIBCLS: lsst.ip.isr.IntermediateFilterDetectorTransmissionCurve}
# - {SOURCE: Materion (DM-46256)}
# - {DETECTOR: 112}
# - {FILTER: r_57}
# - {CALIB_ID: 'calibDate=1970-01-01T00:00:00 filter=r_57 detector=112'}
# - {DATE: '2025-04-02T15:59:44.701406'}
# - {CALIB_CREATION_DATE: '2025-04-02'}
# - {CALIB_CREATION_TIME: '15:59:44'}
# - __serialized_columns__:
#     efficiency:
#       __class__: astropy.units.quantity.Quantity
#       unit: !astropy.units.Unit {unit: '%'}
#       value: !astropy.table.SerializedColumn {name: efficiency}
#     wavelength:
#       __class__: astropy.units.quantity.Quantity
#       unit: !astropy.units.Unit {unit: nm}
#       value: !astropy.table.SerializedColumn {name: wavelength}
# schema: astropy-2.0
wavelength efficiency
300.0 0.0026790439733304083
301.0 0.006677133933408186
302.0 0.010675224621081725
303.0 0.012971831893082708
304.0 0.015268439892679453
305.0 0.013805017806589603
306.0 0.012341595720499754
307.0 0.010624182323226705
308.0 0.00890677038114518
309.0 0.008035630162339658
310.0 0.007164490671129897
311.0 0.006650755676673725
312.0 0.006137020682217553
313.0 0.005496726589626633
314.0 0.004856431041844189
315.0 0.0044415093725547194
316.0 0.004026588794658892
317.0 0.004056884426972829
318.0 0.004087180059286766
319.0 0.003819540506810881
320.0 0.0035519009543349966
321.0 0.0035086635762127116
322.0 0.003465425834292546
323.0 0.0032021056540543213
324.0 0.002938785655715037
325.0 0.00294296296488028
326.0 0.0029471408197423443
327.0 0.0029963575798319653
328.0 0.003045574703719467
329.0 0.0030325349143822677
330.0 0.003019494761247188
331.0 0.0027233705623075366
332.0 0.0024272463633678854
333.0 0.002104614941345062
334.0 0.0017819837012211792
335.0 0.0016463547581224702
336.0 0.0015107258150237612
337.0 0.0014117717910266947
338.0 0.001312817676080158
339.0 0.0012712416719296016
340.0 0.0012296654858801048
341.0 0.0011714558240782935
342.0 0.0011132463441754226
343.0 0.001102096211980097
344.0 0.0010909461707342416
345.0 0.001012537359201815
346.0 0.0009341286386188585
347.0 0.0009475967999605928
348.0 0.0009610650522517972
349.0 0.0009428765224583913
350.0 0.004961506419931538
351.0 0.005449692980619147
352.0 0.005937879177508876
353.0 0.005749205229221843
354.0 0.005560532008530572
355.0 0.005017054354539141
356.0 0.004473577791941352
357.0 0.005408960350905545
358.0 0.00634434400126338
359.0 0.005065695222583599
360.0 0.0037870464439038187
361.0 0.002540322566346731
362.0 0.0012935987797391135
363.0 0.002215401218563784
364.0 0.0031372037483379245
365.0 0.0032462594390381128
366.0 0.0033553158573340625
367.0 0.003072622712352313
368.0 0.0027899293854716234
369.0 0.002665643478394486
370.0 0.0025413575713173486
371.0 0.0026291059839422815
372.0 0.002716854760365095
373.0 0.002863877125491854
374.0 0.0030108994906186126
375.0 0.00252793852268951
376.0 0.0020449779185582884
377.0 0.0013507759831554722
378.0 0.0006565741841768613
379.0 0.0012419910490280017
380.0 0.0018274082322022878
381.0 0.002329692324565258
382.0 0.0028319767807261087
383.0 0.0031488823879044503
384.0 0.003465788540779613
385.0 0.004583090412779711
386.0 0.005700391557184048
387.0 0.0050539416406536475
388.0 0.004407491724123247
389.0 0.003610432395362295
390.0 0.0028133727028034627
391.0 0.002203766234742943
392.0 0.001594159948581364
393.0 0.0016803585822344758
394.0 0.0017665566701907665
395.0 0.001359820907964604
396.0 0.0009530851457384415
397.0 0.0008953419637691695
398.0 0.0008375990546483081
399.0 0.0006541227776324376
400.0 0.0004706460913439514
401.0 0.0002720765905905864
402.0 7.350654982474225e-05
403.0 0.0001209888296216377
404.0 0.0001684712515270803
405.0 0.0006862657755846158
406.0 0.0012040601177432109
407.0 0.0017235030099982396
408.0 0.0022429459932027385
409.0 0.0017480762835475616
410.0 0.001253206664841855
411.0 0.0010076279068016447
412.0 0.0007620491487614345
413.0 0.0008832571438688319
414.0 0.0010044651389762294
415.0 0.0010412120900582522
416.0 0.0010779594049381558
417.0 0.0014744637155672535
418.0 0.0018709682990447618
419.0 0.0023228867576108314
420.0 0.0027748050342779607
421.0 0.004200186231173575
422.0 0.0056255670642713085
423.0 0.008835297921905294
424.0 0.012045027688145638
425.0 0.01620544644538313
426.0 0.020365860837046057
427.0 0.020878808572888374
428.0 0.02139175630873069
429.0 0.016495294403284788
430.0 0.011598831770243123
431.0 0.008271256956504658
432.0 0.00494368068757467
433.0 0.004058410195284523
434.0 0.0031731393391964957
435.0 0.002535147905291524
436.0 0.0018971561075886711
437.0 0.001536846139060799
438.0 0.0011765364433813374
439.0 0.001008501658361638
440.0 0.0008404667823924683
441.0 0.001083262759493664
442.0 0.0013260588275443297
443.0 0.0016696239981683902
444.0 0.002013189259741921
445.0 0.0018849546904675663
446.0 0.0017567203030921519
447.0 0.0015227707990561612
448.0 0.0012888214769191109
449.0 0.0012888598575955257
450.0 0.0012888978744740598
451.0 0.0014836575246590655
452.0 0.0016784171748440713
453.0 0.001680128843872808
454.0 0.0016818405129015446
455.0 0.0014998078768257983
456.0 0.001317775786446873
457.0 0.0009257764759240672
458.0 0.0005337772108759964
459.0 0.0007594130238430807
460.0 0.00098504879133543
461.0 0.0016110261640278623
462.0 0.002237003172922414
463.0 0.0030209088436095044
464.0 0.0038048143323976547
465.0 0.004879076004726812
466.0 0.005953336949460208
467.0 0.006537078297697008
468.0 0.007120819645933807
469.0 0.006114178540883586
470.0 0.005107537435833365
471.0 0.003911227759090252
472.0 0.002714917718549259
473.0 0.0021369700334616937
474.0 0.0015590219845762476
475.0 0.0012502915524237324
476.0 0.0009415612112206873
477.0 0.0008239969247370027
478.0 0.0007064325927785831
479.0 0.0008753443580644671
480.0 0.0010442559869261459
481.0 0.0008228789738495834
482.0 0.0006015020062477561
483.0 0.0006678953013761202
484.0 0.0007342885965044843
485.0 0.0006907887836860027
486.0 0.0006472888344433159
487.0 0.0005835350748384371
488.0 0.0005197812242840882
489.0 0.0006040867447154596
490.0 0.000688392265146831
491.0 0.0008152532245730981
492.0 0.0009421141839993652
493.0 0.0009906756531563587
494.0 0.0010392372132628225
495.0 0.0009710161975817755
496.0 0.0009027951819007285
497.0 0.0010645419024513103
498.0 0.001226288532052422
499.0 0.0012586697266669944
500.0 0.001291051012231037
501.0 0.001430136944691185
502.0 0.0015692230590502732
503.0 0.0019479770344332792
504.0 0.0023267311917152256
505.0 0.0028927675884915516
506.0 0.0034588043490657583
507.0 0.004123687540413812
508.0 0.004788570731761865
509.0 0.005221927131060511
510.0 0.005655283166561276
511.0 0.005102420982439071
512.0 0.0045495584345189855
513.0 0.0038715275877621025
514.0 0.003193496377207339
515.0 0.0029800334232277237
516.0 0.002766570651147049
517.0 0.002656305514392443
518.0 0.0025460401957388967
519.0 0.05779642378911376
520.0 0.07881333585828543
521.0 0.10824148776009679
522.0 0.1300375210121274
523.0 0.188061420340091
524.0 0.07786083733662963
525.0 0.08556965622119606
526.0 0.10357196442782879
527.0 0.10943057714030147
528.0 0.15016398392617702
529.0 0.16402690671384335
530.0 0.12843089643865824
531.0 0.20088704768568277
532.0 0.2477859379723668
533.0 0.29693597462028265
534.0 0.448363833129406
535.0 0.5216002929955721
536.0 0.8204460144042969
537.0 1.2520975433290005
538.0 1.9401678815484047
539.0 3.037645108997822
540.0 4.7310784459114075
541.0 6.897752732038498
542.0 9.535766392946243
543.0 12.980444729328156
544.0 17.161592841148376
545.0 22.039134800434113
546.0 27.75917947292328
547.0 34.49854254722595
548.0 42.76586174964905
549.0 50.84838271141052
550.0 57.45055079460144
551.0 64.65187668800354
552.0 69.40049529075623
553.0 73.76957535743713
554.0 77.7854859828949
555.0 81.71233534812927
556.0 85.26463508605957
557.0 87.88143992424011
558.0 90.97647070884705
559.0 93.28758120536804
560.0 93.62820982933044
561.0 95.46716213226318
562.0 95.86610794067383
563.0 95.4702615737915
564.0 95.62419652938843
565.0 95.32639384269714
566.0 95.77649235725403
567.0 95.83314657211304
568.0 96.0465133190155
569.0 96.75936102867126
570.0 96.04908227920532
571.0 96.9991683959961
572.0 96.7425525188446
573.0 96.76312208175659
574.0 96.93329334259033
575.0 97.21242189407349
576.0 97.4058747291565
577.0 97.25736379623413
578.0 97.42491841316223
579.0 97.29949235916138
580.0 96.87318801879883
581.0 96.45689725875854
582.0 96.8240737915039
583.0 96.70981168746948
584.0 96.28657102584839
585.0 96.54727578163147
586.0 96.89778685569763
587.0 96.16761803627014
588.0 96.61993384361267
589.0 97.6073682308197
590.0 96.75256609916687
591.0 96.17770314216614
592.0 96.09293341636658
593.0 95.63895463943481
594.0 95.99211812019348
595.0 96.5442955493927
596.0 97.28420972824097
597.0 97.43943214416504
598.0 96.90713286399841
599.0 96.94982767105103
600.0 97.20941185951233
601.0 96.37991786003113
602.0 97.14764356613159
603.0 96.41811847686768
604.0 96.12231850624084
605.0 96.8731701374054
606.0 95.99589109420776
607.0 96.25930190086365
608.0 96.47247195243835
609.0 95.68420648574829
610.0 95.9560751914978
611.0 95.95534801483154
612.0 95.69827914237976
613.0 97.05621600151062
614.0 96.87486290931702
615.0 96.37196063995361
616.0 96.71763777732849
617.0 96.51806354522705
618.0 96.44451141357422
619.0 97.30159044265747
620.0 96.38952016830444
621.0 95.75451016426086
622.0 96.63352966308594
623.0 96.67062163352966
624.0 96.53852581977844
625.0 96.93795442581177
626.0 96.0634171962738
627.0 95.03032565116882
628.0 97.30924367904663
629.0 95.64172029495239
630.0 96.4805006980896
631.0 96.15378379821777
632.0 96.84416651725769
633.0 96.73081636428833
634.0 95.98267078399658
635.0 96.40685319900513
636.0 96.07998132705688
637.0 95.78028321266174
638.0 95.66567540168762
639.0 95.61509490013123
640.0 95.58308720588684
641.0 95.69006562232971
642.0 96.26957178115845
643.0 96.19810581207275
644.0 96.19132876396179
645.0 96.60831093788147
646.0 96.37834429740906
647.0 97.15084433555603
648.0 96.46868705749512
649.0 95.5815315246582
650.0 96.44439816474915
651.0 97.12786674499512
652.0 96.86942100524902
653.0 95.79455852508545
654.0 96.72480821609497
655.0 96.75678610801697
656.0 95.49477100372314
657.0 95.97864151000977
658.0 96.24943733215332
659.0 96.1895227432251
660.0 95.47567963600159
661.0 95.4358458518982
662.0 95.84984183311462
663.0 95.84265351295471
664.0 95.05622386932373
665.0 95.31504511833191
666.0 95.1344907283783
667.0 95.79077363014221
668.0 95.11709809303284
669.0 95.83542943000793
670.0 95.34483551979065
671.0 95.88698148727417
672.0 95.3222930431366
673.0 95.3044593334198
674.0 94.83421444892883
675.0 95.44976949691772
676.0 95.14707922935486
677.0 94.09637451171875
678.0 93.57615113258362
679.0 92.12679266929626
680.0 91.5772557258606
681.0 89.96447920799255
682.0 87.7012848854065
683.0 84.73399877548218
684.0 81.333327293396
685.0 77.6533305644989
686.0 73.75577688217163
687.0 69.32917833328247
688.0 64.72776532173157
689.0 60.27953624725342
690.0 55.13399839401245
691.0 51.18796229362488
692.0 46.51539325714111
693.0 41.967782378196716
694.0 37.07263767719269
695.0 31.791621446609497
696.0 26.16179883480072
697.0 21.033930778503418
698.0 15.38645625114441
699.0 10.932616889476776
700.0 7.551059126853943
701.0 4.613038897514343
702.0 2.878492698073387
703.0 1.697721891105175
704.0 1.0043700225651264
705.0 0.5859490018337965
706.0 0.33764804247766733
707.0 0.2115564187988639
708.0 0.20190076902508736
709.0 0.1107801916077733
710.0 0.10539040667936206
711.0 0.061767082661390305
712.0 0.09124861098825932
713.0 0.05051910993643105
714.0 0.046080321772024035
715.0 0.06680189981125295
716.0 0.07333098910748959
717.0 0.09433770319446921
718.0 0.06462421151809394
719.0 0.01982188696274534
720.0 1.6397474740872942e-10
721.0 0.004480611460166983
722.0 0.0042178431613137946
723.0 0.003955074862460606
724.0 0.0036787278077099472
725.0 0.0034023807529592887
726.0 0.0031130322895478457
727.0 0.002823683826136403
728.0 0.0027123067411594093
729.0 0.0026009294742834754
730.0 0.002405968916718848
731.0 0.0022110083591542207
732.0 0.0021610789190162905
733.0 0.00211114929697942
734.0 0.0020294328351155855
735.0 0.0019477161913528107
736.0 0.0017944645151146688
737.0 0.0016412130207754672
738.0 0.0016172725736396387
739.0 0.0015933323084027506
740.0 0.0015666701074223965
741.0 0.0015400080883409828
742.0 0.0014214508155419026
743.0 0.001302893360843882
744.0 0.0013598990335594863
745.0 0.0014169047062750906
746.0 0.0013062590369372629
747.0 0.0011956133675994352
748.0 0.0011231897588004358
749.0 0.0010507660590519663
750.0 0.0010459690201969352
751.0 0.0010411723451397847
752.0 0.001087306736735627
753.0 0.0011334413102304097
754.0 0.0011008041838067584
755.0 0.001068167512130458
756.0 0.0010404172826383729
757.0 0.0010126668712473474
758.0 0.0010385071618657093
759.0 0.0010643474524840713
760.0 0.001024152970785508
761.0 0.000983958670985885
762.0 0.0009672681699157692
763.0 0.0009505779416940641
764.0 0.0009589810360921547
765.0 0.0009673842214397155
766.0 0.0008151783731591422
767.0 0.0006629724794038339
768.0 0.0006435386694647605
769.0 0.0006241047231014818
770.0 0.0006987696906435303
771.0 0.0007734348400845192
772.0 0.0007389858183159959
773.0 0.0007045366601232672
774.0 0.0008413478099100757
775.0 0.0009781589142221492
776.0 0.0009836674507823773
777.0 0.0009891760782920755
778.0 0.0008608221833128482
779.0 0.0007324684247578261
780.0 0.0006759595180483302
781.0 0.0006194507022883045
782.0 0.0007310630735446466
783.0 0.000842675581225194
784.0 0.0008310366865771357
785.0 0.0008193977009796072
786.0 0.0007417695087497123
787.0 0.0006641413619945524
788.0 0.0006193171884660842
789.0 0.0005744931058870861
790.0 0.0006604408099519787
791.0 0.0007463885594916064
792.0 0.0007458379968738882
793.0 0.0007452873887814349
794.0 0.0007812369403836783
795.0 0.0008171863555617165
796.0 0.0007025931608950486
797.0 0.0005879999207536457
798.0 0.0006658359325228957
799.0 0.0007436719897668809
800.0 0.00069184416133794
801.0 0.0006400160600605886
802.0 0.0005897063147131121
803.0 0.0005393963419919601
804.0 0.0006218363068910548
805.0 0.0007042762717901496
806.0 0.0006730654604325537
807.0 0.0006418546490749577
808.0 0.000697417272021994
809.0 0.0007529798494942952
810.0 0.0007104672022251179
811.0 0.000667954736854881
812.0 0.0006409127308870666
813.0 0.000613870679444517
814.0 0.0005072521616966696
815.0 0.00040063373489829246
816.0 0.0005376180070015835
817.0 0.0006746024610038148
818.0 0.000611456562182866
819.0 0.0005483106178871822
820.0 0.00046462560021609534
821.0 0.00038094055980764097
822.0 0.00045757542466162704
823.0 0.0005342103122529807
824.0 0.0005247536137176212
825.0 0.0005152968242327916
826.0 0.0005403492195910076
827.0 0.0005654015694744885
828.0 0.00046311633923323825
829.0 0.0003608309953051503
830.0 0.00018584540839583497
831.0 1.0859859145284645e-05
832.0 1.6397474740872942e-10
833.0 1.6397474740872942e-10
834.0 1.6397474740872942e-10
835.0 5.217175385041628e-05
836.0 0.0002339112370464136
837.0 0.000415650765717146
838.0 0.0007036218448774889
839.0 0.000991592969512567
840.0 0.0013143813703209162
841.0 0.0016371697711292654
842.0 0.002092854083457496
843.0 0.002548538577684667
844.0 0.0027272631996311247
845.0 0.0029059878215775825
846.0 0.003124883005511947
847.0 0.003343778371345252
848.0 0.003209566420991905
849.0 0.0030753544706385583
850.0 0.002491638770152349
851.0 0.0019079230696661398
852.0 0.0015851645002840087
853.0 0.0012624058399524074
854.0 0.0010830182873178273
855.0 0.0009036304618348368
856.0 0.0007088506663421867
857.0 0.0005140708253748016
858.0 0.000572673980059335
859.0 0.0006312771347438684
860.0 0.0005120103196532
861.0 0.0003927434590877965
862.0 0.0004365051609056536
863.0 0.0004802668627235107
864.0 0.0003561301582521992
865.0 0.00023199352199299028
866.0 0.00020421248336788267
867.0 0.0001764313878993562
868.0 0.00015966901401043287
869.0 0.00014290659464677447
870.0 7.555360639344144e-05
871.0 8.200613876852003e-06
872.0 1.6397474740872942e-10
873.0 1.6397474740872942e-10
874.0 1.6397474740872942e-10
875.0 1.6397474740872942e-10
876.0 1.6397474740872942e-10
877.0 7.88219381320232e-05
878.0 0.00012919640539621469
879.0 0.00017957084992303862
880.0 0.00015451447552550235
881.0 0.00012945810112796607
882.0 0.0001586165694789088
883.0 0.00018777507193590282
884.0 7.887011861384963e-05
885.0 1.6397474740872942e-10
886.0 7.316186270145408e-05
887.0 0.00017635853737374418
888.0 0.0002216283064626623
889.0 0.0002668980869202642
890.0 0.000195359211829782
891.0 0.00012382029126456473
892.0 1.1179136549799296e-05
893.0 1.6397474740872942e-10
894.0 1.6397474740872942e-10
895.0 2.848536269084434e-05
896.0 4.963381456946081e-05
897.0 7.078230623847048e-05
898.0 0.0001064596858668665
899.0 0.0001421370711796044
900.0 6.660748113063164e-05
901.0 1.6397474740872942e-10
