lsstCam/transmission_filter_detector/r24_s11/r_57/19700101T000000.ecsv
# %ECSV 1.0
# ---
# datatype:
# - {name: wavelength, unit: nm, datatype: float32}
# - {name: efficiency, unit: '%', datatype: float64}
# meta: !!omap
# - {MODE: DETECTOR}
# - {TYPE: transmission_filter_detector}
# - {CALIBDATE: '1970-01-01T00:00:00'}
# - {INSTRUME: LSSTCam}
# - {OBSTYPE: transmission_filter_detector}
# - {CALIBCLS: lsst.ip.isr.IntermediateFilterDetectorTransmissionCurve}
# - {SOURCE: Materion (DM-46256)}
# - {DETECTOR: 112}
# - {FILTER: r_57}
# - {CALIB_ID: 'calibDate=1970-01-01T00:00:00 filter=r_57 detector=112'}
# - {DATE: '2025-04-02T15:59:44.701406'}
# - {CALIB_CREATION_DATE: '2025-04-02'}
# - {CALIB_CREATION_TIME: '15:59:44'}
# - __serialized_columns__:
#     efficiency:
#       __class__: astropy.units.quantity.Quantity
#       unit: !astropy.units.Unit {unit: '%'}
#       value: !astropy.table.SerializedColumn {name: efficiency}
#     wavelength:
#       __class__: astropy.units.quantity.Quantity
#       unit: !astropy.units.Unit {unit: nm}
#       value: !astropy.table.SerializedColumn {name: wavelength}
# schema: astropy-2.0
wavelength efficiency
[from data line 603]
903.0 1.6397474740872942e-10
904.0 1.6397474740872942e-10
905.0 1.6397474740872942e-10
906.0 1.6397474740872942e-10
907.0 1.6397474740872942e-10
908.0 1.6397474740872942e-10
909.0 1.6397474740872942e-10
910.0 1.6397474740872942e-10
911.0 1.6397474740872942e-10
912.0 1.6397474740872942e-10
913.0 1.6397474740872942e-10
914.0 1.6397474740872942e-10
915.0 2.25084306748613e-05
916.0 4.209274706568067e-06
917.0 1.6397474740872942e-10
918.0 8.521472523170814e-05
919.0 0.00018451928553986363
920.0 0.00010423686944704968
921.0 2.395442777469725e-05
922.0 0.0001281242361983459
923.0 0.0002322940417798236
924.0 0.00019183478343620664
925.0 0.0001513755137239059
926.0 0.0001379970171910827
927.0 0.0001246185206582595
928.0 0.00013252698636279092
929.0 0.00014043542932995479
930.0 0.00019156561847921694
931.0 0.0002426958417345304
932.0 0.00013249776884549647
933.0 2.229973574685573e-05
934.0 9.845280146691948e-05
935.0 0.00017460586150264135
936.0 0.00023406271338899387
937.0 0.0002935195652753464
938.0 0.00029439033824019134
939.0 0.0002952611112050363
940.0 0.00028264041702641407
941.0 0.0002700197001104243
942.0 0.0003343455773574533
943.0 0.00039867150007921737
944.0 0.0003360039727340336
945.0 0.0002733364908635849
946.0 0.0003338196620461531
947.0 0.0003943028332287213
948.0 0.0004339257884566905
949.0 0.0004735488346341299
950.0 0.0005219960712565808
951.0 0.0005704433988285018
952.0 0.0007091345196386101
953.0 0.0008478258678223938
954.0 0.0011095497029600665
955.0 0.0013712737199966796
956.0 0.001440644609829178
957.0 0.0015100154996616766
958.0 0.0017082846170524135
959.0 0.0019065540982410312
960.0 0.0019846000213874504
961.0 0.00206264612643281
962.0 0.0022308482584776357
963.0 0.0023990503905224614
964.0 0.00241660927713383
965.0 0.002434167981846258
966.0 0.002473214772180654
967.0 0.00251226138061611
968.0 0.0024273009330499917
969.0 0.002342340667382814
970.0 0.002383620994805824
971.0 0.0024249016860267147
972.0 0.0025265171643695794
973.0 0.0026281324608135037
974.0 0.0028678732633125037
975.0 0.0031076138839125633
976.0 0.003178399128955789
977.0 0.003249184010201134
978.0 0.0031907111406326294
979.0 0.003132238271064125
980.0 0.003075348649872467
981.0 0.003018459028680809
982.0 0.003068962541874498
983.0 0.0031194660550681874
984.0 0.003068909063586034
985.0 0.0030183520721038803
986.0 0.002908013266278431
987.0 0.0027976744604529813
988.0 0.0026460455046617426
989.0 0.0024944169126683846
990.0 0.002547955773479771
991.0 0.0026014948161900975
992.0 0.002621674138936214
993.0 0.0026418538254802115
994.0 0.0027268537451163866
995.0 0.0028118531190557405
996.0 0.0028394208129611798
997.0 0.0028669883249676786
998.0 0.00299578550766455
999.0 0.003124582872260362
1000.0 0.00324329812428914
1001.0 0.0033620133763179183
1002.0 0.0035995868529425934
1003.0 0.0038371603295672685
1004.0 0.003920334711438045
1005.0 0.004003508729510941
1006.0 0.0041983628761954606
1007.0 0.004393217386677861
1008.0 0.004342048487160355
1009.0 0.004290879223844968
1010.0 0.004274804086890072
1011.0 0.004258728586137295
1012.0 0.004252675716998056
1013.0 0.004246622847858816
1014.0 0.004063693268108182
1015.0 0.003880763688357547
1016.0 0.003650036160252057
1017.0 0.003419308995944448
1018.0 0.0030056771720410325
1019.0 0.002592045711935498
1020.0 0.0022322501536109485
1021.0 0.0018724544133874588
1022.0 0.0016143700122484006
1023.0 0.0013562852473114617
1024.0 0.0013703422155231237
1025.0 0.0013843991837347858
1026.0 0.0012323919690970797
1027.0 0.0010803845725604333
1028.0 0.0010408720299892593
1029.0 0.0010013592145696748
1030.0 0.0009289098670706153
1031.0 0.0008564599738747347
1032.0 0.0007843050298106391
1033.0 0.000712149858372868
1034.0 0.0007630575055372901
1035.0 0.000813965016277507
1036.0 0.0008409699148614891
1037.0 0.000867974722496001
1038.0 0.000795001869846601
1039.0 0.0007220290626719361
1040.0 0.000749483706385945
1041.0 0.0007769383955746889
1042.0 0.0008455103852611501
1043.0 0.0009140821930486709
1044.0 0.0008784801138972398
1045.0 0.0008428783075942192
1046.0 0.0009202592082147021
1047.0 0.0009976402907341253
1048.0 0.0008495161637256388
1049.0 0.0007013922640908277
1050.0 0.0007035068392724497
1051.0 0.0007056213689793367
1052.0 0.0009674186003394425
1053.0 0.0012292154679016676
1054.0 0.0010279690286552068
1055.0 0.000826722589408746
1056.0 0.0008965857887233142
1057.0 0.0009664491699368227
1058.0 0.0008701414117240347
1059.0 0.0007738335625617765
1060.0 0.0009760275133885443
1061.0 0.0011782211004174314
1062.0 0.0013198124179325532
1063.0 0.0014614036444982048
1064.0 0.0010965044566546567
1065.0 0.0007316050414374331
1066.0 0.0011653825822577346
1067.0 0.0015991603504517116
1068.0 0.001867120954557322
1069.0 0.002135081376763992
1070.0 0.0016873058484634385
1071.0 0.001239530411112355
1072.0 0.0014533588000631426
1073.0 0.0016671870980644599
1074.0 0.0021901394575252198
1075.0 0.0027130918169859797
1076.0 0.00304278564726701
1077.0 0.003372479841345921
1078.0 0.003653658859548159
1079.0 0.0039348382415482774
1080.0 0.004085253021912649
1081.0 0.004235667802277021
1082.0 0.004158551018917933
1083.0 0.004081434599356726
1084.0 0.004465967140276916
1085.0 0.004850499681197107
1086.0 0.005011438042856753
1087.0 0.005172376040718518
1088.0 0.005177685306989588
1089.0 0.0051829945732606575
1090.0 0.00462348252767697
1091.0 0.004063970118295401
1092.0 0.003950528480345383
1093.0 0.0038370864785974845
1094.0 0.004167626684647985
1095.0 0.004498167254496366
1096.0 0.0035613156796898693
1097.0 0.002624464286782313
1098.0 0.002269836659252178
1099.0 0.0019152093955199234
1100.0 0.0020098212189623155
1101.0 0.0021044324967078865
