lsstCam/transmission_filter_detector/r02_s20/g_6/19700101T000000.ecsv
# %ECSV 1.0
# ---
# datatype:
# - {name: wavelength, unit: nm, datatype: float32}
# - {name: efficiency, unit: '%', datatype: float64}
# meta: !!omap
# - {MODE: DETECTOR}
# - {TYPE: transmission_filter_detector}
# - {CALIBDATE: '1970-01-01T00:00:00'}
# - {INSTRUME: LSSTCam}
# - {OBSTYPE: transmission_filter_detector}
# - {CALIBCLS: lsst.ip.isr.IntermediateFilterDetectorTransmissionCurve}
# - {SOURCE: Materion (DM-46256)}
# - {DETECTOR: 15}
# - {FILTER: g_6}
# - {CALIB_ID: 'calibDate=1970-01-01T00:00:00 filter=g_6 detector=15'}
# - {DATE: '2025-04-02T15:59:42.099627'}
# - {CALIB_CREATION_DATE: '2025-04-02'}
# - {CALIB_CREATION_TIME: '15:59:42'}
# - __serialized_columns__:
#     efficiency:
#       __class__: astropy.units.quantity.Quantity
#       unit: !astropy.units.Unit {unit: '%'}
#       value: !astropy.table.SerializedColumn {name: efficiency}
#     wavelength:
#       __class__: astropy.units.quantity.Quantity
#       unit: !astropy.units.Unit {unit: nm}
#       value: !astropy.table.SerializedColumn {name: wavelength}
# schema: astropy-2.0
wavelength efficiency
300.0 0.4879504907876253
301.0 0.3669674042612314
302.0 0.2459842711687088
303.0 0.22085201926529408
304.0 0.19571972079575062
305.0 0.20600692369043827
306.0 0.21629410330206156
307.0 0.22187652066349983
308.0 0.22745891474187374
309.0 0.2207139739766717
310.0 0.21396907977759838
311.0 0.21044390741735697
312.0 0.20691878162324429
313.0 0.20256973803043365
314.0 0.19822069443762302
315.0 0.1866585691459477
316.0 0.17509650206193328
317.0 0.17403048695996404
318.0 0.1729645417071879
319.0 0.15813991194590926
320.0 0.14331525890156627
321.0 0.1392498961649835
322.0 0.13518453342840075
323.0 0.11479706736281514
324.0 0.09440964204259217
325.0 0.08641409804113209
326.0 0.07841855986043811
327.0 0.0717174494639039
328.0 0.0650163390673697
329.0 0.06283294060267508
330.0 0.06064953631721437
331.0 0.055949174566194415
332.0 0.05124881281517446
333.0 0.04781900206580758
334.0 0.044389188406057656
335.0 0.04252205544617027
336.0 0.040654922486282885
337.0 0.041673428495414555
338.0 0.04269193159416318
339.0 0.04107903514523059
340.0 0.039466138696298
341.0 0.0377668475266546
342.0 0.036067559267394245
343.0 0.0327900517731905
344.0 0.029512547189369798
345.0 0.026209541829302907
346.0 0.022906535014044493
347.0 0.021452429064083844
348.0 0.01999832020374015
349.0 0.01824900828069076
350.0 0.672112824395299
351.0 1.3934974558651447
352.0 0.5589263513684273
353.0 0.9417789988219738
354.0 0.7323685102164745
355.0 0.7434098515659571
356.0 0.7067105732858181
357.0 1.063462346792221
358.0 0.5292989313602448
359.0 0.9372818283736706
360.0 0.5440030246973038
361.0 0.9248203597962856
362.0 0.6536824628710747
363.0 0.7611915003508329
364.0 0.5517099983990192
365.0 0.7645399775356054
366.0 0.4679981153458357
367.0 0.5841739010065794
368.0 0.4721761681139469
369.0 0.694890646263957
370.0 0.5057884845882654
371.0 0.6722563877701759
372.0 0.2901841886341572
373.0 0.577924121171236
374.0 0.45722187496721745
375.0 0.5053894594311714
376.0 0.4265303257852793
377.0 0.4968274384737015
378.0 0.3600470721721649
379.0 0.5389024969190359
380.0 0.4130023065954447
381.0 0.5121769849210978
382.0 0.578464986756444
383.0 0.525520695373416
384.0 0.47805067151784897
385.0 0.6139149889349937
386.0 0.5886075086891651
387.0 0.7249688729643822
388.0 0.8025297895073891
389.0 1.1297816410660744
390.0 1.6422903165221214
391.0 2.564278431236744
392.0 4.01930958032608
393.0 6.402344256639481
394.0 9.75477248430252
395.0 14.163754880428314
396.0 19.78261023759842
397.0 26.820161938667297
398.0 35.18587648868561
399.0 44.333890080451965
400.0 53.78038287162781
401.0 62.92617321014404
402.0 71.42800688743591
403.0 78.78913879394531
404.0 84.23454761505127
405.0 88.2530927658081
406.0 90.56485891342163
407.0 92.40121841430664
408.0 93.62349510192871
409.0 94.09652352333069
410.0 94.32094693183899
411.0 94.25100684165955
412.0 93.81676912307739
413.0 93.60002279281616
414.0 93.37840676307678
415.0 93.55338215827942
416.0 93.89863014221191
417.0 94.22040581703186
418.0 94.67816948890686
419.0 95.30619978904724
420.0 95.85909247398376
421.0 96.44598364830017
422.0 96.54407501220703
423.0 96.90220952033997
424.0 96.59629464149475
425.0 96.51492238044739
426.0 96.50254845619202
427.0 96.59790992736816
428.0 96.393883228302
429.0 96.21430039405823
430.0 96.03749513626099
431.0 96.12205028533936
432.0 96.04882597923279
433.0 96.22151851654053
434.0 96.26818895339966
435.0 96.47553563117981
436.0 96.52060270309448
437.0 96.50124311447144
438.0 96.56988978385925
439.0 96.62461280822754
440.0 96.5818464756012
441.0 96.7602789402008
442.0 96.69290781021118
443.0 96.71484231948853
444.0 96.65406942367554
445.0 96.44659161567688
446.0 96.32459282875061
447.0 96.04636430740356
448.0 96.05627059936523
449.0 96.19137644767761
450.0 96.39908075332642
451.0 96.63792252540588
452.0 96.80521488189697
453.0 96.92612290382385
454.0 96.99665904045105
455.0 97.27412462234497
456.0 97.36653566360474
457.0 97.52938151359558
458.0 97.52023816108704
459.0 97.58631587028503
460.0 97.57068157196045
461.0 97.70732522010803
462.0 97.67853617668152
463.0 97.5562036037445
464.0 97.71688580513
465.0 97.62771129608154
466.0 97.57782220840454
467.0 97.61322736740112
468.0 97.6813018321991
469.0 97.71921634674072
470.0 97.52355217933655
471.0 97.44141697883606
472.0 97.48329520225525
473.0 97.36776351928711
474.0 97.31106758117676
475.0 97.34861254692078
476.0 97.33399748802185
477.0 97.32733368873596
478.0 97.43863940238953
479.0 97.40707874298096
480.0 97.59306907653809
481.0 97.71832227706909
482.0 97.8929877281189
483.0 97.7775514125824
484.0 97.95106649398804
485.0 97.9499101638794
486.0 97.95405268669128
487.0 98.02854061126709
488.0 98.03522825241089
489.0 98.10601472854614
490.0 98.04724454879761
491.0 98.11385869979858
492.0 98.03210496902466
493.0 98.0010449886322
494.0 97.96529412269592
495.0 98.08067083358765
496.0 97.91144728660583
497.0 97.77924418449402
498.0 97.61322736740112
499.0 97.64084815979004
500.0 97.5562334060669
501.0 97.51962423324585
502.0 97.4251925945282
503.0 97.59069681167603
504.0 97.44970798492432
505.0 97.42311239242554
506.0 97.40200638771057
507.0 97.43396043777466
508.0 97.4053144454956
509.0 97.42801189422607
510.0 97.35687971115112
511.0 97.36248254776001
512.0 97.1900999546051
513.0 97.29577898979187
514.0 97.2893476486206
515.0 97.26852178573608
516.0 97.41907119750977
517.0 97.43344187736511
518.0 97.49406576156616
519.0 97.50528931617737
520.0 97.55964875221252
521.0 97.68623113632202
522.0 97.69384860992432
523.0 97.72123098373413
524.0 97.70942330360413
525.0 97.68272638320923
526.0 97.79953360557556
527.0 97.78607487678528
528.0 97.86286950111389
529.0 97.90234565734863
530.0 97.93818593025208
531.0 98.09818863868713
532.0 97.99115061759949
533.0 97.96217083930969
534.0 98.0089783668518
535.0 97.86770939826965
536.0 97.55736589431763
537.0 97.06150889396667
538.0 96.35030031204224
539.0 95.0992226600647
540.0 93.50082278251648
541.0 91.0607099533081
542.0 88.40582370758057
543.0 84.9100112915039
544.0 80.3654670715332
545.0 76.37482285499573
546.0 71.44161462783813
547.0 66.85453653335571
548.0 62.26714253425598
549.0 58.06446075439453
550.0 54.75746393203735
551.0 51.5472948551178
552.0 49.181175231933594
553.0 46.66503667831421
554.0 43.921902775764465
555.0 40.853530168533325
556.0 36.78000569343567
557.0 31.996911764144897
558.0 26.645350456237793
559.0 21.309030055999756
560.0 16.02463126182556
561.0 11.083747446537018
562.0 7.213667780160904
563.0 4.318359866738319
564.0 2.400699257850647
565.0 1.1724863201379776
566.0 0.6245667580515146
567.0 0.3176071448251605
568.0 0.19553641323000193
569.0 0.11055765207856894
570.0 0.07793587283231318
571.0 0.04904890665784478
572.0 0.06879439461044967
573.0 0.037440203595906496
574.0 0.0456398178357631
575.0 0.035728010698221624
576.0 0.039007316809147596
577.0 0.029939354863017797
578.0 0.024826079607009888
579.0 0.02801768423523754
580.0 0.03988553653471172
581.0 0.01626704033697024
582.0 0.02536482352297753
583.0 0.014997478865552694
584.0 0.018467365589458495
585.0 0.018185442604590207
586.0 0.025798927526921034
587.0 0.0143862547702156
588.0 0.014741727500222623
589.0 0.025582287344150245
590.0 0.029241072479635477
591.0 0.019849929958581924
592.0 0.030970171792432666
593.0 0.008020090899663046
594.0 0.011244310735492036
595.0 0.014153988740872592
596.0 0.002187267818953842
597.0 0.016702197899576277
598.0 0.006240647780941799
599.0 0.016273028450086713
600.0 0.018541673489380628
601.0 0.0022991020159679465
602.0 0.002342290827073157
603.0 0.0023854792743804865
604.0 0.002230832615168765
605.0 0.0020761861378559843
606.0 0.0021289466531015933
607.0 0.0021817071683472022
608.0 0.001959865585376974
609.0 0.0017380240024067461
610.0 0.001872527354862541
611.0 0.0020070305254193954
612.0 0.0019448762031970546
613.0 0.001882722062873654
614.0 0.0019182711184839718
615.0 0.0019538207197911106
616.0 0.0019105998944723979
617.0 0.0018673788872547448
618.0 0.001800646168703679
619.0 0.0017339136320515536
620.0 0.0016795660485513508
621.0 0.0016252186469500884
622.0 0.0013884276995668188
623.0 0.0011516365702846088
624.0 0.0013147012396075297
625.0 0.0014777659998799209
626.0 0.0013871127521269955
627.0 0.0012964596862730104
628.0 0.0014120394553174265
629.0 0.0015276196791091934
630.0 0.001433710986020742
631.0 0.0013398021110333502
632.0 0.0014492621630779468
633.0 0.0015587218513246626
634.0 0.0014410386938834563
635.0 0.0013233552635938395
636.0 0.0013110731742926873
637.0 0.0012987916306883562
638.0 0.0012031981896143407
639.0 0.0011076049304392654
640.0 0.0011681863725243602
641.0 0.0012287677236599848
642.0 0.0013528445379051846
643.0 0.0014769214430998545
644.0 0.0014012573046784382
645.0 0.0013255928024591412
646.0 0.0012889099707535934
647.0 0.0012522272299975157
648.0 0.0011138253285025712
649.0 0.0009754234270076267
650.0 0.001226422500621993
651.0 0.0014774211194890086
652.0 0.0011883274055435322
653.0 0.0008992335096991155
654.0 0.001075365344149759
655.0 0.001251497451448813
656.0 0.0012717590834654402
657.0 0.0012920207154820673
658.0 0.0011328976142976899
659.0 0.0009737750588101335
660.0 0.000923035440791864
661.0 0.0008722956408746541
662.0 0.0010377002581662964
663.0 0.001203104966407409
664.0 0.0012427228284650482
665.0 0.001282340417674277
666.0 0.0011905287465197034
667.0 0.0010987168025167193
668.0 0.0011100181836809497
669.0 0.0011213195648451801
670.0 0.0011859518963319715
671.0 0.0012505840459198225
672.0 0.0011889144843735266
673.0 0.0011272447409282904
674.0 0.0011079490832344163
675.0 0.0010886534255405422
676.0 0.0010378465049143415
677.0 0.0009870393114397302
678.0 0.0010593411388981622
679.0 0.0011316431482555345
680.0 0.0011093978173448704
681.0 0.0010871523954847362
682.0 0.0010831271538336296
683.0 0.0010791018212330528
684.0 0.0009612694157112855
685.0 0.000843436828290578
686.0 0.0010464837032486685
687.0 0.0012495307601056993
688.0 0.0011970172636210918
689.0 0.0011445038580859546
690.0 0.0010182207006437238
691.0 0.0008919374522520229
692.0 0.0009309096640208736
693.0 0.0009698817848402541
694.0 0.0010686978384910617
695.0 0.0011675138921418693
696.0 0.0011404164069972467
697.0 0.0011133186490042135
698.0 0.0012096837963326834
699.0 0.0013060490346106235
700.0 0.001114785573008703
701.0 0.0009235220204573125
702.0 0.0010994765034411103
703.0 0.0012754308954754379
704.0 0.0012310396414250135
705.0 0.0011866481145261787
706.0 0.0011647463907138444
707.0 0.0011428447578509804
708.0 0.0010357884093536995
709.0 0.0009287320608564187
710.0 0.0011342336620145943
711.0 0.0013397354450717103
712.0 0.0012147906090831384
713.0 0.001089845954993507
714.0 0.0012003778465441428
715.0 0.0013109100109431893
716.0 0.0015153211279539391
717.0 0.0017197326087625697
718.0 0.0019648705347208306
719.0 0.0022100084606790915
720.0 0.0019054139556828886
721.0 0.0016008194506866857
722.0 0.0016462532585137524
723.0 0.0016916874301386997
724.0 0.0016779238649178296
725.0 0.0016641601177980192
726.0 0.0017772457795217633
727.0 0.001890331259346567
728.0 0.001974959741346538
729.0 0.002059588223346509
730.0 0.0020477713405853137
731.0 0.0020359544578241184
732.0 0.001933189014380332
733.0 0.0018304233890376054
734.0 0.0016122152374009602
735.0 0.0013940072676632553
736.0 0.0013229383512225468
737.0 0.0012518692528828979
738.0 0.0011726343473128509
739.0 0.0010933992598438635
740.0 0.0008814286957203876
741.0 0.0006694579496979713
742.0 0.0006980266334721819
743.0 0.0007265952717716573
744.0 0.000875965542945778
745.0 0.0010253361324430443
746.0 0.0010384153938503005
747.0 0.0010514947462070268
748.0 0.0011643571269814856
749.0 0.001277219780604355
750.0 0.001095544303097995
751.0 0.0009138692803389858
752.0 0.0008129622983688023
753.0 0.000712055452822824
754.0 0.0008243127922469284
755.0 0.0009365700861962978
756.0 0.0009378087270306423
757.0 0.0009390472769155167
758.0 0.000941771941143088
759.0 0.0009444970601180103
760.0 0.0007769015610392671
761.0 0.0006093058800615836
762.0 0.0006164512342365924
763.0 0.000623596451987396
764.0 0.0008004062692634761
765.0 0.000977216404862702
766.0 0.000796277163317427
767.0 0.0006153380581963575
768.0 0.0005888089617656078
769.0 0.0005622798653348582
770.0 0.00042684009713411797
771.0 0.0002914003516707453
772.0 0.0005062628133600811
773.0 0.0007211254796857247
774.0 0.000804417777544586
775.0 0.0008877102118276525
776.0 0.0008295081897813361
777.0 0.0007713060767855495
778.0 0.0006620830845349701
779.0 0.0005528600922843907
780.0 0.0005186073394725099
781.0 0.00048435458666062914
782.0 0.0005603700174106052
783.0 0.0006363852662616409
784.0 0.0007140411071304698
785.0 0.0007916968570498284
786.0 0.0007211081083369208
787.0 0.000650519723421894
788.0 0.00043126251512148883
789.0 0.00021200539777055383
790.0 0.00021962655409879517
791.0 0.00022724768768966896
792.0 0.0002246531039418187
793.0 0.00022205854293133598
794.0 0.00028964877856196836
795.0 0.00035723901419260073
796.0 0.00036011986139783403
797.0 0.00036300073134043487
798.0 0.00040865688788471743
799.0 0.00045431306716636755
800.0 0.0005014493126509478
801.0 0.0005485856945597334
802.0 0.0004668226210924331
803.0 0.000385059638574603
804.0 0.00035968905649497174
805.0 0.00033431856536481064
806.0 0.00038040493564039934
807.0 0.00042649135139072314
808.0 0.0004848862772632856
809.0 0.0005432812486105831
810.0 0.00045005745050730184
811.0 0.0003568336751413881
812.0 0.00034870445233536884
813.0 0.0003405753204788198
814.0 0.00042158635551459156
815.0 0.0005025973678129958
816.0 0.0004836879270442296
817.0 0.0004647783953259932
818.0 0.00032046295928012114
819.0 0.00017614754597161664
820.0 0.0004189627361483872
821.0 0.0006617778581130551
822.0 0.0005035383765061852
823.0 0.0003452989403740503
824.0 0.00040344311855733395
825.0 0.0004615872512658825
826.0 0.0005816073098685592
827.0 0.0007016272775217658
828.0 0.0006129932899057167
829.0 0.0005243592113401974
830.0 0.0004259928573446814
831.0 0.0003276264806117979
832.0 0.00046802160795778036
833.0 0.00060841657614219
834.0 0.0005298525138641708
835.0 0.0004512884970608866
836.0 0.0005201358362683095
837.0 0.0005889832664252026
838.0 0.0005008864263800206
839.0 0.0004127896318095736
840.0 0.0005274574505165219
841.0 0.0006421252237487352
842.0 0.00036140543215879006
843.0 8.068550414463971e-05
844.0 0.00014480418712992105
845.0 0.00020892287011520239
846.0 0.0004692230959335575
847.0 0.0007295234809134854
848.0 0.0005934799446549732
849.0 0.0004574364993459312
850.0 0.0005070784027338959
851.0 0.0005567203515965957
852.0 0.0006366882189468015
853.0 0.0007166557224991266
854.0 0.0006299956112343352
855.0 0.0005433353180706035
856.0 0.0005740650067309616
857.0 0.000604794831815525
858.0 0.000610807637713151
859.0 0.0006168204436107771
860.0 0.0005561799753195373
861.0 0.0004955394615535624
862.0 0.0005103701823827578
863.0 0.0005252009486866882
864.0 0.00048048818825918715
865.0 0.0004357754278316861
866.0 0.0004522620201896643
867.0 0.00046874861254764255
868.0 0.0006752041372237727
869.0 0.000881659707374638
870.0 0.0006723159003740875
871.0 0.0004629719569493318
872.0 0.00033967946819757344
873.0 0.00021638684302160982
874.0 0.00029457435175572755
875.0 0.0003727618832272128
876.0 0.0005499114649865078
877.0 0.0007270609785337001
878.0 0.0007301646292035002
879.0 0.0007332681889238302
880.0 0.0006215347184479469
881.0 0.0005098015662952093
882.0 0.000531451632923563
883.0 0.0005531020178750623
884.0 0.0006121400474512484
885.0 0.0006711782589263748
886.0 0.0007225136414490407
887.0 0.0007738492968201172
888.0 0.0005903683813812677
889.0 0.0004068875568918884
890.0 0.0004522814379015472
891.0 0.0004976754553354112
892.0 0.0004978240667696809
893.0 0.0004979728146281559
894.0 0.0004949738013237948
895.0 0.0004919747880194336
896.0 0.00023290215267479653
897.0 1.613631971097984e-10
898.0 0.00015221834246403887
899.0 0.00033060714486055076
900.0 0.0003057516778426361
901.0 0.00028089618808735395
902.0 0.00045887909436714835
903.0 0.0006368620688590454
904.0 0.00036821618323301664
905.0 9.957026350093656e-05
906.0 0.00030217502171581145
