lsstCam/transmission_filter_detector/r02_s20/g_6/19700101T000000.ecsv
# %ECSV 1.0
# ---
# datatype:
# - {name: wavelength, unit: nm, datatype: float32}
# - {name: efficiency, unit: '%', datatype: float64}
# meta: !!omap
# - {MODE: DETECTOR}
# - {TYPE: transmission_filter_detector}
# - {CALIBDATE: '1970-01-01T00:00:00'}
# - {INSTRUME: LSSTCam}
# - {OBSTYPE: transmission_filter_detector}
# - {CALIBCLS: lsst.ip.isr.IntermediateFilterDetectorTransmissionCurve}
# - {SOURCE: Materion (DM-46256)}
# - {DETECTOR: 15}
# - {FILTER: g_6}
# - {CALIB_ID: 'calibDate=1970-01-01T00:00:00 filter=g_6 detector=15'}
# - {DATE: '2025-04-02T15:59:42.099627'}
# - {CALIB_CREATION_DATE: '2025-04-02'}
# - {CALIB_CREATION_TIME: '15:59:42'}
# - __serialized_columns__:
#     efficiency:
#       __class__: astropy.units.quantity.Quantity
#       unit: !astropy.units.Unit {unit: '%'}
#       value: !astropy.table.SerializedColumn {name: efficiency}
#     wavelength:
#       __class__: astropy.units.quantity.Quantity
#       unit: !astropy.units.Unit {unit: nm}
#       value: !astropy.table.SerializedColumn {name: wavelength}
# schema: astropy-2.0
wavelength efficiency
[from data line 608]
908.0 0.0004597528459271416
909.0 0.00041472603697911836
910.0 0.000379560378860333
911.0 0.0003443947434789152
912.0 0.00042793958527909126
913.0 0.00051148449529137
914.0 0.0002789374093481456
915.0 4.639036319531442e-05
916.0 0.0001591571844983264
917.0 0.0002719239546422614
918.0 0.0002783611762424698
919.0 0.0002847983751053107
920.0 0.00034250656426593196
921.0 0.00040021473068918567
922.0 0.0005223695552558638
923.0 0.0006445243343478069
924.0 0.0005648290425597224
925.0 0.00048513365982216783
926.0 0.0005611928372672992
927.0 0.0006372521056619007
928.0 0.0005862380021426361
929.0 0.0005352238986233715
930.0 0.0005720105946238618
931.0 0.0006087972906243522
932.0 0.0005030333340982907
933.0 0.00039726937757222913
934.0 0.0004001417892141035
935.0 0.00040301420085597783
936.0 0.0004789936610904988
937.0 0.0005549730758502847
938.0 0.0006648059297731379
939.0 0.0007746386472717859
940.0 0.00062649692154082
941.0 0.00047835496843617875
942.0 0.0006855376796011114
943.0 0.0008927204362407792
944.0 0.0007595479473820888
945.0 0.0006263755494728684
946.0 0.0005342968506738544
947.0 0.00044221815187484026
948.0 0.0008717444870853797
949.0 0.0013012710041948594
950.0 0.0010848476449609734
951.0 0.0008684242857270874
952.0 0.0008709771464054938
953.0 0.0008735300070839003
954.0 0.0007997091415745672
955.0 0.0007258883670147043
956.0 0.0006500132258224767
957.0 0.0005741378117818385
958.0 0.0007291734618775081
959.0 0.0008842090210237075
960.0 0.0006742214736732421
961.0 0.00046423378989857156
962.0 0.0005766871709056431
963.0 0.0006891405064379796
964.0 0.0007949867722345516
965.0 0.0009008329470816534
966.0 0.0009076729838852771
967.0 0.0009145129297394305
968.0 0.0008194188012566883
969.0 0.0007243246727739461
970.0 0.0007218844984890893
971.0 0.0007194443242042325
972.0 0.0008081159649009351
973.0 0.0008967876965471078
974.0 0.0008701064871274866
975.0 0.000843425550556276
976.0 0.0008715092917555012
977.0 0.0008995932148536667
978.0 0.0009345412763650529
979.0 0.0009694892469269689
980.0 0.0010531234693189617
981.0 0.0011367578736098949
982.0 0.0010287542863807175
983.0 0.00092075060820207
984.0 0.0009665708603279199
985.0 0.0010123912943527102
986.0 0.001128015537688043
987.0 0.0012436396900739055
988.0 0.0012367062481644098
989.0 0.0012297726243559737
990.0 0.0013865712389815599
991.0 0.0015433699445566162
992.0 0.0014778684089833405
993.0 0.001412366964359535
994.0 0.0014334409570437856
995.0 0.0014545150406775065
996.0 0.0012679404790105764
997.0 0.0010813659173436463
998.0 0.0012455404430511408
999.0 0.0014097150597081054
1000.0 0.0013774962098977994
1001.0 0.0013452772691380233
1002.0 0.0012144720130891073
1003.0 0.0010836667570401914
1004.0 0.0010877656677621417
1005.0 0.0010918643965851516
1006.0 0.0013252907592686825
1007.0 0.0015587173038511537
1008.0 0.0016551161024835892
1009.0 0.0017515156287117861
1010.0 0.0018246477338834666
1011.0 0.001897780384751968
1012.0 0.00195606735360343
1013.0 0.0020143545043538325
1014.0 0.002042219966824632
1015.0 0.0020700857930933125
1016.0 0.0024740464141359553
1017.0 0.002878007580875419
1018.0 0.0030736555345356464
1019.0 0.0032693038519937545
1020.0 0.0032972275221254677
1021.0 0.0033251515560550615
1022.0 0.0037348563637351617
1023.0 0.004144561171415262
1024.0 0.004252604048815556
1025.0 0.0043606472900137305
1026.0 0.00444770157628227
1027.0 0.00453475586255081
1028.0 0.0045888878958066925
1029.0 0.004643019929062575
1030.0 0.004851917765336111
1031.0 0.0050608152378117666
1032.0 0.005360474460758269
1033.0 0.005660133683704771
1034.0 0.005589957800111733
1035.0 0.005519781916518696
1036.0 0.005532944487640634
1037.0 0.005546106694964692
1038.0 0.005814390897285193
1039.0 0.006082674735807814
1040.0 0.006453322566812858
1041.0 0.0068239700340200216
1042.0 0.007096477202139795
1043.0 0.007368984370259568
1044.0 0.007548811845481396
1045.0 0.0077286378655117005
1046.0 0.008705998334335163
1047.0 0.009683358803158626
1048.0 0.01131438693846576
1049.0 0.012945412890985608
1050.0 0.015366330626420677
1051.0 0.0177872454514727
1052.0 0.021518809080589563
1053.0 0.025250378530472517
1054.0 0.0301687337923795
1055.0 0.03508708905428648
1056.0 0.042017485247924924
1057.0 0.048947869800031185
1058.0 0.05672891275025904
1059.0 0.06450993823818862
1060.0 0.07197058293968439
1061.0 0.07943119271658361
1062.0 0.08672609110362828
1063.0 0.09402096038684249
1064.0 0.09954872075468302
1065.0 0.10507645783945918
1066.0 0.11089656036347151
1067.0 0.11671666288748384
1068.0 0.12337849475443363
1069.0 0.13004037318751216
1070.0 0.1402267604134977
1071.0 0.1504131476394832
1072.0 0.16322324518114328
1073.0 0.176033319439739
1074.0 0.1894754939712584
1075.0 0.20291772671043873
1076.0 0.21580730099231005
1077.0 0.22869687527418137
1078.0 0.2423212630674243
1079.0 0.25594562757760286
1080.0 0.2733581233769655
1081.0 0.29077064245939255
1082.0 0.3186616348102689
1083.0 0.3465526271611452
1084.0 0.3863109974190593
1085.0 0.4260694142431021
1086.0 0.46153790317475796
1087.0 0.49700639210641384
1088.0 0.5615411791950464
1089.0 0.6260759197175503
1090.0 0.7040438707917929
1091.0 0.7820118218660355
1092.0 0.812956690788269
1093.0 0.8439011871814728
1094.0 0.8824712596833706
1095.0 0.921041052788496
1096.0 0.9691806510090828
1097.0 1.0173204354941845
1098.0 1.0446801781654358
1099.0 1.072040107101202
1100.0 1.2418944388628006
1101.0 1.4117485843598843
