lsstcam/transmission_sensor/r34_s01/19700101T000000.ecsv
# %ECSV 0.9
# ---
# datatype:
# - {name: amp_name, datatype: string}
# - {name: wavelength, unit: nm, datatype: float32}
# - {name: efficiency, unit: '%', datatype: float32}
# meta: !!omap
# - {MODE: AMP}
# - {TYPE: QE}
# - {CALIBDATE: '1970-01-01T00:00:00'}
# - {INSTRUME: LSSTCAM}
# - {OBSTYPE: qe_curve}
# - {DETECTOR: 154}
# - {PICKLEFILE: RaftRun12027.p}
# - {CALIB_ID: 'raftName=R34 detectorName=S01 detector=154 calibDate=1970-01-01T00:00:00 ccd=154 ccdnum=154 filter=None'}
# - {DATE: '2020-07-23T19:16:24.665674'}
# - {CALIB_CREATION_DATE: '2020-07-23'}
# - {CALIB_CREATION_TIME: '19:16:24'}
# - __serialized_columns__:
#     efficiency:
#       __class__: astropy.units.quantity.Quantity
#       unit: !astropy.units.Unit {unit: '%'}
#       value: !astropy.table.SerializedColumn {name: efficiency}
#     wavelength:
#       __class__: astropy.units.quantity.Quantity
#       unit: !astropy.units.Unit {unit: nm}
#       value: !astropy.table.SerializedColumn {name: wavelength}
# schema: astropy-2.0
amp_name wavelength efficiency
C17 319.994 46.64239
C17 324.969 52.734783
C17 349.982 77.390656
C17 374.975 80.646545
C17 400.019 85.91275
C17 424.965 87.71965
C17 450.035 89.74987
C17 475.003 91.164215
C17 500.018 93.595024
C17 525.002 95.6922
C17 550.029 96.40325
C17 575.023 98.21037
C17 599.982 98.84154
C17 619.997 98.86003
C17 624.979 98.89777
C17 650.012 99.59906
C17 675.004 99.27055
C17 700.03 99.31323
C17 725.012 98.61698
C17 750.022 98.769936
C17 774.987 98.17667
C17 799.976 97.27761
C17 824.988 95.55565
C17 850.022 93.5567
C17 869.967 90.610275
C17 875.002 89.22274
C17 899.999 82.30645
C17 919.999 74.25557
C17 925.012 71.70861
C17 949.965 57.910686
C17 975.002 42.925873
C17 999.976 26.123259
C17 1025.028 11.375694
C17 1050.014 4.0311832
C17 1075.002 2.1999876
C17 1099.99 1.742808
C07 319.994 47.51031
C07 324.969 53.734196
C07 349.982 79.20128
C07 374.975 82.35316
C07 400.019 86.88588
C07 424.965 88.32353
C07 450.035 90.15148
C07 475.003 91.45229
C07 500.018 93.81047
C07 525.002 95.86662
C07 550.029 96.55818
C07 575.023 98.36164
C07 599.982 98.99101
C07 619.997 99.01441
C07 624.979 99.04575
C07 650.012 99.76103
C07 675.004 99.45516
C07 700.03 99.59922
C07 725.012 99.196
C07 750.022 99.712
C07 774.987 99.452484
C07 799.976 98.67004
C07 824.988 96.87608
C07 850.022 94.87959
C07 869.967 91.77606
C07 875.002 90.30879
C07 899.999 83.17148
C07 919.999 74.512665
C07 925.012 71.90253
C07 949.965 58.496826
C07 975.002 43.248272
C07 999.976 26.483479
C07 1025.028 11.485726
C07 1050.014 4.089857
C07 1075.002 2.2190094
C07 1099.99 1.7500942
C03 319.994 46.52159
C03 324.969 52.61589
C03 349.982 77.84386
C03 374.975 81.43132
C03 400.019 86.31608
C03 424.965 87.89238
C03 450.035 89.77413
C03 475.003 91.10239
C03 500.018 93.48275
C03 525.002 95.55203
C03 550.029 96.26325
C03 575.023 98.08473
C03 599.982 98.739685
C03 619.997 98.78122
C03 624.979 98.82169
C03 650.012 99.55052
C03 675.004 99.26439
C03 700.03 99.41527
C03 725.012 98.98265
C03 750.022 99.44329
C03 774.987 99.13752
C03 799.976 98.34329
C03 824.988 96.53583
C03 850.022 94.42093
C03 869.967 91.44449
C03 875.002 90.03403
C03 899.999 82.79984
C03 919.999 73.980515
C03 925.012 71.35893
C03 949.965 58.413734
C03 975.002 43.528748
C03 999.976 26.5648
C03 1025.028 11.409228
C03 1050.014 3.9182334
C03 1075.002 2.1564922
C03 1099.99 1.7378513
C14 319.994 46.057648
C14 324.969 52.083027
C14 349.982 76.604065
C14 374.975 80.09856
C14 400.019 85.643906
C14 424.965 87.56822
C14 450.035 89.65479
C14 475.003 91.102806
C14 500.018 93.557945
C14 525.002 95.67232
C14 550.029 96.405716
C14 575.023 98.23379
C14 599.982 98.882866
C14 619.997 98.91782
C14 624.979 98.95765
C14 650.012 99.67813
C14 675.004 99.35953
C14 700.03 99.39678
C14 725.012 98.67034
C14 750.022 98.76623
C14 774.987 98.11633
C14 799.976 97.19293
C14 824.988 95.45521
C14 850.022 93.405495
C14 869.967 90.457405
C14 875.002 89.02496
C14 899.999 82.15225
C14 919.999 73.9882
C14 925.012 71.44861
C14 949.965 58.01685
C14 975.002 42.762146
C14 999.976 26.106037
C14 1025.028 11.220043
C14 1050.014 3.9134517
C14 1075.002 2.1500251
C14 1099.99 1.731041
C06 319.994 47.29167
C06 324.969 53.485954
C06 349.982 78.91072
C06 374.975 82.17584
C06 400.019 86.8098
C06 424.965 88.28667
C06 450.035 90.13277
C06 475.003 91.44144
C06 500.018 93.809875
C06 525.002 95.87299
C06 550.029 96.571976
C06 575.023 98.37937
C06 599.982 99.01663
C06 619.997 99.04319
C06 624.979 99.07817
C06 650.012 99.800575
C06 675.004 99.49863
C06 700.03 99.63784
C06 725.012 99.22492
C06 750.022 99.71612
C06 774.987 99.44016
C06 799.976 98.650314
C06 824.988 96.833435
C06 850.022 94.82468
C06 869.967 91.7198
C06 875.002 90.2142
C06 899.999 83.01605
C06 919.999 74.31354
C06 925.012 71.79009
C06 949.965 58.67588
C06 975.002 43.31886
C06 999.976 26.488167
C06 1025.028 11.355146
C06 1050.014 4.001204
C06 1075.002 2.196307
C06 1099.99 1.7497305
C04 319.994 46.690834
C04 324.969 52.808056
C04 349.982 78.083755
C04 374.975 81.58299
C04 400.019 86.36607
C04 424.965 87.896965
C04 450.035 89.76076
C04 475.003 91.07525
C04 500.018 93.44509
C04 525.002 95.51367
C04 550.029 96.223274
C04 575.023 98.03685
C04 599.982 98.68639
C04 619.997 98.724014
C04 624.979 98.75925
C04 650.012 99.48817
C04 675.004 99.19778
C04 700.03 99.344666
C04 725.012 98.91391
C04 750.022 99.38286
C04 774.987 99.07995
C04 799.976 98.28416
C04 824.988 96.47188
C04 850.022 94.37663
C04 869.967 91.41156
C04 875.002 89.973465
C04 899.999 82.68131
C04 919.999 73.80553
C04 925.012 71.24243
C04 949.965 58.49955
C04 975.002 43.456306
C04 999.976 26.535645
C04 1025.028 11.320003
C04 1050.014 3.9101505
C04 1075.002 2.1513023
C04 1099.99 1.7356284
C10 319.994 44.95293
C10 324.969 50.834454
C10 349.982 74.85026
C10 374.975 78.62698
C10 400.019 84.773895
C10 424.965 86.99244
C10 450.035 89.2265
C10 475.003 90.76495
C10 500.018 93.276665
C10 525.002 95.43833
C10 550.029 96.19949
C10 575.023 98.0531
C10 599.982 98.722336
C10 619.997 98.769966
C10 624.979 98.81187
C10 650.012 99.54357
C10 675.004 99.24354
C10 700.03 99.29734
C10 725.012 98.592094
C10 750.022 98.711975
C10 774.987 98.083046
C10 799.976 97.17292
C10 824.988 95.43173
C10 850.022 93.32635
C10 869.967 90.44117
C10 875.002 89.060196
C10 899.999 82.05158
C10 919.999 73.757805
C10 925.012 71.25481
C10 949.965 57.949722
C10 975.002 42.84075
C10 999.976 26.102608
C10 1025.028 11.278093
C10 1050.014 3.9391387
C10 1075.002 2.1506677
C10 1099.99 1.7238098
C01 319.994 46.007854
C01 324.969 52.038746
C01 349.982 77.074295
C01 374.975 80.831
C01 400.019 85.967926
C01 424.965 87.65771
C01 450.035 89.5959
C01 475.003 90.95356
C01 500.018 93.35125
C01 525.002 95.44613
C01 550.029 96.17202
C01 575.023 98.00419
C01 599.982 98.67115
C01 619.997 98.71954
C01 624.979 98.75951
C01 650.012 99.505135
C01 675.004 99.22335
C01 700.03 99.38088
C01 725.012 98.95577
C01 750.022 99.41839
C01 774.987 99.117424
C01 799.976 98.319244
C01 824.988 96.51395
C01 850.022 94.40809
C01 869.967 91.39477
C01 875.002 89.97686
C01 899.999 82.664406
C01 919.999 74.03368
C01 925.012 71.39701
C01 949.965 58.204067
C01 975.002 43.366264
C01 999.976 26.427479
C01 1025.028 11.39258
C01 1050.014 3.9596171
C01 1075.002 2.1665103
C01 1099.99 1.7373089
C13 319.994 45.8425
C13 324.969 51.84056
C13 349.982 76.29512
C13 374.975 79.87344
C13 400.019 85.555115
C13 424.965 87.54967
C13 450.035 89.66668
C13 475.003 91.13898
C13 500.018 93.609375
C13 525.002 95.73864
C13 550.029 96.48367
C13 575.023 98.3179
C13 599.982 98.97619
C13 619.997 99.01322
C13 624.979 99.04944
C13 650.012 99.77819
C13 675.004 99.46404
C13 700.03 99.503075
C13 725.012 98.77532
C13 750.022 98.86791
C13 774.987 98.21509
C13 799.976 97.28768
C13 824.988 95.54447
C13 850.022 93.46325
C13 869.967 90.57264
C13 875.002 89.15449
C13 899.999 82.19159
C13 919.999 73.93483
C13 925.012 71.436104
C13 949.965 58.20053
C13 975.002 42.93871
C13 999.976 26.19186
C13 1025.028 11.22997
C13 1050.014 3.9080255
C13 1075.002 2.145513
C13 1099.99 1.731537
C00 319.994 45.87369
C00 324.969 51.886997
C00 349.982 76.8314
C00 374.975 80.62704
C00 400.019 85.90317
C00 424.965 87.66263
C00 450.035 89.637596
C00 475.003 91.02301
C00 500.018 93.43875
C00 525.002 95.54268
C00 550.029 96.275444
C00 575.023 98.11565
C00 599.982 98.78237
C00 619.997 98.83508
C00 624.979 98.87401
C00 650.012 99.62066
C00 675.004 99.33905
C00 700.03 99.49351
C00 725.012 99.07433
C00 750.022 99.54502
C00 774.987 99.244225
C00 799.976 98.44567
C00 824.988 96.634125
C00 850.022 94.522644
C00 869.967 91.48892
C00 875.002 90.068344
C00 899.999 82.70338
C00 919.999 74.15663
C00 925.012 71.52442
C00 949.965 58.157555
C00 975.002 43.36196
C00 999.976 26.425737
C00 1025.028 11.442781
C00 1050.014 3.9962835
C00 1075.002 2.1764176
C00 1099.99 1.736278
C05 319.994 47.120853
C05 324.969 53.29435
C05 349.982 78.7306
C05 374.975 82.11608
C05 400.019 86.79791
C05 424.965 88.28717
C05 450.035 90.13858
C05 475.003 91.4492
C05 500.018 93.82143
C05 525.002 95.88961
C05 550.029 96.593025
C05 575.023 98.40564
C05 599.982 99.05039
C05 619.997 99.085175
C05 624.979 99.12139
C05 650.012 99.852
C05 675.004 99.553604
C05 700.03 99.693596
C05 725.012 99.27072
C05 750.022 99.75231
C05 774.987 99.45819
C05 799.976 98.66422
C05 824.988 96.83904
C05 850.022 94.78246
C05 869.967 91.763985
C05 875.002 90.27393
C05 899.999 82.94611
C05 919.999 74.154144
C05 925.012 71.604515
C05 949.965 58.77617
C05 975.002 43.491207
C05 999.976 26.536074
C05 1025.028 11.294353
C05 1050.014 3.9338174
C05 1075.002 2.1624067
C05 1099.99 1.7422017
C12 319.994 45.5361
C12 324.969 51.495636
C12 349.982 75.862045
C12 374.975 79.54191
C12 400.019 85.35077
C12 424.965 87.39945
C12 450.035 89.54976
C12 475.003 91.03557
C12 500.018 93.51829
C12 525.002 95.659904
C12 550.029 96.41126
C12 575.023 98.25907
C12 599.982 98.92024
C12 619.997 98.96568
C12 624.979 99.00766
C12 650.012 99.74021
C12 675.004 99.43614
C12 700.03 99.480385
C12 725.012 98.76141
C12 750.022 98.86106
C12 774.987 98.20876
C12 799.976 97.288185
C12 824.988 95.54591
C12 850.022 93.44131
C12 869.967 90.54939
C12 875.002 89.1538
C12 899.999 82.14052
C12 919.999 73.8056
C12 925.012 71.33878
C12 949.965 58.209045
C12 975.002 42.889606
C12 999.976 26.138828
C12 1025.028 11.194156
C12 1050.014 3.8983827
C12 1075.002 2.1406574
C12 1099.99 1.7278136
C11 319.994 45.33876
C11 324.969 51.273376
C11 349.982 75.52523
C11 374.975 79.25429
C11 400.019 85.216774
C11 424.965 87.346375
C11 450.035 89.53608
C11 475.003 91.049255
C11 500.018 93.549515
C11 525.002 95.69843
C11 550.029 96.45861
C11 575.023 98.309006
C11 599.982 98.980095
C11 619.997 99.02381
C11 624.979 99.06531
C11 650.012 99.80045
C11 675.004 99.495186
C11 700.03 99.54451
C11 725.012 98.8313
C11 750.022 98.94072
C11 774.987 98.29596
C11 799.976 97.376785
C11 824.988 95.631966
C11 850.022 93.52307
C11 869.967 90.63493
C11 875.002 89.2459
C11 899.999 82.22758
C11 919.999 73.87178
C11 925.012 71.39753
C11 949.965 58.213047
C11 975.002 42.89761
C11 999.976 26.147549
C11 1025.028 11.224591
C11 1050.014 3.9133315
C11 1075.002 2.1473312
C11 1099.99 1.7291132
C15 319.994 46.402325
C15 324.969 52.466408
C15 349.982 77.072105
C15 374.975 80.44878
C15 400.019 85.87128
C15 424.965 87.749825
C15 450.035 89.8118
C15 475.003 91.24752
C15 500.018 93.695465
C15 525.002 95.80457
C15 550.029 96.5271
C15 575.023 98.35003
C15 599.982 98.98958
C15 619.997 99.015076
C15 624.979 99.05573
C15 650.012 99.76865
C15 675.004 99.44453
C15 700.03 99.47809
C15 725.012 98.75367
C15 750.022 98.860794
C15 774.987 98.22127
C15 799.976 97.29966
C15 824.988 95.56353
C15 850.022 93.52896
C15 869.967 90.57163
C15 875.002 89.1539
C15 899.999 82.240265
C15 919.999 74.09967
C15 925.012 71.60333
C15 949.965 58.173916
C15 975.002 42.83361
C15 999.976 26.109455
C15 1025.028 11.237261
C15 1050.014 3.933856
C15 1075.002 2.1659312
C15 1099.99 1.738169
C16 319.994 46.626907
C16 324.969 52.717445
C16 349.982 77.38802
C16 374.975 80.6952
C16 400.019 86.04307
C16 424.965 87.8893
C16 450.035 89.94254
C16 475.003 91.3717
C16 500.018 93.81635
C16 525.002 95.92176
C16 550.029 96.63804
C16 575.023 98.45802
C16 599.982 99.09256
C16 619.997 99.11461
C16 624.979 99.14964
C16 650.012 99.860176
C16 675.004 99.53332
C16 700.03 99.56705
C16 725.012 98.85403
C16 750.022 98.98116
C16 774.987 98.35927
C16 799.976 97.447205
C16 824.988 95.718285
C16 850.022 93.706215
C16 869.967 90.7465
C16 875.002 89.32104
C16 899.999 82.42979
C16 919.999 74.333916
C16 925.012 71.8099
C16 949.965 58.191856
C16 975.002 42.940926
C16 999.976 26.173754
C16 1025.028 11.300539
C16 1050.014 3.9788558
C16 1075.002 2.1890755
C16 1099.99 1.7443445
C02 319.994 46.44091
C02 324.969 52.5271
C02 349.982 77.7715
C02 374.975 81.466095
C02 400.019 86.47635
C02 424.965 88.10034
C02 450.035 90.01035
C02 475.003 91.35307
C02 500.018 93.74659
C02 525.002 95.83358
C02 550.029 96.55542
C02 575.023 98.38765
C02 599.982 99.05119
C02 619.997 99.097565
C02 624.979 99.13949
C02 650.012 99.87952
C02 675.004 99.59715
C02 700.03 99.75296
C02 725.012 99.32097
C02 750.022 99.78499
C02 774.987 99.478966
C02 799.976 98.6791
C02 824.988 96.87336
C02 850.022 94.75651
C02 869.967 91.74373
C02 875.002 90.32954
C02 899.999 83.05054
C02 919.999 74.30764
C02 925.012 71.65599
C02 949.965 58.511288
C02 975.002 43.632145
C02 999.976 26.624308
C02 1025.028 11.460696
C02 1050.014 3.9543972
C02 1075.002 2.1670063
C02 1099.99 1.7439891
