lsstCam/transmission_sensor/r34_s01/19700101T000000.ecsv
# %ECSV 1.0
# ---
# datatype:
# - {name: amp_name, datatype: string}
# - {name: wavelength, unit: nm, datatype: float32}
# - {name: efficiency, unit: '%', datatype: float64}
# meta: !!omap
# - {MODE: AMP}
# - {TYPE: transmission_sensor}
# - {CALIBDATE: '1970-01-01T00:00:00'}
# - {INSTRUME: LSSTCam}
# - {OBSTYPE: transmission_sensor}
# - {DETECTOR: 154}
# - {PARQUETFILE: qe_raft_allvalues_nircorrected_20230725_adjust.parquet}
# - {CORRFILE: qe_corr_factor_bydetnum.parquet}
# - {CALIBCLS: lsst.ip.isr.IntermediateSensorTransmissionCurve}
# - {CALIB_ID: 'raftName=R34 detectorName=S01 detector=154 calibDate=1970-01-01T00:00:00 ccd=154 ccdnum=154 filter=None'}
# - {DATE: '2025-03-03T21:56:48.250621'}
# - {CALIB_CREATION_DATE: '2025-03-03'}
# - {CALIB_CREATION_TIME: '21:56:48'}
# - __serialized_columns__:
#     efficiency:
#       __class__: astropy.units.quantity.Quantity
#       unit: !astropy.units.Unit {unit: '%'}
#       value: !astropy.table.SerializedColumn {name: efficiency}
#     wavelength:
#       __class__: astropy.units.quantity.Quantity
#       unit: !astropy.units.Unit {unit: nm}
#       value: !astropy.table.SerializedColumn {name: wavelength}
# schema: astropy-2.0
amp_name wavelength efficiency
C00 319.994 44.514856969889685
C00 324.969 50.227627959953075
C00 349.982 75.57716688443558
C00 374.975 81.37035885415969
C00 400.019 87.02056918260455
C00 424.965 87.17239332022562
C00 450.035 88.56599361222486
C00 475.003 91.30196870017403
C00 500.018 92.2988000830415
C00 525.002 94.62512365942983
C00 550.029 96.67890015460594
C00 575.023 96.6861570998796
C00 599.982 98.47805849218706
C00 619.997 98.09818180020488
C00 624.979 98.44512781615538
C00 650.012 98.86082424116368
C00 675.004 98.6223588850759
C00 700.03 98.22821985632167
C00 725.012 98.34436909490843
C00 750.022 98.79390331410762
C00 774.987 98.89622471789775
C00 799.976 98.21918678893798
C00 824.988 96.44239386882838
C00 850.022 94.35336173091002
C00 869.967 91.11395893312647
C00 875.002 90.39170993019819
C00 899.999 82.5831758330183
C00 919.999 73.81427802753937
C00 925.012 70.92650167049413
C00 949.965 57.87501137272374
C00 975.002 43.02923373320191
C00 999.976 26.077707063970642
C00 1025.028 11.307040142028379
C00 1050.014 3.9612106287499436
C00 1075.002 0.9412032583603385
C00 1099.99 0.09338532262884897
C01 319.994 44.78264358647651
C01 324.969 50.52755628845833
C01 349.982 75.97237311102418
C01 374.975 81.68009777989938
C01 400.019 87.23011347738117
C01 424.965 87.33937166709462
C01 450.035 88.71566810849387
C01 475.003 91.44302938535142
C01 500.018 92.4345476475721
C01 525.002 94.75089292420918
C01 550.029 96.80488285895217
C01 575.023 96.80207003037445
C01 599.982 98.59047253835355
C01 619.997 98.20474912680741
C01 624.979 98.5531053684676
C01 650.012 98.96285597697019
C01 675.004 98.71796456535122
C01 700.03 98.31726989275735
C01 725.012 98.42815937058904
C01 750.022 98.8721365382079
C01 774.987 98.96672075769891
C01 799.976 98.28151114246461
C01 824.988 96.51484897893977
C01 850.022 94.42214263133454
C01 869.967 91.17715229060393
C01 875.002 90.46091770975646
C01 899.999 82.6971144475196
C01 919.999 73.9161268151457
C01 925.012 70.98890225243751
C01 949.965 57.83089417653546
C01 975.002 43.05883322742206
C01 999.976 26.08703932789004
C01 1025.028 11.234703185962944
C01 1050.014 3.9287771049236846
C01 1075.002 0.9419486724579053
C01 1099.99 0.09345928193081167
C02 319.994 44.8268751252899
C02 324.969 50.57578600772973
C02 349.982 75.96455969830834
C02 374.975 81.60795520629664
C02 400.019 87.14978397182054
C02 424.965 87.26151196223638
C02 450.035 88.6387536360032
C02 475.003 91.36377470046683
C02 500.018 92.35359306899421
C02 525.002 94.66991547710627
C02 550.029 96.71369842684776
C02 575.023 96.70644148157412
C02 599.982 98.49217599496731
C02 619.997 98.10030857303192
C02 624.979 98.44932037907607
C02 650.012 98.85069348457894
C02 675.004 98.60173909834774
C02 700.03 98.19746169016707
C02 725.012 98.30307616156036
C02 750.022 98.74526196138582
C02 774.987 98.8305310683512
C02 799.976 98.14619045706775
C02 824.988 96.39104640731232
C02 850.022 94.2747321190427
C02 869.967 91.04597080823605
C02 875.002 90.36044865649312
C02 899.999 82.66040284201762
C02 919.999 73.82110809367927
C02 925.012 70.82195439693521
C02 949.965 57.619371754344435
C02 975.002 43.104551220361884
C02 999.976 26.092131386128273
C02 1025.028 11.209858439236955
C02 1050.014 3.9130218822525356
C02 1075.002 0.9407400531358461
C02 1099.99 0.09333936383201273
C03 319.994 45.146474196734914
C03 324.969 50.93909064191263
C03 349.982 76.49403465814278
C03 374.975 82.05562945212738
C03 400.019 87.46989758507856
C03 424.965 87.52326509963824
C03 450.035 88.87656342770701
C03 475.003 91.59461721488061
C03 500.018 92.5798313870369
C03 525.002 94.89182402107812
C03 550.029 96.93717727620445
C03 575.023 96.92812896313741
C03 599.982 98.70961755371819
C03 619.997 98.3184590560585
C03 624.979 98.66162414253868
C03 650.012 99.06403395450921
C03 675.004 98.81411909022708
C03 700.03 98.40588542721761
C03 725.012 98.50860321877478
C03 750.022 98.95168851391777
C03 774.987 99.03945791295223
C03 799.976 98.35530024986895
C03 824.988 96.59745009131925
C03 850.022 94.43837166125849
C03 869.967 91.2674677187575
C03 875.002 90.59334933815887
C03 899.999 82.85627175883107
C03 919.999 73.79919242386651
C03 925.012 70.72614289993469
C03 949.965 57.75702884071439
C03 975.002 43.37035589811347
C03 999.976 26.23595535141249
C03 1025.028 11.21876096545698
C03 1050.014 3.896074637714615
C03 1075.002 0.9427066390387903
C03 1099.99 0.09353448667863751
C04 319.994 45.386376458478246
C04 324.969 51.21263250396333
C04 349.982 76.86904035429527
C04 374.975 82.34429884348013
C04 400.019 87.66323571845624
C04 424.965 87.67572193311825
C04 450.035 89.01629773843314
C04 475.003 91.72923659884347
C04 500.018 92.70978559189527
C04 525.002 95.02367631351332
C04 550.029 97.06598043197005
C04 575.023 97.05311307522433
C04 599.982 98.83451019170504
C04 619.997 98.43866364641582
C04 624.979 98.78109694009531
C04 650.012 99.18324757544892
C04 675.004 98.9289572000459
C04 700.03 98.51714842429134
C04 725.012 98.6228315012597
C04 750.022 99.06907265285572
C04 774.987 99.16441915651413
C04 799.976 98.48765564985463
C04 824.988 96.72550620860079
C04 850.022 94.56536820354734
C04 869.967 91.43070325036456
C04 875.002 90.74759753943229
C04 899.999 82.97856500780708
C04 919.999 73.7713461832314
C04 925.012 70.70598810654863
C04 949.965 57.97528985494523
C04 975.002 43.58566306119563
C04 999.976 26.369214058136542
C04 1025.028 11.254694088253013
C04 1050.014 3.8867316541741146
C04 1075.002 0.9438248632112464
C04 1099.99 0.09364543585373716
C05 319.994 45.38208861003662
C05 324.969 51.205059210760204
C05 349.982 76.75842529876384
C05 374.975 82.14667667308164
C05 400.019 87.46679508851723
C05 424.965 87.50009928379095
C05 450.035 88.85324515502624
C05 475.003 91.57176393554195
C05 500.018 92.55387561113692
C05 525.002 94.86295631965868
C05 550.029 96.90196737051224
C05 575.023 96.88637865928891
C05 599.982 98.65768313339322
C05 619.997 98.25836057230067
C05 624.979 98.5985222591613
C05 650.012 98.9935226690247
C05 675.004 98.73158658342267
C05 700.03 98.32110418211937
C05 725.012 98.4286396096145
C05 750.022 98.8881140143566
C05 774.987 98.98907855232875
C05 799.976 98.31694973340704
C05 824.988 96.56012865848334
C05 850.022 94.4034742920749
C05 869.967 91.2740919681722
C05 875.002 90.60877796970705
C05 899.999 82.82762511982017
C05 919.999 73.65246796732535
C05 925.012 70.57447121914709
C05 949.965 57.88235979209748
C05 975.002 43.65223333753469
C05 999.976 26.26087632655522
C05 1025.028 11.211984259208792
C05 1050.014 3.8787379136099127
C05 1075.002 0.9421008083741003
C05 1099.99 0.09347437671665217
C06 319.994 45.57774789870405
C06 324.969 51.42847707738351
C06 349.982 77.10636990697363
C06 374.975 82.45172755119182
C06 400.019 87.65600926454928
C06 424.965 87.62752270521355
C06 450.035 88.95510918831593
C06 475.003 91.65984587108504
C06 500.018 92.62930362950117
C06 525.002 94.93709607778001
C06 550.029 96.96973443299412
C06 575.023 96.95212566872716
C06 599.982 98.72335391441474
C06 619.997 98.32251440782906
C06 624.979 98.66342313317375
C06 650.012 99.05864460544569
C06 675.004 98.79659417721855
C06 700.03 98.39318577298873
C06 725.012 98.5152274681895
C06 750.022 98.99183039817306
C06 774.987 99.11455052628281
C06 799.976 98.45332237095492
C06 824.988 96.70582403139852
C06 850.022 94.57412684863077
C06 869.967 91.44084925263266
C06 875.002 90.77898840144583
C06 899.999 83.04380890969485
C06 919.999 73.88882179626943
C06 925.012 70.87011551063155
C06 949.965 58.06357760721351
C06 975.002 43.79203625383587
C06 999.976 26.388349296448705
C06 1025.028 11.258223463948076
C06 1050.014 3.913672205932849
C06 1075.002 0.9430886611844486
C06 1099.99 0.09357239056497318
C07 319.994 45.70691313944916
C07 324.969 51.57526251665808
C07 349.982 77.27158737741593
C07 374.975 82.54102914140275
C07 400.019 87.65996551937809
C07 424.965 87.60136111258838
C07 450.035 88.91290913680865
C07 475.003 91.60788095939337
C07 500.018 92.57377885074774
C07 525.002 94.87360542947725
C07 550.029 96.90456675952308
C07 575.023 96.87867958919817
C07 599.982 98.64531888419799
C07 619.997 98.24449462329567
C07 624.979 98.58550244558211
C07 650.012 98.97275042546305
C07 675.004 98.71207210873722
C07 700.03 98.30842739641551
C07 725.012 98.44204056527741
C07 750.022 98.93798264458792
C07 774.987 99.08306056732752
C07 799.976 98.43325142882728
C07 824.988 96.69148546620973
C07 850.022 94.58769550681049
C07 869.967 91.44228996970904
C07 875.002 90.78687804257842
C07 899.999 83.1044867294199
C07 919.999 73.9409315419529
C07 925.012 70.97995303631224
C07 949.965 58.15262383222836
C07 975.002 43.80876457988946
C07 999.976 26.393102138232443
C07 1025.028 11.306148269552521
C07 1050.014 3.952044638064562
C07 1075.002 0.9425754108744149
C07 1099.99 0.09352146634072502
C10 319.994 44.006607812696494
C10 324.969 49.65358986769241
C10 349.982 74.96902419852545
C10 374.975 81.16053251424113
C10 400.019 87.09844413314615
C10 424.965 87.34322120214
C10 450.035 88.77288515809893
C10 475.003 91.532666380596
C10 500.018 92.54680923690512
C10 525.002 94.89781557463388
C10 550.029 96.97785275937693
C10 575.023 97.0043954940858
C10 599.982 98.82222217092654
C10 619.997 98.4578732074343
C10 624.979 98.80951489385598
C10 650.012 99.24370433276542
C10 675.004 99.00574208422812
C10 700.03 98.53165469199696
C10 725.012 98.38707987680786
C10 750.022 98.51144653871918
C10 774.987 98.29359334651791
C10 799.976 97.5080213978037
C10 824.988 95.80574175505747
C10 850.022 93.63334622059223
C10 869.967 90.56093701536102
C10 875.002 89.92872139544438
C10 899.999 82.48359102938915
C10 919.999 73.87399536921349
C10 925.012 70.95982873429287
C10 949.965 57.87888377629413
C10 975.002 43.05179734455696
C10 999.976 26.20902004035741
C10 1025.028 11.438618012163314
C10 1050.014 3.9589337812274406
C10 1075.002 0.9385137069497953
C10 1099.99 0.09311846780873498
C11 319.994 44.29438914299423
C11 324.969 49.97818952327557
C11 349.982 75.35564710538911
C11 374.975 81.4067426774697
C11 400.019 87.25023015655886
C11 424.965 87.4634029239723
C11 450.035 88.88520773016533
C11 475.003 91.64601041344673
C11 500.018 92.65963491652202
C11 525.002 95.00548821327915
C11 550.029 97.08181307412696
C11 575.023 97.09585434849046
C11 599.982 98.91074623128672
C11 619.997 98.53548135851732
C11 624.979 98.88780147784797
C11 650.012 99.31526757040093
C11 675.004 99.06759382157097
C11 700.03 98.58376443768043
C11 725.012 98.42178667494959
C11 750.022 98.5266312393338
C11 774.987 98.29117690570725
C11 799.976 97.49905693599509
C11 824.988 95.79589304361467
C11 850.022 93.63572454719453
C11 869.967 90.55985457184332
C11 875.002 89.91625804930739
C11 899.999 82.44383028721757
C11 919.999 73.92940580534182
C11 925.012 71.04335983335658
C11 949.965 57.90307867576742
C11 975.002 42.97788627168584
C11 999.976 26.148334597790683
C11 1025.028 11.39947090874648
C11 1050.014 3.9443124562552994
C11 1075.002 0.9386583712766917
C11 1099.99 0.09313282127034926
C12 319.994 44.503704752520626
C12 324.969 50.214268929919385
C12 349.982 75.64716743952795
C12 374.975 81.63716593559141
C12 400.019 87.46490462378208
C12 424.965 87.67354942324117
C12 450.035 89.09953916951322
C12 475.003 91.86301747022219
C12 500.018 92.87851719234929
C12 525.002 95.2249345793903
C12 550.029 97.30168631937184
C12 575.023 97.31471375579271
C12 599.982 99.12468890570923
C12 619.997 98.7488751883393
C12 624.979 99.10136301018679
C12 650.012 99.52281468065897
C12 675.004 99.2704452613578
C12 700.03 98.77851279676781
C12 725.012 98.60878260405451
C12 750.022 98.70316862966199
C12 774.987 98.45685936949167
C12 799.976 97.65549289282893
C12 824.988 95.95429569360041
C12 850.022 93.79621585579895
C12 869.967 90.68472434130513
C12 875.002 90.03765942580753
C12 899.999 82.6005940262434
C12 919.999 74.09041546718007
C12 925.012 71.21037629443394
C12 949.965 57.94981050664988
C12 975.002 43.00835858127766
C12 999.976 26.199693493569267
C12 1025.028 11.413619855748635
C12 1050.014 3.935468054203039
C12 1075.002 0.9403402345487569
C12 1099.99 0.09329969419910754
C13 319.994 44.72489674937512
C13 324.969 50.46323093899227
C13 349.982 75.9775871347292
C13 374.975 81.83343886301358
C13 400.019 87.4864772657195
C13 424.965 87.6226669550672
C13 450.035 89.01062634422767
C13 475.003 91.7543538621593
C13 500.018 92.75396758223778
C13 525.002 95.08740326990797
C13 550.029 97.153574505646
C13 575.023 97.15880377503437
C13 599.982 98.961621076619
C13 619.997 98.57746034761604
C13 624.979 98.9303369343889
C13 650.012 99.34581991983033
C13 675.004 99.08741320992337
C13 700.03 98.59058688097866
C13 725.012 98.41589421833558
C13 750.022 98.50538637958836
C13 774.987 98.25570020055645
C13 799.976 97.4501487838147
C13 824.988 95.74658088082555
C13 850.022 93.59222861260267
C13 869.967 90.46300636837513
C13 875.002 89.80805943458662
C13 899.999 82.40982479050984
C13 919.999 73.94616081134126
C13 925.012 71.06725744200457
C13 949.965 57.70453033010554
C13 975.002 42.83215659598312
C13 999.976 26.073712694933466
C13 1025.028 11.341347693837431
C13 1050.014 3.9091037416320993
C13 1075.002 0.938455972880488
C13 1099.99 0.0931127394874175
C14 319.994 44.99833951448405
C14 324.969 50.77648780616451
C14 349.982 76.42502507246805
C14 374.975 82.22507759969875
C14 400.019 87.7859253551993
C14 424.965 87.87603496662766
C14 450.035 89.25082970821713
C14 475.003 91.9900597495611
C14 500.018 92.98400207543412
C14 525.002 95.31821529295505
C14 550.029 97.38508783012709
C14 575.023 97.38221401881599
C14 599.982 99.18724194448609
C14 619.997 98.80541380503537
C14 624.979 99.1531678422033
C14 650.012 99.56923016361196
C14 675.004 99.30837652152765
C14 700.03 98.81043725769854
C14 725.012 98.63594278893898
C14 750.022 98.72921587966205
C14 774.987 98.48009379091401
C14 799.976 97.66797148464927
C14 824.988 95.95430331644208
C14 850.022 93.79044536465173
C14 869.967 90.62958832747708
C14 875.002 89.96664503277253
C14 899.999 82.54721888884204
C14 919.999 74.07966726041973
C14 925.012 71.18489313471775
C14 949.965 57.68590010505428
C14 975.002 42.782398496956084
C14 999.976 26.023098931928516
C14 1025.028 11.302085294940278
C14 1050.014 3.8991735610688987
C14 1075.002 0.9405883854439164
C14 1099.99 0.09332431550295371
C15 319.994 45.02028948708434
C15 324.969 50.79542675630356
C15 349.982 76.32418249996269
C15 374.975 81.99353378385096
C15 400.019 87.55026520484755
C15 424.965 87.65915749816065
C15 450.035 89.04600395243672
C15 475.003 91.78518063388897
C15 500.018 92.78326978563264
C15 525.002 95.11361822242486
C15 550.029 97.16984927262
C15 575.023 97.1674709460177
C15 599.982 98.95943332105857
C15 619.997 98.56925816997482
C15 624.979 98.91754580605992
C15 650.012 99.32261598977468
C15 675.004 99.05876657091247
C15 700.03 98.55623835639561
C15 725.012 98.38759823004169
C15 750.022 98.48479708422688
C15 774.987 98.24361037366148
C15 799.976 97.43462105532475
C15 824.988 95.72703591477341
C15 850.022 93.54573690123294
C15 869.967 90.36231625270325
C15 875.002 89.69269534869228
C15 899.999 82.35467353099844
C15 919.999 73.86648687016461
C15 925.012 70.88463702402052
C15 949.965 57.3464130396818
C15 975.002 42.643323562034766
C15 999.976 25.92732173771553
C15 1025.028 11.19870908043352
C15 1050.014 3.8741094194309804
C15 1075.002 0.9382598195055553
C15 1099.99 0.09309327732975907
C16 319.994 45.32126214489893
C16 324.969 51.13983436597662
C16 349.982 76.75048229773952
C16 374.975 82.25889252536462
C16 400.019 87.67441080435033
C16 424.965 87.73266456042305
C16 450.035 89.09835762905375
C16 475.003 91.83042982206584
C16 500.018 92.82055310426018
C16 525.002 95.14189896503541
C16 550.029 97.19307607120068
C16 575.023 97.18288433188253
C16 599.982 98.9690685929345
C16 619.997 98.57313819638688
C16 624.979 98.9198097900371
C16 650.012 99.31616706571847
C16 675.004 99.047881153002
C16 700.03 98.54568072067713
C16 725.012 98.3849835953475
C16 750.022 98.50102611415083
C16 774.987 98.27872118241193
C16 799.976 97.47862009746709
C16 824.988 95.77678257953794
C16 850.022 93.55194951719726
C16 869.967 90.42047853467588
C16 875.002 89.77656947563132
C16 899.999 82.46873411096652
C16 919.999 73.73252305058571
C16 925.012 70.69934098860891
C16 949.965 57.423197923864016
C16 975.002 42.91337797401961
C16 999.976 26.049191918978625
C16 1025.028 11.168992385022635
C16 1050.014 3.8866930635381403
C16 1075.002 0.9384144322605857
C16 1099.99 0.09310861786527339
C17 319.994 45.49098471477057
C17 324.969 51.33073319001863
C17 349.982 76.96600290038856
C17 374.975 82.37491217564292
C17 400.019 87.68776602296317
C17 424.965 87.7093386649006
C17 450.035 89.06291903811132
C17 475.003 91.78558464449769
C17 500.018 92.76951055641106
C17 525.002 95.08470478395537
C17 550.029 97.13083556893245
C17 575.023 97.11561275410948
C17 599.982 98.89212362907713
C17 619.997 98.49120027123304
C17 624.979 98.83611861129825
C17 650.012 99.23206425352922
C17 675.004 98.955728620005
C17 700.03 98.45509849306497
C17 725.012 98.31230742282757
C17 750.022 98.45369589019695
C17 774.987 98.254892179339
C17 799.976 97.47219404193591
C17 824.988 95.77686643079636
C17 850.022 93.55913785689583
C17 869.967 90.48589776192216
C17 875.002 89.85080070785274
C17 899.999 82.48197498695427
C17 919.999 73.6030795761195
C17 925.012 70.56712279977336
C17 949.965 57.56047005672943
C17 975.002 43.20406741841597
C17 999.976 26.13474497679636
C17 1025.028 11.25356686054047
C17 1050.014 3.914710341683327
C17 1075.002 0.9379635189842712
C17 1099.99 0.09306387866424295
