lsstCam/transmission_sensor/r34_s01/19700101T000000.ecsv
# %ECSV 1.0
# ---
# datatype:
# - {name: amp_name, datatype: string}
# - {name: wavelength, unit: nm, datatype: float32}
# - {name: efficiency, unit: '%', datatype: float64}
# meta: !!omap
# - {MODE: AMP}
# - {TYPE: transmission_sensor}
# - {CALIBDATE: '1970-01-01T00:00:00'}
# - {INSTRUME: LSSTCAM}
# - {OBSTYPE: transmission_sensor}
# - {DETECTOR: 154}
# - {PARQUETFILE: qe_raft_allvalues_nircorrected_20230725.parquet}
# - {CALIBCLS: lsst.ip.isr.IntermediateSensorTransmissionCurve}
# - {CALIB_ID: 'raftName=R34 detectorName=S01 detector=154 calibDate=1970-01-01T00:00:00 ccd=154 ccdnum=154 filter=None'}
# - {DATE: '2024-01-18T22:42:25.522755'}
# - {CALIB_CREATION_DATE: '2024-01-18'}
# - {CALIB_CREATION_TIME: '22:42:25'}
# - __serialized_columns__:
#     efficiency:
#       __class__: astropy.units.quantity.Quantity
#       unit: !astropy.units.Unit {unit: '%'}
#       value: !astropy.table.SerializedColumn {name: efficiency}
#     wavelength:
#       __class__: astropy.units.quantity.Quantity
#       unit: !astropy.units.Unit {unit: nm}
#       value: !astropy.table.SerializedColumn {name: wavelength}
# schema: astropy-2.0
amp_name wavelength efficiency
C00 319.994 44.553123474121094
C00 324.969 50.27080535888672
C00 349.982 75.64213562011719
C00 374.975 81.4403076171875
C00 400.019 87.09537506103516
C00 424.965 87.24732971191406
C00 450.035 88.64212799072266
C00 475.003 91.38045501708984
C00 500.018 92.37814331054688
C00 525.002 94.70646667480469
C00 550.029 96.76200866699219
C00 575.023 96.76927185058594
C00 599.982 98.56271362304688
C00 619.997 98.18251037597656
C00 624.979 98.52975463867188
C00 650.012 98.94580841064453
C00 675.004 98.70713806152344
C00 700.03 98.31266021728516
C00 725.012 98.42890930175781
C00 750.022 98.87882995605469
C00 774.987 98.98123931884766
C00 799.976 98.30361938476562
C00 824.988 96.52529907226562
C00 850.022 94.4344711303711
C00 869.967 91.1922836303711
C00 875.002 90.46941375732422
C00 899.999 82.65416717529297
C00 919.999 73.87773132324219
C00 925.012 70.98747253417969
C00 949.965 57.92476272583008
C00 975.002 43.06622314453125
C00 999.976 26.10012435913086
C00 1025.028 11.316760063171387
C00 1050.014 3.964615821838379
C00 1075.002 0.9420123490981347
C00 1099.99 0.09346559986855672
C01 319.994 44.82114028930664
C01 324.969 50.57099151611328
C01 349.982 76.03768157958984
C01 374.975 81.75031280517578
C01 400.019 87.30509948730469
C01 424.965 87.4144515991211
C01 450.035 88.79193115234375
C01 475.003 91.52163696289062
C01 500.018 92.51400756835938
C01 525.002 94.83234405517578
C01 550.029 96.88809967041016
C01 575.023 96.88528442382812
C01 599.982 98.67522430419922
C01 619.997 98.28916931152344
C01 624.979 98.63782501220703
C01 650.012 99.04792785644531
C01 675.004 98.80282592773438
C01 700.03 98.40178680419922
C01 725.012 98.51277160644531
C01 750.022 98.9571304321289
C01 774.987 99.05179595947266
C01 799.976 98.36599731445312
C01 824.988 96.59781646728516
C01 850.022 94.50331115722656
C01 869.967 91.25553131103516
C01 875.002 90.53868103027344
C01 899.999 82.76820373535156
C01 919.999 73.97966766357422
C01 925.012 71.0499267578125
C01 949.965 57.88060760498047
C01 975.002 43.095848083496094
C01 999.976 26.109464645385742
C01 1025.028 11.24436092376709
C01 1050.014 3.932154417037964
C01 1075.002 0.9427584039793332
C01 1099.99 0.0935396227484827
C02 319.994 44.86540985107422
C02 324.969 50.6192626953125
C02 349.982 76.02986145019531
C02 374.975 81.67810821533203
C02 400.019 87.22470092773438
C02 424.965 87.3365249633789
C02 450.035 88.71495056152344
C02 475.003 91.44231414794922
C02 500.018 92.4329833984375
C02 525.002 94.75129699707031
C02 550.029 96.79683685302734
C02 575.023 96.7895736694336
C02 599.982 98.57684326171875
C02 619.997 98.18463897705078
C02 624.979 98.53395080566406
C02 650.012 98.9356689453125
C02 675.004 98.6865005493164
C02 700.03 98.28187561035156
C02 725.012 98.38758087158203
C02 750.022 98.83014678955078
C02 774.987 98.91548919677734
C02 799.976 98.23056030273438
C02 824.988 96.47390747070312
C02 850.022 94.35577392578125
C02 869.967 91.12423706054688
C02 875.002 90.43812561035156
C02 899.999 82.73146057128906
C02 919.999 73.88456726074219
C02 925.012 70.8828353881836
C02 949.965 57.66890335083008
C02 975.002 43.141605377197266
C02 999.976 26.114561080932617
C02 1025.028 11.219494819641113
C02 1050.014 3.9163856506347656
C02 1075.002 0.9415487456864776
C02 1099.99 0.0934196015639558
C03 319.994 45.18528366088867
C03 324.969 50.982879638671875
C03 349.982 76.5597915649414
C03 374.975 82.12616729736328
C03 400.019 87.54508972167969
C03 424.965 87.59850311279297
C03 450.035 88.95296478271484
C03 475.003 91.67335510253906
C03 500.018 92.65941619873047
C03 525.002 94.97339630126953
C03 550.029 97.0205078125
C03 575.023 97.0114517211914
C03 599.982 98.79447174072266
C03 619.997 98.4029769897461
C03 624.979 98.7464370727539
C03 650.012 99.1491928100586
C03 675.004 98.89906311035156
C03 700.03 98.490478515625
C03 725.012 98.5932846069336
C03 750.022 99.03675079345703
C03 774.987 99.12459564208984
C03 799.976 98.43984985351562
C03 824.988 96.68048858642578
C03 850.022 94.5195541381836
C03 869.967 91.3459243774414
C03 875.002 90.67122650146484
C03 899.999 82.92749786376953
C03 919.999 73.86263275146484
C03 925.012 70.78694152832031
C03 949.965 57.806678771972656
C03 975.002 43.40763854980469
C03 999.976 26.258508682250977
C03 1025.028 11.228404998779297
C03 1050.014 3.899423837661743
C03 1075.002 0.943517022134397
C03 1099.99 0.09361489214489996
C04 319.994 45.425392150878906
C04 324.969 51.256656646728516
C04 349.982 76.93511962890625
C04 374.975 82.41508483886719
C04 400.019 87.73859405517578
C04 424.965 87.75109100341797
C04 450.035 89.09281921386719
C04 475.003 91.80809020996094
C04 500.018 92.78948211669922
C04 525.002 95.10536193847656
C04 550.029 97.14942169189453
C04 575.023 97.13654327392578
C04 599.982 98.91947174072266
C04 619.997 98.52328491210938
C04 624.979 98.86601257324219
C04 650.012 99.26850891113281
C04 675.004 99.01399993896484
C04 700.03 98.60183715820312
C04 725.012 98.70761108398438
C04 750.022 99.15423583984375
C04 774.987 99.24966430664062
C04 799.976 98.57231903076172
C04 824.988 96.80865478515625
C04 850.022 94.64665985107422
C04 869.967 91.5093002319336
C04 875.002 90.82560729980469
C04 899.999 83.04989624023438
C04 919.999 73.83476257324219
C04 925.012 70.76676940917969
C04 949.965 58.02512741088867
C04 975.002 43.623130798339844
C04 999.976 26.391881942749023
C04 1025.028 11.264369010925293
C04 1050.014 3.890072822570801
C04 1075.002 0.9446362075708656
C04 1099.99 0.09372593669573184
C05 319.994 45.42110061645508
C05 324.969 51.24907684326172
C05 349.982 76.82440948486328
C05 374.975 82.21729278564453
C05 400.019 87.54198455810547
C05 424.965 87.5753173828125
C05 450.035 88.92962646484375
C05 475.003 91.65048217773438
C05 500.018 92.63343811035156
C05 525.002 94.94450378417969
C05 550.029 96.98526763916016
C05 575.023 96.96966552734375
C05 599.982 98.74249267578125
C05 619.997 98.34282684326172
C05 624.979 98.68328094482422
C05 650.012 99.07862091064453
C05 675.004 98.81645965576172
C05 700.03 98.40562438964844
C05 725.012 98.51325225830078
C05 750.022 98.9731216430664
C05 774.987 99.07417297363281
C05 799.976 98.4014663696289
C05 824.988 96.64313507080078
C05 850.022 94.48462677001953
C05 869.967 91.35255432128906
C05 875.002 90.6866683959961
C05 899.999 82.8988265991211
C05 919.999 73.71578216552734
C05 925.012 70.63513946533203
C05 949.965 57.9321174621582
C05 975.002 43.68975830078125
C05 999.976 26.283451080322266
C05 1025.028 11.221622467041016
C05 1050.014 3.8820722103118896
C05 1075.002 0.9429106706768017
C05 1099.99 0.093554730510321
C06 319.994 45.61692810058594
C06 324.969 51.472686767578125
C06 349.982 77.17265319824219
C06 374.975 82.5226058959961
C06 400.019 87.73136138916016
C06 424.965 87.70285034179688
C06 450.035 89.03157806396484
C06 475.003 91.73863983154297
C06 500.018 92.70893096923828
C06 525.002 95.01870727539062
C06 550.029 97.05309295654297
C06 575.023 97.03546905517578
C06 599.982 98.80821990966797
C06 619.997 98.40703582763672
C06 624.979 98.74823760986328
C06 650.012 99.143798828125
C06 675.004 98.88152313232422
C06 700.03 98.47776794433594
C06 725.012 98.59991455078125
C06 750.022 99.0769271850586
C06 774.987 99.19975280761719
C06 799.976 98.53795623779297
C06 824.988 96.78895568847656
C06 850.022 94.65542602539062
C06 869.967 91.51945495605469
C06 875.002 90.85702514648438
C06 899.999 83.11519622802734
C06 919.999 73.95233917236328
C06 925.012 70.93103790283203
C06 949.965 58.11349105834961
C06 975.002 43.829681396484375
C06 999.976 26.411033630371094
C06 1025.028 11.267901420593262
C06 1050.014 3.917036533355713
C06 1075.002 0.9438993726794493
C06 1099.99 0.09365282861472182
C07 319.994 45.7462043762207
C07 324.969 51.619598388671875
C07 349.982 77.3380126953125
C07 374.975 82.61198425292969
C07 400.019 87.73532104492188
C07 424.965 87.67666625976562
C07 450.035 88.98934173583984
C07 475.003 91.68663024902344
C07 500.018 92.65335845947266
C07 525.002 94.95516204833984
C07 550.029 96.98786926269531
C07 575.023 96.96195983886719
C07 599.982 98.73011779785156
C07 619.997 98.32894897460938
C07 624.979 98.67024993896484
C07 650.012 99.05783081054688
C07 675.004 98.79692840576172
C07 700.03 98.39293670654297
C07 725.012 98.52666473388672
C07 750.022 99.02303314208984
C07 774.987 99.1682357788086
C07 799.976 98.51786804199219
C07 824.988 96.77460479736328
C07 850.022 94.66900634765625
C07 869.967 91.5208969116211
C07 875.002 90.86492156982422
C07 899.999 83.1759262084961
C07 919.999 74.0044937133789
C07 925.012 71.04096984863281
C07 949.965 58.202613830566406
C07 975.002 43.8464241027832
C07 999.976 26.415790557861328
C07 1025.028 11.31586742401123
C07 1050.014 3.955441951751709
C07 1075.002 0.9433856811617718
C07 1099.99 0.09360186061425656
C10 319.994 44.044437408447266
C10 324.969 49.69627380371094
C10 349.982 75.0334701538086
C10 374.975 81.23030090332031
C10 400.019 87.1733169555664
C10 424.965 87.41830444335938
C10 450.035 88.84919738769531
C10 475.003 91.6113510131836
C10 500.018 92.6263656616211
C10 525.002 94.9793930053711
C10 550.029 97.06121826171875
C10 575.023 97.08778381347656
C10 599.982 98.90717315673828
C10 619.997 98.54251098632812
C10 624.979 98.89445495605469
C10 650.012 99.32901763916016
C10 675.004 99.09085083007812
C10 700.03 98.6163558959961
C10 725.012 98.4716567993164
C10 750.022 98.59613037109375
C10 774.987 98.37808990478516
C10 799.976 97.59184265136719
C10 824.988 95.88809967041016
C10 850.022 93.71383666992188
C10 869.967 90.63878631591797
C10 875.002 90.00602722167969
C10 899.999 82.55449676513672
C10 919.999 73.9375
C10 925.012 71.02082824707031
C10 949.965 57.92863845825195
C10 975.002 43.08880615234375
C10 999.976 26.231550216674805
C10 1025.028 11.448451042175293
C10 1050.014 3.962337017059326
C10 1075.002 0.9393204856565655
C10 1099.99 0.09319851565084834
C11 319.994 44.33246612548828
C11 324.969 50.02115249633789
C11 349.982 75.42042541503906
C11 374.975 81.47672271728516
C11 400.019 87.32523345947266
C11 424.965 87.53858947753906
C11 450.035 88.96161651611328
C11 475.003 91.72479248046875
C11 500.018 92.73928833007812
C11 525.002 95.087158203125
C11 550.029 97.16526794433594
C11 575.023 97.1793212890625
C11 599.982 98.99577331542969
C11 619.997 98.62018585205078
C11 624.979 98.97280883789062
C11 650.012 99.40064239501953
C11 675.004 99.15275573730469
C11 700.03 98.66851043701172
C11 725.012 98.50639343261719
C11 750.022 98.611328125
C11 774.987 98.37567138671875
C11 799.976 97.58287048339844
C11 824.988 95.87824249267578
C11 850.022 93.71621704101562
C11 869.967 90.63770294189453
C11 875.002 89.9935531616211
C11 899.999 82.51470184326172
C11 919.999 73.99295806884766
C11 925.012 71.10443115234375
C11 949.965 57.95285415649414
C11 975.002 43.01483154296875
C11 999.976 26.170812606811523
C11 1025.028 11.409270286560059
C11 1050.014 3.9477031230926514
C11 1075.002 0.9394652743418999
C11 1099.99 0.0932128814511926
C12 319.994 44.541961669921875
C12 324.969 50.2574348449707
C12 349.982 75.71219635009766
C12 374.975 81.70734405517578
C12 400.019 87.54009246826172
C12 424.965 87.74891662597656
C12 450.035 89.17613220214844
C12 475.003 91.94198608398438
C12 500.018 92.95835876464844
C12 525.002 95.30679321289062
C12 550.029 97.38533020019531
C12 575.023 97.39836883544922
C12 599.982 99.20989990234375
C12 619.997 98.8337631225586
C12 624.979 99.18655395507812
C12 650.012 99.60836791992188
C12 675.004 99.35578155517578
C12 700.03 98.8634262084961
C12 725.012 98.69355010986328
C12 750.022 98.78801727294922
C12 774.987 98.54149627685547
C12 799.976 97.73944091796875
C12 824.988 96.03678131103516
C12 850.022 93.87684631347656
C12 869.967 90.76268005371094
C12 875.002 90.11505889892578
C12 899.999 82.67160034179688
C12 919.999 74.15410614013672
C12 925.012 71.27159118652344
C12 949.965 57.99962615966797
C12 975.002 43.04533004760742
C12 999.976 26.22221565246582
C12 1025.028 11.423431396484375
C12 1050.014 3.9388511180877686
C12 1075.002 0.9411485834015604
C12 1099.99 0.09337989782966787
C13 319.994 44.763343811035156
C13 324.969 50.50661087036133
C13 349.982 76.04290008544922
C13 374.975 81.9037857055664
C13 400.019 87.56168365478516
C13 424.965 87.69799041748047
C13 450.035 89.08714294433594
C13 475.003 91.8332290649414
C13 500.018 92.83370208740234
C13 525.002 95.16914367675781
C13 550.029 97.23709106445312
C13 575.023 97.24232482910156
C13 599.982 99.04669189453125
C13 619.997 98.66220092773438
C13 624.979 99.015380859375
C13 650.012 99.43122100830078
C13 675.004 99.17259216308594
C13 700.03 98.67533874511719
C13 725.012 98.50049591064453
C13 750.022 98.5900650024414
C13 774.987 98.34016418457031
C13 799.976 97.53392028808594
C13 824.988 95.82888793945312
C13 850.022 93.67268371582031
C13 869.967 90.540771484375
C13 875.002 89.88526153564453
C13 899.999 82.48066711425781
C13 919.999 74.00972747802734
C13 925.012 71.12834930419922
C13 949.965 57.75413513183594
C13 975.002 42.86897659301758
C13 999.976 26.096126556396484
C13 1025.028 11.351097106933594
C13 1050.014 3.912464141845703
C13 1075.002 0.9392627019570637
C13 1099.99 0.09319278240526857
C14 319.994 45.03702163696289
C14 324.969 50.82013702392578
C14 349.982 76.49072265625
C14 374.975 82.29576110839844
C14 400.019 87.86138916015625
C14 424.965 87.95157623291016
C14 450.035 89.32755279541016
C14 475.003 92.06913757324219
C14 500.018 93.06393432617188
C14 525.002 95.40015411376953
C14 550.029 97.46880340576172
C14 575.023 97.46592712402344
C14 599.982 99.27250671386719
C14 619.997 98.89035034179688
C14 624.979 99.2384033203125
C14 650.012 99.65482330322266
C14 675.004 99.39374542236328
C14 700.03 98.89537811279297
C14 725.012 98.72073364257812
C14 750.022 98.8140869140625
C14 774.987 98.56475067138672
C14 799.976 97.7519302368164
C14 824.988 96.03678894042969
C14 850.022 93.8710708618164
C14 869.967 90.7074966430664
C14 875.002 90.04398345947266
C14 899.999 82.61817932128906
C14 919.999 74.14334869384766
C14 925.012 71.24608612060547
C14 949.965 57.73548889160156
C14 975.002 42.819175720214844
C14 999.976 26.045469284057617
C14 1025.028 11.311800956726074
C14 1050.014 3.9025254249572754
C14 1075.002 0.9413969476157762
C14 1099.99 0.09340454029883484
C15 319.994 45.058990478515625
C15 324.969 50.83909225463867
C15 349.982 76.3897933959961
C15 374.975 82.06401824951172
C15 400.019 87.62552642822266
C15 424.965 87.73451232910156
C15 450.035 89.12255096435547
C15 475.003 91.86408233642578
C15 500.018 92.86302947998047
C15 525.002 95.19538116455078
C15 550.029 97.25337982177734
C15 575.023 97.2509994506836
C15 599.982 99.04450225830078
C15 619.997 98.65399169921875
C15 624.979 99.00257873535156
C15 650.012 99.40799713134766
C15 675.004 99.1439208984375
C15 700.03 98.64096069335938
C15 725.012 98.47217559814453
C15 750.022 98.5694580078125
C15 774.987 98.32806396484375
C15 799.976 97.51837921142578
C15 824.988 95.809326171875
C15 850.022 93.62615203857422
C15 869.967 90.43999481201172
C15 875.002 89.7697982788086
C15 899.999 82.42546844482422
C15 919.999 73.92998504638672
C15 925.012 70.94557189941406
C15 949.965 57.39570999145508
C15 975.002 42.67998123168945
C15 999.976 25.949609756469727
C15 1025.028 11.208335876464844
C15 1050.014 3.8774397373199463
C15 1075.002 0.939066379961934
C15 1099.99 0.0931733035172691
C16 319.994 45.36022186279297
C16 324.969 51.18379592895508
C16 349.982 76.81645965576172
C16 374.975 82.32960510253906
C16 400.019 87.7497787475586
C16 424.965 87.8080825805664
C16 450.035 89.1749496459961
C16 475.003 91.90937042236328
C16 500.018 92.90034484863281
C16 525.002 95.22368621826172
C16 550.029 97.27662658691406
C16 575.023 97.26642608642578
C16 599.982 99.05414581298828
C16 619.997 98.65787506103516
C16 624.979 99.00484466552734
C16 650.012 99.40154266357422
C16 675.004 99.13302612304688
C16 700.03 98.6303939819336
C16 725.012 98.46955871582031
C16 750.022 98.58570098876953
C16 774.987 98.36320495605469
C16 799.976 97.56241607666016
C16 824.988 95.85911560058594
C16 850.022 93.63236999511719
C16 869.967 90.49820709228516
C16 875.002 89.85374450683594
C16 899.999 82.53962707519531
C16 919.999 73.79590606689453
C16 925.012 70.76011657714844
C16 949.965 57.47256088256836
C16 975.002 42.95026779174805
C16 999.976 26.071584701538086
C16 1025.028 11.178593635559082
C16 1050.014 3.8900341987609863
C16 1075.002 0.9392211256274139
C16 1099.99 0.09318865724003611
C17 319.994 45.53009033203125
C17 324.969 51.37485885620117
C17 349.982 77.03216552734375
C17 374.975 82.44572448730469
C17 400.019 87.76314544677734
C17 424.965 87.78473663330078
C17 450.035 89.13948059082031
C17 475.003 91.86448669433594
C17 500.018 92.84925842285156
C17 525.002 95.16644287109375
C17 550.029 97.2143325805664
C17 575.023 97.1990966796875
C17 599.982 98.97713470458984
C17 619.997 98.57586669921875
C17 624.979 98.92108154296875
C17 650.012 99.31736755371094
C17 675.004 99.0407943725586
C17 700.03 98.53973388671875
C17 725.012 98.39682006835938
C17 750.022 98.538330078125
C17 774.987 98.33935546875
C17 799.976 97.55598449707031
C17 824.988 95.85919952392578
C17 850.022 93.63956451416016
C17 869.967 90.56368255615234
C17 875.002 89.92803955078125
C17 899.999 82.5528793334961
C17 919.999 73.66635131835938
C17 925.012 70.6277847290039
C17 949.965 57.60995101928711
C17 975.002 43.241207122802734
C17 999.976 26.157211303710938
C17 1025.028 11.263240814208984
C17 1050.014 3.9180755615234375
C17 1075.002 0.9387698247305166
C17 1099.99 0.09314387957964756
