lsstCam/transmission_filter_detector/r10_s11/z_20/19700101T000000.ecsv
# %ECSV 1.0
# ---
# datatype:
# - {name: wavelength, unit: nm, datatype: float32}
# - {name: efficiency, unit: '%', datatype: float64}
# meta: !!omap
# - {MODE: DETECTOR}
# - {TYPE: transmission_filter_detector}
# - {CALIBDATE: '1970-01-01T00:00:00'}
# - {INSTRUME: LSSTCam}
# - {OBSTYPE: transmission_filter_detector}
# - {CALIBCLS: lsst.ip.isr.IntermediateFilterDetectorTransmissionCurve}
# - {SOURCE: Materion (DM-46256)}
# - {DETECTOR: 31}
# - {FILTER: z_20}
# - {CALIB_ID: 'calibDate=1970-01-01T00:00:00 filter=z_20 detector=31'}
# - {DATE: '2025-04-02T15:59:48.778145'}
# - {CALIB_CREATION_DATE: '2025-04-02'}
# - {CALIB_CREATION_TIME: '15:59:48'}
# - __serialized_columns__:
#     efficiency:
#       __class__: astropy.units.quantity.Quantity
#       unit: !astropy.units.Unit {unit: '%'}
#       value: !astropy.table.SerializedColumn {name: efficiency}
#     wavelength:
#       __class__: astropy.units.quantity.Quantity
#       unit: !astropy.units.Unit {unit: nm}
#       value: !astropy.table.SerializedColumn {name: wavelength}
# schema: astropy-2.0
wavelength efficiency
300.0 0.8643513545393944
301.0 0.583374360576272
302.0 0.30239743646234274
303.0 0.29510713648051023
304.0 0.2878168597817421
305.0 0.244210846722126
306.0 0.20060476381331682
307.0 0.1838995609432459
308.0 0.16719434643164277
309.0 0.14673530822619796
310.0 0.12627628166228533
311.0 0.12636521132662892
312.0 0.12645417591556907
313.0 0.11131820501759648
314.0 0.09618226322345436
315.0 0.09595104493200779
316.0 0.09571983246132731
317.0 0.08020148379728198
318.0 0.06468314095400274
319.0 0.06472088280133903
320.0 0.06475862464867532
321.0 0.06373393698595464
322.0 0.06270924932323396
323.0 0.05441916291601956
324.0 0.04612907359842211
325.0 0.043249555164948106
326.0 0.0403700367314741
327.0 0.03906249476131052
328.0 0.037754952791146934
329.0 0.03358780813869089
330.0 0.029420663486234844
331.0 0.026730867102742195
332.0 0.024041066353674978
333.0 0.02319777267985046
334.0 0.022354476095642895
335.0 0.02123594022123143
336.0 0.020117404346819967
337.0 0.02417169453110546
338.0 0.028225983260199428
339.0 0.024062891316134483
340.0 0.019899808103218675
341.0 0.01690103526925668
342.0 0.01390226389048621
343.0 0.013726619363296777
344.0 0.013550977746490389
345.0 0.012780363613273948
346.0 0.01200975020765327
347.0 0.011324015213176608
348.0 0.010638283856678754
349.0 0.0132039247546345
350.0 0.015769567107781768
351.0 0.013088039122521877
352.0 0.010406503861304373
353.0 0.01097391068469733
354.0 0.011541316052898765
355.0 0.009890548244584352
356.0 0.0082397811638657
357.0 0.009225484245689586
358.0 0.010211190965492278
359.0 0.00996827584458515
360.0 0.009725360723678023
361.0 0.008775903552304953
362.0 0.007826447836123407
363.0 0.009174294245894998
364.0 0.010522139200475067
365.0 0.010237679089186713
366.0 0.009953221888281405
367.0 0.008743854414205998
368.0 0.0075344854849390686
369.0 0.007925496174721047
370.0 0.008316507592098787
371.0 0.008229044760810211
372.0 0.008141582657117397
373.0 0.0071488728281110525
374.0 0.006156165181891993
375.0 0.0064715175540186465
376.0 0.0067868699261453
377.0 0.007069452112773433
378.0 0.007352034299401566
379.0 0.006209784623933956
380.0 0.005067534584668465
381.0 0.0032125102734426036
382.0 0.0013574864169640932
383.0 0.003552588532329537
384.0 0.005747690738644451
385.0 0.0055157041060738266
386.0 0.005283717837301083
387.0 0.005893683191970922
388.0 0.006503649638034403
389.0 0.005756447717431001
390.0 0.0050092468882212415
391.0 0.004608952076523565
392.0 0.004208657264825888
393.0 0.004718287891591899
394.0 0.005227918882155791
395.0 0.004303622336010449
396.0 0.0033793254260672256
397.0 0.0035418564948486164
398.0 0.0037043871998321265
399.0 0.003952484985347837
400.0 0.004200582770863548
401.0 0.00475346387247555
402.0 0.005306345337885432
403.0 0.00517287953698542
404.0 0.005039414099883288
405.0 0.0039154354453785345
406.0 0.0027914575184695423
407.0 0.0014240428754419554
408.0 5.662884632329224e-05
409.0 0.0017753558495314792
410.0 0.0034940829209517688
411.0 0.004020456617581658
412.0 0.004546830314211547
413.0 0.004371553586679511
414.0 0.004196276859147474
415.0 0.0034896289434982464
416.0 0.0027829819373437203
417.0 0.0037785583117511123
418.0 0.004774135231855325
419.0 0.004332958997110836
420.0 0.003891782762366347
421.0 0.0037390247598523274
422.0 0.003586266757338308
423.0 0.003467681017355062
424.0 0.0033490963687654585
425.0 0.002523129660403356
426.0 0.0016971631339401938
427.0 0.0018660961359273642
428.0 0.002035029319813475
429.0 0.0012301320566621143
430.0 0.0004252351118338993
431.0 0.0005866880655958084
432.0 0.0007481409284082474
433.0 0.0006226139248610707
434.0 0.0004970870122633642
435.0 0.0011799047570093535
436.0 0.0018627224562806077
437.0 0.001890119892777875
438.0 0.001917517147376202
439.0 0.002050813600362744
440.0 0.0021841102352482267
441.0 0.0016206413420150056
442.0 0.0010571725397312548
443.0 0.0022563172024092637
444.0 0.0034554617741378024
445.0 0.0034366257750662044
446.0 0.0034177897759946063
447.0 0.002688768472580705
448.0 0.0019597471691668034
449.0 0.002644338019308634
450.0 0.0033289295970462263
451.0 0.002544202834542375
452.0 0.0017594753444427624
453.0 0.0016629701349302195
454.0 0.001566465107316617
455.0 0.002298643084941432
456.0 0.003030821244465187
457.0 0.002223154115199577
458.0 0.001415486985933967
459.0 0.0015701214579166844
460.0 0.001724755929899402
461.0 0.0008460037861368619
462.0 1.682227274146797e-10
463.0 0.0009854731615632772
464.0 0.002003694862651173
465.0 0.002215115455328487
466.0 0.0024265360480058007
467.0 0.002182927892135922
468.0 0.001939319190569222
469.0 0.001718707790132612
470.0 0.0014980960258981213
471.0 0.0013689550542039797
472.0 0.0012398142644087784
473.0 0.0012218877600389533
474.0 0.0012039613466185983
475.0 0.0011165441719640512
476.0 0.001029126997309504
477.0 0.0013431407751340885
478.0 0.001657154098211322
479.0 0.0019733599401661195
480.0 0.0022895656002219766
481.0 0.001795676871552132
482.0 0.0013017881428822875
483.0 0.0008466664439765736
484.0 0.0003915446086466545
485.0 0.001228464680025354
486.0 0.0020653846149798483
487.0 0.0015188870747806504
488.0 0.0009723895345814526
489.0 0.0017238773580174893
490.0 0.0024753653633524664
491.0 0.0022737409381079488
492.0 0.002072116876661312
493.0 0.0019163600882166065
494.0 0.0017606038454687223
495.0 0.0015942669051582925
496.0 0.001427930055797333
497.0 0.0012791950211976655
498.0 0.0011304601684969384
499.0 0.0012324928320595063
500.0 0.0013345255865715444
501.0 0.0008822566996968817
502.0 0.0004299876763980137
503.0 0.0012504096048360225
504.0 0.002070831396849826
505.0 0.0022208860173122957
506.0 0.002370940819673706
507.0 0.002275521183037199
508.0 0.0021801015464006923
509.0 0.0018275080947205424
510.0 0.0014749151887372136
511.0 0.001181272182293469
512.0 0.0008876291758497246
513.0 0.001261962370335823
514.0 0.001636295928619802
515.0 0.0012458629498723894
516.0 0.0008554305168217979
517.0 0.0008628133400634397
518.0 0.0008701960723556112
519.0 0.001056274413713254
520.0 0.0012423523912730161
521.0 0.0016087831681943499
522.0 0.0019752140360651538
523.0 0.0013391671927820425
524.0 0.0007031204404484015
525.0 0.0007484503385057906
526.0 0.0007937803275126498
527.0 0.001157980295829475
528.0 0.0015221805369947106
529.0 0.0013232625860837288
530.0 0.001124344089475926
531.0 0.0011460268069640733
532.0 0.0011677094335027505
533.0 0.000836350409372244
534.0 0.0005049914307164727
535.0 0.001150436310126679
536.0 0.0017958813259610906
537.0 0.0017775491869542748
538.0 0.0017592172298463993
539.0 0.0012105560017516837
540.0 0.0006618945008085575
541.0 0.0007448708402080229
542.0 0.0008278472705569584
543.0 0.001212633287650533
544.0 0.0015974193956935778
545.0 0.001085194162442349
546.0 0.0005729692475142656
547.0 0.0012411762327246834
548.0 0.0019093828086624853
549.0 0.0017228412616532296
550.0 0.0015362997146439739
551.0 0.0015732503015897237
552.0 0.0016102007066365331
553.0 0.0013594932170235552
554.0 0.0011087853636126965
555.0 0.0010460687008162495
556.0 0.0009833521289692726
557.0 0.0013538847269956023
558.0 0.0017244172340724617
559.0 0.0017506310541648418
560.0 0.0017768445104593411
561.0 0.0015921094018267468
562.0 0.001407374111295212
563.0 0.0011639662261586636
564.0 0.0009205584319715854
565.0 0.0017786285752663389
566.0 0.0026366991733084433
567.0 0.002966717875096947
568.0 0.0032967363949865103
569.0 0.003030649713764433
570.0 0.0027645632144412957
571.0 0.0026273868570569903
572.0 0.0024902099539758638
573.0 0.0020108978787902743
574.0 0.0015315861674025655
575.0 0.0019612010873970576
576.0 0.0023908160073915496
577.0 0.00202793216885766
578.0 0.0016650486941216514
579.0 0.0017824717360781506
580.0 0.001899894414236769
581.0 0.0016776257325545885
582.0 0.0014553567780239973
583.0 0.0018819930119207129
584.0 0.0023086291548679583
585.0 0.0025166929844999686
586.0 0.002724756814131979
587.0 0.0021060417566332035
588.0 0.0014873260624881368
589.0 0.0021662457584170625
590.0 0.002845165363396518
591.0 0.0019339546270202845
592.0 0.001022743799694581
593.0 0.0008225435522035696
594.0 0.000622343213763088
595.0 0.0010525050129217561
596.0 0.001482666630181484
597.0 0.001342681935057044
598.0 0.001202697148983134
599.0 0.0008473784873785917
600.0 0.0004920599621982547
601.0 0.0004730221462523332
602.0 0.00045398414840747137
603.0 0.0008928096576710232
604.0 0.001331634666712489
605.0 0.0008478888958052266
606.0 0.00036414289752428886
607.0 0.0007849364010326099
608.0 0.001205729950015666
609.0 0.0011776809515140485
610.0 0.0011496316801640205
611.0 0.0010167158507101703
612.0 0.0008837996574584395
613.0 0.0008460185199510306
614.0 0.0008082373824436218
615.0 0.0012406364476191811
616.0 0.0016730358765926212
617.0 0.002143449819413945
618.0 0.002613863762235269
619.0 0.002193844375142362
620.0 0.0017738248061505146
621.0 0.0015004337001300883
622.0 0.0012270423212612513
623.0 0.001573641384311486
624.0 0.001920240538311191
625.0 0.001665234231040813
626.0 0.0014102280147199053
627.0 0.0018780116079142317
628.0 0.0023457954739569686
629.0 0.0021140296666999348
630.0 0.0018822636775439605
631.0 0.0016908030374906957
632.0 0.0014993420336395502
633.0 0.0018224109226139262
634.0 0.0021454799934872426
635.0 0.005137116750120185
636.0 0.008128752233460546
637.0 0.015455158427357674
638.0 0.022781566076446325
639.0 0.019809769582934678
640.0 0.016837971634231508
641.0 0.014614548126701266
642.0 0.012391128984745592
643.0 0.009907571802614257
644.0 0.0074240160756744444
645.0 0.006704364204779267
646.0 0.005984712697681971
647.0 0.005546582178794779
648.0 0.0051084509323118255
649.0 0.004173552224528976
650.0 0.003238653880544007
651.0 0.0036180816096020862
652.0 0.003997509338660166
653.0 0.0033226835512323305
654.0 0.0026478572181076743
655.0 0.0028152171580586582
656.0 0.002982577461807523
657.0 0.002925978697021492
658.0 0.00286937956843758
659.0 0.002731669883360155
660.0 0.00259396038018167
661.0 0.0027562597097130492
662.0 0.002918558493547607
663.0 0.001969914410437923
664.0 0.0010212706911261193
665.0 0.001535091178084258
666.0 0.0020489116650423966
667.0 0.00234883809753228
668.0 0.0026487647119211033
669.0 0.001963863724085968
670.0 0.001278962918149773
671.0 0.0009552784831612371
672.0 0.0006315939117484959
673.0 0.0012617972970474511
674.0 0.0018920009097200818
675.0 0.002049044633167796
676.0 0.00220608835661551
677.0 0.001954978688445408
678.0 0.0017038686564774252
679.0 0.0013977312846691348
680.0 0.001091593730961904
681.0 0.0012281181625439785
682.0 0.0013646424122271128
683.0 0.0024199891413445584
684.0 0.0034753360523609444
685.0 0.002842958019755315
686.0 0.0022105803509475663
687.0 0.0016635647625662386
688.0 0.0011165489013365004
689.0 0.0014535377886204515
690.0 0.0017905265849549323
691.0 0.0021166802980587818
692.0 0.002442833829263691
693.0 0.002812110869854223
694.0 0.0031813880923436955
695.0 0.003312920671305619
696.0 0.003444453250267543
697.0 0.0037099551263963804
698.0 0.0039754573663230985
699.0 0.005908928869757801
700.0 0.007842400373192504
701.0 0.007345102494582534
702.0 0.006847805343568325
703.0 0.006294466584222391
704.0 0.0057411278248764575
705.0 0.005109106132294983
706.0 0.004477084803511389
707.0 0.00426824226451572
708.0 0.004059399361722171
709.0 0.004276372055755928
710.0 0.004493344385991804
711.0 0.003998216925538145
712.0 0.0035030894650844857
713.0 0.002464108547428623
714.0 0.0014251277207222302
715.0 0.002169667095586192
716.0 0.002914206197601743
717.0 0.0025221423129551113
718.0 0.0021300778826116584
719.0 0.0016925769159570336
720.0 0.0012550756764539983
721.0 0.001193036041513551
722.0 0.001130996042775223
723.0 0.000970862038229825
724.0 0.0008107279427349567
725.0 0.0012089358278899454
726.0 0.0016071438949438743
727.0 0.0016859981769812293
728.0 0.0017648520952207036
729.0 0.001799659185053315
730.0 0.001834466092986986
731.0 0.0013612730072054546
732.0 0.0008880797395249829
733.0 0.0009783282621356193
734.0 0.0010685765118978452
735.0 0.0011276583791186567
736.0 0.0011867398825415876
737.0 0.0013134795153746381
738.0 0.0014402188753592782
739.0 0.001119970875151921
740.0 0.0007997229658940341
741.0 0.001023334243654972
742.0 0.0012469452485674992
743.0 0.0016058496839832515
744.0 0.0019647539375000633
745.0 0.0013139160728314891
746.0 0.0006630783445871202
747.0 0.001151384822151158
748.0 0.0016396916180383414
749.0 0.0023265187337528914
750.0 0.003013346031366382
751.0 0.002997202864207793
752.0 0.0029810598789481446
753.0 0.0029772103516734205
754.0 0.002973361188196577
755.0 0.0019354098185431212
756.0 0.0008974585398391355
757.0 0.0018787968656397425
758.0 0.0028601351004908793
759.0 0.002722104727581609
760.0 0.002584074354672339
761.0 0.004390784306451678
762.0 0.006197493348736316
763.0 0.0057270026445621625
764.0 0.005256510848994367
765.0 0.005285099541652016
766.0 0.005313688598107547
767.0 0.004632217314792797
768.0 0.003950745667680167
769.0 0.0034881850297097117
770.0 0.003025625119335018
771.0 0.0038603633583988994
772.0 0.0046951012336649
773.0 0.003977912274422124
774.0 0.003260723315179348
775.0 0.01988536532735452
776.0 0.07511510048061609
777.0 0.0661706319078803
778.0 0.05923145799897611
779.0 1.682227274146797e-10
780.0 0.0709845160599798
781.0 0.09807121241465211
782.0 1.682227274146797e-10
783.0 0.01439615007257089
784.0 0.08510813931934536
785.0 0.09358021197840571
786.0 1.682227274146797e-10
787.0 1.682227274146797e-10
788.0 0.04398289893288165
789.0 1.682227274146797e-10
790.0 0.056440167827531695
791.0 1.682227274146797e-10
792.0 0.0698713876772672
793.0 0.03616938192863017
794.0 1.682227274146797e-10
795.0 0.06904915207996964
796.0 0.11447013821452856
797.0 0.11371078435331583
798.0 0.1109663862735033
799.0 0.2680344507098198
800.0 0.41393181309103966
801.0 0.6382615771144629
802.0 1.0361296124756336
803.0 1.6875950619578362
804.0 2.730562910437584
805.0 4.154568165540695
806.0 5.866152793169022
807.0 8.121956884860992
808.0 10.73698103427887
809.0 13.78982812166214
810.0 17.17335432767868
811.0 20.239870250225067
812.0 23.383548855781555
813.0 27.16854214668274
814.0 31.400027871131897
815.0 36.740654706954956
816.0 42.26710796356201
817.0 48.47007691860199
818.0 55.272674560546875
819.0 62.02039122581482
820.0 69.82996463775635
821.0 76.91015601158142
822.0 82.52617120742798
823.0 86.76233291625977
824.0 91.04257225990295
825.0 94.38835978507996
826.0 96.0040032863617
827.0 97.74373173713684
828.0 99.04603362083435
829.0 98.93390536308289
830.0 99.07566905021667
831.0 99.29941892623901
832.0 98.49435687065125
833.0 99.44742918014526
834.0 98.10259342193604
835.0 99.09010529518127
836.0 98.77706170082092
837.0 98.95755052566528
838.0 97.72769212722778
839.0 98.14487099647522
840.0 98.67768287658691
841.0 99.19087886810303
842.0 99.26267862319946
843.0 99.66338872909546
844.0 98.19416403770447
845.0 98.32525253295898
846.0 98.71214032173157
847.0 98.8206684589386
848.0 99.77127313613892
849.0 98.66646528244019
850.0 97.9656994342804
851.0 98.8507091999054
852.0 99.28545951843262
853.0 98.5110878944397
854.0 99.44232106208801
855.0 98.22937250137329
856.0 98.87179136276245
857.0 97.82699346542358
858.0 98.61809015274048
859.0 99.35884475708008
860.0 98.56983423233032
861.0 98.9309012889862
862.0 98.67529273033142
863.0 98.0703353881836
864.0 99.21519756317139
865.0 100.16142129898071
866.0 98.61907958984375
867.0 99.13188219070435
868.0 99.57221150398254
869.0 99.17468428611755
870.0 98.01684617996216
871.0 98.5380470752716
872.0 99.10985231399536
873.0 99.27268028259277
874.0 99.94751214981079
875.0 98.50387573242188
876.0 99.2016613483429
877.0 99.58577752113342
878.0 98.88349175453186
879.0 98.68658185005188
880.0 98.60818386077881
881.0 99.85193610191345
882.0 98.67064952850342
883.0 98.65529537200928
884.0 99.03403520584106
885.0 99.06742572784424
886.0 98.64017367362976
887.0 98.6051619052887
888.0 98.91698360443115
889.0 99.54254031181335
890.0 98.19758534431458
891.0 99.15832281112671
892.0 98.63651394844055
893.0 98.42913150787354
894.0 98.34972620010376
895.0 99.45366978645325
896.0 99.14520382881165
