lsstCam/transmission_filter_detector/r10_s11/z_20/19700101T000000.ecsv
# %ECSV 1.0
# ---
# datatype:
# - {name: wavelength, unit: nm, datatype: float32}
# - {name: efficiency, unit: '%', datatype: float64}
# meta: !!omap
# - {MODE: DETECTOR}
# - {TYPE: transmission_filter_detector}
# - {CALIBDATE: '1970-01-01T00:00:00'}
# - {INSTRUME: LSSTCam}
# - {OBSTYPE: transmission_filter_detector}
# - {CALIBCLS: lsst.ip.isr.IntermediateFilterDetectorTransmissionCurve}
# - {SOURCE: Materion (DM-46256)}
# - {DETECTOR: 31}
# - {FILTER: z_20}
# - {CALIB_ID: 'calibDate=1970-01-01T00:00:00 filter=z_20 detector=31'}
# - {DATE: '2025-04-02T15:59:48.778145'}
# - {CALIB_CREATION_DATE: '2025-04-02'}
# - {CALIB_CREATION_TIME: '15:59:48'}
# - __serialized_columns__:
#     efficiency:
#       __class__: astropy.units.quantity.Quantity
#       unit: !astropy.units.Unit {unit: '%'}
#       value: !astropy.table.SerializedColumn {name: efficiency}
#     wavelength:
#       __class__: astropy.units.quantity.Quantity
#       unit: !astropy.units.Unit {unit: nm}
#       value: !astropy.table.SerializedColumn {name: wavelength}
# schema: astropy-2.0
wavelength efficiency
[from data line 598]
898.0 98.63651990890503
899.0 98.67585301399231
900.0 98.71764779090881
901.0 99.45988655090332
902.0 99.12262558937073
903.0 98.55161309242249
904.0 97.7610170841217
905.0 98.60055446624756
906.0 98.15905690193176
907.0 98.5245406627655
908.0 98.01441431045532
909.0 98.31954836845398
910.0 98.0205774307251
911.0 97.13600873947144
912.0 96.22603058815002
913.0 94.99098658561707
914.0 92.7950918674469
915.0 90.1777446269989
916.0 87.95214295387268
917.0 86.75739765167236
918.0 82.96186327934265
919.0 82.08588361740112
920.0 78.68881821632385
921.0 74.76282715797424
922.0 70.4378604888916
923.0 64.54617381095886
924.0 58.82712006568909
925.0 53.25440764427185
926.0 47.0905065536499
927.0 39.90453779697418
928.0 33.711808919906616
929.0 27.425190806388855
930.0 21.81682586669922
931.0 16.765902936458588
932.0 11.454766988754272
933.0 7.2422802448272705
934.0 4.629797488451004
935.0 2.7696195989847183
936.0 1.6051240265369415
937.0 0.9790264070034027
938.0 0.5976773798465729
939.0 0.27707433328032494
940.0 0.18418653635308146
941.0 0.15734053449705243
942.0 0.06933266413398087
943.0 0.08691056282259524
944.0 1.682227274146797e-10
945.0 0.06009440985508263
946.0 0.022028459352441132
947.0 0.08052941411733627
948.0 0.02820888184942305
949.0 1.682227274146797e-10
950.0 0.00016553508430661168
951.0 0.025098177138715982
952.0 0.015301854000426829
953.0 1.682227274146797e-10
954.0 0.027073232922703028
955.0 0.012835388770326972
956.0 1.682227274146797e-10
957.0 1.682227274146797e-10
958.0 1.682227274146797e-10
959.0 1.682227274146797e-10
960.0 1.682227274146797e-10
961.0 0.0009543806299916469
962.0 1.682227274146797e-10
963.0 0.01292916713282466
964.0 0.07290903013199568
965.0 0.012875953689217567
966.0 1.682227274146797e-10
967.0 1.682227274146797e-10
968.0 1.682227274146797e-10
969.0 1.682227274146797e-10
970.0 1.682227274146797e-10
971.0 1.682227274146797e-10
972.0 1.682227274146797e-10
973.0 1.682227274146797e-10
974.0 1.682227274146797e-10
975.0 0.00888471186044626
976.0 0.006287214637268335
977.0 0.0062313345551956445
978.0 0.006175455928314477
979.0 0.006029781070537865
980.0 0.005884104029973969
981.0 0.005747470640926622
982.0 0.0056108376156771556
983.0 0.0054922147683100775
984.0 0.00537359228474088
985.0 0.005106138269184157
986.0 0.004838683889829554
987.0 0.00485086020489689
988.0 0.004863036519964226
989.0 0.004791654646396637
990.0 0.004720273136626929
991.0 0.004817643275600858
992.0 0.004915013778372668
993.0 0.004820302638108842
994.0 0.004725590770249255
995.0 0.00469205915578641
996.0 0.004658527905121446
997.0 0.004488136983127333
998.0 0.0043177464249311015
999.0 0.004267370604793541
1000.0 0.004216994057060219
1001.0 0.004385013016872108
1002.0 0.004553031612886116
1003.0 0.004505822653300129
1004.0 0.004458613329916261
1005.0 0.004282191002857871
1006.0 0.004105769039597362
1007.0 0.004167107545072213
1008.0 0.004228446778142825
1009.0 0.0043356893002055585
1010.0 0.004442932186066173
1011.0 0.004502779484027997
1012.0 0.004562627145787701
1013.0 0.0044154880015412346
1014.0 0.004268348493496887
1015.0 0.0044255990360397846
1016.0 0.004582849214784801
1017.0 0.00481920906167943
1018.0 0.00505556927237194
1019.0 0.004854745930060744
1020.0 0.004653922951547429
1021.0 0.004691832509706728
1022.0 0.004729741704068147
1023.0 0.004610861651599407
1024.0 0.004491981235332787
1025.0 0.004652826828532852
1026.0 0.004813672057935037
1027.0 0.004702470323536545
1028.0 0.004591268225340173
1029.0 0.004645563603844494
1030.0 0.004699858982348815
1031.0 0.004713069210993126
1032.0 0.0047262794396374375
1033.0 0.004891472781309858
1034.0 0.00505666685057804
1035.0 0.005264601713861339
1036.0 0.005472536940942518
1037.0 0.005517639510799199
1038.0 0.00556274208065588
1039.0 0.0054107560572447255
1040.0 0.00525876967003569
1041.0 0.005708782555302605
1042.0 0.00615879544056952
1043.0 0.005566368417930789
1044.0 0.004973941395292059
1045.0 0.005668346784659661
1046.0 0.006362752174027264
1047.0 0.0061283957620617
1048.0 0.005894038986298256
1049.0 0.006014514292473905
1050.0 0.006134989234851673
1051.0 0.006368207687046379
1052.0 0.006601428322028369
1053.0 0.0067915505496785045
1054.0 0.00698167277732864
1055.0 0.0075938733061775565
1056.0 0.008206074562622234
1057.0 0.007830458343960345
1058.0 0.007454842125298455
1059.0 0.00763464777264744
1060.0 0.007814451964804903
1061.0 0.008418782090302557
1062.0 0.009023112943395972
1063.0 0.008789858839008957
1064.0 0.008556605462217703
1065.0 0.008772090950515121
1066.0 0.008987578621599823
1067.0 0.009107518417295069
1068.0 0.009227459668181837
1069.0 0.010287210170645267
1070.0 0.011346959217917174
1071.0 0.010939782077912241
1072.0 0.010532604937907308
1073.0 0.010549798753345385
1074.0 0.01056699111359194
1075.0 0.011259306484134868
1076.0 0.01195162330986932
1077.0 0.011805826216004789
1078.0 0.011660027666948736
1079.0 0.012874268577434123
1080.0 0.014088508032727987
1081.0 0.013990321895107627
1082.0 0.01389213721267879
1083.0 0.013942996156401932
1084.0 0.013993856555316597
1085.0 0.014661943714600056
1086.0 0.015330033784266561
1087.0 0.015126925427466631
1088.0 0.014923821436241269
1089.0 0.016252374916803092
1090.0 0.01758092694217339
1091.0 0.01757731952238828
1092.0 0.0175737077370286
1093.0 0.017339157056994736
1094.0 0.01710460492176935
1095.0 0.01814239367377013
1096.0 0.01918018388096243
1097.0 0.019490053819026798
1098.0 0.019799923757091165
1099.0 0.02249262179248035
1100.0 0.02518531691748649
1101.0 0.024671159917488694
1102.0 0.024157001462299377
1103.0 0.025460682809352875
1104.0 0.026764359790831804
1105.0 0.0267806084593758
1106.0 0.026796857127919793
1107.0 0.028099148767068982
1108.0 0.029401437495835125
1109.0 0.03082758339587599
1110.0 0.03225372638553381
1111.0 0.03230599104426801
1112.0 0.032358261523768306
1113.0 0.03317452501505613
1114.0 0.03399079432711005
1115.0 0.032759030000306666
1116.0 0.03152726567350328
1117.0 0.03311083419248462
1118.0 0.034694405621849
1119.0 0.03755914804060012
1120.0 0.04042389045935124
1121.0 0.0420489814132452
1122.0 0.04367407818790525
1123.0 0.04395660653244704
1124.0 0.04423913487698883
1125.0 0.044860938214696944
1126.0 0.04548274737317115
1127.0 0.049162068171426654
1128.0 0.0528413918800652
1129.0 0.05647769430652261
1130.0 0.06011399673298001
1131.0 0.06022476009093225
1132.0 0.060335511807352304
1133.0 0.061555649153888226
1134.0 0.06277578650042415
1135.0 0.06272448808886111
1136.0 0.06267318967729807
1137.0 0.06740854005329311
1138.0 0.07214390207082033
1139.0 0.07702347938902676
1140.0 0.08190301596187055
1141.0 0.09056163835339248
1142.0 0.09922024328261614
1143.0 0.11733375722542405
1144.0 0.13544723624363542
1145.0 0.2717587864026427
1146.0 0.4080703482031822
1147.0 0.851878710091114
1148.0 1.2956870719790459
1149.0 1.4797833748161793
1150.0 1.6638806089758873
