lsstCam/transmission_filter_detector/r13_s12/u_24/19700101T000000.ecsv
# %ECSV 1.0
# ---
# datatype:
# - {name: wavelength, unit: nm, datatype: float32}
# - {name: efficiency, unit: '%', datatype: float64}
# meta: !!omap
# - {MODE: DETECTOR}
# - {TYPE: transmission_filter_detector}
# - {CALIBDATE: '1970-01-01T00:00:00'}
# - {INSTRUME: LSSTCam}
# - {OBSTYPE: transmission_filter_detector}
# - {CALIBCLS: lsst.ip.isr.IntermediateFilterDetectorTransmissionCurve}
# - {SOURCE: Materion (DM-46256)}
# - {DETECTOR: 59}
# - {FILTER: u_24}
# - {CALIB_ID: 'calibDate=1970-01-01T00:00:00 filter=u_24 detector=59'}
# - {DATE: '2025-04-02T15:59:40.022574'}
# - {CALIB_CREATION_DATE: '2025-04-02'}
# - {CALIB_CREATION_TIME: '15:59:40'}
# - __serialized_columns__:
#     efficiency:
#       __class__: astropy.units.quantity.Quantity
#       unit: !astropy.units.Unit {unit: '%'}
#       value: !astropy.table.SerializedColumn {name: efficiency}
#     wavelength:
#       __class__: astropy.units.quantity.Quantity
#       unit: !astropy.units.Unit {unit: nm}
#       value: !astropy.table.SerializedColumn {name: wavelength}
# schema: astropy-2.0
wavelength efficiency
[from data line 582]
877.0 0.002457914706610609
878.0 0.0025920471671270207
879.0 0.0028166874471935444
880.0 0.0030413284548558295
881.0 0.003181400097673759
882.0 0.0033214724680874497
883.0 0.00302844237012323
884.0 0.0027354128178558312
885.0 0.002699444848985877
886.0 0.0026634768801159225
887.0 0.0022963478841120377
888.0 0.0019292190700070933
889.0 0.0019679442630149424
890.0 0.0020066694560227916
891.0 0.002365502768952865
892.0 0.002724336263781879
893.0 0.0025849771191133186
894.0 0.002445617428747937
895.0 0.002903003951360006
896.0 0.0033603904739720747
897.0 0.0037500052712857723
898.0 0.004139620796195231
899.0 0.004232181890984066
900.0 0.004324743349570781
901.0 0.004236897802911699
902.0 0.004149052620050497
903.0 0.004553485996439122
904.0 0.004957919372827746
905.0 0.0049659469368634745
906.0 0.004973974137101322
907.0 0.0054369462304748595
908.0 0.005899918687646277
909.0 0.005931311898166314
910.0 0.005962705472484231
911.0 0.006096100332797505
912.0 0.006229495193110779
913.0 0.006046736962161958
914.0 0.005863978367415257
915.0 0.00520795292686671
916.0 0.004551927122520283
917.0 0.0040714439819566905
918.0 0.0035909608413930982
919.0 0.004063274900545366
920.0 0.004535588959697634
921.0 0.004563725451589562
922.0 0.004591861579683609
923.0 0.005530872294912115
924.0 0.006469881191151217
925.0 0.0066829197749029845
926.0 0.006895958358654752
927.0 0.0073765193519648165
928.0 0.007857078162487596
929.0 0.007813145202817395
930.0 0.007769212970742956
931.0 0.007277759141288698
932.0 0.006786304584238678
933.0 0.006760287215001881
934.0 0.0067342705733608454
935.0 0.006816242239437997
936.0 0.006898214633110911
937.0 0.007085859397193417
938.0 0.0072735063440632075
939.0 0.007119842484826222
940.0 0.006966177897993475
941.0 0.006279756780713797
942.0 0.005593333480646834
943.0 0.004528482531895861
944.0 0.003463631946942769
945.0 0.0027319922082824633
946.0 0.0020003524696221575
947.0 0.0017405844118911773
948.0 0.0014808167179580778
949.0 0.0013757769011135679
950.0 0.001270737084269058
951.0 0.0013769424185738899
952.0 0.001483147843828192
953.0 0.0015090254237293266
954.0 0.001534903458377812
955.0 0.0021074407413834706
956.0 0.0026799778424901888
957.0 0.0027669906558003277
958.0 0.0028540025596157648
959.0 0.0031823397875996307
960.0 0.0035106764698866755
961.0 0.003830966306850314
962.0 0.004151256143813953
963.0 0.004314798206905834
964.0 0.004478340633795597
965.0 0.004554190309136175
966.0 0.004630040348274633
967.0 0.0046747347369091585
968.0 0.0047194294893415645
969.0 0.004614744830178097
970.0 0.004510059807216749
971.0 0.004740199801744893
972.0 0.004970339068677276
973.0 0.004838643508264795
974.0 0.004706947584054433
975.0 0.004380471000331454
976.0 0.004053993689012714
977.0 0.0037365516618592665
978.0 0.0034191089071100578
979.0 0.0032943116821115837
980.0 0.003169514093315229
981.0 0.0030701088689966127
982.0 0.0029707034627790563
983.0 0.003085987555095926
984.0 0.0032012711017159745
985.0 0.0034942622733069584
986.0 0.003787253808695823
987.0 0.004175217327428982
988.0 0.00456318084616214
989.0 0.005526740642380901
990.0 0.0064902997110039
991.0 0.006690287409583107
992.0 0.006890275835758075
993.0 0.007264303712872788
994.0 0.0076383315899875015
995.0 0.0071667083830107
996.0 0.0066950822656508535
997.0 0.006634089368162677
998.0 0.0065730993810575455
999.0 0.006478374416474253
1000.0 0.006383651634678245
1001.0 0.005858665099367499
1002.0 0.005333677836460993
1003.0 0.004874282603850588
1004.0 0.004414886643644422
1005.0 0.004677828474086709
1006.0 0.004940769576933235
1007.0 0.0049516442231833935
1008.0 0.004962516686646268
1009.0 0.004351147435954772
1010.0 0.0037397789128590375
1011.0 0.003832428774330765
1012.0 0.003925078999600373
1013.0 0.0033977652492467314
1014.0 0.00287045168079203
1015.0 0.0024398255845881067
1016.0 0.002009199670283124
1017.0 0.0016697533283149824
1018.0 0.0013303067134984303
1019.0 0.0011318211363686714
1020.0 0.000933335286390502
1021.0 0.0009629990927351173
1022.0 0.0009926628990797326
1023.0 0.0009655653229856398
1024.0 0.0009384678378410172
1025.0 0.0011876497410412412
1026.0 0.001436832008039346
1027.0 0.001113994494517101
1028.0 0.0007911567990959156
1029.0 0.0009848278750723694
1030.0 0.0011784993148467038
1031.0 0.0019199880625819787
1032.0 0.002661476901266724
1033.0 0.0023803768272046
1034.0 0.0020992769350414164
1035.0 0.0025255183572880924
1036.0 0.002951759597635828
1037.0 0.002795723412418738
1038.0 0.0026396874091005884
1039.0 0.0024918035705923103
1040.0 0.0023439199139829725
1041.0 0.0019448514649411663
1042.0 0.0015457831977983005
1043.0 0.001637891364225652
1044.0 0.001729999712551944
1045.0 0.0015516632629442029
1046.0 0.0013733270861848723
1047.0 0.0015327052096836269
1048.0 0.001692083606030792
1049.0 0.001448195780540118
1050.0 0.0012043073184031527
1051.0 0.0011283389540039934
1052.0 0.0010523703167564236
1053.0 0.0008924351277528331
1054.0 0.0007324995294766268
1055.0 0.0003872886736644432
1056.0 4.207821007184975e-05
1057.0 0.0006911195214343024
1058.0 0.0013401609066931996
1059.0 0.0006346549071167829
1060.0 1.6099429732061021e-10
1061.0 0.0010924942216661293
1062.0 0.002255839353892952
1063.0 0.0021827363525517285
1064.0 0.002109632987412624
1065.0 0.001021390562527813
1066.0 1.6099429732061021e-10
1067.0 0.0005072102339909179
1068.0 0.001081271329894662
1069.0 0.002249690624012146
1070.0 0.0034181095543317497
1071.0 0.0019836454157484695
1072.0 0.0005491816864378052
1073.0 0.0008219653864216525
1074.0 0.001094749222829705
1075.0 0.0030047287509660237
1076.0 0.004914708188152872
1077.0 0.004718000127468258
1078.0 0.004521292066783644
1079.0 0.005658423469867557
1080.0 0.006795552326366305
1081.0 0.004709859058493748
1082.0 0.0026241659725201316
1083.0 0.0024047478291322477
1084.0 0.002185329685744364
1085.0 0.00316343066515401
1086.0 0.004141531462664716
1087.0 0.0043739593820646405
1088.0 0.004606386937666684
1089.0 0.005641207462758757
1090.0 0.00667602798785083
1091.0 0.004973647810402326
1092.0 0.0032712676329538226
1093.0 0.0025647677830420434
1094.0 0.0018582679331302643
1095.0 0.0012574922948260792
1096.0 0.0006567167019966291
1097.0 0.0024722090529394336
1098.0 0.004287702540750615
1099.0 0.0032760413887444884
1100.0 0.0022643813281320035
