lsstCam/transmission_filter_detector/r13_s12/u_24/19700101T000000.ecsv
# %ECSV 1.0
# ---
# datatype:
# - {name: wavelength, unit: nm, datatype: float32}
# - {name: efficiency, unit: '%', datatype: float64}
# meta: !!omap
# - {MODE: DETECTOR}
# - {TYPE: transmission_filter_detector}
# - {CALIBDATE: '1970-01-01T00:00:00'}
# - {INSTRUME: LSSTCam}
# - {OBSTYPE: transmission_filter_detector}
# - {CALIBCLS: lsst.ip.isr.IntermediateFilterDetectorTransmissionCurve}
# - {SOURCE: Materion (DM-46256)}
# - {DETECTOR: 59}
# - {FILTER: u_24}
# - {CALIB_ID: 'calibDate=1970-01-01T00:00:00 filter=u_24 detector=59'}
# - {DATE: '2025-04-02T15:59:40.022574'}
# - {CALIB_CREATION_DATE: '2025-04-02'}
# - {CALIB_CREATION_TIME: '15:59:40'}
# - __serialized_columns__:
#     efficiency:
#       __class__: astropy.units.quantity.Quantity
#       unit: !astropy.units.Unit {unit: '%'}
#       value: !astropy.table.SerializedColumn {name: efficiency}
#     wavelength:
#       __class__: astropy.units.quantity.Quantity
#       unit: !astropy.units.Unit {unit: nm}
#       value: !astropy.table.SerializedColumn {name: wavelength}
# schema: astropy-2.0
wavelength efficiency
295.0 1.6099429732061021e-10
296.0 1.6099429732061021e-10
297.0 1.6099429732061021e-10
298.0 1.6099429732061021e-10
299.0 1.6099429732061021e-10
300.0 1.6099429732061021e-10
301.0 1.6099429732061021e-10
302.0 1.6099429732061021e-10
303.0 1.6099429732061021e-10
304.0 0.15199155313894153
305.0 0.813142117112875
306.0 1.72109454870224
307.0 3.394179046154022
308.0 5.621568486094475
309.0 8.870061486959457
310.0 12.185778468847275
311.0 15.99927842617035
312.0 19.797080755233765
313.0 22.85328358411789
314.0 25.91685652732849
315.0 28.277987241744995
316.0 30.459758639335632
317.0 32.93871581554413
318.0 35.83216071128845
319.0 39.77608680725098
320.0 45.30976116657257
321.0 50.70992708206177
322.0 56.757670640945435
323.0 62.22628951072693
324.0 66.62156581878662
325.0 69.67764496803284
326.0 72.1338152885437
327.0 74.01861548423767
328.0 75.62126517295837
329.0 77.08315253257751
330.0 78.34329605102539
331.0 79.03268337249756
332.0 79.41744327545166
333.0 79.43941354751587
334.0 79.38430309295654
335.0 79.54592108726501
336.0 79.72357273101807
337.0 80.3011417388916
338.0 81.1234176158905
339.0 81.75543546676636
340.0 82.18878507614136
341.0 82.63866305351257
342.0 82.95801281929016
343.0 82.88403749465942
344.0 83.07263851165771
345.0 83.45070481300354
346.0 83.81953835487366
347.0 84.19283032417297
348.0 84.37092900276184
349.0 84.64735150337219
350.0 84.68831777572632
351.0 84.91563200950623
352.0 84.82775688171387
353.0 84.69435572624207
354.0 84.61673855781555
355.0 84.90020632743835
356.0 84.97439622879028
357.0 85.00593900680542
358.0 84.6869170665741
359.0 84.40616726875305
360.0 84.26052927970886
361.0 84.0272307395935
362.0 83.83081555366516
363.0 83.97884368896484
364.0 84.07211899757385
365.0 84.3601942062378
366.0 84.62854027748108
367.0 84.61625576019287
368.0 84.72580909729004
369.0 84.77546572685242
370.0 84.55474376678467
371.0 84.3911349773407
372.0 84.37442779541016
373.0 84.5178484916687
374.0 84.57493185997009
375.0 84.7923994064331
376.0 84.9132239818573
377.0 85.02939343452454
378.0 85.08400917053223
379.0 84.78386402130127
380.0 84.05615091323853
381.0 82.71358013153076
382.0 80.92837333679199
383.0 78.96470427513123
384.0 76.87013149261475
385.0 74.49188232421875
386.0 71.9906210899353
387.0 68.65856647491455
388.0 65.33437371253967
389.0 61.258840560913086
390.0 57.17035531997681
391.0 52.90598273277283
392.0 48.522886633872986
393.0 44.82925534248352
394.0 41.49520695209503
395.0 37.91446089744568
396.0 34.13169980049133
397.0 29.0698379278183
398.0 23.184023797512054
399.0 16.43034964799881
400.0 10.292553156614304
401.0 5.569633468985558
402.0 2.404542826116085
403.0 0.7766413036733866
404.0 0.2655255375429988
405.0 0.10263730073347688
406.0 0.04529992875177413
407.0 0.04161602701060474
408.0 0.006643306551268324
409.0 1.6099429732061021e-10
410.0 1.6099429732061021e-10
411.0 1.6099429732061021e-10
412.0 1.6099429732061021e-10
413.0 1.6099429732061021e-10
414.0 1.6099429732061021e-10
415.0 1.6099429732061021e-10
416.0 1.6099429732061021e-10
417.0 1.6099429732061021e-10
418.0 1.6099429732061021e-10
419.0 1.6099429732061021e-10
420.0 1.6099429732061021e-10
421.0 1.6099429732061021e-10
422.0 1.6099429732061021e-10
423.0 1.6099429732061021e-10
424.0 1.6099429732061021e-10
425.0 1.6099429732061021e-10
426.0 1.6099429732061021e-10
427.0 0.00044870885176351294
428.0 0.0016809490261948667
429.0 0.0015143313248699997
430.0 0.0013477136235451326
431.0 0.0004462649485503789
432.0 1.6099429732061021e-10
433.0 1.6099429732061021e-10
434.0 1.6099429732061021e-10
435.0 0.00017344933667118312
436.0 0.00035974308048025705
437.0 1.6099429732061021e-10
438.0 1.6099429732061021e-10
439.0 5.3723960036222707e-05
440.0 0.002204327938670758
441.0 1.6099429732061021e-10
442.0 1.6099429732061021e-10
443.0 1.6099429732061021e-10
444.0 1.6099429732061021e-10
445.0 1.6099429732061021e-10
446.0 0.0001374620410388161
447.0 1.6099429732061021e-10
448.0 1.6099429732061021e-10
449.0 0.0008428707587881945
450.0 0.001981154127861373
451.0 1.6099429732061021e-10
452.0 1.6099429732061021e-10
453.0 1.6099429732061021e-10
454.0 1.6099429732061021e-10
455.0 1.6099429732061021e-10
456.0 1.6099429732061021e-10
457.0 1.6099429732061021e-10
458.0 1.6099429732061021e-10
459.0 1.6099429732061021e-10
460.0 1.6099429732061021e-10
461.0 1.6099429732061021e-10
462.0 1.6099429732061021e-10
463.0 2.630622759625112e-05
464.0 0.00021351479517761618
465.0 9.044495072885184e-05
466.0 1.6099429732061021e-10
467.0 1.6099429732061021e-10
468.0 1.6099429732061021e-10
469.0 1.6099429732061021e-10
470.0 0.00013475861351253116
471.0 1.6099429732061021e-10
472.0 1.6099429732061021e-10
473.0 1.6099429732061021e-10
474.0 1.6099429732061021e-10
475.0 1.6099429732061021e-10
476.0 0.00016615970253042178
477.0 0.00047437129069294315
478.0 0.0007825830834917724
479.0 0.0006940527327969903
480.0 0.0006055227004253538
481.0 0.0006573066912096692
482.0 0.0007090907274687197
483.0 0.0003146369181195041
484.0 1.6099429732061021e-10
485.0 1.6099429732061021e-10
486.0 1.6099429732061021e-10
487.0 1.6099429732061021e-10
488.0 1.6099429732061021e-10
489.0 1.6099429732061021e-10
490.0 1.6099429732061021e-10
491.0 1.6099429732061021e-10
492.0 1.6099429732061021e-10
493.0 1.6099429732061021e-10
494.0 1.6099429732061021e-10
495.0 3.7388414853012364e-05
496.0 0.0009149129255092703
497.0 0.00036190929222357227
498.0 1.6099429732061021e-10
499.0 0.00017561281993039302
500.0 0.0005423204129328951
501.0 0.0002371188656979939
502.0 1.6099429732061021e-10
503.0 1.6099429732061021e-10
504.0 1.6099429732061021e-10
505.0 1.6099429732061021e-10
506.0 0.0003944348918594187
507.0 1.6099429732061021e-10
508.0 1.6099429732061021e-10
509.0 1.6099429732061021e-10
510.0 1.6099429732061021e-10
511.0 0.00010675181556507596
512.0 0.0003360950358910486
513.0 0.00047210792217811104
514.0 0.0006081205356167629
515.0 0.0006142304755485384
516.0 0.0006203403700055787
517.0 0.0002707083922359743
518.0 1.6099429732061021e-10
519.0 0.00018211308088211808
520.0 0.00044314974729786627
521.0 0.0004484121745917946
522.0 0.00045367451093625277
523.0 0.00016290733810819802
524.0 1.6099429732061021e-10
525.0 1.6099429732061021e-10
526.0 1.6099429732061021e-10
527.0 1.6099429732061021e-10
528.0 1.6099429732061021e-10
529.0 1.6099429732061021e-10
530.0 1.6099429732061021e-10
531.0 1.6099429732061021e-10
532.0 0.00037399133816506946
533.0 1.6099429732061021e-10
534.0 1.6099429732061021e-10
535.0 1.6099429732061021e-10
536.0 1.6099429732061021e-10
537.0 1.6099429732061021e-10
538.0 1.6099429732061021e-10
539.0 1.6099429732061021e-10
540.0 0.00010190015018451959
541.0 1.6099429732061021e-10
542.0 1.6099429732061021e-10
543.0 1.6099429732061021e-10
544.0 1.6099429732061021e-10
545.0 1.6099429732061021e-10
546.0 1.6099429732061021e-10
547.0 1.809844576428077e-05
548.0 0.000274630292551592
549.0 1.6099429732061021e-10
550.0 1.6099429732061021e-10
551.0 1.6099429732061021e-10
552.0 1.6099429732061021e-10
553.0 1.6099429732061021e-10
554.0 1.6099429732061021e-10
555.0 1.6099429732061021e-10
556.0 1.6099429732061021e-10
557.0 1.6099429732061021e-10
558.0 1.6099429732061021e-10
559.0 1.6099429732061021e-10
560.0 0.0003538804094205261
561.0 1.0252843196667527e-05
562.0 1.6099429732061021e-10
563.0 1.6099429732061021e-10
564.0 1.6099429732061021e-10
565.0 1.6099429732061021e-10
566.0 1.6099429732061021e-10
567.0 1.6099429732061021e-10
568.0 1.6099429732061021e-10
569.0 0.00022866056497150566
570.0 0.0004945030468661571
571.0 0.00048423357839055825
572.0 0.0004739642463391647
573.0 0.0004974869625584688
574.0 0.0005210100880503887
575.0 0.00018608035361467046
576.0 1.6099429732061021e-10
577.0 9.782662573343259e-05
578.0 0.0003445024731263402
579.0 0.0005260541456664214
580.0 0.0007076058409438701
581.0 0.0009653117558627855
582.0 0.0012230179891048465
583.0 0.001425516529707238
584.0 0.0016280155250569806
585.0 0.0014729682334291283
586.0 0.0013179207599023357
587.0 0.0012844840057368856
588.0 0.0012510472515714355
589.0 0.0009938221410266124
590.0 0.000736596894057584
591.0 0.0008767628969508223
592.0 0.0010169288543693256
593.0 0.000768630070524523
594.0 0.0005203309228818398
595.0 0.0005679520654666703
596.0 0.0006155728897283552
597.0 0.0009262070307158865
598.0 0.0012368408533802722
599.0 0.0016797917851363309
600.0 0.002122742444043979
601.0 0.00239433520619059
602.0 0.0026659279683372006
603.0 0.002288490577484481
604.0 0.0019110533685307018
605.0 0.0015486981283174828
606.0 0.0011863427971547935
607.0 0.001005262674880214
608.0 0.0008241823707066942
609.0 0.000554930693397182
610.0 0.00028567906156240497
611.0 0.0004592405275616329
612.0 0.000632802039035596
613.0 0.0006487822702183621
614.0 0.0006647624559263932
615.0 0.0008535032065992709
616.0 0.0010422440027468838
617.0 0.0008413947398366872
618.0 0.0006405455678759608
619.0 0.00043113068386446685
620.0 0.00022171579985297285
621.0 0.000412849840358831
622.0 0.000603983789915219
623.0 0.0004959118541592034
624.0 0.0003878398729284527
625.0 0.0006646027486567618
626.0 0.0009413656698598061
627.0 0.000840285520098405
628.0 0.0007392055522359442
629.0 0.0008911955774237867
630.0 0.0010431856935610995
631.0 0.0015537007129751146
632.0 0.0020642155504901893
633.0 0.00216234075196553
634.0 0.0022604657715419307
635.0 0.0023630247596884146
636.0 0.002465583565935958
637.0 0.002286471863044426
638.0 0.002107359796355013
639.0 0.001468072605348425
640.0 0.0008287850505439565
641.0 0.0008803460332273971
642.0 0.0009319070159108378
643.0 0.0007387532150460174
644.0 0.0005455994141811971
645.0 0.0006299064807535615
646.0 0.0007142134109017206
647.0 0.00038436305658251513
648.0 5.4512827318831114e-05
649.0 1.6099429732061021e-10
650.0 1.6099429732061021e-10
651.0 0.0003075069116675877
652.0 0.0007198017101472942
653.0 0.0012067075658706017
654.0 0.0016936130123212934
655.0 0.0016036728993640281
656.0 0.0015137326954572927
657.0 0.002537419459258672
658.0 0.0035611064959084615
659.0 0.004038910992676392
660.0 0.004516715489444323
661.0 0.004422412894200534
662.0 0.004328110662754625
663.0 0.0031587915145792067
664.0 0.001989472730201669
665.0 0.0017632164599490352
666.0 0.0015369598258985206
667.0 0.0014342210306494962
668.0 0.0013314822354004718
669.0 0.000891719992068829
670.0 0.00045195788516139146
671.0 0.0005138312189956196
672.0 0.0005757045073551126
673.0 0.00043234940676484257
674.0 0.0002889943289119401
675.0 0.0006604869668080937
676.0 0.001031979718391085
677.0 0.0016187346773222089
678.0 0.0022054899091017433
679.0 0.0023941294784890488
680.0 0.0025827690478763543
681.0 0.0034755827073240653
682.0 0.004368396548670717
683.0 0.006228363781701773
684.0 0.008088332106126472
685.0 0.00868218849063851
686.0 0.00927604705793783
687.0 0.008372181764570996
688.0 0.007468317198799923
689.0 0.005869456072105095
690.0 0.004270595673006028
691.0 0.0038046830013627186
692.0 0.0033387699659215286
693.0 0.0030577855795854703
694.0 0.0027768013751483522
695.0 0.0024054377718130127
696.0 0.0020340743503766134
697.0 0.001369956044072751
698.0 0.000705837510395213
699.0 0.000650913671051967
700.0 0.0005959896952845156
701.0 0.000544533895663335
702.0 0.0004930781869916245
703.0 0.000586683245273889
704.0 0.0006802885764045641
705.0 0.0007153337719500996
706.0 0.0007503791493945755
707.0 0.0008653716577100568
708.0 0.0009803637112781871
709.0 0.0006968130492168711
710.0 0.00041326215978187975
711.0 0.0005789366696262732
712.0 0.0007446112704201369
713.0 0.0008691285074746702
714.0 0.0009936457900039386
715.0 0.0007462591383955441
716.0 0.0004988723958376795
717.0 0.0005933580723649357
718.0 0.0006878436579427216
719.0 0.0005674444764736108
720.0 0.000447045249529765
721.0 0.00034256120216014097
722.0 0.00023807710931578185
723.0 0.00039638330235902686
724.0 0.0005546894954022719
725.0 0.00032433620162919397
726.0 9.398276006322703e-05
727.0 0.0003432984385653981
728.0 0.0005926141966483556
729.0 0.0004517049092100933
730.0 0.00031079566724656615
731.0 0.00036140747852186905
732.0 0.00041201938074664213
733.0 0.0002903624590544496
734.0 0.00016870567378646228
735.0 0.00031941035558702424
736.0 0.0004701150828623213
737.0 0.0004966789219906786
738.0 0.0005232428065937711
739.0 0.0004556313797365874
740.0 0.00038801986192993354
741.0 0.0008039463864406571
742.0 0.001219873138325056
743.0 0.0018999417079612613
744.0 0.0025800098228501156
745.0 0.0032295654818881303
746.0 0.003879120049532503
747.0 0.004330758747528307
748.0 0.004782397081726231
749.0 0.00416574657720048
750.0 0.0035490964364726096
751.0 0.0030636230803793296
752.0 0.00257814990618499
753.0 0.002239749301224947
754.0 0.001901348696264904
755.0 0.002160486656066496
756.0 0.002419624797767028
757.0 0.0019557530322344974
758.0 0.001491880993853556
759.0 0.001289423289563274
760.0 0.001086965585272992
761.0 0.001317821443080902
762.0 0.0015486773918382823
763.0 0.0011179382454429287
764.0 0.0006871989171486348
765.0 0.0007979137990332674
766.0 0.0009086286809179001
767.0 0.0008009647899598349
768.0 0.0006933008990017697
769.0 0.0006911419859534362
770.0 0.0006889829364808975
771.0 0.0005304241767589701
772.0 0.00037186514418863226
773.0 0.0004056010311614955
774.0 0.00043933678171015345
775.0 0.0004637926394934766
776.0 0.0004882484063273296
777.0 0.0005405052434070967
778.0 0.0005927618531131884
779.0 0.0008128991794364993
780.0 0.0010330363693356048
781.0 0.0010757667041616514
782.0 0.0011184971299371682
783.0 0.0009768757081474178
784.0 0.0008352542863576673
785.0 0.0011667742001009174
786.0 0.0014982937500462867
787.0 0.0011236205864406656
788.0 0.0007489471045118989
789.0 0.000952247683017049
790.0 0.0011555480341485236
791.0 0.0009456840416532941
792.0 0.0007358199582085945
793.0 0.0002213940206274856
794.0 1.6099429732061021e-10
795.0 1.6099429732061021e-10
796.0 1.6099429732061021e-10
797.0 0.0003028064384125173
798.0 0.0006233961357793305
799.0 0.0002951306669274345
800.0 1.6099429732061021e-10
801.0 1.6099429732061021e-10
802.0 1.6099429732061021e-10
803.0 1.6099429732061021e-10
804.0 1.6099429732061021e-10
805.0 1.6099429732061021e-10
806.0 1.6099429732061021e-10
807.0 1.627925882985437e-05
808.0 8.257599120042869e-05
809.0 0.00025145614017674234
810.0 0.00042033639147120994
811.0 0.00013253171573524014
812.0 1.6099429732061021e-10
813.0 0.00020701611447293544
814.0 0.000569305166209233
815.0 0.00043440859371912666
816.0 0.0002995120212290203
817.0 0.0002242425125587033
818.0 0.00014897293567628367
819.0 0.00012171212802059017
820.0 9.445132604923856e-05
821.0 1.6099429732061021e-10
822.0 1.6099429732061021e-10
823.0 1.6099429732061021e-10
824.0 2.9348103680604254e-05
825.0 1.6099429732061021e-10
826.0 1.6099429732061021e-10
827.0 0.00013172449371268158
828.0 0.0005629128281725571
829.0 0.0003519752453939873
830.0 0.00014103809462540084
831.0 1.6099429732061021e-10
832.0 1.6099429732061021e-10
833.0 1.6099429732061021e-10
834.0 1.6099429732061021e-10
835.0 1.6099429732061021e-10
836.0 2.6385774276604934e-05
837.0 1.6099429732061021e-10
838.0 1.6099429732061021e-10
839.0 1.6099429732061021e-10
840.0 1.6099429732061021e-10
841.0 1.6099429732061021e-10
842.0 1.6099429732061021e-10
843.0 6.439324096163546e-06
844.0 4.1323528421344236e-05
845.0 7.141335345295374e-05
846.0 0.00010150312164114439
847.0 0.00013351108236747677
848.0 0.0001655190317251254
849.0 0.00020594525267370045
850.0 0.0002463712689859676
851.0 0.00017470358670834685
852.0 0.00010303592716809362
853.0 0.00043398249545134604
854.0 0.0007649290637345985
855.0 0.0004411794179759454
856.0 0.00011742968126782216
857.0 0.00041669504753372166
858.0 0.0007159603683248861
859.0 0.0008280095244117547
860.0 0.0009400586350238882
861.0 0.001040363440552028
862.0 0.0011406682460801676
863.0 0.0013738863344769925
864.0 0.001607104240974877
865.0 0.001994010563066695
866.0 0.0023809167032595724
867.0 0.00216094540519407
868.0 0.0019409744709264487
869.0 0.0019401870304136537
870.0 0.0019393995899008587
871.0 0.0016391082681366242
872.0 0.0013388166735239793
873.0 0.0015340203390223905
874.0 0.0017292239135713317
875.0 0.0020265031707822345
