lsstCam/transmission_filter_detector/r34_s00/i_39/19700101T000000.ecsv
# %ECSV 1.0
# ---
# datatype:
# - {name: wavelength, unit: nm, datatype: float32}
# - {name: efficiency, unit: '%', datatype: float64}
# meta: !!omap
# - {MODE: DETECTOR}
# - {TYPE: transmission_filter_detector}
# - {CALIBDATE: '1970-01-01T00:00:00'}
# - {INSTRUME: LSSTCam}
# - {OBSTYPE: transmission_filter_detector}
# - {CALIBCLS: lsst.ip.isr.IntermediateFilterDetectorTransmissionCurve}
# - {SOURCE: Materion (DM-46256)}
# - {DETECTOR: 153}
# - {FILTER: i_39}
# - {CALIB_ID: 'calibDate=1970-01-01T00:00:00 filter=i_39 detector=153'}
# - {DATE: '2025-04-02T15:59:47.188019'}
# - {CALIB_CREATION_DATE: '2025-04-02'}
# - {CALIB_CREATION_TIME: '15:59:47'}
# - __serialized_columns__:
#     efficiency:
#       __class__: astropy.units.quantity.Quantity
#       unit: !astropy.units.Unit {unit: '%'}
#       value: !astropy.table.SerializedColumn {name: efficiency}
#     wavelength:
#       __class__: astropy.units.quantity.Quantity
#       unit: !astropy.units.Unit {unit: nm}
#       value: !astropy.table.SerializedColumn {name: wavelength}
# schema: astropy-2.0
wavelength efficiency
300.0 1.609347095692104e-10
301.0 1.609347095692104e-10
302.0 0.011506136070238426
303.0 0.005809578942717053
304.0 0.00011302461189188762
305.0 0.006395715172402561
306.0 0.012678407074417919
307.0 0.011528770119184628
308.0 0.010379131708759815
309.0 0.008512265048921108
310.0 0.006645399116678163
311.0 1.609347095692104e-10
312.0 1.609347095692104e-10
313.0 1.609347095692104e-10
314.0 1.609347095692104e-10
315.0 1.609347095692104e-10
316.0 1.609347095692104e-10
317.0 1.609347095692104e-10
318.0 0.001067595530912513
319.0 0.002016017424466554
320.0 0.002964438681374304
321.0 1.609347095692104e-10
322.0 1.609347095692104e-10
323.0 1.609347095692104e-10
324.0 0.001689698729023803
325.0 0.0006405133717635181
326.0 1.609347095692104e-10
327.0 1.609347095692104e-10
328.0 1.609347095692104e-10
329.0 0.0010979201761074364
330.0 0.0035173849028069526
331.0 0.003072361505473964
332.0 0.002627337926242035
333.0 0.002570002652646508
334.0 0.002512667197152041
335.0 0.002088192559313029
336.0 0.0016637181033729576
337.0 0.0016225802028202452
338.0 0.0015814421203685924
339.0 0.0007628705134266056
340.0 1.609347095692104e-10
341.0 0.00016221569012486725
342.0 0.0003801324055530131
343.0 0.0008927991984819528
344.0 0.0014054659004614223
345.0 0.0008877693289832678
346.0 0.00037007275750511326
347.0 1.609347095692104e-10
348.0 1.609347095692104e-10
349.0 1.609347095692104e-10
350.0 0.0010016097803600132
351.0 0.00048811757551447954
352.0 1.609347095692104e-10
353.0 1.609347095692104e-10
354.0 1.609347095692104e-10
355.0 0.0003800895683525596
356.0 0.0012528995284810662
357.0 0.0006403177394531667
358.0 2.773615790374606e-05
359.0 0.0001783061065907532
360.0 0.00032887621728150407
361.0 0.00023238364974531578
362.0 0.00013589115042123012
363.0 1.609347095692104e-10
364.0 1.609347095692104e-10
365.0 1.609347095692104e-10
366.0 1.609347095692104e-10
367.0 0.00018811188056133687
368.0 0.00044960606828681193
369.0 0.00013920736137151835
370.0 1.609347095692104e-10
371.0 1.609347095692104e-10
372.0 1.609347095692104e-10
373.0 3.1291546065403963e-05
374.0 0.00028969818686164217
375.0 0.0003454714715189766
376.0 0.0004012447789136786
377.0 0.00045850943024561275
378.0 0.0005157741725270171
379.0 0.0008234603228629567
380.0 0.0011311462003504857
381.0 0.000589570845477283
382.0 4.7995206386985956e-05
383.0 0.00024729488359298557
384.0 0.00044659436753136106
385.0 0.00047739458750584163
386.0 0.0005081949893792626
387.0 0.00023142315512814093
388.0 1.609347095692104e-10
389.0 1.609347095692104e-10
390.0 1.609347095692104e-10
391.0 1.609347095692104e-10
392.0 6.350099965857225e-05
393.0 1.609347095692104e-10
394.0 1.609347095692104e-10
395.0 0.0008097614227153827
396.0 0.0018314703993382864
397.0 0.001412737856298918
398.0 0.0009940052223100793
399.0 0.0013908364053349942
400.0 0.001787667497410439
401.0 0.002872861659852788
402.0 0.003958055094699375
403.0 0.004958100544172339
404.0 0.005958145993645303
405.0 0.0038925838452996686
406.0 0.0018270229702466168
407.0 0.002398523247393314
408.0 0.002970023524540011
409.0 0.0031846742786001414
410.0 0.0033993248507613316
411.0 0.0044081039959564805
412.0 0.005416883141151629
413.0 0.004203026765026152
414.0 0.002989170388900675
415.0 0.0037162422813707963
416.0 0.004443314537638798
417.0 0.004674269803217612
418.0 0.004905224704998545
419.0 0.0038736365240765736
420.0 0.0028420472517609596
421.0 0.004069984788657166
422.0 0.0052979223255533725
423.0 0.004962932507623918
424.0 0.004627942689694464
425.0 0.005211728057474829
426.0 0.005795513789053075
427.0 0.0054240281315287575
428.0 0.00505254247400444
429.0 0.004637457459466532
430.0 0.0042223728087265044
431.0 0.004096648626727983
432.0 0.003970924444729462
433.0 0.0030999079172033817
434.0 0.0022288915715762414
435.0 0.002151259650418069
436.0 0.002073627729259897
437.0 0.0018898601410910487
438.0 0.0017060929167200811
439.0 0.001734879333525896
440.0 0.0017636659322306514
441.0 0.0018598733731778339
442.0 0.0019560809960239567
443.0 0.002297895298397634
444.0 0.0026397094188723713
445.0 0.001489484293415444
446.0 0.0003392590542716789
447.0 0.00020127899915678427
448.0 6.329884740807756e-05
449.0 0.00038250573197728954
450.0 0.0007017123607511166
451.0 0.0007785291018080898
452.0 0.0008553458428650629
453.0 0.0007923728844616562
454.0 0.0007293998805835145
455.0 0.0005928822702117031
456.0 0.0004563647053146269
457.0 0.0003105776158918161
458.0 0.0001647904696255864
459.0 0.00031486592888541054
460.0 0.0004649413767765509
461.0 0.000606139383307891
462.0 0.0007473374353139661
463.0 0.0007109413672878873
464.0 0.0006745452992618084
465.0 0.0002860998847609153
466.0 1.609347095692104e-10
467.0 0.00014854015262244502
468.0 0.0003994255166617222
469.0 0.0006119353656686144
470.0 0.0008244453056249768
471.0 0.0006177829163789283
472.0 0.0004111207090318203
473.0 0.0005016954219172476
474.0 0.0005922700438532047
475.0 0.00038369280446204357
476.0 0.00017511550822746358
477.0 0.0003194091959812795
478.0 0.00046370278141694143
479.0 0.0013235351616458502
480.0 0.0021833677237736993
481.0 0.0025343773813801818
482.0 0.0028853872208856046
483.0 0.0039862989069661126
484.0 0.005087209865450859
485.0 0.00617132245679386
486.0 0.007255434320541099
487.0 0.00965746003203094
488.0 0.012059484288329259
489.0 0.015128338418435305
490.0 0.01819719182094559
491.0 0.02081120474031195
492.0 0.023425216204486787
493.0 0.02541520807426423
494.0 0.02740519994404167
495.0 0.02569548669271171
496.0 0.023985773441381752
497.0 0.02004646376008168
498.0 0.016107152623590082
499.0 0.011402307427488267
500.0 0.006697462958982214
501.0 0.004453300061868504
502.0 0.0022091362552600913
503.0 0.0021584775822702795
504.0 0.0021078187273815274
505.0 0.0019260347471572459
506.0 0.001744250585034024
507.0 0.0019613918993854895
508.0 0.0021785333956358954
509.0 0.002418751500954386
510.0 0.0026589696062728763
511.0 0.002092769500450231
512.0 0.001526569394627586
513.0 0.0018285098121850751
514.0 0.002130450593540445
515.0 0.0022355379769578576
516.0 0.0023406253603752702
517.0 0.002277602288813796
518.0 0.0022145792172523215
519.0 0.00212120394280646
520.0 0.0020278288502595387
521.0 0.0019354170945007354
522.0 0.0018430055206408724
523.0 0.0017663864127825946
524.0 0.001689767486823257
525.0 0.002067780042125378
526.0 0.0024457925974274985
527.0 0.0025913581339409575
528.0 0.0027369238523533568
529.0 0.002731866879912559
530.0 0.0027268097255728208
531.0 0.002389068504271563
532.0 0.0020513272829703055
533.0 0.0017649337678449228
534.0 0.0014785400708205998
535.0 0.0018489232388674282
536.0 0.0022193064069142565
537.0 0.0026792185963131487
538.0 0.003139130785712041
539.0 0.0037617923226207495
540.0 0.004384454223327339
541.0 0.004847314994549379
542.0 0.005310175765771419
543.0 0.005205707566346973
544.0 0.005101239730720408
545.0 0.004295476173865609
546.0 0.0034897126170108095
547.0 0.0026533134587225504
548.0 0.0018169143004342914
549.0 0.0016198215234908275
550.0 0.0014227285646484233
551.0 0.0014584859854949173
552.0 0.0014942432244424708
553.0 0.0015296833225875162
554.0 0.0015651234207325615
555.0 0.0011377447663107887
556.0 0.0007103663847374264
557.0 0.0007689421181567013
558.0 0.0008275178515759762
559.0 0.0006986629614402773
560.0 0.0005698081167793134
561.0 0.0010411260518594645
562.0 0.0015124440324143507
563.0 0.0015458435882464983
564.0 0.0015792431440786459
565.0 0.0013969344763609115
566.0 0.0012146259905421175
567.0 0.0011802337212429848
568.0 0.0011458417247922625
569.0 0.0009183301699522417
570.0 0.0006908187970111612
571.0 0.0006158220003271708
572.0 0.0005408251581684453
573.0 0.0005265476829663385
574.0 0.0005122701168147614
575.0 0.00047643720790802035
576.0 0.0004406043444760144
577.0 0.00038856583159940783
578.0 0.00033652745514700655
579.0 0.00033608398553042207
580.0 0.00033564060686330777
581.0 0.0003772612444663537
582.0 0.00041888197301886976
583.0 0.00047193052523653023
584.0 0.0005249790319794556
585.0 0.0006109338755777571
586.0 0.0006968888101255288
587.0 0.0005382489689509384
588.0 0.0003796091732510831
589.0 0.0005314706868375652
590.0 0.0006833322913735174
591.0 0.0005437547315523261
592.0 0.0004041771262563998
593.0 0.0004827605607715668
594.0 0.0005613439952867338
595.0 0.00047082544369914103
596.0 0.0003803067784247105
597.0 0.00039626793295610696
598.0 0.0004122290647501359
599.0 0.0003686956006276887
600.0 0.0003251621819799766
601.0 0.0003753305691134301
602.0 0.0004254990471963538
603.0 0.0003127819809378707
604.0 0.00020006496015412267
605.0 0.00018264481695950963
606.0 0.00016522465102752903
607.0 0.0002924665068348986
608.0 0.00041970838537963573
609.0 0.0004186134901829064
610.0 0.00041751859498617705
611.0 0.00045150341065891553
612.0 0.0004854881808569189
613.0 0.0004115780939173419
614.0 0.0003376680524525
615.0 0.00042755359572765883
616.0 0.0005174390480533475
617.0 0.0004845008334086742
618.0 0.00045156261876400094
619.0 0.0002658501216501463
620.0 8.013768137971056e-05
621.0 0.00015241784012687276
622.0 0.00022469803298008628
623.0 0.00035359125831746496
624.0 0.00048248448365484364
625.0 0.000380464530280733
626.0 0.0002784446223813575
627.0 0.0003028593255294254
628.0 0.0003272740514148609
629.0 0.00033000910661939997
630.0 0.000332744116349204
631.0 0.0004444385467650136
632.0 0.0005561328180192504
633.0 0.0005038213203079067
634.0 0.00045150968617235776
635.0 0.0004925948815071024
636.0 0.000533680031367112
637.0 0.0004776411060447572
638.0 0.0004216021352476673
639.0 0.00043251570787106175
640.0 0.00044342937144392636
641.0 0.0005744148893427337
642.0 0.000705400407241541
643.0 0.0006761804343113909
644.0 0.0006469603249570355
645.0 0.0006882098659843905
646.0 0.0007294594524864806
647.0 0.000716396880307002
648.0 0.0007033341717033181
649.0 0.0007763555913697928
650.0 0.0008493770110362675
651.0 0.0008334569429280236
652.0 0.0008175366929208394
653.0 0.0008763712685322389
654.0 0.0009352060260425787
655.0 0.0012604154107975774
656.0 0.0015856247046031058
657.0 0.0026556690500001423
658.0 0.003725713395397179
659.0 0.006122812919784337
660.0 0.06988915847614408
661.0 0.08463750127702951
662.0 0.10267575271427631
663.0 0.1482535619288683
664.0 0.12973647098988295
665.0 0.1443422050215304
666.0 0.14668976655229926
667.0 0.17773871077224612
668.0 0.23495156783610582
669.0 0.27627728413790464
670.0 0.3643459174782038
671.0 0.5724673625081778
672.0 0.9249881841242313
673.0 1.437879353761673
674.0 2.129492163658142
675.0 3.0267005786299706
676.0 4.109906405210495
677.0 5.454058572649956
678.0 6.786268949508667
679.0 8.213210105895996
680.0 10.104291141033173
681.0 12.185941636562347
682.0 14.734072983264923
683.0 17.519351840019226
684.0 20.41204422712326
685.0 23.422908782958984
686.0 26.40172243118286
687.0 29.658368229866028
688.0 32.94597864151001
689.0 36.3548219203949
690.0 40.24450182914734
691.0 44.39148306846619
692.0 49.36908185482025
693.0 54.62717413902283
694.0 60.50782799720764
695.0 66.11680388450623
696.0 72.3167359828949
697.0 77.79346108436584
698.0 83.64378213882446
699.0 88.08178901672363
700.0 91.50207042694092
701.0 94.21667456626892
702.0 96.03025913238525
703.0 97.0413327217102
704.0 97.45144248008728
705.0 97.82954454421997
706.0 97.85736203193665
707.0 98.04718494415283
708.0 98.05525541305542
709.0 98.09117317199707
710.0 97.86562323570251
711.0 98.12741875648499
712.0 97.99230694770813
713.0 98.05617332458496
714.0 98.16578030586243
715.0 98.22056889533997
716.0 98.00910949707031
717.0 98.24094772338867
718.0 98.31942319869995
719.0 98.22559952735901
720.0 98.50974082946777
721.0 98.41428399085999
722.0 98.11960458755493
723.0 97.89668321609497
724.0 97.58496284484863
725.0 97.2737729549408
726.0 97.03725576400757
727.0 96.81987762451172
728.0 96.59112691879272
729.0 96.39343023300171
730.0 96.37918472290039
731.0 96.41429781913757
732.0 96.35911583900452
733.0 96.69525623321533
734.0 97.01318144798279
735.0 97.19157218933105
736.0 97.57606387138367
737.0 97.98086881637573
738.0 98.21978807449341
739.0 98.61700534820557
740.0 98.78350496292114
741.0 98.55278134346008
742.0 98.96464347839355
743.0 98.81747364997864
744.0 98.56905937194824
745.0 98.60186576843262
746.0 98.54069948196411
747.0 98.81452322006226
748.0 98.77428412437439
749.0 98.6033022403717
750.0 98.54696989059448
751.0 98.51186275482178
752.0 98.40573072433472
753.0 98.61350059509277
754.0 98.58413338661194
755.0 98.64494800567627
756.0 98.68927001953125
757.0 98.70858788490295
758.0 98.80199432373047
759.0 98.83567094802856
760.0 98.70782494544983
761.0 98.68472814559937
762.0 98.72981905937195
763.0 98.70876669883728
764.0 98.55751395225525
765.0 98.5437273979187
766.0 98.60367178916931
767.0 98.36201667785645
768.0 98.38655591011047
769.0 98.42284917831421
770.0 98.08616638183594
771.0 98.20102453231812
772.0 98.20060133934021
773.0 98.05220365524292
774.0 97.86350727081299
775.0 97.99309372901917
776.0 97.90387749671936
777.0 97.96499609947205
778.0 97.95147776603699
779.0 98.09232354164124
780.0 98.02598357200623
781.0 98.27203154563904
782.0 98.14473390579224
783.0 98.27092289924622
784.0 98.29494953155518
785.0 98.36243987083435
786.0 98.57326149940491
787.0 98.25800657272339
788.0 98.40775728225708
789.0 98.47607016563416
790.0 98.41280579566956
791.0 98.41136932373047
792.0 98.28969240188599
793.0 98.20707440376282
794.0 98.16832542419434
795.0 98.0098009109497
796.0 98.03542494773865
797.0 98.07930588722229
798.0 97.96083569526672
799.0 97.88849949836731
800.0 97.6575493812561
801.0 97.69205451011658
802.0 97.60292768478394
803.0 97.33274579048157
804.0 97.08071947097778
805.0 96.59019708633423
806.0 96.11197710037231
807.0 95.23858428001404
808.0 94.09877061843872
809.0 92.70814657211304
810.0 91.24109745025635
811.0 89.187753200531
812.0 86.85117363929749
813.0 84.11357998847961
814.0 80.7982087135315
815.0 77.15100049972534
816.0 73.29084873199463
817.0 68.9919650554657
818.0 63.97704482078552
819.0 59.72858667373657
820.0 54.792577028274536
821.0 50.27726888656616
822.0 45.862919092178345
823.0 41.21355414390564
824.0 36.54714524745941
825.0 32.323989272117615
826.0 27.966788411140442
827.0 23.44231754541397
828.0 19.379758834838867
829.0 15.41224867105484
830.0 11.493844538927078
831.0 8.481074869632721
832.0 5.64844124019146
833.0 3.6344587802886963
834.0 2.2303886711597443
835.0 1.3197941705584526
836.0 0.7579732220619917
837.0 0.41472194716334343
838.0 0.24992329999804497
839.0 0.1672736369073391
840.0 0.11925408616662025
841.0 0.06210155552253127
842.0 0.004278406413504854
843.0 1.609347095692104e-10
844.0 0.02520250855013728
845.0 1.609347095692104e-10
846.0 1.609347095692104e-10
847.0 1.609347095692104e-10
848.0 1.609347095692104e-10
849.0 1.609347095692104e-10
850.0 1.609347095692104e-10
851.0 0.0015367375453934073
852.0 0.0021026733520557173
853.0 0.0011155661013617646
854.0 0.00012845891887991456
855.0 0.0001347721536149038
856.0 0.00014108542245594435
857.0 0.0002603769189590821
858.0 0.0003796684268309036
859.0 0.00012612703130798764
860.0 1.609347095692104e-10
861.0 1.609347095692104e-10
862.0 1.609347095692104e-10
863.0 1.609347095692104e-10
864.0 1.609347095692104e-10
865.0 1.609347095692104e-10
866.0 1.609347095692104e-10
867.0 1.609347095692104e-10
868.0 1.609347095692104e-10
869.0 1.609347095692104e-10
870.0 5.685246264874877e-05
871.0 3.0463567668448377e-05
872.0 4.0746279239556316e-06
873.0 7.0359544679377e-05
874.0 0.00013664445077665732
875.0 4.673518390063691e-05
876.0 1.609347095692104e-10
877.0 3.424471799462481e-05
878.0 0.00011166351896463311
879.0 3.6112598422732844e-05
880.0 1.609347095692104e-10
881.0 3.6029550187777204e-05
882.0 0.00011149742249472183
883.0 1.609347095692104e-10
884.0 1.609347095692104e-10
885.0 1.609347095692104e-10
886.0 8.974844263320847e-05
887.0 1.609347095692104e-10
888.0 1.609347095692104e-10
889.0 1.609347095692104e-10
890.0 3.8218212239371496e-05
891.0 1.609347095692104e-10
892.0 1.609347095692104e-10
893.0 1.609347095692104e-10
894.0 1.609347095692104e-10
895.0 1.609347095692104e-10
896.0 1.609347095692104e-10
