lsstCam/transmission_filter_detector/r34_s00/i_39/19700101T000000.ecsv
# %ECSV 1.0
# ---
# datatype:
# - {name: wavelength, unit: nm, datatype: float32}
# - {name: efficiency, unit: '%', datatype: float64}
# meta: !!omap
# - {MODE: DETECTOR}
# - {TYPE: transmission_filter_detector}
# - {CALIBDATE: '1970-01-01T00:00:00'}
# - {INSTRUME: LSSTCam}
# - {OBSTYPE: transmission_filter_detector}
# - {CALIBCLS: lsst.ip.isr.IntermediateFilterDetectorTransmissionCurve}
# - {SOURCE: Materion (DM-46256)}
# - {DETECTOR: 153}
# - {FILTER: i_39}
# - {CALIB_ID: 'calibDate=1970-01-01T00:00:00 filter=i_39 detector=153'}
# - {DATE: '2025-04-02T15:59:47.188019'}
# - {CALIB_CREATION_DATE: '2025-04-02'}
# - {CALIB_CREATION_TIME: '15:59:47'}
# - __serialized_columns__:
#     efficiency:
#       __class__: astropy.units.quantity.Quantity
#       unit: !astropy.units.Unit {unit: '%'}
#       value: !astropy.table.SerializedColumn {name: efficiency}
#     wavelength:
#       __class__: astropy.units.quantity.Quantity
#       unit: !astropy.units.Unit {unit: nm}
#       value: !astropy.table.SerializedColumn {name: wavelength}
# schema: astropy-2.0
wavelength efficiency
[from data line 598]
898.0 1.609347095692104e-10
899.0 1.609347095692104e-10
900.0 1.609347095692104e-10
901.0 1.609347095692104e-10
902.0 1.609347095692104e-10
903.0 1.609347095692104e-10
904.0 4.545783482967636e-06
905.0 2.2892560025411512e-05
906.0 4.1239368897549866e-05
907.0 1.609347095692104e-10
908.0 1.609347095692104e-10
909.0 1.609347095692104e-10
910.0 1.891082632710095e-05
911.0 1.9290312991415703e-05
912.0 1.9669788287046686e-05
913.0 1.609347095692104e-10
914.0 1.609347095692104e-10
915.0 1.609347095692104e-10
916.0 1.609347095692104e-10
917.0 1.609347095692104e-10
918.0 1.609347095692104e-10
919.0 5.094754484957775e-06
920.0 0.00011834704309876543
921.0 1.609347095692104e-10
922.0 1.609347095692104e-10
923.0 1.609347095692104e-10
924.0 1.609347095692104e-10
925.0 2.578944133801997e-05
926.0 9.549020205668057e-05
927.0 1.609347095692104e-10
928.0 1.609347095692104e-10
929.0 1.609347095692104e-10
930.0 1.609347095692104e-10
931.0 1.609347095692104e-10
932.0 7.243113486765651e-06
933.0 1.609347095692104e-10
934.0 1.609347095692104e-10
935.0 1.609347095692104e-10
936.0 1.609347095692104e-10
937.0 1.609347095692104e-10
938.0 1.609347095692104e-10
939.0 1.609347095692104e-10
940.0 1.609347095692104e-10
941.0 1.609347095692104e-10
942.0 1.609347095692104e-10
943.0 1.609347095692104e-10
944.0 1.609347095692104e-10
945.0 1.609347095692104e-10
946.0 1.609347095692104e-10
947.0 1.609347095692104e-10
948.0 0.0001496444610893377
949.0 1.609347095692104e-10
950.0 1.609347095692104e-10
951.0 8.95538789791317e-06
952.0 0.00018327077668800484
953.0 0.00010752494290500181
954.0 3.177915175456292e-05
955.0 1.4550758464793034e-05
956.0 1.609347095692104e-10
957.0 3.046397125672229e-05
958.0 6.360554607454105e-05
959.0 0.0001324309891970188
960.0 0.0002012564436881803
961.0 0.00014203723139871727
962.0 8.281799637188669e-05
963.0 0.0001319758439422003
964.0 0.00018113372561856522
965.0 0.0001220016201841645
966.0 6.286950906542188e-05
967.0 1.609347095692104e-10
968.0 1.609347095692104e-10
969.0 1.609347095692104e-10
970.0 1.609347095692104e-10
971.0 1.609347095692104e-10
972.0 1.609347095692104e-10
973.0 9.282620112571749e-05
974.0 0.00020815864445467014
975.0 8.351418046004255e-05
976.0 1.609347095692104e-10
977.0 1.5279370302323514e-05
978.0 7.168900992837735e-05
979.0 9.2499668369328e-06
980.0 1.609347095692104e-10
981.0 1.609347095692104e-10
982.0 1.609347095692104e-10
983.0 1.609347095692104e-10
984.0 1.609347095692104e-10
985.0 2.814275568141511e-06
986.0 0.00015450993942067726
987.0 1.1430363144881994e-05
988.0 1.609347095692104e-10
989.0 1.609347095692104e-10
990.0 3.9572651822084026e-07
991.0 9.273111345464713e-05
992.0 0.00018506651713323663
993.0 0.00014848275213807938
994.0 0.0001118989985116059
995.0 0.0001301951328969153
996.0 0.00014849126728222473
997.0 0.00011551832130862749
998.0 8.25453582820046e-05
999.0 0.0001194118681269174
1000.0 0.000156278338181437
1001.0 0.00025176902909151977
1002.0 0.00034725967452686746
1003.0 0.0002753198714344762
1004.0 0.00020338004560471745
1005.0 0.00019855833670590073
1006.0 0.000193736627807084
1007.0 0.00019193141724827
1008.0 0.0001901262521641911
1009.0 0.0002634611064422643
1010.0 0.0003367959379829699
1011.0 0.00030134269763948396
1012.0 0.000265889457295998
1013.0 0.00021704590835724957
1014.0 0.00016820237078718492
1015.0 0.0001549642888676317
1016.0 0.0001417262410541298
1017.0 0.00016506240854141652
1018.0 0.00018839858739738702
1019.0 7.626193792020786e-05
1020.0 1.609347095692104e-10
1021.0 0.00013220318351159221
1022.0 0.00030028111268620705
1023.0 0.00019287178929516813
1024.0 8.546251137886429e-05
1025.0 0.00016650390080030775
1026.0 0.00024754531295911875
1027.0 0.0004354322754807072
1028.0 0.0006233191925275605
1029.0 0.0009388460966874845
1030.0 0.0012543730008474085
1031.0 0.0017012222087942064
1032.0 0.0021480711438925937
1033.0 0.002358316123718396
1034.0 0.0025685609216452576
1035.0 0.002928238427557517
1036.0 0.0032879157515708357
1037.0 0.0032534877391299233
1038.0 0.0032190600904868916
1039.0 0.002933598807430826
1040.0 0.0026481375243747607
1041.0 0.002607094938866794
1042.0 0.002566052535257768
1043.0 0.0027708707420970313
1044.0 0.0029756889489362948
1045.0 0.003316180664114654
1046.0 0.0036566725611919537
1047.0 0.003495477358228527
1048.0 0.0033342821552651003
1049.0 0.0028546975954668596
1050.0 0.002375113035668619
1051.0 0.00211889037018409
1052.0 0.0018626678865985014
1053.0 0.0015313895346480422
1054.0 0.0012001110917481128
1055.0 0.0009674057764641475
1056.0 0.0007347005066549173
1057.0 0.0007479915893782163
1058.0 0.0007612828540004557
1059.0 0.0008428249202552252
1060.0 0.0009243671229341999
1061.0 0.0010434225259814411
1062.0 0.0011624781109276228
1063.0 0.0018626129531185143
1064.0 0.0025627476134104654
1065.0 0.0029508662919397466
1066.0 0.0033389849704690278
1067.0 0.003843444210360758
1068.0 0.00434790417784825
1069.0 0.004229543992551044
1070.0 0.004111183807253838
1071.0 0.0036504621675703675
1072.0 0.0031897401640890166
1073.0 0.002926391243818216
1074.0 0.0026630419597495347
1075.0 0.0030715542379766703
1076.0 0.003480066516203806
1077.0 0.00359358309651725
1078.0 0.0037071004044264555
1079.0 0.0036228262615622953
1080.0 0.0035385517549002543
1081.0 0.0024943112293840386
1082.0 0.0014500706129183527
1083.0 0.0014312475286715198
1084.0 0.001412424444424687
1085.0 0.0013940155440650415
1086.0 0.0013756067346548662
1087.0 0.0010554191248957068
1088.0 0.0007352315606112825
1089.0 1.609347095692104e-10
1090.0 1.609347095692104e-10
1091.0 1.609347095692104e-10
1092.0 0.0006578121428901795
1093.0 1.609347095692104e-10
1094.0 1.609347095692104e-10
1095.0 1.609347095692104e-10
1096.0 1.609347095692104e-10
1097.0 1.609347095692104e-10
1098.0 1.609347095692104e-10
1099.0 0.00016098238120321184
1100.0 0.0012852723557443824
