lsstCam/transmission_filter_detector/r34_s00/u_24/19700101T000000.ecsv
# %ECSV 1.0
# ---
# datatype:
# - {name: wavelength, unit: nm, datatype: float32}
# - {name: efficiency, unit: '%', datatype: float64}
# meta: !!omap
# - {MODE: DETECTOR}
# - {TYPE: transmission_filter_detector}
# - {CALIBDATE: '1970-01-01T00:00:00'}
# - {INSTRUME: LSSTCam}
# - {OBSTYPE: transmission_filter_detector}
# - {CALIBCLS: lsst.ip.isr.IntermediateFilterDetectorTransmissionCurve}
# - {SOURCE: Materion (DM-46256)}
# - {DETECTOR: 153}
# - {FILTER: u_24}
# - {CALIB_ID: 'calibDate=1970-01-01T00:00:00 filter=u_24 detector=153'}
# - {DATE: '2025-04-02T15:59:40.459295'}
# - {CALIB_CREATION_DATE: '2025-04-02'}
# - {CALIB_CREATION_TIME: '15:59:40'}
# - __serialized_columns__:
#     efficiency:
#       __class__: astropy.units.quantity.Quantity
#       unit: !astropy.units.Unit {unit: '%'}
#       value: !astropy.table.SerializedColumn {name: efficiency}
#     wavelength:
#       __class__: astropy.units.quantity.Quantity
#       unit: !astropy.units.Unit {unit: nm}
#       value: !astropy.table.SerializedColumn {name: wavelength}
# schema: astropy-2.0
wavelength efficiency
295.0 1.609347095692104e-10
296.0 1.609347095692104e-10
297.0 1.609347095692104e-10
298.0 1.609347095692104e-10
299.0 1.609347095692104e-10
300.0 1.609347095692104e-10
301.0 1.609347095692104e-10
302.0 1.609347095692104e-10
303.0 1.609347095692104e-10
304.0 0.24927044287323952
305.0 0.8187642320990562
306.0 1.745038665831089
307.0 3.5055242478847504
308.0 5.724028870463371
309.0 9.059085696935654
310.0 12.794822454452515
311.0 16.64794385433197
312.0 20.253141224384308
313.0 23.26161116361618
314.0 26.216381788253784
315.0 28.846606612205505
316.0 31.01145029067993
317.0 33.6450070142746
318.0 36.423689126968384
319.0 40.4890239238739
320.0 46.112844347953796
321.0 51.63836479187012
322.0 57.68579840660095
323.0 63.061755895614624
324.0 67.3141598701477
325.0 70.38133144378662
326.0 72.69862294197083
327.0 74.46746230125427
328.0 76.19792819023132
329.0 77.56935358047485
330.0 78.8732647895813
331.0 79.49597835540771
332.0 79.82984185218811
333.0 79.88837361335754
334.0 79.74565625190735
335.0 79.95358109474182
336.0 80.23170828819275
337.0 80.86673617362976
338.0 81.67510628700256
339.0 82.17278122901917
340.0 82.60260224342346
341.0 83.12327861785889
342.0 83.38976502418518
343.0 83.44733715057373
344.0 83.58100056648254
345.0 83.9836835861206
346.0 84.32194590568542
347.0 84.7032904624939
348.0 84.94696021080017
349.0 85.14609932899475
350.0 85.17952561378479
351.0 85.42965054512024
352.0 85.2489173412323
353.0 85.20824909210205
354.0 85.1524293422699
355.0 85.35887598991394
356.0 85.48657894134521
357.0 85.52054166793823
358.0 85.10830998420715
359.0 84.84418988227844
360.0 84.75189208984375
361.0 84.4787061214447
362.0 84.28412079811096
363.0 84.41700339317322
364.0 84.51671004295349
365.0 84.81617569923401
366.0 85.05563735961914
367.0 85.14798283576965
368.0 85.18239855766296
369.0 85.29099822044373
370.0 85.0970983505249
371.0 84.9230945110321
372.0 84.96451377868652
373.0 85.13771295547485
374.0 85.21997332572937
375.0 85.45432090759277
376.0 85.61221957206726
377.0 85.69989800453186
378.0 85.72957515716553
379.0 85.39795279502869
380.0 84.71095561981201
381.0 83.29355120658875
382.0 81.45942091941833
383.0 79.45968508720398
384.0 77.32013463973999
385.0 74.99536871910095
386.0 72.41755723953247
387.0 69.07804608345032
388.0 65.68230986595154
389.0 61.43529415130615
390.0 57.280945777893066
391.0 52.951157093048096
392.0 48.55809509754181
393.0 44.83755826950073
394.0 41.57099425792694
395.0 37.967413663864136
396.0 34.08437371253967
397.0 28.828921914100647
398.0 22.73033857345581
399.0 15.823295712471008
400.0 9.760299324989319
401.0 5.1395174115896225
402.0 2.0536253228783607
403.0 0.6331150885671377
404.0 0.21859572734683752
405.0 0.09987973608076572
406.0 0.039357016794383526
407.0 0.021616110461764038
408.0 1.609347095692104e-10
409.0 1.609347095692104e-10
410.0 1.609347095692104e-10
411.0 1.609347095692104e-10
412.0 1.609347095692104e-10
413.0 1.609347095692104e-10
414.0 1.609347095692104e-10
415.0 1.609347095692104e-10
416.0 1.609347095692104e-10
417.0 1.609347095692104e-10
418.0 1.609347095692104e-10
419.0 1.609347095692104e-10
420.0 1.609347095692104e-10
421.0 1.609347095692104e-10
422.0 1.609347095692104e-10
423.0 1.609347095692104e-10
424.0 1.609347095692104e-10
425.0 1.609347095692104e-10
426.0 0.0011139308298879769
427.0 0.0004921775598631939
428.0 1.609347095692104e-10
429.0 0.00012249989822521457
430.0 0.00037457525650097523
431.0 1.609347095692104e-10
432.0 1.609347095692104e-10
433.0 1.609347095692104e-10
434.0 0.0004129884473513812
435.0 0.0007907974577392451
436.0 0.001168606377177639
437.0 0.0006450684395531425
438.0 0.00012153036550444085
439.0 1.609347095692104e-10
440.0 1.609347095692104e-10
441.0 1.609347095692104e-10
442.0 1.609347095692104e-10
443.0 1.609347095692104e-10
444.0 1.609347095692104e-10
445.0 1.609347095692104e-10
446.0 1.609347095692104e-10
447.0 1.609347095692104e-10
448.0 1.609347095692104e-10
449.0 0.00012991259836780955
450.0 0.00040539648580306675
451.0 0.00028092870252294233
452.0 0.0001564609192428179
453.0 0.00040015479498833884
454.0 0.000643848807158065
455.0 1.609347095692104e-10
456.0 1.609347095692104e-10
457.0 1.609347095692104e-10
458.0 1.609347095692104e-10
459.0 1.609347095692104e-10
460.0 1.609347095692104e-10
461.0 1.609347095692104e-10
462.0 7.744566801193287e-05
463.0 0.0001610907816029794
464.0 0.0002447361566737527
465.0 3.787273499256116e-05
466.0 1.609347095692104e-10
467.0 1.609347095692104e-10
468.0 1.609347095692104e-10
469.0 1.609347095692104e-10
470.0 1.609347095692104e-10
471.0 1.609347095692104e-10
472.0 0.00016236160718108295
473.0 1.609347095692104e-10
474.0 1.609347095692104e-10
475.0 1.609347095692104e-10
476.0 1.609347095692104e-10
477.0 1.609347095692104e-10
478.0 1.609347095692104e-10
479.0 1.609347095692104e-10
480.0 1.609347095692104e-10
481.0 1.609347095692104e-10
482.0 1.609347095692104e-10
483.0 1.609347095692104e-10
484.0 0.00015073087524797302
485.0 1.609347095692104e-10
486.0 1.609347095692104e-10
487.0 1.609347095692104e-10
488.0 7.421486714065395e-06
489.0 1.609347095692104e-10
490.0 1.609347095692104e-10
491.0 1.609347095692104e-10
492.0 1.609347095692104e-10
493.0 1.609347095692104e-10
494.0 1.609347095692104e-10
495.0 1.609347095692104e-10
496.0 1.609347095692104e-10
497.0 1.609347095692104e-10
498.0 1.609347095692104e-10
499.0 1.609347095692104e-10
500.0 1.609347095692104e-10
501.0 1.609347095692104e-10
502.0 1.609347095692104e-10
503.0 8.597716600888816e-05
504.0 0.0002597490720290807
505.0 1.609347095692104e-10
506.0 1.609347095692104e-10
507.0 1.609347095692104e-10
508.0 1.609347095692104e-10
509.0 1.609347095692104e-10
510.0 1.609347095692104e-10
511.0 1.609347095692104e-10
512.0 5.909772653467371e-05
513.0 1.0143610751356391e-05
514.0 1.609347095692104e-10
515.0 1.609347095692104e-10
516.0 1.9584457788823784e-05
517.0 1.609347095692104e-10
518.0 1.609347095692104e-10
519.0 1.609347095692104e-10
520.0 1.609347095692104e-10
521.0 1.609347095692104e-10
522.0 1.609347095692104e-10
523.0 1.609347095692104e-10
524.0 1.609347095692104e-10
525.0 1.609347095692104e-10
526.0 1.609347095692104e-10
527.0 1.609347095692104e-10
528.0 1.609347095692104e-10
529.0 1.609347095692104e-10
530.0 1.609347095692104e-10
531.0 1.609347095692104e-10
532.0 1.609347095692104e-10
533.0 1.609347095692104e-10
534.0 0.00038454918467323296
535.0 3.618137895955442e-05
536.0 1.609347095692104e-10
537.0 1.609347095692104e-10
538.0 1.609347095692104e-10
539.0 1.609347095692104e-10
540.0 1.609347095692104e-10
541.0 1.609347095692104e-10
542.0 3.566716770819767e-05
543.0 1.609347095692104e-10
544.0 1.609347095692104e-10
545.0 8.476316679661977e-05
546.0 0.0004077042376593454
547.0 0.0001136807668444817
548.0 1.609347095692104e-10
549.0 1.609347095692104e-10
550.0 1.609347095692104e-10
551.0 1.609347095692104e-10
552.0 1.609347095692104e-10
553.0 1.609347095692104e-10
554.0 1.609347095692104e-10
555.0 1.609347095692104e-10
556.0 1.609347095692104e-10
557.0 1.609347095692104e-10
558.0 1.609347095692104e-10
559.0 1.609347095692104e-10
560.0 1.609347095692104e-10
561.0 1.609347095692104e-10
562.0 0.00012348615427981713
563.0 6.807148906773364e-05
564.0 1.265665900973545e-05
565.0 2.8105736760153377e-05
566.0 4.355478040451999e-05
567.0 4.984617021364102e-05
568.0 5.613752023236884e-05
569.0 0.0001548931891193206
570.0 0.00025364886369061423
571.0 0.00021723672034568153
572.0 0.00018082459973811638
573.0 0.0002793780595311546
574.0 0.00037793156479892787
575.0 0.00031174761261354433
576.0 0.0002455637059028959
577.0 0.00032899256439122837
578.0 0.00041242142287956085
579.0 0.0007153095793910325
580.0 0.001018197690427769
581.0 0.0013520254469767679
582.0 0.001685852839727886
583.0 0.0017064901840058155
584.0 0.001727127528283745
585.0 0.0013127419151715003
586.0 0.0008983563930087257
587.0 0.0005732258614443708
588.0 0.00024809523893054575
589.0 0.0005501876785274362
590.0 0.0008522800271748565
591.0 0.0008108242582238745
592.0 0.0007693684892728925
593.0 0.0007322825695155188
594.0 0.0006951966497581452
595.0 0.0007811000614310615
596.0 0.0008670037459523883
597.0 0.00100777942861896
598.0 0.0011485550203360617
599.0 0.0015443796655745246
600.0 0.001940204128914047
601.0 0.002371631853748113
602.0 0.002803059578582179
603.0 0.002415820381429512
604.0 0.0020285813661757857
605.0 0.0016491265341755934
606.0 0.001269672156922752
607.0 0.0009815140401769895
608.0 0.0006933558779564919
609.0 0.0006308630872808862
610.0 0.0005683702056558104
611.0 0.0004994316441297997
612.0 0.00043049308260378893
613.0 0.0005641218649543589
614.0 0.0006977506018301938
615.0 0.0006825315267633414
616.0 0.0006673122697975487
617.0 0.0004894576250080718
618.0 0.00031160300295596244
619.0 0.0004098425961274188
620.0 0.0005080821210867725
621.0 0.0006272373866522685
622.0 0.0007463925612682942
623.0 0.0006986922471696744
624.0 0.0006509918875963194
625.0 0.000868232746142894
626.0 0.001085473741113674
627.0 0.0010145136002392974
628.0 0.0009435534593649209
629.0 0.0011239930245210417
630.0 0.0013044325896771625
631.0 0.0015538416846538894
632.0 0.0018032509615295567
633.0 0.0024617938834126107
634.0 0.003120336987194605
635.0 0.0030876428354531527
636.0 0.0030549486837117
637.0 0.002321559441043064
638.0 0.0015881703802733682
639.0 0.0014904308955010492
640.0 0.001392691774526611
641.0 0.001363239516649628
642.0 0.0013337872587726451
643.0 0.0011148494195367675
644.0 0.0008959114893514197
645.0 0.00036678545711765764
646.0 1.609347095692104e-10
647.0 0.00010523739319978631
648.0 0.0003728154297277797
649.0 0.00020449399471544893
650.0 3.6172565387460054e-05
651.0 0.00048413712647743523
652.0 0.0009321017387264874
653.0 0.001218205852637766
654.0 0.0015043099665490445
655.0 0.0017887143258121796
656.0 0.002073118776024785
657.0 0.0025173167159664445
658.0 0.0029615148378070444
659.0 0.003430265496717766
660.0 0.0038990157918306068
661.0 0.0035740034945774823
662.0 0.003248991197324358
663.0 0.0026152287318836898
664.0 0.0019814662664430216
665.0 0.001522862021374749
666.0 0.0010642578672559466
667.0 0.0010930438293144107
668.0 0.0011218297913728748
669.0 0.0010084661880682688
670.0 0.0008951025847636629
671.0 0.0007028411801002221
672.0 0.0005105797299620463
673.0 0.000574745945414179
674.0 0.0006389121608663118
675.0 0.0009086194950214121
676.0 0.0011783267837017775
677.0 0.0014726138942933176
678.0 0.0017669010048848577
679.0 0.0021763638869742863
680.0 0.002585826769063715
681.0 0.0037298279494279996
682.0 0.004873829311691225
683.0 0.006685953849228099
684.0 0.008498077659169212
685.0 0.00944810890359804
686.0 0.010398142330814153
687.0 0.008956762758316472
688.0 0.007515385368606076
689.0 0.005967763354419731
690.0 0.0044201413402333856
691.0 0.003933912375941873
692.0 0.0034476837754482403
693.0 0.00307319569401443
694.0 0.0026987076125806198
695.0 0.0020519484678516164
696.0 0.0014051894140720833
697.0 0.0011396497939131223
698.0 0.0008741102647036314
699.0 0.0007111992090358399
700.0 0.0005482880169438431
701.0 0.0005274225259199739
702.0 0.0005065569439466344
703.0 0.00044554585656442214
704.0 0.00038453472370747477
705.0 0.0005660013357555727
706.0 0.0007474679478036705
707.0 0.0008803561286185868
708.0 0.001013244218484033
709.0 0.0010043721886177082
710.0 0.0009955002497008536
711.0 0.0007909175110398792
712.0 0.0005863348178536398
713.0 0.0005363254786061589
714.0 0.0004863162303081481
715.0 0.0004895082383882254
716.0 0.0004927002009935677
717.0 0.0005424467872217065
718.0 0.0005921933279751102
719.0 0.0005343939847080037
720.0 0.00047659464144089725
721.0 0.0001500158418821229
722.0 1.609347095692104e-10
723.0 1.609347095692104e-10
724.0 0.00010964637340293848
725.0 0.00019375477222638438
726.0 0.0002778630459943088
727.0 0.0003054378566957894
728.0 0.00033301244002359454
729.0 0.00040252862163470127
730.0 0.0004720447577710729
731.0 0.0003416919980736566
732.0 0.00021133935206307797
733.0 0.00018650614492798923
734.0 0.00016167302874237066
735.0 0.00024807804948068224
736.0 0.0003344830702189938
737.0 0.00024523844786017435
738.0 0.00015599375728925224
739.0 0.0004683429779106518
740.0 0.0007806922440067865
741.0 0.001098241591535043
742.0 0.0014157909390632994
743.0 0.0021546820789808407
744.0 0.002893573218898382
745.0 0.0037152465665712953
746.0 0.004536920096143149
747.0 0.004447831088327803
748.0 0.004358742080512457
749.0 0.004087264824192971
750.0 0.003815787931671366
751.0 0.0032110441679833457
752.0 0.0026063004042953253
753.0 0.002342895277251955
754.0 0.0020794897864107043
755.0 0.0020486713765421882
756.0 0.002017852784774732
757.0 0.001948894714587368
758.0 0.001879936462501064
759.0 0.0015113574590941425
760.0 0.0011427785466366913
761.0 0.0010126279448741116
762.0 0.000882477434061002
763.0 0.0007180828106356785
764.0 0.0005536883691092953
765.0 0.0004575572347675916
766.0 0.00036142614590062294
767.0 0.0004912575604976155
768.0 0.0006210890660440782
769.0 0.0006255919288378209
770.0 0.0006300949735305039
771.0 0.0006100557129684603
772.0 0.0005900164978811517
773.0 0.0005646956651617074
774.0 0.000539374786967528
775.0 0.0006197914899530588
776.0 0.0007002083293627948
777.0 0.000583878681936767
778.0 0.0004675492164096795
779.0 0.000681080609865603
780.0 0.0008946120033215266
781.0 0.0009831390343606472
782.0 0.001071666156349238
783.0 0.0009697558198240586
784.0 0.0008678455742483493
785.0 0.0011095388799731154
786.0 0.0013512321856978815
787.0 0.0011226135939068627
788.0 0.0008939951840147842
789.0 0.0008815716682875063
790.0 0.0008691481525602285
791.0 0.000648129162073019
792.0 0.00042711017158580944
793.0 0.0004670745965995593
794.0 0.0005070390670880442
795.0 0.0004376950982987182
796.0 0.0003683510840346571
797.0 0.00042112860683118924
798.0 0.0004739060386782512
799.0 0.00017398335785401287
800.0 1.609347095692104e-10
801.0 1.609347095692104e-10
802.0 1.4977851492403715e-05
803.0 5.407792400546896e-05
804.0 9.317795957031194e-05
805.0 0.00019208437151974067
806.0 0.0002909908289439045
807.0 0.00025747522158781067
808.0 0.00022395963696908439
809.0 0.000199333089767606
810.0 0.0001747064629853412
811.0 0.0002086079575747135
812.0 0.00024250948627013713
813.0 8.412259830947733e-05
814.0 1.609347095692104e-10
815.0 0.00026442874059284804
816.0 0.0006031218163116137
817.0 0.0005819421403430169
818.0 0.0005607625553238904
819.0 0.0004270406407158589
820.0 0.0002933187715825625
821.0 4.29022037451432e-05
822.0 1.609347095692104e-10
823.0 1.609347095692104e-10
824.0 1.609347095692104e-10
825.0 1.609347095692104e-10
826.0 1.609347095692104e-10
827.0 1.609347095692104e-10
828.0 1.609347095692104e-10
829.0 1.609347095692104e-10
830.0 1.609347095692104e-10
831.0 1.609347095692104e-10
832.0 7.269059096870478e-05
833.0 8.171522836164513e-06
834.0 1.609347095692104e-10
835.0 0.0001539880940981675
836.0 0.00036432372780836886
837.0 6.272869654821989e-05
838.0 1.609347095692104e-10
839.0 1.609347095692104e-10
840.0 1.609347095692104e-10
841.0 1.609347095692104e-10
842.0 1.609347095692104e-10
843.0 1.609347095692104e-10
844.0 1.609347095692104e-10
845.0 1.609347095692104e-10
846.0 4.0322618133359356e-05
847.0 3.635720133843279e-05
848.0 3.2391741910942073e-05
849.0 0.0001754139816512179
850.0 0.000318436309498793
851.0 0.00033291046293015825
852.0 0.0003473847527857288
853.0 0.0001311718278884655
854.0 1.609347095692104e-10
855.0 1.609347095692104e-10
856.0 5.089560204396548e-05
857.0 0.0003497079887893051
858.0 0.0006485203357442515
859.0 0.0009245870387530886
860.0 0.0012006536053377204
861.0 0.0012745816093229223
862.0 0.0013485096133081242
863.0 0.001529816108813975
864.0 0.0017111224224208854
865.0 0.0015976451322785579
866.0 0.00148416766023729
867.0 0.0015728386642877012
868.0 0.0016615094864391722
869.0 0.0017378739357809536
870.0 0.001814238385122735
871.0 0.001743403117870912
872.0 0.0016725678506190889
873.0 0.001970794255612418
874.0 0.002269021024403628
875.0 0.0023806142053217627
876.0 0.002492207204340957
877.0 0.002647864857863169
878.0 0.002803522875183262
879.0 0.0029296070351847447
880.0 0.0030556915589841083
