lsstCam/transmission_filter_detector/r34_s00/u_24/19700101T000000.ecsv
# %ECSV 1.0
# ---
# datatype:
# - {name: wavelength, unit: nm, datatype: float32}
# - {name: efficiency, unit: '%', datatype: float64}
# meta: !!omap
# - {MODE: DETECTOR}
# - {TYPE: transmission_filter_detector}
# - {CALIBDATE: '1970-01-01T00:00:00'}
# - {INSTRUME: LSSTCam}
# - {OBSTYPE: transmission_filter_detector}
# - {CALIBCLS: lsst.ip.isr.IntermediateFilterDetectorTransmissionCurve}
# - {SOURCE: Materion (DM-46256)}
# - {DETECTOR: 153}
# - {FILTER: u_24}
# - {CALIB_ID: 'calibDate=1970-01-01T00:00:00 filter=u_24 detector=153'}
# - {DATE: '2025-04-02T15:59:40.459295'}
# - {CALIB_CREATION_DATE: '2025-04-02'}
# - {CALIB_CREATION_TIME: '15:59:40'}
# - __serialized_columns__:
#     efficiency:
#       __class__: astropy.units.quantity.Quantity
#       unit: !astropy.units.Unit {unit: '%'}
#       value: !astropy.table.SerializedColumn {name: efficiency}
#     wavelength:
#       __class__: astropy.units.quantity.Quantity
#       unit: !astropy.units.Unit {unit: nm}
#       value: !astropy.table.SerializedColumn {name: wavelength}
# schema: astropy-2.0
wavelength efficiency
[from data line 587]
882.0 0.0033421816624468192
883.0 0.0031390100048156455
884.0 0.0029358381652855314
885.0 0.0028615331757464446
886.0 0.002787228186207358
887.0 0.0024998920707730576
888.0 0.0022125559553387575
889.0 0.0023108152163331397
890.0 0.002409074477327522
891.0 0.002652323746588081
892.0 0.0028955735615454614
893.0 0.003089612437179312
894.0 0.0032836516766110435
895.0 0.003440729415160604
896.0 0.003597807153710164
897.0 0.003684694820549339
898.0 0.0037715821235906333
899.0 0.0038683818274876103
900.0 0.003965181895182468
901.0 0.003934953929274343
902.0 0.003904725963366218
903.0 0.004009945041616447
904.0 0.004115164119866677
905.0 0.0047706100303912535
906.0 0.00542605594091583
907.0 0.0054942949645919725
908.0 0.005562533988268115
909.0 0.005881794641027227
910.0 0.00620105565758422
911.0 0.006097091318224557
912.0 0.005993126978864893
913.0 0.005588375643128529
914.0 0.005183624307392165
915.0 0.004843881106353365
916.0 0.004504137541516684
917.0 0.004327693386585452
918.0 0.004151248867856339
919.0 0.004263443770469166
920.0 0.004375638673081994
921.0 0.0046955497964518145
922.0 0.005015460556023754
923.0 0.005429179145721719
924.0 0.0058428973716218024
925.0 0.006231220322661102
926.0 0.006619544001296163
927.0 0.006931144889676943
928.0 0.007242745778057724
929.0 0.007386395736830309
930.0 0.007530045695602894
931.0 0.007335281406994909
932.0 0.007140517118386924
933.0 0.007186173752415925
934.0 0.007231830386444926
935.0 0.007131365418899804
936.0 0.007030901178950444
937.0 0.007002334314165637
938.0 0.00697376744938083
939.0 0.006821306305937469
940.0 0.006668844434898347
941.0 0.0058532947150524706
942.0 0.0050377449952065945
943.0 0.004398338933242485
944.0 0.0037589328712783754
945.0 0.0033220407203771174
946.0 0.0028851485694758594
947.0 0.0022961283320910297
948.0 0.0017071082766051404
949.0 0.001452650576538872
950.0 0.0011981929674220737
951.0 0.0012803261597582605
952.0 0.0013624591701955069
953.0 0.0015875219105510041
954.0 0.0018125845599570312
955.0 0.0020457166101550683
956.0 0.002278848296555225
957.0 0.0024782750188023783
958.0 0.002677701741049532
959.0 0.0029854576496290974
960.0 0.0032932133763097227
961.0 0.003883473254973069
962.0 0.004473733497434296
963.0 0.004456715032574721
964.0 0.004439696203917265
965.0 0.004484897726797499
966.0 0.004530099613475613
967.0 0.004433899084688164
968.0 0.004337697828304954
969.0 0.004439984331838787
970.0 0.004542270471574739
971.0 0.004603380511980504
972.0 0.0046644898247905076
973.0 0.004678148616221733
974.0 0.0046918070438550785
975.0 0.004670361158787273
976.0 0.0046489149099215865
977.0 0.004054098826600239
978.0 0.003459282743278891
979.0 0.003185602690791711
980.0 0.002911922274506651
981.0 0.0030337700081872754
982.0 0.003155617378070019
983.0 0.002974526069010608
984.0 0.002793434941850137
985.0 0.0031504107028013095
986.0 0.003507387009449303
987.0 0.0037700483517255634
988.0 0.004032710057799704
989.0 0.004628319220500998
990.0 0.005223928019404411
991.0 0.005882177356397733
992.0 0.006540426693391055
993.0 0.00703318219166249
994.0 0.007525935507146642
995.0 0.007602227560710162
996.0 0.007678519614273682
997.0 0.007413620187435299
998.0 0.007148720760596916
999.0 0.006769990432076156
1000.0 0.006391258648363873
1001.0 0.00609647213423159
1002.0 0.005801683073514141
1003.0 0.00548726056877058
1004.0 0.005172838064027019
1005.0 0.004947254274156876
1006.0 0.004721670484286733
1007.0 0.004831855767406523
1008.0 0.004942042505717836
1009.0 0.004523590541793965
1010.0 0.004105139305465855
1011.0 0.0036684061342384666
1012.0 0.0032316733268089592
1013.0 0.0029308279408724047
1014.0 0.00262998255493585
1015.0 0.002172078166040592
1016.0 0.0017141735952463932
1017.0 0.0016493526345584542
1018.0 0.0015845320376683958
1019.0 0.0012739670637529343
1020.0 0.0009634021807869431
1021.0 0.0011523965440574102
1022.0 0.0013413910892268177
1023.0 0.0013157349712855648
1024.0 0.0012900790352432523
1025.0 0.00121898765428341
1026.0 0.0011478963642730378
1027.0 0.001409556807629997
1028.0 0.0016712170690880157
1029.0 0.001707043884380255
1030.0 0.001742870699672494
1031.0 0.001772383438947145
1032.0 0.001801896360120736
1033.0 0.0019990320652141236
1034.0 0.0021961675884085707
1035.0 0.001887806320155505
1036.0 0.001579444870003499
1037.0 0.0021703279344365
1038.0 0.0027612108169705607
1039.0 0.0022564176106243394
1040.0 0.0017516244042781182
1041.0 0.0019401284589548595
1042.0 0.0021286323317326605
1043.0 0.0021779091184725985
1044.0 0.0022271855414146557
1045.0 0.002163206045224797
1046.0 0.002099226367135998
1047.0 0.001976609564735554
1048.0 0.0018539923985372297
1049.0 0.0017637392375036143
1050.0 0.0016734858945710585
1051.0 0.00168165861396119
1052.0 0.0016898316971492022
1053.0 0.0016639234672766179
1054.0 0.001638015419302974
1055.0 0.0014083588212088216
1056.0 0.0011787022231146693
1057.0 0.0008636830898467451
1058.0 0.000548664002053556
1059.0 0.0008301186426251661
1060.0 0.0011115734196209814
1061.0 0.0009727174983709119
1062.0 0.0008338617590197828
1063.0 0.0008264784810307901
1064.0 0.000819095475890208
1065.0 0.0012927557691000402
1066.0 0.0017664162442088127
1067.0 0.001643695759412367
1068.0 0.001520975729363272
1069.0 0.001794178933778312
1070.0 0.0020673822291428223
1071.0 0.002684600985958241
1072.0 0.003301819378975779
1073.0 0.0030694362067151815
1074.0 0.0028370528525556438
1075.0 0.0025788884158828296
1076.0 0.002320724343007896
1077.0 0.0028427552024368197
1078.0 0.0033647862437646836
1079.0 0.004009446638519876
1080.0 0.004654107033275068
1081.0 0.004757013084599748
1082.0 0.004859919135924429
1083.0 0.004687948239734396
1084.0 0.0045159766159486026
1085.0 0.004332045136834495
1086.0 0.004148113657720387
1087.0 0.004046849426231347
1088.0 0.003945585194742307
1089.0 0.0042886542360065505
1090.0 0.004631722913472913
1091.0 0.0043443931645015255
1092.0 0.004057063415530138
1093.0 0.004556844578473829
1094.0 0.005056625377619639
1095.0 0.0047885681851767
1096.0 0.004520510628935881
1097.0 0.0044455417082645
1098.0 0.0043705731513909996
1099.0 0.0037803383747814223
1100.0 0.003190103598171845
