lsstCam/transmission_filter_detector/r32_s02/g_6/19700101T000000.ecsv
# %ECSV 1.0
# ---
# datatype:
# - {name: wavelength, unit: nm, datatype: float32}
# - {name: efficiency, unit: '%', datatype: float64}
# meta: !!omap
# - {MODE: DETECTOR}
# - {TYPE: transmission_filter_detector}
# - {CALIBDATE: '1970-01-01T00:00:00'}
# - {INSTRUME: LSSTCam}
# - {OBSTYPE: transmission_filter_detector}
# - {CALIBCLS: lsst.ip.isr.IntermediateFilterDetectorTransmissionCurve}
# - {SOURCE: Materion (DM-46256)}
# - {DETECTOR: 137}
# - {FILTER: g_6}
# - {CALIB_ID: 'calibDate=1970-01-01T00:00:00 filter=g_6 detector=137'}
# - {DATE: '2025-04-02T15:59:42.661785'}
# - {CALIB_CREATION_DATE: '2025-04-02'}
# - {CALIB_CREATION_TIME: '15:59:42'}
# - __serialized_columns__:
#     efficiency:
#       __class__: astropy.units.quantity.Quantity
#       unit: !astropy.units.Unit {unit: '%'}
#       value: !astropy.table.SerializedColumn {name: efficiency}
#     wavelength:
#       __class__: astropy.units.quantity.Quantity
#       unit: !astropy.units.Unit {unit: nm}
#       value: !astropy.table.SerializedColumn {name: wavelength}
# schema: astropy-2.0
wavelength efficiency
300.0 0.3485635621473193
301.0 0.299054104834795
302.0 0.24954464752227068
303.0 0.24688327684998512
304.0 0.24422192946076393
305.0 0.23430411238223314
306.0 0.22438629530370235
307.0 0.2209929283708334
308.0 0.21759953815490007
309.0 0.21163432393223047
310.0 0.20566910970956087
311.0 0.20138376858085394
312.0 0.19709840416908264
313.0 0.18859918927773833
314.0 0.18009997438639402
315.0 0.17841713270172477
316.0 0.17673431430011988
317.0 0.17407778650522232
318.0 0.17142125871032476
319.0 0.16152525786310434
320.0 0.15162924537435174
321.0 0.14103681314736605
322.0 0.13044438092038035
323.0 0.11655082926154137
324.0 0.10265727760270238
325.0 0.09138302993960679
326.0 0.08010878227651119
327.0 0.07273113005794585
328.0 0.0653534778393805
329.0 0.062165415147319436
330.0 0.05897735827602446
331.0 0.05457631777971983
332.0 0.0501752772834152
333.0 0.04687676264438778
334.0 0.04357824509497732
335.0 0.041954219341278076
336.0 0.04033019067719579
337.0 0.04042101791128516
338.0 0.04051184223499149
339.0 0.03999958862550557
340.0 0.03948733501601964
341.0 0.03744507557712495
342.0 0.035402816138230264
343.0 0.03249795117881149
344.0 0.029593089129775763
345.0 0.026240554871037602
346.0 0.02288802497787401
347.0 0.020986798335798085
348.0 0.01908557169372216
349.0 0.01759664446581155
350.0 0.3888679901137948
351.0 1.1044299229979515
352.0 0.3979600500315428
353.0 0.9668539278209209
354.0 0.35550284665077925
355.0 0.869328249245882
356.0 0.4186565987765789
357.0 1.0143770836293697
358.0 0.45916750095784664
359.0 0.8881446905434132
360.0 0.31539187766611576
361.0 0.9535682387650013
362.0 0.23745549842715263
363.0 0.87931789457798
364.0 0.26907012797892094
365.0 0.7373510394245386
366.0 0.2717444906011224
367.0 0.7609129417687654
368.0 0.2872858429327607
369.0 0.6416820455342531
370.0 0.21002944558858871
371.0 0.6287867203354836
372.0 0.25989862624555826
373.0 0.6042995024472475
374.0 0.2529921941459179
375.0 0.6266827695071697
376.0 0.21971410606056452
377.0 0.5274041090160608
378.0 0.24432919453829527
379.0 0.5756005179136992
380.0 0.2942238235846162
381.0 0.5526765715330839
382.0 0.5834235809743404
383.0 0.5641953088343143
384.0 0.5516529083251953
385.0 0.6624881643801928
386.0 0.6382383406162262
387.0 0.7760487962514162
388.0 0.9312414564192295
389.0 1.2725616805255413
390.0 1.8020717427134514
391.0 2.7345824986696243
392.0 4.367293789982796
393.0 7.001832127571106
394.0 10.49664244055748
395.0 15.324461460113525
396.0 21.202102303504944
397.0 28.498315811157227
398.0 37.11269795894623
399.0 46.4925616979599
400.0 56.06292486190796
401.0 65.099036693573
402.0 73.48094582557678
403.0 80.63302040100098
404.0 85.96311211585999
405.0 89.98780846595764
406.0 92.2610342502594
407.0 94.13602948188782
408.0 95.19684910774231
409.0 95.73472738265991
410.0 95.91566920280457
411.0 95.68888545036316
412.0 95.31587958335876
413.0 95.05269527435303
414.0 94.9262022972107
415.0 95.14533281326294
416.0 95.48144936561584
417.0 95.87758779525757
418.0 96.40997648239136
419.0 97.01375961303711
420.0 97.52811789512634
421.0 98.09343218803406
422.0 98.22527766227722
423.0 98.37151765823364
424.0 98.14104437828064
425.0 98.08738231658936
426.0 98.0355441570282
427.0 98.00512790679932
428.0 97.79374599456787
429.0 97.58192300796509
430.0 97.4177360534668
431.0 97.38805294036865
432.0 97.44240641593933
433.0 97.5269079208374
434.0 97.59964942932129
435.0 97.777259349823
436.0 97.77175784111023
437.0 97.78431057929993
438.0 97.90979027748108
439.0 97.99908995628357
440.0 97.92340993881226
441.0 98.04584383964539
442.0 98.04043173789978
443.0 98.0284333229065
444.0 97.93745279312134
445.0 97.64914512634277
446.0 97.58884310722351
447.0 97.40703105926514
448.0 97.49040603637695
449.0 97.74824976921082
450.0 98.08565974235535
451.0 98.24609160423279
452.0 98.43300580978394
453.0 98.50187301635742
454.0 98.55765104293823
455.0 98.72962832450867
456.0 98.78239035606384
457.0 98.9948034286499
458.0 98.96976351737976
459.0 99.05996918678284
460.0 99.09520745277405
461.0 99.25205707550049
462.0 99.13111329078674
463.0 99.0713894367218
464.0 99.19318556785583
465.0 99.12858009338379
466.0 99.12511110305786
467.0 99.10215735435486
468.0 99.12570714950562
469.0 99.19408559799194
470.0 99.07042384147644
471.0 98.8888144493103
472.0 99.00962710380554
473.0 98.84126782417297
474.0 98.6530601978302
475.0 98.78755211830139
476.0 98.74446988105774
477.0 98.81914854049683
478.0 98.87259602546692
479.0 98.83140921592712
480.0 98.9990770816803
481.0 99.06707406044006
482.0 99.22896027565002
483.0 99.11451935768127
484.0 99.29219484329224
485.0 99.35281276702881
486.0 99.38452243804932
487.0 99.34989213943481
488.0 99.31986331939697
489.0 99.44260120391846
490.0 99.36085939407349
491.0 99.38991665840149
492.0 99.27055835723877
493.0 99.252849817276
494.0 99.20079708099365
495.0 99.3034839630127
496.0 99.09314513206482
497.0 98.9850401878357
498.0 98.82320761680603
499.0 98.85246157646179
500.0 98.82495403289795
501.0 98.78426194190979
502.0 98.667973279953
503.0 98.84472489356995
504.0 98.64194989204407
505.0 98.6875057220459
506.0 98.71007204055786
507.0 98.71349334716797
508.0 98.64013195037842
509.0 98.66037368774414
510.0 98.62506985664368
511.0 98.5762894153595
512.0 98.53675365447998
513.0 98.59314560890198
514.0 98.57776761054993
515.0 98.59867691993713
516.0 98.70322942733765
517.0 98.73082637786865
518.0 98.7680971622467
519.0 98.76455664634705
520.0 98.83034229278564
521.0 98.98266792297363
522.0 98.99942874908447
523.0 98.97009134292603
524.0 99.02878999710083
525.0 98.98947477340698
526.0 99.10554885864258
527.0 99.09991025924683
528.0 99.200439453125
529.0 99.28260445594788
530.0 99.33252334594727
531.0 99.43393468856812
532.0 99.27571415901184
533.0 99.27589893341064
534.0 99.26203489303589
535.0 99.04730916023254
536.0 98.63103032112122
537.0 98.01782369613647
538.0 97.09147810935974
539.0 95.58640718460083
540.0 93.66919994354248
541.0 90.83240032196045
542.0 87.78542280197144
543.0 83.9179277420044
544.0 79.10534143447876
545.0 74.85570311546326
546.0 69.80721950531006
547.0 65.16203284263611
548.0 60.627901554107666
549.0 56.59869909286499
550.0 53.42787504196167
551.0 50.423359870910645
552.0 48.055967688560486
553.0 45.552241802215576
554.0 42.525237798690796
555.0 39.149245619773865
556.0 34.685975313186646
557.0 29.584380984306335
558.0 24.094875156879425
559.0 18.792162835597992
560.0 13.774284720420837
561.0 9.225266426801682
562.0 5.8252885937690735
563.0 3.3808477222919464
564.0 1.8243221566081047
565.0 0.7608520798385143
566.0 0.4781661555171013
567.0 0.22624880075454712
568.0 0.16295600216835737
569.0 0.08028416777960956
570.0 0.08375793695449829
571.0 0.038084585685282946
572.0 0.06079665035940707
573.0 0.03016790433321148
574.0 0.055046414490789175
575.0 0.025335128884762526
576.0 0.04126487183384597
577.0 0.012985301145818084
578.0 0.03577933239284903
579.0 0.01807334047043696
580.0 0.03453622339293361
581.0 0.014717203157488257
582.0 0.027237460017204285
583.0 0.017850901349447668
584.0 0.028676236979663372
585.0 0.014384435780812055
586.0 0.029897451167926192
587.0 0.01669284247327596
588.0 0.025926443049684167
589.0 0.009454805694986135
590.0 0.022343610180541873
591.0 0.009330343164037913
592.0 0.026239376165904105
593.0 0.005801247971248813
594.0 0.024366423895116895
595.0 0.005434948616311885
596.0 0.021052377996966243
597.0 0.008569368947064504
598.0 0.02227991499239579
599.0 0.0073185037763323635
600.0 0.02442043914925307
601.0 0.002267062882310711
602.0 0.0020489547750912607
603.0 0.0018308464859728701
604.0 0.0017814294551499188
605.0 0.001732012242428027
606.0 0.0018741962776402943
607.0 0.0020163803128525615
608.0 0.0019309329218231142
609.0 0.0018454851669957861
610.0 0.001972832797036972
611.0 0.002100180608977098
612.0 0.0018577529772301205
613.0 0.0016153251635842025
614.0 0.0016240150216617621
615.0 0.0016327052435372025
616.0 0.0015128285667742603
617.0 0.001392951890011318
618.0 0.0015946894563967362
619.0 0.0017964272046810947
620.0 0.0016124320609378628
621.0 0.0014284368262451608
622.0 0.0015141810763452668
623.0 0.0015999252354959026
624.0 0.0015113257177290507
625.0 0.0014227264728106093
626.0 0.0014624961295339745
627.0 0.0015022657862573396
628.0 0.0014499230928777251
629.0 0.0013975802175991703
630.0 0.0013456681699608453
631.0 0.0012937561223225202
632.0 0.0012830732885049656
633.0 0.0012723905456368811
634.0 0.0013359122021938674
635.0 0.0013994337678013835
636.0 0.0014161392755340785
637.0 0.0014328447832667734
638.0 0.0012786385013896506
639.0 0.0011244320376135875
640.0 0.0012087188224541023
641.0 0.0012930054253956769
642.0 0.0012214612070238218
643.0 0.0011499169886519667
644.0 0.0011276993973297067
645.0 0.0011054818060074467
646.0 0.0012559555216284934
647.0 0.0014064293281990103
648.0 0.0013497818144969642
649.0 0.001293134209845448
650.0 0.0011905212886631489
651.0 0.00108790845843032
652.0 0.0010900354936893564
653.0 0.001092162619897863
654.0 0.0009895447874441743
655.0 0.0008869272278388962
656.0 0.0009811327799980063
657.0 0.0010753385140560567
658.0 0.001096168580261292
659.0 0.0011169988283654675
660.0 0.001079981757357018
661.0 0.0010429646863485686
662.0 0.0010174266208196059
663.0 0.0009918885552906431
664.0 0.0010220364856650122
665.0 0.0010521845069888514
666.0 0.001075824457075214
667.0 0.0010994641343131661
668.0 0.0011332263056829106
669.0 0.001166988386103185
670.0 0.0011655734851956367
671.0 0.001164158220490208
672.0 0.0012292988685658202
673.0 0.0012944396985403728
674.0 0.0011966379133809824
675.0 0.0010988359463226516
676.0 0.0010814951565407682
677.0 0.0010641540939104743
678.0 0.001018854345602449
679.0 0.0009735546882438939
680.0 0.0009666434380051214
681.0 0.0009597324606147595
682.0 0.0009300681995227933
683.0 0.0009004039384308271
684.0 0.0009093369953916408
685.0 0.0009182700523524545
686.0 0.0009908427273330744
687.0 0.0010634153113642242
688.0 0.0010782731806102674
689.0 0.0010931308679573704
690.0 0.0011059172720706556
691.0 0.001118703767133411
692.0 0.0011438616638770327
693.0 0.0011690196515701246
694.0 0.0011786160939664114
695.0 0.0011882124454132281
696.0 0.0011755139894376043
697.0 0.0011628155334619805
698.0 0.001126109782489948
699.0 0.001089403758669505
700.0 0.0011991233805019874
701.0 0.0013088429113849998
702.0 0.0013302269508130848
703.0 0.00135161099024117
704.0 0.001262589285033755
705.0 0.0011735672160284594
706.0 0.00111920080598793
707.0 0.0010648342140484601
708.0 0.0010586071766738314
709.0 0.0010523802302486729
710.0 0.0010965906767523848
711.0 0.001140801305155037
712.0 0.0012407705071382225
713.0 0.0013407396181719378
714.0 0.0012827898899558932
715.0 0.0012248401617398486
716.0 0.00137986144181923
717.0 0.0015348827218986116
718.0 0.0017928417946677655
719.0 0.0020508008674369194
720.0 0.0018173146600020118
721.0 0.001583828270668164
722.0 0.0016180187230929732
723.0 0.0016522091755177826
724.0 0.0018514238036004826
725.0 0.0020506382497842424
726.0 0.0020531704649329185
727.0 0.0020557024981826544
728.0 0.002112792390107643
729.0 0.002169882100133691
730.0 0.002211991886724718
731.0 0.002254101673315745
732.0 0.001971345227502752
733.0 0.0016885887816897593
734.0 0.0014572749932995066
735.0 0.0012259608411113732
736.0 0.0011319329132675193
737.0 0.0010379048944741953
738.0 0.0009999123903980944
739.0 0.0009619202501198743
740.0 0.0009023275197250769
741.0 0.0008427346074313391
742.0 0.0009235526704287622
743.0 0.0010043708243756555
744.0 0.000912959330889862
745.0 0.0008215480193030089
746.0 0.0007541815193690127
747.0 0.0006868150649097515
748.0 0.0008276528205897193
749.0 0.0009684905307949521
750.0 0.0009355209840578027
751.0 0.0009025515282701235
752.0 0.0008590450306655839
753.0 0.0008155384421115741
754.0 0.000774134423409123
755.0 0.0007327303592319367
756.0 0.0007339198873523856
757.0 0.0007351094154728344
758.0 0.0007717163498455193
759.0 0.0008083234206424095
760.0 0.0008519239599991124
761.0 0.0008955242265074048
762.0 0.0007969377293193247
763.0 0.0006983512776059797
764.0 0.000718557066647918
765.0 0.0007387630375887966
766.0 0.0008120910024445038
767.0 0.000885418921825476
768.0 0.0007667216777917929
769.0 0.00064802452470758
770.0 0.0006873735856061103
771.0 0.0007267226010299055
772.0 0.000636195500192116
773.0 0.0005456683084048564
774.0 0.0005665461685566697
775.0 0.0005874240741832182
776.0 0.0006516727808048017
777.0 0.0007159213964769151
778.0 0.0006688328994641779
779.0 0.0006217443569767056
780.0 0.0006638901595579227
781.0 0.0007060358711896697
782.0 0.0006592183126485907
783.0 0.0006124006631580414
784.0 0.0004740737949759932
785.0 0.000335746926793945
786.0 0.0002788384108498576
787.0 0.00022192987216840265
788.0 0.00024319992917298805
789.0 0.0002644699634402059
790.0 0.0004587423518387368
791.0 0.0006530146492877975
792.0 0.0005293322828947566
793.0 0.0004056498710269807
794.0 0.0004090919901500456
795.0 0.00041253406379837543
796.0 0.00034459196740499465
797.0 0.0002766498937489814
798.0 0.000379485982193728
799.0 0.0004823220933758421
800.0 0.0004612933935277397
801.0 0.00044026473915437236
802.0 0.00043243753680144437
803.0 0.00042461047087272163
804.0 0.0005031256478105206
805.0 0.0005816407792735845
806.0 0.0005053662334830733
807.0 0.00042909159674309194
808.0 0.0004507393441599561
809.0 0.00047238713705155533
810.0 0.0004090167294634739
811.0 0.0003456462991380249
812.0 0.00041164084905176423
813.0 0.0004776354671776062
814.0 0.000496348229717114
815.0 0.000515061083206092
816.0 0.0006087319434300298
817.0 0.0007024028491287027
818.0 0.0005779922958026873
819.0 0.00045358165152720176
820.0 0.00046239738367148675
821.0 0.00047121311581577174
822.0 0.0005393423634814098
823.0 0.0006074714747228427
824.0 0.0005050989784649573
825.0 0.0004027264367323369
826.0 0.0004370802798803197
827.0 0.00047143416850303765
828.0 0.00038170228435774334
829.0 0.000291970400212449
830.0 0.0004153755071456544
831.0 0.0005387805231293896
832.0 0.0005530118869501166
833.0 0.0005672432052961085
834.0 0.00042550645957817324
835.0 0.00028376975933497306
836.0 0.0004405859272083035
837.0 0.0005974021860311041
838.0 0.0006858244432805805
839.0 0.0007742467460047919
840.0 0.0007102496510924539
841.0 0.0006462525561801158
842.0 0.000603831449552672
843.0 0.0005614102065010229
844.0 0.0004897194685327122
845.0 0.0004180287760391366
846.0 0.0003439744432398584
847.0 0.0002699201104405802
848.0 0.0003198013246219489
849.0 0.0003696824478538474
850.0 0.0004204438027954893
851.0 0.00047120511226239614
852.0 0.00041785378925851546
853.0 0.0003645024207798997
854.0 0.00043695431486412417
855.0 0.0005094062089483486
856.0 0.00048238316594506614
857.0 0.0004553601684165187
858.0 0.00043851050577359274
859.0 0.00042166088860540185
860.0 0.00045575302465294953
861.0 0.0004898451152257621
862.0 0.0005940098617429612
863.0 0.0006981745627854252
864.0 0.0005031467935623368
865.0 0.0003081189106524107
866.0 0.00046571130951633677
867.0 0.0006233036401681602
868.0 0.0005498941845871741
869.0 0.0004764846835314529
870.0 0.00041169482756231446
871.0 0.0003469050170679111
872.0 0.0005179793333809357
873.0 0.0006890536951686954
874.0 0.0005923321623413358
875.0 0.0004956105840392411
876.0 0.0004975799583917251
877.0 0.0004995494236936793
878.0 0.0005566540494328365
879.0 0.0006137585842225235
880.0 0.0006978694727877155
881.0 0.0007819804523023777
882.0 0.0005782186690339586
883.0 0.00037445681755343685
884.0 0.0004483765223994851
885.0 0.0005222961590334307
886.0 0.0005623162905976642
887.0 0.0006023364676366327
888.0 0.0005913527729717316
889.0 0.0005803690328320954
890.0 0.0005581975074164802
891.0 0.00053602593652613
892.0 0.0006287954875006108
893.0 0.0007215652203740319
894.0 0.0005488569968292722
895.0 0.00037614881875924766
896.0 0.0004266496944183018
897.0 0.00047715057007735595
898.0 0.0004224370059091598
899.0 0.0003677234872156987
900.0 0.00033573519431229215
901.0 0.00030374692414625315
902.0 0.0003663576080725761
903.0 0.0004289683147362666
904.0 0.00041090102058660705
905.0 0.0003928336809622124
