lsstCam/transmission_filter_detector/r32_s02/g_6/19700101T000000.ecsv
# %ECSV 1.0
# ---
# datatype:
# - {name: wavelength, unit: nm, datatype: float32}
# - {name: efficiency, unit: '%', datatype: float64}
# meta: !!omap
# - {MODE: DETECTOR}
# - {TYPE: transmission_filter_detector}
# - {CALIBDATE: '1970-01-01T00:00:00'}
# - {INSTRUME: LSSTCam}
# - {OBSTYPE: transmission_filter_detector}
# - {CALIBCLS: lsst.ip.isr.IntermediateFilterDetectorTransmissionCurve}
# - {SOURCE: Materion (DM-46256)}
# - {DETECTOR: 137}
# - {FILTER: g_6}
# - {CALIB_ID: 'calibDate=1970-01-01T00:00:00 filter=g_6 detector=137'}
# - {DATE: '2025-04-02T15:59:42.661785'}
# - {CALIB_CREATION_DATE: '2025-04-02'}
# - {CALIB_CREATION_TIME: '15:59:42'}
# - __serialized_columns__:
#     efficiency:
#       __class__: astropy.units.quantity.Quantity
#       unit: !astropy.units.Unit {unit: '%'}
#       value: !astropy.table.SerializedColumn {name: efficiency}
#     wavelength:
#       __class__: astropy.units.quantity.Quantity
#       unit: !astropy.units.Unit {unit: nm}
#       value: !astropy.table.SerializedColumn {name: wavelength}
# schema: astropy-2.0
wavelength efficiency
[from data line 607]
907.0 0.0004639921371563105
908.0 0.00045268125177244656
909.0 0.0004413703663885826
910.0 0.0004481467385630822
911.0 0.00045492306526284665
912.0 0.0004475498371903086
913.0 0.0004401765636430355
914.0 0.0005318673174770083
915.0 0.0006235580713109812
916.0 0.0004481878477236023
917.0 0.0002728176923483261
918.0 0.00041631706153566483
919.0 0.000559816407985636
920.0 0.0005600265012617456
921.0 0.0005602365945378551
922.0 0.00047201374400174245
923.0 0.00038379093894036487
924.0 0.00038016778489691205
925.0 0.0003765446081160917
926.0 0.00041829366637102794
927.0 0.00046004274736333173
928.0 0.0005778838385595009
929.0 0.0006957250207051402
930.0 0.0005992967544443673
931.0 0.000502868351759389
932.0 0.0005611803317151498
933.0 0.0006194923571456457
934.0 0.0006027524250384886
935.0 0.0005860124474565964
936.0 0.0005368828169594053
937.0 0.0004877533228864195
938.0 0.00048544798119110055
939.0 0.000483142821394722
940.0 0.0005827530003443826
941.0 0.0006823631792940432
942.0 0.000687388819642365
943.0 0.0006924144145159516
944.0 0.0007497866590711055
945.0 0.0008071589036262594
946.0 0.0009902109013637528
947.0 0.0011732630810001865
948.0 0.000877935417520348
949.0 0.0005826078449899796
950.0 0.0006514792403322645
951.0 0.0007203506811492844
952.0 0.0008442918442597147
953.0 0.0009682328709459398
954.0 0.0009691309060144704
955.0 0.0009700288501335308
956.0 0.000858841940498678
957.0 0.0007476550308638252
958.0 0.0007405988526443252
959.0 0.0007335426744248252
960.0 0.0007711918442510068
961.0 0.0008088410140771884
962.0 0.0007114208074199269
963.0 0.0006140006007626653
964.0 0.0005990887984808069
965.0 0.0005841768143000081
966.0 0.0006427134394471068
967.0 0.0007012500645942055
968.0 0.0007368141723418375
969.0 0.0007723782800894696
970.0 0.0007136064596124925
971.0 0.0006548345936607802
972.0 0.000795230153016746
973.0 0.0009356256668979768
974.0 0.0008853205144987442
975.0 0.0008350153620995115
976.0 0.0008623559551779181
977.0 0.0008896964573068544
978.0 0.0009089670129469596
979.0 0.0009282376595365349
980.0 0.0009857923942035995
981.0 0.0010433471288706642
982.0 0.0011050039574911352
983.0 0.0011666608770610765
984.0 0.0012072251593053807
985.0 0.0012477894415496849
986.0 0.0012597602108144201
987.0 0.0012717309800791554
988.0 0.0012794185749953613
989.0 0.001287106078962097
990.0 0.0013217063496995252
991.0 0.0013563066204369534
992.0 0.0012881486327387393
993.0 0.0012199907359899953
994.0 0.0012775067261827644
995.0 0.001335022989223944
996.0 0.0013476221283781342
997.0 0.0013602211765828542
998.0 0.001254008020623587
999.0 0.00114779495561379
1000.0 0.0011631481356744189
1001.0 0.0011785011338361073
1002.0 0.0012900923138658982
1003.0 0.001401683493895689
1004.0 0.0013783848771709017
1005.0 0.0013550863513955846
1006.0 0.0014456546523433644
1007.0 0.0015362227713922039
1008.0 0.0015608000467182137
1009.0 0.0015853773220442235
1010.0 0.0015864206943660975
1011.0 0.0015874640666879714
1012.0 0.0016871683328645304
1013.0 0.0017868722352432087
1014.0 0.002082690116367303
1015.0 0.0023785078155924566
1016.0 0.002579139436420519
1017.0 0.002779770875349641
1018.0 0.0029822405849699862
1019.0 0.0031847106583882123
1020.0 0.003406178075238131
1021.0 0.0036276454920880497
1022.0 0.0037081423215568066
1023.0 0.0037886391510255635
1024.0 0.004018843901576474
1025.0 0.004249048652127385
1026.0 0.004536346750683151
1027.0 0.004823644849238917
1028.0 0.005028227315051481
1029.0 0.0052328105084598064
1030.0 0.005205158231547102
1031.0 0.0051775055908365175
1032.0 0.005401892485679127
1033.0 0.005626278652925976
1034.0 0.005657649671775289
1035.0 0.005689020326826721
1036.0 0.005769454583059996
1037.0 0.005849888475495391
1038.0 0.005849420267622918
1039.0 0.005848952059750445
1040.0 0.00601590181759093
1041.0 0.006182851939229295
1042.0 0.0064336578361690044
1043.0 0.006684464460704476
1044.0 0.0072632014052942395
1045.0 0.007841939077479765
1046.0 0.00874081306392327
1047.0 0.009639687050366774
1048.0 0.010730715439422056
1049.0 0.0118217445560731
1050.0 0.014086235023569316
1051.0 0.01635072403587401
1052.0 0.019885579240508378
1053.0 0.023420434445142746
1054.0 0.02836250641848892
1055.0 0.033304578391835093
1056.0 0.03966815420426428
1057.0 0.04603172419592738
1058.0 0.053960533114150167
1059.0 0.06188934203237295
1060.0 0.07074804161675274
1061.0 0.07960674120113254
1062.0 0.08813434978947043
1063.0 0.09666193509474397
1064.0 0.10470626875758171
1065.0 0.11275057913735509
1066.0 0.12074531987309456
1067.0 0.1287400722503662
1068.0 0.13729484053328633
1069.0 0.14584962045773864
1070.0 0.15482616145163774
1071.0 0.1638026791624725
1072.0 0.17217104323208332
1073.0 0.18053939566016197
1074.0 0.18986539216712117
1075.0 0.19919138867408037
1076.0 0.20962909329682589
1077.0 0.22006682120263577
1078.0 0.23043279070407152
1079.0 0.2407987369224429
1080.0 0.2563938032835722
1081.0 0.2719888696447015
1082.0 0.29626707546412945
1083.0 0.3205453045666218
1084.0 0.3636163892224431
1085.0 0.4066874273121357
1086.0 0.4458236042410135
1087.0 0.4849597346037626
1088.0 0.5441449582576752
1089.0 0.603330135345459
1090.0 0.6860089488327503
1091.0 0.7686878554522991
1092.0 0.8208749815821648
1093.0 0.8730622939765453
1094.0 0.9279766120016575
1095.0 0.9828911162912846
1096.0 1.0564230382442474
1097.0 1.1299548670649529
1098.0 1.2558047659695148
1099.0 1.3816548511385918
1100.0 1.578887365758419
1101.0 1.7761196941137314
