lsstCam/transmission_filter_detector/r30_s20/i_39/19700101T000000.ecsv
# %ECSV 1.0
# ---
# datatype:
# - {name: wavelength, unit: nm, datatype: float32}
# - {name: efficiency, unit: '%', datatype: float64}
# meta: !!omap
# - {MODE: DETECTOR}
# - {TYPE: transmission_filter_detector}
# - {CALIBDATE: '1970-01-01T00:00:00'}
# - {INSTRUME: LSSTCam}
# - {OBSTYPE: transmission_filter_detector}
# - {CALIBCLS: lsst.ip.isr.IntermediateFilterDetectorTransmissionCurve}
# - {SOURCE: Materion (DM-46256)}
# - {DETECTOR: 123}
# - {FILTER: i_39}
# - {CALIB_ID: 'calibDate=1970-01-01T00:00:00 filter=i_39 detector=123'}
# - {DATE: '2025-04-02T15:59:47.049793'}
# - {CALIB_CREATION_DATE: '2025-04-02'}
# - {CALIB_CREATION_TIME: '15:59:47'}
# - __serialized_columns__:
#     efficiency:
#       __class__: astropy.units.quantity.Quantity
#       unit: !astropy.units.Unit {unit: '%'}
#       value: !astropy.table.SerializedColumn {name: efficiency}
#     wavelength:
#       __class__: astropy.units.quantity.Quantity
#       unit: !astropy.units.Unit {unit: nm}
#       value: !astropy.table.SerializedColumn {name: wavelength}
# schema: astropy-2.0
wavelength efficiency
[from data line 598]
898.0 0.00015513697917413083
899.0 2.3837367280066246e-05
900.0 2.6922973399290395e-10
901.0 2.6922973399290395e-10
902.0 1.7767382587408065e-05
903.0 2.6922973399290395e-10
904.0 2.6922973399290395e-10
905.0 2.6922973399290395e-10
906.0 2.6922973399290395e-10
907.0 2.6922973399290395e-10
908.0 2.6922973399290395e-10
909.0 2.6922973399290395e-10
910.0 2.6922973399290395e-10
911.0 2.6922973399290395e-10
912.0 2.6922973399290395e-10
913.0 2.6922973399290395e-10
914.0 5.289377327244438e-05
915.0 5.5286983524638345e-05
916.0 5.7680216514199856e-05
917.0 2.6922973399290395e-10
918.0 2.6922973399290395e-10
919.0 2.6922973399290395e-10
920.0 0.00010075779073304147
921.0 2.6922973399290395e-10
922.0 2.6922973399290395e-10
923.0 2.6922973399290395e-10
924.0 1.5843349387978378e-05
925.0 0.0001288921566811041
926.0 0.00024194093839469133
927.0 4.510440376748193e-06
928.0 2.6922973399290395e-10
929.0 2.6922973399290395e-10
930.0 2.6922973399290395e-10
931.0 2.6922973399290395e-10
932.0 0.00012906782558275154
933.0 2.6922973399290395e-10
934.0 2.6922973399290395e-10
935.0 2.6922973399290395e-10
936.0 2.6922973399290395e-10
937.0 9.05621675428847e-06
938.0 0.00019220681224396685
939.0 4.4376906771503855e-05
940.0 2.6922973399290395e-10
941.0 8.872341368260095e-05
942.0 0.00028089978059142595
943.0 0.0001303530211771431
944.0 2.6922973399290395e-10
945.0 2.6922973399290395e-10
946.0 2.6922973399290395e-10
947.0 9.922666777129052e-05
948.0 0.00023793900254531763
949.0 5.4870781696081394e-05
950.0 2.6922973399290395e-10
951.0 4.946042508890969e-05
952.0 0.00022711828933097422
953.0 3.442393108343822e-05
954.0 2.6922973399290395e-10
955.0 2.6922973399290395e-10
956.0 8.940675115809427e-05
957.0 0.00010158578334085178
958.0 0.00011376486099834437
959.0 0.00023619172679900657
960.0 0.00035861864944308763
961.0 0.0002638883870531572
962.0 0.00016915810192585923
963.0 9.970245855583926e-05
964.0 3.0246823712332116e-05
965.0 2.6922973399290395e-10
966.0 2.6922973399290395e-10
967.0 2.6922973399290395e-10
968.0 2.6922973399290395e-10
969.0 2.6922973399290395e-10
970.0 2.6922973399290395e-10
971.0 2.6922973399290395e-10
972.0 2.6922973399290395e-10
973.0 3.407038775549154e-05
974.0 7.528757350883097e-05
975.0 0.0001803980808290362
976.0 0.0002855085995179252
977.0 0.00012796356259059394
978.0 2.6922973399290395e-10
979.0 2.6922973399290395e-10
980.0 2.6922973399290395e-10
981.0 2.6922973399290395e-10
982.0 2.6922973399290395e-10
983.0 2.6922973399290395e-10
984.0 2.6922973399290395e-10
985.0 2.6922973399290395e-10
986.0 2.6922973399290395e-10
987.0 2.6922973399290395e-10
988.0 2.6922973399290395e-10
989.0 4.145144032463577e-05
990.0 0.00011840560318887583
991.0 0.00014228471627575345
992.0 0.00016616385209999862
993.0 0.00016602124333076063
994.0 0.0001658786118241551
995.0 0.00021494174688996281
996.0 0.0002640048478497192
997.0 0.00021393539100245107
998.0 0.00016386592278649914
999.0 0.00015016811403256725
1000.0 0.00013647025980390026
1001.0 0.00015924925946819712
1002.0 0.00018202825913249399
1003.0 0.00023809964204701828
1004.0 0.0002941710590675939
1005.0 0.00020206812223477755
1006.0 0.00010996526498274761
1007.0 0.00014597694644180592
1008.0 0.00018198867337559932
1009.0 0.00016838894225656986
1010.0 0.00015478912018807023
1011.0 0.00013232024684839416
1012.0 0.00010985135077135055
1013.0 0.0002370758238612325
1014.0 0.00036430033105716575
1015.0 0.00025487609036645154
1016.0 0.0001454518951504724
1017.0 0.0002382158982072724
1018.0 0.00033097992400143994
1019.0 0.00031551549000141677
1020.0 0.0003000511014761287
1021.0 0.00018452875565344584
1022.0 6.900647804286564e-05
1023.0 0.00014437706568060094
1024.0 0.00021974765331833623
1025.0 0.00044574203457159456
1026.0 0.0006717365522490581
1027.0 0.0007190283668023767
1028.0 0.0007663201358809602
1029.0 0.001131829139922047
1030.0 0.001497338143963134
1031.0 0.001735275327519048
1032.0 0.0019732122382265516
1033.0 0.002260226938233245
1034.0 0.0025472410925431177
1035.0 0.002791716542560607
1036.0 0.0030361914468812756
1037.0 0.0031798259442439303
1038.0 0.0033234602597076446
1039.0 0.0030795938073424622
1040.0 0.002835726991179399
1041.0 0.002516384483897127
1042.0 0.0021970419766148552
1043.0 0.0021341484170989133
1044.0 0.002071255221380852
1045.0 0.0026180121494689956
1046.0 0.00316476944135502
1047.0 0.0034724624129012227
1048.0 0.003780155020649545
1049.0 0.0032420994102722034
1050.0 0.002704043436096981
1051.0 0.0026010444344137795
1052.0 0.0024980456146295182
1053.0 0.002345004213566426
1054.0 0.0021919629944022745
1055.0 0.0014668640687887091
1056.0 0.0007417651431751437
1057.0 0.0010554528671491425
1058.0 0.001369140954921022
1059.0 0.0009045063961821143
1060.0 0.0004398720648168819
1061.0 0.001150672324001789
1062.0 0.0018614728105603717
1063.0 0.002064553518721368
1064.0 0.0022676340449834242
1065.0 0.0023012278688838705
1066.0 0.0023348220565821975
1067.0 0.0032143245334737003
1068.0 0.0040938277379609644
1069.0 0.004363520929473452
1070.0 0.004633215212379582
1071.0 0.004002890636911616
1072.0 0.0033725660614436492
1073.0 0.002626743480504956
1074.0 0.0018809205357683823
1075.0 0.0018244441889692098
1076.0 0.001767967660271097
1077.0 0.0021515405023819767
1078.0 0.002535113162593916
1079.0 0.00259653552348027
1080.0 0.0026579577024676837
1081.0 0.0025510114937787876
1082.0 0.0024440654669888318
1083.0 0.0022914964574738406
1084.0 0.0021389274479588494
1085.0 0.0013495106031768955
1086.0 0.000560093894819147
1087.0 0.0011249331691942643
1088.0 0.0016897727618925273
1089.0 0.0008011239515326452
1090.0 2.6922973399290395e-10
1091.0 0.0004035523488710169
1092.0 0.0008946291927713901
1093.0 2.6922973399290395e-10
1094.0 2.6922973399290395e-10
1095.0 2.6922973399290395e-10
1096.0 0.0005356424480851274
1097.0 0.0004164470283285482
1098.0 0.00029725138119829353
1099.0 0.000964353239396587
1100.0 0.0016314546883222647
