lsstCam/transmission_filter_detector/r30_s20/i_39/19700101T000000.ecsv
# %ECSV 1.0
# ---
# datatype:
# - {name: wavelength, unit: nm, datatype: float32}
# - {name: efficiency, unit: '%', datatype: float64}
# meta: !!omap
# - {MODE: DETECTOR}
# - {TYPE: transmission_filter_detector}
# - {CALIBDATE: '1970-01-01T00:00:00'}
# - {INSTRUME: LSSTCam}
# - {OBSTYPE: transmission_filter_detector}
# - {CALIBCLS: lsst.ip.isr.IntermediateFilterDetectorTransmissionCurve}
# - {SOURCE: Materion (DM-46256)}
# - {DETECTOR: 123}
# - {FILTER: i_39}
# - {CALIB_ID: 'calibDate=1970-01-01T00:00:00 filter=i_39 detector=123'}
# - {DATE: '2025-04-02T15:59:47.049793'}
# - {CALIB_CREATION_DATE: '2025-04-02'}
# - {CALIB_CREATION_TIME: '15:59:47'}
# - __serialized_columns__:
#     efficiency:
#       __class__: astropy.units.quantity.Quantity
#       unit: !astropy.units.Unit {unit: '%'}
#       value: !astropy.table.SerializedColumn {name: efficiency}
#     wavelength:
#       __class__: astropy.units.quantity.Quantity
#       unit: !astropy.units.Unit {unit: nm}
#       value: !astropy.table.SerializedColumn {name: wavelength}
# schema: astropy-2.0
wavelength efficiency
300.0 2.6922973399290395e-10
301.0 0.005379938738769852
302.0 0.012735772179439664
303.0 0.011471212928881869
304.0 0.010206660226685926
305.0 0.01480157661717385
306.0 0.019396492280066013
307.0 0.018558862211648375
308.0 0.017721226322464645
309.0 0.01220418416778557
310.0 0.006687143468298018
311.0 2.6922973399290395e-10
312.0 2.6922973399290395e-10
313.0 2.6922973399290395e-10
314.0 2.6922973399290395e-10
315.0 2.6922973399290395e-10
316.0 2.6922973399290395e-10
317.0 2.6922973399290395e-10
318.0 2.6922973399290395e-10
319.0 0.0010716335054894444
320.0 0.005331862121238373
321.0 0.0019176526620867662
322.0 2.6922973399290395e-10
323.0 2.1300463615148146e-06
324.0 0.0015008163245511241
325.0 0.0018414039004710503
326.0 0.002181992749683559
327.0 0.0006249026228033472
328.0 2.6922973399290395e-10
329.0 0.0005411400252341991
330.0 0.0020144678273936734
331.0 0.0022758062186767347
332.0 0.002537144064262975
333.0 0.0020231564121786505
334.0 0.0015091692148416769
335.0 0.0022637754227616824
336.0 0.003018381175934337
337.0 0.0028826278139604256
338.0 0.0027468742700875737
339.0 0.0007350605301326141
340.0 2.6922973399290395e-10
341.0 2.6922973399290395e-10
342.0 2.6922973399290395e-10
343.0 2.6922973399290395e-10
344.0 2.6922973399290395e-10
345.0 0.0007300649485841859
346.0 0.0017619910067878664
347.0 0.0004567856649373425
348.0 2.6922973399290395e-10
349.0 2.6922973399290395e-10
350.0 0.00062208264353103
351.0 8.058771072683157e-05
352.0 2.6922973399290395e-10
353.0 0.0001385529458275414
354.0 0.0007380133865808602
355.0 0.0010915912753262091
356.0 0.0014451688912231475
357.0 2.6922973399290395e-10
358.0 2.6922973399290395e-10
359.0 2.6922973399290395e-10
360.0 0.000521674564879504
361.0 0.0005352274456527084
362.0 0.000548780417375383
363.0 0.00019551400782802375
364.0 2.6922973399290395e-10
365.0 0.0005062349373474717
366.0 0.001170222276414279
367.0 0.0002896575324484729
368.0 2.6922973399290395e-10
369.0 2.6922973399290395e-10
370.0 2.6922973399290395e-10
371.0 2.6922973399290395e-10
372.0 2.6922973399290395e-10
373.0 2.6922973399290395e-10
374.0 0.00011657966751954518
375.0 0.0002815674179146299
376.0 0.00044655521378444973
377.0 0.0005872867404832505
378.0 0.0007280182217073161
379.0 0.0007056754839140922
380.0 0.0006833325187471928
381.0 0.00029432699193421286
382.0 2.6922973399290395e-10
383.0 0.00022558467662747717
384.0 0.0005458477517095162
385.0 0.0006869839580758708
386.0 0.000828120482765371
387.0 0.00044670214265352115
388.0 6.528372296088492e-05
389.0 2.455613810070645e-05
390.0 2.6922973399290395e-10
391.0 2.6922973399290395e-10
392.0 2.6922973399290395e-10
393.0 0.00028875222142232815
394.0 0.0008264077223429922
395.0 0.0011751835700124502
396.0 0.001523959326732438
397.0 0.0010065084097732324
398.0 0.0004890573563898215
399.0 0.0018137108781957068
400.0 0.003138363899779506
401.0 0.004230363629176281
402.0 0.005322360811987892
403.0 0.0041526825953042135
404.0 0.002983001286338549
405.0 0.002189355654991232
406.0 0.0013957101145933848
407.0 0.0025299608751083724
408.0 0.003664211180876009
409.0 0.0027935859179706313
410.0 0.0019229601093684323
411.0 0.00242962905758759
412.0 0.002936298187705688
413.0 0.0028498245228547603
414.0 0.0027633510399027728
415.0 0.004359818194643594
416.0 0.005956285895081237
417.0 0.0061113081756047904
418.0 0.0062663297285325825
419.0 0.00484561242046766
420.0 0.003424895112402737
421.0 0.0043225398258073255
422.0 0.0052201838116161525
423.0 0.005107389370095916
424.0 0.00499459529237356
425.0 0.005475460056914017
426.0 0.0059563251852523535
427.0 0.0057403784012421966
428.0 0.00552443198102992
429.0 0.004248203185852617
430.0 0.0029719753001700155
431.0 0.003936119173886254
432.0 0.004900262865703553
433.0 0.004316311242291704
434.0 0.0037323599826777354
435.0 0.0030659488402307034
436.0 0.0023995378796826117
437.0 0.001564480407978408
438.0 0.0007294229362742044
439.0 0.0013613618648378178
440.0 0.0019933007934014313
441.0 0.0008282925591629464
442.0 2.6922973399290395e-10
443.0 0.0006645353096246254
444.0 0.0016657862943247892
445.0 0.0012052910278725903
446.0 0.000744795488571981
447.0 0.0007604424354212824
448.0 0.0007760891094221734
449.0 0.0006696099717373727
450.0 0.0005631305612041615
451.0 0.0007000206551310839
452.0 0.0008369110219064169
453.0 0.0005361109288060106
454.0 0.00023531113129138248
455.0 0.00025785318484849995
456.0 0.0002803951701935148
457.0 0.00021786468096252065
458.0 0.00015533402120126993
459.0 0.00018007953030974022
460.0 0.0002048250053121592
461.0 0.0005059238901594654
462.0 0.0008070228432188742
463.0 0.0006210635547176935
464.0 0.0004351041297923075
465.0 0.0002496681872798945
466.0 6.42325574062852e-05
467.0 9.363558319819276e-05
468.0 0.00012303851235628827
469.0 0.0004035156962345354
470.0 0.0006839930392743554
471.0 0.000456255475000944
472.0 0.0002285181835759431
473.0 9.062984531738039e-05
474.0 2.6922973399290395e-10
475.0 0.0002562400595707004
476.0 0.0005597383733402239
477.0 0.0005800060080218827
478.0 0.0006002735517540714
479.0 0.0010807403668877669
480.0 0.0015612073184456676
481.0 0.0015339555829996243
482.0 0.0015067041204019915
483.0 0.002789412064885255
484.0 0.004072119190823287
485.0 0.004412948328536004
486.0 0.004753776374855079
487.0 0.00671464076731354
488.0 0.00867550479597412
489.0 0.013476607273332775
490.0 0.018277709023095667
491.0 0.023907031572889537
492.0 0.02953635703306645
493.0 0.03237346245441586
494.0 0.035210567875765264
495.0 0.032244238536804914
496.0 0.029277909197844565
497.0 0.022161423112265766
498.0 0.015044937026686966
499.0 0.011299369361950085
500.0 0.0075537995144259185
501.0 0.005021791730541736
502.0 0.0024897810362745076
503.0 0.001861047712736763
504.0 0.001232314662047429
505.0 0.0013724631571676582
506.0 0.0015126113794394769
507.0 0.001912677544169128
508.0 0.002312743163201958
509.0 0.0026412049919599667
510.0 0.002969666456920095
511.0 0.002429094456601888
512.0 0.0018885226381826214
513.0 0.0019204790078219958
514.0 0.0019524355593603104
515.0 0.002045724068011623
516.0 0.0021390127585618757
517.0 0.0021730362277594395
518.0 0.002207060060754884
519.0 0.0017592985386727378
520.0 0.0013115371984895319
521.0 0.0015579567843815312
522.0 0.0018043765521724708
523.0 0.0020097364540561102
524.0 0.0022150963559397496
525.0 0.0023429493012372404
526.0 0.0024708024284336716
527.0 0.0031870320526650175
528.0 0.003903261313098483
529.0 0.004117851131013595
530.0 0.004332440221332945
531.0 0.0037857273127883673
532.0 0.0032390158594353124
533.0 0.0022941268980503082
534.0 0.0013492382095137145
535.0 0.00161032221512869
536.0 0.0018714061297941953
537.0 0.0021658614059560932
538.0 0.0024603168640169315
539.0 0.0031187191780190915
540.0 0.003777121673920192
541.0 0.0043567019019974396
542.0 0.004936282130074687
543.0 0.005140464782016352
544.0 0.005344647433958016
545.0 0.004733017340186052
546.0 0.004121387610211968
547.0 0.002932531788246706
548.0 0.0017436761481803842
549.0 0.0017333133655483834
550.0 0.0017229505829163827
551.0 0.0015407658793265
552.0 0.001358580993837677
553.0 0.0018580889445729554
554.0 0.002357597077207174
555.0 0.001963757495104801
556.0 0.0015699182768003084
557.0 0.001102907299355138
558.0 0.0006358962309604976
559.0 0.0006091730938351247
560.0 0.0005824499567097519
561.0 0.00076576088758884
562.0 0.0009490716365689877
563.0 0.0013885541193303652
564.0 0.0018280363292433321
565.0 0.0015494875697186217
566.0 0.0012709390830423217
567.0 0.0013983729331812356
568.0 0.0015258066923706792
569.0 0.001224591051141033
570.0 0.0009233754099113867
571.0 0.0007163019290601369
572.0 0.0005092284936836222
573.0 0.00048771103138278704
574.0 0.00046619356908195186
575.0 0.0003876575192407472
576.0 0.00030912146939954255
577.0 0.00037861316286580404
578.0 0.00044810485633206554
579.0 0.0003917169578926405
580.0 0.000335329082190583
581.0 0.00031872561976342695
582.0 0.0003021221118615358
583.0 0.000202081173483748
584.0 0.00010204020099990885
585.0 0.00027421376671554754
586.0 0.00044638727558776736
587.0 0.0003595567932279664
588.0 0.000272726333605533
589.0 0.0005343261364032514
590.0 0.0007959260074130725
591.0 0.0007072450443956768
592.0 0.000618564035903546
593.0 0.0006306383966148132
594.0 0.0006427128028008156
595.0 0.0004777320100401994
596.0 0.00031275119454221567
597.0 0.0002758286882453831
598.0 0.0002389061819485505
599.0 0.00030973460525274277
600.0 0.00038056309676903766
601.0 0.0004416207957547158
602.0 0.0005026786766393343
603.0 0.0003000383912876714
604.0 9.739821962284623e-05
605.0 0.0001809369791772042
606.0 0.00026447569325682707
607.0 0.00026104173684871057
608.0 0.000257607734965859
609.0 0.00026655673082132125
610.0 0.0002755057266767835
611.0 0.00039366764212900307
612.0 0.0005118295121064875
613.0 0.00041947519093810115
614.0 0.0003271209379818174
615.0 0.00042647243390092626
616.0 0.0005258239525574027
617.0 0.00038372299968614243
618.0 0.00024162209228961729
619.0 0.00010041709401775734
620.0 2.6922973399290395e-10
621.0 0.00016945468814810738
622.0 0.0003796972350755823
623.0 0.00032376128729083575
624.0 0.00026782540771819185
625.0 0.0003270344450356788
626.0 0.00038624348235316575
627.0 0.00036993203593738144
628.0 0.00035362058952159714
629.0 0.0004378169251140207
630.0 0.0005220131697569741
631.0 0.000504147192259552
632.0 0.00048628103286318947
633.0 0.00037843967675144086
634.0 0.0002705983433770598
635.0 0.0003543804041328258
636.0 0.00043816248762595933
637.0 0.000274905528385716
638.0 0.00011164847819600254
639.0 0.00018533477259552456
640.0 0.0002590211352071492
641.0 0.0005354586846806342
642.0 0.0008118961886793841
643.0 0.0006976697022764711
644.0 0.0005834429430251475
645.0 0.0006886385563120712
646.0 0.0007938341695989948
647.0 0.0008666572284710128
648.0 0.0009394800144946203
649.0 0.0009205821697833017
650.0 0.0009016842341225129
651.0 0.0009356787813885603
652.0 0.0009696733286546078
653.0 0.0009507122740615159
654.0 0.0009317512194684241
655.0 0.0010738235687313136
656.0 0.0012158956451457925
657.0 0.002074022631859407
658.0 0.0029321498004719615
659.0 0.00478270449093543
660.0 0.07691119099035859
661.0 0.17358565237373114
662.0 0.05617545102722943
663.0 0.1200389233417809
664.0 0.13425503857433796
665.0 0.06422001169994473
666.0 0.08438685326837003
667.0 0.16755183460190892
668.0 0.14636669075116515
669.0 0.16469480469822884
670.0 0.3141301916912198
671.0 0.39195772260427475
672.0 0.6042296066880226
673.0 0.9565507061779499
674.0 1.4660646207630634
675.0 2.3144016042351723
676.0 3.3380210399627686
677.0 4.6294718980789185
678.0 6.037468463182449
679.0 7.418052107095718
680.0 9.21349823474884
681.0 11.232107132673264
682.0 13.822534680366516
683.0 16.689477860927582
684.0 19.832023978233337
685.0 22.85284996032715
686.0 26.01093053817749
687.0 29.281538724899292
688.0 32.49254822731018
689.0 35.55174767971039
690.0 38.94832730293274
691.0 42.64810383319855
692.0 47.12388515472412
693.0 51.97284817695618
694.0 57.45351314544678
695.0 62.96021342277527
696.0 69.23632025718689
697.0 74.76743459701538
698.0 80.97355961799622
699.0 85.79040169715881
700.0 89.66812491416931
701.0 92.88370609283447
702.0 95.10994553565979
703.0 96.4729368686676
704.0 97.18818664550781
705.0 97.7541983127594
706.0 97.89116382598877
707.0 98.0225920677185
708.0 98.10884594917297
709.0 98.18356037139893
710.0 97.94032573699951
711.0 98.13364148139954
712.0 97.9331374168396
713.0 98.03663492202759
714.0 98.08312058448792
715.0 98.23520183563232
716.0 98.06914925575256
717.0 98.30052256584167
718.0 98.40098023414612
719.0 98.2902467250824
720.0 98.5441505908966
721.0 98.47248196601868
722.0 98.18506836891174
723.0 98.00943732261658
724.0 97.6405918598175
725.0 97.319895029068
726.0 96.98482155799866
727.0 96.73699140548706
728.0 96.41784429550171
729.0 96.30661010742188
730.0 96.31754755973816
731.0 96.34289741516113
732.0 96.54077887535095
733.0 96.82955741882324
734.0 97.2411572933197
735.0 97.44617342948914
736.0 97.91320562362671
737.0 98.26636910438538
738.0 98.42515587806702
739.0 98.76258969306946
740.0 98.97330403327942
741.0 98.76933097839355
742.0 99.03770685195923
743.0 98.90139698982239
744.0 98.7683355808258
745.0 98.66660833358765
746.0 98.53465557098389
747.0 98.83960485458374
748.0 98.70622754096985
749.0 98.58130812644958
750.0 98.60443472862244
751.0 98.577219247818
752.0 98.46773147583008
753.0 98.69912266731262
754.0 98.58466386795044
755.0 98.69492053985596
756.0 98.7769067287445
757.0 98.72820377349854
758.0 98.92590641975403
759.0 98.89528751373291
760.0 98.71450066566467
761.0 98.66069555282593
762.0 98.6750841140747
763.0 98.57101440429688
764.0 98.33733439445496
765.0 98.38767647743225
766.0 98.41120839118958
767.0 98.28036427497864
768.0 98.31050038337708
769.0 98.38698506355286
770.0 98.25220704078674
771.0 98.28745722770691
772.0 98.40832948684692
773.0 98.36247563362122
774.0 98.27966094017029
775.0 98.3150839805603
776.0 98.17605018615723
777.0 98.24367761611938
778.0 98.20746779441833
779.0 98.15182089805603
780.0 97.9943573474884
781.0 98.21224808692932
782.0 98.03701639175415
783.0 98.04094433784485
784.0 97.99662232398987
785.0 98.16365242004395
786.0 98.31898808479309
787.0 98.01501035690308
788.0 98.11574816703796
789.0 98.17337989807129
790.0 98.10250401496887
791.0 98.16164374351501
792.0 98.05640578269958
793.0 98.09533357620239
794.0 98.05041551589966
795.0 98.04332256317139
796.0 98.14478754997253
797.0 98.322993516922
798.0 98.33902716636658
799.0 98.08347225189209
800.0 97.93546795845032
801.0 98.01840782165527
802.0 97.97036647796631
803.0 97.65714406967163
804.0 97.5918173789978
805.0 97.26902842521667
806.0 97.08070755004883
807.0 96.63513898849487
808.0 96.11870646476746
809.0 95.29632329940796
810.0 94.42839622497559
811.0 93.07026267051697
812.0 91.33740067481995
813.0 89.19172286987305
814.0 86.73262000083923
815.0 83.61951112747192
816.0 80.33387064933777
817.0 76.41037702560425
818.0 71.82133197784424
819.0 67.5758421421051
820.0 62.54892349243164
821.0 57.81807899475098
822.0 53.22408676147461
823.0 48.425936698913574
824.0 43.79074573516846
825.0 39.421483874320984
826.0 34.88304018974304
827.0 30.0777405500412
828.0 25.76284110546112
829.0 21.50922119617462
830.0 17.013470828533173
831.0 13.530178368091583
832.0 9.871871769428253
833.0 6.890869140625
834.0 4.584352299571037
835.0 2.916576527059078
836.0 1.7479617148637772
837.0 0.9904136881232262
838.0 0.5475831683725119
839.0 0.32718435395509005
840.0 0.20878983195871115
841.0 0.10979975340887904
842.0 0.06809026817791164
843.0 0.06843635346740484
844.0 0.02020724059548229
845.0 0.017661412130109966
846.0 2.6922973399290395e-10
847.0 2.6922973399290395e-10
848.0 2.6922973399290395e-10
849.0 2.6922973399290395e-10
850.0 2.6922973399290395e-10
851.0 0.0017227635908056982
852.0 0.002722235512919724
853.0 0.0011160996109538246
854.0 2.6922973399290395e-10
855.0 2.6357844262747676e-05
856.0 0.0005427517407952109
857.0 0.000640746748103993
858.0 0.0007387418008875102
859.0 0.0004944729880662635
860.0 0.00025020424345711945
861.0 0.00019059064015891636
862.0 0.00013097700275466195
863.0 9.340740803054359e-05
864.0 5.583783035945089e-05
865.0 0.0001424495962965011
866.0 0.0002290613338118419
867.0 0.00011434868838477996
868.0 2.6922973399290395e-10
869.0 0.00010178480351896724
870.0 0.00020393356408021646
871.0 0.00014811533901593066
872.0 9.229706847690977e-05
873.0 0.00018056790622722474
874.0 0.00026883872124017216
875.0 0.00018254606857226463
876.0 9.625343864172464e-05
877.0 0.00011987518746536807
878.0 0.00014349694765769527
879.0 2.700698189528339e-05
880.0 2.6922973399290395e-10
881.0 4.529325394742045e-05
882.0 0.00018006948039328563
883.0 4.3143222683283966e-05
884.0 2.6922973399290395e-10
885.0 5.350197511688748e-05
886.0 0.00020078691704839002
887.0 9.050950211531017e-05
888.0 2.6922973399290395e-10
889.0 2.089685011696929e-05
890.0 6.156168410598184e-05
891.0 2.6922973399290395e-10
892.0 2.6922973399290395e-10
893.0 2.6922973399290395e-10
894.0 2.6922973399290395e-10
895.0 7.786652531649452e-05
896.0 0.0001751083118506358
