lsstCam/transmission_filter_detector/r40_sg1/u_24/19700101T000000.ecsv
# %ECSV 1.0
# ---
# datatype:
# - {name: wavelength, unit: nm, datatype: float32}
# - {name: efficiency, unit: '%', datatype: float64}
# meta: !!omap
# - {MODE: DETECTOR}
# - {TYPE: transmission_filter_detector}
# - {CALIBDATE: '1970-01-01T00:00:00'}
# - {INSTRUME: LSSTCam}
# - {OBSTYPE: transmission_filter_detector}
# - {CALIBCLS: lsst.ip.isr.IntermediateFilterDetectorTransmissionCurve}
# - {SOURCE: Materion (DM-46256)}
# - {DETECTOR: 198}
# - {FILTER: u_24}
# - {CALIB_ID: 'calibDate=1970-01-01T00:00:00 filter=u_24 detector=198'}
# - {DATE: '2025-04-02T15:59:40.668913'}
# - {CALIB_CREATION_DATE: '2025-04-02'}
# - {CALIB_CREATION_TIME: '15:59:40'}
# - __serialized_columns__:
#     efficiency:
#       __class__: astropy.units.quantity.Quantity
#       unit: !astropy.units.Unit {unit: '%'}
#       value: !astropy.table.SerializedColumn {name: efficiency}
#     wavelength:
#       __class__: astropy.units.quantity.Quantity
#       unit: !astropy.units.Unit {unit: nm}
#       value: !astropy.table.SerializedColumn {name: wavelength}
# schema: astropy-2.0
wavelength efficiency
[from data line 582]
877.0 0.002925099033745937
878.0 0.0030818740924587473
879.0 0.0032356962037738413
880.0 0.0033895179512910545
881.0 0.003431774166529067
882.0 0.0034740303817670792
883.0 0.0033544438338140026
884.0 0.003234857285860926
885.0 0.0032379826734540984
886.0 0.003241108061047271
887.0 0.0030481516660074703
888.0 0.002855194907169789
889.0 0.0030135381166473962
890.0 0.0031718813261250034
891.0 0.0030990737286629155
892.0 0.0030262655855040066
893.0 0.0030697297916049138
894.0 0.0031131941796047613
895.0 0.0034857275750255212
896.0 0.003858260970446281
897.0 0.003833614755421877
898.0 0.0038089685403974727
899.0 0.0039036316593410447
900.0 0.0039982951420824975
901.0 0.004235920278006233
902.0 0.004473545050132088
903.0 0.004830690158996731
904.0 0.005187835267861374
905.0 0.005101148781250231
906.0 0.005014462294639088
907.0 0.0053876432502875105
908.0 0.005760824569733813
909.0 0.005655460699927062
910.0 0.00555009683012031
911.0 0.005548057742998935
912.0 0.00554601865587756
913.0 0.00553001300431788
914.0 0.00551400771655608
915.0 0.005240369864623062
916.0 0.004966732012690045
917.0 0.0047926372644724324
918.0 0.004618542152456939
919.0 0.004850832556257956
920.0 0.005083122960058972
921.0 0.0051310809794813395
922.0 0.005179039362701587
923.0 0.005366711047827266
924.0 0.005554383096750826
925.0 0.006188745464896783
926.0 0.006823107833042741
927.0 0.007076378824422136
928.0 0.007329648360610008
929.0 0.007512445154134184
930.0 0.007695243402849883
931.0 0.007637876842636615
932.0 0.007580510282423347
933.0 0.00752350824768655
934.0 0.007466506212949753
935.0 0.007450128759955987
936.0 0.007433751306962222
937.0 0.0069772817369084805
938.0 0.006520813622046262
939.0 0.006338462117128074
940.0 0.006156109884614125
941.0 0.005819181387778372
942.0 0.005482251799548976
943.0 0.004970621012034826
944.0 0.004458989860722795
945.0 0.003915136039722711
946.0 0.003371281491126865
947.0 0.0030661616619909182
948.0 0.002761041650956031
949.0 0.0020458763174246997
950.0 0.001330710801994428
951.0 0.0014274979548645206
952.0 0.0015242851986840833
953.0 0.001585241625434719
954.0 0.0016461979612358846
955.0 0.0018654853192856535
956.0 0.002084772495436482
957.0 0.0022235724827623926
958.0 0.002362372470088303
959.0 0.0028781181754311547
960.0 0.003393864244571887
961.0 0.003804297375609167
962.0 0.004214730142848566
963.0 0.004411180634633638
964.0 0.00460763112641871
965.0 0.005082293137093075
966.0 0.005556954783969559
967.0 0.005122262518852949
968.0 0.004687569889938459
969.0 0.0048008805606514215
970.0 0.004914191231364384
971.0 0.004958002318744548
972.0 0.005001813406124711
973.0 0.004894247467746027
974.0 0.004786681529367343
975.0 0.004711865403805859
976.0 0.004637049278244376
977.0 0.004279300992493518
978.0 0.003921552706742659
979.0 0.003778154859901406
980.0 0.0036347570130601525
981.0 0.0034147939004469663
982.0 0.0031948311516316608
983.0 0.003095877036685124
984.0 0.0029969234674354084
985.0 0.003173625736963004
986.0 0.003350327824591659
987.0 0.0038946818676777184
988.0 0.004439034819370136
989.0 0.005084212534711696
990.0 0.005729390250053257
991.0 0.006600411143153906
992.0 0.007471432036254555
993.0 0.008016515494091436
994.0 0.008561599679524079
995.0 0.008589925710111856
996.0 0.008618251740699634
997.0 0.008231899846578017
998.0 0.007845547224860638
999.0 0.007329235813813284
1000.0 0.006812926585553214
1001.0 0.006311559263849631
1002.0 0.0058101937611354515
1003.0 0.005352924927137792
1004.0 0.004895656093140133
1005.0 0.004780110248248093
1006.0 0.004664564039558172
1007.0 0.004828866440220736
1008.0 0.004993168477085419
1009.0 0.004777289359481074
1010.0 0.0045614106056746095
1011.0 0.004100143632967956
1012.0 0.0036388762964634225
1013.0 0.003328634920762852
1014.0 0.003018393545062281
1015.0 0.002482907621015329
1016.0 0.0019474216969683766
1017.0 0.0021007163013564423
1018.0 0.002254010905744508
1019.0 0.001950091973412782
1020.0 0.0016461734048789367
1021.0 0.0015813087884453125
1022.0 0.0015164444448600989
1023.0 0.0015860799976508133
1024.0 0.0016557154594920576
1025.0 0.0015159706890699454
1026.0 0.0013762261005467735
1027.0 0.0018262589946971275
1028.0 0.002276292070746422
1029.0 0.002177200440200977
1030.0 0.0020781088096555322
1031.0 0.0021048335838713683
1032.0 0.002131558721885085
1033.0 0.0021553350961767137
1034.0 0.0021791116523672827
1035.0 0.002258205677208025
1036.0 0.0023372997020487674
1037.0 0.0021583296984317712
1038.0 0.001979359694814775
1039.0 0.002689257962629199
1040.0 0.0033991564123425633
1041.0 0.0027379952371120453
1042.0 0.0020768340618815273
1043.0 0.002518398468964733
1044.0 0.002959962876047939
1045.0 0.0025054318030015565
1046.0 0.0020509005480562337
1047.0 0.002299868720001541
1048.0 0.002548836710047908
1049.0 0.0021241019567241892
1050.0 0.00169936702150153
1051.0 0.0017086471416405402
1052.0 0.0017179272617795505
1053.0 0.0013924610357207712
1054.0 0.001066994809661992
1055.0 0.0017171993022202514
1056.0 0.0023674036128795706
1057.0 0.00213785042433301
1058.0 0.0019082977814832702
1059.0 0.0019400766177568585
1060.0 0.0019718554540304467
1061.0 0.0016958278138190508
1062.0 0.0014198003555065952
1063.0 0.0020010660591651686
1064.0 0.0025823315809248015
1065.0 0.0015272869859472848
1066.0 0.0004722423454950331
1067.0 0.0007357023150689201
1068.0 0.0009991625120164827
1069.0 0.0009508828043180984
1070.0 0.000902603096619714
1071.0 0.002166128979297355
1072.0 0.0034296546800760552
1073.0 0.003314732384751551
1074.0 0.003199810817022808
1075.0 0.0034709391911746934
1076.0 0.003742067565326579
1077.0 0.004155358328716829
1078.0 0.00456864909210708
1079.0 0.00480523012811318
1080.0 0.005041811527917162
1081.0 0.005592888919636607
1082.0 0.006143966311356053
1083.0 0.005249488822300918
1084.0 0.004355011697043665
1085.0 0.00442454002040904
1086.0 0.004494069071370177
1087.0 0.004797136352863163
1088.0 0.005100203998154029
1089.0 0.005138628694112413
1090.0 0.005177053390070796
1091.0 0.0031953732104739174
1092.0 0.001213692576129688
1093.0 0.003194921009708196
1094.0 0.005176149716135114
1095.0 0.0028800172003684565
1096.0 0.0005838832294102758
1097.0 0.0019420825992710888
1098.0 0.003300280513940379
1099.0 0.004420504774316214
1100.0 0.005540728307096288
