lsstCam/transmission_filter_detector/r40_sg1/u_24/19700101T000000.ecsv
# %ECSV 1.0
# ---
# datatype:
# - {name: wavelength, unit: nm, datatype: float32}
# - {name: efficiency, unit: '%', datatype: float64}
# meta: !!omap
# - {MODE: DETECTOR}
# - {TYPE: transmission_filter_detector}
# - {CALIBDATE: '1970-01-01T00:00:00'}
# - {INSTRUME: LSSTCam}
# - {OBSTYPE: transmission_filter_detector}
# - {CALIBCLS: lsst.ip.isr.IntermediateFilterDetectorTransmissionCurve}
# - {SOURCE: Materion (DM-46256)}
# - {DETECTOR: 198}
# - {FILTER: u_24}
# - {CALIB_ID: 'calibDate=1970-01-01T00:00:00 filter=u_24 detector=198'}
# - {DATE: '2025-04-02T15:59:40.668913'}
# - {CALIB_CREATION_DATE: '2025-04-02'}
# - {CALIB_CREATION_TIME: '15:59:40'}
# - __serialized_columns__:
#     efficiency:
#       __class__: astropy.units.quantity.Quantity
#       unit: !astropy.units.Unit {unit: '%'}
#       value: !astropy.table.SerializedColumn {name: efficiency}
#     wavelength:
#       __class__: astropy.units.quantity.Quantity
#       unit: !astropy.units.Unit {unit: nm}
#       value: !astropy.table.SerializedColumn {name: wavelength}
# schema: astropy-2.0
wavelength efficiency
295.0 1.6608260990438883e-10
296.0 1.6608260990438883e-10
297.0 1.6608260990438883e-10
298.0 1.6608260990438883e-10
299.0 1.6608260990438883e-10
300.0 1.6608260990438883e-10
301.0 1.6608260990438883e-10
302.0 1.6608260990438883e-10
303.0 1.6608260990438883e-10
304.0 0.1866185455583036
305.0 1.0293605737388134
306.0 2.3389266803860664
307.0 4.133547097444534
308.0 6.885318458080292
309.0 10.197275131940842
310.0 13.947159051895142
311.0 17.80056655406952
312.0 21.560686826705933
313.0 24.57047551870346
314.0 27.44194269180298
315.0 29.85643446445465
316.0 32.14275538921356
317.0 35.06358563899994
318.0 38.34251165390015
319.0 42.70176589488983
320.0 48.77095818519592
321.0 54.40981984138489
322.0 60.218119621276855
323.0 65.4042899608612
324.0 69.33887004852295
325.0 72.01054692268372
326.0 74.2771863937378
327.0 75.9900152683258
328.0 77.66032814979553
329.0 79.06712889671326
330.0 80.19272089004517
331.0 80.62107563018799
332.0 80.95402717590332
333.0 80.9538722038269
334.0 80.96784949302673
335.0 81.29324913024902
336.0 81.68377876281738
337.0 82.25700259208679
338.0 83.2640528678894
339.0 83.75961780548096
340.0 84.06665325164795
341.0 84.5166802406311
342.0 84.8652720451355
343.0 84.68868136405945
344.0 84.98521447181702
345.0 85.40809750556946
346.0 85.75002551078796
347.0 86.11971139907837
348.0 86.41488552093506
349.0 86.59173250198364
350.0 86.53268218040466
351.0 86.80238127708435
352.0 86.72484159469604
353.0 86.70079112052917
354.0 86.62553429603577
355.0 86.83759570121765
356.0 86.95715665817261
357.0 86.81032657623291
358.0 86.42675280570984
359.0 86.16868853569031
360.0 85.93966364860535
361.0 85.70652604103088
362.0 85.58134436607361
363.0 85.7249915599823
364.0 85.87253093719482
365.0 86.25077605247498
366.0 86.57655119895935
367.0 86.6397500038147
368.0 86.78377866744995
369.0 86.80859208106995
370.0 86.73855662345886
371.0 86.62394285202026
372.0 86.68732643127441
373.0 86.91661357879639
374.0 86.95510625839233
375.0 87.31126189231873
376.0 87.47349977493286
377.0 87.57537603378296
378.0 87.63611316680908
379.0 87.2434139251709
380.0 86.33304238319397
381.0 84.8240613937378
382.0 82.8768789768219
383.0 80.76523542404175
384.0 78.687983751297
385.0 76.21142864227295
386.0 73.49562048912048
387.0 69.90388631820679
388.0 66.20550751686096
389.0 61.7068350315094
390.0 57.375818490982056
391.0 53.090399503707886
392.0 48.725661635398865
393.0 45.11211812496185
394.0 41.7049914598465
395.0 37.75653839111328
396.0 33.447372913360596
397.0 27.55558490753174
398.0 21.04797214269638
399.0 14.11658227443695
400.0 8.29918459057808
401.0 4.118556901812553
402.0 1.5268073417246342
403.0 0.518460851162672
404.0 0.20815818570554256
405.0 0.09826013119891286
406.0 0.03738849482033402
407.0 0.013447855599224567
408.0 1.6608260990438883e-10
409.0 1.6608260990438883e-10
410.0 1.6608260990438883e-10
411.0 1.6608260990438883e-10
412.0 1.6608260990438883e-10
413.0 1.6608260990438883e-10
414.0 1.6608260990438883e-10
415.0 1.6608260990438883e-10
416.0 1.6608260990438883e-10
417.0 1.6608260990438883e-10
418.0 1.6608260990438883e-10
419.0 1.6608260990438883e-10
420.0 1.6608260990438883e-10
421.0 1.6608260990438883e-10
422.0 1.6608260990438883e-10
423.0 1.6608260990438883e-10
424.0 1.6608260990438883e-10
425.0 1.6608260990438883e-10
426.0 1.6608260990438883e-10
427.0 0.0002446968665026361
428.0 0.000947592798183905
429.0 3.553067813300004e-05
430.0 1.6608260990438883e-10
431.0 1.6608260990438883e-10
432.0 1.6608260990438883e-10
433.0 1.6608260990438883e-10
434.0 1.6608260990438883e-10
435.0 1.6608260990438883e-10
436.0 1.6608260990438883e-10
437.0 1.6608260990438883e-10
438.0 1.6608260990438883e-10
439.0 1.6608260990438883e-10
440.0 1.6608260990438883e-10
441.0 1.6608260990438883e-10
442.0 1.6608260990438883e-10
443.0 1.6608260990438883e-10
444.0 1.6608260990438883e-10
445.0 1.6608260990438883e-10
446.0 1.6608260990438883e-10
447.0 1.6608260990438883e-10
448.0 1.6608260990438883e-10
449.0 1.6608260990438883e-10
450.0 0.0003763206450457801
451.0 0.0003713189926202176
452.0 0.00036631704460887704
453.0 1.6608260990438883e-10
454.0 1.6608260990438883e-10
455.0 1.6608260990438883e-10
456.0 1.6608260990438883e-10
457.0 1.6608260990438883e-10
458.0 0.0013773269529337995
459.0 0.000678868582326686
460.0 1.6608260990438883e-10
461.0 1.6608260990438883e-10
462.0 1.6608260990438883e-10
463.0 1.6608260990438883e-10
464.0 1.6608260990438883e-10
465.0 0.0001139682240136608
466.0 0.0005348877948563313
467.0 0.000942959468375193
468.0 0.0013510311873687897
469.0 0.00029262278076203074
470.0 1.6608260990438883e-10
471.0 1.6608260990438883e-10
472.0 1.6608260990438883e-10
473.0 1.6608260990438883e-10
474.0 1.6608260990438883e-10
475.0 1.6608260990438883e-10
476.0 0.0004589268883137265
477.0 1.6608260990438883e-10
478.0 1.6608260990438883e-10
479.0 1.6608260990438883e-10
480.0 0.00046313120947161224
481.0 0.0007627756076544756
482.0 0.0010624201422615442
483.0 0.00048151323426282033
484.0 1.6608260990438883e-10
485.0 1.6608260990438883e-10
486.0 1.6608260990438883e-10
487.0 1.6608260990438883e-10
488.0 1.6608260990438883e-10
489.0 1.6608260990438883e-10
490.0 0.0001277247179132246
491.0 1.6608260990438883e-10
492.0 1.6608260990438883e-10
493.0 1.6608260990438883e-10
494.0 4.895248366665328e-05
495.0 1.6608260990438883e-10
496.0 1.6608260990438883e-10
497.0 1.6608260990438883e-10
498.0 1.6608260990438883e-10
499.0 1.6608260990438883e-10
500.0 1.6608260990438883e-10
501.0 1.6608260990438883e-10
502.0 1.6608260990438883e-10
503.0 0.0001226716904056957
504.0 0.0002909542445195257
505.0 1.6608260990438883e-10
506.0 1.6608260990438883e-10
507.0 1.6608260990438883e-10
508.0 0.0002261937652292545
509.0 1.6608260990438883e-10
510.0 1.6608260990438883e-10
511.0 1.6608260990438883e-10
512.0 1.6608260990438883e-10
513.0 1.6608260990438883e-10
514.0 1.6608260990438883e-10
515.0 0.00011664733392535709
516.0 0.0003452827968430938
517.0 1.6608260990438883e-10
518.0 1.6608260990438883e-10
519.0 1.6608260990438883e-10
520.0 0.0001712085918370576
521.0 1.6608260990438883e-10
522.0 1.6608260990438883e-10
523.0 1.6608260990438883e-10
524.0 1.6608260990438883e-10
525.0 1.6608260990438883e-10
526.0 1.6608260990438883e-10
527.0 1.6608260990438883e-10
528.0 1.6608260990438883e-10
529.0 1.6608260990438883e-10
530.0 9.205592164107657e-05
531.0 1.6608260990438883e-10
532.0 1.6608260990438883e-10
533.0 4.307076153509115e-05
534.0 0.000219733942685707
535.0 1.6608260990438883e-10
536.0 1.6608260990438883e-10
537.0 8.503076287524891e-05
538.0 0.0005857400992681505
539.0 0.00045035094444756396
540.0 0.00031496181236434495
541.0 0.00030753899409319274
542.0 0.000300116153084673
543.0 0.00022305173388303956
544.0 0.0001459873260500899
545.0 3.615270429691009e-05
546.0 1.6608260990438883e-10
547.0 1.6608260990438883e-10
548.0 1.6608260990438883e-10
549.0 1.6608260990438883e-10
550.0 0.000296332586913195
551.0 1.6608260990438883e-10
552.0 1.6608260990438883e-10
553.0 7.148760516884067e-06
554.0 0.000499976113133016
555.0 0.00018532837202656083
556.0 1.6608260990438883e-10
557.0 1.6608260990438883e-10
558.0 6.272984478528087e-05
559.0 6.833498673586291e-05
560.0 7.394008321170986e-05
561.0 0.00012715850061795209
562.0 0.00018037688960248488
563.0 0.00016501433037774405
564.0 0.0001496516574661655
565.0 0.0002533938868509722
566.0 0.00035713612760446267
567.0 0.00024510538878530497
568.0 0.0001330745931227284
569.0 0.00023950033209985122
570.0 0.0003459260369709227
571.0 0.0005572318514168728
572.0 0.0007685378477617633
573.0 0.0004635784534912091
574.0 0.0001586190137459198
575.0 4.066400549618265e-06
576.0 1.6608260990438883e-10
577.0 7.093272529345995e-05
578.0 0.00029235161491669714
579.0 0.00042931346797558945
580.0 0.0005662753210344817
581.0 0.0007426127012877259
582.0 0.0009189499905915
583.0 0.0009102138392336201
584.0 0.0009014774150273297
585.0 0.0006842310085630743
586.0 0.00046698469304828905
587.0 0.0003447807785050827
588.0 0.00022257690943661146
589.0 0.0005303944817569572
590.0 0.000838212054077303
591.0 0.0009205890819430351
592.0 0.001002966018859297
593.0 0.0009187305295199621
594.0 0.0008344950401806273
595.0 0.0010363733053964097
596.0 0.0012382516615616623
597.0 0.0012146458175266162
598.0 0.0011910396096936893
599.0 0.0017650218069320545
600.0 0.0023390039132209495
601.0 0.0025662309781182557
602.0 0.0027934582249145024
603.0 0.002762371877906844
604.0 0.0027312858946970664
605.0 0.0019429817257332616
606.0 0.001154677738668397
607.0 0.0009636276445235126
608.0 0.0007725774594291579
609.0 0.0007828140041965526
610.0 0.0007930502761155367
611.0 0.000694845630277996
612.0 0.00059664084801625
613.0 0.0005313588644639822
614.0 0.0004660768809117144
615.0 0.0003919227765436517
616.0 0.00031776853575138375
617.0 0.0003029283107025549
618.0 0.0002880880174416234
619.0 0.0005941014933341648
620.0 0.0009001149010146037
621.0 0.0008356134458153974
622.0 0.000771111899666721
623.0 0.0007600828666909365
624.0 0.0007490535608667415
625.0 0.0009342290468339343
626.0 0.001119404532801127
627.0 0.0011361304132151417
628.0 0.001152856566477567
629.0 0.0014588445083063561
630.0 0.0017648320863372646
631.0 0.0018724364053923637
632.0 0.001980040906346403
633.0 0.002441539618303068
634.0 0.0029030385121586733
635.0 0.002901492189266719
636.0 0.0028999456844758242
637.0 0.0025564511815900914
638.0 0.0022129564968054183
639.0 0.0017540467524668202
640.0 0.0012951372809766326
641.0 0.0011798036211985163
642.0 0.0010644702342688106
643.0 0.0004658609213947784
644.0 1.6608260990438883e-10
645.0 5.418042974270065e-05
646.0 0.00024110927370202262
647.0 0.0001496699042036198
648.0 5.8230534705216996e-05
649.0 9.163787808574853e-05
650.0 0.00012504522146628005
651.0 0.0006561943337146658
652.0 0.0011873436051246244
653.0 0.0012605262782017235
654.0 0.0013337088603293523
655.0 0.0018244460079586133
656.0 0.0023151833374868147
657.0 0.0027920259526581503
658.0 0.0032688683859305456
659.0 0.0035276225389679894
660.0 0.0037863763282075524
661.0 0.003404247763683088
662.0 0.0030221186534618028
663.0 0.0025043478672159836
664.0 0.0019865770809701644
665.0 0.0014060175089980476
666.0 0.0008254581189248711
667.0 0.0008733743925404269
668.0 0.0009212907571054529
669.0 0.000750011577110854
670.0 0.000578732397116255
671.0 0.00041077410060097463
672.0 0.00024281591777253198
673.0 0.00042475617192394566
674.0 0.0006066963578632567
675.0 0.0008628041541669518
676.0 0.001118912041420117
677.0 0.0015485167750739492
678.0 0.001978121690626722
679.0 0.0024298031348735094
680.0 0.0028814842153224163
681.0 0.004684373925556429
682.0 0.006487263453891501
683.0 0.008240326860686764
684.0 0.009993393177865073
685.0 0.010529162682360038
686.0 0.011064934369642287
687.0 0.009595759183866903
688.0 0.008126585453283042
689.0 0.006513732660096139
690.0 0.004900879503111355
691.0 0.004257146792951971
692.0 0.0036134144465904683
693.0 0.0031863430194789544
694.0 0.0027592714104685
695.0 0.0019813662220258266
696.0 0.0012034612154820934
697.0 0.0010759271390270442
698.0 0.000948393062571995
699.0 0.0007629809260834008
700.0 0.0005775686986453366
701.0 0.0006900987500557676
702.0 0.0008026287105167285
703.0 0.0008664240340294782
704.0 0.000930219357542228
705.0 0.0009362457603856456
706.0 0.0009422721632290632
707.0 0.000945147894526599
708.0 0.0009480238986725453
709.0 0.0009105938261200208
710.0 0.000873164117365377
711.0 0.000896869369171327
712.0 0.0009205746209772769
713.0 0.0008546237950213253
714.0 0.0007886730600148439
715.0 0.000731307454771013
716.0 0.0006739416676282417
717.0 0.0005504136879608268
718.0 0.00042688548091973644
719.0 0.0003486364676064113
720.0 0.00027038743155571865
721.0 0.00020606908037734684
722.0 0.0001417506950929237
723.0 0.00022658741727354936
724.0 0.0003114242645096965
725.0 0.00047671396714576986
726.0 0.0006420038062060485
727.0 0.00037440527194121387
728.0 0.00010680669220164418
729.0 0.00017352310806018068
730.0 0.00024023952391871717
731.0 0.00019987592168035917
732.0 0.00015951234217936872
733.0 0.0002994325541294529
734.0 0.00043935274334216956
735.0 0.00044771272769139614
736.0 0.00045607266656588763
737.0 0.00037572042401734507
738.0 0.0002953681814688025
739.0 0.0005736499133490724
740.0 0.0008519315997546073
741.0 0.0014126171663519926
742.0 0.001973302823898848
743.0 0.0026008116037701257
744.0 0.0032283205655403435
745.0 0.004000739500042982
746.0 0.004773158434545621
747.0 0.004611321128322743
748.0 0.0044494838220998645
749.0 0.004193838321953081
750.0 0.003938193185604177
751.0 0.003577713869162835
752.0 0.003217234552721493
753.0 0.0032247819035546854
754.0 0.003232329254387878
755.0 0.002937906901934184
756.0 0.0026434847313794307
757.0 0.0022046862795832567
758.0 0.0017658881915849634
759.0 0.0014174130228639115
760.0 0.0010689377631933894
761.0 0.0009512212272966281
762.0 0.0008335045095009264
763.0 0.0007286523668881273
764.0 0.0006238004061742686
765.0 0.0005923745447944384
766.0 0.0005609485015156679
767.0 0.0005251445600151783
768.0 0.0004893406639894238
769.0 0.0004883193469140679
770.0 0.0004872981662629172
771.0 0.0004315509613661561
772.0 0.000375803756469395
773.0 0.0005854295068274951
774.0 0.0007950550752866548
775.0 0.0007949332939460874
776.0 0.00079481151260552
777.0 0.0009160306944977492
778.0 0.001037250149238389
779.0 0.0008793684173724614
780.0 0.0007214867309812689
781.0 0.0010496304639673326
782.0 0.0013777741514786612
783.0 0.001144412271969486
784.0 0.0009110502105613705
785.0 0.0011403486496419646
786.0 0.0013696470887225587
787.0 0.0010976158591802232
788.0 0.0008255846296378877
789.0 0.0006891131761221914
790.0 0.0005526416771317599
791.0 0.000512294036525418
792.0 0.00047194648686854634
793.0 0.0007951674888317939
794.0 0.0011183881724718958
795.0 0.0008552480721846223
796.0 0.0005921078354731435
797.0 0.00018970330302181537
798.0 1.6608260990438883e-10
799.0 8.038996668346954e-06
800.0 0.00022877936771692475
801.0 5.200072337174788e-05
802.0 1.6608260990438883e-10
803.0 1.6608260990438883e-10
804.0 3.323077919503703e-05
805.0 0.0002740422587521607
806.0 0.0005148537184140878
807.0 0.0003138458851026371
808.0 0.00011283799494776758
809.0 0.00012684716921285144
810.0 0.00014085627526583266
811.0 6.03090313688881e-05
812.0 1.6608260990438883e-10
813.0 0.0001261310899280943
814.0 0.00027250043785898015
815.0 0.00040290196920977905
816.0 0.0005333034096111078
817.0 0.0003933763764507603
818.0 0.0002534493887651479
819.0 0.0001574298039486166
820.0 6.141025323813665e-05
821.0 0.0002408281488897046
822.0 0.0004202460786473239
823.0 0.0005213342319621006
824.0 0.0006224222943274071
825.0 0.00042686497181421146
826.0 0.00023130783119995613
827.0 1.6608260990438883e-10
828.0 1.6608260990438883e-10
829.0 1.6608260990438883e-10
830.0 1.6608260990438883e-10
831.0 1.6608260990438883e-10
832.0 0.00011329955214023357
833.0 3.247174618081772e-05
834.0 1.6608260990438883e-10
835.0 1.6608260990438883e-10
836.0 1.6608260990438883e-10
837.0 1.6608260990438883e-10
838.0 1.6608260990438883e-10
839.0 2.571478034951724e-05
840.0 9.389420370098378e-05
841.0 1.6608260990438883e-10
842.0 1.6608260990438883e-10
843.0 1.6608260990438883e-10
844.0 0.00032004179502109764
845.0 0.00019610415620263666
846.0 7.216655717456888e-05
847.0 0.00020435713850019965
848.0 0.0003365478050909587
849.0 0.0003314863306513871
850.0 0.0003264248107370804
851.0 0.00038136545299494173
852.0 0.0004363060725154355
853.0 0.0005456377039081417
854.0 0.000654969380775583
855.0 0.0005273915121506434
856.0 0.00039981382542464416
857.0 0.0007024836122582201
858.0 0.001005153353617061
859.0 0.0009644690180721227
860.0 0.0009237847734766547
861.0 0.0012287910976738203
862.0 0.0015337976947193965
863.0 0.00181264549610205
864.0 0.002091493661282584
865.0 0.0019121203877148218
866.0 0.0017327471141470596
867.0 0.0019572269593481906
868.0 0.0021817068045493215
869.0 0.0022353795429808088
870.0 0.0022890526452101767
871.0 0.002381889134994708
872.0 0.0024747252609813586
873.0 0.0026332103516324423
874.0 0.002791695442283526
875.0 0.0027800097086583264
