lsstCam/transmission_filter_detector/r24_s22/u_24/19700101T000000.ecsv
# %ECSV 1.0
# ---
# datatype:
# - {name: wavelength, unit: nm, datatype: float32}
# - {name: efficiency, unit: '%', datatype: float64}
# meta: !!omap
# - {MODE: DETECTOR}
# - {TYPE: transmission_filter_detector}
# - {CALIBDATE: '1970-01-01T00:00:00'}
# - {INSTRUME: LSSTCam}
# - {OBSTYPE: transmission_filter_detector}
# - {CALIBCLS: lsst.ip.isr.IntermediateFilterDetectorTransmissionCurve}
# - {SOURCE: Materion (DM-46256)}
# - {DETECTOR: 116}
# - {FILTER: u_24}
# - {CALIB_ID: 'calibDate=1970-01-01T00:00:00 filter=u_24 detector=116'}
# - {DATE: '2025-04-02T15:59:40.285752'}
# - {CALIB_CREATION_DATE: '2025-04-02'}
# - {CALIB_CREATION_TIME: '15:59:40'}
# - __serialized_columns__:
#     efficiency:
#       __class__: astropy.units.quantity.Quantity
#       unit: !astropy.units.Unit {unit: '%'}
#       value: !astropy.table.SerializedColumn {name: efficiency}
#     wavelength:
#       __class__: astropy.units.quantity.Quantity
#       unit: !astropy.units.Unit {unit: nm}
#       value: !astropy.table.SerializedColumn {name: wavelength}
# schema: astropy-2.0
wavelength efficiency
295.0 1.7057277899162893e-10
296.0 1.7057277899162893e-10
297.0 1.7057277899162893e-10
298.0 1.7057277899162893e-10
299.0 1.7057277899162893e-10
300.0 1.7057277899162893e-10
301.0 1.7057277899162893e-10
302.0 1.7057277899162893e-10
303.0 1.7057277899162893e-10
304.0 0.7040948141366243
305.0 1.4491659589111805
306.0 2.985023334622383
307.0 5.145978555083275
308.0 7.733717560768127
309.0 11.617126315832138
310.0 15.57237058877945
311.0 19.310161471366882
312.0 23.00184667110443
313.0 25.79631805419922
314.0 28.369241952896118
315.0 30.980810523033142
316.0 33.37458372116089
317.0 36.73527538776398
318.0 40.53924083709717
319.0 45.52337825298309
320.0 51.80264115333557
321.0 57.346200942993164
322.0 63.08621168136597
323.0 67.67574548721313
324.0 71.01466655731201
325.0 73.50953221321106
326.0 75.71939826011658
327.0 77.2787094116211
328.0 78.82872223854065
329.0 80.09423017501831
330.0 81.01363778114319
331.0 81.37236833572388
332.0 81.44421577453613
333.0 81.71145915985107
334.0 81.69602155685425
335.0 82.16931223869324
336.0 82.71779417991638
337.0 83.47495794296265
338.0 84.24913287162781
339.0 84.72627997398376
340.0 85.01362800598145
341.0 85.48606038093567
342.0 85.598623752594
343.0 85.69973111152649
344.0 85.86080074310303
345.0 86.39317750930786
346.0 86.73474788665771
347.0 87.04888224601746
348.0 87.28485703468323
349.0 87.45086193084717
350.0 87.4830424785614
351.0 87.65926361083984
352.0 87.58624196052551
353.0 87.63089776039124
354.0 87.52703070640564
355.0 87.67645955085754
356.0 87.76731491088867
357.0 87.60416507720947
358.0 87.15901374816895
359.0 86.86513304710388
360.0 86.67553067207336
361.0 86.51759028434753
362.0 86.37799024581909
363.0 86.57848238945007
364.0 86.81215047836304
365.0 87.20433115959167
366.0 87.49901056289673
367.0 87.53620386123657
368.0 87.59004473686218
369.0 87.71860599517822
370.0 87.66926527023315
371.0 87.61152625083923
372.0 87.81309723854065
373.0 88.0709171295166
374.0 88.0342185497284
375.0 88.39924335479736
376.0 88.66207599639893
377.0 88.69585394859314
378.0 88.61636519432068
379.0 88.01934123039246
380.0 86.90911531448364
381.0 85.22406816482544
382.0 83.1910490989685
383.0 81.12791180610657
384.0 78.98693680763245
385.0 76.3339638710022
386.0 73.42286705970764
387.0 69.52477097511292
388.0 65.49108624458313
389.0 60.770922899246216
390.0 56.5274178981781
391.0 52.31543183326721
392.0 48.19627404212952
393.0 44.67882812023163
394.0 41.02887809276581
395.0 36.50957942008972
396.0 31.348851323127747
397.0 24.49740171432495
398.0 17.577487230300903
399.0 10.986542701721191
400.0 5.7904258370399475
401.0 2.439381927251816
402.0 0.7793184835463762
403.0 0.26982808485627174
404.0 0.0917782133910805
405.0 0.02498330140952021
406.0 0.03955268766731024
407.0 1.7057277899162893e-10
408.0 0.0012000182323390618
409.0 1.7057277899162893e-10
410.0 1.7057277899162893e-10
411.0 1.7057277899162893e-10
412.0 1.7057277899162893e-10
413.0 1.7057277899162893e-10
414.0 1.7057277899162893e-10
415.0 1.7057277899162893e-10
416.0 1.7057277899162893e-10
417.0 1.7057277899162893e-10
418.0 1.7057277899162893e-10
419.0 1.7057277899162893e-10
420.0 1.7057277899162893e-10
421.0 1.7057277899162893e-10
422.0 1.7057277899162893e-10
423.0 1.7057277899162893e-10
424.0 1.7057277899162893e-10
425.0 1.7057277899162893e-10
426.0 1.7057277899162893e-10
427.0 1.7057277899162893e-10
428.0 0.0010945397661998868
429.0 0.00034672796118684346
430.0 1.7057277899162893e-10
431.0 1.7057277899162893e-10
432.0 1.7057277899162893e-10
433.0 1.7057277899162893e-10
434.0 0.001675532439548988
435.0 0.001607996273378376
436.0 0.001540460107207764
437.0 0.000687810506860842
438.0 1.7057277899162893e-10
439.0 1.7057277899162893e-10
440.0 2.4502853079866327e-05
441.0 1.7057277899162893e-10
442.0 1.7057277899162893e-10
443.0 1.7057277899162893e-10
444.0 1.7057277899162893e-10
445.0 1.7057277899162893e-10
446.0 0.0011888991139130667
447.0 0.0008101404091576114
448.0 0.0004313815225032158
449.0 0.0010265187484037597
450.0 0.0016216556105064228
451.0 0.00025577048745617503
452.0 1.7057277899162893e-10
453.0 1.7057277899162893e-10
454.0 0.0010512878361623734
455.0 1.7057277899162893e-10
456.0 1.7057277899162893e-10
457.0 1.7057277899162893e-10
458.0 1.7057277899162893e-10
459.0 1.7057277899162893e-10
460.0 1.7057277899162893e-10
461.0 1.7057277899162893e-10
462.0 1.7057277899162893e-10
463.0 1.7057277899162893e-10
464.0 0.0004734274170914432
465.0 9.880742481982452e-05
466.0 1.7057277899162893e-10
467.0 1.7057277899162893e-10
468.0 3.786877016409562e-05
469.0 0.00022053650354791898
470.0 0.00040320433072338346
471.0 1.7057277899162893e-10
472.0 1.7057277899162893e-10
473.0 1.7057277899162893e-10
474.0 1.7057277899162893e-10
475.0 1.7057277899162893e-10
476.0 1.7057277899162893e-10
477.0 1.7057277899162893e-10
478.0 1.7057277899162893e-10
479.0 1.7057277899162893e-10
480.0 1.7057277899162893e-10
481.0 1.7057277899162893e-10
482.0 1.6343312836397672e-05
483.0 1.7057277899162893e-10
484.0 1.7057277899162893e-10
485.0 1.7057277899162893e-10
486.0 1.7057277899162893e-10
487.0 1.7057277899162893e-10
488.0 1.7057277899162893e-10
489.0 1.7057277899162893e-10
490.0 1.7057277899162893e-10
491.0 1.7057277899162893e-10
492.0 1.7057277899162893e-10
493.0 1.7057277899162893e-10
494.0 1.7057277899162893e-10
495.0 1.7057277899162893e-10
496.0 1.7057277899162893e-10
497.0 1.7057277899162893e-10
498.0 1.7057277899162893e-10
499.0 1.7057277899162893e-10
500.0 1.7057277899162893e-10
501.0 0.00032129355531651527
502.0 0.0009349308129458223
503.0 0.00033587180041649844
504.0 1.7057277899162893e-10
505.0 1.7057277899162893e-10
506.0 0.00017377545873387135
507.0 1.7057277899162893e-10
508.0 1.7057277899162893e-10
509.0 1.7057277899162893e-10
510.0 1.7057277899162893e-10
511.0 0.0002694975137274014
512.0 0.0006179772753966972
513.0 0.00014665171192973503
514.0 1.7057277899162893e-10
515.0 1.7057277899162893e-10
516.0 0.00014372699297382496
517.0 1.7057277899162893e-10
518.0 1.7057277899162893e-10
519.0 1.7057277899162893e-10
520.0 1.7057277899162893e-10
521.0 1.7057277899162893e-10
522.0 1.7057277899162893e-10
523.0 1.7057277899162893e-10
524.0 3.2099160307552665e-05
525.0 1.7057277899162893e-10
526.0 1.7057277899162893e-10
527.0 1.7057277899162893e-10
528.0 1.7057277899162893e-10
529.0 1.7057277899162893e-10
530.0 1.7057277899162893e-10
531.0 1.7057277899162893e-10
532.0 1.7057277899162893e-10
533.0 1.7057277899162893e-10
534.0 1.7057277899162893e-10
535.0 1.7057277899162893e-10
536.0 1.7057277899162893e-10
537.0 1.7057277899162893e-10
538.0 1.7057277899162893e-10
539.0 1.7057277899162893e-10
540.0 1.7057277899162893e-10
541.0 4.126255532810319e-05
542.0 0.00015937475836835802
543.0 1.7057277899162893e-10
544.0 1.7057277899162893e-10
545.0 1.7057277899162893e-10
546.0 4.497076417919743e-05
547.0 0.00013281741075843456
548.0 0.00022066399196774
549.0 1.7057277899162893e-10
550.0 1.7057277899162893e-10
551.0 1.7057277899162893e-10
552.0 1.7057277899162893e-10
553.0 1.7057277899162893e-10
554.0 1.7057277899162893e-10
555.0 1.7057277899162893e-10
556.0 1.7057277899162893e-10
557.0 1.7057277899162893e-10
558.0 1.7057277899162893e-10
559.0 1.7057277899162893e-10
560.0 1.7057277899162893e-10
561.0 1.7057277899162893e-10
562.0 1.7057277899162893e-10
563.0 1.7057277899162893e-10
564.0 1.7057277899162893e-10
565.0 1.7057277899162893e-10
566.0 1.1281900214044072e-05
567.0 1.7057277899162893e-10
568.0 1.7057277899162893e-10
569.0 9.221698178407678e-05
570.0 0.00042677206693042535
571.0 0.00040155732676794287
572.0 0.0003763425866054604
573.0 0.0003812236400335678
574.0 0.00038610482988588046
575.0 0.00028712033781630453
576.0 0.000188135925327515
577.0 0.00026993927804142004
578.0 0.0003517426648613764
579.0 0.000658242288409383
580.0 0.0009647417755331844
581.0 0.001242820144398138
582.0 0.0015208985132630914
583.0 0.0017352920622215606
584.0 0.0019496857930789702
585.0 0.0015503841495956294
586.0 0.0011510825970617589
587.0 0.0009236775440513156
588.0 0.0006962725819903426
589.0 0.0008570622412662487
590.0 0.0010178516276937444
591.0 0.0008815600267553236
592.0 0.000745268471291638
593.0 0.0006964565272937762
594.0 0.000647644401396974
595.0 0.00048665119720681105
596.0 0.0003256579930166481
597.0 0.0007070793799357489
598.0 0.0010885006304306444
599.0 0.0016249685359071009
600.0 0.0021614363504340872
601.0 0.002412465801171493
602.0 0.002663495615706779
603.0 0.002247665179311298
604.0 0.0018318351067136973
605.0 0.001530363442725502
606.0 0.0012288917787373066
607.0 0.001048229660227662
608.0 0.0008675674507685471
609.0 0.0005949610113020753
610.0 0.00032235450362350093
611.0 0.000274703393188247
612.0 0.00022705223727825796
613.0 0.0005013405825593509
614.0 0.0007756288141536061
615.0 0.0007721555448370054
616.0 0.0007686822755204048
617.0 0.0006361080977512756
618.0 0.0005035340109316166
619.0 0.0004495778284763219
620.0 0.0003956216914957622
621.0 0.0005800475264550187
622.0 0.0007644732249900699
623.0 0.000705580987414578
624.0 0.0006466886134148808
625.0 0.000811684276413871
626.0 0.0009766796210897155
627.0 0.0010253767868562136
628.0 0.0010740738616732415
629.0 0.0011091476153524127
630.0 0.001144221459981054
631.0 0.0015919160432531498
632.0 0.0020396106265252456
633.0 0.002345783832424786
634.0 0.002651956856425386
635.0 0.002677307384146843
636.0 0.0027026579118683003
637.0 0.0021380616090027615
638.0 0.0015734653061372228
639.0 0.0014201017620507628
640.0 0.001266738308913773
641.0 0.001262841215066146
642.0 0.0012589441212185193
643.0 0.0009596147720003501
644.0 0.0006602852408832405
645.0 0.00038639004742435645
646.0 0.00011249470617258339
647.0 0.00021886239665036555
648.0 0.00032523023492103675
649.0 0.00012762174037561635
650.0 1.7057277899162893e-10
651.0 0.0003164098416164052
652.0 0.0007028065283520846
653.0 0.0012590965525305364
654.0 0.0018153863493353128
655.0 0.00183302145160269
656.0 0.0018506561900721863
657.0 0.002549712917243596
658.0 0.0032487692806171253
659.0 0.0036067645851289853
660.0 0.003964759162045084
661.0 0.0038976322684902698
662.0 0.0038305057387333363
663.0 0.0028652426408370957
664.0 0.0018999799067387357
665.0 0.0014914615348970983
666.0 0.0010829428902070504
667.0 0.0010205088074144442
668.0 0.0009580745427228976
669.0 0.000875078058015788
670.0 0.0007920816642581485
671.0 0.0006447756732086418
672.0 0.0004974696821591351
673.0 0.0006275430678215344
674.0 0.0007576164080091985
675.0 0.0008669907401781529
676.0 0.0009763649359229021
677.0 0.001386886742693605
678.0 0.0017974089132621884
679.0 0.00209598529181676
680.0 0.0023945618522702716
681.0 0.003451645898167044
682.0 0.004508729762164876
683.0 0.006422896694857627
684.0 0.008337063627550378
685.0 0.009104026685236022
686.0 0.009870992653304711
687.0 0.00848693962325342
688.0 0.007102888048393652
689.0 0.005589126885752194
690.0 0.004075366086908616
691.0 0.003715411003213376
692.0 0.0033554559195181355
693.0 0.0030400171453948133
694.0 0.0027245785531704314
695.0 0.002276547093060799
696.0 0.0018285156329511665
697.0 0.0014046503565623425
698.0 0.0009807848982745782
699.0 0.0006835629847046221
700.0 0.0003863409347104607
701.0 0.0003876934897562023
702.0 0.00038904599932720885
703.0 0.0004350938070274424
704.0 0.0004811417511518812
705.0 0.0006111865786806447
706.0 0.0007412314062094083
707.0 0.0009091380889003631
708.0 0.0010770441804197617
709.0 0.0010351060154789593
710.0 0.0009931674867402762
711.0 0.0008126375178107992
712.0 0.0006321074124571169
713.0 0.0005362890533433529
714.0 0.00044047073970432393
715.0 0.0004898032329947455
716.0 0.0005391357717599021
717.0 0.0005743392648582812
718.0 0.0006095427579566604
719.0 0.00045499796215153765
720.0 0.0003004530981343123
721.0 0.00010393345064585446
722.0 1.7057277899162893e-10
723.0 1.7057277899162893e-10
724.0 7.768283580844582e-05
725.0 0.00015854743651289027
726.0 0.00023941186100273626
727.0 0.00019769902337429812
728.0 0.00015598612890244112
729.0 0.0001549664489175484
730.0 0.00015394678030133946
731.0 0.00020956399566784967
732.0 0.0002651812110343599
733.0 4.773185651174572e-05
734.0 1.7057277899162893e-10
735.0 1.7057277899162893e-10
736.0 4.545494221019908e-05
737.0 0.00014052802725927904
738.0 0.0002356010782023077
739.0 0.0004714038368547335
740.0 0.0007072065272950567
741.0 0.0010414844837214332
742.0 0.0013757623491983395
743.0 0.002161865086236503
744.0 0.002947967550426256
745.0 0.003546413063304499
746.0 0.004144858758081682
747.0 0.004406120569910854
748.0 0.004667382745537907
749.0 0.004137042196816765
750.0 0.003606702375691384
751.0 0.003140122862532735
752.0 0.002673542985576205
753.0 0.0022653000996797346
754.0 0.0018570573956822045
755.0 0.0020396491891006008
756.0 0.0022222411644179374
757.0 0.001896513276733458
758.0 0.0015707853890489787
759.0 0.0013362929166760296
760.0 0.0011018006262020208
761.0 0.001073897692549508
762.0 0.0010459947588969953
763.0 0.0007956532499520108
764.0 0.0005453116955322912
765.0 0.0005929434792051325
766.0 0.0006405753083527088
767.0 0.0007271427421073895
768.0 0.0008137103577610105
769.0 0.0006698234756186139
770.0 0.0005259368208498927
771.0 0.0004624563644028967
772.0 0.0003989758624811657
773.0 0.00041502853491692804
774.0 0.0004310811618779553
775.0 0.00047390149120474234
776.0 0.0005167218205315294
777.0 0.00040590398384665605
778.0 0.0002950861471617827
779.0 0.0006087417659728089
780.0 0.0009223972483596299
781.0 0.000905565593711799
782.0 0.0008887339390639681
783.0 0.000970585551840486
784.0 0.0010524370736675337
785.0 0.001164694822364254
786.0 0.0012769523891620338
787.0 0.0009956577741832007
788.0 0.0007143632046791026
789.0 0.0008290558071166743
790.0 0.0009437481821805704
791.0 0.0008498514034727123
792.0 0.0007559547611890594
793.0 0.0004005382379546063
794.0 4.512174598403362e-05
795.0 9.386802730659838e-05
796.0 0.00014261429441830842
797.0 0.00033421540592826204
798.0 0.000525816403751378
799.0 0.00023116178908821894
800.0 1.7057277899162893e-10
801.0 5.977497039566515e-05
802.0 0.00018304289142179186
803.0 0.00019374638213776052
804.0 0.00020444972506084014
805.0 0.00022823764993518125
806.0 0.00025202566575899255
807.0 0.00011691336112562567
808.0 1.7057277899162893e-10
809.0 8.142907290675794e-05
810.0 0.000181057043846522
811.0 0.00020889233383059036
812.0 0.000236727760238864
813.0 0.0003517789764373447
814.0 0.0004668303063226631
815.0 0.0004325456302467501
816.0 0.00039826099964557216
817.0 0.000416410512116272
818.0 0.00043455993363750167
819.0 0.0004202705440548016
820.0 0.0004059811544721015
821.0 0.00010162214039155515
822.0 1.7057277899162893e-10
823.0 1.7057277899162893e-10
824.0 5.6075947441058815e-05
825.0 1.7057277899162893e-10
826.0 1.7057277899162893e-10
827.0 1.7057277899162893e-10
828.0 0.0002541724597904249
829.0 3.529506500399293e-05
830.0 1.7057277899162893e-10
831.0 1.7057277899162893e-10
832.0 1.7057277899162893e-10
833.0 1.7057277899162893e-10
834.0 1.7057277899162893e-10
835.0 1.7057277899162893e-10
836.0 0.0003467659325906425
837.0 0.00012452046576072462
838.0 1.7057277899162893e-10
839.0 1.7057277899162893e-10
840.0 1.7057277899162893e-10
841.0 1.7057277899162893e-10
842.0 1.7057277899162893e-10
843.0 1.7057277899162893e-10
844.0 1.7057277899162893e-10
845.0 1.7057277899162893e-10
846.0 0.00011729696325346595
847.0 0.00015762926750539918
848.0 0.0001979615035452298
849.0 0.00031394620236824267
850.0 0.00042993106035282835
851.0 0.0002898330649259151
852.0 0.0001497353764534637
853.0 0.0001274462420042255
854.0 0.00010515707344893599
855.0 0.00012358661933831172
856.0 0.0001420162675458414
857.0 0.0004908624305244302
858.0 0.0008397085366596002
859.0 0.0011901598554686643
860.0 0.0015406110833282582
861.0 0.0013259835213830229
862.0 0.0011113559594377875
863.0 0.0013216946172178723
864.0 0.001532033274997957
865.0 0.0016794821931398474
866.0 0.0018269305655849166
867.0 0.0018504853869671933
868.0 0.00187404020834947
869.0 0.0018774700947687961
870.0 0.0018809001630870625
871.0 0.0017137352188001387
872.0 0.0015465702745132148
873.0 0.0016690022675902583
874.0 0.0017914340787683614
