lsstCam/transmission_filter_detector/r24_s22/u_24/19700101T000000.ecsv
# %ECSV 1.0
# ---
# datatype:
# - {name: wavelength, unit: nm, datatype: float32}
# - {name: efficiency, unit: '%', datatype: float64}
# meta: !!omap
# - {MODE: DETECTOR}
# - {TYPE: transmission_filter_detector}
# - {CALIBDATE: '1970-01-01T00:00:00'}
# - {INSTRUME: LSSTCam}
# - {OBSTYPE: transmission_filter_detector}
# - {CALIBCLS: lsst.ip.isr.IntermediateFilterDetectorTransmissionCurve}
# - {SOURCE: Materion (DM-46256)}
# - {DETECTOR: 116}
# - {FILTER: u_24}
# - {CALIB_ID: 'calibDate=1970-01-01T00:00:00 filter=u_24 detector=116'}
# - {DATE: '2025-04-02T15:59:40.285752'}
# - {CALIB_CREATION_DATE: '2025-04-02'}
# - {CALIB_CREATION_TIME: '15:59:40'}
# - __serialized_columns__:
#     efficiency:
#       __class__: astropy.units.quantity.Quantity
#       unit: !astropy.units.Unit {unit: '%'}
#       value: !astropy.table.SerializedColumn {name: efficiency}
#     wavelength:
#       __class__: astropy.units.quantity.Quantity
#       unit: !astropy.units.Unit {unit: nm}
#       value: !astropy.table.SerializedColumn {name: wavelength}
# schema: astropy-2.0
wavelength efficiency
[from data line 581]
876.0 0.0026302854166715406
877.0 0.00274918602372054
878.0 0.00286808681266848
879.0 0.0028876596843474545
880.0 0.0029072327379253693
881.0 0.003327077138237655
882.0 0.003746922084246762
883.0 0.003345662116771564
884.0 0.0029444021492963657
885.0 0.0028800919608329423
886.0 0.002815781772369519
887.0 0.00249975473707309
888.0 0.002183727701776661
889.0 0.0021237003238638863
890.0 0.002063672582153231
891.0 0.0022871827241033316
892.0 0.002510693229851313
893.0 0.002676340409379918
894.0 0.0028419877708074637
895.0 0.0029212918889243156
896.0 0.0030005965527379885
897.0 0.0034493699786253273
898.0 0.003898143404512666
899.0 0.003980939800385386
900.0 0.004063735468662344
901.0 0.004062537118443288
902.0 0.004061338768224232
903.0 0.004344790067989379
904.0 0.0046282413677545264
905.0 0.004901396459899843
906.0 0.005174550824449398
907.0 0.005381437586038373
908.0 0.005588325075223111
909.0 0.005814921314595267
910.0 0.0060415179177653044
911.0 0.006127706001279876
912.0 0.006213894084794447
913.0 0.005899492680327967
914.0 0.005585091275861487
915.0 0.0050253973313374445
916.0 0.004465702659217641
917.0 0.004186699152342044
918.0 0.003907695645466447
919.0 0.004121498568565585
920.0 0.0043353014916647226
921.0 0.004629513205145486
922.0 0.004923724918626249
923.0 0.005543354200199246
924.0 0.0061629827541764826
925.0 0.006547931116074324
926.0 0.006932879477972165
927.0 0.007336477574426681
928.0 0.007740075670881197
929.0 0.007750315126031637
930.0 0.007760553853586316
931.0 0.0073910472565330565
932.0 0.007021538476692513
933.0 0.0070702662924304605
934.0 0.007118994108168408
935.0 0.00694724076311104
936.0 0.006775487418053672
937.0 0.0069524438004009426
938.0 0.007129400910343975
939.0 0.006989247776800767
940.0 0.0068490931880660355
941.0 0.00580047708353959
942.0 0.0047518602514173836
943.0 0.004051412543049082
944.0 0.0033509651984786615
945.0 0.003139159525744617
946.0 0.002927354580606334
947.0 0.0020966832380509004
948.0 0.0012660121683438774
949.0 0.0011791245924541727
950.0 0.001092237016564468
951.0 0.0011614819413807709
952.0 0.0012307266842981335
953.0 0.0014603253475797828
954.0 0.001689923919911962
955.0 0.002177336318709422
956.0 0.002664748353709001
957.0 0.002796070657495875
958.0 0.0029273927793838084
959.0 0.003164328882121481
960.0 0.003401264621061273
961.0 0.0040881623135646805
962.0 0.004775059642270207
963.0 0.004711322617367841
964.0 0.004647585592465475
965.0 0.00461477720818948
966.0 0.004581968823913485
967.0 0.004506350160227157
968.0 0.00443073186033871
969.0 0.004564523987937719
970.0 0.004698316115536727
971.0 0.004719536809716374
972.0 0.004740756776300259
973.0 0.004582667679642327
974.0 0.004424578219186515
975.0 0.004505210381466895
976.0 0.004585842543747276
977.0 0.00407994411943946
978.0 0.0035740460589295253
979.0 0.0032680844014976174
980.0 0.00296212310786359
981.0 0.0029875285690650344
982.0 0.0030129340302664787
983.0 0.0031360894354293123
984.0 0.003259244840592146
985.0 0.003477710924926214
986.0 0.0036961777368560433
987.0 0.004002387140644714
988.0 0.004308596908231266
989.0 0.004922666266793385
990.0 0.005536734897759743
991.0 0.0062522158259525895
992.0 0.006967695662751794
993.0 0.007384562923107296
994.0 0.007801428000675514
995.0 0.007590502355014905
996.0 0.007379576709354296
997.0 0.007142885442590341
998.0 0.0069061956310179085
999.0 0.006659743667114526
1000.0 0.006413291703211144
1001.0 0.006058314829715528
1002.0 0.0057033368648262694
1003.0 0.0053336592827690765
1004.0 0.004963982428307645
1005.0 0.004835679283132777
1006.0 0.004707375410362147
1007.0 0.00485730888613034
1008.0 0.005007243453292176
1009.0 0.004430734770721756
1010.0 0.003854226815747097
1011.0 0.0034631619200808927
1012.0 0.003072097388212569
1013.0 0.002839510671037715
1014.0 0.002606924135761801
1015.0 0.0022837137294118293
1016.0 0.0019605035049607977
1017.0 0.0017154725355794653
1018.0 0.0014704416571476031
1019.0 0.0011400047696952242
1020.0 0.0008095677912933752
1021.0 0.0011250292118347716
1022.0 0.001440490723325638
1023.0 0.001418941974407062
1024.0 0.001397393316437956
1025.0 0.0013419265087577514
1026.0 0.001286459792027017
1027.0 0.0013990314073453192
1028.0 0.0015116028407646809
1029.0 0.0015317924408009276
1030.0 0.0015519821317866445
1031.0 0.0018217304386780597
1032.0 0.0020914785636705346
1033.0 0.0022320615244098008
1034.0 0.0023726443032501265
1035.0 0.0022486941816168837
1036.0 0.00212474369618576
1037.0 0.0023946588044054806
1038.0 0.0026645742764230818
1039.0 0.0024111795937642455
1040.0 0.0021577849111054093
1041.0 0.002022158332692925
1042.0 0.0018865319361793809
1043.0 0.001983557922358159
1044.0 0.002080583908536937
1045.0 0.002073626637866255
1046.0 0.0020666693671955727
1047.0 0.001755614357534796
1048.0 0.0014445592569245491
1049.0 0.001445387169951573
1050.0 0.0014462148101301864
1051.0 0.0018517896023695357
1052.0 0.002257364394608885
1053.0 0.0021279402062646113
1054.0 0.0019985160179203376
1055.0 0.0013147740901331417
1056.0 0.0006310322078206809
1057.0 0.0008277077540697064
1058.0 0.0010243832548439968
1059.0 0.0011026904758182354
1060.0 0.0011809979696408845
1061.0 0.0015435314708156511
1062.0 0.0019060649719904177
1063.0 0.0016647531083435751
1064.0 0.0014234410627977923
1065.0 0.00118860843940638
1066.0 0.0009537758160149679
1067.0 0.00091340971266618
1068.0 0.0008730435183679219
1069.0 0.00145052581501659
1070.0 0.0020280078388168477
1071.0 0.002156630580429919
1072.0 0.00228525314014405
1073.0 0.002612173375382554
1074.0 0.0029390936106210575
1075.0 0.0029460734367603436
1076.0 0.0029530530810006894
1077.0 0.0035019213100895286
1078.0 0.004050789721077308
1079.0 0.005007881190977059
1080.0 0.005964971933281049
1081.0 0.0054551368521060795
1082.0 0.004945303589920513
1083.0 0.004419343895278871
1084.0 0.003893383836839348
1085.0 0.004270650242688134
1086.0 0.004647917012334801
1087.0 0.005090727063361555
1088.0 0.00553353747818619
1089.0 0.006280948582571
1090.0 0.007028358959360048
1091.0 0.004817975059268065
1092.0 0.0026075906134792604
1093.0 0.0035952547477791086
1094.0 0.004582917972584255
1095.0 0.005221267929300666
1096.0 0.005859617158421315
1097.0 0.005336710091796704
1098.0 0.004813803388969973
1099.0 0.0036306078982306644
1100.0 0.0024474125893902965
