lsstCam/transmission_filter_detector/r22_s01/r_57/19700101T000000.ecsv
# %ECSV 1.0
# ---
# datatype:
# - {name: wavelength, unit: nm, datatype: float32}
# - {name: efficiency, unit: '%', datatype: float64}
# meta: !!omap
# - {MODE: DETECTOR}
# - {TYPE: transmission_filter_detector}
# - {CALIBDATE: '1970-01-01T00:00:00'}
# - {INSTRUME: LSSTCam}
# - {OBSTYPE: transmission_filter_detector}
# - {CALIBCLS: lsst.ip.isr.IntermediateFilterDetectorTransmissionCurve}
# - {SOURCE: Materion (DM-46256)}
# - {DETECTOR: 91}
# - {FILTER: r_57}
# - {CALIB_ID: 'calibDate=1970-01-01T00:00:00 filter=r_57 detector=91'}
# - {DATE: '2025-04-02T15:59:44.603676'}
# - {CALIB_CREATION_DATE: '2025-04-02'}
# - {CALIB_CREATION_TIME: '15:59:44'}
# - __serialized_columns__:
#     efficiency:
#       __class__: astropy.units.quantity.Quantity
#       unit: !astropy.units.Unit {unit: '%'}
#       value: !astropy.table.SerializedColumn {name: efficiency}
#     wavelength:
#       __class__: astropy.units.quantity.Quantity
#       unit: !astropy.units.Unit {unit: nm}
#       value: !astropy.table.SerializedColumn {name: wavelength}
# schema: astropy-2.0
wavelength efficiency
300.0 0.002053650860034395
301.0 0.005359200440580025
302.0 0.008664750930620357
303.0 0.010363778710598126
304.0 0.012062806490575895
305.0 0.010324647882953286
306.0 0.0085864907305222
307.0 0.007886636740295216
308.0 0.007186782750068232
309.0 0.006441814184654504
310.0 0.005696845983038656
311.0 0.005188724753679708
312.0 0.00468060388811864
313.0 0.004401588375912979
314.0 0.004122573955100961
315.0 0.003966278018197045
316.0 0.003809982445091009
317.0 0.0034669421438593417
318.0 0.003123901115031913
319.0 0.002935053089458961
320.0 0.002746204881987069
321.0 0.0026130233891308308
322.0 0.0024798418962745927
323.0 0.0024201999622164294
324.0 0.0023605578462593257
325.0 0.0022532345610670745
326.0 0.0021459112758748233
327.0 0.002182103162340354
328.0 0.0022182952307048254
329.0 0.002318088445463218
330.0 0.0024178816602216102
331.0 0.002280739681737032
332.0 0.0021435977032524534
333.0 0.0018598942915559746
334.0 0.0015761906979605556
335.0 0.0013515519640350249
336.0 0.0011269132301094942
337.0 0.0011021564205293544
338.0 0.0010773996109492145
339.0 0.0010448050488776062
340.0 0.0010122104868059978
341.0 0.0009736992069520056
342.0 0.0009351879270980135
343.0 0.0009002337719721254
344.0 0.0008652796168462373
345.0 0.0008003899893083144
346.0 0.0007355003162956564
347.0 0.0007063472821755568
348.0 0.0006771942480554571
349.0 0.0006396063326974399
350.0 0.005436817809822969
351.0 0.005435910861706361
352.0 0.005435003913589753
353.0 0.005042240445618518
354.0 0.004649477705243044
355.0 0.0051575574616435915
356.0 0.005665637945639901
357.0 0.0068227716838009655
358.0 0.007979905785759911
359.0 0.005958976180409081
360.0 0.00393804584746249
361.0 0.002661404687387403
362.0 0.0013847634363628458
363.0 0.0026023832106147893
364.0 0.0038200028939172626
365.0 0.0037850164517294616
366.0 0.0037500303733395413
367.0 0.0030008130124770105
368.0 0.0022515954697155394
369.0 0.00167723665072117
370.0 0.0011028781045752112
371.0 0.0016189633242902346
372.0 0.002135048634954728
373.0 0.002797613706206903
374.0 0.0034601787774590775
375.0 0.003065877899643965
376.0 0.0026715775675256737
377.0 0.0011197900676052086
378.0 1.5682830468294329e-10
379.0 0.0006415302777895704
380.0 0.0017150581697933376
381.0 0.0023732623958494514
382.0 0.003031466985703446
383.0 0.003075667700613849
384.0 0.003119869143120013
385.0 0.003979227767558768
386.0 0.004838585664401762
387.0 0.004432222704053856
388.0 0.00402585937990807
389.0 0.0033732314477674663
390.0 0.002720602606132161
391.0 0.0020542836864478886
392.0 0.0013879647667636164
393.0 0.0013315080650500022
394.0 0.0012750509995385073
395.0 0.0009921205673890654
396.0 0.0007091901807143586
397.0 0.0007705481948505621
398.0 0.0008319066182593815
399.0 0.0006661382485617651
400.0 0.000500369560541003
401.0 0.0001140872655014391
402.0 1.5682830468294329e-10
403.0 4.3888314849027665e-05
404.0 0.0003599725232561468
405.0 0.0008881598660082091
406.0 0.0014163469131744932
407.0 0.0018795702999341302
408.0 0.0023427934138453566
409.0 0.0019030074327019975
410.0 0.0014632211787102278
411.0 0.001073771454684902
412.0 0.000684321685184841
413.0 0.0006943055723240832
414.0 0.0007042894594633253
415.0 0.0006476414000644581
416.0 0.0005909936589887366
417.0 0.0011560235179786105
418.0 0.001721053740766365
419.0 0.0021528408979065716
420.0 0.002584628055046778
421.0 0.003915953493560664
422.0 0.00524727875017561
423.0 0.008066432928899303
424.0 0.010885586380027235
425.0 0.014786444080527872
426.0 0.01868729741545394
427.0 0.01944653340615332
428.0 0.020205772307235748
429.0 0.015501547022722661
430.0 0.010797321010613814
431.0 0.007610439934069291
432.0 0.004423557402333245
433.0 0.003468506474746391
434.0 0.0025134550014627166
435.0 0.0020103756469325162
436.0 0.0015072962924023159
437.0 0.001296472782996716
438.0 0.0010856496373889968
439.0 0.0009435517313249875
440.0 0.0008014540071599185
441.0 0.0011037251169909723
442.0 0.0014059963177714963
443.0 0.0018110413293470629
444.0 0.0022160864318720996
445.0 0.002074510121019557
446.0 0.0019329338101670146
447.0 0.0016948601114563644
448.0 0.0014567866855941247
449.0 0.0013639277312904596
450.0 0.0012710681403405033
451.0 0.0013494601262209471
452.0 0.001427852112101391
453.0 0.0015089098269527312
454.0 0.0015899675418040715
455.0 0.0013672834938915912
456.0 0.0011445997188275214
457.0 0.0007984944204508793
458.0 0.0004523893949226476
459.0 0.0007071918844303582
460.0 0.0009619943739380687
461.0 0.001631863233342301
462.0 0.0023017317289486527
463.0 0.0028568976631504484
464.0 0.0034120639611501247
465.0 0.004401594196679071
466.0 0.005391124796005897
467.0 0.006037744606146589
468.0 0.006684365507680923
469.0 0.005754343146691099
470.0 0.004824322240892798
471.0 0.0037020465242676437
472.0 0.002579770443844609
473.0 0.0021809095414937474
474.0 0.001782048275345005
475.0 0.001456130212318385
476.0 0.0011302124221401755
477.0 0.0008847437129588798
478.0 0.0006392749128281139
479.0 0.0008818143214739393
480.0 0.0011243535482208245
481.0 0.00086873342297622
482.0 0.0006131134341558209
483.0 0.0006427135758713121
484.0 0.0006723135356878629
485.0 0.0006080686489440268
486.0 0.0005438235803012503
487.0 0.0005233483989286469
488.0 0.0005028731266065734
489.0 0.0005069869530416327
490.0 0.0005111007340019569
491.0 0.0006894104444654658
492.0 0.0008677201549289748
493.0 0.0009820755622058641
494.0 0.0010964311513816938
495.0 0.0009478701031184755
496.0 0.0007993090548552573
497.0 0.00101454570540227
498.0 0.0012297821740503423
499.0 0.0012426301509549376
500.0 0.001255478218809003
501.0 0.0014246822502173018
502.0 0.001593886554474011
503.0 0.0019051380149903707
504.0 0.0022163894755067304
505.0 0.0027386651709093712
506.0 0.003260940866312012
507.0 0.003856990224448964
508.0 0.004453039218788035
509.0 0.00496450302307494
510.0 0.005475965735968202
511.0 0.0048984558816300705
512.0 0.004320946027291939
513.0 0.003647336779977195
514.0 0.0029737277145613916
515.0 0.002819524161168374
516.0 0.0026653209715732373
517.0 0.0024506691261194646
518.0 0.0022360170987667516
519.0 0.06711595924571157
520.0 0.08900896064005792
521.0 0.09380857227370143
522.0 0.13458647299557924
523.0 0.10093372547999024
524.0 0.13733364176005125
525.0 0.12136622099205852
526.0 0.08326569222845137
527.0 0.11386167025193572
528.0 0.1395388157106936
529.0 0.1722254091873765
530.0 0.1398732652887702
531.0 0.10419526370242238
532.0 0.21574292331933975
533.0 0.2654646057635546
534.0 0.2803293289616704
535.0 0.3894281107932329
536.0 0.4898063838481903
537.0 0.6683164276182652
538.0 0.9439799003303051
539.0 1.5044082887470722
540.0 2.446780353784561
541.0 3.7497684359550476
542.0 5.582337826490402
543.0 8.181704580783844
544.0 11.365635693073273
545.0 14.952191710472107
546.0 19.336022436618805
547.0 24.666044116020203
548.0 31.734657287597656
549.0 39.36600089073181
550.0 46.34871482849121
551.0 54.34744358062744
552.0 60.684722661972046
553.0 66.51482582092285
554.0 71.35272026062012
555.0 75.7541835308075
556.0 80.047607421875
557.0 82.80148506164551
558.0 86.22941374778748
559.0 89.842689037323
560.0 91.02820754051208
561.0 92.84722208976746
562.0 94.44501996040344
563.0 94.41375136375427
564.0 95.04332542419434
565.0 94.57035064697266
566.0 95.3011691570282
567.0 94.63822841644287
568.0 95.09210586547852
569.0 95.89851498603821
570.0 95.0690746307373
571.0 96.02835178375244
572.0 95.99115252494812
573.0 96.02861404418945
574.0 96.4300811290741
575.0 96.30287289619446
576.0 96.90162539482117
577.0 96.6798484325409
578.0 96.54476046562195
579.0 96.19651436805725
580.0 95.97991704940796
581.0 95.7612156867981
582.0 96.18170857429504
583.0 95.96148133277893
584.0 95.52145600318909
585.0 95.68209648132324
586.0 95.76645493507385
587.0 95.7782506942749
588.0 95.74598670005798
589.0 96.63547873497009
590.0 95.80187797546387
591.0 95.26247382164001
592.0 95.37667036056519
593.0 94.90265846252441
594.0 95.62420845031738
595.0 95.95474600791931
596.0 96.44115567207336
597.0 96.36502861976624
598.0 96.07806205749512
599.0 96.3793396949768
600.0 96.1149275302887
601.0 95.31731605529785
602.0 96.26259803771973
603.0 95.74440717697144
604.0 95.85158824920654
605.0 96.26613259315491
606.0 95.62619924545288
607.0 95.80191373825073
608.0 95.7493782043457
609.0 95.16526460647583
610.0 95.41075825691223
611.0 95.45502662658691
612.0 95.5276370048523
613.0 96.29173278808594
614.0 96.0084080696106
615.0 95.65976858139038
616.0 95.73387503623962
617.0 95.76243758201599
618.0 95.71530222892761
619.0 96.2623655796051
620.0 95.5782949924469
621.0 94.7413444519043
622.0 95.95463871955872
623.0 96.13217115402222
624.0 95.72818279266357
625.0 96.35339379310608
626.0 95.44163942337036
627.0 94.52077746391296
628.0 96.44401669502258
629.0 95.00053524971008
630.0 95.59295177459717
631.0 95.42867541313171
632.0 96.27341032028198
633.0 95.91784477233887
634.0 95.53565979003906
635.0 95.85655927658081
636.0 95.41078209877014
637.0 95.327889919281
638.0 94.97085809707642
639.0 95.1389491558075
640.0 95.34704685211182
641.0 95.29229402542114
642.0 95.70063948631287
643.0 95.63978314399719
644.0 95.24216651916504
645.0 95.91462016105652
646.0 95.76435089111328
647.0 96.67895436286926
648.0 95.61135172843933
649.0 95.20676732063293
650.0 95.83814740180969
651.0 96.49147987365723
652.0 96.44728899002075
653.0 95.44130563735962
654.0 96.14898562431335
655.0 95.94438672065735
656.0 95.16710042953491
657.0 95.40448784828186
658.0 95.69748640060425
659.0 95.99080681800842
660.0 95.06018161773682
661.0 94.91890072822571
662.0 95.24679780006409
663.0 95.45109272003174
664.0 94.97170448303223
665.0 95.01202702522278
666.0 95.069819688797
667.0 95.42067050933838
668.0 95.01370191574097
669.0 95.49965858459473
670.0 95.03788352012634
671.0 95.59853672981262
672.0 95.22807598114014
673.0 95.0757622718811
674.0 94.60742473602295
675.0 95.21334171295166
676.0 94.47689056396484
677.0 93.6199963092804
678.0 92.65590906143188
679.0 91.55626893043518
680.0 90.85098505020142
681.0 89.254629611969
682.0 86.85507774353027
683.0 84.14721488952637
684.0 80.3799569606781
685.0 76.47340893745422
686.0 72.64851927757263
687.0 67.53469705581665
688.0 62.97316551208496
689.0 58.19106698036194
690.0 53.03788781166077
691.0 48.97591173648834
692.0 44.10203695297241
693.0 39.89440202713013
694.0 34.91048514842987
695.0 29.860374331474304
696.0 24.847351014614105
697.0 19.86551731824875
698.0 14.49558138847351
699.0 10.368820279836655
700.0 7.224808633327484
701.0 4.48933057487011
702.0 2.786756306886673
703.0 1.6286574304103851
704.0 0.9521216154098511
705.0 0.5227851681411266
706.0 0.39873886853456497
707.0 0.25516131427139044
708.0 0.17933493945747614
709.0 0.125799304805696
710.0 0.10257069952785969
711.0 0.05591331282630563
712.0 0.07238630787469447
713.0 0.10256989626213908
714.0 0.06291608442552388
715.0 0.0738572096452117
716.0 0.032456786721013486
717.0 0.06711186142638326
718.0 0.07601919933222234
719.0 0.05246816435828805
720.0 1.5682830468294329e-10
721.0 0.00440536969108507
722.0 0.004162433469900861
723.0 0.003919497248716652
724.0 0.0036138779250904918
725.0 0.0033082582376664504
726.0 0.003056147033930756
727.0 0.002804035830195062
728.0 0.002653648334671743
729.0 0.0025032608391484246
730.0 0.002339882848900743
731.0 0.002176505404349882
732.0 0.0021476109395734966
733.0 0.002118716474797111
734.0 0.0020320085241110064
735.0 0.0019453005734249018
736.0 0.0017453654436394572
737.0 0.0015454301319550723
738.0 0.0015729870938230306
739.0 0.0016005438737920485
740.0 0.0015867832189542241
741.0 0.00157302274601534
742.0 0.0014182251106831245
743.0 0.0012634275663003791
744.0 0.0013393704648478888
745.0 0.001415313090546988
746.0 0.001343434450973291
747.0 0.001271555811399594
748.0 0.0011273534255451523
749.0 0.0009831509487412404
750.0 0.0010112981726706494
751.0 0.0010394453966000583
752.0 0.001078035984392045
753.0 0.0011166265721840318
754.0 0.0011189594260940794
755.0 0.0011212926438020077
756.0 0.0010643404493748676
757.0 0.0010073881639982574
758.0 0.001046675333782332
759.0 0.0010859625035664067
760.0 0.001095061543310294
761.0 0.001104161037801532
762.0 0.001110604716814123
763.0 0.001117048850574065
764.0 0.0010580783055047505
765.0 0.000999107760435436
766.0 0.0007802712389093358
767.0 0.0005614348083327059
768.0 0.0006252485036384314
769.0 0.0006890621534694219
770.0 0.0007892878784332424
771.0 0.0008895138307707384
772.0 0.0008088470167422201
773.0 0.0007281801572389668
774.0 0.0008553161023883149
775.0 0.000982452002062928
776.0 0.0009433708328288049
777.0 0.000904289754544152
778.0 0.0008187239473045338
779.0 0.000733158321963856
780.0 0.0006665615273959702
781.0 0.0005999647783028195
782.0 0.0007091049155860674
783.0 0.0008182450073945802
784.0 0.0008498441275150981
785.0 0.0008814429747872055
786.0 0.0007479652140318649
787.0 0.0006144874078017892
788.0 0.0006311715424089925
789.0 0.0006478558134404011
790.0 0.0007254923730215523
791.0 0.0008031289326027036
792.0 0.0007970649676281027
793.0 0.0007910010026535019
794.0 0.0008477840310661122
795.0 0.000904566786630312
796.0 0.0007410409580188571
797.0 0.000577515038457932
798.0 0.0007177279712777818
799.0 0.0008579408131481614
800.0 0.0007674610969843343
801.0 0.0006769810624973616
802.0 0.0006083329026296269
803.0 0.0005396844699134817
804.0 0.0006512791514978744
805.0 0.000762873787607532
806.0 0.000682294330545119
807.0 0.0006017149189574411
808.0 0.0007185841695900308
809.0 0.0008354533747478854
810.0 0.0007510506293328945
811.0 0.0006666482022410491
812.0 0.0006971003585931612
813.0 0.0007275525604200084
814.0 0.0005708448497898644
815.0 0.0004141371391597204
816.0 0.0005752821380156092
817.0 0.0007364271823462332
818.0 0.0006951952400413575
819.0 0.0006539633432112169
820.0 0.0004905910373054212
821.0 0.00032721868592489045
822.0 0.00035924692838307237
823.0 0.00039127526179072447
824.0 0.0004346824880485656
825.0 0.0004780897143064067
826.0 0.0005043507826485438
827.0 0.000530611850990681
828.0 0.0004251289738022024
829.0 0.0003196460511389887
830.0 0.0002260001110698795
831.0 0.00013235413689471898
832.0 5.7236212569478084e-05
833.0 1.5682830468294329e-10
834.0 1.5682830468294329e-10
835.0 1.5682830468294329e-10
836.0 0.0002548538986957283
837.0 0.0005793977834400721
838.0 0.0007737226042081602
839.0 0.0009680475159257185
840.0 0.0012274813343537971
841.0 0.0014869151527818758
842.0 0.0019720355339813977
843.0 0.00245715600613039
844.0 0.0022349968276103027
845.0 0.0020128380128880963
846.0 0.0016803194739622995
847.0 0.0013478006621880922
848.0 0.001257805161003489
849.0 0.0011678092960210051
850.0 0.001127573887060862
851.0 0.0010873386599996593
852.0 0.0010490558452147525
853.0 0.0010107729394803755
854.0 0.0008897671250451822
855.0 0.0007687611287110485
856.0 0.0006342919277813053
857.0 0.0004998227723262971
858.0 0.0006045474947313778
859.0 0.0007092721261869883
860.0 0.0005346122634364292
861.0 0.0003599523097363999
862.0 0.00036020035167894093
863.0 0.0003604484163588495
864.0 0.00024369608127017273
865.0 0.00012694383713096613
866.0 0.0001116315502258658
867.0 9.631924058339791e-05
868.0 0.00013291745517562958
869.0 0.00016951563566180994
870.0 8.64431967784185e-05
871.0 3.3707490132428575e-06
872.0 1.5682830468294329e-10
873.0 1.5682830468294329e-10
874.0 1.5682830468294329e-10
875.0 1.5682830468294329e-10
876.0 1.5682830468294329e-10
877.0 1.5682830468294329e-10
878.0 8.443448109574092e-05
879.0 0.00019655137748486595
880.0 0.0001605857391950849
881.0 0.00012462011227398762
882.0 0.00011170048992426018
883.0 9.878091304926784e-05
884.0 1.5682830468294329e-10
885.0 1.5682830468294329e-10
886.0 1.5682830468294329e-10
887.0 0.000119794356123748
888.0 0.0001346182330053125
889.0 0.000149442109886877
890.0 0.00014946458577469457
891.0 0.00014948701618777704
892.0 1.5682830468294329e-10
893.0 1.5682830468294329e-10
894.0 1.5682830468294329e-10
895.0 1.5682830468294329e-10
896.0 9.28092802610081e-06
897.0 2.288799691996246e-05
898.0 8.046927746363508e-05
899.0 0.00013805057506033336
900.0 5.725101459574944e-05
901.0 1.5682830468294329e-10
