lsstCam/transmission_filter_detector/r22_s01/r_57/19700101T000000.ecsv
# %ECSV 1.0
# ---
# datatype:
# - {name: wavelength, unit: nm, datatype: float32}
# - {name: efficiency, unit: '%', datatype: float64}
# meta: !!omap
# - {MODE: DETECTOR}
# - {TYPE: transmission_filter_detector}
# - {CALIBDATE: '1970-01-01T00:00:00'}
# - {INSTRUME: LSSTCam}
# - {OBSTYPE: transmission_filter_detector}
# - {CALIBCLS: lsst.ip.isr.IntermediateFilterDetectorTransmissionCurve}
# - {SOURCE: Materion (DM-46256)}
# - {DETECTOR: 91}
# - {FILTER: r_57}
# - {CALIB_ID: 'calibDate=1970-01-01T00:00:00 filter=r_57 detector=91'}
# - {DATE: '2025-04-02T15:59:44.603676'}
# - {CALIB_CREATION_DATE: '2025-04-02'}
# - {CALIB_CREATION_TIME: '15:59:44'}
# - __serialized_columns__:
#     efficiency:
#       __class__: astropy.units.quantity.Quantity
#       unit: !astropy.units.Unit {unit: '%'}
#       value: !astropy.table.SerializedColumn {name: efficiency}
#     wavelength:
#       __class__: astropy.units.quantity.Quantity
#       unit: !astropy.units.Unit {unit: nm}
#       value: !astropy.table.SerializedColumn {name: wavelength}
# schema: astropy-2.0
wavelength efficiency
[from data line 603]
903.0 1.5682830468294329e-10
904.0 1.5682830468294329e-10
905.0 1.5682830468294329e-10
906.0 1.5682830468294329e-10
907.0 1.5682830468294329e-10
908.0 1.5682830468294329e-10
909.0 1.5682830468294329e-10
910.0 1.5682830468294329e-10
911.0 1.5682830468294329e-10
912.0 1.5682830468294329e-10
913.0 1.5682830468294329e-10
914.0 1.5682830468294329e-10
915.0 8.576496952628077e-05
916.0 5.7997561953015975e-05
917.0 3.023017711711873e-05
918.0 8.415091770075378e-05
919.0 0.0001380716298626794
920.0 5.0852838739956496e-05
921.0 1.5682830468294329e-10
922.0 7.609070280523156e-05
923.0 0.0001885473693619133
924.0 0.00018580984715299564
925.0 0.00018307234768144554
926.0 0.00015479430430787033
927.0 0.00012651626093429513
928.0 0.00011877287988681928
929.0 0.00011102947610197589
930.0 0.00020841807781835087
931.0 0.00030580672500946093
932.0 0.0001533021759314579
933.0 7.977055460628435e-07
934.0 0.00014286027862908668
935.0 0.0002849228167178808
936.0 0.00027352011784387287
937.0 0.00026211741896986496
938.0 0.00034307065561733907
939.0 0.0004240239377395483
940.0 0.0003747596565517597
941.0 0.0003254953753639711
942.0 0.00037436170714499895
943.0 0.0004232280389260268
944.0 0.000393984646507306
945.0 0.0003647413223006879
946.0 0.00034853076158469776
947.0 0.00033232017813134007
948.0 0.00044470666580309626
949.0 0.0005570932444243226
950.0 0.000539047960046446
951.0 0.0005210026301938342
952.0 0.0006819118880230235
953.0 0.0008428212822764181
954.0 0.001153180255641928
955.0 0.0014635395018558484
956.0 0.0015067565982462838
957.0 0.0015499737855861895
958.0 0.0016700714695616625
959.0 0.0017901696992339566
960.0 0.001995374259422533
961.0 0.00220057900151005
962.0 0.0023211092411656864
963.0 0.0024416394808213226
964.0 0.0025108955014729872
965.0 0.0025801513402257115
966.0 0.002599726758489851
967.0 0.00261930199485505
968.0 0.0026262467144988477
969.0 0.0026331914341426454
970.0 0.002673199742275756
971.0 0.002713208414206747
972.0 0.002697130912565626
973.0 0.002681053229025565
974.0 0.002885863978008274
975.0 0.003090674726990983
976.0 0.0031499039323534817
977.0 0.0032091327739180997
978.0 0.0030929630156606436
979.0 0.002976793621201068
980.0 0.0029114300559740514
981.0 0.0028460664907470345
982.0 0.002899645005527418
983.0 0.0029532235203078017
984.0 0.0029065269700367935
985.0 0.0028598306016647257
986.0 0.00277156268566614
987.0 0.002683294951566495
988.0 0.0025229897801182233
989.0 0.0023626849724678323
990.0 0.0024282053345814347
991.0 0.002493725696695037
992.0 0.0025408917281311005
993.0 0.0025880581233650446
994.0 0.002633510302985087
995.0 0.0026789621188072488
996.0 0.0027790392778115347
997.0 0.0028791164368158206
998.0 0.002985990431625396
999.0 0.0030928640626370907
1000.0 0.0032301297324011102
1001.0 0.0033673954021651298
1002.0 0.003573263165890239
1003.0 0.0037791312934132293
1004.0 0.003921827374142595
1005.0 0.004064523091074079
1006.0 0.004250202619004995
1007.0 0.004435882510733791
1008.0 0.004346491550677456
1009.0 0.0042571002268232405
1010.0 0.004239906411385164
1011.0 0.004222712595947087
1012.0 0.004138504300499335
1013.0 0.004054296368849464
1014.0 0.0037595891626551747
1015.0 0.0034648819564608857
1016.0 0.003324266799609177
1017.0 0.0031836520065553486
1018.0 0.00281911161437165
1019.0 0.0024545719497837126
1020.0 0.0020953972125425935
1021.0 0.0017362221115035936
1022.0 0.0015307459761970676
1023.0 0.001325269477092661
1024.0 0.001379537661705399
1025.0 0.0014338061191665474
1026.0 0.0013453200153890066
1027.0 0.0012568337297125254
1028.0 0.0011312262358842418
1029.0 0.0010056184692075476
1030.0 0.0009447821867070161
1031.0 0.0008839453585096635
1032.0 0.0008883705049811397
1033.0 0.0008927954695536755
1034.0 0.0008125966814986896
1035.0 0.0007323978479689686
1036.0 0.000826310679258313
1037.0 0.0009202231922245119
1038.0 0.0007763808753225021
1039.0 0.0006325386948446976
1040.0 0.0007102244580892147
1041.0 0.000787910266808467
1042.0 0.0009420369678991847
1043.0 0.0010961633051920217
1044.0 0.0009573974239174277
1045.0 0.0008186319064407144
1046.0 0.000775552871346008
1047.0 0.000732473972675507
1048.0 0.0006328621566353831
1049.0 0.0005332503405952593
1050.0 0.0005946574219706235
1051.0 0.0006560643669217825
1052.0 0.0009576735465088859
1053.0 0.0012592821803991683
1054.0 0.000989263025985565
1055.0 0.0007192437351477565
1056.0 0.0008764302037889138
1057.0 0.0010336168998037465
1058.0 0.0008082030035438947
1059.0 0.0005827893346577184
1060.0 0.0010514663699723314
1061.0 0.0015201429050648585
1062.0 0.0015695713955210522
1063.0 0.0016189998859772459
1064.0 0.001187550606118748
1065.0 0.000756101280785515
1066.0 0.0012364039321255405
1067.0 0.0017167065379908308
1068.0 0.001841389894252643
1069.0 0.001966072704817634
1070.0 0.0014417353668250144
1071.0 0.0009173981197818648
1072.0 0.001317260739597259
1073.0 0.0017171234503621235
1074.0 0.0023592583602294326
1075.0 0.0030013930881978013
1076.0 0.0031589595892000943
1077.0 0.0033165262721013278
1078.0 0.003753254350158386
1079.0 0.004189982428215444
1080.0 0.00407054067181889
1081.0 0.003951098187826574
1082.0 0.004002909918199293
1083.0 0.004054721648572013
1084.0 0.004579957385431044
1085.0 0.005105192758492194
1086.0 0.0050063998060068116
1087.0 0.004907606853521429
1088.0 0.004717257615993731
1089.0 0.004526908742263913
1090.0 0.00449373183073476
1091.0 0.004460554555407725
1092.0 0.003979887696914375
1093.0 0.0034992208384210244
1094.0 0.00391502799175214
1095.0 0.004330835145083256
1096.0 0.0033910924685187638
1097.0 0.002451350155752152
1098.0 0.0018706767150433734
1099.0 0.0012900035471830051
1100.0 0.0015077327589096967
1101.0 0.0017254616977879778
