lsstCam/transmission_sensor/r01_s12/19700101T000000.ecsv
# %ECSV 1.0
# ---
# datatype:
# - {name: amp_name, datatype: string}
# - {name: wavelength, unit: nm, datatype: float32}
# - {name: efficiency, unit: '%', datatype: float64}
# meta: !!omap
# - {MODE: AMP}
# - {TYPE: transmission_sensor}
# - {CALIBDATE: '1970-01-01T00:00:00'}
# - {INSTRUME: LSSTCAM}
# - {OBSTYPE: transmission_sensor}
# - {DETECTOR: 5}
# - {PARQUETFILE: qe_raft_allvalues_nircorrected_20230725.parquet}
# - {CALIBCLS: lsst.ip.isr.IntermediateSensorTransmissionCurve}
# - {CALIB_ID: 'raftName=R01 detectorName=S12 detector=5 calibDate=1970-01-01T00:00:00 ccd=5 ccdnum=5 filter=None'}
# - {DATE: '2023-08-02T16:57:55.485387'}
# - {CALIB_CREATION_DATE: '2023-08-02'}
# - {CALIB_CREATION_TIME: '16:57:55'}
# - __serialized_columns__:
#     efficiency:
#       __class__: astropy.units.quantity.Quantity
#       unit: !astropy.units.Unit {unit: '%'}
#       value: !astropy.table.SerializedColumn {name: efficiency}
#     wavelength:
#       __class__: astropy.units.quantity.Quantity
#       unit: !astropy.units.Unit {unit: nm}
#       value: !astropy.table.SerializedColumn {name: wavelength}
# schema: astropy-2.0
amp_name wavelength efficiency
C00 319.994 59.441986083984375
C00 324.969 62.39206314086914
C00 349.982 73.10212707519531
C00 374.975 79.97599029541016
C00 400.019 85.31183624267578
C00 424.965 85.22159576416016
C00 450.035 85.2229995727539
C00 475.003 86.14566040039062
C00 500.018 87.42011260986328
C00 525.002 88.91748809814453
C00 550.029 90.79500579833984
C00 575.023 92.48294067382812
C00 599.982 94.38774108886719
C00 619.997 94.99557495117188
C00 624.979 95.26644134521484
C00 650.012 96.3232192993164
C00 675.004 97.01606750488281
C00 700.03 97.22453308105469
C00 725.012 97.2349853515625
C00 750.022 97.83305358886719
C00 774.987 98.3466796875
C00 799.976 98.0013427734375
C00 824.988 96.76210021972656
C00 850.022 95.09308624267578
C00 869.967 92.51811981201172
C00 875.002 91.59095764160156
C00 899.999 85.28174591064453
C00 919.999 77.28044128417969
C00 925.012 74.52869415283203
C00 949.965 60.467464447021484
C00 975.002 44.95830535888672
C00 999.976 28.57280921936035
C00 1025.028 13.794803619384766
C00 1050.014 5.460641860961914
C00 1075.002 0.9320460585470876
C00 1099.99 0.0924767536759248
C01 319.994 59.13492202758789
C01 324.969 62.08114242553711
C01 349.982 72.94389343261719
C01 374.975 80.1807861328125
C01 400.019 85.58821868896484
C01 424.965 85.46098327636719
C01 450.035 85.3891830444336
C01 475.003 86.22557067871094
C01 500.018 87.44104766845703
C01 525.002 88.90684509277344
C01 550.029 90.78009033203125
C01 575.023 92.4862289428711
C01 599.982 94.41206359863281
C01 619.997 95.03050231933594
C01 624.979 95.30411529541016
C01 650.012 96.37013244628906
C01 675.004 97.07368469238281
C01 700.03 97.31855010986328
C01 725.012 97.37578582763672
C01 750.022 98.04180908203125
C01 774.987 98.61428833007812
C01 799.976 98.30022430419922
C01 824.988 97.07916259765625
C01 850.022 95.44523620605469
C01 869.967 92.86117553710938
C01 875.002 91.89745330810547
C01 899.999 85.35185241699219
C01 919.999 77.34577178955078
C01 925.012 74.67345428466797
C01 949.965 61.06239318847656
C01 975.002 45.2913703918457
C01 999.976 28.7198543548584
C01 1025.028 13.895508766174316
C01 1050.014 5.455747604370117
C01 1075.002 0.934034333463122
C01 1099.99 0.09267402848650311
C02 319.994 58.6765022277832
C02 324.969 61.61345672607422
C02 349.982 72.61006927490234
C02 374.975 80.15711975097656
C02 400.019 85.62077331542969
C02 424.965 85.47135925292969
C02 450.035 85.34862518310547
C02 475.003 86.13900756835938
C02 500.018 87.32504272460938
C02 525.002 88.7688217163086
C02 550.029 90.63276672363281
C02 575.023 92.32605743408203
C02 599.982 94.25735473632812
C02 619.997 94.8849105834961
C02 624.979 95.1570816040039
C02 650.012 96.23250579833984
C02 675.004 96.94920349121094
C02 700.03 97.22962188720703
C02 725.012 97.3429946899414
C02 750.022 98.07710266113281
C02 774.987 98.71763610839844
C02 799.976 98.4298324584961
C02 824.988 97.22832489013672
C02 850.022 95.60136413574219
C02 869.967 92.9933853149414
C02 875.002 92.02114868164062
C02 899.999 85.3231430053711
C02 919.999 77.2671127319336
C02 925.012 74.59988403320312
C02 949.965 61.26531982421875
C02 975.002 45.51390075683594
C02 999.976 28.77623176574707
C02 1025.028 13.943700790405273
C02 1050.014 5.4506425857543945
C02 1075.002 0.9343700006661242
C02 1099.99 0.09270733307801386
C03 319.994 58.53206253051758
C03 324.969 61.469078063964844
C03 349.982 72.53445434570312
C03 374.975 80.26234436035156
C03 400.019 85.75419616699219
C03 424.965 85.60333251953125
C03 450.035 85.49442291259766
C03 475.003 86.32637023925781
C03 500.018 87.52696228027344
C03 525.002 88.95919036865234
C03 550.029 90.78034973144531
C03 575.023 92.42435455322266
C03 599.982 94.32383728027344
C03 619.997 94.94219207763672
C03 624.979 95.21452331542969
C03 650.012 96.29084777832031
C03 675.004 97.0210952758789
C03 700.03 97.33204650878906
C03 725.012 97.50345611572266
C03 750.022 98.30648040771484
C03 774.987 99.02234649658203
C03 799.976 98.77252960205078
C03 824.988 97.587890625
C03 850.022 96.00090789794922
C03 869.967 93.4132080078125
C03 875.002 92.44718170166016
C03 899.999 85.66040802001953
C03 919.999 77.56485748291016
C03 925.012 74.8920669555664
C03 949.965 61.67713928222656
C03 975.002 45.91347885131836
C03 999.976 29.000085830688477
C03 1025.028 14.067126274108887
C03 1050.014 5.50249719619751
C03 1075.002 0.9365546614311462
C03 1099.99 0.09292409311211274
C04 319.994 58.11547088623047
C04 324.969 61.040260314941406
C04 349.982 72.20285034179688
C04 374.975 80.1668472290039
C04 400.019 85.70103454589844
C04 424.965 85.52803802490234
C04 450.035 85.37838745117188
C04 475.003 86.16870880126953
C04 500.018 87.3436508178711
C04 525.002 88.7558822631836
C04 550.029 90.56170654296875
C04 575.023 92.20362854003906
C04 599.982 94.10204315185547
C04 619.997 94.72139739990234
C04 624.979 94.99775695800781
C04 650.012 96.08016967773438
C04 675.004 96.83341979980469
C04 700.03 97.16048431396484
C04 725.012 97.38209533691406
C04 750.022 98.25101470947266
C04 774.987 99.0268325805664
C04 799.976 98.81060028076172
C04 824.988 97.6315689086914
C04 850.022 96.0715560913086
C04 869.967 93.50399017333984
C04 875.002 92.53209686279297
C04 899.999 85.6890640258789
C04 919.999 77.54090881347656
C04 925.012 74.85760498046875
C04 949.965 61.756404876708984
C04 975.002 46.01212692260742
C04 999.976 29.031694412231445
C04 1025.028 14.073486328125
C04 1050.014 5.499151229858398
C04 1075.002 0.936025716410407
C04 1099.99 0.0928716116730868
C05 319.994 57.63512420654297
C05 324.969 60.54359817504883
C05 349.982 71.85432434082031
C05 374.975 80.13195037841797
C05 400.019 85.74436950683594
C05 424.965 85.53081512451172
C05 450.035 85.30074310302734
C05 475.003 85.99618530273438
C05 500.018 87.11283111572266
C05 525.002 88.50875854492188
C05 550.029 90.32807922363281
C05 575.023 91.99879455566406
C05 599.982 93.9232177734375
C05 619.997 94.55829620361328
C05 624.979 94.83792114257812
C05 650.012 95.93948364257812
C05 675.004 96.71247100830078
C05 700.03 97.0525894165039
C05 725.012 97.30860137939453
C05 750.022 98.22437286376953
C05 774.987 99.03936767578125
C05 799.976 98.85456848144531
C05 824.988 97.67369079589844
C05 850.022 96.13391876220703
C05 869.967 93.56771850585938
C05 875.002 92.58918762207031
C05 899.999 85.75521850585938
C05 919.999 77.50760650634766
C05 925.012 74.81334686279297
C05 949.965 61.7814826965332
C05 975.002 46.035064697265625
C05 999.976 29.024837493896484
C05 1025.028 14.061511039733887
C05 1050.014 5.497433185577393
C05 1075.002 0.9357715429279571
C05 1099.99 0.0928463928136625
C06 319.994 57.21809768676758
C06 324.969 60.11628723144531
C06 349.982 71.58987426757812
C06 374.975 80.20921325683594
C06 400.019 85.90813446044922
C06 424.965 85.64549255371094
C06 450.035 85.32357025146484
C06 475.003 85.91327667236328
C06 500.018 86.96871948242188
C06 525.002 88.35250854492188
C06 550.029 90.19818878173828
C06 575.023 91.90655517578125
C06 599.982 93.85911560058594
C06 619.997 94.51746368408203
C06 624.979 94.79617309570312
C06 650.012 95.92166137695312
C06 675.004 96.70420837402344
C06 700.03 97.05536651611328
C06 725.012 97.32687377929688
C06 750.022 98.25140380859375
C06 774.987 99.0743637084961
C06 799.976 98.89712524414062
C06 824.988 97.71774291992188
C06 850.022 96.191650390625
C06 869.967 93.61780548095703
C06 875.002 92.63070678710938
C06 899.999 85.81812286376953
C06 919.999 77.51118469238281
C06 925.012 74.80728912353516
C06 949.965 61.803287506103516
C06 975.002 46.05830764770508
C06 999.976 29.01691436767578
C06 1025.028 14.014730453491211
C06 1050.014 5.493995189666748
C06 1075.002 0.9360289955811048
C06 1099.99 0.09287193702939092
C07 319.994 57.90278244018555
C07 324.969 60.84494400024414
C07 349.982 72.63822937011719
C07 374.975 81.68385314941406
C07 400.019 87.51780700683594
C07 424.965 87.2286376953125
C07 450.035 86.8644027709961
C07 475.003 87.44782257080078
C07 500.018 88.49969482421875
C07 525.002 89.8819351196289
C07 550.029 91.73382568359375
C07 575.023 93.45295715332031
C07 599.982 95.4317398071289
C07 619.997 96.09825134277344
C07 624.979 96.38560485839844
C07 650.012 97.52809143066406
C07 675.004 98.32605743408203
C07 700.03 98.70491027832031
C07 725.012 98.95067596435547
C07 750.022 99.85027313232422
C07 774.987 100.64441680908203
C07 799.976 100.44743347167969
C07 824.988 99.28792572021484
C07 850.022 97.77838897705078
C07 869.967 95.09083557128906
C07 875.002 94.08654022216797
C07 899.999 87.21923828125
C07 919.999 78.83998107910156
C07 925.012 76.10230255126953
C07 949.965 62.870426177978516
C07 975.002 47.041839599609375
C07 999.976 29.624557495117188
C07 1025.028 14.286798477172852
C07 1050.014 5.695992946624756
C07 1075.002 0.9512615728560284
C07 1099.99 0.0943832993527277
C10 319.994 59.6877555847168
C10 324.969 62.64860916137695
C10 349.982 73.44329833984375
C10 374.975 80.45040893554688
C10 400.019 85.8359375
C10 424.965 85.73543548583984
C10 450.035 85.7143783569336
C10 475.003 86.61502838134766
C10 500.018 87.8846206665039
C10 525.002 89.39020538330078
C10 550.029 91.2862548828125
C10 575.023 92.99716186523438
C10 599.982 94.92456817626953
C10 619.997 95.53874969482422
C10 624.979 95.81065368652344
C10 650.012 96.88059997558594
C10 675.004 97.5745620727539
C10 700.03 97.78348541259766
C10 725.012 97.78244018554688
C10 750.022 98.38096618652344
C10 774.987 98.88186645507812
C10 799.976 98.52509307861328
C10 824.988 97.26099395751953
C10 850.022 95.53571319580078
C10 869.967 92.83906555175781
C10 875.002 91.86499786376953
C10 899.999 85.30717468261719
C10 919.999 77.17837524414062
C10 925.012 74.47187042236328
C10 949.965 60.723628997802734
C10 975.002 45.00010681152344
C10 999.976 28.57158851623535
C10 1025.028 13.922761917114258
C10 1050.014 5.487484455108643
C10 1075.002 0.9372660554693139
C10 1099.99 0.09299467697503547
C11 319.994 59.205902099609375
C11 324.969 62.146026611328125
C11 349.982 73.06331634521484
C11 374.975 80.39102172851562
C11 400.019 85.84149932861328
C11 424.965 85.70303344726562
C11 450.035 85.61634063720703
C11 475.003 86.44252014160156
C11 500.018 87.65310668945312
C11 525.002 89.12435913085938
C11 550.029 91.00677490234375
C11 575.023 92.71725463867188
C11 599.982 94.6495132446289
C11 619.997 95.26986694335938
C11 624.979 95.54257202148438
C11 650.012 96.62612915039062
C11 675.004 97.33357238769531
C11 700.03 97.56302642822266
C11 725.012 97.61605834960938
C11 750.022 98.27195739746094
C11 774.987 98.82907104492188
C11 799.976 98.51424407958984
C11 824.988 97.26518249511719
C11 850.022 95.56452941894531
C11 869.967 92.86505126953125
C11 875.002 91.86443328857422
C11 899.999 85.09234619140625
C11 919.999 76.8993148803711
C11 925.012 74.2275390625
C11 949.965 60.938411712646484
C11 975.002 45.240570068359375
C11 999.976 28.579383850097656
C11 1025.028 13.928800582885742
C11 1050.014 5.4438652992248535
C11 1075.002 0.9362270559886412
C11 1099.99 0.09289158840107234
C12 319.994 58.65176010131836
C12 324.969 61.58006286621094
C12 349.982 72.62201690673828
C12 374.975 80.27059173583984
C12 400.019 85.76935577392578
C12 424.965 85.60503387451172
C12 450.035 85.47119140625
C12 475.003 86.25559997558594
C12 500.018 87.43194580078125
C12 525.002 88.87606048583984
C12 550.029 90.73896026611328
C12 575.023 92.4375
C12 599.982 94.36779022216797
C12 619.997 94.99360656738281
C12 624.979 95.26649475097656
C12 650.012 96.35517883300781
C12 675.004 97.07867431640625
C12 700.03 97.34239196777344
C12 725.012 97.44570922851562
C12 750.022 98.17301940917969
C12 774.987 98.8036117553711
C12 799.976 98.51887512207031
C12 824.988 97.28433227539062
C12 850.022 95.60787963867188
C12 869.967 92.91988372802734
C12 875.002 91.91835021972656
C12 899.999 85.04951477050781
C12 919.999 76.8028335571289
C12 925.012 74.1280288696289
C12 949.965 60.93290710449219
C12 975.002 45.3413200378418
C12 999.976 28.609037399291992
C12 1025.028 13.966331481933594
C12 1050.014 5.452337265014648
C12 1075.002 0.9352838670011467
C12 1099.99 0.09279800605622304
C13 319.994 58.33927917480469
C13 324.969 61.26615524291992
C13 349.982 72.4236831665039
C13 374.975 80.3324203491211
C13 400.019 85.8845443725586
C13 424.965 85.70706939697266
C13 450.035 85.54903411865234
C13 475.003 86.31916809082031
C13 500.018 87.4809341430664
C13 525.002 88.90567016601562
C13 550.029 90.74382019042969
C13 575.023 92.42171478271484
C13 599.982 94.33991241455078
C13 619.997 94.96895599365234
C13 624.979 95.24658966064453
C13 650.012 96.33934020996094
C13 675.004 97.07881927490234
C13 700.03 97.37003326416016
C13 725.012 97.53106689453125
C13 750.022 98.3328857421875
C13 774.987 99.02995300292969
C13 799.976 98.78144073486328
C13 824.988 97.55879211425781
C13 850.022 95.92033386230469
C13 869.967 93.25828552246094
C13 875.002 92.2591781616211
C13 899.999 85.3448715209961
C13 919.999 77.07907104492188
C13 925.012 74.38710021972656
C13 949.965 61.12946701049805
C13 975.002 45.57229995727539
C13 999.976 28.74488067626953
C13 1025.028 14.045409202575684
C13 1050.014 5.478048801422119
C13 1075.002 0.9368063169763783
C13 1099.99 0.09294906214411948
C14 319.994 57.9502067565918
C14 324.969 60.86668395996094
C14 349.982 72.15037536621094
C14 374.975 80.34989929199219
C14 400.019 85.9549331665039
C14 424.965 85.74549102783203
C14 450.035 85.5327377319336
C14 475.003 86.24783325195312
C14 500.018 87.36895751953125
C14 525.002 88.77180480957031
C14 550.029 90.60277557373047
C14 575.023 92.28324890136719
C14 599.982 94.20697784423828
C14 619.997 94.84144592285156
C14 624.979 95.1201400756836
C14 650.012 96.2216567993164
C14 675.004 96.98554229736328
C14 700.03 97.2940673828125
C14 725.012 97.50788116455078
C14 750.022 98.37358093261719
C14 774.987 99.13324737548828
C14 799.976 98.91383361816406
C14 824.988 97.6972885131836
C14 850.022 96.08895874023438
C14 869.967 93.46077728271484
C14 875.002 92.46434020996094
C14 899.999 85.52058410644531
C14 919.999 77.19646453857422
C14 925.012 74.48889923095703
C14 949.965 61.25419616699219
C14 975.002 45.68067932128906
C14 999.976 28.810808181762695
C14 1025.028 14.059370994567871
C14 1050.014 5.473450660705566
C14 1075.002 0.9371934866437206
C14 1099.99 0.09298747676282772
C15 319.994 57.62019729614258
C15 324.969 60.52253723144531
C15 349.982 71.88243103027344
C15 374.975 80.2825698852539
C15 400.019 85.92851257324219
C15 424.965 85.69571685791016
C15 450.035 85.45416259765625
C15 475.003 86.14606475830078
C15 500.018 87.24664306640625
C15 525.002 88.6302490234375
C15 550.029 90.44461059570312
C15 575.023 92.11221313476562
C15 599.982 94.03368377685547
C15 619.997 94.66864776611328
C15 624.979 94.94583129882812
C15 650.012 96.05779266357422
C15 675.004 96.8351821899414
C15 700.03 97.15938568115234
C15 725.012 97.40863800048828
C15 750.022 98.32054138183594
C15 774.987 99.12741088867188
C15 799.976 98.9434814453125
C15 824.988 97.73526000976562
C15 850.022 96.1623306274414
C15 869.967 93.57613372802734
C15 875.002 92.58877563476562
C15 899.999 85.67478942871094
C15 919.999 77.27086639404297
C15 925.012 74.55042266845703
C15 949.965 61.39778518676758
C15 975.002 45.7729377746582
C15 999.976 28.90247344970703
C15 1025.028 14.089599609375
C15 1050.014 5.49421501159668
C15 1075.002 0.9366877881361676
C15 1099.99 0.09293730182148398
C16 319.994 57.29914093017578
C16 324.969 60.19252014160156
C16 349.982 71.65467834472656
C16 374.975 80.30195617675781
C16 400.019 86.00148010253906
C16 424.965 85.7432861328125
C16 450.035 85.4555892944336
C16 475.003 86.09767150878906
C16 500.018 87.16826629638672
C16 525.002 88.54029083251953
C16 550.029 90.35079193115234
C16 575.023 92.02421569824219
C16 599.982 93.95001983642578
C16 619.997 94.59491729736328
C16 624.979 94.8738784790039
C16 650.012 95.99717712402344
C16 675.004 96.78231811523438
C16 700.03 97.1182861328125
C16 725.012 97.38296508789062
C16 750.022 98.30809783935547
C16 774.987 99.1264877319336
C16 799.976 98.9526596069336
C16 824.988 97.75506591796875
C16 850.022 96.21343994140625
C16 869.967 93.64887237548828
C16 875.002 92.65824890136719
C16 899.999 85.77465057373047
C16 919.999 77.35870361328125
C16 925.012 74.63117218017578
C16 949.965 61.47699737548828
C16 975.002 45.844482421875
C16 999.976 28.937593460083008
C16 1025.028 14.073122024536133
C16 1050.014 5.498693466186523
C16 1075.002 0.9365691359690126
C16 1099.99 0.09292552926246236
C17 319.994 57.13204574584961
C17 324.969 60.03032302856445
C17 349.982 71.64141082763672
C17 374.975 80.5807876586914
C17 400.019 86.33729553222656
C17 424.965 86.0572280883789
C17 450.035 85.72622680664062
C17 475.003 86.34341430664062
C17 500.018 87.39147186279297
C17 525.002 88.74445343017578
C17 550.029 90.54029083251953
C17 575.023 92.20494842529297
C17 599.982 94.13257598876953
C17 619.997 94.77922058105469
C17 624.979 95.05996704101562
C17 650.012 96.1903305053711
C17 675.004 96.97762298583984
C17 700.03 97.33258056640625
C17 725.012 97.57117462158203
C17 750.022 98.45804595947266
C17 774.987 99.23380279541016
C17 799.976 99.04678344726562
C17 824.988 97.88270568847656
C17 850.022 96.37914276123047
C17 869.967 93.74564361572266
C17 875.002 92.74296569824219
C17 899.999 85.90986633300781
C17 919.999 77.53897857666016
C17 925.012 74.8093032836914
C17 949.965 61.60601806640625
C17 975.002 46.140167236328125
C17 999.976 29.154422760009766
C17 1025.028 14.11744213104248
C17 1050.014 5.600349426269531
C17 1075.002 0.9379980268872451
C17 1099.99 0.09306730250667429
