lsstCam/transmission_sensor/r01_s12/19700101T000000.ecsv
# %ECSV 1.0
# ---
# datatype:
# - {name: amp_name, datatype: string}
# - {name: wavelength, unit: nm, datatype: float32}
# - {name: efficiency, unit: '%', datatype: float64}
# meta: !!omap
# - {MODE: AMP}
# - {TYPE: transmission_sensor}
# - {CALIBDATE: '1970-01-01T00:00:00'}
# - {INSTRUME: LSSTCam}
# - {OBSTYPE: transmission_sensor}
# - {DETECTOR: 5}
# - {PARQUETFILE: qe_raft_allvalues_nircorrected_20230725_adjust.parquet}
# - {CORRFILE: qe_corr_factor_bydetnum.parquet}
# - {CALIBCLS: lsst.ip.isr.IntermediateSensorTransmissionCurve}
# - {CALIB_ID: 'raftName=R01 detectorName=S12 detector=5 calibDate=1970-01-01T00:00:00 ccd=5 ccdnum=5 filter=None'}
# - {DATE: '2025-03-03T21:56:47.399456'}
# - {CALIB_CREATION_DATE: '2025-03-03'}
# - {CALIB_CREATION_TIME: '21:56:47'}
# - __serialized_columns__:
#     efficiency:
#       __class__: astropy.units.quantity.Quantity
#       unit: !astropy.units.Unit {unit: '%'}
#       value: !astropy.table.SerializedColumn {name: efficiency}
#     wavelength:
#       __class__: astropy.units.quantity.Quantity
#       unit: !astropy.units.Unit {unit: nm}
#       value: !astropy.table.SerializedColumn {name: wavelength}
# schema: astropy-2.0
amp_name wavelength efficiency
C00 319.994 59.76823316254251
C00 324.969 62.734501704347885
C00 349.982 73.5033477773598
C00 374.975 80.41493816555376
C00 400.019 85.78006987977665
C00 424.965 85.68933411679254
C00 450.035 85.69074563018356
C00 475.003 86.618470477705
C00 500.018 87.89991751251063
C00 525.002 89.40551133955778
C00 550.029 91.29333378737314
C00 575.023 92.99053288598388
C00 599.982 94.90578778970314
C00 619.997 95.5169577454813
C00 624.979 95.7893107885338
C00 650.012 96.8518888637774
C00 675.004 97.54853976366547
C00 700.03 97.7581495022331
C00 725.012 97.76865913998151
C00 750.022 98.37000987216993
C00 774.987 98.88645500538064
C00 799.976 98.5392227111878
C00 824.988 97.29317858018432
C00 850.022 95.61500422727873
C00 869.967 93.02590510471231
C00 875.002 92.09365420881747
C00 899.999 85.7498143970907
C00 919.999 77.70459464545911
C00 925.012 74.93774456211277
C00 949.965 60.799339859054086
C00 975.002 45.205058819639824
C00 999.976 28.72963095679094
C00 1025.028 13.87051633823216
C00 1050.014 5.490612569741295
C00 1075.002 0.9371615892302815
C00 1099.99 0.09298431193076984
C01 319.994 59.459483786426254
C01 324.969 62.421874502040524
C01 349.982 73.344245670132
C01 374.975 80.62085802400681
C01 400.019 86.05796924990366
C01 424.965 85.93003550630492
C01 450.035 85.8578411991149
C01 475.003 86.69881934323557
C01 500.018 87.92096747308118
C01 525.002 89.39480992009862
C01 550.029 91.27833645759347
C01 575.023 92.993839202677
C01 599.982 94.93024379345638
C01 619.997 95.55207681235154
C01 624.979 95.82719151203867
C01 650.012 96.89905949335039
C01 675.004 97.60647318284505
C01 700.03 97.85268254308981
C01 725.012 97.91023239884791
C01 750.022 98.57991111893787
C01 774.987 99.15553241681374
C01 799.976 98.83974465191342
C01 824.988 97.61198115357743
C01 850.022 95.96908696417911
C01 869.967 93.37084368964472
C01 875.002 92.40183207543572
C01 899.999 85.82030568268937
C01 919.999 77.77028371702092
C01 925.012 75.08329920929408
C01 949.965 61.39753386428376
C01 975.002 45.53995187856381
C01 999.976 28.877483148866883
C01 1025.028 13.971774204775883
C01 1050.014 5.485691451043771
C01 1075.002 0.9391607767844269
C01 1099.99 0.09318266948327628
C02 319.994 58.99854795157139
C02 324.969 61.95162191167803
C02 349.982 73.00858931999927
C02 374.975 80.5970617493385
C02 400.019 86.09070255229234
C02 424.965 85.94046843136904
C02 450.035 85.81706073614369
C02 475.003 86.61178113163447
C02 500.018 87.80432583661064
C02 525.002 89.25602900294056
C02 550.029 91.13020426421984
C02 575.023 92.8327885932681
C02 599.982 94.774685812243
C02 619.997 95.40568599691143
C02 624.979 95.67935082686536
C02 650.012 96.76067748215065
C02 675.004 97.48130876714934
C02 700.03 97.76326623827558
C02 725.012 97.87726128713793
C02 750.022 98.61539840669273
C02 774.987 99.25944741895974
C02 799.976 98.97006415999375
C02 824.988 97.76196212264256
C02 850.022 96.12607180132036
C02 869.967 93.50377910025951
C02 875.002 92.52620635048318
C02 899.999 85.79143869958916
C02 919.999 77.69119293951279
C02 925.012 75.00932516782842
C02 949.965 61.60157426197157
C02 975.002 45.76370360048122
C02 999.976 28.934169986926666
C02 1025.028 14.020230730719366
C02 1050.014 5.480558413555882
C02 1075.002 0.9394982862953929
C02 1099.99 0.0932161568668907
C03 319.994 58.85331549766412
C03 324.969 61.80645082791819
C03 349.982 72.9325593785945
C03 374.975 80.70286388351815
C03 400.019 86.22485769458741
C03 424.965 86.0731660326625
C03 450.035 85.96365867583141
C03 475.003 86.80017214172611
C03 500.018 88.00735362686575
C03 525.002 89.44744249279341
C03 550.029 91.27859728072008
C03 575.023 92.93162521571377
C03 599.982 94.84153324533766
C03 619.997 95.4632818802801
C03 624.979 95.73710780687107
C03 650.012 96.81933967183103
C03 675.004 97.55359512956052
C03 700.03 97.8662530169416
C03 725.012 98.03860340474715
C03 750.022 98.84603509202562
C03 774.987 99.56583020876549
C03 799.976 99.31464219530997
C03 824.988 98.12350133245641
C03 850.022 96.5278084577048
C03 869.967 93.92590598812953
C03 875.002 92.95457765085483
C03 899.999 86.13055479178358
C03 919.999 77.9905718612424
C03 925.012 75.30311173487294
C03 949.965 62.01565398925906
C03 975.002 46.16547477757357
C03 999.976 29.15925267391659
C03 1025.028 14.144333634646136
C03 1050.014 5.532697627799801
C03 1075.002 0.9416949375613921
C03 1099.99 0.0934341065874811
C04 319.994 58.43443739197398
C04 324.969 61.37527951456978
C04 349.982 72.59913536757477
C04 374.975 80.6068426165861
C04 400.019 86.17140429617066
C04 424.965 85.99745828453177
C04 450.035 85.84698635428717
C04 475.003 86.64164537963052
C04 500.018 87.82303606031019
C04 525.002 89.24301853168413
C04 550.029 91.0587540700675
C04 575.023 92.70968774877994
C04 599.982 94.6185218008237
C04 619.997 95.2412753719304
C04 624.979 95.51915172825214
C04 650.012 96.60750526541885
C04 675.004 97.36488959746328
C04 700.03 97.69374920376745
C04 725.012 97.9165765378391
C04 750.022 98.79026497054316
C04 774.987 99.57034091460203
C04 799.976 99.35292182477318
C04 824.988 98.16741934421529
C04 850.022 96.59884440336195
C04 869.967 94.01718641117215
C04 875.002 93.03995886847515
C04 899.999 86.15936807600478
C04 919.999 77.9664917496422
C04 925.012 75.2684606153769
C04 949.965 62.09535463260733
C04 975.002 46.26466427836699
C04 999.976 29.191034739020004
C04 1025.028 14.150728595790678
C04 1050.014 5.52933329713919
C04 1075.002 0.9411630894282386
C04 1099.99 0.09338133710430845
C05 319.994 57.951454331652734
C05 324.969 60.87589144671205
C05 349.982 72.2486964831784
C05 374.975 80.57175423478958
C05 400.019 86.21497710085022
C05 424.965 86.00025062624012
C05 450.035 85.76891585548016
C05 475.003 86.46817498663425
C05 500.018 87.59094950524413
C05 525.002 88.99453847598424
C05 550.029 90.82384448821938
C05 575.023 92.50372953398475
C05 599.982 94.43871494010467
C05 619.997 95.07727899544459
C05 624.979 95.35843865465414
C05 650.012 96.4660470755789
C05 675.004 97.24327697905042
C05 700.03 97.58526212563748
C05 725.012 97.84267920905775
C05 750.022 98.76347690118735
C05 774.987 99.5829448086317
C05 799.976 99.39713134473237
C05 824.988 98.20977241721455
C05 850.022 96.66154935150468
C05 869.967 94.08126451636375
C05 875.002 93.09736297013309
C05 899.999 86.22588564455697
C05 919.999 77.93300666294745
C05 925.012 75.22395958721738
C05 949.965 62.12057009193509
C05 975.002 46.28772794690028
C05 999.976 29.18414018651899
C05 1025.028 14.138687581082026
C05 1050.014 5.527605823379722
C05 1075.002 0.9409075209157508
C05 1099.99 0.09335597983128538
C06 319.994 57.53213896366211
C06 324.969 60.44623520887847
C06 349.982 71.98279497687513
C06 374.975 80.64944117017512
C06 400.019 86.37964087768941
C06 424.965 86.11555746200392
C06 450.035 85.79186829062121
C06 475.003 86.38481131261089
C06 500.018 87.44604691587934
C06 525.002 88.8374308985481
C06 550.029 90.69324114320716
C06 575.023 92.41098389867211
C06 599.982 94.37426094276002
C06 619.997 95.03622236680991
C06 624.979 95.31646147380792
C06 650.012 96.44812699252759
C06 675.004 97.23496899534128
C06 700.03 97.58805446734583
C06 725.012 97.86105189694639
C06 750.022 98.79065620523306
C06 774.987 99.61813291691782
C06 799.976 99.43992168003213
C06 824.988 98.25406632112647
C06 850.022 96.71959783971069
C06 869.967 94.1316263936034
C06 875.002 93.13911001292642
C06 899.999 86.28913525275819
C06 919.999 77.93660448784088
C06 925.012 75.21786860008436
C06 949.965 62.1424945771066
C06 975.002 46.31109846617075
C06 999.976 29.176173574254957
C06 1025.028 14.091650239798
C06 1050.014 5.524148958043679
C06 1075.002 0.9411663865966502
C06 1099.99 0.09338166424632921
C07 319.994 58.220581606330626
C07 324.969 61.1788912071404
C07 349.982 73.03690397177256
C07 374.975 82.13217461730237
C07 400.019 87.99814810475036
C07 424.965 87.7073916887355
C07 450.035 87.34115766264279
C07 475.003 87.92777955944656
C07 500.018 88.98542500909
C07 525.002 90.37525172426759
C07 550.029 92.23730638142825
C07 575.023 93.96587329664722
C07 599.982 95.95551649032733
C07 619.997 96.62568617159677
C07 624.979 96.9146168257254
C07 650.012 98.063373930506
C07 675.004 98.86571956681571
C07 700.03 99.24665174321933
C07 725.012 99.49376631313878
C07 750.022 100.39830091619784
C07 774.987 101.19680324702436
C07 799.976 100.99873876744314
C07 824.988 99.83286706279634
C07 850.022 98.31504523387257
C07 869.967 95.61274120309203
C07 875.002 94.60293378337495
C07 899.999 87.69794068603035
C07 919.999 79.27269396766982
C07 925.012 76.51998970330749
C07 949.965 63.215490234877464
C07 975.002 47.30002852885694
C07 999.976 29.78715174832239
C07 1025.028 14.365211507628143
C07 1050.014 5.727255378800197
C07 1075.002 0.9564825678047909
C07 1099.99 0.09490132167511442
C10 319.994 60.015351568096165
C10 324.969 62.99245577655821
C10 349.982 73.84639155899012
C10 374.975 80.8919606503053
C10 400.019 86.30704766454106
C10 424.965 86.20599404551928
C10 450.035 86.18482134465386
C10 475.003 87.0904145827562
C10 500.018 88.36697501957224
C10 525.002 89.88082313144953
C10 550.029 91.78727909028014
C10 575.023 93.5075763781321
C10 599.982 95.44556125020796
C10 619.997 96.06311370131947
C10 624.979 96.33651003687838
C10 650.012 97.4123287214313
C10 675.004 98.11009962651008
C10 700.03 98.32016964118347
C10 725.012 98.31911867740862
C10 750.022 98.92092968570282
C10 774.987 99.42457914317312
C10 799.976 99.06584761760448
C10 824.988 97.79481049405767
C10 850.022 96.06006053648453
C10 869.967 93.34861235373603
C10 875.002 92.36919849953664
C10 899.999 85.77538273476623
C10 919.999 77.60196841640928
C10 925.012 74.88060895484986
C10 949.965 61.05691036784294
C10 975.002 45.24708969936505
C10 999.976 28.72840355384222
C10 1025.028 13.999176934514606
C10 1050.014 5.517602489347655
C10 1075.002 0.9424102360826019
C10 1099.99 0.0935050778496243
C11 319.994 59.530853432260095
C11 324.969 62.48711480439919
C11 349.982 73.46432403485893
C11 374.975 80.83224749685007
C11 400.019 86.31264001922617
C11 424.965 86.17341416849919
C11 450.035 86.0862455453348
C11 475.003 86.9169595322968
C11 500.018 88.13419037907909
C11 525.002 89.61351778302364
C11 550.029 91.50626518517073
C11 575.023 93.22613288199065
C11 599.982 95.16899668078767
C11 619.997 95.79275518805865
C11 624.979 96.06695700680265
C11 650.012 97.15646123423379
C11 675.004 97.8677872706275
C11 700.03 98.09850066864468
C11 725.012 98.15182365549812
C11 750.022 98.81132260238213
C11 774.987 99.371493965641
C11 799.976 99.05493907389773
C11 824.988 97.79902202042547
C11 850.022 96.08903491734274
C11 869.967 93.3747406940069
C11 875.002 92.36863082567285
C11 899.999 85.5593751583284
C11 919.999 77.3213764310635
C11 925.012 74.63493658339517
C11 949.965 61.27287191667019
C11 975.002 45.48887273772599
C11 999.976 28.73624167236006
C11 1025.028 14.005248743476555
C11 1050.014 5.473743929919103
C11 1075.002 0.9413655340578603
C11 1099.99 0.09340142347447745
C12 319.994 58.97367002805453
C12 324.969 61.91804476976211
C12 349.982 73.02060252635987
C12 374.975 80.71115652469044
C12 400.019 86.24010050495683
C12 424.965 86.07487672552229
C12 450.035 85.94029966346359
C12 475.003 86.72901345577408
C12 500.018 87.91181564984478
C12 525.002 89.3638563519856
C12 550.029 91.23698064949004
C12 575.023 92.9448428112178
C12 599.982 94.88572742276
C12 619.997 95.51497855822649
C12 624.979 95.78936448741281
C12 650.012 96.88402380722857
C12 675.004 97.61149019239794
C12 700.03 97.876655256932
C12 725.012 97.98053957400427
C12 750.022 98.71184159338839
C12 774.987 99.34589494289176
C12 799.976 99.05959553383443
C12 824.988 97.8182769041835
C12 850.022 96.13262306455916
C12 869.967 93.42987410020972
C12 875.002 92.42284367966411
C12 899.999 85.51630865736519
C12 919.999 77.22436557050406
C12 925.012 74.53488022926922
C12 949.965 61.26733709649831
C12 975.002 45.59017567297174
C12 999.976 28.766057974928415
C12 1025.028 14.042985630698366
C12 1050.014 5.482262394055785
C12 1075.002 0.9404171683817661
C12 1099.99 0.09330732750334104
C13 319.994 58.65947405135333
C13 324.969 61.602414265864596
C13 349.982 72.82118023226661
C13 374.975 80.77332448404309
C13 400.019 86.3559213157054
C13 424.965 86.1774722694984
C13 450.035 86.01856961524976
C13 475.003 86.79293046432866
C13 500.018 87.96107286443059
C13 525.002 89.39362854476049
C13 550.029 91.24186724747963
C13 575.023 92.92897095683716
C13 599.982 94.85769660791861
C13 619.997 95.49019268993078
C13 624.979 95.76935014808025
C13 650.012 96.86809825396892
C13 675.004 97.6116359464981
C13 700.03 97.90444826245206
C13 725.012 98.0663657251935
C13 750.022 98.87258535206011
C13 774.987 99.57347846338969
C13 799.976 99.32360223683563
C13 824.988 98.0942431146663
C13 850.022 96.44679219182086
C13 869.967 93.77013321140014
C13 875.002 92.76554225421512
C13 899.999 85.81328647207637
C13 919.999 77.50211918653092
C13 925.012 74.79537349132971
C13 949.965 61.4649758206817
C13 975.002 45.822423324674816
C13 999.976 28.90264682713275
C13 1025.028 14.122497369061568
C13 1050.014 5.508115048117473
C13 1075.002 0.9419479743169747
C13 1099.99 0.09345921266190993
C14 319.994 58.26826621088839
C14 324.969 61.200750486530254
C14 349.982 72.54637238331668
C14 374.975 80.79089936001508
C14 400.019 86.42669643823595
C14 424.965 86.21610477730935
C14 450.035 86.00218378588436
C14 475.003 86.72120410451285
C14 500.018 87.84848165769084
C14 525.002 89.2590284688965
C14 550.029 91.10004850802349
C14 575.023 92.78974510611019
C14 599.982 94.72403242680302
C14 619.997 95.36198278066857
C14 624.979 95.64220654512974
C14 650.012 96.7497689384439
C14 675.004 97.51784701867905
C14 700.03 97.82806544269955
C14 725.012 98.04305274043625
C14 750.022 98.91350389786305
C14 774.987 99.67733976665669
C14 799.976 99.45672175789272
C14 824.988 98.233499650467
C14 850.022 96.61634256664964
C14 869.967 93.97373634678746
C14 875.002 92.97183033355277
C14 899.999 85.98996345527615
C14 919.999 77.62015699385562
C14 925.012 74.89773122598451
C14 949.965 61.59038955260136
C14 975.002 45.93139752835006
C14 999.976 28.968936175449155
C14 1025.028 14.136535790287551
C14 1050.014 5.503491670525869
C14 1075.002 0.9423372689633293
C14 1099.99 0.09349783811908359
C15 319.994 57.93644549497042
C15 324.969 60.85471491021242
C15 349.982 72.27695743607268
C15 374.975 80.72320041612475
C15 400.019 86.4001308356646
C15 424.965 86.16605742207531
C15 450.035 85.92317739232894
C15 475.003 86.61887705493176
C15 500.018 87.72549588222911
C15 525.002 89.11669575445558
C15 550.029 90.94101544221155
C15 575.023 92.61777061045768
C15 599.982 94.54978723569539
C15 619.997 95.18823622200885
C15 624.979 95.46694107532097
C15 650.012 96.58500543511514
C15 675.004 97.36666166047048
C15 700.03 97.69264454111361
C15 725.012 97.94326488070533
C15 750.022 98.86017323974119
C15 774.987 99.67147124630812
C15 799.976 99.48653230700975
C15 824.988 98.2716795534406
C15 850.022 96.69011715513612
C15 869.967 94.08972592544148
C15 875.002 93.09694872163789
C15 899.999 86.1450151327732
C15 919.999 77.69496720358009
C15 925.012 74.95959233459999
C15 949.965 61.73476666007874
C15 975.002 46.02416234183378
C15 999.976 29.061104547812473
C15 1025.028 14.16693031471378
C15 1050.014 5.524369986465304
C15 1075.002 0.9418287949317471
C15 1099.99 0.09344738779279549
C16 319.994 57.61362701255447
C16 324.969 60.522886523026024
C16 349.982 72.04795473091528
C16 374.975 80.74269310920411
C16 400.019 86.47349884692433
C16 424.965 86.21388778073323
C16 450.035 85.92461191952526
C16 475.003 86.57021819928345
C16 500.018 87.64668894165287
C16 525.002 89.02624382840335
C16 550.029 90.84668185433401
C16 575.023 92.52929020039184
C16 599.982 94.4656641060975
C16 619.997 95.11410108390618
C16 624.979 95.39459334276236
C16 650.012 96.52405720744277
C16 675.004 97.31350744152249
C16 700.03 97.6513194180839
C16 725.012 97.91745106244007
C16 750.022 98.84766140093267
C16 774.987 99.67054302282814
C16 799.976 99.49576084293044
C16 824.988 98.29159416628359
C16 850.022 96.74150698234534
C16 869.967 94.16286379864832
C16 875.002 93.16680329195691
C16 899.999 86.2454243652469
C16 919.999 77.78328651700892
C16 925.012 75.0407850396578
C16 949.965 61.814413604548015
C16 975.002 46.096099661531404
C16 999.976 29.096417314210566
C16 1025.028 14.15036229272317
C16 1050.014 5.528873021033419
C16 1075.002 0.9417094915426958
C16 1099.99 0.09343555062013559
C17 319.994 57.4456147270458
C17 324.969 60.35979919184909
C17 349.982 72.03461439511639
C17 374.975 81.02305495649699
C17 400.019 86.81115739811715
C17 424.965 86.52955280533868
C17 450.035 86.19673482452487
C17 475.003 86.8173097553976
C17 500.018 87.87111957082628
C17 525.002 89.23152697157674
C17 550.029 91.0372208195859
C17 575.023 92.71101487821824
C17 599.982 94.64922221707855
C17 619.997 95.29941591535757
C17 624.979 95.58170325102627
C17 650.012 96.71827071027239
C17 675.004 97.50988424204922
C17 700.03 97.86679000573166
C17 725.012 98.10669358332737
C17 750.022 98.99843251064604
C17 774.987 99.77844708455747
C17 799.976 99.59040128154517
C17 824.988 98.4199344871091
C17 850.022 96.90811926136563
C17 869.967 94.26016616740809
C17 875.002 93.25198505659806
C17 899.999 86.38138225562291
C17 919.999 77.96455091872954
C17 925.012 75.21989381494974
C17 949.965 61.94414242495927
C17 975.002 46.39340734078506
C17 999.976 29.314436680794028
C17 1025.028 14.194925649938682
C17 1050.014 5.631086919405169
C17 1075.002 0.9431462249224334
C17 1099.99 0.09357810198617333
