lsstcam/transmission_sensor/r01_s12/19700101T000000.ecsv
# %ECSV 0.9
# ---
# datatype:
# - {name: amp_name, datatype: string}
# - {name: wavelength, unit: nm, datatype: float32}
# - {name: efficiency, unit: '%', datatype: float32}
# meta: !!omap
# - {MODE: AMP}
# - {TYPE: transmission_sensor}
# - {CALIBDATE: '1970-01-01T00:00:00'}
# - {INSTRUME: LSSTCAM}
# - {OBSTYPE: transmission_sensor}
# - {DETECTOR: 5}
# - {CALIBCLS: lsst.ip.isr.IntermediateSensorTransmissionCurve}
# - {PICKLEFILE: RaftRun10861.p}
# - {CALIB_ID: 'raftName=R01 detectorName=S12 detector=5 calibDate=1970-01-01T00:00:00 ccd=5 ccdnum=5 filter=None'}
# - {DATE: '2020-07-23T19:15:12.734346'}
# - {CALIB_CREATION_DATE: '2020-07-23'}
# - {CALIB_CREATION_TIME: '19:15:12'}
# - __serialized_columns__:
#     efficiency:
#       __class__: astropy.units.quantity.Quantity
#       unit: !astropy.units.Unit {unit: '%'}
#       value: !astropy.table.SerializedColumn {name: efficiency}
#     wavelength:
#       __class__: astropy.units.quantity.Quantity
#       unit: !astropy.units.Unit {unit: nm}
#       value: !astropy.table.SerializedColumn {name: wavelength}
# schema: astropy-2.0
amp_name wavelength efficiency
C00 319.994 59.441986
C00 324.969 62.392063
C00 349.982 73.10213
C00 374.975 79.97599
C00 400.019 85.31184
C00 424.965 85.221596
C00 450.035 85.223
C00 475.003 86.14566
C00 500.018 87.42011
C00 525.002 88.91749
C00 550.029 90.795006
C00 575.023 92.48294
C00 599.982 94.38774
C00 619.997 94.995575
C00 624.979 95.26644
C00 650.012 96.32322
C00 675.004 97.01607
C00 700.03 97.22453
C00 725.012 97.234985
C00 750.022 97.83305
C00 774.987 98.34668
C00 799.976 98.00134
C00 824.988 96.7621
C00 850.022 95.09309
C00 869.967 92.51812
C00 875.002 91.59096
C00 899.999 85.281746
C00 919.999 77.28044
C00 925.012 74.528694
C00 949.965 60.467464
C00 975.002 44.958305
C00 999.976 28.57281
C00 1025.028 13.794804
C00 1050.014 5.460642
C00 1075.002 3.0040915
C00 1099.99 2.1394918
C13 319.994 58.33928
C13 324.969 61.266155
C13 349.982 72.42368
C13 374.975 80.33242
C13 400.019 85.884544
C13 424.965 85.70707
C13 450.035 85.549034
C13 475.003 86.31917
C13 500.018 87.480934
C13 525.002 88.90567
C13 550.029 90.74382
C13 575.023 92.421715
C13 599.982 94.33991
C13 619.997 94.968956
C13 624.979 95.24659
C13 650.012 96.33934
C13 675.004 97.07882
C13 700.03 97.37003
C13 725.012 97.53107
C13 750.022 98.332886
C13 774.987 99.02995
C13 799.976 98.78144
C13 824.988 97.55879
C13 850.022 95.920334
C13 869.967 93.258286
C13 875.002 92.25918
C13 899.999 85.34487
C13 919.999 77.07907
C13 925.012 74.3871
C13 949.965 61.129467
C13 975.002 45.5723
C13 999.976 28.74488
C13 1025.028 14.045409
C13 1050.014 5.478049
C13 1075.002 3.0149589
C13 1099.99 2.1404495
C15 319.994 57.620197
C15 324.969 60.522537
C15 349.982 71.88243
C15 374.975 80.28257
C15 400.019 85.92851
C15 424.965 85.69572
C15 450.035 85.45416
C15 475.003 86.146065
C15 500.018 87.24664
C15 525.002 88.63025
C15 550.029 90.44461
C15 575.023 92.11221
C15 599.982 94.03368
C15 619.997 94.66865
C15 624.979 94.94583
C15 650.012 96.05779
C15 675.004 96.83518
C15 700.03 97.159386
C15 725.012 97.40864
C15 750.022 98.32054
C15 774.987 99.12741
C15 799.976 98.94348
C15 824.988 97.73526
C15 850.022 96.16233
C15 869.967 93.57613
C15 875.002 92.588776
C15 899.999 85.67479
C15 919.999 77.27087
C15 925.012 74.55042
C15 949.965 61.397785
C15 975.002 45.772938
C15 999.976 28.902473
C15 1025.028 14.0896
C15 1050.014 5.494215
C15 1075.002 3.0368168
C15 1099.99 2.1537223
C10 319.994 59.687756
C10 324.969 62.64861
C10 349.982 73.4433
C10 374.975 80.45041
C10 400.019 85.83594
C10 424.965 85.735435
C10 450.035 85.71438
C10 475.003 86.61503
C10 500.018 87.88462
C10 525.002 89.390205
C10 550.029 91.286255
C10 575.023 92.99716
C10 599.982 94.92457
C10 619.997 95.53875
C10 624.979 95.81065
C10 650.012 96.8806
C10 675.004 97.57456
C10 700.03 97.783485
C10 725.012 97.78244
C10 750.022 98.38097
C10 774.987 98.88187
C10 799.976 98.52509
C10 824.988 97.260994
C10 850.022 95.53571
C10 869.967 92.839066
C10 875.002 91.865
C10 899.999 85.307175
C10 919.999 77.178375
C10 925.012 74.47187
C10 949.965 60.72363
C10 975.002 45.000107
C10 999.976 28.571589
C10 1025.028 13.922762
C10 1050.014 5.4874845
C10 1075.002 2.988221
C10 1099.99 2.1333222
C06 319.994 57.218098
C06 324.969 60.116287
C06 349.982 71.589874
C06 374.975 80.20921
C06 400.019 85.908134
C06 424.965 85.64549
C06 450.035 85.32357
C06 475.003 85.91328
C06 500.018 86.96872
C06 525.002 88.35251
C06 550.029 90.19819
C06 575.023 91.906555
C06 599.982 93.859116
C06 619.997 94.51746
C06 624.979 94.79617
C06 650.012 95.92166
C06 675.004 96.70421
C06 700.03 97.05537
C06 725.012 97.32687
C06 750.022 98.2514
C06 774.987 99.07436
C06 799.976 98.897125
C06 824.988 97.71774
C06 850.022 96.19165
C06 869.967 93.617805
C06 875.002 92.63071
C06 899.999 85.81812
C06 919.999 77.511185
C06 925.012 74.80729
C06 949.965 61.803288
C06 975.002 46.058308
C06 999.976 29.016914
C06 1025.028 14.01473
C06 1050.014 5.493995
C06 1075.002 3.052359
C06 1099.99 2.169435
C11 319.994 59.205902
C11 324.969 62.146027
C11 349.982 73.06332
C11 374.975 80.39102
C11 400.019 85.8415
C11 424.965 85.70303
C11 450.035 85.61634
C11 475.003 86.44252
C11 500.018 87.65311
C11 525.002 89.12436
C11 550.029 91.006775
C11 575.023 92.717255
C11 599.982 94.64951
C11 619.997 95.26987
C11 624.979 95.54257
C11 650.012 96.62613
C11 675.004 97.33357
C11 700.03 97.56303
C11 725.012 97.61606
C11 750.022 98.27196
C11 774.987 98.82907
C11 799.976 98.514244
C11 824.988 97.26518
C11 850.022 95.56453
C11 869.967 92.86505
C11 875.002 91.86443
C11 899.999 85.09235
C11 919.999 76.899315
C11 925.012 74.22754
C11 949.965 60.93841
C11 975.002 45.24057
C11 999.976 28.579384
C11 1025.028 13.928801
C11 1050.014 5.4438653
C11 1075.002 2.9748402
C11 1099.99 2.1207457
C16 319.994 57.29914
C16 324.969 60.19252
C16 349.982 71.65468
C16 374.975 80.301956
C16 400.019 86.00148
C16 424.965 85.743286
C16 450.035 85.45559
C16 475.003 86.09767
C16 500.018 87.16827
C16 525.002 88.54029
C16 550.029 90.35079
C16 575.023 92.024216
C16 599.982 93.95002
C16 619.997 94.59492
C16 624.979 94.87388
C16 650.012 95.99718
C16 675.004 96.78232
C16 700.03 97.118286
C16 725.012 97.382965
C16 750.022 98.3081
C16 774.987 99.12649
C16 799.976 98.95266
C16 824.988 97.755066
C16 850.022 96.21344
C16 869.967 93.64887
C16 875.002 92.65825
C16 899.999 85.77465
C16 919.999 77.3587
C16 925.012 74.63117
C16 949.965 61.476997
C16 975.002 45.844482
C16 999.976 28.937593
C16 1025.028 14.073122
C16 1050.014 5.4986935
C16 1075.002 3.0489166
C16 1099.99 2.1628008
C04 319.994 58.11547
C04 324.969 61.04026
C04 349.982 72.20285
C04 374.975 80.16685
C04 400.019 85.701035
C04 424.965 85.52804
C04 450.035 85.37839
C04 475.003 86.16871
C04 500.018 87.34365
C04 525.002 88.75588
C04 550.029 90.56171
C04 575.023 92.20363
C04 599.982 94.10204
C04 619.997 94.7214
C04 624.979 94.99776
C04 650.012 96.08017
C04 675.004 96.83342
C04 700.03 97.160484
C04 725.012 97.382095
C04 750.022 98.251015
C04 774.987 99.02683
C04 799.976 98.8106
C04 824.988 97.63157
C04 850.022 96.071556
C04 869.967 93.50399
C04 875.002 92.5321
C04 899.999 85.689064
C04 919.999 77.54091
C04 925.012 74.857605
C04 949.965 61.756405
C04 975.002 46.012127
C04 999.976 29.031694
C04 1025.028 14.073486
C04 1050.014 5.499151
C04 1075.002 3.0552382
C04 1099.99 2.1691358
C02 319.994 58.676502
C02 324.969 61.613457
C02 349.982 72.61007
C02 374.975 80.15712
C02 400.019 85.62077
C02 424.965 85.47136
C02 450.035 85.348625
C02 475.003 86.13901
C02 500.018 87.32504
C02 525.002 88.76882
C02 550.029 90.63277
C02 575.023 92.32606
C02 599.982 94.257355
C02 619.997 94.88491
C02 624.979 95.15708
C02 650.012 96.232506
C02 675.004 96.9492
C02 700.03 97.22962
C02 725.012 97.342995
C02 750.022 98.0771
C02 774.987 98.717636
C02 799.976 98.42983
C02 824.988 97.228325
C02 850.022 95.601364
C02 869.967 92.993385
C02 875.002 92.02115
C02 899.999 85.32314
C02 919.999 77.26711
C02 925.012 74.599884
C02 949.965 61.26532
C02 975.002 45.5139
C02 999.976 28.776232
C02 1025.028 13.943701
C02 1050.014 5.4506426
C02 1075.002 3.0272334
C02 1099.99 2.1551569
C05 319.994 57.635124
C05 324.969 60.5436
C05 349.982 71.854324
C05 374.975 80.13195
C05 400.019 85.74437
C05 424.965 85.530815
C05 450.035 85.30074
C05 475.003 85.996185
C05 500.018 87.11283
C05 525.002 88.50876
C05 550.029 90.32808
C05 575.023 91.998795
C05 599.982 93.92322
C05 619.997 94.5583
C05 624.979 94.83792
C05 650.012 95.93948
C05 675.004 96.71247
C05 700.03 97.05259
C05 725.012 97.3086
C05 750.022 98.22437
C05 774.987 99.03937
C05 799.976 98.85457
C05 824.988 97.67369
C05 850.022 96.13392
C05 869.967 93.56772
C05 875.002 92.58919
C05 899.999 85.75522
C05 919.999 77.50761
C05 925.012 74.81335
C05 949.965 61.781483
C05 975.002 46.035065
C05 999.976 29.024837
C05 1025.028 14.061511
C05 1050.014 5.497433
C05 1075.002 3.0566235
C05 1099.99 2.1712897
C03 319.994 58.532063
C03 324.969 61.469078
C03 349.982 72.534454
C03 374.975 80.262344
C03 400.019 85.754196
C03 424.965 85.60333
C03 450.035 85.49442
C03 475.003 86.32637
C03 500.018 87.52696
C03 525.002 88.95919
C03 550.029 90.78035
C03 575.023 92.424355
C03 599.982 94.32384
C03 619.997 94.94219
C03 624.979 95.21452
C03 650.012 96.29085
C03 675.004 97.021095
C03 700.03 97.33205
C03 725.012 97.503456
C03 750.022 98.30648
C03 774.987 99.02235
C03 799.976 98.77253
C03 824.988 97.58789
C03 850.022 96.00091
C03 869.967 93.41321
C03 875.002 92.44718
C03 899.999 85.66041
C03 919.999 77.56486
C03 925.012 74.89207
C03 949.965 61.67714
C03 975.002 45.91348
C03 999.976 29.000086
C03 1025.028 14.067126
C03 1050.014 5.502497
C03 1075.002 3.0582142
C03 1099.99 2.1732812
C12 319.994 58.65176
C12 324.969 61.580063
C12 349.982 72.62202
C12 374.975 80.27059
C12 400.019 85.769356
C12 424.965 85.605034
C12 450.035 85.47119
C12 475.003 86.2556
C12 500.018 87.431946
C12 525.002 88.87606
C12 550.029 90.73896
C12 575.023 92.4375
C12 599.982 94.36779
C12 619.997 94.99361
C12 624.979 95.266495
C12 650.012 96.35518
C12 675.004 97.078674
C12 700.03 97.34239
C12 725.012 97.44571
C12 750.022 98.17302
C12 774.987 98.80361
C12 799.976 98.518875
C12 824.988 97.28433
C12 850.022 95.60788
C12 869.967 92.91988
C12 875.002 91.91835
C12 899.999 85.049515
C12 919.999 76.80283
C12 925.012 74.12803
C12 949.965 60.932907
C12 975.002 45.34132
C12 999.976 28.609037
C12 1025.028 13.9663315
C12 1050.014 5.4523373
C12 1075.002 2.9928443
C12 1099.99 2.1280112
C01 319.994 59.134922
C01 324.969 62.081142
C01 349.982 72.94389
C01 374.975 80.180786
C01 400.019 85.58822
C01 424.965 85.46098
C01 450.035 85.38918
C01 475.003 86.22557
C01 500.018 87.44105
C01 525.002 88.906845
C01 550.029 90.78009
C01 575.023 92.48623
C01 599.982 94.41206
C01 619.997 95.0305
C01 624.979 95.304115
C01 650.012 96.37013
C01 675.004 97.073685
C01 700.03 97.31855
C01 725.012 97.375786
C01 750.022 98.04181
C01 774.987 98.61429
C01 799.976 98.300224
C01 824.988 97.07916
C01 850.022 95.44524
C01 869.967 92.861176
C01 875.002 91.89745
C01 899.999 85.35185
C01 919.999 77.34577
C01 925.012 74.673454
C01 949.965 61.062393
C01 975.002 45.29137
C01 999.976 28.719854
C01 1025.028 13.895509
C01 1050.014 5.4557476
C01 1075.002 3.0242083
C01 1099.99 2.154435
C07 319.994 57.902782
C07 324.969 60.844944
C07 349.982 72.63823
C07 374.975 81.68385
C07 400.019 87.51781
C07 424.965 87.22864
C07 450.035 86.8644
C07 475.003 87.44782
C07 500.018 88.499695
C07 525.002 89.881935
C07 550.029 91.733826
C07 575.023 93.45296
C07 599.982 95.43174
C07 619.997 96.09825
C07 624.979 96.385605
C07 650.012 97.52809
C07 675.004 98.32606
C07 700.03 98.70491
C07 725.012 98.950676
C07 750.022 99.85027
C07 774.987 100.64442
C07 799.976 100.44743
C07 824.988 99.287926
C07 850.022 97.77839
C07 869.967 95.090836
C07 875.002 94.08654
C07 899.999 87.21924
C07 919.999 78.83998
C07 925.012 76.1023
C07 949.965 62.870426
C07 975.002 47.04184
C07 999.976 29.624557
C07 1025.028 14.2867985
C07 1050.014 5.695993
C07 1075.002 3.1619093
C07 1099.99 2.2373657
C17 319.994 57.132046
C17 324.969 60.030323
C17 349.982 71.64141
C17 374.975 80.58079
C17 400.019 86.337296
C17 424.965 86.05723
C17 450.035 85.72623
C17 475.003 86.343414
C17 500.018 87.39147
C17 525.002 88.74445
C17 550.029 90.54029
C17 575.023 92.20495
C17 599.982 94.132576
C17 619.997 94.77922
C17 624.979 95.05997
C17 650.012 96.19033
C17 675.004 96.97762
C17 700.03 97.33258
C17 725.012 97.571175
C17 750.022 98.458046
C17 774.987 99.2338
C17 799.976 99.04678
C17 824.988 97.882706
C17 850.022 96.37914
C17 869.967 93.74564
C17 875.002 92.742966
C17 899.999 85.90987
C17 919.999 77.53898
C17 925.012 74.8093
C17 949.965 61.606018
C17 975.002 46.140167
C17 999.976 29.154423
C17 1025.028 14.117442
C17 1050.014 5.6003494
C17 1075.002 3.1050656
C17 1099.99 2.194162
C14 319.994 57.950207
C14 324.969 60.866684
C14 349.982 72.150375
C14 374.975 80.3499
C14 400.019 85.95493
C14 424.965 85.74549
C14 450.035 85.53274
C14 475.003 86.24783
C14 500.018 87.36896
C14 525.002 88.771805
C14 550.029 90.602776
C14 575.023 92.28325
C14 599.982 94.20698
C14 619.997 94.841446
C14 624.979 95.12014
C14 650.012 96.22166
C14 675.004 96.98554
C14 700.03 97.29407
C14 725.012 97.50788
C14 750.022 98.37358
C14 774.987 99.13325
C14 799.976 98.91383
C14 824.988 97.69729
C14 850.022 96.08896
C14 869.967 93.46078
C14 875.002 92.46434
C14 899.999 85.520584
C14 919.999 77.196465
C14 925.012 74.4889
C14 949.965 61.254196
C14 975.002 45.68068
C14 999.976 28.810808
C14 1025.028 14.059371
C14 1050.014 5.4734507
C14 1075.002 3.0146086
C14 1099.99 2.1401715
