lsstCam/transmission_sensor/r03_s21/19700101T000000.ecsv
# %ECSV 1.0
# ---
# datatype:
# - {name: amp_name, datatype: string}
# - {name: wavelength, unit: nm, datatype: float32}
# - {name: efficiency, unit: '%', datatype: float64}
# meta: !!omap
# - {MODE: AMP}
# - {TYPE: transmission_sensor}
# - {CALIBDATE: '1970-01-01T00:00:00'}
# - {INSTRUME: LSSTCAM}
# - {OBSTYPE: transmission_sensor}
# - {DETECTOR: 25}
# - {PARQUETFILE: qe_raft_allvalues_nircorrected_20230725.parquet}
# - {CALIBCLS: lsst.ip.isr.IntermediateSensorTransmissionCurve}
# - {CALIB_ID: 'raftName=R03 detectorName=S21 detector=25 calibDate=1970-01-01T00:00:00 ccd=25 ccdnum=25 filter=None'}
# - {DATE: '2023-08-02T16:57:55.559201'}
# - {CALIB_CREATION_DATE: '2023-08-02'}
# - {CALIB_CREATION_TIME: '16:57:55'}
# - __serialized_columns__:
#     efficiency:
#       __class__: astropy.units.quantity.Quantity
#       unit: !astropy.units.Unit {unit: '%'}
#       value: !astropy.table.SerializedColumn {name: efficiency}
#     wavelength:
#       __class__: astropy.units.quantity.Quantity
#       unit: !astropy.units.Unit {unit: nm}
#       value: !astropy.table.SerializedColumn {name: wavelength}
# schema: astropy-2.0
amp_name wavelength efficiency
C00 319.992 45.51385498046875
C00 330.006 48.42463684082031
C00 349.994 55.79496383666992
C00 370.001 68.4762954711914
C00 400.009 88.2913818359375
C00 429.983 92.62139892578125
C00 449.989 92.18213653564453
C00 469.993 91.19029235839844
C00 500.016 90.27900695800781
C00 549.99 91.16473388671875
C00 569.998 91.70474243164062
C00 599.983 93.44928741455078
C00 630.013 95.16117858886719
C00 649.987 95.9429931640625
C00 670.017 96.90432739257812
C00 699.987 98.42217254638672
C00 720.012 99.0013198852539
C00 749.995 99.84429931640625
C00 770.007 100.39012908935547
C00 800.008 101.0399169921875
C00 830.013 100.53718566894531
C00 869.994 97.56360626220703
C00 900.005 92.27959442138672
C00 919.989 86.24700164794922
C00 959.989 74.2359390258789
C00 1000.013 38.863250732421875
C00 1030.002 17.23353385925293
C00 1049.996 9.205339431762695
C00 1080.005 0.6921726550007751
C00 1100.007 0.09415705023735119
C01 319.992 45.231231689453125
C01 330.006 48.03297805786133
C01 349.994 55.24071502685547
C01 370.001 67.88513946533203
C01 400.009 87.98028564453125
C01 429.983 92.51459503173828
C01 449.989 92.11134338378906
C01 469.993 91.09386444091797
C01 500.016 90.11408996582031
C01 549.99 90.93263244628906
C01 569.998 91.47042083740234
C01 599.983 93.21148681640625
C01 630.013 94.91441345214844
C01 649.987 95.69739532470703
C01 670.017 96.6585922241211
C01 699.987 98.18484497070312
C01 720.012 98.7667465209961
C01 749.995 99.63176727294922
C01 770.007 100.19084930419922
C01 800.008 100.85208892822266
C01 830.013 100.37837982177734
C01 869.994 97.4726333618164
C01 900.005 92.16246795654297
C01 919.989 86.14935302734375
C01 959.989 74.04757690429688
C01 1000.013 39.094573974609375
C01 1030.002 17.177141189575195
C01 1049.996 9.273530960083008
C01 1080.005 0.6906992984134576
C01 1100.007 0.09395662782943415
C02 319.992 45.096004486083984
C02 330.006 47.78717041015625
C02 349.994 54.84279251098633
C02 370.001 67.43798065185547
C02 400.009 87.863525390625
C02 429.983 92.63603973388672
C02 449.989 92.29508209228516
C02 469.993 91.27931213378906
C02 500.016 90.25955963134766
C02 549.99 90.98738098144531
C02 569.998 91.48692321777344
C02 599.983 93.19449615478516
C02 630.013 94.87844848632812
C02 649.987 95.65428161621094
C02 670.017 96.61124420166016
C02 699.987 98.14132690429688
C02 720.012 98.73278045654297
C02 749.995 99.61320495605469
C02 770.007 100.1812973022461
C02 800.008 100.86661529541016
C02 830.013 100.42191314697266
C02 869.994 97.5699462890625
C02 900.005 92.20771026611328
C02 919.989 86.25067138671875
C02 959.989 74.34590911865234
C02 1000.013 39.28854751586914
C02 1030.002 17.2451114654541
C02 1049.996 9.327461242675781
C02 1080.005 0.6905706315652861
C02 1100.007 0.09393912512862729
C03 319.992 44.947792053222656
C03 330.006 47.52910232543945
C03 349.994 54.437347412109375
C03 370.001 66.9696273803711
C03 400.009 87.6871566772461
C03 429.983 92.68878936767578
C03 449.989 92.41244506835938
C03 469.993 91.40370178222656
C03 500.016 90.36076354980469
C03 549.99 90.98773193359375
C03 569.998 91.46127319335938
C03 599.983 93.13175964355469
C03 630.013 94.80003356933594
C03 649.987 95.56556701660156
C03 670.017 96.52804565429688
C03 699.987 98.05107116699219
C03 720.012 98.65766906738281
C03 749.995 99.54801940917969
C03 770.007 100.1292724609375
C03 800.008 100.83477020263672
C03 830.013 100.42584991455078
C03 869.994 97.61547088623047
C03 900.005 92.18765258789062
C03 919.989 86.2940673828125
C03 959.989 74.6281967163086
C03 1000.013 39.4400634765625
C03 1030.002 17.282564163208008
C03 1049.996 9.34796142578125
C03 1080.005 0.6901187497416243
C03 1100.007 0.09387765511928141
C04 319.992 44.84147262573242
C04 330.006 47.32032775878906
C04 349.994 54.08979797363281
C04 370.001 66.56497955322266
C04 400.009 87.56324768066406
C04 429.983 92.79071807861328
C04 449.989 92.57091522216797
C04 469.993 91.56758880615234
C04 500.016 90.49595642089844
C04 549.99 91.04253387451172
C04 569.998 91.49618530273438
C04 599.983 93.13618469238281
C04 630.013 94.78536224365234
C04 649.987 95.54833221435547
C04 670.017 96.51406860351562
C04 699.987 98.03709411621094
C04 720.012 98.64997863769531
C04 749.995 99.55780029296875
C04 770.007 100.15026092529297
C04 800.008 100.86605834960938
C04 830.013 100.48648071289062
C04 869.994 97.72301483154297
C04 900.005 92.26898193359375
C04 919.989 86.42761993408203
C04 959.989 74.94694519042969
C04 1000.013 39.580039978027344
C04 1030.002 17.32630157470703
C04 1049.996 9.3629789352417
C04 1080.005 0.6901865756183985
C04 1100.007 0.09388688155208061
C05 319.992 44.75468826293945
C05 330.006 47.14087677001953
C05 349.994 53.77112579345703
C05 370.001 66.1895523071289
C05 400.009 87.43817901611328
C05 429.983 92.87258911132812
C05 449.989 92.7070083618164
C05 469.993 91.71678924560547
C05 500.016 90.61974334716797
C05 549.99 91.08929443359375
C05 569.998 91.51219940185547
C05 599.983 93.12351989746094
C05 630.013 94.7563705444336
C05 649.987 95.5185775756836
C05 670.017 96.47953796386719
C05 699.987 98.01304626464844
C05 720.012 98.6327133178711
C05 749.995 99.54886627197266
C05 770.007 100.15408325195312
C05 800.008 100.885986328125
C05 830.013 100.52803039550781
C05 869.994 97.80557250976562
C05 900.005 92.34146881103516
C05 919.989 86.56681060791016
C05 959.989 75.23759460449219
C05 1000.013 39.64789581298828
C05 1030.002 17.355525970458984
C05 1049.996 9.37593936920166
C05 1080.005 0.6901246568196928
C05 1100.007 0.09387845866597229
C06 319.992 44.78389358520508
C06 330.006 47.09585189819336
C06 349.994 53.622440338134766
C06 370.001 66.01814270019531
C06 400.009 87.52522277832031
C06 429.983 93.15320587158203
C06 449.989 93.0232162475586
C06 469.993 92.04232025146484
C06 500.016 90.90576934814453
C06 549.99 91.31937408447266
C06 569.998 91.71465301513672
C06 599.983 93.30438995361328
C06 630.013 94.92957305908203
C06 649.987 95.6872787475586
C06 670.017 96.64352416992188
C06 699.987 98.19178771972656
C06 720.012 98.8084487915039
C06 749.995 99.73831176757812
C06 770.007 100.35121154785156
C06 800.008 101.11133575439453
C06 830.013 100.75516510009766
C06 869.994 98.04822540283203
C06 900.005 92.53459167480469
C06 919.989 86.7827377319336
C06 959.989 75.55868530273438
C06 1000.013 39.73977279663086
C06 1030.002 17.388179779052734
C06 1049.996 9.4005126953125
C06 1080.005 0.6914380042774055
C06 1100.007 0.09405711484613419
C07 319.992 44.59563446044922
C07 330.006 46.816261291503906
C07 349.994 53.21095275878906
C07 370.001 65.49634552001953
C07 400.009 87.1957778930664
C07 429.983 92.99569702148438
C07 449.989 92.90410614013672
C07 469.993 91.9108657836914
C07 500.016 90.74686431884766
C07 549.99 91.11436462402344
C07 569.998 91.51173400878906
C07 599.983 93.09342193603516
C07 630.013 94.70455169677734
C07 649.987 95.45368957519531
C07 670.017 96.41338348388672
C07 699.987 97.95687103271484
C07 720.012 98.57734680175781
C07 749.995 99.51632690429688
C07 770.007 100.13220977783203
C07 800.008 100.89578247070312
C07 830.013 100.56390380859375
C07 869.994 97.88996887207031
C07 900.005 92.20706939697266
C07 919.989 86.41572570800781
C07 959.989 75.61161804199219
C07 1000.013 39.56215286254883
C07 1030.002 17.290794372558594
C07 1049.996 9.340070724487305
C07 1080.005 0.6898990994304407
C07 1100.007 0.0938477758323212
C10 319.992 45.309017181396484
C10 330.006 48.13309097290039
C10 349.994 55.39876937866211
C10 370.001 67.91425323486328
C10 400.009 87.70077514648438
C10 429.983 92.1107177734375
C10 449.989 91.7215576171875
C10 469.993 90.70186614990234
C10 500.016 89.84502410888672
C10 549.99 90.78131103515625
C10 569.998 91.37646484375
C10 599.983 93.14265441894531
C10 630.013 94.85979461669922
C10 649.987 95.64408111572266
C10 670.017 96.61566162109375
C10 699.987 98.1077880859375
C10 720.012 98.7147445678711
C10 749.995 99.57476806640625
C10 770.007 100.11758422851562
C10 800.008 100.74124908447266
C10 830.013 100.27909851074219
C10 869.994 97.44966125488281
C10 900.005 92.08758544921875
C10 919.989 85.59696960449219
C10 959.989 73.23050689697266
C10 1000.013 38.899574279785156
C10 1030.002 16.816329956054688
C10 1049.996 9.049540519714355
C10 1080.005 0.690304132554103
C10 1100.007 0.09390287295859011
C11 319.992 45.005348205566406
C11 330.006 47.735660552978516
C11 349.994 54.871402740478516
C11 370.001 67.3941650390625
C11 400.009 87.40973663330078
C11 429.983 92.0040512084961
C11 449.989 91.66132354736328
C11 469.993 90.63046264648438
C11 500.016 89.70430755615234
C11 549.99 90.51104736328125
C11 569.998 91.08289337158203
C11 599.983 92.83043670654297
C11 630.013 94.54107666015625
C11 649.987 95.31925964355469
C11 670.017 96.28668212890625
C11 699.987 97.77711486816406
C11 720.012 98.39057159423828
C11 749.995 99.25259399414062
C11 770.007 99.80867767333984
C11 800.008 100.44244384765625
C11 830.013 100.01127624511719
C11 869.994 97.21731567382812
C11 900.005 91.9581527709961
C11 919.989 85.5586929321289
C11 959.989 73.1574935913086
C11 1000.013 38.98520278930664
C11 1030.002 16.842784881591797
C11 1049.996 9.068133354187012
C11 1080.005 0.6880706711002437
C11 1100.007 0.09359905260279465
C12 319.992 44.93630599975586
C12 330.006 47.562164306640625
C12 349.994 54.5567512512207
C12 370.001 67.0655746459961
C12 400.009 87.43546295166016
C12 429.983 92.26953125
C12 449.989 91.98143005371094
C12 469.993 90.95039367675781
C12 500.016 89.96896362304688
C12 549.99 90.68734741210938
C12 569.998 91.23046112060547
C12 599.983 92.94578552246094
C12 630.013 94.6328125
C12 649.987 95.40670776367188
C12 670.017 96.37046813964844
C12 699.987 97.8672103881836
C12 720.012 98.48194885253906
C12 749.995 99.36105346679688
C12 770.007 99.93008422851562
C12 800.008 100.58495330810547
C12 830.013 100.19801330566406
C12 869.994 97.45076751708984
C12 900.005 92.2107162475586
C12 919.989 85.90924072265625
C12 959.989 73.58963775634766
C12 1000.013 39.251155853271484
C12 1030.002 17.00844955444336
C12 1049.996 9.147533416748047
C12 1080.005 0.6888225888240838
C12 1100.007 0.09370133684414177
C13 319.992 44.83621597290039
C13 330.006 47.356075286865234
C13 349.994 54.203125
C13 370.001 66.66307067871094
C13 400.009 87.33082580566406
C13 429.983 92.40118408203125
C13 449.989 92.17831420898438
C13 469.993 91.15677642822266
C13 500.016 90.14018249511719
C13 549.99 90.75580596923828
C13 569.998 91.25865936279297
C13 599.983 92.93597412109375
C13 630.013 94.60214233398438
C13 649.987 95.36717987060547
C13 670.017 96.32917785644531
C13 699.987 97.82785034179688
C13 720.012 98.4534683227539
C13 749.995 99.35460662841797
C13 770.007 99.9372329711914
C13 800.008 100.60901641845703
C13 830.013 100.24454498291016
C13 869.994 97.54875946044922
C13 900.005 92.34346771240234
C13 919.989 86.10995483398438
C13 959.989 73.88629150390625
C13 1000.013 39.411495208740234
C13 1030.002 17.106246948242188
C13 1049.996 9.18302059173584
C13 1080.005 0.6887779204933208
C13 1100.007 0.09369526055922459
C14 319.992 44.68655776977539
C14 330.006 47.10411071777344
C14 349.994 53.797393798828125
C14 370.001 66.19444274902344
C14 400.009 87.10234069824219
C14 429.983 92.3966064453125
C14 449.989 92.23843383789062
C14 469.993 91.23432159423828
C14 500.016 90.19203186035156
C14 549.99 90.71683502197266
C14 569.998 91.18402099609375
C14 599.983 92.82210540771484
C14 630.013 94.46570587158203
C14 649.987 95.21794128417969
C14 670.017 96.1776123046875
C14 699.987 97.67706298828125
C14 720.012 98.30392456054688
C14 749.995 99.2146224975586
C14 770.007 99.80900573730469
C14 800.008 100.50323486328125
C14 830.013 100.15958404541016
C14 869.994 97.51301574707031
C14 900.005 92.31560516357422
C14 919.989 86.13799285888672
C14 959.989 73.98004913330078
C14 1000.013 39.458763122558594
C14 1030.002 17.15652084350586
C14 1049.996 9.215457916259766
C14 1080.005 0.6878074951401394
C14 1100.007 0.09356325247125555
C15 319.992 44.65287780761719
C15 330.006 46.97944641113281
C15 349.994 53.55030059814453
C15 370.001 65.90291595458984
C15 400.009 87.08223724365234
C15 429.983 92.58872985839844
C15 449.989 92.48538970947266
C15 469.993 91.50201416015625
C15 500.016 90.42638397216797
C15 549.99 90.86408996582031
C15 569.998 91.29988861083984
C15 599.983 92.8998794555664
C15 630.013 94.52135467529297
C15 649.987 95.27356719970703
C15 670.017 96.2280502319336
C15 699.987 97.73777770996094
C15 720.012 98.36798858642578
C15 749.995 99.28800964355469
C15 770.007 99.88423919677734
C15 800.008 100.59933471679688
C15 830.013 100.26893615722656
C15 869.994 97.648193359375
C15 900.005 92.42308044433594
C15 919.989 86.27606964111328
C15 959.989 74.14051818847656
C15 1000.013 39.544307708740234
C15 1030.002 17.211454391479492
C15 1049.996 9.267921447753906
C15 1080.005 0.6883162589723073
C15 1100.007 0.09363246020628856
C16 319.992 44.59412384033203
C16 330.006 46.833839416503906
C16 349.994 53.277618408203125
C16 370.001 65.57119750976562
C16 400.009 86.95703125
C16 429.983 92.65857696533203
C16 449.989 92.62602996826172
C16 469.993 91.65901184082031
C16 500.016 90.5685043334961
C16 549.99 90.93238067626953
C16 569.998 91.3371353149414
C16 599.983 92.90388488769531
C16 630.013 94.50221252441406
C16 649.987 95.24298858642578
C16 670.017 96.1950912475586
C16 699.987 97.70356750488281
C16 720.012 98.3459243774414
C16 749.995 99.27224731445312
C16 770.007 99.8835220336914
C16 800.008 100.60631561279297
C16 830.013 100.29180145263672
C16 869.994 97.68234252929688
C16 900.005 92.42598724365234
C16 919.989 86.3119125366211
C16 959.989 74.23578643798828
C16 1000.013 39.55680847167969
C16 1030.002 17.24250602722168
C16 1049.996 9.287253379821777
C16 1080.005 0.6882070039661183
C16 1100.007 0.09361759812089397
C17 319.992 44.553680419921875
C17 330.006 46.71430587768555
C17 349.994 53.045894622802734
C17 370.001 65.24771881103516
C17 400.009 86.81431579589844
C17 429.983 92.6892318725586
C17 449.989 92.69801330566406
C17 469.993 91.72219848632812
C17 500.016 90.60977935791016
C17 549.99 90.92932891845703
C17 569.998 91.3304443359375
C17 599.983 92.89460754394531
C17 630.013 94.4906234741211
C17 649.987 95.23210144042969
C17 670.017 96.18499755859375
C17 699.987 97.69154357910156
C17 720.012 98.33627319335938
C17 749.995 99.27803039550781
C17 770.007 99.8935317993164
C17 800.008 100.63362121582031
C17 830.013 100.33746337890625
C17 869.994 97.74241638183594
C17 900.005 92.37396240234375
C17 919.989 86.29971313476562
C17 959.989 74.46239471435547
C17 1000.013 39.5655403137207
C17 1030.002 17.252727508544922
C17 1049.996 9.265501022338867
C17 1080.005 0.6882471073945381
C17 1100.007 0.09362305343684316
