lsstCam/transmission_sensor/r03_s21/19700101T000000.ecsv
# %ECSV 1.0
# ---
# datatype:
# - {name: amp_name, datatype: string}
# - {name: wavelength, unit: nm, datatype: float32}
# - {name: efficiency, unit: '%', datatype: float64}
# meta: !!omap
# - {MODE: AMP}
# - {TYPE: transmission_sensor}
# - {CALIBDATE: '1970-01-01T00:00:00'}
# - {INSTRUME: LSSTCAM}
# - {OBSTYPE: transmission_sensor}
# - {DETECTOR: 25}
# - {PARQUETFILE: qe_raft_allvalues_nircorrected_20230725.parquet}
# - {CALIBCLS: lsst.ip.isr.IntermediateSensorTransmissionCurve}
# - {CALIB_ID: 'raftName=R03 detectorName=S21 detector=25 calibDate=1970-01-01T00:00:00 ccd=25 ccdnum=25 filter=None'}
# - {DATE: '2024-01-18T22:42:25.059811'}
# - {CALIB_CREATION_DATE: '2024-01-18'}
# - {CALIB_CREATION_TIME: '22:42:25'}
# - __serialized_columns__:
#     efficiency:
#       __class__: astropy.units.quantity.Quantity
#       unit: !astropy.units.Unit {unit: '%'}
#       value: !astropy.table.SerializedColumn {name: efficiency}
#     wavelength:
#       __class__: astropy.units.quantity.Quantity
#       unit: !astropy.units.Unit {unit: nm}
#       value: !astropy.table.SerializedColumn {name: wavelength}
# schema: astropy-2.0
amp_name wavelength efficiency
C00 319.992 44.584210642572536
C00 330.006 48.40665706635642
C00 349.994 57.0341050344222
C00 370.001 69.99822907881106
C00 400.009 86.50655189910785
C00 429.983 88.32254048557046
C00 449.989 87.60616358868226
C00 469.993 87.24118820331671
C00 500.016 87.0352989257818
C00 549.99 88.67899591227297
C00 569.998 89.38167333527981
C00 599.983 91.1970585058141
C00 630.013 92.70210040698146
C00 649.987 93.6698665994646
C00 670.017 94.67031443043416
C00 699.987 95.7657246604651
C00 720.012 96.17410190107037
C00 749.995 97.67135665923658
C00 770.007 98.74475343885116
C00 800.008 99.26680709873855
C00 830.013 98.6506986931339
C00 869.994 95.32240782239246
C00 900.005 88.04779545465325
C00 919.989 80.24466114673318
C00 959.989 58.82053993480334
C00 1000.013 31.464324637736258
C00 1030.002 13.368731542563914
C00 1049.996 6.278305225395454
C00 1080.005 0.5004448860215639
C00 1100.007 0.12079719359539967
C01 319.992 44.30736008037461
C01 330.006 48.01514370393219
C01 349.994 56.467547003724356
C01 370.001 69.39393421684868
C01 400.009 86.20174458645862
C01 429.983 88.22069370539836
C01 449.989 87.53888464858078
C01 469.993 87.14893621158163
C01 500.016 86.87630737063924
C01 549.99 88.45322305242266
C01 569.998 89.15328758732113
C01 599.983 90.96498915930854
C01 630.013 92.46171197526735
C01 649.987 93.43008757974812
C01 670.017 94.43024439135122
C01 699.987 95.53480263670527
C01 720.012 95.94622733673572
C01 749.995 97.46345001699328
C01 770.007 98.54873981252057
C01 800.008 99.08227515583555
C01 830.013 98.49487269029291
C01 869.994 95.23352472095692
C01 900.005 87.93604022768729
C01 919.989 80.15380835971204
C01 959.989 58.671291985089155
C01 1000.013 31.651607725261645
C01 1030.002 13.324985525754638
C01 1049.996 6.324813801396886
C01 1080.005 0.49937964057437356
C01 1100.007 0.12054006506016007
C02 319.992 44.1748949634953
C02 330.006 47.76942732311842
C02 349.994 56.060787091986114
C02 370.001 68.93683698568333
C02 400.009 86.08734466707506
C02 429.983 88.3365017664584
C02 449.989 87.71350246455923
C02 469.993 87.32635287137313
C02 500.016 87.01655033797377
C02 549.99 88.50647878979316
C02 569.998 89.16937192857189
C02 599.983 90.94840799101095
C02 630.013 92.4266763869944
C02 649.987 93.38799534153192
C02 670.017 94.38398792072037
C02 699.987 95.49245913770098
C02 720.012 95.91323125397966
C02 749.995 97.44529167759644
C02 770.007 98.53934436611299
C02 800.008 99.09654660549992
C02 830.013 98.53758915304624
C02 869.994 95.32860220827747
C02 900.005 87.97920779516437
C02 919.989 80.24807549086609
C02 959.989 58.907674283994496
C02 1000.013 31.808651882873427
C02 1030.002 13.377712748071332
C02 1049.996 6.361595799227511
C02 1080.005 0.4992866136890976
C02 1100.007 0.1205176102664672
C03 319.992 44.029709847240625
C03 330.006 47.511455057518965
C03 349.994 55.64633752942825
C03 370.001 68.45807423484256
C03 400.009 85.91454128649549
C03 429.983 88.38680311927716
C03 449.989 87.82503947669213
C03 469.993 87.44535567802309
C03 500.016 87.11411801834785
C03 549.99 88.50682017272503
C03 569.998 89.14437167185203
C03 599.983 90.88718349756185
C03 630.013 92.35028780484137
C03 649.987 93.30138260998386
C03 670.017 94.30270741601052
C03 699.987 95.40463943341967
C03 720.012 95.84026484905301
C03 749.995 97.38152478412884
C03 770.007 98.48817220233242
C03 800.008 99.0652603497756
C03 830.013 98.54145205083466
C03 869.994 95.37308102966844
C03 900.005 87.96006993093212
C03 919.989 80.28845135246279
C03 959.989 59.13134369707016
C03 1000.013 31.93132168751427
C03 1030.002 13.406766282065343
C03 1049.996 6.375577511435595
C03 1080.005 0.498959900482351
C03 1100.007 0.120438748358617
C04 319.992 43.9255620497698
C04 330.006 47.30275800760111
C04 349.994 55.291069422493855
C04 370.001 68.04443282643874
C04 400.009 85.79313713786061
C04 429.983 88.48400098934641
C04 449.989 87.97564308320662
C04 469.993 87.6021453793018
C04 500.016 87.24445343457315
C04 549.99 88.56012785967214
C04 569.998 89.17839938593593
C04 599.983 90.89150189792673
C04 630.013 92.33599560368548
C04 649.987 93.28455614278684
C04 670.017 94.2890525893596
C04 699.987 95.39103962798913
C04 720.012 95.83279403786295
C04 749.995 97.39109280349044
C04 770.007 98.50881666963853
C04 800.008 99.09599943332266
C04 830.013 98.60094516851794
C04 869.994 95.47815451153991
C04 900.005 88.0376696390781
C04 919.989 80.41270934424377
C04 959.989 59.38390273514822
C04 1000.013 32.04464895686876
C04 1030.002 13.440695116248309
C04 1049.996 6.3858198831392
C04 1080.005 0.4990089389887501
C04 1100.007 0.12045058525438031
C05 319.992 43.84055030306315
C05 330.006 47.123373647897196
C05 349.994 54.96531990415205
C05 370.001 67.6606614469611
C05 400.009 85.6705967642031
C05 429.983 88.56207212285786
C05 449.989 88.10498048309134
C05 469.993 87.74488451612999
C05 500.016 87.36379271946342
C05 549.99 88.60561342465874
C05 569.998 89.1940078151016
C05 599.983 90.8791423382617
C05 630.013 92.30775308450066
C05 649.987 93.25550646502305
C05 670.017 94.25531801216411
C05 699.987 95.36764083611298
C05 720.012 95.81602177028053
C05 749.995 97.38235321638247
C05 770.007 98.5125763490716
C05 800.008 99.11557770355552
C05 830.013 98.64171520990502
C05 869.994 95.55881570246862
C05 900.005 88.10683238083186
C05 919.989 80.54221307472376
C05 959.989 59.61419759894634
C05 1000.013 32.09958615279392
C05 1030.002 13.463365632028317
C05 1049.996 6.394659270416268
C05 1080.005 0.49896417133441273
C05 1100.007 0.12043977925524064
C06 319.992 43.869159091317485
C06 330.006 47.07836549353332
C06 349.994 54.81333231794686
C06 370.001 67.48544214150824
C06 400.009 85.7558809173818
C06 429.983 88.82966455242499
C06 449.989 88.40549163207788
C06 469.993 88.05631801429857
C06 500.016 87.63954185909586
C06 549.99 88.8294196219668
C06 569.998 89.39133286338186
C06 599.983 91.0556532304176
C06 630.013 92.47647983990426
C06 649.987 93.42021068930843
C06 670.017 94.41552371305667
C06 699.987 95.54155799857305
C06 720.012 95.98673869979606
C06 749.995 97.56767575052265
C06 770.007 98.70647374865544
C06 800.008 99.33697256108533
C06 830.013 98.86458794257759
C06 869.994 95.7958944546623
C06 900.005 88.29109892982805
C06 919.989 80.74311279956726
C06 959.989 59.868612488641
C06 1000.013 32.17397126432177
C06 1030.002 13.488696478533587
C06 1049.996 6.4114189828495425
C06 1080.005 0.49991372924317035
C06 1100.007 0.12066898317706731
C07 319.992 43.684745257835274
C07 330.006 46.7988786971433
C07 349.994 54.392706078462886
C07 370.001 66.9520476536889
C07 400.009 85.43309583381533
C07 429.983 88.67946619706724
C07 449.989 88.2922942171771
C07 469.993 87.93055633872332
C07 500.016 87.48634625812855
C07 549.99 88.63000004018264
C07 569.998 89.19355421139551
C07 599.983 90.8497697702626
C07 630.013 92.25727329757875
C07 649.987 93.19215582159201
C07 670.017 94.19068864432008
C07 699.987 95.3129817927805
C07 720.012 95.76223637662358
C07 749.995 97.35052201312412
C07 770.007 98.49106137714625
C07 800.008 99.12520193746784
C07 830.013 98.6769154916902
C07 869.994 95.64127333984534
C07 900.005 87.9785963152878
C07 919.989 80.40164289413313
C07 959.989 59.91055352615233
C07 1000.013 32.03016725506457
C07 1030.002 13.413150779884868
C07 1049.996 6.370195827084568
C07 1080.005 0.49880109202011147
C07 1100.007 0.12040041523324481
C10 319.992 44.3835567628843
C10 330.006 48.11521944765205
C10 349.994 56.62911155869881
C10 370.001 69.42369506029053
C10 400.009 85.92788445534676
C10 429.983 87.83556169582835
C10 449.989 87.16844806599808
C10 469.993 86.77391387315699
C10 500.016 86.61690900020933
C10 549.99 88.30602763784533
C10 569.998 89.06171169157304
C10 599.983 90.89781569708092
C10 630.013 92.40850455557154
C10 649.987 93.37803651610366
C10 670.017 94.38830350185077
C10 699.987 95.45982554344734
C10 720.012 95.89571042297442
C10 749.995 97.40769130197732
C10 770.007 98.47667553787842
C10 800.008 98.97338039705188
C10 830.013 98.39745430091169
C10 869.994 95.21108032155885
C10 900.005 87.86459171591873
C10 919.989 79.63986793578022
C10 959.989 58.02388993662055
C10 1000.013 31.493732776908697
C10 1030.002 13.045090029110044
C10 1049.996 6.172045903740357
C10 1080.005 0.49909393334220314
C10 1100.007 0.12047110115863943
C11 319.992 44.0860903850125
C11 330.006 47.71793659123878
C11 349.994 56.09003272137111
C11 370.001 68.8920475402204
C11 400.009 85.64272935049021
C11 429.983 87.73384587087041
C11 449.989 87.111204049175
C11 469.993 86.70560258344668
C11 500.016 86.48124836720372
C11 549.99 88.04313309483905
C11 569.998 88.77557698653928
C11 599.983 90.59312276926653
C11 630.013 92.09802265058586
C11 649.987 93.06091086718226
C11 670.017 94.06690823701
C11 699.987 95.1380773082013
C11 720.012 95.58079497906043
C11 749.995 97.09252880462837
C11 770.007 98.17283190401551
C11 800.008 98.6798187761982
C11 830.013 98.13465747152277
C11 869.994 94.98407210526248
C11 900.005 87.7410946194181
C11 919.989 79.60425511974107
C11 959.989 57.96603814518449
C11 1000.013 31.563059021395546
C11 1030.002 13.065612157674769
C11 1049.996 6.184726749535332
C11 1080.005 0.4974791276219325
C11 1100.007 0.12008131997661714
C12 319.992 44.018458402434746
C12 330.006 47.54450476300669
C12 349.994 55.768393188812205
C12 370.001 68.55615399561947
C12 400.009 85.66793560559746
C12 429.983 87.98700412572066
C12 449.989 87.4154202890541
C12 469.993 87.01167861963778
C12 500.016 86.73639539053552
C12 549.99 88.21462606852326
C12 569.998 88.91940654200494
C12 599.983 90.70569155395059
C12 630.013 92.18738792708012
C12 649.987 93.14628712526651
C12 670.017 94.14876266183563
C12 699.987 95.22574111951643
C12 720.012 95.66956274257556
C12 749.995 97.19862783992042
C12 770.007 98.29224862820382
C12 800.008 98.81982739399281
C12 830.013 98.31789058444788
C12 869.994 95.21216117108152
C12 900.005 87.98207592696639
C12 919.989 79.93040661636266
C12 959.989 58.308445791006974
C12 1000.013 31.778378980104232
C12 1030.002 13.194124774734451
C12 1049.996 6.238879867013393
C12 1080.005 0.498022768542859
C12 1100.007 0.1202125438124597
C13 319.992 43.92041276682643
C13 330.006 47.338492262836546
C13 349.994 55.40691331019644
C13 370.001 68.14470409586534
C13 400.009 85.56541372279915
C13 429.983 88.11254652436698
C13 449.989 87.60253100446081
C13 469.993 87.20912372039146
C13 500.016 86.90146240018159
C13 549.99 88.28121800434066
C13 569.998 88.94689046491885
C13 599.983 90.69611661796912
C13 630.013 92.15751031467934
C13 649.987 93.1076957456526
C13 670.017 94.1084242765546
C13 699.987 95.18744341415825
C13 720.012 95.64189554200765
C13 749.995 97.19232130609784
C13 770.007 98.29928020430917
C13 800.008 98.84346823025408
C13 830.013 98.36354913795869
C13 869.994 95.30790207638495
C13 900.005 88.10873961568498
C13 919.989 80.11715207467594
C13 959.989 58.54349816367241
C13 1000.013 31.908192349742542
C13 1030.002 13.269990068175526
C13 1049.996 6.2630831370624716
C13 1080.005 0.49799047307794
C13 1100.007 0.12020474834559204
C14 319.992 43.77381141092333
C14 330.006 47.08662124666369
C14 349.994 54.99217129134472
C14 370.001 67.66566058235057
C14 400.009 85.34154749268292
C14 429.983 88.10818135056147
C14 449.989 87.65966626127725
C14 469.993 87.28331070069018
C14 500.016 86.95144882730727
C14 549.99 88.24330965616777
C14 569.998 88.87414284103713
C14 599.983 90.58499226375194
C14 630.013 92.02459953294724
C14 649.987 92.96199299007888
C14 670.017 93.96035288668152
C14 699.987 95.04072586255927
C14 720.012 95.49662235734871
C14 749.995 97.05538369358106
C14 770.007 98.17315459107263
C14 800.008 98.73954299412141
C14 830.013 98.28018241359464
C14 869.994 95.27297945560119
C14 900.005 88.08215480009876
C14 919.989 80.14323879959997
C14 959.989 58.61778663440989
C14 1000.013 31.946461227340283
C14 1030.002 13.308989510476104
C14 1049.996 6.285206321716991
C14 1080.005 0.4972888498604427
C14 1100.007 0.1200353908039278
C15 319.992 43.740819379640996
C15 330.006 46.96200322712532
C15 349.994 54.73959043830691
C15 370.001 67.36765440081058
C15 400.009 85.32185043390248
C15 429.983 88.29138769517851
C15 449.989 87.89436310491827
C15 469.993 87.53941052140456
C15 500.016 87.17738071106534
C15 549.99 88.38654948155633
C15 569.998 88.9870752916036
C15 599.983 90.6608918729238
C15 630.013 92.07881030529829
C15 649.987 93.01630099022653
C15 670.017 94.00962802805124
C15 699.987 95.09980187326686
C15 720.012 95.5588568827087
C15 749.995 97.12717369220756
C15 770.007 98.24715498805755
C15 800.008 98.83395642898091
C15 830.013 98.38748263452763
C15 869.994 95.40505181313515
C15 900.005 88.18470143130443
C15 919.989 80.27170615951155
C15 959.989 58.744933628064494
C15 1000.013 32.01571952611596
C15 1030.002 13.351603629062453
C15 1049.996 6.320987953275936
C15 1080.005 0.4976566890926945
C15 1100.007 0.12012417969595456
C16 319.992 43.683265492925564
C16 330.006 46.81645029549192
C16 349.994 54.46085229434717
C16 370.001 67.02856328131155
C16 400.009 85.19917550728177
C16 429.983 88.35799297216083
C16 449.989 88.02802190239976
C16 469.993 87.68960923063193
C16 500.016 87.31439471408142
C16 549.99 88.45297814727589
C16 569.998 89.02337846034435
C16 599.983 90.66480076980581
C16 630.013 92.06016281039443
C16 649.987 92.98644685984773
C16 670.017 93.97742887350319
C16 699.987 95.06651501325017
C16 720.012 95.53742276965153
C16 749.995 97.1117544035952
C16 770.007 98.24644957914197
C16 800.008 98.84081481996984
C16 830.013 98.40991888389176
C16 869.994 95.43841651977935
C16 900.005 88.18747492931602
C16 919.989 80.305054576843
C16 959.989 58.820419032417895
C16 1000.013 32.025840348639385
C16 1030.002 13.375691606930783
C16 1049.996 6.334172884805991
C16 1080.005 0.49757769708293437
C16 1100.007 0.12010511263510128
C17 319.992 43.64364815057023
C17 330.006 46.69696113875278
C17 349.994 54.22398219341498
C17 370.001 66.6978950420319
C17 400.009 85.05934507785229
C17 429.983 88.38722508607837
C17 449.989 88.0964319465702
C17 469.993 87.75005950324449
C17 500.016 87.35418673449783
C17 549.99 88.45000960004229
C17 569.998 89.01685697755335
C17 599.983 90.65574702007528
C17 630.013 92.04887323496239
C17 649.987 92.97581765724031
C17 670.017 93.96756788242284
C17 699.987 95.0548156173121
C17 720.012 95.52804719806876
C17 749.995 97.11741162565143
C17 770.007 98.25629528655949
C17 800.008 98.86764124767404
C17 830.013 98.45472400649582
C17 869.994 95.49711037592691
C17 900.005 88.13783586647855
C17 919.989 80.29370418959034
C17 959.989 58.99997116504421
C17 1000.013 32.03290979104284
C17 1030.002 13.38362081291336
C17 1049.996 6.3193371537977026
C17 1080.005 0.4976066920967067
C17 1100.007 0.12011211144034396
