lsstCam/transmission_sensor/r03_s21/19700101T000000.ecsv
# %ECSV 1.0
# ---
# datatype:
# - {name: amp_name, datatype: string}
# - {name: wavelength, unit: nm, datatype: float32}
# - {name: efficiency, unit: '%', datatype: float64}
# meta: !!omap
# - {MODE: AMP}
# - {TYPE: transmission_sensor}
# - {CALIBDATE: '1970-01-01T00:00:00'}
# - {INSTRUME: LSSTCam}
# - {OBSTYPE: transmission_sensor}
# - {DETECTOR: 25}
# - {PARQUETFILE: qe_raft_allvalues_nircorrected_20230725_adjust.parquet}
# - {CORRFILE: qe_corr_factor_bydetnum.parquet}
# - {CALIBCLS: lsst.ip.isr.IntermediateSensorTransmissionCurve}
# - {CALIB_ID: 'raftName=R03 detectorName=S21 detector=25 calibDate=1970-01-01T00:00:00 ccd=25 ccdnum=25 filter=None'}
# - {DATE: '2025-03-03T21:56:47.513009'}
# - {CALIB_CREATION_DATE: '2025-03-03'}
# - {CALIB_CREATION_TIME: '21:56:47'}
# - __serialized_columns__:
#     efficiency:
#       __class__: astropy.units.quantity.Quantity
#       unit: !astropy.units.Unit {unit: '%'}
#       value: !astropy.table.SerializedColumn {name: efficiency}
#     wavelength:
#       __class__: astropy.units.quantity.Quantity
#       unit: !astropy.units.Unit {unit: nm}
#       value: !astropy.table.SerializedColumn {name: wavelength}
# schema: astropy-2.0
amp_name wavelength efficiency
C00 319.992 45.55677857343546
C00 330.006 48.470305558669146
C00 349.994 55.84758342510832
C00 370.001 68.54087467758767
C00 400.009 88.37464842229939
C00 429.983 92.70874910144101
C00 449.989 92.26907244799816
C00 469.993 91.27629287392028
C00 500.016 90.36414805075346
C00 549.99 91.25071029834002
C00 569.998 91.79122811910747
C00 599.983 93.53741836231893
C00 630.013 95.25092400150545
C00 649.987 96.03347589703137
C00 670.017 96.99571674879715
C00 699.987 98.51499336490654
C00 720.012 99.09468689096558
C00 749.995 99.93846132632042
C00 770.007 100.4848058650484
C00 800.008 101.13520657537538
C00 830.013 100.63200113200648
C00 869.994 97.6556173767426
C00 900.005 92.36662224515106
C00 919.989 86.3283402028777
C00 959.989 74.30595008584329
C00 1000.013 38.89990221704161
C00 1030.002 17.249786606753002
C00 1049.996 9.214020881467603
C00 1080.005 0.6928254350678269
C00 1100.007 0.09424584866809427
C01 319.992 45.273888743645834
C01 330.006 48.07827740681824
C01 349.994 55.292811909618315
C01 370.001 67.94916115930079
C01 400.009 88.06325883965438
C01 429.983 92.60184448187442
C01 449.989 92.19821253193568
C01 469.993 91.1797740163803
C01 500.016 90.1990755272481
C01 549.99 91.01838996571233
C01 569.998 91.55668553886969
C01 599.983 93.29939349716634
C01 630.013 95.00392614342546
C01 649.987 95.78764643717936
C01 670.017 96.74974983033009
C01 699.987 98.27744196831694
C01 720.012 98.85989230326683
C01 749.995 99.72572884633853
C01 770.007 100.28533814141961
C01 800.008 100.94720137292448
C01 830.013 100.47304551687121
C01 869.994 97.56455868085631
C01 900.005 92.24938531968593
C01 919.989 86.23059949098163
C01 959.989 74.11741032211162
C01 1000.013 39.1314436175173
C01 1030.002 17.19334075379733
C01 1049.996 9.282276720433687
C01 1080.005 0.6913506889748637
C01 1100.007 0.0940452372441103
C02 319.992 45.13853400905707
C02 330.006 47.832237940748776
C02 349.994 54.8945141176028
C02 370.001 67.50158063549208
C02 400.009 87.94638847049607
C02 429.983 92.72340371712416
C02 449.989 92.38212452229374
C02 469.993 91.36539660283685
C02 500.016 90.34468238354329
C02 549.99 91.07319013358217
C02 569.998 91.57320348244583
C02 599.983 93.28238681184776
C02 630.013 94.96792725945967
C02 649.987 95.74449206864084
C02 670.017 96.70235715449394
C02 699.987 98.23388286052295
C02 720.012 98.82589420580913
C02 749.995 99.7071490235365
C02 770.007 100.27577713108334
C02 800.008 100.96174143976175
C02 830.013 100.51661989784463
C02 869.994 97.66196338280444
C02 900.005 92.29467029675786
C02 919.989 86.33201340253564
C02 959.989 74.41602389014595
C02 1000.013 39.32560009299204
C02 1030.002 17.261375131661374
C02 1049.996 9.336257864055472
C02 1080.005 0.6912219007824681
C02 1100.007 0.09402771803670769
C03 319.992 44.990181798755586
C03 330.006 47.57392647499052
C03 349.994 54.488686648118
C03 370.001 67.03278566542606
C03 400.009 87.76985342581281
C03 429.983 92.77620309848594
C03 449.989 92.49959818204036
C03 469.993 91.48990356172061
C03 500.016 90.44598174625139
C03 549.99 91.07354141670955
C03 569.998 91.54752926778886
C03 599.983 93.21959113453536
C03 630.013 94.88943839026149
C03 649.987 95.65569380331328
C03 670.017 96.61908014353789
C03 699.987 98.14354200407087
C03 720.012 98.75071197996206
C03 749.995 99.64190200092224
C03 770.007 100.2237032257455
C03 800.008 100.92986631424772
C03 830.013 100.52056037814296
C03 869.994 97.70753091369622
C03 900.005 92.27459370236966
C03 919.989 86.375450324894
C03 959.989 74.69857770998766
C03 1000.013 39.47725894664464
C03 1030.002 17.298863150623617
C03 1049.996 9.35677738064776
C03 1080.005 0.6907695927942578
C03 1100.007 0.09396619005570325
C04 319.992 44.88376210263655
C04 330.006 47.3649550154484
C04 349.994 54.14080943976478
C04 370.001 66.62775621956757
C04 400.009 87.64582757208176
C04 429.983 92.87822793721796
C04 449.989 92.6582177872277
C04 469.993 91.65394514561304
C04 500.016 90.5813021161864
C04 549.99 91.12839504070746
C04 569.998 91.58247430237253
C04 599.983 93.22402035657613
C04 630.013 94.87475322821945
C04 649.987 95.63844274712349
C04 670.017 96.60508991116086
C04 699.987 98.12955177169384
C04 720.012 98.7430142975188
C04 749.995 99.65169210895027
C04 770.007 100.24471148408021
C04 800.008 100.9611839687118
C04 830.013 100.58124835669113
C04 869.994 97.81517628246618
C04 900.005 92.35599974884296
C04 919.989 86.50912882803803
C04 959.989 75.01762679212729
C04 1000.013 39.6173674583375
C04 1030.002 17.3426418103722
C04 1049.996 9.371809052948596
C04 1080.005 0.6908374826368359
C04 1100.007 0.09397542518984507
C05 319.992 44.79689589450955
C05 330.006 47.18533478851606
C05 349.994 53.8218367235224
C05 370.001 66.25197491235755
C05 400.009 87.52064095671243
C05 429.983 92.96017618156178
C05 449.989 92.7944392747503
C05 469.993 91.80328629428396
C05 500.016 90.70520578448185
C05 549.99 91.17519969913475
C05 569.998 91.59850350420625
C05 599.983 93.21134361763188
C05 630.013 94.84573418726272
C05 649.987 95.60866004719423
C05 670.017 96.57052670606348
C05 699.987 98.10548124087921
C05 720.012 98.7257326949701
C05 749.995 99.64274966238177
C05 770.007 100.24853741553265
C05 800.008 100.98113074107467
C05 830.013 100.62283722433594
C05 869.994 97.89781181988529
C05 900.005 92.42855498782448
C05 919.989 86.64845077098917
C05 959.989 75.30855031430809
C05 1000.013 39.68528728735566
C05 1030.002 17.37189376731554
C05 1049.996 9.384781709744706
C05 1080.005 0.6907755054432235
C05 1100.007 0.09396699436020978
C06 319.992 44.82612875997857
C06 330.006 47.14026745425131
C06 349.994 53.67301104465794
C06 370.001 66.08040365099583
C06 400.009 87.6077668088901
C06 429.983 93.24105758825361
C06 449.989 93.11094537251137
C06 469.993 92.12912430468953
C06 500.016 90.99150153328902
C06 549.99 91.4054963354852
C06 569.998 91.80114804916083
C06 599.983 93.39238425025316
C06 630.013 95.01910004720993
C06 649.987 95.77752031920342
C06 670.017 96.73466756562232
C06 699.987 98.28439126496708
C06 720.012 98.90163390270615
C06 749.995 99.83237382185446
C06 770.007 100.44585162085887
C06 800.008 101.20669269179533
C06 830.013 100.85018613705235
C06 869.994 98.14069355610327
C06 900.005 92.62185998354482
C06 919.989 86.86458153339889
C06 959.989 75.62994382949344
C06 1000.013 39.77725091912441
C06 1030.002 17.404578371340474
C06 1049.996 9.40937821067667
C06 1080.005 0.6920900915038127
C06 1100.007 0.09414581902895963
C07 319.992 44.6376920902082
C07 330.006 46.86041316887755
C07 349.994 53.261135396110575
C07 370.001 65.55811436990304
C07 400.009 87.27801122795539
C07 429.983 93.08340019337166
C07 449.989 92.99172293371763
C07 469.993 91.99754586371999
C07 500.016 90.83244664248731
C07 549.99 91.2002935329726
C07 569.998 91.598037672233
C07 599.983 93.18121727116497
C07 630.013 94.79386646984746
C07 649.987 95.54371085157926
C07 670.017 96.50430983655409
C07 699.987 98.04925303073071
C07 720.012 98.6703139633325
C07 749.995 99.61017960720272
C07 770.007 100.22664331278979
C07 800.008 100.99093612228215
C07 830.013 100.65874446922501
C07 869.994 97.98228777542823
C07 900.005 92.29402882322093
C07 919.989 86.49722338465605
C07 959.989 75.68292648900862
C07 1000.013 39.59946347372618
C07 1030.002 17.307101121789948
C07 1049.996 9.348879237724212
C07 1080.005 0.6905497353333928
C07 1100.007 0.0939362825899313
C10 319.992 45.35174759419167
C10 330.006 48.17848473719561
C10 349.994 55.451015320665626
C10 370.001 67.97830238569311
C10 400.009 87.78348473847274
C10 429.983 92.1975863315782
C10 449.989 91.80805916286236
C10 469.993 90.7874060362866
C10 500.016 89.9297559174006
C10 549.99 90.86692584509773
C10 569.998 91.46264093640075
C10 599.983 93.23049618466331
C10 630.013 94.94925579758095
C10 649.987 95.73428194817791
C10 670.017 96.70677873994498
C10 699.987 98.20031241208987
C10 720.012 98.80784130769817
C10 749.995 99.66867588449968
C10 770.007 100.2120039702861
C10 800.008 100.83625699739314
C10 830.013 100.37367057477391
C10 869.994 97.54156490919297
C10 900.005 92.17443219153063
C10 919.989 85.6776951216795
C10 959.989 73.2995697454644
C10 1000.013 38.93626002072448
C10 1030.002 16.832189243353845
C10 1049.996 9.058075037257874
C10 1080.005 0.6909551504391338
C10 1100.007 0.09399143167766606
C11 319.992 45.04779223164439
C11 330.006 47.78067950521739
C11 349.994 54.92315132907324
C11 370.001 67.4577237006988
C11 400.009 87.49217175021595
C11 429.983 92.09081917062666
C11 449.989 91.74776828697993
C11 469.993 90.7159351930461
C11 500.016 89.78890665650438
C11 549.99 90.59640729066334
C11 569.998 91.1687926003551
C11 599.983 92.91798402332866
C11 630.013 94.63023726180022
C11 649.987 95.4091541406168
C11 670.017 96.37748899098351
C11 699.987 97.86932734020935
C11 720.012 98.48336261026373
C11 749.995 99.34619797357331
C11 770.007 99.90280608889229
C11 800.008 100.53716996079582
C11 830.013 100.10559572905166
C11 869.994 97.30900020569408
C11 900.005 92.04487744683834
C11 919.989 85.63938235102691
C11 959.989 73.22648758179183
C11 1000.013 39.02196928550809
C11 1030.002 16.85866911822685
C11 1049.996 9.076685406418799
C11 1080.005 0.6887195826334748
C11 1100.007 0.09368732479238868
C12 319.992 44.97868491292392
C12 330.006 47.60701963656577
C12 349.994 54.608203095616176
C12 370.001 67.12882341781334
C12 400.009 87.51792233077016
C12 429.983 92.35654958330319
C12 449.989 92.0681766820907
C12 469.993 91.03616794659318
C12 500.016 90.05381231749055
C12 549.99 90.77287360603907
C12 569.998 91.31649951882478
C12 599.983 93.03344162338776
C12 630.013 94.72205961665904
C12 649.987 95.49668473204994
C12 670.017 96.46135401934842
C12 699.987 97.95950782827721
C12 720.012 98.57482604540546
C12 749.995 99.45475973311034
C12 770.007 100.02432714119341
C12 800.008 100.67981382027753
C12 830.013 100.2925088991718
C12 869.994 97.54267221470316
C12 900.005 92.2976791131097
C12 919.989 85.99026073914223
C12 959.989 73.65903929702085
C12 1000.013 39.288173166747605
C12 1030.002 17.024490027525303
C12 1049.996 9.156160350265287
C12 1080.005 0.689472209482269
C12 1100.007 0.09378970549682698
C13 319.992 44.878500492315716
C13 330.006 47.400736256607004
C13 349.994 54.25424334354664
C13 370.001 66.7259398536677
C13 400.009 87.4131865026856
C13 429.983 92.48832657560558
C13 449.989 92.2652465165457
C13 469.993 91.24274533525637
C13 500.016 90.22519266410914
C13 549.99 90.84139672564555
C13 569.998 91.34472435445005
C13 599.983 93.02362096900083
C13 630.013 94.69136052596272
C13 649.987 95.45711956068237
C13 670.017 96.42002479575427
C13 699.987 97.92011066188361
C13 720.012 98.54631865596035
C13 749.995 99.44830681479233
C13 770.007 100.03148262576615
C13 800.008 100.7038996242716
C13 830.013 100.33908445990734
C13 869.994 97.64075657313687
C13 900.005 92.43055577433255
C13 919.989 86.1911641416394
C13 959.989 73.95597281531558
C13 1000.013 39.44866373641769
C13 1030.002 17.122379652921
C13 1049.996 9.19168099279951
C13 1080.005 0.6894274990253172
C13 1100.007 0.0937836234814354
C14 319.992 44.728701148261266
C14 330.006 47.14853406262911
C14 349.994 53.84812950194713
C14 370.001 66.25686996637157
C14 400.009 87.18448591358778
C14 429.983 92.48374462177031
C14 449.989 92.32542284358226
C14 469.993 91.32036363322587
C14 500.016 90.27709092788331
C14 549.99 90.80238902532794
C14 569.998 91.27001559716597
C14 599.983 92.90964486734846
C14 630.013 94.55479539190247
C14 649.987 95.30774022906282
C14 670.017 96.26831630426845
C14 699.987 97.76918110254978
C14 720.012 98.39663386075178
C14 749.995 99.30819066650974
C14 770.007 99.90313446225049
C14 800.008 100.59801830772822
C14 830.013 100.25404339672471
C14 869.994 97.60497915027312
C14 900.005 92.4026669486552
C14 919.989 86.21922860888044
C14 959.989 74.04981886645164
C14 1000.013 39.49597622806172
C14 1030.002 17.172700960916863
C14 1049.996 9.224148908590982
C14 1080.005 0.6884561584751505
C14 1100.007 0.09365149089815744
C15 319.992 44.694989422918255
C15 330.006 47.02375218651523
C15 349.994 53.60080327050893
C15 370.001 65.96506823637235
C15 400.009 87.16436349966122
C15 429.983 92.67604922423664
C15 449.989 92.5726116164054
C15 469.993 91.58830865692278
C15 500.016 90.51166405448001
C15 549.99 90.94978284361888
C15 569.998 91.3859924853264
C15 599.983 92.98749226300973
C15 630.013 94.61049667735992
C15 649.987 95.36341860475108
C15 670.017 96.31880179894341
C15 699.987 97.82995308358493
C15 720.012 98.46075830467639
C15 749.995 99.38164702307886
C15 770.007 99.97843887353316
C15 800.008 100.69420879191
C15 830.013 100.36349863725961
C15 869.994 97.74028424702867
C15 900.005 92.51024358811763
C15 919.989 86.35743560973167
C15 959.989 74.21043925814708
C15 1000.013 39.581601490358345
C15 1030.002 17.227686316087546
C15 1049.996 9.276661917838048
C15 1080.005 0.6889654021166349
C15 1100.007 0.09372076390220908
C16 319.992 44.63618004544256
C16 330.006 46.87800787160499
C16 349.994 53.32786391713157
C16 370.001 65.63303695169944
C16 400.009 87.03903942567683
C16 429.983 92.74596220317314
C16 449.989 92.71338451140437
C16 469.993 91.74545440029311
C16 500.016 90.65391844788572
C16 549.99 91.0181379582514
C16 569.998 91.42327431636605
C16 599.983 92.99150147261558
C16 630.013 94.59133647373876
C16 649.987 95.33281115313147
C16 670.017 96.28581173132946
C16 699.987 97.795710615256
C16 720.012 98.43867328719038
C16 749.995 99.36586982870608
C16 770.007 99.97772103409898
C16 800.008 100.70119627150879
C16 830.013 100.38638549666679
C16 869.994 97.7744656226398
C16 900.005 92.51315312880303
C16 919.989 86.39331230826183
C16 959.989 74.30579735404878
C16 1000.013 39.5941140426235
C16 1030.002 17.258767236270135
C16 1049.996 9.296012081628627
C16 1080.005 0.6888560440733067
C16 1100.007 0.09370588780055275
C17 319.992 44.595698483307935
C17 330.006 46.75836160208148
C17 349.994 53.095921595695295
C17 370.001 65.30925318393002
C17 400.009 86.89618937827254
C17 429.983 92.77664602069001
C17 449.989 92.785435735464
C17 469.993 91.80870063639931
C17 500.016 90.6952323983004
C17 549.99 91.01508332236122
C17 569.998 91.41657702717683
C17 599.983 92.98221537950943
C17 630.013 94.5797364939458
C17 649.987 95.32191373959326
C17 670.017 96.27570852312269
C17 699.987 97.78367534984869
C17 720.012 98.42901300118768
C17 749.995 99.37165836371797
C17 770.007 99.98774023981876
C17 800.008 100.72852762613618
C17 830.013 100.4320904861736
C17 869.994 97.834596130138
C17 900.005 92.46107922346518
C17 919.989 86.38110140129083
C17 959.989 74.53261934207414
C17 1000.013 39.60285411956428
C17 1030.002 17.268998357354807
C17 1049.996 9.27423920974765
C17 1080.005 0.6888961853228084
C17 1100.007 0.09371134826134764
