lsstcam/transmission_sensor/r03_s21/19700101T000000.ecsv
# %ECSV 0.9
# ---
# datatype:
# - {name: amp_name, datatype: string}
# - {name: wavelength, unit: nm, datatype: float32}
# - {name: efficiency, unit: '%', datatype: float32}
# meta: !!omap
# - {MODE: AMP}
# - {TYPE: transmission_sensor}
# - {CALIBDATE: '1970-01-01T00:00:00'}
# - {INSTRUME: LSSTCAM}
# - {OBSTYPE: transmission_sensor}
# - {DETECTOR: 25}
# - {CALIBCLS: lsst.ip.isr.IntermediateSensorTransmissionCurve}
# - {PICKLEFILE: RaftRun11166.p}
# - {CALIB_ID: 'raftName=R03 detectorName=S21 detector=25 calibDate=1970-01-01T00:00:00 ccd=25 ccdnum=25 filter=None'}
# - {DATE: '2020-07-23T19:15:21.145849'}
# - {CALIB_CREATION_DATE: '2020-07-23'}
# - {CALIB_CREATION_TIME: '19:15:21'}
# - __serialized_columns__:
#     efficiency:
#       __class__: astropy.units.quantity.Quantity
#       unit: !astropy.units.Unit {unit: '%'}
#       value: !astropy.table.SerializedColumn {name: efficiency}
#     wavelength:
#       __class__: astropy.units.quantity.Quantity
#       unit: !astropy.units.Unit {unit: nm}
#       value: !astropy.table.SerializedColumn {name: wavelength}
# schema: astropy-2.0
amp_name wavelength efficiency
C06 349.982 50.465557
C06 450.035 89.633606
C06 500.018 88.804146
C06 619.997 91.67651
C06 750.022 97.56366
C06 869.967 96.17018
C06 999.976 32.576786
C07 349.982 49.996086
C07 450.035 89.41653
C07 500.018 88.55347
C07 619.997 91.42187
C07 750.022 97.38908
C07 869.967 96.10141
C07 999.976 32.432144
C13 349.982 51.10247
C13 450.035 89.34868
C13 500.018 88.50901
C13 619.997 91.66688
C13 750.022 98.14465
C13 869.967 97.11539
C13 999.976 32.647327
C05 349.982 50.749588
C05 450.035 89.56438
C05 500.018 88.74813
C05 619.997 91.7126
C05 750.022 97.55288
C05 869.967 96.07314
C05 999.976 32.558323
C02 349.982 51.88772
C02 450.035 89.31734
C02 500.018 88.526146
C02 619.997 91.94469
C02 750.022 97.74028
C02 869.967 95.93405
C02 999.976 32.300365
C10 349.982 51.95903
C10 450.035 88.48437
C10 500.018 87.756935
C10 619.997 91.5623
C10 750.022 98.05002
C10 869.967 96.721565
C10 999.976 32.08534
C16 349.982 50.35135
C16 450.035 89.98615
C16 500.018 89.144165
C16 619.997 91.82235
C16 750.022 98.38063
C16 869.967 97.615845
C16 999.976 32.85049
C12 349.982 51.430286
C12 450.035 89.11144
C12 500.018 88.284836
C12 619.997 91.63639
C12 750.022 98.10114
C12 869.967 96.956696
C12 999.976 32.483917
C03 349.982 51.437412
C03 450.035 89.34653
C03 500.018 88.55005
C03 619.997 91.79802
C03 750.022 97.585
C03 869.967 95.880295
C03 999.976 32.393227
C17 349.982 49.761055
C17 450.035 89.45065
C17 500.018 88.568405
C17 619.997 91.21477
C17 750.022 97.800385
C17 869.967 97.12629
C17 999.976 32.66414
C14 349.982 50.9258
C14 450.035 89.76295
C14 500.018 88.919464
C14 619.997 91.900894
C14 750.022 98.4066
C14 869.967 97.47931
C14 999.976 32.82049
C04 349.982 50.9863
C04 450.035 89.2999
C04 500.018 88.49554
C04 619.997 91.5888
C04 750.022 97.38321
C04 869.967 95.79096
C04 999.976 32.441135
C01 349.982 52.23244
C01 450.035 89.04353
C01 500.018 88.28255
C01 619.997 91.874084
C01 750.022 97.67196
C01 869.967 95.76235
C01 999.976 32.095055
C11 349.982 51.942368
C11 450.035 89.13578
C11 500.018 88.33389
C11 619.997 91.90011
C11 750.022 98.39265
C11 869.967 97.12635
C11 999.976 32.373924
C15 349.982 50.42775
C15 450.035 89.5411
C15 500.018 88.69823
C15 619.997 91.514275
C15 750.022 98.01486
C15 869.967 97.17228
C15 999.976 32.724117
C00 349.982 52.81656
C00 450.035 89.19366
C00 500.018 88.50577
C00 619.997 92.25493
C00 750.022 98.087006
C00 869.967 96.081474
C00 999.976 31.930511
