lsstCam/transmission_filter_detector/r23_s10/y_10/19700101T000000.ecsv
# %ECSV 1.0
# ---
# datatype:
# - {name: wavelength, unit: nm, datatype: float32}
# - {name: efficiency, unit: '%', datatype: float64}
# meta: !!omap
# - {MODE: DETECTOR}
# - {TYPE: transmission_filter_detector}
# - {CALIBDATE: '1970-01-01T00:00:00'}
# - {INSTRUME: LSSTCam}
# - {OBSTYPE: transmission_filter_detector}
# - {CALIBCLS: lsst.ip.isr.IntermediateFilterDetectorTransmissionCurve}
# - {SOURCE: Materion (DM-46256)}
# - {DETECTOR: 102}
# - {FILTER: y_10}
# - {CALIB_ID: 'calibDate=1970-01-01T00:00:00 filter=y_10 detector=102'}
# - {DATE: '2025-04-02T15:59:51.215698'}
# - {CALIB_CREATION_DATE: '2025-04-02'}
# - {CALIB_CREATION_TIME: '15:59:51'}
# - __serialized_columns__:
#     efficiency:
#       __class__: astropy.units.quantity.Quantity
#       unit: !astropy.units.Unit {unit: '%'}
#       value: !astropy.table.SerializedColumn {name: efficiency}
#     wavelength:
#       __class__: astropy.units.quantity.Quantity
#       unit: !astropy.units.Unit {unit: nm}
#       value: !astropy.table.SerializedColumn {name: wavelength}
# schema: astropy-2.0
wavelength efficiency
[from data line 578]
878.0 0.0015516287021455355
879.0 0.001960527697519865
880.0 0.05545429885387421
881.0 0.10692601790651679
882.0 0.05768862320110202
883.0 0.09696122724562883
884.0 0.09034649701789021
885.0 0.09920770535245538
886.0 0.07948957500047982
887.0 0.10401346953585744
888.0 0.07620599935762584
889.0 0.12166680535301566
890.0 0.08733182912692428
891.0 0.08153837407007813
892.0 0.07252916693687439
893.0 0.11029433226212859
894.0 0.08777246694080532
895.0 0.11195895494893193
896.0 0.07932109874673188
897.0 0.1172007410787046
898.0 0.0928845489397645
899.0 0.12627631658688188
900.0 0.11595278047025204
901.0 0.15186133095994592
902.0 0.1746190944686532
903.0 0.21090710069984198
904.0 0.23177983239293098
905.0 0.3067045705392957
906.0 0.38066927809268236
907.0 0.5042010918259621
908.0 0.6797037087380886
909.0 0.9353537112474442
910.0 1.3500138185918331
911.0 1.9338317215442657
912.0 2.814459428191185
913.0 4.095360636711121
914.0 5.573360249400139
915.0 7.671749591827393
916.0 10.106199979782104
917.0 12.696011364459991
918.0 15.544275939464569
919.0 18.25941950082779
920.0 21.930159628391266
921.0 25.854778289794922
922.0 29.85932230949402
923.0 34.608691930770874
924.0 39.73074555397034
925.0 45.32099962234497
926.0 51.896488666534424
927.0 58.867186307907104
928.0 64.79822993278503
929.0 71.08364701271057
930.0 76.46018266677856
931.0 81.650310754776
932.0 86.28135919570923
933.0 90.02816677093506
934.0 92.67889857292175
935.0 94.47391033172607
936.0 95.73460817337036
937.0 96.63076400756836
938.0 97.15479016304016
939.0 97.38847017288208
940.0 97.6453185081482
941.0 97.71424531936646
942.0 97.9076087474823
943.0 97.94540405273438
944.0 98.12391400337219
945.0 98.02412986755371
946.0 98.05822968482971
947.0 98.03746342658997
948.0 98.17433953285217
949.0 98.09843301773071
950.0 98.28258752822876
951.0 98.3231782913208
952.0 98.35588335990906
953.0 98.57583045959473
954.0 98.6733615398407
955.0 98.68830442428589
956.0 98.8642156124115
957.0 98.99745583534241
958.0 99.12757277488708
959.0 99.14979934692383
960.0 99.23259615898132
961.0 99.2354691028595
962.0 99.30766224861145
963.0 99.3348777294159
964.0 99.34076070785522
965.0 99.34202432632446
966.0 99.40593838691711
967.0 99.51077699661255
968.0 99.47463274002075
969.0 99.470454454422
970.0 99.51838850975037
971.0 99.56029653549194
972.0 99.60613250732422
973.0 99.70570206642151
974.0 99.67293739318848
975.0 99.62506294250488
976.0 99.6817409992218
977.0 99.6572196483612
978.0 99.68562126159668
979.0 99.62961673736572
980.0 99.58281517028809
981.0 99.48273301124573
982.0 99.42526817321777
983.0 99.44258332252502
984.0 99.37851428985596
985.0 99.45341348648071
986.0 99.30799603462219
987.0 99.37474131584167
988.0 99.32373762130737
989.0 99.3382453918457
990.0 99.30374026298523
991.0 99.37189817428589
992.0 99.44473505020142
993.0 99.36384558677673
994.0 99.36679005622864
995.0 99.41189885139465
996.0 99.39233064651489
997.0 99.51346516609192
998.0 99.5794415473938
999.0 99.57413673400879
1000.0 99.6016263961792
1001.0 99.56340193748474
1002.0 99.70496892929077
1003.0 99.68483448028564
1004.0 99.71948266029358
1005.0 99.64038133621216
1006.0 99.74724650382996
1007.0 99.74136352539062
1008.0 99.69891309738159
1009.0 99.66383576393127
1010.0 99.66959953308105
1011.0 99.66586828231812
1012.0 99.59779977798462
1013.0 99.60483908653259
1014.0 99.56029057502747
1015.0 99.54758286476135
1016.0 99.53159093856812
1017.0 99.61186051368713
1018.0 99.62838888168335
1019.0 99.56448674201965
1020.0 99.65971112251282
1021.0 99.80518817901611
1022.0 99.6864914894104
1023.0 99.6392548084259
1024.0 99.68494772911072
1025.0 99.68077540397644
1026.0 99.79780316352844
1027.0 99.82401728630066
1028.0 99.7773289680481
1029.0 99.83933568000793
1030.0 99.91183876991272
1031.0 99.83967542648315
1032.0 99.88639950752258
1033.0 99.79544281959534
1034.0 99.87265467643738
1035.0 99.91053342819214
1036.0 99.82518553733826
1037.0 99.77902173995972
1038.0 99.80988502502441
1039.0 99.67159032821655
1040.0 99.61268305778503
1041.0 99.7422456741333
1042.0 99.6886134147644
1043.0 99.63987469673157
1044.0 99.6730387210846
1045.0 99.48334097862244
1046.0 99.61898922920227
1047.0 99.5807945728302
1048.0 99.67267513275146
1049.0 99.53661561012268
1050.0 99.63253736495972
1051.0 99.60482120513916
1052.0 99.49277639389038
1053.0 99.33835864067078
1054.0 99.6991515159607
1055.0 99.71113801002502
1056.0 99.61292147636414
1057.0 99.68356490135193
1058.0 99.40456748008728
1059.0 99.48177933692932
1060.0 99.58745837211609
1061.0 99.3995726108551
1062.0 99.47124719619751
1063.0 99.54418540000916
1064.0 99.57367777824402
1065.0 99.5244026184082
1066.0 99.5779037475586
1067.0 99.71771836280823
1068.0 99.53675270080566
1069.0 99.2836058139801
1070.0 99.74499344825745
1071.0 99.56522583961487
1072.0 99.58106279373169
1073.0 99.64969158172607
1074.0 99.29765462875366
1075.0 99.34937953948975
1076.0 99.10885691642761
1077.0 99.4383454322815
1078.0 99.6635913848877
1079.0 99.42762851715088
1080.0 100.03702640533447
1081.0 99.23546314239502
1082.0 99.37974810600281
1083.0 99.19508099555969
1084.0 99.63406920433044
1085.0 99.51844811439514
1086.0 99.33528304100037
1087.0 99.28179383277893
1088.0 99.12054538726807
1089.0 98.95041584968567
1090.0 99.05404448509216
1091.0 99.28629398345947
1092.0 99.05590415000916
1093.0 98.88211488723755
1094.0 99.08596873283386
1095.0 98.86046051979065
1096.0 99.08310174942017
1097.0 98.53506088256836
1098.0 97.92733192443848
1099.0 99.02241230010986
1100.0 98.43443632125854
