lsstCam/transmission_filter_detector/r23_s10/y_10/19700101T000000.ecsv
# %ECSV 1.0
# ---
# datatype:
# - {name: wavelength, unit: nm, datatype: float32}
# - {name: efficiency, unit: '%', datatype: float64}
# meta: !!omap
# - {MODE: DETECTOR}
# - {TYPE: transmission_filter_detector}
# - {CALIBDATE: '1970-01-01T00:00:00'}
# - {INSTRUME: LSSTCam}
# - {OBSTYPE: transmission_filter_detector}
# - {CALIBCLS: lsst.ip.isr.IntermediateFilterDetectorTransmissionCurve}
# - {SOURCE: Materion (DM-46256)}
# - {DETECTOR: 102}
# - {FILTER: y_10}
# - {CALIB_ID: 'calibDate=1970-01-01T00:00:00 filter=y_10 detector=102'}
# - {DATE: '2025-04-02T15:59:51.215698'}
# - {CALIB_CREATION_DATE: '2025-04-02'}
# - {CALIB_CREATION_TIME: '15:59:51'}
# - __serialized_columns__:
#     efficiency:
#       __class__: astropy.units.quantity.Quantity
#       unit: !astropy.units.Unit {unit: '%'}
#       value: !astropy.table.SerializedColumn {name: efficiency}
#     wavelength:
#       __class__: astropy.units.quantity.Quantity
#       unit: !astropy.units.Unit {unit: nm}
#       value: !astropy.table.SerializedColumn {name: wavelength}
# schema: astropy-2.0
wavelength efficiency
300.0 0.32958430238068104
301.0 0.17845391994342208
302.0 0.027323502581566572
303.0 0.025129358982667327
304.0 0.022935218294151127
305.0 0.016806425992399454
306.0 0.010677629325073212
307.0 0.014954304788261652
308.0 0.019230977341067046
309.0 0.014872798055876046
310.0 0.010514617315493524
311.0 0.008541918941773474
312.0 0.006569217657670379
313.0 0.00425525831815321
314.0 0.0019412982510402799
315.0 0.003418809865252115
316.0 0.004896323298453353
317.0 0.004213893771520816
318.0 0.0035314616980031133
319.0 0.0024645552912261337
320.0 0.001397648338752333
321.0 0.002406932799203787
322.0 0.0034162174415541813
323.0 0.0035167216992704198
324.0 0.0036172259569866583
325.0 0.0014858869690215215
326.0 1.587679640535633e-10
327.0 0.0008728731700102799
328.0 0.0023911987227620557
329.0 0.0032524232665309682
330.0 0.004113647810299881
331.0 0.00335778713633772
332.0 0.0026019268261734396
333.0 0.0026147978132939897
334.0 0.002627668254717719
335.0 0.00294517903967062
336.0 0.003262689642724581
337.0 0.003059233131352812
338.0 0.0028557768018799834
339.0 0.0016198486264329404
340.0 0.00038392036003642716
341.0 0.00030720145787199726
342.0 0.00023048228285915684
343.0 0.0007937364898680244
344.0 0.0013569908333010972
345.0 0.0015313240510295145
346.0 0.0017056576325558126
347.0 0.0016596844943705946
348.0 0.0016137111742864363
349.0 0.0013949356798548251
350.0 0.0011761600035242736
351.0 0.001552714456920512
352.0 0.00192926872841781
353.0 0.0017266844224650413
354.0 0.0015241006622090936
355.0 0.0015562716725980863
356.0 0.001588442682987079
357.0 0.0013693793334823567
358.0 0.0011503159839776345
359.0 0.0010453467439219821
360.0 0.0009403775038663298
361.0 0.0011821561201941222
362.0 0.0014239346455724444
363.0 0.001225934101967141
364.0 0.0010279333764628973
365.0 0.0013261543244880158
366.0 0.0016243759091594256
367.0 0.0018444445231580175
368.0 0.00206451331905555
369.0 0.0017479236703366041
370.0 0.0014313339306681883
371.0 0.001593955312273465
372.0 0.0017565766029292718
373.0 0.0020893017790513113
374.0 0.002422026955173351
375.0 0.0033197287848452106
376.0 0.004217430978314951
377.0 0.004105969856027514
378.0 0.003994509097537957
379.0 0.003443465902819298
380.0 0.0028924228899995796
381.0 0.0020486011635512114
382.0 0.0012047791642544325
383.0 0.0011508550414873753
384.0 0.0010969304639729671
385.0 0.0008517176866007503
386.0 0.0006065048182790633
387.0 0.0006428178949136054
388.0 0.0006791309715481475
389.0 0.0006431682322727283
390.0 0.000607205402047839
391.0 0.0005657907877321122
392.0 0.0005243762188911205
393.0 0.0005989429610053776
394.0 0.0006735097940691048
395.0 0.0006614193353016162
396.0 0.0006493288765341276
397.0 0.0008323328984261025
398.0 0.0010153368748433422
399.0 0.001189336308016209
400.0 0.0013633357411890756
401.0 0.0015552146578556858
402.0 0.0017470936654717661
403.0 0.001817383963498287
404.0 0.001887674443423748
405.0 0.0018567367078503594
406.0 0.0018257989722769707
407.0 0.0015608080502715893
408.0 0.0012958170373167377
409.0 0.0010355523045291193
410.0 0.0007752873898425605
411.0 0.0007268975423357915
412.0 0.0006785076493542874
413.0 0.0005348667400539853
414.0 0.00039122573980421294
415.0 0.0010775920600281097
416.0 0.0017639584257267416
417.0 0.0008556199645681772
418.0 1.587679640535633e-10
419.0 1.587679640535633e-10
420.0 1.587679640535633e-10
421.0 1.587679640535633e-10
422.0 0.00024818111796776066
423.0 0.0006062123702577082
424.0 0.0009642435543355532
425.0 0.0001522790512353822
426.0 1.587679640535633e-10
427.0 1.587679640535633e-10
428.0 0.0003061726829400868
429.0 1.587679640535633e-10
430.0 1.587679640535633e-10
431.0 0.0001603427108420874
432.0 0.0009935524758475367
433.0 0.0006807785212004092
434.0 0.00036800483940169215
435.0 8.170570140464406e-05
436.0 1.587679640535633e-10
437.0 1.587679640535633e-10
438.0 1.587679640535633e-10
439.0 1.587679640535633e-10
440.0 1.587679640535633e-10
441.0 1.587679640535633e-10
442.0 1.587679640535633e-10
443.0 1.587679640535633e-10
444.0 3.6883415077682e-05
445.0 1.587679640535633e-10
446.0 1.587679640535633e-10
447.0 0.0002868905994546367
448.0 0.0006690824193356093
449.0 0.0005766970843978925
450.0 0.00048431161303597037
451.0 0.00014754357380297733
452.0 1.587679640535633e-10
453.0 3.518898950005678e-05
454.0 0.00025960212042264175
455.0 0.00015603319525325787
456.0 5.246408250059176e-05
457.0 1.587679640535633e-10
458.0 1.587679640535633e-10
459.0 1.587679640535633e-10
460.0 1.587679640535633e-10
461.0 0.00021525613647099817
462.0 0.0006350329385895748
463.0 0.0006892314559081569
464.0 0.000743429927752004
465.0 0.0007695000022067688
466.0 0.0007955701221362688
467.0 0.0011148593330290169
468.0 0.0014341482710733544
469.0 0.0016739364582463168
470.0 0.0019137243725708686
471.0 0.0020611190848285332
472.0 0.002208513433288317
473.0 0.0025246052246075124
474.0 0.0028406970159267075
475.0 0.0028480266337282956
476.0 0.0028553560696309432
477.0 0.0031250823667505756
478.0 0.0033948090276680887
479.0 0.0038564769056392834
480.0 0.004318145147408359
481.0 0.004331977106630802
482.0 0.004345808702055365
483.0 0.004035169695271179
484.0 0.003724531052284874
485.0 0.003766365989577025
486.0 0.0038082009268691763
487.0 0.003226353510399349
488.0 0.0026445059120305814
489.0 0.0024480739739374258
490.0 0.00225164203584427
491.0 0.0018346632714383304
492.0 0.0014176844160829205
493.0 0.0012887735465483274
494.0 0.001159863040811615
495.0 0.0013539508472604211
496.0 0.0015480383808608167
497.0 0.001846454142651055
498.0 0.0021448700863402337
499.0 0.002322779801033903
500.0 0.002500689515727572
501.0 0.002712544119276572
502.0 0.0029243989047245122
503.0 0.0028641237804549746
504.0 0.002803848656185437
505.0 0.002874053825507872
506.0 0.0029442589948303066
507.0 0.0023606351533089764
508.0 0.001777011129888706
509.0 0.0019948014596593566
510.0 0.002212591607531067
511.0 0.0021916890545981005
512.0 0.0021707866835640743
513.0 0.002102050893881824
514.0 0.0020333151041995734
515.0 0.0015203492694126908
516.0 0.0010073831617773976
517.0 0.0012047038580931257
518.0 0.001402024645358324
519.0 0.0014543353245244361
520.0 0.0015066460946400184
521.0 0.0016612873878329992
522.0 0.0018159285900765099
523.0 0.0018223759980173782
524.0 0.001828823224059306
525.0 0.0021803853087476455
526.0 0.0025319477572338656
527.0 0.002371715527260676
528.0 0.0022114838429843076
529.0 0.0023178035917226225
530.0 0.0024241233404609375
531.0 0.002358663004997652
532.0 0.0022932026695343666
533.0 0.0023042668544803746
534.0 0.002315330675628502
535.0 0.0020654226318583824
536.0 0.0018155140423914418
537.0 0.00223389251914341
538.0 0.0026522709958953783
539.0 0.0031145387765718624
540.0 0.0035768065572483465
541.0 0.0038123573176562786
542.0 0.004047908078064211
543.0 0.004504977187025361
544.0 0.00496204593218863
545.0 0.004970519148628227
546.0 0.004978992001269944
547.0 0.004104912295588292
548.0 0.0032308322261087596
549.0 0.002745740312093403
550.0 0.0022606482161791064
551.0 0.0024560426027164795
552.0 0.002651437171152793
553.0 0.0031592706363881007
554.0 0.003667103374027647
555.0 0.0039261030906345695
556.0 0.004185102807241492
557.0 0.004076687037013471
558.0 0.003968271630583331
559.0 0.0036470544728217646
560.0 0.0033258369512623176
561.0 0.0033845972211565822
562.0 0.0034433563996572047
563.0 0.0034610522561706603
564.0 0.003478747748886235
565.0 0.004046446338179521
566.0 0.0046141449274728075
567.0 0.004755061672767624
568.0 0.004895978418062441
569.0 0.005511464405572042
570.0 0.006126950029283762
571.0 0.006178951298352331
572.0 0.0062309525674209
573.0 0.006323565321508795
574.0 0.006416178803192452
575.0 0.006256994674913585
576.0 0.0060978109104325995
577.0 0.005597459676209837
578.0 0.005097108441987075
579.0 0.005735654849559069
580.0 0.006374201620928943
581.0 0.007250106136780232
582.0 0.00812600992503576
583.0 0.009271656017517671
584.0 0.01041730138240382
585.0 0.010662631393643096
586.0 0.010907962860073894
587.0 0.010743662278400734
588.0 0.010579360241536051
589.0 0.010227142774965614
590.0 0.009874928218778223
591.0 0.009230193973053247
592.0 0.00858545972732827
593.0 0.007169547461671755
594.0 0.005753635923611
595.0 0.005653399057337083
596.0 0.005553162918658927
597.0 0.006083316111471504
598.0 0.006613469304284081
599.0 0.007731871301075444
600.0 0.008850272570271045
601.0 0.009845502790994942
602.0 0.010840731556527317
603.0 0.011197930143680423
604.0 0.011555131641216576
605.0 0.011174589599249884
606.0 0.010794047557283193
607.0 0.009244550892617553
608.0 0.0076950549555476755
609.0 0.006131878035375848
610.0 0.0045687022065976635
611.0 0.003764113353099674
612.0 0.002959524681500625
613.0 0.003486497007543221
614.0 0.004013468787888996
615.0 0.004923896267428063
616.0 0.005834323746967129
617.0 0.007433649443555623
618.0 0.009032974048750475
619.0 0.010187170119024813
620.0 0.011341366189299151
621.0 0.011772103607654572
622.0 0.012202841026009992
623.0 0.01192211639136076
624.0 0.011641389573924243
625.0 0.010068363917525858
626.0 0.00849533753353171
627.0 0.006872817903058603
628.0 0.005250297908787616
629.0 0.004299029023968615
630.0 0.0033477605029474944
631.0 0.0029609269404318184
632.0 0.0025740935598150827
633.0 0.0027280068024992943
634.0 0.0028819202270824462
635.0 0.0031118317565415055
636.0 0.003341742922202684
637.0 0.004064977110829204
638.0 0.004788210935657844
639.0 0.004948565401718952
640.0 0.005108919503982179
641.0 0.005389677244238555
642.0 0.005670435348292813
643.0 0.005487153975991532
644.0 0.005303872603690252
645.0 0.004764980258187279
646.0 0.004226087548886426
647.0 0.0034102802601410076
648.0 0.0025944729713955894
649.0 0.002095540003210772
650.0 0.0015966070350259542
651.0 0.0016866311852936633
652.0 0.001776655153662432
653.0 0.0016151165254996158
654.0 0.0014535778973367997
655.0 0.0015466135664610192
656.0 0.0016396494174841791
657.0 0.0014572789950761944
658.0 0.0012749086636176798
659.0 0.0016271447748295031
660.0 0.0019793809769907966
661.0 0.0018881491996580735
662.0 0.0017969176042242907
663.0 0.002199187656515278
664.0 0.0026014578907052055
665.0 0.0032317191653419286
666.0 0.003861980076180771
667.0 0.004708714914158918
668.0 0.005555448660743423
669.0 0.006159351323731244
670.0 0.006763250712538138
671.0 0.0073377013904973865
672.0 0.00791215425124392
673.0 0.008012086618691683
674.0 0.00811202044133097
675.0 0.00747562589822337
676.0 0.006839231355115771
677.0 0.005446439536171965
678.0 0.004053646989632398
679.0 0.0026436569896759465
680.0 0.0012336673535173759
681.0 0.0007146590178308543
682.0 0.00019565072761906777
683.0 0.0003541133082762826
684.0 0.0005125759344082326
685.0 0.00029130758321116446
686.0 7.003912969594239e-05
687.0 0.0002047775069513591
688.0 0.00033951587283809204
689.0 0.0002946359472844051
690.0 0.0002497561126801884
691.0 0.00016359384744646377
692.0 7.743167316220934e-05
693.0 0.00016062787153714453
694.0 0.00024382404717471218
695.0 0.00035562684388423804
696.0 0.0004674295723816613
697.0 0.0004590632215695223
698.0 0.0004506968252826482
699.0 0.00028382526124914875
700.0 0.00011695364037223044
701.0 0.00013053943348495523
702.0 0.0001441253175471502
703.0 0.0002056608309430885
704.0 0.00026719642391981324
705.0 0.0003162129132761038
706.0 0.00036522924347082153
707.0 0.00016178258874788298
708.0 1.587679640535633e-10
709.0 0.00017084955743484898
710.0 0.00038336329453159124
711.0 0.0004819750756723806
712.0 0.0005805869022879051
713.0 0.0002621453859319445
714.0 1.587679640535633e-10
715.0 0.0001059864530361665
716.0 0.00026826899102161406
717.0 0.00014956983704905724
718.0 3.087067739215854e-05
719.0 0.00030957701255829306
720.0 0.0005882833193027182
721.0 0.0005536534445127472
722.0 0.0005190235697227763
723.0 0.0004003592039225623
724.0 0.0002816948835970834
725.0 0.00022701940451952396
726.0 0.00017234410734090488
727.0 0.0002720074917306192
728.0 0.0003716711489687441
729.0 0.00044595471990760416
730.0 0.0005202384727454046
731.0 0.000626562541583553
732.0 0.000732886928744847
733.0 0.0003304364554423955
734.0 1.587679640535633e-10
735.0 1.587679640535633e-10
736.0 1.587679640535633e-10
737.0 0.00021649352675012778
738.0 0.0005727757070417283
739.0 0.00051977444854856
740.0 0.0004667729626817163
741.0 0.0004087426987098297
742.0 0.00035071250295004575
743.0 0.00020613724700524472
744.0 6.15619853761018e-05
745.0 0.0003813193188761943
746.0 0.0007010767149040475
747.0 0.0003227097977287485
748.0 1.587679640535633e-10
749.0 1.587679640535633e-10
750.0 1.587679640535633e-10
751.0 5.887071665711119e-05
752.0 0.000374132673641725
753.0 0.00039656079025007784
754.0 0.000418988793171593
755.0 1.587679640535633e-10
756.0 1.587679640535633e-10
757.0 1.587679640535633e-10
758.0 1.587679640535633e-10
759.0 0.0002716497192523093
760.0 0.0006655640390818007
761.0 0.0004332852768129669
762.0 0.0002010065145441331
763.0 0.00017234556253242772
764.0 0.00014368459915203857
765.0 0.0003432438461459242
766.0 0.0005428029453469208
767.0 0.00013564689425038523
768.0 1.587679640535633e-10
769.0 1.587679640535633e-10
770.0 1.587679640535633e-10
771.0 1.587679640535633e-10
772.0 4.8620455572745414e-05
773.0 0.0003796239752773545
774.0 0.0007106273642421002
775.0 0.0005902486009290442
776.0 0.00046986965571704786
777.0 0.00046254631342890207
778.0 0.00045522310756496154
779.0 0.0006909536296006991
780.0 0.0009266842425859068
781.0 0.0007475340225937543
782.0 0.0005683836661773967
783.0 0.0005490126113727456
784.0 0.0005296415565680945
785.0 0.0006069403298170073
786.0 0.0006842389666417148
787.0 0.0006031615612300811
788.0 0.0005220840648689773
789.0 0.0004952882591169327
790.0 0.0004684924533648882
791.0 0.000513754002895439
792.0 0.0005590153705270495
793.0 0.0006274251063587144
794.0 0.0006958346602914389
795.0 0.0009112774023378734
796.0 0.0011267199624853674
797.0 0.0008193260327971075
798.0 0.0005119322850077879
799.0 0.0005798787242383696
800.0 0.0006478250725194812
801.0 0.00040564877963333856
802.0 0.00016347253222193103
803.0 0.00038257257983786985
804.0 0.0006016726274538087
805.0 0.0008726739906705916
806.0 0.0011436752174631692
807.0 0.0008249669917859137
808.0 0.0005062587206339231
809.0 0.000361718844033021
810.0 0.0002171789446947514
811.0 0.0005018684532842599
812.0 0.0007865579391364008
813.0 0.00094025963335298
814.0 0.0010939613275695592
815.0 0.0010665188710845541
816.0 0.0010390761417511385
817.0 0.0009653510460339021
818.0 0.0008916260412661359
819.0 0.0009725190466269851
820.0 0.001053411961038364
821.0 0.0008246065590356011
822.0 0.0005958010660833679
823.0 0.0006140808636700967
824.0 0.0006323608431557659
825.0 0.0005748130206484348
826.0 0.0005172651981411036
827.0 0.0007428186563629424
828.0 0.0009683721145847812
829.0 0.0005403421710070688
830.0 0.00011231228427277529
831.0 0.00019135254660795908
832.0 0.0002703930476855021
833.0 0.0003309873818579945
834.0 0.00039158167055575177
835.0 0.00014683657809655415
836.0 1.587679640535633e-10
837.0 0.0001480023684052867
838.0 0.0003939134330721572
839.0 0.0005723250524169998
840.0 0.0007507366262871074
841.0 0.0009821523235586938
842.0 0.001213567975355545
843.0 0.0009887301530397963
844.0 0.0007638922397745773
845.0 0.0009138851055467967
846.0 0.001063877971319016
847.0 0.0012446687833289616
848.0 0.001425459504389437
849.0 0.0010030965313490015
850.0 0.0005807331945106853
851.0 0.000922439357964322
852.0 0.0012641454304684885
853.0 0.0007178863143053604
854.0 0.00017162738004117273
855.0 9.005503187609065e-06
856.0 1.587679640535633e-10
857.0 0.00045093815970176365
858.0 0.0010554927030170802
859.0 0.0009237701306119561
860.0 0.000792047558206832
861.0 0.0013434702850645408
862.0 0.0018948931028717197
863.0 0.0018806116713676602
864.0 0.0018663298760657199
865.0 0.001976646854018327
866.0 0.002086963831970934
867.0 0.002591867814771831
868.0 0.0030967719794716686
869.0 0.0030799936212133616
870.0 0.003063214899157174
871.0 0.0033216143492609262
872.0 0.003580013435566798
873.0 0.0029058852305752225
874.0 0.0022317575712804683
875.0 0.002414042319287546
876.0 0.0025963268853956833
