lsstCam/transmission_filter_detector/r43_s22/z_20/19700101T000000.ecsv
# %ECSV 1.0
# ---
# datatype:
# - {name: wavelength, unit: nm, datatype: float32}
# - {name: efficiency, unit: '%', datatype: float64}
# meta: !!omap
# - {MODE: DETECTOR}
# - {TYPE: transmission_filter_detector}
# - {CALIBDATE: '1970-01-01T00:00:00'}
# - {INSTRUME: LSSTCam}
# - {OBSTYPE: transmission_filter_detector}
# - {CALIBCLS: lsst.ip.isr.IntermediateFilterDetectorTransmissionCurve}
# - {SOURCE: Materion (DM-46256)}
# - {DETECTOR: 188}
# - {FILTER: z_20}
# - {CALIB_ID: 'calibDate=1970-01-01T00:00:00 filter=z_20 detector=188'}
# - {DATE: '2025-04-02T15:59:49.512941'}
# - {CALIB_CREATION_DATE: '2025-04-02'}
# - {CALIB_CREATION_TIME: '15:59:49'}
# - __serialized_columns__:
#     efficiency:
#       __class__: astropy.units.quantity.Quantity
#       unit: !astropy.units.Unit {unit: '%'}
#       value: !astropy.table.SerializedColumn {name: efficiency}
#     wavelength:
#       __class__: astropy.units.quantity.Quantity
#       unit: !astropy.units.Unit {unit: nm}
#       value: !astropy.table.SerializedColumn {name: wavelength}
# schema: astropy-2.0
wavelength efficiency
[from data line 597]
897.0 99.11760091781616
898.0 98.81432056427002
899.0 98.54839444160461
900.0 98.45717549324036
901.0 99.08315539360046
902.0 98.76874685287476
903.0 98.27973246574402
904.0 97.27715849876404
905.0 98.34248423576355
906.0 97.51050472259521
907.0 98.43051433563232
908.0 97.84001111984253
909.0 97.92296886444092
910.0 97.62455224990845
911.0 96.00896835327148
912.0 95.35605907440186
913.0 93.61708760261536
914.0 90.91869592666626
915.0 88.28944563865662
916.0 86.41687035560608
917.0 84.51484441757202
918.0 80.77163696289062
919.0 79.17457818984985
920.0 75.36291480064392
921.0 70.83691358566284
922.0 65.62988758087158
923.0 59.10596251487732
924.0 53.40163707733154
925.0 47.79626131057739
926.0 41.07414186000824
927.0 33.63216519355774
928.0 27.51619815826416
929.0 21.602924168109894
930.0 16.03153944015503
931.0 11.639569699764252
932.0 7.388115674257278
933.0 4.34739924967289
934.0 2.7353622019290924
935.0 1.6001611948013306
936.0 0.7931108586490154
937.0 0.5774383433163166
938.0 0.5027707666158676
939.0 0.2573357429355383
940.0 0.06393337971530855
941.0 0.11222639586776495
942.0 2.690920836850852e-10
943.0 0.19664622377604246
944.0 2.690920836850852e-10
945.0 0.03883522003889084
946.0 2.690920836850852e-10
947.0 0.0010856127119041048
948.0 0.05130773643031716
949.0 0.019725966558326036
950.0 0.15397059032693505
951.0 2.690920836850852e-10
952.0 2.690920836850852e-10
953.0 2.690920836850852e-10
954.0 2.690920836850852e-10
955.0 0.01887911494122818
956.0 0.06758238305337727
957.0 2.690920836850852e-10
958.0 0.10841524926945567
959.0 0.055729487212374806
960.0 0.038866515387780964
961.0 0.055433448869735
962.0 2.690920836850852e-10
963.0 2.690920836850852e-10
964.0 2.690920836850852e-10
965.0 0.041187708848156035
966.0 2.690920836850852e-10
967.0 0.023812527069821954
968.0 0.05983281880617142
969.0 2.690920836850852e-10
970.0 2.690920836850852e-10
971.0 0.1109239412471652
972.0 2.690920836850852e-10
973.0 2.690920836850852e-10
974.0 2.690920836850852e-10
975.0 2.690920836850852e-10
976.0 0.005448043521028012
977.0 0.005317778413882479
978.0 0.005187512942939065
979.0 0.005117379623698071
980.0 0.005047246304457076
981.0 0.0049799171392805874
982.0 0.0049125872465083376
983.0 0.004781167081091553
984.0 0.004649746551876888
985.0 0.004714043461717665
986.0 0.004778340371558443
987.0 0.0046667944843648
988.0 0.004555248597171158
989.0 0.004419323886395432
990.0 0.004283398811821826
991.0 0.0042596933781169355
992.0 0.004235987216816284
993.0 0.004230367630952969
994.0 0.004224747317493893
995.0 0.004160735625191592
996.0 0.00409672393288929
997.0 0.0039842612750362605
998.0 0.003871798617183231
999.0 0.0038655685784760863
1000.0 0.0038593389035668224
1001.0 0.0037438458093674853
1002.0 0.0036283527151681483
1003.0 0.0037451354728545994
1004.0 0.0038619182305410504
1005.0 0.0036751076549990103
1006.0 0.00348829707945697
1007.0 0.003619731796788983
1008.0 0.003751166514120996
1009.0 0.003795718657784164
1010.0 0.0038402715290430933
1011.0 0.0037678804801544175
1012.0 0.0036954894312657416
1013.0 0.003826207830570638
1014.0 0.003956925866077654
1015.0 0.003818721233983524
1016.0 0.003680516965687275
1017.0 0.0037639900256181136
1018.0 0.0038474627217510715
1019.0 0.003658008427009918
1020.0 0.003468554496066645
1021.0 0.0036025412555318326
1022.0 0.0037365280149970204
1023.0 0.0037962356145726517
1024.0 0.0038559435779461637
1025.0 0.003895448026014492
1026.0 0.00393495247408282
1027.0 0.003950723112211563
1028.0 0.0039664933865424246
1029.0 0.003980838664574549
1030.0 0.003995183578808792
1031.0 0.004111798625672236
1032.0 0.0042284133087377995
1033.0 0.004345056368038058
1034.0 0.004461699427338317
1035.0 0.004291392906452529
1036.0 0.004121086385566741
1037.0 0.004303820242057554
1038.0 0.004486553734750487
1039.0 0.004615750003722496
1040.0 0.0047449466364923865
1041.0 0.004825824362342246
1042.0 0.004906702451989986
1043.0 0.004923113374388777
1044.0 0.004939524660585448
1045.0 0.005122486982145347
1046.0 0.005305449667503126
1047.0 0.005382112431107089
1048.0 0.005458775194711052
1049.0 0.005613531538983807
1050.0 0.005768287883256562
1051.0 0.005580298602581024
1052.0 0.005392309321905486
1053.0 0.0056078730267472565
1054.0 0.005823435276397504
1055.0 0.005887650695513003
1056.0 0.005951866114628501
1057.0 0.006332732300506905
1058.0 0.00671359957777895
1059.0 0.00736334259272553
1060.0 0.008013087790459394
1061.0 0.0077099881309550256
1062.0 0.007406890654237941
1063.0 0.0076351905590854585
1064.0 0.007863489008741453
1065.0 0.007828987872926518
1066.0 0.007794487464707345
1067.0 0.007849786197766662
1068.0 0.007905086386017501
1069.0 0.008497531962348148
1070.0 0.009089978266274557
1071.0 0.009042093734024093
1072.0 0.008994209201773629
1073.0 0.009437090193387121
1074.0 0.009879970457404852
1075.0 0.01028651458909735
1076.0 0.010693059448385611
1077.0 0.01069495192496106
1078.0 0.010696846584323794
1079.0 0.01138766820076853
1080.0 0.01207849127240479
1081.0 0.011721415648935363
1082.0 0.011364340025465935
1083.0 0.011904194980161265
1084.0 0.012444051390048116
1085.0 0.013300725549925119
1086.0 0.014157398254610598
1087.0 0.013345692423172295
1088.0 0.012533989502117038
1089.0 0.013803938054479659
1090.0 0.01507388660684228
1091.0 0.014278994058258832
1092.0 0.01348410005448386
1093.0 0.013366177154239267
1094.0 0.01324825279880315
1095.0 0.014982580614741892
1096.0 0.016716911341063678
1097.0 0.017390280845575035
1098.0 0.018063653260469437
1099.0 0.018177478341385722
1100.0 0.018291301967110485
1101.0 0.019821285968646407
1102.0 0.021351271425373852
1103.0 0.02044986904365942
1104.0 0.019548466661944985
1105.0 0.021269360149744898
1106.0 0.022990252182353288
1107.0 0.02339741913601756
1108.0 0.023804586089681834
1109.0 0.025818304857239127
1110.0 0.027832025079987943
1111.0 0.02666855580173433
1112.0 0.025505092344246805
1113.0 0.025924359215423465
1114.0 0.02634362317621708
1115.0 0.02689796092454344
1116.0 0.027452301583252847
1117.0 0.02819123910740018
1118.0 0.02893017663154751
1119.0 0.031135740573517978
1120.0 0.033341298694722354
1121.0 0.03519205783959478
1122.0 0.03704281407408416
1123.0 0.035747073707170784
1124.0 0.034451333340257406
1125.0 0.03774321521632373
1126.0 0.041035094182007015
1127.0 0.040515614091418684
1128.0 0.03999614273197949
1129.0 0.04161302640568465
1130.0 0.0432299159001559
1131.0 0.04880958585999906
1132.0 0.05438926164060831
1133.0 0.0546280643902719
1134.0 0.054866872960701585
1135.0 0.05948447505943477
1136.0 0.06410208297893405
1137.0 0.07245925371535122
1138.0 0.08081643027253449
1139.0 0.0966800726018846
1140.0 0.11254372075200081
1141.0 0.18218556651845574
1142.0 0.2518273890018463
1143.0 0.5358537659049034
1144.0 0.819880049675703
1145.0 1.195924635976553
1146.0 1.5719693154096603
1147.0 1.619613729417324
1148.0 1.6672581434249878
1149.0 2.3459745571017265
1150.0 3.0246905982494354
