lsstCam/transmission_filter_detector/r43_s22/z_20/19700101T000000.ecsv
# %ECSV 1.0
# ---
# datatype:
# - {name: wavelength, unit: nm, datatype: float32}
# - {name: efficiency, unit: '%', datatype: float64}
# meta: !!omap
# - {MODE: DETECTOR}
# - {TYPE: transmission_filter_detector}
# - {CALIBDATE: '1970-01-01T00:00:00'}
# - {INSTRUME: LSSTCam}
# - {OBSTYPE: transmission_filter_detector}
# - {CALIBCLS: lsst.ip.isr.IntermediateFilterDetectorTransmissionCurve}
# - {SOURCE: Materion (DM-46256)}
# - {DETECTOR: 188}
# - {FILTER: z_20}
# - {CALIB_ID: 'calibDate=1970-01-01T00:00:00 filter=z_20 detector=188'}
# - {DATE: '2025-04-02T15:59:49.512941'}
# - {CALIB_CREATION_DATE: '2025-04-02'}
# - {CALIB_CREATION_TIME: '15:59:49'}
# - __serialized_columns__:
#     efficiency:
#       __class__: astropy.units.quantity.Quantity
#       unit: !astropy.units.Unit {unit: '%'}
#       value: !astropy.table.SerializedColumn {name: efficiency}
#     wavelength:
#       __class__: astropy.units.quantity.Quantity
#       unit: !astropy.units.Unit {unit: nm}
#       value: !astropy.table.SerializedColumn {name: wavelength}
# schema: astropy-2.0
wavelength efficiency
300.0 0.3661331720650196
301.0 0.31547967810183764
302.0 0.2648262307047844
303.0 0.23271371610462666
304.0 0.20060120150446892
305.0 0.1898631453514099
306.0 0.17912507755681872
307.0 0.1689763506874442
308.0 0.1588276121765375
309.0 0.13424071948975325
310.0 0.1096538151614368
311.0 0.10938037885352969
312.0 0.10910694254562259
313.0 0.09630731656216085
314.0 0.08350769057869911
315.0 0.06935812998563051
316.0 0.05520856357179582
317.0 0.06400751881301403
318.0 0.07280646823346615
319.0 0.06480538286268711
320.0 0.056804303312674165
321.0 0.05458787200041115
322.0 0.05237144650891423
323.0 0.04571567405946553
324.0 0.039059907430782914
325.0 0.0382472324417904
326.0 0.03743456327356398
327.0 0.03770801704376936
328.0 0.03798147081397474
329.0 0.037810541107319295
330.0 0.0376396143110469
331.0 0.03552872803993523
332.0 0.03341783885844052
333.0 0.030236723250709474
334.0 0.02705561346374452
335.0 0.02503264113329351
336.0 0.023009671713225543
337.0 0.023098387464415282
338.0 0.023187101760413498
339.0 0.020167384354863316
340.0 0.017147666949313134
341.0 0.01633231295272708
342.0 0.015516958956141025
343.0 0.0172755986568518
344.0 0.019034238357562572
345.0 0.016410242824349552
346.0 0.013786248746328056
347.0 0.013252008648123592
348.0 0.012717771460302174
349.0 0.012312649050727487
350.0 0.011907528823940083
351.0 0.011829083086922765
352.0 0.011750636622309685
353.0 0.011276203440502286
354.0 0.010801767348311841
355.0 0.01012964712572284
356.0 0.009457529085921124
357.0 0.009942361066350713
358.0 0.010427193774376065
359.0 0.009085849160328507
360.0 0.007744506001472473
361.0 0.00837410188978538
362.0 0.009003697778098285
363.0 0.008215825801016763
364.0 0.007427952368743718
365.0 0.00812549187685363
366.0 0.00882302992977202
367.0 0.008430665184278041
368.0 0.00803829898359254
369.0 0.007778355939080939
370.0 0.007518412894569337
371.0 0.008347912807948887
372.0 0.009177411993732676
373.0 0.007640400144737214
374.0 0.006103385385358706
375.0 0.006242906965781003
376.0 0.006382429273799062
377.0 0.006165516970213503
378.0 0.0059486046666279435
379.0 0.006037054117769003
380.0 0.006125502841314301
381.0 0.004789951708517037
382.0 0.0034543998481240124
383.0 0.0042852654587477446
384.0 0.005116130705573596
385.0 0.005408357901615091
386.0 0.005700584733858705
387.0 0.005051191692473367
388.0 0.0044017982872901484
389.0 0.004164869096712209
390.0 0.003927939542336389
391.0 0.004085361797478981
392.0 0.004242784416419454
393.0 0.0038964208215475082
394.0 0.0035500572266755626
395.0 0.003501007813611068
396.0 0.003451958764344454
397.0 0.0035127792216371745
398.0 0.003573600042727776
399.0 0.004461647768039256
400.0 0.005349695493350737
401.0 0.004246648313710466
402.0 0.0031436007702723145
403.0 0.004038702172692865
404.0 0.004933803938911296
405.0 0.004638909740606323
406.0 0.004344015542301349
407.0 0.0044488559069577605
408.0 0.004553695907816291
409.0 0.003877656126860529
410.0 0.0032016163459047675
411.0 0.00294030051009031
412.0 0.0026789844923769124
413.0 0.003236217889934778
414.0 0.0037934511055937037
415.0 0.004036376412841491
416.0 0.004279301356291398
417.0 0.0035644228773890063
418.0 0.0028495449441834353
419.0 0.003414575621718541
420.0 0.003979606117354706
421.0 0.0038695900002494454
422.0 0.003759573883144185
423.0 0.003345809818711132
424.0 0.0029320461180759594
425.0 0.0026875082767219283
426.0 0.002442970435367897
427.0 0.0017223743270733394
428.0 0.001001778400677722
429.0 0.0014484124221780803
430.0 0.0018950468074763194
431.0 0.0015714333130745217
432.0 0.0012478201824706048
433.0 0.0018483950043446384
434.0 0.0024489700081176125
435.0 0.002712975583563093
436.0 0.002976981340907514
437.0 0.002732362554525025
438.0 0.002487743586243596
439.0 0.0022655889551970176
440.0 0.0020434339603525586
441.0 0.001837978561525233
442.0 0.0016325227989000268
443.0 0.0015323104889830574
444.0 0.0014320983609650284
445.0 0.0020670508092734963
446.0 0.0027020030756830238
447.0 0.0033173382689710706
448.0 0.003932673644158058
449.0 0.0026463549147592857
450.0 0.0013600361853605136
451.0 0.0014637174899689853
452.0 0.0015673989764763974
453.0 0.0021032741642557085
454.0 0.002639148988237139
455.0 0.002305806629010476
456.0 0.001972464087884873
457.0 0.001908607009681873
458.0 0.0018447501133778132
459.0 0.0019388386135688052
460.0 0.0020329272956587374
461.0 0.001729124051053077
462.0 0.0014253208973968867
463.0 0.0011162787814100739
464.0 0.0008072367563727312
465.0 0.0014774464034417178
466.0 0.002147655686712824
467.0 0.001801194048312027
468.0 0.0014547324099112302
469.0 0.0009685651093604974
470.0 0.0004823977633350296
471.0 0.0009445475370739587
472.0 0.001406697447237093
473.0 0.0015113959307200275
474.0 0.0016160945961019024
475.0 0.001590676765772514
476.0 0.0015652594811399467
477.0 0.0015349847672041506
478.0 0.0015047102351672947
479.0 0.0013980626135889906
480.0 0.0012914153558085673
481.0 0.0007466765964636579
482.0 0.00020193788259348366
483.0 0.0007035463568172418
484.0 0.0012051546946167946
485.0 0.0011157056178490166
486.0 0.0010262563591822982
487.0 0.0011787761650339235
488.0 0.001331296061835019
489.0 0.0015331841495935805
490.0 0.0017350723283016123
491.0 0.001193538719235221
492.0 0.0006520054284919752
493.0 0.001059932037605904
494.0 0.001467858692194568
495.0 0.0011768412150559016
496.0 0.0008858237379172351
497.0 0.0009291162314184476
498.0 0.00097240872491966
499.0 0.0010834133718162775
500.0 0.0011944179277634248
501.0 0.0012035700819978956
502.0 0.001212722054333426
503.0 0.0010571768143563531
504.0 0.0009016313015308697
505.0 0.0014112033568380866
506.0 0.0019207753211958334
507.0 0.001824490936996881
508.0 0.0017282067346968688
509.0 0.0016242198398686014
510.0 0.001520232945040334
511.0 0.001314587007072987
512.0 0.0011089408872066997
513.0 0.0010410234608571045
514.0 0.000973105852608569
515.0 0.0008890939170669299
516.0 0.0008050818905758206
517.0 0.0009283760846301448
518.0 0.0010516704605834093
519.0 0.0012515986782091204
520.0 0.0014515268048853613
521.0 0.001491566581535153
522.0 0.0015316063581849448
523.0 0.0015338709999923594
524.0 0.0015361352780018933
525.0 0.0011030763744201977
526.0 0.0006700175163132371
527.0 0.0010473831935087219
528.0 0.0014247488252294715
529.0 0.0013563603715738282
530.0 0.0012879718269687146
531.0 0.0014656310668215156
532.0 0.0016432904885732569
533.0 0.0012921137567900587
534.0 0.0009409370250068605
535.0 0.0014509903849102557
536.0 0.001961043926712591
537.0 0.001839441574702505
538.0 0.0017178394045913592
539.0 0.0014610186553909443
540.0 0.0012041977242915891
541.0 0.0011438211913628038
542.0 0.0010834444765350781
543.0 0.000909226309886435
544.0 0.0007350082796619972
545.0 0.0009075327398022637
546.0 0.0010800573363667354
547.0 0.0017572903743712232
548.0 0.0024345235942746513
549.0 0.0020781340936082415
550.0 0.0017217444110428914
551.0 0.0017617001503822394
552.0 0.0018016558897215873
553.0 0.001842331766965799
554.0 0.0018830076442100108
555.0 0.0014389371244760696
556.0 0.0009948662409442477
557.0 0.0011478249689389486
558.0 0.0013007836059841793
559.0 0.001572610744915437
560.0 0.0018444381566951051
561.0 0.0013798693544231355
562.0 0.0009153004612016957
563.0 0.0011816828191513196
564.0 0.0014480650861514732
565.0 0.0017742942873155698
566.0 0.002100523306580726
567.0 0.0025043165805982426
568.0 0.002908109854615759
569.0 0.002776127803372219
570.0 0.0026441457521286793
571.0 0.002509904879843816
572.0 0.0023756638256600127
573.0 0.002362264604016673
574.0 0.002348865382373333
575.0 0.0021203455617069267
576.0 0.00189182555914158
577.0 0.00204012594622327
578.0 0.0021884257876081392
579.0 0.001888110455183778
580.0 0.0015877951227594167
581.0 0.0015503223039559089
582.0 0.0015128498489502817
583.0 0.0016331110600731336
584.0 0.001753372089297045
585.0 0.00178014252014691
586.0 0.0018069127690978348
587.0 0.002118737938872073
588.0 0.0024305632905452512
589.0 0.0023060791136231273
590.0 0.002181594754802063
591.0 0.0019702461941051297
592.0 0.0017588978153071366
593.0 0.001563596561027225
594.0 0.0013682955795957241
595.0 0.0011217891369597055
596.0 0.0008752827852731571
597.0 0.0010406874935142696
598.0 0.0012060922927048523
599.0 0.001114708084060112
600.0 0.001023323966364842
601.0 0.000818595799501054
602.0 0.0006138677235867362
603.0 0.000856442693475401
604.0 0.0010990176633640658
605.0 0.0008634409823571332
606.0 0.0006278644832491409
607.0 0.0008532567335350905
608.0 0.0010786488928715698
609.0 0.0009488284376857337
610.0 0.0008190079824998975
611.0 0.000827759868116118
612.0 0.0008365120265807491
613.0 0.0006290514193096897
614.0 0.00042159085751336534
615.0 0.0010385480891272891
616.0 0.0016555057300138287
617.0 0.001608986895007547
618.0 0.0015624680600012653
619.0 0.0014870392988086678
620.0 0.0014116101738181897
621.0 0.0014217573152564
622.0 0.00143190427479567
623.0 0.001272521240025526
624.0 0.0011131382052553818
625.0 0.00144089181048912
626.0 0.0017686450519249775
627.0 0.0021193907741690055
628.0 0.0024701364964130335
629.0 0.002351528746658005
630.0 0.002232920996902976
631.0 0.0023358983526122756
632.0 0.002438875708321575
633.0 0.0027980047889286652
634.0 0.0031571344152325764
635.0 0.005957703979220241
636.0 0.008758273907005787
637.0 0.015976637951098382
638.0 0.023195006360765547
639.0 0.02003315166803077
640.0 0.016871299885679036
641.0 0.014715072757098824
642.0 0.012558842718135566
643.0 0.009020055586006492
644.0 0.0054812680900795385
645.0 0.0057680696045281366
646.0 0.006054871482774615
647.0 0.0058794474171008915
648.0 0.005704022987629287
649.0 0.004477509355638176
650.0 0.003250996087444946
651.0 0.003182364525855519
652.0 0.0031137329642660916
653.0 0.002917443634942174
654.0 0.0027211544875171967
655.0 0.002238926572317723
656.0 0.00175669883901719
657.0 0.0019094337403657846
658.0 0.0020621682779164985
659.0 0.0021363342966651544
660.0 0.0022105003154138103
661.0 0.002147984196199104
662.0 0.0020854684407822788
663.0 0.002054692231467925
664.0 0.002023915840254631
665.0 0.0017956584997591563
666.0 0.0015674011592636816
667.0 0.0016091160432551987
668.0 0.0016508312910445966
669.0 0.0016386593415518291
670.0 0.0016264872101601213
671.0 0.0017029884475050494
672.0 0.0017794896848499775
673.0 0.0015015004464657977
674.0 0.0012235111171321478
675.0 0.0011188481039425824
676.0 0.0010141851817024872
677.0 0.0012613450053322595
678.0 0.0015085046470630914
679.0 0.0018195501979789697
680.0 0.0021305959307937883
681.0 0.0019408860680414364
682.0 0.0017511762052890845
683.0 0.002268404386995826
684.0 0.0027856325687025674
685.0 0.002641148603288457
686.0 0.0024966642740764655
687.0 0.002420745659037493
688.0 0.0023448268620995805
689.0 0.0022048088794690557
690.0 0.0020647910787374713
691.0 0.0025671717594377697
692.0 0.0030695526220370084
693.0 0.0031384224712383
694.0 0.003207292320439592
695.0 0.0035124274290865287
696.0 0.0038175625377334654
697.0 0.003600295167416334
698.0 0.003383027797099203
699.0 0.0049491598474560305
700.0 0.006515291170217097
701.0 0.006502621545223519
702.0 0.00648995119263418
703.0 0.005964019146631472
704.0 0.0054380881920224056
705.0 0.004581189205055125
706.0 0.003724290945683606
707.0 0.0033982993045356125
708.0 0.0030723069357918575
709.0 0.0036989535146858543
710.0 0.00432559972978197
711.0 0.0037281053664628416
712.0 0.003130610639345832
713.0 0.002230581048934255
714.0 0.0013305514585226774
715.0 0.0018644497686182149
716.0 0.0023983480787137523
717.0 0.0022580627046409063
718.0 0.0021177773305680603
719.0 0.0020634965039789677
720.0 0.002009215677389875
721.0 0.0016171448805835098
722.0 0.0012250739018782042
723.0 0.0015273617464117706
724.0 0.001829649590945337
725.0 0.001745007284625899
726.0 0.00166036443260964
727.0 0.0018908958736574277
728.0 0.0021214274966041557
729.0 0.001934286774485372
730.0 0.0017471460523665883
731.0 0.001929789868881926
732.0 0.0021124336853972636
733.0 0.002080359263345599
734.0 0.002048284477496054
735.0 0.0013430430044536479
736.0 0.0006378014404617716
737.0 0.0008813318345346488
738.0 0.0011248619557591155
739.0 0.0012996516488783527
740.0 0.0014744412510481197
741.0 0.0014981345884734765
742.0 0.0015218275621009525
743.0 0.0015792287740623578
744.0 0.0016366297131753527
745.0 0.001816654003050644
746.0 0.0019966779291280545
747.0 0.002263677197333891
748.0 0.0025306764655397274
749.0 0.003160521009704098
750.0 0.003790365735767409
751.0 0.0038329111703205854
752.0 0.0038754569686716422
753.0 0.0033976109989453107
754.0 0.002919764847320039
755.0 0.003119375469395891
756.0 0.003318986273370683
757.0 0.0031104271329240873
758.0 0.002901867628679611
759.0 0.0031469797249883413
760.0 0.003392091821297072
761.0 0.0048743597290012985
762.0 0.006356628728099167
763.0 0.006363470311043784
764.0 0.006370311166392639
765.0 0.005768966730101965
766.0 0.005167623385204934
767.0 0.00469470105599612
768.0 0.004221779090585187
769.0 0.004402691047289409
770.0 0.00458360300399363
771.0 0.00430443869845476
772.0 0.0040252733015222475
773.0 0.003944173295167275
774.0 0.0038630729250144213
775.0 2.690920836850852e-10
776.0 2.690920836850852e-10
777.0 0.003330948675284162
778.0 0.003690241646836512
779.0 2.690920836850852e-10
780.0 2.690920836850852e-10
781.0 0.04056044272147119
782.0 2.690920836850852e-10
783.0 2.690920836850852e-10
784.0 2.690920836850852e-10
785.0 2.690920836850852e-10
786.0 2.690920836850852e-10
787.0 2.690920836850852e-10
788.0 0.003999653927166946
789.0 0.11428787838667631
790.0 2.690920836850852e-10
791.0 0.049844227032735944
792.0 0.07954431930556893
793.0 0.01339499867754057
794.0 0.058260554214939475
795.0 0.04087983688805252
796.0 0.19168996950611472
797.0 0.08648330112919211
798.0 0.21289442665874958
799.0 0.27419719845056534
800.0 0.6583730690181255
801.0 1.0159973055124283
802.0 1.695757545530796
803.0 2.788730710744858
804.0 4.228401929140091
805.0 6.0462746769189835
806.0 8.284439891576767
807.0 11.017601191997528
808.0 14.130987226963043
809.0 17.333582043647766
810.0 20.637011528015137
811.0 23.868076503276825
812.0 27.87075638771057
813.0 32.60282278060913
814.0 37.550610303878784
815.0 43.675974011421204
816.0 49.91698861122131
817.0 56.930071115493774
818.0 63.85314464569092
819.0 70.52406072616577
820.0 77.89135575294495
821.0 84.00707244873047
822.0 88.79052400588989
823.0 91.6752576828003
824.0 94.99523043632507
825.0 96.66027426719666
826.0 97.66473174095154
827.0 98.51410984992981
828.0 99.06598925590515
829.0 99.01514649391174
830.0 98.82109761238098
831.0 99.05392527580261
832.0 98.30912351608276
833.0 99.37800765037537
834.0 98.58492016792297
835.0 98.93311858177185
836.0 98.50355982780457
837.0 98.63313436508179
838.0 97.81014323234558
839.0 97.90357947349548
840.0 98.78267049789429
841.0 99.30711388587952
842.0 99.28562641143799
843.0 99.43000674247742
844.0 97.73449897766113
845.0 98.61522316932678
846.0 98.87102842330933
847.0 98.79847764968872
848.0 99.62431788444519
849.0 99.04789328575134
850.0 98.27708005905151
851.0 99.0395188331604
852.0 99.07487034797668
853.0 98.74892234802246
854.0 99.4732677936554
855.0 98.25167059898376
856.0 98.7429678440094
857.0 97.70387411117554
858.0 98.87496829032898
859.0 98.93187880516052
860.0 98.43624830245972
861.0 99.13282990455627
862.0 98.82513284683228
863.0 98.53318929672241
864.0 99.58540201187134
865.0 100.13437271118164
866.0 98.68375658988953
867.0 98.96102547645569
868.0 99.43200945854187
869.0 98.7976610660553
870.0 97.8151798248291
871.0 98.69852066040039
872.0 99.09924268722534
873.0 99.12937879562378
874.0 99.43392872810364
875.0 99.2403507232666
876.0 98.73476028442383
877.0 99.25727844238281
878.0 99.10217523574829
879.0 98.46611618995667
880.0 98.73786568641663
881.0 99.38248991966248
882.0 98.77472519874573
883.0 98.45037460327148
884.0 99.15410876274109
885.0 98.9837646484375
886.0 98.32084774971008
887.0 98.34945797920227
888.0 98.81772994995117
889.0 99.32500123977661
890.0 98.47586750984192
891.0 98.92204999923706
892.0 98.34569096565247
893.0 97.97307252883911
894.0 97.89904356002808
895.0 99.55340623855591
