lsstCam/transmission_filter_detector/r03_s12/g_6/19700101T000000.ecsv
# %ECSV 1.0
# ---
# datatype:
# - {name: wavelength, unit: nm, datatype: float32}
# - {name: efficiency, unit: '%', datatype: float64}
# meta: !!omap
# - {MODE: DETECTOR}
# - {TYPE: transmission_filter_detector}
# - {CALIBDATE: '1970-01-01T00:00:00'}
# - {INSTRUME: LSSTCam}
# - {OBSTYPE: transmission_filter_detector}
# - {CALIBCLS: lsst.ip.isr.IntermediateFilterDetectorTransmissionCurve}
# - {SOURCE: Materion (DM-46256)}
# - {DETECTOR: 23}
# - {FILTER: g_6}
# - {CALIB_ID: 'calibDate=1970-01-01T00:00:00 filter=g_6 detector=23'}
# - {DATE: '2025-04-02T15:59:42.135501'}
# - {CALIB_CREATION_DATE: '2025-04-02'}
# - {CALIB_CREATION_TIME: '15:59:42'}
# - __serialized_columns__:
#     efficiency:
#       __class__: astropy.units.quantity.Quantity
#       unit: !astropy.units.Unit {unit: '%'}
#       value: !astropy.table.SerializedColumn {name: efficiency}
#     wavelength:
#       __class__: astropy.units.quantity.Quantity
#       unit: !astropy.units.Unit {unit: nm}
#       value: !astropy.table.SerializedColumn {name: wavelength}
# schema: astropy-2.0
wavelength efficiency
[from data line 607]
907.0 0.0005805891305499244
908.0 0.00047896610340103507
909.0 0.00037734316720161587
910.0 0.0002921770828834269
911.0 0.00020701099856523797
912.0 0.0003645494189186138
913.0 0.0005220879302214598
914.0 0.0003380577709322097
915.0 0.0001540276684863784
916.0 0.0001636385491110559
917.0 0.00017324940699836588
918.0 0.00024864316401362885
919.0 0.00032403690966020804
920.0 0.00033206213174707955
921.0 0.0003400873765713186
922.0 0.0004855547103943536
923.0 0.0006310220669547562
924.0 0.0005238071935309563
925.0 0.0004165922746324213
926.0 0.0005179115305509185
927.0 0.0006192309683683561
928.0 0.0005240518930804683
929.0 0.00042887290874205064
930.0 0.0004793307653017109
931.0 0.0005297886673361063
932.0 0.00045590836634801235
933.0 0.0003820281563093886
934.0 0.0004268222710379632
935.0 0.00047161634029180277
936.0 0.0005303585112415021
937.0 0.0005891006367164664
938.0 0.0006471650067396695
939.0 0.0007052292858134024
940.0 0.0005989197234157473
941.0 0.0004926099791191518
942.0 0.0006228543497854844
943.0 0.0007530987204518169
944.0 0.0006322979515971383
945.0 0.0005114970008435193
946.0 0.0005023817720939405
947.0 0.0004932664978696266
948.0 0.0008592185622546822
949.0 0.001225170763063943
950.0 0.0010727400876930915
951.0 0.0009203093213727698
952.0 0.0009304656487074681
953.0 0.0009406219760421664
954.0 0.0008521003110217862
955.0 0.0007635787369508762
956.0 0.0006295084858720656
957.0 0.0004954380983690498
958.0 0.0006047929673513863
959.0 0.0007141477908589877
960.0 0.0005873517693544272
961.0 0.0004605556114256615
962.0 0.0005265891104500042
963.0 0.0005926225185248768
964.0 0.0006916157872183248
965.0 0.0007906089194875676
966.0 0.0008280539987026714
967.0 0.0008654990779177751
968.0 0.0007793981239956338
969.0 0.0006932970336492872
970.0 0.0007215584446385037
971.0 0.0007498199011024553
972.0 0.0008379420251003467
973.0 0.0009260642400477082
974.0 0.0008520637493347749
975.0 0.0007780635314702522
976.0 0.0008235992027039174
977.0 0.0008691351467859931
978.0 0.0009436883374291938
979.0 0.0010182416190218646
980.0 0.0010774730071716476
981.0 0.0011367044862709008
982.0 0.0010210182153969072
983.0 0.0009053317626239732
984.0 0.0009013759154186118
985.0 0.0008974201591627207
986.0 0.0010818667760759126
987.0 0.001266313120140694
988.0 0.001386000803904608
989.0 0.0015056883057695813
990.0 0.0016258352843578905
991.0 0.0017459820810472593
992.0 0.0017160949937533587
993.0 0.0016862080883583985
994.0 0.001581376272952184
995.0 0.0014765445484954398
996.0 0.0013968559869681485
997.0 0.0013171671525924467
998.0 0.0014251536413212307
999.0 0.0015331401300500147
1000.0 0.0014144593478704337
1001.0 0.0012957783837919123
1002.0 0.0012135324141127057
1003.0 0.0011312865353829693
1004.0 0.0011210987395315897
1005.0 0.00111091094368021
1006.0 0.0013597222277894616
1007.0 0.0016085336028481834
1008.0 0.0016578211216256022
1009.0 0.0017071090042009018
1010.0 0.0017417141862097196
1011.0 0.0017763195501174778
1012.0 0.0019200148017262109
1013.0 0.0020637104171328247
1014.0 0.002117786425515078
1015.0 0.002171862797695212
1016.0 0.0024240342099801637
1017.0 0.0026762058041640557
1018.0 0.0029699534934479743
1019.0 0.0032637013646308333
1020.0 0.0032582120184088126
1021.0 0.0032527230359846726
1022.0 0.0034891461837105453
1023.0 0.003725569331436418
1024.0 0.0038885398680577055
1025.0 0.004051510040881112
1026.0 0.004207022720947862
1027.0 0.00436253467341885
1028.0 0.004456521492102183
1029.0 0.004550507946987636
1030.0 0.0046637480409117416
1031.0 0.004776987771037966
1032.0 0.0051008253649342805
1033.0 0.005424663322628476
1034.0 0.005319993942975998
1035.0 0.00521532456332352
1036.0 0.0052662820962723345
1037.0 0.005317239265423268
1038.0 0.005516523378901184
1039.0 0.005715807492379099
1040.0 0.006187684630276635
1041.0 0.0066595617681741714
1042.0 0.0067736400524154305
1043.0 0.006887717609060928
1044.0 0.007098000787664205
1045.0 0.007308282511075959
1046.0 0.008352426084456965
1047.0 0.009396569657837972
1048.0 0.010783690231619403
1049.0 0.012170807895017788
1050.0 0.014457629004027694
1051.0 0.016744446475058794
1052.0 0.020046102872584015
1053.0 0.023347763635683805
1054.0 0.027888081967830658
1055.0 0.032428401755169034
1056.0 0.03892692911904305
1057.0 0.04542545066215098
1058.0 0.05299668409861624
1059.0 0.06056790007278323
1060.0 0.06785617442801595
1061.0 0.0751444196794182
1062.0 0.08217821014113724
1063.0 0.08921196567825973
1064.0 0.0943646184168756
1065.0 0.0995172536931932
1066.0 0.10441939812153578
1067.0 0.10932153090834618
1068.0 0.11526194866746664
1069.0 0.12120238970965147
1070.0 0.13073879526928067
1071.0 0.14027520082890987
1072.0 0.1535075600259006
1073.0 0.16673989593982697
1074.0 0.1818603021092713
1075.0 0.19698075484484434
1076.0 0.21128880325704813
1077.0 0.22559682838618755
1078.0 0.23961036931723356
1079.0 0.25362386368215084
1080.0 0.27010312769562006
1081.0 0.2865823684260249
1082.0 0.3116882173344493
1083.0 0.33679406624287367
1084.0 0.3720303066074848
1085.0 0.40726661682128906
1086.0 0.4417295567691326
1087.0 0.47619249671697617
1088.0 0.5391865968704224
1089.0 0.6021806970238686
1090.0 0.6782077718526125
1091.0 0.754234753549099
1092.0 0.7824492640793324
1093.0 0.8106634020805359
1094.0 0.8456557989120483
1095.0 0.880647823214531
1096.0 0.9225322864949703
1097.0 0.9644168429076672
1098.0 0.9804866276681423
1099.0 0.9965565986931324
1100.0 1.1474451050162315
1101.0 1.2983331456780434
