lsstCam/transmission_filter_detector/r03_s12/g_6/19700101T000000.ecsv
# %ECSV 1.0
# ---
# datatype:
# - {name: wavelength, unit: nm, datatype: float32}
# - {name: efficiency, unit: '%', datatype: float64}
# meta: !!omap
# - {MODE: DETECTOR}
# - {TYPE: transmission_filter_detector}
# - {CALIBDATE: '1970-01-01T00:00:00'}
# - {INSTRUME: LSSTCam}
# - {OBSTYPE: transmission_filter_detector}
# - {CALIBCLS: lsst.ip.isr.IntermediateFilterDetectorTransmissionCurve}
# - {SOURCE: Materion (DM-46256)}
# - {DETECTOR: 23}
# - {FILTER: g_6}
# - {CALIB_ID: 'calibDate=1970-01-01T00:00:00 filter=g_6 detector=23'}
# - {DATE: '2025-04-02T15:59:42.135501'}
# - {CALIB_CREATION_DATE: '2025-04-02'}
# - {CALIB_CREATION_TIME: '15:59:42'}
# - __serialized_columns__:
#     efficiency:
#       __class__: astropy.units.quantity.Quantity
#       unit: !astropy.units.Unit {unit: '%'}
#       value: !astropy.table.SerializedColumn {name: efficiency}
#     wavelength:
#       __class__: astropy.units.quantity.Quantity
#       unit: !astropy.units.Unit {unit: nm}
#       value: !astropy.table.SerializedColumn {name: wavelength}
# schema: astropy-2.0
wavelength efficiency
300.0 0.5058307200670242
301.0 0.3689449280500412
302.0 0.23205906618386507
303.0 0.21383571438491344
304.0 0.19561233930289745
305.0 0.20361465867608786
306.0 0.21161697804927826
307.0 0.21791928447782993
308.0 0.22422154434025288
309.0 0.22226313594728708
310.0 0.22030477412045002
311.0 0.21200715564191341
312.0 0.2037096070125699
313.0 0.20131978671997786
314.0 0.19892998971045017
315.0 0.1894275425001979
316.0 0.17992511857300997
317.0 0.17774999141693115
318.0 0.17557487590238452
319.0 0.1606140984222293
320.0 0.14565327437594533
321.0 0.1397001906298101
322.0 0.13374711852520704
323.0 0.1145182061009109
324.0 0.09528932278044522
325.0 0.08707905653864145
326.0 0.07886879029683769
327.0 0.07198755629360676
328.0 0.06510632229037583
329.0 0.06201525102369487
330.0 0.05892417975701392
331.0 0.05530551425181329
332.0 0.05168684874661267
333.0 0.047833286225795746
334.0 0.043979723704978824
335.0 0.04244971787557006
336.0 0.04091970913577825
337.0 0.041814259020611644
338.0 0.04270880890544504
339.0 0.04143824626225978
340.0 0.04016768652945757
341.0 0.03810032794717699
342.0 0.03603297227527946
343.0 0.03258696524426341
344.0 0.02914096403401345
345.0 0.025827280478551984
346.0 0.022513595467898995
347.0 0.021011134958826005
348.0 0.019508670084178448
349.0 0.01800491736503318
350.0 0.7318136747926474
351.0 0.854461919516325
352.0 0.731945363804698
353.0 0.9150061756372452
354.0 0.5981559865176678
355.0 0.5892839748412371
356.0 0.5929437931627035
357.0 0.9890137240290642
358.0 0.5500358995050192
359.0 0.8900114335119724
360.0 0.46711298637092113
361.0 0.8551268838346004
362.0 0.5315321497619152
363.0 0.8382814936339855
364.0 0.4676032345741987
365.0 0.7185382302850485
366.0 0.48229871317744255
367.0 0.6981232203543186
368.0 0.4623288754373789
369.0 0.5372595973312855
370.0 0.3426352748647332
371.0 0.5305957049131393
372.0 0.4070660565048456
373.0 0.45454869978129864
374.0 0.3476330079138279
375.0 0.5599413998425007
376.0 0.34361304715275764
377.0 0.546893710270524
378.0 0.3450858173891902
379.0 0.455388892441988
380.0 0.33010689076036215
381.0 0.4375586751848459
382.0 0.5914492066949606
383.0 0.5873855669051409
384.0 0.6051267497241497
385.0 0.5779525730758905
386.0 0.7014730013906956
387.0 0.8360719308257103
388.0 1.0884075425565243
389.0 1.373539213091135
390.0 2.1098317578434944
391.0 3.3382847905158997
392.0 5.225937440991402
393.0 8.245983719825745
394.0 12.317374348640442
395.0 17.743609845638275
396.0 24.144774675369263
397.0 32.11171627044678
398.0 41.07493460178375
399.0 50.650978088378906
400.0 59.96020436286926
401.0 68.59967112541199
402.0 76.17053985595703
403.0 82.22385048866272
404.0 86.50173544883728
405.0 89.56195712089539
406.0 91.15621447563171
407.0 92.5504207611084
408.0 93.21539998054504
409.0 93.45523715019226
410.0 93.51838827133179
411.0 93.3002769947052
412.0 92.94838309288025
413.0 92.74665713310242
414.0 92.74614453315735
415.0 93.00394058227539
416.0 93.39914321899414
417.0 93.72949004173279
418.0 94.30564641952515
419.0 94.83919143676758
420.0 95.32620906829834
421.0 95.84000706672668
422.0 95.82133889198303
423.0 96.03660702705383
424.0 95.83137631416321
425.0 95.65641283988953
426.0 95.6028938293457
427.0 95.6611156463623
428.0 95.47566175460815
429.0 95.37049531936646
430.0 95.29345035552979
431.0 95.38171887397766
432.0 95.4660177230835
433.0 95.49193978309631
434.0 95.59754133224487
435.0 95.69082260131836
436.0 95.69695591926575
437.0 95.75019478797913
438.0 95.81165313720703
439.0 95.93871235847473
440.0 95.90448141098022
441.0 96.0499107837677
442.0 95.92986106872559
443.0 95.92639803886414
444.0 95.83264589309692
445.0 95.50556540489197
446.0 95.43457627296448
447.0 95.30419111251831
448.0 95.37175297737122
449.0 95.58066725730896
450.0 95.81500291824341
451.0 96.09726667404175
452.0 96.25298976898193
453.0 96.3458776473999
454.0 96.40414118766785
455.0 96.66968584060669
456.0 96.74592614173889
457.0 96.90419435501099
458.0 96.89568877220154
459.0 96.91587090492249
460.0 96.86352610588074
461.0 97.0024585723877
462.0 96.88558578491211
463.0 96.76883816719055
464.0 96.89013957977295
465.0 96.7835783958435
466.0 96.77985906600952
467.0 96.78089022636414
468.0 96.80017828941345
469.0 96.84404730796814
470.0 96.66711091995239
471.0 96.53787612915039
472.0 96.60772681236267
473.0 96.51215076446533
474.0 96.42130732536316
475.0 96.59355282783508
476.0 96.56383991241455
477.0 96.66229486465454
478.0 96.78747057914734
479.0 96.76090478897095
480.0 96.93659543991089
481.0 96.97935581207275
482.0 97.18679189682007
483.0 97.12380766868591
484.0 97.25717306137085
485.0 97.29449152946472
486.0 97.30147123336792
487.0 97.33784198760986
488.0 97.34271168708801
489.0 97.40739464759827
490.0 97.39894270896912
491.0 97.49592542648315
492.0 97.40976691246033
493.0 97.47152924537659
494.0 97.37471342086792
495.0 97.4681556224823
496.0 97.27835059165955
497.0 97.20761179924011
498.0 97.01382517814636
499.0 97.02780842781067
500.0 96.98333740234375
501.0 96.9707190990448
502.0 96.92413210868835
503.0 97.11787700653076
504.0 96.93712592124939
505.0 96.93995714187622
506.0 96.93171977996826
507.0 96.83330059051514
508.0 96.87131643295288
509.0 96.9063937664032
510.0 96.81494235992432
511.0 96.8107283115387
512.0 96.76287174224854
513.0 96.83345556259155
514.0 96.84043526649475
515.0 96.87537550926208
516.0 96.97017073631287
517.0 96.95706963539124
518.0 97.05618023872375
519.0 97.03271389007568
520.0 97.04837203025818
521.0 97.10947275161743
522.0 97.11975455284119
523.0 97.07947373390198
524.0 97.12915420532227
525.0 97.07081317901611
526.0 97.17402458190918
527.0 97.11036086082458
528.0 97.20470309257507
529.0 97.27864861488342
530.0 97.31813669204712
531.0 97.41848707199097
532.0 97.22586274147034
533.0 97.23131656646729
534.0 97.12204337120056
535.0 96.78444862365723
536.0 96.21411561965942
537.0 95.30639052391052
538.0 94.1853940486908
539.0 92.35376715660095
540.0 90.13984799385071
541.0 87.01311945915222
542.0 83.78155827522278
543.0 79.69212532043457
544.0 74.80984330177307
545.0 70.53941488265991
546.0 65.60741066932678
547.0 61.30068302154541
548.0 57.15129375457764
549.0 53.57159972190857
550.0 50.81726312637329
551.0 48.076292872428894
552.0 45.73675990104675
553.0 42.993369698524475
554.0 39.5885705947876
555.0 35.7821524143219
556.0 30.87567389011383
557.0 25.51041543483734
558.0 20.0489804148674
559.0 14.995677769184113
560.0 10.522443056106567
561.0 6.655820459127426
562.0 3.9942238479852676
563.0 2.1883010864257812
564.0 1.138707622885704
565.0 0.5393164698034525
566.0 0.30444159638136625
567.0 0.16184538835659623
568.0 0.12165119405835867
569.0 0.06532472907565534
570.0 0.06714831688441336
571.0 0.03905907506123185
572.0 0.04796471621375531
573.0 0.035767650115303695
574.0 0.03628502890933305
575.0 0.01813875715015456
576.0 0.035489784204401076
577.0 0.02040681429207325
578.0 0.020257782307453454
579.0 0.019432006229180843
580.0 0.02244790957774967
581.0 0.013578763173427433
582.0 0.010191748879151419
583.0 0.018723489483818412
584.0 0.013896833115722984
585.0 0.008852995233610272
586.0 0.01711467921268195
587.0 0.014650117373093963
588.0 0.004572897523758002
589.0 0.009700829832581803
590.0 0.011671886750264093
591.0 0.009428057092009112
592.0 0.016041922208387405
593.0 0.005968379628029652
594.0 0.01026227037073113
595.0 0.007560545054730028
596.0 0.016322954616043717
597.0 0.01288528146687895
598.0 0.00579640363866929
599.0 0.00033919936868187506
600.0 0.008983043517218903
601.0 0.002270665208925493
602.0 0.0023931699615786783
603.0 0.0025156745323329233
604.0 0.002209218655480072
605.0 0.0019027627786272205
606.0 0.001945813164638821
607.0 0.001988863186852541
608.0 0.0018423459550831467
609.0 0.0016958285414148122
610.0 0.0017645874322624877
611.0 0.0018333461412112229
612.0 0.0017870543160825036
613.0 0.0017407628547516651
614.0 0.0017499685782240704
615.0 0.0017591746654943563
616.0 0.0018559954696684144
617.0 0.0019528162738424726
618.0 0.0018178030586568639
619.0 0.0016827898434712552
620.0 0.0016701529602869414
621.0 0.001657516259001568
622.0 0.001548020554764662
623.0 0.0014385247595782857
624.0 0.001431950931873871
625.0 0.0014253770132199861
626.0 0.0013348288121051155
627.0 0.0012442809747881256
628.0 0.0013651563676830847
629.0 0.0014860319424769841
630.0 0.0013710927305510268
631.0 0.001256153336726129
632.0 0.0014140448001853656
633.0 0.0015719360817456618
634.0 0.0014658148757007439
635.0 0.0013596933058579452
636.0 0.0013582503925135825
637.0 0.0013568077520176303
638.0 0.0012374839570838958
639.0 0.0011181601621501613
640.0 0.0011024610103049781
641.0 0.0010867617675103247
642.0 0.001322501429967815
643.0 0.0015582410924253054
644.0 0.0014202993042999879
645.0 0.0012823571523767896
646.0 0.001242365215148311
647.0 0.0012023732779198326
648.0 0.001097481344913831
649.0 0.0009925891390594188
650.0 0.0012283637261134572
651.0 0.0014641377674706746
652.0 0.0011834917131636757
653.0 0.0009028456588566769
654.0 0.0010496661161596421
655.0 0.0011964867553615477
656.0 0.001146844806498848
657.0 0.001097202766686678
658.0 0.0010205301805399358
659.0 0.0009438579581910744
660.0 0.0008967851499619428
661.0 0.0008497123417328112
662.0 0.0009331173714599572
663.0 0.0010165225830860436
664.0 0.0010735977411968634
665.0 0.0011306727174087428
666.0 0.001059644273482263
667.0 0.0009886154657579027
668.0 0.0010542674317548517
669.0 0.0011199192158528604
670.0 0.0011566304237931035
671.0 0.0011933415407838766
672.0 0.001184944176202407
673.0 0.0011765466297219973
674.0 0.0011484750757517759
675.0 0.001120403339882614
676.0 0.0010760242730611935
677.0 0.001031644751492422
678.0 0.0010760391887743026
679.0 0.0011204336260561831
680.0 0.001017810882331105
681.0 0.0009151880476565566
682.0 0.0009760921784618404
683.0 0.0010369963092671242
684.0 0.0009166852578346152
685.0 0.0007963740245031659
686.0 0.0009653533197706565
687.0 0.0011343324331392068
688.0 0.0011267457921348978
689.0 0.001119159242080059
690.0 0.00099010176199954
691.0 0.000861044190969551
692.0 0.000873845874593826
693.0 0.0008866474672686309
694.0 0.0009927762221195735
695.0 0.0010989049769705161
696.0 0.0011302956409053877
697.0 0.0011616860319918487
698.0 0.0012686721674981527
699.0 0.0013756583030044567
700.0 0.0011748588804039173
701.0 0.0009740593668539077
702.0 0.0011132519830425736
703.0 0.001252444417332299
704.0 0.0012087439245078713
705.0 0.0011650430678855628
706.0 0.001133145451603923
707.0 0.0011012479262717534
708.0 0.0010548601494519971
709.0 0.0010084725545311812
710.0 0.0011014404663001187
711.0 0.0011944086509174667
712.0 0.001157383212557761
713.0 0.0011203579560969956
714.0 0.0011550140698091127
715.0 0.0011896704563696403
716.0 0.0014079889297136106
717.0 0.0016263078578049317
718.0 0.0018691012883209623
719.0 0.0021118943550391123
720.0 0.0017119647964136675
721.0 0.0013120351468387526
722.0 0.0015182433344307356
723.0 0.001724451794871129
724.0 0.0016097663319669664
725.0 0.0014950808690628037
726.0 0.0016227688320213929
727.0 0.0017504569768789224
728.0 0.0018642696886672638
729.0 0.0019780820366577245
730.0 0.001942714152392
731.0 0.0019073459043283947
732.0 0.0017799229681259021
733.0 0.0016525003957212903
734.0 0.0014859745533613022
735.0 0.0013194488019507844
736.0 0.0011979372175119352
737.0 0.0010764255421236157
738.0 0.0010765490515041165
739.0 0.0010766725608846173
740.0 0.0009724181836645585
741.0 0.0008681637154950295
742.0 0.0008836807865009177
743.0 0.000899197857506806
744.0 0.0009776395017979667
745.0 0.0010560813279880676
746.0 0.0010321661648049485
747.0 0.0010082510925712995
748.0 0.0011402184100006707
749.0 0.0012721859093289822
750.0 0.0010901422683673445
751.0 0.0009080989912035875
752.0 0.0008341859029314946
753.0 0.0007602730875078123
754.0 0.0008888520824257284
755.0 0.0010174309863941744
756.0 0.0009404271622770466
757.0 0.0008634233381599188
758.0 0.0008528078069502953
759.0 0.0008421925485890824
760.0 0.0006728504104103195
761.0 0.0005035082722315565
762.0 0.0005707976924895775
763.0 0.0006380870672728634
764.0 0.0007692643521295395
765.0 0.0009004417734104209
766.0 0.0007673958862142172
767.0 0.0006343501354422187
768.0 0.000491355285703321
769.0 0.00034836039048968814
770.0 0.00034334889278397895
771.0 0.0003383374178156373
772.0 0.0005182297172723338
773.0 0.0006981221758906031
774.0 0.0008130185051413719
775.0 0.0009279148798668757
776.0 0.0008966850145952776
777.0 0.0008654550583742093
778.0 0.0008153765520546585
779.0 0.0007652981366845779
780.0 0.0006924276021891274
781.0 0.000619557158643147
782.0 0.0006015834969730349
783.0 0.0005836096988787176
784.0 0.0007133030976547161
785.0 0.0008429964509559795
786.0 0.0007158253083616728
787.0 0.0005886544840905117
788.0 0.0004119226559851086
789.0 0.00023519091882917564
790.0 0.00018525975065131206
791.0 0.00013532854836739716
792.0 0.0002087459961330751
793.0 0.0002821634552674368
794.0 0.00025012664082169067
795.0 0.00021808982637594454
796.0 0.0003611531610658858
797.0 0.0005042164957558271
798.0 0.0005089131263957825
799.0 0.000513609802510473
800.0 0.0005295793471304933
801.0 0.0005455490736494539
802.0 0.00039755454963597003
803.0 0.00024956013930932386
804.0 0.00020740983472933294
805.0 0.00016525959836144466
806.0 0.0002816969526975299
807.0 0.0003981343070336152
808.0 0.0004609741608874174
809.0 0.0005238140602159547
810.0 0.0003595115003918181
811.0 0.00019520889509294648
812.0 0.00013941681800133665
813.0 8.362467838196608e-05
814.0 0.00026855625492316904
815.0 0.0004534878371487139
816.0 0.0005331098236638354
817.0 0.0006127317192294868
818.0 0.00042416136238898616
819.0 0.000235590982811118
820.0 0.0004242402155796299
821.0 0.0006128894256107742
822.0 0.0005163878086023033
823.0 0.00041988619159383234
824.0 0.0004941247425449546
825.0 0.000568363293496077
826.0 0.0006334342288027983
827.0 0.0006985051186347846
828.0 0.0005676771252183244
829.0 0.00043684904085239395
830.0 0.0003612507725847536
831.0 0.0002856525043171132
832.0 0.00044421926759241614
833.0 0.000602785985392984
834.0 0.0004997104497306282
835.0 0.00039663491406827234
836.0 0.00044148728193249553
837.0 0.0004863396952714538
838.0 0.00045062620301905554
839.0 0.00041491275624139234
840.0 0.0005356351721275132
841.0 0.000656357542538899
842.0 0.0003617483798734611
843.0 6.713913762723678e-05
844.0 0.00011546421774255577
845.0 0.00016378929785787477
846.0 0.00045909941945865285
847.0 0.0007544096661149524
848.0 0.0006864996066724416
849.0 0.000618589683654136
850.0 0.0005975117346679326
851.0 0.0005764338311564643
852.0 0.0006071286861697445
853.0 0.000637823222859879
854.0 0.0006160887551232008
855.0 0.0005943541054875823
856.0 0.0005771595169790089
857.0 0.0005599649739451706
858.0 0.0005255585165286902
859.0 0.0004911521045869449
860.0 0.000537804999112268
861.0 0.000584457893637591
862.0 0.0005322407105268212
863.0 0.00048002352741605137
864.0 0.0004863965841650497
865.0 0.000492769595439313
866.0 0.0004839589109906228
867.0 0.00047514827201666776
868.0 0.0006144984126876807
869.0 0.0007538485988334287
870.0 0.0006093495358072687
871.0 0.0004648503363569034
872.0 0.00038812881939520594
873.0 0.00031140721148403827
874.0 0.0004023165274702478
875.0 0.0004932257979817223
876.0 0.0005931556643190561
877.0 0.0006930854851816548
878.0 0.0006767475952074165
879.0 0.000660409659758443
880.0 0.0006836648935859557
881.0 0.0007069204457366141
882.0 0.0005755989604949718
883.0 0.00044427774810174014
884.0 0.000534197124579805
885.0 0.0006241167284315452
886.0 0.0007023169928288553
887.0 0.0007805175300745759
888.0 0.0006376929832185851
889.0 0.0004948684363625944
890.0 0.0005889789918001043
891.0 0.0006830896381870843
892.0 0.0006199697509146063
893.0 0.0005568499091168633
894.0 0.0005341775704437168
895.0 0.0005115053227200406
896.0 0.0003301826609458658
897.0 0.0001488599195909046
898.0 0.0002950561793113593
899.0 0.00044125245040049776
900.0 0.0003547388814695296
901.0 0.0002682253125385614
902.0 0.0004668274868890876
903.0 0.0006654296612396138
904.0 0.0003664113137347158
905.0 6.739290370205708e-05
