lsstCam/transmission_filter_detector/r24_s12/y_10/19700101T000000.ecsv
# %ECSV 1.0
# ---
# datatype:
# - {name: wavelength, unit: nm, datatype: float32}
# - {name: efficiency, unit: '%', datatype: float64}
# meta: !!omap
# - {MODE: DETECTOR}
# - {TYPE: transmission_filter_detector}
# - {CALIBDATE: '1970-01-01T00:00:00'}
# - {INSTRUME: LSSTCam}
# - {OBSTYPE: transmission_filter_detector}
# - {CALIBCLS: lsst.ip.isr.IntermediateFilterDetectorTransmissionCurve}
# - {SOURCE: Materion (DM-46256)}
# - {DETECTOR: 113}
# - {FILTER: y_10}
# - {CALIB_ID: 'calibDate=1970-01-01T00:00:00 filter=y_10 detector=113'}
# - {DATE: '2025-04-02T15:59:51.266993'}
# - {CALIB_CREATION_DATE: '2025-04-02'}
# - {CALIB_CREATION_TIME: '15:59:51'}
# - __serialized_columns__:
#     efficiency:
#       __class__: astropy.units.quantity.Quantity
#       unit: !astropy.units.Unit {unit: '%'}
#       value: !astropy.table.SerializedColumn {name: efficiency}
#     wavelength:
#       __class__: astropy.units.quantity.Quantity
#       unit: !astropy.units.Unit {unit: nm}
#       value: !astropy.table.SerializedColumn {name: wavelength}
# schema: astropy-2.0
wavelength efficiency
[from data line 578]
878.0 0.001117478223022772
879.0 0.0019405819330131635
880.0 0.05530347116291523
881.0 0.0913137337192893
882.0 0.055344635620713234
883.0 0.08683640626259148
884.0 0.05698740133084357
885.0 0.08856942877173424
886.0 0.06570377736352384
887.0 0.08993080700747669
888.0 0.06487228092737496
889.0 0.09648919221945107
890.0 0.05975999520160258
891.0 0.09151653503067791
892.0 0.06445340113714337
893.0 0.09558227029629052
894.0 0.0727679580450058
895.0 0.09521858301013708
896.0 0.06823891890235245
897.0 0.11599302524700761
898.0 0.07035376038402319
899.0 0.08868588483892381
900.0 0.08104702574200928
901.0 0.10593648767098784
902.0 0.13550494331866503
903.0 0.14024999691173434
904.0 0.13958857161924243
905.0 0.17910663736984134
906.0 0.1963841263204813
907.0 0.2245888812467456
908.0 0.2784311771392822
909.0 0.3646958153694868
910.0 0.48548756167292595
911.0 0.6503835320472717
912.0 0.9384121745824814
913.0 1.380088459700346
914.0 1.928410679101944
915.0 2.851194143295288
916.0 4.062255844473839
917.0 5.508869886398315
918.0 7.341445237398148
919.0 9.255906194448471
920.0 12.011457234621048
921.0 14.991222321987152
922.0 17.906829714775085
923.0 21.231885254383087
924.0 24.781277775764465
925.0 28.71023416519165
926.0 33.65027606487274
927.0 39.2350971698761
928.0 44.53580677509308
929.0 50.55280327796936
930.0 56.405651569366455
931.0 62.5280499458313
932.0 68.78635287284851
933.0 74.70505237579346
934.0 79.62062358856201
935.0 83.55242609977722
936.0 86.99963092803955
937.0 89.78708386421204
938.0 91.84960126876831
939.0 93.2129979133606
940.0 94.13799047470093
941.0 94.70764994621277
942.0 95.18072605133057
943.0 95.51141262054443
944.0 96.01927995681763
945.0 96.20044231414795
946.0 96.52528762817383
947.0 96.74499034881592
948.0 96.91447615623474
949.0 96.87893390655518
950.0 96.95363640785217
951.0 96.95756435394287
952.0 97.00151681900024
953.0 97.05735445022583
954.0 97.09140658378601
955.0 97.10280895233154
956.0 97.27888703346252
957.0 97.45203852653503
958.0 97.6532518863678
959.0 97.7973997592926
960.0 97.99425601959229
961.0 98.08045029640198
962.0 98.23927283287048
963.0 98.32566380500793
964.0 98.4450101852417
965.0 98.46790432929993
966.0 98.60007762908936
967.0 98.72927665710449
968.0 98.712819814682
969.0 98.71077537536621
970.0 98.7689197063446
971.0 98.79689812660217
972.0 98.83617162704468
973.0 98.91428351402283
974.0 98.8987922668457
975.0 98.9298164844513
976.0 98.95501136779785
977.0 98.93832206726074
978.0 98.98477792739868
979.0 98.98503422737122
980.0 98.96205067634583
981.0 98.93624782562256
982.0 98.89046549797058
983.0 98.94362092018127
984.0 98.88702630996704
985.0 98.90266060829163
986.0 98.74238967895508
987.0 98.82248640060425
988.0 98.68345260620117
989.0 98.68335127830505
990.0 98.61400723457336
991.0 98.5674262046814
992.0 98.63877296447754
993.0 98.55909943580627
994.0 98.50996136665344
995.0 98.53359460830688
996.0 98.4769344329834
997.0 98.57441186904907
998.0 98.59188199043274
999.0 98.6481785774231
1000.0 98.71013164520264
1001.0 98.67425560951233
1002.0 98.81556630134583
1003.0 98.84389638900757
1004.0 98.91314506530762
1005.0 98.90608787536621
1006.0 99.04409646987915
1007.0 99.03311729431152
1008.0 99.04139041900635
1009.0 98.98377656936646
1010.0 99.07005429267883
1011.0 99.07056093215942
1012.0 99.00888204574585
1013.0 99.02984499931335
1014.0 98.99099469184875
1015.0 98.96329045295715
1016.0 98.89397621154785
1017.0 98.94858002662659
1018.0 98.92625212669373
1019.0 98.81329536437988
1020.0 98.92929196357727
1021.0 98.97958636283875
1022.0 98.82975220680237
1023.0 98.87955784797668
1024.0 98.88104796409607
1025.0 98.82292747497559
1026.0 98.88045191764832
1027.0 98.95174503326416
1028.0 98.9215612411499
1029.0 99.01756048202515
1030.0 99.00647401809692
1031.0 98.99917840957642
1032.0 99.02669787406921
1033.0 99.01135563850403
1034.0 99.05140995979309
1035.0 99.07373189926147
1036.0 98.99897575378418
1037.0 99.00839328765869
1038.0 99.00893568992615
1039.0 98.93563389778137
1040.0 98.86810779571533
1041.0 98.93338680267334
1042.0 98.89921545982361
1043.0 98.82183074951172
1044.0 98.90273809432983
1045.0 98.64651560783386
1046.0 98.78711700439453
1047.0 98.73138666152954
1048.0 98.731529712677
1049.0 98.62743616104126
1050.0 98.63591194152832
1051.0 98.6060619354248
1052.0 98.55570197105408
1053.0 98.42082858085632
1054.0 98.61117005348206
1055.0 98.83123636245728
1056.0 98.68754148483276
1057.0 98.75537157058716
1058.0 98.59338998794556
1059.0 98.61222505569458
1060.0 98.75910878181458
1061.0 98.74641299247742
1062.0 98.64474534988403
1063.0 98.67479801177979
1064.0 98.9984929561615
1065.0 98.71540665626526
1066.0 98.93815517425537
1067.0 98.81865382194519
1068.0 98.83280396461487
1069.0 98.64804148674011
1070.0 99.09356236457825
1071.0 98.8950252532959
1072.0 99.00932908058167
1073.0 99.05993938446045
1074.0 98.61202239990234
1075.0 98.5741376876831
1076.0 98.55567812919617
1077.0 98.72496724128723
1078.0 98.97676706314087
1079.0 98.50905537605286
1080.0 99.26405549049377
1081.0 98.57766628265381
1082.0 98.51142168045044
1083.0 98.47160577774048
1084.0 98.7411379814148
1085.0 98.77402782440186
1086.0 98.65954518318176
1087.0 98.71774315834045
1088.0 98.41170310974121
1089.0 98.4248697757721
1090.0 98.65268468856812
1091.0 98.55067729949951
1092.0 98.4407901763916
1093.0 98.38382005691528
1094.0 98.25436472892761
1095.0 98.18729162216187
1096.0 98.44719171524048
1097.0 98.39646816253662
1098.0 97.75519967079163
1099.0 98.43624830245972
1100.0 98.07119369506836
