lsstCam/transmission_filter_detector/r24_s12/y_10/19700101T000000.ecsv
# %ECSV 1.0
# ---
# datatype:
# - {name: wavelength, unit: nm, datatype: float32}
# - {name: efficiency, unit: '%', datatype: float64}
# meta: !!omap
# - {MODE: DETECTOR}
# - {TYPE: transmission_filter_detector}
# - {CALIBDATE: '1970-01-01T00:00:00'}
# - {INSTRUME: LSSTCam}
# - {OBSTYPE: transmission_filter_detector}
# - {CALIBCLS: lsst.ip.isr.IntermediateFilterDetectorTransmissionCurve}
# - {SOURCE: Materion (DM-46256)}
# - {DETECTOR: 113}
# - {FILTER: y_10}
# - {CALIB_ID: 'calibDate=1970-01-01T00:00:00 filter=y_10 detector=113'}
# - {DATE: '2025-04-02T15:59:51.266993'}
# - {CALIB_CREATION_DATE: '2025-04-02'}
# - {CALIB_CREATION_TIME: '15:59:51'}
# - __serialized_columns__:
#     efficiency:
#       __class__: astropy.units.quantity.Quantity
#       unit: !astropy.units.Unit {unit: '%'}
#       value: !astropy.table.SerializedColumn {name: efficiency}
#     wavelength:
#       __class__: astropy.units.quantity.Quantity
#       unit: !astropy.units.Unit {unit: nm}
#       value: !astropy.table.SerializedColumn {name: wavelength}
# schema: astropy-2.0
wavelength efficiency
300.0 0.3855052636936307
301.0 0.21012339275330305
302.0 0.03474150435067713
303.0 0.02842035610228777
304.0 0.022099212219472975
305.0 0.014055050269234926
306.0 0.006010885408613831
307.0 0.013559884973801672
308.0 0.02110888162860647
309.0 0.015943561447784305
310.0 0.01077824053936638
311.0 0.00931587564991787
312.0 0.007853508577682078
313.0 0.006438224954763427
314.0 0.0050229406042490155
315.0 0.004776171772391535
316.0 0.004529404395725578
317.0 0.004089895082870498
318.0 0.0036503832234302536
319.0 0.0016628779121674597
320.0 1.708554738660828e-10
321.0 0.0012118390259274747
322.0 0.002748306724242866
323.0 0.0027190737455384806
324.0 0.002689840766834095
325.0 0.0014156976249068975
326.0 0.0001415544716110162
327.0 0.0007006976829870837
328.0 0.0012598407920449972
329.0 0.003053062755498104
330.0 0.00484628435515333
331.0 0.003751739495783113
332.0 0.0026571942726150155
333.0 0.0026379208065918647
334.0 0.0026186467948718928
335.0 0.0025345167159684934
336.0 0.0024503862732672133
337.0 0.002658726771187503
338.0 0.002867066905309912
339.0 0.001952643106051255
340.0 0.001038219215843128
341.0 0.0005477749255078379
342.0 5.73302145312482e-05
343.0 0.0005173161298444029
344.0 0.000977302170213079
345.0 0.0014105898117122706
346.0 0.001843877907958813
347.0 0.0017803289665607736
348.0 0.0017167798432637937
349.0 0.001435921967640752
350.0 0.0011550639101187699
351.0 0.001362850161967799
352.0 0.0015706360500189476
353.0 0.0012576639164763037
354.0 0.0009446916919841897
355.0 0.0011345273378537968
356.0 0.0013243628927739337
357.0 0.0008993574738269672
358.0 0.0004743518729810603
359.0 0.000669970222588745
360.0 0.0008655885721964296
361.0 0.0010496775757928845
362.0 0.0012337664884398691
363.0 0.001118192358262604
364.0 0.0010026180461863987
365.0 0.0013132088497513905
366.0 0.001623800017114263
367.0 0.0019297707694931887
368.0 0.0022357415218721144
369.0 0.0018728122086031362
370.0 0.001509882804384688
371.0 0.0015945488485158421
372.0 0.0016792146197985858
373.0 0.002079291698464658
374.0 0.002479368959029671
375.0 0.003347426900290884
376.0 0.004215485023451038
377.0 0.004079483187524602
378.0 0.003943481351598166
379.0 0.0035347384255146608
380.0 0.0031259954994311556
381.0 0.0021394482246250845
382.0 0.0011529004950716626
383.0 0.0012105276255169883
384.0 0.0012681544831139036
385.0 0.0010241009476885665
386.0 0.0007800475941621698
387.0 0.0007252091563714202
388.0 0.0006703707640554057
389.0 0.0005844752195116598
390.0 0.000498579720442649
391.0 0.0004783128133567516
392.0 0.00045804599722032435
393.0 0.0005675956344930455
394.0 0.0006771453627152368
395.0 0.000642805889583542
396.0 0.0006084665074013174
397.0 0.0008078009159362409
398.0 0.0010071352335216943
399.0 0.0012222540135553572
400.0 0.0014373728845384903
401.0 0.001569646701682359
402.0 0.001701920700725168
403.0 0.0017717764421831816
404.0 0.0018416321836411953
405.0 0.0018178026948589832
406.0 0.0017939735698746517
407.0 0.0015766889191581868
408.0 0.001359404359391192
409.0 0.001100800909625832
410.0 0.0008421972779615317
411.0 0.00023958452857186785
412.0 1.708554738660828e-10
413.0 0.0002869048785214545
414.0 0.0009368378414364997
415.0 0.001289706506213406
416.0 0.001642575443838723
417.0 0.0009182250323647168
418.0 0.0001938746663654456
419.0 1.708554738660828e-10
420.0 1.708554738660828e-10
421.0 0.0002491150326022762
422.0 0.0012756255273416173
423.0 0.0010302343980583828
424.0 0.0007848429959267378
425.0 3.2549183970331796e-05
426.0 1.708554738660828e-10
427.0 1.708554738660828e-10
428.0 0.0005582947324000997
429.0 0.00019712799712579
430.0 1.708554738660828e-10
431.0 0.00015006862668087706
432.0 0.0004641762643586844
433.0 0.00010606385103528737
434.0 1.708554738660828e-10
435.0 1.708554738660828e-10
436.0 0.00016332198811142007
437.0 5.871243047295138e-05
438.0 1.708554738660828e-10
439.0 1.708554738660828e-10
440.0 1.708554738660828e-10
441.0 1.708554738660828e-10
442.0 1.708554738660828e-10
443.0 1.708554738660828e-10
444.0 1.708554738660828e-10
445.0 0.00010038963864644757
446.0 0.0003456843614912941
447.0 0.0006616563950956333
448.0 0.000977628405962605
449.0 0.0006396226581273368
450.0 0.0003016169557668036
451.0 1.708554738660828e-10
452.0 1.708554738660828e-10
453.0 1.708554738660828e-10
454.0 2.529795040118188e-05
455.0 1.708554738660828e-10
456.0 1.708554738660828e-10
457.0 1.708554738660828e-10
458.0 1.708554738660828e-10
459.0 6.7724829477811e-05
460.0 0.00019750677893171087
461.0 0.00028999741061852546
462.0 0.00038248813325481024
463.0 0.0005485488145495765
464.0 0.0007146095413190778
465.0 0.0005585935014096322
466.0 0.00040257755244965665
467.0 0.0008218974471674301
468.0 0.0012412171599862631
469.0 0.001416492978023598
470.0 0.0015917685232125223
471.0 0.0018368173186900094
472.0 0.002081865750369616
473.0 0.002390797271800693
474.0 0.00269972861133283
475.0 0.002699221840885002
476.0 0.0026987150704371743
477.0 0.002872437471523881
478.0 0.0030461598726105876
479.0 0.003481642488623038
480.0 0.003917124922736548
481.0 0.004164432539255358
482.0 0.004411739791976288
483.0 0.003903164906660095
484.0 0.0033945892937481403
485.0 0.0033267213439103216
486.0 0.003258853030274622
487.0 0.0029210405045887455
488.0 0.0025832281608018093
489.0 0.0020717376173706725
490.0 0.0015602472558384761
491.0 0.001530806730443146
492.0 0.0015013659321994055
493.0 0.0013570847841037903
494.0 0.0012128038179071154
495.0 0.0013685445082955994
496.0 0.0015242851986840833
497.0 0.002071805647574365
498.0 0.002619326551211998
499.0 0.002539727393013891
500.0 0.002460128416714724
501.0 0.0024270833819173276
502.0 0.002394038892816752
503.0 0.0024287362975883298
504.0 0.0024634337023599073
505.0 0.002960092024295591
506.0 0.0034567503462312743
507.0 0.002519057670724578
508.0 0.0015813642676221207
509.0 0.0018802762497216463
510.0 0.0021791878680232912
511.0 0.0017958347598323599
512.0 0.001412481924489839
513.0 0.0017101852790801786
514.0 0.0020078887246199884
515.0 0.0017221907910425216
516.0 0.0014364927665155847
517.0 0.0014011251550982706
518.0 0.0013657575436809566
519.0 0.0014930507859389763
520.0 0.001620343937247526
521.0 0.0016814674381748773
522.0 0.001742590575304348
523.0 0.0015676954717491753
524.0 0.0013928004591434728
525.0 0.0018418641047901474
526.0 0.002290928387083113
527.0 0.002387485801591538
528.0 0.0024840435798978433
529.0 0.0025738077965797856
530.0 0.002663572013261728
531.0 0.0025891999030136503
532.0 0.002514827428967692
533.0 0.0023170834538177587
534.0 0.0021193391148699448
535.0 0.0020053301341249608
536.0 0.001891320789582096
537.0 0.0021703875972889364
538.0 0.0024494542230968364
539.0 0.0031407627830049023
540.0 0.003832070797216147
541.0 0.0037875073758186772
542.0 0.0037429439544212073
543.0 0.0040877432184061036
544.0 0.004432542118593119
545.0 0.004682399230659939
546.0 0.004932255978928879
547.0 0.004163389530731365
548.0 0.0033945230825338513
549.0 0.0029769398679491132
550.0 0.0025593566533643752
551.0 0.002389516703260597
552.0 0.0022196767531568184
553.0 0.0027410886104917154
554.0 0.0032625001040287316
555.0 0.003750698670046404
556.0 0.004238897236064076
557.0 0.0038490961742354557
558.0 0.003459295112406835
559.0 0.003628027843660675
560.0 0.0037967602111166343
561.0 0.0037831974623259157
562.0 0.0037696343497373164
563.0 0.0034158394555561244
564.0 0.0030620449251728132
565.0 0.0037632646126439795
566.0 0.0044644846639130265
567.0 0.004655198426917195
568.0 0.004845912553719245
569.0 0.005528446490643546
570.0 0.006210980791365728
571.0 0.0063308521930594
572.0 0.00645072286715731
573.0 0.00669156142976135
574.0 0.00693239999236539
575.0 0.006724133709212765
576.0 0.00651586742606014
577.0 0.005727129246224649
578.0 0.004938390702591278
579.0 0.005321891876519658
580.0 0.005705393050448038
581.0 0.006595680315513164
582.0 0.007485966489184648
583.0 0.008621065353509039
584.0 0.00975616421783343
585.0 0.010280963033437729
586.0 0.010805761121446267
587.0 0.010751649097073823
588.0 0.010697535617509857
589.0 0.01061412986018695
590.0 0.010530726285651326
591.0 0.009714045154396445
592.0 0.00889736256795004
593.0 0.0072947179432958364
594.0 0.005692075501428917
595.0 0.005441489702207036
596.0 0.005190904630580917
597.0 0.005857522046426311
598.0 0.006524140189867467
599.0 0.0076743119279854
600.0 0.008824482938507572
601.0 0.00920879901968874
602.0 0.009593113645678386
603.0 0.010356066195527092
604.0 0.011119019472971559
605.0 0.011299314792267978
606.0 0.011479610111564398
607.0 0.009942172619048506
608.0 0.008404736581724137
609.0 0.0066934335336554796
610.0 0.004982131940778345
611.0 0.004129919034312479
612.0 0.0032777064916444942
613.0 0.0035430948628345504
614.0 0.0038084832340246066
615.0 0.004686321335611865
616.0 0.005564159437199123
617.0 0.0067232387664262205
618.0 0.007882317731855437
619.0 0.008928155875764787
620.0 0.009973994019674137
621.0 0.010716151882661507
622.0 0.011458309745648876
623.0 0.011731886479537934
624.0 0.012005459575448185
625.0 0.010494933667359874
626.0 0.00898440630408004
627.0 0.007196178921731189
628.0 0.005407949720392935
629.0 0.004492877269512974
630.0 0.003577805182430893
631.0 0.003177300459356047
632.0 0.002776795554382261
633.0 0.002712946297833696
634.0 0.0026490968593861908
635.0 0.003088137964368798
636.0 0.003527179069351405
637.0 0.004126176281715743
638.0 0.004725173130282201
639.0 0.004829026511288248
640.0 0.004932879528496414
641.0 0.005372627128963359
642.0 0.005812374365632422
643.0 0.0055352920753648505
644.0 0.005258209421299398
645.0 0.00494521445943974
646.0 0.0046322191337822005
647.0 0.003801614002441056
648.0 0.002971009052998852
649.0 0.00222739290620666
650.0 0.0014837766684649978
651.0 0.0014886208191455808
652.0 0.0014934652426745743
653.0 0.0016411930118920282
654.0 0.001788920781109482
655.0 0.0016688140021869913
656.0 0.0015487072232645005
657.0 0.0014941772860765923
658.0 0.001439647348888684
659.0 0.0016939371562330052
660.0 0.001948226781678386
661.0 0.001747703026921954
662.0 0.0015471794540644623
663.0 0.0021169442334212363
664.0 0.002686709376575891
665.0 0.003170422132825479
666.0 0.0036541347071761265
667.0 0.004382360566523857
668.0 0.005110585698275827
669.0 0.005263818457024172
670.0 0.005417047941591591
671.0 0.006135463627288118
672.0 0.006853880040580407
673.0 0.007835456199245527
674.0 0.008817030175123364
675.0 0.00835215105325915
676.0 0.007887273386586457
677.0 0.006207654223544523
678.0 0.004528033969108947
679.0 0.0030565195629606023
680.0 0.001585005156812258
681.0 0.0009643738849263173
682.0 0.00034374236292933347
683.0 0.00045893766582594253
684.0 0.0005741330369346542
685.0 0.00037937727483949857
686.0 0.00018462129673935124
687.0 0.000202196088139317
688.0 0.00021977084543323144
689.0 0.00010670271421986399
690.0 1.708554738660828e-10
691.0 0.0001991661065403605
692.0 0.0004046976755489595
693.0 0.0002941605998785235
694.0 0.00018362347873335239
695.0 0.00024819162263156613
696.0 0.00031275974379241234
697.0 0.00044287739910942037
698.0 0.0005729949862143258
699.0 0.0004943914518662496
700.0 0.000415787735619233
701.0 0.0003029489334949176
702.0 0.00019011013137060218
703.0 0.000151175117935054
704.0 0.00011224017271160847
705.0 0.00022181141048349673
706.0 0.0003313824890938122
707.0 0.00014577242382074473
708.0 1.708554738660828e-10
709.0 0.00012757919876094093
710.0 0.00029499608444893965
711.0 0.0003503706238916493
712.0 0.0004057451405969914
713.0 0.00023464926925953478
714.0 6.355340929076192e-05
715.0 0.00033262872420891654
716.0 0.0006017039595462848
717.0 0.00038495413718919735
718.0 0.0001682042579886911
719.0 0.00042961059989465866
720.0 0.0006910170213814126
721.0 0.0006090899205446476
722.0 0.0005271629561320879
723.0 0.0004212925887259189
724.0 0.00031542231226922013
725.0 0.0002598396122266422
726.0 0.00020425704860826954
727.0 0.00018302071111975238
728.0 0.00016178453279280802
729.0 0.00032036646189226303
730.0 0.00047894855015329085
731.0 0.0004957245892001083
732.0 0.0005125008556206012
733.0 0.00026123748284589965
734.0 9.974356629527392e-06
735.0 1.708554738660828e-10
736.0 1.708554738660828e-10
737.0 0.0003143138883388019
738.0 0.00067437426878314
739.0 0.0007131380698410794
740.0 0.0007519015525758732
741.0 0.0005190929641685216
742.0 0.00028628433028643485
743.0 8.654362204651989e-05
744.0 1.708554738660828e-10
745.0 0.0002658755420270609
746.0 0.0006449481588788331
747.0 0.0004912475105811609
748.0 0.0003375467940713861
749.0 0.00016437364820376388
750.0 1.708554738660828e-10
751.0 0.0002204879365308443
752.0 0.0004497753252508119
753.0 0.0004661798357119551
754.0 0.00048258425522362813
755.0 1.708554738660828e-10
756.0 1.708554738660828e-10
757.0 1.708554738660828e-10
758.0 1.708554738660828e-10
759.0 5.131401508151612e-05
760.0 0.0005310101187205873
761.0 0.00028967715479666367
762.0 4.8344168135372456e-05
763.0 4.698247266787803e-05
764.0 4.5620848254657176e-05
765.0 0.0004064637778355973
766.0 0.0007673065738345031
767.0 0.0003750190217033378
768.0 1.708554738660828e-10
769.0 1.708554738660828e-10
770.0 1.708554738660828e-10
771.0 1.708554738660828e-10
772.0 3.3858165693345654e-05
773.0 0.00030301457627501804
774.0 0.000572170756640844
775.0 0.00029124150842108065
776.0 1.031214438285133e-05
777.0 0.0002828010110533796
778.0 0.0005552898983296473
779.0 0.000575778585698572
780.0 0.0005962672730674967
781.0 0.0005560599220189033
782.0 0.0005158524800208397
783.0 0.00046585914788010996
784.0 0.0004158658157393802
785.0 0.00037698951018683147
786.0 0.00033811299999797484
787.0 0.0005533318471862003
788.0 0.0007685505806875881
789.0 0.0007830867616576143
790.0 0.0007976229426276404
791.0 0.0006905016107339179
792.0 0.0005833801424159901
793.0 0.0005989792953187134
794.0 0.0006145784027467016
795.0 0.0006309450782282511
796.0 0.0006473116627603304
797.0 0.00046342356654349715
798.0 0.00027953549306403147
799.0 0.00041966063690779265
800.0 0.0005597858034889214
801.0 0.0005109609446662944
802.0 0.0004621360403689323
803.0 0.00050042190196109
804.0 0.0005387077635532478
805.0 0.0007695561180298682
806.0 0.0010004042451328132
807.0 0.0007093725798767991
808.0 0.00041834082367131487
809.0 0.00022447095489042113
810.0 3.060103495045041e-05
811.0 0.0002738300963756046
812.0 0.0005170590611669468
813.0 0.0006787267011532094
814.0 0.000840394295664737
815.0 0.0009254471478925552
816.0 0.001010499818221433
817.0 0.0010183452104683965
818.0 0.0010261906936648302
819.0 0.0010015564839704894
820.0 0.0009769221833266784
821.0 0.0006846734777354868
822.0 0.0003924246811948251
823.0 0.00048371566663263366
824.0 0.0005750067430199124
825.0 0.0006369438779074699
826.0 0.0006988811037444975
827.0 0.0007931341315270402
828.0 0.0008873871593095828
829.0 0.0004836814241571119
830.0 7.997564352990594e-05
831.0 0.00014623395827584318
832.0 0.00021249243218335323
833.0 0.0006044223937351489
834.0 0.0009963522643374745
835.0 0.0003632348807514063
836.0 1.708554738660828e-10
837.0 2.8421658271327033e-05
838.0 0.0003267258762207348
839.0 0.000528529108123621
840.0 0.0007303323400265072
841.0 0.0010610728168103378
842.0 0.0013918132935941685
843.0 0.0009337224582850467
844.0 0.00047563135012751445
845.0 0.0007403777090075891
846.0 0.0010051240678876638
847.0 0.0011699328752001747
848.0 0.0013347417734621558
849.0 0.0010347240277042147
850.0 0.0007347058726736577
851.0 0.0010467546417203266
852.0 0.0013588033652922604
853.0 0.0007586044375784695
854.0 0.00015840564628888387
855.0 6.868723971820145e-05
856.0 1.708554738660828e-10
857.0 0.0005868488187843468
858.0 0.0011947287021030206
859.0 0.0010103021850227378
860.0 0.0008258753950940445
861.0 0.0012013832019874826
862.0 0.0015768910088809207
863.0 0.0016000867617549375
864.0 0.0016232821508310735
865.0 0.0018085978808812797
866.0 0.0019939137928304262
867.0 0.0026554869691608474
868.0 0.003317059963592328
869.0 0.0031200550438370556
870.0 0.002923049578384962
871.0 0.0033630942198215052
872.0 0.0038031383155612275
873.0 0.0029826971513102762
874.0 0.002162255987059325
875.0 0.0024378525267820805
876.0 0.002713449066504836
