lsstCam/transmission_filter_detector/r23_s21/u_24/19700101T000000.ecsv
# %ECSV 1.0
# ---
# datatype:
# - {name: wavelength, unit: nm, datatype: float32}
# - {name: efficiency, unit: '%', datatype: float64}
# meta: !!omap
# - {MODE: DETECTOR}
# - {TYPE: transmission_filter_detector}
# - {CALIBDATE: '1970-01-01T00:00:00'}
# - {INSTRUME: LSSTCam}
# - {OBSTYPE: transmission_filter_detector}
# - {CALIBCLS: lsst.ip.isr.IntermediateFilterDetectorTransmissionCurve}
# - {SOURCE: Materion (DM-46256)}
# - {DETECTOR: 106}
# - {FILTER: u_24}
# - {CALIB_ID: 'calibDate=1970-01-01T00:00:00 filter=u_24 detector=106'}
# - {DATE: '2025-04-02T15:59:40.239723'}
# - {CALIB_CREATION_DATE: '2025-04-02'}
# - {CALIB_CREATION_TIME: '15:59:40'}
# - __serialized_columns__:
#     efficiency:
#       __class__: astropy.units.quantity.Quantity
#       unit: !astropy.units.Unit {unit: '%'}
#       value: !astropy.table.SerializedColumn {name: efficiency}
#     wavelength:
#       __class__: astropy.units.quantity.Quantity
#       unit: !astropy.units.Unit {unit: nm}
#       value: !astropy.table.SerializedColumn {name: wavelength}
# schema: astropy-2.0
wavelength efficiency
295.0 1.5741586636627836e-10
296.0 1.5741586636627836e-10
297.0 1.5741586636627836e-10
298.0 1.5741586636627836e-10
299.0 1.5741586636627836e-10
300.0 1.5741586636627836e-10
301.0 1.5741586636627836e-10
302.0 1.5741586636627836e-10
303.0 1.5741586636627836e-10
304.0 0.2710239961743355
305.0 0.465265242382884
306.0 1.3677633367478848
307.0 2.7470748871564865
308.0 4.5173779129981995
309.0 7.522542774677277
310.0 10.76868623495102
311.0 14.32814747095108
312.0 17.983023822307587
313.0 21.09816074371338
314.0 24.48260337114334
315.0 26.82899832725525
316.0 29.011783003807068
317.0 31.242522597312927
318.0 33.82038176059723
319.0 37.114641070365906
320.0 42.225825786590576
321.0 47.31449782848358
322.0 53.26167941093445
323.0 58.80544185638428
324.0 63.60992193222046
325.0 67.0637309551239
326.0 69.64074373245239
327.0 71.58741354942322
328.0 73.44167828559875
329.0 74.82663989067078
330.0 76.26099586486816
331.0 77.1429181098938
332.0 77.73200273513794
333.0 77.7679979801178
334.0 77.67385244369507
335.0 77.75236368179321
336.0 77.89640426635742
337.0 78.3590018749237
338.0 79.19120192527771
339.0 79.76997494697571
340.0 80.25208711624146
341.0 80.77420592308044
342.0 81.06241822242737
343.0 80.9634268283844
344.0 81.22563362121582
345.0 81.5360426902771
346.0 81.80831670761108
347.0 82.1606457233429
348.0 82.4598491191864
349.0 82.62757062911987
350.0 82.63577222824097
351.0 82.87535905838013
352.0 82.73772597312927
353.0 82.645583152771
354.0 82.57211446762085
355.0 82.7954351902008
356.0 82.97091126441956
357.0 82.88753032684326
358.0 82.6023519039154
359.0 82.39081501960754
360.0 82.34789967536926
361.0 82.21709728240967
362.0 82.02968835830688
363.0 82.14651346206665
364.0 82.26211071014404
365.0 82.44736194610596
366.0 82.59267210960388
367.0 82.61631727218628
368.0 82.54402279853821
369.0 82.48435854911804
370.0 82.18809366226196
371.0 81.88143372535706
372.0 81.88943862915039
373.0 81.97146654129028
374.0 82.00364708900452
375.0 82.28064179420471
376.0 82.33756422996521
377.0 82.40541815757751
378.0 82.44023323059082
379.0 82.22002983093262
380.0 81.6409170627594
381.0 80.35954236984253
382.0 78.69765758514404
383.0 76.77185535430908
384.0 74.6721088886261
385.0 72.38526940345764
386.0 69.97361779212952
387.0 66.85145497322083
388.0 63.68042826652527
389.0 59.85634922981262
390.0 56.012678146362305
391.0 51.83302164077759
392.0 47.43122458457947
393.0 43.590179085731506
394.0 40.30239284038544
395.0 37.08220720291138
396.0 33.79982113838196
397.0 29.488974809646606
398.0 24.449193477630615
399.0 18.11443865299225
400.0 11.96204200387001
401.0 7.006652653217316
402.0 3.3270034939050674
403.0 1.1832648888230324
404.0 0.37703588604927063
405.0 0.14570971252396703
406.0 0.07356375572271645
407.0 0.0030541123123839498
408.0 0.027966094785369933
409.0 0.01178867751150392
410.0 0.00539918510185089
411.0 1.5741586636627836e-10
412.0 1.5741586636627836e-10
413.0 1.5741586636627836e-10
414.0 1.5741586636627836e-10
415.0 1.5741586636627836e-10
416.0 1.5741586636627836e-10
417.0 1.5741586636627836e-10
418.0 1.5741586636627836e-10
419.0 1.5741586636627836e-10
420.0 1.5741586636627836e-10
421.0 1.5741586636627836e-10
422.0 1.5741586636627836e-10
423.0 1.5741586636627836e-10
424.0 1.5741586636627836e-10
425.0 1.5741586636627836e-10
426.0 0.002468970706104301
427.0 0.0006764437330275541
428.0 1.5741586636627836e-10
429.0 1.5741586636627836e-10
430.0 1.5741586636627836e-10
431.0 1.5741586636627836e-10
432.0 1.5741586636627836e-10
433.0 0.0010730918802437373
434.0 0.0025818451831582934
435.0 0.0016131058146129362
436.0 0.000644365900370758
437.0 0.00029613543119921815
438.0 1.5741586636627836e-10
439.0 4.992637059331173e-05
440.0 0.000151948188431561
441.0 1.5741586636627836e-10
442.0 1.5741586636627836e-10
443.0 1.5741586636627836e-10
444.0 1.5741586636627836e-10
445.0 1.5741586636627836e-10
446.0 1.5741586636627836e-10
447.0 1.5741586636627836e-10
448.0 1.5741586636627836e-10
449.0 1.5741586636627836e-10
450.0 1.5741586636627836e-10
451.0 1.5741586636627836e-10
452.0 1.5741586636627836e-10
453.0 1.5741586636627836e-10
454.0 0.00020987813513784204
455.0 1.5741586636627836e-10
456.0 1.5741586636627836e-10
457.0 1.5741586636627836e-10
458.0 1.5741586636627836e-10
459.0 1.5741586636627836e-10
460.0 1.5741586636627836e-10
461.0 1.5741586636627836e-10
462.0 1.5741586636627836e-10
463.0 5.8454082818570896e-05
464.0 0.00034061490623571444
465.0 0.00014052128562980215
466.0 1.5741586636627836e-10
467.0 1.5741586636627836e-10
468.0 1.5741586636627836e-10
469.0 1.5741586636627836e-10
470.0 0.0001091816670850676
471.0 1.5741586636627836e-10
472.0 1.5741586636627836e-10
473.0 1.5741586636627836e-10
474.0 1.5741586636627836e-10
475.0 1.5741586636627836e-10
476.0 1.5741586636627836e-10
477.0 3.443545040227036e-05
478.0 0.0007706147698627319
479.0 0.000418577883465332
480.0 6.654104822700901e-05
481.0 1.5741586636627836e-10
482.0 1.5741586636627836e-10
483.0 1.5741586636627836e-10
484.0 1.5741586636627836e-10
485.0 1.5741586636627836e-10
486.0 1.5741586636627836e-10
487.0 1.5741586636627836e-10
488.0 1.5741586636627836e-10
489.0 1.5741586636627836e-10
490.0 1.5741586636627836e-10
491.0 1.5741586636627836e-10
492.0 1.5741586636627836e-10
493.0 1.5741586636627836e-10
494.0 1.5741586636627836e-10
495.0 1.5741586636627836e-10
496.0 1.5741586636627836e-10
497.0 1.5741586636627836e-10
498.0 1.5741586636627836e-10
499.0 1.5741586636627836e-10
500.0 6.891723955959606e-05
501.0 5.2451889587246114e-05
502.0 3.598654529923806e-05
503.0 1.5741586636627836e-10
504.0 1.5741586636627836e-10
505.0 1.5741586636627836e-10
506.0 1.5741586636627836e-10
507.0 1.5741586636627836e-10
508.0 1.5741586636627836e-10
509.0 1.5741586636627836e-10
510.0 1.9512151538947364e-05
511.0 0.00021307844235707307
512.0 0.000406644721806515
513.0 0.00021795644897792954
514.0 2.926803404079692e-05
515.0 1.5741586636627836e-10
516.0 1.5741586636627836e-10
517.0 1.5741586636627836e-10
518.0 1.5741586636627836e-10
519.0 1.5741586636627836e-10
520.0 1.5741586636627836e-10
521.0 1.5741586636627836e-10
522.0 1.5741586636627836e-10
523.0 1.5741586636627836e-10
524.0 1.5741586636627836e-10
525.0 1.5741586636627836e-10
526.0 1.5741586636627836e-10
527.0 1.5741586636627836e-10
528.0 1.5741586636627836e-10
529.0 1.5741586636627836e-10
530.0 1.5741586636627836e-10
531.0 1.5741586636627836e-10
532.0 1.5741586636627836e-10
533.0 2.300972710145288e-05
534.0 0.0003588522986319731
535.0 1.5741586636627836e-10
536.0 1.5741586636627836e-10
537.0 1.5741586636627836e-10
538.0 1.5741586636627836e-10
539.0 1.5741586636627836e-10
540.0 1.5741586636627836e-10
541.0 1.5741586636627836e-10
542.0 1.5741586636627836e-10
543.0 1.5741586636627836e-10
544.0 1.5741586636627836e-10
545.0 1.5741586636627836e-10
546.0 0.00010508683772059157
547.0 1.5741586636627836e-10
548.0 1.5741586636627836e-10
549.0 1.5741586636627836e-10
550.0 1.5741586636627836e-10
551.0 1.5741586636627836e-10
552.0 1.5741586636627836e-10
553.0 1.5741586636627836e-10
554.0 1.5741586636627836e-10
555.0 1.5741586636627836e-10
556.0 1.5741586636627836e-10
557.0 1.5741586636627836e-10
558.0 1.5741586636627836e-10
559.0 1.5741586636627836e-10
560.0 1.5741586636627836e-10
561.0 1.5741586636627836e-10
562.0 1.3888724481603276e-05
563.0 1.5741586636627836e-10
564.0 1.5741586636627836e-10
565.0 1.5741586636627836e-10
566.0 0.00015955628214214812
567.0 0.0002285406480950769
568.0 0.00029752497994195437
569.0 0.0003417853122300585
570.0 0.0003860454398818547
571.0 0.00031138868052948965
572.0 0.00023673187570238952
573.0 0.0003678986104205251
574.0 0.0004990653906133957
575.0 0.00035758816920861136
576.0 0.00021611097054119455
577.0 0.00017431655123800738
578.0 0.0001325221319348202
579.0 0.0005455863629322266
580.0 0.0009586507076164708
581.0 0.0010327767995477188
582.0 0.001106902982428437
583.0 0.001534401235403493
584.0 0.0019618992155301385
585.0 0.0016217965821851976
586.0 0.0012816936759918462
587.0 0.0012258256901986897
588.0 0.0011699574315571226
589.0 0.0011357019502611365
590.0 0.0011014461961167399
591.0 0.0008962149877334014
592.0 0.0006909835974511225
593.0 0.0006578937245649286
594.0 0.0006248036697797943
595.0 0.0006400394795491593
596.0 0.0006552751983690541
597.0 0.0008498773240717128
598.0 0.001044479267875431
599.0 0.0012467941814975347
600.0 0.0014491088222712278
601.0 0.0016662543202983215
602.0 0.0018834000002243556
603.0 0.0017727908925735392
604.0 0.0016621821487206034
605.0 0.001635651096876245
606.0 0.001609120226930827
607.0 0.001367562981613446
608.0 0.0011260057362960652
609.0 0.0008484098543704022
610.0 0.0005708138360205339
611.0 0.00034229935863550054
612.0 0.00011378486988178338
613.0 0.0002276123950650799
614.0 0.00034143984066759003
615.0 0.00030817839160590665
616.0 0.00027491687433212064
617.0 0.0005232971943769371
618.0 0.0007716775144217536
619.0 0.0004967479526385432
620.0 0.00022181845906743547
621.0 0.000324145639751805
622.0 0.0004264727522240719
623.0 0.0005760524345532758
624.0 0.0007256321168824797
625.0 0.0007070586889312835
626.0 0.0006884853064548224
627.0 0.0006966606633795891
628.0 0.0007048360203043558
629.0 0.0007002081474638544
630.0 0.0006955803655728232
631.0 0.0011194925718882587
632.0 0.001543404687254224
633.0 0.0019449671526672319
634.0 0.0023465296180802397
635.0 0.0024673629013705067
636.0 0.002588196366559714
637.0 0.00245116953010438
638.0 0.002314142693649046
639.0 0.0021501575247384608
640.0 0.001986172537726816
641.0 0.0018494676623959094
642.0 0.001712762787065003
643.0 0.0013091922482999507
644.0 0.0009056216185854282
645.0 0.0007169647233240539
646.0 0.0005283077825879445
647.0 0.00028899908102175687
648.0 4.969048177372315e-05
649.0 1.5741586636627836e-10
650.0 1.5741586636627836e-10
651.0 0.00017701482875054353
652.0 0.0004539047040452715
653.0 0.0008487746526952833
654.0 0.0012436447832442354
655.0 0.001318858630838804
656.0 0.0013940724784333725
657.0 0.0019915170923923142
658.0 0.002588961797300726
659.0 0.0031250408937921748
660.0 0.0036611199902836233
661.0 0.0036154597182758152
662.0 0.0035697990824701265
663.0 0.0031176074116956443
664.0 0.0026654153771232814
665.0 0.0021749692677985877
666.0 0.0016845235222717747
667.0 0.0015098839867278002
668.0 0.0013352442692848854
669.0 0.001187357702292502
670.0 0.0010394711353001185
671.0 0.0006456658411480021
672.0 0.00025186047878378304
673.0 0.0003782462044910062
674.0 0.0005046319529355969
675.0 0.0007032753728708485
676.0 0.0009019187018566299
677.0 0.0010382208529335912
678.0 0.0011745230949600227
679.0 0.0015476800399483182
680.0 0.001920837166835554
681.0 0.0029095172067172825
682.0 0.003898197610396892
683.0 0.005551619688048959
684.0 0.007205041038105264
685.0 0.007786832429701462
686.0 0.008368625276489183
687.0 0.00770500919315964
688.0 0.007041396020213142
689.0 0.006074035991332494
690.0 0.005106675962451845
691.0 0.004623565109795891
692.0 0.004140454620937817
693.0 0.0034211920137749985
694.0 0.0027019295885111205
695.0 0.0021970030502416193
696.0 0.0016920765119721182
697.0 0.0012056756531819701
698.0 0.0007192746579676168
699.0 0.0007399521564366296
700.0 0.0007606292456330266
701.0 0.0007127409844542854
702.0 0.0006648525413766038
703.0 0.0005926191079197451
704.0 0.0005203859473112971
705.0 0.0004407731921673985
706.0 0.00036116048249823507
707.0 0.0006105412012402667
708.0 0.0008599216016591527
709.0 0.0009004456842376385
710.0 0.0009409697668161243
711.0 0.0007127728167688474
712.0 0.00048457595767104067
713.0 0.0005967345714452676
714.0 0.0007088932306942297
715.0 0.0006618618044740288
716.0 0.0006148302873043576
717.0 0.0006092949206504272
718.0 0.0006037595085217617
719.0 0.0007637817361683119
720.0 0.0009238037819159217
721.0 0.00043002523852919694
722.0 1.5741586636627836e-10
723.0 0.0002506490773157566
724.0 0.0005650515504385112
725.0 0.00024091671093628975
726.0 1.5741586636627836e-10
727.0 3.302066602373088e-05
728.0 0.00014925942650734214
729.0 0.00037082438666402595
730.0 0.0005923894150328124
731.0 0.0003768392843994661
732.0 0.00016128924471559003
733.0 0.00011904745633728453
734.0 7.680574185542355e-05
735.0 0.0002610225692478707
736.0 0.00044523940232465975
737.0 0.00027422981929703383
738.0 0.00010322017942598904
739.0 0.000414315445596003
740.0 0.0007254107003973331
741.0 0.0009848396985034924
742.0 0.0012442686966096517
743.0 0.0016813179172459058
744.0 0.00211836704693269
745.0 0.00245017945417203
746.0 0.00278199167951243
747.0 0.0031219689844874665
748.0 0.003461946835159324
749.0 0.0033957276173168793
750.0 0.003329509127070196
751.0 0.003241278318455443
752.0 0.0031530478736385703
753.0 0.002818286156980321
754.0 0.002483524258423131
755.0 0.002606243833724875
756.0 0.0027289635909255594
757.0 0.0023092437913874164
758.0 0.0018895241737482138
759.0 0.0016187055734917521
760.0 0.0013478871551342309
761.0 0.00111922136056819
762.0 0.000890555475052679
763.0 0.0007006742180237779
764.0 0.000510793006469612
765.0 0.0005502611202246044
766.0 0.0005897291430301266
767.0 0.0008136486030707601
768.0 0.0010375682904850692
769.0 0.0008121565770125017
770.0 0.0005867450454388745
771.0 0.0005530148882826325
772.0 0.0005192847766011255
773.0 0.0006173591373226373
774.0 0.0007154335889936192
775.0 0.0007395099146378925
776.0 0.0007635861038579606
777.0 0.0005978424269414973
778.0 0.0004320986590755638
779.0 0.00034558993320388254
780.0 0.00025908118459483376
781.0 0.0005180085736355977
782.0 0.0007769360308884643
783.0 0.0009822399078984745
784.0 0.0011875435120600741
785.0 0.0012514964510046411
786.0 0.001315449298999738
787.0 0.0009771501026989426
788.0 0.0006388508609234123
789.0 0.000650921901979018
790.0 0.0006629929430346237
791.0 0.0005375260116124991
792.0 0.00041205903471563943
793.0 0.0003109549879809492
794.0 0.00020985085029678885
795.0 8.105237014888189e-06
796.0 1.5741586636627836e-10
797.0 0.00010807744956764509
798.0 0.00040979516597872134
799.0 0.00018405527271170286
800.0 1.5741586636627836e-10
801.0 1.5741586636627836e-10
802.0 1.5741586636627836e-10
803.0 1.5741586636627836e-10
804.0 6.002704822094529e-05
805.0 7.310625278478255e-05
806.0 8.618553692940623e-05
807.0 1.5741586636627836e-10
808.0 1.5741586636627836e-10
809.0 0.00013545082993005053
810.0 0.00036717676721309545
811.0 0.00015432098052770016
812.0 1.5741586636627836e-10
813.0 8.954371537583938e-05
814.0 0.00023762222554069012
815.0 0.00035874243167199893
816.0 0.00047986259232857265
817.0 0.00030209350825316506
818.0 0.00012432427638486843
819.0 0.00026629279545886675
820.0 0.0004082613486389164
821.0 0.00019796307242359035
822.0 1.5741586636627836e-10
823.0 1.5741586636627836e-10
824.0 1.5741586636627836e-10
825.0 1.5741586636627836e-10
826.0 1.5741586636627836e-10
827.0 1.5741586636627836e-10
828.0 4.309593464313366e-05
829.0 1.5741586636627836e-10
830.0 1.5741586636627836e-10
831.0 1.5741586636627836e-10
832.0 1.5741586636627836e-10
833.0 1.5741586636627836e-10
834.0 1.5741586636627836e-10
835.0 1.5741586636627836e-10
836.0 1.5741586636627836e-10
837.0 1.5741586636627836e-10
838.0 1.5741586636627836e-10
839.0 1.5741586636627836e-10
840.0 1.5741586636627836e-10
841.0 1.5741586636627836e-10
842.0 1.5741586636627836e-10
843.0 1.5741586636627836e-10
844.0 1.5741586636627836e-10
845.0 1.5741586636627836e-10
846.0 1.5741586636627836e-10
847.0 1.5741586636627836e-10
848.0 1.5741586636627836e-10
849.0 1.5741586636627836e-10
850.0 1.5741586636627836e-10
851.0 2.2254964449075487e-05
852.0 0.00010993512660206761
853.0 0.00010067600442198454
854.0 9.141690497926902e-05
855.0 3.6118748880653584e-05
856.0 1.5741586636627836e-10
857.0 0.00035145653782819863
858.0 0.0007220924089779146
859.0 0.0009153464816336054
860.0 0.001108600463339826
861.0 0.0010625609320413787
862.0 0.0010165213097934611
863.0 0.0009996153494284954
864.0 0.0009827093890635297
865.0 0.0012384950423438568
866.0 0.0014942804227757733
867.0 0.001646019154577516
868.0 0.0017977577954297885
869.0 0.0016964208043646067
870.0 0.0015950836314004846
871.0 0.0016018335372791626
872.0 0.0016085828974610195
873.0 0.0018667324184207246
