lsstCam/transmission_filter_detector/r23_s21/u_24/19700101T000000.ecsv
# %ECSV 1.0
# ---
# datatype:
# - {name: wavelength, unit: nm, datatype: float32}
# - {name: efficiency, unit: '%', datatype: float64}
# meta: !!omap
# - {MODE: DETECTOR}
# - {TYPE: transmission_filter_detector}
# - {CALIBDATE: '1970-01-01T00:00:00'}
# - {INSTRUME: LSSTCam}
# - {OBSTYPE: transmission_filter_detector}
# - {CALIBCLS: lsst.ip.isr.IntermediateFilterDetectorTransmissionCurve}
# - {SOURCE: Materion (DM-46256)}
# - {DETECTOR: 106}
# - {FILTER: u_24}
# - {CALIB_ID: 'calibDate=1970-01-01T00:00:00 filter=u_24 detector=106'}
# - {DATE: '2025-04-02T15:59:40.239723'}
# - {CALIB_CREATION_DATE: '2025-04-02'}
# - {CALIB_CREATION_TIME: '15:59:40'}
# - __serialized_columns__:
#     efficiency:
#       __class__: astropy.units.quantity.Quantity
#       unit: !astropy.units.Unit {unit: '%'}
#       value: !astropy.table.SerializedColumn {name: efficiency}
#     wavelength:
#       __class__: astropy.units.quantity.Quantity
#       unit: !astropy.units.Unit {unit: nm}
#       value: !astropy.table.SerializedColumn {name: wavelength}
# schema: astropy-2.0
wavelength efficiency
[from data line 580]
875.0 0.0023937061996548437
876.0 0.0026625308237271383
877.0 0.0027198011594009586
878.0 0.0027770713131758384
879.0 0.002738743569352664
880.0 0.0027004161893273704
881.0 0.002773016967694275
882.0 0.0028456181098590605
883.0 0.0026582165446598083
884.0 0.0024708147975616157
885.0 0.002550419230828993
886.0 0.0026300238459953107
887.0 0.0024167266019503586
888.0 0.0022034293579054065
889.0 0.0021831559934071265
890.0 0.002162882447009906
891.0 0.0023872409656178206
892.0 0.0026115996661246754
893.0 0.0026484169211471453
894.0 0.002685233994270675
895.0 0.002666746877366677
896.0 0.0026482595785637386
897.0 0.0031719613616587594
898.0 0.0036956633266527206
899.0 0.0038548754673684016
900.0 0.004014087244286202
901.0 0.0041613144276198
902.0 0.004308541247155517
903.0 0.0044418669858714566
904.0 0.004575192360789515
905.0 0.004971629095962271
906.0 0.005368065467337146
907.0 0.005367916310206056
908.0 0.005367767516872846
909.0 0.0055073382100090384
910.0 0.00564690817554947
911.0 0.005548038461711258
912.0 0.0054491687478730455
913.0 0.005220113598625176
914.0 0.004991058449377306
915.0 0.004553882172331214
916.0 0.004116705895285122
917.0 0.004009782787761651
918.0 0.0039028600440360606
919.0 0.004216915476717986
920.0 0.004530970545602031
921.0 0.004693205846706405
922.0 0.0048554411478107795
923.0 0.005244408384896815
924.0 0.005633375258184969
925.0 0.0061831786297261715
926.0 0.006732982728863135
927.0 0.007200824620667845
928.0 0.007668665057281032
929.0 0.007637107046321034
930.0 0.007605548307765275
931.0 0.007638990064151585
932.0 0.007672429637750611
933.0 0.007471224671462551
934.0 0.007270019705174491
935.0 0.007344427285715938
936.0 0.007418835593853146
937.0 0.007242172432597727
938.0 0.007065509271342307
939.0 0.006807416502851993
940.0 0.0065493222791701555
941.0 0.0055671600421192124
942.0 0.004584996713674627
943.0 0.0037122892535990104
944.0 0.0028395817935233936
945.0 0.002713498361117672
946.0 0.002587415110610891
947.0 0.0020394587409100495
948.0 0.001491502462158678
949.0 0.0013198486158216838
950.0 0.0011481946785352193
951.0 0.0012585467629833147
952.0 0.0013688984836335294
953.0 0.0015712117601651698
954.0 0.0017735252185957506
955.0 0.0021482197553268634
956.0 0.0025229141101590358
957.0 0.0027440963094704784
958.0 0.0029652781449840404
959.0 0.0032689196814317256
960.0 0.0035725610359804705
961.0 0.003936575012630783
962.0 0.004300589353078976
963.0 0.00443504068243783
964.0 0.004569491647998802
965.0 0.004749588333652355
966.0 0.004929685019305907
967.0 0.004931539297103882
968.0 0.004933393938699737
969.0 0.004822508344659582
970.0 0.004711622750619426
971.0 0.00459703296655789
972.0 0.004482443182496354
973.0 0.00437975068052765
974.0 0.004277057814761065
975.0 0.004030018317280337
976.0 0.0037829784560017288
977.0 0.0032904892577789724
978.0 0.002798000059556216
979.0 0.002709298314584885
980.0 0.0026205965696135536
981.0 0.0026861160222324543
982.0 0.0027516351110534742
983.0 0.0028062306228093803
984.0 0.0028608261345652863
985.0 0.0032092004403239116
986.0 0.0035575751098804176
987.0 0.0038179088733159006
988.0 0.004078243000549264
989.0 0.004754799738293514
990.0 0.005431356476037763
991.0 0.005857132418896072
992.0 0.0062829079979564995
993.0 0.0065031803387682885
994.0 0.006723450496792793
995.0 0.006696172204101458
996.0 0.006668893183814362
997.0 0.006407428008969873
998.0 0.006145963561721146
999.0 0.006351429328788072
1000.0 0.006556892913067713
1001.0 0.006304732960416004
1002.0 0.006052571552572772
1003.0 0.0059212037740508094
1004.0 0.005789837086922489
1005.0 0.005433311889646575
1006.0 0.005076786692370661
1007.0 0.005053006680100225
1008.0 0.005029227395425551
1009.0 0.004726576662505977
1010.0 0.0044239266571821645
1011.0 0.003835947791230865
1012.0 0.003247968925279565
1013.0 0.002844747723429464
1014.0 0.0024415261577814817
1015.0 0.0019718783732969314
1016.0 0.0015022304069134407
1017.0 0.0014309141079138499
1018.0 0.001359597808914259
1019.0 0.001077568140317453
1020.0 0.0007955385626701172
1021.0 0.0011294760952296201
1022.0 0.0014634138096880633
1023.0 0.0013762645721726585
1024.0 0.0012891154256067239
1025.0 0.0014524443031405099
1026.0 0.0016157735444721766
1027.0 0.0016321604562108405
1028.0 0.0016485470041516237
1029.0 0.0015606256056344137
1030.0 0.0014727041161677334
1031.0 0.001452956803404959
1032.0 0.0014332096725411247
1033.0 0.0014733814168721437
1034.0 0.0015135529793042224
1035.0 0.0016373836842831224
1036.0 0.0017612142983125523
1037.0 0.001883744880615268
1038.0 0.0020062754629179835
1039.0 0.001786418943083845
1040.0 0.0015665624232497066
1041.0 0.0016227510059252381
1042.0 0.0016789395886007696
1043.0 0.0018098191503668204
1044.0 0.0019406987121328712
1045.0 0.001779682315827813
1046.0 0.0016186657376238145
1047.0 0.0014112008102529217
1048.0 0.0012037357009830885
1049.0 0.0013729695638176054
1050.0 0.001542203244753182
1051.0 0.0018355149222770706
1052.0 0.0021288267816998996
1053.0 0.002012257755268365
1054.0 0.0018956885469378904
1055.0 0.0017751277482602745
1056.0 0.0016545669495826587
1057.0 0.0011151229045935906
1058.0 0.0005756789050792577
1059.0 0.0005361657713365275
1060.0 0.0004966526830685325
1061.0 0.00035691430184670025
1062.0 0.0002171760115743382
1063.0 0.0004182762950222241
1064.0 0.00061937657847011
1065.0 0.0011500553227961063
1066.0 0.0016807343854452483
1067.0 0.0009061399396159686
1068.0 0.00013154555063010775
1069.0 0.0011856744094984606
1070.0 0.0022398033252102323
1071.0 0.0026239838916808367
1072.0 0.003008164458151441
1073.0 0.0031553805456496775
1074.0 0.0033025968150468543
1075.0 0.003312282933620736
1076.0 0.0033219694159924984
1077.0 0.002785457036225125
1078.0 0.0022489448383566923
1079.0 0.002936257624241989
1080.0 0.003623569864430465
1081.0 0.003652023951872252
1082.0 0.0036804787669098005
1083.0 0.003856935290968977
1084.0 0.004033391451230273
1085.0 0.004294362588552758
1086.0 0.004555334089673124
1087.0 0.004413773785927333
1088.0 0.004272213118383661
1089.0 0.005004153354093432
1090.0 0.005736092498409562
1091.0 0.005061462434241548
1092.0 0.0043868323700735345
1093.0 0.004390554022393189
1094.0 0.004394274583319202
1095.0 0.0038851834688102826
1096.0 0.0033760923543013632
1097.0 0.0034126671380363405
1098.0 0.003449242649367079
1099.0 0.0021337069483706728
1100.0 0.0008181717021216173
