lsstCam/transmission_filter_detector/r24_s01/g_6/19700101T000000.ecsv
# %ECSV 1.0
# ---
# datatype:
# - {name: wavelength, unit: nm, datatype: float32}
# - {name: efficiency, unit: '%', datatype: float64}
# meta: !!omap
# - {MODE: DETECTOR}
# - {TYPE: transmission_filter_detector}
# - {CALIBDATE: '1970-01-01T00:00:00'}
# - {INSTRUME: LSSTCam}
# - {OBSTYPE: transmission_filter_detector}
# - {CALIBCLS: lsst.ip.isr.IntermediateFilterDetectorTransmissionCurve}
# - {SOURCE: Materion (DM-46256)}
# - {DETECTOR: 109}
# - {FILTER: g_6}
# - {CALIB_ID: 'calibDate=1970-01-01T00:00:00 filter=g_6 detector=109'}
# - {DATE: '2025-04-02T15:59:42.532659'}
# - {CALIB_CREATION_DATE: '2025-04-02'}
# - {CALIB_CREATION_TIME: '15:59:42'}
# - __serialized_columns__:
#     efficiency:
#       __class__: astropy.units.quantity.Quantity
#       unit: !astropy.units.Unit {unit: '%'}
#       value: !astropy.table.SerializedColumn {name: efficiency}
#     wavelength:
#       __class__: astropy.units.quantity.Quantity
#       unit: !astropy.units.Unit {unit: nm}
#       value: !astropy.table.SerializedColumn {name: wavelength}
# schema: astropy-2.0
wavelength efficiency
300.0 0.49517699517309666
301.0 0.3688391065225005
302.0 0.24250119458884
303.0 0.22089562844485044
304.0 0.19929006230086088
305.0 0.20655302796512842
306.0 0.2138159703463316
307.0 0.21983056794852018
308.0 0.22584516555070877
309.0 0.2221489092335105
310.0 0.21845269948244095
311.0 0.2108215820044279
312.0 0.20319053437560797
313.0 0.19721384160220623
314.0 0.1912371371872723
315.0 0.18529117805883288
316.0 0.17934525385499
317.0 0.17896509962156415
318.0 0.17858499195426702
319.0 0.16419156454503536
320.0 0.14979811385273933
321.0 0.14229202643036842
322.0 0.13478592736646533
323.0 0.11640938464552164
324.0 0.0980328768491745
325.0 0.0886237365193665
326.0 0.07921459036879241
327.0 0.07224009605124593
328.0 0.06526559009216726
329.0 0.06241148803383112
330.0 0.0595573743339628
331.0 0.055032718228176236
332.0 0.05050805630162358
333.0 0.04758825234603137
334.0 0.0446684513008222
335.0 0.042645272333174944
336.0 0.04062209336552769
337.0 0.0417831091908738
338.0 0.042944125016219914
339.0 0.04138103104196489
340.0 0.03981793997809291
341.0 0.037823812454007566
342.0 0.03582968784030527
343.0 0.03241733065806329
344.0 0.029004979296587408
345.0 0.025587918935343623
346.0 0.02217086002929136
347.0 0.021007611940149218
348.0 0.01984436239581555
349.0 0.018235751485917717
350.0 0.6388398353010416
351.0 0.8818008936941624
352.0 0.6749669089913368
353.0 0.902092270553112
354.0 0.5681940354406834
355.0 0.8415907621383667
356.0 0.4931724164634943
357.0 0.9284724481403828
358.0 0.6088673137128353
359.0 0.6642174441367388
360.0 0.6726580671966076
361.0 0.6282891146838665
362.0 0.5586944054812193
363.0 0.7311268243938684
364.0 0.6530149839818478
365.0 0.72800163179636
366.0 0.4956458695232868
367.0 0.6939643993973732
368.0 0.4602133762091398
369.0 0.6131940986961126
370.0 0.4904464818537235
371.0 0.5676135886460543
372.0 0.41239820420742035
373.0 0.6928020156919956
374.0 0.3508014138787985
375.0 0.610013585537672
376.0 0.4045435693114996
377.0 0.6087018176913261
378.0 0.31008783262223005
379.0 0.519865145906806
380.0 0.34806483890861273
381.0 0.5598221439868212
382.0 0.5175193771719933
383.0 0.4605929832905531
384.0 0.6129029206931591
385.0 0.6464887876063585
386.0 0.6502529140561819
387.0 0.7776753976941109
388.0 0.9303093887865543
389.0 1.2430756352841854
390.0 1.7949875444173813
391.0 2.8452688828110695
392.0 4.414259269833565
393.0 7.020942121744156
394.0 10.640137642621994
395.0 15.423570573329926
396.0 21.31963223218918
397.0 28.761574625968933
398.0 37.3674601316452
399.0 46.736329793930054
400.0 56.15229606628418
401.0 65.10124206542969
402.0 73.23467135429382
403.0 80.11346459388733
404.0 85.0451409816742
405.0 88.69378566741943
406.0 90.75067639350891
407.0 92.38448143005371
408.0 93.3401882648468
409.0 93.78321766853333
410.0 93.91459822654724
411.0 93.8018798828125
412.0 93.46861839294434
413.0 93.24280023574829
414.0 93.04392337799072
415.0 93.24032664299011
416.0 93.63847374916077
417.0 93.97980570793152
418.0 94.5047914981842
419.0 95.09720206260681
420.0 95.56731581687927
421.0 96.10214829444885
422.0 96.22628092765808
423.0 96.45060896873474
424.0 96.27317786216736
425.0 96.16246819496155
426.0 96.12107872962952
427.0 96.16689085960388
428.0 95.9878921508789
429.0 95.8344578742981
430.0 95.71409225463867
431.0 95.77237963676453
432.0 95.83644270896912
433.0 95.94725370407104
434.0 95.99083065986633
435.0 96.10338807106018
436.0 96.17025256156921
437.0 96.16336822509766
438.0 96.21936678886414
439.0 96.30014300346375
440.0 96.25480771064758
441.0 96.40980362892151
442.0 96.3778555393219
443.0 96.33498787879944
444.0 96.29339575767517
445.0 96.00817561149597
446.0 95.89540958404541
447.0 95.67906260490417
448.0 95.68002820014954
449.0 95.85920572280884
450.0 96.08973264694214
451.0 96.32003903388977
452.0 96.5017020702362
453.0 96.62648439407349
454.0 96.65824770927429
455.0 96.9400942325592
456.0 97.04084396362305
457.0 97.20718264579773
458.0 97.20698595046997
459.0 97.26867079734802
460.0 97.26790189743042
461.0 97.40480184555054
462.0 97.2747802734375
463.0 97.18822240829468
464.0 97.28805422782898
465.0 97.20274806022644
466.0 97.03665971755981
467.0 97.22604155540466
468.0 97.2522497177124
469.0 97.29806184768677
470.0 97.1293032169342
471.0 97.01715111732483
472.0 97.0907211303711
473.0 96.95823192596436
474.0 96.80960178375244
475.0 96.94691896438599
476.0 96.95794582366943
477.0 97.00321555137634
478.0 97.11585640907288
479.0 97.07417488098145
480.0 97.2673773765564
481.0 97.32422232627869
482.0 97.54948019981384
483.0 97.43093848228455
484.0 97.65745401382446
485.0 97.67221808433533
486.0 97.65578508377075
487.0 97.6734459400177
488.0 97.75564074516296
489.0 97.85793423652649
490.0 97.81298637390137
491.0 97.83740043640137
492.0 97.7115273475647
493.0 97.74762988090515
494.0 97.73355722427368
495.0 97.80081510543823
496.0 97.61146306991577
497.0 97.53953814506531
498.0 97.34508395195007
499.0 97.3648726940155
500.0 97.32204079627991
501.0 97.33186364173889
502.0 97.25790619850159
503.0 97.40545153617859
504.0 97.20263481140137
505.0 97.19411730766296
506.0 97.24708199501038
507.0 97.19693064689636
508.0 97.19949960708618
509.0 97.21313118934631
510.0 97.17036485671997
511.0 97.14901447296143
512.0 97.06748127937317
513.0 97.12851643562317
514.0 97.15115427970886
515.0 97.11797833442688
516.0 97.22671508789062
517.0 97.23972082138062
518.0 97.33598828315735
519.0 97.29644656181335
520.0 97.34209179878235
521.0 97.48709797859192
522.0 97.40908145904541
523.0 97.40397930145264
524.0 97.40259051322937
525.0 97.41186499595642
526.0 97.50889539718628
527.0 97.441965341568
528.0 97.50526547431946
529.0 97.6380467414856
530.0 97.64938354492188
531.0 97.75804281234741
532.0 97.63811826705933
533.0 97.67661690711975
534.0 97.63330221176147
535.0 97.44912385940552
536.0 97.0896303653717
537.0 96.45171165466309
538.0 95.64067125320435
539.0 94.19438242912292
540.0 92.40773320198059
541.0 89.69782590866089
542.0 86.83769106864929
543.0 83.05160999298096
544.0 78.382807970047
545.0 74.23234581947327
546.0 69.25286650657654
547.0 64.7365152835846
548.0 60.29845476150513
549.0 56.337517499923706
550.0 53.30565571784973
551.0 50.35316348075867
552.0 48.06298315525055
553.0 45.57865858078003
554.0 42.630332708358765
555.0 39.27388787269592
556.0 34.842121601104736
557.0 29.73286509513855
558.0 24.274548888206482
559.0 18.880917131900787
560.0 13.858036696910858
561.0 9.224103391170502
562.0 5.84147684276104
563.0 3.3614862710237503
564.0 1.8322037532925606
565.0 0.875143613666296
566.0 0.4682030528783798
567.0 0.23868000134825706
568.0 0.14798573683947325
569.0 0.09334755595773458
570.0 0.07514069438911974
571.0 0.04570742603391409
572.0 0.05684219649992883
573.0 0.03498817095533013
574.0 0.039320593350566924
575.0 0.03383134608156979
576.0 0.03947771620005369
577.0 0.030344250262714922
578.0 0.03687184362206608
579.0 0.02891038020607084
580.0 0.030220040935091674
581.0 0.01942709641298279
582.0 0.026354327565059066
583.0 0.014567379548680037
584.0 0.02295854064868763
585.0 0.009945428610080853
586.0 0.01777684228727594
587.0 0.020270972163416445
588.0 0.023938687809277326
589.0 0.015999298193491995
590.0 0.018409479525871575
591.0 0.01763714535627514
592.0 0.005711352787329815
593.0 0.013349599612411112
594.0 0.015728255675639957
595.0 0.019850708486046642
596.0 0.003296366412541829
597.0 0.004134627306484617
598.0 0.010820131137734279
599.0 0.00864493558765389
600.0 0.012787565356120467
601.0 0.0023247603166964836
602.0 0.0023204192984849215
603.0 0.002316078098374419
604.0 0.002134108763129916
605.0 0.0019521396097843535
606.0 0.0020121737179579213
607.0 0.0020722074623336084
608.0 0.0018686179828364402
609.0 0.0016650283214403316
610.0 0.0017987438695854507
611.0 0.0019324592358316295
612.0 0.0018306753190699965
613.0 0.0017288915842073038
614.0 0.0018060598449665122
615.0 0.0018832284695236012
616.0 0.0019351851733517833
617.0 0.0019871415133820847
618.0 0.001837809213611763
619.0 0.0016884770957403816
620.0 0.0016563941244385205
621.0 0.0016243113350355998
622.0 0.0015597222954966128
623.0 0.0014951330740586855
624.0 0.0014676633327326272
625.0 0.0014401935914065689
626.0 0.001345645432593301
627.0 0.0012510975466284435
628.0 0.0013766791198577266
629.0 0.00150226087498595
630.0 0.0013398690498434007
631.0 0.0011774768609029707
632.0 0.0013486956049746368
633.0 0.0015199139852484223
634.0 0.0014327435565064661
635.0 0.0013455728549160995
636.0 0.0013542162378143985
637.0 0.0013628602573589887
638.0 0.0012640633030969184
639.0 0.001165266348834848
640.0 0.0011540452760527842
641.0 0.0011428241123212501
642.0 0.0013322311133379117
643.0 0.0015216381143545732
644.0 0.0013756689440924674
645.0 0.0012296995919314213
646.0 0.0012383040484564845
647.0 0.0012469085049815476
648.0 0.0011347897270752583
649.0 0.001022670949168969
650.0 0.0012002093171759043
651.0 0.0013777472304354887
652.0 0.0011613683454925194
653.0 0.0009449892786506098
654.0 0.0010861638656933792
655.0 0.001227338634635089
656.0 0.0012108863302273676
657.0 0.0011944340258196462
658.0 0.0011044167877116706
659.0 0.0010143999134015758
660.0 0.0009529682756692637
661.0 0.0008915366379369516
662.0 0.0010561139788478613
663.0 0.0012206915016577113
664.0 0.0011873313269461505
665.0 0.001153970788436709
666.0 0.001109914228436537
667.0 0.0010658572136890143
668.0 0.001139410596806556
669.0 0.0012129640708735678
670.0 0.0011900933714059647
671.0 0.0011672226719383616
672.0 0.001178633283416275
673.0 0.001190043712995248
674.0 0.0011333597285556607
675.0 0.001076675471267663
676.0 0.0010242020834994037
677.0 0.0009717283319332637
678.0 0.0010537964044488035
679.0 0.0011358644769643433
680.0 0.0010516660950088408
681.0 0.0009674674402049277
682.0 0.0010322830348741263
683.0 0.0010970984476443846
684.0 0.0009358502211398445
685.0 0.0007746018127363641
686.0 0.0009945460988092236
687.0 0.0012144901120336726
688.0 0.001153513767349068
689.0 0.0010925373317149933
690.0 0.00101262712632888
691.0 0.0009327169209427666
692.0 0.0008992757102532778
693.0 0.0008658344086143188
694.0 0.0010136960554518737
695.0 0.001161557429441018
696.0 0.0011454214472905733
697.0 0.0011292851013422478
698.0 0.0012157821402070113
699.0 0.0013022791790717747
700.0 0.0011318807082716376
701.0 0.0009614822374715004
702.0 0.0011287401321169455
703.0 0.0012959980267623905
704.0 0.0012743375009449665
705.0 0.0012526767022791319
706.0 0.0011782713954744395
707.0 0.0011038661796192173
708.0 0.0010888157703448087
709.0 0.0010737655429693405
710.0 0.0011340348464727867
711.0 0.0011943044228246436
712.0 0.0011714107131410856
713.0 0.001148517185356468
714.0 0.0011686337529681623
715.0 0.001188750502478797
716.0 0.0014171204384183511
717.0 0.001645490738155786
718.0 0.0018807528249453753
719.0 0.002116014547937084
720.0 0.0017645887055550702
721.0 0.0014131628631730564
722.0 0.0015255261132551823
723.0 0.0016378897271351889
724.0 0.001611688276170753
725.0 0.0015854870071052574
726.0 0.0017304046195931733
727.0 0.0018753224139800295
728.0 0.0019640245227492414
729.0 0.0020527266315184534
730.0 0.0020431127268238924
731.0 0.002033499004028272
732.0 0.0018835773516912013
733.0 0.0017336560631520115
734.0 0.001553943002363667
735.0 0.001374230305373203
736.0 0.00121851571748266
737.0 0.001062801129592117
738.0 0.0010275945896864869
739.0 0.0009923880497808568
740.0 0.0009029725333675742
741.0 0.0008135569260048214
742.0 0.0007939930583233945
743.0 0.0007744291906419676
744.0 0.0009347649211122189
745.0 0.0010951009244308807
746.0 0.001027602866088273
747.0 0.0009601048986951355
748.0 0.0011468682714621536
749.0 0.0013336315532797016
750.0 0.0011152609658893198
751.0 0.0008968907422968186
752.0 0.0007566361546196276
753.0 0.0006163816578919068
754.0 0.000771852683101315
755.0 0.0009273237083107233
756.0 0.0009073062756215222
757.0 0.000887288751982851
758.0 0.0008640245141577907
759.0 0.0008407604582316708
760.0 0.0007059706149448175
761.0 0.000571180680708494
762.0 0.0006095740445744013
763.0 0.0006479673629655736
764.0 0.0008053689271037001
765.0 0.0009627708095649723
766.0 0.0008365313988178968
767.0 0.0007102920335455565
768.0 0.0006748572559445165
769.0 0.0006394224328687415
770.0 0.0005050535037298687
771.0 0.0003706845745909959
772.0 0.0005507094556378433
773.0 0.0007307343821594259
774.0 0.0008006925781955943
775.0 0.0008706507287570275
776.0 0.0008341023203684017
777.0 0.0007975537300808355
778.0 0.0007382870990113588
779.0 0.0006790205134166172
780.0 0.0006482125627371715
781.0 0.0006174045665829908
782.0 0.0006116400982136838
783.0 0.0006058754479454365
784.0 0.0007531835308327572
785.0 0.0009004915227706078
786.0 0.0007749395081191324
787.0 0.0006493877208413323
788.0 0.0004452948815014679
789.0 0.00024120215584844118
790.0 0.00024049088551691966
791.0 0.0002397796379227657
792.0 0.00028132924398960313
793.0 0.0003228788727938081
794.0 0.0002665355623321375
795.0 0.00021019225187046686
796.0 0.0004055180397699587
797.0 0.0006008438504068181
798.0 0.0005431808403955074
799.0 0.0004855178758589318
800.0 0.0005180997504794504
801.0 0.0005506817615241744
802.0 0.00043913214540225454
803.0 0.0003275826202298049
804.0 0.0002888959897973109
805.0 0.000250209404839552
806.0 0.0002827364596669213
807.0 0.0003152635144942906
808.0 0.00042104920794372447
809.0 0.0005268349013931584
810.0 0.0003965842552133836
811.0 0.0002663335408215062
812.0 0.00031172719445748953
813.0 0.0003571208026187378
814.0 0.00034196693832200253
815.0 0.0003268130512878997
816.0 0.00043707223085220903
817.0 0.0005473312739923131
818.0 0.00042528408812358975
819.0 0.00030323690225486644
820.0 0.00042570586629153695
821.0 0.0005481746939040022
822.0 0.00045351034714258276
823.0 0.0003588460003811633
824.0 0.00046778372961853165
825.0 0.0005767214133811649
826.0 0.0006543605650222162
827.0 0.0007319996711885324
828.0 0.0006190691237861756
829.0 0.0005061385309090838
830.0 0.00042915085032291245
831.0 0.00035216319247410866
832.0 0.0005111071459396044
833.0 0.0006700510311929975
834.0 0.0005135881565365708
835.0 0.0003571253046175116
836.0 0.0004548640390567016
837.0 0.0005526027962332591
838.0 0.00048216475079243537
839.0 0.0004117267963010818
840.0 0.0005827650511491811
841.0 0.0007538031695730751
842.0 0.0004311517386668129
843.0 0.00010850017133634537
844.0 0.00015724422155471984
845.0 0.0002059883172478294
846.0 0.00045635260903509334
847.0 0.0007067169917718275
848.0 0.0006322626177279744
849.0 0.0005578082891588565
850.0 0.0005133173090143828
851.0 0.00046882637434464414
852.0 0.0005315148428053362
853.0 0.0005942030384176178
854.0 0.0005808628884551581
855.0 0.0005675226020684931
856.0 0.0005489060185936978
857.0 0.0005302894805936376
858.0 0.0005230764145380817
859.0 0.0005158633484825259
860.0 0.0005070433871878777
861.0 0.0004982233804184943
862.0 0.0004978614015271887
863.0 0.000497499377161148
864.0 0.0004951479695591843
865.0 0.0004927965619572205
866.0 0.0005041590611654101
867.0 0.0005155215603735996
868.0 0.0006717706583003746
869.0 0.0008280198017018847
870.0 0.0006716696589137428
871.0 0.0005153194251761306
872.0 0.0003967332759202691
873.0 0.00027814696750283474
874.0 0.0003663056759251049
875.0 0.00045446436161000747
876.0 0.0005558059456234332
877.0 0.0006571474841621239
878.0 0.0006589015811186982
879.0 0.0006606555871258024
880.0 0.000632543515166617
881.0 0.000604431670581107
882.0 0.0005019488071411615
883.0 0.00039946617107489146
884.0 0.0004771835392602952
885.0 0.0005549010438699042
886.0 0.0006814382686570752
887.0 0.0008079757208179217
888.0 0.000681862411511247
889.0 0.0005557492386287777
890.0 0.0005896802122151712
891.0 0.00062361132222577
892.0 0.0005782079824712127
893.0 0.0005328047791408608
894.0 0.0005077178684587125
895.0 0.00048263100325129926
896.0 0.0002954701130875037
897.0 0.00010830921155502438
898.0 0.00025256974822696066
899.0 0.00039683031900494825
900.0 0.00035850355288857827
901.0 0.0003201767867722083
902.0 0.0005134832917974563
903.0 0.0007067897968227044
904.0 0.00039243286664714105
905.0 7.807593078723585e-05
906.0 0.0003093424993494409
