lsstCam/transmission_filter_detector/r24_s01/g_6/19700101T000000.ecsv
# %ECSV 1.0
# ---
# datatype:
# - {name: wavelength, unit: nm, datatype: float32}
# - {name: efficiency, unit: '%', datatype: float64}
# meta: !!omap
# - {MODE: DETECTOR}
# - {TYPE: transmission_filter_detector}
# - {CALIBDATE: '1970-01-01T00:00:00'}
# - {INSTRUME: LSSTCam}
# - {OBSTYPE: transmission_filter_detector}
# - {CALIBCLS: lsst.ip.isr.IntermediateFilterDetectorTransmissionCurve}
# - {SOURCE: Materion (DM-46256)}
# - {DETECTOR: 109}
# - {FILTER: g_6}
# - {CALIB_ID: 'calibDate=1970-01-01T00:00:00 filter=g_6 detector=109'}
# - {DATE: '2025-04-02T15:59:42.532659'}
# - {CALIB_CREATION_DATE: '2025-04-02'}
# - {CALIB_CREATION_TIME: '15:59:42'}
# - __serialized_columns__:
#     efficiency:
#       __class__: astropy.units.quantity.Quantity
#       unit: !astropy.units.Unit {unit: '%'}
#       value: !astropy.table.SerializedColumn {name: efficiency}
#     wavelength:
#       __class__: astropy.units.quantity.Quantity
#       unit: !astropy.units.Unit {unit: nm}
#       value: !astropy.table.SerializedColumn {name: wavelength}
# schema: astropy-2.0
wavelength efficiency
[from data line 608]
908.0 0.0005000336841476383
909.0 0.00045945835154270753
910.0 0.00039767469388607424
911.0 0.00033589099075470585
912.0 0.0004514205102168489
913.0 0.0005669500751537271
914.0 0.0004041422471345868
915.0 0.00024133444185281405
916.0 0.00023190095816971734
917.0 0.00022246742901188554
918.0 0.00025613799152779393
919.0 0.00028980853130633477
920.0 0.0003497390935081057
921.0 0.0004096696557098767
922.0 0.0005345168574422132
923.0 0.0006593640591745498
924.0 0.000556679469809751
925.0 0.0004539948349702172
926.0 0.0005269638222671347
927.0 0.0005999329914629925
928.0 0.0005845385658176383
929.0 0.0005691442311217543
930.0 0.0005622099251922918
931.0 0.0005552755283133592
932.0 0.0005211286861594999
933.0 0.0004869818894803757
934.0 0.0005140215307619656
935.0 0.0005410612175182905
936.0 0.0005514584699994884
937.0 0.0005618557679554215
938.0 0.0006691801445413148
939.0 0.0007765045666019432
940.0 0.0007036128408799414
941.0 0.0006307209787337342
942.0 0.000743916780265863
943.0 0.0008571125363232568
944.0 0.0007192194971139543
945.0 0.0005813263669551816
946.0 0.000582696247874992
947.0 0.0005840660378453322
948.0 0.0008391226401727181
949.0 0.001094179242500104
950.0 0.0009621413482818753
951.0 0.0008301034540636465
952.0 0.0008276401786133647
953.0 0.0008251769941125531
954.0 0.0007795514648023527
955.0 0.0007339260719163576
956.0 0.0006648646831308724
957.0 0.0005958031124464469
958.0 0.0006839091383881168
959.0 0.0007720152098045219
960.0 0.0006208500508364523
961.0 0.0004696847554441774
962.0 0.0005253838480712147
963.0 0.0005810829406982521
964.0 0.0006884429694764549
965.0 0.0007958029527799226
966.0 0.000784466556069674
967.0 0.0007731302503088955
968.0 0.0007538604677392868
969.0 0.0007345907306444133
970.0 0.0007310078217415139
971.0 0.0007274249128386145
972.0 0.0008032552614167798
973.0 0.0008790856554696802
974.0 0.0008602155503467657
975.0 0.0008413456271227915
976.0 0.0008421329766861163
977.0 0.0008429205990978517
978.0 0.000927615928958403
979.0 0.0010123112588189542
980.0 0.0010118586033058818
981.0 0.0010114061296917498
982.0 0.0009678366950538475
983.0 0.0009242672604159452
984.0 0.0009107458026846871
985.0 0.0008972246178018395
986.0 0.0011382998309272807
987.0 0.0013793749531032518
988.0 0.0014019016816746444
989.0 0.001424427955498686
990.0 0.0014928369637345895
991.0 0.0015612458810210228
992.0 0.001538206561235711
993.0 0.0015151673323998693
994.0 0.0014644205293734558
995.0 0.0014136739082459826
996.0 0.001346085628028959
997.0 0.0012784975297108758
998.0 0.0014170089343679138
999.0 0.0015555204299744219
1000.0 0.0014188616660248954
1001.0 0.0012822027201764286
1002.0 0.001221956335939467
1003.0 0.0011617096788540948
1004.0 0.0011535121302586049
1005.0 0.0011453143997641746
1006.0 0.0013717763977183495
1007.0 0.0015982384866219945
1008.0 0.0015884255844866857
1009.0 0.0015786134099471383
1010.0 0.0016772302842582576
1011.0 0.0017758473404683173
1012.0 0.0019158112991135567
1013.0 0.0020557754396577366
1014.0 0.0021070678485557437
1015.0 0.002158360803150572
1016.0 0.0024691853468539193
1017.0 0.0027800102543551475
1018.0 0.0030104096367722377
1019.0 0.0032408086553914472
1020.0 0.0032870942959561944
1021.0 0.003333379572723061
1022.0 0.00362877945008222
1023.0 0.003924179327441379
1024.0 0.003997398380306549
1025.0 0.004070617433171719
1026.0 0.004222442657919601
1027.0 0.004374267518869601
1028.0 0.00450280167569872
1029.0 0.004631335468729958
1030.0 0.0046954533900134265
1031.0 0.0047595709474990144
1032.0 0.0051668805099325255
1033.0 0.005574189708568156
1034.0 0.005420388333732262
1035.0 0.005266586595098488
1036.0 0.005376085755415261
1037.0 0.0054855849157320336
1038.0 0.005735284503316507
1039.0 0.00598498409090098
1040.0 0.006379262777045369
1041.0 0.006773540371796116
1042.0 0.0069583256845362484
1043.0 0.007143110269680619
1044.0 0.007413176354020834
1045.0 0.007683240983169526
1046.0 0.008684531348990276
1047.0 0.009685821714811027
1048.0 0.01114796832553111
1049.0 0.012610112025868148
1050.0 0.015022448496893048
1051.0 0.01743478060234338
1052.0 0.021079664293210953
1053.0 0.024724553804844618
1054.0 0.029734158306382596
1055.0 0.03474376571830362
1056.0 0.041494282777421176
1057.0 0.04824479401577264
1058.0 0.05582688609138131
1059.0 0.06340897525660694
1060.0 0.0709701853338629
1061.0 0.07853137794882059
1062.0 0.08552053477615118
1063.0 0.09250965667888522
1064.0 0.09750816388987005
1065.0 0.10250664781779051
1066.0 0.10752594098448753
1067.0 0.11254523415118456
1068.0 0.11868181172758341
1069.0 0.1248184242285788
1070.0 0.13447399251163006
1071.0 0.1441295724362135
1072.0 0.15705324476584792
1073.0 0.16997689381241798
1074.0 0.18467208137735724
1075.0 0.1993673387914896
1076.0 0.21376360673457384
1077.0 0.22815987467765808
1078.0 0.24261705111712217
1079.0 0.25707422755658627
1080.0 0.274660624563694
1081.0 0.2922470448538661
1082.0 0.3199322847649455
1083.0 0.34761750139296055
1084.0 0.38665866013616323
1085.0 0.42569986544549465
1086.0 0.4609443247318268
1087.0 0.49618883058428764
1088.0 0.5602261982858181
1089.0 0.6242635194212198
1090.0 0.699481787160039
1091.0 0.7747000548988581
1092.0 0.8038952946662903
1093.0 0.8330902084708214
1094.0 0.8689295500516891
1095.0 0.9047685191035271
1096.0 0.9475392289459705
1097.0 0.9903101250529289
1098.0 1.015627197921276
1099.0 1.0409444570541382
1100.0 1.1857873760163784
1101.0 1.3306299224495888
