comCamSim/transmission_sensor/r22_s00/19700101T000000.ecsv
# %ECSV 1.0
# ---
# datatype:
# - {name: amp_name, datatype: string}
# - {name: wavelength, unit: nm, datatype: float32}
# - {name: efficiency, unit: '%', datatype: float64}
# meta: !!omap
# - {MODE: AMP}
# - {TYPE: transmission_sensor}
# - {CALIBDATE: '1970-01-01T00:00:00'}
# - {INSTRUME: comCamSim}
# - {OBSTYPE: transmission_sensor}
# - {DETECTOR: 0}
# - {PARQUETFILE: qe_raft_allvalues_nircorrected_20230725.parquet}
# - {CALIBCLS: lsst.ip.isr.IntermediateSensorTransmissionCurve}
# - {CALIB_ID: 'raftName=R22 detectorName=S00 detector=0 calibDate=1970-01-01T00:00:00 ccd=0 ccdnum=0 filter=None'}
# - {DATE: '2024-02-21T16:42:25.584250'}
# - {CALIB_CREATION_DATE: '2024-02-21'}
# - {CALIB_CREATION_TIME: '16:42:25'}
# - __serialized_columns__:
#     efficiency:
#       __class__: astropy.units.quantity.Quantity
#       unit: !astropy.units.Unit {unit: '%'}
#       value: !astropy.table.SerializedColumn {name: efficiency}
#     wavelength:
#       __class__: astropy.units.quantity.Quantity
#       unit: !astropy.units.Unit {unit: nm}
#       value: !astropy.table.SerializedColumn {name: wavelength}
# schema: astropy-2.0
amp_name wavelength efficiency
C00 319.994 52.08593760790715
C00 324.969 54.825052618037276
C00 349.982 66.94378262476994
C00 374.975 77.65179350141781
C00 400.019 84.00751137091102
C00 424.965 84.13660002652486
C00 450.035 83.20936106834128
C00 475.003 84.1010796463871
C00 500.018 84.6494201411178
C00 525.002 85.46671294616603
C00 550.029 86.89500209267844
C00 575.023 88.6057975826748
C00 599.982 90.23443128013461
C00 619.997 91.27665102684243
C00 624.979 91.63530264761029
C00 650.012 92.85738150598799
C00 675.004 94.10759309908349
C00 700.03 95.02314280512196
C00 725.012 95.72228192393592
C00 750.022 97.07558094516432
C00 774.987 98.57325701109414
C00 799.976 98.70259301591422
C00 824.988 98.08155732299788
C00 850.022 96.60291917435904
C00 869.967 94.26134594369084
C00 875.002 93.10740409391158
C00 899.999 86.36180462373885
C00 919.999 78.32393452952144
C00 925.012 75.31026777769105
C00 949.965 62.79297870441531
C00 975.002 47.484469676421845
C00 999.976 30.59394879279376
C00 1025.028 15.341493558479696
C00 1050.014 6.2174748857856965
C00 1075.002 0.8295360135818353
C00 1099.99 0.08988808751522405
C01 319.994 52.18535811096647
C01 324.969 54.93467890098706
C01 349.982 67.17335582729055
C01 374.975 77.90271160348287
C01 400.019 84.28585978913473
C01 424.965 84.44247743712344
C01 450.035 83.52304222537684
C01 475.003 84.42145253498124
C01 500.018 84.97925816188463
C01 525.002 85.81544348596941
C01 550.029 87.25579512818508
C01 575.023 88.98709540131027
C01 599.982 90.62459698007154
C01 619.997 91.6700712723622
C01 624.979 92.02917670646416
C01 650.012 93.2361212276717
C01 675.004 94.47085673199692
C01 700.03 95.38673371015709
C01 725.012 96.1220060943057
C01 750.022 97.529269714288
C01 774.987 99.0882946598816
C01 799.976 99.22007131882289
C01 824.988 98.54806844824054
C01 850.022 97.04800829016428
C01 869.967 94.70787335439371
C01 875.002 93.55313143554683
C01 899.999 86.76932657928863
C01 919.999 78.55270858482089
C01 925.012 75.48706405651797
C01 949.965 62.78377286858103
C01 975.002 47.43956158849657
C01 999.976 30.657853754683895
C01 1025.028 15.41055357059121
C01 1050.014 6.225773101442195
C01 1075.002 0.8334125156562427
C01 1099.99 0.09030814324759993
C02 319.994 51.93395166392481
C02 324.969 54.662431746351515
C02 349.982 67.05863932233987
C02 374.975 78.25463200255136
C02 400.019 84.711996433971
C02 424.965 84.73109338506809
C02 450.035 83.67850427018358
C02 475.003 84.4901011663153
C02 500.018 84.99719196521461
C02 525.002 85.81146443416979
C02 550.029 87.24041011538708
C02 575.023 88.97696030819863
C02 599.982 90.62468102963189
C02 619.997 91.67126737961522
C02 624.979 92.03195213201002
C02 650.012 93.24365407090525
C02 675.004 94.48042455983024
C02 700.03 95.40609379473766
C02 725.012 96.17476041098092
C02 750.022 97.6200974872393
C02 774.987 99.2284721218837
C02 799.976 99.37441530125487
C02 824.988 98.69561441578008
C02 850.022 97.18904394848346
C02 869.967 94.82739361980379
C02 875.002 93.662362662458
C02 899.999 86.81842117603604
C02 919.999 78.5421471185949
C02 925.012 75.4688653871202
C02 949.965 62.77182867500233
C02 975.002 47.42206501769108
C02 999.976 30.654410821407637
C02 1025.028 15.418841048201793
C02 1050.014 6.224987924827358
C02 1075.002 0.8341883487805489
C02 1099.99 0.09039221211818907
C03 319.994 51.7581805881044
C03 324.969 54.47344185995154
C03 349.982 66.98166578588611
C03 374.975 78.56944179869558
C03 400.019 85.143594683078
C03 424.965 85.10113407447488
C03 450.035 83.96612276225106
C03 475.003 84.71073154273088
C03 500.018 85.17044230694859
C03 525.002 85.94674452859073
C03 550.029 87.36287268256956
C03 575.023 89.09373750295171
C03 599.982 90.73680314311669
C03 619.997 91.78698504245797
C03 624.979 92.14457036089036
C03 650.012 93.36328388920883
C03 675.004 94.60173696249454
C03 700.03 95.5378123277716
C03 725.012 96.32479855255664
C03 750.022 97.78693802095717
C03 774.987 99.42125430682667
C03 799.976 99.57528505303058
C03 824.988 98.89434451164674
C03 850.022 97.38257314094263
C03 869.967 94.99263095086283
C03 875.002 93.81934315405972
C03 899.999 86.91839897328043
C03 919.999 78.63004391128437
C03 925.012 75.5548258212111
C03 949.965 62.87587250869884
C03 975.002 47.500495385333096
C03 999.976 30.688281418851584
C03 1025.028 15.426088793949535
C03 1050.014 6.224588155026511
C03 1075.002 0.8356139091994582
C03 1099.99 0.09054668509777661
C04 319.994 51.546780493165706
C04 324.969 54.245153124322336
C04 349.982 66.82511736104337
C04 374.975 78.7237462674151
C04 400.019 85.40392599599494
C04 424.965 85.33099819682343
C04 450.035 84.14400692443536
C04 475.003 84.83893516920067
C04 500.018 85.254291643611
C04 525.002 86.00192224689889
C04 550.029 87.39923864443598
C04 575.023 89.11826791529971
C04 599.982 90.75973339134947
C04 619.997 91.80730362872445
C04 624.979 92.16744474725738
C04 650.012 93.38632642796188
C04 675.004 94.63370881598237
C04 700.03 95.57455542623714
C04 725.012 96.36494200304105
C04 750.022 97.82921649548229
C04 774.987 99.46658293383682
C04 799.976 99.63459735020783
C04 824.988 98.96413481380058
C04 850.022 97.45901827031355
C04 869.967 95.06641910716696
C04 875.002 93.88648328783096
C04 899.999 86.97696654544222
C04 919.999 78.7155095467893
C04 925.012 75.63933293905977
C04 949.965 63.00121773831681
C04 975.002 47.647350916868405
C04 999.976 30.741969952261947
C04 1025.028 15.4412028775759
C04 1050.014 6.2332855420260715
C04 1075.002 0.8359751755531634
C04 1099.99 0.09058583173045617
C05 319.994 51.27853123708631
C05 324.969 53.95487513246842
C05 349.982 66.56389956896375
C05 374.975 78.73227146324611
C05 400.019 85.54128611700271
C05 424.965 85.46802447029786
C05 450.035 84.23810517857936
C05 475.003 84.87884276566167
C05 500.018 85.2493908604636
C05 525.002 85.97054217172378
C05 550.029 87.35589682195996
C05 575.023 89.07941798845067
C05 599.982 90.72703811237977
C05 619.997 91.78322149479557
C05 624.979 92.14595044886784
C05 650.012 93.3755630361058
C05 675.004 94.63334906565584
C05 700.03 95.5789277941216
C05 725.012 96.36827905563766
C05 750.022 97.83433537971295
C05 774.987 99.46827025513869
C05 799.976 99.6390411675041
C05 824.988 98.98051525933668
C05 850.022 97.49043106772747
C05 869.967 95.1030875334649
C05 875.002 93.92466468948828
C05 899.999 87.0171696470066
C05 919.999 78.76851887317491
C05 925.012 75.68762169794569
C05 949.965 63.10958927809685
C05 975.002 47.78288081181812
C05 999.976 30.763192530090844
C05 1025.028 15.434441168502422
C05 1050.014 6.225386497712634
C05 1075.002 0.836018918219427
C05 1099.99 0.09059057166283871
C06 319.994 51.0088590669486
C06 324.969 53.67128277433515
C06 349.982 66.31658421162761
C06 374.975 78.72599969256082
C06 400.019 85.65956156699639
C06 424.965 85.60387800674475
C06 450.035 84.32954537600976
C06 475.003 84.90828738469982
C06 500.018 85.23710827270045
C06 525.002 85.93151066360834
C06 550.029 87.30287265743564
C06 575.023 89.0296673406633
C06 599.982 90.69224159440172
C06 619.997 91.75952790526097
C06 624.979 92.1239529139782
C06 650.012 93.36389631548799
C06 675.004 94.63623472253038
C06 700.03 95.58719347045273
C06 725.012 96.37502157420982
C06 750.022 97.83621204963954
C06 774.987 99.46559039189454
C06 799.976 99.6387571929964
C06 824.988 98.9876726527096
C06 850.022 97.50389153095499
C06 869.967 95.13018079941877
C06 875.002 93.96451952915064
C06 899.999 87.08700615884159
C06 919.999 78.80261278668857
C06 925.012 75.71913646690281
C06 949.965 63.08168279816873
C06 975.002 47.746540494426746
C06 999.976 30.742675394619546
C06 1025.028 15.413293050027965
C06 1050.014 6.202193266227878
C06 1075.002 0.8360349918623023
C06 1099.99 0.09059231339435345
C07 319.994 50.370798191621645
C07 324.969 52.98085149423196
C07 349.982 65.4324984006451
C07 374.975 77.92571860147413
C07 400.019 85.15427807613453
C07 424.965 85.25770596507523
C07 450.035 84.02206381256977
C07 475.003 84.62198158745429
C07 500.018 84.96839220675001
C07 525.002 85.66197782147387
C07 550.029 87.05314447150343
C07 575.023 88.78163424671195
C07 599.982 90.4438675027473
C07 619.997 91.50536654176786
C07 624.979 91.87430948596392
C07 650.012 93.12416970384297
C07 675.004 94.40052937029084
C07 700.03 95.3642863536442
C07 725.012 96.15838680894657
C07 750.022 97.61547447107867
C07 774.987 99.24669671893157
C07 799.976 99.42303634196628
C07 824.988 98.77892677953517
C07 850.022 97.28994818633029
C07 869.967 94.9785051447936
C07 875.002 93.8439494465193
C07 899.999 87.00744641427745
C07 919.999 78.62552787449648
C07 925.012 75.52632507263812
C07 949.965 62.7626641209431
C07 975.002 47.4562792710717
C07 999.976 30.648033747351977
C07 1025.028 15.290566028204598
C07 1050.014 6.157233526619473
C07 1075.002 0.834148723538172
C07 1099.99 0.09038791834770019
C10 319.994 52.427961213399925
C10 324.969 55.171475596006815
C10 349.982 67.26469131873985
C10 374.975 77.86723985521003
C10 400.019 84.20569179330215
C10 424.965 84.34109317134919
C10 450.035 83.43783970258374
C10 475.003 84.3351840378353
C10 500.018 84.8980047087956
C10 525.002 85.7252516451778
C10 550.029 87.19018391899799
C10 575.023 88.92977186046492
C10 599.982 90.58963236297284
C10 619.997 91.6545294965903
C10 624.979 92.01751076941697
C10 650.012 93.2602125464278
C10 675.004 94.48908153045383
C10 700.03 95.33743621277462
C10 725.012 95.8357265092473
C10 750.022 96.94183388356662
C10 774.987 98.20655093811153
C10 799.976 98.23784187159866
C10 824.988 97.64112990395556
C10 850.022 96.10285198196104
C10 869.967 93.8042505044857
C10 875.002 92.72184547839436
C10 899.999 86.18252469975434
C10 919.999 78.10634235444759
C10 925.012 75.03066548291132
C10 949.965 61.896022056903156
C10 975.002 47.043525337738544
C10 999.976 30.32134214297628
C10 1025.028 14.964145454712918
C10 1050.014 6.060842324908117
C10 1075.002 0.828394989879665
C10 1099.99 0.08976444678508293
C11 319.994 52.56208209692894
C11 324.969 55.33557168371107
C11 349.982 67.78989960136896
C11 374.975 78.6301897283232
C11 400.019 84.87911688306599
C11 424.965 84.83850229988586
C11 450.035 83.80753045581315
C11 475.003 84.62888881694602
C11 500.018 85.17075626336897
C11 525.002 86.01764678493558
C11 550.029 87.52436957360027
C11 575.023 89.31396541998944
C11 599.982 91.02173115264705
C11 619.997 92.10266593504814
C11 624.979 92.47075148568872
C11 650.012 93.72032840995365
C11 675.004 94.93539390896052
C11 700.03 95.77854349731258
C11 725.012 96.309177497691
C11 750.022 97.46651570284021
C11 774.987 98.78463790504786
C11 799.976 98.81631329377073
C11 824.988 98.17548763027636
C11 850.022 96.61456925451881
C11 869.967 94.31284721853432
C11 875.002 93.22329155181137
C11 899.999 86.55230932434101
C11 919.999 78.2788823733867
C11 925.012 75.16459967138243
C11 949.965 62.07359561224459
C11 975.002 47.21533537845668
C11 999.976 30.42413071304624
C11 1025.028 15.019081406764677
C11 1050.014 6.076983928303984
C11 1075.002 0.832878183063191
C11 1099.99 0.09025024324796148
C12 319.994 52.26075008899353
C12 324.969 55.01370671357881
C12 349.982 67.66569672918153
C12 374.975 79.08468824617538
C12 400.019 85.48645346676037
C12 424.965 85.33429412441721
C12 450.035 84.2134972094058
C12 475.003 85.00702369586807
C12 500.018 85.52120820324951
C12 525.002 86.3314858705191
C12 550.029 87.80092623328676
C12 575.023 89.53523944237452
C12 599.982 91.19710438071732
C12 619.997 92.25262883421179
C12 624.979 92.61095622452768
C12 650.012 93.8507292754418
C12 675.004 95.05491521425441
C12 700.03 95.89923605915965
C12 725.012 96.45246551920798
C12 750.022 97.64341854401002
C12 774.987 98.98891067170723
C12 799.976 99.03808203431633
C12 824.988 98.40321317277836
C12 850.022 96.84429853350827
C12 869.967 94.54007111392592
C12 875.002 93.45378324833352
C12 899.999 86.7540461620701
C12 919.999 78.41678020597527
C12 925.012 75.29331480792948
C12 949.965 62.26276934637271
C12 975.002 47.371290196528584
C12 999.976 30.508034653631736
C12 1025.028 15.061820876021654
C12 1050.014 6.108735704582017
C12 1075.002 0.8343896348545536
C12 1099.99 0.09041402337163618
C13 319.994 52.020255146072806
C13 324.969 54.75328769760818
C13 349.982 67.49443586779512
C13 374.975 79.28951356116887
C13 400.019 85.7719808775666
C13 424.965 85.51341629171732
C13 450.035 84.25757982332611
C13 475.003 84.94199133583417
C13 500.018 85.3911996153176
C13 525.002 86.17239279943216
C13 550.029 87.62778766012397
C13 575.023 89.37680754556574
C13 599.982 91.05953053218973
C13 619.997 92.12818035027367
C13 624.979 92.49428922926039
C13 650.012 93.73969639103179
C13 675.004 94.9586322492021
C13 700.03 95.811081518491
C13 725.012 96.3653980922342
C13 750.022 97.55099636449506
C13 774.987 98.89709290710826
C13 799.976 98.94792396561277
C13 824.988 98.31694333444533
C13 850.022 96.76617936791152
C13 869.967 94.47192425397532
C13 875.002 93.38324370910811
C13 899.999 86.7124960873116
C13 919.999 78.36592790035577
C13 925.012 75.24818325329392
C13 949.965 62.233067109230284
C13 975.002 47.344577338808556
C13 999.976 30.462346335984787
C13 1025.028 15.041017954048804
C13 1050.014 6.122481681461732
C13 1075.002 0.8335998806628692
C13 1099.99 0.09032844602148458
C14 319.994 51.797370636879165
C14 324.969 54.51525348122252
C14 349.982 67.3087818974978
C14 374.975 79.38682055609769
C14 400.019 85.96510196682307
C14 424.965 85.65369250309818
C14 450.035 84.31550108781539
C14 475.003 84.91780468448141
C14 500.018 85.30715118433983
C14 525.002 86.05844164933987
C14 550.029 87.5062018404498
C14 575.023 89.27124187116578
C14 599.982 90.96870352094577
C14 619.997 92.04978580483605
C14 624.979 92.41756853738538
C14 650.012 93.669604203383
C14 675.004 94.89686235271014
C14 700.03 95.74959461985847
C14 725.012 96.29253024214074
C14 750.022 97.45964220851558
C14 774.987 98.78753154655651
C14 799.976 98.83569263517505
C14 824.988 98.20947572085129
C14 850.022 96.65648075876072
C14 869.967 94.369282747255
C14 875.002 93.27512310472943
C14 899.999 86.61321017793743
C14 919.999 78.28787116226482
C14 925.012 75.18388653816355
C14 949.965 62.17122701021797
C14 975.002 47.23808693766611
C14 999.976 30.36680571792523
C14 1025.028 15.003851337113773
C14 1050.014 6.1162349790946084
C14 1075.002 0.8328193697759513
C14 1099.99 0.09024387027099134
C15 319.994 51.58134232674024
C15 324.969 54.282388180298085
C15 349.982 67.12771534124188
C15 374.975 79.4853803293418
C15 400.019 86.1829859388992
C15 424.965 85.85282784934564
C15 450.035 84.45885336134823
C15 475.003 85.0047918966347
C15 500.018 85.34371562110357
C15 525.002 86.06712042898762
C15 550.029 87.500598280288
C15 575.023 89.26045485733044
C15 599.982 90.96048958664045
C15 619.997 92.04137496147715
C15 624.979 92.41322240397564
C15 650.012 93.67107402645296
C15 675.004 94.9046543916976
C15 700.03 95.75516843839638
C15 725.012 96.27787457606728
C15 750.022 97.42411516848247
C15 774.987 98.72478762592833
C15 799.976 98.77294961894523
C15 824.988 98.16409220632268
C15 850.022 96.62598451511751
C15 869.967 94.34674012702631
C15 875.002 93.26367168591476
C15 899.999 86.61019236914186
C15 919.999 78.33701372232726
C15 925.012 75.22807307928198
C15 949.965 62.196291927964054
C15 975.002 47.2276070466697
C15 999.976 30.385231497734612
C15 1025.028 15.027616045070411
C15 1050.014 6.125183718364162
C15 1075.002 0.8325159568362239
C15 1099.99 0.09021099260391852
C16 319.994 51.34525467288964
C16 324.969 54.03081291457643
C16 349.982 66.9281667246799
C16 374.975 79.58137151308414
C16 400.019 86.42964776917248
C16 424.965 86.11554393836148
C16 450.035 84.68586968358781
C16 475.003 85.19326166782645
C16 500.018 85.50010420582105
C16 525.002 86.19188171980723
C16 550.029 87.60058561569222
C16 575.023 89.34321088687405
C16 599.982 91.03141977469275
C16 619.997 92.10617045311436
C16 624.979 92.47921500864452
C16 650.012 93.7375988310257
C16 675.004 94.97596149897382
C16 700.03 95.82714141583354
C16 725.012 96.33424720034155
C16 750.022 97.4581012031287
C16 774.987 98.73696535206632
C16 799.976 98.78100835497476
C16 824.988 98.18333865815082
C16 850.022 96.65630653779606
C16 869.967 94.39433010306466
C16 875.002 93.31879008119247
C16 899.999 86.68350304134638
C16 919.999 78.39074446034031
C16 925.012 75.258964998421
C16 949.965 62.182999196400665
C16 975.002 47.22194757124485
C16 999.976 30.42708982523653
C16 1025.028 15.04890224214551
C16 1050.014 6.133587262590944
C16 1075.002 0.8328065548525888
C16 1099.99 0.09024248165261452
C17 319.994 50.77085796814062
C17 324.969 53.404517688433295
C17 349.982 66.20950820442673
C17 374.975 79.12689663255867
C17 400.019 86.25058296172898
C17 424.965 86.04294155192362
C17 450.035 84.6473773665952
C17 475.003 85.21445997783285
C17 500.018 85.5612108456901
C17 525.002 86.24824012015227
C17 550.029 87.65141409950007
C17 575.023 89.35102635508504
C17 599.982 90.99229088392298
C17 619.997 92.04727931256696
C17 624.979 92.4108053438162
C17 650.012 93.6666415912576
C17 675.004 94.909201023484
C17 700.03 95.76459754479069
C17 725.012 96.27171737195965
C17 750.022 97.38401088472597
C17 774.987 98.6585774434402
C17 799.976 98.69828734837844
C17 824.988 98.11922701208091
C17 850.022 96.59630635252583
C17 869.967 94.34183596006297
C17 875.002 93.26448964440152
C17 899.999 86.63005102311855
C17 919.999 78.34303029530025
C17 925.012 75.22891786409274
C17 949.965 62.21834327613211
C17 975.002 47.22852633535359
C17 999.976 30.44519097670436
C17 1025.028 15.078543575345508
C17 1050.014 6.131074936806581
C17 1075.002 0.8321734998816425
C17 1099.99 0.09017388414786642
