lsstCam/transmission_filter_detector/r20_s22/u_24/19700101T000000.ecsv
# %ECSV 1.0
# ---
# datatype:
# - {name: wavelength, unit: nm, datatype: float32}
# - {name: efficiency, unit: '%', datatype: float64}
# meta: !!omap
# - {MODE: DETECTOR}
# - {TYPE: transmission_filter_detector}
# - {CALIBDATE: '1970-01-01T00:00:00'}
# - {INSTRUME: LSSTCam}
# - {OBSTYPE: transmission_filter_detector}
# - {CALIBCLS: lsst.ip.isr.IntermediateFilterDetectorTransmissionCurve}
# - {SOURCE: Materion (DM-46256)}
# - {DETECTOR: 80}
# - {FILTER: u_24}
# - {CALIB_ID: 'calibDate=1970-01-01T00:00:00 filter=u_24 detector=80'}
# - {DATE: '2025-04-02T15:59:40.119648'}
# - {CALIB_CREATION_DATE: '2025-04-02'}
# - {CALIB_CREATION_TIME: '15:59:40'}
# - __serialized_columns__:
#     efficiency:
#       __class__: astropy.units.quantity.Quantity
#       unit: !astropy.units.Unit {unit: '%'}
#       value: !astropy.table.SerializedColumn {name: efficiency}
#     wavelength:
#       __class__: astropy.units.quantity.Quantity
#       unit: !astropy.units.Unit {unit: nm}
#       value: !astropy.table.SerializedColumn {name: wavelength}
# schema: astropy-2.0
wavelength efficiency
[from data line 581]
876.0 0.002458539711369667
877.0 0.002197478352172766
878.0 0.001936417174874805
879.0 0.002172214590245858
880.0 0.0024080120056169108
881.0 0.0025292749342042953
882.0 0.0026505376808927394
883.0 0.0027520944058778696
884.0 0.0028536509489640594
885.0 0.0029335611543501727
886.0 0.0030134711778373457
887.0 0.0027562860850594006
888.0 0.002499100810382515
889.0 0.0026771342163556255
890.0 0.002855167622328736
891.0 0.002651488102856092
892.0 0.002447808401484508
893.0 0.002621324165374972
894.0 0.0027948397473664954
895.0 0.002987994594150223
896.0 0.003181149804731831
897.0 0.003556464798748493
898.0 0.003931779428967275
899.0 0.004085162436240353
900.0 0.004238545443513431
901.0 0.0041557246731827036
902.0 0.004072904266649857
903.0 0.004280201028450392
904.0 0.004487497790250927
905.0 0.004572875695885159
906.0 0.004658253601519391
907.0 0.004930772411171347
908.0 0.005203291220823303
909.0 0.005533591684070416
910.0 0.005863891419721767
911.0 0.005830904410686344
912.0 0.005797917765448801
913.0 0.005712713755201548
914.0 0.005627510108752176
915.0 0.005262012200546451
916.0 0.004896514656138606
917.0 0.0047716803237563
918.0 0.004646846355171874
919.0 0.004579471715260297
920.0 0.00451209707534872
921.0 0.004693013761425391
922.0 0.004873930083704181
923.0 0.005086003875476308
924.0 0.005298076575854793
925.0 0.005703707211068831
926.0 0.006109339301474392
927.0 0.0065826199715957046
928.0 0.007055900641717017
929.0 0.006949577800696716
930.0 0.006843254959676415
931.0 0.0068417066358961165
932.0 0.006840156129328534
933.0 0.0067891800426878035
934.0 0.006738203228451312
935.0 0.007103385723894462
936.0 0.007468568946933374
937.0 0.0072775656008161604
938.0 0.007086564437486231
939.0 0.00703635741956532
940.0 0.0069861518568359315
941.0 0.005818998761242256
942.0 0.004651844938052818
943.0 0.004269436249160208
944.0 0.0038870275602675974
945.0 0.003533658673404716
946.0 0.003180290150339715
947.0 0.0027169822715222836
948.0 0.0022536742108059116
949.0 0.0016586396668571979
950.0 0.001063604486262193
951.0 0.0012153281204518862
952.0 0.0013670512089447584
953.0 0.0017033280528266914
954.0 0.002039604623860214
955.0 0.001923745367093943
956.0 0.0018078855646308511
957.0 0.0023639522623852827
958.0 0.0029200191420386545
959.0 0.0031662224500905722
960.0 0.0034124255762435496
961.0 0.0041448656702414155
962.0 0.004877306491835043
963.0 0.004785661076311953
964.0 0.004694015660788864
965.0 0.004759473085869104
966.0 0.004824930874747224
967.0 0.00443395838374272
968.0 0.004042985892738216
969.0 0.00436679256381467
970.0 0.004690599598689005
971.0 0.004598178202286363
972.0 0.0045057568058837205
973.0 0.004455234375200234
974.0 0.004404711944516748
975.0 0.004630162220564671
976.0 0.0048556124966125935
977.0 0.004027883551316336
978.0 0.003200154606020078
979.0 0.0031547951948596165
980.0 0.003109435783699155
981.0 0.00296409816655796
982.0 0.0028187609132146463
983.0 0.0029644954338436946
984.0 0.0031102303182706237
985.0 0.003238847421016544
986.0 0.0033674656151561067
987.0 0.003853808084386401
988.0 0.004340150553616695
989.0 0.004993084439774975
990.0 0.005646018325933255
991.0 0.005859079828951508
992.0 0.00607214133196976
993.0 0.006349441537167877
994.0 0.00662673992337659
995.0 0.00657183991279453
996.0 0.006516939902212471
997.0 0.005916400550631806
998.0 0.005315861926646903
999.0 0.00585200177738443
1000.0 0.006388140900526196
1001.0 0.006336557999020442
1002.0 0.006284973642323166
1003.0 0.00619494603597559
1004.0 0.0061049184296280146
1005.0 0.005845913983648643
1006.0 0.005586909537669271
1007.0 0.005531010538106784
1008.0 0.005475111902342178
1009.0 0.005083135329186916
1010.0 0.004691158392233774
1011.0 0.004092678500455804
1012.0 0.003494198972475715
1013.0 0.002827966454788111
1014.0 0.002161733755201567
1015.0 0.0018707814888330176
1016.0 0.0015798288586665876
1017.0 0.0015186153177637607
1018.0 0.0014574016859114636
1019.0 0.001324313234363217
1020.0 0.001191225146612851
1021.0 0.0012250657164258882
1022.0 0.0012589062862389255
1023.0 0.0012823038559872657
1024.0 0.0013057016985840164
1025.0 0.0009022568519867491
1026.0 0.0004988122782378923
1027.0 0.001095668449124787
1028.0 0.0016925245290622115
1029.0 0.001636036904528737
1030.0 0.001579549461894203
1031.0 0.0017578919141669758
1032.0 0.0019362343664397486
1033.0 0.0016401847460656427
1034.0 0.0013441350347420666
1035.0 0.0015371584595413879
1036.0 0.0017301814295933582
1037.0 0.0017598989870748483
1038.0 0.0017896167264552787
1039.0 0.0018199558326159604
1040.0 0.001850294938776642
1041.0 0.002027169284701813
1042.0 0.002204043630626984
1043.0 0.0024589180611656047
1044.0 0.002713792673603166
1045.0 0.0021610594558296725
1046.0 0.0016083262380561791
1047.0 0.001900019560707733
1048.0 0.0021917132471571676
1049.0 0.0020613086235243827
1050.0 0.0019309043636894785
1051.0 0.0019797364075202495
1052.0 0.0020285684513510205
1053.0 0.0017591120922588743
1054.0 0.0014896559150656685
1055.0 0.0015902640370768495
1056.0 0.0016908721590880305
1057.0 0.0009363124263472855
1058.0 0.0001817527163439081
1059.0 0.0006240182756300783
1060.0 0.0010662840395525564
1061.0 0.00035459102036838885
1062.0 1.6099688856380245e-10
1063.0 1.6099688856380245e-10
1064.0 0.0001775137207005173
1065.0 0.00032685293263057247
1066.0 0.00047619214456062764
1067.0 0.0006558539553225273
1068.0 0.000835515766084427
1069.0 0.0013684515579370782
1070.0 0.0019013872588402592
1071.0 0.0033566215279279277
1072.0 0.0048118559789145365
1073.0 0.0036121131415711716
1074.0 0.002412369940429926
1075.0 0.002708770625758916
1076.0 0.003005171129188966
1077.0 0.002729758489294909
1078.0 0.0024543456675019115
1079.0 0.0035565983125707135
1080.0 0.004658850593841635
1081.0 0.005231145769357681
1082.0 0.005803442763863131
1083.0 0.00410814282076899
1084.0 0.002412842513876967
1085.0 0.0023836028049117886
1086.0 0.0023543632778455503
1087.0 0.004495313623920083
1088.0 0.006636263424297795
1089.0 0.0062484607042279094
1090.0 0.005860659439349547
1091.0 0.002552418845880311
1092.0 1.6099688856380245e-10
1093.0 0.0013343311366043054
1094.0 0.0034244832932017744
1095.0 0.003321211988804862
1096.0 0.0032179406844079494
1097.0 0.0018096036001225002
1098.0 0.0004012664248875808
1099.0 0.001272147346753627
1100.0 0.0021430274500744417
