lsstCam/transmission_filter_detector/r20_s22/u_24/19700101T000000.ecsv
# %ECSV 1.0
# ---
# datatype:
# - {name: wavelength, unit: nm, datatype: float32}
# - {name: efficiency, unit: '%', datatype: float64}
# meta: !!omap
# - {MODE: DETECTOR}
# - {TYPE: transmission_filter_detector}
# - {CALIBDATE: '1970-01-01T00:00:00'}
# - {INSTRUME: LSSTCam}
# - {OBSTYPE: transmission_filter_detector}
# - {CALIBCLS: lsst.ip.isr.IntermediateFilterDetectorTransmissionCurve}
# - {SOURCE: Materion (DM-46256)}
# - {DETECTOR: 80}
# - {FILTER: u_24}
# - {CALIB_ID: 'calibDate=1970-01-01T00:00:00 filter=u_24 detector=80'}
# - {DATE: '2025-04-02T15:59:40.119648'}
# - {CALIB_CREATION_DATE: '2025-04-02'}
# - {CALIB_CREATION_TIME: '15:59:40'}
# - __serialized_columns__:
#     efficiency:
#       __class__: astropy.units.quantity.Quantity
#       unit: !astropy.units.Unit {unit: '%'}
#       value: !astropy.table.SerializedColumn {name: efficiency}
#     wavelength:
#       __class__: astropy.units.quantity.Quantity
#       unit: !astropy.units.Unit {unit: nm}
#       value: !astropy.table.SerializedColumn {name: wavelength}
# schema: astropy-2.0
wavelength efficiency
295.0 1.6099688856380245e-10
296.0 1.6099688856380245e-10
297.0 1.6099688856380245e-10
298.0 1.6099688856380245e-10
299.0 1.6099688856380245e-10
300.0 1.6099688856380245e-10
301.0 1.6099688856380245e-10
302.0 1.6099688856380245e-10
303.0 1.6099688856380245e-10
304.0 0.2635892014950514
305.0 0.7135746069252491
306.0 1.5987573191523552
307.0 3.4206967800855637
308.0 5.492554605007172
309.0 8.615659922361374
310.0 12.056832760572433
311.0 15.954536199569702
312.0 19.57124024629593
313.0 22.87197858095169
314.0 25.89080035686493
315.0 28.36357057094574
316.0 30.412673950195312
317.0 32.9802006483078
318.0 35.89109778404236
319.0 39.57459330558777
320.0 44.98739838600159
321.0 50.35191774368286
322.0 56.4281702041626
323.0 61.9953453540802
324.0 66.52238965034485
325.0 69.61317658424377
326.0 72.08030223846436
327.0 73.90105128288269
328.0 75.7051944732666
329.0 77.05883979797363
330.0 78.36225032806396
331.0 79.09703850746155
332.0 79.4990062713623
333.0 79.61875200271606
334.0 79.55049872398376
335.0 79.61745262145996
336.0 79.74475026130676
337.0 80.29832243919373
338.0 81.23594522476196
339.0 81.8289577960968
340.0 82.2310745716095
341.0 82.72947669029236
342.0 83.01284313201904
343.0 82.96070694923401
344.0 83.16256403923035
345.0 83.5468053817749
346.0 83.87991786003113
347.0 84.23289656639099
348.0 84.54698920249939
349.0 84.70120429992676
350.0 84.7514808177948
351.0 84.99969244003296
352.0 84.89733338356018
353.0 84.84615683555603
354.0 84.81104969978333
355.0 84.99980568885803
356.0 85.16358137130737
357.0 85.09280681610107
358.0 84.7528874874115
359.0 84.47975516319275
360.0 84.3722403049469
361.0 84.14234519004822
362.0 83.95726084709167
363.0 84.10974144935608
364.0 84.21169519424438
365.0 84.50636863708496
366.0 84.73133444786072
367.0 84.88638997077942
368.0 84.8215401172638
369.0 84.87963676452637
370.0 84.6486508846283
371.0 84.5015823841095
372.0 84.5329225063324
373.0 84.70550179481506
374.0 84.6467137336731
375.0 85.02010107040405
376.0 85.14859080314636
377.0 85.19713282585144
378.0 85.26729941368103
379.0 84.99656915664673
380.0 84.3338131904602
381.0 83.06389451026917
382.0 81.28949403762817
383.0 79.30600047111511
384.0 77.2306501865387
385.0 74.94579553604126
386.0 72.41964936256409
387.0 69.10570859909058
388.0 65.75296521186829
389.0 61.71829104423523
390.0 57.60418772697449
391.0 53.37989926338196
392.0 48.84629845619202
393.0 45.04641890525818
394.0 41.723960638046265
395.0 38.237324357032776
396.0 34.57811176776886
397.0 29.73761558532715
398.0 24.04855638742447
399.0 17.219607532024384
400.0 10.982678830623627
401.0 6.1026230454444885
402.0 2.6853103190660477
403.0 0.893883965909481
404.0 0.2891385927796364
405.0 0.13502062065526843
406.0 0.06580673507414758
407.0 0.05087314057163894
408.0 1.6099688856380245e-10
409.0 0.006568564276676625
410.0 0.006020319779054262
411.0 1.6099688856380245e-10
412.0 1.6099688856380245e-10
413.0 1.6099688856380245e-10
414.0 1.6099688856380245e-10
415.0 1.6099688856380245e-10
416.0 1.6099688856380245e-10
417.0 1.6099688856380245e-10
418.0 1.6099688856380245e-10
419.0 1.6099688856380245e-10
420.0 1.6099688856380245e-10
421.0 1.6099688856380245e-10
422.0 1.6099688856380245e-10
423.0 1.6099688856380245e-10
424.0 1.6099688856380245e-10
425.0 1.6099688856380245e-10
426.0 1.6099688856380245e-10
427.0 1.6099688856380245e-10
428.0 1.6099688856380245e-10
429.0 1.6099688856380245e-10
430.0 1.6099688856380245e-10
431.0 1.6099688856380245e-10
432.0 1.6099688856380245e-10
433.0 1.6099688856380245e-10
434.0 0.0007685439413762651
435.0 0.00046726190703338943
436.0 0.0001659801341702405
437.0 1.6099688856380245e-10
438.0 1.6099688856380245e-10
439.0 0.00013764579307462554
440.0 0.0007173504400270758
441.0 1.6099688856380245e-10
442.0 1.6099688856380245e-10
443.0 1.6099688856380245e-10
444.0 1.6099688856380245e-10
445.0 1.6099688856380245e-10
446.0 1.6099688856380245e-10
447.0 1.6099688856380245e-10
448.0 1.6099688856380245e-10
449.0 1.6099688856380245e-10
450.0 1.6099688856380245e-10
451.0 1.6099688856380245e-10
452.0 1.6099688856380245e-10
453.0 9.581850690665306e-05
454.0 0.0005576092007686384
455.0 0.000684449423715705
456.0 0.0008112893738143612
457.0 0.0003297685680081486
458.0 1.6099688856380245e-10
459.0 1.6099688856380245e-10
460.0 1.6099688856380245e-10
461.0 1.6099688856380245e-10
462.0 1.6099688856380245e-10
463.0 0.00018416309330859804
464.0 0.0008684952263138257
465.0 0.0007750345503154676
466.0 0.0006815740107413149
467.0 0.0009887144187814556
468.0 0.0012958552360942122
469.0 0.0005208242782828165
470.0 1.6099688856380245e-10
471.0 1.6099688856380245e-10
472.0 3.9480005398218054e-05
473.0 1.6099688856380245e-10
474.0 1.6099688856380245e-10
475.0 1.6099688856380245e-10
476.0 0.0006151514753582887
477.0 0.0002452913122397149
478.0 1.6099688856380245e-10
479.0 1.6099688856380245e-10
480.0 1.6099688856380245e-10
481.0 1.6099688856380245e-10
482.0 1.6099688856380245e-10
483.0 1.6099688856380245e-10
484.0 1.6099688856380245e-10
485.0 1.6099688856380245e-10
486.0 1.6099688856380245e-10
487.0 1.6099688856380245e-10
488.0 0.0005003601927455748
489.0 1.6099688856380245e-10
490.0 1.6099688856380245e-10
491.0 1.6099688856380245e-10
492.0 1.6099688856380245e-10
493.0 1.6099688856380245e-10
494.0 0.00039321794247371145
495.0 6.395467835318414e-05
496.0 1.6099688856380245e-10
497.0 1.6099688856380245e-10
498.0 1.6099688856380245e-10
499.0 1.6099688856380245e-10
500.0 1.6099688856380245e-10
501.0 1.6099688856380245e-10
502.0 1.6099688856380245e-10
503.0 1.6099688856380245e-10
504.0 1.6099688856380245e-10
505.0 1.6099688856380245e-10
506.0 1.6099688856380245e-10
507.0 5.189954777051753e-06
508.0 0.00014736066304976703
509.0 8.850136055116309e-05
510.0 2.964209500078141e-05
511.0 0.0006656817276962101
512.0 0.0013017213859711774
513.0 0.0002434794851069455
514.0 1.6099688856380245e-10
515.0 1.6099688856380245e-10
516.0 0.0001331261728410027
517.0 0.00011210951242901501
518.0 9.109309644372843e-05
519.0 1.6099688856380245e-10
520.0 1.6099688856380245e-10
521.0 1.6099688856380245e-10
522.0 1.6099688856380245e-10
523.0 1.6099688856380245e-10
524.0 1.6099688856380245e-10
525.0 1.6099688856380245e-10
526.0 1.6099688856380245e-10
527.0 1.6099688856380245e-10
528.0 1.6099688856380245e-10
529.0 2.2471958516234736e-05
530.0 8.235351174334937e-05
531.0 1.6099688856380245e-10
532.0 1.6099688856380245e-10
533.0 1.6099688856380245e-10
534.0 0.0005762396995123709
535.0 0.00030269472972577205
536.0 2.9149830993446812e-05
537.0 1.6099688856380245e-10
538.0 1.6099688856380245e-10
539.0 1.6099688856380245e-10
540.0 1.6099688856380245e-10
541.0 1.6099688856380245e-10
542.0 1.6099688856380245e-10
543.0 1.6099688856380245e-10
544.0 1.6099688856380245e-10
545.0 1.6099688856380245e-10
546.0 5.3268047395249596e-05
547.0 0.00015055395579111064
548.0 0.00024783983008092036
549.0 5.721128673030762e-05
550.0 1.6099688856380245e-10
551.0 0.00011408615137042943
552.0 0.00036158965031063417
553.0 1.6099688856380245e-10
554.0 1.6099688856380245e-10
555.0 1.6099688856380245e-10
556.0 1.6099688856380245e-10
557.0 1.6099688856380245e-10
558.0 1.6099688856380245e-10
559.0 1.6099688856380245e-10
560.0 1.6099688856380245e-10
561.0 5.912339702263125e-05
562.0 0.0002760904635579209
563.0 0.00010823665661519044
564.0 1.6099688856380245e-10
565.0 1.6099688856380245e-10
566.0 1.6099688856380245e-10
567.0 1.6099688856380245e-10
568.0 5.0064051038134494e-05
569.0 6.0410491187212756e-05
570.0 7.075690291458159e-05
571.0 8.312163117807359e-05
572.0 9.548640491630067e-05
573.0 0.00020395573301357217
574.0 0.000312425095216895
575.0 0.0003212498540960951
576.0 0.00033007474939950043
577.0 0.00014207570302460226
578.0 1.6099688856380245e-10
579.0 0.0002626505875014118
580.0 0.0005712244274036493
581.0 0.000970261316979304
582.0 0.0013692981156054884
583.0 0.0016275749658234417
584.0 0.0018858514522435144
585.0 0.001323203650827054
586.0 0.0007605558039358584
587.0 0.0007395657121378463
588.0 0.000718575529390364
589.0 0.0007085544439178193
590.0 0.0006985332220210694
591.0 0.0005754910034738714
592.0 0.0004524487849266734
593.0 0.0005401087491918588
594.0 0.0006277688044065144
595.0 0.0008505080586473923
596.0 0.0010732474038377404
597.0 0.0010138534889847506
598.0 0.0009544595741317607
599.0 0.0010814650522661395
600.0 0.0012084704394510482
601.0 0.0016589130609645508
602.0 0.0021093557734275237
603.0 0.002443252924422268
604.0 0.002777150075417012
605.0 0.0023546994270873256
606.0 0.0019322489606565796
607.0 0.0012255717592779547
608.0 0.0005188946943235351
609.0 0.0005368322490539867
610.0 0.000554769576410763
611.0 0.00022785586679674452
612.0 1.6099688856380245e-10
613.0 0.00023461570890503936
614.0 0.0005682892606273526
615.0 0.0007359924438787857
616.0 0.0009036956726049539
617.0 0.0007239906153699849
618.0 0.0005442855581350159
619.0 0.0004765711764775915
620.0 0.00040885674934543204
621.0 0.000476084096590057
622.0 0.0005433113528852118
623.0 0.0006720546934957383
624.0 0.0008007979886315297
625.0 0.0006554218089149799
626.0 0.0005100458110973705
627.0 0.000789005480328342
628.0 0.0010679651495593134
629.0 0.000981171069724951
630.0 0.0008943767170421779
631.0 0.001364739455311792
632.0 0.001835102193581406
633.0 0.0020389643395901658
634.0 0.002242826303699985
635.0 0.0027772795874625444
636.0 0.0033117328712251037
637.0 0.002815345760609489
638.0 0.002318958649993874
639.0 0.0022414849809138104
640.0 0.0021640116756316274
641.0 0.0016633401173749007
642.0 0.0011626686500676442
643.0 0.001004882506094873
644.0 0.0008470963621221017
645.0 0.00046303784984047525
646.0 7.897937734924199e-05
647.0 0.00029028201424807776
648.0 0.0005015845999878366
649.0 0.00018548261095929774
650.0 1.6099688856380245e-10
651.0 0.00012582306680997135
652.0 0.0003822656253760215
653.0 0.0006695282081636833
654.0 0.0009567909728502855
655.0 0.0013446773664327338
656.0 0.0017325637600151822
657.0 0.0021275904146023095
658.0 0.002522617614886258
659.0 0.0030651179258711636
660.0 0.0036076187825528905
661.0 0.003627133264672011
662.0 0.003646647382993251
663.0 0.0032417163311038166
664.0 0.0028367849154165015
665.0 0.0022323523808154278
666.0 0.0016279200281132944
667.0 0.0011760900633817073
668.0 0.0007242599167511798
669.0 0.0009103028787649237
670.0 0.0010963459317281377
671.0 0.0007548711892013671
672.0 0.00041339626477565616
673.0 0.00029717361940129194
674.0 0.00018095096265824395
675.0 0.0006316424332908355
676.0 0.001082333801605273
677.0 0.0012020434951409698
678.0 0.0013217530977271963
679.0 0.0016322363080689684
680.0 0.0019427196093602106
681.0 0.0030253877412178554
682.0 0.0041080566006712615
683.0 0.005406583659350872
684.0 0.0067051107180304825
685.0 0.007648291648365557
686.0 0.008591474761487916
687.0 0.008346018148586154
688.0 0.008100563718471676
689.0 0.006990107794990763
690.0 0.005879655145690776
691.0 0.004803128103958443
692.0 0.0037266017898218706
693.0 0.0031553820008412004
694.0 0.0025841618480626494
695.0 0.0018973641999764368
696.0 0.0012105667337891646
697.0 0.001024274115479784
698.0 0.0008379813152714632
699.0 0.0007992695827852003
700.0 0.0007605579412484076
701.0 0.0005968097411823692
702.0 0.0004330614956415957
703.0 0.00046996065066196024
704.0 0.0005068598511570599
705.0 0.00045765191316604614
706.0 0.0004084440206497675
707.0 0.000629171108812443
708.0 0.000849897969601443
709.0 0.000872742930368986
710.0 0.0008955879820859991
711.0 0.0007991779966687318
712.0 0.000702768284099875
713.0 0.0005431634235719685
714.0 0.00038355874494300224
715.0 0.0005388758836488705
716.0 0.0006941929768800037
717.0 0.0007093407475622371
718.0 0.0007244884727697354
719.0 0.000721972037354135
720.0 0.0007194556019385345
721.0 0.0004666192126023816
722.0 0.00021378280052886112
723.0 0.00016602863297521253
724.0 0.00011827447679024772
725.0 0.00023770887764840154
726.0 0.0003571433353499742
727.0 0.0001470792994950898
728.0 1.6099688856380245e-10
729.0 0.00018241734096591244
730.0 0.0004278193500795169
731.0 0.00028703354928438785
732.0 0.00014624777122662636
733.0 0.0001011552171803487
734.0 5.6062748399199336e-05
735.0 0.00021639557417074684
736.0 0.00037672843973268755
737.0 0.00012139809086875175
738.0 1.6099688856380245e-10
739.0 0.0005567206244450063
740.0 0.0012473736205720343
741.0 0.001148659248428885
742.0 0.0010499446943867952
743.0 0.0014620334695791826
744.0 0.00187412224477157
745.0 0.0025335375539725646
746.0 0.0031929528631735593
747.0 0.0037463283661054447
748.0 0.00429970386903733
749.0 0.00423115307057742
750.0 0.0041626022721175104
751.0 0.003927222132915631
752.0 0.0036918419937137514
753.0 0.0031382784072775394
754.0 0.0025847148208413273
755.0 0.002659793790371623
756.0 0.0027348723961040378
757.0 0.0022523008738062344
758.0 0.0017697289877105504
759.0 0.0015833447832847014
760.0 0.0013969605788588524
761.0 0.0012482936654123478
762.0 0.0010996269338647835
763.0 0.0007407124485325767
764.0 0.0003817980996245751
765.0 0.0004595578502630815
766.0 0.0005373175099521177
767.0 0.0005439293545350665
768.0 0.0005505411991180154
769.0 0.0006518541795230703
770.0 0.0007531674327765359
771.0 0.0005472981229104334
772.0 0.0003414289039938012
773.0 0.0004146686478634365
774.0 0.0004879083462583367
775.0 0.0005820237674925011
776.0 0.0006761392796761356
777.0 0.0005518484158528736
778.0 0.0004275576429790817
779.0 0.0006060305622668238
780.0 0.0007845033906050958
781.0 0.0007252066552609904
782.0 0.0006659099653916201
783.0 0.0006364844466588693
784.0 0.0006070589279261185
785.0 0.0010988273061229847
786.0 0.001590595638845116
787.0 0.0010878879947995301
788.0 0.0005851798960065935
789.0 0.0006345229394355556
790.0 0.0006838658464403125
791.0 0.0006493010914709885
792.0 0.0006147363819763996
793.0 0.0005353490450943355
794.0 0.00045596170821227133
795.0 0.00043117961467942223
796.0 0.0004063975666213082
797.0 0.0004857190106122289
798.0 0.0005650405455526197
799.0 0.00026466086637810804
800.0 1.6099688856380245e-10
801.0 1.6099688856380245e-10
802.0 1.6099688856380245e-10
803.0 1.6099688856380245e-10
804.0 1.6099688856380245e-10
805.0 1.6099688856380245e-10
806.0 0.00012462311360650347
807.0 2.8904102578053426e-05
808.0 1.6099688856380245e-10
809.0 0.00026194770725851413
810.0 0.0005907102604396641
811.0 0.0004057508249388775
812.0 0.00022079166228650138
813.0 0.0002752896307356423
814.0 0.00032978769013425335
815.0 0.00033368389722454594
816.0 0.00033758010431483854
817.0 0.0005432141733763274
818.0 0.0007488481969630811
819.0 0.0007057871243887348
820.0 0.0006627262791880639
821.0 0.00037890197290835204
822.0 9.507775757811032e-05
823.0 0.00023195591438707197
824.0 0.0003688340711960336
825.0 4.140800911045517e-05
826.0 1.6099688856380245e-10
827.0 1.6099688856380245e-10
828.0 1.6099688856380245e-10
829.0 1.6099688856380245e-10
830.0 1.6099688856380245e-10
831.0 1.6099688856380245e-10
832.0 0.00013387782473728294
833.0 6.780815056117717e-05
834.0 1.7385984207862748e-06
835.0 1.6099688856380245e-10
836.0 1.6099688856380245e-10
837.0 1.6099688856380245e-10
838.0 1.6099688856380245e-10
839.0 1.6099688856380245e-10
840.0 1.6099688856380245e-10
841.0 4.204363790449861e-05
842.0 0.00010117930742126191
843.0 1.6099688856380245e-10
844.0 1.6099688856380245e-10
845.0 1.6099688856380245e-10
846.0 1.6099688856380245e-10
847.0 1.6099688856380245e-10
848.0 1.6099688856380245e-10
849.0 1.6099688856380245e-10
850.0 0.00013719776461584843
851.0 0.0002768345211734413
852.0 0.0004164713573118206
853.0 0.0002966446572827408
854.0 0.00017681805957181496
855.0 8.878969310899265e-05
856.0 7.612277919122334e-07
857.0 0.00017248753465537447
858.0 0.0003442137085585273
859.0 0.0008766042810748331
860.0 0.0014089949218032416
861.0 0.0012136563782405574
862.0 0.0010183180165768135
863.0 0.0009832433534029406
864.0 0.0009481687811785378
865.0 0.0011959468793065753
866.0 0.0014437247955356725
867.0 0.0017326714441878721
868.0 0.002021617729042191
869.0 0.0016234374925261363
870.0 0.0012252575288584922
871.0 0.0014558411749021616
872.0 0.0016864247299963608
873.0 0.0021445996026159264
874.0 0.0026027742933365516
