lsstCam/transmission_filter_detector/r21_s01/r_57/19700101T000000.ecsv
# %ECSV 1.0
# ---
# datatype:
# - {name: wavelength, unit: nm, datatype: float32}
# - {name: efficiency, unit: '%', datatype: float64}
# meta: !!omap
# - {MODE: DETECTOR}
# - {TYPE: transmission_filter_detector}
# - {CALIBDATE: '1970-01-01T00:00:00'}
# - {INSTRUME: LSSTCam}
# - {OBSTYPE: transmission_filter_detector}
# - {CALIBCLS: lsst.ip.isr.IntermediateFilterDetectorTransmissionCurve}
# - {SOURCE: Materion (DM-46256)}
# - {DETECTOR: 82}
# - {FILTER: r_57}
# - {CALIB_ID: 'calibDate=1970-01-01T00:00:00 filter=r_57 detector=82'}
# - {DATE: '2025-04-02T15:59:44.562404'}
# - {CALIB_CREATION_DATE: '2025-04-02'}
# - {CALIB_CREATION_TIME: '15:59:44'}
# - __serialized_columns__:
#     efficiency:
#       __class__: astropy.units.quantity.Quantity
#       unit: !astropy.units.Unit {unit: '%'}
#       value: !astropy.table.SerializedColumn {name: efficiency}
#     wavelength:
#       __class__: astropy.units.quantity.Quantity
#       unit: !astropy.units.Unit {unit: nm}
#       value: !astropy.table.SerializedColumn {name: wavelength}
# schema: astropy-2.0
wavelength efficiency
300.0 0.0013915818271925673
301.0 0.004493998494581319
302.0 0.007596415525767952
303.0 0.009661675721872598
304.0 0.011726936645573005
305.0 0.010651485354173928
306.0 0.00957603333517909
307.0 0.00898667931323871
308.0 0.008397326018894091
309.0 0.007628054299857467
310.0 0.006858780398033559
311.0 0.005836973650730215
312.0 0.004815167994820513
313.0 0.004314501711633056
314.0 0.0038138357922434807
315.0 0.0038764337659813464
316.0 0.003939031739719212
317.0 0.0037519439501920715
318.0 0.0035648557968670502
319.0 0.003437256600591354
320.0 0.0033096577681135386
321.0 0.0030453671570285223
322.0 0.0027810761821456254
323.0 0.0025546243705321103
324.0 0.0023281725589185953
325.0 0.001988137410080526
326.0 0.001648102443141397
327.0 0.0019314364180900156
328.0 0.002214770393038634
329.0 0.0023125401639845222
330.0 0.00241030975303147
331.0 0.002111093454004731
332.0 0.0018118771549779922
333.0 0.001624795731913764
334.0 0.0014377142179000657
335.0 0.0013222912457422353
336.0 0.0012068685464328155
337.0 0.0011113306754850782
338.0 0.0010157928954868112
339.0 0.0009868793313216884
340.0 0.0009579655852576252
341.0 0.000980909499048721
342.0 0.0010038535947387572
343.0 0.0009377761671203189
344.0 0.0008716987395018805
345.0 0.0008840439477353357
346.0 0.000896389246918261
347.0 0.0008225839337683283
348.0 0.0007487785751436604
349.0 0.0006931841653567972
350.0 0.005463149136630818
351.0 0.005852079266333021
352.0 0.006241009396035224
353.0 0.005482005144585855
354.0 0.0047230019845301285
355.0 0.0047565412387484685
356.0 0.004790080856764689
357.0 0.005876693467143923
358.0 0.006963306077523157
359.0 0.005648094884236343
360.0 0.004332882963353768
361.0 0.0027148986191605218
362.0 0.0010969140930683352
363.0 0.0023376420358545147
364.0 0.003578369796741754
365.0 0.003950512109440751
366.0 0.00432265478593763
367.0 0.003154151636408642
368.0 0.001985647759283893
369.0 0.0017573820514371619
370.0 0.001529116343590431
371.0 0.0018893902961281128
372.0 0.0022496646124636754
373.0 0.0028328742700978182
374.0 0.0034160835639340803
375.0 0.0028529062547022477
376.0 0.0022897293092682958
377.0 0.0010590976671664976
378.0 1.5789557161749457e-10
379.0 0.0007034785085124895
380.0 0.0015784909919602796
381.0 0.002300294363521971
382.0 0.0030220980988815427
383.0 0.0030729152058484033
384.0 0.0031237330404110253
385.0 0.004107124550500885
386.0 0.005090515332994983
387.0 0.0045404667616821826
388.0 0.0039904181903693825
389.0 0.003389273479115218
390.0 0.002788128585962113
391.0 0.0020148090698057786
392.0 0.0012414896445989143
393.0 0.001384272036375478
394.0 0.0015270539734046906
395.0 0.001111324945668457
396.0 0.0006955960088816937
397.0 0.0006953232059458969
398.0 0.000695050857757451
399.0 0.0006018829026288586
400.0 0.0005087145837023854
401.0 0.00010594044397294056
402.0 1.5789557161749457e-10
403.0 1.5952933551943715e-05
404.0 0.00032874027056095656
405.0 0.0007784087756590452
406.0 0.0012280767805350479
407.0 0.0017286625734413974
408.0 0.002229247911600396
409.0 0.0018226721294922754
410.0 0.0014160961654852144
411.0 0.0009500593478151131
412.0 0.00048402257561974693
413.0 0.0005311039330990752
414.0 0.0005781853360531386
415.0 0.0006209364073583856
416.0 0.0006636877969867783
417.0 0.0012369112482701894
418.0 0.0018101352907251567
419.0 0.0022582131350645795
420.0 0.0027062909794040024
421.0 0.003912650208803825
422.0 0.005119009074405767
423.0 0.007966273551573977
424.0 0.010813536937348545
425.0 0.014785978419240564
426.0 0.018758414080366492
427.0 0.01951644808286801
428.0 0.020274482085369527
429.0 0.015500492008868605
430.0 0.010726501204771921
431.0 0.0075879877840634435
432.0 0.0044494725443655625
433.0 0.0034748780308291316
434.0 0.0025002829715958796
435.0 0.002016455437114928
436.0 0.0015326275388360955
437.0 0.0013241828128229827
438.0 0.00111573817775934
439.0 0.0009644735655456316
440.0 0.0008132089533319231
441.0 0.0010499928976059891
442.0 0.0012867768418800551
443.0 0.0016505970052094199
444.0 0.002014417259488255
445.0 0.0019747521946555935
446.0 0.0019350869479239918
447.0 0.0017362199287163094
448.0 0.0015373532733065076
449.0 0.0014159597412799485
450.0 0.0012945655726070981
451.0 0.001410280674463138
452.0 0.001525995867268648
453.0 0.001568286279507447
454.0 0.001610576691746246
455.0 0.0014137961443339009
456.0 0.0012170159607194364
457.0 0.0008622751010989305
458.0 0.0005075343324278947
459.0 0.0007003146038186969
460.0 0.0008930948752094992
461.0 0.001549121952848509
462.0 0.0022051488485885784
463.0 0.0028333992304396816
464.0 0.0034616496122907847
465.0 0.004398930104798637
466.0 0.00533621059730649
467.0 0.005985708776279353
468.0 0.006635208410443738
469.0 0.005738048639614135
470.0 0.004840891051571816
471.0 0.0037055819120723754
472.0 0.002570272408775054
473.0 0.002111533103743568
474.0 0.0016527934349142015
475.0 0.0013502247384167276
476.0 0.001047656132868724
477.0 0.0008347911716555245
478.0 0.0006219261194928549
479.0 0.0008574454113841057
480.0 0.0010929646123258863
481.0 0.0008074091965681873
482.0 0.0005218540081841638
483.0 0.0005938021786278114
484.0 0.0006657501671725186
485.0 0.0006076908903196454
486.0 0.0005496314315678319
487.0 0.0005904183581151301
488.0 0.000631205148238223
489.0 0.0005742084340454312
490.0 0.0005172116743779043
491.0 0.0006363358352245996
492.0 0.0007554599960712949
493.0 0.0008900902685127221
494.0 0.0010247205864288844
495.0 0.0008815632099867798
496.0 0.0007384056516457349
497.0 0.0010286196811648551
498.0 0.001318833528785035
499.0 0.0013063686310488265
500.0 0.001293903733312618
501.0 0.0014546514648827724
502.0 0.0016153993783518672
503.0 0.0019259694454376586
504.0 0.00223653951252345
505.0 0.0027417023375164717
506.0 0.0032468651625094935
507.0 0.0038381247577490285
508.0 0.004429383989190683
509.0 0.004964670733897947
510.0 0.005499956387211569
511.0 0.004906654794467613
512.0 0.004313352474127896
513.0 0.0036886758607579395
514.0 0.003063998883590102
515.0 0.002847414907591883
516.0 0.0026308307496947236
517.0 0.0024772127289907075
518.0 0.002323594526387751
519.0 0.054040999384596944
520.0 0.0023522887204308063
521.0 0.10015087900683284
522.0 0.1096571795642376
523.0 0.08811624138616025
524.0 0.15326112043112516
525.0 0.09519460145384073
526.0 0.09095562272705138
527.0 0.1090873614884913
528.0 0.1169905997812748
529.0 0.10476824827492237
530.0 0.09618915501050651
531.0 0.10248282924294472
532.0 0.19720445852726698
533.0 0.19793794490396976
534.0 0.3556347219273448
535.0 0.3671179758384824
536.0 0.4665976855903864
537.0 0.6510501727461815
538.0 1.0734863579273224
539.0 1.632808893918991
540.0 2.603367529809475
541.0 4.0244679898023605
542.0 6.014298275113106
543.0 8.702164888381958
544.0 11.977863311767578
545.0 15.599213540554047
546.0 20.054973661899567
547.0 25.661683082580566
548.0 32.62699842453003
549.0 40.45804142951965
550.0 47.524383664131165
551.0 55.701255798339844
552.0 61.69668436050415
553.0 67.45157241821289
554.0 72.07293510437012
555.0 76.42454504966736
556.0 80.4469108581543
557.0 83.18616151809692
558.0 86.63477897644043
559.0 89.89837765693665
560.0 91.21668338775635
561.0 93.12368035316467
562.0 94.2229688167572
563.0 94.42761540412903
564.0 95.17138600349426
565.0 94.74185705184937
566.0 95.3039824962616
567.0 94.3170428276062
568.0 95.3647255897522
569.0 95.8211600780487
570.0 95.04290223121643
571.0 96.08045816421509
572.0 95.92747688293457
573.0 95.98736763000488
574.0 96.49212956428528
575.0 96.47857546806335
576.0 96.69087529182434
577.0 96.41284942626953
578.0 96.59245014190674
579.0 96.34416103363037
580.0 95.82667946815491
581.0 95.61852216720581
582.0 96.00217938423157
583.0 96.04774117469788
584.0 95.3672468662262
585.0 95.66637873649597
586.0 95.7659363746643
587.0 95.79709768295288
588.0 96.07964158058167
589.0 96.63091897964478
590.0 95.76382040977478
591.0 95.09713053703308
592.0 95.92628479003906
593.0 94.84800100326538
594.0 95.59191465377808
595.0 96.01946473121643
596.0 96.1685061454773
597.0 96.34817838668823
598.0 96.4388370513916
599.0 96.4505672454834
600.0 96.23047709465027
601.0 95.4059898853302
602.0 95.88924050331116
603.0 95.6532895565033
604.0 95.4690933227539
605.0 96.14076614379883
606.0 95.5415666103363
607.0 95.73679566383362
608.0 95.77572345733643
609.0 95.28810977935791
610.0 95.48584818840027
611.0 95.06980180740356
612.0 95.47733664512634
613.0 96.00256085395813
614.0 96.13955616950989
615.0 95.50706148147583
616.0 95.77025175094604
617.0 95.64856290817261
618.0 95.749831199646
619.0 96.44351601600647
620.0 95.57311534881592
621.0 95.07601857185364
622.0 95.81055641174316
623.0 95.90675234794617
624.0 95.67795991897583
625.0 96.30299806594849
626.0 95.82471251487732
627.0 94.76679563522339
628.0 96.5991735458374
629.0 95.36996483802795
630.0 95.65998911857605
631.0 95.62941789627075
632.0 96.27382755279541
633.0 95.83108425140381
634.0 95.29791474342346
635.0 95.58308124542236
636.0 95.78651189804077
637.0 95.05208730697632
638.0 95.10288834571838
639.0 94.91053223609924
640.0 95.07893919944763
641.0 95.43983936309814
642.0 95.28372287750244
643.0 95.58346271514893
644.0 95.37720084190369
645.0 95.67794799804688
646.0 95.69044709205627
647.0 96.590656042099
648.0 96.11775279045105
649.0 95.13037204742432
650.0 95.86386680603027
651.0 96.3788390159607
652.0 96.3894248008728
653.0 95.10886073112488
654.0 95.92093229293823
655.0 96.17047309875488
656.0 95.26171684265137
657.0 95.3258752822876
658.0 95.8569347858429
659.0 95.84246873855591
660.0 94.99110579490662
661.0 94.90587115287781
662.0 95.40622234344482
663.0 95.14772295951843
664.0 95.23614645004272
665.0 94.99661922454834
666.0 94.98000741004944
667.0 95.0637698173523
668.0 94.79778409004211
669.0 95.34043073654175
670.0 94.99329328536987
671.0 95.54403424263
672.0 94.92851495742798
673.0 95.25281190872192
674.0 94.20091509819031
675.0 95.13390064239502
676.0 94.62745189666748
677.0 93.6394989490509
678.0 92.73247122764587
679.0 92.56951212882996
680.0 91.50590300559998
681.0 90.02458453178406
682.0 88.02272081375122
683.0 85.17069816589355
684.0 81.7297637462616
685.0 78.0762791633606
686.0 74.35052990913391
687.0 69.7844386100769
688.0 65.19743204116821
689.0 60.81125736236572
690.0 55.45461177825928
691.0 51.20139718055725
692.0 46.65565490722656
693.0 42.31820106506348
694.0 37.41767406463623
695.0 32.422029972076416
696.0 27.357158064842224
697.0 22.341273725032806
698.0 16.762050986289978
699.0 12.239117175340652
700.0 8.712685108184814
701.0 5.504877865314484
702.0 3.504212573170662
703.0 2.0668089389801025
704.0 1.177759189158678
705.0 0.6663313135504723
706.0 0.44500576332211494
707.0 0.3428185125812888
708.0 0.16288424376398325
709.0 0.13362537138164043
710.0 0.11784792877733707
711.0 0.07966706180013716
712.0 0.06469151703640819
713.0 0.05716525483876467
714.0 0.015326771244872361
715.0 0.0687388121150434
716.0 0.08236475405283272
717.0 0.08805652614682913
718.0 0.0816789863165468
719.0 0.06609956617467105
720.0 1.5789557161749457e-10
721.0 0.0045156790292821825
722.0 0.004267297117621638
723.0 0.004018915933556855
724.0 0.003738237137440592
725.0 0.0034575583413243294
726.0 0.003241547165089287
727.0 0.0030255361707531847
728.0 0.002841790410457179
729.0 0.002658044650161173
730.0 0.0024442490030196495
731.0 0.0022304537196760066
732.0 0.00222862399823498
733.0 0.0022267940948950127
734.0 0.002162488453905098
735.0 0.002098182449117303
736.0 0.001904461532831192
737.0 0.0017107406165450811
738.0 0.001730793883325532
739.0 0.001750847150105983
740.0 0.0016938007320277393
741.0 0.001636754495848436
742.0 0.0015033415365905967
743.0 0.0013699284863832872
744.0 0.0014441100574913435
745.0 0.0015182913557509892
746.0 0.0014539560652337968
747.0 0.0013896207747166045
748.0 0.0012234580935910344
749.0 0.0010572954124654643
750.0 0.00105278404589626
751.0 0.0010482730431249365
752.0 0.0011310651643725578
753.0 0.0012138571037212387
754.0 0.0011290272595942952
755.0 0.0010441976883157622
756.0 0.0010227713573840447
757.0 0.0010013447536039166
758.0 0.001036283629218815
759.0 0.0010712222319853026
760.0 0.0011017102224286646
761.0 0.0011321983038214967
762.0 0.0011141137292725034
763.0 0.0010960295185213909
764.0 0.0010221601769444533
765.0 0.0009482909263169859
766.0 0.0007695435670029838
767.0 0.0005907962076889817
768.0 0.0005788682756246999
769.0 0.0005669402071362128
770.0 0.0007512636329920497
771.0 0.000935587286221562
772.0 0.000836226263345452
773.0 0.000736865194994607
774.0 0.0008649274604977109
775.0 0.0009929895895766094
776.0 0.0009639903510105796
777.0 0.0009349911124445498
778.0 0.0008575096217100509
779.0 0.0007800283128744923
780.0 0.000709726464265259
781.0 0.0006394247066054959
782.0 0.000694651771482313
783.0 0.00074987874540966
784.0 0.0007928761988296174
785.0 0.000835873288451694
786.0 0.0007436287432938116
787.0 0.0006513841526611941
788.0 0.0006469573690992547
789.0 0.0006425307219615206
790.0 0.0007209085197246168
791.0 0.0007992862265382428
792.0 0.000819569959276123
793.0 0.0008398536920140032
794.0 0.0008895262908481527
795.0 0.0009391987077833619
796.0 0.0007885847480793018
797.0 0.0006379706064763013
798.0 0.0007636984264536295
799.0 0.0008894262464309577
800.0 0.0008100793820631225
801.0 0.0007307321993721416
802.0 0.0006669174126727739
803.0 0.0006031023531249957
804.0 0.0007182130048022373
805.0 0.0008333237019542139
806.0 0.0007314294180105207
807.0 0.0006295351795415627
808.0 0.0007606573944940465
809.0 0.0008917795639717951
810.0 0.0008183279533113819
811.0 0.000744876570024644
812.0 0.0007519536666222848
813.0 0.0007590306722704554
814.0 0.0006126605967438081
815.0 0.00046629056669189595
816.0 0.0005934273758612107
817.0 0.0007205642305052606
818.0 0.0006925617526576389
819.0 0.0006645593202847522
820.0 0.0005150572633283446
821.0 0.00036555525184667204
822.0 0.00039453284443879966
823.0 0.00042351048250566237
824.0 0.00039938722693477757
825.0 0.0003752639941012603
826.0 0.0004770662144437665
827.0 0.0005788684575236402
828.0 0.0004440311386133544
829.0 0.0003091937742283335
830.0 0.00016879131408131798
831.0 2.8388859618644346e-05
832.0 6.56357940442831e-05
833.0 0.00010288272278557997
834.0 5.353566621124628e-05
835.0 4.188568780705282e-06
836.0 0.0002863689360310673
837.0 0.0005685494670615299
838.0 0.0007305669896595646
839.0 0.0008925845577323344
840.0 0.0011852910574816633
841.0 0.0014779975572309922
842.0 0.00197874651348684
843.0 0.002479495742591098
844.0 0.0022125517716631293
845.0 0.001945607982634101
846.0 0.001699512722552754
847.0 0.0014534171896229964
848.0 0.0013674700312549248
849.0 0.0012815224181395024
850.0 0.001230754151038127
851.0 0.0011799857929872815
852.0 0.0011065478247473948
853.0 0.0010331094927096274
854.0 0.0009329970453109127
855.0 0.0008328843250637874
856.0 0.0006410497462638887
857.0 0.00044921516746398993
858.0 0.0005731394139729673
859.0 0.0006970636150072096
860.0 0.0005175544174562674
861.0 0.0003380451744305901
862.0 0.000353005452780053
863.0 0.00036796570839214837
864.0 0.00026070094918395625
865.0 0.00015343625818786677
866.0 8.169606644514715e-05
867.0 9.955841306918956e-06
868.0 6.217914574335737e-05
869.0 0.00011440242815297097
870.0 9.167965231426933e-06
871.0 1.5789557161749457e-10
872.0 1.5789557161749457e-10
873.0 1.5789557161749457e-10
874.0 1.5789557161749457e-10
875.0 1.5789557161749457e-10
876.0 1.5789557161749457e-10
877.0 1.5789557161749457e-10
878.0 7.628498224221403e-05
879.0 0.0001852198806773231
880.0 0.00014314791769720614
881.0 0.00010107594334840542
882.0 0.00010324811228201725
883.0 0.00010542032669036416
884.0 2.593675674233964e-05
885.0 1.5789557161749457e-10
886.0 3.364841063557833e-05
887.0 0.00012084360605513211
888.0 0.0001803052896320878
889.0 0.0002397669732090435
890.0 0.00016241286857621162
891.0 8.50587412060122e-05
892.0 1.5789557161749457e-10
893.0 1.5789557161749457e-10
894.0 1.5789557161749457e-10
895.0 3.7332392821554095e-05
896.0 6.154167522254284e-05
897.0 8.575101446695044e-05
898.0 0.00011239701507292921
899.0 0.0001390430043102242
900.0 4.173217860170553e-05
