lsstCam/transmission_filter_detector/r21_s01/r_57/19700101T000000.ecsv
# %ECSV 1.0
# ---
# datatype:
# - {name: wavelength, unit: nm, datatype: float32}
# - {name: efficiency, unit: '%', datatype: float64}
# meta: !!omap
# - {MODE: DETECTOR}
# - {TYPE: transmission_filter_detector}
# - {CALIBDATE: '1970-01-01T00:00:00'}
# - {INSTRUME: LSSTCam}
# - {OBSTYPE: transmission_filter_detector}
# - {CALIBCLS: lsst.ip.isr.IntermediateFilterDetectorTransmissionCurve}
# - {SOURCE: Materion (DM-46256)}
# - {DETECTOR: 82}
# - {FILTER: r_57}
# - {CALIB_ID: 'calibDate=1970-01-01T00:00:00 filter=r_57 detector=82'}
# - {DATE: '2025-04-02T15:59:44.562404'}
# - {CALIB_CREATION_DATE: '2025-04-02'}
# - {CALIB_CREATION_TIME: '15:59:44'}
# - __serialized_columns__:
#     efficiency:
#       __class__: astropy.units.quantity.Quantity
#       unit: !astropy.units.Unit {unit: '%'}
#       value: !astropy.table.SerializedColumn {name: efficiency}
#     wavelength:
#       __class__: astropy.units.quantity.Quantity
#       unit: !astropy.units.Unit {unit: nm}
#       value: !astropy.table.SerializedColumn {name: wavelength}
# schema: astropy-2.0
wavelength efficiency
[from data line 602]
902.0 1.5789557161749457e-10
903.0 1.5789557161749457e-10
904.0 1.5789557161749457e-10
905.0 1.5789557161749457e-10
906.0 1.5789557161749457e-10
907.0 1.5789557161749457e-10
908.0 1.5789557161749457e-10
909.0 1.5789557161749457e-10
910.0 1.5789557161749457e-10
911.0 1.5789557161749457e-10
912.0 1.5789557161749457e-10
913.0 1.5789557161749457e-10
914.0 1.5789557161749457e-10
915.0 3.538712292083801e-05
916.0 2.160235368364738e-05
917.0 7.81760434165335e-06
918.0 9.638636129238876e-05
919.0 0.0001849550812949019
920.0 6.687582754238974e-05
921.0 1.5789557161749457e-10
922.0 6.385008077813836e-05
923.0 0.00017890362187245046
924.0 0.00018774284171740874
925.0 0.00019658209566841833
926.0 0.0001597264599695336
927.0 0.00012287083563933265
928.0 0.00014963889043428935
929.0 0.00017640693386056228
930.0 0.00021416465187940048
931.0 0.00025192239263560623
932.0 5.7476336223771796e-05
933.0 1.5789557161749457e-10
934.0 4.0368777831645275e-05
935.0 0.00021770720195490867
936.0 0.00021360356186050922
937.0 0.00020949992176610976
938.0 0.00028247768568689935
939.0 0.000355455495082424
940.0 0.00031989529816200957
941.0 0.0002843351012415951
942.0 0.0003692183554449002
943.0 0.00045410165512294043
944.0 0.0004113599061383866
945.0 0.0003686182026285678
946.0 0.00037690172121074283
947.0 0.00038518519431818277
948.0 0.0005079830316390144
949.0 0.0006307810053840512
950.0 0.0005669810889230575
951.0 0.0005031811724620638
952.0 0.0006442498488468118
953.0 0.000785318661655765
954.0 0.0011166951480845455
955.0 0.0014480719073617365
956.0 0.001497469020250719
957.0 0.0015468662240891717
958.0 0.001679810338828247
959.0 0.001812754817365203
960.0 0.0019380917365197092
961.0 0.002063429019472096
962.0 0.0022440057364292443
963.0 0.002424582817184273
964.0 0.0024905913960537873
965.0 0.0025565996111254208
966.0 0.0025777822884265333
967.0 0.002598964601929765
968.0 0.0025614472178858705
969.0 0.002523930015740916
970.0 0.002573435085650999
971.0 0.0026229399736621417
972.0 0.0026619189156917855
973.0 0.0027008973120246083
974.0 0.0028832602765760385
975.0 0.003065622877329588
976.0 0.003148758696625009
977.0 0.0032318945159204304
978.0 0.0031238068913808092
979.0 0.003015719266841188
980.0 0.0029471762900357135
981.0 0.002878633313230239
982.0 0.002948854125861544
983.0 0.003019074756593909
984.0 0.0029493143301806413
985.0 0.002879553721868433
986.0 0.0027876014428329654
987.0 0.0026956489818985574
988.0 0.0025236173314624466
989.0 0.002351585862925276
990.0 0.0024133320039254613
991.0 0.0024750781449256465
992.0 0.0025041745175258256
993.0 0.002533271072024945
994.0 0.002603134635137394
995.0 0.0026729978344519623
996.0 0.0027911093638977036
997.0 0.002909220893343445
998.0 0.0030533818062394857
999.0 0.0031975421734387055
1000.0 0.0032695541449356824
1001.0 0.0033415661164326593
1002.0 0.0035344462958164513
1003.0 0.003727326838998124
1004.0 0.0038825481169624254
1005.0 0.0040377697587246075
1006.0 0.004222118150210008
1007.0 0.0044064665416954085
1008.0 0.004322695167502388
1009.0 0.0042389234295114875
1010.0 0.004242046270519495
1011.0 0.004245169475325383
1012.0 0.004159976015216671
1013.0 0.004074782191310078
1014.0 0.0038410827983170748
1015.0 0.003607383041526191
1016.0 0.003423853559070267
1017.0 0.0032403244404122233
1018.0 0.0028493019271991216
1019.0 0.0024582803234807216
1020.0 0.002124027378158644
1021.0 0.0017897746147355065
1022.0 0.0016002535630832426
1023.0 0.0014107320566836279
1024.0 0.0014408455172087997
1025.0 0.001470959250582382
1026.0 0.0013903347280574962
1027.0 0.0013097101145831402
1028.0 0.0012087326467735693
1029.0 0.001107754997065058
1030.0 0.0010091940566780977
1031.0 0.0009106322977459058
1032.0 0.0008829472790239379
1033.0 0.0008552619874535594
1034.0 0.0007839655154384673
1035.0 0.0007126688615244348
1036.0 0.0007770062438794412
1037.0 0.000841343353386037
1038.0 0.0007466016541002318
1039.0 0.0006518600912386319
1040.0 0.0007221944997581886
1041.0 0.0007925288628030103
1042.0 0.0008783041266724467
1043.0 0.0009640789357945323
1044.0 0.0008723978680791333
1045.0 0.0007807170732121449
1046.0 0.0008105454071483109
1047.0 0.0008403739229834173
1048.0 0.000756437293603085
1049.0 0.0006725006187480176
1050.0 0.0005920141120441258
1051.0 0.0005115275598654989
1052.0 0.0008710770089237485
1053.0 0.001230625912285177
1054.0 0.0010234411092824303
1055.0 0.0008162562153302133
1056.0 0.0008955222256190609
1057.0 0.0009747885087563191
1058.0 0.0008816391527943779
1059.0 0.000788489978731377
1060.0 0.0010477009709575213
1061.0 0.001306911599385785
1062.0 0.001238981985807186
1063.0 0.001171052372228587
1064.0 0.0009468808457313571
1065.0 0.0007227090463857166
1066.0 0.0010969065442623105
1067.0 0.0014711040421389043
1068.0 0.0017148628103313968
1069.0 0.0019586208509281278
1070.0 0.0015741308743599802
1071.0 0.0011896408068423625
1072.0 0.0013071103239781223
1073.0 0.0014245799320633523
1074.0 0.0021532143364311196
1075.0 0.002881848740798887
1076.0 0.003081869363086298
1077.0 0.0032818901672726497
1078.0 0.003882599776261486
1079.0 0.0044833093852503225
1080.0 0.004244291631039232
1081.0 0.00400527314923238
1082.0 0.003933894549845718
1083.0 0.0038625159504590556
1084.0 0.004674625233747065
1085.0 0.005486734153237194
1086.0 0.005356481779017486
1087.0 0.005226229768595658
1088.0 0.005127243639435619
1089.0 0.00502825751027558
1090.0 0.004565422932500951
1091.0 0.004102587627130561
1092.0 0.003694057886605151
1093.0 0.0032855277822818607
1094.0 0.0037199821235844865
1095.0 0.004154436828684993
1096.0 0.0033092110243160278
1097.0 0.002463985401846003
1098.0 0.0019060522390645929
1099.0 0.0013481193491315935
1100.0 0.0015174501641013194
1101.0 0.0016867805243236944
