lsstCam/transmission_filter_detector/r43_s01/g_6/19700101T000000.ecsv
# %ECSV 1.0
# ---
# datatype:
# - {name: wavelength, unit: nm, datatype: float32}
# - {name: efficiency, unit: '%', datatype: float64}
# meta: !!omap
# - {MODE: DETECTOR}
# - {TYPE: transmission_filter_detector}
# - {CALIBDATE: '1970-01-01T00:00:00'}
# - {INSTRUME: LSSTCam}
# - {OBSTYPE: transmission_filter_detector}
# - {CALIBCLS: lsst.ip.isr.IntermediateFilterDetectorTransmissionCurve}
# - {SOURCE: Materion (DM-46256)}
# - {DETECTOR: 181}
# - {FILTER: g_6}
# - {CALIB_ID: 'calibDate=1970-01-01T00:00:00 filter=g_6 detector=181'}
# - {DATE: '2025-04-02T15:59:42.866736'}
# - {CALIB_CREATION_DATE: '2025-04-02'}
# - {CALIB_CREATION_TIME: '15:59:42'}
# - __serialized_columns__:
#     efficiency:
#       __class__: astropy.units.quantity.Quantity
#       unit: !astropy.units.Unit {unit: '%'}
#       value: !astropy.table.SerializedColumn {name: efficiency}
#     wavelength:
#       __class__: astropy.units.quantity.Quantity
#       unit: !astropy.units.Unit {unit: nm}
#       value: !astropy.table.SerializedColumn {name: wavelength}
# schema: astropy-2.0
wavelength efficiency
[from data line 607]
907.0 0.00035016314541280735
908.0 0.00036176770663587376
909.0 0.0003733722223842051
910.0 0.0003558896196409478
911.0 0.0003384070168976905
912.0 0.00043457475840114057
913.0 0.0005307425908540608
914.0 0.0005313976544130128
915.0 0.0005320527179719647
916.0 0.0004424759026733227
917.0 0.00035289913284941576
918.0 0.00034298682294320315
919.0 0.00033307451303699054
920.0 0.00035197872421122156
921.0 0.0003708828899107175
922.0 0.0003901909622072708
923.0 0.0004094990345038241
924.0 0.0003884569650836056
925.0 0.0003674149184007547
926.0 0.0004352616087999195
927.0 0.0005031082309869817
928.0 0.000544545673619723
929.0 0.0005859830253029941
930.0 0.0005241363396635279
931.0 0.0004622897449735319
932.0 0.0004149982942180941
933.0 0.0003677068207252887
934.0 0.0004667829216487007
935.0 0.0005658589998347452
936.0 0.0005354908807930769
937.0 0.0005051227617514087
938.0 0.0005358357611839892
939.0 0.0005665488060913049
940.0 0.0005395124844653765
941.0 0.0005124760718899779
942.0 0.0005641741608997108
943.0 0.0006158722499094438
944.0 0.000595681558479555
945.0 0.0005754907761001959
946.0 0.0007507100690418156
947.0 0.000925929271033965
948.0 0.0007825658940419089
949.0 0.0006392023351509124
950.0 0.000623816004008404
951.0 0.0006084295364416903
952.0 0.0007545217613369459
953.0 0.0009006139407574665
954.0 0.000881002597452607
955.0 0.0008613913450972177
956.0 0.0008545316632080358
957.0 0.000847672072268324
958.0 0.0007999467925401405
959.0 0.0007522215128119569
960.0 0.0006883699825266376
961.0 0.0006245184522413183
962.0 0.0005976907232252415
963.0 0.0005708629032596946
964.0 0.000534028868059977
965.0 0.0004971947419107892
966.0 0.0005898331437492743
967.0 0.0006824715910624946
968.0 0.0006589709300897084
969.0 0.0006354702691169223
970.0 0.0006177220257086447
971.0 0.000599973782300367
972.0 0.0006453100468206685
973.0 0.0006906464022904402
974.0 0.0006981480510148685
975.0 0.000705649745214032
976.0 0.0007587882009829627
977.0 0.0008119265658024233
978.0 0.0008816098670649808
979.0 0.0009512929864285979
980.0 0.0008911522854759824
981.0 0.0008310117664223071
982.0 0.0009200292879540939
983.0 0.0010090469004353508
984.0 0.0012188434084237088
985.0 0.0014286399164120667
986.0 0.0013420681170828175
987.0 0.0012554964996525086
988.0 0.0012441804756235797
989.0 0.0012328643606451806
990.0 0.0013989134458824992
991.0 0.0015649622582714073
992.0 0.0015142717529670335
993.0 0.0014635809748142492
994.0 0.0015367300875368528
995.0 0.0016098791093099862
996.0 0.0014789749002375174
997.0 0.0013480709640134592
998.0 0.0013602490980701987
999.0 0.0013724275049753487
1000.0 0.0013738535017182585
1001.0 0.0013752795894106384
1002.0 0.0012552139196486678
1003.0 0.0011351482498866972
1004.0 0.0012252742635610048
1005.0 0.0013154002772353124
1006.0 0.0012954687917954288
1007.0 0.0012755373973050155
1008.0 0.0012290324775676709
1009.0 0.0011825276487797964
1010.0 0.001337214962404687
1011.0 0.001491902548877988
1012.0 0.0014062929949432146
1013.0 0.0013206832591095008
1014.0 0.0015149403225223068
1015.0 0.0017091975678340532
1016.0 0.001800210156943649
1017.0 0.001891222746053245
1018.0 0.0020837944248341955
1019.0 0.0022763659217162058
1020.0 0.0024030738131841645
1021.0 0.002529781704652123
1022.0 0.0028420952730812132
1023.0 0.0031544088415103033
1024.0 0.0032653162634233013
1025.0 0.0033762236853362992
1026.0 0.003608390034059994
1027.0 0.0038405567465815693
1028.0 0.004044107481604442
1029.0 0.004247657852829434
1030.0 0.004375483331386931
1031.0 0.004503309173742309
1032.0 0.0045747190597467124
1033.0 0.004646128945751116
1034.0 0.00474163971375674
1035.0 0.004837150845560245
1036.0 0.00502514376421459
1037.0 0.0052131363190710545
1038.0 0.005271888221614063
1039.0 0.00533063976035919
1040.0 0.005497277015820146
1041.0 0.00566391390748322
1042.0 0.00584471199545078
1043.0 0.0060255100834183395
1044.0 0.006188957195263356
1045.0 0.0063524043071083724
1046.0 0.006743425183231011
1047.0 0.007134445331757888
1048.0 0.0077661774412263185
1049.0 0.00839791027829051
1050.0 0.009353298810310662
1051.0 0.010308686614735052
1052.0 0.012091988901374862
1053.0 0.013875291915610433
1054.0 0.016336279804818332
1055.0 0.018797267694026232
1056.0 0.02267474919790402
1057.0 0.026552227791398764
1058.0 0.031995377503335476
1059.0 0.03743852430488914
1060.0 0.044574911589734256
1061.0 0.051711295964196324
1062.0 0.05969833582639694
1063.0 0.06768538150936365
1064.0 0.07669308688491583
1065.0 0.08570080972276628
1066.0 0.09401075658388436
1067.0 0.10232070926576853
1068.0 0.11047471780329943
1069.0 0.11862874962389469
1070.0 0.12753696646541357
1071.0 0.13644520658999681
1072.0 0.146131229121238
1073.0 0.15581725165247917
1074.0 0.16626495635136962
1075.0 0.17671267269179225
1076.0 0.1867423765361309
1077.0 0.19677209202200174
1078.0 0.20619132556021214
1079.0 0.2156105823814869
1080.0 0.2270468045026064
1081.0 0.2384829567745328
1082.0 0.25115327443927526
1083.0 0.263823545537889
1084.0 0.283466256223619
1085.0 0.30310892034322023
1086.0 0.33218455500900745
1087.0 0.3612601896747947
1088.0 0.40290728211402893
1089.0 0.44455439783632755
1090.0 0.49325060099363327
1091.0 0.5419468507170677
1092.0 0.6089591886848211
1093.0 0.675971619784832
1094.0 0.7581422571092844
1095.0 0.8403129875659943
1096.0 0.9056963957846165
1097.0 0.9710797108709812
1098.0 1.032179407775402
1099.0 1.093279104679823
1100.0 1.1853753589093685
1101.0 1.2774718925356865
