lsstCam/transmission_filter_detector/r43_s01/g_6/19700101T000000.ecsv
# %ECSV 1.0
# ---
# datatype:
# - {name: wavelength, unit: nm, datatype: float32}
# - {name: efficiency, unit: '%', datatype: float64}
# meta: !!omap
# - {MODE: DETECTOR}
# - {TYPE: transmission_filter_detector}
# - {CALIBDATE: '1970-01-01T00:00:00'}
# - {INSTRUME: LSSTCam}
# - {OBSTYPE: transmission_filter_detector}
# - {CALIBCLS: lsst.ip.isr.IntermediateFilterDetectorTransmissionCurve}
# - {SOURCE: Materion (DM-46256)}
# - {DETECTOR: 181}
# - {FILTER: g_6}
# - {CALIB_ID: 'calibDate=1970-01-01T00:00:00 filter=g_6 detector=181'}
# - {DATE: '2025-04-02T15:59:42.866736'}
# - {CALIB_CREATION_DATE: '2025-04-02'}
# - {CALIB_CREATION_TIME: '15:59:42'}
# - __serialized_columns__:
#     efficiency:
#       __class__: astropy.units.quantity.Quantity
#       unit: !astropy.units.Unit {unit: '%'}
#       value: !astropy.table.SerializedColumn {name: efficiency}
#     wavelength:
#       __class__: astropy.units.quantity.Quantity
#       unit: !astropy.units.Unit {unit: nm}
#       value: !astropy.table.SerializedColumn {name: wavelength}
# schema: astropy-2.0
wavelength efficiency
300.0 0.35104318521916866
301.0 0.296414690092206
302.0 0.24178617168217897
303.0 0.23428096901625395
304.0 0.22677574306726456
305.0 0.2249130979180336
306.0 0.22305042948573828
307.0 0.21334805060178041
308.0 0.20364571828395128
309.0 0.1949131372384727
310.0 0.1861805678345263
311.0 0.19004216883331537
312.0 0.19390376983210444
313.0 0.19087230321019888
314.0 0.18784085987135768
315.0 0.18408293835818768
316.0 0.18032502848654985
317.0 0.17627417109906673
318.0 0.1722233253531158
319.0 0.15989708481356502
320.0 0.14757083263248205
321.0 0.13699252158403397
322.0 0.12641421053558588
323.0 0.1128801261074841
324.0 0.09934601839631796
325.0 0.08829560247249901
326.0 0.07724518072791398
327.0 0.07226635352708399
328.0 0.06728752632625401
329.0 0.0619832135271281
330.0 0.05667890072800219
331.0 0.05303865182213485
332.0 0.04939839709550142
333.0 0.04702775040641427
334.0 0.044657106627710164
335.0 0.04197449306957424
336.0 0.039291876601055264
337.0 0.03960617468692362
338.0 0.03992047277279198
339.0 0.03927811048924923
340.0 0.038635742384940386
341.0 0.037185518885962665
342.0 0.035735295386984944
343.0 0.03230106085538864
344.0 0.02886682632379234
345.0 0.025433488190174103
346.0 0.022000150056555867
347.0 0.020603749726433307
348.0 0.019207349396310747
349.0 0.017408844723831862
350.0 0.7106857374310493
351.0 1.2315678410232067
352.0 0.7295933552086353
353.0 0.8899909444153309
354.0 0.7198410574346781
355.0 0.8436220698058605
356.0 0.7930967956781387
357.0 0.9657454676926136
358.0 0.5990522913634777
359.0 0.7418772205710411
360.0 0.4965086467564106
361.0 0.7895837537944317
362.0 0.5169796757400036
363.0 0.7571750320494175
364.0 0.5482601001858711
365.0 0.70886155590415
366.0 0.5394808016717434
367.0 0.7562353741377592
368.0 0.4419781267642975
369.0 0.5825120024383068
370.0 0.36731958389282227
371.0 0.565297668799758
372.0 0.3766032634302974
373.0 0.6157339550554752
374.0 0.4365685861557722
375.0 0.6667397916316986
376.0 0.3388168988749385
377.0 0.506078964099288
378.0 0.41765281930565834
379.0 0.5704622715711594
380.0 0.3999358043074608
381.0 0.49756960943341255
382.0 0.5674366839230061
383.0 0.5868867971003056
384.0 0.5191813223063946
385.0 0.515761086717248
386.0 0.6531075108796358
387.0 0.6839795969426632
388.0 0.8659068495035172
389.0 1.1668147519230843
390.0 1.676422543823719
391.0 2.6204831898212433
392.0 4.092260077595711
393.0 6.501933187246323
394.0 9.872529655694962
395.0 14.365251362323761
396.0 20.05341798067093
397.0 27.20176875591278
398.0 35.66661477088928
399.0 44.767799973487854
400.0 54.166048765182495
401.0 63.25186491012573
402.0 71.63899540901184
403.0 78.84990572929382
404.0 84.12546515464783
405.0 88.1389856338501
406.0 90.41808843612671
407.0 92.23746061325073
408.0 93.29124689102173
409.0 93.93441677093506
410.0 94.09432411193848
411.0 94.02074217796326
412.0 93.66588592529297
413.0 93.36951971054077
414.0 93.20714473724365
415.0 93.37701797485352
416.0 93.69815587997437
417.0 94.0179169178009
418.0 94.46743130683899
419.0 95.10212540626526
420.0 95.55646181106567
421.0 96.21540307998657
422.0 96.3348388671875
423.0 96.60150408744812
424.0 96.39171957969666
425.0 96.29785418510437
426.0 96.29249572753906
427.0 96.31457328796387
428.0 96.0561215877533
429.0 95.9871232509613
430.0 95.8108127117157
431.0 95.84481120109558
432.0 95.95871567726135
433.0 95.9815502166748
434.0 96.07852697372437
435.0 96.16422057151794
436.0 96.25906348228455
437.0 96.25886678695679
438.0 96.33316993713379
439.0 96.40443921089172
440.0 96.38267755508423
441.0 96.51213884353638
442.0 96.4842140674591
443.0 96.45029306411743
444.0 96.42406702041626
445.0 96.13395929336548
446.0 96.00757360458374
447.0 95.81287503242493
448.0 95.79489231109619
449.0 95.93285322189331
450.0 96.15936279296875
451.0 96.34494185447693
452.0 96.56515121459961
453.0 96.68525457382202
454.0 96.7621922492981
455.0 97.039395570755
456.0 97.21288084983826
457.0 97.3400354385376
458.0 97.31935262680054
459.0 97.3426878452301
460.0 97.34694361686707
461.0 97.4946141242981
462.0 97.38670587539673
463.0 97.33518958091736
464.0 97.43715524673462
465.0 97.31844663619995
466.0 97.39911556243896
467.0 97.33803272247314
468.0 97.34495282173157
469.0 97.3986804485321
470.0 97.24373817443848
471.0 97.16113209724426
472.0 97.21742868423462
473.0 97.09998965263367
474.0 96.96227312088013
475.0 97.06019163131714
476.0 97.01628684997559
477.0 97.06811308860779
478.0 97.180837392807
479.0 97.19823598861694
480.0 97.34200835227966
481.0 97.44665622711182
482.0 97.63718247413635
483.0 97.57009744644165
484.0 97.74886965751648
485.0 97.7368175983429
486.0 97.74869084358215
487.0 97.80239462852478
488.0 97.8076696395874
489.0 97.93928861618042
490.0 97.89201021194458
491.0 97.93648719787598
492.0 97.86619544029236
493.0 97.8705644607544
494.0 97.84806370735168
495.0 97.89205193519592
496.0 97.73887395858765
497.0 97.63417840003967
498.0 97.46549129486084
499.0 97.51759171485901
500.0 97.42449522018433
501.0 97.36672639846802
502.0 97.3046362400055
503.0 97.46256470680237
504.0 97.28609919548035
505.0 97.29719758033752
506.0 97.33628034591675
507.0 97.28513956069946
508.0 97.27165699005127
509.0 97.28124737739563
510.0 97.23860025405884
511.0 97.21760749816895
512.0 97.11784720420837
513.0 97.23083972930908
514.0 97.18334078788757
515.0 97.20520973205566
516.0 97.30336666107178
517.0 97.32014536857605
518.0 97.37690091133118
519.0 97.3860502243042
520.0 97.43143320083618
521.0 97.54408597946167
522.0 97.53629565238953
523.0 97.50702977180481
524.0 97.550368309021
525.0 97.49118089675903
526.0 97.63125777244568
527.0 97.58647084236145
528.0 97.68316745758057
529.0 97.73123860359192
530.0 97.72719144821167
531.0 97.9099690914154
532.0 97.77230620384216
533.0 97.75800108909607
534.0 97.76954054832458
535.0 97.616446018219
536.0 97.28366136550903
537.0 96.74654603004456
538.0 96.08205556869507
539.0 94.78009343147278
540.0 93.19181442260742
541.0 90.63705801963806
542.0 87.95105218887329
543.0 84.38056707382202
544.0 79.84974980354309
545.0 75.78182816505432
546.0 70.75121998786926
547.0 66.16060733795166
548.0 61.57643795013428
549.0 57.441920042037964
550.0 54.24097776412964
551.0 51.12959146499634
552.0 48.816728591918945
553.0 46.40353620052338
554.0 43.65503191947937
555.0 40.53715169429779
556.0 36.36550009250641
557.0 31.470009684562683
558.0 26.05571150779724
559.0 20.67277580499649
560.0 15.434525907039642
561.0 10.548415780067444
562.0 6.836268305778503
563.0 4.031622409820557
564.0 2.2370679304003716
565.0 1.07906274497509
566.0 0.5856797564774752
567.0 0.29089171439409256
568.0 0.18415336962789297
569.0 0.10665104491636157
570.0 0.08438131771981716
571.0 0.055541907204315066
572.0 0.05488735041581094
573.0 0.04023699730169028
574.0 0.03863016900140792
575.0 0.03278267686255276
576.0 0.031729694455862045
577.0 0.027602483169175684
578.0 0.027555887936614454
579.0 0.023128546308726072
580.0 0.024430121993646026
581.0 0.024540716549381614
582.0 0.02809010329656303
583.0 0.022236652148421854
584.0 0.014329752593766898
585.0 0.012253003660589457
586.0 0.020049918384756893
587.0 0.014211013331077993
588.0 0.024448015028610826
589.0 0.01801110338419676
590.0 0.0240478286286816
591.0 0.011913716298295185
592.0 0.011219600128242746
593.0 0.01420363987563178
594.0 0.010479619959369302
595.0 0.002524694900785107
596.0 0.017285642388742417
597.0 0.008867680298862979
598.0 0.018702294619288296
599.0 0.016734206292312592
600.0 0.00984306461759843
601.0 0.0022975718820816837
602.0 0.002248926648462657
603.0 0.00220028141484363
604.0 0.0021425590603030287
605.0 0.0020848361600656062
606.0 0.0019877443264704198
607.0 0.001890652856673114
608.0 0.0018888629711000249
609.0 0.0018870730855269358
610.0 0.001939112007676158
611.0 0.00199115074792644
612.0 0.0019318375052534975
613.0 0.0018725246263784356
614.0 0.0019084092855337076
615.0 0.0019442941265879199
616.0 0.0017936134099727497
617.0 0.0016429326933575794
618.0 0.0016269008483504876
619.0 0.0016108690033433959
620.0 0.001559367956360802
621.0 0.0015078666365297977
622.0 0.0015748631994938478
623.0 0.001641859853407368
624.0 0.0016302561562042683
625.0 0.0016186528227990493
626.0 0.0014749658475921024
627.0 0.0013312790542840958
628.0 0.0013624067833006848
629.0 0.001393534603266744
630.0 0.0014418143109651282
631.0 0.0014900941096129827
632.0 0.0014872925930831116
633.0 0.0014844912584521808
634.0 0.0014218069736671168
635.0 0.0013591225069831125
636.0 0.0013480275811161846
637.0 0.001336932837148197
638.0 0.0012533394510683138
639.0 0.0011697461559379008
640.0 0.0012405967027007136
641.0 0.0013114473404129967
642.0 0.0012319926099735312
643.0 0.0011525382433319464
644.0 0.0011587032531679142
645.0 0.0011648686268017627
646.0 0.0011758664186345413
647.0 0.0011868640285683796
648.0 0.0012634197446459439
649.0 0.0013399752788245678
650.0 0.001239106677530799
651.0 0.0011382380762370303
652.0 0.0012047933523717802
653.0 0.0012713487194560003
654.0 0.0011851501767523587
655.0 0.0010989517249981873
656.0 0.0010959835890389513
657.0 0.0010930153621302452
658.0 0.0010834435670403764
659.0 0.0010738715900515672
660.0 0.001097365384339355
661.0 0.0011208589057787322
662.0 0.0011406170415284578
663.0 0.0011603751772781834
664.0 0.001246991359948879
665.0 0.001333607633569045
666.0 0.0012278434951440431
667.0 0.001122079265769571
668.0 0.001124379468819825
669.0 0.0011266794899711385
670.0 0.0010818472219398245
671.0 0.0010370151358074509
672.0 0.0009886013685900252
673.0 0.0009401878742210101
674.0 0.0009868654160527512
675.0 0.0010335431397834327
676.0 0.0010107067282660864
677.0 0.0009878701348497998
678.0 0.0009827504982240498
679.0 0.0009776306796993595
680.0 0.001038224309013458
681.0 0.0010988183021254372
682.0 0.0010353292054787744
683.0 0.0009718403816805221
684.0 0.0009388593753101304
685.0 0.0009058783689397387
686.0 0.0009512737960903905
687.0 0.0009966692232410423
688.0 0.000964378887147177
689.0 0.0009320883691543713
690.0 0.0009601095371181145
691.0 0.0009881307050818577
692.0 0.0009901865269057453
693.0 0.000992242439679103
694.0 0.001005305239232257
695.0 0.001018368038785411
696.0 0.0010216585906164255
697.0 0.0010249492333969101
698.0 0.0010531520274525974
699.0 0.0010813548215082847
700.0 0.0010700372513383627
701.0 0.0010587194083200302
702.0 0.001065260403265711
703.0 0.0010718012163124513
704.0 0.0011033234841306694
705.0 0.0011348459338478278
706.0 0.001103282284020679
707.0 0.0010717186341935303
708.0 0.0010834286513272673
709.0 0.0010951387594104744
710.0 0.0011384893696231302
711.0 0.001181839979835786
712.0 0.0012010073078272399
713.0 0.0012201748177176341
714.0 0.0013025911357544828
715.0 0.0013850073628418613
716.0 0.001405743842042284
717.0 0.0014264805940911174
718.0 0.0015067312233441044
719.0 0.0015869820344960317
720.0 0.0013310418580658734
721.0 0.0010751013178378344
722.0 0.001285548660234781
723.0 0.001495996184530668
724.0 0.0015034651369205676
725.0 0.0015109340893104672
726.0 0.001557698124088347
727.0 0.001604462340765167
728.0 0.0016575348126934841
729.0 0.0017106071027228609
730.0 0.0017546875824336894
731.0 0.001798768062144518
732.0 0.0017090858818846755
733.0 0.0016194038835237734
734.0 0.0015076570889505092
735.0 0.0013959105672256555
736.0 0.0012353072634141427
737.0 0.0010747037777036894
738.0 0.0009797062375582755
739.0 0.0008847086974128615
740.0 0.0008971419447334483
741.0 0.000909575101104565
742.0 0.0009854677955445368
743.0 0.0010613608537823893
744.0 0.0010047316209238488
745.0 0.0009481026609137189
746.0 0.0008610207260062452
747.0 0.0007739388820482418
748.0 0.000790027388575254
749.0 0.0008061159860517364
750.0 0.0008610090844740625
751.0 0.0009159021828963887
752.0 0.0008904204150894657
753.0 0.0008649385563330725
754.0 0.0008264627467724495
755.0 0.0007879869372118264
756.0 0.0008418502147833351
757.0 0.0008957134923548438
758.0 0.0008284799150715116
759.0 0.000761246565161855
760.0 0.000767103392718127
761.0 0.0007729602657491341
762.0 0.0007700349669903517
763.0 0.0007671093953831587
764.0 0.0006461308657890186
765.0 0.0005251523816696135
766.0 0.0005864301783731207
767.0 0.000647708020551363
768.0 0.0006416315045498777
769.0 0.0006355550340231275
770.0 0.0006052282515156548
771.0 0.0005749015599576524
772.0 0.0005785646862932481
773.0 0.0005822277671541087
774.0 0.0006319888598227408
775.0 0.0006817500889155781
776.0 0.0006748001396772452
777.0 0.000667850054014707
778.0 0.0006709673016302986
779.0 0.0006740845492458902
780.0 0.0006442047379096039
781.0 0.0006143249720480526
782.0 0.000472843021270819
783.0 0.0003313611159683205
784.0 0.00037542263271461707
785.0 0.0004194842858851189
786.0 0.0005022563982493011
787.0 0.0005850286925124237
788.0 0.0005176814738661051
789.0 0.0004503340733208461
790.0 0.00034099743970728014
791.0 0.00023166089704318438
792.0 0.0003029675099242013
793.0 0.0003742741228052182
794.0 0.0003400572040845873
795.0 0.00030584028536395635
796.0 0.0004077221547049703
797.0 0.0005096041604701895
798.0 0.00036506939977698494
799.0 0.00022053470729588298
800.0 0.00022277354219113477
801.0 0.0002250123998237541
802.0 0.0003332414280521334
803.0 0.00044147041080577765
804.0 0.00043919735617237166
805.0 0.00043692430153896566
806.0 0.0004482311396714067
807.0 0.00045953797780384775
808.0 0.0004659277692553587
809.0 0.0004723175607068697
810.0 0.0004686916327045765
811.0 0.000465065568278078
812.0 0.0003629856792031205
813.0 0.000260905744653428
814.0 0.00039205119719554204
815.0 0.0005231966497376561
816.0 0.0005048714683653088
817.0 0.00048654628699296154
818.0 0.0004794690539711155
819.0 0.00047239182094926946
820.0 0.00043967834244540427
821.0 0.00040696504584047943
822.0 0.0005173429144633701
823.0 0.0006277207830862608
824.0 0.00044211842578079086
825.0 0.00025651606847532094
826.0 0.0003763272616197355
827.0 0.0004961384547641501
828.0 0.0004002257355750771
829.0 0.0003043129936486366
830.0 0.0002847124960680958
831.0 0.00026511195301281987
832.0 0.00032339476092602126
833.0 0.0003816775461018551
834.0 0.0004240419457346434
835.0 0.0004664064363169018
836.0 0.00037029692521173274
837.0 0.0002741873913691961
838.0 0.00030936294024286326
839.0 0.0003445384436417953
840.0 0.0003292180963399005
841.0 0.0003138977945127408
842.0 0.0004119802724744659
843.0 0.0005100627731735585
844.0 0.0004759451257996261
845.0 0.0004418275693751639
846.0 0.00038757611946493853
847.0 0.0003333246240799781
848.0 0.00043605641621979885
849.0 0.0005387882083596196
850.0 0.00039660203583480325
851.0 0.0002544160224715597
852.0 0.00011518754945427645
853.0 1.6263865254551035e-10
854.0 0.00011601545111261657
855.0 0.00025607178031350486
856.0 0.0003255151113989996
857.0 0.0003949584424844943
858.0 0.00046817185648251325
859.0 0.0005413853159552673
860.0 0.00046298569031932857
861.0 0.00038458606468338985
862.0 0.0004376307515485678
863.0 0.0004906754838884808
864.0 0.0003754941189981764
865.0 0.0002603127995826071
866.0 0.00029150614864192903
867.0 0.00032269949770125095
868.0 0.0003943255251215305
869.0 0.0004659514615923399
870.0 0.000433226841778378
871.0 0.0004005022674391512
872.0 0.00038685989238729235
873.0 0.00037321754007280106
874.0 0.00046618197302450426
875.0 0.0005591463832388399
876.0 0.0004411609552334994
877.0 0.000323175572702894
878.0 0.0003886489139404148
879.0 0.0004541223006526707
880.0 0.0005315005182637833
881.0 0.0006088785539759556
882.0 0.0006289275916060433
883.0 0.0006489764473371906
884.0 0.0005038602012064075
885.0 0.0003587439096008893
886.0 0.00031772488000569865
887.0 0.0002767058049357729
888.0 0.0004320123935031006
889.0 0.0005873189365956932
890.0 0.0005908424554945668
891.0 0.0005943659289187053
892.0 0.0005660483566316543
893.0 0.000537730647920398
894.0 0.000496988968734513
895.0 0.00045624724407389294
896.0 0.0004101385457033757
897.0 0.0003640298473328585
898.0 0.0003961122729378985
899.0 0.00042819469854293857
900.0 0.00037954475828883005
901.0 0.000330894795297354
902.0 0.00038377093005692586
903.0 0.0004366470420791302
904.0 0.00035385082810535096
905.0 0.00027105463686893927
