lsstCam/transmission_filter_detector/r21_s20/z_20/19700101T000000.ecsv
# %ECSV 1.0
# ---
# datatype:
# - {name: wavelength, unit: nm, datatype: float32}
# - {name: efficiency, unit: '%', datatype: float64}
# meta: !!omap
# - {MODE: DETECTOR}
# - {TYPE: transmission_filter_detector}
# - {CALIBDATE: '1970-01-01T00:00:00'}
# - {INSTRUME: LSSTCam}
# - {OBSTYPE: transmission_filter_detector}
# - {CALIBCLS: lsst.ip.isr.IntermediateFilterDetectorTransmissionCurve}
# - {SOURCE: Materion (DM-46256)}
# - {DETECTOR: 87}
# - {FILTER: z_20}
# - {CALIB_ID: 'calibDate=1970-01-01T00:00:00 filter=z_20 detector=87'}
# - {DATE: '2025-04-02T15:59:49.042298'}
# - {CALIB_CREATION_DATE: '2025-04-02'}
# - {CALIB_CREATION_TIME: '15:59:49'}
# - __serialized_columns__:
#     efficiency:
#       __class__: astropy.units.quantity.Quantity
#       unit: !astropy.units.Unit {unit: '%'}
#       value: !astropy.table.SerializedColumn {name: efficiency}
#     wavelength:
#       __class__: astropy.units.quantity.Quantity
#       unit: !astropy.units.Unit {unit: nm}
#       value: !astropy.table.SerializedColumn {name: wavelength}
# schema: astropy-2.0
wavelength efficiency
[from data line 597]
897.0 99.49682354927063
898.0 98.74576330184937
899.0 98.63804578781128
900.0 98.8307237625122
901.0 99.36426877975464
902.0 99.1366982460022
903.0 98.95298480987549
904.0 97.91260957717896
905.0 98.77521395683289
906.0 98.26117753982544
907.0 98.89857769012451
908.0 98.37045073509216
909.0 98.50992560386658
910.0 97.98777103424072
911.0 97.20422029495239
912.0 96.08914256095886
913.0 95.26691436767578
914.0 92.87026524543762
915.0 90.77125787734985
916.0 88.64685893058777
917.0 87.13560700416565
918.0 83.80174040794373
919.0 82.50398635864258
920.0 80.00792264938354
921.0 76.20540261268616
922.0 72.06910252571106
923.0 66.69595837593079
924.0 61.09108924865723
925.0 55.675697326660156
926.0 49.70413148403168
927.0 42.823976278305054
928.0 36.87376081943512
929.0 30.69518208503723
930.0 24.939098954200745
931.0 19.76456344127655
932.0 14.211243391036987
933.0 9.782730042934418
934.0 6.401237845420837
935.0 3.9509452879428864
936.0 2.2116363048553467
937.0 1.3594778254628181
938.0 0.774977495893836
939.0 0.5200868472456932
940.0 0.38973730988800526
941.0 0.30217256862670183
942.0 0.07496425532735884
943.0 0.16876542940735817
944.0 0.012182616046629846
945.0 1.5842839193314084e-10
946.0 0.057490350445732474
947.0 0.005401385715231299
948.0 1.5842839193314084e-10
949.0 0.07344175828620791
950.0 0.004553647886496037
951.0 1.5842839193314084e-10
952.0 1.5842839193314084e-10
953.0 1.5842839193314084e-10
954.0 1.5842839193314084e-10
955.0 0.02020765095949173
956.0 0.023227426572702825
957.0 1.5842839193314084e-10
958.0 1.5842839193314084e-10
959.0 0.1100169843994081
960.0 1.5842839193314084e-10
961.0 1.5842839193314084e-10
962.0 0.0013760137335339095
963.0 0.04374174168333411
964.0 0.04130809975322336
965.0 0.004561142122838646
966.0 1.5842839193314084e-10
967.0 1.5842839193314084e-10
968.0 0.04616495280060917
969.0 1.5842839193314084e-10
970.0 1.5842839193314084e-10
971.0 1.5842839193314084e-10
972.0 1.5842839193314084e-10
973.0 1.5842839193314084e-10
974.0 1.5842839193314084e-10
975.0 1.5842839193314084e-10
976.0 0.0064541854953859
977.0 0.006467272760346532
978.0 0.006480360752902925
979.0 0.006246288103284314
980.0 0.006012216181261465
981.0 0.005849991066497751
982.0 0.005687765224138275
983.0 0.0056455384765286
984.0 0.005603311365121044
985.0 0.0053720781579613686
986.0 0.005140844950801693
987.0 0.005124026210978627
988.0 0.005107207107357681
989.0 0.004976350101060234
990.0 0.004845493822358549
991.0 0.0048634832637617365
992.0 0.0048814723413670436
993.0 0.0047942245146259665
994.0 0.004706976324087009
995.0 0.004639168037101626
996.0 0.004571359386318363
997.0 0.004516501940088347
998.0 0.004461644130060449
999.0 0.004415698640514165
1000.0 0.00436975278717
1001.0 0.004367372821434401
1002.0 0.004364993219496682
1003.0 0.004373770207166672
1004.0 0.004382547194836661
1005.0 0.004420054392539896
1006.0 0.004457561954041012
1007.0 0.004455064481589943
1008.0 0.004452566645340994
1009.0 0.004383106352179311
1010.0 0.004313646059017628
1011.0 0.004360814273240976
1012.0 0.004407982123666443
1013.0 0.00440085532318335
1014.0 0.004393728522700258
1015.0 0.004458782859728672
1016.0 0.004523836832959205
1017.0 0.004500705108512193
1018.0 0.004477573384065181
1019.0 0.0044947901187697425
1020.0 0.004512006853474304
1021.0 0.004619102037395351
1022.0 0.0047261968575185165
1023.0 0.004640072074835189
1024.0 0.004553947292151861
1025.0 0.0045938315452076495
1026.0 0.004633715798263438
1027.0 0.004682290455093607
1028.0 0.004730865111923777
1029.0 0.004629843169823289
1030.0 0.0045288208639249206
1031.0 0.0046499870222760364
1032.0 0.004771153180627152
1033.0 0.004814402564079501
1034.0 0.004857651947531849
1035.0 0.005003563273930922
1036.0 0.005149474600329995
1037.0 0.005393421452026814
1038.0 0.005637368667521514
1039.0 0.005607486673397943
1040.0 0.005577604679274373
1041.0 0.005543504448723979
1042.0 0.005509403490577824
1043.0 0.005642269388772547
1044.0 0.005775134923169389
1045.0 0.006044692418072373
1046.0 0.006314249912975356
1047.0 0.006274863699218258
1048.0 0.006235476757865399
1049.0 0.0063156352553050965
1050.0 0.006395793752744794
1051.0 0.006582066998817027
1052.0 0.006768340244889259
1053.0 0.007093839667504653
1054.0 0.007419339817715809
1055.0 0.007324782927753404
1056.0 0.007230226037790999
1057.0 0.007418008317472413
1058.0 0.007605791324749589
1059.0 0.00783604264142923
1060.0 0.008066293958108872
1061.0 0.008374289609491825
1062.0 0.008682285260874778
1063.0 0.009041520388564095
1064.0 0.009400756243849173
1065.0 0.009642077202443033
1066.0 0.009883398888632655
1067.0 0.00988646424957551
1068.0 0.009889528882922605
1069.0 0.01018388502416201
1070.0 0.010478240437805653
1071.0 0.010504371311981231
1072.0 0.010530503641348332
1073.0 0.01099451255868189
1074.0 0.011458521476015449
1075.0 0.011453617480583489
1076.0 0.011448712029960006
1077.0 0.012125031207688153
1078.0 0.012801347475033253
1079.0 0.01304339530179277
1080.0 0.013285441673360765
1081.0 0.013868827954865992
1082.0 0.01445221423637122
1083.0 0.014761589409317821
1084.0 0.015070967492647469
1085.0 0.014946877490729094
1086.0 0.014822787488810718
1087.0 0.015404274745378643
1088.0 0.01598576345713809
1089.0 0.016507496184203774
1090.0 0.017029228911269456
1091.0 0.016921413771342486
1092.0 0.016813598631415516
1093.0 0.017722428310662508
1094.0 0.0186312579899095
1095.0 0.019118943600915372
1096.0 0.019606627756729722
1097.0 0.020010281878057867
1098.0 0.020413937454577535
1099.0 0.021078849385958165
1100.0 0.02174375840695575
1101.0 0.022716810053680092
1102.0 0.023689861700404435
1103.0 0.024821487022563815
1104.0 0.025953107979148626
1105.0 0.026178464759141207
1106.0 0.026403821539133787
1107.0 0.027000586851499975
1108.0 0.027597355074249208
1109.0 0.028760649729520082
1110.0 0.029923944384790957
1111.0 0.029642743174917996
1112.0 0.02936154487542808
1113.0 0.03055660636164248
1114.0 0.031751664937473834
1115.0 0.03248177526984364
1116.0 0.0332118826918304
1117.0 0.03468040958978236
1118.0 0.03614893648773432
1119.0 0.03808904148172587
1120.0 0.040029146475717425
1121.0 0.040863026515580714
1122.0 0.04169690946582705
1123.0 0.0424913625465706
1124.0 0.043285818537697196
1125.0 0.04472036671359092
1126.0 0.0461549119791016
1127.0 0.048931880155578256
1128.0 0.05170884542167187
1129.0 0.05302809295244515
1130.0 0.05434734630398452
1131.0 0.05822635139338672
1132.0 0.06210535648278892
1133.0 0.06259115180000663
1134.0 0.06307694129645824
1135.0 0.06727795116603374
1136.0 0.07147896685637534
1137.0 0.0764758326113224
1138.0 0.08147271000780165
1139.0 0.08391170995309949
1140.0 0.08635071571916342
1141.0 0.09899338474497199
1142.0 0.11163605377078056
1143.0 0.13966906117275357
1144.0 0.16770206857472658
1145.0 0.3357485868036747
1146.0 0.5037950817495584
1147.0 1.021668128669262
1148.0 1.5395412221550941
1149.0 1.6617044806480408
1150.0 1.783868484199047
