lsstCam/transmission_filter_detector/r21_s20/z_20/19700101T000000.ecsv
# %ECSV 1.0
# ---
# datatype:
# - {name: wavelength, unit: nm, datatype: float32}
# - {name: efficiency, unit: '%', datatype: float64}
# meta: !!omap
# - {MODE: DETECTOR}
# - {TYPE: transmission_filter_detector}
# - {CALIBDATE: '1970-01-01T00:00:00'}
# - {INSTRUME: LSSTCam}
# - {OBSTYPE: transmission_filter_detector}
# - {CALIBCLS: lsst.ip.isr.IntermediateFilterDetectorTransmissionCurve}
# - {SOURCE: Materion (DM-46256)}
# - {DETECTOR: 87}
# - {FILTER: z_20}
# - {CALIB_ID: 'calibDate=1970-01-01T00:00:00 filter=z_20 detector=87'}
# - {DATE: '2025-04-02T15:59:49.042298'}
# - {CALIB_CREATION_DATE: '2025-04-02'}
# - {CALIB_CREATION_TIME: '15:59:49'}
# - __serialized_columns__:
#     efficiency:
#       __class__: astropy.units.quantity.Quantity
#       unit: !astropy.units.Unit {unit: '%'}
#       value: !astropy.table.SerializedColumn {name: efficiency}
#     wavelength:
#       __class__: astropy.units.quantity.Quantity
#       unit: !astropy.units.Unit {unit: nm}
#       value: !astropy.table.SerializedColumn {name: wavelength}
# schema: astropy-2.0
wavelength efficiency
300.0 0.38948003202676773
301.0 0.33509712666273117
302.0 0.280714244581759
303.0 0.24599777534604073
304.0 0.2112812828272581
305.0 0.1859404845163226
306.0 0.16059966292232275
307.0 0.14350187266245484
308.0 0.12640409404411912
309.0 0.129550916608423
310.0 0.13269775081425905
311.0 0.11993200751021504
312.0 0.10716627584770322
313.0 0.1056380569934845
314.0 0.10410981485620141
315.0 0.09285195264965296
316.0 0.0815940904431045
317.0 0.07493970915675163
318.0 0.06828532204963267
319.0 0.0685360049828887
320.0 0.06878668791614473
321.0 0.062160176457837224
322.0 0.05553366499952972
323.0 0.054219685262069106
324.0 0.052905711345374584
325.0 0.047106583951972425
326.0 0.041307456558570266
327.0 0.0404559017624706
328.0 0.039604344055987895
329.0 0.03703514230437577
330.0 0.03446594055276364
331.0 0.032220149296335876
332.0 0.029974355129525065
333.0 0.028550380375236273
334.0 0.02712640562094748
335.0 0.026673704269342124
336.0 0.026221000007353723
337.0 0.02309623232576996
338.0 0.019971463188994676
339.0 0.019815409905277193
340.0 0.019659355166368186
341.0 0.01833073765737936
342.0 0.017002121603582054
343.0 0.015690481814090163
344.0 0.014378843479789793
345.0 0.013658484385814518
346.0 0.012938126747030765
347.0 0.013326700718607754
348.0 0.01371527323499322
349.0 0.014142047439236194
350.0 0.014568820188287646
351.0 0.013460010814014822
352.0 0.012351199984550476
353.0 0.013606577704194933
354.0 0.01486195542383939
355.0 0.012734896154142916
356.0 0.010607833974063396
357.0 0.010500377538846806
358.0 0.010392921831225976
359.0 0.010154202755074948
360.0 0.009915484406519681
361.0 0.009423404117114842
362.0 0.008931326010497287
363.0 0.008336296014022082
364.0 0.007741266745142639
365.0 0.0077503922511823475
366.0 0.007759518484817818
367.0 0.008046717994147912
368.0 0.008333918958669528
369.0 0.008586067997384816
370.0 0.008838215580908582
371.0 0.00811899226391688
372.0 0.007399766764137894
373.0 0.006647591362707317
374.0 0.0058954163250746205
375.0 0.005821554077556357
376.0 0.005747691466240212
377.0 0.006219831993803382
378.0 0.00669197179377079
379.0 0.005965976743027568
380.0 0.005239980964688584
381.0 0.004990704474039376
382.0 0.004741427983390167
383.0 0.004839116445509717
384.0 0.004936805271427147
385.0 0.0046107612433843315
386.0 0.004284717215341516
387.0 0.004644456203095615
388.0 0.005004195190849714
389.0 0.004690856076194905
390.0 0.004377517325337976
391.0 0.003945441858377308
392.0 0.003513366391416639
393.0 0.004119699951843359
394.0 0.004726033876067959
395.0 0.004310530493967235
396.0 0.003895027475664392
397.0 0.003941095928894356
398.0 0.003987163654528558
399.0 0.004091609662282281
400.0 0.004196056033833884
401.0 0.004371063914732076
402.0 0.004546071795630269
403.0 0.004700533099821769
404.0 0.004854994040215388
405.0 0.004355289274826646
406.0 0.003855584145640023
407.0 0.00338205682055559
408.0 0.0029085296773700975
409.0 0.0028916501833009534
410.0 0.0028747708711307496
411.0 0.003210409704479389
412.0 0.003546048901625909
413.0 0.0034414453693898395
414.0 0.00333684183715377
415.0 0.003563791688065976
416.0 0.0037907415389781818
417.0 0.0035154233046341687
418.0 0.0032401050702901557
419.0 0.003039017792616505
420.0 0.002837930696841795
421.0 0.0034492160921217874
422.0 0.004060501305502839
423.0 0.004067517147632316
424.0 0.004074533353559673
425.0 0.0031680399843025953
426.0 0.002261546796944458
427.0 0.0026288427761755884
428.0 0.0029961385735077783
429.0 0.002764276177913416
430.0 0.0025324139642179944
431.0 0.0017364747691317461
432.0 0.0009405354830960277
433.0 0.0016569927538512275
434.0 0.0023734501155558974
435.0 0.0025588447897462174
436.0 0.002744239282037597
437.0 0.0024366700017708354
438.0 0.0021291005396051332
439.0 0.0022722932044416666
440.0 0.0024154858692782
441.0 0.002262613816128578
442.0 0.002109741762978956
443.0 0.0023428932763636112
444.0 0.0025760449716472067
445.0 0.0027555370252230205
446.0 0.0029350290787988342
447.0 0.002657308868947439
448.0 0.0023795892047928646
449.0 0.002187554673582781
450.0 0.0019955201423726976
451.0 0.0021279322027112357
452.0 0.002260344263049774
453.0 0.0019646380678750575
454.0 0.0016689315089024603
455.0 0.0019273729776614346
456.0 0.002185814446420409
457.0 0.0018497710698284209
458.0 0.0015137278751353733
459.0 0.001760140003170818
460.0 0.002006552131206263
461.0 0.0015892968804109842
462.0 0.0011720417205651756
463.0 0.0014436613128054887
464.0 0.0017152811778942123
465.0 0.0015458568668691441
466.0 0.0013764328286924865
467.0 0.0014639878827438224
468.0 0.0015515426639467478
469.0 0.0013049177141510881
470.0 0.0010582926734059583
471.0 0.0011779807209677529
472.0 0.0012976687685295474
473.0 0.001260814860870596
474.0 0.0012239608622621745
475.0 0.0013680320989806205
476.0 0.0015121034266485367
477.0 0.0014022391951584723
478.0 0.0012923748727189377
479.0 0.0016360167137463577
480.0 0.0019796589185716584
481.0 0.0014929374628991354
482.0 0.0010062161891255528
483.0 0.0009437550943403039
484.0 0.0008812939086055849
485.0 0.001191261617350392
486.0 0.0015012293260951992
487.0 0.0015356230505858548
488.0 0.0015700168660259806
489.0 0.001979026092158165
490.0 0.0023880355001892895
491.0 0.00205317119252868
492.0 0.0017183072486659512
493.0 0.0018567523511592299
494.0 0.0019951978174503893
495.0 0.0017440621377318166
496.0 0.0014929261851648334
497.0 0.001509343655925477
498.0 0.0015257611266861204
499.0 0.0014103477951721288
500.0 0.001294934281759197
501.0 0.001106854233512422
502.0 0.0009187742762151174
503.0 0.0010952618140436243
504.0 0.0012717496247205418
505.0 0.0017645315892877989
506.0 0.0022573134629055858
507.0 0.0017028982256306335
508.0 0.0011484830793051515
509.0 0.0012535316272987984
510.0 0.0013585802662419155
511.0 0.0013764164577878546
512.0 0.0013942525583843235
513.0 0.001302158307225909
514.0 0.0012100643289159052
515.0 0.0010785794074763544
516.0 0.0009470945769862738
517.0 0.001221924503624905
518.0 0.0014967546121624764
519.0 0.0013646575098391622
520.0 0.001232560407515848
521.0 0.001333344516751822
522.0 0.001434128535038326
523.0 0.0012570303624670487
524.0 0.0010799321898957714
525.0 0.0010535167348280083
526.0 0.001027101188810775
527.0 0.0011907372027053498
528.0 0.0013543732165999245
529.0 0.0014093520803726278
530.0 0.0014643310350948013
531.0 0.0014925409232091624
532.0 0.0015207508113235235
533.0 0.001210491063829977
534.0 0.0009002313163364306
535.0 0.0010829947314050514
536.0 0.0012657583283726126
537.0 0.0014536567505274434
538.0 0.0016415551726822741
539.0 0.0015206719581328798
540.0 0.001399788470735075
541.0 0.0012476384654291905
542.0 0.001095488369173836
543.0 0.0010843235941138119
544.0 0.0010731588190537877
545.0 0.0010738685887190513
546.0 0.0010745781764853746
547.0 0.0014858647773507982
548.0 0.001897151378216222
549.0 0.0016939447959885001
550.0 0.0014907377590134274
551.0 0.0016395337297581136
552.0 0.0017883296095533296
553.0 0.002094698174914811
554.0 0.002401066740276292
555.0 0.0017790071069612168
556.0 0.0011569473826966714
557.0 0.001185818291560281
558.0 0.0012146894732723013
559.0 0.0011609363355091773
560.0 0.0011071831067965832
561.0 0.001195449112856295
562.0 0.0012837151189160068
563.0 0.001281938239117153
564.0 0.0012801611774193589
565.0 0.001649215118959546
566.0 0.002018269515247084
567.0 0.0021939338694210164
568.0 0.0023695982235949486
569.0 0.002482481431798078
570.0 0.002595364821900148
571.0 0.0024526620109099895
572.0 0.0023099588361219503
573.0 0.0019424713173066266
574.0 0.0015749839803902432
575.0 0.0018591714251670055
576.0 0.002143359051842708
577.0 0.002108998342009727
578.0 0.002074637814075686
579.0 0.0020647143173846416
580.0 0.002054790820693597
581.0 0.0019523082301020622
582.0 0.0018498252757126465
583.0 0.0020243023755028844
584.0 0.0021987794752931222
585.0 0.002278960710100364
586.0 0.0023591419449076056
587.0 0.0019154147594235837
588.0 0.0014716872101416811
589.0 0.0016019259419408627
590.0 0.0017321648556389846
591.0 0.0017314358046860434
592.0 0.0017307065718341619
593.0 0.0012699315448116977
594.0 0.0008091566087387037
595.0 0.000979316155280685
596.0 0.0011494757018226665
597.0 0.0009710280210128985
598.0 0.0007925804311526008
599.0 0.000951526453718543
600.0 0.0011104724762844853
601.0 0.0010382434993516654
602.0 0.0009660145224188454
603.0 0.0013235551705292892
604.0 0.001681095818639733
605.0 0.0012895639883936383
606.0 0.000898032340046484
607.0 0.0009693593710835557
608.0 0.0010406864930700976
609.0 0.0010664563887985423
610.0 0.001092226284526987
611.0 0.0011202732821402606
612.0 0.001148320188804064
613.0 0.0010944743735308293
614.0 0.0010406285582575947
615.0 0.0012587832316057757
616.0 0.0014769378140044864
617.0 0.0015657504263799638
618.0 0.001654562947805971
619.0 0.0016819223674247041
620.0 0.0017092817870434374
621.0 0.0018827262465492822
622.0 0.0020561703422572464
623.0 0.0015746931239846162
624.0 0.0010932156328635756
625.0 0.00129590034703142
626.0 0.001498585243098205
627.0 0.0016447640518890694
628.0 0.0017909431335283443
629.0 0.0018463093510945328
630.0 0.001901675932458602
631.0 0.0022708911274094135
632.0 0.002640106322360225
633.0 0.0028729051336995326
634.0 0.0031057035812409595
635.0 0.005750171476393007
636.0 0.008394639735342935
637.0 0.015114416601136327
638.0 0.02183419419452548
639.0 0.019984491518698633
640.0 0.018134794663637877
641.0 0.015560613246634603
642.0 0.012986434740014374
643.0 0.009569626854499802
644.0 0.00615281896898523
645.0 0.006401509017450735
646.0 0.00665019906591624
647.0 0.006415839015971869
648.0 0.00618147969362326
649.0 0.004841371264774352
650.0 0.0035012631997233257
651.0 0.0036569734220393
652.0 0.0038126836443552747
653.0 0.003144671063637361
654.0 0.0024766581191215664
655.0 0.002386438791290857
656.0 0.0022962194634601474
657.0 0.0025848499717540108
658.0 0.002873480480047874
659.0 0.002301127642567735
660.0 0.0017287749869865365
661.0 0.001973263715626672
662.0 0.0022177520804689266
663.0 0.001954335493792314
664.0 0.001690919089014642
665.0 0.0017336749806418084
666.0 0.0017764306903700344
667.0 0.0020440336811589077
668.0 0.0023116363081499003
669.0 0.0018341497707297094
670.0 0.001356662960461108
671.0 0.0014008675861987285
672.0 0.001445072211936349
673.0 0.0014209034816303756
674.0 0.0013967347513244022
675.0 0.0014135711353446823
676.0 0.0014304074284154922
677.0 0.0015996565707609989
678.0 0.0017689060769043863
679.0 0.0015811952835065313
680.0 0.001393484308209736
681.0 0.001696369145065546
682.0 0.001999253981921356
683.0 0.002426541868771892
684.0 0.0028538299375213683
685.0 0.0025706107408041134
686.0 0.0022873915440868586
687.0 0.0017553224097355269
688.0 0.0012232529115863144
689.0 0.0017460273738834076
690.0 0.002268802018079441
691.0 0.002226900869573001
692.0 0.0021849995391676202
693.0 0.0024326298444066197
694.0 0.0026802605134435
695.0 0.0030411785701289773
696.0 0.003402096626814455
697.0 0.003715799539349973
698.0 0.004029502815683372
699.0 0.005409842560766265
700.0 0.006790179759263992
701.0 0.0069127716415096074
702.0 0.0070353620685637
703.0 0.006276237400015816
704.0 0.005517113459063694
705.0 0.004705669198301621
706.0 0.003894224573741667
707.0 0.0035192992072552443
708.0 0.003144373476970941
709.0 0.003697205102071166
710.0 0.004250036727171391
711.0 0.004071518560522236
712.0 0.0038930007576709613
713.0 0.0030161903850967064
714.0 0.002139379648724571
715.0 0.0022502257706946693
716.0 0.002361071892664768
717.0 0.0019348630303284153
718.0 0.001508654258941533
719.0 0.001526675623608753
720.0 0.001544696897326503
721.0 0.0012969994713785127
722.0 0.001049301863531582
723.0 0.0014423418178921565
724.0 0.001835381772252731
725.0 0.001514442283223616
726.0 0.001193502885143971
727.0 0.0011200095286767464
728.0 0.0010465160812600516
729.0 0.0011838523278129287
730.0 0.0013211884834163357
731.0 0.0011965836165472865
732.0 0.0010719787496782374
733.0 0.0013840285646438133
734.0 0.0016960784705588594
735.0 0.0016692487406544387
736.0 0.001642419010750018
737.0 0.0016108981071738526
738.0 0.0015793772035976872
739.0 0.0016217094525927678
740.0 0.001664041519688908
741.0 0.0015346287909778766
742.0 0.0014052162441657856
743.0 0.0016832320397952572
744.0 0.001961248017323669
745.0 0.0018154452845919877
746.0 0.0016696427337592468
747.0 0.0018113765690941364
748.0 0.0019531105863279663
749.0 0.0025807870770222507
750.0 0.0032084637496154755
751.0 0.0028530375857371837
752.0 0.0024976112399599515
753.0 0.002626132481964305
754.0 0.0027546537239686586
755.0 0.0021124742488609627
756.0 0.001470294864702737
757.0 0.002082121864077635
758.0 0.0026939489544020034
759.0 0.0028566530090756714
760.0 0.003019356881850399
761.0 0.004665579763241112
762.0 0.006311804463621229
763.0 0.006081717947381549
764.0 0.005851632886333391
765.0 0.005168562711332925
766.0 0.0044854936277261
767.0 0.004201977208140306
768.0 0.003918460788554512
769.0 0.0044638978579314426
770.0 0.005009334927308373
771.0 0.005029363455832936
772.0 0.005049391984357499
773.0 0.004515741602517664
774.0 0.00398209122067783
775.0 0.0011797590559581295
776.0 0.044280526344664395
777.0 1.5842839193314084e-10
778.0 0.07699718698859215
779.0 0.05968458135612309
780.0 0.04507026169449091
781.0 1.5842839193314084e-10
782.0 0.03831268404610455
783.0 0.01711116638034582
784.0 1.5842839193314084e-10
785.0 1.5842839193314084e-10
786.0 1.5842839193314084e-10
787.0 1.5842839193314084e-10
788.0 1.5842839193314084e-10
789.0 0.05514302174560726
790.0 0.028920240583829582
791.0 0.044731213711202145
792.0 1.5842839193314084e-10
793.0 0.003463172834017314
794.0 0.006966840010136366
795.0 0.0262463407125324
796.0 0.16598713118582964
797.0 0.07813785341568291
798.0 0.10793143883347511
799.0 0.1308934879489243
800.0 0.09609906119294465
801.0 0.21822957787662745
802.0 0.5302093923091888
803.0 0.8832746185362339
804.0 1.4826199039816856
805.0 2.2234171628952026
806.0 3.370790556073189
807.0 5.042913183569908
808.0 6.996779888868332
809.0 9.353399276733398
810.0 12.40646094083786
811.0 15.425439178943634
812.0 18.706634640693665
813.0 21.51574343442917
814.0 24.27084743976593
815.0 27.824339270591736
816.0 32.45716094970703
817.0 37.957972288131714
818.0 43.30035746097565
819.0 49.118611216545105
820.0 56.53901696205139
821.0 63.97658586502075
822.0 70.69260478019714
823.0 76.55414938926697
824.0 82.39874839782715
825.0 87.37643361091614
826.0 91.0568356513977
827.0 94.05001997947693
828.0 97.14935421943665
829.0 98.50165247917175
830.0 98.28974604606628
831.0 99.10520911216736
832.0 98.71477484703064
833.0 99.72048997879028
834.0 98.62310886383057
835.0 99.33978915214539
836.0 99.00559782981873
837.0 99.23439621925354
838.0 98.36741089820862
839.0 98.787522315979
840.0 98.74211549758911
841.0 99.77912306785583
842.0 100.02419948577881
843.0 100.08261203765869
844.0 98.5852599143982
845.0 98.83953332901001
846.0 99.16313886642456
847.0 98.65179657936096
848.0 99.77003335952759
849.0 98.94707202911377
850.0 98.26897382736206
851.0 99.332195520401
852.0 99.27940964698792
853.0 98.75736236572266
854.0 99.88650679588318
855.0 98.43079447746277
856.0 99.16208982467651
857.0 98.15792441368103
858.0 98.71929883956909
859.0 99.43057894706726
860.0 98.7320065498352
861.0 99.01328682899475
862.0 98.87164831161499
863.0 98.33461046218872
864.0 99.53685998916626
865.0 99.72885847091675
866.0 98.489511013031
867.0 99.43445920944214
868.0 99.46454167366028
869.0 98.81143569946289
870.0 98.04803729057312
871.0 98.96537065505981
872.0 99.43931102752686
873.0 99.25477504730225
874.0 99.65314865112305
875.0 99.03474450111389
876.0 99.08410906791687
877.0 99.59710836410522
878.0 99.15730953216553
879.0 98.87611865997314
880.0 98.68148565292358
881.0 100.10547637939453
882.0 99.01395440101624
883.0 99.28092956542969
884.0 99.30391907691956
885.0 99.12569522857666
886.0 98.93941283226013
887.0 98.79977703094482
888.0 98.90397787094116
889.0 99.72110986709595
890.0 98.3302116394043
891.0 99.32853579521179
892.0 99.01702404022217
893.0 98.81983399391174
894.0 98.34339618682861
895.0 99.56140518188477
