lsstCam/transmission_filter_detector/r33_s01/r_57/19700101T000000.ecsv
# %ECSV 1.0
# ---
# datatype:
# - {name: wavelength, unit: nm, datatype: float32}
# - {name: efficiency, unit: '%', datatype: float64}
# meta: !!omap
# - {MODE: DETECTOR}
# - {TYPE: transmission_filter_detector}
# - {CALIBDATE: '1970-01-01T00:00:00'}
# - {INSTRUME: LSSTCam}
# - {OBSTYPE: transmission_filter_detector}
# - {CALIBCLS: lsst.ip.isr.IntermediateFilterDetectorTransmissionCurve}
# - {SOURCE: Materion (DM-46256)}
# - {DETECTOR: 145}
# - {FILTER: r_57}
# - {CALIB_ID: 'calibDate=1970-01-01T00:00:00 filter=r_57 detector=145'}
# - {DATE: '2025-04-02T15:59:44.856399'}
# - {CALIB_CREATION_DATE: '2025-04-02'}
# - {CALIB_CREATION_TIME: '15:59:44'}
# - __serialized_columns__:
#     efficiency:
#       __class__: astropy.units.quantity.Quantity
#       unit: !astropy.units.Unit {unit: '%'}
#       value: !astropy.table.SerializedColumn {name: efficiency}
#     wavelength:
#       __class__: astropy.units.quantity.Quantity
#       unit: !astropy.units.Unit {unit: nm}
#       value: !astropy.table.SerializedColumn {name: wavelength}
# schema: astropy-2.0
wavelength efficiency
[from data line 602]
902.0 1.2606092525402346e-05
903.0 1.5798786974843826e-10
904.0 1.5798786974843826e-10
905.0 1.5798786974843826e-10
906.0 4.0361888409279345e-05
907.0 0.0001468536652282637
908.0 0.00021061550796730444
909.0 0.0002743773393376614
910.0 0.0001244118038812303
911.0 1.5798786974843826e-10
912.0 7.17091211299703e-05
913.0 0.00016897199657250894
914.0 0.00010724090770963812
915.0 4.550982737328013e-05
916.0 5.835313459101599e-05
917.0 7.119642759789713e-05
918.0 0.00013708574897464132
919.0 0.00020297504761401797
920.0 0.00019535318642738275
921.0 0.00018773130250338
922.0 0.0002011773403864936
923.0 0.0002146233782696072
924.0 0.00016527827710888232
925.0 0.00011593313047342235
926.0 0.0001454837160963507
927.0 0.0001750342676132277
928.0 0.0001294451408284658
929.0 8.385599699067825e-05
930.0 0.00011358339406797313
931.0 0.00014331073998619104
932.0 7.584202990074118e-05
933.0 8.373311288778496e-06
934.0 1.5798786974843826e-10
935.0 1.5798786974843826e-10
936.0 1.5798786974843826e-10
937.0 6.725222760906036e-05
938.0 6.767249374206585e-05
939.0 6.809270871599438e-05
940.0 0.00011234805015192251
941.0 0.00015660331200706423
942.0 0.0002840029310391401
943.0 0.0004114026069146348
944.0 0.00028201131954119774
945.0 0.0001526200549051282
946.0 0.00035716252568818163
947.0 0.0005617050646833377
948.0 0.0003686948275571922
949.0 0.0001756847382239357
950.0 0.0003215643801013357
951.0 0.00046744412429688964
952.0 0.000585392035645782
953.0 0.0007033401288936147
954.0 0.000830665976536693
955.0 0.000957992142502917
956.0 0.0011671447282424197
957.0 0.0013762972230324522
958.0 0.0016249698091996834
959.0 0.001873642577265855
960.0 0.0019858600353472866
961.0 0.0020980774934287183
962.0 0.0022760137653676793
963.0 0.0024539498554077
964.0 0.0024683324227225967
965.0 0.0024827149900374934
966.0 0.0025439916498726234
967.0 0.0026052683097077534
968.0 0.0025656316211097874
969.0 0.0025259951144107617
970.0 0.002534391387598589
971.0 0.0025427876607864164
972.0 0.0026686473574955016
973.0 0.002794507599901408
974.0 0.002960037272714544
975.0 0.0031255669455276802
976.0 0.0030532668461091816
977.0 0.0029809663828928024
978.0 0.0030418383175856434
979.0 0.0031027102522784844
980.0 0.0031187079002847895
981.0 0.003134705184493214
982.0 0.0030875515221850947
983.0 0.003040397677978035
984.0 0.002854074409697205
985.0 0.0026677509595174342
986.0 0.0025792449378059246
987.0 0.002490738916094415
988.0 0.0024948092686827295
989.0 0.0024988799850689247
990.0 0.0025073493816307746
991.0 0.0025158187781926244
992.0 0.002497568311810028
993.0 0.002479318209225312
994.0 0.002552489058871288
995.0 0.002625660090416204
996.0 0.002670964749995619
997.0 0.0027162695914739743
998.0 0.0028843642212450504
999.0 0.0030524592148140073
1000.0 0.003110133548034355
1001.0 0.003167807881254703
1002.0 0.003406995165278204
1003.0 0.003646182085503824
1004.0 0.003688353899633512
1005.0 0.003730525349965319
1006.0 0.0038934693293413147
1007.0 0.004056413672515191
1008.0 0.0041158047679346055
1009.0 0.0041751962271519005
1010.0 0.004108623033971526
1011.0 0.004042050204589032
1012.0 0.0039894286601338536
1013.0 0.0039368071156786755
1014.0 0.0037646179407602176
1015.0 0.0035924280382459983
1016.0 0.003295082933618687
1017.0 0.002997737828991376
1018.0 0.0027645031877909787
1019.0 0.002531268728489522
1020.0 0.002292077806487214
1021.0 0.0020528868844849057
1022.0 0.0017605023458600044
1023.0 0.0014681178981845733
1024.0 0.0013002919331484009
1025.0 0.0011324658771627583
1026.0 0.0010049157026514877
1027.0 0.0008773656190896872
1028.0 0.0008878225344233215
1029.0 0.0008982795407064259
1030.0 0.0009387490536028054
1031.0 0.000979218657448655
1032.0 0.0009321079232904594
1033.0 0.0008849971891322639
1034.0 0.000721736614650581
1035.0 0.0005584757673204876
1036.0 0.0005608119863609318
1037.0 0.000563148250876111
1038.0 0.0006470266271207947
1039.0 0.0007309050033654785
1040.0 0.0006314745405688882
1041.0 0.0005320439868228277
1042.0 0.0005520108061318751
1043.0 0.0005719775799661875
1044.0 0.0007020333214313723
1045.0 0.0008320890628965572
1046.0 0.0008884722774382681
1047.0 0.0009448556738789193
1048.0 0.0007588038897665683
1049.0 0.0005727522875531577
1050.0 0.0008630188858660404
1051.0 0.001153285484178923
1052.0 0.0010160726560570765
1053.0 0.0008788591003394686
1054.0 0.0007961269147926942
1055.0 0.0007133945473469794
1056.0 0.0007061449196044123
1057.0 0.000698895200912375
1058.0 0.0008903498383006081
1059.0 0.0010818042028404307
1060.0 0.000992709738056874
1061.0 0.0009036150913743768
1062.0 0.00123140207506367
1063.0 0.0015591889678034931
1064.0 0.0014508477761410177
1065.0 0.0013425066754280124
1066.0 0.0017283498891629279
1067.0 0.002114193011948373
1068.0 0.0021283369278535247
1069.0 0.002142480298061855
1070.0 0.0023061042156768963
1071.0 0.0024697283151908778
1072.0 0.002043170024990104
1073.0 0.0016166111890925094
1074.0 0.0019062434148509055
1075.0 0.0021958754587103613
1076.0 0.002569315620348789
1077.0 0.002942755600088276
1078.0 0.0030966592021286488
1079.0 0.0032505628041690215
1080.0 0.0037653986510122195
1081.0 0.004280234497855417
1082.0 0.0041246636101277545
1083.0 0.003969092358602211
1084.0 0.004108000939595513
1085.0 0.004246908792993054
1086.0 0.003963240305893123
1087.0 0.003679571091197431
1088.0 0.00357600292772986
1089.0 0.003472434764262289
1090.0 0.002904235589085147
1091.0 0.0023360362320090644
1092.0 0.003580232078093104
1093.0 0.004824427742278203
1094.0 0.004257003820384853
1095.0 0.003689579534693621
1096.0 0.0035570297768572345
1097.0 0.0034244803828187287
1098.0 0.0038914658944122493
1099.0 0.004358451769803651
1100.0 0.0034910950489575043
1101.0 0.0026237381462124176
