lsstCam/transmission_filter_detector/r33_s01/r_57/19700101T000000.ecsv
# %ECSV 1.0
# ---
# datatype:
# - {name: wavelength, unit: nm, datatype: float32}
# - {name: efficiency, unit: '%', datatype: float64}
# meta: !!omap
# - {MODE: DETECTOR}
# - {TYPE: transmission_filter_detector}
# - {CALIBDATE: '1970-01-01T00:00:00'}
# - {INSTRUME: LSSTCam}
# - {OBSTYPE: transmission_filter_detector}
# - {CALIBCLS: lsst.ip.isr.IntermediateFilterDetectorTransmissionCurve}
# - {SOURCE: Materion (DM-46256)}
# - {DETECTOR: 145}
# - {FILTER: r_57}
# - {CALIB_ID: 'calibDate=1970-01-01T00:00:00 filter=r_57 detector=145'}
# - {DATE: '2025-04-02T15:59:44.856399'}
# - {CALIB_CREATION_DATE: '2025-04-02'}
# - {CALIB_CREATION_TIME: '15:59:44'}
# - __serialized_columns__:
#     efficiency:
#       __class__: astropy.units.quantity.Quantity
#       unit: !astropy.units.Unit {unit: '%'}
#       value: !astropy.table.SerializedColumn {name: efficiency}
#     wavelength:
#       __class__: astropy.units.quantity.Quantity
#       unit: !astropy.units.Unit {unit: nm}
#       value: !astropy.table.SerializedColumn {name: wavelength}
# schema: astropy-2.0
wavelength efficiency
300.0 0.002094116098305676
301.0 0.0048634006816428155
302.0 0.007632684719283134
303.0 0.009903286991175264
304.0 0.012173890718258917
305.0 0.011073349742218852
306.0 0.009972809493774548
307.0 0.007991764141479507
308.0 0.006010718061588705
309.0 0.0053483148803934455
310.0 0.004685911335400306
311.0 0.004642609928851016
312.0 0.004599308522301726
313.0 0.004532439197646454
314.0 0.004465568417799659
315.0 0.00428739695053082
316.0 0.004109224391868338
317.0 0.003804142033914104
318.0 0.003499058584566228
319.0 0.0030189681638148613
320.0 0.002538877379265614
321.0 0.0025619570806156844
322.0 0.0025850369638646953
323.0 0.002402903737674933
324.0 0.002220769783889409
325.0 0.002077611497952603
326.0 0.0019344533939147368
327.0 0.0019741381038329564
328.0 0.0020138231775490567
329.0 0.0021452002329169773
330.0 0.002276577288284898
331.0 0.0022049789549782872
332.0 0.0021333806216716766
333.0 0.0019119230273645371
334.0 0.0016904654330573976
335.0 0.0015402745702886023
336.0 0.001390083798469277
337.0 0.001293878085562028
338.0 0.0011976723726547789
339.0 0.001030128350976156
340.0 0.0008625842383480631
341.0 0.0008657956641400233
342.0 0.0008690069989825133
343.0 0.0007588492280774517
344.0 0.0006486913207481848
345.0 0.0006558630957442801
346.0 0.0006630348707403755
347.0 0.0006473700068454491
348.0 0.0006317050520010525
349.0 0.0006480070169345709
350.0 0.0024056187612586655
351.0 0.0048702306230552495
352.0 0.007334841939155012
353.0 0.007094263128237799
354.0 0.006853685044916347
355.0 0.005166838673176244
356.0 0.0034799915738403797
357.0 0.0033648560929577798
358.0 0.00324972061207518
359.0 0.0034345939639024436
360.0 0.0036194673157297075
361.0 0.002784972639346961
362.0 0.0019504779629642144
363.0 0.0019483373762341216
364.0 0.0019461969714029692
365.0 0.001077952310879482
366.0 0.00020970796867914032
367.0 0.0015715353583800606
368.0 0.0029333625207073055
369.0 0.003198553531547077
370.0 0.0034637436328921467
371.0 0.003258826836827211
372.0 0.0030539100407622755
373.0 0.0025154688046313822
374.0 0.0019770273866015486
375.0 0.00126451559481211
376.0 0.0005520038939721417
377.0 0.0017173077139887027
378.0 0.0028826114430557936
379.0 0.0024253315132227726
380.0 0.0019680519471876323
381.0 0.002275580663990695
382.0 0.002583109562692698
383.0 0.003248296707170084
384.0 0.00391348366974853
385.0 0.00448534483439289
386.0 0.005057205999037251
387.0 0.0045426546421367675
388.0 0.004028103649034165
389.0 0.00333762145601213
390.0 0.0026471387172932737
391.0 0.0023853763195802458
392.0 0.002123614467564039
393.0 0.0019304068700876087
394.0 0.0017371996364090592
395.0 0.0013591742572316434
396.0 0.0009811489690036979
397.0 0.0008004262781469151
398.0 0.0006197036327648675
399.0 0.0006869314802315785
400.0 0.0007541594641224947
401.0 0.0007959187314554583
402.0 0.000837677998788422
403.0 0.0007618454219482373
404.0 0.0006860129360575229
405.0 0.001165738285635598
406.0 0.0016454638171126135
407.0 0.0015648392945877276
408.0 0.0014842145901639014
409.0 0.0009659333045419771
410.0 0.00044765224629372824
411.0 0.0008935908226703759
412.0 0.0013395295354712289
413.0 0.0015715258996351622
414.0 0.0018035223547485657
415.0 0.0019431592590990476
416.0 0.00208279634534847
417.0 0.0016223100828938186
418.0 0.0011618238204391673
419.0 0.0018298826034879312
420.0 0.0024979410227388144
421.0 0.0037801011785632
422.0 0.0050622613343875855
423.0 0.008214834815589711
424.0 0.011367406841600314
425.0 0.014912961341906339
426.0 0.018458515114616603
427.0 0.018869071209337562
428.0 0.019279630214441568
429.0 0.015245637041516602
430.0 0.011211643140995875
431.0 0.007646896847290918
432.0 0.0040821505535859615
433.0 0.0032583771826466545
434.0 0.002434603993606288
435.0 0.001980038723559119
436.0 0.0015254738173098303
437.0 0.0009968852282327134
438.0 0.000468296912004007
439.0 0.0006650464001722867
440.0 0.0008617958883405663
441.0 0.0009011153451865539
442.0 0.000940435074880952
443.0 0.001301893007621402
444.0 0.001663351031311322
445.0 0.0015395396985695697
446.0 0.0014157284567772876
447.0 0.0013592622053693049
448.0 0.0013027962268097326
449.0 0.0012067906027368736
450.0 0.0011107849786640145
451.0 0.0012394219083944336
452.0 0.0013680583833775017
453.0 0.0015715142581029795
454.0 0.0017749698599800467
455.0 0.0015037974662845954
456.0 0.0012326251635386143
457.0 0.0010070746611745562
458.0 0.0007815239769115578
459.0 0.0009381610652781092
460.0 0.0010947982445941307
461.0 0.0015029988389869686
462.0 0.001911199615278747
463.0 0.002732932807703037
464.0 0.003554666182026267
465.0 0.004544495095615275
466.0 0.005534322917810641
467.0 0.006037117782398127
468.0 0.006539912283187732
469.0 0.005692091872333549
470.0 0.004844271097681485
471.0 0.003680705776787363
472.0 0.00251714009209536
473.0 0.0017846636183094233
474.0 0.0010521867807256058
475.0 0.0006861796009616228
476.0 0.00032017235298553715
477.0 0.000542211591891828
478.0 0.0007642507625860162
479.0 0.0006665114597126376
480.0 0.000568772156839259
481.0 0.0005011530902265804
482.0 0.0004335340690886369
483.0 0.000514413159180549
484.0 0.0005952923856966663
485.0 0.0006688023404421983
486.0 0.0007423123406624654
487.0 0.0004291387085686438
488.0 0.0001159650878435059
489.0 0.00044079465624236036
490.0 0.0007656242814846337
491.0 0.0007517607627960388
492.0 0.0007378973805316491
493.0 0.0008344658454007003
494.0 0.0009310344466939569
495.0 0.000960510442382656
496.0 0.0009899862561724149
497.0 0.0009970423889171798
498.0 0.0010040986126114149
499.0 0.0010986163033521734
500.0 0.0011931342669413425
501.0 0.0011979869668721221
502.0 0.001202839303005021
503.0 0.0016590194718446583
504.0 0.0021151990949874744
505.0 0.0024757331630098633
506.0 0.002836267049133312
507.0 0.003581116470741108
508.0 0.0043259660742478445
509.0 0.004635663208318874
510.0 0.004945361433783546
511.0 0.004668125984608196
512.0 0.004390890899230726
513.0 0.003698132059071213
514.0 0.0030053734008106403
515.0 0.002749310078797862
516.0 0.002493246574886143
517.0 0.0025954872398870066
518.0 0.002697727359191049
519.0 1.5798786974843826e-10
520.0 0.009062014578375965
521.0 0.10119833750650287
522.0 0.0693625130224973
523.0 0.13307604240253568
524.0 0.09571952396072447
525.0 0.06995310541242361
526.0 0.1399742322973907
527.0 0.10968171991407871
528.0 0.11496866354718804
529.0 0.131020019762218
530.0 0.2233546692878008
531.0 0.1782100647687912
532.0 0.23008855059742928
533.0 0.2558961510658264
534.0 0.3392373211681843
535.0 0.35319982562214136
536.0 0.5454078316688538
537.0 0.7497449871152639
538.0 1.0891254991292953
539.0 1.7424765974283218
540.0 2.714639902114868
541.0 4.172734171152115
542.0 6.021301448345184
543.0 8.719798177480698
544.0 12.01988309621811
545.0 15.703995525836945
546.0 20.1158806681633
547.0 25.776737928390503
548.0 32.84621238708496
549.0 40.69741666316986
550.0 47.499799728393555
551.0 55.72397708892822
552.0 61.74002289772034
553.0 67.56145358085632
554.0 72.3212480545044
555.0 76.62035822868347
556.0 80.50877451896667
557.0 83.54504108428955
558.0 86.93969249725342
559.0 90.4023289680481
560.0 91.73545241355896
561.0 93.63113045692444
562.0 94.606614112854
563.0 94.46732997894287
564.0 95.11862993240356
565.0 94.948810338974
566.0 95.45161128044128
567.0 94.81808543205261
568.0 95.31956315040588
569.0 96.09925746917725
570.0 95.46322822570801
571.0 96.71606421470642
572.0 96.1845338344574
573.0 96.25844955444336
574.0 96.49616479873657
575.0 96.56623601913452
576.0 96.87227606773376
577.0 96.72120213508606
578.0 96.79140448570251
579.0 96.59836888313293
580.0 96.2570071220398
581.0 96.19847536087036
582.0 96.40401005744934
583.0 96.40606045722961
584.0 95.92851996421814
585.0 95.83951234817505
586.0 96.05830907821655
587.0 95.77177166938782
588.0 96.28600478172302
589.0 97.04293012619019
590.0 96.19089365005493
591.0 95.59112191200256
592.0 95.69812417030334
593.0 95.56545615196228
594.0 95.64894437789917
595.0 96.31461501121521
596.0 96.6932475566864
597.0 96.83210253715515
598.0 96.54788374900818
599.0 96.25601172447205
600.0 96.28204107284546
601.0 95.62630653381348
602.0 96.2324857711792
603.0 95.84681987762451
604.0 95.81383466720581
605.0 96.43157124519348
606.0 95.97507119178772
607.0 95.63117027282715
608.0 96.17853164672852
609.0 95.33717632293701
610.0 95.55641412734985
611.0 95.75997591018677
612.0 95.46611905097961
613.0 96.45494222640991
614.0 96.39526605606079
615.0 96.049565076828
616.0 96.31626009941101
617.0 96.07318639755249
618.0 96.002596616745
619.0 96.639084815979
620.0 95.67644596099854
621.0 95.59109807014465
622.0 95.95949053764343
623.0 96.25012278556824
624.0 95.92311382293701
625.0 96.61155939102173
626.0 95.77212333679199
627.0 94.77643370628357
628.0 96.87538743019104
629.0 94.9785828590393
630.0 95.95409631729126
631.0 95.66745162010193
632.0 96.55280709266663
633.0 96.26632332801819
634.0 95.3545868396759
635.0 95.61305046081543
636.0 95.62214016914368
637.0 95.33807635307312
638.0 94.98130083084106
639.0 95.19710540771484
640.0 95.22100687026978
641.0 95.11251449584961
642.0 95.63019871711731
643.0 95.70430517196655
644.0 95.41184902191162
645.0 96.03763222694397
646.0 95.62000036239624
647.0 96.66875004768372
648.0 96.0364580154419
649.0 95.20997405052185
650.0 95.91649174690247
651.0 96.37736678123474
652.0 96.48297429084778
653.0 95.53621411323547
654.0 95.7868218421936
655.0 96.16519212722778
656.0 95.55789232254028
657.0 95.65691351890564
658.0 95.9996223449707
659.0 95.91111540794373
660.0 95.00874876976013
661.0 95.0163185596466
662.0 95.2326774597168
663.0 95.49322724342346
664.0 95.46284079551697
665.0 95.24422287940979
666.0 94.95200514793396
667.0 95.33457159996033
668.0 94.71853971481323
669.0 95.67601680755615
670.0 95.14039158821106
671.0 95.3657329082489
672.0 95.26102542877197
673.0 95.16975283622742
674.0 94.70475912094116
675.0 94.97252702713013
676.0 94.45537328720093
677.0 93.65243911743164
678.0 93.05948615074158
679.0 92.53641366958618
680.0 91.55804514884949
681.0 90.13770818710327
682.0 87.98094391822815
683.0 85.2157473564148
684.0 81.87090754508972
685.0 78.38497757911682
686.0 74.50957298278809
687.0 70.06415724754333
688.0 65.54005742073059
689.0 60.89261770248413
690.0 55.5913507938385
691.0 51.2457013130188
692.0 46.5683251619339
693.0 42.29438304901123
694.0 37.481823563575745
695.0 32.38414227962494
696.0 27.37819254398346
697.0 22.527465224266052
698.0 16.728870570659637
699.0 12.243711948394775
700.0 8.673715591430664
701.0 5.579538643360138
702.0 3.5639774054288864
703.0 2.0460493862628937
704.0 1.1780284345149994
705.0 0.7360076997429132
706.0 0.45648589730262756
707.0 0.3082837909460068
708.0 0.20537436939775944
709.0 0.1692718593403697
710.0 0.08066398440860212
711.0 0.11548679322004318
712.0 0.09814335498958826
713.0 0.07878993055783212
714.0 0.08173041278496385
715.0 0.04748749197460711
716.0 0.06581597262993455
717.0 0.019248655007686466
718.0 0.04654673393815756
719.0 0.050646025920286775
720.0 1.5798786974843826e-10
721.0 0.0046403099986491725
722.0 0.004296400948078372
723.0 0.00395249153370969
724.0 0.0037946396332699805
725.0 0.003636787732830271
726.0 0.0033226431696675718
727.0 0.0030084986065048724
728.0 0.0028612064852495678
729.0 0.002713914727792144
730.0 0.0025676445147837512
731.0 0.002421374483674299
732.0 0.0023548753233626485
733.0 0.0022883765268488787
734.0 0.0021769892555312254
735.0 0.0020656021661125124
736.0 0.0019725910533452407
737.0 0.0018795801224769093
738.0 0.0017852562450570986
739.0 0.0016909321857383475
740.0 0.0016557876733713783
741.0 0.0016206433429033495
742.0 0.0015073262147780042
743.0 0.0013940087228547782
744.0 0.0015225488823489286
745.0 0.001651089041843079
746.0 0.0014557258509739768
747.0 0.0012603626601048745
748.0 0.0012873490959464107
749.0 0.0013143355317879468
750.0 0.0012996943041798659
751.0 0.0012850534403696656
752.0 0.0012954717021784745
753.0 0.0013058900549367536
754.0 0.0012524078556452878
755.0 0.0011989258382527623
756.0 0.0010992733223247342
757.0 0.0009996210792451166
758.0 0.0009910007065627724
759.0 0.0009823806067288388
760.0 0.0008948310096457135
761.0 0.000807281321613118
762.0 0.0008841448106977623
763.0 0.0009610083907318767
764.0 0.0010426680091768503
765.0 0.001124327627621824
766.0 0.0009596772542863619
767.0 0.0007950265171530191
768.0 0.0007462504527211422
769.0 0.0006974740244913846
770.0 0.0006102932729845634
771.0 0.000523112476003007
772.0 0.0006336849764920771
773.0 0.0007442571586580016
774.0 0.0009146886441158131
775.0 0.0010851202205230948
776.0 0.0011186384654138237
777.0 0.0011521572560013738
778.0 0.0009449558092455845
779.0 0.0007377548627118813
780.0 0.0007374811048066476
781.0 0.0007372076652245596
782.0 0.0008105007509584539
783.0 0.0008837941095407587
784.0 0.0007904515769041609
785.0 0.0006971091806917684
786.0 0.000832712248666212
787.0 0.0009683153621153906
788.0 0.0007035499038465787
789.0 0.00043878435462829657
790.0 0.000576166394239408
791.0 0.0007135486612241948
792.0 0.0007437390650011366
793.0 0.0007739293323538732
794.0 0.000778506637288956
795.0 0.0007830842150724493
796.0 0.0006471629603765905
797.0 0.0005112417511554668
798.0 0.0006517744623124599
799.0 0.0007923073098936584
800.0 0.0008213645742216613
801.0 0.0008504215657012537
802.0 0.0009038870302902069
803.0 0.0009573525858286303
804.0 0.0007867275598982815
805.0 0.0006161025794426678
806.0 0.0006938601472938899
807.0 0.0007716174877714366
808.0 0.0006953956926736282
809.0 0.0006191736247274093
810.0 0.0006473084340541391
811.0 0.0006754429250577232
812.0 0.0005359835540730273
813.0 0.0003965240921388613
814.0 0.0004275838364264928
815.0 0.00045864367166359443
816.0 0.0006052327080396935
817.0 0.0007518219717894681
818.0 0.0006303666850726586
819.0 0.0005089111255074386
820.0 0.0005663563115376746
821.0 0.0006238014975679107
822.0 0.0006541618859046139
823.0 0.000684522228766582
824.0 0.0005517150384548586
825.0 0.00041890757529472467
826.0 0.00040593422454549
827.0 0.00039296087379625533
828.0 0.0004208636710245628
829.0 0.00044876646825287025
830.0 0.0001721343551253085
831.0 1.5798786974843826e-10
832.0 1.5798786974843826e-10
833.0 1.5798786974843826e-10
834.0 1.5798786974843826e-10
835.0 0.00019802844235528028
836.0 0.0001695531864243094
837.0 0.00014107791912465473
838.0 0.0006521027898998
839.0 0.001163127672043629
840.0 0.0015043454368424136
841.0 0.0018455633835401386
842.0 0.0020102290363865905
843.0 0.002174895053030923
844.0 0.0021554802515311167
845.0 0.002136065813829191
846.0 0.0018768858353723772
847.0 0.0016177058569155633
848.0 0.0015761292161187157
849.0 0.0015345522115239874
850.0 0.0014866073797747958
851.0 0.0014386621842277236
852.0 0.001357971632387489
853.0 0.0012772812624461949
854.0 0.0010423229468869977
855.0 0.0008073646313278005
856.0 0.0006386544555425644
857.0 0.0004699440069089178
858.0 0.00044799098759540357
859.0 0.0004260380137566244
860.0 0.0003310917236376554
861.0 0.00023614543351868633
862.0 0.00029535194698837586
863.0 0.00035455839224596275
864.0 0.0002197956519012223
865.0 8.503291724082374e-05
866.0 7.259145036186965e-05
867.0 6.0149960745548015e-05
868.0 0.00010820821216839249
869.0 0.00015626645790689508
870.0 0.0001131943804466573
871.0 7.012232003944519e-05
872.0 3.915308184332389e-05
873.0 8.183862831856459e-06
874.0 1.5798786974843826e-10
875.0 1.5798786974843826e-10
876.0 4.322228335240652e-05
877.0 0.00013943940757599194
878.0 0.0001341478991889744
879.0 0.00012885640217064065
880.0 7.275613711499318e-05
881.0 1.665586069066194e-05
882.0 7.38171877401328e-05
883.0 0.0001309784920522361
884.0 7.734997780062258e-05
885.0 2.3721422337530385e-05
886.0 0.00012128904245400918
887.0 0.00021885664409637684
888.0 0.00018546069213698502
889.0 0.00015206475154627697
890.0 9.046866580320057e-05
891.0 2.887260279749171e-05
892.0 4.279042116195342e-05
893.0 5.670822247338947e-05
894.0 8.566676115151495e-05
895.0 0.00011462528846095665
896.0 5.702392513740051e-05
897.0 1.5798786974843826e-10
898.0 4.652697214169166e-05
899.0 9.363133131046197e-05
900.0 5.986678957015101e-05
