lsstCam/transmission_filter_detector/r14_s21/r_57/19700101T000000.ecsv
# %ECSV 1.0
# ---
# datatype:
# - {name: wavelength, unit: nm, datatype: float32}
# - {name: efficiency, unit: '%', datatype: float64}
# meta: !!omap
# - {MODE: DETECTOR}
# - {TYPE: transmission_filter_detector}
# - {CALIBDATE: '1970-01-01T00:00:00'}
# - {INSTRUME: LSSTCam}
# - {OBSTYPE: transmission_filter_detector}
# - {CALIBCLS: lsst.ip.isr.IntermediateFilterDetectorTransmissionCurve}
# - {SOURCE: Materion (DM-46256)}
# - {DETECTOR: 70}
# - {FILTER: r_57}
# - {CALIB_ID: 'calibDate=1970-01-01T00:00:00 filter=r_57 detector=70'}
# - {DATE: '2025-04-02T15:59:44.507039'}
# - {CALIB_CREATION_DATE: '2025-04-02'}
# - {CALIB_CREATION_TIME: '15:59:44'}
# - __serialized_columns__:
#     efficiency:
#       __class__: astropy.units.quantity.Quantity
#       unit: !astropy.units.Unit {unit: '%'}
#       value: !astropy.table.SerializedColumn {name: efficiency}
#     wavelength:
#       __class__: astropy.units.quantity.Quantity
#       unit: !astropy.units.Unit {unit: nm}
#       value: !astropy.table.SerializedColumn {name: wavelength}
# schema: astropy-2.0
wavelength efficiency
300.0 0.0032032752642408013
301.0 0.0075454547186382115
302.0 0.011887634173035622
303.0 0.014078230015002191
304.0 0.01626882585696876
305.0 0.014072435442358255
306.0 0.011876044300151989
307.0 0.010257957183057442
308.0 0.008639871521154419
309.0 0.007894140435382724
310.0 0.0071484100772067904
311.0 0.006377536919899285
312.0 0.005606663762591779
313.0 0.005239211895968765
314.0 0.004871761120739393
315.0 0.004722485755337402
316.0 0.004573211481329054
317.0 0.004468673432711512
318.0 0.00436413538409397
319.0 0.003890023799613118
320.0 0.003415911487536505
321.0 0.0033804637496359646
322.0 0.0033450160117354244
323.0 0.0032464689866174012
324.0 0.003147922325297259
325.0 0.0031136871257331222
326.0 0.003079452653764747
327.0 0.0031009891245048493
328.0 0.0031225255952449515
329.0 0.0030680141207994893
330.0 0.0030135017368593253
331.0 0.0027327325369697064
332.0 0.0024519633370800875
333.0 0.0023462129320250824
334.0 0.0022404627088690177
335.0 0.002045369183178991
336.0 0.0018502752936910838
337.0 0.0017181244402308948
338.0 0.0015859734048717655
339.0 0.0014434572221944109
340.0 0.001300940948567586
341.0 0.0012791196240868885
342.0 0.001257298299606191
343.0 0.0012245799553056713
344.0 0.0011918616110051516
345.0 0.0011404802535253111
346.0 0.001089099077944411
347.0 0.0010511620530451182
348.0 0.0010132250281458255
349.0 0.0009990335456677713
350.0 0.005804503234685399
351.0 0.0058676963817561045
352.0 0.00593088952882681
353.0 0.0051721330237342045
354.0 0.004413377610035241
355.0 0.004692442962550558
356.0 0.004971509406459518
357.0 0.006685220432700589
358.0 0.008398932550335303
359.0 0.006305832357611507
360.0 0.004212731801089831
361.0 0.002767753721855115
362.0 0.0013227754607214592
363.0 0.002303035944350995
364.0 0.0032832962460815907
365.0 0.0037755733501398936
366.0 0.004267851181793958
367.0 0.0033819022064562887
368.0 0.002495953049219679
369.0 0.002218102054030169
370.0 0.0019402510588406585
371.0 0.002571517507021781
372.0 0.003202784137101844
373.0 0.0035255568946013227
374.0 0.0038483292883029208
375.0 0.0035105716960970312
376.0 0.0031728144676890224
377.0 0.0016678513929946348
378.0 0.00016288815913867438
379.0 0.0007372367235802813
380.0 0.001311585492658196
381.0 0.0023318507373915054
382.0 0.0033521162549732253
383.0 0.0035784803912974894
384.0 0.003804845255217515
385.0 0.004596000871970318
386.0 0.005387156124925241
387.0 0.004916614852845669
388.0 0.004446073216968216
389.0 0.0036742720112670213
390.0 0.0029024702598690055
391.0 0.002024352397711482
392.0 0.0011462346265034284
393.0 0.001291589614993427
394.0 0.0014369442396855447
395.0 0.0012366100236249622
396.0 0.0010362757166149095
397.0 0.0009669928658695426
398.0 0.000897710197023116
399.0 0.0008702951163286343
400.0 0.0008428796718362719
401.0 0.00026292398160876473
402.0 1.6468766454724726e-10
403.0 1.6468766454724726e-10
404.0 5.3684277645515976e-05
405.0 0.0006020712135068607
406.0 0.0011504577742016409
407.0 0.001681370304140728
408.0 0.002212282743130345
409.0 0.0018721249944064766
410.0 0.0015319672456826083
411.0 0.0010977229067066219
412.0 0.0006634785677306354
413.0 0.0006622230102948379
414.0 0.0006609675892832456
415.0 0.0006899314939801116
416.0 0.0007188958534243284
417.0 0.0012226491890032776
418.0 0.0017264030248043127
419.0 0.002220974965894129
420.0 0.002715546725085005
421.0 0.004253640872775577
422.0 0.005791734656668268
423.0 0.008957604586612433
424.0 0.012123473425162956
425.0 0.016534680617041886
426.0 0.020945881260558963
427.0 0.021437075338326395
428.0 0.021928273781668395
429.0 0.016770631191320717
430.0 0.011612987873377278
431.0 0.008324196096509695
432.0 0.005035402864450589
433.0 0.004138665462960489
434.0 0.0032419276976725087
435.0 0.002514879270165693
436.0 0.0017878304788609967
437.0 0.0016101639630505815
438.0 0.0014324975381896365
439.0 0.0011604875908233225
440.0 0.0008884777344064787
441.0 0.0011381670447008219
442.0 0.001387856354995165
443.0 0.0017428166756872088
444.0 0.002097777178278193
445.0 0.0019579014406190254
446.0 0.0018180257029598579
447.0 0.0016522102669114247
448.0 0.0014863951946608722
449.0 0.0014832276065135375
450.0 0.0014800595636188518
451.0 0.0016448186215711758
452.0 0.0018095777704729699
453.0 0.001676485589996446
454.0 0.0015433932276209816
455.0 0.0013985273653815966
456.0 0.001253661685041152
457.0 0.0008715522199054249
458.0 0.000489442891193903
459.0 0.0007505518169637071
460.0 0.0010116606063093059
461.0 0.0017059206584235653
462.0 0.002400180346739944
463.0 0.0031201292586047202
464.0 0.0038400783523684368
465.0 0.0048961079301079735
466.0 0.005952137871645391
467.0 0.006624514935538173
468.0 0.007296892727026716
469.0 0.006226539699127898
470.0 0.0051561877626227215
471.0 0.00389186643587891
472.0 0.0026275449272361584
473.0 0.002220376154582482
474.0 0.0018132073819288053
475.0 0.001497265293437522
476.0 0.0011813232958957087
477.0 0.0009206185495713726
478.0 0.0006599137122975662
479.0 0.0009053842404682655
480.0 0.0011508545867400244
481.0 0.0008809764949546661
482.0 0.0006110985850682482
483.0 0.0006905221198394429
484.0 0.0007699455636611674
485.0 0.0006770148047507973
486.0 0.0005840838184667518
487.0 0.000587432168686064
488.0 0.0005907804279559059
489.0 0.0006190136446093675
490.0 0.0006472469067375641
491.0 0.0007949048267619219
492.0 0.0009425628377357498
493.0 0.0010144873158424161
494.0 0.0010864117029996123
495.0 0.0009895115908875596
496.0 0.0008926113878260367
497.0 0.0011190854820597451
498.0 0.0013455594853439834
499.0 0.001336914374405751
500.0 0.0013282693544169888
501.0 0.0015333063856814988
502.0 0.0017383435988449492
503.0 0.0020889390725642443
504.0 0.00243953491008142
505.0 0.0030581028113374487
506.0 0.0036766708944924176
507.0 0.004266982068656944
508.0 0.00485729324282147
509.0 0.005327182589098811
510.0 0.00579707084398251
511.0 0.005210002927924506
512.0 0.004622934648068622
513.0 0.003949189340346493
514.0 0.003275443668826483
515.0 0.003073947300435975
516.0 0.0028724511139444076
517.0 0.0026649897336028516
518.0 0.0024575281713623554
519.0 0.07956074550747871
520.0 0.08644171757623553
521.0 0.10511190630495548
522.0 0.039743425440974534
523.0 0.10567345889285207
524.0 0.05706571973860264
525.0 0.06768211023882031
526.0 0.13845571083948016
527.0 0.0972028763499111
528.0 0.1893892651423812
529.0 0.15627588145434856
530.0 0.15949750086292624
531.0 0.19915970042347908
532.0 0.28660823591053486
533.0 0.2768075093626976
534.0 0.5271944217383862
535.0 0.6706855725497007
536.0 0.969640351831913
537.0 1.5759728848934174
538.0 2.3318609222769737
539.0 3.603455424308777
540.0 5.587216839194298
541.0 7.873731851577759
542.0 10.688884556293488
543.0 14.36828225851059
544.0 18.79802644252777
545.0 23.873192071914673
546.0 29.96225357055664
547.0 36.75672113895416
548.0 45.061713457107544
549.0 53.100454807281494
550.0 59.333258867263794
551.0 66.2845253944397
552.0 70.66001892089844
553.0 75.21020174026489
554.0 78.61946225166321
555.0 82.64197111129761
556.0 86.19642853736877
557.0 88.49824070930481
558.0 91.38178825378418
559.0 93.7870979309082
560.0 93.7258243560791
561.0 95.20903825759888
562.0 96.0719347000122
563.0 95.17852067947388
564.0 95.71912884712219
565.0 95.42800188064575
566.0 96.1044430732727
567.0 95.65320611000061
568.0 96.00826501846313
569.0 96.89216613769531
570.0 96.1936891078949
571.0 97.30713367462158
572.0 97.05837965011597
573.0 96.92323803901672
574.0 97.07944393157959
575.0 96.71039581298828
576.0 97.54081964492798
577.0 97.23955392837524
578.0 97.31069803237915
579.0 97.05934524536133
580.0 96.72965407371521
581.0 96.45724892616272
582.0 96.74684405326843
583.0 96.7828094959259
584.0 96.38139605522156
585.0 96.57199382781982
586.0 96.9865620136261
587.0 96.46497964859009
588.0 96.76359295845032
589.0 97.12981581687927
590.0 96.85481786727905
591.0 95.9753155708313
592.0 96.064692735672
593.0 95.68988084793091
594.0 96.3513195514679
595.0 96.8061089515686
596.0 96.90196514129639
597.0 97.67808318138123
598.0 96.83348536491394
599.0 97.0496118068695
600.0 97.29343056678772
601.0 96.41152620315552
602.0 97.10181951522827
603.0 96.57094478607178
604.0 96.62405252456665
605.0 96.633380651474
606.0 96.18516564369202
607.0 96.28639221191406
608.0 96.32158279418945
609.0 95.49517035484314
610.0 95.99174857139587
611.0 96.08905911445618
612.0 95.87961435317993
613.0 97.22816348075867
614.0 96.8410313129425
615.0 96.14624977111816
616.0 96.61564826965332
617.0 96.65052890777588
618.0 96.68969511985779
619.0 97.51818776130676
620.0 96.2943971157074
621.0 95.80943584442139
622.0 96.83499932289124
623.0 96.70023918151855
624.0 96.62584066390991
625.0 97.08754420280457
626.0 96.26553654670715
627.0 95.23744583129883
628.0 97.11536169052124
629.0 95.5879807472229
630.0 96.7306911945343
631.0 96.16425037384033
632.0 96.74784541130066
633.0 96.89872860908508
634.0 96.20797634124756
635.0 96.32335305213928
636.0 96.40048146247864
637.0 95.69068551063538
638.0 95.60908079147339
639.0 95.38831114768982
640.0 95.65985202789307
641.0 95.43099999427795
642.0 96.20357751846313
643.0 96.28623127937317
644.0 96.22433185577393
645.0 96.40548825263977
646.0 96.32269144058228
647.0 97.12112545967102
648.0 96.71741127967834
649.0 95.69745659828186
650.0 96.65589928627014
651.0 96.82521224021912
652.0 97.02829122543335
653.0 96.20814919471741
654.0 96.78462743759155
655.0 96.96274995803833
656.0 95.97008228302002
657.0 96.13508582115173
658.0 96.51862978935242
659.0 96.25436067581177
660.0 95.72840332984924
661.0 95.33876776695251
662.0 96.02101445198059
663.0 95.81071734428406
664.0 95.54805159568787
665.0 95.36495208740234
666.0 95.52947878837585
667.0 95.92500925064087
668.0 95.23293375968933
669.0 95.53126096725464
670.0 95.46628594398499
671.0 95.88602781295776
672.0 95.0376570224762
673.0 95.28482556343079
674.0 94.7064459323883
675.0 95.73801755905151
676.0 94.95242834091187
677.0 93.8002347946167
678.0 93.15400719642639
679.0 91.86659455299377
680.0 91.07424020767212
681.0 89.5284652709961
682.0 87.12652921676636
683.0 83.97226929664612
684.0 80.38384318351746
685.0 77.02163457870483
686.0 73.0311393737793
687.0 68.5157299041748
688.0 63.99567723274231
689.0 59.388911724090576
690.0 54.253989458084106
691.0 50.2960205078125
692.0 45.52948772907257
693.0 41.03604555130005
694.0 35.79948544502258
695.0 30.595898628234863
696.0 25.182974338531494
697.0 20.076240599155426
698.0 14.537769556045532
699.0 10.292647778987885
700.0 7.0834241807460785
701.0 4.314853996038437
702.0 2.695302665233612
703.0 1.5448777936398983
704.0 0.933731347322464
705.0 0.5139884073287249
706.0 0.39262548089027405
707.0 0.21341471001505852
708.0 0.15083408216014504
709.0 0.10175753850489855
710.0 0.10522898519411683
711.0 0.03968145465478301
712.0 0.10232338681817055
713.0 0.056045339442789555
714.0 0.026027741841971874
715.0 0.05683835479430854
716.0 0.046693216427229345
717.0 0.056752568343654275
718.0 0.06578615284524858
719.0 0.0403380166972056
720.0 1.6468766454724726e-10
721.0 0.004298298517824151
722.0 0.00408202176913619
723.0 0.00386574502044823
724.0 0.0035627614124678075
725.0 0.003259777440689504
726.0 0.0030102895834716037
727.0 0.0027608017262537032
728.0 0.0026262754545314237
729.0 0.002491749000910204
730.0 0.0023394342861138284
731.0 0.0021871199351153336
732.0 0.002179056900786236
733.0 0.0021709940483560786
734.0 0.0020525098079815507
735.0 0.0019340253857080825
736.0 0.0017312162526650354
737.0 0.0015284071196219884
738.0 0.0015725601770100184
739.0 0.0016167134162969887
740.0 0.0015380432159872726
741.0 0.0014593731975764968
742.0 0.0013431345905701164
743.0 0.001226895983563736
744.0 0.0012904307368444279
745.0 0.0013539653082261793
746.0 0.0012753321243508253
747.0 0.0011966990314249415
748.0 0.0011266886758676264
749.0 0.0010566782293608412
750.0 0.001024144330585841
751.0 0.0009916108865581919
752.0 0.001026377867674455
753.0 0.001061144757841248
754.0 0.0010690595445339568
755.0 0.0010769745131256059
756.0 0.001071019778464688
757.0 0.0010650648619048297
758.0 0.0010704024134611245
759.0 0.0010757399650174193
760.0 0.0010738382115960121
761.0 0.0010719368219724856
762.0 0.0010330198165320326
763.0 0.00099410308393999
764.0 0.000993398680293467
765.0 0.0009926944585458841
766.0 0.0008065439033089206
767.0 0.0006203935754456325
768.0 0.0006225246579560917
769.0 0.0006246555130928755
770.0 0.0007489069048460806
771.0 0.0008731585694476962
772.0 0.0007872509740991518
773.0 0.0007013433332758723
774.0 0.0008110824637697078
775.0 0.0009208216397382785
776.0 0.000907850426301593
777.0 0.0008948793038143776
778.0 0.0008398374120588414
779.0 0.0007847957022022456
780.0 0.0006948234840820078
781.0 0.0006048513114365051
782.0 0.0006668278729193844
783.0 0.0007288044798769988
784.0 0.0007962430572661106
785.0 0.0008636814527562819
786.0 0.0007290302619367139
787.0 0.0005943790711171459
788.0 0.0005828249413752928
789.0 0.0005712709935323801
790.0 0.0006428188498830423
791.0 0.0007143667062337045
792.0 0.0007441861725965282
793.0 0.0007740057299088221
794.0 0.000828060456115054
795.0 0.0008821149094728753
796.0 0.0007047688995953649
797.0 0.0005274227532936493
798.0 0.0006649200258834753
799.0 0.0008024172529985663
800.0 0.0007287328116944991
801.0 0.0006550481430167565
802.0 0.0005725023584091105
803.0 0.0004899563009530539
804.0 0.0006071231837267987
805.0 0.0007242901574500138
806.0 0.0006090342594688991
807.0 0.0004937784524372546
808.0 0.0006476142516476102
809.0 0.0008014500963327009
810.0 0.0007021835244813701
811.0 0.00060291731642792
812.0 0.0006594928436243208
813.0 0.0007160683253459865
814.0 0.0005830520422023255
815.0 0.00045003575905866455
816.0 0.0005151895948074525
817.0 0.0005803435215057107
818.0 0.0005997334938001586
819.0 0.0006191234206198715
820.0 0.0004467660346563207
821.0 0.0002744085804806673
822.0 0.00035762418519880157
823.0 0.0004408398581290385
824.0 0.0005054908342572162
825.0 0.000570141855860129
826.0 0.0005775963018095354
827.0 0.0005850507477589417
828.0 0.0004351066309027374
829.0 0.00028516246857179794
830.0 0.000198317115973623
831.0 0.00011147177474413184
832.0 6.771001039851399e-05
833.0 2.3948223315528594e-05
834.0 1.6468766454724726e-10
835.0 1.6468766454724726e-10
836.0 0.00024523669708287343
837.0 0.0005291588877298636
838.0 0.0007199510946520604
839.0 0.0009107433470489923
840.0 0.0012578373571159318
841.0 0.0016049312762334011
842.0 0.0021883412046008743
843.0 0.002771751314867288
844.0 0.002989178756251931
845.0 0.003206606561434455
846.0 0.003496897261356935
847.0 0.003787187597481534
848.0 0.0034806922485586256
849.0 0.0031741976272314787
850.0 0.0024817592930048704
851.0 0.0017893211406772025
852.0 0.0014794891285418998
853.0 0.001169657025457127
854.0 0.0010417166777187958
855.0 0.0009137760571320541
856.0 0.0006951496743567986
857.0 0.00047652342800574843
858.0 0.0005531358965527033
859.0 0.0006297482741501881
860.0 0.0005250157755654072
861.0 0.0004202832315058913
862.0 0.00045900656004960183
863.0 0.0004977298431185773
864.0 0.0003631212393884198
865.0 0.00022851270387036493
866.0 0.0001985973540286068
867.0 0.00016868201555553242
868.0 0.0001916154587888741
869.0 0.00021454886791616445
870.0 0.0001110507469093136
871.0 7.552595349125113e-06
872.0 1.6468766454724726e-10
873.0 1.6468766454724726e-10
874.0 1.6468766454724726e-10
875.0 1.6468766454724726e-10
876.0 1.6468766454724726e-10
877.0 4.420256516368681e-05
878.0 0.00015010529068604228
879.0 0.00025600800199754303
880.0 0.00015899801155683235
881.0 6.198797564138658e-05
882.0 0.00010270931625200319
883.0 0.00014343067959998734
884.0 5.667343998538854e-05
885.0 1.6468766454724726e-10
886.0 7.445457299581903e-05
887.0 0.0001789929228834808
888.0 0.0002198298716393765
889.0 0.0002606667976579047
890.0 0.00018290478465132765
891.0 0.00010514271480133175
892.0 1.6468766454724726e-10
893.0 1.6468766454724726e-10
894.0 1.6468766454724726e-10
895.0 1.6468766454724726e-10
896.0 6.908974796715484e-05
897.0 0.00014384434052772122
898.0 0.00011863305644510547
899.0 9.342178941551538e-05
900.0 1.7883168368371116e-05
