lsstCam/transmission_filter_detector/r14_s21/r_57/19700101T000000.ecsv
# %ECSV 1.0
# ---
# datatype:
# - {name: wavelength, unit: nm, datatype: float32}
# - {name: efficiency, unit: '%', datatype: float64}
# meta: !!omap
# - {MODE: DETECTOR}
# - {TYPE: transmission_filter_detector}
# - {CALIBDATE: '1970-01-01T00:00:00'}
# - {INSTRUME: LSSTCam}
# - {OBSTYPE: transmission_filter_detector}
# - {CALIBCLS: lsst.ip.isr.IntermediateFilterDetectorTransmissionCurve}
# - {SOURCE: Materion (DM-46256)}
# - {DETECTOR: 70}
# - {FILTER: r_57}
# - {CALIB_ID: 'calibDate=1970-01-01T00:00:00 filter=r_57 detector=70'}
# - {DATE: '2025-04-02T15:59:44.507039'}
# - {CALIB_CREATION_DATE: '2025-04-02'}
# - {CALIB_CREATION_TIME: '15:59:44'}
# - __serialized_columns__:
#     efficiency:
#       __class__: astropy.units.quantity.Quantity
#       unit: !astropy.units.Unit {unit: '%'}
#       value: !astropy.table.SerializedColumn {name: efficiency}
#     wavelength:
#       __class__: astropy.units.quantity.Quantity
#       unit: !astropy.units.Unit {unit: nm}
#       value: !astropy.table.SerializedColumn {name: wavelength}
# schema: astropy-2.0
wavelength efficiency
[from data line 602]
902.0 1.6468766454724726e-10
903.0 1.6468766454724726e-10
904.0 1.6468766454724726e-10
905.0 4.921761274090386e-05
906.0 1.6468766454724726e-10
907.0 1.6468766454724726e-10
908.0 1.6468766454724726e-10
909.0 1.6468766454724726e-10
910.0 1.6468766454724726e-10
911.0 1.6468766454724726e-10
912.0 1.6468766454724726e-10
913.0 1.6468766454724726e-10
914.0 1.6468766454724726e-10
915.0 1.5973553502135474e-05
916.0 1.6626569276922964e-05
917.0 1.7279614894505357e-05
918.0 8.081921691882599e-05
919.0 0.0001443587848370953
920.0 3.760364961635787e-05
921.0 1.6468766454724726e-10
922.0 5.9764317938970635e-05
923.0 0.00018868015558837214
924.0 0.00022328606519295136
925.0 0.00025789202027226565
926.0 0.00016873855201993138
927.0 7.958508945193898e-05
928.0 9.806927891986561e-05
929.0 0.00011655347407213412
930.0 0.00020871061678917613
931.0 0.0003008677822435857
932.0 0.0001556464098939614
933.0 1.042511144078162e-05
934.0 0.0001363346655125497
935.0 0.00026224417979392456
936.0 0.00030941228033043444
937.0 0.0003565803808669443
938.0 0.0003631055960795493
939.0 0.00036963085676688934
940.0 0.00033033495583367767
941.0 0.00029103903216309845
942.0 0.00032155708140635397
943.0 0.00035207515338697704
944.0 0.0003145150685668341
945.0 0.00027695502922142623
946.0 0.0003179940677000559
947.0 0.000359033083441318
948.0 0.0005269024768495001
949.0 0.0006947719612071523
950.0 0.0006495956313301576
951.0 0.0006044192559784278
952.0 0.0007474837730114814
953.0 0.0008905483809940051
954.0 0.0011789887139457278
955.0 0.001467429319745861
956.0 0.0015679197531426325
957.0 0.0016684103684383444
958.0 0.0017398526324541308
959.0 0.0018112954421667382
960.0 0.0019591769159887917
961.0 0.0021070585717097856
962.0 0.002287696042913012
963.0 0.002468333696015179
964.0 0.002460242649249267
965.0 0.002452151238685474
966.0 0.0024190923795686103
967.0 0.0023860333385528065
968.0 0.0023436268747900613
969.0 0.0023012205929262564
970.0 0.002371600567130372
971.0 0.002441980723233428
972.0 0.002533670522097964
973.0 0.002625359957164619
974.0 0.0028732283681165427
975.0 0.0031210969609674066
976.0 0.003214878961443901
977.0 0.003308661325718276
978.0 0.0032128809834830463
979.0 0.003117101005045697
980.0 0.0030838851671433076
981.0 0.0030506695111398585
982.0 0.0031303559808293357
983.0 0.0032100426324177533
984.0 0.003156765887979418
985.0 0.003103488779743202
986.0 0.0029990258553880267
987.0 0.0028945631129317917
988.0 0.0026921852622763254
989.0 0.002489807411620859
990.0 0.0025350791474920698
991.0 0.0025803508833632804
992.0 0.002640449929458555
993.0 0.00270054933935171
994.0 0.002736401256697718
995.0 0.0027722524464479648
996.0 0.0028297232347540557
997.0 0.002887193659262266
998.0 0.0030039560442673974
999.0 0.0031207182473735884
1000.0 0.003268083673901856
1001.0 0.0034154494642280042
1002.0 0.003595128873712383
1003.0 0.0037748079193988815
1004.0 0.003934604683308862
1005.0 0.004094401083420962
1006.0 0.004300693399272859
1007.0 0.004506985715124756
1008.0 0.0044449167035054415
1009.0 0.004382847328088246
1010.0 0.004389324385556392
1011.0 0.004395801806822419
1012.0 0.004372775947558694
1013.0 0.004349750452092849
1014.0 0.004112305396120064
1015.0 0.003874859612551518
1016.0 0.003675264451885596
1017.0 0.003475669291219674
1018.0 0.003025740443263203
1019.0 0.002575812322902493
1020.0 0.0021692723748856224
1021.0 0.0017627324268687516
1022.0 0.0015844796507735737
1023.0 0.0014062266927794553
1024.0 0.0014710091818415094
1025.0 0.0015357918528025039
1026.0 0.0013821490938425995
1027.0 0.0012285061529837549
1028.0 0.0011007376087945886
1029.0 0.0009729689736559521
1030.0 0.0009184732334688306
1031.0 0.0008639767656859476
1032.0 0.0008394002179556992
1033.0 0.0008148234883265104
1034.0 0.0008316832463606261
1035.0 0.0008485428224958014
1036.0 0.0008974354386737105
1037.0 0.000946327782003209
1038.0 0.0008451763278571889
1039.0 0.0007440249191859039
1040.0 0.000807014566817088
1041.0 0.0008700042599230073
1042.0 0.0009922479875967838
1043.0 0.0011144912605232093
1044.0 0.0009860098543867934
1045.0 0.0008575287210987881
1046.0 0.0008594583050580695
1047.0 0.0008613880709162913
1048.0 0.0007356995411100797
1049.0 0.0006100112386775436
1050.0 0.0006827075139881345
1051.0 0.0007554037892987253
1052.0 0.0010109585673490074
1053.0 0.0012665130270761438
1054.0 0.00110068185676937
1055.0 0.0009348506864625961
1056.0 0.000981266020971816
1057.0 0.0010276815373799764
1058.0 0.0008580102985433768
1059.0 0.0006883392416057177
1060.0 0.0010340004337194841
1061.0 0.0013796611710858997
1062.0 0.0014411397387448233
1063.0 0.0015026183064037468
1064.0 0.0010797942195495125
1065.0 0.0006569698598468676
1066.0 0.0010627987649058923
1067.0 0.001468627669964917
1068.0 0.0017246855350094847
1069.0 0.0019807428543572314
1070.0 0.0014832503438810818
1071.0 0.000985757742455462
1072.0 0.0012310631063883193
1073.0 0.0014763685612706468
1074.0 0.002078137003991287
1075.0 0.0026799052648129873
1076.0 0.0029342434572754428
1077.0 0.003188581467838958
1078.0 0.003885916157742031
1079.0 0.004583250847645104
1080.0 0.004474998058867641
1081.0 0.004366744542494416
1082.0 0.004208608152111992
1083.0 0.004050472125527449
1084.0 0.004400951729621738
1085.0 0.004751430606120266
1086.0 0.004745135083794594
1087.0 0.004738839925266802
1088.0 0.0048543079174123704
1089.0 0.004969776273355819
1090.0 0.004824885036214255
1091.0 0.00467999343527481
1092.0 0.004168801751802675
1093.0 0.003657610432128422
1094.0 0.004215415901853703
1095.0 0.004773221371578984
1096.0 0.003546849256963469
1097.0 0.002320477142347954
1098.0 0.0020521181795629673
1099.0 0.0017837593986769207
1100.0 0.0017793949155020528
1101.0 0.0017750298866303638
