lsstCam/transmission_filter_detector/r33_s00/r_57/19700101T000000.ecsv
# %ECSV 1.0
# ---
# datatype:
# - {name: wavelength, unit: nm, datatype: float32}
# - {name: efficiency, unit: '%', datatype: float64}
# meta: !!omap
# - {MODE: DETECTOR}
# - {TYPE: transmission_filter_detector}
# - {CALIBDATE: '1970-01-01T00:00:00'}
# - {INSTRUME: LSSTCam}
# - {OBSTYPE: transmission_filter_detector}
# - {CALIBCLS: lsst.ip.isr.IntermediateFilterDetectorTransmissionCurve}
# - {SOURCE: Materion (DM-46256)}
# - {DETECTOR: 144}
# - {FILTER: r_57}
# - {CALIB_ID: 'calibDate=1970-01-01T00:00:00 filter=r_57 detector=144'}
# - {DATE: '2025-04-02T15:59:44.851726'}
# - {CALIB_CREATION_DATE: '2025-04-02'}
# - {CALIB_CREATION_TIME: '15:59:44'}
# - __serialized_columns__:
#     efficiency:
#       __class__: astropy.units.quantity.Quantity
#       unit: !astropy.units.Unit {unit: '%'}
#       value: !astropy.table.SerializedColumn {name: efficiency}
#     wavelength:
#       __class__: astropy.units.quantity.Quantity
#       unit: !astropy.units.Unit {unit: nm}
#       value: !astropy.table.SerializedColumn {name: wavelength}
# schema: astropy-2.0
wavelength efficiency
300.0 0.0017468559235567227
301.0 0.004588027513818815
302.0 0.00742920019547455
303.0 0.009506780770607293
304.0 0.011584362800931558
305.0 0.010483511869097129
306.0 0.009382662392454222
307.0 0.007766692579025403
308.0 0.006150721310405061
309.0 0.005610310472548008
310.0 0.005069900726084597
311.0 0.0049907786888070405
312.0 0.004911657742923126
313.0 0.004577089202939533
314.0 0.004242519935360178
315.0 0.004094059477210976
316.0 0.003945598655263893
317.0 0.0038079120713518932
318.0 0.0036702236684504896
319.0 0.0031590447179041803
320.0 0.0026478650397621095
321.0 0.0026828505724552087
322.0 0.002717836105148308
323.0 0.0025984352760133334
324.0 0.002479034083080478
325.0 0.0022242988052312285
326.0 0.0019695637092809193
327.0 0.0020048206351930276
328.0 0.002040077561105136
329.0 0.0021097952412674204
330.0 0.002179512921429705
331.0 0.002158801544283051
332.0 0.002138089985237457
333.0 0.0019416154827922583
334.0 0.0017451407984481193
335.0 0.0015483157767448574
336.0 0.0013514907550415955
337.0 0.0012140541912231129
338.0 0.0010766176274046302
339.0 0.0009742357178765815
340.0 0.0008718537173990626
341.0 0.000837311199575197
342.0 0.0008027686817513313
343.0 0.0007264366558956681
344.0 0.0006501046755147399
345.0 0.0006460807071562158
346.0 0.0006420568752218969
347.0 0.0006285400104388827
348.0 0.0006150230547063984
349.0 0.0006259030669752974
350.0 0.0027283356757834554
351.0 0.005000693636247888
352.0 0.00727305086911656
353.0 0.006972561095608398
354.0 0.006672070594504476
355.0 0.004935270408168435
356.0 0.003198469858034514
357.0 0.0032995445508277044
358.0 0.003400619243620895
359.0 0.0036599700251827016
360.0 0.003919320442946628
361.0 0.0029178372642491013
362.0 0.0019163542674505152
363.0 0.002224306808784604
364.0 0.0025322597139165737
365.0 0.0017080650650314055
366.0 0.0008838706889946479
367.0 0.0018704540707403794
368.0 0.00285703699773876
369.0 0.00295372028631391
370.0 0.0030504028472932987
371.0 0.0028273725547478534
372.0 0.002604342080303468
373.0 0.002165504338336177
374.0 0.0017266665963688865
375.0 0.001228353357873857
376.0 0.0007300401648535626
377.0 0.0016838386727613397
378.0 0.002637637226143852
379.0 0.0022526974134962074
380.0 0.001867758146545384
381.0 0.002258522727061063
382.0 0.002649287307576742
383.0 0.003399250635993667
384.0 0.004149214510107413
385.0 0.004695128882303834
386.0 0.005241043254500255
387.0 0.004642005296773277
388.0 0.00404296770284418
389.0 0.0034039880119962618
390.0 0.0027650079573504627
391.0 0.002386165942880325
392.0 0.0020073244741070084
393.0 0.0018467078916728497
394.0 0.0016860916730365716
395.0 0.0014056831787456758
396.0 0.0011252747754042502
397.0 0.0009208212759403978
398.0 0.0007163680038502207
399.0 0.0007022141289780848
400.0 0.0006880602086312138
401.0 0.0006256657343328698
402.0 0.0005632711690850556
403.0 0.000595006486037164
404.0 0.0006267418939387426
405.0 0.0010706287866923958
406.0 0.001514515679446049
407.0 0.0015427231119247153
408.0 0.0015709299987065606
409.0 0.00100836414276273
410.0 0.0004457983322936343
411.0 0.0007892894245742355
412.0 0.0011327805623295717
413.0 0.0014320845366455615
414.0 0.001731388874759432
415.0 0.0018653499864740297
416.0 0.0019993114619865082
417.0 0.0016358213542844169
418.0 0.0012723313375317957
419.0 0.0018884647943195887
420.0 0.002504597978258971
421.0 0.003800314516411163
422.0 0.005096030508866534
423.0 0.008151930524036288
424.0 0.011207829811610281
425.0 0.01482371153542772
426.0 0.018439593259245157
427.0 0.01895423629321158
428.0 0.019468880782369524
429.0 0.015325777349062264
430.0 0.011182673915755004
431.0 0.0076755721238441765
432.0 0.004168471059529111
433.0 0.0032580730476183817
434.0 0.0023476753995055333
435.0 0.0019364748368388973
436.0 0.0015252747289196122
437.0 0.0010335234946978744
438.0 0.0005417725333245471
439.0 0.0006819075679231901
440.0 0.000822042602521833
441.0 0.0008770317435846664
442.0 0.0009320210665464401
443.0 0.0013391671018325724
444.0 0.0017463131371187046
445.0 0.0016350926671293564
446.0 0.0015238723790389486
447.0 0.001436376442143228
448.0 0.0013488806871464476
449.0 0.0012176751624792814
450.0 0.001086469546862645
451.0 0.0012610694284376223
452.0 0.0014356688552652486
453.0 0.0015992074622772634
454.0 0.0017627458873903379
455.0 0.001483430514781503
456.0 0.0012041155059705488
457.0 0.0009692821549833752
458.0 0.000734448485673056
459.0 0.0009259172657039016
460.0 0.0011173860912094824
461.0 0.0015489667930523865
462.0 0.0019805474948952906
463.0 0.0027670017516356893
464.0 0.0035534561902750283
465.0 0.0044987780711380765
466.0 0.005444098496809602
467.0 0.005988493285258301
468.0 0.006532887346111238
469.0 0.005718271859223023
470.0 0.0049036570999305695
471.0 0.003731433389475569
472.0 0.0025592096790205687
473.0 0.0018729810108197853
474.0 0.0011867521607200615
475.0 0.000787837961979676
476.0 0.0003889237177645555
477.0 0.0005804947704746155
478.0 0.0007720657777099404
479.0 0.0007153838396334322
480.0 0.0006587019470316591
481.0 0.0005712829079129733
482.0 0.00048386391426902264
483.0 0.0005858385520696174
484.0 0.0006878132808196824
485.0 0.0007211075171653647
486.0 0.000754401753511047
487.0 0.0004833665570913581
488.0 0.00021233136067166924
489.0 0.0004499189799389569
490.0 0.0006875066446809797
491.0 0.0007159617780416738
492.0 0.0007444169568771031
493.0 0.0008543835974705871
494.0 0.0009643503290135413
495.0 0.0009959133421943989
496.0 0.001027476173476316
497.0 0.001064733623934444
498.0 0.0011019912562915124
499.0 0.0011667949365801178
500.0 0.001231598980666604
501.0 0.0012267737474758178
502.0 0.0012219482414366212
503.0 0.0016695465092197992
504.0 0.002117144686053507
505.0 0.002493754800525494
506.0 0.002870365096896421
507.0 0.0035750777897192165
508.0 0.004279790664440952
509.0 0.004628497481462546
510.0 0.004977205389877781
511.0 0.004677463221014477
512.0 0.004377721415949054
513.0 0.0036937555705662817
514.0 0.0030097899070824496
515.0 0.002759725248324685
516.0 0.0025096607714658603
517.0 0.002574929385446012
518.0 0.0026401974537293427
519.0 1.5745304365877288e-10
520.0 0.010624992137309164
521.0 0.16410434618592262
522.0 0.04938177880831063
523.0 0.12430493952706456
524.0 0.16276352107524872
525.0 0.06082482868805528
526.0 0.11408362770453095
527.0 0.11181703303009272
528.0 0.1451436197385192
529.0 0.1477183075621724
530.0 0.20363302901387215
531.0 0.1930152764543891
532.0 0.20915342029184103
533.0 0.2877219347283244
534.0 0.3691574791446328
535.0 0.3519451478496194
536.0 0.4887185525149107
537.0 0.7117930334061384
538.0 1.0368749499320984
539.0 1.5877166762948036
540.0 2.529442124068737
541.0 3.8772176951169968
542.0 5.740480124950409
543.0 8.377668261528015
544.0 11.6007499396801
545.0 15.207608044147491
546.0 19.561155140399933
547.0 25.15307068824768
548.0 32.10421800613403
549.0 39.89315927028656
550.0 46.83011472225189
551.0 54.92334961891174
552.0 61.22729778289795
553.0 67.04789996147156
554.0 71.68333530426025
555.0 75.96043944358826
556.0 80.227792263031
557.0 83.1438422203064
558.0 86.68674826622009
559.0 89.9979293346405
560.0 91.36974215507507
561.0 93.34448575973511
562.0 94.40606832504272
563.0 94.24279928207397
564.0 95.24421095848083
565.0 94.78078484535217
566.0 95.44119238853455
567.0 94.7511076927185
568.0 95.00673413276672
569.0 95.97270488739014
570.0 95.2198326587677
571.0 96.3419497013092
572.0 96.07200026512146
573.0 96.4586079120636
574.0 96.23390436172485
575.0 96.47941589355469
576.0 96.66959047317505
577.0 96.54592871665955
578.0 96.76691889762878
579.0 96.21440172195435
580.0 96.04591727256775
581.0 96.01305723190308
582.0 96.2665319442749
583.0 96.05918526649475
584.0 95.75578570365906
585.0 95.9786593914032
586.0 96.12676501274109
587.0 95.74057459831238
588.0 96.1690604686737
589.0 96.79398536682129
590.0 96.2034285068512
591.0 95.47380805015564
592.0 95.69817185401917
593.0 95.54479122161865
594.0 95.65584659576416
595.0 96.2122917175293
596.0 96.40023708343506
597.0 96.84906005859375
598.0 96.35311961174011
599.0 96.17531299591064
600.0 96.1711585521698
601.0 95.70592641830444
602.0 95.92621922492981
603.0 95.79458832740784
604.0 95.79211473464966
605.0 96.25325798988342
606.0 95.86318135261536
607.0 95.8134114742279
608.0 95.97350358963013
609.0 95.2131450176239
610.0 95.44227719306946
611.0 95.52716016769409
612.0 95.55473327636719
613.0 96.33996486663818
614.0 96.23465538024902
615.0 95.8863615989685
616.0 96.21388912200928
617.0 95.93364000320435
618.0 95.82658410072327
619.0 96.43594026565552
620.0 95.73580026626587
621.0 95.43617367744446
622.0 96.1301863193512
623.0 96.2176263332367
624.0 95.94067335128784
625.0 96.32061719894409
626.0 95.52863836288452
627.0 94.44305300712585
628.0 96.71276211738586
629.0 94.86685991287231
630.0 96.092289686203
631.0 95.49023509025574
632.0 96.47390246391296
633.0 96.13547325134277
634.0 95.23165225982666
635.0 95.5323338508606
636.0 95.41215300559998
637.0 95.38344740867615
638.0 94.93043422698975
639.0 95.22043466567993
640.0 95.03208994865417
641.0 95.1396107673645
642.0 95.6149697303772
643.0 95.52984237670898
644.0 95.41978240013123
645.0 95.85477113723755
646.0 95.40640115737915
647.0 96.40266299247742
648.0 95.89557647705078
649.0 95.17223238945007
650.0 95.71178555488586
651.0 96.23491764068604
652.0 96.31571173667908
653.0 95.5317735671997
654.0 95.75108885765076
655.0 96.03378772735596
656.0 95.43803930282593
657.0 95.48929333686829
658.0 95.79169154167175
659.0 95.92807292938232
660.0 95.02168893814087
661.0 95.02590894699097
662.0 95.23175954818726
663.0 95.3767478466034
664.0 95.1972246170044
665.0 94.97739672660828
666.0 94.76051330566406
667.0 95.22787928581238
668.0 94.58963871002197
669.0 95.28014659881592
670.0 95.06272077560425
671.0 95.18375396728516
672.0 95.02901434898376
673.0 95.19883990287781
674.0 94.66284513473511
675.0 95.10577917098999
676.0 94.34286952018738
677.0 93.66049766540527
678.0 92.99447536468506
679.0 92.11140871047974
680.0 91.32187962532043
681.0 89.88609313964844
682.0 87.65656352043152
683.0 85.02787351608276
684.0 81.29742741584778
685.0 77.84008979797363
686.0 73.76128435134888
687.0 69.35076713562012
688.0 64.76147770881653
689.0 60.00761389732361
690.0 54.74954843521118
691.0 50.44659376144409
692.0 45.76955735683441
693.0 41.41790568828583
694.0 36.5870863199234
695.0 31.58269226551056
696.0 26.61430835723877
697.0 21.82149887084961
698.0 16.12045019865036
699.0 11.796393990516663
700.0 8.336463570594788
701.0 5.328203737735748
702.0 3.395317494869232
703.0 1.944020763039589
704.0 1.1076425202190876
705.0 0.7010187953710556
706.0 0.4559664987027645
707.0 0.2881534630432725
708.0 0.20097962114959955
709.0 0.15317226061597466
710.0 0.09779685642570257
711.0 0.10871529811993241
712.0 0.08721018093638122
713.0 0.08166811894625425
714.0 0.07960312068462372
715.0 0.06954005802981555
716.0 0.08276122389361262
717.0 0.020069596939720213
718.0 0.05359450588002801
719.0 0.0636669632513076
720.0 1.5745304365877288e-10
721.0 0.004680345227825455
722.0 0.004316430204198696
723.0 0.003952515180571936
724.0 0.0037470890674740076
725.0 0.003541662954376079
726.0 0.0032474094041390345
727.0 0.002953156399598811
728.0 0.0028224580091773532
729.0 0.0026917599825537764
730.0 0.002518478504498489
731.0 0.0023451972083421424
732.0 0.0022803651518188417
733.0 0.0022155334590934217
734.0 0.002131374458258506
735.0 0.00204721545742359
736.0 0.0019380537196411751
737.0 0.0018288921637577005
738.0 0.0017628759451326914
739.0 0.0016968593627098016
740.0 0.0016193222108995542
741.0 0.001541785240988247
742.0 0.0014417121747101191
743.0 0.0013416386536846403
744.0 0.0014705671674164478
745.0 0.001599495590198785
746.0 0.0014037243090569973
747.0 0.0012079530279152095
748.0 0.0012130096365581267
749.0 0.001218066336150514
750.0 0.0012537977454485372
751.0 0.001289529518544441
752.0 0.0013027086424699519
753.0 0.0013158877663954627
754.0 0.001251836965820985
755.0 0.0011877863471454475
756.0 0.0010994529475283343
757.0 0.0010111197298101615
758.0 0.000985116548690712
759.0 0.0009591136404196732
760.0 0.0009067238352145068
761.0 0.00085433375716093
762.0 0.0009025261533679441
763.0 0.0009507187314738985
764.0 0.0010255366760247853
765.0 0.001100354620575672
766.0 0.0009115659850067459
767.0 0.0007227771220641444
768.0 0.0006633140856138198
769.0 0.0006038506853656145
770.0 0.0005544583018490812
771.0 0.0005050658728578128
772.0 0.0006024143203831045
773.0 0.0006997625405347208
774.0 0.00086831278167665
775.0 0.0010368631592427846
776.0 0.0010579737136140466
777.0 0.0010790848136821296
778.0 0.0009114766726270318
779.0 0.0007438688498950796
780.0 0.0007454544629581505
781.0 0.0007470403943443671
782.0 0.0008078523023868911
783.0 0.0008686643923283555
784.0 0.0007815150638634805
785.0 0.0006943659627722809
786.0 0.0007886103958298918
787.0 0.0008828548743622378
788.0 0.0006806542387494119
789.0 0.00047845346671238076
790.0 0.000627145345788449
791.0 0.0007758374522381928
792.0 0.0008033135600271635
793.0 0.000830789576866664
794.0 0.0008157746378856245
795.0 0.0008007598808035254
796.0 0.0006730485438311007
797.0 0.000545337252333411
798.0 0.0006834451596660074
799.0 0.0008215532943722792
800.0 0.0008515675290254876
801.0 0.0008815815817797557
802.0 0.0009032133675646037
803.0 0.0009248451533494517
804.0 0.0007893220754340291
805.0 0.0006537990884680767
806.0 0.000705872389517026
807.0 0.0007579454177175649
808.0 0.0006934564225957729
809.0 0.0006289671546255704
810.0 0.0006249823400139576
811.0 0.0006209972980286693
812.0 0.0005262844297249103
813.0 0.0004315714704716811
814.0 0.00042954775381076615
815.0 0.0004275240826245863
816.0 0.0005923564458498731
817.0 0.0007571889909741003
818.0 0.0006365127774188295
819.0 0.0005158362455404131
820.0 0.0005460561624204274
821.0 0.0005762760338257067
822.0 0.000616499755778932
823.0 0.0006567234777321573
824.0 0.0005298382347973529
825.0 0.000402952719014138
826.0 0.000421297772845719
827.0 0.00043964282667730004
828.0 0.00042384381231386214
829.0 0.00040804475247568917
830.0 0.00014473397413894418
831.0 1.5745304365877288e-10
832.0 1.5745304365877288e-10
833.0 1.5745304365877288e-10
834.0 1.5745304365877288e-10
835.0 0.00011931269909837283
836.0 0.00016881092506082496
837.0 0.00021830912828590954
838.0 0.00067780615609081
839.0 0.001137303206633078
840.0 0.0014552902939612977
841.0 0.0017732774722389877
842.0 0.0019809835066553205
843.0 0.002188689904869534
844.0 0.0021317035134416074
845.0 0.0020747174858115613
846.0 0.001795146454242058
847.0 0.0015155752407736145
848.0 0.0014587524674425367
849.0 0.0014019296031619888
850.0 0.0013697584108740557
851.0 0.0013375870366871823
852.0 0.0012553055967146065
853.0 0.0011730244295904413
854.0 0.0009655786016082857
855.0 0.0007581326826766599
856.0 0.0006166776074678637
857.0 0.000475222259410657
858.0 0.000477392723041703
859.0 0.000479563186672749
860.0 0.0003628932745414204
861.0 0.0002462233169353567
862.0 0.0002991606152136228
863.0 0.0003520978680171538
864.0 0.00021905534595134668
865.0 8.601283525422332e-05
866.0 6.750108241249109e-05
867.0 4.898929546470754e-05
868.0 0.00010832438874786021
869.0 0.00016765948203101289
870.0 8.682292786943435e-05
871.0 5.9863744183985546e-06
872.0 1.5745304365877288e-10
873.0 1.5745304365877288e-10
874.0 1.5745304365877288e-10
875.0 1.5745304365877288e-10
876.0 4.5315470487139464e-06
877.0 0.00011680368743327563
878.0 0.0001404659315085155
879.0 0.0001641281983211229
880.0 0.00011308191005809931
881.0 6.20356274794176e-05
882.0 9.290177445109293e-05
883.0 0.0001237679043697426
884.0 5.325234724296024e-05
885.0 1.5745304365877288e-10
886.0 8.884533144737361e-05
887.0 0.0001949538955159369
888.0 0.00016948525853877072
889.0 0.00014401663293028832
890.0 8.693033919371373e-05
891.0 2.9844062510164804e-05
892.0 1.282534469737584e-05
893.0 1.5745304365877288e-10
894.0 5.182558879823773e-05
895.0 0.00010784455071188859
896.0 5.687465431947203e-05
897.0 5.904779953880279e-06
898.0 6.228078177628049e-05
899.0 0.00011865674878208665
900.0 7.159757728913974e-05
901.0 2.4538394427509047e-05
