lsstCam/transmission_filter_detector/r33_s00/r_57/19700101T000000.ecsv
# %ECSV 1.0
# ---
# datatype:
# - {name: wavelength, unit: nm, datatype: float32}
# - {name: efficiency, unit: '%', datatype: float64}
# meta: !!omap
# - {MODE: DETECTOR}
# - {TYPE: transmission_filter_detector}
# - {CALIBDATE: '1970-01-01T00:00:00'}
# - {INSTRUME: LSSTCam}
# - {OBSTYPE: transmission_filter_detector}
# - {CALIBCLS: lsst.ip.isr.IntermediateFilterDetectorTransmissionCurve}
# - {SOURCE: Materion (DM-46256)}
# - {DETECTOR: 144}
# - {FILTER: r_57}
# - {CALIB_ID: 'calibDate=1970-01-01T00:00:00 filter=r_57 detector=144'}
# - {DATE: '2025-04-02T15:59:44.851726'}
# - {CALIB_CREATION_DATE: '2025-04-02'}
# - {CALIB_CREATION_TIME: '15:59:44'}
# - __serialized_columns__:
#     efficiency:
#       __class__: astropy.units.quantity.Quantity
#       unit: !astropy.units.Unit {unit: '%'}
#       value: !astropy.table.SerializedColumn {name: efficiency}
#     wavelength:
#       __class__: astropy.units.quantity.Quantity
#       unit: !astropy.units.Unit {unit: nm}
#       value: !astropy.table.SerializedColumn {name: wavelength}
# schema: astropy-2.0
wavelength efficiency
[from data line 603]
903.0 4.481551343360479e-05
904.0 2.5867736397344743e-06
905.0 1.5745304365877288e-10
906.0 4.264092012817855e-05
907.0 0.00012492381529227714
908.0 0.00015460523172805551
909.0 0.0001842866481638339
910.0 5.011156076761836e-05
911.0 1.5745304365877288e-10
912.0 1.3529682973967283e-05
913.0 0.00011112290394521551
914.0 6.385334359038097e-05
915.0 1.658377897229002e-05
916.0 4.56682300864486e-05
917.0 7.475265419998323e-05
918.0 0.00013116195987095125
919.0 0.00018757124280455173
920.0 0.00015018677004263736
921.0 0.00011280227454335545
922.0 0.00016808853615657426
923.0 0.0002233747864011093
924.0 0.00016646396261421614
925.0 0.00010955310472127167
926.0 0.00014302883073469275
927.0 0.0001765045226420625
928.0 0.00011312414471831289
929.0 4.974374405719573e-05
930.0 9.544093018121202e-05
931.0 0.000141138082199177
932.0 7.706948395025393e-05
933.0 1.30008729115616e-05
934.0 1.5745304365877288e-10
935.0 1.5745304365877288e-10
936.0 4.4119349240645533e-05
937.0 0.00012614524393939064
938.0 0.00010988987924065441
939.0 9.363447475152498e-05
940.0 0.00016562936480113422
941.0 0.00023762418095429894
942.0 0.00034502415928727714
943.0 0.00045242413762025535
944.0 0.0003337786210977356
945.0 0.0002151330818378483
946.0 0.0003919179562217323
947.0 0.000568702898817719
948.0 0.0004290296146791661
949.0 0.00028935646696481854
950.0 0.0004048167738801567
951.0 0.000520277171744965
952.0 0.0006389718237187481
953.0 0.0007576666575914714
954.0 0.0008975114724307787
955.0 0.0010373565601184964
956.0 0.0012126090950914659
957.0 0.0013878616300644353
958.0 0.0016592584870522842
959.0 0.001930655344040133
960.0 0.0020455428966670297
961.0 0.0021604304492939264
962.0 0.0023059657905832864
963.0 0.0024515011318726465
964.0 0.002479028989910148
965.0 0.0025065566660487093
966.0 0.0025893050406011753
967.0 0.0026720535970525816
968.0 0.0026088577214977704
969.0 0.00254566220974084
970.0 0.0025558525521773845
971.0 0.0025660430765128694
972.0 0.002677085649338551
973.0 0.002788128585962113
974.0 0.0029526852813432924
975.0 0.0031172421586234123
976.0 0.003054198532481678
977.0 0.002991154724441003
978.0 0.0030374825655599125
979.0 0.0030838102247798815
980.0 0.0030752580642001703
981.0 0.003066705903620459
982.0 0.0030504103051498532
983.0 0.003034114524780307
984.0 0.0028729054974974133
985.0 0.0027116962883155793
986.0 0.002612929165479727
987.0 0.002514162042643875
988.0 0.002497535024303943
989.0 0.002480908551660832
990.0 0.002487966776243411
991.0 0.0024950246370281093
992.0 0.002518078326829709
993.0 0.0025411323804291897
994.0 0.0025956296667573042
995.0 0.002650126953085419
996.0 0.002692999078135472
997.0 0.002735871203185525
998.0 0.002909771865233779
999.0 0.0030836727091809735
1000.0 0.0031738029065309092
1001.0 0.0032639338314766064
1002.0 0.0034897377190645784
1003.0 0.003715541970450431
1004.0 0.0037379515561042354
1005.0 0.003760360777960159
1006.0 0.003945609932998195
1007.0 0.004130859451834112
1008.0 0.004184704084764235
1009.0 0.004238549081492238
1010.0 0.0041443039663136005
1011.0 0.004050059578730725
1012.0 0.003976877633249387
1013.0 0.003903695323970169
1014.0 0.0037308276660041884
1015.0 0.0035579592804424465
1016.0 0.0032912146707531065
1017.0 0.003024470242962707
1018.0 0.0027492606022860855
1019.0 0.002474050961609464
1020.0 0.002221364229626488
1021.0 0.001968677679542452
1022.0 0.0016972515368252061
1023.0 0.0014258255760069005
1024.0 0.0013133350876159966
1025.0 0.0012008444173261523
1026.0 0.0010729874702519737
1027.0 0.0009451306141272653
1028.0 0.000927314340515295
1029.0 0.0009094982488022652
1030.0 0.0009386186320625711
1031.0 0.0009677391972218174
1032.0 0.0009335421054856852
1033.0 0.0008993450137495529
1034.0 0.0007563462986581726
1035.0 0.0006133473107183818
1036.0 0.0006184947324072709
1037.0 0.000623642108621425
1038.0 0.0006791362466174178
1039.0 0.0007346303391386755
1040.0 0.0006419444616767578
1041.0 0.0005492585842148401
1042.0 0.0005729834811063483
1043.0 0.0005967082415736513
1044.0 0.0007191242275439436
1045.0 0.0008415402589889709
1046.0 0.0009121949915424921
1047.0 0.0009828499969444238
1048.0 0.0007763254870951641
1049.0 0.0005698010681953747
1050.0 0.0007833086783648469
1051.0 0.000996816288534319
1052.0 0.0009539761776977684
1053.0 0.0009111354302149266
1054.0 0.0008336182872881182
1055.0 0.0007561010534118395
1056.0 0.0007503191227442585
1057.0 0.0007445371466019424
1058.0 0.0008459112905256916
1059.0 0.0009472851161262952
1060.0 0.0009767021765583195
1061.0 0.0010061190550914034
1062.0 0.0012703221727861091
1063.0 0.0015345251085818745
1064.0 0.0014465264030150138
1065.0 0.0013585276064986829
1066.0 0.0016283895092783496
1067.0 0.001898251321108546
1068.0 0.001993827027035877
1069.0 0.0020894025510642678
1070.0 0.0022014619389665313
1071.0 0.002313521508767735
1072.0 0.0018963621187140234
1073.0 0.0014792023648624308
1074.0 0.0019039369362872094
1075.0 0.002328671507711988
1076.0 0.0026580652047414333
1077.0 0.0029874587198719382
1078.0 0.003080192254856229
1079.0 0.0031729261536384
1080.0 0.0037940157199045643
1081.0 0.004415104922372848
1082.0 0.004090537549927831
1083.0 0.003765969813684933
1084.0 0.004171077307546511
1085.0 0.004576184073812328
1086.0 0.004274052116670646
1087.0 0.003971919431933202
1088.0 0.0038601709093200043
1089.0 0.0037484223867068067
1090.0 0.003009981446666643
1091.0 0.0022715406885254197
1092.0 0.003135116639896296
1093.0 0.003998693136963993
1094.0 0.003909744918928482
1095.0 0.0038207974284887314
1096.0 0.0035493954783305526
1097.0 0.0032779938919702545
1098.0 0.0036533052480081096
1099.0 0.0040286169678438455
1100.0 0.0034555454476503655
1101.0 0.0028824739274568856
