lsstCam/transmission_filter_detector/r34_s12/i_39/19700101T000000.ecsv
# %ECSV 1.0
# ---
# datatype:
# - {name: wavelength, unit: nm, datatype: float32}
# - {name: efficiency, unit: '%', datatype: float64}
# meta: !!omap
# - {MODE: DETECTOR}
# - {TYPE: transmission_filter_detector}
# - {CALIBDATE: '1970-01-01T00:00:00'}
# - {INSTRUME: LSSTCam}
# - {OBSTYPE: transmission_filter_detector}
# - {CALIBCLS: lsst.ip.isr.IntermediateFilterDetectorTransmissionCurve}
# - {SOURCE: Materion (DM-46256)}
# - {DETECTOR: 158}
# - {FILTER: i_39}
# - {CALIB_ID: 'calibDate=1970-01-01T00:00:00 filter=i_39 detector=158'}
# - {DATE: '2025-04-02T15:59:47.210911'}
# - {CALIB_CREATION_DATE: '2025-04-02'}
# - {CALIB_CREATION_TIME: '15:59:47'}
# - __serialized_columns__:
#     efficiency:
#       __class__: astropy.units.quantity.Quantity
#       unit: !astropy.units.Unit {unit: '%'}
#       value: !astropy.table.SerializedColumn {name: efficiency}
#     wavelength:
#       __class__: astropy.units.quantity.Quantity
#       unit: !astropy.units.Unit {unit: nm}
#       value: !astropy.table.SerializedColumn {name: wavelength}
# schema: astropy-2.0
wavelength efficiency
[from data line 597]
897.0 1.9626700438479805e-10
898.0 1.9626700438479805e-10
899.0 1.9626700438479805e-10
900.0 1.9626700438479805e-10
901.0 1.9626700438479805e-10
902.0 1.9626700438479805e-10
903.0 1.9626700438479805e-10
904.0 1.9626700438479805e-10
905.0 3.150444456423429e-05
906.0 6.351517072289425e-05
907.0 1.9626700438479805e-10
908.0 1.9626700438479805e-10
909.0 1.9626700438479805e-10
910.0 4.952081553710741e-05
911.0 4.613919202256511e-05
912.0 4.2757588403219415e-05
913.0 4.2012223389065184e-05
914.0 4.126686405925284e-05
915.0 1.9626700438479805e-10
916.0 1.9626700438479805e-10
917.0 1.9626700438479805e-10
918.0 1.9626700438479805e-10
919.0 1.9626700438479805e-10
920.0 0.00025858275876089465
921.0 4.411651559621532e-05
922.0 1.9626700438479805e-10
923.0 1.9626700438479805e-10
924.0 2.244441361654026e-05
925.0 7.958327046253544e-05
926.0 0.00013672212162418873
927.0 7.243064601425431e-05
928.0 8.139159035636112e-06
929.0 1.9626700438479805e-10
930.0 1.9626700438479805e-10
931.0 1.9626700438479805e-10
932.0 0.00016121238104460645
933.0 4.831072715205664e-05
934.0 1.9626700438479805e-10
935.0 1.9626700438479805e-10
936.0 1.9626700438479805e-10
937.0 0.00013167901897759293
938.0 0.0002647120027177152
939.0 0.0001402250290993834
940.0 1.573807253407722e-05
941.0 1.9067776690917526e-05
942.0 2.2397433951937273e-05
943.0 8.58090629662911e-05
944.0 0.00014922068203304661
945.0 1.9626700438479805e-10
946.0 1.9626700438479805e-10
947.0 1.9626700438479805e-10
948.0 1.9626700438479805e-10
949.0 1.9626700438479805e-10
950.0 1.9626700438479805e-10
951.0 0.000110787914309185
952.0 0.00029116547466401244
953.0 0.00020361837869131705
954.0 0.00011607125998125412
955.0 7.174953111643845e-05
956.0 2.7427751092545805e-05
957.0 9.587214435669011e-05
958.0 0.0001643165433051763
959.0 0.00021661330720235128
960.0 0.00026891011657426134
961.0 0.0002477392627042718
962.0 0.00022656838609691476
963.0 0.00017573095192346955
964.0 0.00012489354048739187
965.0 2.1769984925867902e-05
966.0 1.9626700438479805e-10
967.0 1.9626700438479805e-10
968.0 1.9626700438479805e-10
969.0 1.9626700438479805e-10
970.0 6.104796170802729e-05
971.0 1.9626700438479805e-10
972.0 1.9626700438479805e-10
973.0 1.6210114495152084e-05
974.0 0.0001736876356517314
975.0 0.0001336697323495173
976.0 9.365184041598695e-05
977.0 7.286441245923925e-05
978.0 5.2076961765124e-05
979.0 8.353800495797259e-06
980.0 1.9626700438479805e-10
981.0 1.9626700438479805e-10
982.0 1.9626700438479805e-10
983.0 1.9626700438479805e-10
984.0 1.9626700438479805e-10
985.0 1.9626700438479805e-10
986.0 0.00014655495306215016
987.0 2.437089960949379e-05
988.0 1.9626700438479805e-10
989.0 8.283931407504497e-06
990.0 0.00011438098681537667
991.0 0.00011027307209587889
992.0 0.00010616519148243242
993.0 0.00011880356396432035
994.0 0.00013144193644620827
995.0 0.0001664855062699644
996.0 0.0002015290419876692
997.0 0.00018099208318744786
998.0 0.00016045511301854276
999.0 0.00010368386256232043
1000.0 4.691259505307244e-05
1001.0 0.000108151402855583
1002.0 0.000169390239079803
1003.0 0.0001246851752512157
1004.0 7.998015689736349e-05
1005.0 9.873015187622514e-05
1006.0 0.00011748021506718942
1007.0 0.00011141843287987285
1008.0 0.0001053566847986076
1009.0 0.0001922660885611549
1010.0 0.000279175401374232
1011.0 0.00028627575829887064
1012.0 0.0002933761379608768
1013.0 0.00021438850126287434
1014.0 0.00013540086456487188
1015.0 0.00012263806183909765
1016.0 0.00010987528185069095
1017.0 0.00016651745227136416
1018.0 0.00022315966816677246
1019.0 0.00010833280157385161
1020.0 1.9626700438479805e-10
1021.0 0.00011021428463209304
1022.0 0.00022692263428325532
1023.0 0.0002973708888021065
1024.0 0.00036781914332095766
1025.0 0.0003499283820929122
1026.0 0.0003320376890769694
1027.0 0.0005889208296139259
1028.0 0.0008458039701508824
1029.0 0.0010653841854946222
1030.0 0.0012849643098888919
1031.0 0.0015583565982524306
1032.0 0.0018317485228180885
1033.0 0.0021979649318382144
1034.0 0.002564180795161519
1035.0 0.002815156040014699
1036.0 0.0030661311029689386
1037.0 0.00310511386487633
1038.0 0.0031440962629858404
1039.0 0.0026165196686633863
1040.0 0.0020889428924419917
1041.0 0.002069275979010854
1042.0 0.002049609065579716
1043.0 0.0022386511773220263
1044.0 0.002427693470963277
1045.0 0.002903437962231692
1046.0 0.0033791828172979876
1047.0 0.003666258999146521
1048.0 0.003953335544792935
1049.0 0.0034764780139084905
1050.0 0.0029996208468219265
1051.0 0.0027574273190111853
1052.0 0.002515233791200444
1053.0 0.0021375608412199654
1054.0 0.0017598877093405463
1055.0 0.0013330763977137394
1056.0 0.0009062649041879922
1057.0 0.0011699424248945434
1058.0 0.001433620218449505
1059.0 0.0011332186659274157
1060.0 0.0008328172953042667
1061.0 0.0008731659363547806
1062.0 0.0009135147593042348
1063.0 0.0014366471987159457
1064.0 0.0019597791833803058
1065.0 0.0023802482246537693
1066.0 0.002800717265927233
1067.0 0.0034077136660926044
1068.0 0.004014710793853737
1069.0 0.004108712892048061
1070.0 0.004202714990242384
1071.0 0.003975292202085257
1072.0 0.0037478694139281288
1073.0 0.0025905270376824774
1074.0 0.0014331844795378856
1075.0 0.0014114168152445927
1076.0 0.0013896490600018296
1077.0 0.0022662341507384554
1078.0 0.0031428193324245512
1079.0 0.0030360555683728307
1080.0 0.0029292918043211102
1081.0 0.0020973337086616084
1082.0 0.0012653759767999873
1083.0 0.0014282381926022936
1084.0 0.0015911004084045999
1085.0 0.0009157804925052915
1086.0 0.0002404606902928208
1087.0 0.0005896638413105393
1088.0 0.0009388671060150955
1089.0 7.599188052154204e-05
1090.0 1.9626700438479805e-10
1091.0 1.9626700438479805e-10
1092.0 0.00041106836761173327
1093.0 1.9626700438479805e-10
1094.0 1.9626700438479805e-10
1095.0 1.9626700438479805e-10
1096.0 0.0009112544830713887
1097.0 1.9626700438479805e-10
1098.0 1.9626700438479805e-10
1099.0 0.00019084409359493293
1100.0 0.0013310938811628148
