lsstCam/transmission_filter_detector/r34_s12/i_39/19700101T000000.ecsv
# %ECSV 1.0
# ---
# datatype:
# - {name: wavelength, unit: nm, datatype: float32}
# - {name: efficiency, unit: '%', datatype: float64}
# meta: !!omap
# - {MODE: DETECTOR}
# - {TYPE: transmission_filter_detector}
# - {CALIBDATE: '1970-01-01T00:00:00'}
# - {INSTRUME: LSSTCam}
# - {OBSTYPE: transmission_filter_detector}
# - {CALIBCLS: lsst.ip.isr.IntermediateFilterDetectorTransmissionCurve}
# - {SOURCE: Materion (DM-46256)}
# - {DETECTOR: 158}
# - {FILTER: i_39}
# - {CALIB_ID: 'calibDate=1970-01-01T00:00:00 filter=i_39 detector=158'}
# - {DATE: '2025-04-02T15:59:47.210911'}
# - {CALIB_CREATION_DATE: '2025-04-02'}
# - {CALIB_CREATION_TIME: '15:59:47'}
# - __serialized_columns__:
#     efficiency:
#       __class__: astropy.units.quantity.Quantity
#       unit: !astropy.units.Unit {unit: '%'}
#       value: !astropy.table.SerializedColumn {name: efficiency}
#     wavelength:
#       __class__: astropy.units.quantity.Quantity
#       unit: !astropy.units.Unit {unit: nm}
#       value: !astropy.table.SerializedColumn {name: wavelength}
# schema: astropy-2.0
wavelength efficiency
300.0 1.9626700438479805e-10
301.0 1.9626700438479805e-10
302.0 0.03226948028896004
303.0 0.022874560090713203
304.0 0.013479639892466366
305.0 0.014785477833356708
306.0 0.016091314319055527
307.0 0.014193213428370655
308.0 0.012295109627302736
309.0 0.010829306120285764
310.0 0.009363501885673031
311.0 1.9626700438479805e-10
312.0 1.9626700438479805e-10
313.0 1.9626700438479805e-10
314.0 1.9626700438479805e-10
315.0 1.9626700438479805e-10
316.0 1.9626700438479805e-10
317.0 1.9626700438479805e-10
318.0 1.9626700438479805e-10
319.0 0.002893322380259633
320.0 0.008066900772973895
321.0 0.003757002195925452
322.0 1.9626700438479805e-10
323.0 1.9626700438479805e-10
324.0 1.9626700438479805e-10
325.0 0.0016171590687008575
326.0 0.003479110455373302
327.0 0.0018046481272904202
328.0 0.00013018593563174363
329.0 0.0020117116946494207
330.0 0.003893237590091303
331.0 0.0031063918868312612
332.0 0.002319546001672279
333.0 0.0013203305570641533
334.0 0.00032111452128447127
335.0 0.0002641306764417095
336.0 0.00020714667243737495
337.0 0.0011537031241459772
338.0 0.0021002597350161523
339.0 0.0008471638466289733
340.0 1.9626700438479805e-10
341.0 1.9626700438479805e-10
342.0 0.0001749148168528336
343.0 8.232673565089499e-06
344.0 1.9626700438479805e-10
345.0 1.9626700438479805e-10
346.0 1.9626700438479805e-10
347.0 1.9626700438479805e-10
348.0 1.9626700438479805e-10
349.0 0.00033803062251536176
350.0 0.0008117183824651875
351.0 0.0003162146640534047
352.0 1.9626700438479805e-10
353.0 5.248864454188151e-05
354.0 0.00028426632070477353
355.0 0.0005669330221280688
356.0 0.0008495995643897913
357.0 0.00013141212775735767
358.0 1.9626700438479805e-10
359.0 3.630451885783259e-05
360.0 0.0006593843863811344
361.0 0.0004745444130094256
362.0 0.0002897043714256142
363.0 0.00011466004252724815
364.0 1.9626700438479805e-10
365.0 0.00031943909561960027
366.0 0.0006992626822466264
367.0 0.0007249955160659738
368.0 0.000750728258935851
369.0 0.00037161717045819387
370.0 1.9626700438479805e-10
371.0 1.9626700438479805e-10
372.0 1.9626700438479805e-10
373.0 5.6065243825287325e-05
374.0 0.00014957247458369238
375.0 8.943752760615098e-06
376.0 1.9626700438479805e-10
377.0 0.00026358604827692034
378.0 0.0006588570613530464
379.0 0.00042423466766194906
380.0 0.00018961216028401395
381.0 0.0001859081635302573
382.0 0.00018220415540781687
383.0 0.0006371807558025466
384.0 0.001092157071980182
385.0 0.0006712401045660954
386.0 0.00025032331905094907
387.0 0.0002592547389212996
388.0 0.0002681859541553422
389.0 0.0004294927293813089
390.0 0.0005907992090214975
391.0 0.00044589664867089596
392.0 0.0003009942020071321
393.0 1.9626700438479805e-10
394.0 1.9626700438479805e-10
395.0 0.0005025932296121027
396.0 0.00146769561979454
397.0 0.0007112801085895626
398.0 1.9626700438479805e-10
399.0 0.001123699257732369
400.0 0.0022925341909285635
401.0 0.0028047974410583265
402.0 0.0033170610549859703
403.0 0.003661010123323649
404.0 0.004004958827863447
405.0 0.0034923054045066237
406.0 0.0029796516173519194
407.0 0.0029648699637618847
408.0 0.00295008831017185
409.0 0.002067352215817664
410.0 0.0011846162124129478
411.0 0.002490368569851853
412.0 0.0037961206544423476
413.0 0.0031517451134277508
414.0 0.0025073692086152732
415.0 0.0028395561457728036
416.0 0.003171743082930334
417.0 0.004109716246603057
418.0 0.005047689046477899
419.0 0.004285485920263454
420.0 0.0035232827940490097
421.0 0.003939219095627777
422.0 0.004355155397206545
423.0 0.004427759631653316
424.0 0.004500363866100088
425.0 0.00403932535846252
426.0 0.003578286850824952
427.0 0.004822985647479072
428.0 0.006067685171728954
429.0 0.005800192593596876
430.0 0.005532700015464798
431.0 0.005517961108125746
432.0 0.005503221836988814
433.0 0.004298636122257449
434.0 0.0030940511351218447
435.0 0.0024897126422729343
436.0 0.0018853743313229643
437.0 0.0014720635590492748
438.0 0.0010587530596239958
439.0 0.0013194628081691917
440.0 0.0015801728295627981
441.0 0.0013697543181478977
442.0 0.0011593360795814078
443.0 0.0020163874069112353
444.0 0.0028734386432915926
445.0 0.001652010359975975
446.0 0.0004305820766603574
447.0 0.00021323889995983336
448.0 1.9626700438479805e-10
449.0 0.0002678284090507077
450.0 0.0005397608674684307
451.0 0.000806919615570223
452.0 0.0010740784091467503
453.0 0.0007218044629553333
454.0 0.0003695307668749592
455.0 0.00030286628316389397
456.0 0.00023620182219019625
457.0 5.659042017214233e-05
458.0 1.9626700438479805e-10
459.0 1.9626700438479805e-10
460.0 4.670936277761939e-05
461.0 0.0002854164677046356
462.0 0.000524123561262968
463.0 0.000589599085287773
464.0 0.0006550745183631079
465.0 0.00022484625787910772
466.0 1.9626700438479805e-10
467.0 1.9626700438479805e-10
468.0 9.367241204927268e-05
469.0 0.00042804813347174786
470.0 0.0007624239515280351
471.0 0.00045384163058770355
472.0 0.0001452594688089448
473.0 0.00021556436422542902
474.0 0.0002858692369045457
475.0 0.0005054705070506316
476.0 0.0007250717317219824
477.0 0.0004972883289156016
478.0 0.00026950492610922083
479.0 0.001259793953067856
480.0 0.0022500831619254313
481.0 0.0021280875444062985
482.0 0.0020060922906850465
483.0 0.0030410950785153545
484.0 0.0040760973206488416
485.0 0.004722610901808366
486.0 0.005369123755372129
487.0 0.00786520540714264
488.0 0.010361285967519507
489.0 0.01427175011485815
490.0 0.01818221207940951
491.0 0.02254758292110637
492.0 0.02691295521799475
493.0 0.029600251582451165
494.0 0.03228754794690758
495.0 0.029897724743932486
496.0 0.02750790154095739
497.0 0.021498608111869544
498.0 0.01548931613797322
499.0 0.011064484715461731
500.0 0.006639652565354481
501.0 0.004512218220042996
502.0 0.002384781873843167
503.0 0.0020449093426577747
504.0 0.0017050368114723824
505.0 0.0015601259292452596
506.0 0.0014152147741697263
507.0 0.0018612096027936786
508.0 0.002307204340468161
509.0 0.0026560368496575393
510.0 0.0030048691769479774
511.0 0.002543553455325309
512.0 0.0020822379156015813
513.0 0.0020210592992953025
514.0 0.0019598810467869043
515.0 0.002090930320264306
516.0 0.0022219795937417075
517.0 0.0023062233594828285
518.0 0.0023904674890218303
519.0 0.002079939986288082
520.0 0.0017694124835543334
521.0 0.001830765359045472
522.0 0.001892118416435551
523.0 0.0018311084204469807
524.0 0.0017700982425594702
525.0 0.0019999293726868927
526.0 0.0022297606847132556
527.0 0.0028557333280332386
528.0 0.003481706153252162
529.0 0.003877708877553232
530.0 0.004273710874258541
531.0 0.0035817785828839988
532.0 0.0028898464734083973
533.0 0.0020608682461897843
534.0 0.0012318898370722309
535.0 0.001641245762584731
536.0 0.0020506015061982907
537.0 0.002371220580243971
538.0 0.0026918394723907113
539.0 0.003314997593406588
540.0 0.003938156078220345
541.0 0.00450372499471996
542.0 0.005069294638815336
543.0 0.005457803490571678
544.0 0.0058463127061259
545.0 0.004817032822757028
546.0 0.003787752939388156
547.0 0.0028202337489346974
548.0 0.0018527145584812388
549.0 0.001668878030613996
550.0 0.0014850416846456937
551.0 0.0015247997907863464
552.0 0.001564557896926999
553.0 0.0019244049326516688
554.0 0.002284252332174219
555.0 0.0016993510143947788
556.0 0.0011144498785142787
557.0 0.0009031107765622437
558.0 0.0006917716291354736
559.0 0.0005812826657347614
560.0 0.00047079365685931407
561.0 0.0007234795248223236
562.0 0.0009761654837348033
563.0 0.0013804353329760488
564.0 0.0017847049093688838
565.0 0.0014620170986745507
566.0 0.0011393294698791578
567.0 0.0012853719454142265
568.0 0.0014314146028482355
569.0 0.0010757553354778793
570.0 0.0007200962500064634
571.0 0.0005776844318461372
572.0 0.00043527256821107585
573.0 0.0004035709935124032
574.0 0.0003718693733389955
575.0 0.00035235170798841864
576.0 0.0003328340653752093
577.0 0.00043864833969564643
578.0 0.0005444626367534511
579.0 0.00040212380554294214
580.0 0.00025978490612033056
581.0 0.000402126306653372
582.0 0.0005444675934995757
583.0 0.00038042776395741384
584.0 0.00021638784346578177
585.0 0.0005143628186488058
586.0 0.000812337839306565
587.0 0.0005045758825872326
588.0 0.00019681406229210552
589.0 0.0004228886609780602
590.0 0.0006489635325124254
591.0 0.0006261605449253693
592.0 0.0006033573299646378
593.0 0.0006189540272316663
594.0 0.0006345507244986948
595.0 0.000536455308974837
596.0 0.00043835984797624405
597.0 0.0004902281943941489
598.0 0.0005420965862867888
599.0 0.0004979189270670759
600.0 0.0004537413587968331
601.0 0.0004833907041756902
602.0 0.0005130401859787526
603.0 0.00027321184461470693
604.0 3.3383520303686964e-05
605.0 0.00010602318525343435
606.0 0.00017866283315015608
607.0 0.0002804331415973138
608.0 0.0003822034614131553
609.0 0.0003535866198944859
610.0 0.00032496977837581653
611.0 0.00036962896956538316
612.0 0.0004142881607549498
613.0 0.0003395633029867895
614.0 0.0002648384906933643
615.0 0.00039271158129849937
616.0 0.0005205846264288994
617.0 0.00037011816402809927
618.0 0.00021965172436466673
619.0 0.00016076364772743545
620.0 0.00010187563930230681
621.0 0.00015004085298642167
622.0 0.00019820606667053653
623.0 0.00020390370991663076
624.0 0.00020960133042535745
625.0 0.00027892558591702254
626.0 0.0003482498641460552
627.0 0.0003691792016979889
628.0 0.00039010856198729016
629.0 0.00038112473248475
630.0 0.00037214081203273963
631.0 0.0003582003955671098
632.0 0.0003442598881520098
633.0 0.0003710058990691323
634.0 0.00039775195546098985
635.0 0.0004937815901939757
636.0 0.0005898113158764318
637.0 0.00044489370338851586
638.0 0.0002999760226884973
639.0 0.0003124660906905774
640.0 0.000324956181430025
641.0 0.0004560178695101058
642.0 0.0005870795575901866
643.0 0.0005726049494114704
644.0 0.000558130204808549
645.0 0.0006816138466092525
646.0 0.0008050975338846911
647.0 0.0007310805358429207
648.0 0.0006570633559022099
649.0 0.00072938992161653
650.0 0.0008017164873308502
651.0 0.0007206087502709124
652.0 0.0006395008767867694
653.0 0.0007069666480674641
654.0 0.000774432464822894
655.0 0.0010499439667910337
656.0 0.0013254554687591735
657.0 0.002203991789428983
658.0 0.0030825282010482624
659.0 0.005120521018397994
660.0 0.07059632334858179
661.0 0.08114113006740808
662.0 0.08937123930081725
663.0 0.11587351327762008
664.0 0.10949374409392476
665.0 0.1524791237898171
666.0 0.13324852334335446
667.0 0.13937397161498666
668.0 0.18533754628151655
669.0 0.22596358321607113
670.0 0.33518599811941385
671.0 0.4248236771672964
672.0 0.7042454555630684
673.0 1.1032097972929478
674.0 1.6887860372662544
675.0 2.4937907233834267
676.0 3.5023827105760574
677.0 4.812345281243324
678.0 6.145341694355011
679.0 7.541858404874802
680.0 9.345003217458725
681.0 11.409813165664673
682.0 13.98218423128128
683.0 16.864991188049316
684.0 19.97625231742859
685.0 23.030444979667664
686.0 26.070117950439453
687.0 29.34262454509735
688.0 32.46455490589142
689.0 35.562506318092346
690.0 39.00937736034393
691.0 42.77693331241608
692.0 47.31547236442566
693.0 52.24981904029846
694.0 57.814568281173706
695.0 63.42020034790039
696.0 69.6302056312561
697.0 75.25909543037415
698.0 81.48683905601501
699.0 86.26267313957214
700.0 90.12103080749512
701.0 93.26382875442505
702.0 95.3101098537445
703.0 96.54716849327087
704.0 97.1217155456543
705.0 97.62634634971619
706.0 97.70702719688416
707.0 97.97236919403076
708.0 97.93748259544373
709.0 98.07400107383728
710.0 97.7634847164154
711.0 97.99090027809143
712.0 97.88093566894531
713.0 97.97354340553284
714.0 98.05219769477844
715.0 98.10629487037659
716.0 97.99217581748962
717.0 98.15630912780762
718.0 98.20681810379028
719.0 98.19530248641968
720.0 98.4411895275116
721.0 98.35963249206543
722.0 98.12988638877869
723.0 97.90521264076233
724.0 97.52689003944397
725.0 97.28906154632568
726.0 96.93695306777954
727.0 96.64135575294495
728.0 96.37870192527771
729.0 96.15278244018555
730.0 96.1631715297699
731.0 96.19079232215881
732.0 96.23384475708008
733.0 96.58724665641785
734.0 96.8867540359497
735.0 97.22806811332703
736.0 97.66284823417664
737.0 97.98162579536438
738.0 98.28144311904907
739.0 98.63059520721436
740.0 98.77398014068604
741.0 98.53494167327881
742.0 98.84610176086426
743.0 98.72040152549744
744.0 98.5036551952362
745.0 98.4840989112854
746.0 98.44130873680115
747.0 98.74805212020874
748.0 98.54424595832825
749.0 98.51609468460083
750.0 98.45530390739441
751.0 98.42809438705444
752.0 98.35025072097778
753.0 98.61438870429993
754.0 98.50040674209595
755.0 98.63615036010742
756.0 98.59867691993713
757.0 98.65762591362
758.0 98.69323968887329
759.0 98.76314401626587
760.0 98.56467247009277
761.0 98.47397804260254
762.0 98.59755635261536
763.0 98.48629832267761
764.0 98.3414351940155
765.0 98.33130240440369
766.0 98.41273427009583
767.0 98.13498258590698
768.0 98.15476536750793
769.0 98.22667241096497
770.0 97.95839786529541
771.0 98.0941891670227
772.0 98.14013838768005
773.0 98.08579087257385
774.0 98.00143837928772
775.0 98.07744026184082
776.0 97.95512557029724
777.0 98.07787537574768
778.0 98.05355668067932
779.0 98.00137877464294
780.0 97.78946042060852
781.0 98.0126142501831
782.0 97.91182279586792
783.0 97.91947603225708
784.0 97.90433049201965
785.0 98.06108474731445
786.0 98.19925427436829
787.0 97.97199964523315
788.0 98.096364736557
789.0 98.08723330497742
790.0 98.09679388999939
791.0 98.09824824333191
792.0 97.99002408981323
793.0 97.89797067642212
794.0 97.96679615974426
795.0 97.90865778923035
796.0 97.93283343315125
797.0 98.03659915924072
798.0 98.1070876121521
799.0 97.96371459960938
800.0 97.81919717788696
801.0 97.9216456413269
802.0 97.74168133735657
803.0 97.62207865715027
804.0 97.37544059753418
805.0 97.05484509468079
806.0 96.89624309539795
807.0 96.32887840270996
808.0 95.6030547618866
809.0 94.80300545692444
810.0 93.819659948349
811.0 92.39391088485718
812.0 90.70764183998108
813.0 88.58755826950073
814.0 86.00249886512756
815.0 83.00918340682983
816.0 79.70883250236511
817.0 75.62626600265503
818.0 71.01272344589233
819.0 66.77262783050537
820.0 61.68270707130432
821.0 56.97866082191467
822.0 52.32207775115967
823.0 47.57094085216522
824.0 42.857763171195984
825.0 38.52003514766693
826.0 34.009772539138794
827.0 29.388391971588135
828.0 25.152209401130676
829.0 20.928817987442017
830.0 16.53323471546173
831.0 12.955263257026672
832.0 9.34257060289383
833.0 6.472767889499664
834.0 4.188363626599312
835.0 2.5659123435616493
836.0 1.562326680868864
837.0 0.9261986240744591
838.0 0.5173362325876951
839.0 0.29212941881269217
840.0 0.2150560263544321
841.0 0.09871519869193435
842.0 0.06704222178086638
843.0 0.025779969291761518
844.0 1.9626700438479805e-10
845.0 1.9626700438479805e-10
846.0 1.9626700438479805e-10
847.0 0.004059180719195865
848.0 1.9626700438479805e-10
849.0 1.9626700438479805e-10
850.0 1.9626700438479805e-10
851.0 0.0019406210412853397
852.0 0.00255694285442587
853.0 0.001316859015787486
854.0 7.677526809857227e-05
855.0 0.00026680054361349903
856.0 0.0004568258191284258
857.0 0.0005532697286980692
858.0 0.0006497135927929776
859.0 0.00029946586437290534
860.0 1.9626700438479805e-10
861.0 1.9626700438479805e-10
862.0 1.9626700438479805e-10
863.0 1.9626700438479805e-10
864.0 1.9626700438479805e-10
865.0 5.5123263109635445e-05
866.0 0.00021338403257686878
867.0 5.893506340726162e-05
868.0 1.9626700438479805e-10
869.0 1.9626700438479805e-10
870.0 5.782504786111531e-05
871.0 0.00010732770761023858
872.0 0.0001568303446219943
873.0 0.00011760234883695375
874.0 7.837433599888755e-05
875.0 1.9626700438479805e-10
876.0 1.9626700438479805e-10
877.0 1.9626700438479805e-10
878.0 0.00010236115031148074
879.0 2.9732132134085987e-05
880.0 1.9626700438479805e-10
881.0 8.250719929492334e-05
882.0 0.0002079112618957879
883.0 2.3427644180173957e-05
884.0 1.9626700438479805e-10
885.0 1.9626700438479805e-10
886.0 7.251025522236887e-05
887.0 1.9626700438479805e-10
888.0 1.9626700438479805e-10
889.0 1.9626700438479805e-10
890.0 1.9626700438479805e-10
891.0 1.9626700438479805e-10
892.0 1.9626700438479805e-10
893.0 1.9626700438479805e-10
894.0 6.62768741221953e-05
895.0 4.42969678715599e-05
