lsstCam/transmission_filter_detector/r43_s11/g_6/19700101T000000.ecsv
# %ECSV 1.0
# ---
# datatype:
# - {name: wavelength, unit: nm, datatype: float32}
# - {name: efficiency, unit: '%', datatype: float64}
# meta: !!omap
# - {MODE: DETECTOR}
# - {TYPE: transmission_filter_detector}
# - {CALIBDATE: '1970-01-01T00:00:00'}
# - {INSTRUME: LSSTCam}
# - {OBSTYPE: transmission_filter_detector}
# - {CALIBCLS: lsst.ip.isr.IntermediateFilterDetectorTransmissionCurve}
# - {SOURCE: Materion (DM-46256)}
# - {DETECTOR: 184}
# - {FILTER: g_6}
# - {CALIB_ID: 'calibDate=1970-01-01T00:00:00 filter=g_6 detector=184'}
# - {DATE: '2025-04-02T15:59:42.881308'}
# - {CALIB_CREATION_DATE: '2025-04-02'}
# - {CALIB_CREATION_TIME: '15:59:42'}
# - __serialized_columns__:
#     efficiency:
#       __class__: astropy.units.quantity.Quantity
#       unit: !astropy.units.Unit {unit: '%'}
#       value: !astropy.table.SerializedColumn {name: efficiency}
#     wavelength:
#       __class__: astropy.units.quantity.Quantity
#       unit: !astropy.units.Unit {unit: nm}
#       value: !astropy.table.SerializedColumn {name: wavelength}
# schema: astropy-2.0
wavelength efficiency
[from data line 607]
907.0 0.0003506333769109915
908.0 0.0003174168114128406
909.0 0.0002842002231773222
910.0 0.000296641155728139
911.0 0.0003090821110163233
912.0 0.00037780382626806386
913.0 0.00044652556425717194
914.0 0.0004508258371060947
915.0 0.00045512610995501745
916.0 0.0004074870048498269
917.0 0.00035984787700726883
918.0 0.00035949160519521683
919.0 0.00035913533338316483
920.0 0.00037101881389389746
921.0 0.00038290227166726254
922.0 0.00039101746551750693
923.0 0.00039913261389301624
924.0 0.00034275424241059227
925.0 0.0002863759164029034
926.0 0.00034005881843768293
927.0 0.0003937416295229923
928.0 0.0004592690402205335
929.0 0.0005247963599686045
930.0 0.0004512404302658979
931.0 0.0003776844323510886
932.0 0.00039158944673545193
933.0 0.00040549430195824243
934.0 0.00040785698729450814
935.0 0.00041021962715603877
936.0 0.000478739320897148
937.0 0.0005472590146382572
938.0 0.0005898445579077816
939.0 0.0006324300557025708
940.0 0.0005847807642567204
941.0 0.0005371312909119297
942.0 0.0005115519797982415
943.0 0.00048597262320981827
944.0 0.0005806497028970625
945.0 0.0006753267371095717
946.0 0.0008567337317799684
947.0 0.0010381406355008949
948.0 0.0008303633876494132
949.0 0.0006225860943231964
950.0 0.0006597711490030633
951.0 0.00069695611273346
952.0 0.0007045862275845138
953.0 0.0007122162969608326
954.0 0.0007140816705941688
955.0 0.0007159471806517104
956.0 0.0007820475730113685
957.0 0.0008481480108457617
958.0 0.0008407101631746627
959.0 0.0008332723155035637
960.0 0.000697132554705604
961.0 0.0005609927939076442
962.0 0.0006058855433366261
963.0 0.0006507780653919326
964.0 0.0005741469976783264
965.0 0.0004975158390152501
966.0 0.0005095256710774265
967.0 0.0005215354121901328
968.0 0.0006423430932045449
969.0 0.0007631507287442219
970.0 0.0007037786872388097
971.0 0.0006444066002586624
972.0 0.000704376998328371
973.0 0.000764347623771755
974.0 0.0007339540843531722
975.0 0.0007035606358840596
976.0 0.0007754765647405293
977.0 0.0008473924026475288
978.0 0.0008806654477666598
979.0 0.0009139383109868504
980.0 0.0009074953595700208
981.0 0.0009010524991026614
982.0 0.0009995531399908941
983.0 0.0010980539627780672
984.0 0.0012894528481410816
985.0 0.0014808518244535662
986.0 0.0014557790564140305
987.0 0.0014307066521723755
988.0 0.0014204490980773699
989.0 0.0014101912711339537
990.0 0.0015741094102850184
991.0 0.0017380272765876725
992.0 0.0016710886484361254
993.0 0.0016041498383856378
994.0 0.0016520891222171485
995.0 0.0017000282241497189
996.0 0.0016331849110429175
997.0 0.0015663421436329372
998.0 0.0015684650861658156
999.0 0.0015705882105976343
1000.0 0.0015376492228824645
1001.0 0.0015047105080157053
1002.0 0.0013974437024444342
1003.0 0.0012901769878226332
1004.0 0.0012979202438145876
1005.0 0.001305663499806542
1006.0 0.001299836003454402
1007.0 0.0012940085980517324
1008.0 0.0011779062333516777
1009.0 0.001061803959601093
1010.0 0.0012204546692373697
1011.0 0.0013791055607725866
1012.0 0.0012233433153596707
1013.0 0.0010675808880478144
1014.0 0.0011966636520810425
1015.0 0.001325746598013211
1016.0 0.001527368112874683
1017.0 0.0017289894458372146
1018.0 0.0019008462913916446
1019.0 0.0020727031369460747
1020.0 0.002185107587138191
1021.0 0.0022975122192292474
1022.0 0.002587607377790846
1023.0 0.002877702354453504
1024.0 0.0029940425520180725
1025.0 0.00311038238578476
1026.0 0.0033091466320911422
1027.0 0.0035079105145996436
1028.0 0.0037139139749342576
1029.0 0.003919917071470991
1030.0 0.00401293727918528
1031.0 0.00410595748689957
1032.0 0.004206733865430579
1033.0 0.004307509880163707
1034.0 0.004498228008742444
1035.0 0.004688946137321182
1036.0 0.004751552842208184
1037.0 0.004814159183297306
1038.0 0.004876357343164273
1039.0 0.004938555503031239
1040.0 0.0051148705097148195
1041.0 0.005291185152600519
1042.0 0.0055082575272535905
1043.0 0.005725330265704542
1044.0 0.005861968747922219
1045.0 0.005998607230139896
1046.0 0.006249659782042727
1047.0 0.0065007123339455575
1048.0 0.006972344999667257
1049.0 0.007443976937793195
1050.0 0.00813367878436111
1051.0 0.008823379903333262
1052.0 0.010277645924361423
1053.0 0.011731913400581107
1054.0 0.013532325101550668
1055.0 0.015332736074924469
1056.0 0.018309785809833556
1057.0 0.021286835544742644
1058.0 0.025582293164916337
1059.0 0.029877753695473075
1060.0 0.03611413121689111
1061.0 0.0423505058279261
1062.0 0.050087214913219213
1063.0 0.057823932729661465
1064.0 0.06717100623063743
1065.0 0.07651810301467776
1066.0 0.08582277805544436
1067.0 0.09512745891697705
1068.0 0.10416532168164849
1069.0 0.11320319026708603
1070.0 0.12190131237730384
1071.0 0.13059943448752165
1072.0 0.14057341031730175
1073.0 0.15054738614708185
1074.0 0.16073714941740036
1075.0 0.17092690104618669
1076.0 0.18057168927043676
1077.0 0.19021645421162248
1078.0 0.1997472019866109
1079.0 0.20927793812006712
1080.0 0.21913056261837482
1081.0 0.22898318711668253
1082.0 0.23945251014083624
1083.0 0.24992183316498995
1084.0 0.26362056378275156
1085.0 0.2773192711174488
1086.0 0.29854136519134045
1087.0 0.3197634359821677
1088.0 0.3575585316866636
1089.0 0.39535360410809517
1090.0 0.4360509105026722
1091.0 0.4767482168972492
1092.0 0.5291429348289967
1093.0 0.5815376993268728
1094.0 0.674781110137701
1095.0 0.7680246140807867
1096.0 0.8555840700864792
1097.0 0.943143293261528
1098.0 0.9993289597332478
1099.0 1.0555146262049675
1100.0 1.1390701867640018
1101.0 1.2226258404552937
