lsstCam/transmission_filter_detector/r43_s11/g_6/19700101T000000.ecsv
# %ECSV 1.0
# ---
# datatype:
# - {name: wavelength, unit: nm, datatype: float32}
# - {name: efficiency, unit: '%', datatype: float64}
# meta: !!omap
# - {MODE: DETECTOR}
# - {TYPE: transmission_filter_detector}
# - {CALIBDATE: '1970-01-01T00:00:00'}
# - {INSTRUME: LSSTCam}
# - {OBSTYPE: transmission_filter_detector}
# - {CALIBCLS: lsst.ip.isr.IntermediateFilterDetectorTransmissionCurve}
# - {SOURCE: Materion (DM-46256)}
# - {DETECTOR: 184}
# - {FILTER: g_6}
# - {CALIB_ID: 'calibDate=1970-01-01T00:00:00 filter=g_6 detector=184'}
# - {DATE: '2025-04-02T15:59:42.881308'}
# - {CALIB_CREATION_DATE: '2025-04-02'}
# - {CALIB_CREATION_TIME: '15:59:42'}
# - __serialized_columns__:
#     efficiency:
#       __class__: astropy.units.quantity.Quantity
#       unit: !astropy.units.Unit {unit: '%'}
#       value: !astropy.table.SerializedColumn {name: efficiency}
#     wavelength:
#       __class__: astropy.units.quantity.Quantity
#       unit: !astropy.units.Unit {unit: nm}
#       value: !astropy.table.SerializedColumn {name: wavelength}
# schema: astropy-2.0
wavelength efficiency
300.0 0.34556963946670294
301.0 0.29036649502813816
302.0 0.23516335058957338
303.0 0.2352068666368723
304.0 0.23525035940110683
305.0 0.2300636377185583
306.0 0.22487689275294542
307.0 0.21449094638228416
308.0 0.2041050000116229
309.0 0.19348538480699062
310.0 0.18286578124389052
311.0 0.18803399289026856
312.0 0.1932022045366466
313.0 0.18931770464405417
314.0 0.1854332396760583
315.0 0.18232915317639709
316.0 0.17922506667673588
317.0 0.17763206269592047
318.0 0.1760390936397016
319.0 0.16066365642473102
320.0 0.14528820756822824
321.0 0.13317210832610726
322.0 0.12105602072551847
323.0 0.10873142164200544
324.0 0.09640679927542806
325.0 0.08617257117293775
326.0 0.07593834889121354
327.0 0.07205104921013117
328.0 0.0681637495290488
329.0 0.06151063134893775
330.0 0.0548575131688267
331.0 0.051408313447609544
332.0 0.04795911954715848
333.0 0.04587143484968692
334.0 0.04378375015221536
335.0 0.04143013502471149
336.0 0.03907651698682457
337.0 0.03939518064726144
338.0 0.039713847218081355
339.0 0.03931432438548654
340.0 0.038914798642508686
341.0 0.03713070182129741
342.0 0.03534660500008613
343.0 0.03173302975483239
344.0 0.028119448688812554
345.0 0.02498932008165866
346.0 0.021859184198547155
347.0 0.02049810136668384
348.0 0.019137018534820527
349.0 0.017188917263410985
350.0 0.708724046126008
351.0 1.1648359708487988
352.0 0.6322065833956003
353.0 0.8334328420460224
354.0 0.5642394069582224
355.0 0.8037558756768703
356.0 0.7843470200896263
357.0 0.9667606092989445
358.0 0.5211278330534697
359.0 0.7167883682996035
360.0 0.40800925344228745
361.0 0.8445604704320431
362.0 0.39799693040549755
363.0 0.7509379182010889
364.0 0.6120622158050537
365.0 0.6909496150910854
366.0 0.5197776947170496
367.0 0.5541807506233454
368.0 0.43394630774855614
369.0 0.6657619494944811
370.0 0.31547953840345144
371.0 0.4450964741408825
372.0 0.3476040903478861
373.0 0.5650562699884176
374.0 0.3834591479972005
375.0 0.6055943667888641
376.0 0.4048297181725502
377.0 0.5143953021615744
378.0 0.4198365844786167
379.0 0.6007910240441561
380.0 0.3342346753925085
381.0 0.5932122468948364
382.0 0.5632830783724785
383.0 0.5577413365244865
384.0 0.5169983487576246
385.0 0.518466904759407
386.0 0.6829708348959684
387.0 0.7171653676778078
388.0 0.9188493713736534
389.0 1.2302292510867119
390.0 1.8109744414687157
391.0 2.900644578039646
392.0 4.478699713945389
393.0 7.122813165187836
394.0 10.755787789821625
395.0 15.611626207828522
396.0 21.664252877235413
397.0 29.178792238235474
398.0 37.902891635894775
399.0 47.265470027923584
400.0 56.71618580818176
401.0 65.58897495269775
402.0 73.67045879364014
403.0 80.42405247688293
404.0 85.20119190216064
405.0 88.78211379051208
406.0 90.7888114452362
407.0 92.36664175987244
408.0 93.21235418319702
409.0 93.75404715538025
410.0 93.82745623588562
411.0 93.62646341323853
412.0 93.30135583877563
413.0 93.02065372467041
414.0 92.89027452468872
415.0 93.13858151435852
416.0 93.52774024009705
417.0 93.83354187011719
418.0 94.32961940765381
419.0 94.95054483413696
420.0 95.37999033927917
421.0 96.00018858909607
422.0 96.1010754108429
423.0 96.27223014831543
424.0 96.06309533119202
425.0 95.96582055091858
426.0 95.9479808807373
427.0 95.96002101898193
428.0 95.69125175476074
429.0 95.6271231174469
430.0 95.49826979637146
431.0 95.56792378425598
432.0 95.65963745117188
433.0 95.70345282554626
434.0 95.79416513442993
435.0 95.89318633079529
436.0 95.96044421195984
437.0 95.94907760620117
438.0 96.03148698806763
439.0 96.12254500389099
440.0 96.12882137298584
441.0 96.24981880187988
442.0 96.20684385299683
443.0 96.15110158920288
444.0 96.06973528862
445.0 95.74101567268372
446.0 95.64016461372375
447.0 95.47300338745117
448.0 95.51096558570862
449.0 95.68743109703064
450.0 95.9466814994812
451.0 96.18815183639526
452.0 96.36598825454712
453.0 96.48590087890625
454.0 96.5070903301239
455.0 96.79399728775024
456.0 96.94856405258179
457.0 97.09717631340027
458.0 97.05283045768738
459.0 97.07005023956299
460.0 97.09005951881409
461.0 97.16973304748535
462.0 97.07331657409668
463.0 96.99218273162842
464.0 97.1199631690979
465.0 96.97458744049072
466.0 97.04009294509888
467.0 97.01377153396606
468.0 97.03118801116943
469.0 97.05869555473328
470.0 96.90680503845215
471.0 96.79716229438782
472.0 96.85978293418884
473.0 96.75702452659607
474.0 96.6313362121582
475.0 96.73495292663574
476.0 96.72974348068237
477.0 96.76845073699951
478.0 96.92334532737732
479.0 96.94164991378784
480.0 97.09452390670776
481.0 97.19027280807495
482.0 97.37746119499207
483.0 97.28356599807739
484.0 97.46554493904114
485.0 97.46455550193787
486.0 97.51899838447571
487.0 97.54639863967896
488.0 97.55322933197021
489.0 97.63006567955017
490.0 97.63758778572083
491.0 97.68328070640564
492.0 97.6139485836029
493.0 97.64914512634277
494.0 97.62845039367676
495.0 97.66568541526794
496.0 97.52492904663086
497.0 97.40250706672668
498.0 97.20757603645325
499.0 97.25168943405151
500.0 97.18174338340759
501.0 97.16828465461731
502.0 97.10176587104797
503.0 97.25784659385681
504.0 97.07261323928833
505.0 97.07491397857666
506.0 97.1547782421112
507.0 97.08185195922852
508.0 97.07363247871399
509.0 97.08273410797119
510.0 97.02827334403992
511.0 97.0216453075409
512.0 96.92692160606384
513.0 97.04771041870117
514.0 96.99150919914246
515.0 97.04342484474182
516.0 97.10969924926758
517.0 97.16911315917969
518.0 97.22094535827637
519.0 97.20684885978699
520.0 97.25047945976257
521.0 97.33673334121704
522.0 97.325998544693
523.0 97.27253317832947
524.0 97.3181962966919
525.0 97.25598096847534
526.0 97.36628532409668
527.0 97.36002087593079
528.0 97.43403792381287
529.0 97.48546481132507
530.0 97.5190818309784
531.0 97.6421058177948
532.0 97.50389456748962
533.0 97.46348261833191
534.0 97.44746685028076
535.0 97.24290370941162
536.0 96.83880805969238
537.0 96.20954394340515
538.0 95.40336728096008
539.0 93.8927710056305
540.0 92.06364154815674
541.0 89.2754077911377
542.0 86.33016347885132
543.0 82.50429034233093
544.0 77.7254581451416
545.0 73.49051237106323
546.0 68.41435432434082
547.0 63.914334774017334
548.0 59.51133370399475
549.0 55.649471282958984
550.0 52.71597504615784
551.0 49.86564218997955
552.0 47.64631986618042
553.0 45.19464671611786
554.0 42.225074768066406
555.0 38.78491818904877
556.0 34.20543372631073
557.0 28.998807072639465
558.0 23.435986042022705
559.0 18.08822453022003
560.0 13.101266324520111
561.0 8.628242462873459
562.0 5.392453446984291
563.0 3.064824640750885
564.0 1.6455145552754402
565.0 0.7811916060745716
566.0 0.4260464571416378
567.0 0.21700325887650251
568.0 0.14666689094156027
569.0 0.08914753561839461
570.0 0.07080449722707272
571.0 0.046269933227449656
572.0 0.04663875442929566
573.0 0.03375720407348126
574.0 0.04390426038298756
575.0 0.028460501926019788
576.0 0.032842051587067544
577.0 0.023227144265547395
578.0 0.032307516084983945
579.0 0.020783809304703027
580.0 0.023771087580826133
581.0 0.017101140110753477
582.0 0.02899662940762937
583.0 0.01850651460699737
584.0 0.01845632796175778
585.0 0.010174443013966084
586.0 0.019744977180380374
587.0 0.013338834105525166
588.0 0.024578365264460444
589.0 0.011035046190954745
590.0 0.019416998839005828
591.0 0.010785875929286703
592.0 0.009836658864514902
593.0 0.006507241778308526
594.0 0.0035123201087117195
595.0 0.007715007814113051
596.0 0.01493145537097007
597.0 0.011247456859564409
598.0 0.01407928066328168
599.0 0.014515859948005527
600.0 0.00983787831501104
601.0 0.0023507836885983124
602.0 0.002232304723293055
603.0 0.0021138253941899166
604.0 0.0020725947251776233
605.0 0.0020313638742663898
606.0 0.0019438322851783596
607.0 0.0018563008779892698
608.0 0.0018827149688149802
609.0 0.0019091288777417503
610.0 0.0018950668163597584
611.0 0.0018810049368767068
612.0 0.0018684966562432237
613.0 0.0018559883756097406
614.0 0.0018594106222735718
615.0 0.0018628330508363433
616.0 0.0018468048438080586
617.0 0.001830776636779774
618.0 0.001605323632247746
619.0 0.0013798704458167776
620.0 0.0014157128134684172
621.0 0.0014515550901705865
622.0 0.0014843591998214833
623.0 0.0015171635823207907
624.0 0.0014533068679156713
625.0 0.001389450244460022
626.0 0.0013515569662558846
627.0 0.0013136640518496279
628.0 0.0012824535588151775
629.0 0.0012512433386291377
630.0 0.001373401846649358
631.0 0.0014955603546695784
632.0 0.0014535771697410382
633.0 0.0014115942576609086
634.0 0.001310249626840232
635.0 0.001208904905070085
636.0 0.0012463014172681142
637.0 0.0012836981113650836
638.0 0.0012375817277643364
639.0 0.001191465253214119
640.0 0.0012775187315128278
641.0 0.0013635723007610068
642.0 0.0012743182196572889
643.0 0.0011850644114019815
644.0 0.0011531467862369027
645.0 0.0011212295248697046
646.0 0.001179972787213046
647.0 0.0012387158676574472
648.0 0.0012031969163217582
649.0 0.0011676779649860691
650.0 0.0011294372598058544
651.0 0.0010911966455751099
652.0 0.0011213617653993424
653.0 0.001151526885223575
654.0 0.0010535763067309745
655.0 0.0009556256372889038
656.0 0.0010272030522173736
657.0 0.0010987805580953136
658.0 0.0011073140740336385
659.0 0.0011158476809214335
660.0 0.0011256664947723038
661.0 0.001135485217673704
662.0 0.0011516178346937522
663.0 0.0011677506336127408
664.0 0.0011737983186321799
665.0 0.0011798458217526786
666.0 0.0010798173207149375
667.0 0.0009797887287277263
668.0 0.0009616391253075562
669.0 0.000943489430937916
670.0 0.0009542159205011558
671.0 0.0009649425010138657
672.0 0.0009586761734681204
673.0 0.0009524101187707856
674.0 0.0009950422281690408
675.0 0.0010376742466178257
676.0 0.0009665906873124186
677.0 0.0008955072189564817
678.0 0.0009272719580621924
679.0 0.0009590366971679032
680.0 0.001014073222904699
681.0 0.0010691101124393754
682.0 0.0010231071428279392
683.0 0.0009771044460649136
684.0 0.0009194389349431731
685.0 0.0008617734238214325
686.0 0.0008874769264366478
687.0 0.0009131803381023929
688.0 0.0009213008524966426
689.0 0.000929421184991952
690.0 0.0009438788765692152
691.0 0.000958336386247538
692.0 0.0009891176887322217
693.0 0.0010198990821663756
694.0 0.0009958137525245547
695.0 0.0009717283319332637
696.0 0.000991402157524135
697.0 0.0010110759831150062
698.0 0.0009885229701467324
699.0 0.0009659697752795182
700.0 0.0009880171091936063
701.0 0.0010100641702592839
702.0 0.0010253936125081964
703.0 0.001040723054757109
704.0 0.0010077714250655845
705.0 0.0009748198863235302
706.0 0.0009907392268360127
707.0 0.0010066585673484951
708.0 0.001029356826620642
709.0 0.001052055085892789
710.0 0.0010811238098540343
711.0 0.0011101926247647498
712.0 0.001090590376406908
713.0 0.0010709883099480066
714.0 0.0011625214028754272
715.0 0.0012540543139039073
716.0 0.0013610236237582285
717.0 0.0014679930245620199
718.0 0.0015088134205143433
719.0 0.0015496339983656071
720.0 0.0012663794223044533
721.0 0.0009831246643443592
722.0 0.0010884947187150829
723.0 0.0011938649549847469
724.0 0.00124024090837338
725.0 0.0012866168617620133
726.0 0.0013660970580531284
727.0 0.0014455772543442436
728.0 0.0015230535609589424
729.0 0.0016005298675736412
730.0 0.0016973543097265065
731.0 0.0017941787518793717
732.0 0.001625094228074886
733.0 0.0014560097952198703
734.0 0.0014408305105462205
735.0 0.0014256515896704514
736.0 0.0013252415556053165
737.0 0.0012248314305907115
738.0 0.0010576498425507452
739.0 0.0008904682545107789
740.0 0.0009787167982722167
741.0 0.0010669654329831246
742.0 0.001180906383524416
743.0 0.0012948476978635881
744.0 0.0011616289157245774
745.0 0.001028410315484507
746.0 0.0009540958672005218
747.0 0.0008797814189165365
748.0 0.0008469290150969755
749.0 0.0008140767931763548
750.0 0.0008646281457913574
751.0 0.0009151796803053003
752.0 0.0008568428711441811
753.0 0.0007985059710335918
754.0 0.0007933723281894345
755.0 0.0007882387762947474
756.0 0.0007763005669403356
757.0 0.0007643624485353939
758.0 0.000719906256563263
759.0 0.0006754501555406023
760.0 0.0006628598839597544
761.0 0.0006502696123789065
762.0 0.0006759134066669503
763.0 0.000701557110005524
764.0 0.00054423126130132
765.0 0.000386905367122381
766.0 0.0004720207925856812
767.0 0.0005571362635237165
768.0 0.0005690380930900574
769.0 0.0005809398317069281
770.0 0.0005867718755325768
771.0 0.0005926038738834905
772.0 0.000579858897253871
773.0 0.0005671140115737217
774.0 0.0006230801773199346
775.0 0.0006790465249650879
776.0 0.0006372484222083585
777.0 0.000595450228502159
778.0 0.0005873484951735009
779.0 0.0005792466708953725
780.0 0.0005932849489909131
781.0 0.0006073232725611888
782.0 0.0005122463790030451
783.0 0.0004171694854449015
784.0 0.0004949678896082332
785.0 0.0005727663847210351
786.0 0.0005912147116760025
787.0 0.0006096631750551751
788.0 0.000549695596419042
789.0 0.0004897277904092334
790.0 0.0003602062406571349
791.0 0.00023068471364240395
792.0 0.00030896510452294024
793.0 0.000387245472666109
794.0 0.00032928248856478604
795.0 0.00027131948172609555
796.0 0.0004206184257782297
797.0 0.0005699175289919367
798.0 0.0004338989128882531
799.0 0.0002978802967845695
800.0 0.00023391978629661025
801.0 0.00016995925307128346
802.0 0.00029288855785125634
803.0 0.0004158178398938617
804.0 0.00047103480937948916
805.0 0.0005262518243398517
806.0 0.0004345442448538961
807.0 0.00034283666536794044
808.0 0.0004327141596149886
809.0 0.0005225916083873017
810.0 0.0004742236797028454
811.0 0.00042585566006891895
812.0 0.00034530348784755915
813.0 0.0002647512246767292
814.0 0.0003776572384595056
815.0 0.000490563252242282
816.0 0.00040495192479284015
817.0 0.0003193405746060307
818.0 0.0003722944256878691
819.0 0.000425248299507075
820.0 0.0004187575541436672
821.0 0.0004122669452044647
822.0 0.0004990069101040717
823.0 0.0005857468750036787
824.0 0.00037238894492475083
825.0 0.00015903096937108785
826.0 0.00028926285722263856
827.0 0.00041949474507418927
828.0 0.0003760562321986072
829.0 0.00033261774206039263
830.0 0.00032199327506532427
831.0 0.00031136878533288836
832.0 0.0003212712044842192
833.0 0.00033117362363555003
834.0 0.0003847680545732146
835.0 0.0004383625764603494
836.0 0.00036643825751525583
837.0 0.0002945139613075298
838.0 0.0003177372036589077
839.0 0.000340960423272918
840.0 0.00034683912417676765
841.0 0.00035271789329271996
842.0 0.00045392780521069653
843.0 0.0005551377398660406
844.0 0.00040488139347871765
845.0 0.0002546251153034973
846.0 0.0003186147296219133
847.0 0.00038260432120296173
848.0 0.00046442892198683694
849.0 0.0005462534772959771
850.0 0.000415038266510237
851.0 0.0002838230784618645
852.0 0.00021410658064269228
853.0 0.00014439011692957138
854.0 0.00023617610622750362
855.0 0.0003279620841567521
856.0 0.0003473001243037288
857.0 0.00036663818718807306
858.0 0.0004954302767146146
859.0 0.000624222320766421
860.0 0.0004820380581804784
861.0 0.00033985372738243314
862.0 0.0003291967459517764
863.0 0.0003185397417837521
864.0 0.0003662179551611189
865.0 0.00041389621401322074
866.0 0.000346444562637771
867.0 0.00027899293399968883
868.0 0.0003859268417727435
869.0 0.0004928607268084306
870.0 0.0004336209713073913
871.0 0.0003743811248568818
872.0 0.0004303775313019287
873.0 0.00048637393774697557
874.0 0.0004918812010146212
875.0 0.0004973884642822668
876.0 0.0003956414275307907
877.0 0.00029389439077931456
878.0 0.00035400180422584526
879.0 0.00041410921767237596
880.0 0.000504631998410332
881.0 0.0005951545972493477
882.0 0.0006374920758389635
883.0 0.0006798293725296389
884.0 0.0006036643299012212
885.0 0.0005274992417980684
886.0 0.00040805516619002447
887.0 0.00028861104510724545
888.0 0.0004649170023185434
889.0 0.0006412229140551062
890.0 0.0006139788183645578
891.0 0.0005867347681487445
892.0 0.0005402938768384047
893.0 0.0004938529400533298
894.0 0.0004989008175471099
895.0 0.0005039486495661549
896.0 0.000497220798933995
897.0 0.0004904929937765701
898.0 0.0004127848569623893
899.0 0.00033507676562294364
900.0 0.00030303494895633776
901.0 0.00027099310955236433
902.0 0.0002658293396962108
903.0 0.0002606655243653222
904.0 0.0003073845618928317
905.0 0.0003541035994203412
