lsstCam/transmission_sensor/r11_s22/19700101T000000.ecsv
# %ECSV 1.0
# ---
# datatype:
# - {name: amp_name, datatype: string}
# - {name: wavelength, unit: nm, datatype: float32}
# - {name: efficiency, unit: '%', datatype: float64}
# meta: !!omap
# - {MODE: AMP}
# - {TYPE: transmission_sensor}
# - {CALIBDATE: '1970-01-01T00:00:00'}
# - {INSTRUME: LSSTCam}
# - {OBSTYPE: transmission_sensor}
# - {DETECTOR: 44}
# - {PARQUETFILE: qe_raft_allvalues_nircorrected_20230725_adjust.parquet}
# - {CORRFILE: qe_corr_factor_bydetnum.parquet}
# - {CALIBCLS: lsst.ip.isr.IntermediateSensorTransmissionCurve}
# - {CALIB_ID: 'raftName=R11 detectorName=S22 detector=44 calibDate=1970-01-01T00:00:00 ccd=44 ccdnum=44 filter=None'}
# - {DATE: '2025-03-03T21:56:47.618795'}
# - {CALIB_CREATION_DATE: '2025-03-03'}
# - {CALIB_CREATION_TIME: '21:56:47'}
# - __serialized_columns__:
#     efficiency:
#       __class__: astropy.units.quantity.Quantity
#       unit: !astropy.units.Unit {unit: '%'}
#       value: !astropy.table.SerializedColumn {name: efficiency}
#     wavelength:
#       __class__: astropy.units.quantity.Quantity
#       unit: !astropy.units.Unit {unit: nm}
#       value: !astropy.table.SerializedColumn {name: wavelength}
# schema: astropy-2.0
amp_name wavelength efficiency
C00 319.992 41.463526677677564
C00 330.006 53.61247862840835
C00 349.994 76.55770182762778
C00 370.001 86.52702626022196
C00 400.009 90.62016856536694
C00 429.983 91.04017543035795
C00 449.989 91.618995558874
C00 469.993 92.69829524939551
C00 500.016 94.36116667355581
C00 549.99 97.25507694734118
C00 569.998 98.24373063244445
C00 599.983 99.24899209122188
C00 630.013 100.30266814193892
C00 649.987 100.53286970358192
C00 670.017 101.0621939454029
C00 699.987 100.72916277546288
C00 720.012 100.63336919782836
C00 749.995 99.99807806996908
C00 770.007 99.71104000089652
C00 800.008 98.6602956296222
C00 830.013 97.54127739371583
C00 869.994 92.56477819134753
C00 900.005 85.53079589707843
C00 919.989 78.36463674107802
C00 959.989 57.51125439387758
C00 1000.013 30.234912666283122
C00 1030.002 13.072053093126277
C00 1049.996 6.4959529633756325
C00 1080.005 0.6932371821990309
C00 1100.007 0.09430185910860757
C01 319.992 41.45440801239796
C01 330.006 53.594869514872585
C01 349.994 76.54092652941405
C01 370.001 86.53106207867556
C01 400.009 90.55064588143983
C01 429.983 90.93067529948479
C01 449.989 91.48975037658542
C01 469.993 92.55337890790406
C01 500.016 94.19190597056217
C01 549.99 97.06080939943881
C01 569.998 98.0433712831027
C01 599.983 99.03979962979301
C01 630.013 100.09211263993798
C01 649.987 100.32280154569612
C01 670.017 100.8491179605564
C01 699.987 100.51818084736118
C01 720.012 100.41982109837032
C01 749.995 99.78826119889267
C01 770.007 99.50374361266564
C01 800.008 98.4593575591437
C01 830.013 97.34699461630987
C01 869.994 92.39940862652331
C01 900.005 85.4250650683459
C01 919.989 78.28653223187315
C01 959.989 57.46105795001695
C01 1000.013 30.129490234998464
C01 1030.002 13.00200594316899
C01 1049.996 6.458418899913175
C01 1080.005 0.6917826289619224
C01 1100.007 0.09410399454226008
C02 319.992 41.6560009515312
C02 330.006 53.85730812825769
C02 349.994 76.86816287323484
C02 370.001 86.80837610970049
C02 400.009 90.74161624181312
C02 429.983 91.10081931368714
C02 449.989 91.6544650727549
C02 469.993 92.71571018676039
C02 500.016 94.35734406815259
C02 549.99 97.22334627659372
C02 569.998 98.20125554690826
C02 599.983 99.19623709075671
C02 630.013 100.24076020981106
C02 649.987 100.4694312063424
C02 670.017 100.98961013125248
C02 699.987 100.64999981575792
C02 720.012 100.5462335929896
C02 749.995 99.91835161863098
C02 770.007 99.62280025704686
C02 800.008 98.57869594934148
C02 830.013 97.4669421866516
C02 869.994 92.5408754854497
C02 900.005 85.5241406040059
C02 919.989 78.41800092168712
C02 959.989 57.69949867310674
C02 1000.013 30.1099279376262
C02 1030.002 13.07768039470592
C02 1049.996 6.4878689524967585
C02 1080.005 0.6926844695628691
C02 1100.007 0.09422667296671955
C03 319.992 41.86000015223299
C03 330.006 54.12638299783584
C03 349.994 77.18014686920174
C03 370.001 87.00932940968258
C03 400.009 90.84831414402414
C03 429.983 91.19585141614172
C03 449.989 91.76414034291943
C03 469.993 92.82932228360514
C03 500.016 94.47278370542915
C03 549.99 97.33267126817549
C03 569.998 98.31195880856569
C03 599.983 99.2952669379059
C03 630.013 100.33138337097388
C03 649.987 100.55199796010163
C03 670.017 101.06527791988158
C03 699.987 100.71870772124251
C03 720.012 100.61357084315033
C03 749.995 99.96818255440525
C03 770.007 99.671915406152
C03 800.008 98.61642704450674
C03 830.013 97.49967038988474
C03 869.994 92.5873711599359
C03 900.005 85.55307666084302
C03 919.989 78.54033190934202
C03 959.989 57.69557326855423
C03 1000.013 30.184748585117642
C03 1030.002 13.10398269926449
C03 1049.996 6.4930108136491995
C03 1080.005 0.6930299159490061
C03 1100.007 0.09427366443987124
C04 319.992 41.952359476806045
C04 330.006 54.2500275301761
C04 349.994 77.2825576661498
C04 370.001 86.94782505940007
C04 400.009 90.72405662416405
C04 429.983 91.08769909633703
C04 449.989 91.65740436694941
C04 469.993 92.73097776411787
C04 500.016 94.37986850397475
C04 549.99 97.23666447749059
C04 569.998 98.20769762693043
C04 599.983 99.18389357809014
C04 630.013 100.20915137509238
C04 649.987 100.41989724588831
C04 670.017 100.92950689530103
C04 699.987 100.5692986761895
C04 720.012 100.4532955472798
C04 749.995 99.8030642763904
C04 770.007 99.49980678598544
C04 800.008 98.43773166403383
C04 830.013 97.31360392967018
C04 869.994 92.41816376020486
C04 900.005 85.38488963785308
C04 919.989 78.50192310126661
C04 959.989 57.45402191935445
C04 1000.013 30.158180716090072
C04 1030.002 13.021770983307908
C04 1049.996 6.482236415775254
C04 1080.005 0.6918852211677838
C04 1100.007 0.09411795027918707
C05 319.992 42.25893699899548
C05 330.006 54.650856642760694
C05 349.994 77.70298334248974
C05 370.001 87.16517292000594
C05 400.009 90.8750038490805
C05 429.983 91.25548253748161
C05 449.989 91.8431890813474
C05 469.993 92.933522547226
C05 500.016 94.59556396344018
C05 549.99 97.4456741848763
C05 569.998 98.413867031895
C05 599.983 99.37364557817554
C05 630.013 100.3807041183776
C05 649.987 100.58187824616186
C05 670.017 101.0792738336886
C05 699.987 100.70031809564733
C05 720.012 100.57469753521518
C05 749.995 99.9050334177341
C05 770.007 99.58614284188529
C05 800.008 98.50967583903311
C05 830.013 97.3850836048097
C05 869.994 92.44962791463934
C05 900.005 85.42338220819826
C05 919.989 78.65973883230599
C05 959.989 57.32107977506732
C05 1000.013 30.182391819435775
C05 1030.002 13.120068862440396
C05 1049.996 6.521218233923543
C05 1080.005 0.6925920969103233
C05 1100.007 0.09421410740750036
C06 319.992 42.527132364740815
C06 330.006 55.003004647092716
C06 349.994 78.18076332938163
C06 370.001 87.61732926709337
C06 400.009 91.1778501428883
C06 429.983 91.52042259683277
C06 449.989 92.09747610293142
C06 469.993 93.18042325956476
C06 500.016 94.84043153704854
C06 549.99 97.68869898854922
C06 569.998 98.65253619753877
C06 599.983 99.60877388423265
C06 630.013 100.61612939975487
C06 649.987 100.81156200468251
C06 670.017 101.30190633204315
C06 699.987 100.91522923567744
C06 720.012 100.78227566926262
C06 749.995 100.09955225244583
C06 770.007 99.77974029162931
C06 800.008 98.69337411143812
C06 830.013 97.57650323553914
C06 869.994 92.59770437812747
C06 900.005 85.74967432279595
C06 919.989 78.9564400214118
C06 959.989 57.447636949970786
C06 1000.013 30.327428093268058
C06 1030.002 13.249559620474521
C06 1049.996 6.6005763216433575
C06 1080.005 0.6939405949796789
C06 1100.007 0.09439754516619243
C07 319.992 42.832963641253926
C07 330.006 55.409011790900806
C07 349.994 78.57416425158607
C07 370.001 87.71615351594397
C07 400.009 91.11192162181044
C07 429.983 91.45119688822584
C07 449.989 92.03842370272827
C07 469.993 93.13302904436625
C07 500.016 94.79710359931083
C07 549.99 97.63160357955849
C07 569.998 98.58155909601798
C07 599.983 99.51703135455533
C07 630.013 100.5048245727053
C07 649.987 100.6855226329014
C07 670.017 101.16369097213504
C07 699.987 100.75407824335001
C07 720.012 100.61008328682627
C07 749.995 99.90700563845012
C07 770.007 99.57666247589523
C07 800.008 98.47577496402286
C07 830.013 97.37570223059302
C07 869.994 92.41240700784462
C07 900.005 85.72912210768979
C07 919.989 78.77322147837015
C07 959.989 57.46469018662519
C07 1000.013 30.49008299907585
C07 1030.002 13.429635174711034
C07 1049.996 6.6683609384722935
C07 1080.005 0.6926057430318654
C07 1100.007 0.09421596370526407
C10 319.992 41.158647245139356
C10 330.006 53.21990009939823
C10 349.994 75.67785533098393
C10 370.001 85.06844339733182
C10 400.009 89.69200646855687
C10 429.983 90.45636763941337
C10 449.989 91.17147659563234
C10 469.993 92.34415598746799
C10 500.016 94.08817020680105
C10 549.99 97.02354280413331
C10 569.998 98.01338439051726
C10 599.983 99.00323359165303
C10 630.013 100.03880937734326
C10 649.987 100.24996644473634
C10 670.017 100.76677203459936
C10 699.987 100.40270313632561
C10 720.012 100.28982205565359
C10 749.995 99.64521808634383
C10 770.007 99.34266876785621
C10 800.008 98.29181779005668
C10 830.013 97.19348883478888
C10 869.994 92.23655954454465
C10 900.005 85.40236549323235
C10 919.989 78.39063350372064
C10 959.989 57.089705541647234
C10 1000.013 30.24402752418682
C10 1030.002 13.179412526899869
C10 1049.996 6.557924193127832
C10 1080.005 0.6907909536320668
C10 1100.007 0.09396909579528163
C11 319.992 41.21325643766765
C11 330.006 53.283959198909386
C11 349.994 75.68467053384425
C11 370.001 84.96750986223282
C11 400.009 89.52902032104582
C11 429.983 90.28432755201301
C11 449.989 91.00268800725026
C11 469.993 92.16669419678657
C11 500.016 93.90132704190296
C11 549.99 96.81801303831986
C11 569.998 97.7950161531703
C11 599.983 98.77156238291278
C11 630.013 99.79355345139315
C11 649.987 100.00373583055593
C11 670.017 100.50431438433475
C11 699.987 100.14179128067626
C11 720.012 100.02198839061872
C11 749.995 99.37318869306758
C11 770.007 99.06783714591782
C11 800.008 98.01897361833791
C11 830.013 96.92227421995514
C11 869.994 91.97161187044169
C11 900.005 85.16891243257108
C11 919.989 78.2274722169182
C11 959.989 57.048387898384526
C11 1000.013 30.13183367486468
C11 1030.002 13.14925906161883
C11 1049.996 6.504012702233147
C11 1080.005 0.6889051018928382
C11 1100.007 0.09371256119272561
C12 319.992 41.424554377969024
C12 330.006 53.560462258867695
C12 349.994 76.08184837294112
C12 370.001 85.3837702693386
C12 400.009 89.86719144845033
C12 429.983 90.59775073606997
C12 449.989 91.3092122261771
C12 469.993 92.47567036579277
C12 500.016 94.21312066907487
C12 549.99 97.13092603400627
C12 569.998 98.11161468872754
C12 599.983 99.09448877721519
C12 630.013 100.11258870752614
C12 649.987 100.32186493122482
C12 670.017 100.82328110770156
C12 699.987 100.45628052998511
C12 720.012 100.33298246885171
C12 749.995 99.68226385384718
C12 770.007 99.37366080767913
C12 800.008 98.31758611014534
C12 830.013 97.21871650749978
C12 869.994 92.25973884902155
C12 900.005 85.41135090035546
C12 919.989 78.437540374804
C12 959.989 57.06136724282634
C12 1000.013 30.219317654598267
C12 1030.002 13.137380048812007
C12 1049.996 6.503545346841468
C12 1080.005 0.6910477640930933
C12 1100.007 0.09400403002058749
C13 319.992 41.53203279223948
C13 330.006 53.704244002341056
C13 349.994 76.26406938349707
C13 370.001 85.53492309255363
C13 400.009 89.87281875002996
C13 429.983 90.5580931086995
C13 449.989 91.25315242343105
C13 469.993 92.41098304925816
C13 500.016 94.13936418314738
C13 549.99 97.046843944639
C13 569.998 98.0221261255828
C13 599.983 98.99409588949393
C13 630.013 100.01221104930849
C13 649.987 100.21687273341682
C13 670.017 100.7148470420803
C13 699.987 100.34281311342454
C13 720.012 100.2191266999494
C13 749.995 99.56351179953793
C13 770.007 99.25257102456753
C13 800.008 98.19013800928136
C13 830.013 97.09308071756402
C13 869.994 92.17030358913941
C13 900.005 85.3997384038616
C13 919.989 78.5213787921137
C13 959.989 57.231804424972964
C13 1000.013 30.269114323989434
C13 1030.002 13.166357034940061
C13 1049.996 6.492236012653626
C13 1080.005 0.6902245095062874
C13 1100.007 0.09389204174291142
C14 319.992 41.73721227947016
C14 330.006 53.97313231050012
C14 349.994 76.51356672619936
C14 370.001 85.58393163513357
C14 400.009 89.86714575993953
C14 429.983 90.5650225328368
C14 449.989 91.2727984830731
C14 469.993 92.43937845871756
C14 500.016 94.17760546668319
C14 549.99 97.07952645936136
C14 569.998 98.04998850241624
C14 599.983 99.00496975506326
C14 630.013 100.00725384588718
C14 649.987 100.20566381876833
C14 670.017 100.68992395944136
C14 699.987 100.30148024065824
C14 720.012 100.17132128815373
C14 749.995 99.49705786058591
C14 770.007 99.1781063667227
C14 800.008 98.11351837667735
C14 830.013 97.01598135559665
C14 869.994 92.11913245704848
C14 900.005 85.30637393205106
C14 919.989 78.42566136199717
C14 959.989 57.11111822370671
C14 1000.013 30.233867541598677
C14 1030.002 13.148995400837782
C14 1049.996 6.498490103490744
C14 1080.005 0.6897638001522852
C14 1100.007 0.09382937091435989
C15 319.992 42.10760522911317
C15 330.006 54.450493486043044
C15 349.994 77.06484429745755
C15 370.001 85.97987588443895
C15 400.009 90.11136607964494
C15 429.983 90.78703823629561
C15 449.989 91.50118011903608
C15 469.993 92.66849872560506
C15 500.016 94.40749482350242
C15 549.99 97.30043802380928
C15 569.998 98.26055923392079
C15 599.983 99.20931923434782
C15 630.013 100.19552858412354
C15 649.987 100.37935630730912
C15 670.017 100.86039540797108
C15 699.987 100.45181828543075
C15 720.012 100.30948334479925
C15 749.995 99.62522174811902
C15 770.007 99.29792448628383
C15 800.008 98.21943195945306
C15 830.013 97.12035675850892
C15 869.994 92.24782937720752
C15 900.005 85.40745976218605
C15 919.989 78.55068797178899
C15 959.989 57.124668674533474
C15 1000.013 30.33124498760743
C15 1030.002 13.176186727668913
C15 1049.996 6.538705511430511
C15 1080.005 0.6906522837531103
C15 1100.007 0.09395023237057827
C16 319.992 42.27435687138895
C16 330.006 54.677611073207345
C16 349.994 77.44044192995536
C16 370.001 86.40794677158534
C16 400.009 90.31892136943698
C16 429.983 90.90197529995343
C16 449.989 91.57883535788478
C16 469.993 92.7276653470852
C16 500.016 94.44851549144495
C16 549.99 97.32323659069623
C16 569.998 98.28497212818917
C16 599.983 99.23286404691108
C16 630.013 100.21426087354968
C16 649.987 100.3988424571634
C16 670.017 100.87892971385044
C16 699.987 100.4705353453533
C16 720.012 100.32645662655976
C16 749.995 99.63991060433976
C16 770.007 99.31008524490723
C16 800.008 98.23119675098289
C16 830.013 97.15252908486073
C16 869.994 92.28428119407052
C16 900.005 85.57058297522948
C16 919.989 78.67952957223223
C16 959.989 57.34702323444735
C16 1000.013 30.472742305541015
C16 1030.002 13.266518624575415
C16 1049.996 6.590542458381889
C16 1080.005 0.6907541104663097
C16 1100.007 0.09396408397664933
C17 319.992 42.57004910588137
C17 330.006 55.06731122603735
C17 349.994 77.93558355094952
C17 370.001 86.81290688702104
C17 400.009 90.56127607495158
C17 429.983 91.09162830826544
C17 449.989 91.75601540274964
C17 469.993 92.89815202511852
C17 500.016 94.61435717088072
C17 549.99 97.48141021507016
C17 569.998 98.44274978546954
C17 599.983 99.37471925817923
C17 630.013 100.35109796338212
C17 649.987 100.52411273901279
C17 670.017 100.99389723651545
C17 699.987 100.57899986998174
C17 720.012 100.42213598291728
C17 749.995 99.72272103015656
C17 770.007 99.38588248431692
C17 800.008 98.30017878753226
C17 830.013 97.23441051095803
C17 869.994 92.39570785714888
C17 900.005 85.78431382873072
C17 919.989 78.8271491506124
C17 959.989 57.50390235101541
C17 1000.013 30.632027683677638
C17 1030.002 13.402998772917273
C17 1049.996 6.674484150762862
C17 1080.005 0.6913281813007814
C17 1100.007 0.09404217549906159
