lsstCam/transmission_sensor/r11_s22/19700101T000000.ecsv
# %ECSV 1.0
# ---
# datatype:
# - {name: amp_name, datatype: string}
# - {name: wavelength, unit: nm, datatype: float32}
# - {name: efficiency, unit: '%', datatype: float64}
# meta: !!omap
# - {MODE: AMP}
# - {TYPE: transmission_sensor}
# - {CALIBDATE: '1970-01-01T00:00:00'}
# - {INSTRUME: LSSTCAM}
# - {OBSTYPE: transmission_sensor}
# - {DETECTOR: 44}
# - {PARQUETFILE: qe_raft_allvalues_nircorrected_20230725.parquet}
# - {CALIBCLS: lsst.ip.isr.IntermediateSensorTransmissionCurve}
# - {CALIB_ID: 'raftName=R11 detectorName=S22 detector=44 calibDate=1970-01-01T00:00:00 ccd=44 ccdnum=44 filter=None'}
# - {DATE: '2023-08-02T16:57:55.627971'}
# - {CALIB_CREATION_DATE: '2023-08-02'}
# - {CALIB_CREATION_TIME: '16:57:55'}
# - __serialized_columns__:
#     efficiency:
#       __class__: astropy.units.quantity.Quantity
#       unit: !astropy.units.Unit {unit: '%'}
#       value: !astropy.table.SerializedColumn {name: efficiency}
#     wavelength:
#       __class__: astropy.units.quantity.Quantity
#       unit: !astropy.units.Unit {unit: nm}
#       value: !astropy.table.SerializedColumn {name: wavelength}
# schema: astropy-2.0
amp_name wavelength efficiency
C00 319.992 41.54325866699219
C00 330.006 53.715572357177734
C00 349.994 76.70491790771484
C00 370.001 86.69341278076172
C00 400.009 90.79442596435547
C00 429.983 91.21524047851562
C00 449.989 91.79517364501953
C00 469.993 92.87654876708984
C00 500.016 94.54261779785156
C00 549.99 97.44209289550781
C00 569.998 98.43264770507812
C00 599.983 99.4398422241211
C00 630.013 100.49554443359375
C00 649.987 100.72618865966797
C00 670.017 101.25653076171875
C00 699.987 100.92285919189453
C00 720.012 100.8268814086914
C00 749.995 100.19036865234375
C00 770.007 99.90277862548828
C00 800.008 98.85001373291016
C00 830.013 97.72884368896484
C00 869.994 92.7427749633789
C00 900.005 85.69526672363281
C00 919.989 78.51532745361328
C00 959.989 57.62184524536133
C00 1000.013 30.293052673339844
C00 1030.002 13.097189903259277
C00 1049.996 6.508444309234619
C00 1080.005 0.6945702376343118
C00 1100.007 0.09448319618784942
C01 319.992 41.534122467041016
C01 330.006 53.69792938232422
C01 349.994 76.6881103515625
C01 370.001 86.69745635986328
C01 400.009 90.72476959228516
C01 429.983 91.10552978515625
C01 449.989 91.66567993164062
C01 469.993 92.73135375976562
C01 500.016 94.37303161621094
C01 549.99 97.24745178222656
C01 569.998 98.23190307617188
C01 599.983 99.2302474975586
C01 630.013 100.28458404541016
C01 649.987 100.51571655273438
C01 670.017 101.04304504394531
C01 699.987 100.71147155761719
C01 720.012 100.61292266845703
C01 749.995 99.98014831542969
C01 770.007 99.69508361816406
C01 800.008 98.64868927001953
C01 830.013 97.53418731689453
C01 869.994 92.57708740234375
C01 900.005 85.5893325805664
C01 919.989 78.43707275390625
C01 959.989 57.57155227661133
C01 1000.013 30.187427520751953
C01 1030.002 13.027008056640625
C01 1049.996 6.4708380699157715
C01 1080.005 0.693112887374556
C01 1100.007 0.0942849511392624
C02 319.992 41.73610305786133
C02 330.006 53.960872650146484
C02 349.994 77.01597595214844
C02 370.001 86.97530364990234
C02 400.009 90.91610717773438
C02 429.983 91.2760009765625
C02 449.989 91.8307113647461
C02 469.993 92.89399719238281
C02 500.016 94.53878784179688
C02 549.99 97.4103012084961
C02 569.998 98.39009094238281
C02 599.983 99.3869857788086
C02 630.013 100.43351745605469
C02 649.987 100.66262817382812
C02 670.017 101.18380737304688
C02 699.987 100.84354400634766
C02 720.012 100.73957824707031
C02 749.995 100.11048889160156
C02 770.007 99.81436920166016
C02 800.008 98.76825714111328
C02 830.013 97.65436553955078
C02 869.994 92.71882629394531
C02 900.005 85.6885986328125
C02 919.989 78.56879425048828
C02 959.989 57.81045150756836
C02 1000.013 30.167827606201172
C02 1030.002 13.102828025817871
C02 1049.996 6.500344753265381
C02 1080.005 0.6940164621633762
C02 1100.007 0.0944078654673126
C03 319.992 41.940494537353516
C03 330.006 54.230464935302734
C03 349.994 77.32855987548828
C03 370.001 87.17664337158203
C03 400.009 91.02301025390625
C03 429.983 91.3712158203125
C03 449.989 91.94059753417969
C03 469.993 93.00782775878906
C03 500.016 94.65444946289062
C03 549.99 97.51983642578125
C03 569.998 98.50100708007812
C03 599.983 99.4862060546875
C03 630.013 100.5243148803711
C03 649.987 100.74535369873047
C03 670.017 101.2596206665039
C03 699.987 100.91238403320312
C03 720.012 100.80704498291016
C03 749.995 100.16041564941406
C03 770.007 99.86357879638672
C03 800.008 98.80606079101562
C03 830.013 97.6871566772461
C03 869.994 92.76541137695312
C03 900.005 85.71759033203125
C03 919.989 78.69136047363281
C03 959.989 57.8065185546875
C03 1000.013 30.2427921295166
C03 1030.002 13.129180908203125
C03 1049.996 6.505496501922607
C03 1080.005 0.6943625728231477
C03 1100.007 0.09445494730237838
C04 319.992 42.03303146362305
C04 330.006 54.354347229003906
C04 349.994 77.43116760253906
C04 370.001 87.11502075195312
C04 400.009 90.89851379394531
C04 429.983 91.26285552978516
C04 449.989 91.83365631103516
C04 469.993 92.90929412841797
C04 500.016 94.56135559082031
C04 549.99 97.42364501953125
C04 569.998 98.39654541015625
C04 599.983 99.37461853027344
C04 630.013 100.40184783935547
C04 649.987 100.61299896240234
C04 670.017 101.12358856201172
C04 699.987 100.76268768310547
C04 720.012 100.6464614868164
C04 749.995 99.99497985839844
C04 770.007 99.6911392211914
C04 800.008 98.62702178955078
C04 830.013 97.500732421875
C04 869.994 92.59587860107422
C04 900.005 85.54907989501953
C04 919.989 78.65287780761719
C04 959.989 57.56450271606445
C04 1000.013 30.21617317199707
C04 1030.002 13.0468111038208
C04 1049.996 6.494701385498047
C04 1080.005 0.693215676859359
C04 1100.007 0.09429893371227296
C05 319.992 42.3401985168457
C05 330.006 54.75594711303711
C05 349.994 77.85240173339844
C05 370.001 87.3327865600586
C05 400.009 91.04975128173828
C05 429.983 91.43096160888672
C05 449.989 92.0197982788086
C05 469.993 93.11222839355469
C05 500.016 94.7774658203125
C05 549.99 97.633056640625
C05 569.998 98.60311126708984
C05 599.983 99.56473541259766
C05 630.013 100.57373046875
C05 649.987 100.7752914428711
C05 670.017 101.27364349365234
C05 699.987 100.89395904541016
C05 720.012 100.76809692382812
C05 749.995 100.0971450805664
C05 770.007 99.77764129638672
C05 800.008 98.69910430908203
C05 830.013 97.57234954833984
C05 869.994 92.62740325927734
C05 900.005 85.587646484375
C05 919.989 78.81099700927734
C05 959.989 57.431304931640625
C05 1000.013 30.24043083190918
C05 1030.002 13.14529800415039
C05 1049.996 6.533758163452148
C05 1080.005 0.693923911883505
C05 1100.007 0.09439527574524202
C06 319.992 42.608909606933594
C06 330.006 55.10877227783203
C06 349.994 78.33110046386719
C06 370.001 87.78581237792969
C06 400.009 91.35317993164062
C06 429.983 91.6964111328125
C06 449.989 92.27457427978516
C06 469.993 93.35960388183594
C06 500.016 95.0228042602539
C06 549.99 97.87654876708984
C06 569.998 98.84223937988281
C06 599.983 99.8003158569336
C06 630.013 100.80960845947266
C06 649.987 101.00541687011719
C06 670.017 101.4967041015625
C06 699.987 101.10928344726562
C06 720.012 100.97607421875
C06 749.995 100.29203796386719
C06 770.007 99.97161102294922
C06 800.008 98.8831558227539
C06 830.013 97.7641372680664
C06 869.994 92.77576446533203
C06 900.005 85.91456604003906
C06 919.989 79.10826873779297
C06 959.989 57.55810546875
C06 1000.013 30.385746002197266
C06 1030.002 13.27503776550293
C06 1049.996 6.613268852233887
C06 1080.005 0.6952750030374887
C06 1100.007 0.094579066244248
C07 319.992 42.91532897949219
C07 330.006 55.515560150146484
C07 349.994 78.72525787353516
C07 370.001 87.88482666015625
C07 400.009 91.28712463378906
C07 429.983 91.6270523071289
C07 449.989 92.21540832519531
C07 469.993 93.31211853027344
C07 500.016 94.9793930053711
C07 549.99 97.81934356689453
C07 569.998 98.77112579345703
C07 599.983 99.7083969116211
C07 630.013 100.69808959960938
C07 649.987 100.87913513183594
C07 670.017 101.35822296142578
C07 699.987 100.94782257080078
C07 720.012 100.80355072021484
C07 749.995 100.09912109375
C07 770.007 99.76814270019531
C07 800.008 98.6651382446289
C07 830.013 97.56295013427734
C07 869.994 92.5901107788086
C07 900.005 85.89397430419922
C07 919.989 78.92469787597656
C07 959.989 57.575191497802734
C07 1000.013 30.54871368408203
C07 1030.002 13.455459594726562
C07 1049.996 6.681183815002441
C07 1080.005 0.693937584245758
C07 1100.007 0.09439713561256012
C10 319.992 41.23779296875
C10 330.006 53.32223892211914
C10 349.994 75.82337951660156
C10 370.001 85.23202514648438
C10 400.009 89.8644790649414
C10 429.983 90.63031005859375
C10 449.989 91.34679412841797
C10 469.993 92.521728515625
C10 500.016 94.26909637451172
C10 549.99 97.21011352539062
C10 569.998 98.20185852050781
C10 599.983 99.19361114501953
C10 630.013 100.2311782836914
C10 649.987 100.44274139404297
C10 670.017 100.96054077148438
C10 699.987 100.59577178955078
C10 720.012 100.48267364501953
C10 749.995 99.83683013916016
C10 770.007 99.53369903564453
C10 800.008 98.48082733154297
C10 830.013 97.38038635253906
C10 869.994 92.41392517089844
C10 900.005 85.56658935546875
C10 919.989 78.54137420654297
C10 959.989 57.199485778808594
C10 1000.013 30.30218505859375
C10 1030.002 13.204755783081055
C10 1049.996 6.570534706115723
C10 1080.005 0.6921193051097834
C10 1100.007 0.09414979298971222
C11 319.992 41.29250717163086
C11 330.006 53.38642120361328
C11 349.994 75.83020782470703
C11 370.001 85.13089752197266
C11 400.009 89.70117950439453
C11 429.983 90.45793914794922
C11 449.989 91.17768096923828
C11 469.993 92.34392547607422
C11 500.016 94.08189392089844
C11 549.99 97.00418853759766
C11 569.998 97.98307037353516
C11 599.983 98.96149444580078
C11 630.013 99.9854507446289
C11 649.987 100.19603729248047
C11 670.017 100.69757843017578
C11 699.987 100.33435821533203
C11 720.012 100.21432495117188
C11 749.995 99.56427764892578
C11 770.007 99.25833892822266
C11 800.008 98.20745849609375
C11 830.013 97.10865020751953
C11 869.994 92.14846801757812
C11 900.005 85.33268737792969
C11 919.989 78.37789916992188
C11 959.989 57.15808868408203
C11 1000.013 30.189775466918945
C11 1030.002 13.174544334411621
C11 1049.996 6.516519546508789
C11 1080.005 0.690229826985566
C11 1100.007 0.09389276508579406
C12 319.992 41.50421142578125
C12 330.006 53.663455963134766
C12 349.994 76.2281494140625
C12 370.001 85.54795837402344
C12 400.009 90.04000091552734
C12 429.983 90.77196502685547
C12 449.989 91.48479461669922
C12 469.993 92.65349578857422
C12 500.016 94.394287109375
C12 549.99 97.31770324707031
C12 569.998 98.30027770996094
C12 599.983 99.28504180908203
C12 630.013 100.30509948730469
C12 649.987 100.51477813720703
C12 670.017 101.01715850830078
C12 699.987 100.64945220947266
C12 720.012 100.52591705322266
C12 749.995 99.87394714355469
C12 770.007 99.56475067138672
C12 800.008 98.50664520263672
C12 830.013 97.4056625366211
C12 869.994 92.43714904785156
C12 900.005 85.57559204101562
C12 919.989 78.58837127685547
C12 959.989 57.17109298706055
C12 1000.013 30.277427673339844
C12 1030.002 13.162642478942871
C12 1049.996 6.516051292419434
C12 1080.005 0.6923766094026321
C12 1100.007 0.09418479439153446
C13 319.992 41.61189651489258
C13 330.006 53.80751419067383
C13 349.994 76.41072082519531
C13 370.001 85.69940185546875
C13 400.009 90.04563903808594
C13 429.983 90.73223114013672
C13 449.989 91.42862701416016
C13 469.993 92.58868408203125
C13 500.016 94.32038879394531
C13 549.99 97.23345947265625
C13 569.998 98.21061706542969
C13 599.983 99.18445587158203
C13 630.013 100.20452880859375
C13 649.987 100.40958404541016
C13 670.017 100.90851593017578
C13 699.987 100.5357666015625
C13 720.012 100.4118423461914
C13 749.995 99.75496673583984
C13 770.007 99.44342803955078
C13 800.008 98.37895202636719
C13 830.013 97.27978515625
C13 869.994 92.34754180908203
C13 900.005 85.56395721435547
C13 919.989 78.67237091064453
C13 959.989 57.34185791015625
C13 1000.013 30.327320098876953
C13 1030.002 13.191675186157227
C13 1049.996 6.504720211029053
C13 1080.005 0.6915517717443613
C13 1100.007 0.09407259076680824
C14 319.992 41.81747055053711
C14 330.006 54.07691955566406
C14 349.994 76.66069793701172
C14 370.001 85.74850463867188
C14 400.009 90.03995513916016
C14 429.983 90.73917388916016
C14 449.989 91.44831085205078
C14 469.993 92.61713409423828
C14 500.016 94.35870361328125
C14 549.99 97.26620483398438
C14 569.998 98.23853302001953
C14 599.983 99.19535064697266
C14 630.013 100.1995620727539
C14 649.987 100.39835357666016
C14 670.017 100.883544921875
C14 699.987 100.49435424804688
C14 720.012 100.36394500732422
C14 749.995 99.68838500976562
C14 770.007 99.36882019042969
C14 800.008 98.30218505859375
C14 830.013 97.2025375366211
C14 869.994 92.29627227783203
C14 900.005 85.47041320800781
C14 919.989 78.57646942138672
C14 959.989 57.22093963623047
C14 1000.013 30.29200553894043
C14 1030.002 13.174280166625977
C14 1049.996 6.510986328125
C14 1080.005 0.6910901764726325
C14 1100.007 0.09400979942583934
C15 319.992 42.188575744628906
C15 330.006 54.555198669433594
C15 349.994 77.2130355834961
C15 370.001 86.14521026611328
C15 400.009 90.2846450805664
C15 429.983 90.96161651611328
C15 449.989 91.67713165283203
C15 469.993 92.84669494628906
C15 500.016 94.58903503417969
C15 549.99 97.48754119873047
C15 569.998 98.44950866699219
C15 599.983 99.40009307861328
C15 630.013 100.38819885253906
C15 649.987 100.57238006591797
C15 670.017 101.0543441772461
C15 699.987 100.64498138427734
C15 720.012 100.50237274169922
C15 749.995 99.8167953491211
C15 770.007 99.4888687133789
C15 800.008 98.4083023071289
C15 830.013 97.30711364746094
C15 869.994 92.42521667480469
C15 900.005 85.57169342041016
C15 919.989 78.70173645019531
C15 959.989 57.23451614379883
C15 1000.013 30.389570236206055
C15 1030.002 13.201523780822754
C15 1049.996 6.551279067993164
C15 1080.005 0.6919803685765841
C15 1100.007 0.0941308932917225
C16 319.992 42.355648040771484
C16 330.006 54.782752990722656
C16 349.994 77.58935546875
C16 370.001 86.57410430908203
C16 400.009 90.49259948730469
C16 429.983 91.07677459716797
C16 449.989 91.75493621826172
C16 469.993 92.90597534179688
C16 500.016 94.63013458251953
C16 549.99 97.51038360595703
C16 569.998 98.47396850585938
C16 599.983 99.4236831665039
C16 630.013 100.40696716308594
C16 649.987 100.59190368652344
C16 670.017 101.07291412353516
C16 699.987 100.66373443603516
C16 720.012 100.51937866210938
C16 749.995 99.83151245117188
C16 770.007 99.50105285644531
C16 800.008 98.42008972167969
C16 830.013 97.33934783935547
C16 869.994 92.46173858642578
C16 900.005 85.7351303100586
C16 919.989 78.83082580566406
C16 959.989 57.457298278808594
C16 1000.013 30.531339645385742
C16 1030.002 13.29202938079834
C16 1049.996 6.60321569442749
C16 1080.005 0.6920823910967266
C16 1100.007 0.09414477153363947
C17 319.992 42.65190887451172
C17 330.006 55.17320251464844
C17 349.994 78.08544921875
C17 370.001 86.97984313964844
C17 400.009 90.73542022705078
C17 429.983 91.26679229736328
C17 449.989 91.93245697021484
C17 469.993 93.07678985595703
C17 500.016 94.79629516601562
C17 549.99 97.66886138916016
C17 569.998 98.63204956054688
C17 599.983 99.56581115722656
C17 630.013 100.5440673828125
C17 649.987 100.71741485595703
C17 670.017 101.18810272216797
C17 699.987 100.77240753173828
C17 720.012 100.61524200439453
C17 749.995 99.91448211669922
C17 770.007 99.57699584960938
C17 800.008 98.48920440673828
C17 830.013 97.42138671875
C17 869.994 92.57337951660156
C17 900.005 85.94927215576172
C17 919.989 78.97872924804688
C17 959.989 57.614479064941406
C17 1000.013 30.69093132019043
C17 1030.002 13.42877197265625
C17 1049.996 6.687318801879883
C17 1080.005 0.6926575658365655
C17 1100.007 0.09422301322158104
