lsstCam/transmission_sensor/r11_s22/19700101T000000.ecsv
# %ECSV 1.0
# ---
# datatype:
# - {name: amp_name, datatype: string}
# - {name: wavelength, unit: nm, datatype: float32}
# - {name: efficiency, unit: '%', datatype: float64}
# meta: !!omap
# - {MODE: AMP}
# - {TYPE: transmission_sensor}
# - {CALIBDATE: '1970-01-01T00:00:00'}
# - {INSTRUME: LSSTCAM}
# - {OBSTYPE: transmission_sensor}
# - {DETECTOR: 44}
# - {PARQUETFILE: qe_raft_allvalues_nircorrected_20230725.parquet}
# - {CALIBCLS: lsst.ip.isr.IntermediateSensorTransmissionCurve}
# - {CALIB_ID: 'raftName=R11 detectorName=S22 detector=44 calibDate=1970-01-01T00:00:00 ccd=44 ccdnum=44 filter=None'}
# - {DATE: '2024-01-18T22:42:25.127113'}
# - {CALIB_CREATION_DATE: '2024-01-18'}
# - {CALIB_CREATION_TIME: '22:42:25'}
# - __serialized_columns__:
#     efficiency:
#       __class__: astropy.units.quantity.Quantity
#       unit: !astropy.units.Unit {unit: '%'}
#       value: !astropy.table.SerializedColumn {name: efficiency}
#     wavelength:
#       __class__: astropy.units.quantity.Quantity
#       unit: !astropy.units.Unit {unit: nm}
#       value: !astropy.table.SerializedColumn {name: wavelength}
# schema: astropy-2.0
amp_name wavelength efficiency
C00 319.992 41.172350215861215
C00 330.006 51.408892740604365
C00 349.994 70.77495713105434
C00 370.001 79.28906417209141
C00 400.009 86.52588243127222
C00 429.983 87.6766817393759
C00 449.989 88.7689872698666
C00 469.993 90.2244796050748
C00 500.016 92.50620628384634
C00 549.99 95.93280421426293
C00 569.998 97.05450671042777
C00 599.983 98.2887364799929
C00 630.013 99.09500737745948
C00 649.987 99.26443046148039
C00 670.017 99.53792086192291
C00 699.987 99.11558421285181
C00 720.012 99.0125074202747
C00 749.995 99.19563306157657
C00 770.007 99.3043877662284
C00 800.008 98.5389319086285
C00 830.013 96.78600453270099
C00 869.994 91.84903966905478
C00 900.005 83.44890270251801
C00 919.989 74.43570406103593
C00 959.989 52.80191067777301
C00 1000.013 26.575376419956346
C00 1030.002 9.6552900069681
C00 1049.996 4.102154144593097
C00 1080.005 0.5640617824179845
C00 1100.007 0.11862455369414714
C01 319.992 41.163295586154696
C01 330.006 51.3920073987553
C01 349.994 70.75944894593911
C01 370.001 79.29276239543485
C01 400.009 86.45950083354384
C01 429.983 87.57122710816937
C01 449.989 88.64376254030824
C01 469.993 90.08343060884289
C01 500.016 92.34027292313402
C01 549.99 95.74117791337386
C01 569.998 96.8565726774874
C01 599.983 98.0815680011827
C01 630.013 98.88698699863345
C01 649.987 99.05701276702774
C01 670.017 99.32805860098006
C01 699.987 98.90798200028534
C01 720.012 98.80239885538495
C01 749.995 98.98749988786835
C01 770.007 99.09793679631342
C01 800.008 98.3382410155152
C01 830.013 96.59322610825265
C01 869.994 91.68494879111634
C01 900.005 83.34574545316686
C01 919.989 74.36151544261338
C01 959.989 52.75582459996086
C01 1000.013 26.482713979504812
C01 1030.002 9.603551726670354
C01 1049.996 4.078451615516296
C01 1080.005 0.5628782655602438
C01 1100.007 0.1183756551454152
C02 319.992 41.36347284448489
C02 330.006 51.64365923190443
C02 349.994 71.06196766910801
C02 370.001 79.54687918358877
C02 400.009 86.64184301201372
C02 429.983 87.73508512483686
C02 449.989 88.80335342730976
C02 469.993 90.24142979447014
C02 500.016 92.50245882356751
C02 549.99 95.9015049513355
C02 569.998 97.01254577869543
C02 599.983 98.23649189564532
C02 630.013 99.03384482710486
C02 649.987 99.2017923778727
C02 670.017 99.46643179497605
C02 699.987 99.03768936310838
C02 720.012 98.92677527407469
C02 749.995 99.11654638346359
C02 770.007 99.21650789114575
C02 800.008 98.45743260551336
C02 830.013 96.71224491133763
C02 869.994 91.8253217860208
C02 900.005 83.44240940500754
C02 919.989 74.48639274563233
C02 959.989 52.974740460781845
C02 1000.013 26.46551943946942
C02 1030.002 9.659446448830831
C02 1049.996 4.097049141690724
C02 1080.005 0.5636120603275891
C02 1100.007 0.11852997525624827
C03 319.992 41.56603946647876
C03 330.006 51.90167455712772
C03 349.994 71.35038612228792
C03 370.001 79.73102279497276
C03 400.009 86.74372022421197
C03 429.983 87.82660625122472
C03 449.989 88.9096170094596
C03 469.993 90.35200995440813
C03 500.016 92.61562913796371
C03 549.99 96.00934356852994
C03 569.998 97.12190899589241
C03 599.983 98.3345636074583
C03 630.013 99.12337687037305
C03 649.987 99.28331737373853
C03 670.017 99.54095832227891
C03 699.987 99.10529663794823
C03 720.012 98.99302794984561
C03 749.995 99.1659774456958
C03 770.007 99.26542273359338
C03 800.008 98.49511728701164
C03 830.013 96.74471969648614
C03 869.994 91.87145794205948
C03 900.005 83.47064113331393
C03 919.989 74.60259047937107
C03 959.989 52.97113649034614
C03 1000.013 26.531284037271192
C03 1030.002 9.67887387744938
C03 1049.996 4.100296195226414
C03 1080.005 0.5638931374384218
C03 1100.007 0.11858908694909019
C04 319.992 41.657750200266136
C04 330.006 52.02023703854364
C04 349.994 71.44506137494996
C04 370.001 79.67466326677463
C04 400.009 86.62507675085692
C04 429.983 87.72244963599341
C04 449.989 88.80620128836023
C04 469.993 90.25628992990416
C04 500.016 92.52454047198334
C04 549.99 95.91464207897171
C04 569.998 97.01890987841675
C04 599.983 98.22426780915174
C04 630.013 99.00261656800006
C04 649.987 99.15288339529344
C04 670.017 99.40723506759338
C04 699.987 98.9582809735758
C04 720.012 98.83533414461814
C04 749.995 99.00218417652658
C04 770.007 99.09401602522111
C04 800.008 98.31664172278964
C04 830.013 96.56009396937965
C04 869.994 91.70355890450044
C04 900.005 83.30654792723408
C04 919.989 74.56610735649662
C04 959.989 52.7493647189083
C04 1000.013 26.507931857363257
C04 1030.002 9.618150595966636
C04 1049.996 4.093492229566057
C04 1080.005 0.5629617410921199
C04 1100.007 0.1183932103991513
C05 319.992 41.96217479034062
C05 330.006 52.404591229645234
C05 349.994 71.8337304246917
C05 370.001 79.87383003826888
C05 400.009 86.76920406868491
C05 429.983 87.88403429134839
C05 449.989 88.98620676480898
C05 469.993 90.45342945230303
C05 500.016 92.7359957705049
C05 549.99 96.1208101060493
C05 569.998 97.22258363722872
C05 599.983 98.41218391731537
C05 630.013 99.17210378779579
C05 649.987 99.3128206554666
C05 670.017 99.55474314236372
C05 699.987 99.08720159541933
C05 720.012 98.9547807588685
C05 749.995 99.10333505585905
C05 770.007 99.17999997617787
C05 800.008 98.3884973980259
C05 830.013 96.63102016951669
C05 869.994 91.7347797686917
C05 900.005 83.34410355528378
C05 919.989 74.71601075094016
C05 959.989 52.62730862220268
C05 1000.013 26.529212526901027
C05 1030.002 9.69075545178635
C05 1049.996 4.118109006778324
C05 1080.005 0.563536900073091
C05 1100.007 0.11851416874014792
C06 319.992 42.22848676159613
C06 330.006 52.74226520866418
C06 349.994 72.27542155808652
C06 370.001 80.28816363055267
C06 400.009 87.05836754330214
C06 429.983 88.13918609827248
C06 449.989 89.23258363506596
C06 469.993 90.6937411886187
C06 500.016 92.97604971509847
C06 549.99 96.36053076271577
C06 569.998 97.45836375255442
C06 599.983 98.64503730580917
C06 630.013 99.40469450972861
C06 649.987 99.53960645739414
C06 670.017 99.77401778045913
C06 699.987 99.29867007794229
C06 720.012 99.15901551421348
C06 749.995 99.29629295389114
C06 770.007 99.37280787608304
C06 800.008 98.57196970003687
C06 830.013 96.82095761694877
C06 869.994 91.88171126072055
C06 900.005 83.66245343894937
C06 919.989 74.9978363654684
C06 959.989 52.743502586589514
C06 1000.013 26.6566940782514
C06 1030.002 9.786400016043745
C06 1049.996 4.168223148657463
C06 1080.005 0.5646341237133105
C06 1100.007 0.11874491946405931
C07 319.992 42.532170346483774
C07 330.006 53.13158460299058
C07 349.994 72.63910715391364
C07 370.001 80.37872125800781
C07 400.009 86.99541772149138
C07 429.983 88.07251794442696
C07 449.989 89.17536818831377
C07 469.993 90.64761177069282
C07 500.016 92.93357352189831
C07 549.99 96.30421161862411
C07 569.998 97.38824581697229
C07 599.983 98.5541824050846
C07 630.013 99.29472981126202
C07 649.987 99.4151573444576
C07 670.017 99.63788705719513
C07 699.987 99.14010056032781
C07 720.012 98.98959656620849
C07 749.995 99.10529145028418
C07 770.007 99.17055827403101
C07 800.008 98.35463822506318
C07 830.013 96.62171143631451
C07 869.994 91.6978466650695
C07 900.005 83.64240148244964
C07 919.989 74.82380376842589
C07 959.989 52.75915940868604
C07 1000.013 26.79966175922688
C07 1030.002 9.919407561754626
C07 1049.996 4.211028715205158
C07 1080.005 0.5635480034239179
C07 1100.007 0.11851650382129929
C10 319.992 40.86961179065066
C10 330.006 51.032450016699954
C10 349.994 69.96156936476424
C10 370.001 77.95249136687096
C10 400.009 85.63965538339578
C10 429.983 87.11444281967202
C10 449.989 88.3353893581159
C10 469.993 89.87979116685518
C10 500.016 92.23857640644408
C10 549.99 95.70441799190353
C10 569.998 96.82694877121958
C10 599.983 98.04535574742445
C10 630.013 98.83432551616329
C10 649.987 98.98509663814676
C10 670.017 99.24695465952355
C10 699.987 98.79435412452938
C10 720.012 98.67449365570596
C10 749.995 98.84560463969717
C10 770.007 98.93751886417472
C10 800.008 98.17090733997028
C10 830.013 96.44090893891605
C10 869.994 91.523358906897
C10 900.005 83.3235984052507
C10 919.989 74.46039743563811
C10 959.989 52.414880607287294
C10 1000.013 26.58338804487747
C10 1030.002 9.734587915313728
C10 1049.996 4.141288593134641
C10 1080.005 0.5620713755541943
C10 1100.007 0.11820596279994629
C11 319.992 40.923837491644655
C11 330.006 51.093876152183334
C11 349.994 69.96786978495403
C11 370.001 77.86000089438537
C11 400.009 85.48403307038612
C11 429.983 86.94875878053092
C11 449.989 88.17185130618692
C11 469.993 89.70706525349357
C11 500.016 92.05540622146127
C11 549.99 95.50168259337353
C11 569.998 96.61122384485022
C11 599.983 97.81592600807815
C11 630.013 98.59202251224919
C11 649.987 98.7419727548749
C11 670.017 98.988455533374
C11 699.987 98.53762181098487
C11 720.012 98.41097388132046
C11 749.995 98.57575817466297
C11 770.007 98.66380808997013
C11 800.008 97.89839879854452
C11 830.013 96.1717943687359
C11 869.994 91.26045988737361
C11 900.005 83.09582779303554
C11 919.989 74.30541649316565
C11 959.989 52.37694628413669
C11 1000.013 26.484773776973046
C11 1030.002 9.712315939371665
C11 1049.996 4.107243819864007
C11 1080.005 0.560536926853634
C11 1100.007 0.11788326181586213
C12 319.992 41.133651598042455
C12 330.006 51.35901435350339
C12 349.994 70.33504701029416
C12 370.001 78.24144123225219
C12 400.009 85.80692537653258
C12 429.983 87.25060249544472
C12 449.989 88.46884042205578
C12 469.993 90.00779585467617
C12 500.016 92.36107058117543
C12 549.99 95.81034124743573
C12 569.998 96.92399000810505
C12 599.983 98.1357280191943
C12 630.013 98.90721653097091
C12 649.987 99.05608796997052
C12 670.017 99.30261143310861
C12 699.987 98.84707326292826
C12 720.012 98.71695890124137
C12 749.995 98.88235312957488
C12 770.007 98.968384508944
C12 800.008 98.19664396200665
C12 830.013 96.46594127097678
C12 869.994 91.54635898206598
C12 900.005 83.33236509983006
C12 919.989 74.50495255794317
C12 959.989 52.38886280713894
C12 1000.013 26.561668978153122
C12 1030.002 9.703541853707442
C12 1049.996 4.106948687822907
C12 1080.005 0.5622803328492008
C12 1100.007 0.11824990739366618
C13 319.992 41.240375248140715
C13 330.006 51.496886364225205
C13 349.994 70.50350405514527
C13 370.001 78.37995016313404
C13 400.009 85.81229843247138
C13 429.983 87.2124100253944
C13 449.989 88.41452448150264
C13 469.993 89.94483483197689
C13 500.016 92.28876400695106
C13 549.99 95.72740233185023
C13 569.998 96.83558468904474
C13 599.983 98.0363064545236
C13 630.013 98.80804743641069
C13 649.987 98.95242047545813
C13 670.017 99.1958128270109
C13 699.987 98.73542347877793
C13 720.012 98.60493696206609
C13 749.995 98.76455401351262
C13 770.007 98.84778856714523
C13 800.008 98.06935263723639
C13 830.013 96.34127829280898
C13 869.994 91.4576152623355
C13 900.005 83.32103526149658
C13 919.989 74.58458760608904
C13 959.989 52.54534363793847
C13 1000.013 26.605438419399306
C13 1030.002 9.724944857703912
C13 1049.996 4.099806913186789
C13 1080.005 0.5616104806520863
C13 1100.007 0.118109034672981
C14 319.992 41.44411386813418
C14 330.006 51.754722796097006
C14 349.994 70.73415575069674
C14 370.001 78.42485915452727
C14 400.009 85.80688175226244
C14 429.983 87.21908344086019
C14 449.989 88.43355940769486
C14 469.993 89.97247246042252
C14 500.016 92.32625353985988
C14 549.99 95.75964049755328
C14 569.998 96.8631097964683
C14 599.983 98.0470751130756
C14 630.013 98.80314991854097
C14 649.987 98.94135298547248
C14 670.017 99.17126564739307
C14 699.987 98.69475271652252
C14 720.012 98.55790153308386
C14 749.995 98.69863334112561
C14 770.007 98.77362759903743
C14 800.008 97.99282725575594
C14 830.013 96.26477591969856
C14 869.994 91.40683980072725
C14 900.005 83.22994336129531
C14 919.989 74.4936691178789
C14 959.989 52.434539898975366
C14 1000.013 26.57445779379058
C14 1030.002 9.712121194040817
C14 1049.996 4.103756332893612
C14 1080.005 0.5612356182729928
C14 1100.007 0.1180301995456904
C15 319.992 41.811905743599475
C15 330.006 52.212463421038215
C15 349.994 71.24379286808251
C15 370.001 78.78768277563879
C15 400.009 86.04006801757947
C15 429.983 87.43289673901438
C15 449.989 88.65483673574023
C15 469.993 90.19547825347712
C15 500.016 92.55162371081114
C15 549.99 95.97754856493698
C15 569.998 97.07113160449885
C15 599.983 98.24944746664836
C15 630.013 98.98915779769447
C15 649.987 99.11285396819858
C15 670.017 99.3391659560103
C15 699.987 98.84268249898543
C15 720.012 98.69383826826285
C15 749.995 98.82576876417427
C15 770.007 98.89295706352011
C15 800.008 98.0986105524178
C15 830.013 96.36834313236272
C15 869.994 91.53454159784644
C15 900.005 83.32856867531306
C15 919.989 74.61242732455531
C15 959.989 52.44698076297214
C15 1000.013 26.660048988018914
C15 1030.002 9.73220527298071
C15 1049.996 4.129152114434322
C15 1080.005 0.5619585449370543
C15 1100.007 0.11818223404891495
C16 319.992 41.97748637710947
C16 330.006 52.43024599660165
C16 349.994 71.59101993608422
C16 370.001 79.1799456501201
C16 400.009 86.23824580610986
C16 429.983 87.5435874346633
C16 449.989 88.73007633934809
C16 469.993 90.25306591049578
C16 500.016 92.59183799073544
C16 549.99 96.00003716421818
C16 569.998 97.09524898476667
C16 599.983 98.27276447802289
C16 630.013 99.00766454724827
C16 649.987 99.13209425819402
C16 670.017 99.35742071775482
C16 699.987 98.86109973067737
C16 720.012 98.71053816810378
C16 749.995 98.84033974813606
C16 770.007 98.90506822683622
C16 800.008 98.11036087187588
C16 830.013 96.40026634484583
C16 869.994 91.57071155837005
C16 900.005 83.4877213289393
C16 919.989 74.73480925140619
C16 959.989 52.65112768578066
C16 1000.013 26.78441992727063
C16 1030.002 9.79892628882255
C16 1049.996 4.161886826027607
C16 1080.005 0.5620413976155024
C16 1100.007 0.11819965831396825
C17 319.992 42.271102121116755
C17 330.006 52.80392865165463
C17 349.994 72.04876130191785
C17 370.001 79.55103096262528
C17 400.009 86.46965074706289
C17 429.983 87.72623368256521
C17 449.989 88.90174481323979
C17 469.993 90.41900285425261
C17 500.016 92.7544195393657
C17 549.99 96.15606027185646
C17 569.998 97.25111676990365
C17 599.983 98.41324720923123
C17 630.013 99.14285409581808
C17 649.987 99.2557839849291
C17 670.017 99.470654239866
C17 699.987 98.96782676412728
C17 720.012 98.80467645500435
C17 749.995 98.92248565305285
C17 770.007 98.98055634183213
C17 800.008 98.17925805243954
C17 830.013 96.48151375403658
C17 869.994 91.68127663719646
C17 900.005 83.69624978949301
C17 919.989 74.8750276931279
C17 959.989 52.795160661370154
C17 1000.013 26.924425917329152
C17 1030.002 9.899733361976772
C17 1049.996 4.214895485918801
C17 1080.005 0.5625084980919932
C17 1100.007 0.11829789149919934
