lsstCam/transmission_filter_detector/r23_s22/g_6/19700101T000000.ecsv
# %ECSV 1.0
# ---
# datatype:
# - {name: wavelength, unit: nm, datatype: float32}
# - {name: efficiency, unit: '%', datatype: float64}
# meta: !!omap
# - {MODE: DETECTOR}
# - {TYPE: transmission_filter_detector}
# - {CALIBDATE: '1970-01-01T00:00:00'}
# - {INSTRUME: LSSTCam}
# - {OBSTYPE: transmission_filter_detector}
# - {CALIBCLS: lsst.ip.isr.IntermediateFilterDetectorTransmissionCurve}
# - {SOURCE: Materion (DM-46256)}
# - {DETECTOR: 107}
# - {FILTER: g_6}
# - {CALIB_ID: 'calibDate=1970-01-01T00:00:00 filter=g_6 detector=107'}
# - {DATE: '2025-04-02T15:59:42.523585'}
# - {CALIB_CREATION_DATE: '2025-04-02'}
# - {CALIB_CREATION_TIME: '15:59:42'}
# - __serialized_columns__:
#     efficiency:
#       __class__: astropy.units.quantity.Quantity
#       unit: !astropy.units.Unit {unit: '%'}
#       value: !astropy.table.SerializedColumn {name: efficiency}
#     wavelength:
#       __class__: astropy.units.quantity.Quantity
#       unit: !astropy.units.Unit {unit: nm}
#       value: !astropy.table.SerializedColumn {name: wavelength}
# schema: astropy-2.0
wavelength efficiency
300.0 0.3895031288266182
301.0 0.32523858826607466
302.0 0.26097402442246675
303.0 0.2454281784594059
304.0 0.22988233249634504
305.0 0.22369869984686375
306.0 0.21751506719738245
307.0 0.2177080139517784
308.0 0.21790098398923874
309.0 0.2103319624438882
310.0 0.20276294089853764
311.0 0.19705123268067837
312.0 0.1913395244628191
313.0 0.18532664980739355
314.0 0.17931378679350019
315.0 0.1782947569154203
316.0 0.17727573867887259
317.0 0.17391531728208065
318.0 0.17055493080988526
319.0 0.16102417139336467
320.0 0.15149342361837626
321.0 0.14021956594660878
322.0 0.12894573155790567
323.0 0.11562287108972669
324.0 0.10230003390461206
325.0 0.09186402312479913
326.0 0.08142801816575229
327.0 0.07357965805567801
328.0 0.06573130376636982
329.0 0.061951990937814116
330.0 0.05817267228849232
331.0 0.053924345411360264
332.0 0.049676012713462114
333.0 0.04696006653830409
334.0 0.04424411745276302
335.0 0.042500189738348126
336.0 0.04075626202393323
337.0 0.040904205525293946
338.0 0.04105214902665466
339.0 0.04016743041574955
340.0 0.03928271180484444
341.0 0.037412173696793616
342.0 0.035541641409508884
343.0 0.03269374428782612
344.0 0.029845850076526403
345.0 0.026327758678235114
346.0 0.022809662914369255
347.0 0.021120869496371597
348.0 0.01943207753356546
349.0 0.017787008255254477
350.0 0.7477067410945892
351.0 1.02453688159585
352.0 0.6638296414166689
353.0 0.7100625894963741
354.0 0.8694533258676529
355.0 0.855664350092411
356.0 0.6679617334157228
357.0 0.9546207264065742
358.0 0.6941899191588163
359.0 0.9901447221636772
360.0 0.663919560611248
361.0 0.7094067987054586
362.0 0.5168228875845671
363.0 0.7080539129674435
364.0 0.6050481926649809
365.0 0.7629712577909231
366.0 0.5417169537395239
367.0 0.7339993957430124
368.0 0.49989158287644386
369.0 0.7147327996790409
370.0 0.4892562981694937
371.0 0.5177328363060951
372.0 0.3836556104943156
373.0 0.678469380363822
374.0 0.39119110442698
375.0 0.6130780559033155
376.0 0.3772915806621313
377.0 0.49292356707155704
378.0 0.367185496725142
379.0 0.547498045489192
380.0 0.45379200018942356
381.0 0.5398741457611322
382.0 0.5511030554771423
383.0 0.5135779269039631
384.0 0.6211631465703249
385.0 0.53032161667943
386.0 0.6525414064526558
387.0 0.7308987900614738
388.0 0.8907141163945198
389.0 1.14021310582757
390.0 1.674068346619606
391.0 2.5625966489315033
392.0 4.026734828948975
393.0 6.452569365501404
394.0 9.73476842045784
395.0 14.265917241573334
396.0 19.787122309207916
397.0 26.94682776927948
398.0 35.266026854515076
399.0 44.44519877433777
400.0 53.83216142654419
401.0 62.95945644378662
402.0 71.46040201187134
403.0 78.82283329963684
404.0 84.31091904640198
405.0 88.48705887794495
406.0 90.85673689842224
407.0 92.74560809135437
408.0 93.93508434295654
409.0 94.56931948661804
410.0 94.78192329406738
411.0 94.65625882148743
412.0 94.30468678474426
413.0 94.07137036323547
414.0 93.92432570457458
415.0 94.03404593467712
416.0 94.31368112564087
417.0 94.6740210056305
418.0 95.15346884727478
419.0 95.73426842689514
420.0 96.2587058544159
421.0 96.92832231521606
422.0 97.08527326583862
423.0 97.21280336380005
424.0 97.13413119316101
425.0 96.9717025756836
426.0 96.95875644683838
427.0 97.00086712837219
428.0 96.82970643043518
429.0 96.6209888458252
430.0 96.4555025100708
431.0 96.48743867874146
432.0 96.4930534362793
433.0 96.55030369758606
434.0 96.65520191192627
435.0 96.80599570274353
436.0 96.91829085350037
437.0 96.83296084403992
438.0 96.92637920379639
439.0 97.03346490859985
440.0 96.92913889884949
441.0 97.13441729545593
442.0 97.06029891967773
443.0 97.11498022079468
444.0 97.05031514167786
445.0 96.82416319847107
446.0 96.70546054840088
447.0 96.44870162010193
448.0 96.47762179374695
449.0 96.64973616600037
450.0 96.90737128257751
451.0 97.1036970615387
452.0 97.30461239814758
453.0 97.43073582649231
454.0 97.39876389503479
455.0 97.70569205284119
456.0 97.80754446983337
457.0 97.92609810829163
458.0 97.9080319404602
459.0 98.03487658500671
460.0 97.989821434021
461.0 98.18419814109802
462.0 98.09685945510864
463.0 98.03721308708191
464.0 98.13880324363708
465.0 98.04635047912598
466.0 98.08406829833984
467.0 98.0886459350586
468.0 98.13022017478943
469.0 98.13169836997986
470.0 98.02691340446472
471.0 97.90928363800049
472.0 97.95992374420166
473.0 97.81544208526611
474.0 97.68937230110168
475.0 97.7419912815094
476.0 97.73186445236206
477.0 97.77526259422302
478.0 97.90611863136292
479.0 97.83176183700562
480.0 98.02353978157043
481.0 98.07770252227783
482.0 98.29626083374023
483.0 98.19583892822266
484.0 98.36069941520691
485.0 98.36375713348389
486.0 98.40372204780579
487.0 98.43922853469849
488.0 98.43156337738037
489.0 98.5767662525177
490.0 98.46524000167847
491.0 98.49739074707031
492.0 98.40390682220459
493.0 98.41145873069763
494.0 98.38340878486633
495.0 98.40152263641357
496.0 98.24976921081543
497.0 98.21857810020447
498.0 97.99128770828247
499.0 98.03258180618286
500.0 97.99349308013916
501.0 97.95165061950684
502.0 97.83232808113098
503.0 97.96648621559143
504.0 97.78961539268494
505.0 97.75594472885132
506.0 97.8646993637085
507.0 97.76571393013
508.0 97.83511757850647
509.0 97.8252649307251
510.0 97.75698781013489
511.0 97.7020263671875
512.0 97.66915440559387
513.0 97.73110747337341
514.0 97.7357268333435
515.0 97.71811962127686
516.0 97.83656001091003
517.0 97.82899022102356
518.0 97.85937666893005
519.0 97.89843559265137
520.0 97.9662537574768
521.0 98.07674288749695
522.0 98.09364676475525
523.0 98.09571504592896
524.0 98.09975624084473
525.0 98.10090065002441
526.0 98.19633960723877
527.0 98.14797639846802
528.0 98.2923686504364
529.0 98.36428761482239
530.0 98.3759880065918
531.0 98.52063059806824
532.0 98.39475154876709
533.0 98.3659565448761
534.0 98.42743277549744
535.0 98.28217625617981
536.0 97.90424704551697
537.0 97.41469621658325
538.0 96.67806029319763
539.0 95.339435338974
540.0 93.68003010749817
541.0 91.11390113830566
542.0 88.44107389450073
543.0 84.89392399787903
544.0 80.3500771522522
545.0 76.32443904876709
546.0 71.37448787689209
547.0 66.76731705665588
548.0 62.16171979904175
549.0 57.958608865737915
550.0 54.66824173927307
551.0 51.421570777893066
552.0 49.01325702667236
553.0 46.506962180137634
554.0 43.69790554046631
555.0 40.58519005775452
556.0 36.49709224700928
557.0 31.692594289779663
558.0 26.389634609222412
559.0 21.051199734210968
560.0 15.817303955554962
561.0 10.904546082019806
562.0 7.120752334594727
563.0 4.249158874154091
564.0 2.3687753826379776
565.0 1.1624420993030071
566.0 0.6139205768704414
567.0 0.31752572394907475
568.0 0.1926679164171219
569.0 0.11473416816443205
570.0 0.08517711539752781
571.0 0.05958756082691252
572.0 0.05588052445091307
573.0 0.03912043175660074
574.0 0.04473982553463429
575.0 0.02867823641281575
576.0 0.04389573878142983
577.0 0.018631706188898534
578.0 0.033094771788455546
579.0 0.02152383967768401
580.0 0.030590718961320817
581.0 0.021656871831510216
582.0 0.039612434920854867
583.0 0.015888047346379608
584.0 0.023587039322592318
585.0 0.010855366417672485
586.0 0.021082496095914394
587.0 0.01518427743576467
588.0 0.022555574832949787
589.0 0.019235261424910277
590.0 0.012181731290183961
591.0 0.017288631352130324
592.0 0.018749026639852673
593.0 0.009870030771708116
594.0 0.020603806478902698
595.0 0.008217931463150308
596.0 0.01701567234704271
597.0 0.008949838229455054
598.0 0.012905702169518918
599.0 0.008131522190524265
600.0 0.009806363232200965
601.0 0.002197366484324448
602.0 0.0021859539629076608
603.0 0.0021745412595919333
604.0 0.002007657712965738
605.0 0.001840774348238483
606.0 0.0019150498701492324
607.0 0.001989325573958922
608.0 0.0018372373233432882
609.0 0.0016851490727276541
610.0 0.0018222326616523787
611.0 0.0019593164324760437
612.0 0.0018570241081761196
613.0 0.0017547317838761955
614.0 0.001708223317109514
615.0 0.0016617150322417729
616.0 0.0015767867807880975
617.0 0.001491858438384952
618.0 0.001531147790956311
619.0 0.00157043723447714
620.0 0.0015585690562147647
621.0 0.0015467010598513298
622.0 0.0015377390809589997
623.0 0.001528776738268789
624.0 0.0014978739272919483
625.0 0.0014669713891635183
626.0 0.001456094287277665
627.0 0.0014452172763412818
628.0 0.0014300003385869786
629.0 0.001414783218933735
630.0 0.0013993863831274211
631.0 0.0013839893654221669
632.0 0.0013599556950794067
633.0 0.0013359221156861167
634.0 0.0013827821931045037
635.0 0.00142964190672501
636.0 0.001410636650689412
637.0 0.0013916312127548736
638.0 0.0012530889762274455
639.0 0.0011145466487505473
640.0 0.001271864130103495
641.0 0.001429181338608032
642.0 0.0013249040421214886
643.0 0.001220626654685475
644.0 0.0010709624802984763
645.0 0.000921298487810418
646.0 0.001093427181331208
647.0 0.0012655560567509383
648.0 0.0011962087228312157
649.0 0.001126861297962023
650.0 0.0011895352145074867
651.0 0.0012522091310529504
652.0 0.00118767993626534
653.0 0.0011231508324272
654.0 0.001097356198442867
655.0 0.0010715618373069447
656.0 0.0010767505955300294
657.0 0.0010819393537531141
658.0 0.0010768655556603335
659.0 0.0010717920304159634
660.0 0.0010270588063576724
661.0 0.0009823256732488517
662.0 0.0010597525943012442
663.0 0.001137179606303107
664.0 0.0011152089427923784
665.0 0.0010932382792816497
666.0 0.0010329355063731782
667.0 0.0009726324606162962
668.0 0.0010486639439477585
669.0 0.001124695518228691
670.0 0.0010978492355206981
671.0 0.001071002861863235
672.0 0.001066596269083675
673.0 0.001062189676304115
674.0 0.0010069466952700168
675.0 0.0009517037142359186
676.0 0.000996749076875858
677.0 0.0010417939847684465
678.0 0.0010185120117967017
679.0 0.000995230129774427
680.0 0.0009769949429028202
681.0 0.0009587598469806835
682.0 0.0010088383533002343
683.0 0.0010589169505692553
684.0 0.0010364585250499658
685.0 0.0010140001904801466
686.0 0.000997831011773087
687.0 0.0009816619240154978
688.0 0.0010449676665302832
689.0 0.0011082732271461282
690.0 0.0010847913472389337
691.0 0.0010613095582812093
692.0 0.001062621595337987
693.0 0.0010639337233442347
694.0 0.0011259500752203166
695.0 0.0011879664270963985
696.0 0.0011105212252005003
697.0 0.0010330758414056618
698.0 0.0011267024092376232
699.0 0.0012203287951706443
700.0 0.00117782019515289
701.0 0.0011353115041856654
702.0 0.0012084752597729675
703.0 0.0012816387425118592
704.0 0.0011785639799199998
705.0 0.00107548894447973
706.0 0.0011232449651288334
707.0 0.0011710009857779369
708.0 0.0011390111467335373
709.0 0.001107021398638608
710.0 0.0011682284821290523
711.0 0.0012294359294173773
712.0 0.0012384937690512743
713.0 0.001247551517735701
714.0 0.0012464792234823108
715.0 0.0012454070201783907
716.0 0.0014653015568910632
717.0 0.001685196184553206
718.0 0.0018894363165600225
719.0 0.0020936766304657795
720.0 0.0017792755897971801
721.0 0.0014648744581791107
722.0 0.0015168453501246404
723.0 0.0015688161511207
724.0 0.0016545021935598925
725.0 0.001740188235999085
726.0 0.0018650232959771529
727.0 0.0019898581740562804
728.0 0.002090902671625372
729.0 0.002191947351093404
730.0 0.0022090296624810435
731.0 0.002226111973868683
732.0 0.0019659037207020447
733.0 0.0017056956494343467
734.0 0.001400556448061252
735.0 0.0010954169738397468
736.0 0.0010704692613217048
737.0 0.0010455217307026032
738.0 0.0009855626558419317
739.0 0.0009256038538296707
740.0 0.0008700511898496188
741.0 0.0008144984349200968
742.0 0.0008924726898840163
743.0 0.0009704471267468762
744.0 0.0009498417057329789
745.0 0.0009292363756685518
746.0 0.0007612533408973832
747.0 0.0005932702606514795
748.0 0.000710061976860743
749.0 0.0008268537385447416
750.0 0.0008591662663093302
751.0 0.000891478885023389
752.0 0.0008529797923984006
753.0 0.000814480608823942
754.0 0.0008835513654048555
755.0 0.0009526221219857689
756.0 0.0009136499102169182
757.0 0.0008746777893975377
758.0 0.0008522687494405545
759.0 0.0008298598004330415
760.0 0.0008326460374519229
761.0 0.0008354321835213341
762.0 0.0007513048785767751
763.0 0.0006671776191069512
764.0 0.0007323983936657896
765.0 0.0007976192136993632
766.0 0.000784656913310755
767.0 0.0007716944310232066
768.0 0.0006588662927242694
769.0 0.0005460381089505972
770.0 0.0005973387033009203
771.0 0.0006486392521765083
772.0 0.0006705291070829844
773.0 0.0006924188710399903
774.0 0.0006751457021891838
775.0 0.0006578725333383773
776.0 0.0006474948804680025
777.0 0.0006371171366481576
778.0 0.0006216554083948722
779.0 0.0006061935891921166
780.0 0.0004945467935613124
781.0 0.000382899952455773
782.0 0.00042487881728447974
783.0 0.00046685768211318646
784.0 0.0004425688075571088
785.0 0.0004182798875262961
786.0 0.0004179409188509453
787.0 0.00041760195017559454
788.0 0.00038207394936762284
789.0 0.0003465459712970187
790.0 0.00046664945330121554
791.0 0.0005867529125680448
792.0 0.0004363162133813603
793.0 0.00028587953693204327
794.0 0.0002355367996642599
795.0 0.0001851940623964765
796.0 0.00030950498057791265
797.0 0.00043381592149671633
798.0 0.00037594602417811984
799.0 0.00031807617233425844
800.0 0.00038899875107745174
801.0 0.00045992137529538013
802.0 0.0003940716851502657
803.0 0.000328222108691989
804.0 0.0004366610028228024
805.0 0.0005450998742162483
806.0 0.0004169067324255593
807.0 0.0002887135224227677
808.0 0.0003323056262161117
809.0 0.0003758977300094557
810.0 0.00032326584005204495
811.0 0.0002706339046198991
812.0 0.0003158359277222189
813.0 0.00036103801903664134
814.0 0.0003838369593722746
815.0 0.0004066358997079078
816.0 0.0004367094334156718
817.0 0.0004667829671234358
818.0 0.0003675775360534317
819.0 0.00026837208224606
820.0 0.00039224350985023193
821.0 0.0005161149147170363
822.0 0.0005368211532186251
823.0 0.0005575273462454788
824.0 0.0004775177330884617
825.0 0.00039750807445670944
826.0 0.0005002068064641207
827.0 0.0006029055384715321
828.0 0.00042179713091172744
829.0 0.00024068870061455527
830.0 0.00038325943023664877
831.0 0.0005258301371213747
832.0 0.0005978614808554994
833.0 0.0006698928700643592
834.0 0.0005165101356396917
835.0 0.0003631274012150243
836.0 0.0004919343155052047
837.0 0.0006207412752701202
838.0 0.0005816079465148505
839.0 0.0005424746632343158
840.0 0.0005410360699897865
841.0 0.000539597385795787
842.0 0.0004548987362795742
843.0 0.00037020001855125884
844.0 0.0004606932634487748
845.0 0.0005511865310836583
846.0 0.00044063403947802726
847.0 0.0003300815478723962
848.0 0.00040187783270084765
849.0 0.000473674072054564
850.0 0.00040938980419014115
851.0 0.00034510551358835073
852.0 0.0002785482593026245
853.0 0.00021199093680479564
854.0 0.00045909291657153517
855.0 0.0007061948053888045
856.0 0.0005292214609653456
857.0 0.0003522481165418867
858.0 0.0003709056045408943
859.0 0.00038956309253990185
860.0 0.00038662910810671747
861.0 0.000383695078198798
862.0 0.00048344209062634036
863.0 0.0005831891030538827
864.0 0.0005461902674142038
865.0 0.0005091913408250548
866.0 0.0005981370122754015
867.0 0.0006870826382510131
868.0 0.0005915308520343387
869.0 0.0004959791112923995
870.0 0.00047672970140411053
871.0 0.0004574802915158216
872.0 0.00046286959332064725
873.0 0.00046825884965073783
874.0 0.0005160143700777553
875.0 0.0005637699359795079
876.0 0.00048042134039860684
877.0 0.0003970727902924409
878.0 0.0004787396846950287
879.0 0.0005604065336228814
880.0 0.0007060983534756815
881.0 0.0008517902642779518
882.0 0.000663000764689059
883.0 0.0004742113560496364
884.0 0.0005236374818196055
885.0 0.0005730634711653693
886.0 0.0006707923148496775
887.0 0.0007685212040087208
888.0 0.0007186824404925574
889.0 0.0006688435860269237
890.0 0.0005818797035317402
891.0 0.0004949157755618216
892.0 0.0005445803253678605
893.0 0.0005942451025475748
894.0 0.0005232254352449672
895.0 0.00045220585889182985
896.0 0.0004924196218780708
897.0 0.0005326333393895766
898.0 0.000462616571894614
899.0 0.0003925998043996515
900.0 0.0003772892796405358
901.0 0.00036197880035615526
902.0 0.0004075929155078484
903.0 0.00045320712160901166
904.0 0.0003852275767712854
905.0 0.0003172480319335591
906.0 0.00040922882362792734
