lsstCam/transmission_filter_detector/r23_s22/g_6/19700101T000000.ecsv
# %ECSV 1.0
# ---
# datatype:
# - {name: wavelength, unit: nm, datatype: float32}
# - {name: efficiency, unit: '%', datatype: float64}
# meta: !!omap
# - {MODE: DETECTOR}
# - {TYPE: transmission_filter_detector}
# - {CALIBDATE: '1970-01-01T00:00:00'}
# - {INSTRUME: LSSTCam}
# - {OBSTYPE: transmission_filter_detector}
# - {CALIBCLS: lsst.ip.isr.IntermediateFilterDetectorTransmissionCurve}
# - {SOURCE: Materion (DM-46256)}
# - {DETECTOR: 107}
# - {FILTER: g_6}
# - {CALIB_ID: 'calibDate=1970-01-01T00:00:00 filter=g_6 detector=107'}
# - {DATE: '2025-04-02T15:59:42.523585'}
# - {CALIB_CREATION_DATE: '2025-04-02'}
# - {CALIB_CREATION_TIME: '15:59:42'}
# - __serialized_columns__:
#     efficiency:
#       __class__: astropy.units.quantity.Quantity
#       unit: !astropy.units.Unit {unit: '%'}
#       value: !astropy.table.SerializedColumn {name: efficiency}
#     wavelength:
#       __class__: astropy.units.quantity.Quantity
#       unit: !astropy.units.Unit {unit: nm}
#       value: !astropy.table.SerializedColumn {name: wavelength}
# schema: astropy-2.0
wavelength efficiency
[from data line 608]
908.0 0.0004147058007220039
909.0 0.0003282020088590798
910.0 0.0003700580691656796
911.0 0.000411914152209647
912.0 0.0004739765245176386
913.0 0.0005360389423003653
914.0 0.0005018676347390283
915.0 0.0004676962817029562
916.0 0.00038537232285307255
917.0 0.00030304843221529154
918.0 0.00037152815366425784
919.0 0.0004400078523758566
920.0 0.0004444987098395359
921.0 0.00044898952182848006
922.0 0.0004108988832740579
923.0 0.0003728082447196357
924.0 0.00038627599678875413
925.0 0.00039974374885787256
926.0 0.0003886379545292584
927.0 0.00037753218293801183
928.0 0.00046070786083873827
929.0 0.0005438835614768323
930.0 0.0004975314368493855
931.0 0.0004511791757977335
932.0 0.0004903482476947829
933.0 0.0005295174560160376
934.0 0.0005599506039288826
935.0 0.0005903837973164627
936.0 0.0006120619218563661
937.0 0.0006337400918710046
938.0 0.0005828139819641365
939.0 0.0005318880539562088
940.0 0.0004811519829672761
941.0 0.0004304159119783435
942.0 0.0005290916760714026
943.0 0.0006277674401644617
944.0 0.0007414494120894233
945.0 0.0008551312930649146
946.0 0.0009781941116671078
947.0 0.001101256930269301
948.0 0.0009297567885369062
949.0 0.0007582566468045115
950.0 0.0007767495844746009
951.0 0.0007952423402457498
952.0 0.0008705605068826117
953.0 0.0009458784916205332
954.0 0.0008913938472687732
955.0 0.0008369091119675431
956.0 0.0007646956873941235
957.0 0.0006924821718712337
958.0 0.0006910628144396469
959.0 0.0006896435024827952
960.0 0.0007639527211722452
961.0 0.0008382617124880198
962.0 0.0007703700248384848
963.0 0.00070247842813842
964.0 0.0006060897248971742
965.0 0.000509700839756988
966.0 0.0005675821739714593
967.0 0.0006254635081859306
968.0 0.0006499989467556588
969.0 0.0006745342943759169
970.0 0.000614898681305931
971.0 0.0005552629318117397
972.0 0.0007195067610155093
973.0 0.0008837506356940139
974.0 0.0008554033229302149
975.0 0.0008270561011158861
976.0 0.0008036570761760231
977.0 0.0007802581421856303
978.0 0.0008479886673740111
979.0 0.000915719192562392
980.0 0.0009823215805226937
981.0 0.0010489239684829954
982.0 0.0010299255336576607
983.0 0.0010109272807312664
984.0 0.0011507132512633689
985.0 0.0012904993127449416
986.0 0.0012117306141590234
987.0 0.0011329620065225754
988.0 0.0012322697330091614
989.0 0.0013315773685462773
990.0 0.001323042124568019
991.0 0.0013145068805897608
992.0 0.001256878113053972
993.0 0.0011992495274171233
994.0 0.0012786726074409671
995.0 0.0013580958693637513
996.0 0.0013203016351326369
997.0 0.0012825074918509927
998.0 0.0012398326362017542
999.0 0.0011971579624514561
1000.0 0.0011941272532567382
1001.0 0.0011910962712136097
1002.0 0.0012872696061094757
1003.0 0.0013834427591064014
1004.0 0.0013694910194317345
1005.0 0.0013555392797570676
1006.0 0.001497520315751899
1007.0 0.0016395011698477902
1008.0 0.0015636700481991284
1009.0 0.001487839108449407
1010.0 0.0015773757695569657
1011.0 0.0016669127944624051
1012.0 0.0017591215510037728
1013.0 0.0018513303075451404
1014.0 0.002005003989324905
1015.0 0.002158677489205729
1016.0 0.002511740785848815
1017.0 0.0028648040824919008
1018.0 0.0029723134503001347
1019.0 0.003079823000007309
1020.0 0.0033475211239419878
1021.0 0.0036152192478766665
1022.0 0.003659720459836535
1023.0 0.003704221671796404
1024.0 0.003866130646201782
1025.0 0.00402803962060716
1026.0 0.004337718564784154
1027.0 0.004647397145163268
1028.0 0.0048795260227052495
1029.0 0.005111654900247231
1030.0 0.004999024895369075
1031.0 0.004886394890490919
1032.0 0.005095226515550166
1033.0 0.005304057776811533
1034.0 0.005494384095072746
1035.0 0.00568471041333396
1036.0 0.005652289110003039
1037.0 0.005619867442874238
1038.0 0.005833194518345408
1039.0 0.006046521957614459
1040.0 0.006200021016411483
1041.0 0.006353519711410627
1042.0 0.0066057691583409905
1043.0 0.006858018605271354
1044.0 0.007298776472453028
1045.0 0.007739534339634702
1046.0 0.00868960123625584
1047.0 0.009639667405281216
1048.0 0.010859120811801404
1049.0 0.012078574218321592
1050.0 0.014453142648562789
1051.0 0.016827711078803986
1052.0 0.02037528029177338
1053.0 0.023922850959934294
1054.0 0.029036850901320577
1055.0 0.03415084502194077
1056.0 0.04058910708408803
1057.0 0.047027363325469196
1058.0 0.054800527868792415
1059.0 0.06257369532249868
1060.0 0.07056284230202436
1061.0 0.07855198928155005
1062.0 0.08582122391089797
1063.0 0.09309044107794762
1064.0 0.09946837089955807
1065.0 0.10584627743810415
1066.0 0.1121759763918817
1067.0 0.11850568698719144
1068.0 0.1261113677173853
1069.0 0.13371704844757915
1070.0 0.14379166532307863
1071.0 0.15386625891551375
1072.0 0.16491872956976295
1073.0 0.17597121186554432
1074.0 0.18803469138219953
1075.0 0.2000981941819191
1076.0 0.2124312799423933
1077.0 0.22476438898593187
1078.0 0.23699237499386072
1079.0 0.24922031443566084
1080.0 0.26615161914378405
1081.0 0.2830829005688429
1082.0 0.3081653965637088
1083.0 0.33324791584163904
1084.0 0.3756425343453884
1085.0 0.4180371295660734
1086.0 0.4539832938462496
1087.0 0.489929411560297
1088.0 0.5497289355844259
1089.0 0.6095283664762974
1090.0 0.6886787246912718
1091.0 0.7678291294723749
1092.0 0.8061041124165058
1093.0 0.8443791419267654
1094.0 0.8864426985383034
1095.0 0.9285062551498413
1096.0 0.9806917980313301
1097.0 1.032877340912819
1098.0 1.1101577430963516
1099.0 1.1874381452798843
1100.0 1.3310307636857033
1101.0 1.4746232889592648
