lsstCam/transmission_filter_detector/r34_s02/g_6/19700101T000000.ecsv
# %ECSV 1.0
# ---
# datatype:
# - {name: wavelength, unit: nm, datatype: float32}
# - {name: efficiency, unit: '%', datatype: float64}
# meta: !!omap
# - {MODE: DETECTOR}
# - {TYPE: transmission_filter_detector}
# - {CALIBDATE: '1970-01-01T00:00:00'}
# - {INSTRUME: LSSTCam}
# - {OBSTYPE: transmission_filter_detector}
# - {CALIBCLS: lsst.ip.isr.IntermediateFilterDetectorTransmissionCurve}
# - {SOURCE: Materion (DM-46256)}
# - {DETECTOR: 155}
# - {FILTER: g_6}
# - {CALIB_ID: 'calibDate=1970-01-01T00:00:00 filter=g_6 detector=155'}
# - {DATE: '2025-04-02T15:59:42.744704'}
# - {CALIB_CREATION_DATE: '2025-04-02'}
# - {CALIB_CREATION_TIME: '15:59:42'}
# - __serialized_columns__:
#     efficiency:
#       __class__: astropy.units.quantity.Quantity
#       unit: !astropy.units.Unit {unit: '%'}
#       value: !astropy.table.SerializedColumn {name: efficiency}
#     wavelength:
#       __class__: astropy.units.quantity.Quantity
#       unit: !astropy.units.Unit {unit: nm}
#       value: !astropy.table.SerializedColumn {name: wavelength}
# schema: astropy-2.0
wavelength efficiency
[from data line 607]
907.0 0.0005191948275751201
908.0 0.00047216799430316314
909.0 0.00042514111555647105
910.0 0.0003590179858292686
911.0 0.00029289483336469857
912.0 0.00041120297282759566
913.0 0.0005295111350278603
914.0 0.0004649220500141382
915.0 0.00040033296500041615
916.0 0.00043255613491055556
917.0 0.00046477939577016514
918.0 0.00037087208966113394
919.0 0.00027696482902683783
920.0 0.0003631941581261344
921.0 0.000449423487225431
922.0 0.00038600283005507663
923.0 0.0003225821501473547
924.0 0.00036325116070656804
925.0 0.00040392010305367876
926.0 0.0003899609964719275
927.0 0.0003760018216780736
928.0 0.0004969008841726463
929.0 0.0006178000148793217
930.0 0.0004968567282048753
931.0 0.00037591355521726655
932.0 0.00044188382162246853
933.0 0.0005078542471892433
934.0 0.0005769417839474045
935.0 0.0006460294571297709
936.0 0.0004977393473382108
937.0 0.0003494493057587533
938.0 0.00040535041989642195
939.0 0.0004612516477209283
940.0 0.0006016650331730489
941.0 0.0007420783731504343
942.0 0.0007078321232256712
943.0 0.0006735858733009081
944.0 0.0008182053534255829
945.0 0.0009628249244997278
946.0 0.0008480479664285667
947.0 0.0007332710538321408
948.0 0.0007311415629374096
949.0 0.0007290121175174136
950.0 0.0006768982984795002
951.0 0.0006247844794415869
952.0 0.0008080702173174359
953.0 0.000991356046142755
954.0 0.0008686461114848498
955.0 0.0007459359949280042
956.0 0.000619978345639538
957.0 0.0004940206054016016
958.0 0.0006127409960754449
959.0 0.0007314612503250828
960.0 0.0006963234227441717
961.0 0.0006611854587390553
962.0 0.0006697389380860841
963.0 0.0006782924174331129
964.0 0.0005805795353808207
965.0 0.00048286651690432336
966.0 0.0005755841357313329
967.0 0.0006683017545583425
968.0 0.0006543806648551254
969.0 0.0006404595751519082
970.0 0.0006545463747897884
971.0 0.0006686332199024037
972.0 0.0007399566584354034
973.0 0.0008112800969684031
974.0 0.0008227968464780133
975.0 0.0008343135959876236
976.0 0.0007944063327158801
977.0 0.0007544988875451963
978.0 0.0008973625881480984
979.0 0.0010402261068520602
980.0 0.000950012054090621
981.0 0.0008597979103797115
982.0 0.0008846404853102285
983.0 0.0009094830602407455
984.0 0.0011019096746167634
985.0 0.0012943363799422514
986.0 0.0013366788152779918
987.0 0.0013790213415632024
988.0 0.0013974466128274798
989.0 0.0014158716112433467
990.0 0.001487470854044659
991.0 0.0015590701877954416
992.0 0.0015829236872377805
993.0 0.0016067771866801195
994.0 0.0015976158465491608
995.0 0.0015884543245192617
996.0 0.0015593666830682196
997.0 0.0015302784959203564
998.0 0.0014021776223671623
999.0 0.0012740767488139682
1000.0 0.0013351816960494034
1001.0 0.0013962865523353685
1002.0 0.001356240227323724
1003.0 0.0013161938113626093
1004.0 0.0013053364455117844
1005.0 0.0012944791706104297
1006.0 0.0013990652405482251
1007.0 0.0015036514923849609
1008.0 0.0014172153896652162
1009.0 0.001330779468844412
1010.0 0.0014632908460043836
1011.0 0.0015958023141138256
1012.0 0.001652660830586683
1013.0 0.0017095193470595405
1014.0 0.0019683542632265016
1015.0 0.002227189179393463
1016.0 0.002315815436304547
1017.0 0.002404441693215631
1018.0 0.002541711182857398
1019.0 0.0026789810362970456
1020.0 0.0030287508707260713
1021.0 0.003378520705155097
1022.0 0.0034299995604669675
1023.0 0.003481478779576719
1024.0 0.0035748576920013875
1025.0 0.003668236604426056
1026.0 0.0038758684240747243
1027.0 0.0040835002437233925
1028.0 0.004326407361077145
1029.0 0.004569315206026658
1030.0 0.004622992855729535
1031.0 0.004676670869230293
1032.0 0.004819959940505214
1033.0 0.004963249011780135
1034.0 0.005064817378297448
1035.0 0.005166385744814761
1036.0 0.005382050221669488
1037.0 0.005597714334726334
1038.0 0.0058023932069772854
1039.0 0.006007072079228237
1040.0 0.006078429578337818
1041.0 0.006149787805043161
1042.0 0.006310721073532477
1043.0 0.006471654342021793
1044.0 0.006902396853547543
1045.0 0.0073331393650732934
1046.0 0.008134738163789734
1047.0 0.008936336962506175
1048.0 0.00987842577160336
1049.0 0.010820513853104785
1050.0 0.01267932093469426
1051.0 0.014538125833496451
1052.0 0.01757227146299556
1053.0 0.02060641854768619
1054.0 0.024654620210640132
1055.0 0.028702820418402553
1056.0 0.034431376843713224
1057.0 0.04015992453787476
1058.0 0.047168147284537554
1059.0 0.05417636130005121
1060.0 0.06220710347406566
1061.0 0.0702378572896123
1062.0 0.07734316168352962
1063.0 0.08444844861514866
1064.0 0.0905966036953032
1065.0 0.09674473549239337
1066.0 0.10193755151703954
1067.0 0.10713037336245179
1068.0 0.11370762949809432
1069.0 0.12028490891680121
1070.0 0.12958160368725657
1071.0 0.13887828681617975
1072.0 0.15078820288181305
1073.0 0.16269813058897853
1074.0 0.17702123150229454
1075.0 0.19134432077407837
1076.0 0.2053459407761693
1077.0 0.2193475840613246
1078.0 0.23166139144450426
1079.0 0.24397517554461956
1080.0 0.25883119087666273
1081.0 0.27368718292564154
1082.0 0.2932167612016201
1083.0 0.3127463161945343
1084.0 0.3464041743427515
1085.0 0.38006205577403307
1086.0 0.4150767344981432
1087.0 0.4500914365053177
1088.0 0.501655787229538
1089.0 0.5532200913876295
1090.0 0.6287695840001106
1091.0 0.7043190766125917
1092.0 0.7524293381720781
1093.0 0.8005396462976933
1094.0 0.8365126326680183
1095.0 0.8724857121706009
1096.0 0.9140893816947937
1097.0 0.955692958086729
1098.0 1.0177704505622387
1099.0 1.0798478499054909
1100.0 1.1887974105775356
1101.0 1.2977470643818378
