lsstCam/transmission_filter_detector/r34_s02/g_6/19700101T000000.ecsv
# %ECSV 1.0
# ---
# datatype:
# - {name: wavelength, unit: nm, datatype: float32}
# - {name: efficiency, unit: '%', datatype: float64}
# meta: !!omap
# - {MODE: DETECTOR}
# - {TYPE: transmission_filter_detector}
# - {CALIBDATE: '1970-01-01T00:00:00'}
# - {INSTRUME: LSSTCam}
# - {OBSTYPE: transmission_filter_detector}
# - {CALIBCLS: lsst.ip.isr.IntermediateFilterDetectorTransmissionCurve}
# - {SOURCE: Materion (DM-46256)}
# - {DETECTOR: 155}
# - {FILTER: g_6}
# - {CALIB_ID: 'calibDate=1970-01-01T00:00:00 filter=g_6 detector=155'}
# - {DATE: '2025-04-02T15:59:42.744704'}
# - {CALIB_CREATION_DATE: '2025-04-02'}
# - {CALIB_CREATION_TIME: '15:59:42'}
# - __serialized_columns__:
#     efficiency:
#       __class__: astropy.units.quantity.Quantity
#       unit: !astropy.units.Unit {unit: '%'}
#       value: !astropy.table.SerializedColumn {name: efficiency}
#     wavelength:
#       __class__: astropy.units.quantity.Quantity
#       unit: !astropy.units.Unit {unit: nm}
#       value: !astropy.table.SerializedColumn {name: wavelength}
# schema: astropy-2.0
wavelength efficiency
300.0 0.37322461139410734
301.0 0.31640680972486734
302.0 0.25958900805562735
303.0 0.24318809155374765
304.0 0.2267872216179967
305.0 0.22637636866420507
306.0 0.22596553899347782
307.0 0.2145180944353342
308.0 0.2030706498771906
309.0 0.19840341992676258
310.0 0.1937361666932702
311.0 0.19750944338738918
312.0 0.2012826967984438
313.0 0.18914591055363417
314.0 0.17700911266729236
315.0 0.1747047179378569
316.0 0.17240031156688929
317.0 0.17115025548264384
318.0 0.16990022268146276
319.0 0.1596510992385447
320.0 0.14940195251256227
321.0 0.13826641952618957
322.0 0.1271308632567525
323.0 0.11580438585951924
324.0 0.10447788517922163
325.0 0.0920282443985343
326.0 0.07957860361784697
327.0 0.07111185695976019
328.0 0.06264511030167341
329.0 0.060885370476171374
330.0 0.059125630650669336
331.0 0.054922542767599225
332.0 0.05071944906376302
333.0 0.047129494487307966
334.0 0.04353953409008682
335.0 0.04173408087808639
336.0 0.03992862766608596
337.0 0.040397499105893075
338.0 0.04086636763531715
339.0 0.04033937002532184
340.0 0.039812366594560444
341.0 0.038108762237243354
342.0 0.036405157879926264
343.0 0.03317969967611134
344.0 0.029954244382679462
345.0 0.02637428988236934
346.0 0.022794335382059216
347.0 0.020913999469485134
348.0 0.019033665012102574
349.0 0.01763671316439286
350.0 0.818034540861845
351.0 1.055861171334982
352.0 0.748089887201786
353.0 1.1183944530785084
354.0 0.509414030238986
355.0 0.6308704614639282
356.0 0.4573126323521137
357.0 0.6977709010243416
358.0 0.5419188179075718
359.0 0.8786983788013458
360.0 0.4681298974901438
361.0 0.8376541547477245
362.0 0.60147475451231
363.0 0.8556012995541096
364.0 0.5446181632578373
365.0 0.6078243255615234
366.0 0.49673793837428093
367.0 0.6692826747894287
368.0 0.4569286946207285
369.0 0.58670942671597
370.0 0.39813099429011345
371.0 0.7013606373220682
372.0 0.4028158262372017
373.0 0.5594946909695864
374.0 0.3088864963501692
375.0 0.5050583276897669
376.0 0.39058136753737926
377.0 0.5279095843434334
378.0 0.3664397867396474
379.0 0.6311438046395779
380.0 0.37477328442037106
381.0 0.5082294810563326
382.0 0.5841124802827835
383.0 0.5086674354970455
384.0 0.5966502707451582
385.0 0.5769772920757532
386.0 0.6935767829418182
387.0 0.8736480958759785
388.0 1.0402608662843704
389.0 1.5166543424129486
390.0 2.221827954053879
391.0 3.4890856593847275
392.0 5.412134155631065
393.0 8.531136810779572
394.0 12.650389969348907
395.0 18.014852702617645
396.0 24.601420760154724
397.0 32.644566893577576
398.0 41.71680808067322
399.0 51.23680830001831
400.0 60.519713163375854
401.0 69.0408706665039
402.0 76.51222348213196
403.0 82.46625661849976
404.0 86.6044282913208
405.0 89.61077928543091
406.0 91.25856757164001
407.0 92.50290393829346
408.0 93.23123097419739
409.0 93.4486448764801
410.0 93.47013235092163
411.0 93.34180355072021
412.0 92.96420216560364
413.0 92.83044338226318
414.0 92.68069267272949
415.0 93.01532506942749
416.0 93.41937899589539
417.0 93.77421140670776
418.0 94.33921575546265
419.0 94.84082460403442
420.0 95.301753282547
421.0 95.8217442035675
422.0 95.89027166366577
423.0 96.04054093360901
424.0 95.77151536941528
425.0 95.62820792198181
426.0 95.63469886779785
427.0 95.60637474060059
428.0 95.50739526748657
429.0 95.26060819625854
430.0 95.25366425514221
431.0 95.35403251647949
432.0 95.42708396911621
433.0 95.49548625946045
434.0 95.5207109451294
435.0 95.68449854850769
436.0 95.76691389083862
437.0 95.6879198551178
438.0 95.78806161880493
439.0 95.9286093711853
440.0 95.87942957878113
441.0 95.97806930541992
442.0 95.93707323074341
443.0 95.89985609054565
444.0 95.74008584022522
445.0 95.53916454315186
446.0 95.4623281955719
447.0 95.32355666160583
448.0 95.39172053337097
449.0 95.65720558166504
450.0 95.89089751243591
451.0 96.08842134475708
452.0 96.28211855888367
453.0 96.33817076683044
454.0 96.4074969291687
455.0 96.65624499320984
456.0 96.77770137786865
457.0 96.91391587257385
458.0 96.89944982528687
459.0 96.91391587257385
460.0 96.93718552589417
461.0 96.98089957237244
462.0 96.8858540058136
463.0 96.76744341850281
464.0 96.88196778297424
465.0 96.75455093383789
466.0 96.75268530845642
467.0 96.76605463027954
468.0 96.78480625152588
469.0 96.82402610778809
470.0 96.66521549224854
471.0 96.48171663284302
472.0 96.62434458732605
473.0 96.49094343185425
474.0 96.42767906188965
475.0 96.54828310012817
476.0 96.56803011894226
477.0 96.64773941040039
478.0 96.75498008728027
479.0 96.75180315971375
480.0 96.95534706115723
481.0 97.01301455497742
482.0 97.17499613761902
483.0 97.08705544471741
484.0 97.25260734558105
485.0 97.27245569229126
486.0 97.30008244514465
487.0 97.32091426849365
488.0 97.34767079353333
489.0 97.43078351020813
490.0 97.42403626441956
491.0 97.46876955032349
492.0 97.3952054977417
493.0 97.43770360946655
494.0 97.4038302898407
495.0 97.44541049003601
496.0 97.30339050292969
497.0 97.24763035774231
498.0 97.0103919506073
499.0 97.06312417984009
500.0 97.00931310653687
501.0 97.04470038414001
502.0 96.95922136306763
503.0 97.14126586914062
504.0 96.94432616233826
505.0 96.94334864616394
506.0 96.98593020439148
507.0 96.8950867652893
508.0 96.89677953720093
509.0 96.93971872329712
510.0 96.84626460075378
511.0 96.88858985900879
512.0 96.79736495018005
513.0 96.92525863647461
514.0 96.89860939979553
515.0 96.92472219467163
516.0 97.02832102775574
517.0 97.01632261276245
518.0 97.06984162330627
519.0 97.07779884338379
520.0 97.09342122077942
521.0 97.16559648513794
522.0 97.14917540550232
523.0 97.11393713951111
524.0 97.14351892471313
525.0 97.1103847026825
526.0 97.1368670463562
527.0 97.10849523544312
528.0 97.2276508808136
529.0 97.25759029388428
530.0 97.28727340698242
531.0 97.41933345794678
532.0 97.25650548934937
533.0 97.21359014511108
534.0 97.09715247154236
535.0 96.70233726501465
536.0 96.10283970832825
537.0 95.20286321640015
538.0 93.98893713951111
539.0 91.99755787849426
540.0 89.74260091781616
541.0 86.4679217338562
542.0 83.21028351783752
543.0 79.0645182132721
544.0 74.16046857833862
545.0 69.96756792068481
546.0 65.06605744361877
547.0 60.79912185668945
548.0 56.737059354782104
549.0 53.24873328208923
550.0 50.51153302192688
551.0 47.75270223617554
552.0 45.322999358177185
553.0 42.50548779964447
554.0 38.959065079689026
555.0 35.06280779838562
556.0 30.171403288841248
557.0 24.877794086933136
558.0 19.5198655128479
559.0 14.579059183597565
560.0 10.229267179965973
561.0 6.457757949829102
562.0 3.888050466775894
563.0 2.1264344453811646
564.0 1.107435766607523
565.0 0.5100050009787083
566.0 0.28803148306906223
567.0 0.1501306309364736
568.0 0.10824148776009679
569.0 0.07298681302927434
570.0 0.06059283041395247
571.0 0.039589754305779934
572.0 0.03902713651768863
573.0 0.025638937950134277
574.0 0.040279526729136705
575.0 0.02831566089298576
576.0 0.026181756402365863
577.0 0.02344825043110177
578.0 0.022438935411628336
579.0 0.01928752171806991
580.0 0.01946738047990948
581.0 0.024901609867811203
582.0 0.03143098729196936
583.0 0.013599300291389227
584.0 0.013514660531654954
585.0 0.01864419609773904
586.0 0.02764528908301145
587.0 0.009756723011378199
588.0 0.006506508361781016
589.0 0.009536400466458872
590.0 0.017135776579380035
591.0 0.014876245404593647
592.0 0.015460223949048668
593.0 0.0031508599931839854
594.0 0.011337694741087034
595.0 0.008769230771576986
596.0 0.00782057613832876
597.0 0.006643788219662383
598.0 0.015736225759610534
599.0 0.007742541492916644
600.0 0.01087722193915397
601.0 0.0019527100448613055
602.0 0.0019916145902243443
603.0 0.002030519135587383
604.0 0.001898866867122706
605.0 0.001767214598658029
606.0 0.0018179971448262222
607.0 0.0018687798728933558
608.0 0.0017385687897331081
609.0 0.0016083571608760394
610.0 0.0017495327483629808
611.0 0.0018907081539509818
612.0 0.0017925636711879633
613.0 0.0016944191884249449
614.0 0.001658072324062232
615.0 0.001621725459699519
616.0 0.0015709514627815224
617.0 0.0015201772839645855
618.0 0.0015842644643271342
619.0 0.0016483516446896829
620.0 0.001520483783679083
621.0 0.001392615831719013
622.0 0.001362825514661381
623.0 0.0013330347428563982
624.0 0.0013406995094555896
625.0 0.0013483645489031915
626.0 0.001353825609839987
627.0 0.0013592867617262527
628.0 0.00138719206006499
629.0 0.0014150973584037274
630.0 0.0013970503459859174
631.0 0.0013790033335681073
632.0 0.0013664355719811283
633.0 0.00135386817419203
634.0 0.0013668599422089756
635.0 0.0013798517102259211
636.0 0.0012920519111503381
637.0 0.0012042522939736955
638.0 0.0011352070032444317
639.0 0.0010661616215656977
640.0 0.0011501624612719752
641.0 0.0012341632100287825
642.0 0.0011719935173459817
643.0 0.0011098237337137107
644.0 0.001094029994419543
645.0 0.0010782363460748456
646.0 0.001139898449764587
647.0 0.001201560371555388
648.0 0.0012542308468255214
649.0 0.0013069012311461847
650.0 0.0012389308722049464
651.0 0.0011709606042131782
652.0 0.001168406379292719
653.0 0.0011658523362712003
654.0 0.00113488804345252
655.0 0.0011039239325327799
656.0 0.0010361021850258112
657.0 0.0009682806194177829
658.0 0.001050242099154275
659.0 0.0011322037607897073
660.0 0.0010051382560050115
661.0 0.0008780726602708455
662.0 0.0010120147635461763
663.0 0.001145956866821507
664.0 0.0011679491763061378
665.0 0.001189941212942358
666.0 0.0011825440196844283
667.0 0.0011751466445275582
668.0 0.001175213674287079
669.0 0.0011752807040465996
670.0 0.001168018479802413
671.0 0.0011607564374571666
672.0 0.0011592588634812273
673.0 0.001157761289505288
674.0 0.0011096953130618203
675.0 0.0010616292456688825
676.0 0.0010493544323253445
677.0 0.001037079346133396
678.0 0.0010114168617292307
679.0 0.000985754650173476
680.0 0.0009858134035312105
681.0 0.0009858725206868257
682.0 0.001034725210047327
683.0 0.0010835780813067686
684.0 0.0010097109225171153
685.0 0.0009358439456264023
686.0 0.0009419649359188043
687.0 0.0009480860171606764
688.0 0.0009582170605426654
689.0 0.0009683479220257141
690.0 0.0010198380550718866
691.0 0.001071328097168589
692.0 0.0010524620847718325
693.0 0.0010335962542740162
694.0 0.0010682169886422344
695.0 0.0011028379049093928
696.0 0.0011683117008942645
697.0 0.0012337855878286064
698.0 0.0012227240404172335
699.0 0.0012116624930058606
700.0 0.0012377814528008457
701.0 0.001263900503545301
702.0 0.0012370258446026128
703.0 0.0012101510947104543
704.0 0.0011301774065941572
705.0 0.0010502035365789197
706.0 0.0010933249541267287
707.0 0.0011364463716745377
708.0 0.0011612697562668473
709.0 0.0011860934137075674
710.0 0.0011983850527030881
711.0 0.0012106769645470195
712.0 0.0012519081792561337
713.0 0.001293139393965248
714.0 0.0013335321455087978
715.0 0.0013739248061028775
716.0 0.0014684858797409106
717.0 0.0015630472262273543
718.0 0.0017823500456870534
719.0 0.002001653047045693
720.0 0.0017378582924720831
721.0 0.001474063265050063
722.0 0.0015241959772538394
723.0 0.0015743285985081457
724.0 0.0015990030078683048
725.0 0.0016236772353295237
726.0 0.0016466041415696964
727.0 0.0016695308659109287
728.0 0.0018577831724542193
729.0 0.0020460352970985696
730.0 0.002029064671660308
731.0 0.0020120938643231057
732.0 0.001831073677749373
733.0 0.0016500536730745807
734.0 0.001481623712606961
735.0 0.0013131938430888113
736.0 0.0011689536222547758
737.0 0.0010247134923702106
738.0 0.0010795336493174545
739.0 0.0011343539881636389
740.0 0.0010570714948698878
741.0 0.0009797888196771964
742.0 0.0010140143785974942
743.0 0.0010482401194167323
744.0 0.0010146661225007847
745.0 0.0009810922165343072
746.0 0.0008759715456108097
747.0 0.0007708506018389016
748.0 0.0008425752639595885
749.0 0.0009142996532318648
750.0 0.0009709662663226482
751.0 0.0010276330613123719
752.0 0.000918643763725413
753.0 0.000809654375188984
754.0 0.0007631563676113728
755.0 0.0007166581781348214
756.0 0.0007527758043579524
757.0 0.0007888935215305537
758.0 0.0008602018169767689
759.0 0.0009315102943219244
760.0 0.0009192668585455976
761.0 0.0009070232408703305
762.0 0.0008189263098756783
763.0 0.000730829333406291
764.0 0.0007034419013507431
765.0 0.0006760546057194006
766.0 0.0006386391760315746
767.0 0.0006012237008690136
768.0 0.0006204767032613745
769.0 0.0006397297056537354
770.0 0.0006755180038453545
771.0 0.0007113063929864438
772.0 0.0006888516509206966
773.0 0.0006663968179054791
774.0 0.000682514382788213
775.0 0.0006986319476709468
776.0 0.000657856526231626
777.0 0.0006170809683681
778.0 0.0006334955742204329
779.0 0.000649910271022236
780.0 0.0006506290901597822
781.0 0.0006513479092973284
782.0 0.000565593154533417
783.0 0.0004798383997695055
784.0 0.00038355506148946006
785.0 0.00028727172320941463
786.0 0.00031413496799359564
787.0 0.00034099821277777664
788.0 0.00036539186112349853
789.0 0.0003897856004186906
790.0 0.0004194781013211468
791.0 0.00044917060222360305
792.0 0.0004013229954580311
793.0 0.0003534753886924591
794.0 0.0003285349293946638
795.0 0.00030359447009686846
796.0 0.000307635582430521
797.0 0.00031167667202680605
798.0 0.0003520186965033645
799.0 0.00039236074371729046
800.0 0.0004283539055904839
801.0 0.00046434711293841247
802.0 0.0004059995262650773
803.0 0.00034765196232910967
804.0 0.0004176810762146488
805.0 0.00048771016736282036
806.0 0.0004494335826166207
807.0 0.00041115699787042104
808.0 0.0003901309355569538
809.0 0.00036910485050611896
810.0 0.00030138558031467255
811.0 0.00023366626464849105
812.0 0.00034504175800975645
813.0 0.0004564173195831245
814.0 0.0004391839866002556
815.0 0.0004219506536173867
816.0 0.0004752690529130632
817.0 0.0005285874522087397
818.0 0.00043377217480156105
819.0 0.0003389569428691175
820.0 0.00031112238048081053
821.0 0.0002832878180925036
822.0 0.000448980244982522
823.0 0.0006146726263978053
824.0 0.0005108276127430145
825.0 0.0004069825081387535
826.0 0.00046355607992154546
827.0 0.0005201296062296024
828.0 0.0005047578724770574
829.0 0.0004893861387245124
830.0 0.000420647302235011
831.0 0.00035190844300814206
832.0 0.00034086654068232747
833.0 0.00032982461561914533
834.0 0.000267362247541314
835.0 0.0002048998567261151
836.0 0.0003410361387068406
837.0 0.0004771723979501985
838.0 0.0005434498234535567
839.0 0.000609727248956915
840.0 0.0004824221832677722
841.0 0.00035511714031599695
842.0 0.0003519642177707283
843.0 0.00034881127248809207
844.0 0.0004359980721346801
845.0 0.0005231848263065331
846.0 0.00040781046664051246
847.0 0.00029243601602502167
848.0 0.00038002281144144945
849.0 0.00046760956138314214
850.0 0.00038342172956618015
851.0 0.0002992338750118506
852.0 0.00026445707135280827
853.0 0.00022968022221903084
854.0 0.0003783721922445693
855.0 0.0005270641395327402
856.0 0.0004202467152936151
857.0 0.0003134293365292251
858.0 0.0003503607331367675
859.0 0.000387292175219045
860.0 0.0004424097369337687
861.0 0.0004975272076990223
862.0 0.0005095781034469837
863.0 0.0005216289991949452
864.0 0.0004901591637462843
865.0 0.00045868928282288834
866.0 0.0005213267741055461
867.0 0.0005839640834892634
868.0 0.0004664666448661592
869.0 0.00034896911529358476
870.0 0.0003523231725921505
871.0 0.00035567727536545135
872.0 0.0003700761226355098
873.0 0.0003844750153803034
874.0 0.0005225934728514403
875.0 0.0006607119757973123
876.0 0.0005107277502247598
877.0 0.0003607435019148397
878.0 0.0004747728326037759
879.0 0.0005888021860300796
880.0 0.0006610094260395272
881.0 0.00073321680247318
882.0 0.0005501159648702014
883.0 0.00036701521821669303
884.0 0.00043287545850034803
885.0 0.000498735698784003
886.0 0.0005422108642960666
887.0 0.0005856861662323354
888.0 0.0005593594323727302
889.0 0.0005330326985131251
890.0 0.000579663992539281
891.0 0.0006262952410907019
892.0 0.0006410845799109666
893.0 0.0006558740096807014
894.0 0.0005153326128493063
895.0 0.0003747912614926463
896.0 0.00034612642139109084
897.0 0.00031746160402690293
898.0 0.00038466782825707924
899.0 0.000451874029749888
900.0 0.0003754547606149572
901.0 0.0002990355369547615
902.0 0.00040059499042399693
903.0 0.0005021543984184973
904.0 0.00046654326979478355
905.0 0.00043093209569633473
