lsstCam/transmission_filter_detector/r22_s22/u_24/19700101T000000.ecsv
# %ECSV 1.0
# ---
# datatype:
# - {name: wavelength, unit: nm, datatype: float32}
# - {name: efficiency, unit: '%', datatype: float64}
# meta: !!omap
# - {MODE: DETECTOR}
# - {TYPE: transmission_filter_detector}
# - {CALIBDATE: '1970-01-01T00:00:00'}
# - {INSTRUME: LSSTCam}
# - {OBSTYPE: transmission_filter_detector}
# - {CALIBCLS: lsst.ip.isr.IntermediateFilterDetectorTransmissionCurve}
# - {SOURCE: Materion (DM-46256)}
# - {DETECTOR: 98}
# - {FILTER: u_24}
# - {CALIB_ID: 'calibDate=1970-01-01T00:00:00 filter=u_24 detector=98'}
# - {DATE: '2025-04-02T15:59:40.202763'}
# - {CALIB_CREATION_DATE: '2025-04-02'}
# - {CALIB_CREATION_TIME: '15:59:40'}
# - __serialized_columns__:
#     efficiency:
#       __class__: astropy.units.quantity.Quantity
#       unit: !astropy.units.Unit {unit: '%'}
#       value: !astropy.table.SerializedColumn {name: efficiency}
#     wavelength:
#       __class__: astropy.units.quantity.Quantity
#       unit: !astropy.units.Unit {unit: nm}
#       value: !astropy.table.SerializedColumn {name: wavelength}
# schema: astropy-2.0
wavelength efficiency
[from data line 587]
882.0 0.0025706278393045068
883.0 0.0024418000975856557
884.0 0.002312972537765745
885.0 0.002378190401941538
886.0 0.002443408448016271
887.0 0.0022605199774261564
888.0 0.002077631506836042
889.0 0.0021376210497692227
890.0 0.0021976104108034633
891.0 0.002399158438493032
892.0 0.0026007064661826007
893.0 0.0025120663849520497
894.0 0.002423426485620439
895.0 0.002594449688331224
896.0 0.0027654730729409494
897.0 0.0031895760912448168
898.0 0.0036136792914476246
899.0 0.0037965022784192115
900.0 0.003979324901592918
901.0 0.004135376002523117
902.0 0.004291426739655435
903.0 0.004478964910958894
904.0 0.004666503082262352
905.0 0.004975880801794119
906.0 0.0052852581575280055
907.0 0.005284976577968337
908.0 0.0052846953622065485
909.0 0.00534221762791276
910.0 0.00539973952982109
911.0 0.005260512261884287
912.0 0.005121285357745364
913.0 0.004991372043150477
914.0 0.00486145872855559
915.0 0.004484816599870101
916.0 0.004108174471184611
917.0 0.004107589484192431
918.0 0.004107004497200251
919.0 0.004294866812415421
920.0 0.004482729127630591
921.0 0.004648129106499255
922.0 0.004813528721570037
923.0 0.005223415064392611
924.0 0.005633300679619424
925.0 0.006104582280386239
926.0 0.006575865700142458
927.0 0.007083312812028453
928.0 0.007590759923914447
929.0 0.007709529018029571
930.0 0.007828296656953171
931.0 0.007822870247764513
932.0 0.007817442383384332
933.0 0.007730285142315552
934.0 0.007643127901246771
935.0 0.007694080704823136
936.0 0.007745032053207979
937.0 0.007402845949400216
938.0 0.0070606605731882155
939.0 0.006739168748026714
940.0 0.006417676922865212
941.0 0.005376552508096211
942.0 0.004335427001933567
943.0 0.0035949295124737546
944.0 0.0028544318411150016
945.0 0.0027099415092379786
946.0 0.002565451359259896
947.0 0.0020772444258909672
948.0 0.0015890374925220385
949.0 0.00139002368086949
950.0 0.001191009687318001
951.0 0.0012982050066057127
952.0 0.001405400053045014
953.0 0.0016046416931203566
954.0 0.0018038834241451696
955.0 0.0020605441022780724
956.0 0.0023172047804109752
957.0 0.0026265221094945446
958.0 0.0029358392566791736
959.0 0.0031948340620147064
960.0 0.0034538283216534182
961.0 0.003961618858738802
962.0 0.004469409032026306
963.0 0.00450455081590917
964.0 0.004539692235994153
965.0 0.004770085433847271
966.0 0.005000478631700389
967.0 0.0050259695854038
968.0 0.005051460902905092
969.0 0.0048611989768687636
970.0 0.004670937414630316
971.0 0.004614096542354673
972.0 0.004557255306281149
973.0 0.004296645784052089
974.0 0.004036036261823028
975.0 0.0038454840250778943
976.0 0.0036549317883327603
977.0 0.003094109706580639
978.0 0.002533287442929577
979.0 0.0025130495487246662
980.0 0.0024928116545197554
981.0 0.0025917614038917236
982.0 0.002690711335162632
983.0 0.002886105539801065
984.0 0.0030814997444394976
985.0 0.0033347245334880427
986.0 0.0035879496863344684
987.0 0.0038624799344688654
988.0 0.004137009818805382
989.0 0.004640929910237901
990.0 0.005144849274074659
991.0 0.0056579265219625086
992.0 0.006171003042254597
993.0 0.006215040775714442
994.0 0.006259075598791242
995.0 0.006272818427532911
996.0 0.006286561256274581
997.0 0.0060746504459530115
998.0 0.005862740727025084
999.0 0.006168638356029987
1000.0 0.0064745334384497255
1001.0 0.006437171396100894
1002.0 0.006399807898560539
1003.0 0.006152055721031502
1004.0 0.005904303543502465
1005.0 0.005505008812178858
1006.0 0.00510571371705737
1007.0 0.00502005459566135
1008.0 0.004934396565658972
1009.0 0.004661655475501902
1010.0 0.0043889151129405946
1011.0 0.003756710430025123
1012.0 0.0031245057471096516
1013.0 0.0027467094696476124
1014.0 0.0023689131921855733
1015.0 0.0018779122910927981
1016.0 0.0013869112990505528
1017.0 0.0013503320587915368
1018.0 0.001313752818532521
1019.0 0.0009704282092570793
1020.0 0.0006271036454563728
1021.0 0.0009671255611465313
1022.0 0.0013071475223114248
1023.0 0.0013229504475020804
1024.0 0.0013387533726927359
1025.0 0.0013841570762451738
1026.0 0.0014295611435954925
1027.0 0.001499868267273996
1028.0 0.0015701749362051487
1029.0 0.001523842820461141
1030.0 0.001477510613767663
1031.0 0.001443429573555477
1032.0 0.0014093484423938207
1033.0 0.0014379111235029995
1034.0 0.0014664734408142976
1035.0 0.0016400041204178706
1036.0 0.0018135348000214435
1037.0 0.0018598495444166474
1038.0 0.0019061644707107916
1039.0 0.001755167068040464
1040.0 0.0016041696653701365
1041.0 0.0016314161257469095
1042.0 0.001658662768022623
1043.0 0.0017970538465306163
1044.0 0.0019354454707354307
1045.0 0.0018434107914799824
1046.0 0.0017513761122245342
1047.0 0.001593069282534998
1048.0 0.001434762089047581
1049.0 0.0017247704818146303
1050.0 0.002014778510783799
1051.0 0.0020537896489258856
1052.0 0.0020928009689669125
1053.0 0.00196503951883642
1054.0 0.0018372780687059276
1055.0 0.00170101884577889
1056.0 0.001564759986649733
1057.0 0.000915610962692881
1058.0 0.0002664619614733965
1059.0 0.000401949819206493
1060.0 0.0005374378815758973
1061.0 0.0003218157416995382
1062.0 0.00010619386330290581
1063.0 0.0004282422196411062
1064.0 0.0007502907465095632
1065.0 0.0011950996849918738
1066.0 0.0016399088053731248
1067.0 0.001129833071900066
1068.0 0.000619757247477537
1069.0 0.0010951723197649699
1070.0 0.0015705873011029325
1071.0 0.0022477768652606755
1072.0 0.002924966611317359
1073.0 0.002988362939504441
1074.0 0.003051759267691523
1075.0 0.0028315138479229063
1076.0 0.0026112682462553494
1077.0 0.0020882400349364616
1078.0 0.0015652114598196931
1079.0 0.0027798600058304146
1080.0 0.003994508006144315
1081.0 0.0035882359952665865
1082.0 0.003181965439580381
1083.0 0.003904849654645659
1084.0 0.004627734233508818
1085.0 0.004017649553134106
1086.0 0.003407565236557275
1087.0 0.003967618613387458
1088.0 0.00452767126262188
1089.0 0.005180439620744437
1090.0 0.005833206887473352
1091.0 0.005129124838276766
1092.0 0.00442504278908018
1093.0 0.004173265915596858
1094.0 0.003921487586922012
1095.0 0.004210257611703128
1096.0 0.004499027636484243
1097.0 0.0037090791010996327
1098.0 0.002919131293310784
1099.0 0.0015347413864219561
1100.0 0.00015035171827548766
