lsstCam/transmission_filter_detector/r22_s22/u_24/19700101T000000.ecsv
# %ECSV 1.0
# ---
# datatype:
# - {name: wavelength, unit: nm, datatype: float32}
# - {name: efficiency, unit: '%', datatype: float64}
# meta: !!omap
# - {MODE: DETECTOR}
# - {TYPE: transmission_filter_detector}
# - {CALIBDATE: '1970-01-01T00:00:00'}
# - {INSTRUME: LSSTCam}
# - {OBSTYPE: transmission_filter_detector}
# - {CALIBCLS: lsst.ip.isr.IntermediateFilterDetectorTransmissionCurve}
# - {SOURCE: Materion (DM-46256)}
# - {DETECTOR: 98}
# - {FILTER: u_24}
# - {CALIB_ID: 'calibDate=1970-01-01T00:00:00 filter=u_24 detector=98'}
# - {DATE: '2025-04-02T15:59:40.202763'}
# - {CALIB_CREATION_DATE: '2025-04-02'}
# - {CALIB_CREATION_TIME: '15:59:40'}
# - __serialized_columns__:
#     efficiency:
#       __class__: astropy.units.quantity.Quantity
#       unit: !astropy.units.Unit {unit: '%'}
#       value: !astropy.table.SerializedColumn {name: efficiency}
#     wavelength:
#       __class__: astropy.units.quantity.Quantity
#       unit: !astropy.units.Unit {unit: nm}
#       value: !astropy.table.SerializedColumn {name: wavelength}
# schema: astropy-2.0
wavelength efficiency
295.0 1.575696496024237e-10
296.0 1.575696496024237e-10
297.0 0.147323333658278
298.0 1.575696496024237e-10
299.0 1.575696496024237e-10
300.0 1.575696496024237e-10
301.0 0.0241828165599145
302.0 1.575696496024237e-10
303.0 1.575696496024237e-10
304.0 0.173385685775429
305.0 0.33099844586104155
306.0 1.2883913703262806
307.0 2.5336526334285736
308.0 4.319019243121147
309.0 7.019975036382675
310.0 10.0412018597126
311.0 13.429947197437286
312.0 17.206302285194397
313.0 20.391006767749786
314.0 23.584532737731934
315.0 25.891509652137756
316.0 27.948755025863647
317.0 30.396896600723267
318.0 32.891830801963806
319.0 36.117467284202576
320.0 40.99709987640381
321.0 45.857977867126465
322.0 51.63459777832031
323.0 57.16756582260132
324.0 62.09898591041565
325.0 65.75263738632202
326.0 68.34051609039307
327.0 70.3062117099762
328.0 72.18015193939209
329.0 73.64577651023865
330.0 75.09125471115112
331.0 76.0528028011322
332.0 76.55805349349976
333.0 76.72427296638489
334.0 76.62607431411743
335.0 76.73458456993103
336.0 76.84623003005981
337.0 77.30781435966492
338.0 78.18408608436584
339.0 78.75555157661438
340.0 79.22706604003906
341.0 79.7071635723114
342.0 80.08336424827576
343.0 79.9594521522522
344.0 80.13662695884705
345.0 80.46948313713074
346.0 80.7493805885315
347.0 81.02422952651978
348.0 81.27711415290833
349.0 81.52077198028564
350.0 81.50825500488281
351.0 81.72895312309265
352.0 81.58997893333435
353.0 81.52259588241577
354.0 81.44821524620056
355.0 81.67584538459778
356.0 81.77196979522705
357.0 81.74198269844055
358.0 81.44521117210388
359.0 81.2231957912445
360.0 81.2519907951355
361.0 81.17367029190063
362.0 81.03713989257812
363.0 81.11530542373657
364.0 81.2348484992981
365.0 81.39684796333313
366.0 81.45607113838196
367.0 81.42146468162537
368.0 81.23005628585815
369.0 81.14798069000244
370.0 80.78917264938354
371.0 80.5334985256195
372.0 80.52528500556946
373.0 80.62588572502136
374.0 80.66689968109131
375.0 80.89783191680908
376.0 80.97673058509827
377.0 80.96773028373718
378.0 81.05005621910095
379.0 80.76304793357849
380.0 80.15557527542114
381.0 78.91099452972412
382.0 77.23962068557739
383.0 75.3271996974945
384.0 73.21953177452087
385.0 70.85082530975342
386.0 68.45459938049316
387.0 65.37942886352539
388.0 62.22216486930847
389.0 58.51064324378967
390.0 54.74247932434082
391.0 50.64840912818909
392.0 46.289193630218506
393.0 42.42929518222809
394.0 39.20174241065979
395.0 36.05037331581116
396.0 32.892853021621704
397.0 28.8850337266922
398.0 24.213816225528717
399.0 18.14516931772232
400.0 12.115368992090225
401.0 7.253758609294891
402.0 3.551976755261421
403.0 1.2937182560563087
404.0 0.3970890771597624
405.0 0.17329850234091282
406.0 0.037540876655839384
407.0 0.014674411795567721
408.0 0.03237530472688377
409.0 1.575696496024237e-10
410.0 1.575696496024237e-10
411.0 0.004115583578823134
412.0 1.575696496024237e-10
413.0 1.575696496024237e-10
414.0 0.0020551942725433037
415.0 1.575696496024237e-10
416.0 1.575696496024237e-10
417.0 1.575696496024237e-10
418.0 1.575696496024237e-10
419.0 1.575696496024237e-10
420.0 1.575696496024237e-10
421.0 1.575696496024237e-10
422.0 1.575696496024237e-10
423.0 1.575696496024237e-10
424.0 1.575696496024237e-10
425.0 1.575696496024237e-10
426.0 0.0011649871339614037
427.0 1.575696496024237e-10
428.0 1.575696496024237e-10
429.0 1.575696496024237e-10
430.0 1.575696496024237e-10
431.0 1.575696496024237e-10
432.0 1.575696496024237e-10
433.0 0.0008266224540420808
434.0 0.0018145070498576388
435.0 0.0014310910046333447
436.0 0.00104767459561117
437.0 0.0003910443865606794
438.0 1.575696496024237e-10
439.0 0.00035655273222801043
440.0 0.0009786916962184478
441.0 1.575696496024237e-10
442.0 1.575696496024237e-10
443.0 1.575696496024237e-10
444.0 1.575696496024237e-10
445.0 1.575696496024237e-10
446.0 1.575696496024237e-10
447.0 1.575696496024237e-10
448.0 0.0004343231466918951
449.0 1.575696496024237e-10
450.0 1.575696496024237e-10
451.0 1.575696496024237e-10
452.0 1.575696496024237e-10
453.0 1.575696496024237e-10
454.0 1.575696496024237e-10
455.0 1.575696496024237e-10
456.0 1.575696496024237e-10
457.0 1.575696496024237e-10
458.0 1.575696496024237e-10
459.0 1.575696496024237e-10
460.0 1.575696496024237e-10
461.0 1.575696496024237e-10
462.0 1.575696496024237e-10
463.0 1.575696496024237e-10
464.0 1.575696496024237e-10
465.0 1.575696496024237e-10
466.0 1.575696496024237e-10
467.0 1.575696496024237e-10
468.0 1.575696496024237e-10
469.0 1.575696496024237e-10
470.0 0.00043310092223691754
471.0 1.6573294203681144e-05
472.0 1.575696496024237e-10
473.0 1.575696496024237e-10
474.0 1.575696496024237e-10
475.0 1.575696496024237e-10
476.0 1.575696496024237e-10
477.0 3.759389244351041e-05
478.0 0.0008290212463180069
479.0 0.00017002256527121062
480.0 1.575696496024237e-10
481.0 1.575696496024237e-10
482.0 1.575696496024237e-10
483.0 1.575696496024237e-10
484.0 1.575696496024237e-10
485.0 1.575696496024237e-10
486.0 1.575696496024237e-10
487.0 1.575696496024237e-10
488.0 1.575696496024237e-10
489.0 1.575696496024237e-10
490.0 1.575696496024237e-10
491.0 1.575696496024237e-10
492.0 1.575696496024237e-10
493.0 1.575696496024237e-10
494.0 1.575696496024237e-10
495.0 1.575696496024237e-10
496.0 1.575696496024237e-10
497.0 1.575696496024237e-10
498.0 1.575696496024237e-10
499.0 1.575696496024237e-10
500.0 1.575696496024237e-10
501.0 1.575696496024237e-10
502.0 2.4306288537445653e-05
503.0 1.575696496024237e-10
504.0 1.575696496024237e-10
505.0 1.575696496024237e-10
506.0 1.575696496024237e-10
507.0 1.575696496024237e-10
508.0 1.575696496024237e-10
509.0 1.575696496024237e-10
510.0 1.0824868468262139e-05
511.0 0.00028781780656572664
512.0 0.0005648107617162168
513.0 0.00030714575132151367
514.0 4.948062155563093e-05
515.0 1.575696496024237e-10
516.0 1.575696496024237e-10
517.0 1.575696496024237e-10
518.0 1.575696496024237e-10
519.0 1.575696496024237e-10
520.0 1.575696496024237e-10
521.0 1.575696496024237e-10
522.0 1.575696496024237e-10
523.0 1.575696496024237e-10
524.0 1.575696496024237e-10
525.0 1.575696496024237e-10
526.0 1.575696496024237e-10
527.0 1.575696496024237e-10
528.0 1.575696496024237e-10
529.0 1.575696496024237e-10
530.0 1.575696496024237e-10
531.0 1.575696496024237e-10
532.0 1.575696496024237e-10
533.0 0.00012719609685518662
534.0 0.00038574007703573443
535.0 3.7785798667755444e-05
536.0 1.575696496024237e-10
537.0 1.575696496024237e-10
538.0 1.575696496024237e-10
539.0 1.575696496024237e-10
540.0 1.575696496024237e-10
541.0 1.575696496024237e-10
542.0 1.575696496024237e-10
543.0 1.575696496024237e-10
544.0 1.575696496024237e-10
545.0 1.575696496024237e-10
546.0 1.575696496024237e-10
547.0 1.575696496024237e-10
548.0 1.575696496024237e-10
549.0 1.575696496024237e-10
550.0 1.575696496024237e-10
551.0 1.575696496024237e-10
552.0 0.00015465043361473363
553.0 1.575696496024237e-10
554.0 1.575696496024237e-10
555.0 1.575696496024237e-10
556.0 1.575696496024237e-10
557.0 1.575696496024237e-10
558.0 1.575696496024237e-10
559.0 1.575696496024237e-10
560.0 1.575696496024237e-10
561.0 1.575696496024237e-10
562.0 1.575696496024237e-10
563.0 1.575696496024237e-10
564.0 1.575696496024237e-10
565.0 1.575696496024237e-10
566.0 5.3337913641371415e-05
567.0 6.911086529726163e-05
568.0 8.488380558446806e-05
569.0 8.084128353402775e-05
570.0 7.679863642806595e-05
571.0 0.0002439438958390383
572.0 0.0004110891495656688
573.0 0.0004630272087524645
574.0 0.0005149653588887304
575.0 0.0003277923269706662
576.0 0.0001406193177899695
577.0 8.622560017101932e-05
578.0 3.183188539424009e-05
579.0 0.000348424964613514
580.0 0.0006650180694123264
581.0 0.0008483877536491491
582.0 0.001031757619784912
583.0 0.001496702134318184
584.0 0.0019616463760030456
585.0 0.0017173895685118623
586.0 0.0014731324881722685
587.0 0.0014102274690230843
588.0 0.0013473220860760193
589.0 0.0011878331861225888
590.0 0.0010283440133207478
591.0 0.0008396013072342612
592.0 0.0006508584647235693
593.0 0.0005322936885931995
594.0 0.00041372877603862435
595.0 0.0004992314188712044
596.0 0.0005847340617037844
597.0 0.000740117047826061
598.0 0.0008955000339483377
599.0 0.001030038492899621
600.0 0.001164576860901434
601.0 0.0013990238585392945
602.0 0.0016334710380760953
603.0 0.001625808363314718
604.0 0.001618145870452281
605.0 0.0016797381249489263
606.0 0.001741330197546631
607.0 0.0015427527614519931
608.0 0.0013441751434584148
609.0 0.0010122002095158678
610.0 0.0006802250027249102
611.0 0.00045264009713719133
612.0 0.0002250551915494725
613.0 0.0003245971129217651
614.0 0.00042413903429405764
615.0 0.0002873031462513609
616.0 0.00015046715589051018
617.0 0.0003452830469541368
618.0 0.0005400990175985498
619.0 0.0004128281489101937
620.0 0.0002855573939086753
621.0 0.0003229246203773073
622.0 0.0003602917558964691
623.0 0.0004902715772914235
624.0 0.0006202513759490103
625.0 0.0006112683422543341
626.0 0.0006022853995091282
627.0 0.0006545463747897884
628.0 0.0007068073045957135
629.0 0.0005985584721202031
630.0 0.0004903096851194277
631.0 0.0009213038538291585
632.0 0.0013522980225388892
633.0 0.0017461457900935784
634.0 0.0021399935576482676
635.0 0.002336515717615839
636.0 0.002533038059482351
637.0 0.002447210135869682
638.0 0.002361382394155953
639.0 0.0022776723199058324
640.0 0.0021939620637567714
641.0 0.0020123261492699385
642.0 0.0018306900528841652
643.0 0.0013535489415517077
644.0 0.0008764076483203098
645.0 0.0005931432042416418
646.0 0.00030987869195087114
647.0 0.00014643329677710426
648.0 1.575696496024237e-10
649.0 1.575696496024237e-10
650.0 1.575696496024237e-10
651.0 9.457976375415456e-05
652.0 0.0003837724761979189
653.0 0.0007806700523360632
654.0 0.0011775676284742076
655.0 0.0011677130714815576
656.0 0.0011578585144889075
657.0 0.0017567061149748042
658.0 0.0023555536245112307
659.0 0.002832383688655682
660.0 0.0033092135709011927
661.0 0.003437537088757381
662.0 0.0035658602428156883
663.0 0.003277177529525943
664.0 0.002988494816236198
665.0 0.002459565075696446
666.0 0.001930635335156694
667.0 0.0016460424376418814
668.0 0.0013614494491775986
669.0 0.0012424803571775556
670.0 0.0011235112651775125
671.0 0.0007032041139609646
672.0 0.0002828967808454763
673.0 0.00041591683839214966
674.0 0.0005489368504640879
675.0 0.0006891237262607319
676.0 0.0008293105565826409
677.0 0.0008417831850238144
678.0 0.0008542559953639284
679.0 0.0013549661161960103
680.0 0.0018556764189270325
681.0 0.002794392275973223
682.0 0.003733108314918354
683.0 0.005127816984895617
684.0 0.006522524927277118
685.0 0.007079548959154636
686.0 0.007636575173819438
687.0 0.007238946272991598
688.0 0.0068413188273552805
689.0 0.006136921001598239
690.0 0.005432523903436959
691.0 0.004891170829068869
692.0 0.00434981775470078
693.0 0.0035868310078512877
694.0 0.002823843897203915
695.0 0.0023121441699913703
696.0 0.0018004444427788258
697.0 0.001364817399007734
698.0 0.0009291900823882315
699.0 0.0008049940333876293
700.0 0.0006807975296396762
701.0 0.0005624463938147528
702.0 0.00044409503061615396
703.0 0.0005347587830328848
704.0 0.000625422717348556
705.0 0.00048548117774771526
706.0 0.0003455396836216096
707.0 0.0005500477072928334
708.0 0.0007545554126409115
709.0 0.0008494976100337226
710.0 0.0009444395800528582
711.0 0.0007767356692056637
712.0 0.0006090315309847938
713.0 0.0006027101335348561
714.0 0.0005963887815596536
715.0 0.0006468658284575213
716.0 0.0006973427389311837
717.0 0.0006525094704556977
718.0 0.0006076761565054767
719.0 0.0007706151336606126
720.0 0.0009335539289168082
721.0 0.0004903204171569087
722.0 4.708682865839364e-05
723.0 0.0002616423216750263
724.0 0.0004761978743772488
725.0 0.000276514242614212
726.0 7.683062790420081e-05
727.0 7.70189387822029e-05
728.0 7.72072439758631e-05
729.0 0.0002340267201361712
730.0 0.0003908462531398982
731.0 0.0002119229975505732
732.0 3.2999898280650086e-05
733.0 5.64951164960803e-05
734.0 7.999042281880975e-05
735.0 0.0002824774583132239
736.0 0.00048496453928237315
737.0 0.00037544677979894914
738.0 0.0002659289521034225
739.0 0.0005178061201149831
740.0 0.0007696832653891761
741.0 0.0009308779226557817
742.0 0.0010920725799223874
743.0 0.0014313980500446633
744.0 0.001770723429217469
745.0 0.0020021028831251897
746.0 0.002233482518931851
747.0 0.00250044722633902
748.0 0.002767411933746189
749.0 0.002892427801270969
750.0 0.0030174440325936303
751.0 0.003140155240544118
752.0 0.0032628668122924864
753.0 0.0030781273380853236
754.0 0.0028933876819792204
755.0 0.002863174995582085
756.0 0.0028329621272860095
757.0 0.0024486556867486797
758.0 0.0020643490643124096
759.0 0.0017370681234751828
760.0 0.001409787182637956
761.0 0.0012254670764377806
762.0 0.0010411469702376053
763.0 0.0007524299689976033
764.0 0.00046371305870707147
765.0 0.0005311543191055534
766.0 0.0005985955340293003
767.0 0.000794667357695289
768.0 0.000990739408734953
769.0 0.0007895998351159506
770.0 0.0005884603979211533
771.0 0.0005646284535032464
772.0 0.0005407964181358693
773.0 0.0005984680683468468
774.0 0.0006561397185578244
775.0 0.0007105229087756015
776.0 0.0007649059625691734
777.0 0.000612170606473228
778.0 0.0004594352049025474
779.0 0.0003922923951904522
780.0 0.0003251495172662544
781.0 0.0004751474079967011
782.0 0.0006251454124139855
783.0 0.0009193826372211333
784.0 0.001213619725604076
785.0 0.0012393463293847162
786.0 0.0012650728422158863
787.0 0.0009776105798664503
788.0 0.0006901483175170142
789.0 0.0006738529009453487
790.0 0.0006575575298484182
791.0 0.0006092691819503671
792.0 0.0005609808340523159
793.0 0.0004118004653719254
794.0 0.0002626200057420647
795.0 0.00011730410278687486
796.0 1.575696496024237e-10
797.0 0.00020033046439493774
798.0 0.00042867268348345533
799.0 0.00025060776351892855
800.0 7.254280944835045e-05
801.0 6.850489597809428e-06
802.0 1.575696496024237e-10
803.0 1.575696496024237e-10
804.0 1.575696496024237e-10
805.0 1.4399412862076133e-05
806.0 0.00014186894077283796
807.0 4.566125539895438e-05
808.0 1.575696496024237e-10
809.0 0.00017627802435526974
810.0 0.0004031024673167849
811.0 0.00019710180367837893
812.0 1.575696496024237e-10
813.0 6.231611564544437e-05
814.0 0.00013353106851354823
815.0 0.00028751503577950643
816.0 0.0004414989689394133
817.0 0.00030891530968801817
818.0 0.00017633157085583662
819.0 0.00031305507945944555
820.0 0.00044977859943173826
821.0 0.0002689593429749948
822.0 8.814015473035397e-05
823.0 7.880334464971384e-05
824.0 6.946656867512502e-05
825.0 1.575696496024237e-10
826.0 1.575696496024237e-10
827.0 1.575696496024237e-10
828.0 5.938431968388613e-05
829.0 1.575696496024237e-10
830.0 1.575696496024237e-10
831.0 1.575696496024237e-10
832.0 1.575696496024237e-10
833.0 1.575696496024237e-10
834.0 1.575696496024237e-10
835.0 1.575696496024237e-10
836.0 1.575696496024237e-10
837.0 1.575696496024237e-10
838.0 1.575696496024237e-10
839.0 1.575696496024237e-10
840.0 1.575696496024237e-10
841.0 1.575696496024237e-10
842.0 1.575696496024237e-10
843.0 1.575696496024237e-10
844.0 1.575696496024237e-10
845.0 1.575696496024237e-10
846.0 1.575696496024237e-10
847.0 1.575696496024237e-10
848.0 1.575696496024237e-10
849.0 1.575696496024237e-10
850.0 4.4673268462247506e-05
851.0 7.387577056761074e-05
852.0 0.00010307826414646115
853.0 5.6462562270098715e-05
854.0 9.846873894048258e-06
855.0 1.575696496024237e-10
856.0 1.575696496024237e-10
857.0 0.00011621204976108856
858.0 0.00040163190533348825
859.0 0.0006945550921955146
860.0 0.0009874782335828058
861.0 0.0009528336704534013
862.0 0.0009181891073239967
863.0 0.0008626109774922952
864.0 0.0008070327567111235
865.0 0.0010323175956727937
866.0 0.0012576023436849937
867.0 0.001436382171959849
868.0 0.0016151621821336448
869.0 0.0016167046851478517
870.0 0.0016182471881620586
871.0 0.0015614561561960727
872.0 0.001504664760432206
873.0 0.0018479931895853952
874.0 0.0021913216187385842
875.0 0.0024635985027998686
876.0 0.0027358755687600933
877.0 0.00281033444480272
878.0 0.002884792957047466
879.0 0.002684674291231204
880.0 0.002484555807313882
