lsstCam/transmission_sensor/r03_s12/19700101T000000.ecsv
# %ECSV 1.0
# ---
# datatype:
# - {name: amp_name, datatype: string}
# - {name: wavelength, unit: nm, datatype: float32}
# - {name: efficiency, unit: '%', datatype: float64}
# meta: !!omap
# - {MODE: AMP}
# - {TYPE: transmission_sensor}
# - {CALIBDATE: '1970-01-01T00:00:00'}
# - {INSTRUME: LSSTCam}
# - {OBSTYPE: transmission_sensor}
# - {DETECTOR: 23}
# - {PARQUETFILE: qe_raft_allvalues_nircorrected_20230725_adjust.parquet}
# - {CORRFILE: qe_corr_factor_bydetnum.parquet}
# - {CALIBCLS: lsst.ip.isr.IntermediateSensorTransmissionCurve}
# - {CALIB_ID: 'raftName=R03 detectorName=S12 detector=23 calibDate=1970-01-01T00:00:00 ccd=23 ccdnum=23 filter=None'}
# - {DATE: '2025-03-03T21:56:47.501635'}
# - {CALIB_CREATION_DATE: '2025-03-03'}
# - {CALIB_CREATION_TIME: '21:56:47'}
# - __serialized_columns__:
#     efficiency:
#       __class__: astropy.units.quantity.Quantity
#       unit: !astropy.units.Unit {unit: '%'}
#       value: !astropy.table.SerializedColumn {name: efficiency}
#     wavelength:
#       __class__: astropy.units.quantity.Quantity
#       unit: !astropy.units.Unit {unit: nm}
#       value: !astropy.table.SerializedColumn {name: wavelength}
# schema: astropy-2.0
amp_name wavelength efficiency
C00 319.992 48.25591924927564
C00 330.006 50.06835883756229
C00 349.994 55.34886956306073
C00 370.001 65.39712420638185
C00 400.009 84.18684711043544
C00 429.983 89.02060179007289
C00 449.989 88.93270794668439
C00 469.993 88.06337231059885
C00 500.016 87.428570889005
C00 549.99 88.61710352394644
C00 569.998 89.43321329960125
C00 599.983 91.52831783127198
C00 630.013 93.52026948556062
C00 649.987 94.46359562014219
C00 670.017 95.58212950782975
C00 699.987 97.22165471707311
C00 720.012 97.95576036532313
C00 749.995 98.94806453448528
C00 770.007 99.5911883808387
C00 800.008 100.27645156341823
C00 830.013 99.85528414934066
C00 869.994 96.97288576701979
C00 900.005 91.69222064359595
C00 919.989 85.21829303658903
C00 959.989 72.33542052015497
C00 1000.013 37.71797087361901
C00 1030.002 16.453983556936176
C00 1049.996 8.75704079783069
C00 1080.005 0.685959668189582
C00 1100.007 0.09331189042486936
C01 319.992 48.355844833436485
C01 330.006 50.008309341989325
C01 349.994 55.079125089970816
C01 370.001 65.02827132839481
C01 400.009 84.15033388397893
C01 429.983 89.25919554026179
C01 449.989 89.24571396531188
C01 469.993 88.36604496563346
C01 500.016 87.68365132498461
C01 549.99 88.78224151967363
C01 569.998 89.58414668619127
C01 599.983 91.67412972570227
C01 630.013 93.67350754362253
C01 649.987 94.6077129031961
C01 670.017 95.70273311658553
C01 699.987 97.35360845624763
C01 720.012 98.10289782243005
C01 749.995 99.11555992292718
C01 770.007 99.75610042838238
C01 800.008 100.47834379699769
C01 830.013 100.11372368164857
C01 869.994 97.19740294537552
C01 900.005 91.87482443390908
C01 919.989 85.43338817569206
C01 959.989 72.74363357171084
C01 1000.013 37.75304932911018
C01 1030.002 16.4310498163091
C01 1049.996 8.808334801292338
C01 1080.005 0.6871208398178741
C01 1100.007 0.09346984595019873
C02 319.992 48.453940237310825
C02 330.006 49.89075603371102
C02 349.994 54.67019277003075
C02 370.001 64.4713015244168
C02 400.009 83.89898912463349
C02 429.983 89.31727175503204
C02 449.989 89.37314120920992
C02 469.993 88.51782942371474
C02 500.016 87.79807148511811
C02 549.99 88.81788107982054
C02 569.998 89.58176669865821
C02 599.983 91.6443045654779
C02 630.013 93.63119498045573
C02 649.987 94.57192271092684
C02 670.017 95.70049622956871
C02 699.987 97.36899552754521
C02 720.012 98.11350985544928
C02 749.995 99.13612120762731
C02 770.007 99.80009253971333
C02 800.008 100.53669868119428
C02 830.013 100.1828713574112
C02 869.994 97.25684238085299
C02 900.005 91.89763766883829
C02 919.989 85.57879336339201
C02 959.989 73.1233997469618
C02 1000.013 37.81168664853617
C02 1030.002 16.456331535143235
C02 1049.996 8.820330766935614
C02 1080.005 0.6872634087921775
C02 1100.007 0.09348923977337104
C03 319.992 48.36757907576719
C03 330.006 49.63394332832445
C03 349.994 54.18598957855472
C03 370.001 63.836266623033325
C03 400.009 83.45455657925969
C03 429.983 89.13480353362901
C03 449.989 89.28009574723721
C03 469.993 88.45456393232969
C03 500.016 87.70989144069716
C03 549.99 88.624461903123
C03 569.998 89.35133720950044
C03 599.983 91.3668100696933
C03 630.013 93.32547955654975
C03 649.987 94.25710157522508
C03 670.017 95.37201276037023
C03 699.987 97.03346247502097
C03 720.012 97.78211918628953
C03 749.995 98.82513365943925
C03 770.007 99.50963614980094
C03 800.008 100.27333347848568
C03 830.013 99.94971542683896
C03 869.994 97.07913413451607
C03 900.005 91.73911995488817
C03 919.989 85.47130981249249
C03 959.989 73.19565044444474
C03 1000.013 37.831385564335875
C03 1030.002 16.43837995196273
C03 1049.996 8.804598183207409
C03 1080.005 0.6851075143596117
C03 1100.007 0.09319597094957836
C04 319.992 48.61359145798159
C04 330.006 49.63909871271172
C04 349.994 53.90233799476927
C04 370.001 63.3905612362257
C04 400.009 83.23617765988953
C04 429.983 89.17988019624086
C04 449.989 89.40957158799914
C04 469.993 88.56850206967171
C04 500.016 87.77492685951977
C04 549.99 88.60395333966568
C04 569.998 89.31711359130358
C04 599.983 91.3295135562006
C04 630.013 93.29334219324737
C04 649.987 94.23022127299255
C04 670.017 95.34410815970575
C04 699.987 97.01569541619033
C04 720.012 97.78216437592624
C04 749.995 98.84474596176861
C04 770.007 99.53420424895546
C04 800.008 100.31947209756007
C04 830.013 100.04053906500708
C04 869.994 97.23564090963288
C04 900.005 91.94245072523601
C04 919.989 85.67143965024052
C04 959.989 73.52484941622436
C04 1000.013 37.99326990622041
C04 1030.002 16.509952804895118
C04 1049.996 8.810341032871824
C04 1080.005 0.6852434918487188
C04 1100.007 0.09321446812536319
C05 319.992 48.43882806963653
C05 330.006 49.377492140031514
C05 349.994 53.50565959798199
C05 370.001 62.88611308750645
C05 400.009 82.78633742132352
C05 429.983 88.90775573561788
C05 449.989 89.21283850461002
C05 469.993 88.41051909975592
C05 500.016 87.63438708937156
C05 549.99 88.39469519530354
C05 569.998 89.07659928155478
C05 599.983 91.05897073286225
C05 630.013 92.99964721270455
C05 649.987 93.9302298697357
C05 670.017 95.03537256174674
C05 699.987 96.70580748249539
C05 720.012 97.47373757381804
C05 749.995 98.53813427673467
C05 770.007 99.22450460541344
C05 800.008 100.01836601659785
C05 830.013 99.75640169262707
C05 869.994 97.02661624506037
C05 900.005 91.77662735335215
C05 919.989 85.55061762490732
C05 959.989 73.49222249852436
C05 1000.013 37.96141874395049
C05 1030.002 16.57326913462145
C05 1049.996 8.809977632876667
C05 1080.005 0.683117900999222
C05 1100.007 0.09292532153317386
C06 319.992 48.73149498594435
C06 330.006 49.4921608431669
C06 349.994 53.30684402550144
C06 370.001 62.47279360700308
C06 400.009 82.48859796829574
C06 429.983 88.87533970288916
C06 449.989 89.25861560659077
C06 469.993 88.54996678701711
C06 500.016 87.79166208831232
C06 549.99 88.46277338299751
C06 569.998 89.0727280360105
C06 599.983 91.0169443707279
C06 630.013 92.93914582076454
C06 649.987 93.8655860944312
C06 670.017 95.00430468651302
C06 699.987 96.68696340398998
C06 720.012 97.42877388529796
C06 749.995 98.5120598563567
C06 770.007 99.24456880410985
C06 800.008 100.07048473092934
C06 830.013 99.7938864962727
C06 869.994 97.10468887407195
C06 900.005 91.84238580636202
C06 919.989 85.67840638589898
C06 959.989 73.60106173852498
C06 1000.013 37.96642349621541
C06 1030.002 16.593474550932548
C06 1049.996 8.825506863239706
C06 1080.005 0.682937192977645
C06 1100.007 0.09290073961110139
C07 319.992 48.86524877898089
C07 330.006 49.38220315965786
C07 349.994 52.82025331488623
C07 370.001 61.49015248848938
C07 400.009 81.46339574361335
C07 429.983 88.38256930945474
C07 449.989 89.06848021016036
C07 469.993 88.4922520893405
C07 500.016 87.84070037574185
C07 549.99 88.45311033234907
C07 569.998 89.05636185591767
C07 599.983 90.89951909975359
C07 630.013 92.7361690359042
C07 649.987 93.61409070296342
C07 670.017 94.70682130809321
C07 699.987 96.34719005722172
C07 720.012 97.12454218779708
C07 749.995 98.20330166357934
C07 770.007 98.92893425494742
C07 800.008 99.7518751973506
C07 830.013 99.53998099084741
C07 869.994 96.87466609164451
C07 900.005 91.47812720810651
C07 919.989 85.42505821932636
C07 959.989 73.73614109423816
C07 1000.013 37.89398074277648
C07 1030.002 16.61990483969957
C07 1049.996 8.8670286077642
C07 1080.005 0.6807967146640816
C07 1100.007 0.09260956785988286
C10 319.992 48.677523496508016
C10 330.006 50.2504919024931
C10 349.994 55.36833876487387
C10 370.001 65.16923286848558
C10 400.009 84.07411403007218
C10 429.983 89.05959291494199
C10 449.989 89.14586746301528
C10 469.993 88.19583066738322
C10 500.016 87.60215181518966
C10 549.99 88.75298876151416
C10 569.998 89.68349610248414
C10 599.983 91.78540167447876
C10 630.013 93.79361406637459
C10 649.987 94.74068340919645
C10 670.017 95.77658804617145
C10 699.987 97.3976532888214
C10 720.012 98.25865143693512
C10 749.995 99.26471585047354
C10 770.007 99.8226271052162
C10 800.008 100.49760211383955
C10 830.013 100.2376186022776
C10 869.994 97.45149674095374
C10 900.005 92.02096018740241
C10 919.989 85.55788562481048
C10 959.989 72.7426996525523
C10 1000.013 37.843213951743046
C10 1030.002 16.452064880277803
C10 1049.996 8.86452905598403
C10 1080.005 0.6881547767346978
C10 1100.007 0.09361049358994049
C11 319.992 48.23487217598094
C11 330.006 49.83957877014419
C11 349.994 55.03094917144172
C11 370.001 64.96904277788863
C11 400.009 84.08766338947714
C11 429.983 89.18988216916459
C11 449.989 89.28433604148123
C11 469.993 88.28944099981473
C11 500.016 87.63249665623613
C11 549.99 88.69579374465964
C11 569.998 89.61131318945625
C11 599.983 91.68962223948549
C11 630.013 93.67975124509375
C11 649.987 94.60876732805251
C11 670.017 95.62038253529934
C11 699.987 97.22813942994009
C11 720.012 98.09478628264175
C11 749.995 99.10347169510896
C11 770.007 99.66336376226047
C11 800.008 100.35393672715269
C11 830.013 100.13369750107155
C11 869.994 97.34428432787445
C11 900.005 91.86878408580303
C11 919.989 85.54442664467892
C11 959.989 73.08915353394659
C11 1000.013 37.9473798301479
C11 1030.002 16.425849242285125
C11 1049.996 8.879188385840527
C11 1080.005 0.6870369531753879
C11 1100.007 0.09345843475278472
C12 319.992 48.09563160788797
C12 330.006 49.605846671703986
C12 349.994 54.68156549526782
C12 370.001 64.61022953085592
C12 400.009 84.00479312736886
C12 429.983 89.34052182311603
C12 449.989 89.49410633505934
C12 469.993 88.51143509012118
C12 500.016 87.82037257083135
C12 549.99 88.81848360830992
C12 569.998 89.70221214368556
C12 599.983 91.74381214549922
C12 630.013 93.70893621879816
C12 649.987 94.63573047795232
C12 670.017 95.65513336592441
C12 699.987 97.26900592473237
C12 720.012 98.13571303028299
C12 749.995 99.1522915659611
C12 770.007 99.71634107968933
C12 800.008 100.41171920928436
C12 830.013 100.19171346299287
C12 869.994 97.37936654916868
C12 900.005 91.85282461244054
C12 919.989 85.5036806555845
C12 959.989 73.13833492189234
C12 1000.013 37.911909731138635
C12 1030.002 16.423038070301857
C12 1049.996 8.859706003716685
C12 1080.005 0.687375405463199
C12 1100.007 0.09350447481061729
C13 319.992 48.26842171543031
C13 330.006 49.515482461509016
C13 349.994 54.22714227437946
C13 370.001 63.902846021109966
C13 400.009 83.51073482928838
C13 429.983 89.16835683888144
C13 449.989 89.44072231090016
C13 469.993 88.49930167266626
C13 500.016 87.78695483448904
C13 549.99 88.68105439148815
C13 569.998 89.5298965273286
C13 599.983 91.53249787266707
C13 630.013 93.47803223845499
C13 649.987 94.3981685578015
C13 670.017 95.40958794328927
C13 699.987 97.0274597849455
C13 720.012 97.9060668281614
C13 749.995 98.94673897180864
C13 770.007 99.52377297448305
C13 800.008 100.2410605462732
C13 830.013 100.02233517302165
C13 869.994 97.20940079392032
C13 900.005 91.64737746077374
C13 919.989 85.19268557579032
C13 959.989 72.749681451423
C13 1000.013 37.68695571962811
C13 1030.002 16.285262399598693
C13 1049.996 8.763363581166136
C13 1080.005 0.6859504345986761
C13 1100.007 0.09331063436877335
C14 319.992 48.62693746402139
C14 330.006 49.610060605326595
C14 349.994 53.96003009762753
C14 370.001 63.41552097889832
C14 400.009 83.2692715371688
C14 429.983 89.23323409397557
C14 449.989 89.59924002485027
C14 469.993 88.6822142588302
C14 500.016 87.9472801339073
C14 549.99 88.73126007786585
C14 569.998 89.54037299143772
C14 599.983 91.52378380438938
C14 630.013 93.45756886463438
C14 649.987 94.37650765860823
C14 670.017 95.40281702938985
C14 699.987 97.02263955703046
C14 720.012 97.90383747275068
C14 749.995 98.95935441205506
C14 770.007 99.5680663500587
C14 800.008 100.3032640811957
C14 830.013 100.10699042577973
C14 869.994 97.36651009752651
C14 900.005 91.8303804262111
C14 919.989 85.36277183673656
C14 959.989 72.88597339572107
C14 1000.013 37.779560582642965
C14 1030.002 16.3192450063998
C14 1049.996 8.757461626322494
C14 1080.005 0.686037931914214
C14 1100.007 0.09332253673023652
C15 319.992 48.57295467717588
C15 330.006 49.41943188869551
C15 349.994 53.594988212335835
C15 370.001 62.92485566937368
C15 400.009 82.8850767775209
C15 429.983 89.05527730463679
C15 449.989 89.51813215857344
C15 469.993 88.62959092688887
C15 500.016 87.90633079144772
C15 549.99 88.62910137249123
C15 569.998 89.41418846254903
C15 599.983 91.3531552678027
C15 630.013 93.25639966524217
C15 649.987 94.16357409046087
C15 670.017 95.16987951539502
C15 699.987 96.78418890735779
C15 720.012 97.67605910894618
C15 749.995 98.74309187400385
C15 770.007 99.34412157376788
C15 800.008 100.09015728610764
C15 830.013 99.93893016687903
C15 869.994 97.29160827469029
C15 900.005 91.82972517647889
C15 919.989 85.43359906066334
C15 959.989 72.98134612398403
C15 1000.013 37.84225743776615
C15 1030.002 16.37431422742773
C15 1049.996 8.784492560677364
C15 1080.005 0.6845386865427526
C15 1100.007 0.09311859264094184
C16 319.992 48.51188841477708
C16 330.006 49.299604035369796
C16 349.994 53.37444019040391
C16 370.001 62.62271399257034
C16 400.009 82.67133732751898
C16 429.983 89.07806794474764
C16 449.989 89.64913691537717
C16 469.993 88.81100472343547
C16 500.016 88.09273804285007
C16 549.99 88.74121686115288
C16 569.998 89.49788720133022
C16 599.983 91.40175672207742
C16 630.013 93.28404065969255
C16 649.987 94.19072553051362
C16 670.017 95.1997046756194
C16 699.987 96.81836733591794
C16 720.012 97.72011147312608
C16 749.995 98.7971989323503
C16 770.007 99.41227507752302
C16 800.008 100.175023423837
C16 830.013 100.0573797362853
C16 869.994 97.4527846455998
C16 900.005 92.04133318194961
C16 919.989 85.69270890591567
C16 959.989 73.29703339438926
C16 1000.013 37.96334683511651
C16 1030.002 16.433102178976053
C16 1049.996 8.817182555578597
C16 1080.005 0.6849138038728227
C16 1100.007 0.0931696202870604
C17 319.992 48.858903400827096
C17 330.006 49.394332811309724
C17 349.994 53.04507552328971
C17 370.001 61.837630668315605
C17 400.009 81.8269388392877
C17 429.983 88.74784467453607
C17 449.989 89.5979897782348
C17 469.993 88.94050315901576
C17 500.016 88.29310136038772
C17 549.99 88.83394599566867
C17 569.998 89.51066833691122
C17 599.983 91.3083572746172
C17 630.013 93.1125987096452
C17 649.987 93.98141466490864
C17 670.017 94.97155726311514
C17 699.987 96.57420772880837
C17 720.012 97.45990954498674
C17 749.995 98.54635125900862
C17 770.007 99.17125615016437
C17 800.008 99.9648690183469
C17 830.013 99.88322640803572
C17 869.994 97.2927078891834
C17 900.005 91.86134285895918
C17 919.989 85.61499026239159
C17 959.989 73.67097763811157
C17 1000.013 37.98939489487308
C17 1030.002 16.488386050778324
C17 1049.996 8.858114010473649
C17 1080.005 0.6831748143226349
C17 1100.007 0.09293306351866411
