lsstCam/transmission_sensor/r03_s12/19700101T000000.ecsv
# %ECSV 1.0
# ---
# datatype:
# - {name: amp_name, datatype: string}
# - {name: wavelength, unit: nm, datatype: float32}
# - {name: efficiency, unit: '%', datatype: float64}
# meta: !!omap
# - {MODE: AMP}
# - {TYPE: transmission_sensor}
# - {CALIBDATE: '1970-01-01T00:00:00'}
# - {INSTRUME: LSSTCAM}
# - {OBSTYPE: transmission_sensor}
# - {DETECTOR: 23}
# - {PARQUETFILE: qe_raft_allvalues_nircorrected_20230725.parquet}
# - {CALIBCLS: lsst.ip.isr.IntermediateSensorTransmissionCurve}
# - {CALIB_ID: 'raftName=R03 detectorName=S12 detector=23 calibDate=1970-01-01T00:00:00 ccd=23 ccdnum=23 filter=None'}
# - {DATE: '2023-08-02T16:57:55.552252'}
# - {CALIB_CREATION_DATE: '2023-08-02'}
# - {CALIB_CREATION_TIME: '16:57:55'}
# - __serialized_columns__:
#     efficiency:
#       __class__: astropy.units.quantity.Quantity
#       unit: !astropy.units.Unit {unit: '%'}
#       value: !astropy.table.SerializedColumn {name: efficiency}
#     wavelength:
#       __class__: astropy.units.quantity.Quantity
#       unit: !astropy.units.Unit {unit: nm}
#       value: !astropy.table.SerializedColumn {name: wavelength}
# schema: astropy-2.0
amp_name wavelength efficiency
C00 319.992 48.88246154785156
C00 330.006 50.71843338012695
C00 349.994 56.0675048828125
C00 370.001 66.24622344970703
C00 400.009 85.2799072265625
C00 429.983 90.17642211914062
C00 449.989 90.08738708496094
C00 469.993 89.2067642211914
C00 500.016 88.563720703125
C00 549.99 89.76768493652344
C00 569.998 90.59439086914062
C00 599.983 92.7166976928711
C00 630.013 94.73451232910156
C00 649.987 95.6900863647461
C00 670.017 96.8231430053711
C00 699.987 98.48395538330078
C00 720.012 99.22759246826172
C00 749.995 100.23278045654297
C00 770.007 100.8842544555664
C00 800.008 101.57841491699219
C00 830.013 101.15177917480469
C00 869.994 98.2319564819336
C00 900.005 92.88272857666016
C00 919.989 86.32474517822266
C00 959.989 73.27460479736328
C00 1000.013 38.20769119262695
C00 1030.002 16.667617797851562
C00 1049.996 8.870739936828613
C00 1080.005 0.6948659900237542
C00 1100.007 0.09452342772890981
C01 319.992 48.98368453979492
C01 330.006 50.6576042175293
C01 349.994 55.79425811767578
C01 370.001 65.8725814819336
C01 400.009 85.242919921875
C01 429.983 90.4181137084961
C01 449.989 90.40445709228516
C01 469.993 89.51336669921875
C01 500.016 88.82211303710938
C01 549.99 89.93496704101562
C01 569.998 90.74728393554688
C01 599.983 92.8644027709961
C01 630.013 94.88973999023438
C01 649.987 95.83607482910156
C01 670.017 96.9453125
C01 699.987 98.61762237548828
C01 720.012 99.37664031982422
C01 749.995 100.40245056152344
C01 770.007 101.05130767822266
C01 800.008 101.78292846679688
C01 830.013 101.41357421875
C01 869.994 98.45938873291016
C01 900.005 93.06770324707031
C01 919.989 86.54263305664062
C01 959.989 73.68811798095703
C01 1000.013 38.24322509765625
C01 1030.002 16.644386291503906
C01 1049.996 8.922699928283691
C01 1080.005 0.6960422380023127
C01 1100.007 0.09468343410767754
C02 319.992 49.08305358886719
C02 330.006 50.53852462768555
C02 349.994 55.3800163269043
C02 370.001 65.30838012695312
C02 400.009 84.98831176757812
C02 429.983 90.47694396972656
C02 449.989 90.53353881835938
C02 469.993 89.66712188720703
C02 500.016 88.93801879882812
C02 549.99 89.9710693359375
C02 569.998 90.744873046875
C02 599.983 92.83419036865234
C02 630.013 94.84687805175781
C02 649.987 95.79981994628906
C02 670.017 96.94304656982422
C02 699.987 98.63320922851562
C02 720.012 99.38739013671875
C02 749.995 100.42327880859375
C02 770.007 101.09587097167969
C02 800.008 101.842041015625
C02 830.013 101.4836196899414
C02 869.994 98.51959991455078
C02 900.005 93.09081268310547
C02 919.989 86.68992614746094
C02 959.989 74.07281494140625
C02 1000.013 38.3026237487793
C02 1030.002 16.66999626159668
C02 1049.996 8.93485164642334
C02 1080.005 0.6961866580550798
C02 1100.007 0.09470307973520332
C03 319.992 48.99557113647461
C03 330.006 50.278377532958984
C03 349.994 54.8895263671875
C03 370.001 64.66510009765625
C03 400.009 84.5381088256836
C03 429.983 90.29210662841797
C03 449.989 90.43928527832031
C03 469.993 89.60303497314453
C03 500.016 88.84869384765625
C03 549.99 89.77513885498047
C03 569.998 90.5114517211914
C03 599.983 92.55309295654297
C03 630.013 94.53719329833984
C03 649.987 95.48091125488281
C03 670.017 96.61029815673828
C03 699.987 98.29331970214844
C03 720.012 99.05169677734375
C03 749.995 100.1082534790039
C03 770.007 100.80164337158203
C03 800.008 101.57525634765625
C03 830.013 101.2474365234375
C03 869.994 98.33958435058594
C03 900.005 92.93023681640625
C03 919.989 86.58104705810547
C03 959.989 74.14600372314453
C03 1000.013 38.32257843017578
C03 1030.002 16.651811599731445
C03 1049.996 8.918914794921875
C03 1080.005 0.6940027720501996
C03 1100.007 0.09440600318531574
C04 319.992 49.24477767944336
C04 330.006 50.283599853515625
C04 349.994 54.60219192504883
C04 370.001 64.21360778808594
C04 400.009 84.31689453125
C04 429.983 90.3377685546875
C04 449.989 90.57044219970703
C04 469.993 89.71845245361328
C04 500.016 88.9145736694336
C04 549.99 89.75436401367188
C04 569.998 90.4767837524414
C04 599.983 92.51531219482422
C04 630.013 94.504638671875
C04 649.987 95.45368194580078
C04 670.017 96.58203125
C04 699.987 98.27532196044922
C04 720.012 99.05174255371094
C04 749.995 100.12812042236328
C04 770.007 100.82653045654297
C04 800.008 101.62199401855469
C04 830.013 101.33943939208984
C04 869.994 98.49812316894531
C04 900.005 93.1362075805664
C04 919.989 86.78377532958984
C04 959.989 74.47947692871094
C04 1000.013 38.48656463623047
C04 1030.002 16.724313735961914
C04 1049.996 8.924732208251953
C04 1080.005 0.6941405150356417
C04 1100.007 0.0944247405236177
C05 319.992 49.067745208740234
C05 330.006 50.01859664916992
C05 349.994 54.20036315917969
C05 370.001 63.70261001586914
C05 400.009 83.86121368408203
C05 429.983 90.0621109008789
C05 449.989 90.37115478515625
C05 469.993 89.55841827392578
C05 500.016 88.77220916748047
C05 549.99 89.54238891601562
C05 569.998 90.23314666748047
C05 599.983 92.24125671386719
C05 630.013 94.2071304321289
C05 649.987 95.14979553222656
C05 670.017 96.269287109375
C05 699.987 97.96141052246094
C05 720.012 98.73931121826172
C05 749.995 99.8175277709961
C05 770.007 100.51280975341797
C05 800.008 101.31697845458984
C05 830.013 101.0516128540039
C05 869.994 98.28638458251953
C05 900.005 92.96823120117188
C05 919.989 86.66138458251953
C05 959.989 74.44642639160156
C05 1000.013 38.45429992675781
C05 1030.002 16.7884521484375
C05 1049.996 8.92436408996582
C05 1080.005 0.6919873260676676
C05 1100.007 0.09413183972731591
C06 319.992 49.36421203613281
C06 330.006 50.1347541809082
C06 349.994 53.998966217041016
C06 370.001 63.2839241027832
C06 400.009 83.55960845947266
C06 429.983 90.0292739868164
C06 449.989 90.41752624511719
C06 469.993 89.69967651367188
C06 500.016 88.93152618408203
C06 549.99 89.6113510131836
C06 569.998 90.2292251586914
C06 599.983 92.19868469238281
C06 630.013 94.14584350585938
C06 649.987 95.08431243896484
C06 670.017 96.2378158569336
C06 699.987 97.94232177734375
C06 720.012 98.69376373291016
C06 749.995 99.7911148071289
C06 770.007 100.53313446044922
C06 800.008 101.3697738647461
C06 830.013 101.08958435058594
C06 869.994 98.36547088623047
C06 900.005 93.03484344482422
C06 919.989 86.79083251953125
C06 959.989 74.55667877197266
C06 1000.013 38.45936965942383
C06 1030.002 16.80891990661621
C06 1049.996 8.940094947814941
C06 1080.005 0.6918042717801615
C06 1100.007 0.09410693863996386
C07 319.992 49.49970245361328
C07 330.006 50.02336883544922
C07 349.994 53.50605773925781
C07 370.001 62.28852462768555
C07 400.009 82.5210952758789
C07 429.983 89.53010559082031
C07 449.989 90.22492218017578
C07 469.993 89.6412124633789
C07 500.016 88.981201171875
C07 549.99 89.6015625
C07 569.998 90.212646484375
C07 599.983 92.0797348022461
C07 630.013 93.94023132324219
C07 649.987 94.82955169677734
C07 670.017 95.93647003173828
C07 699.987 97.59813690185547
C07 720.012 98.38558197021484
C07 749.995 99.47834777832031
C07 770.007 100.2134017944336
C07 800.008 101.04702758789062
C07 830.013 100.83238220214844
C07 869.994 98.13246154785156
C07 900.005 92.66585540771484
C07 919.989 86.53419494628906
C07 959.989 74.69351196289062
C07 1000.013 38.385986328125
C07 1030.002 16.835693359375
C07 1049.996 8.982155799865723
C07 1080.005 0.6896360020531612
C07 1100.007 0.09381198639049503
C10 319.992 49.309539794921875
C10 330.006 50.902931213378906
C10 349.994 56.08722686767578
C10 370.001 66.01537322998047
C10 400.009 85.16571044921875
C10 429.983 90.2159194946289
C10 449.989 90.30331420898438
C10 469.993 89.3409423828125
C10 500.016 88.73955535888672
C10 549.99 89.90533447265625
C10 569.998 90.8479232788086
C10 599.983 92.97711944580078
C10 630.013 95.01140594482422
C10 649.987 95.97077178955078
C10 670.017 97.02012634277344
C10 699.987 98.66223907470703
C10 720.012 99.53441619873047
C10 749.995 100.55354309082031
C10 770.007 101.11869812011719
C10 800.008 101.80243682861328
C10 830.013 101.53907775878906
C10 869.994 98.71678161621094
C10 900.005 93.21573638916016
C10 919.989 86.66874694824219
C10 959.989 73.68717193603516
C10 1000.013 38.33456039428711
C10 1030.002 16.665674209594727
C10 1049.996 8.979623794555664
C10 1080.005 0.6970895992870177
C10 1100.007 0.09482590787977495
C11 319.992 48.861141204833984
C11 330.006 50.4866828918457
C11 349.994 55.74545669555664
C11 370.001 65.81258392333984
C11 400.009 85.17943572998047
C11 429.983 90.347900390625
C11 449.989 90.4435806274414
C11 469.993 89.4357681274414
C11 500.016 88.77029418945312
C11 549.99 89.84739685058594
C11 569.998 90.7748031616211
C11 599.983 92.88009643554688
C11 630.013 94.89606475830078
C11 649.987 95.83714294433594
C11 670.017 96.86189270019531
C11 699.987 98.49052429199219
C11 720.012 99.36842346191406
C11 749.995 100.39020538330078
C11 770.007 100.95736694335938
C11 800.008 101.65690612792969
C11 830.013 101.43380737304688
C11 869.994 98.6081771850586
C11 900.005 93.06158447265625
C11 919.989 86.65511322021484
C11 959.989 74.03812408447266
C11 1000.013 38.44007873535156
C11 1030.002 16.639118194580078
C11 1049.996 8.994473457336426
C11 1080.005 0.6959572621974892
C11 1100.007 0.09467187475024567
C12 319.992 48.7200927734375
C12 330.006 50.249916076660156
C12 349.994 55.391536712646484
C12 370.001 65.44911193847656
C12 400.009 85.09548950195312
C12 429.983 90.50049591064453
C12 449.989 90.65607452392578
C12 469.993 89.66064453125
C12 500.016 88.96060943603516
C12 549.99 89.9716796875
C12 569.998 90.86688232421875
C12 599.983 92.93498992919922
C12 630.013 94.92562866210938
C12 649.987 95.86445617675781
C12 670.017 96.8970947265625
C12 699.987 98.53192138671875
C12 720.012 99.40988159179688
C12 749.995 100.43965911865234
C12 770.007 101.01103210449219
C12 800.008 101.71543884277344
C12 830.013 101.4925765991211
C12 869.994 98.64371490478516
C12 900.005 93.04541778564453
C12 919.989 86.61383819580078
C12 959.989 74.08794403076172
C12 1000.013 38.40414810180664
C12 1030.002 16.63627052307129
C12 1049.996 8.974738121032715
C12 1080.005 0.6963001088617344
C12 1100.007 0.09471851258020879
C13 319.992 48.89512634277344
C13 330.006 50.15837860107422
C13 349.994 54.93121337890625
C13 370.001 64.7325439453125
C13 400.009 84.59501647949219
C13 429.983 90.32609558105469
C13 449.989 90.60199737548828
C13 469.993 89.64835357666016
C13 500.016 88.9267578125
C13 549.99 89.83246612548828
C13 569.998 90.69232940673828
C13 599.983 92.72093200683594
C13 630.013 94.69172668457031
C13 649.987 95.62380981445312
C13 670.017 96.64836120605469
C13 699.987 98.28723907470703
C13 720.012 99.17725372314453
C13 749.995 100.23143768310547
C13 770.007 100.81596374511719
C13 800.008 101.54256439208984
C13 830.013 101.32099914550781
C13 869.994 98.47154235839844
C13 900.005 92.8373031616211
C13 919.989 86.2988052368164
C13 959.989 73.69424438476562
C13 1000.013 38.176273345947266
C13 1030.002 16.496706008911133
C13 1049.996 8.877144813537598
C13 1080.005 0.6948566365463067
C13 1100.007 0.09452215536450831
C14 319.992 49.258296966552734
C14 330.006 50.25418472290039
C14 349.994 54.6606330871582
C14 370.001 64.2388916015625
C14 400.009 84.35041809082031
C14 429.983 90.39181518554688
C14 449.989 90.7625732421875
C14 469.993 89.8336410522461
C14 500.016 89.08916473388672
C14 549.99 89.8833236694336
C14 569.998 90.70294189453125
C14 599.983 92.71210479736328
C14 630.013 94.6709976196289
C14 649.987 95.60186767578125
C14 670.017 96.6415023803711
C14 699.987 98.28235626220703
C14 720.012 99.17499542236328
C14 749.995 100.24421691894531
C14 770.007 100.86083221435547
C14 800.008 101.60557556152344
C14 830.013 101.40675354003906
C14 869.994 98.63069152832031
C14 900.005 93.0226821899414
C14 919.989 86.47109985351562
C14 959.989 73.83230590820312
C14 1000.013 38.27008056640625
C14 1030.002 16.531129837036133
C14 1049.996 8.871166229248047
C14 1080.005 0.6949452699042213
C14 1100.007 0.09453421226313553
C15 319.992 49.20361328125
C15 330.006 50.06108093261719
C15 349.994 54.29085159301758
C15 370.001 63.74185562133789
C15 400.009 83.96123504638672
C15 429.983 90.2115478515625
C15 449.989 90.68041229248047
C15 469.993 89.78033447265625
C15 500.016 89.04768371582031
C15 549.99 89.77983856201172
C15 569.998 90.57511901855469
C15 599.983 92.53926086425781
C15 630.013 94.46721649169922
C15 649.987 95.38616943359375
C15 670.017 96.4055404663086
C15 699.987 98.04080963134766
C15 720.012 98.94425964355469
C15 749.995 100.025146484375
C15 770.007 100.63397979736328
C15 800.008 101.38970184326172
C15 830.013 101.23651123046875
C15 869.994 98.55481719970703
C15 900.005 93.02201843261719
C15 919.989 86.5428466796875
C15 959.989 73.92891693115234
C15 1000.013 38.33359146118164
C15 1030.002 16.5869140625
C15 1049.996 8.898548126220703
C15 1080.005 0.6934265587209844
C15 1100.007 0.09432762021685495
C16 319.992 49.141754150390625
C16 330.006 49.939697265625
C16 349.994 54.067440032958984
C16 370.001 63.435791015625
C16 400.009 83.74472045898438
C16 429.983 90.23463439941406
C16 449.989 90.81311798095703
C16 469.993 89.96410369873047
C16 500.016 89.23651123046875
C16 549.99 89.8934097290039
C16 569.998 90.65990447998047
C16 599.983 92.58849334716797
C16 630.013 94.4952163696289
C16 649.987 95.4136734008789
C16 670.017 96.43575286865234
C16 699.987 98.07543182373047
C16 720.012 98.98888397216797
C16 749.995 100.0799560546875
C16 770.007 100.70301818847656
C16 800.008 101.47566986083984
C16 830.013 101.35649871826172
C16 869.994 98.71808624267578
C16 900.005 93.23637390136719
C16 919.989 86.8053207397461
C16 959.989 74.24870300292969
C16 1000.013 38.45625305175781
C16 1030.002 16.646465301513672
C16 1049.996 8.931662559509277
C16 1080.005 0.6938065464768567
C16 1100.007 0.0943793103926525
C17 319.992 49.4932746887207
C17 330.006 50.0356559753418
C17 349.994 53.73379898071289
C17 370.001 62.6405143737793
C17 400.009 82.88935852050781
C17 429.983 89.9001235961914
C17 449.989 90.76130676269531
C17 469.993 90.09528350830078
C17 500.016 89.4394760131836
C17 549.99 89.98734283447266
C17 569.998 90.6728515625
C17 599.983 92.49388122558594
C17 630.013 94.32154846191406
C17 649.987 95.20164489746094
C17 670.017 96.20464324951172
C17 699.987 97.8281021118164
C17 720.012 98.72530364990234
C17 749.995 99.82585144042969
C17 770.007 100.45886993408203
C17 800.008 101.26278686523438
C17 830.013 101.18008422851562
C17 869.994 98.5559310913086
C17 900.005 93.05404663085938
C17 919.989 86.72659301757812
C17 959.989 74.62750244140625
C17 1000.013 38.48263931274414
C17 1030.002 16.70246696472168
C17 1049.996 8.973125457763672
C17 1080.005 0.6920449783388619
C17 1100.007 0.09413968223273118
