lsstCam/transmission_sensor/r03_s12/19700101T000000.ecsv
# %ECSV 1.0
# ---
# datatype:
# - {name: amp_name, datatype: string}
# - {name: wavelength, unit: nm, datatype: float32}
# - {name: efficiency, unit: '%', datatype: float64}
# meta: !!omap
# - {MODE: AMP}
# - {TYPE: transmission_sensor}
# - {CALIBDATE: '1970-01-01T00:00:00'}
# - {INSTRUME: LSSTCAM}
# - {OBSTYPE: transmission_sensor}
# - {DETECTOR: 23}
# - {PARQUETFILE: qe_raft_allvalues_nircorrected_20230725.parquet}
# - {CALIBCLS: lsst.ip.isr.IntermediateSensorTransmissionCurve}
# - {CALIB_ID: 'raftName=R03 detectorName=S12 detector=23 calibDate=1970-01-01T00:00:00 ccd=23 ccdnum=23 filter=None'}
# - {DATE: '2024-01-18T22:42:25.052793'}
# - {CALIB_CREATION_DATE: '2024-01-18'}
# - {CALIB_CREATION_TIME: '22:42:25'}
# - __serialized_columns__:
#     efficiency:
#       __class__: astropy.units.quantity.Quantity
#       unit: !astropy.units.Unit {unit: '%'}
#       value: !astropy.table.SerializedColumn {name: efficiency}
#     wavelength:
#       __class__: astropy.units.quantity.Quantity
#       unit: !astropy.units.Unit {unit: nm}
#       value: !astropy.table.SerializedColumn {name: wavelength}
# schema: astropy-2.0
amp_name wavelength efficiency
C00 319.992 47.884011655617854
C00 330.006 50.6996019328962
C00 349.994 57.31269889994364
C00 370.001 67.71859214535891
C00 400.009 83.5559549192936
C00 429.983 85.99104295373294
C00 449.989 85.61539867532045
C00 469.993 85.34355911310013
C00 500.016 85.38164258897194
C00 549.99 87.32003951694624
C00 569.998 88.29944925378618
C00 599.983 90.48212498885314
C00 630.013 92.28645971148369
C00 649.987 93.42295178710768
C00 670.017 94.59100165183558
C00 699.987 95.82583995761387
C00 720.012 96.39391273269194
C00 749.995 98.05138316303763
C00 770.007 99.23078018168911
C00 800.008 99.79585513456375
C00 830.013 99.25375992228882
C00 869.994 95.97540492503892
C00 900.005 88.62327081373138
C00 919.989 80.31699413366537
C00 959.989 58.058830726014534
C00 1000.013 30.933572891787627
C00 1030.002 12.929728145913614
C00 1049.996 6.050098783576385
C00 1080.005 0.5023921830273828
C00 1100.007 0.12126723139570501
C01 319.992 47.983167114908454
C01 330.006 50.638795355798315
C01 349.994 57.033383642230696
C01 370.001 67.33664572326214
C01 400.009 83.51971532120346
C01 429.983 86.22151685537392
C01 449.989 85.91672914969028
C01 469.993 85.63688380586522
C01 500.016 85.63075093415922
C01 549.99 87.4827604335552
C01 569.998 88.44846922542983
C01 599.983 90.62627021482598
C01 630.013 92.4376761049927
C01 649.987 93.56548142403336
C01 670.017 94.71035467539531
C01 699.987 95.95589923225533
C01 720.012 96.53870416861344
C01 749.995 98.21736068455282
C01 770.007 99.39509543291939
C01 800.008 99.99677975625669
C01 830.013 99.51064262521872
C01 869.994 96.19761267862778
C01 900.005 88.79976283286828
C01 919.989 80.51971815464641
C01 959.989 58.38647619057402
C01 1000.013 30.96234172358675
C01 1030.002 12.911706550677971
C01 1049.996 6.08553698640227
C01 1080.005 0.5032426172092447
C01 1100.007 0.12147250887055985
C02 319.992 48.080506499082595
C02 330.006 50.519759979485286
C02 349.994 56.60994202349126
C02 370.001 66.7599045981656
C02 400.009 83.27025412741962
C02 429.983 86.27761661406433
C02 449.989 86.03940318650211
C02 469.993 85.7839804424217
C02 500.016 85.74249222328422
C02 549.99 87.51787834732852
C02 569.998 88.4461194095097
C02 599.983 90.59678596405881
C02 630.013 92.39592177005052
C02 649.987 93.53008550897349
C02 670.017 94.70814098352014
C02 699.987 95.97106539082226
C02 720.012 96.54914699893762
C02 749.995 98.23773563997962
C02 770.007 99.4389283422378
C02 800.008 100.05485496213883
C02 830.013 99.57937375815571
C02 869.994 96.25644070919883
C02 900.005 88.8218125060366
C02 919.989 80.65676041624731
C02 959.989 58.69128923964197
C02 1000.013 31.010431844890476
C02 1030.002 12.931573213997263
C02 1049.996 6.09382480632018
C02 1080.005 0.5033470337537646
C02 1100.007 0.12149771289580866
C03 319.992 47.99481092162221
C03 330.006 50.259709475799895
C03 349.994 56.10855885273219
C03 370.001 66.10232721985238
C03 400.009 82.82915213820736
C03 429.983 86.10135817108772
C03 449.989 85.94982844504142
C03 469.993 85.72266888845581
C03 500.016 85.65637670109653
C03 549.99 87.32729019356427
C03 569.998 88.21861112445792
C03 599.983 90.32246330363817
C03 630.013 92.09423963946347
C03 649.987 93.21873255242821
C03 670.017 94.38306368572871
C03 699.987 95.64034959828359
C03 720.012 96.22304016127663
C03 749.995 97.92956630498777
C03 770.007 99.14952307809388
C03 800.008 99.79275199372286
C03 830.013 99.34762234955859
C03 869.994 96.08056040239141
C03 900.005 88.66860039934348
C03 919.989 80.55545874239947
C03 959.989 58.74928006882129
C03 1000.013 31.026587481942673
C03 1030.002 12.917466654967985
C03 1049.996 6.082955417005458
C03 1080.005 0.5017680713736411
C03 1100.007 0.12111658356540841
C04 319.992 48.23892729036298
C04 330.006 50.26492985734053
C04 349.994 55.814843047110074
C04 370.001 65.6408001776087
C04 400.009 82.61240973997643
C04 429.983 86.14490077979764
C04 449.989 86.07447466330683
C04 469.993 85.83308807755056
C04 500.016 85.71988947305508
C04 549.99 87.30708180827163
C04 569.998 88.18482136641656
C04 599.983 90.28559309914347
C04 630.013 92.06252626331569
C04 649.987 93.19214837295668
C04 670.017 94.35544843859897
C04 699.987 95.6228376217494
C04 720.012 96.22308463039086
C04 749.995 97.9490008778564
C04 770.007 99.1740022683347
C04 800.008 99.83866948355688
C04 830.013 99.43789886977285
C04 869.994 96.23545732019002
C04 900.005 88.86512566396048
C04 919.989 80.74407818585016
C04 959.989 59.01350618709492
C04 1000.013 31.15935340157561
C04 1030.002 12.973709420000597
C04 1049.996 6.086923059565437
C04 1080.005 0.5018676603593542
C04 1100.007 0.12114062231637415
C05 319.992 48.06551080064155
C05 330.006 50.00002504708009
C05 349.994 55.404090132106475
C05 370.001 65.11844512215097
C05 400.009 82.16594058256518
C05 429.983 85.88203728851981
C05 449.989 85.88507998776088
C05 469.993 85.67998436850434
C05 500.016 85.58264010134152
C05 549.99 87.10088651742683
C05 569.998 87.94735610820953
C05 599.983 90.01814265171731
C05 630.013 91.77270599078626
C05 649.987 92.89546177936447
C05 670.017 94.0499142387763
C05 699.987 95.3173987601556
C05 720.012 95.91957551427598
C05 749.995 97.6451677513272
C05 770.007 98.86542338951716
C05 800.008 99.53900651815133
C05 830.013 99.15547312952881
C05 869.994 96.0285827215536
C05 900.005 88.70485242059742
C05 919.989 80.63020519503893
C05 959.989 58.987318730407246
C05 1000.013 31.13323136407083
C05 1030.002 13.023464114827274
C05 1049.996 6.086671992347707
C05 1080.005 0.5003108921168128
C05 1100.007 0.1207648501983445
C06 319.992 48.35592213773172
C06 330.006 50.116139450230136
C06 349.994 55.19822039832238
C06 370.001 64.69045362152153
C06 400.009 81.87043237470641
C06 429.983 85.85072444175499
C06 449.989 85.92914954244746
C06 469.993 85.81512525203746
C06 500.016 85.73623288698582
C06 549.99 87.16796826353776
C06 569.998 87.94353393927615
C06 599.983 89.97659666199993
C06 630.013 91.71300279167794
C06 649.987 92.83153014237816
C06 670.017 94.0191685182877
C06 699.987 95.29882522675646
C06 720.012 95.8753287456206
C06 749.995 97.6193296210387
C06 770.007 98.88541497835884
C06 800.008 99.59087544235169
C06 830.013 99.1927321262206
C06 869.994 96.10585228122157
C06 900.005 88.76840993014926
C06 919.989 80.7506442322596
C06 959.989 59.07467674901148
C06 1000.013 31.137335902713993
C06 1030.002 13.039341761664193
C06 1049.996 6.097400888089814
C06 1080.005 0.5001785427941621
C06 1100.007 0.1207329037698825
C07 319.992 48.4886450924362
C07 330.006 50.00479546147552
C07 349.994 54.694364997025964
C07 370.001 63.67293069620312
C07 400.009 80.85291296628445
C07 429.983 85.37472406413372
C07 449.989 85.74610645128871
C07 469.993 85.75919305703263
C07 500.016 85.78412306164964
C07 549.99 87.15844664828603
C07 569.998 87.9273752367621
C07 599.983 89.860513592881
C07 630.013 91.51270387272248
C07 649.987 92.58280531163749
C07 670.017 93.72476985941292
C07 699.987 94.96393001802925
C07 720.012 95.57594784560975
C07 749.995 97.31336943872319
C07 770.007 98.57092267161066
C07 800.008 99.2737929133852
C07 830.013 98.9403561373772
C07 869.994 95.8781955552116
C07 900.005 88.41634311169031
C07 919.989 80.51186729266928
C07 959.989 59.183095963160454
C07 1000.013 31.077923555175637
C07 1030.002 13.060110984350787
C07 1049.996 6.126087594231669
C07 1080.005 0.49861087107446456
C07 1100.007 0.1203544997747417
C10 319.992 48.30236660569656
C10 330.006 50.88403126321974
C10 349.994 57.33285888713303
C10 370.001 67.48261111787895
C10 400.009 83.44406665522322
C10 429.983 86.02870712838477
C10 449.989 85.82060705583045
C10 469.993 85.47192652971893
C10 500.016 85.5511595380546
C10 549.99 87.4539358399171
C10 569.998 88.54655916784259
C10 599.983 90.73627029584472
C10 630.013 92.55619806642433
C10 649.987 93.69698708067946
C10 670.017 94.78344377481619
C10 699.987 95.99931171159913
C10 720.012 96.69197438231409
C10 749.995 98.36516493996389
C10 770.007 99.46138135793386
C10 800.008 100.01594577347927
C10 830.013 99.63379120781467
C10 869.994 96.44909281894401
C10 900.005 88.94100740483418
C10 919.989 80.63705517859042
C10 959.989 58.38572659578425
C10 1000.013 31.036288276433392
C10 1030.002 12.928220427888563
C10 1049.996 6.124360694068268
C10 1080.005 0.5039998655561142
C10 1100.007 0.12165529318450058
C11 319.992 47.86312679177858
C11 330.006 50.467937492168076
C11 349.994 56.9834983973344
C11 370.001 67.2753146769239
C11 400.009 83.4575144763792
C11 429.983 86.15456236448715
C11 449.989 85.95391057062362
C11 469.993 85.56264573260486
C11 500.016 85.58079392812073
C11 549.99 87.39757797068748
C11 569.998 88.47529133310043
C11 599.983 90.6415856450856
C11 630.013 92.44383743352012
C11 649.987 93.56652423297874
C11 670.017 94.62885801895354
C11 699.987 95.83223156922725
C11 720.012 96.53072196260977
C11 749.995 98.20538200196674
C11 770.007 99.30269436932794
C11 800.008 99.87296893401077
C11 830.013 99.53049612315456
C11 869.994 96.34298321235772
C11 900.005 88.79392465595149
C11 919.989 80.6243702867702
C11 959.989 58.66380208231075
C11 1000.013 31.12171765446835
C11 1030.002 12.90761988023127
C11 1049.996 6.134488589527519
C11 1080.005 0.5031811792043593
C11 1100.007 0.12145767898863369
C12 319.992 47.72495934850479
C12 330.006 50.231258587067465
C12 349.994 56.62171826359028
C12 370.001 66.90376427272754
C12 400.009 83.37526524003724
C12 429.983 86.30007543329366
C12 449.989 86.1558561509347
C12 469.993 85.77778359607443
C12 500.016 85.76427118307221
C12 549.99 87.51847205677522
C12 569.998 88.56503794177146
C12 599.983 90.69515614616382
C12 630.013 92.47263737084674
C12 649.987 93.59319034743883
C12 670.017 94.66324850485279
C12 699.987 95.87251134229828
C12 720.012 96.5709961570609
C12 749.995 98.25375946023651
C12 770.007 99.35547996839415
C12 800.008 99.93047448118783
C12 830.013 99.58816259924797
C12 869.994 96.37770457150623
C12 900.005 88.7784993481127
C12 919.989 80.58596778831061
C12 959.989 58.70327671115897
C12 1000.013 31.092627624761857
C12 1030.002 12.905410829189659
C12 1049.996 6.121028524751092
C12 1080.005 0.5034290593518507
C12 1100.007 0.12151751220304219
C13 319.992 47.896417765466914
C13 330.006 50.13975509879198
C13 349.994 56.15117168445475
C13 370.001 66.17127005424074
C13 400.009 82.884909391127
C13 429.983 86.1337695865936
C13 449.989 86.10446342246834
C13 469.993 85.76602491590312
C13 500.016 85.7316358421133
C13 549.99 87.38305435334716
C13 569.998 88.39490680747828
C13 599.983 90.48625725127127
C13 630.013 92.24477969896041
C13 649.987 93.35824549204766
C13 670.017 94.42024923712692
C13 699.987 95.63443308904334
C13 720.012 96.34501153008088
C13 749.995 98.05006961279767
C13 770.007 99.16360874335507
C13 800.008 99.76063373646873
C13 830.013 99.41980463730268
C13 869.994 96.2094871151077
C13 900.005 88.57992853771813
C13 919.989 80.29285947659281
C13 959.989 58.391330421349686
C13 1000.013 30.908136488277417
C13 1030.002 12.797145134067952
C13 1049.996 6.054467092991602
C13 1080.005 0.5023854204083724
C13 1100.007 0.12126559903733625
C14 319.992 48.252170438948845
C14 330.006 50.23552564838519
C14 349.994 55.874582119400486
C14 370.001 65.66664594154116
C14 400.009 82.64525561332793
C14 429.983 86.1964389318613
C14 449.989 86.25706821310483
C14 469.993 85.94328829680971
C14 500.016 85.88820751283498
C14 549.99 87.43252519299486
C14 569.998 88.40525045920265
C14 599.983 90.47764278709509
C14 630.013 92.22458629774327
C14 649.987 93.33682321685569
C14 670.017 94.4135485334374
C14 699.987 95.62968206531215
C14 720.012 96.34281772044571
C14 749.995 98.06257073013828
C14 770.007 99.20774182668012
C14 800.008 99.82253914759168
C14 830.013 99.50394993021321
C14 869.994 96.36498036367743
C14 900.005 88.75680637153906
C14 919.989 80.45316328855452
C14 959.989 58.50072289970151
C14 1000.013 30.98408435116226
C14 1030.002 12.823849054495938
C14 1049.996 6.050389527219715
C14 1080.005 0.5024495028455778
C14 1100.007 0.12128106723131601
C15 319.992 48.198603696573464
C15 330.006 50.04249355637015
C15 349.994 55.49658820872533
C15 370.001 65.1585629886774
C15 400.009 82.26393999076686
C15 429.983 86.02453838740051
C15 449.989 86.17898577901141
C15 469.993 85.89229022210023
C15 500.016 85.84821690008008
C15 549.99 87.331861756304
C15 569.998 88.2806655986778
C15 599.983 90.30896457973897
C15 630.013 92.0260711168416
C15 649.987 93.12623539897417
C15 670.017 94.18302643809892
C15 699.987 95.39465486010958
C15 720.012 96.11867115018704
C15 749.995 97.84826799382877
C15 770.007 98.98460747885034
C15 800.008 99.61045371258454
C15 830.013 99.33690205957213
C15 869.994 96.2908489946925
C15 900.005 88.75617305309547
C15 919.989 80.51991691064583
C15 959.989 58.577272245046835
C15 1000.013 31.035503812313483
C15 1030.002 12.86712307714428
C15 1049.996 6.069064765446292
C15 1080.005 0.5013514657597384
C15 1100.007 0.12101602346298515
C16 319.992 48.13800807087697
C16 330.006 49.921154958398574
C16 349.994 55.26821493798379
C16 370.001 64.8456958828244
C16 400.009 82.05180229394342
C16 429.983 86.04655341395961
C16 449.989 86.30510388269987
C16 469.993 86.06810110309739
C16 500.016 86.03025987703134
C16 549.99 87.44233624160185
C16 569.998 88.3633032705778
C16 599.983 90.35701050655729
C16 630.013 92.05334744458062
C16 649.987 93.15308772931736
C16 670.017 94.21254232976797
C16 699.987 95.42834258775359
C16 720.012 96.16202112503883
C16 749.995 97.90188472635116
C16 770.007 99.05251434350063
C16 800.008 99.69491311112353
C16 830.013 99.45463809352266
C16 869.994 96.45036747596728
C16 900.005 88.9606985127643
C16 919.989 80.76412414807749
C16 959.989 58.83065341934593
C16 1000.013 31.134812646076323
C16 1030.002 12.913319320694955
C16 1049.996 6.091649757677464
C16 1080.005 0.5016261991341404
C16 1100.007 0.1210823384989496
C17 319.992 48.4823486180098
C17 330.006 50.01707803922745
C17 349.994 54.92716410634776
C17 370.001 64.03274366083448
C17 400.009 81.21373168745048
C17 429.983 85.72756833812235
C17 449.989 86.2558646023648
C17 469.993 86.19360001486993
C17 500.016 86.2259321726206
C17 549.99 87.53370812545161
C17 569.998 88.375922376959
C17 599.983 90.26467863944525
C17 630.013 91.88416732242169
C17 649.987 92.94608270502671
C17 670.017 93.98676066551573
C17 699.987 95.18768838881938
C17 720.012 95.90596796532266
C17 749.995 97.65331027014427
C17 770.007 98.81236763384499
C17 800.008 99.48576591575318
C17 830.013 99.28153385793811
C17 869.994 96.2919372983498
C17 900.005 88.78673248787942
C17 919.989 80.69087546386224
C17 959.989 59.13079359121638
C17 1000.013 31.156175395357543
C17 1030.002 12.956762018372597
C17 1049.996 6.1199286421988095
C17 1080.005 0.5003525750467557
C17 1100.007 0.12077491160789942
