lsstCam/transmission_filter_detector/r14_s10/u_24/19700101T000000.ecsv
# %ECSV 1.0
# ---
# datatype:
# - {name: wavelength, unit: nm, datatype: float32}
# - {name: efficiency, unit: '%', datatype: float64}
# meta: !!omap
# - {MODE: DETECTOR}
# - {TYPE: transmission_filter_detector}
# - {CALIBDATE: '1970-01-01T00:00:00'}
# - {INSTRUME: LSSTCam}
# - {OBSTYPE: transmission_filter_detector}
# - {CALIBCLS: lsst.ip.isr.IntermediateFilterDetectorTransmissionCurve}
# - {SOURCE: Materion (DM-46256)}
# - {DETECTOR: 66}
# - {FILTER: u_24}
# - {CALIB_ID: 'calibDate=1970-01-01T00:00:00 filter=u_24 detector=66'}
# - {DATE: '2025-04-02T15:59:40.055031'}
# - {CALIB_CREATION_DATE: '2025-04-02'}
# - {CALIB_CREATION_TIME: '15:59:40'}
# - __serialized_columns__:
#     efficiency:
#       __class__: astropy.units.quantity.Quantity
#       unit: !astropy.units.Unit {unit: '%'}
#       value: !astropy.table.SerializedColumn {name: efficiency}
#     wavelength:
#       __class__: astropy.units.quantity.Quantity
#       unit: !astropy.units.Unit {unit: nm}
#       value: !astropy.table.SerializedColumn {name: wavelength}
# schema: astropy-2.0
wavelength efficiency
295.0 1.627498157942553e-10
296.0 1.627498157942553e-10
297.0 1.627498157942553e-10
298.0 1.627498157942553e-10
299.0 1.627498157942553e-10
300.0 0.013483290967997164
301.0 1.627498157942553e-10
302.0 1.627498157942553e-10
303.0 1.627498157942553e-10
304.0 0.323884142562747
305.0 0.8416609838604927
306.0 2.045336924493313
307.0 4.0297988802194595
308.0 6.3842155039310455
309.0 9.570582956075668
310.0 13.194958865642548
311.0 17.026706039905548
312.0 21.028347313404083
313.0 23.88661801815033
314.0 26.849600672721863
315.0 29.295524954795837
316.0 31.20356798171997
317.0 34.082213044166565
318.0 37.19177544116974
319.0 41.320112347602844
320.0 47.326308488845825
321.0 52.87627577781677
322.0 58.83762240409851
323.0 64.0672504901886
324.0 68.23772192001343
325.0 71.02683186531067
326.0 73.36968779563904
327.0 75.22131204605103
328.0 76.83761715888977
329.0 78.19605469703674
330.0 79.3375015258789
331.0 79.86443638801575
332.0 80.18414974212646
333.0 80.23672699928284
334.0 80.21134734153748
335.0 80.39129376411438
336.0 80.7329535484314
337.0 81.3402533531189
338.0 82.20977187156677
339.0 82.7743411064148
340.0 83.17776918411255
341.0 83.66591334342957
342.0 83.93225073814392
343.0 83.86663794517517
344.0 84.0122401714325
345.0 84.51018333435059
346.0 84.84628200531006
347.0 85.25176644325256
348.0 85.430508852005
349.0 85.65739393234253
350.0 85.70378422737122
351.0 85.87934374809265
352.0 85.78121662139893
353.0 85.7287585735321
354.0 85.65544486045837
355.0 85.92603206634521
356.0 86.02820634841919
357.0 86.02656722068787
358.0 85.6526792049408
359.0 85.4124665260315
360.0 85.22323966026306
361.0 84.94402170181274
362.0 84.78005528450012
363.0 84.91578698158264
364.0 85.0169837474823
365.0 85.33957600593567
366.0 85.59428453445435
367.0 85.70340871810913
368.0 85.80501675605774
369.0 85.84631681442261
370.0 85.70718765258789
371.0 85.57419180870056
372.0 85.61246395111084
373.0 85.80198287963867
374.0 85.89410185813904
375.0 86.09263896942139
376.0 86.27172112464905
377.0 86.39916777610779
378.0 86.41343116760254
379.0 86.04837656021118
380.0 85.22286415100098
381.0 83.77422094345093
382.0 81.9091796875
383.0 79.88415956497192
384.0 77.79762744903564
385.0 75.34623742103577
386.0 72.75741696357727
387.0 69.30563449859619
388.0 65.79360961914062
389.0 61.50864362716675
390.0 57.290494441986084
391.0 53.00195813179016
392.0 48.63102734088898
393.0 45.02574801445007
394.0 41.68429970741272
395.0 37.90084421634674
396.0 33.77004861831665
397.0 28.170418739318848
398.0 21.745827794075012
399.0 14.849589765071869
400.0 8.915594220161438
401.0 4.485040903091431
402.0 1.7336660996079445
403.0 0.5525863263756037
404.0 0.19062523497268558
405.0 0.11108136968687177
406.0 0.015987781807780266
407.0 0.007176424696808681
408.0 0.009337012306787074
409.0 1.627498157942553e-10
410.0 1.627498157942553e-10
411.0 1.627498157942553e-10
412.0 1.627498157942553e-10
413.0 1.627498157942553e-10
414.0 1.627498157942553e-10
415.0 1.627498157942553e-10
416.0 1.627498157942553e-10
417.0 1.627498157942553e-10
418.0 1.627498157942553e-10
419.0 1.627498157942553e-10
420.0 1.627498157942553e-10
421.0 1.627498157942553e-10
422.0 1.627498157942553e-10
423.0 1.627498157942553e-10
424.0 1.627498157942553e-10
425.0 1.627498157942553e-10
426.0 1.627498157942553e-10
427.0 1.627498157942553e-10
428.0 0.002762208168860525
429.0 0.0024319731892319396
430.0 0.002101738027704414
431.0 0.0007863533937779721
432.0 1.627498157942553e-10
433.0 0.0002829662207659567
434.0 0.0010949636816803832
435.0 0.0008672623152961023
436.0 0.0006395615855581127
437.0 1.627498157942553e-10
438.0 1.627498157942553e-10
439.0 0.00022484575765702175
440.0 0.0019512079234118573
441.0 0.0003781414534387295
442.0 1.627498157942553e-10
443.0 1.627498157942553e-10
444.0 0.0005337185939424671
445.0 0.000686419298290275
446.0 0.0008391207302338444
447.0 2.9147628310965956e-05
448.0 1.627498157942553e-10
449.0 0.0005162528395885602
450.0 0.0018133307094103657
451.0 1.627498157942553e-10
452.0 1.627498157942553e-10
453.0 1.627498157942553e-10
454.0 1.627498157942553e-10
455.0 1.627498157942553e-10
456.0 1.627498157942553e-10
457.0 1.627498157942553e-10
458.0 1.627498157942553e-10
459.0 1.627498157942553e-10
460.0 1.627498157942553e-10
461.0 1.627498157942553e-10
462.0 1.2069497401512308e-06
463.0 1.627498157942553e-10
464.0 1.627498157942553e-10
465.0 1.627498157942553e-10
466.0 0.00022231249658943852
467.0 1.627498157942553e-10
468.0 1.627498157942553e-10
469.0 1.627498157942553e-10
470.0 3.9087558434403036e-05
471.0 1.627498157942553e-10
472.0 1.627498157942553e-10
473.0 1.627498157942553e-10
474.0 1.627498157942553e-10
475.0 1.627498157942553e-10
476.0 0.0004026910573884379
477.0 0.0005033428806200391
478.0 0.0006039948857505806
479.0 0.00027037481231673155
480.0 1.627498157942553e-10
481.0 7.76788795064931e-05
482.0 0.00021860271317564184
483.0 0.00018187720343121327
484.0 0.00014515163684336585
485.0 1.627498157942553e-10
486.0 1.627498157942553e-10
487.0 1.627498157942553e-10
488.0 1.627498157942553e-10
489.0 1.627498157942553e-10
490.0 1.627498157942553e-10
491.0 1.627498157942553e-10
492.0 2.2355386875005934e-06
493.0 1.627498157942553e-10
494.0 1.627498157942553e-10
495.0 7.951437623887614e-05
496.0 0.0011350016393407714
497.0 0.0004925008852296742
498.0 1.627498157942553e-10
499.0 1.627498157942553e-10
500.0 7.523574936385558e-05
501.0 1.627498157942553e-10
502.0 1.627498157942553e-10
503.0 1.627498157942553e-10
504.0 1.627498157942553e-10
505.0 1.627498157942553e-10
506.0 0.000288761111733038
507.0 1.627498157942553e-10
508.0 1.627498157942553e-10
509.0 1.627498157942553e-10
510.0 1.627498157942553e-10
511.0 0.00023493951175623806
512.0 0.0006149017281131819
513.0 0.0005904179488425143
514.0 0.0005659339421981713
515.0 0.00046104150897008367
516.0 0.00035614912121673115
517.0 0.00012639370652323123
518.0 1.627498157942553e-10
519.0 0.00012259890809218632
520.0 0.0003485595698293764
521.0 0.0004693148184742313
522.0 0.0005900700671190862
523.0 0.00023146287730924087
524.0 1.627498157942553e-10
525.0 1.627498157942553e-10
526.0 1.627498157942553e-10
527.0 1.627498157942553e-10
528.0 1.627498157942553e-10
529.0 1.627498157942553e-10
530.0 1.627498157942553e-10
531.0 0.00011291926966805477
532.0 0.0006082830168452347
533.0 0.00019284491372673074
534.0 1.627498157942553e-10
535.0 1.627498157942553e-10
536.0 5.19263494425104e-05
537.0 1.627498157942553e-10
538.0 1.627498157942553e-10
539.0 1.627498157942553e-10
540.0 7.270721766872157e-05
541.0 1.627498157942553e-10
542.0 1.627498157942553e-10
543.0 1.627498157942553e-10
544.0 1.627498157942553e-10
545.0 1.627498157942553e-10
546.0 1.627498157942553e-10
547.0 9.544985459797317e-05
548.0 0.0003870107320835814
549.0 1.627498157942553e-10
550.0 1.627498157942553e-10
551.0 1.627498157942553e-10
552.0 1.627498157942553e-10
553.0 1.627498157942553e-10
554.0 1.627498157942553e-10
555.0 1.627498157942553e-10
556.0 1.627498157942553e-10
557.0 1.627498157942553e-10
558.0 1.627498157942553e-10
559.0 1.627498157942553e-10
560.0 0.00015192316595857847
561.0 1.627498157942553e-10
562.0 1.627498157942553e-10
563.0 1.627498157942553e-10
564.0 1.627498157942553e-10
565.0 1.627498157942553e-10
566.0 1.627498157942553e-10
567.0 1.627498157942553e-10
568.0 1.627498157942553e-10
569.0 0.000175066986685124
570.0 0.0005066204266768182
571.0 0.0004279761924408376
572.0 0.00034933216284116497
573.0 0.0004773013642989099
574.0 0.0006052709977666382
575.0 0.0002912587660830468
576.0 1.627498157942553e-10
577.0 3.349673818320298e-05
578.0 8.974677143669396e-05
579.0 0.0004081679890077794
580.0 0.0007265892691066256
581.0 0.0010134043805010151
582.0 0.0013002198102185503
583.0 0.0015182537026703358
584.0 0.0017362877770210616
585.0 0.0014495137293124571
586.0 0.0011627394087554421
587.0 0.0010414245480205864
588.0 0.0009201096872857306
589.0 0.0008884838280209806
590.0 0.00085685769590782
591.0 0.0009103860065806657
592.0 0.0009639144082029816
593.0 0.0008039407475735061
594.0 0.0006439668595703552
595.0 0.0006971001312194858
596.0 0.0007502331300202059
597.0 0.000995696427708026
598.0 0.001241159588971641
599.0 0.0018012919099419378
600.0 0.0023614240490132943
601.0 0.0025745253878994845
602.0 0.0027876267267856747
603.0 0.002374468749621883
604.0 0.0019613109543570317
605.0 0.0014624612958868966
606.0 0.000963611455517821
607.0 0.0009212963050231338
608.0 0.0008789811545284465
609.0 0.0006097032837715233
610.0 0.00034042545848933514
611.0 0.0004978931428922806
612.0 0.000655360827295226
613.0 0.0007885481863922905
614.0 0.0009217354090651497
615.0 0.0009364599463879131
616.0 0.0009511844837106764
617.0 0.0007826499313523527
618.0 0.0006141155608929694
619.0 0.00040460781747242436
620.0 0.00019510014226398198
621.0 0.00037699633139709476
622.0 0.0005588924523181049
623.0 0.0005244981366558932
624.0 0.0004901037755189463
625.0 0.0007702539733145386
626.0 0.001050404262059601
627.0 0.0009489342119195499
628.0 0.0008474641617794987
629.0 0.001065380456566345
630.0 0.0012832967513531912
631.0 0.001703925954643637
632.0 0.002124554885085672
633.0 0.0022449450625572354
634.0 0.0023653352400287986
635.0 0.0024829909307300113
636.0 0.0026006464395322837
637.0 0.002291871169290971
638.0 0.0019830953533528373
639.0 0.001324841105088126
640.0 0.0006665864475507988
641.0 0.0007989763616933487
642.0 0.0009313663213106338
643.0 0.0006743630365235731
644.0 0.0004173597972112475
645.0 0.0004899829491478158
646.0 0.000562606055609649
647.0 0.00031929519082041224
648.0 7.598445108669694e-05
649.0 3.861059667542577e-05
650.0 1.236881530530809e-06
651.0 0.000451451342087239
652.0 0.0009016659532790072
653.0 0.001260889712284552
654.0 0.001620113107492216
655.0 0.0016334706742782146
656.0 0.0016468284229631536
657.0 0.0026570167392492294
658.0 0.0036672052374342456
659.0 0.004116723721381277
660.0 0.004566242205328308
661.0 0.004489830462262034
662.0 0.0044134190829936415
663.0 0.0031325536838267
664.0 0.001851688648457639
665.0 0.0016361324014724232
666.0 0.0014205760635377374
667.0 0.0014104440197115764
668.0 0.0014003119758854154
669.0 0.0008854826774040703
670.0 0.0003706533789227251
671.0 0.0004804454874829389
672.0 0.0005902375050936826
673.0 0.0004417473519424675
674.0 0.00029325715331651736
675.0 0.0006597967967536533
676.0 0.0010263364856655244
677.0 0.0016708834664314054
678.0 0.002315430720045697
679.0 0.0024939970899140462
680.0 0.0026725634597823955
681.0 0.0034993212466361
682.0 0.004326079215388745
683.0 0.0063223938923329115
684.0 0.00831870929687284
685.0 0.008899750537239015
686.0 0.00948079687077552
687.0 0.008494254143442959
688.0 0.007507712143706158
689.0 0.005747033355874009
690.0 0.003986354568041861
691.0 0.003592328357626684
692.0 0.003198302147211507
693.0 0.0029875856853323057
694.0 0.002776868859655224
695.0 0.0023613969460711814
696.0 0.0019459252143860795
697.0 0.0013976266927784309
698.0 0.0008493280802213121
699.0 0.0006189365649333922
700.0 0.00038854500417073723
701.0 0.0004205408913549036
702.0 0.0004525368694885401
703.0 0.000640829330222914
704.0 0.0008291220183309633
705.0 0.000868672850629082
706.0 0.0009082237738766707
707.0 0.0009093592780118342
708.0 0.0009104943273996469
709.0 0.0007241647381306393
710.0 0.0005378349214879563
711.0 0.0007252812793012708
712.0 0.0009127277735387906
713.0 0.0009605898412701208
714.0 0.0010084519999509212
715.0 0.0007423178431054112
716.0 0.000476183595310431
717.0 0.00046217705857998226
718.0 0.00044817043090006337
719.0 0.0003948719495383557
720.0 0.00034157342270191293
721.0 0.00031173140087048523
722.0 0.00028188933356432244
723.0 0.00033338862976961536
724.0 0.0003848879259749083
725.0 0.00020383081391628366
726.0 2.277354838042811e-05
727.0 0.00020199192931613652
728.0 0.00038121038414828945
729.0 0.0003796570354097639
730.0 0.0003781036411965033
731.0 0.0003271781224611914
732.0 0.0002762525809885119
733.0 0.00018364868310527527
734.0 9.104483069677372e-05
735.0 0.00028261501938686706
736.0 0.0004741852080769604
737.0 0.0005881347988179186
738.0 0.000702084480508347
739.0 0.0005433722435554955
740.0 0.0003846599611279089
741.0 0.0007664990334887989
742.0 0.0011483382877486292
743.0 0.001958116081368644
744.0 0.0027678934202413075
745.0 0.003406842370168306
746.0 0.004045790410600603
747.0 0.004492274820222519
748.0 0.004938758502248675
749.0 0.004387526132632047
750.0 0.0038362941268133
751.0 0.0032029147405410185
752.0 0.0025695360818644986
753.0 0.0020913788830512203
754.0 0.0016132213204400614
755.0 0.001860485463112127
756.0 0.002107749787683133
757.0 0.0018158149032387882
758.0 0.001523879745946033
759.0 0.0013359362128539942
760.0 0.0011479925888124853
761.0 0.001296556365559809
762.0 0.0014451202332566027
763.0 0.001160410374723142
764.0 0.0008757002433412708
765.0 0.0008515919034834951
766.0 0.0008274834726762492
767.0 0.000630360227660276
768.0 0.0004332368916948326
769.0 0.0005301446890371153
770.0 0.0006270523044804577
771.0 0.0005546467491512885
772.0 0.00048224092097370885
773.0 0.00035165405734005617
774.0 0.00022106703454483068
775.0 0.0003273713900853181
776.0 0.00043367563193896785
777.0 0.0004151664597884519
778.0 0.0003966570602642605
779.0 0.0007918026312836446
780.0 0.0011869480658788234
781.0 0.0010998797733918764
782.0 0.0010128114809049293
783.0 0.0009243880413123406
784.0 0.000835964601719752
785.0 0.0011966103556915186
786.0 0.001557255927764345
787.0 0.0012143234016548377
788.0 0.0008713905117474496
789.0 0.0009964178389054723
790.0 0.0011214450751140248
791.0 0.0009234645403921604
792.0 0.0007254838237713557
793.0 0.00014946344890631735
794.0 1.627498157942553e-10
795.0 1.627498157942553e-10
796.0 1.627498157942553e-10
797.0 0.00029194804938015295
798.0 0.0005918381702940678
799.0 0.00030846467780065723
800.0 2.5091094357776456e-05
801.0 1.354296301769864e-05
802.0 1.994808229710543e-06
803.0 1.627498157942553e-10
804.0 1.627498157942553e-10
805.0 1.627498157942553e-10
806.0 1.627498157942553e-10
807.0 1.627498157942553e-10
808.0 1.3114828334437334e-05
809.0 0.00023247860099218087
810.0 0.00045184251575847156
811.0 0.0001436112825103919
812.0 1.627498157942553e-10
813.0 0.00029694954264414264
814.0 0.0007585192179249134
815.0 0.0005923921889916528
816.0 0.0004262652964825975
817.0 0.0004164777692494681
818.0 0.0004066903329658089
819.0 0.00017810726831157808
820.0 1.627498157942553e-10
821.0 1.627498157942553e-10
822.0 1.627498157942553e-10
823.0 1.627498157942553e-10
824.0 1.627498157942553e-10
825.0 1.627498157942553e-10
826.0 1.627498157942553e-10
827.0 3.57665129513407e-05
828.0 0.0004766476195072755
829.0 0.0003807818529821816
830.0 0.00028491654120443854
831.0 1.627498157942553e-10
832.0 1.627498157942553e-10
833.0 1.627498157942553e-10
834.0 1.627498157942553e-10
835.0 1.627498157942553e-10
836.0 0.0002224692480012891
837.0 1.627498157942553e-10
838.0 1.627498157942553e-10
839.0 1.627498157942553e-10
840.0 1.627498157942553e-10
841.0 1.627498157942553e-10
842.0 6.156430458759132e-05
843.0 4.819461310034967e-05
844.0 3.4824861927518214e-05
845.0 0.00010802890528793796
846.0 0.00018123288327842602
847.0 0.00027343012334313244
848.0 0.00036562728382705245
849.0 0.00045152542043069843
850.0 0.000537423329660669
851.0 0.00025011456727952464
852.0 1.627498157942553e-10
853.0 0.0002192953843405121
854.0 0.0004757848728331737
855.0 0.0003530657068040455
856.0 0.00023034651803754969
857.0 0.00045762299123452976
858.0 0.0006848994871688774
859.0 0.0008651645657664631
860.0 0.001045429326040903
861.0 0.0010686550922400784
862.0 0.0010918807674897835
863.0 0.0013571878298535012
864.0 0.0016224948922172189
865.0 0.0020276636860216968
866.0 0.002432832116028294
867.0 0.0022496553356177174
868.0 0.002066478737106081
869.0 0.001969159347936511
870.0 0.001871839958766941
871.0 0.001685826100583654
872.0 0.001499811878602486
873.0 0.001745729059621226
874.0 0.0019916460587410256
875.0 0.0021211353669059463
876.0 0.0022506248569698073
877.0 0.0023920403691590764
878.0 0.002533456245146226
879.0 0.0027742175007006153
880.0 0.0030149793019518256
