lsstCam/transmission_filter_detector/r14_s10/u_24/19700101T000000.ecsv
# %ECSV 1.0
# ---
# datatype:
# - {name: wavelength, unit: nm, datatype: float32}
# - {name: efficiency, unit: '%', datatype: float64}
# meta: !!omap
# - {MODE: DETECTOR}
# - {TYPE: transmission_filter_detector}
# - {CALIBDATE: '1970-01-01T00:00:00'}
# - {INSTRUME: LSSTCam}
# - {OBSTYPE: transmission_filter_detector}
# - {CALIBCLS: lsst.ip.isr.IntermediateFilterDetectorTransmissionCurve}
# - {SOURCE: Materion (DM-46256)}
# - {DETECTOR: 66}
# - {FILTER: u_24}
# - {CALIB_ID: 'calibDate=1970-01-01T00:00:00 filter=u_24 detector=66'}
# - {DATE: '2025-04-02T15:59:40.055031'}
# - {CALIB_CREATION_DATE: '2025-04-02'}
# - {CALIB_CREATION_TIME: '15:59:40'}
# - __serialized_columns__:
#     efficiency:
#       __class__: astropy.units.quantity.Quantity
#       unit: !astropy.units.Unit {unit: '%'}
#       value: !astropy.table.SerializedColumn {name: efficiency}
#     wavelength:
#       __class__: astropy.units.quantity.Quantity
#       unit: !astropy.units.Unit {unit: nm}
#       value: !astropy.table.SerializedColumn {name: wavelength}
# schema: astropy-2.0
wavelength efficiency
[from data line 587]
882.0 0.0033049218473024666
883.0 0.003022910277650226
884.0 0.0027408992536948062
885.0 0.0027439748009783216
886.0 0.0027470507120597176
887.0 0.002497094828868285
888.0 0.002247139491373673
889.0 0.002240662979602348
890.0 0.002234186467831023
891.0 0.0024618075258331373
892.0 0.002689428765734192
893.0 0.00250201192102395
894.0 0.0023145943487179466
895.0 0.0027993670300929807
896.0 0.003284139165771194
897.0 0.0038063506508478895
898.0 0.004328562135924585
899.0 0.004316878039389849
900.0 0.0043051935790572315
901.0 0.004279454151401296
902.0 0.004253714723745361
903.0 0.0045342436351347715
904.0 0.004814772182726301
905.0 0.0048870464524952695
906.0 0.004959320722264238
907.0 0.005372013038140722
908.0 0.005784706081612967
909.0 0.005906379374209791
910.0 0.006028053394402377
911.0 0.006189431587699801
912.0 0.006350810872390866
913.0 0.006147628300823271
914.0 0.005944446093053557
915.0 0.005293241338222288
916.0 0.004642036583391018
917.0 0.004094899486517534
918.0 0.003547762389644049
919.0 0.0040375158278038725
920.0 0.004527269629761577
921.0 0.004579538290272467
922.0 0.004631806950783357
923.0 0.005635156776406802
924.0 0.006638504419242963
925.0 0.0067750261223409325
926.0 0.00691154709784314
927.0 0.007349321822402999
928.0 0.007787093636579812
929.0 0.0078073921031318605
930.0 0.00782769056968391
931.0 0.007247226312756538
932.0 0.0066667606006376445
933.0 0.006635635509155691
934.0 0.006604509690077975
935.0 0.006749576277798042
936.0 0.006894642137922347
937.0 0.007042733341222629
938.0 0.007190825999714434
939.0 0.0071911657869350165
940.0 0.007191505574155599
941.0 0.006234602915355936
942.0 0.005277698437566869
943.0 0.004511960651143454
944.0 0.0037462235923158005
945.0 0.0029517932489397936
946.0 0.002157363087462727
947.0 0.0018167029338655993
948.0 0.0014760427802684717
949.0 0.0013651393601321615
950.0 0.0012542358490463812
951.0 0.0014133413969830144
952.0 0.0015724468539701775
953.0 0.0015689269275753759
954.0 0.0015654071830795147
955.0 0.0020739020328619517
956.0 0.002582396882644389
957.0 0.0027686655812431127
958.0 0.002954933552246075
959.0 0.0031732772185932845
960.0 0.003391619975445792
961.0 0.0037985853850841522
962.0 0.004205550430924632
963.0 0.004310559233999811
964.0 0.00441556767327711
965.0 0.004496640394791029
966.0 0.00457771348010283
967.0 0.004631020419765264
968.0 0.004684327723225579
969.0 0.004558469663606957
970.0 0.0044326116039883345
971.0 0.004683503357227892
972.0 0.004934394382871687
973.0 0.00488744153699372
974.0 0.004840488327317871
975.0 0.004472295404411852
976.0 0.004104101753910072
977.0 0.0038202717405511066
978.0 0.0035364409995963797
979.0 0.003422379813855514
980.0 0.0033083182643167675
981.0 0.003152237695758231
982.0 0.002996156763401814
983.0 0.0030954637622926384
984.0 0.003194770761183463
985.0 0.0034856970160035416
986.0 0.003776623634621501
987.0 0.004099005309399217
988.0 0.004421386984176934
989.0 0.005403308387030847
990.0 0.0063852290622889996
991.0 0.006631344876950607
992.0 0.006877461419207975
993.0 0.007333942630793899
994.0 0.007790423842379823
995.0 0.007293106318684295
996.0 0.006795785157009959
997.0 0.0067433065851219
998.0 0.006690830196021125
999.0 0.006602682697121054
1000.0 0.006514535198220983
1001.0 0.005999043787596747
1002.0 0.005483552376972511
1003.0 0.0049767084419727325
1004.0 0.004469864143175073
1005.0 0.004624645225703716
1006.0 0.0047794252168387175
1007.0 0.004788164369529113
1008.0 0.004796901339432225
1009.0 0.004230560443829745
1010.0 0.003664220275823027
1011.0 0.0036992696550441906
1012.0 0.0037343190342653543
1013.0 0.003286459104856476
1014.0 0.002838599539245479
1015.0 0.0023790813429513946
1016.0 0.0019195633285562508
1017.0 0.0016866215446498245
1018.0 0.0014536794878949877
1019.0 0.0012064588190696668
1020.0 0.0009592378773959354
1021.0 0.0009369678991788533
1022.0 0.0009146980119112413
1023.0 0.001021336720441468
1024.0 0.001127975519921165
1025.0 0.0012129403330618516
1026.0 0.0012979053281014785
1027.0 0.0011713850653904956
1028.0 0.0010448646207805723
1029.0 0.0011076844202762004
1030.0 0.0011705044016707689
1031.0 0.0018614504369907081
1032.0 0.002552396836108528
1033.0 0.0023670912923989818
1034.0 0.0021817857486894354
1035.0 0.0025509976694593206
1036.0 0.002920209590229206
1037.0 0.002947452048829291
1038.0 0.002974694871227257
1039.0 0.002664181556610856
1040.0 0.002353668969590217
1041.0 0.0018290962543687783
1042.0 0.0013045239029452205
1043.0 0.0015391522538266145
1044.0 0.0017737809685058892
1045.0 0.00145301373777329
1046.0 0.0011322465979901608
1047.0 0.0015632131180609576
1048.0 0.0019941800928791054
1049.0 0.0016601301467744634
1050.0 0.0013260796549730003
1051.0 0.001233487364515895
1052.0 0.001140894710260909
1053.0 0.0008251960935012903
1054.0 0.0005094970674690558
1055.0 0.00016382973626605235
1056.0 1.627498157942553e-10
1057.0 0.0006018553449393949
1058.0 0.0013855479664925952
1059.0 0.0008906429684429895
1060.0 0.00039573806134285405
1061.0 0.0015126687685551587
1062.0 0.002629599293868523
1063.0 0.0026354855435783975
1064.0 0.002641371793288272
1065.0 0.0014667027244286146
1066.0 0.00029203397389210295
1067.0 0.0008559227353543974
1068.0 0.0014198107237461954
1069.0 0.0023376551325782202
1070.0 0.003255499541410245
1071.0 0.0018296343114343472
1072.0 0.00040376912693318445
1073.0 0.0007737035957688931
1074.0 0.0011436380191298667
1075.0 0.00299089151667431
1076.0 0.004838144741370343
1077.0 0.005314764348440804
1078.0 0.0057913839555112645
1079.0 0.006177788600325584
1080.0 0.006564189970958978
1081.0 0.004882072607870214
1082.0 0.0031999552447814494
1083.0 0.002782526644296013
1084.0 0.002365097861911636
1085.0 0.002983897866215557
1086.0 0.003602697324822657
1087.0 0.003829761772067286
1088.0 0.004056825855514035
1089.0 0.005422463073045947
1090.0 0.006788100290577859
1091.0 0.005033332126913592
1092.0 0.003278563599451445
1093.0 0.0022407084543374367
1094.0 0.0012028537639707793
1095.0 0.0009380985829920974
1096.0 0.0006733435384376207
1097.0 0.0016017902453313582
1098.0 0.0025302375433966517
1099.0 0.0027698244593921117
1100.0 0.003009411921084393
