ts8/transmission_sensor/rtm-009_s12/19700101T000000.ecsv
# %ECSV 0.9
# ---
# datatype:
# - {name: amp_name, datatype: string}
# - {name: wavelength, unit: nm, datatype: float32}
# - {name: efficiency, unit: '%', datatype: float32}
# meta: !!omap
# - {MODE: AMP}
# - {TYPE: transmission_sensor}
# - {CALIBDATE: '1970-01-01T00:00:00'}
# - {INSTRUME: TS8}
# - {OBSTYPE: transmission_sensor}
# - {DETECTOR: 203}
# - {CALIBCLS: lsst.ip.isr.IntermediateSensorTransmissionCurve}
# - {PICKLEFILE: RaftRun11415.p}
# - {CALIB_ID: 'raftName=RTM-009 detectorName=S12 detector=203 calibDate=1970-01-01T00:00:00 ccd=203 ccdnum=203 filter=None'}
# - {DATE: '2020-07-23T19:15:33.873757'}
# - {CALIB_CREATION_DATE: '2020-07-23'}
# - {CALIB_CREATION_TIME: '19:15:33'}
# - __serialized_columns__:
#     efficiency:
#       __class__: astropy.units.quantity.Quantity
#       unit: !astropy.units.Unit {unit: '%'}
#       value: !astropy.table.SerializedColumn {name: efficiency}
#     wavelength:
#       __class__: astropy.units.quantity.Quantity
#       unit: !astropy.units.Unit {unit: nm}
#       value: !astropy.table.SerializedColumn {name: wavelength}
# schema: astropy-2.0
amp_name wavelength efficiency
C12 319.994 43.39614
C12 324.969 49.021282
C12 349.982 71.80841
C12 374.975 75.31016
C12 400.019 82.980194
C12 424.965 85.147995
C12 450.035 88.08607
C12 475.003 90.032104
C12 500.018 92.37112
C12 525.002 95.23915
C12 550.029 96.43632
C12 575.023 97.46917
C12 599.982 98.261284
C12 619.997 99.209206
C12 624.979 98.88972
C12 650.012 99.17931
C12 675.004 99.40973
C12 700.03 99.07621
C12 725.012 98.52593
C12 750.022 98.55657
C12 774.987 98.05101
C12 799.976 97.56812
C12 824.988 95.50607
C12 850.022 93.24848
C12 869.967 90.4987
C12 875.002 89.29497
C12 899.999 82.875725
C12 919.999 73.498
C12 925.012 71.10396
C12 949.965 57.429314
C12 975.002 42.593693
C12 999.976 25.57935
C12 1025.028 10.928933
C12 1050.014 3.8589494
C12 1075.002 2.1114838
C12 1099.99 1.5650685
C16 319.994 44.082645
C16 324.969 49.793472
C16 349.982 72.835495
C16 374.975 76.11462
C16 400.019 83.38355
C16 424.965 85.35095
C16 450.035 88.18404
C16 475.003 90.0668
C16 500.018 92.36443
C16 525.002 95.20166
C16 550.029 96.370224
C16 575.023 97.38716
C16 599.982 98.16116
C16 619.997 99.09728
C16 624.979 98.77501
C16 650.012 99.05215
C16 675.004 99.27687
C16 700.03 98.978386
C16 725.012 98.53067
C16 750.022 98.7011
C16 774.987 98.332306
C16 799.976 97.93045
C16 824.988 95.85596
C16 850.022 93.79056
C16 869.967 91.101906
C16 875.002 89.83997
C16 899.999 83.28396
C16 919.999 73.97503
C16 925.012 71.55143
C16 949.965 57.95474
C16 975.002 42.877888
C16 999.976 25.713842
C16 1025.028 11.041917
C16 1050.014 3.9004982
C16 1075.002 2.1297028
C16 1099.99 1.5841842
C13 319.994 43.54151
C13 324.969 49.184147
C13 349.982 72.02403
C13 374.975 75.47126
C13 400.019 83.04335
C13 424.965 85.1659
C13 450.035 88.07651
C13 475.003 90.006744
C13 500.018 92.33804
C13 525.002 95.19749
C13 550.029 96.385025
C13 575.023 97.4166
C13 599.982 98.20225
C13 619.997 99.15014
C13 624.979 98.826035
C13 650.012 99.114006
C13 675.004 99.34572
C13 700.03 99.02076
C13 725.012 98.51131
C13 750.022 98.59549
C13 774.987 98.14242
C13 799.976 97.693016
C13 824.988 95.61228
C13 850.022 93.40016
C13 869.967 90.67598
C13 875.002 89.52192
C13 899.999 82.97275
C13 919.999 73.39209
C13 925.012 71.19057
C13 949.965 57.41061
C13 975.002 42.621452
C13 999.976 25.667683
C13 1025.028 10.911197
C13 1050.014 3.846244
C13 1075.002 2.1170557
C13 1099.99 1.5676099
C03 319.994 44.558815
C03 324.969 50.342354
C03 349.982 73.9698
C03 374.975 77.262856
C03 400.019 83.99403
C03 424.965 85.681
C03 450.035 88.36045
C03 475.003 90.14937
C03 500.018 92.38912
C03 525.002 95.1918
C03 550.029 96.34568
C03 575.023 97.35434
C03 599.982 98.12724
C03 619.997 99.06604
C03 624.979 98.74557
C03 650.012 99.02658
C03 675.004 99.25498
C03 700.03 98.94057
C03 725.012 98.435776
C03 750.022 98.52115
C03 774.987 98.06222
C03 799.976 97.600624
C03 824.988 95.52028
C03 850.022 93.24516
C03 869.967 90.384514
C03 875.002 89.127365
C03 899.999 82.65868
C03 919.999 73.56247
C03 925.012 71.1282
C03 949.965 57.542698
C03 975.002 42.684704
C03 999.976 25.612955
C03 1025.028 10.926484
C03 1050.014 3.8395193
C03 1075.002 2.094667
C03 1099.99 1.5663589
C07 319.994 45.29622
C07 324.969 51.170322
C07 349.982 74.99121
C07 374.975 77.97259
C07 400.019 84.379074
C07 424.965 85.92344
C07 450.035 88.53716
C07 475.003 90.286705
C07 500.018 92.50449
C07 525.002 95.28194
C07 550.029 96.41427
C07 575.023 97.40952
C07 599.982 98.16281
C07 619.997 99.08582
C07 624.979 98.76857
C07 650.012 99.02886
C07 675.004 99.246315
C07 700.03 98.931885
C07 725.012 98.44219
C07 750.022 98.550186
C07 774.987 98.11649
C07 799.976 97.682365
C07 824.988 95.622536
C07 850.022 93.48931
C07 869.967 90.68054
C07 875.002 89.43896
C07 899.999 83.176575
C07 919.999 73.857285
C07 925.012 71.38019
C07 949.965 57.788986
C07 975.002 42.89313
C07 999.976 25.90156
C07 1025.028 11.105994
C07 1050.014 3.9013813
C07 1075.002 2.1109838
C07 1099.99 1.5803328
C15 319.994 43.917183
C15 324.969 49.60789
C15 349.982 72.59776
C15 374.975 75.9146
C15 400.019 83.24479
C15 424.965 85.2475
C15 450.035 88.09374
C15 475.003 89.98504
C15 500.018 92.28723
C15 525.002 95.12856
C15 550.029 96.3012
C15 575.023 97.32327
C15 599.982 98.09889
C15 619.997 99.0362
C15 624.979 98.7149
C15 650.012 98.99501
C15 675.004 99.221695
C15 700.03 98.919876
C15 725.012 98.47137
C15 750.022 98.63937
C15 774.987 98.27053
C15 799.976 97.8682
C15 824.988 95.77999
C15 850.022 93.646736
C15 869.967 91.00637
C15 875.002 89.75324
C15 899.999 83.0595
C15 919.999 73.713776
C15 925.012 71.271965
C15 949.965 57.921658
C15 975.002 42.78535
C15 999.976 25.64629
C15 1025.028 10.982698
C15 1050.014 3.8644028
C15 1075.002 2.1248505
C15 1099.99 1.5757728
C17 319.994 44.21084
C17 324.969 49.935455
C17 349.982 73.020966
C17 374.975 76.267685
C17 400.019 83.465805
C17 424.965 85.40396
C17 450.035 88.21621
C17 475.003 90.08733
C17 500.018 92.38057
C17 525.002 95.209114
C17 550.029 96.376945
C17 575.023 97.38999
C17 599.982 98.16227
C17 619.997 99.09918
C17 624.979 98.77676
C17 650.012 99.049774
C17 675.004 99.2707
C17 700.03 98.957985
C17 725.012 98.47065
C17 750.022 98.586395
C17 774.987 98.16123
C17 799.976 97.74209
C17 824.988 95.69951
C17 850.022 93.660866
C17 869.967 90.9261
C17 875.002 89.68609
C17 899.999 83.38507
C17 919.999 74.05956
C17 925.012 71.66328
C17 949.965 57.784534
C17 975.002 42.903004
C17 999.976 25.752905
C17 1025.028 11.146202
C17 1050.014 3.945913
C17 1075.002 2.1365426
C17 1099.99 1.5895324
C02 319.994 44.53763
C02 324.969 50.320732
C02 349.982 73.98024
C02 374.975 77.3465
C02 400.019 84.18805
C02 424.965 85.92598
C02 450.035 88.63469
C02 475.003 90.44018
C02 500.018 92.69582
C02 525.002 95.514824
C02 550.029 96.675644
C02 575.023 97.693985
C02 599.982 98.47566
C02 619.997 99.41805
C02 624.979 99.102455
C02 650.012 99.38303
C02 675.004 99.61633
C02 700.03 99.28409
C02 725.012 98.7411
C02 750.022 98.7736
C02 774.987 98.26116
C02 799.976 97.77047
C02 824.988 95.679405
C02 850.022 93.37268
C02 869.967 90.437775
C02 875.002 89.1806
C02 899.999 82.773895
C02 919.999 73.635376
C02 925.012 71.25858
C02 949.965 57.52618
C02 975.002 42.653828
C02 999.976 25.594597
C02 1025.028 10.928105
C02 1050.014 3.8475053
C02 1075.002 2.0946736
C02 1099.99 1.5640093
C11 319.994 43.226543
C11 324.969 48.831295
C11 349.982 71.553604
C11 374.975 75.128136
C11 400.019 82.965225
C11 424.965 85.21472
C11 450.035 88.19434
C11 475.003 90.16737
C11 500.018 92.53023
C11 525.002 95.41765
C11 550.029 96.62043
C11 575.023 97.66721
C11 599.982 98.46276
C11 619.997 99.41802
C11 624.979 99.0996
C11 650.012 99.39249
C11 675.004 99.62212
C11 700.03 99.27847
C11 725.012 98.688896
C11 750.022 98.6666
C11 774.987 98.10496
C11 799.976 97.60339
C11 824.988 95.54414
C11 850.022 93.25922
C11 869.967 90.46941
C11 875.002 89.27629
C11 899.999 82.94543
C11 919.999 73.56711
C11 925.012 71.1519
C11 949.965 57.375835
C11 975.002 42.648438
C11 999.976 25.584785
C11 1025.028 10.952767
C11 1050.014 3.874955
C11 1075.002 2.1155066
C11 1099.99 1.568123
C04 319.994 44.839638
C04 324.969 50.660183
C04 349.982 74.40329
C04 374.975 77.61785
C04 400.019 84.228386
C04 424.965 85.86196
C04 450.035 88.51432
C04 475.003 90.28939
C04 500.018 92.519936
C04 525.002 95.3174
C04 550.029 96.46366
C04 575.023 97.47034
C04 599.982 98.24028
C04 619.997 99.174736
C04 624.979 98.85323
C04 650.012 99.13138
C04 675.004 99.356476
C04 700.03 99.052956
C04 725.012 98.58157
C04 750.022 98.71764
C04 774.987 98.30861
C04 799.976 97.87109
C04 824.988 95.77582
C04 850.022 93.51716
C04 869.967 90.68769
C04 875.002 89.44061
C04 899.999 82.88585
C04 919.999 73.634895
C04 925.012 71.212715
C04 949.965 57.729725
C04 975.002 42.83223
C04 999.976 25.707607
C04 1025.028 10.950117
C04 1050.014 3.8381805
C04 1075.002 2.102794
C04 1099.99 1.5693623
C10 319.994 42.851803
C10 324.969 48.410774
C10 349.982 70.97435
C10 374.975 74.62233
C10 400.019 82.65408
C10 424.965 85.00313
C10 450.035 88.03296
C10 475.003 90.040306
C10 500.018 92.4236
C10 525.002 95.326836
C10 550.029 96.54278
C10 575.023 97.59918
C10 599.982 98.403854
C10 619.997 99.362656
C10 624.979 99.04681
C10 650.012 99.34353
C10 675.004 99.5748
C10 700.03 99.22153
C10 725.012 98.59862
C10 750.022 98.531784
C10 774.987 97.92446
C10 799.976 97.39882
C10 824.988 95.34279
C10 850.022 93.03155
C10 869.967 90.19891
C10 875.002 89.01364
C10 899.999 82.80693
C10 919.999 73.45204
C10 925.012 70.982124
C10 949.965 57.110306
C10 975.002 42.550804
C10 999.976 25.51636
C10 1025.028 10.97974
C10 1050.014 3.8851066
C10 1075.002 2.1103458
C10 1099.99 1.562791
C00 319.994 43.92707
C00 324.969 49.63715
C00 349.982 73.06029
C00 374.975 76.54468
C00 400.019 83.63949
C00 424.965 85.49819
C00 450.035 88.26612
C00 475.003 90.11144
C00 500.018 92.39435
C00 525.002 95.226906
C00 550.029 96.407074
C00 575.023 97.43606
C00 599.982 98.22793
C00 619.997 99.17964
C00 624.979 98.863
C00 650.012 99.155136
C00 675.004 99.385994
C00 700.03 99.040726
C00 725.012 98.426445
C00 750.022 98.36062
C00 774.987 97.74725
C00 799.976 97.208244
C00 824.988 95.089195
C00 850.022 92.80276
C00 869.967 89.69547
C00 875.002 88.39262
C00 899.999 82.17269
C00 919.999 73.34605
C00 925.012 70.92884
C00 949.965 56.737885
C00 975.002 41.984905
C00 999.976 25.363928
C00 1025.028 10.902591
C00 1050.014 3.8674192
C00 1075.002 2.0815163
C00 1099.99 1.5413219
C05 319.994 44.95673
C05 324.969 50.790745
C05 349.982 74.54284
C05 374.975 77.67907
C05 400.019 84.19755
C05 424.965 85.78773
C05 450.035 88.41967
C05 475.003 90.18025
C05 500.018 92.40213
C05 525.002 95.18926
C05 550.029 96.328156
C05 575.023 97.327255
C05 599.982 98.08965
C05 619.997 99.020134
C05 624.979 98.70463
C05 650.012 98.97636
C05 675.004 99.20005
C05 700.03 98.90217
C05 725.012 98.45869
C05 750.022 98.62722
C05 774.987 98.250114
C05 799.976 97.83001
C05 824.988 95.73253
C05 850.022 93.499084
C05 869.967 90.74666
C05 875.002 89.48589
C05 899.999 82.875595
C05 919.999 73.559784
C05 925.012 71.10978
C05 949.965 57.825954
C05 975.002 42.833237
C05 999.976 25.702236
C05 1025.028 10.924729
C05 1050.014 3.8248248
C05 1075.002 2.1027124
C05 1099.99 1.5705419
C06 319.994 45.233624
C06 324.969 51.10237
C06 349.982 74.943115
C06 374.975 77.99915
C06 400.019 84.45131
C06 424.965 86.01069
C06 450.035 88.631
C06 475.003 90.38564
C06 500.018 92.60445
C06 525.002 95.390305
C06 550.029 96.52401
C06 575.023 97.52183
C06 599.982 98.282394
C06 619.997 99.2106
C06 624.979 98.89088
C06 650.012 99.15724
C06 675.004 99.379654
C06 700.03 99.07851
C06 725.012 98.63198
C06 750.022 98.79989
C06 774.987 98.42342
C06 799.976 98.001656
C06 824.988 95.90831
C06 850.022 93.742004
C06 869.967 90.938156
C06 875.002 89.641106
C06 899.999 83.23898
C06 919.999 73.86483
C06 925.012 71.34697
C06 949.965 57.99861
C06 975.002 42.919846
C06 999.976 25.87576
C06 1025.028 11.016815
C06 1050.014 3.87111
C06 1075.002 2.1115034
C06 1099.99 1.5784936
C01 319.994 44.222015
C01 324.969 49.96683
C01 349.982 73.49025
C01 374.975 76.910614
C01 400.019 83.84678
C01 424.965 85.63229
C01 450.035 88.36028
C01 475.003 90.17981
C01 500.018 92.44246
C01 525.002 95.26327
C01 550.029 96.43059
C01 575.023 97.45197
C01 599.982 98.23406
C01 619.997 99.18088
C01 624.979 98.86319
C01 650.012 99.15018
C01 675.004 99.38295
C01 700.03 99.04188
C01 725.012 98.46227
C01 750.022 98.444374
C01 774.987 97.87691
C01 799.976 97.36251
C01 824.988 95.25786
C01 850.022 92.961075
C01 869.967 89.93223
C01 875.002 88.660034
C01 899.999 82.35383
C01 919.999 73.406746
C01 925.012 70.98304
C01 949.965 57.047012
C01 975.002 42.2175
C01 999.976 25.459728
C01 1025.028 10.889469
C01 1050.014 3.8578799
C01 1075.002 2.0905163
C01 1099.99 1.5523038
C14 319.994 43.73789
C14 324.969 49.404198
C14 349.982 72.32539
C14 374.975 75.716644
C14 400.019 83.1812
C14 424.965 85.2462
C14 450.035 88.129074
C14 475.003 90.043846
C14 500.018 92.36483
C14 525.002 95.2166
C14 550.029 96.399796
C14 575.023 97.42433
C14 599.982 98.20851
C14 619.997 99.151726
C14 624.979 98.829346
C14 650.012 99.11401
C14 675.004 99.340065
C14 700.03 99.03188
C14 725.012 98.559235
C14 750.022 98.69197
C14 774.987 98.28669
C14 799.976 97.86205
C14 824.988 95.778336
C14 850.022 93.58454
C14 869.967 90.93982
C14 875.002 89.70301
C14 899.999 83.024345
C14 919.999 73.63391
C14 925.012 71.21292
C14 949.965 57.86691
C14 975.002 42.72368
C14 999.976 25.65323
C14 1025.028 10.969746
C14 1050.014 3.8610485
C14 1075.002 2.1230052
C14 1099.99 1.5731308
