lsstCam/transmission_filter_detector/r43_s12/z_20/19700101T000000.ecsv
# %ECSV 1.0
# ---
# datatype:
# - {name: wavelength, unit: nm, datatype: float32}
# - {name: efficiency, unit: '%', datatype: float64}
# meta: !!omap
# - {MODE: DETECTOR}
# - {TYPE: transmission_filter_detector}
# - {CALIBDATE: '1970-01-01T00:00:00'}
# - {INSTRUME: LSSTCam}
# - {OBSTYPE: transmission_filter_detector}
# - {CALIBCLS: lsst.ip.isr.IntermediateFilterDetectorTransmissionCurve}
# - {SOURCE: Materion (DM-46256)}
# - {DETECTOR: 185}
# - {FILTER: z_20}
# - {CALIB_ID: 'calibDate=1970-01-01T00:00:00 filter=z_20 detector=185'}
# - {DATE: '2025-04-02T15:59:49.499159'}
# - {CALIB_CREATION_DATE: '2025-04-02'}
# - {CALIB_CREATION_TIME: '15:59:49'}
# - __serialized_columns__:
#     efficiency:
#       __class__: astropy.units.quantity.Quantity
#       unit: !astropy.units.Unit {unit: '%'}
#       value: !astropy.table.SerializedColumn {name: efficiency}
#     wavelength:
#       __class__: astropy.units.quantity.Quantity
#       unit: !astropy.units.Unit {unit: nm}
#       value: !astropy.table.SerializedColumn {name: wavelength}
# schema: astropy-2.0
wavelength efficiency
[from data line 597]
897.0 99.21255707740784
898.0 98.91926646232605
899.0 98.44421744346619
900.0 98.60596060752869
901.0 99.03139472007751
902.0 98.9564597606659
903.0 98.33377003669739
904.0 97.3691999912262
905.0 98.40864539146423
906.0 97.64584302902222
907.0 98.53535890579224
908.0 98.01392555236816
909.0 98.17831516265869
910.0 98.1086015701294
911.0 96.59140706062317
912.0 95.86635828018188
913.0 94.36324834823608
914.0 91.90469980239868
915.0 89.28192853927612
916.0 87.4585747718811
917.0 85.77104210853577
918.0 82.21511244773865
919.0 80.91307878494263
920.0 77.29603052139282
921.0 72.99136519432068
922.0 68.23293566703796
923.0 61.96632385253906
924.0 56.362420320510864
925.0 50.917381048202515
926.0 44.34429407119751
927.0 36.83637082576752
928.0 30.71243166923523
929.0 24.648575484752655
930.0 18.93003284931183
931.0 14.1470268368721
932.0 9.268904477357864
933.0 5.7533614337444305
934.0 3.6012254655361176
935.0 2.162603847682476
936.0 1.1706486344337463
937.0 0.7358267903327942
938.0 0.5577981472015381
939.0 0.35866808611899614
940.0 0.15526852803304791
941.0 0.05441475659608841
942.0 1.7194834965594818e-10
943.0 0.13601044192910194
944.0 1.7194834965594818e-10
945.0 0.07547142449766397
946.0 1.7194834965594818e-10
947.0 0.06662944797426462
948.0 0.05055355140939355
949.0 0.057424872647970915
950.0 0.1332556363195181
951.0 0.02896275545936078
952.0 1.7194834965594818e-10
953.0 1.7194834965594818e-10
954.0 1.7194834965594818e-10
955.0 0.014597033441532403
956.0 0.03976713924203068
957.0 1.7194834965594818e-10
958.0 0.027872520149685442
959.0 0.037020002491772175
960.0 0.014168728375807405
961.0 0.07398573216050863
962.0 1.7194834965594818e-10
963.0 0.013526958355214447
964.0 0.0337610807036981
965.0 0.02222237817477435
966.0 0.012629646516870707
967.0 0.011213303514523432
968.0 0.01619728864170611
969.0 1.7194834965594818e-10
970.0 1.7194834965594818e-10
971.0 0.06532546831294894
972.0 1.7194834965594818e-10
973.0 1.7194834965594818e-10
974.0 1.7194834965594818e-10
975.0 1.7194834965594818e-10
976.0 0.005794606840936467
977.0 0.005662688272423111
978.0 0.005530769340111874
979.0 0.005432979742181487
980.0 0.005335190144251101
981.0 0.005269490429782309
982.0 0.005203790351515636
983.0 0.005093021172797307
984.0 0.004982251630281098
985.0 0.004983182589057833
986.0 0.004984113547834568
987.0 0.004874911610386334
988.0 0.004765709672938101
989.0 0.004639951657736674
990.0 0.004514193642535247
991.0 0.004424288272275589
992.0 0.0043343821744201705
993.0 0.004353510303189978
994.0 0.004372637704364024
995.0 0.004379166784929112
996.0 0.00438569622929208
997.0 0.004235413871356286
998.0 0.004085131149622612
999.0 0.004098015415365808
1000.0 0.004110899317311123
1001.0 0.0040155249735107645
1002.0 0.003920150993508287
1003.0 0.003960798858315684
1004.0 0.0040014474507188424
1005.0 0.003880198346450925
1006.0 0.0037589492421830073
1007.0 0.0038290058000711724
1008.0 0.0038990623579593375
1009.0 0.0040056052966974676
1010.0 0.004112148963031359
1011.0 0.004005331720691174
1012.0 0.0038985144783509895
1013.0 0.003957440276280977
1014.0 0.0040163657104130834
1015.0 0.0038979764212854207
1016.0 0.003779587132157758
1017.0 0.0038809947000117972
1018.0 0.003982402267865837
1019.0 0.0038839127228129655
1020.0 0.0037854231777600944
1021.0 0.0038320318708429113
1022.0 0.0038786402001278475
1023.0 0.003993121208623052
1024.0 0.0041076025809161365
1025.0 0.004064154563820921
1026.0 0.004020706546725705
1027.0 0.004125728810322471
1028.0 0.004230751073919237
1029.0 0.004243194780428894
1030.0 0.004255638850736432
1031.0 0.004308237475925125
1032.0 0.004360835737315938
1033.0 0.0045195418351795524
1034.0 0.004678248296841048
1035.0 0.004567845826386474
1036.0 0.0044574433559319004
1037.0 0.0046588495024479926
1038.0 0.004860255285166204
1039.0 0.0049405174650019035
1040.0 0.005020779644837603
1041.0 0.005072434214525856
1042.0 0.005124088784214109
1043.0 0.005180207881494425
1044.0 0.005236327342572622
1045.0 0.005400351801654324
1046.0 0.005564375896938145
1047.0 0.005544714076677337
1048.0 0.005525051528820768
1049.0 0.00575142985326238
1050.0 0.005977808541501872
1051.0 0.005923554272158071
1052.0 0.005869301094207913
1053.0 0.006010369543218985
1054.0 0.006151437264634296
1055.0 0.006198909250088036
1056.0 0.006246381235541776
1057.0 0.006624519301112741
1058.0 0.007002657366683707
1059.0 0.0077095028245821595
1060.0 0.008416349010076374
1061.0 0.008021300891414285
1062.0 0.007626254227943718
1063.0 0.008026330033317208
1064.0 0.008426404383499175
1065.0 0.00823775480967015
1066.0 0.008049105963436887
1067.0 0.00822050278657116
1068.0 0.008391900337301195
1069.0 0.009125116775976494
1070.0 0.009858334669843316
1071.0 0.009769616735866293
1072.0 0.009680898074293509
1073.0 0.009985998622141778
1074.0 0.01029109989758581
1075.0 0.010481858771527186
1076.0 0.010672619100660086
1077.0 0.010863051284104586
1078.0 0.011053486377932131
1079.0 0.011834735778393224
1080.0 0.012615988089237362
1081.0 0.012439052807167172
1082.0 0.012262117525096983
1083.0 0.012815678201150149
1084.0 0.013369240332394838
1085.0 0.013904584920965135
1086.0 0.014439928054343909
1087.0 0.013909389963373542
1088.0 0.013378851872403175
1089.0 0.014287429803516716
1090.0 0.015196007734630257
1091.0 0.015027154586277902
1092.0 0.014858301437925547
1093.0 0.014250636741053313
1094.0 0.013642970588989556
1095.0 0.01554627378936857
1096.0 0.01744957990013063
1097.0 0.018127103976439685
1098.0 0.01880462805274874
1099.0 0.019244663417339325
1100.0 0.01968469878192991
1101.0 0.021019461564719677
1102.0 0.02235422725789249
1103.0 0.02177898131776601
1104.0 0.02120373392244801
1105.0 0.022332525986712426
1106.0 0.023461318050976843
1107.0 0.02377461496507749
1108.0 0.024087911879178137
1109.0 0.02668132074177265
1110.0 0.02927473105955869
1111.0 0.027759544900618494
1112.0 0.026244361652061343
1113.0 0.026351321139372885
1114.0 0.026458274805918336
1115.0 0.027598359156399965
1116.0 0.02873844641726464
1117.0 0.03013855020981282
1118.0 0.031538654002361
1119.0 0.03266913117840886
1120.0 0.03379960253369063
1121.0 0.03585844242479652
1122.0 0.037917279405519366
1123.0 0.03812724899034947
1124.0 0.03833722148556262
1125.0 0.04076924524269998
1126.0 0.04320126899983734
1127.0 0.043025086051784456
1128.0 0.04284890601411462
1129.0 0.046314363135024905
1130.0 0.04977982025593519
1131.0 0.05277637974359095
1132.0 0.05577293923124671
1133.0 0.05597776616923511
1134.0 0.05618260474875569
1135.0 0.061512034153565764
1136.0 0.06684145773760974
1137.0 0.07135164341889322
1138.0 0.07586182910017669
1139.0 0.0869004987180233
1140.0 0.097939174156636
1141.0 0.13546525733545423
1142.0 0.17299132887274027
1143.0 0.3570359665900469
1144.0 0.5410805810242891
1145.0 0.8974047377705574
1146.0 1.253728847950697
1147.0 1.3933406211435795
1148.0 1.5329521149396896
1149.0 2.0354995504021645
1150.0 2.5380466133356094
