lsstCam/transmission_filter_detector/r43_s12/z_20/19700101T000000.ecsv
# %ECSV 1.0
# ---
# datatype:
# - {name: wavelength, unit: nm, datatype: float32}
# - {name: efficiency, unit: '%', datatype: float64}
# meta: !!omap
# - {MODE: DETECTOR}
# - {TYPE: transmission_filter_detector}
# - {CALIBDATE: '1970-01-01T00:00:00'}
# - {INSTRUME: LSSTCam}
# - {OBSTYPE: transmission_filter_detector}
# - {CALIBCLS: lsst.ip.isr.IntermediateFilterDetectorTransmissionCurve}
# - {SOURCE: Materion (DM-46256)}
# - {DETECTOR: 185}
# - {FILTER: z_20}
# - {CALIB_ID: 'calibDate=1970-01-01T00:00:00 filter=z_20 detector=185'}
# - {DATE: '2025-04-02T15:59:49.499159'}
# - {CALIB_CREATION_DATE: '2025-04-02'}
# - {CALIB_CREATION_TIME: '15:59:49'}
# - __serialized_columns__:
#     efficiency:
#       __class__: astropy.units.quantity.Quantity
#       unit: !astropy.units.Unit {unit: '%'}
#       value: !astropy.table.SerializedColumn {name: efficiency}
#     wavelength:
#       __class__: astropy.units.quantity.Quantity
#       unit: !astropy.units.Unit {unit: nm}
#       value: !astropy.table.SerializedColumn {name: wavelength}
# schema: astropy-2.0
wavelength efficiency
300.0 0.3631613915786147
301.0 0.32084884587675333
302.0 0.27853630017489195
303.0 0.23497592192143202
304.0 0.1914155320264399
305.0 0.18650753190740943
306.0 0.18159954342991114
307.0 0.16335847321897745
308.0 0.1451173797249794
309.0 0.12810744810849428
310.0 0.11109750485047698
311.0 0.10967859998345375
312.0 0.10825968347489834
313.0 0.09662844240665436
314.0 0.08499720715917647
315.0 0.07458212785422802
316.0 0.06416704272851348
317.0 0.0663832644931972
318.0 0.06859948043711483
319.0 0.06219551432877779
320.0 0.05579155404120684
321.0 0.05494297947734594
322.0 0.05409440491348505
323.0 0.048881606198847294
324.0 0.04366880457382649
325.0 0.04177654336672276
326.0 0.039884287980385125
327.0 0.03937356814276427
328.0 0.03886285121552646
329.0 0.037601706571877
330.0 0.03634056483861059
331.0 0.03497103170957416
332.0 0.03360149567015469
333.0 0.030455391970463097
334.0 0.027309294091537595
335.0 0.025305358576588333
336.0 0.023301428882405162
337.0 0.02161364973289892
338.0 0.01992587058339268
339.0 0.018148566596210003
340.0 0.016371262609027326
341.0 0.01636551896808669
342.0 0.016359775327146053
343.0 0.01738968858262524
344.0 0.018419601838104427
345.0 0.01641467388253659
346.0 0.014409747382160276
347.0 0.01357223663944751
348.0 0.012734727351926267
349.0 0.012791730114258826
350.0 0.012848734331782907
351.0 0.01222112332470715
352.0 0.011593513045227155
353.0 0.010992960596922785
354.0 0.010392408148618415
355.0 0.010332714737160131
356.0 0.01027302278089337
357.0 0.010554831533227116
358.0 0.010836640285560861
359.0 0.009345212311018258
360.0 0.007853784336475655
361.0 0.008771666034590453
362.0 0.00968954773270525
363.0 0.008991130744107068
364.0 0.008292712300317362
365.0 0.008398842328460887
366.0 0.008504972356604412
367.0 0.00809435368864797
368.0 0.0076837342930957675
369.0 0.007757814455544576
370.0 0.007831893890397623
371.0 0.008575140236644074
372.0 0.009318388038082048
373.0 0.007949570135679096
374.0 0.006580750050488859
375.0 0.00601590218138881
376.0 0.005451054312288761
377.0 0.005468742529046722
378.0 0.005486430382006802
379.0 0.005685122596332803
380.0 0.005883814446860924
381.0 0.004635824734577909
382.0 0.003387835022294894
383.0 0.004191616244497709
384.0 0.004995397102902643
385.0 0.005232351031736471
386.0 0.005469304596772417
387.0 0.004906662798020989
388.0 0.00434402099926956
389.0 0.004157087823841721
390.0 0.003970155012211762
391.0 0.0043264113628538325
392.0 0.004682668441091664
393.0 0.004253851875546388
394.0 0.003825034946203232
395.0 0.0037089157558511943
396.0 0.0035927969292970374
397.0 0.0034781627618940547
398.0 0.0033635289582889527
399.0 0.004165303107583895
400.0 0.004967077256878838
401.0 0.004376630749902688
402.0 0.0037861838791286573
403.0 0.004292804806027561
404.0 0.004799425732926466
405.0 0.004871094279224053
406.0 0.0049427628255216405
407.0 0.004659427213482559
408.0 0.0043760908738477156
409.0 0.0039454633224522695
410.0 0.003514835043461062
411.0 0.0035973189369542524
412.0 0.003679802830447443
413.0 0.003730531898327172
414.0 0.0037812613300047815
415.0 0.00381277350243181
416.0 0.003844286038656719
417.0 0.0032642652513459325
418.0 0.0026842451916309074
419.0 0.0030161123504512943
420.0 0.0033479791454738006
421.0 0.003450023359619081
422.0 0.0035520675737643614
423.0 0.00313112759613432
424.0 0.002710187436605338
425.0 0.0029572467610705644
426.0 0.0032043059036368504
427.0 0.0022784217435400933
428.0 0.0013525378562917467
429.0 0.0013476277672452852
430.0 0.0013427179510472342
431.0 0.0014853243555990048
432.0 0.0016279309420497157
433.0 0.0020158313418505713
434.0 0.0024037315597524866
435.0 0.002608237809909042
436.0 0.0028127442419645377
437.0 0.002577591840235982
438.0 0.0023424394385074265
439.0 0.00237594449572498
440.0 0.0024094491891446523
441.0 0.0022488336981041357
442.0 0.0020882180251646787
443.0 0.0017967100575333461
444.0 0.001505202271800954
445.0 0.0019438988601905294
446.0 0.0023825952666811645
447.0 0.0027393132768338546
448.0 0.0030960312869865447
449.0 0.0022769065253669396
450.0 0.0014577818546968047
451.0 0.0015468496712855995
452.0 0.001635917396924924
453.0 0.002297771061421372
454.0 0.002959624180220999
455.0 0.00246122399403248
456.0 0.00196282344404608
457.0 0.0017612524970900267
458.0 0.001559681368235033
459.0 0.0017413482055417262
460.0 0.0019230154066463
461.0 0.0016011763364076614
462.0 0.0012793374480679631
463.0 0.0011554147931747139
464.0 0.0010314920473319944
465.0 0.001371979760733666
466.0 0.0017124670193879865
467.0 0.0015457600966328755
468.0 0.0013790531738777645
469.0 0.0010354245205235202
470.0 0.000691795912644011
471.0 0.0009829831469687633
472.0 0.0012741706086671911
473.0 0.0014197813470673282
474.0 0.001565392449265346
475.0 0.0016259875337709673
476.0 0.001686582800175529
477.0 0.0015709967556176707
478.0 0.0014554106201103423
479.0 0.0013976560694572981
480.0 0.0013399017007031944
481.0 0.0008950088158599101
482.0 0.00045011579459242057
483.0 0.0006748712621629238
484.0 0.0008996265023597516
485.0 0.0011762225767597556
486.0 0.0014528184692608193
487.0 0.0013656852388521656
488.0 0.0012785521903424524
489.0 0.001341180359304417
490.0 0.0014038086192158516
491.0 0.0011079070645791944
492.0 0.0008120056918414775
493.0 0.0012056436389684677
494.0 0.001599281677044928
495.0 0.0013638927157444414
496.0 0.0011285037544439547
497.0 0.0010435705007694196
498.0 0.0009586372470948845
499.0 0.0011865182386827655
500.0 0.0014143990483717062
501.0 0.001397584128426388
502.0 0.0013807692994305398
503.0 0.0010813049811986275
504.0 0.0007818406629667152
505.0 0.001353633251710562
506.0 0.001925425931403879
507.0 0.0018588651073514484
508.0 0.001792304465197958
509.0 0.0015116361282707658
510.0 0.0012309678822930437
511.0 0.001263985632249387
512.0 0.00129700320030679
513.0 0.0012484155377023853
514.0 0.0011998277841485105
515.0 0.001196847551909741
516.0 0.0011938674106204417
517.0 0.0010607822332531214
518.0 0.0009276971468352713
519.0 0.0012931373930769041
520.0 0.0016585774574195966
521.0 0.0016643987692077644
522.0 0.0016702200809959322
523.0 0.001441398671886418
524.0 0.001212576898979023
525.0 0.0008563096344005316
526.0 0.0005000423243473051
527.0 0.0009221294021699578
528.0 0.0013442166164168157
529.0 0.0013129656508681364
530.0 0.0012817147762689274
531.0 0.001402984435117105
532.0 0.0015242540939652827
533.0 0.001309739764110418
534.0 0.0010952253433060832
535.0 0.0015415305824717507
536.0 0.001987836367334239
537.0 0.0018855966118280776
538.0 0.001783356856321916
539.0 0.0015128789527807385
540.0 0.0012424009582900908
541.0 0.0012340780813246965
542.0 0.001225755022460362
543.0 0.0009461547961109318
544.0 0.0006665546607109718
545.0 0.0010527802260185126
546.0 0.0014390059732249938
547.0 0.0018630398699315265
548.0 0.002287073766638059
549.0 0.0019911405615857802
550.0 0.0016952073565335013
551.0 0.0016370660887332633
552.0 0.0015789248209330253
553.0 0.0016834159396239556
554.0 0.0017879068764159456
555.0 0.0016071371646830812
556.0 0.0014263671801018063
557.0 0.001301255451835459
558.0 0.0011761434507207014
559.0 0.0013833921002515126
560.0 0.0015906407497823238
561.0 0.0013135757399140857
562.0 0.0010365105481469072
563.0 0.001206866272696061
564.0 0.0013772221791441552
565.0 0.0016587024219916202
566.0 0.0019401826648390852
567.0 0.0023540354959550314
568.0 0.002767888508969918
569.0 0.002750219209701754
570.0 0.00273254972853465
571.0 0.002675885843927972
572.0 0.0026192217774223536
573.0 0.0025591170924599282
574.0 0.0024990122255985625
575.0 0.002139593198080547
576.0 0.001780173806764651
577.0 0.00187646146514453
578.0 0.0019727485778275877
579.0 0.00182059684448177
580.0 0.0016684449292370118
581.0 0.001534788498247508
582.0 0.0014011321582074743
583.0 0.0014801736142544542
584.0 0.0015592149793519638
585.0 0.0017171987565234303
586.0 0.0018751821698970161
587.0 0.002118668271577917
588.0 0.002362154373258818
589.0 0.0023916223653941415
590.0 0.0024210905394284055
591.0 0.0021429934349725954
592.0 0.0018648965124157257
593.0 0.0017005733752739616
594.0 0.0015362504200311378
595.0 0.0011788029951276258
596.0 0.0008213553883251734
597.0 0.00096545254564262
598.0 0.0011095498848590069
599.0 0.0010922105502686463
600.0 0.0010748712156782858
601.0 0.0009486641829425935
602.0 0.0008224572411563713
603.0 0.001082289691112237
604.0 0.0013421219591691624
605.0 0.001014638564811321
606.0 0.0006871551249787444
607.0 0.000909475602384191
608.0 0.0011317959433654323
609.0 0.0009600724297342822
610.0 0.0007883490980020724
611.0 0.0008755640010349452
612.0 0.0009627788131183479
613.0 0.00071490303525934
614.0 0.000467027257400332
615.0 0.0009370439329359215
616.0 0.0014070607903704513
617.0 0.0015011518371466082
618.0 0.0015952429748722352
619.0 0.0016324091120623052
620.0 0.0016695750673534349
621.0 0.001476877605455229
622.0 0.0012841802345064934
623.0 0.0012977481674170122
624.0 0.001311316191277001
625.0 0.0015413335859193467
626.0 0.0017713506167638116
627.0 0.002002526161959395
628.0 0.002233701707154978
629.0 0.002288090945512522
630.0 0.0023424803657690063
631.0 0.002331033283553552
632.0 0.002319586565135978
633.0 0.002808703538903501
634.0 0.0032978208764689043
635.0 0.0060260830650804564
636.0 0.00875434634508565
637.0 0.01582877739565447
638.0 0.02290320990141481
639.0 0.019936368335038424
640.0 0.01696952822385356
641.0 0.014774197188671678
642.0 0.012578863243106753
643.0 0.009057894203579053
644.0 0.0055369244364555925
645.0 0.005751083881477825
646.0 0.005965243690297939
647.0 0.0058295601775171235
648.0 0.0056938763009384274
649.0 0.004519702997640707
650.0 0.0033455296943429857
651.0 0.0032354531867895275
652.0 0.0031253763154381886
653.0 0.0028351685614325106
654.0 0.002544960989325773
655.0 0.0021213349100435153
656.0 0.001697709012660198
657.0 0.0019269733456894755
658.0 0.0021562378606176935
659.0 0.0022177135178935714
660.0 0.002279188993270509
661.0 0.0021905492758378386
662.0 0.0021019095584051684
663.0 0.0020387717086123303
664.0 0.0019756334950216115
665.0 0.0018332179024582729
666.0 0.001690802673692815
667.0 0.0016514451999682933
668.0 0.0016120880900416523
669.0 0.0015196700587694068
670.0 0.0014272520274971612
671.0 0.0013604250852949917
672.0 0.001293598052143352
673.0 0.0013281288374855649
674.0 0.0013626595318783075
675.0 0.0012528315892268438
676.0 0.0011430037375248503
677.0 0.001323640753980726
678.0 0.0015042777704366017
679.0 0.0018475137039786205
680.0 0.0021907499103690498
681.0 0.0021536303393077105
682.0 0.002116510586347431
683.0 0.00243947852140991
684.0 0.0027624464564723894
685.0 0.0027939624487771653
686.0 0.0028254782591830008
687.0 0.0026634141249815
688.0 0.0025013499907799996
689.0 0.0022438032829086296
690.0 0.0019862563931383193
691.0 0.0023255175619851798
692.0 0.0026647787308320403
693.0 0.002960331221402157
694.0 0.003255883711972274
695.0 0.003459496292634867
696.0 0.0036631088732974604
697.0 0.003517648292472586
698.0 0.003372187347849831
699.0 0.0049738289817469195
700.0 0.0065754698880482465
701.0 0.006639053026447073
702.0 0.006702636164845899
703.0 0.006129856774350628
704.0 0.005557078475249
705.0 0.00468659054604359
706.0 0.003816103344433941
707.0 0.003472041862551123
708.0 0.0031279807444661856
709.0 0.0038020440115360543
710.0 0.004476107642403804
711.0 0.003873504465445876
712.0 0.0032709012884879485
713.0 0.0025154662580462173
714.0 0.0017600314095034264
715.0 0.0020348325051600114
716.0 0.0023096337827155367
717.0 0.0022552347218152136
718.0 0.002200835842813831
719.0 0.0021213745640125126
720.0 0.0020419132852111943
721.0 0.0019093724404228851
722.0 0.0017768314137356356
723.0 0.0019406843421165831
724.0 0.0021045372704975307
725.0 0.0021393272618297487
726.0 0.0021741170712630264
727.0 0.002064261025225278
728.0 0.0019544053429854102
729.0 0.001805984356906265
730.0 0.0016575631889281794
731.0 0.0016894557120394893
732.0 0.0017213480532518588
733.0 0.001799457095330581
734.0 0.0018775657736114226
735.0 0.0013128791579219978
736.0 0.0007481922239094274
737.0 0.0009671452062320895
738.0 0.001186097870231606
739.0 0.0013023020983382594
740.0 0.0014185063264449127
741.0 0.0014535832633555401
742.0 0.0014886600183672272
743.0 0.0015066518244566396
744.0 0.0015246434486471117
745.0 0.0017206339180120267
746.0 0.0019166242054780014
747.0 0.002235007195849903
748.0 0.002553390004322864
749.0 0.003195733006577939
750.0 0.0038380756450351328
751.0 0.0037373309169197455
752.0 0.003636586552602239
753.0 0.0032563708373345435
754.0 0.002876155667763669
755.0 0.0029087672373862006
756.0 0.0029413789889076725
757.0 0.002948321525764186
758.0 0.002955263880721759
759.0 0.0031589319405611604
760.0 0.003362600182299502
761.0 0.004943371823173948
762.0 0.006524143827846274
763.0 0.006255219341255724
764.0 0.005986296673654579
765.0 0.0053329000365920365
766.0 0.004679503763327375
767.0 0.004334148979978636
768.0 0.0039887945604277775
769.0 0.004456722308532335
770.0 0.004924650056636892
771.0 0.004448103936738335
772.0 0.0039715570892440155
773.0 0.003908577127731405
774.0 0.003845596802420914
775.0 1.7194834965594818e-10
776.0 0.013216833758633584
777.0 0.04883179208263755
778.0 0.02946279419120401
779.0 1.7194834965594818e-10
780.0 1.7194834965594818e-10
781.0 0.026408376288600266
782.0 1.7194834965594818e-10
783.0 1.7194834965594818e-10
784.0 1.7194834965594818e-10
785.0 1.7194834965594818e-10
786.0 1.7194834965594818e-10
787.0 1.7194834965594818e-10
788.0 1.7194834965594818e-10
789.0 0.045079010305926204
790.0 0.006540787580888718
791.0 0.043656284105964005
792.0 0.09976958390325308
793.0 0.06323803681880236
794.0 0.04844350041821599
795.0 0.046777675743214786
796.0 0.11541551211848855
797.0 0.05684690549969673
798.0 0.16288813203573227
799.0 0.2531066071242094
800.0 0.4950870294123888
801.0 0.6753206253051758
802.0 1.1467449367046356
803.0 2.003421261906624
804.0 3.1522560864686966
805.0 4.749905318021774
806.0 6.869916617870331
807.0 9.410378336906433
808.0 12.289486825466156
809.0 15.32040685415268
810.0 18.60344260931015
811.0 21.713663637638092
812.0 25.392058491706848
813.0 29.599949717521667
814.0 34.0966522693634
815.0 39.776208996772766
816.0 45.70084810256958
817.0 52.48992443084717
818.0 59.32466387748718
819.0 66.14040732383728
820.0 73.99106025695801
821.0 80.45675158500671
822.0 85.7153594493866
823.0 89.22780156135559
824.0 93.15571188926697
825.0 95.47138810157776
826.0 97.0192551612854
827.0 98.19219708442688
828.0 99.0412950515747
829.0 98.98385405540466
830.0 98.76881837844849
831.0 98.98858666419983
832.0 98.336261510849
833.0 99.35783743858337
834.0 98.49061965942383
835.0 98.93664717674255
836.0 98.65396022796631
837.0 98.7034797668457
838.0 97.76225686073303
839.0 97.93384671211243
840.0 98.72429370880127
841.0 99.43135976791382
842.0 99.26950335502625
843.0 99.21436309814453
844.0 97.67436385154724
845.0 98.63395690917969
846.0 98.80653023719788
847.0 98.65673184394836
848.0 99.55713748931885
849.0 98.96052479743958
850.0 98.33601713180542
851.0 98.92953038215637
852.0 99.04278516769409
853.0 98.80133867263794
854.0 99.65733885765076
855.0 98.49263429641724
856.0 98.64963889122009
857.0 97.73977398872375
858.0 98.63559603691101
859.0 98.97165298461914
860.0 98.5690712928772
861.0 98.82890582084656
862.0 98.78708124160767
863.0 98.35125803947449
864.0 99.65451955795288
865.0 99.94513392448425
866.0 98.66213798522949
867.0 98.8357424736023
868.0 99.3902325630188
869.0 98.97273182868958
870.0 97.90736436843872
871.0 98.71677160263062
872.0 98.996502161026
873.0 99.00540709495544
874.0 99.34847950935364
875.0 99.05737042427063
876.0 98.72332811355591
877.0 99.3590772151947
878.0 99.04831051826477
879.0 98.42084050178528
880.0 98.57720136642456
881.0 99.66202974319458
882.0 98.81881475448608
883.0 98.38447570800781
884.0 99.22878742218018
885.0 98.91292452812195
886.0 98.38037490844727
887.0 98.40251803398132
888.0 98.8152027130127
889.0 99.36217069625854
890.0 98.4086275100708
891.0 99.03324246406555
892.0 98.44000935554504
893.0 98.15993905067444
894.0 98.00270795822144
895.0 99.5976984500885
