ts8/qe_curve/rtm-014_s21/19700101T000000.ecsv
# %ECSV 0.9
# ---
# datatype:
# - {name: amp_name, datatype: string}
# - {name: wavelength, unit: nm, datatype: float32}
# - {name: efficiency, unit: '%', datatype: float32}
# meta: !!omap
# - {MODE: AMP}
# - {TYPE: QE}
# - {CALIBDATE: '1970-01-01T00:00:00'}
# - {INSTRUME: TS8}
# - {OBSTYPE: qe_curve}
# - {DETECTOR: 97}
# - {PICKLEFILE: RaftRun10928.p}
# - {CALIB_ID: 'raftName=RTM-014 detectorName=S21 detector=97 calibDate=1970-01-01T00:00:00 ccd=97 ccdnum=97 filter=None'}
# - {DATE: '2020-01-10T16:30:42.307709'}
# - {CALIB_CREATION_DATE: '2020-01-10'}
# - {CALIB_CREATION_TIME: '16:30:42'}
# - __serialized_columns__:
#     efficiency:
#       __class__: astropy.units.quantity.Quantity
#       unit: !astropy.units.Unit {unit: '%'}
#       value: !astropy.table.SerializedColumn {name: efficiency}
#     wavelength:
#       __class__: astropy.units.quantity.Quantity
#       unit: !astropy.units.Unit {unit: nm}
#       value: !astropy.table.SerializedColumn {name: wavelength}
# schema: astropy-2.0
amp_name wavelength efficiency
C02 319.994 48.105026
C02 324.969 48.37964
C02 349.982 52.317303
C02 374.975 66.303566
C02 400.019 81.445755
C02 424.965 85.832016
C02 450.035 86.30042
C02 475.003 86.24077
C02 500.018 86.00983
C02 525.002 85.923485
C02 550.029 86.72567
C02 575.023 88.00011
C02 599.982 89.59642
C02 619.997 90.591515
C02 624.979 91.00619
C02 650.012 92.33146
C02 675.004 93.99689
C02 700.03 95.13578
C02 725.012 96.387436
C02 750.022 98.14586
C02 774.987 99.63924
C02 799.976 100.47868
C02 824.988 100.22879
C02 850.022 99.692825
C02 869.967 97.54526
C02 875.002 96.48386
C02 899.999 90.26363
C02 919.999 82.14373
C02 925.012 79.30781
C02 949.965 65.48466
C02 975.002 50.12074
C02 999.976 32.723957
C02 1025.028 15.989719
C02 1050.014 6.6346283
C02 1075.002 3.7511566
C02 1099.99 2.479677
C00 319.994 48.197166
C00 324.969 48.618828
C00 349.982 53.105564
C00 374.975 67.176765
C00 400.019 81.83578
C00 424.965 85.7734
C00 450.035 86.04324
C00 475.003 85.965416
C00 500.018 85.80687
C00 525.002 85.826935
C00 550.029 86.74262
C00 575.023 88.097534
C00 599.982 89.753235
C00 619.997 90.77757
C00 624.979 91.201256
C00 650.012 92.54326
C00 675.004 94.21709
C00 700.03 95.35856
C00 725.012 96.59195
C00 750.022 98.33271
C00 774.987 99.79425
C00 799.976 100.605316
C00 824.988 100.32549
C00 850.022 99.76746
C00 869.967 97.60446
C00 875.002 96.53468
C00 899.999 90.23318
C00 919.999 82.11271
C00 925.012 79.349236
C00 949.965 65.74574
C00 975.002 50.210617
C00 999.976 32.683666
C00 1025.028 15.981649
C00 1050.014 6.5580544
C00 1075.002 3.6600475
C00 1099.99 2.4592123
C04 319.994 48.03344
C04 324.969 48.172344
C04 349.982 51.612164
C04 374.975 65.4515
C04 400.019 80.965546
C04 424.965 85.71859
C04 450.035 86.36432
C04 475.003 86.32905
C04 500.018 86.06561
C04 525.002 85.903366
C04 550.029 86.62579
C04 575.023 87.839775
C04 599.982 89.37099
C04 619.997 90.33976
C04 624.979 90.75124
C04 650.012 92.04816
C04 675.004 93.70651
C04 700.03 94.84842
C04 725.012 96.13261
C04 750.022 97.919525
C04 774.987 99.451546
C04 799.976 100.327415
C04 824.988 100.10476
C04 850.022 99.587456
C04 869.967 97.40915
C04 875.002 96.33455
C04 899.999 90.09404
C04 919.999 82.01113
C04 925.012 79.191795
C04 949.965 65.463646
C04 975.002 50.060978
C04 999.976 32.63287
C04 1025.028 15.941413
C04 1050.014 6.620004
C04 1075.002 3.7516003
C04 1099.99 2.4811196
C14 319.994 47.996044
C14 324.969 48.267506
C14 349.982 52.22466
C14 374.975 66.28513
C14 400.019 81.48306
C14 424.965 85.83881
C14 450.035 86.28361
C14 475.003 86.161964
C14 500.018 85.885475
C14 525.002 85.810844
C14 550.029 86.58703
C14 575.023 87.92533
C14 599.982 89.51486
C14 619.997 90.572655
C14 624.979 90.99589
C14 650.012 92.335
C14 675.004 93.98571
C14 700.03 95.03707
C14 725.012 96.08651
C14 750.022 97.47679
C14 774.987 98.641716
C14 799.976 99.34455
C14 824.988 99.128365
C14 850.022 98.41436
C14 869.967 96.0972
C14 875.002 95.01607
C14 899.999 89.483154
C14 919.999 81.9627
C14 925.012 79.263756
C14 949.965 65.587074
C14 975.002 49.771374
C14 999.976 32.170567
C14 1025.028 15.904391
C14 1050.014 6.529585
C14 1075.002 3.5461283
C14 1099.99 2.3987825
C07 319.994 48.091427
C07 324.969 48.004017
C07 349.982 50.546017
C07 374.975 63.94106
C07 400.019 79.876656
C07 424.965 85.19225
C07 450.035 86.19636
C07 475.003 86.393555
C07 500.018 86.19038
C07 525.002 86.03119
C07 550.029 86.729965
C07 575.023 87.763695
C07 599.982 89.07711
C07 619.997 89.90058
C07 624.979 90.279
C07 650.012 91.4757
C07 675.004 93.08446
C07 700.03 94.23222
C07 725.012 95.56887
C07 750.022 97.45679
C07 774.987 99.08983
C07 799.976 100.05267
C07 824.988 99.90939
C07 850.022 99.50273
C07 869.967 97.38193
C07 875.002 96.321945
C07 899.999 90.13667
C07 919.999 82.236534
C07 925.012 79.46268
C07 949.965 65.66579
C07 975.002 50.090546
C07 999.976 32.686737
C07 1025.028 16.145538
C07 1050.014 6.6591415
C07 1075.002 3.6996694
C07 1099.99 2.5053298
C03 319.994 48.124275
C03 324.969 48.33418
C03 349.982 52.03603
C03 374.975 65.98481
C03 400.019 81.351746
C03 424.965 85.93338
C03 450.035 86.483345
C03 475.003 86.42517
C03 500.018 86.16573
C03 525.002 86.03715
C03 550.029 86.8036
C03 575.023 88.05322
C03 599.982 89.62489
C03 619.997 90.616936
C03 624.979 91.032166
C03 650.012 92.35032
C03 675.004 94.019165
C03 700.03 95.16346
C03 725.012 96.43184
C03 750.022 98.20842
C03 774.987 99.71829
C03 799.976 100.57631
C03 824.988 100.33858
C03 850.022 99.802956
C03 869.967 97.647934
C03 875.002 96.5848
C03 899.999 90.36285
C03 919.999 82.2404
C03 925.012 79.40211
C03 949.965 65.5763
C03 975.002 50.171886
C03 999.976 32.735218
C03 1025.028 16.001795
C03 1050.014 6.6437206
C03 1075.002 3.7621505
C03 1099.99 2.4862373
C01 319.994 48.038486
C01 324.969 48.383667
C01 349.982 52.588333
C01 374.975 66.600204
C01 400.019 81.46674
C01 424.965 85.625244
C01 450.035 85.99472
C01 475.003 85.92494
C01 500.018 85.72427
C01 525.002 85.68678
C01 550.029 86.53568
C01 575.023 87.8485
C01 599.982 89.46551
C01 619.997 90.47611
C01 624.979 90.89419
C01 650.012 92.224495
C01 675.004 93.8922
C01 700.03 95.02355
C01 725.012 96.26418
C01 750.022 98.00728
C01 774.987 99.48011
C01 799.976 100.30011
C01 824.988 100.034
C01 850.022 99.48707
C01 869.967 97.34273
C01 875.002 96.28202
C01 899.999 90.05717
C01 919.999 81.95102
C01 925.012 79.131966
C01 949.965 65.34548
C01 975.002 50.00527
C01 999.976 32.644215
C01 1025.028 15.946575
C01 1050.014 6.595993
C01 1075.002 3.7182665
C01 1099.99 2.4686904
C05 319.994 47.882442
C05 324.969 47.96812
C05 349.982 51.20282
C05 374.975 64.95
C05 400.019 80.576614
C05 424.965 85.46931
C05 450.035 86.16828
C05 475.003 86.13534
C05 500.018 85.848114
C05 525.002 85.6543
C05 550.029 86.34454
C05 575.023 87.53046
C05 599.982 89.04306
C05 619.997 90.00223
C05 624.979 90.40477
C05 650.012 91.70008
C05 675.004 93.35373
C05 700.03 94.497536
C05 725.012 95.79646
C05 750.022 97.59951
C05 774.987 99.15751
C05 799.976 100.04769
C05 824.988 99.85126
C05 850.022 99.37405
C05 869.967 97.175446
C05 875.002 96.08981
C05 899.999 89.828094
C05 919.999 81.85741
C05 925.012 79.08839
C05 949.965 65.55208
C05 975.002 50.086674
C05 999.976 32.61259
C05 1025.028 15.969656
C05 1050.014 6.6218066
C05 1075.002 3.7311954
C05 1099.99 2.4807591
C15 319.994 48.147682
C15 324.969 48.481964
C15 349.982 52.67277
C15 374.975 66.79244
C15 400.019 81.80327
C15 424.965 85.98322
C15 450.035 86.348946
C15 475.003 86.23257
C15 500.018 85.983505
C15 525.002 85.95548
C15 550.029 86.77017
C15 575.023 88.142586
C15 599.982 89.75285
C15 619.997 90.8284
C15 624.979 91.25285
C15 650.012 92.604774
C15 675.004 94.258095
C15 700.03 95.30285
C15 725.012 96.35222
C15 750.022 97.72739
C15 774.987 98.88453
C15 799.976 99.580055
C15 824.988 99.34073
C15 850.022 98.60658
C15 869.967 96.29157
C15 875.002 95.20111
C15 899.999 89.64485
C15 919.999 82.08801
C15 925.012 79.38459
C15 949.965 65.68008
C15 975.002 49.81962
C15 999.976 32.20299
C15 1025.028 15.913617
C15 1050.014 6.54097
C15 1075.002 3.5517697
C15 1099.99 2.4046962
C17 319.994 48.28942
C17 324.969 48.75252
C17 349.982 53.388405
C17 374.975 67.44175
C17 400.019 81.927864
C17 424.965 85.675125
C17 450.035 85.85549
C17 475.003 85.74105
C17 500.018 85.61189
C17 525.002 85.70647
C17 550.029 86.65167
C17 575.023 88.11959
C17 599.982 89.793396
C17 619.997 90.89483
C17 624.979 91.32727
C17 650.012 92.70017
C17 675.004 94.36563
C17 700.03 95.409676
C17 725.012 96.45539
C17 750.022 97.83028
C17 774.987 98.97996
C17 799.976 99.65099
C17 824.988 99.39598
C17 850.022 98.6754
C17 869.967 96.302956
C17 875.002 95.17833
C17 899.999 89.40246
C17 919.999 81.93445
C17 925.012 79.27686
C17 949.965 65.85313
C17 975.002 50.009
C17 999.976 32.220207
C17 1025.028 15.796554
C17 1050.014 6.5264454
C17 1075.002 3.5395525
C17 1099.99 2.4021811
C10 319.994 48.261093
C10 324.969 48.21171
C10 349.982 50.939804
C10 374.975 64.37377
C10 400.019 80.14299
C10 424.965 85.20294
C10 450.035 86.051704
C10 475.003 86.17837
C10 500.018 85.969574
C10 525.002 85.88876
C10 550.029 86.672356
C10 575.023 87.86988
C10 599.982 89.25689
C10 619.997 90.19075
C10 624.979 90.58454
C10 650.012 91.834755
C10 675.004 93.4395
C10 700.03 94.51296
C10 725.012 95.66924
C10 750.022 97.18055
C10 774.987 98.495995
C10 799.976 99.32928
C10 824.988 99.14894
C10 850.022 98.4936
C10 869.967 96.48249
C10 875.002 95.46283
C10 899.999 90.04031
C10 919.999 82.34216
C10 925.012 79.542915
C10 949.965 65.23088
C10 975.002 49.50755
C10 999.976 32.204185
C10 1025.028 15.997358
C10 1050.014 6.564207
C10 1075.002 3.5572119
C10 1099.99 2.4041505
C16 319.994 48.21956
C16 324.969 48.624485
C16 349.982 53.072002
C16 374.975 67.2165
C16 400.019 81.99627
C16 424.965 85.9686
C16 450.035 86.24446
C16 475.003 86.12208
C16 500.018 85.920334
C16 525.002 85.94111
C16 550.029 86.808014
C16 575.023 88.21952
C16 599.982 89.85839
C16 619.997 90.950386
C16 624.979 91.38059
C16 650.012 92.74347
C16 675.004 94.40084
C16 700.03 95.44178
C16 725.012 96.490425
C16 750.022 97.85942
C16 774.987 99.011856
C16 799.976 99.69734
C16 824.988 99.443275
C16 850.022 98.70524
C16 869.967 96.391335
C16 875.002 95.29303
C16 899.999 89.70406
C16 919.999 82.16151
C16 925.012 79.45882
C16 949.965 65.78974
C16 975.002 49.90797
C16 999.976 32.227135
C16 1025.028 15.897985
C16 1050.014 6.5559587
C16 1075.002 3.5571318
C16 1099.99 2.4081514
C13 319.994 48.032196
C13 324.969 48.231045
C13 349.982 51.908215
C13 374.975 65.86462
C13 400.019 81.23646
C13 424.965 85.77774
C13 450.035 86.308655
C13 475.003 86.211624
C13 500.018 85.92802
C13 525.002 85.81778
C13 550.029 86.56122
C13 575.023 87.858505
C13 599.982 89.423355
C13 619.997 90.45877
C13 624.979 90.87565
C13 650.012 92.20996
C13 675.004 93.85605
C13 700.03 94.915215
C13 725.012 95.97557
C13 750.022 97.390015
C13 774.987 98.572044
C13 799.976 99.300804
C13 824.988 99.1018
C13 850.022 98.40848
C13 869.967 96.11042
C13 875.002 95.03503
C13 899.999 89.52229
C13 919.999 82.019905
C13 925.012 79.325554
C13 949.965 65.69428
C13 975.002 49.82345
C13 999.976 32.202713
C13 1025.028 15.975214
C13 1050.014 6.546651
C13 1075.002 3.5514302
C13 1099.99 2.4043162
C12 319.994 48.168163
C12 324.969 48.295925
C12 349.982 51.69404
C12 374.975 65.5226
C12 400.019 81.03614
C12 424.965 85.73289
C12 450.035 86.348274
C12 475.003 86.28765
C12 500.018 86.00375
C12 525.002 85.86933
C12 550.029 86.58175
C12 575.023 87.851
C12 599.982 89.37699
C12 619.997 90.398186
C12 624.979 90.81297
C12 650.012 92.129684
C12 675.004 93.77686
C12 700.03 94.840546
C12 725.012 95.92583
C12 750.022 97.364716
C12 774.987 98.58063
C12 799.976 99.33083
C12 824.988 99.15229
C12 850.022 98.4723
C12 869.967 96.23192
C12 875.002 95.17279
C12 899.999 89.715324
C12 919.999 82.205605
C12 925.012 79.504
C12 949.965 65.80005
C12 975.002 49.834137
C12 999.976 32.2438
C12 1025.028 16.069355
C12 1050.014 6.591542
C12 1075.002 3.5635104
C12 1099.99 2.4205692
C11 319.994 48.292534
C11 324.969 48.370487
C11 349.982 51.605927
C11 374.975 65.385086
C11 400.019 81.05478
C11 424.965 85.89016
C11 450.035 86.55761
C11 475.003 86.493454
C11 500.018 86.19179
C11 525.002 86.038155
C11 550.029 86.73384
C11 575.023 87.98618
C11 599.982 89.501724
C11 619.997 90.53454
C11 624.979 90.94635
C11 650.012 92.269
C11 675.004 93.915665
C11 700.03 94.990746
C11 725.012 96.11531
C11 750.022 97.580605
C11 774.987 98.83704
C11 799.976 99.62612
C11 824.988 99.43313
C11 850.022 98.74634
C11 869.967 96.61013
C11 875.002 95.56602
C11 899.999 90.15378
C11 919.999 82.54474
C11 925.012 79.80942
C11 949.965 65.77103
C11 975.002 49.743843
C11 999.976 32.271194
C11 1025.028 16.127537
C11 1050.014 6.634137
C11 1075.002 3.5678349
C11 1099.99 2.4304469
C06 319.994 48.005917
C06 324.969 48.03283
C06 349.982 51.05388
C06 374.975 64.72905
C06 400.019 80.50452
C06 424.965 85.575874
C06 450.035 86.3738
C06 475.003 86.398476
C06 500.018 86.12693
C06 525.002 85.904175
C06 550.029 86.58254
C06 575.023 87.71315
C06 599.982 89.17594
C06 619.997 90.088875
C06 624.979 90.487526
C06 650.012 91.751625
C06 675.004 93.399445
C06 700.03 94.54846
C06 725.012 95.85981
C06 750.022 97.7046
C06 774.987 99.294495
C06 799.976 100.20957
C06 824.988 100.03402
C06 850.022 99.587616
C06 869.967 97.39668
C06 875.002 96.31555
C06 899.999 90.054245
C06 919.999 82.15229
C06 925.012 79.40348
C06 949.965 65.79141
C06 975.002 50.189705
C06 999.976 32.66855
C06 1025.028 16.050947
C06 1050.014 6.6529245
C06 1075.002 3.7213647
C06 1099.99 2.496085
