lsstCam/transmission_filter_detector/r22_s11/g_6/19700101T000000.ecsv
# %ECSV 1.0
# ---
# datatype:
# - {name: wavelength, unit: nm, datatype: float32}
# - {name: efficiency, unit: '%', datatype: float64}
# meta: !!omap
# - {MODE: DETECTOR}
# - {TYPE: transmission_filter_detector}
# - {CALIBDATE: '1970-01-01T00:00:00'}
# - {INSTRUME: LSSTCam}
# - {OBSTYPE: transmission_filter_detector}
# - {CALIBCLS: lsst.ip.isr.IntermediateFilterDetectorTransmissionCurve}
# - {SOURCE: Materion (DM-46256)}
# - {DETECTOR: 94}
# - {FILTER: g_6}
# - {CALIB_ID: 'calibDate=1970-01-01T00:00:00 filter=g_6 detector=94'}
# - {DATE: '2025-04-02T15:59:42.463663'}
# - {CALIB_CREATION_DATE: '2025-04-02'}
# - {CALIB_CREATION_TIME: '15:59:42'}
# - __serialized_columns__:
#     efficiency:
#       __class__: astropy.units.quantity.Quantity
#       unit: !astropy.units.Unit {unit: '%'}
#       value: !astropy.table.SerializedColumn {name: efficiency}
#     wavelength:
#       __class__: astropy.units.quantity.Quantity
#       unit: !astropy.units.Unit {unit: nm}
#       value: !astropy.table.SerializedColumn {name: wavelength}
# schema: astropy-2.0
wavelength efficiency
[from data line 608]
908.0 0.00043957625166513026
909.0 0.0003279579686932266
910.0 0.00033473081657575676
911.0 0.0003415037554077571
912.0 0.0005487077942234464
913.0 0.0007559118330391357
914.0 0.0005633312866848428
915.0 0.00037075067211844726
916.0 0.0003127577883788035
917.0 0.0002547649046391598
918.0 0.0003169788215018343
919.0 0.0003791927156271413
920.0 0.00041393104766029865
921.0 0.000448669379693456
922.0 0.0005738804247812368
923.0 0.0006990914698690176
924.0 0.0006107471108407481
925.0 0.0005224027972872136
926.0 0.0005904069439566229
927.0 0.0006584112725249724
928.0 0.0006858639153506374
929.0 0.0007133166491257725
930.0 0.0006952397598070092
931.0 0.0006771626885893056
932.0 0.0006760037649655715
933.0 0.0006748449777660426
934.0 0.0005356544988899259
935.0 0.0003964640200138092
936.0 0.000578653407501406
937.0 0.0007608427495142678
938.0 0.0006709730314469198
939.0 0.000581103449803777
940.0 0.0005758149200119078
941.0 0.0005705263447453035
942.0 0.0007547435870947083
943.0 0.0009389607839693781
944.0 0.0008361943400814198
945.0 0.0007334277597692562
946.0 0.0007860941877879668
947.0 0.0008387606612814125
948.0 0.0008576771506341174
949.0 0.0008765937309362926
950.0 0.0009211624274030328
951.0 0.0009657310329203028
952.0 0.0010534909961279482
953.0 0.0011412508683861233
954.0 0.0011611108675424475
955.0 0.001180970957648242
956.0 0.0010320131877961103
957.0 0.0008830554179439787
958.0 0.0008774983143666759
959.0 0.0008719413017388433
960.0 0.0007979799192980863
961.0 0.0007240184913825942
962.0 0.0007460735105269123
963.0 0.0007681286660954356
964.0 0.0007575226391054457
965.0 0.0007469165211659856
966.0 0.0007249796453834279
967.0 0.0007030426786513999
968.0 0.0007331607775995508
969.0 0.0007632787855982315
970.0 0.0007123428076738492
971.0 0.0006614066023757914
972.0 0.0008305004485009704
973.0 0.0009995943401008844
974.0 0.000980393906502286
975.0 0.0009611934729036875
976.0 0.00097623560577631
977.0 0.000991278011497343
978.0 0.0010214333087787963
979.0 0.00105158869700972
980.0 0.0011039309356419835
981.0 0.0011562731742742471
982.0 0.0011433723557274789
983.0 0.0011304713552817702
984.0 0.001180144590762211
985.0 0.001229817917192122
986.0 0.0012740582860715222
987.0 0.0013182983821025118
988.0 0.0013820407730236184
989.0 0.0014457828910963144
990.0 0.0014712594747834373
991.0 0.00149673596752109
992.0 0.001313253687840188
993.0 0.0011297714081592858
994.0 0.0011901873222086579
995.0 0.0012506033272075001
996.0 0.001194839751406107
997.0 0.0011390763575036544
998.0 0.0012478210919653066
999.0 0.001356566008325899
1000.0 0.0012856514331360813
1001.0 0.0012147367669967934
1002.0 0.0011979896953562275
1003.0 0.0011812424418167211
1004.0 0.0012694367796939332
1005.0 0.0013576312085206155
1006.0 0.0014905896023265086
1007.0 0.0016235479051829316
1008.0 0.0016995743862935342
1009.0 0.0017756010493030772
1010.0 0.0018241953512188047
1011.0 0.0018727896531345323
1012.0 0.002061941813735757
1013.0 0.002251094156235922
1014.0 0.002221860813733656
1015.0 0.0021926278350292705
1016.0 0.0025415796699235216
1017.0 0.002890531686716713
1018.0 0.0031804363970877603
1019.0 0.0034703411074588075
1020.0 0.003597912291297689
1021.0 0.0037254834751365706
1022.0 0.0038804002542747185
1023.0 0.004035317397210747
1024.0 0.0043608724809018895
1025.0 0.004686427564593032
1026.0 0.004825942232855596
1027.0 0.004965456901118159
1028.0 0.005134540333529003
1029.0 0.005303623765939847
1030.0 0.005393150422605686
1031.0 0.0054826767154736444
1032.0 0.00558904794161208
1033.0 0.005695419167750515
1034.0 0.005716323357773945
1035.0 0.005737227911595255
1036.0 0.005805882756249048
1037.0 0.00587453723710496
1038.0 0.005969714038656093
1039.0 0.006064890476409346
1040.0 0.006356683297781274
1041.0 0.00664847539155744
1042.0 0.007079423812683672
1043.0 0.007510372961405665
1044.0 0.007835044380044565
1045.0 0.008159715071087703
1046.0 0.00905705092009157
1047.0 0.009954386041499674
1048.0 0.011545111192390323
1049.0 0.013135834888089448
1050.0 0.015637742762919515
1051.0 0.018139650637749583
1052.0 0.021987900254316628
1053.0 0.025836157146841288
1054.0 0.031464037601836026
1055.0 0.037091923877596855
1056.0 0.04415287112351507
1057.0 0.051213824190199375
1058.0 0.05956576205790043
1059.0 0.06791769410483539
1060.0 0.07660036208108068
1061.0 0.0852830067742616
1062.0 0.09415516979061067
1063.0 0.10302730370312929
1064.0 0.11116454843431711
1065.0 0.11930176988244057
1066.0 0.12777657248079777
1067.0 0.13625139836221933
1068.0 0.14440444065257907
1069.0 0.15255752950906754
1070.0 0.1609737752005458
1071.0 0.16939002089202404
1072.0 0.17769541591405869
1073.0 0.18600079929456115
1074.0 0.1949775847606361
1075.0 0.20395442843437195
1076.0 0.21413592621684074
1077.0 0.22431742399930954
1078.0 0.2362581668421626
1079.0 0.2481988864019513
1080.0 0.2651436487212777
1081.0 0.28208838775753975
1082.0 0.31172786839306355
1083.0 0.3413673723116517
1084.0 0.3855353221297264
1085.0 0.4297032952308655
1086.0 0.4696535412222147
1087.0 0.5096037872135639
1088.0 0.5801781546324492
1089.0 0.6507525220513344
1090.0 0.7296056486666203
1091.0 0.8084587752819061
1092.0 0.8525209501385689
1093.0 0.8965829387307167
1094.0 0.958363339304924
1095.0 1.020143460482359
1096.0 1.109226793050766
1097.0 1.1983102187514305
1098.0 1.3248431496322155
1099.0 1.4513764530420303
1100.0 1.7021400853991508
1101.0 1.9529035314917564
