lsstCam/transmission_filter_detector/r22_s11/g_6/19700101T000000.ecsv
# %ECSV 1.0
# ---
# datatype:
# - {name: wavelength, unit: nm, datatype: float32}
# - {name: efficiency, unit: '%', datatype: float64}
# meta: !!omap
# - {MODE: DETECTOR}
# - {TYPE: transmission_filter_detector}
# - {CALIBDATE: '1970-01-01T00:00:00'}
# - {INSTRUME: LSSTCam}
# - {OBSTYPE: transmission_filter_detector}
# - {CALIBCLS: lsst.ip.isr.IntermediateFilterDetectorTransmissionCurve}
# - {SOURCE: Materion (DM-46256)}
# - {DETECTOR: 94}
# - {FILTER: g_6}
# - {CALIB_ID: 'calibDate=1970-01-01T00:00:00 filter=g_6 detector=94'}
# - {DATE: '2025-04-02T15:59:42.463663'}
# - {CALIB_CREATION_DATE: '2025-04-02'}
# - {CALIB_CREATION_TIME: '15:59:42'}
# - __serialized_columns__:
#     efficiency:
#       __class__: astropy.units.quantity.Quantity
#       unit: !astropy.units.Unit {unit: '%'}
#       value: !astropy.table.SerializedColumn {name: efficiency}
#     wavelength:
#       __class__: astropy.units.quantity.Quantity
#       unit: !astropy.units.Unit {unit: nm}
#       value: !astropy.table.SerializedColumn {name: wavelength}
# schema: astropy-2.0
wavelength efficiency
300.0 0.4289440345019102
301.0 0.3393476130440831
302.0 0.24975116830319166
303.0 0.22745225578546524
304.0 0.20515334326773882
305.0 0.20770984701812267
306.0 0.21026635076850653
307.0 0.21439767442643642
308.0 0.21852897480130196
309.0 0.21933354437351227
310.0 0.2201381605118513
311.0 0.20844032987952232
312.0 0.1967425225302577
313.0 0.19284464651718736
314.0 0.18894675886258483
315.0 0.1863645506091416
316.0 0.1837823656387627
317.0 0.17833465244621038
318.0 0.17288695089519024
319.0 0.16279715346172452
320.0 0.1527073560282588
321.0 0.14224211918190122
322.0 0.131776905618608
323.0 0.11529686162248254
324.0 0.09881681762635708
325.0 0.08989021880552173
326.0 0.08096362580545247
327.0 0.0727386912330985
328.0 0.06451375666074455
329.0 0.06087013753131032
330.0 0.05722651840187609
331.0 0.053322146413847804
332.0 0.049417774425819516
333.0 0.04673746298067272
334.0 0.04405715153552592
335.0 0.04217844980303198
336.0 0.040299745160155
337.0 0.040771858766674995
338.0 0.04124396946281195
339.0 0.04012546851299703
340.0 0.039006961742416024
341.0 0.03720197128131986
342.0 0.03539697790984064
343.0 0.03195263270754367
344.0 0.028508290415629745
345.0 0.025458692107349634
346.0 0.022409089433494955
347.0 0.02104949817294255
348.0 0.01968990545719862
349.0 0.018051682855002582
350.0 0.6771015003323555
351.0 1.3983763754367828
352.0 0.4674055613577366
353.0 1.2100668624043465
354.0 0.6363979075103998
355.0 0.9198267944157124
356.0 0.5377741530537605
357.0 1.0926996357738972
358.0 0.35937619395554066
359.0 0.7647698279470205
360.0 0.4179561510682106
361.0 0.9673680178821087
362.0 0.34882850013673306
363.0 1.0206781327724457
364.0 0.4118344746530056
365.0 0.7707428187131882
366.0 0.38742804899811745
367.0 0.6886673625558615
368.0 0.3526151180267334
369.0 0.7163987960666418
370.0 0.3075145883485675
371.0 0.6850012112408876
372.0 0.3727954113855958
373.0 0.72212228551507
374.0 0.3714565420523286
375.0 0.6567154545336962
376.0 0.2804633229970932
377.0 0.5940762814134359
378.0 0.30372391920536757
379.0 0.6299774628132582
380.0 0.3859143704175949
381.0 0.5850567948073149
382.0 0.583640206605196
383.0 0.5328276194632053
384.0 0.6792578380554914
385.0 0.71270652115345
386.0 0.7106835022568703
387.0 0.9068909101188183
388.0 1.0192974470555782
389.0 1.3276235200464725
390.0 1.9548026844859123
391.0 2.96031404286623
392.0 4.739889875054359
393.0 7.455453276634216
394.0 11.243385821580887
395.0 16.26814901828766
396.0 22.37592786550522
397.0 29.963618516921997
398.0 38.76104652881622
399.0 48.37988317012787
400.0 57.93386101722717
401.0 67.04131364822388
402.0 75.21963119506836
403.0 82.03867673873901
404.0 87.11469769477844
405.0 90.9704327583313
406.0 93.09241771697998
407.0 94.89291310310364
408.0 95.79885601997375
409.0 96.36345505714417
410.0 96.39230370521545
411.0 96.1628794670105
412.0 95.81431150436401
413.0 95.58135271072388
414.0 95.40461301803589
415.0 95.6378161907196
416.0 96.1054265499115
417.0 96.54518961906433
418.0 97.00231552124023
419.0 97.60911464691162
420.0 98.15395474433899
421.0 98.6141562461853
422.0 98.75819087028503
423.0 98.88837933540344
424.0 98.62464666366577
425.0 98.56706857681274
426.0 98.52203726768494
427.0 98.44443798065186
428.0 98.24511408805847
429.0 98.03210496902466
430.0 97.85237908363342
431.0 97.8905975818634
432.0 97.89841771125793
433.0 97.9674756526947
434.0 98.00889492034912
435.0 98.21383357048035
436.0 98.19439649581909
437.0 98.17939400672913
438.0 98.3221709728241
439.0 98.37079644203186
440.0 98.3156144618988
441.0 98.46532940864563
442.0 98.39098453521729
443.0 98.37828874588013
444.0 98.27007055282593
445.0 98.02953600883484
446.0 97.94209003448486
447.0 97.78726696968079
448.0 97.98415303230286
449.0 98.25907945632935
450.0 98.60902428627014
451.0 98.82990717887878
452.0 98.94084334373474
453.0 98.98790717124939
454.0 99.01432394981384
455.0 99.22868013381958
456.0 99.28526282310486
457.0 99.4559645652771
458.0 99.47346448898315
459.0 99.54782724380493
460.0 99.62343573570251
461.0 99.72067475318909
462.0 99.59584474563599
463.0 99.55954551696777
464.0 99.6660828590393
465.0 99.54066872596741
466.0 99.55193400382996
467.0 99.56647157669067
468.0 99.5635449886322
469.0 99.64699745178223
470.0 99.48779344558716
471.0 99.37089085578918
472.0 99.4156002998352
473.0 99.27548170089722
474.0 99.14175271987915
475.0 99.19390082359314
476.0 99.1878092288971
477.0 99.21197891235352
478.0 99.34198260307312
479.0 99.31493997573853
480.0 99.42323565483093
481.0 99.5287299156189
482.0 99.68350529670715
483.0 99.60159063339233
484.0 99.73939657211304
485.0 99.79232549667358
486.0 99.78287816047668
487.0 99.77777004241943
488.0 99.76397752761841
489.0 99.82970356941223
490.0 99.7069776058197
491.0 99.76301193237305
492.0 99.62519407272339
493.0 99.64974522590637
494.0 99.55164194107056
495.0 99.63415265083313
496.0 99.46630001068115
497.0 99.35137629508972
498.0 99.17555451393127
499.0 99.22245144844055
500.0 99.13163781166077
501.0 99.12487268447876
502.0 99.05956983566284
503.0 99.15489554405212
504.0 99.03371334075928
505.0 99.11529421806335
506.0 99.11482334136963
507.0 99.09731149673462
508.0 99.11739826202393
509.0 99.09213185310364
510.0 99.00403618812561
511.0 98.97693991661072
512.0 98.92545938491821
513.0 99.02948141098022
514.0 98.96159172058105
515.0 99.01083707809448
516.0 99.0868628025055
517.0 99.08782243728638
518.0 99.17004704475403
519.0 99.13731217384338
520.0 99.22403693199158
521.0 99.34725165367126
522.0 99.35278296470642
523.0 99.3528962135315
524.0 99.36277866363525
525.0 99.37385320663452
526.0 99.48362708091736
527.0 99.50388669967651
528.0 99.56000447273254
529.0 99.67688322067261
530.0 99.70203042030334
531.0 99.80579614639282
532.0 99.63478446006775
533.0 99.63544607162476
534.0 99.58284497261047
535.0 99.37276840209961
536.0 98.87187480926514
537.0 98.12048673629761
538.0 97.12656736373901
539.0 95.38189768791199
540.0 93.27565431594849
541.0 90.19516706466675
542.0 86.95880770683289
543.0 82.91143774986267
544.0 77.89296507835388
545.0 73.53125810623169
546.0 68.45589876174927
547.0 63.82517218589783
548.0 59.35049653053284
549.0 55.469876527786255
550.0 52.45141386985779
551.0 49.58961009979248
552.0 47.30585217475891
553.0 44.72534954547882
554.0 41.5421187877655
555.0 37.90174722671509
556.0 33.19541811943054
557.0 27.864593267440796
558.0 22.25387692451477
559.0 16.993817687034607
560.0 12.155947834253311
561.0 7.911434769630432
562.0 4.856027662754059
563.0 2.7325591072440147
564.0 1.4372686855494976
565.0 0.6237959489226341
566.0 0.37491945549845695
567.0 0.18484197789803147
568.0 0.14248050283640623
569.0 0.0755676010157913
570.0 0.08118569967336953
571.0 0.04388635279610753
572.0 0.06094587151892483
573.0 0.03279905649833381
574.0 0.03174874582327902
575.0 0.03187520487699658
576.0 0.037588702980428934
577.0 0.020831465371884406
578.0 0.03584123041946441
579.0 0.023703892657067627
580.0 0.036728038685396314
581.0 0.021826318698003888
582.0 0.024905067402869463
583.0 0.016915953892748803
584.0 0.02368839632254094
585.0 0.022215265198610723
586.0 0.030419323593378067
587.0 0.01377606822643429
588.0 0.01714428944978863
589.0 0.010822435433510691
590.0 0.030250154668465257
591.0 0.010668996401363984
592.0 0.020894812769256532
593.0 0.006253179890336469
594.0 0.02741596836131066
595.0 0.005495289224199951
596.0 0.018101042951457202
597.0 0.006964147905819118
598.0 0.03265217237640172
599.0 0.009392369975103065
600.0 0.015140674076974392
601.0 0.002343651431147009
602.0 0.0022701360649080016
603.0 0.0021966203348711133
604.0 0.0021176318114157766
605.0 0.00203864328796044
606.0 0.002041966035903897
607.0 0.002045288601948414
608.0 0.0018166952941101044
609.0 0.0015881018043728545
610.0 0.001711069853627123
611.0 0.001834037720982451
612.0 0.0017681926692603156
613.0 0.0017023474356392398
614.0 0.0018001273929257877
615.0 0.001897907532111276
616.0 0.002007160583161749
617.0 0.0021164134523132816
618.0 0.0018673934391699731
619.0 0.001618373607925605
620.0 0.0015461453585885465
621.0 0.0014739172002009582
622.0 0.0013912647773395292
623.0 0.00130861217257916
624.0 0.0014603964700654615
625.0 0.0016121804947033525
626.0 0.0014237170944397803
627.0 0.001235254057974089
628.0 0.001330375835095765
629.0 0.0014254977031669114
630.0 0.0013220434084360022
631.0 0.001218588568008272
632.0 0.0012892029189970344
633.0 0.0013598167242889758
634.0 0.0013533333003579173
635.0 0.0013468495126289781
636.0 0.0014423258107854053
637.0 0.0015378025636891834
638.0 0.0013250725714897271
639.0 0.0011123423064418603
640.0 0.0010900925190071575
641.0 0.001067842276825104
642.0 0.0011477750376798213
643.0 0.0012277076166355982
644.0 0.0012134459211665671
645.0 0.0011991840437985957
646.0 0.001204815271194093
647.0 0.0012104464985895902
648.0 0.001028828955895733
649.0 0.000847211413201876
650.0 0.001111776327888947
651.0 0.0013763410606770776
652.0 0.0012082468856533524
653.0 0.001040152619680157
654.0 0.001111256733565824
655.0 0.0011823611202999018
656.0 0.0012068125215591863
657.0 0.001231264013767941
658.0 0.0010385712812421843
659.0 0.0008458789125143085
660.0 0.0009071571184904315
661.0 0.0009684354154160246
662.0 0.0010449877663631923
663.0 0.0011215404811082408
664.0 0.0011340300261508673
665.0 0.0011465193892945535
666.0 0.0010759160431916825
667.0 0.0010053121513919905
668.0 0.0010401704457763117
669.0 0.001075028831110103
670.0 0.0011352248293405864
671.0 0.0011954206456721295
672.0 0.0011930188520636875
673.0 0.0011906169675057754
674.0 0.0010868588105950039
675.0 0.0009831003808358219
676.0 0.0009250851690012496
677.0 0.0008670695933687966
678.0 0.0009133217645285185
679.0 0.0009595740266377106
680.0 0.0010043457223218866
681.0 0.0010491174180060625
682.0 0.0010373361874371767
683.0 0.0010255548659188207
684.0 0.0008545026503270492
685.0 0.0006834504347352777
686.0 0.0009042389137903228
687.0 0.0011250272109464277
688.0 0.001148811134044081
689.0 0.0011725950571417343
690.0 0.0010278889021719806
691.0 0.0008831826562527567
692.0 0.0010006229786085896
693.0 0.0011180633009644225
694.0 0.001141997654485749
695.0 0.0011659318261081353
696.0 0.0011186120900674723
697.0 0.0010712920811783988
698.0 0.0011124778211524244
699.0 0.00115366356112645
700.0 0.0011086669474025257
701.0 0.0010636703336786013
702.0 0.001128494659496937
703.0 0.0011933188034163322
704.0 0.0011373698725947179
705.0 0.0010814207598741632
706.0 0.001084450377675239
707.0 0.001087480086425785
708.0 0.001089206853066571
709.0 0.0010909336197073571
710.0 0.0011600981451920234
711.0 0.0012292627616261598
712.0 0.0012115225217712577
713.0 0.001193782463815296
714.0 0.0011271805306023452
715.0 0.001060578870237805
716.0 0.0013312503142515197
717.0 0.0016019221220631152
718.0 0.0018441578504280187
719.0 0.002086393396893982
720.0 0.0018488844943931326
721.0 0.0016113755918922834
722.0 0.0017576810932951048
723.0 0.001903986958495807
724.0 0.0018638102119439282
725.0 0.0018236334653920494
726.0 0.0019370252630324103
727.0 0.002050416878773831
728.0 0.0020580531781888567
729.0 0.002065689295704942
730.0 0.002021330328716431
731.0 0.0019769709979300387
732.0 0.001804914245440159
733.0 0.0016328574929502793
734.0 0.0013796652638120577
735.0 0.001126472943724366
736.0 0.0010775975169963203
737.0 0.0010287219993188046
738.0 0.0010306209333066363
739.0 0.001032519867294468
740.0 0.0008567511940782424
741.0 0.0006809823844378116
742.0 0.0006774828761990648
743.0 0.0006739835043845233
744.0 0.0008191815140889958
745.0 0.000964379887591349
746.0 0.0009630814929550979
747.0 0.0009617832802177873
748.0 0.0010381265383330174
749.0 0.0011144698873977177
750.0 0.0010835809916898143
751.0 0.0010526924597797915
752.0 0.0009539461643726099
753.0 0.0008551998689654283
754.0 0.0009280139238398988
755.0 0.001000827887764899
756.0 0.0009537129699310753
757.0 0.000906598233996192
758.0 0.0008849742698657792
759.0 0.0008633503057353664
760.0 0.0007793600161676295
761.0 0.0006953697265998926
762.0 0.0007220323368528625
763.0 0.0007486948561563622
764.0 0.0008314834303746466
765.0 0.0009142721864918713
766.0 0.0007525613000325393
767.0 0.0005908502771490021
768.0 0.0006435353043343639
769.0 0.0006962202405702556
770.0 0.0005789479018858401
771.0 0.0004616754267772194
772.0 0.0005996304935251828
773.0 0.0007375855602731463
774.0 0.0007670500963286031
775.0 0.0007965148142830003
776.0 0.0007942864613141865
777.0 0.0007920581083453726
778.0 0.0007760035259707365
779.0 0.0007599489890708355
780.0 0.0006329546522465535
781.0 0.0005059603608970065
782.0 0.0005825066182296723
783.0 0.000659052784612868
784.0 0.0006512601430586074
785.0 0.0006434675469790818
786.0 0.0006018603926349897
787.0 0.000560253465664573
788.0 0.00044327275645628106
789.0 0.0003262920472479891
790.0 0.00027478124593471875
791.0 0.00022327051283355104
792.0 0.0002895337274821941
793.0 0.0003557969193934696
794.0 0.000309106576423801
795.0 0.0002624162107167649
796.0 0.00040125987652572803
797.0 0.0005401034286478534
798.0 0.00048755350690043997
799.0 0.00043500349420355633
800.0 0.00045776123442919925
801.0 0.00048051906560431235
802.0 0.00040085215005092323
803.0 0.00032118534818437183
804.0 0.0003329716946609551
805.0 0.0003447579501880682
806.0 0.00035715443118533585
807.0 0.0003695508667078684
808.0 0.00043576410462264903
809.0 0.0005019773652747972
810.0 0.00046060381464485545
811.0 0.0004192302640149137
812.0 0.0003915055458492134
813.0 0.00036378078220877796
814.0 0.0004252454800734995
815.0 0.0004867102688876912
816.0 0.0005843201051902724
817.0 0.0006819300324423239
818.0 0.00053080370889802
819.0 0.00037967740809108363
820.0 0.0004731357421405846
821.0 0.0005665940534527181
822.0 0.0005572347617999185
823.0 0.0005478754246723838
824.0 0.0004729308784590103
825.0 0.00039798624129616655
826.0 0.000488940622744849
827.0 0.0005798949587187963
828.0 0.0004785778401128482
829.0 0.0003772607442442677
830.0 0.00041250591493735556
831.0 0.00044775106289307587
832.0 0.0006804555596318096
833.0 0.0009131599654210731
834.0 0.0006168822437757626
835.0 0.0003206046358172898
836.0 0.00045421811591950245
837.0 0.0005878317097085528
838.0 0.0005125666120875394
839.0 0.00043730160541599616
840.0 0.0006462030341936043
841.0 0.0008551043720217422
842.0 0.0005940907158219488
843.0 0.00033307692319795024
844.0 0.00035289619972900255
845.0 0.0003727156126842601
846.0 0.0005130487807036843
847.0 0.000653382176096784
848.0 0.000573881015952793
849.0 0.000494379901283537
850.0 0.00038181074160092976
851.0 0.00026924160465569
852.0 0.00029179739158280427
853.0 0.00031435299661097815
854.0 0.0004727073246613145
855.0 0.0006310616299742833
856.0 0.0005932354724791367
857.0 0.0005554093604587251
858.0 0.0005190796400711406
859.0 0.000482749874208821
860.0 0.0005135764240549179
861.0 0.0005444029739010148
862.0 0.0005277097443467937
863.0 0.0005110165602673078
864.0 0.0005024495749239577
865.0 0.0004938826350553427
866.0 0.0005722323749068892
867.0 0.0006505821147584356
868.0 0.0007712213118793443
869.0 0.0008918605999497231
870.0 0.000718674073141301
871.0 0.0005454875008581439
872.0 0.00047494158934568986
873.0 0.00040439558688376565
874.0 0.0003937287146982271
875.0 0.0003830617515632184
876.0 0.0005093793333799113
877.0 0.0006356967787723988
878.0 0.000672772739562788
879.0 0.0007098484275047667
880.0 0.0006954611762921559
881.0 0.0006810741979279555
882.0 0.0005593951300397748
883.0 0.00043771628952526953
884.0 0.0005358082944439957
885.0 0.000633900390312192
886.0 0.0006977615612413501
887.0 0.0007616228231199784
888.0 0.0007304534847207833
889.0 0.0006992841008468531
890.0 0.0006730308996338863
891.0 0.0006467776529461844
892.0 0.0006361824034684105
893.0 0.000625587381364312
894.0 0.0006315954124147538
895.0 0.0006376034889399307
896.0 0.0005028407485951902
897.0 0.0003680779627757147
898.0 0.0003858600393868983
899.0 0.00040364216147281695
900.0 0.0003311327645860729
901.0 0.0002586233676993288
902.0 0.0004812714905710891
903.0 0.0007039195224933792
904.0 0.0003718294692589552
905.0 3.973936202328332e-05
906.0 0.00029546695259341504
