lsstCam/transmission_filter_detector/r01_s21/r_57/19700101T000000.ecsv
# %ECSV 1.0
# ---
# datatype:
# - {name: wavelength, unit: nm, datatype: float32}
# - {name: efficiency, unit: '%', datatype: float64}
# meta: !!omap
# - {MODE: DETECTOR}
# - {TYPE: transmission_filter_detector}
# - {CALIBDATE: '1970-01-01T00:00:00'}
# - {INSTRUME: LSSTCam}
# - {OBSTYPE: transmission_filter_detector}
# - {CALIBCLS: lsst.ip.isr.IntermediateFilterDetectorTransmissionCurve}
# - {SOURCE: Materion (DM-46256)}
# - {DETECTOR: 7}
# - {FILTER: r_57}
# - {CALIB_ID: 'calibDate=1970-01-01T00:00:00 filter=r_57 detector=7'}
# - {DATE: '2025-04-02T15:59:44.217693'}
# - {CALIB_CREATION_DATE: '2025-04-02'}
# - {CALIB_CREATION_TIME: '15:59:44'}
# - __serialized_columns__:
#     efficiency:
#       __class__: astropy.units.quantity.Quantity
#       unit: !astropy.units.Unit {unit: '%'}
#       value: !astropy.table.SerializedColumn {name: efficiency}
#     wavelength:
#       __class__: astropy.units.quantity.Quantity
#       unit: !astropy.units.Unit {unit: nm}
#       value: !astropy.table.SerializedColumn {name: wavelength}
# schema: astropy-2.0
wavelength efficiency
[from data line 602]
902.0 1.6488045737755863e-10
903.0 1.6488045737755863e-10
904.0 1.6488045737755863e-10
905.0 8.505830351168697e-05
906.0 1.999247700723572e-05
907.0 1.6488045737755863e-10
908.0 1.6488045737755863e-10
909.0 1.6488045737755863e-10
910.0 1.6488045737755863e-10
911.0 1.6488045737755863e-10
912.0 1.6488045737755863e-10
913.0 1.6488045737755863e-10
914.0 1.6488045737755863e-10
915.0 6.333324904517212e-05
916.0 6.873486313452304e-05
917.0 7.41364999612415e-05
918.0 0.00013903795661462937
919.0 0.0002039393848463078
920.0 7.955702017170552e-05
921.0 1.6488045737755863e-10
922.0 4.2624424168025143e-05
923.0 0.0001300742155763146
924.0 0.0001533278236820479
925.0 0.00017658145452514873
926.0 0.00012152016779509722
927.0 6.64588867493876e-05
928.0 7.344111736529157e-05
929.0 8.0423325243828e-05
930.0 0.00014815364011155907
931.0 0.00021588396066363202
932.0 8.312633781315526e-05
933.0 1.6488045737755863e-10
934.0 0.0001104312332245172
935.0 0.00027049368327425327
936.0 0.00022417018499254482
937.0 0.00017784668671083637
938.0 0.00027020701054425444
939.0 0.00036256735711504007
940.0 0.00035017822028748924
941.0 0.00033778910619730595
942.0 0.0004081399765709648
943.0 0.0004784908924193587
944.0 0.0003684193643493927
945.0 0.00025834790449152933
946.0 0.00027273138130112784
947.0 0.0002871147898986237
948.0 0.00040499635360902175
949.0 0.00052287800826889
950.0 0.0005645264536724426
951.0 0.0006061749445507303
952.0 0.0007276335963979363
953.0 0.0008490924301440828
954.0 0.0011534107215993572
955.0 0.0014577292859030422
956.0 0.001521230205980828
957.0 0.0015847310351091437
958.0 0.0017386895706295036
959.0 0.0018926484699477442
960.0 0.002016135840676725
961.0 0.0021396235752035864
962.0 0.0022815660486230627
963.0 0.0024235088858404197
964.0 0.0024140588720911182
965.0 0.002404608858341817
966.0 0.002378456701990217
967.0 0.0023523043637396768
968.0 0.002308849070686847
969.0 0.002265394141431898
970.0 0.0023608938136021607
971.0 0.002456393667671364
972.0 0.0025323273803223856
973.0 0.0026082610929734074
974.0 0.002851018689398188
975.0 0.0030937764677219093
976.0 0.0032135911169461906
977.0 0.003333405402372591
978.0 0.0032231779186986387
979.0 0.003112950798822567
980.0 0.0030316734410007484
981.0 0.00295039608317893
982.0 0.003044192271772772
983.0 0.003137988824164495
984.0 0.0031233488698489964
985.0 0.003108708915533498
986.0 0.002978011798404623
987.0 0.0028473146812757477
988.0 0.002673901690286584
989.0 0.002500488881196361
990.0 0.0025417904907953925
991.0 0.002583092100394424
992.0 0.0026573045033728704
993.0 0.0027315169063513167
994.0 0.002769251659628935
995.0 0.0028069858672097325
996.0 0.002886501533794217
997.0 0.0029660170184797607
998.0 0.0030856917874189094
999.0 0.0032053667382569984
1000.0 0.0033132906537503004
1001.0 0.0034212145692436025
1002.0 0.0036605870263883844
1003.0 0.003899959847331047
1004.0 0.0040331589843844995
1005.0 0.004166358121437952
1006.0 0.004325100235291757
1007.0 0.004483842712943442
1008.0 0.004396521399030462
1009.0 0.004309200448915362
1010.0 0.004333975448389538
1011.0 0.004358750447863713
1012.0 0.004353877011453733
1013.0 0.004349003575043753
1014.0 0.004062938751303591
1015.0 0.003776873563765548
1016.0 0.0035978831874672323
1017.0 0.0034188928111689165
1018.0 0.0030658899049740285
1019.0 0.0027128871806780808
1020.0 0.0022833994080428965
1021.0 0.0018539118173066527
1022.0 0.0016255173250101507
1023.0 0.0013971225598652381
1024.0 0.0014154722521197982
1025.0 0.0014338221262732986
1026.0 0.0013399378076428548
1027.0 0.0012460532161640003
1028.0 0.0011819254723377526
1029.0 0.0011177975466125645
1030.0 0.001013820838124957
1031.0 0.0009098435839405283
1032.0 0.0008939965482568368
1033.0 0.0008781491487752646
1034.0 0.0008141554644680582
1035.0 0.0007501616437366465
1036.0 0.0008383462954952847
1037.0 0.0009265306289307773
1038.0 0.0008367062946490478
1039.0 0.0007468819603673182
1040.0 0.00082528313214425
1041.0 0.0009036842129717115
1042.0 0.0009754695383890066
1043.0 0.001047254500008421
1044.0 0.000998324412648799
1045.0 0.0009493945981375873
1046.0 0.0009459064131078776
1047.0 0.0009424185918760486
1048.0 0.0007902692232164554
1049.0 0.0006381199000315974
1050.0 0.0006915806352481013
1051.0 0.0007450414159393404
1052.0 0.001058255566022126
1053.0 0.001371469352307031
1054.0 0.0011730847290891688
1055.0 0.0009747000149218366
1056.0 0.00098552072813618
1057.0 0.0009963416232494637
1058.0 0.0008859215995471459
1059.0 0.0007755017577437684
1060.0 0.0011551750503713265
1061.0 0.0015348476154031232
1062.0 0.0016266243619611487
1063.0 0.0017184011085191742
1064.0 0.0011956766684306785
1065.0 0.0006729518190695671
1066.0 0.00114107469926239
1067.0 0.001609197715879418
1068.0 0.001859389703895431
1069.0 0.0021095815100125037
1070.0 0.001592265471117571
1071.0 0.001074949341273168
1072.0 0.001273890484299045
1073.0 0.0014728318092238624
1074.0 0.0022427140720537864
1075.0 0.0030125960620353
1076.0 0.003260504308855161
1077.0 0.0035084125556750223
1078.0 0.003797911631409079
1079.0 0.004087410343345255
1080.0 0.004217250170768239
1081.0 0.004347089270595461
1082.0 0.0039641905459575355
1083.0 0.0035812921851174906
1084.0 0.004101034210179932
1085.0 0.004620775507646613
1086.0 0.004901696593151428
1087.0 0.005182617678656243
1088.0 0.005276559750200249
1089.0 0.005370502185542136
1090.0 0.004946609624312259
1091.0 0.004522716699284501
1092.0 0.004216054003336467
1093.0 0.003909391307388432
1094.0 0.0043584306695265695
1095.0 0.0048074703954625875
1096.0 0.00366506319551263
1097.0 0.0025226559955626726
1098.0 0.0017618649508222006
1099.0 0.001001074087980669
1100.0 0.0014747985915164463
1101.0 0.001948522731254343
