lsstCam/transmission_filter_detector/r01_s21/r_57/19700101T000000.ecsv
# %ECSV 1.0
# ---
# datatype:
# - {name: wavelength, unit: nm, datatype: float32}
# - {name: efficiency, unit: '%', datatype: float64}
# meta: !!omap
# - {MODE: DETECTOR}
# - {TYPE: transmission_filter_detector}
# - {CALIBDATE: '1970-01-01T00:00:00'}
# - {INSTRUME: LSSTCam}
# - {OBSTYPE: transmission_filter_detector}
# - {CALIBCLS: lsst.ip.isr.IntermediateFilterDetectorTransmissionCurve}
# - {SOURCE: Materion (DM-46256)}
# - {DETECTOR: 7}
# - {FILTER: r_57}
# - {CALIB_ID: 'calibDate=1970-01-01T00:00:00 filter=r_57 detector=7'}
# - {DATE: '2025-04-02T15:59:44.217693'}
# - {CALIB_CREATION_DATE: '2025-04-02'}
# - {CALIB_CREATION_TIME: '15:59:44'}
# - __serialized_columns__:
#     efficiency:
#       __class__: astropy.units.quantity.Quantity
#       unit: !astropy.units.Unit {unit: '%'}
#       value: !astropy.table.SerializedColumn {name: efficiency}
#     wavelength:
#       __class__: astropy.units.quantity.Quantity
#       unit: !astropy.units.Unit {unit: nm}
#       value: !astropy.table.SerializedColumn {name: wavelength}
# schema: astropy-2.0
wavelength efficiency
300.0 0.0026816685931407847
301.0 0.006515948916785419
302.0 0.010350229422328994
303.0 0.013321840378921479
304.0 0.01629344915272668
305.0 0.014623056631535292
306.0 0.01295266265515238
307.0 0.011721841292455792
308.0 0.010491018474567682
309.0 0.009274284821003675
310.0 0.008057548984652385
311.0 0.007230493065435439
312.0 0.006403436418622732
313.0 0.005798981510451995
314.0 0.005194525874685496
315.0 0.005111471546115354
316.0 0.005028416126151569
317.0 0.004712450027000159
318.0 0.004396483564050868
319.0 0.004194039138383232
320.0 0.003991592893726192
321.0 0.0037193218304309994
322.0 0.0034470507671358064
323.0 0.0030544179026037455
324.0 0.002661784310475923
325.0 0.0027248130209045485
326.0 0.0027878415494342335
327.0 0.002882981425500475
328.0 0.0029781220291624777
329.0 0.0029151809940231033
330.0 0.002852240140782669
331.0 0.0027482823497848585
332.0 0.0026443252863828093
333.0 0.0022708223696099594
334.0 0.00189731963473605
335.0 0.0016246398445218801
336.0 0.0013519600543077104
337.0 0.0012993916243431158
338.0 0.0012468232853279915
339.0 0.0011357155926816631
340.0 0.001024607990984805
341.0 0.001000050633592764
342.0 0.0009754933671501931
343.0 0.0009725877134769689
344.0 0.0009696819688542746
345.0 0.0009382853022543713
346.0 0.0009068884537555277
347.0 0.0009011365364131052
348.0 0.0008953847100201529
349.0 0.000947452281252481
350.0 0.005894495188840665
351.0 0.006225211836863309
352.0 0.006555928121088073
353.0 0.006293189653661102
354.0 0.006030452277627774
355.0 0.005825401967740618
356.0 0.005620352749247104
357.0 0.007235792145365849
358.0 0.008851232269080356
359.0 0.006397868128260598
360.0 0.003944503259845078
361.0 0.002483885509718675
362.0 0.0010232674867438618
363.0 0.002370355650782585
364.0 0.003717443541972898
365.0 0.004087265187990852
366.0 0.0044570868340088055
367.0 0.0033445066947024316
368.0 0.0022319263734971173
369.0 0.0015335072021116503
370.0 0.0008350883035745937
371.0 0.0015986299331416376
372.0 0.002362171835557092
373.0 0.002749449049588293
374.0 0.0031367260817205533
375.0 0.003170125637552701
376.0 0.0032035251933848485
377.0 0.0017234269762411714
378.0 0.00024332910015800735
379.0 0.0010200279575656168
380.0 0.001796726974134799
381.0 0.0027649592084344476
382.0 0.0037331916246330366
383.0 0.0037112018617335707
384.0 0.0036892124626319855
385.0 0.004670617272495292
386.0 0.005652021354762837
387.0 0.004932798765366897
388.0 0.004213575812173076
389.0 0.003615717650973238
390.0 0.0030178593078744598
391.0 0.002146790393453557
392.0 0.0012757214790326543
393.0 0.0013778590982838068
394.0 0.0014799963537370786
395.0 0.001146135400631465
396.0 0.0008122744475258514
397.0 0.000845812519401079
398.0 0.0008793509550741874
399.0 0.0006261515864025569
400.0 0.0003729517402462079
401.0 0.00011873163430209388
402.0 1.6488045737755863e-10
403.0 7.27891688256932e-05
404.0 0.00028106767331337323
405.0 0.0008799175702733919
406.0 0.0014787671716476325
407.0 0.0019197057554265484
408.0 0.002360644248255994
409.0 0.0019427867300692014
410.0 0.001524928848084528
411.0 0.0011278670172032434
412.0 0.0007308051863219589
413.0 0.0007391059625661001
414.0 0.0007474067388102412
415.0 0.00080019281085697
416.0 0.0008529792467015795
417.0 0.001390417673974298
418.0 0.001927856465044897
419.0 0.0023927786969579756
420.0 0.002857700746972114
421.0 0.00446127014583908
422.0 0.006064838817110285
423.0 0.009152849816018716
424.0 0.012240860087331384
425.0 0.016462066560052335
426.0 0.020683268667198718
427.0 0.021230385755188763
428.0 0.02177750429837033
429.0 0.016559450887143612
430.0 0.011341398931108415
431.0 0.00813506921986118
432.0 0.00492873732582666
433.0 0.004000039189122617
434.0 0.003071340688620694
435.0 0.00234629897022387
436.0 0.001621257069928106
437.0 0.0014636964806413744
438.0 0.0013061360732535832
439.0 0.0010850686521735042
440.0 0.0008640013220428955
441.0 0.0010920095519395545
442.0 0.0013200177818362135
443.0 0.001652344326430466
444.0 0.001984671143873129
445.0 0.0018761653336696327
446.0 0.0017676595234661363
447.0 0.0016422036424046382
448.0 0.0015167478522926103
449.0 0.0014604174793930724
450.0 0.0014040866517461836
451.0 0.0015779623936396092
452.0 0.0017518383174319752
453.0 0.0016734751625335775
454.0 0.0015951121895341203
455.0 0.001420311218680581
456.0 0.0012455106116249226
457.0 0.0008829276339383796
458.0 0.0005203446562518366
459.0 0.0007610438387928298
460.0 0.0010017429303843528
461.0 0.001683405389485415
462.0 0.0023650673028896563
463.0 0.0030860195693094283
464.0 0.0038069712900323793
465.0 0.004899735722574405
466.0 0.005992499791318551
467.0 0.006605350790778175
468.0 0.007218203245429322
469.0 0.006160716293379664
470.0 0.005103230432723649
471.0 0.003887673301505856
472.0 0.0026721159883891232
473.0 0.0022063097276259214
474.0 0.0017405031030648388
475.0 0.0014406933587451931
476.0 0.0011408839782234281
477.0 0.0009254297765437514
478.0 0.0007099754384398693
479.0 0.000914119209483033
480.0 0.0011182627531525213
481.0 0.0008324503141921014
482.0 0.0005466380116558867
483.0 0.0006125260824774159
484.0 0.0006784140168747399
485.0 0.0006162528734421358
486.0 0.0005540915481105912
487.0 0.0006068836228223518
488.0 0.0006596756065846421
489.0 0.0006037872935849009
490.0 0.0005478989351104246
491.0 0.000694453228788916
492.0 0.0008410074769926723
493.0 0.0009965912795451004
494.0 0.0011521751730469987
495.0 0.0010200897122558672
496.0 0.0008880041605152655
497.0 0.0011311702110106125
498.0 0.0013743360796070192
499.0 0.0013910436791775282
500.0 0.0014077513696975075
501.0 0.0015332419934566133
502.0 0.0016587327991146594
503.0 0.0020093742932658643
504.0 0.0023600159693160094
505.0 0.002980362478410825
506.0 0.003600709169404581
507.0 0.004273335071047768
508.0 0.004945960245095193
509.0 0.00539822067366913
510.0 0.005850480374647304
511.0 0.005192796015762724
512.0 0.0045351116568781435
513.0 0.003852614827337675
514.0 0.003170117997797206
515.0 0.003030444531759713
516.0 0.0028907714295201004
517.0 0.0026759174943435937
518.0 0.002461063559167087
519.0 0.0747725774999708
520.0 0.10467228712514043
521.0 0.02295028534717858
522.0 0.12216755421832204
523.0 1.6488045737755863e-10
524.0 0.09812226053327322
525.0 0.11423769174143672
526.0 0.10053894948214293
527.0 0.08955764933489263
528.0 0.11566563043743372
529.0 0.11001481907442212
530.0 0.08798821363598108
531.0 0.16398103907704353
532.0 0.20144698210060596
533.0 0.3486901521682739
534.0 0.411973986774683
535.0 0.5435324739664793
536.0 0.789075531065464
537.0 1.2595873326063156
538.0 1.8925797194242477
539.0 2.9629280790686607
540.0 4.665344208478928
541.0 6.720532476902008
542.0 9.517819434404373
543.0 12.95066624879837
544.0 16.946467757225037
545.0 21.72759473323822
546.0 27.337506413459778
547.0 33.92549753189087
548.0 42.213135957717896
549.0 50.11938810348511
550.0 56.70558214187622
551.0 63.90323042869568
552.0 68.77740025520325
553.0 73.60779643058777
554.0 77.24509239196777
555.0 81.08336329460144
556.0 84.61312651634216
557.0 87.52142786979675
558.0 90.48712253570557
559.0 92.98666715621948
560.0 93.30528974533081
561.0 95.23082375526428
562.0 95.42111158370972
563.0 95.26886343955994
564.0 95.68039178848267
565.0 95.22560834884644
566.0 95.97133994102478
567.0 95.11269330978394
568.0 95.71738839149475
569.0 96.6839075088501
570.0 96.33620977401733
571.0 97.05023765563965
572.0 96.89282178878784
573.0 96.95470929145813
574.0 97.30322360992432
575.0 97.15340733528137
576.0 97.11809158325195
577.0 97.11336493492126
578.0 96.97540998458862
579.0 97.27080464363098
580.0 96.39217853546143
581.0 96.64788246154785
582.0 96.72415256500244
583.0 96.92084193229675
584.0 96.47789001464844
585.0 96.51878476142883
586.0 96.52370810508728
587.0 96.0701048374176
588.0 96.45633101463318
589.0 97.35255241394043
590.0 96.60776853561401
591.0 95.91721892356873
592.0 95.67029476165771
593.0 95.61381340026855
594.0 96.03989720344543
595.0 96.1529791355133
596.0 96.97280526161194
597.0 97.09736108779907
598.0 96.59857153892517
599.0 97.02741503715515
600.0 97.09168672561646
601.0 95.9406852722168
602.0 96.78508639335632
603.0 96.23643755912781
604.0 96.28451466560364
605.0 96.8043327331543
606.0 95.84670662879944
607.0 96.23251557350159
608.0 96.37431502342224
609.0 95.67610025405884
610.0 95.81466913223267
611.0 95.71839570999146
612.0 95.85803747177124
613.0 96.69709205627441
614.0 96.63463234901428
615.0 96.18951678276062
616.0 96.3570237159729
617.0 96.70409560203552
618.0 96.21601104736328
619.0 97.02333211898804
620.0 96.2315022945404
621.0 95.44298052787781
622.0 96.42407894134521
623.0 96.51267528533936
624.0 96.31800651550293
625.0 96.98689579963684
626.0 96.13380432128906
627.0 94.89604830741882
628.0 96.93959951400757
629.0 95.65605521202087
630.0 96.42437100410461
631.0 96.10574841499329
632.0 96.7222809791565
633.0 96.42729163169861
634.0 95.822674036026
635.0 96.34953737258911
636.0 95.9607720375061
637.0 95.7487404346466
638.0 95.38810849189758
639.0 95.71237564086914
640.0 95.57117223739624
641.0 95.60011625289917
642.0 96.08347415924072
643.0 96.02526426315308
644.0 95.87748646736145
645.0 96.06183767318726
646.0 96.10511660575867
647.0 97.01915383338928
648.0 96.32458090782166
649.0 95.71375250816345
650.0 96.0638165473938
651.0 96.83442115783691
652.0 96.8820571899414
653.0 95.75788974761963
654.0 96.74547910690308
655.0 96.82424664497375
656.0 95.80383896827698
657.0 95.76951861381531
658.0 96.34479284286499
659.0 96.37131690979004
660.0 95.60903310775757
661.0 95.9037184715271
662.0 95.75639367103577
663.0 95.7579493522644
664.0 95.6853985786438
665.0 95.19513845443726
666.0 95.39563059806824
667.0 95.75156569480896
668.0 95.07545828819275
669.0 95.72876691818237
670.0 95.34838199615479
671.0 95.7431435585022
672.0 95.213383436203
673.0 95.73995471000671
674.0 95.00685930252075
675.0 95.79963684082031
676.0 94.74518895149231
677.0 94.20117735862732
678.0 93.29979419708252
679.0 92.45622158050537
680.0 91.5212333202362
681.0 90.25445580482483
682.0 88.02352547645569
683.0 85.22768020629883
684.0 81.86320662498474
685.0 78.72375249862671
686.0 74.73477125167847
687.0 69.97606754302979
688.0 65.87037444114685
689.0 61.43772602081299
690.0 56.35019540786743
691.0 52.22301483154297
692.0 47.644779086112976
693.0 43.38470101356506
694.0 38.320279121398926
695.0 32.985639572143555
696.0 27.57866084575653
697.0 22.353218495845795
698.0 16.678151488304138
699.0 12.130306661128998
700.0 8.488503843545914
701.0 5.320408567786217
702.0 3.250066190958023
703.0 1.9632898271083832
704.0 1.1294924654066563
705.0 0.6410039495676756
706.0 0.40371823124587536
707.0 0.29054132755845785
708.0 0.1603750861249864
709.0 0.11429174337536097
710.0 0.12523342156782746
711.0 0.06868765922263265
712.0 0.07405908545479178
713.0 0.07896749302744865
714.0 0.08449433371424675
715.0 0.06571166450157762
716.0 0.06951424875296652
717.0 0.02300609485246241
718.0 0.045155477710068226
719.0 0.031303431023843586
720.0 1.6488045737755863e-10
721.0 0.004445332524483092
722.0 0.004184161662124097
723.0 0.003922991163562983
724.0 0.0036102395824855193
725.0 0.0032974880014080554
726.0 0.0030801289540249854
727.0 0.0028627699066419154
728.0 0.0026775373044074513
729.0 0.002492304702172987
730.0 0.002374438918195665
731.0 0.002256573316117283
732.0 0.0022394529878511094
733.0 0.0022223326595849358
734.0 0.002106582178384997
735.0 0.001990831515286118
736.0 0.0018104279661201872
737.0 0.0016300244169542566
738.0 0.001619086106074974
739.0 0.0016081479770946316
740.0 0.0015607107343384996
741.0 0.001513273764430778
742.0 0.0014150100469123572
743.0 0.0013167463293939363
744.0 0.001384809183946345
745.0 0.0014528719475492835
746.0 0.0013173613297112752
747.0 0.001181850802822737
748.0 0.0010843676136573777
749.0 0.0009868844244920183
750.0 0.0010008446224674117
751.0 0.0010148050023417454
752.0 0.0010314222890883684
753.0 0.0010480394848855212
754.0 0.001108155629481189
755.0 0.0011682721378747374
756.0 0.0011300768164801411
757.0 0.001091881040338194
758.0 0.001084950508811744
759.0 0.0010780199772852939
760.0 0.0010802393262565602
761.0 0.0010824588571267668
762.0 0.0010672806638467591
763.0 0.001052102743415162
764.0 0.0010005292097048368
765.0 0.0009489556759945117
766.0 0.0007585389539599419
767.0 0.0005681222774001071
768.0 0.0005916376267123269
769.0 0.0006151528850750765
770.0 0.0007345335689024068
771.0 0.0008539144801034126
772.0 0.0007802881555107888
773.0 0.0007066616944939597
774.0 0.0008341421562363394
775.0 0.0009616226634534542
776.0 0.0008985364729596768
777.0 0.0008354502824658994
778.0 0.0008322947905980982
779.0 0.0008291393896797672
780.0 0.0007456562343577389
781.0 0.0006621730790357105
782.0 0.0007301533969439333
783.0 0.0007981335329532158
784.0 0.0008319880180351902
785.0 0.0008658420483698137
786.0 0.0007647899110452272
787.0 0.0006637376827711705
788.0 0.0006537239187309751
789.0 0.0006437103365897201
790.0 0.0006705182840960333
791.0 0.0006973261861276114
792.0 0.000759581416787114
793.0 0.0008218366929213516
794.0 0.0008249931852333248
795.0 0.0008281493137474172
796.0 0.0007024998467386467
797.0 0.0005768502887804061
798.0 0.0007521976840507705
799.0 0.0009275449883716647
800.0 0.0008577456355851609
801.0 0.0007879460099502467
802.0 0.0006277576630964177
803.0 0.00046756904339417815
804.0 0.0006078631031414261
805.0 0.0007481571628886741
806.0 0.0006879275133542251
807.0 0.0006276979547692463
808.0 0.0007530229140684241
809.0 0.0008783477824181318
810.0 0.0007546552751591662
811.0 0.0006309630407486111
812.0 0.0006592500085389474
813.0 0.0006875369763292838
814.0 0.0005626248821499757
815.0 0.0004377128789201379
816.0 0.000580221103518852
817.0 0.0007227294645417714
818.0 0.0006455844413721934
819.0 0.0005684393727278803
820.0 0.00045361289267020766
821.0 0.0003387863444004324
822.0 0.0003614729166656616
823.0 0.00038415951166825835
824.0 0.000429614374297671
825.0 0.0004750692369270837
826.0 0.0005347053502191557
827.0 0.0005943415089859627
828.0 0.00044856028580397833
829.0 0.00030277910809672903
830.0 0.00017903339539770968
831.0 5.5287750910792965e-05
832.0 1.9742269330436102e-05
833.0 1.6488045737755863e-10
834.0 1.6488045737755863e-10
835.0 1.6488045737755863e-10
836.0 0.00028141707844042685
837.0 0.0005725838491343893
838.0 0.0007369473223661771
839.0 0.0009013108865474351
840.0 0.0012279975635465235
841.0 0.0015546842405456118
842.0 0.0020556744857458398
843.0 0.002556664912845008
844.0 0.002591500924609136
845.0 0.002626337118272204
846.0 0.002856453829735983
847.0 0.003086570359300822
848.0 0.0030165454518282786
849.0 0.0029465216357493773
850.0 0.0023860871806391515
851.0 0.0018256532712257467
852.0 0.0014854719665891025
853.0 0.0011452905710029881
854.0 0.0010240691153740045
855.0 0.0009028475687955506
856.0 0.0006842157745268196
857.0 0.00046558407120755874
858.0 0.0005779219009127701
859.0 0.0006902595941937761
860.0 0.0005710062850994291
861.0 0.00045175288505561184
862.0 0.00039489291339123156
863.0 0.0003380328962521162
864.0 0.00023471411623177119
865.0 0.00013139540442352882
866.0 0.00012463822258723667
867.0 0.00011788099527620943
868.0 0.00014847170177745284
869.0 0.00017906235143527738
870.0 5.816332304675598e-05
871.0 1.6488045737755863e-10
872.0 1.6488045737755863e-10
873.0 1.6488045737755863e-10
874.0 1.6488045737755863e-10
875.0 1.6488045737755863e-10
876.0 1.6488045737755863e-10
877.0 1.6488045737755863e-10
878.0 8.049897814998985e-05
879.0 0.00019067670109507162
880.0 0.00014759584701096173
881.0 0.00010451495882080053
882.0 0.00010479404863872332
883.0 0.00010507316119401366
884.0 1.6488045737755863e-10
885.0 1.6488045737755863e-10
886.0 1.6488045737755863e-10
887.0 0.00010412527444714215
888.0 0.00019791659724432975
889.0 0.0002917078973041498
890.0 0.00023086893179424806
891.0 0.0001700299208096112
892.0 4.1858737631628173e-05
893.0 1.6488045737755863e-10
894.0 1.6488045737755863e-10
895.0 5.3256138698998257e-05
896.0 4.7420601845260535e-05
897.0 4.158511615059979e-05
898.0 4.6143691179167945e-05
899.0 5.07022662077361e-05
900.0 3.343471632888395e-05
