lsstCam/transmission_filter_detector/r42_s21/i_39/19700101T000000.ecsv
# %ECSV 1.0
# ---
# datatype:
# - {name: wavelength, unit: nm, datatype: float32}
# - {name: efficiency, unit: '%', datatype: float64}
# meta: !!omap
# - {MODE: DETECTOR}
# - {TYPE: transmission_filter_detector}
# - {CALIBDATE: '1970-01-01T00:00:00'}
# - {INSTRUME: LSSTCam}
# - {OBSTYPE: transmission_filter_detector}
# - {CALIBCLS: lsst.ip.isr.IntermediateFilterDetectorTransmissionCurve}
# - {SOURCE: Materion (DM-46256)}
# - {DETECTOR: 178}
# - {FILTER: i_39}
# - {CALIB_ID: 'calibDate=1970-01-01T00:00:00 filter=i_39 detector=178'}
# - {DATE: '2025-04-02T15:59:47.303071'}
# - {CALIB_CREATION_DATE: '2025-04-02'}
# - {CALIB_CREATION_TIME: '15:59:47'}
# - __serialized_columns__:
#     efficiency:
#       __class__: astropy.units.quantity.Quantity
#       unit: !astropy.units.Unit {unit: '%'}
#       value: !astropy.table.SerializedColumn {name: efficiency}
#     wavelength:
#       __class__: astropy.units.quantity.Quantity
#       unit: !astropy.units.Unit {unit: nm}
#       value: !astropy.table.SerializedColumn {name: wavelength}
# schema: astropy-2.0
wavelength efficiency
[from data line 598]
898.0 0.00021653161184076453
899.0 9.658258477429627e-05
900.0 1.7044486481931909e-10
901.0 4.253563190559362e-05
902.0 0.0001084376776816498
903.0 0.00014634545095759677
904.0 0.0001842532014961762
905.0 0.0001629115899959288
906.0 0.00014156997849568143
907.0 8.307260372930614e-05
908.0 2.4575248858127452e-05
909.0 0.0001010012965707574
910.0 0.0001774273869159515
911.0 0.00015501518646487966
912.0 0.00013260296327644028
913.0 0.00010250317927784636
914.0 7.240338959491055e-05
915.0 1.7044486481931909e-10
916.0 1.7044486481931909e-10
917.0 1.7044486481931909e-10
918.0 1.7044486481931909e-10
919.0 1.7044486481931909e-10
920.0 1.7044486481931909e-10
921.0 1.7044486481931909e-10
922.0 1.7044486481931909e-10
923.0 1.7090034987177205e-05
924.0 5.576132480200613e-05
925.0 3.01905146216086e-05
926.0 4.6197236258649355e-06
927.0 1.7044486481931909e-10
928.0 1.7044486481931909e-10
929.0 4.548305412299669e-05
930.0 0.00022370895749190822
931.0 2.1671709760084923e-05
932.0 1.7044486481931909e-10
933.0 1.7044486481931909e-10
934.0 1.7044486481931909e-10
935.0 1.7044486481931909e-10
936.0 1.7044486481931909e-10
937.0 1.7044486481931909e-10
938.0 2.5716983031998097e-05
939.0 4.7092140675886185e-05
940.0 6.84673068462871e-05
941.0 5.5592084891031845e-05
942.0 4.271695672741771e-05
943.0 2.9226029596429726e-05
944.0 1.5735183467313618e-05
945.0 0.00017449359575039125
946.0 0.000333251978190674
947.0 0.00021601651951641543
948.0 9.878103810478933e-05
949.0 1.789497758863945e-05
950.0 1.7044486481931909e-10
951.0 1.7044486481931909e-10
952.0 1.7044486481931909e-10
953.0 1.7044486481931909e-10
954.0 1.7044486481931909e-10
955.0 1.7044486481931909e-10
956.0 2.83375580778511e-06
957.0 1.7044486481931909e-10
958.0 1.7044486481931909e-10
959.0 1.4101378553732502e-05
960.0 0.00020733064047817606
961.0 9.300434840042726e-05
962.0 1.7044486481931909e-10
963.0 1.7044486481931909e-10
964.0 1.7044486481931909e-10
965.0 1.7044486481931909e-10
966.0 1.7044486481931909e-10
967.0 1.7660262585650344e-05
968.0 9.618602234695572e-05
969.0 6.385603512626403e-06
970.0 1.7044486481931909e-10
971.0 1.7044486481931909e-10
972.0 1.7044486481931909e-10
973.0 1.7044486481931909e-10
974.0 3.1563008207058374e-06
975.0 3.4118190228582534e-05
976.0 6.508007572847418e-05
977.0 2.1236805025637295e-05
978.0 1.7044486481931909e-10
979.0 1.5952663545704127e-05
980.0 5.451177571558219e-05
981.0 1.7044486481931909e-10
982.0 1.7044486481931909e-10
983.0 1.7044486481931909e-10
984.0 6.790882594032155e-05
985.0 1.7044486481931909e-10
986.0 1.7044486481931909e-10
987.0 1.7044486481931909e-10
988.0 7.574626437190091e-06
989.0 4.652510199321114e-05
990.0 8.547559104954416e-05
991.0 2.2859508419514896e-05
992.0 1.7044486481931909e-10
993.0 4.545290437363292e-05
994.0 0.00013066239716863493
995.0 0.0001849554450927826
996.0 0.0002392484930169303
997.0 0.00017723654082146822
998.0 0.00011522456588863861
999.0 1.7044486481931909e-10
1000.0 1.7044486481931909e-10
1001.0 1.7044486481931909e-10
1002.0 5.8222025245413533e-05
1003.0 1.7044486481931909e-10
1004.0 1.7044486481931909e-10
1005.0 3.80055865889517e-05
1006.0 0.00016941182821028633
1007.0 0.0001845939095801441
1008.0 0.0001997761046368396
1009.0 0.0002082000719383359
1010.0 0.0002166240392398322
1011.0 0.0002666447926458204
1012.0 0.00031666554605180863
1013.0 0.00022026536043995293
1014.0 0.00012386512935336214
1015.0 2.7354539611224027e-05
1016.0 1.7044486481931909e-10
1017.0 0.0001370970267089433
1018.0 0.0003433500978644588
1019.0 0.00033006326702889055
1020.0 0.00031677641345595475
1021.0 0.00037255690585880075
1022.0 0.00042833739826164674
1023.0 0.0002905702331190696
1024.0 0.00015280309071386
1025.0 0.00013173568049751339
1026.0 0.00011066831575590186
1027.0 0.00037918300677119987
1028.0 0.0006476976068370277
1029.0 0.0006653108812315622
1030.0 0.0006829240646766266
1031.0 0.0009587623935658485
1032.0 0.0012346008588792756
1033.0 0.0014730175280419644
1034.0 0.0017114341972046532
1035.0 0.00215790332731558
1036.0 0.0026043722755275667
1037.0 0.002631929783092346
1038.0 0.002659487108758185
1039.0 0.0029923385227448307
1040.0 0.0033251901186304167
1041.0 0.0033285439712926745
1042.0 0.0033318974601570517
1043.0 0.0031813757232157513
1044.0 0.0030308538043755107
1045.0 0.0033158212318085134
1046.0 0.003600789204938337
1047.0 0.0034836033592000604
1048.0 0.003366417149663903
1049.0 0.0028413229301804677
1050.0 0.002316228346899152
1051.0 0.0025531080609653145
1052.0 0.0027899879569304176
1053.0 0.0026266128770657815
1054.0 0.002463237615302205
1055.0 0.0021800287868245505
1056.0 0.0018968195945490152
1057.0 0.0015366400475613773
1058.0 0.001176459772977978
1059.0 0.0012647153198486194
1060.0 0.0013529705938708503
1061.0 0.0011652390639937948
1062.0 0.0009775074431672692
1063.0 0.0012860517927038018
1064.0 0.0015945961422403343
1065.0 0.0022164895199239254
1066.0 0.0028383828976075165
1067.0 0.002675694486242719
1068.0 0.002513006256776862
1069.0 0.0026160041670664214
1070.0 0.0027190022592549212
1071.0 0.002847692485374864
1072.0 0.002976382529595867
1073.0 0.0027443020371720195
1074.0 0.002512221544748172
1075.0 0.002360792313993443
1076.0 0.002209362901339773
1077.0 0.002478758688084781
1078.0 0.002748154292930849
1079.0 0.002942271385109052
1080.0 0.003136388841085136
1081.0 0.0020757677702931687
1082.0 0.0010151470632990822
1083.0 0.0009013592716655694
1084.0 0.0007875713890825864
1085.0 0.00046569734877266455
1086.0 0.0001438233994122129
1087.0 0.0006994458090048283
1088.0 0.0012550680366985034
1089.0 0.0016040752598200925
1090.0 0.0019530829376890324
1091.0 0.0020133527868892998
1092.0 0.002073622636089567
1093.0 0.0013832390322932042
1094.0 0.0006928555649210466
1095.0 0.0002692086582101183
1096.0 1.7044486481931909e-10
1097.0 1.7044486481931909e-10
1098.0 1.7044486481931909e-10
1099.0 0.00012640990689760656
1100.0 0.0015596820958307944
