lsstCam/transmission_filter_detector/r42_s21/i_39/19700101T000000.ecsv
# %ECSV 1.0
# ---
# datatype:
# - {name: wavelength, unit: nm, datatype: float32}
# - {name: efficiency, unit: '%', datatype: float64}
# meta: !!omap
# - {MODE: DETECTOR}
# - {TYPE: transmission_filter_detector}
# - {CALIBDATE: '1970-01-01T00:00:00'}
# - {INSTRUME: LSSTCam}
# - {OBSTYPE: transmission_filter_detector}
# - {CALIBCLS: lsst.ip.isr.IntermediateFilterDetectorTransmissionCurve}
# - {SOURCE: Materion (DM-46256)}
# - {DETECTOR: 178}
# - {FILTER: i_39}
# - {CALIB_ID: 'calibDate=1970-01-01T00:00:00 filter=i_39 detector=178'}
# - {DATE: '2025-04-02T15:59:47.303071'}
# - {CALIB_CREATION_DATE: '2025-04-02'}
# - {CALIB_CREATION_TIME: '15:59:47'}
# - __serialized_columns__:
#     efficiency:
#       __class__: astropy.units.quantity.Quantity
#       unit: !astropy.units.Unit {unit: '%'}
#       value: !astropy.table.SerializedColumn {name: efficiency}
#     wavelength:
#       __class__: astropy.units.quantity.Quantity
#       unit: !astropy.units.Unit {unit: nm}
#       value: !astropy.table.SerializedColumn {name: wavelength}
# schema: astropy-2.0
wavelength efficiency
300.0 0.029485384584404528
301.0 0.012007608165731654
302.0 1.7044486481931909e-10
303.0 1.7044486481931909e-10
304.0 1.7044486481931909e-10
305.0 1.7044486481931909e-10
306.0 1.7044486481931909e-10
307.0 1.7044486481931909e-10
308.0 1.7044486481931909e-10
309.0 1.7044486481931909e-10
310.0 1.7044486481931909e-10
311.0 1.7044486481931909e-10
312.0 1.7044486481931909e-10
313.0 0.0014937812920834403
314.0 0.0057701061450643465
315.0 0.010444059444125742
316.0 0.015118012379389256
317.0 0.01040632851072587
318.0 0.005694645369658247
319.0 0.0009293305993196554
320.0 1.7044486481931909e-10
321.0 1.7044486481931909e-10
322.0 1.7044486481931909e-10
323.0 0.0010792680768645369
324.0 0.0068367568019311875
325.0 0.002849432894436177
326.0 1.7044486481931909e-10
327.0 1.7044486481931909e-10
328.0 0.0008340584827237763
329.0 0.0009468744792684447
330.0 0.00105968883872265
331.0 0.0018860951968235895
332.0 0.0027125022825202905
333.0 0.0014455484233621974
334.0 0.00017859430272437748
335.0 0.0007398291018034797
336.0 0.0013010639122512657
337.0 0.0015093451111169998
338.0 0.0017176265828311443
339.0 0.00026168081603827886
340.0 1.7044486481931909e-10
341.0 3.5236325857113115e-05
342.0 0.0012647370567719918
343.0 0.0009646586477174424
344.0 0.0006645809662586544
345.0 0.00019629508187790634
346.0 1.7044486481931909e-10
347.0 0.00011156477057738812
348.0 0.0004951205937686609
349.0 0.0004606792572303675
350.0 0.000426237875217339
351.0 0.0008807372978480998
352.0 0.0013352368114283308
353.0 0.0012198456715850625
354.0 0.001104454440792324
355.0 0.0013332512935448904
356.0 0.0015620480553479865
357.0 0.0006338637376757106
358.0 1.7044486481931909e-10
359.0 1.7044486481931909e-10
360.0 1.7044486481931909e-10
361.0 1.7044486481931909e-10
362.0 6.427409857678867e-05
363.0 0.0006528525318572065
364.0 0.0012414310731401201
365.0 0.0006252662842598511
366.0 9.101587750137696e-06
367.0 1.7044486481931909e-10
368.0 1.7044486481931909e-10
369.0 1.7044486481931909e-10
370.0 1.7044486481931909e-10
371.0 1.7044486481931909e-10
372.0 0.00022677143078908557
373.0 0.0001834325530580827
374.0 0.00014009353890287457
375.0 0.0005601019893219927
376.0 0.0009801105989026837
377.0 0.0006635880708927289
378.0 0.0003470655201454065
379.0 0.0003090953896389692
380.0 0.0002711250772335916
381.0 3.94486022514684e-05
382.0 1.7044486481931909e-10
383.0 1.7044486481931909e-10
384.0 1.7044486481931909e-10
385.0 1.7044486481931909e-10
386.0 0.0003100864432781236
387.0 5.572731538450171e-05
388.0 1.7044486481931909e-10
389.0 1.7044486481931909e-10
390.0 2.6778727146847814e-05
391.0 0.000355458041667589
392.0 0.0006841371487098513
393.0 0.0009587387467036024
394.0 0.0012333402082731482
395.0 0.0008808263373794034
396.0 0.0005283123300614534
397.0 0.0007336005637625931
398.0 0.0009388888429384679
399.0 0.0016116855476866476
400.0 0.0022844822524348274
401.0 0.004074159369338304
402.0 0.005863837941433303
403.0 0.005574919487116858
404.0 0.005286001396598294
405.0 0.0024245677195722237
406.0 1.7044486481931909e-10
407.0 0.0010469444532645866
408.0 0.0025307561372756027
409.0 0.003981506961281411
410.0 0.00543225760338828
411.0 0.004885812450083904
412.0 0.004339366569183767
413.0 0.0039143345929915085
414.0 0.0034893022530013695
415.0 0.004734235335490666
416.0 0.00597916659899056
417.0 0.005591108129010536
418.0 0.0052030489314347506
419.0 0.005160277214599773
420.0 0.005117506952956319
421.0 0.005204491753829643
422.0 0.005291478373692371
423.0 0.0051432922191452235
424.0 0.004995105700800195
425.0 0.004380908649181947
426.0 0.003766711597563699
427.0 0.003671725426102057
428.0 0.003576739618438296
429.0 0.003958927118219435
430.0 0.004341114981798455
431.0 0.005055452857050113
432.0 0.005769789277110249
433.0 0.0050167611334472895
434.0 0.00426373298978433
435.0 0.0031688050512457266
436.0 0.0020738772946060635
437.0 0.001193039133795537
438.0 0.0003122008820355404
439.0 0.001194476499222219
440.0 0.0020767520254594274
441.0 0.0009929145562637132
442.0 1.7044486481931909e-10
443.0 0.00036101298519497504
444.0 0.0008129487468977459
445.0 0.0005545309704757528
446.0 0.00029611312584165717
447.0 0.0004239232112013269
448.0 0.0005517332738236291
449.0 0.0006001465408189688
450.0 0.0006485598532890435
451.0 0.0002730095957304002
452.0 1.7044486481931909e-10
453.0 1.7044486481931909e-10
454.0 1.7044486481931909e-10
455.0 1.7044486481931909e-10
456.0 0.00025444817310926737
457.0 0.00024915132144087693
458.0 0.00024385424239881104
459.0 0.0003330583922434016
460.0 0.00042226256482535973
461.0 0.0005105371201352682
462.0 0.0005988116754451767
463.0 0.0007329132586164633
464.0 0.0008670151146361604
465.0 0.0005085807970317546
466.0 0.000150146320265776
467.0 0.0004341658041084884
468.0 0.0007181851287896279
469.0 0.0006085155291657429
470.0 0.0004988458385923877
471.0 0.00039413157537637744
472.0 0.00028941735763510223
473.0 0.00018240771169075742
474.0 7.539808279943827e-05
475.0 0.00015286952930182451
476.0 0.00023034092464513378
477.0 0.00021863336314709159
478.0 0.0002069259608106222
479.0 0.00013902085811423603
480.0 7.111585205166193e-05
481.0 0.000219903745346528
482.0 0.000368691644325736
483.0 0.0009586915439285804
484.0 0.0015486912161577493
485.0 0.0026525614885031246
486.0 0.0037564317608485
487.0 0.005974874147796072
488.0 0.008193316170945764
489.0 0.014144537271931767
490.0 0.02009575837291777
491.0 0.02569204370956868
492.0 0.03128832904621959
493.0 0.034093266003765166
494.0 0.03689820587169379
495.0 0.035023968666791916
496.0 0.03314973437227309
497.0 0.02758586488198489
498.0 0.022021998302079737
499.0 0.01577581133460626
500.0 0.009529627277515829
501.0 0.006093699266784824
502.0 0.0026577718017506413
503.0 0.0018725148038356565
504.0 0.0010872580787690822
505.0 0.0018351860489929095
506.0 0.002583114110166207
507.0 0.0026846490072784945
508.0 0.0027861840862897225
509.0 0.0028806754926336
510.0 0.002975166898977477
511.0 0.002437061266391538
512.0 0.001898955633805599
513.0 0.0019754534150706604
514.0 0.0020519515601336025
515.0 0.0017100011973525397
516.0 0.001368050834571477
517.0 0.0015796580555615947
518.0 0.001791265094652772
519.0 0.0017631962691666558
520.0 0.0017351278074784204
521.0 0.0013737872905039694
522.0 0.0010124467735295184
523.0 0.001560315467941109
524.0 0.00210818434425164
525.0 0.0027905631213798188
526.0 0.0034729418985079974
527.0 0.004239954796503298
528.0 0.005006967330700718
529.0 0.005244771455181763
530.0 0.005482575579662807
531.0 0.005251766924629919
532.0 0.005020958269597031
533.0 0.004227738099871203
534.0 0.0034345179301453754
535.0 0.0025840705347945914
536.0 0.001733622957544867
537.0 0.001937294473464135
538.0 0.002140965989383403
539.0 0.002786809091048781
540.0 0.003432652374613099
541.0 0.004333715332904831
542.0 0.005234778654994443
543.0 0.005202618922339752
544.0 0.005170459553482942
545.0 0.005045948637416586
546.0 0.00492143735755235
547.0 0.004109474684810266
548.0 0.0032975120120681822
549.0 0.0029048624128336087
550.0 0.002512212631700095
551.0 0.0025824070689850487
552.0 0.0026526018700678833
553.0 0.0027493508241605014
554.0 0.002846100142051
555.0 0.0023953200070536695
556.0 0.001944539872056339
557.0 0.001540295488666743
558.0 0.001136051014327677
559.0 0.0009037418749358039
560.0 0.000671432781018666
561.0 0.0005082127245259471
562.0 0.00034499266803322826
563.0 0.0008787915248831268
564.0 0.0014125904272077605
565.0 0.0018055276086670347
566.0 0.002198464790126309
567.0 0.002071632661682088
568.0 0.001944800533237867
569.0 0.0015307454305002466
570.0 0.0011166899639647454
571.0 0.00084208359112381
572.0 0.0005674773547070799
573.0 0.00043818126869155094
574.0 0.0003088851144639193
575.0 0.0005040335508965654
576.0 0.0006991819191171089
577.0 0.0006598964773729676
578.0 0.0006206109901540913
579.0 0.0004982998689229134
580.0 0.0003759887931664707
581.0 0.00028711567665595794
582.0 0.0001982425828828127
583.0 0.0003341151341373916
584.0 0.0004699877536040731
585.0 0.0003344626975376741
586.0 0.00019893766420864267
587.0 0.00046816426220175344
588.0 0.0007373908374574967
589.0 0.000990731223282637
590.0 0.0012440716091077775
591.0 0.0009743125701788813
592.0 0.0007045535767247202
593.0 0.0005818006229674211
594.0 0.00045904780563432723
595.0 0.0005429712928162189
596.0 0.0006268947345233755
597.0 0.000408179084843141
598.0 0.0001894635261123767
599.0 0.00022127248939796118
600.0 0.0002530815436330158
601.0 0.0003772270929403021
602.0 0.0005013726422475884
603.0 0.00036695591916213743
604.0 0.00023253924155142158
605.0 0.00028779627427866217
606.0 0.0003430532160564326
607.0 0.00033029318728949875
608.0 0.0003175330448357272
609.0 0.00044230064304429106
610.0 0.0005670682185154874
611.0 0.0005080893515696516
612.0 0.00044911048462381586
613.0 0.00024582393507444067
614.0 4.253741963111679e-05
615.0 3.45711612226296e-05
616.0 2.6604919867168064e-05
617.0 0.00026828099635167746
618.0 0.0005099570898892125
619.0 0.00045825586312275846
620.0 0.0004065547273057746
621.0 0.0002380304522375809
622.0 6.950621127543855e-05
623.0 1.44786625355664e-05
624.0 1.7044486481931909e-10
625.0 0.00013890355603507487
626.0 0.0003183559783792589
627.0 0.0003536428721417906
628.0 0.00038892981137905736
629.0 0.0003246647338528419
630.0 0.00026039967906399397
631.0 0.0002596697640910861
632.0 0.00025893984911817824
633.0 0.0002691581357794348
634.0 0.00027937644517805893
635.0 0.00023727736788714537
636.0 0.00019517829059623182
637.0 0.0002759484686976066
638.0 0.0003567186240616138
639.0 0.0004416439423948759
640.0 0.0005265691925160354
641.0 0.00035396333259996027
642.0 0.0001813574499465176
643.0 0.00034167269404861145
644.0 0.0005019878244638676
645.0 0.000507718641529209
646.0 0.0005134494131198153
647.0 0.0005769731160398806
648.0 0.0006404967280104756
649.0 0.0005634747139993124
650.0 0.00048645256356394384
651.0 0.0006141433914308436
652.0 0.0007418342647724785
653.0 0.0007086334335326683
654.0 0.0006754326932423282
655.0 0.0006568383469129913
656.0 0.0006382440005836543
657.0 0.0010858310815820005
658.0 0.0015334182535298169
659.0 0.0028509712137747556
660.0 0.023126788437366486
661.0 0.08572688093408942
662.0 0.09674103348515928
663.0 0.11383275268599391
664.0 0.08144378662109375
665.0 0.09940986055880785
666.0 0.16631409525871277
667.0 0.17125456361100078
668.0 0.1696817227639258
669.0 0.2475706860423088
670.0 0.3169849282130599
671.0 0.4212920553982258
672.0 0.6921269465237856
673.0 1.0283702984452248
674.0 1.5602544881403446
675.0 2.300160564482212
676.0 3.3062677830457687
677.0 4.620950669050217
678.0 5.978936702013016
679.0 7.352118194103241
680.0 9.118487685918808
681.0 11.127730458974838
682.0 13.63549679517746
683.0 16.39871895313263
684.0 19.446542859077454
685.0 22.420918941497803
686.0 25.47597587108612
687.0 28.643232583999634
688.0 31.822291016578674
689.0 35.006070137023926
690.0 38.512122631073
691.0 42.3587441444397
692.0 46.90261483192444
693.0 51.8232524394989
694.0 57.47320055961609
695.0 63.05290460586548
696.0 69.34507489204407
697.0 74.91160035133362
698.0 81.0731828212738
699.0 85.91211438179016
700.0 89.7674024105072
701.0 92.9477334022522
702.0 95.20219564437866
703.0 96.49513363838196
704.0 97.19154238700867
705.0 97.72496819496155
706.0 97.83754348754883
707.0 98.03923964500427
708.0 98.059743642807
709.0 98.06519150733948
710.0 97.8613018989563
711.0 98.07351231575012
712.0 97.92152047157288
713.0 98.04778695106506
714.0 98.0406105518341
715.0 98.09877276420593
716.0 98.0190634727478
717.0 98.22883605957031
718.0 98.31002950668335
719.0 98.27051162719727
720.0 98.50175976753235
721.0 98.45435619354248
722.0 98.27079176902771
723.0 97.96404242515564
724.0 97.65475392341614
725.0 97.35403656959534
726.0 97.08654880523682
727.0 96.67584300041199
728.0 96.43361568450928
729.0 96.21928930282593
730.0 96.12964391708374
731.0 96.2389349937439
732.0 96.21480107307434
733.0 96.59186601638794
734.0 96.91739082336426
735.0 97.17913866043091
736.0 97.66021370887756
737.0 98.06349277496338
738.0 98.30628037452698
739.0 98.71578812599182
740.0 98.85827302932739
741.0 98.56697916984558
742.0 98.93466830253601
743.0 98.79143238067627
744.0 98.62350821495056
745.0 98.58449101448059
746.0 98.61857891082764
747.0 98.8373339176178
748.0 98.64256978034973
749.0 98.50930571556091
750.0 98.52430820465088
751.0 98.41741919517517
752.0 98.39895367622375
753.0 98.57622385025024
754.0 98.48909378051758
755.0 98.61350655555725
756.0 98.61886501312256
757.0 98.71602654457092
758.0 98.7557053565979
759.0 98.792964220047
760.0 98.71505498886108
761.0 98.60590696334839
762.0 98.67395758628845
763.0 98.64411354064941
764.0 98.4356164932251
765.0 98.36493134498596
766.0 98.4963059425354
767.0 98.2745110988617
768.0 98.35842847824097
769.0 98.39450120925903
770.0 98.19245338439941
771.0 98.20712208747864
772.0 98.28636050224304
773.0 98.24644327163696
774.0 98.03164005279541
775.0 98.11825156211853
776.0 98.02659153938293
777.0 98.13878536224365
778.0 98.10313582420349
779.0 98.14154505729675
780.0 97.85946011543274
781.0 98.17081689834595
782.0 98.03004860877991
783.0 98.07065725326538
784.0 98.07578325271606
785.0 98.18408489227295
786.0 98.30015897750854
787.0 98.0989158153534
788.0 98.18422198295593
789.0 98.31600785255432
790.0 98.1707215309143
791.0 98.24733138084412
792.0 98.13260436058044
793.0 98.07672500610352
794.0 98.13750386238098
795.0 97.96571135520935
796.0 98.00155758857727
797.0 98.13534617424011
798.0 98.16615581512451
799.0 98.05530309677124
800.0 97.84955978393555
801.0 97.85526394844055
802.0 97.82559275627136
803.0 97.59259223937988
804.0 97.48827815055847
805.0 97.2467839717865
806.0 96.90282940864563
807.0 96.4978039264679
808.0 95.74316740036011
809.0 94.95528936386108
810.0 93.93330812454224
811.0 92.48257279396057
812.0 90.65698385238647
813.0 88.46500515937805
814.0 85.76834797859192
815.0 82.5933575630188
816.0 79.20157313346863
817.0 75.07489919662476
818.0 70.45450806617737
819.0 66.20059013366699
820.0 61.0828161239624
821.0 56.4297080039978
822.0 51.852768659591675
823.0 47.2023606300354
824.0 42.53441393375397
825.0 38.19029629230499
826.0 33.65934491157532
827.0 28.93618643283844
828.0 24.611277878284454
829.0 20.362763106822968
830.0 15.881387889385223
831.0 12.373360246419907
832.0 8.854658156633377
833.0 6.060493364930153
834.0 3.948616608977318
835.0 2.4120258167386055
836.0 1.459389552474022
837.0 0.7986960932612419
838.0 0.46468330547213554
839.0 0.30901047866791487
840.0 0.16481647035107017
841.0 0.08351505966857076
842.0 0.03831679932773113
843.0 0.027730027795769274
844.0 0.021277106134220958
845.0 0.003742794433492236
846.0 1.7044486481931909e-10
847.0 0.005157709892955609
848.0 1.7044486481931909e-10
849.0 1.7044486481931909e-10
850.0 0.002534182567615062
851.0 0.0030411832995014265
852.0 0.0033058629924198613
853.0 0.00252088484558044
854.0 0.0017359070625388995
855.0 0.001292375054617878
856.0 0.0008488434104947373
857.0 0.0006430019766412443
858.0 0.00043716063373722136
859.0 0.0004935905508318683
860.0 0.0005500204679265153
861.0 0.0003699035005411133
862.0 0.00018978651041834382
863.0 9.1356679376986e-05
864.0 1.7044486481931909e-10
865.0 6.200868938321946e-05
866.0 0.00013109053043081076
867.0 3.45082497688054e-05
868.0 1.7044486481931909e-10
869.0 1.7044486481931909e-10
870.0 1.7044486481931909e-10
871.0 1.7044486481931909e-10
872.0 1.7044486481931909e-10
873.0 1.7044486481931909e-10
874.0 4.96101336011634e-05
875.0 2.5970106776185276e-05
876.0 2.3300851026419878e-06
877.0 5.608590640804323e-05
878.0 0.0001098417328648793
879.0 8.246935294664581e-05
880.0 5.5096984397096094e-05
881.0 6.0789608369304915e-05
882.0 6.648223802585562e-05
883.0 4.61137346974283e-05
884.0 2.574520863163343e-05
885.0 5.327544272404339e-05
886.0 8.080567113211146e-05
887.0 1.7044486481931909e-10
888.0 1.7044486481931909e-10
889.0 1.7044486481931909e-10
890.0 1.7044486481931909e-10
891.0 1.7044486481931909e-10
892.0 8.706623475518427e-05
893.0 2.882504190893087e-05
894.0 1.7044486481931909e-10
895.0 1.7044486481931909e-10
896.0 1.7044486481931909e-10
