lsstCam/transmission_filter_detector/r30_s00/z_20/19700101T000000.ecsv
# %ECSV 1.0
# ---
# datatype:
# - {name: wavelength, unit: nm, datatype: float32}
# - {name: efficiency, unit: '%', datatype: float64}
# meta: !!omap
# - {MODE: DETECTOR}
# - {TYPE: transmission_filter_detector}
# - {CALIBDATE: '1970-01-01T00:00:00'}
# - {INSTRUME: LSSTCam}
# - {OBSTYPE: transmission_filter_detector}
# - {CALIBCLS: lsst.ip.isr.IntermediateFilterDetectorTransmissionCurve}
# - {SOURCE: Materion (DM-46256)}
# - {DETECTOR: 117}
# - {FILTER: z_20}
# - {CALIB_ID: 'calibDate=1970-01-01T00:00:00 filter=z_20 detector=117'}
# - {DATE: '2025-04-02T15:59:49.181676'}
# - {CALIB_CREATION_DATE: '2025-04-02'}
# - {CALIB_CREATION_TIME: '15:59:49'}
# - __serialized_columns__:
#     efficiency:
#       __class__: astropy.units.quantity.Quantity
#       unit: !astropy.units.Unit {unit: '%'}
#       value: !astropy.table.SerializedColumn {name: efficiency}
#     wavelength:
#       __class__: astropy.units.quantity.Quantity
#       unit: !astropy.units.Unit {unit: nm}
#       value: !astropy.table.SerializedColumn {name: wavelength}
# schema: astropy-2.0
wavelength efficiency
[from data line 597]
897.0 99.1907000541687
898.0 98.52758049964905
899.0 98.48207831382751
900.0 98.64648580551147
901.0 99.13116693496704
902.0 99.03143048286438
903.0 98.59342575073242
904.0 97.92298078536987
905.0 98.14263582229614
906.0 97.99965023994446
907.0 98.4720528125763
908.0 97.78252840042114
909.0 97.87172079086304
910.0 97.6751446723938
911.0 96.5393602848053
912.0 95.44729590415955
913.0 94.47522163391113
914.0 91.85817241668701
915.0 89.74737524986267
916.0 87.36671805381775
917.0 86.21781468391418
918.0 82.20098614692688
919.0 80.90039491653442
920.0 77.60732769966125
921.0 73.18284511566162
922.0 68.43369007110596
923.0 62.435513734817505
924.0 56.918543577194214
925.0 51.6344428062439
926.0 45.395562052726746
927.0 37.910255789756775
928.0 31.910425424575806
929.0 25.91412365436554
930.0 20.536917448043823
931.0 15.419402718544006
932.0 10.506675392389297
933.0 6.6662512719631195
934.0 4.157335311174393
935.0 2.4841992184519768
936.0 1.334478985518217
937.0 0.8796140551567078
938.0 0.5132763180881739
939.0 0.25977417826652527
940.0 0.10963449021801353
941.0 0.13291609939187765
942.0 0.1775366603396833
943.0 1.7137079515866516e-10
944.0 0.026144066941924393
945.0 0.010832378757186234
946.0 0.047819368774071336
947.0 0.042818280053325
948.0 1.7137079515866516e-10
949.0 0.09022366721183062
950.0 1.7137079515866516e-10
951.0 0.03210851573385298
952.0 1.7137079515866516e-10
953.0 0.05605269689112902
954.0 1.7137079515866516e-10
955.0 0.05597282433882356
956.0 1.7137079515866516e-10
957.0 1.7137079515866516e-10
958.0 1.7137079515866516e-10
959.0 0.07298826822079718
960.0 0.14210159424692392
961.0 1.7137079515866516e-10
962.0 1.7137079515866516e-10
963.0 1.7137079515866516e-10
964.0 1.7137079515866516e-10
965.0 0.008389981667278334
966.0 0.11950867483392358
967.0 1.7137079515866516e-10
968.0 0.01345262280665338
969.0 1.7137079515866516e-10
970.0 1.7137079515866516e-10
971.0 0.00982765486696735
972.0 1.7137079515866516e-10
973.0 0.032985847792588174
974.0 1.7137079515866516e-10
975.0 0.0007408048531942768
976.0 0.006252474122447893
977.0 0.006180059426696971
978.0 0.006107644003350288
979.0 0.005848077853443101
980.0 0.005588512067333795
981.0 0.005528558176592924
982.0 0.005468603558256291
983.0 0.0053617583034792915
984.0 0.005254912321106531
985.0 0.005176396734896116
986.0 0.005097881148685701
987.0 0.005003219121135771
988.0 0.004908557093585841
989.0 0.004849689867114648
990.0 0.004790822276845574
991.0 0.004600933607434854
992.0 0.004411044574226253
993.0 0.004376179640530609
994.0 0.0043413147068349645
995.0 0.004390678077470511
996.0 0.004440041811903939
997.0 0.004370496026240289
998.0 0.00430095024057664
999.0 0.0042905969166895375
1000.0 0.0042802432290045545
1001.0 0.004157137300353497
1002.0 0.00403403137170244
1003.0 0.00415493814216461
1004.0 0.004275845276424661
1005.0 0.004172045373707078
1006.0 0.0040682454709894955
1007.0 0.004105664629605599
1008.0 0.004143083424423821
1009.0 0.004038503175252117
1010.0 0.003933922926080413
1011.0 0.004015018203062937
1012.0 0.00409611348004546
1013.0 0.004206802259432152
1014.0 0.004317491038818844
1015.0 0.004268835982657038
1016.0 0.004220181290293112
1017.0 0.004260282730683684
1018.0 0.004300384171074256
1019.0 0.004113371323910542
1020.0 0.003926358840544708
1021.0 0.003980916881118901
1022.0 0.004035474557895213
1023.0 0.0042097999539691955
1024.0 0.004384125350043178
1025.0 0.004323719622334465
1026.0 0.004263313894625753
1027.0 0.0043505075154826045
1028.0 0.004437701136339456
1029.0 0.004362307663541287
1030.0 0.004286913463147357
1031.0 0.004337309655966237
1032.0 0.004387705848785117
1033.0 0.004576426726998761
1034.0 0.004765147241414525
1035.0 0.004891388743999414
1036.0 0.005017629518988542
1037.0 0.00499678571941331
1038.0 0.004975941919838078
1039.0 0.005140760185895488
1040.0 0.005305578451952897
1041.0 0.00521162583027035
1042.0 0.005117672844789922
1043.0 0.005261953629087657
1044.0 0.0054062340495875105
1045.0 0.005674958083545789
1046.0 0.005943682481301948
1047.0 0.006092387775424868
1048.0 0.006241092341952026
1049.0 0.006100847167544998
1050.0 0.005960599446552806
1051.0 0.006378035322995856
1052.0 0.006795469380449504
1053.0 0.0072030394221656024
1054.0 0.007610610919073224
1055.0 0.007360060408245772
1056.0 0.00710950989741832
1057.0 0.007374386768788099
1058.0 0.007639266550540924
1059.0 0.007651328633073717
1060.0 0.007663389260414988
1061.0 0.008203688776120543
1062.0 0.008743989747017622
1063.0 0.008915521175367758
1064.0 0.009087055514100939
1065.0 0.009198498446494341
1066.0 0.009309941378887743
1067.0 0.00931252070586197
1068.0 0.009315098577644676
1069.0 0.009991161641664803
1070.0 0.010667226160876453
1071.0 0.010390680108685046
1072.0 0.01011413405649364
1073.0 0.010475765884621069
1074.0 0.01083739844034426
1075.0 0.01059902788256295
1076.0 0.010360652959207073
1077.0 0.01192898052977398
1078.0 0.01349730446236208
1079.0 0.01280088908970356
1080.0 0.012104472989449278
1081.0 0.012683580280281603
1082.0 0.013262686843518168
1083.0 0.01419637119397521
1084.0 0.015130056999623775
1085.0 0.01486770634073764
1086.0 0.014605355681851506
1087.0 0.015098863514140248
1088.0 0.015592372801620513
1089.0 0.015207489195745438
1090.0 0.014822611410636455
1091.0 0.01518790959380567
1092.0 0.01555320923216641
1093.0 0.016466464148834348
1094.0 0.017379719065502286
1095.0 0.018690043361857533
1096.0 0.020000364747829735
1097.0 0.019785904441960156
1098.0 0.01957144122570753
1099.0 0.020335392036940902
1100.0 0.02109934139298275
1101.0 0.021935137920081615
1102.0 0.022770931536797434
1103.0 0.02330146380700171
1104.0 0.023831994622014463
1105.0 0.02458876115269959
1106.0 0.025345521862618625
1107.0 0.025935308076441288
1108.0 0.026525091379880905
1109.0 0.027115762350149453
1110.0 0.027706430410034955
1111.0 0.028413627296686172
1112.0 0.029120821272954345
1113.0 0.029700121376663446
1114.0 0.030279415659606457
1115.0 0.031154725002124906
1116.0 0.03203002561349422
1117.0 0.032685609767213464
1118.0 0.033341191010549664
1119.0 0.03462412569206208
1120.0 0.035907054552808404
1121.0 0.03732428012881428
1122.0 0.03874150279443711
1123.0 0.040350231574848294
1124.0 0.04195895744487643
1125.0 0.042885419679805636
1126.0 0.043811884825117886
1127.0 0.04518144705798477
1128.0 0.04655100929085165
1129.0 0.04908742266707122
1130.0 0.05162383895367384
1131.0 0.05639429436996579
1132.0 0.061164755607023835
1133.0 0.05953848594799638
1134.0 0.0579122279305011
1135.0 0.06103342166170478
1136.0 0.06415462703444064
1137.0 0.07221802952699363
1138.0 0.08028144366107881
1139.0 0.081449601566419
1140.0 0.08261775365099311
1141.0 0.09467169875279069
1142.0 0.1067256205715239
1143.0 0.13757925480604172
1144.0 0.16843288904055953
1145.0 0.33758787903934717
1146.0 0.5067429039627314
1147.0 0.9245134890079498
1148.0 1.342284306883812
1149.0 1.409731898456812
1150.0 1.4771797694265842
