lsstCam/transmission_filter_detector/r30_s00/z_20/19700101T000000.ecsv
# %ECSV 1.0
# ---
# datatype:
# - {name: wavelength, unit: nm, datatype: float32}
# - {name: efficiency, unit: '%', datatype: float64}
# meta: !!omap
# - {MODE: DETECTOR}
# - {TYPE: transmission_filter_detector}
# - {CALIBDATE: '1970-01-01T00:00:00'}
# - {INSTRUME: LSSTCam}
# - {OBSTYPE: transmission_filter_detector}
# - {CALIBCLS: lsst.ip.isr.IntermediateFilterDetectorTransmissionCurve}
# - {SOURCE: Materion (DM-46256)}
# - {DETECTOR: 117}
# - {FILTER: z_20}
# - {CALIB_ID: 'calibDate=1970-01-01T00:00:00 filter=z_20 detector=117'}
# - {DATE: '2025-04-02T15:59:49.181676'}
# - {CALIB_CREATION_DATE: '2025-04-02'}
# - {CALIB_CREATION_TIME: '15:59:49'}
# - __serialized_columns__:
#     efficiency:
#       __class__: astropy.units.quantity.Quantity
#       unit: !astropy.units.Unit {unit: '%'}
#       value: !astropy.table.SerializedColumn {name: efficiency}
#     wavelength:
#       __class__: astropy.units.quantity.Quantity
#       unit: !astropy.units.Unit {unit: nm}
#       value: !astropy.table.SerializedColumn {name: wavelength}
# schema: astropy-2.0
wavelength efficiency
300.0 0.36451120395213366
301.0 0.3144357120618224
302.0 0.2643602667376399
303.0 0.24160651955753565
304.0 0.21885274909436703
305.0 0.18634219886735082
306.0 0.15383161371573806
307.0 0.15178914181888103
308.0 0.14974664663895965
309.0 0.13894158182665706
310.0 0.12813651701435447
311.0 0.12551650870591402
312.0 0.12289646547287703
313.0 0.11854291660711169
314.0 0.11418935609981418
315.0 0.09974893182516098
316.0 0.08530850755050778
317.0 0.07462475914508104
318.0 0.06394100491888821
319.0 0.06539827445521951
320.0 0.0668555439915508
321.0 0.06211027503013611
322.0 0.057365006068721414
323.0 0.05491537740454078
324.0 0.05246574291959405
325.0 0.04687721375375986
326.0 0.04128868749830872
327.0 0.0387326959753409
328.0 0.036176698631606996
329.0 0.032185070449486375
330.0 0.028193439356982708
331.0 0.03017075650859624
332.0 0.032148073660209775
333.0 0.030294936732389033
334.0 0.0284417939838022
335.0 0.028136515174992383
336.0 0.027831230545416474
337.0 0.024078441492747515
338.0 0.020325650984887034
339.0 0.018627439567353576
340.0 0.016929229605011642
341.0 0.017251110693905503
342.0 0.01757299032760784
343.0 0.01680743007455021
344.0 0.016041872731875628
345.0 0.013427987869363278
346.0 0.010814102279255167
347.0 0.013135094195604324
348.0 0.01545608538435772
349.0 0.014074621140025556
350.0 0.012693152530118823
351.0 0.012305460404604673
352.0 0.011917769734282047
353.0 0.013409490929916501
354.0 0.014901215035934001
355.0 0.012923081521876156
356.0 0.01094494728022255
357.0 0.010775462578749284
358.0 0.010605979332467541
359.0 0.010463450598763302
360.0 0.010320922592654824
361.0 0.009193708683596924
362.0 0.008066495502134785
363.0 0.008020064706215635
364.0 0.007973633182700723
365.0 0.007712765363976359
366.0 0.007451896817656234
367.0 0.007685276068514213
368.0 0.007918656046967953
369.0 0.008183602767530829
370.0 0.008448550215689465
371.0 0.008201391756301746
372.0 0.007954233296914026
373.0 0.007516016921726987
374.0 0.007077800546539947
375.0 0.006456865958170965
376.0 0.005835931369801983
377.0 0.0060798280173912644
378.0 0.006323723937384784
379.0 0.006048028080840595
380.0 0.005772332588094287
381.0 0.005690656325896271
382.0 0.005608978972304612
383.0 0.0052648072596639395
384.0 0.004920634819427505
385.0 0.004756505586556159
386.0 0.004592376353684813
387.0 0.004690307468990795
388.0 0.004788238584296778
389.0 0.004946205444866791
390.0 0.005104172669234686
391.0 0.004420633922563866
392.0 0.0037370955396909267
393.0 0.003857605770463124
394.0 0.0039781156374374405
395.0 0.0037456084100995213
396.0 0.003513101546559483
397.0 0.0038993541238596663
398.0 0.004285606337361969
399.0 0.004337961581768468
400.0 0.004390317189972848
401.0 0.004525632539298385
402.0 0.0046609486162196845
403.0 0.004256809552316554
404.0 0.0038526704884134233
405.0 0.0030270528441178612
406.0 0.002201435199822299
407.0 0.0034194279578514397
408.0 0.004637421443476342
409.0 0.003681301313918084
410.0 0.002725181730056647
411.0 0.0032407235266873613
412.0 0.0037562655052170157
413.0 0.004145102866459638
414.0 0.00453394022770226
415.0 0.004087466368218884
416.0 0.003640992144937627
417.0 0.0030423576390603557
418.0 0.002443722951284144
419.0 0.003185155219398439
420.0 0.003926587305613793
421.0 0.0038142501580296084
422.0 0.0037019126466475427
423.0 0.0031699375540483743
424.0 0.0026379622795502655
425.0 0.002702634083107114
426.0 0.002767305886663962
427.0 0.002526728349039331
428.0 0.0022861506295157596
429.0 0.002362821214774158
430.0 0.0024394919819314964
431.0 0.0019018239981960505
432.0 0.0013641558325616643
433.0 0.0016133735698531382
434.0 0.001862591307144612
435.0 0.0019521323338267393
436.0 0.0020416731786099263
437.0 0.002007521652558353
438.0 0.001973369944607839
439.0 0.0022425268980441615
440.0 0.0025116836695815437
441.0 0.0028096950700273737
442.0 0.003107706652372144
443.0 0.003080267197219655
444.0 0.003052827378269285
445.0 0.0028803449822589755
446.0 0.0027078627681476064
447.0 0.0025230248866137117
448.0 0.0023381871869787574
449.0 0.0018976608771481551
450.0 0.0014571345673175529
451.0 0.0014960222870286088
452.0 0.0015349101886386052
453.0 0.0011979042028542608
454.0 0.0008608982170699164
455.0 0.0010583829862298444
456.0 0.0012558677553897724
457.0 0.001239669381902786
458.0 0.0012234710084157996
459.0 0.0018060405636788346
460.0 0.002388609755143989
461.0 0.0017970474800677039
462.0 0.0012054856597387698
463.0 0.0012821360542147886
464.0 0.0013587865396402776
465.0 0.0014437977370107546
466.0 0.001528809116280172
467.0 0.0014966342860134318
468.0 0.0014644590009993408
469.0 0.001274191527045332
470.0 0.001083924053091323
471.0 0.0009036909432325047
472.0 0.0007234579243231565
473.0 0.000977814124780707
474.0 0.0012321702342887875
475.0 0.0012135104043409228
476.0 0.0011948505743930582
477.0 0.0016585430785198696
478.0 0.0021222353097982705
479.0 0.001949265606526751
480.0 0.0017762957213562913
481.0 0.001778143814590294
482.0 0.0017799922716221772
483.0 0.001438132494513411
484.0 0.0010962726264551748
485.0 0.0012515157322923187
486.0 0.0014067588381294627
487.0 0.0014812411791353952
488.0 0.0015557237929897383
489.0 0.0016011803381843492
490.0 0.001646637247176841
491.0 0.0016199977835640311
492.0 0.001593358138052281
493.0 0.0018998596715391614
494.0 0.0022063617507228628
495.0 0.0019254004655522294
496.0 0.0016444389984826557
497.0 0.0014261101568990853
498.0 0.0012077813153155148
499.0 0.0011066170372941997
500.0 0.0010054528502223548
501.0 0.0010863660463655833
502.0 0.0011672795153572224
503.0 0.0012645614333450794
504.0 0.001361843624181347
505.0 0.001702596819086466
506.0 0.0020433497411431745
507.0 0.0014803575140831526
508.0 0.0009173650141747203
509.0 0.001342692212347174
510.0 0.001768019501469098
511.0 0.0018405467926640995
512.0 0.001913074083859101
513.0 0.001436124148312956
514.0 0.0009591741218173411
515.0 0.0011297040146018844
516.0 0.0013002336345380172
517.0 0.001240056735696271
518.0 0.0011798800187534653
519.0 0.0014012066458235495
520.0 0.0016225332728936337
521.0 0.0014778104741708376
522.0 0.0013330875844985712
523.0 0.0017177897461806424
524.0 0.0021024914531153627
525.0 0.001457197231502505
526.0 0.0008119031008391175
527.0 0.0009757983207236975
528.0 0.001139693722507218
529.0 0.0013615273928735405
530.0 0.001583360972290393
531.0 0.0014603434465243481
532.0 0.0013373261026572436
533.0 0.001234973024111241
534.0 0.0011326198546157684
535.0 0.0012647127732634544
536.0 0.0013968056919111405
537.0 0.0015704112229286693
538.0 0.0017440170267946087
539.0 0.0015217738109640777
540.0 0.001299530231335666
541.0 0.0010819532690220512
542.0 0.0008643763976579066
543.0 0.0008978532605397049
544.0 0.0009313301234215032
545.0 0.0012064514521625824
546.0 0.0014815726899541914
547.0 0.0015116063877940178
548.0 0.0015416400856338441
549.0 0.0018504224499338306
550.0 0.002159204814233817
551.0 0.0020736064470838755
552.0 0.0019880084437318146
553.0 0.0020293184206821024
554.0 0.0020706283976323903
555.0 0.0016625292118988
556.0 0.0012544299352157395
557.0 0.001434791374776978
558.0 0.001615153087186627
559.0 0.0011924526916118339
560.0 0.0007697522960370407
561.0 0.001102937039831886
562.0 0.0014361218745762017
563.0 0.0016759202480898239
564.0 0.0019157187125529163
565.0 0.002074199255730491
566.0 0.0022326799808070064
567.0 0.002270400545967277
568.0 0.002308121111127548
569.0 0.002582492925284896
570.0 0.002856865103240125
571.0 0.0025573803213774227
572.0 0.002257895721413661
573.0 0.0018761207684292458
574.0 0.0014943458154448308
575.0 0.0015857112884987146
576.0 0.0016770767615525983
577.0 0.0018366985386819579
578.0 0.001996320133912377
579.0 0.0019850156604661606
580.0 0.001973711005121004
581.0 0.002015623977058567
582.0 0.00205753676709719
583.0 0.0021459456547745503
584.0 0.0022343543605529703
585.0 0.0023711423636996187
586.0 0.0025079300030483864
587.0 0.0018651855498319492
588.0 0.0012224409147165716
589.0 0.0013328367458598223
590.0 0.0014432327589020133
591.0 0.0016487112588947639
592.0 0.0018541901226853952
593.0 0.00132676177599933
594.0 0.0007993336112122051
595.0 0.0010251001185679343
596.0 0.0012508665349741932
597.0 0.0008397450073971413
598.0 0.00042862338887061924
599.0 0.0009482121640758123
600.0 0.001467800757382065
601.0 0.0013712017789657693
602.0 0.001274602527701063
603.0 0.0016084819435491227
604.0 0.0019423614503466524
605.0 0.0018412116332910955
606.0 0.0017400621800334193
607.0 0.0014547876162396278
608.0 0.001169513325294247
609.0 0.0011124336197099183
610.0 0.0010553540050750598
611.0 0.0009709765436127782
612.0 0.0008865990821504965
613.0 0.001199042071675649
614.0 0.0015114851521502715
615.0 0.0013409606253844686
616.0 0.0011704360076691955
617.0 0.0013787587704428006
618.0 0.001587081715115346
619.0 0.0014615343388868496
620.0 0.0013359870536078233
621.0 0.001610193430678919
622.0 0.001884399534901604
623.0 0.0014944948816264514
624.0 0.0011045899555028882
625.0 0.0012028248420392629
626.0 0.0013010596376261674
627.0 0.0015184743460849859
628.0 0.0017358890545438044
629.0 0.0019328237613081
630.0 0.0021297584680723958
631.0 0.00247955322265625
632.0 0.002829347795341164
633.0 0.003058494985452853
634.0 0.0032876418117666617
635.0 0.006033018507878296
636.0 0.00877839484019205
637.0 0.01539205841254443
638.0 0.02200572198489681
639.0 0.020075170323252678
640.0 0.018144621571991593
641.0 0.015351992624346167
642.0 0.012559362221509218
643.0 0.009237778431270272
644.0 0.005916193549637683
645.0 0.006307569856289774
646.0 0.006698945799143985
647.0 0.006384307926055044
648.0 0.006069670416763984
649.0 0.004776437708642334
650.0 0.0034832053643185645
651.0 0.0035186174500267953
652.0 0.0035540291719371453
653.0 0.0029121965781087056
654.0 0.0022703638023813255
655.0 0.0022203836124390364
656.0 0.002170403240597807
657.0 0.002373918869125191
658.0 0.0025774341338546947
659.0 0.002027486334554851
660.0 0.0014775385352550074
661.0 0.001965876253962051
662.0 0.002454213972669095
663.0 0.002241262154711876
664.0 0.002028310700552538
665.0 0.001858931136666797
666.0 0.0016895517546799965
667.0 0.0016427728041890077
668.0 0.001595993853698019
669.0 0.0015247767805703916
670.0 0.0014535597074427642
671.0 0.0014352291145769414
672.0 0.0014168983398121782
673.0 0.0014216790077625774
674.0 0.001426459402864566
675.0 0.0014033159459359013
676.0 0.0013801721252093557
677.0 0.0013130441402608994
678.0 0.0012459161553124432
679.0 0.0013765014955424704
680.0 0.0015070869267219678
681.0 0.0017770649719750509
682.0 0.002047043017228134
683.0 0.0022394118786905892
684.0 0.002431780558254104
685.0 0.0024869799744919874
686.0 0.002542179572628811
687.0 0.002138078707503155
688.0 0.001733978024276439
689.0 0.002428698462608736
690.0 0.0031234187190420926
691.0 0.0027406187655287795
692.0 0.0023578188120154664
693.0 0.0026639920179150067
694.0 0.0029701655876124278
695.0 0.0032663530873833224
696.0 0.0035625402233563364
697.0 0.004169616659055464
698.0 0.004776692730956711
699.0 0.006217776535777375
700.0 0.007658859249204397
701.0 0.007693870429648086
702.0 0.007728882337687537
703.0 0.006533446867251769
704.0 0.005338012124411762
705.0 0.0044909975258633494
706.0 0.003643983291112818
707.0 0.0032833078876137733
708.0 0.002922632120316848
709.0 0.0037423673347802833
710.0 0.004562102185445838
711.0 0.0041086983401328325
712.0 0.0036552944948198274
713.0 0.0026703659386839718
714.0 0.0016854373825481161
715.0 0.002060587576124817
716.0 0.002435737769701518
717.0 0.0018799737517838366
718.0 0.0013242099157650955
719.0 0.0016075968233053572
720.0 0.0018909840946434997
721.0 0.001862047975009773
722.0 0.0018331120372749865
723.0 0.002120339013345074
724.0 0.0024075661713141017
725.0 0.0015702764358138666
726.0 0.0007329872460104525
727.0 0.0009859934834821615
728.0 0.0012389997209538706
729.0 0.0014490613466477953
730.0 0.0016591231542406604
731.0 0.001098131269827718
732.0 0.0005371394308895105
733.0 0.0011850357623188756
734.0 0.0018329325030208565
735.0 0.0017779055269784294
736.0 0.0017228785509360023
737.0 0.001189684644486988
738.0 0.0006564907380379736
739.0 0.0014000924238644075
740.0 0.0021436941096908413
741.0 0.0018267992345499806
742.0 0.00150990435940912
743.0 0.0018711310985963792
744.0 0.002232357655884698
745.0 0.0020571544155245647
746.0 0.0018819513570633717
747.0 0.002000929816858843
748.0 0.0021199082766543142
749.0 0.0027650596166495234
750.0 0.003410210774745792
751.0 0.002855721686501056
752.0 0.00230123278015526
753.0 0.002890789801313076
754.0 0.0034803470043698326
755.0 0.002722326826187782
756.0 0.001964306466106791
757.0 0.0019750881619984284
758.0 0.0019858698578900658
759.0 0.0024359129383810796
760.0 0.002885955836973153
761.0 0.004787386933458038
762.0 0.006688817666145042
763.0 0.0066245440393686295
764.0 0.006560270412592217
765.0 0.005647796933772042
766.0 0.004735324182547629
767.0 0.004864887159783393
768.0 0.004994450500817038
769.0 0.0056979028158821166
770.0 0.006401355494745076
771.0 0.005558739576372318
772.0 0.00471612365799956
773.0 0.004688826084020548
774.0 0.004661528146243654
775.0 0.04096131306141615
776.0 1.7137079515866516e-10
777.0 1.7137079515866516e-10
778.0 0.06568158278241754
779.0 0.0566090049687773
780.0 1.7137079515866516e-10
781.0 1.7137079515866516e-10
782.0 0.11432762257754803
783.0 1.7137079515866516e-10
784.0 1.7137079515866516e-10
785.0 1.7137079515866516e-10
786.0 0.04709961358457804
787.0 0.013274262892082334
788.0 1.7137079515866516e-10
789.0 1.7137079515866516e-10
790.0 1.7137079515866516e-10
791.0 1.7137079515866516e-10
792.0 0.004250766141922213
793.0 0.049960974138230085
794.0 0.11782747460529208
795.0 0.026953156339004636
796.0 0.14695129357278347
797.0 0.104717374779284
798.0 0.15571819385513663
799.0 0.39107860065996647
800.0 0.4886033944785595
801.0 0.8252747356891632
802.0 1.3553912751376629
803.0 2.010381780564785
804.0 3.428664430975914
805.0 4.89724725484848
806.0 7.025869935750961
807.0 9.613842517137527
808.0 12.203320115804672
809.0 15.093192458152771
810.0 18.61407905817032
811.0 21.70141488313675
812.0 25.099855661392212
813.0 29.2363703250885
814.0 33.68569612503052
815.0 39.15456533432007
816.0 44.78667676448822
817.0 51.64651274681091
818.0 58.16035270690918
819.0 64.59161639213562
820.0 72.13317155838013
821.0 78.94895076751709
822.0 84.04942750930786
823.0 87.78477907180786
824.0 91.60386919975281
825.0 94.86275315284729
826.0 96.70829772949219
827.0 97.80040383338928
828.0 98.83975982666016
829.0 99.3687093257904
830.0 98.54257106781006
831.0 98.90838861465454
832.0 98.14731478691101
833.0 99.1636872291565
834.0 98.3425498008728
835.0 99.16199445724487
836.0 98.66863489151001
837.0 98.8887071609497
838.0 97.91848063468933
839.0 98.39509129524231
840.0 98.51035475730896
841.0 98.8200306892395
842.0 99.0632712841034
843.0 99.81728196144104
844.0 98.03057909011841
845.0 98.4074354171753
846.0 99.01994466781616
847.0 98.69579672813416
848.0 99.51263666152954
849.0 99.0372359752655
850.0 97.9899525642395
851.0 99.14105534553528
852.0 99.16070103645325
853.0 98.56722354888916
854.0 99.48912858963013
855.0 98.56292009353638
856.0 98.67478013038635
857.0 97.77686595916748
858.0 98.32432270050049
859.0 99.00325536727905
860.0 98.12710285186768
861.0 98.94285202026367
862.0 99.02594089508057
863.0 98.41881394386292
864.0 99.25282597541809
865.0 99.29649829864502
866.0 98.37176203727722
867.0 99.09628033638
868.0 99.45337772369385
869.0 98.5426664352417
870.0 97.85115122795105
871.0 98.95539283752441
872.0 99.14548993110657
873.0 98.95071983337402
874.0 99.65060949325562
875.0 98.85923862457275
876.0 98.69326949119568
877.0 99.43543076515198
878.0 98.80521297454834
879.0 98.32481741905212
880.0 98.86369705200195
881.0 99.58657026290894
882.0 98.64433407783508
883.0 98.38542342185974
884.0 98.95777702331543
885.0 98.96825551986694
886.0 98.74044060707092
887.0 98.44807982444763
888.0 99.00011420249939
889.0 99.17262196540833
890.0 98.44377636909485
891.0 99.01453852653503
892.0 98.54589700698853
893.0 98.46871495246887
894.0 97.98747897148132
895.0 99.06668663024902
