lsstCam/transmission_filter_detector/r03_s02/y_10/19700101T000000.ecsv
# %ECSV 1.0
# ---
# datatype:
# - {name: wavelength, unit: nm, datatype: float32}
# - {name: efficiency, unit: '%', datatype: float64}
# meta: !!omap
# - {MODE: DETECTOR}
# - {TYPE: transmission_filter_detector}
# - {CALIBDATE: '1970-01-01T00:00:00'}
# - {INSTRUME: LSSTCam}
# - {OBSTYPE: transmission_filter_detector}
# - {CALIBCLS: lsst.ip.isr.IntermediateFilterDetectorTransmissionCurve}
# - {SOURCE: Materion (DM-46256)}
# - {DETECTOR: 20}
# - {FILTER: y_10}
# - {CALIB_ID: 'calibDate=1970-01-01T00:00:00 filter=y_10 detector=20'}
# - {DATE: '2025-04-02T15:59:50.833560'}
# - {CALIB_CREATION_DATE: '2025-04-02'}
# - {CALIB_CREATION_TIME: '15:59:50'}
# - __serialized_columns__:
#     efficiency:
#       __class__: astropy.units.quantity.Quantity
#       unit: !astropy.units.Unit {unit: '%'}
#       value: !astropy.table.SerializedColumn {name: efficiency}
#     wavelength:
#       __class__: astropy.units.quantity.Quantity
#       unit: !astropy.units.Unit {unit: nm}
#       value: !astropy.table.SerializedColumn {name: wavelength}
# schema: astropy-2.0
wavelength efficiency
[from data line 578]
878.0 0.0006693791419820627
879.0 0.0016548006897210144
880.0 0.05357818445190787
881.0 0.08743662619963288
882.0 0.05900789983570576
883.0 0.09716352797113359
884.0 0.07168867741711438
885.0 0.09262943640351295
886.0 0.07357455906458199
887.0 0.09520823950879276
888.0 0.06668090354651213
889.0 0.09042032179422677
890.0 0.07426400552503765
891.0 0.10461952770128846
892.0 0.06304222624748945
893.0 0.09069994557648897
894.0 0.0763185671530664
895.0 0.11262445477768779
896.0 0.06965316133573651
897.0 0.11696196161210537
898.0 0.07862630300223827
899.0 0.11109936749562621
900.0 0.08820006623864174
901.0 0.11681372998282313
902.0 0.1368747791275382
903.0 0.13566180132329464
904.0 0.13955318136140704
905.0 0.1482455525547266
906.0 0.1789959380403161
907.0 0.21855044178664684
908.0 0.25766100734472275
909.0 0.3082331735640764
910.0 0.4123901482671499
911.0 0.5454304162412882
912.0 0.7359874434769154
913.0 1.0680913925170898
914.0 1.5014003030955791
915.0 2.2627145051956177
916.0 3.2622884958982468
917.0 4.543818905949593
918.0 6.237960979342461
919.0 8.024053275585175
920.0 10.68672239780426
921.0 13.580943644046783
922.0 16.345229744911194
923.0 19.415804743766785
924.0 22.603264451026917
925.0 26.070907711982727
926.0 30.434885621070862
927.0 35.552409291267395
928.0 40.48348665237427
929.0 46.13505303859711
930.0 51.650792360305786
931.0 57.57718086242676
932.0 63.7505829334259
933.0 69.79600191116333
934.0 74.93637800216675
935.0 79.29535508155823
936.0 83.31381678581238
937.0 86.63029074668884
938.0 89.37296271324158
939.0 91.3460373878479
940.0 92.7355706691742
941.0 93.64846348762512
942.0 94.33159232139587
943.0 94.79689598083496
944.0 95.34331560134888
945.0 95.62239050865173
946.0 95.98973989486694
947.0 96.29517197608948
948.0 96.59726619720459
949.0 96.75384163856506
950.0 96.85056805610657
951.0 96.93563580513
952.0 96.9184160232544
953.0 97.03826904296875
954.0 96.97745442390442
955.0 96.91191911697388
956.0 97.12861180305481
957.0 97.25176095962524
958.0 97.37656116485596
959.0 97.50651121139526
960.0 97.66558408737183
961.0 97.817862033844
962.0 98.00790548324585
963.0 98.10957908630371
964.0 98.29458594322205
965.0 98.3649492263794
966.0 98.54100346565247
967.0 98.62934350967407
968.0 98.6466646194458
969.0 98.65521192550659
970.0 98.72550964355469
971.0 98.77645969390869
972.0 98.78527522087097
973.0 98.84440898895264
974.0 98.87042045593262
975.0 98.8487720489502
976.0 98.87235164642334
977.0 98.85099530220032
978.0 98.94677400588989
979.0 98.89281392097473
980.0 98.90528917312622
981.0 98.84317517280579
982.0 98.81425499916077
983.0 98.86646866798401
984.0 98.8406240940094
985.0 98.85499477386475
986.0 98.74911904335022
987.0 98.79270195960999
988.0 98.66281747817993
989.0 98.62461686134338
990.0 98.5590934753418
991.0 98.53965044021606
992.0 98.57736825942993
993.0 98.50111603736877
994.0 98.41784238815308
995.0 98.45793843269348
996.0 98.41431975364685
997.0 98.52929711341858
998.0 98.54726791381836
999.0 98.56052994728088
1000.0 98.59640598297119
1001.0 98.59318733215332
1002.0 98.73328804969788
1003.0 98.76669049263
1004.0 98.83717894554138
1005.0 98.82981777191162
1006.0 98.98124933242798
1007.0 98.96250367164612
1008.0 98.98220896720886
1009.0 98.92452955245972
1010.0 98.9919364452362
1011.0 98.98538589477539
1012.0 98.96318316459656
1013.0 98.98149371147156
1014.0 98.94709587097168
1015.0 98.88617396354675
1016.0 98.863685131073
1017.0 98.88635277748108
1018.0 98.91782402992249
1019.0 98.78419637680054
1020.0 98.83129000663757
1021.0 98.91024231910706
1022.0 98.79773259162903
1023.0 98.84149432182312
1024.0 98.81591796875
1025.0 98.7322747707367
1026.0 98.79609942436218
1027.0 98.96660447120667
1028.0 98.84361624717712
1029.0 98.96056652069092
1030.0 98.98736476898193
1031.0 98.95382523536682
1032.0 98.94180297851562
1033.0 98.94174337387085
1034.0 98.94213676452637
1035.0 99.02554154396057
1036.0 98.98101091384888
1037.0 98.9265501499176
1038.0 98.91625046730042
1039.0 98.87034296989441
1040.0 98.79627227783203
1041.0 98.90865683555603
1042.0 98.84507060050964
1043.0 98.74557852745056
1044.0 98.83770942687988
1045.0 98.51120114326477
1046.0 98.78775477409363
1047.0 98.64975214004517
1048.0 98.67379665374756
1049.0 98.55374693870544
1050.0 98.60982894897461
1051.0 98.55477809906006
1052.0 98.51518869400024
1053.0 98.36341142654419
1054.0 98.5621452331543
1055.0 98.66717457771301
1056.0 98.57103228569031
1057.0 98.66182804107666
1058.0 98.42641353607178
1059.0 98.47265481948853
1060.0 98.57544898986816
1061.0 98.55573177337646
1062.0 98.6397385597229
1063.0 98.63640069961548
1064.0 98.76737594604492
1065.0 98.65935444831848
1066.0 98.64960312843323
1067.0 98.74316453933716
1068.0 98.74284267425537
1069.0 98.56055974960327
1070.0 99.00583028793335
1071.0 98.75691533088684
1072.0 98.81231784820557
1073.0 98.88324737548828
1074.0 98.55158925056458
1075.0 98.69346618652344
1076.0 98.33329319953918
1077.0 98.72366786003113
1078.0 98.98647665977478
1079.0 98.32497239112854
1080.0 99.16084408760071
1081.0 98.45033288002014
1082.0 98.51194620132446
1083.0 98.35910201072693
1084.0 98.79078269004822
1085.0 98.84365200996399
1086.0 98.61106872558594
1087.0 98.62907528877258
1088.0 98.41399788856506
1089.0 98.22465777397156
1090.0 98.46999049186707
1091.0 98.46064448356628
1092.0 98.47153425216675
1093.0 98.43202233314514
1094.0 98.17288517951965
1095.0 98.21168780326843
1096.0 98.44270348548889
1097.0 98.06682467460632
1098.0 97.43557572364807
1099.0 98.39969277381897
1100.0 98.07885885238647
