lsstCam/transmission_filter_detector/r03_s02/y_10/19700101T000000.ecsv
# %ECSV 1.0
# ---
# datatype:
# - {name: wavelength, unit: nm, datatype: float32}
# - {name: efficiency, unit: '%', datatype: float64}
# meta: !!omap
# - {MODE: DETECTOR}
# - {TYPE: transmission_filter_detector}
# - {CALIBDATE: '1970-01-01T00:00:00'}
# - {INSTRUME: LSSTCam}
# - {OBSTYPE: transmission_filter_detector}
# - {CALIBCLS: lsst.ip.isr.IntermediateFilterDetectorTransmissionCurve}
# - {SOURCE: Materion (DM-46256)}
# - {DETECTOR: 20}
# - {FILTER: y_10}
# - {CALIB_ID: 'calibDate=1970-01-01T00:00:00 filter=y_10 detector=20'}
# - {DATE: '2025-04-02T15:59:50.833560'}
# - {CALIB_CREATION_DATE: '2025-04-02'}
# - {CALIB_CREATION_TIME: '15:59:50'}
# - __serialized_columns__:
#     efficiency:
#       __class__: astropy.units.quantity.Quantity
#       unit: !astropy.units.Unit {unit: '%'}
#       value: !astropy.table.SerializedColumn {name: efficiency}
#     wavelength:
#       __class__: astropy.units.quantity.Quantity
#       unit: !astropy.units.Unit {unit: nm}
#       value: !astropy.table.SerializedColumn {name: wavelength}
# schema: astropy-2.0
wavelength efficiency
300.0 0.5346410907804966
301.0 0.28938683681190014
302.0 0.044132585753686726
303.0 0.03942943294532597
304.0 0.03472628304734826
305.0 0.02217550209024921
306.0 0.009624718222767115
307.0 0.017332693096250296
308.0 0.02504066505935043
309.0 0.018473212548997253
310.0 0.011905759311048314
311.0 0.0100499382824637
312.0 0.008194115798687562
313.0 0.008381666702916846
314.0 0.008569216879550368
315.0 0.007433543942170218
316.0 0.0062978724599815905
317.0 0.005928076643613167
318.0 0.005558276825468056
319.0 0.0026591535061015747
320.0 2.695490532167444e-10
321.0 0.0018203594663646072
322.0 0.0038806905649835244
323.0 0.003248656867071986
324.0 0.002616623714857269
325.0 0.001209571291838074
326.0 2.695490532167444e-10
327.0 0.0005067273377790116
328.0 0.0012109361705370247
329.0 0.0032942258258117363
330.0 0.005377515481086448
331.0 0.004610757969203405
332.0 0.003843999729724601
333.0 0.002597867751319427
334.0 0.0013517355000658426
335.0 0.0014819606803939678
336.0 0.0016121863154694438
337.0 0.002640436105139088
338.0 0.003668685894808732
339.0 0.0017353844668832608
340.0 2.695490532167444e-10
341.0 2.695490532167444e-10
342.0 2.695490532167444e-10
343.0 0.00022912254280527122
344.0 0.0008898203304852359
345.0 0.001272799818252679
346.0 0.0016557800336158834
347.0 0.0018011061911238357
348.0 0.0019464321667328477
349.0 0.0013980301446281374
350.0 0.0008496277587255463
351.0 0.00119120923045557
352.0 0.0015327901564887725
353.0 0.001429029452992836
354.0 0.0013252688404463697
355.0 0.0014735776858287863
356.0 0.0016218866221606731
357.0 0.0011804495443357155
358.0 0.0007390123300865525
359.0 0.0008418443940172438
360.0 0.0009446765943721402
361.0 0.0011902076039405074
362.0 0.001435738340660464
363.0 0.001213673567690421
364.0 0.0009916083399730269
365.0 0.0013549207324103918
366.0 0.0017182339433929883
367.0 0.0021512008970603347
368.0 0.002584167850727681
369.0 0.0022430804165196605
370.0 0.00190199298231164
371.0 0.0018617060050019063
372.0 0.0018214188457932323
373.0 0.002336727629881352
374.0 0.002852036413969472
375.0 0.0035762786865234375
376.0 0.004300520595279522
377.0 0.004081928273080848
378.0 0.0038633355870842934
379.0 0.0034298471291549504
380.0 0.0029963583074277267
381.0 0.0020458433937164955
382.0 0.0010953284800052643
383.0 0.0011284632819297258
384.0 0.001161597992904717
385.0 0.0008843850991979707
386.0 0.0006071722054912243
387.0 0.0007166816885728622
388.0 0.0008261912626039702
389.0 0.0006266416676226072
390.0 0.0004270922090654494
391.0 0.00041199759834853467
392.0 0.0003969030785810901
393.0 0.0005278461230773246
394.0 0.0006587892585230293
395.0 0.0006659562131972052
396.0 0.0006731232133461162
397.0 0.0008775405149208382
398.0 0.0010819578164955601
399.0 0.0012806276572518982
400.0 0.0014792975889577065
401.0 0.0015913008610368706
402.0 0.001703304224065505
403.0 0.001801320286176633
404.0 0.0018993363482877612
405.0 0.001834474278439302
406.0 0.0017696122085908428
407.0 0.001546866405988112
408.0 0.0013241206943348516
409.0 0.0009963705451809801
410.0 0.0006686198958050227
411.0 0.00036164483390166424
412.0 5.4669698101861286e-05
413.0 0.0007165267561504152
414.0 0.0013783836948277894
415.0 0.001993684418266639
416.0 0.002608985232654959
417.0 0.0011150803402415477
418.0 2.695490532167444e-10
419.0 2.695490532167444e-10
420.0 2.695490532167444e-10
421.0 9.867159178611473e-05
422.0 0.0008088205504463986
423.0 0.0009281806342187338
424.0 0.0010475404451426584
425.0 0.0001808078422982362
426.0 2.695490532167444e-10
427.0 2.695490532167444e-10
428.0 0.000461708577859099
429.0 0.00024140688310581027
430.0 2.1105212510974525e-05
431.0 0.0005860889814357506
432.0 0.0011510728654684499
433.0 0.0009923663128574844
434.0 0.0008336602149938699
435.0 0.0004227717909088824
436.0 1.1883572881288273e-05
437.0 2.695490532167444e-10
438.0 2.695490532167444e-10
439.0 2.695490532167444e-10
440.0 2.695490532167444e-10
441.0 2.695490532167444e-10
442.0 2.695490532167444e-10
443.0 2.695490532167444e-10
444.0 7.221146347546892e-05
445.0 0.00010488763564353576
446.0 0.00013756373391515808
447.0 0.0002395457158854697
448.0 0.00034152762964367867
449.0 0.00041601306293159723
450.0 0.0004904982688458404
451.0 0.0002088823521262384
452.0 2.695490532167444e-10
453.0 2.695490532167444e-10
454.0 2.695490532167444e-10
455.0 2.695490532167444e-10
456.0 2.695490532167444e-10
457.0 2.695490532167444e-10
458.0 0.00013482502936312812
459.0 0.00024805610792100197
460.0 0.0003612872205849271
461.0 0.0002260716200908064
462.0 9.085611623049772e-05
463.0 0.0002911488763857051
464.0 0.0004914416422252543
465.0 0.00040110353438649327
466.0 0.0003107656311840401
467.0 0.0009633198715164326
468.0 0.001615873770788312
469.0 0.001647327735554427
470.0 0.0016787811546237208
471.0 0.0016416088328696787
472.0 0.0016044359654188156
473.0 0.0022436412109527737
474.0 0.002882846092688851
475.0 0.0027787898943643086
476.0 0.002674733696039766
477.0 0.003123305577901192
478.0 0.0035718778235604987
479.0 0.003947800360037945
480.0 0.004323722896515392
481.0 0.004363380867289379
482.0 0.004403038474265486
483.0 0.003978964014095254
484.0 0.0035548891901271418
485.0 0.0036563673347700387
486.0 0.0037578454794129357
487.0 0.0031251034670276567
488.0 0.0024923609089455567
489.0 0.002249827412015293
490.0 0.002007293915085029
491.0 0.001667422111495398
492.0 0.0013275498531584162
493.0 0.0008969988812168594
494.0 0.0004664482275984483
495.0 0.0008517201422364451
496.0 0.001236992102349177
497.0 0.0017926620785146952
498.0 0.002348332418478094
499.0 0.002440476600895636
500.0 0.002532620965212118
501.0 0.0023020669686957262
502.0 0.002071513154078275
503.0 0.002138367017323617
504.0 0.002205220516771078
505.0 0.002820890767907258
506.0 0.003436561019043438
507.0 0.0024626682716188952
508.0 0.0014887745237501804
509.0 0.0016602603864157572
510.0 0.0018317459762329236
511.0 0.001914648964884691
512.0 0.001997551771637518
513.0 0.0017784497686079703
514.0 0.0015593481293763034
515.0 0.0014625793482991867
516.0 0.00136581056722207
517.0 0.0015282739695976488
518.0 0.0016907371900742874
519.0 0.0017958074749913067
520.0 0.0019008773961104453
521.0 0.0018187964087701403
522.0 0.0017367150576319546
523.0 0.001591571890457999
524.0 0.0014464287232840434
525.0 0.001975405029952526
526.0 0.00250438188231783
527.0 0.0025194516638293862
528.0 0.0025345219910377637
529.0 0.0028577791454154067
530.0 0.003181035935995169
531.0 0.002924765067291446
532.0 0.002668493652890902
533.0 0.0026032455934910104
534.0 0.0025379969883942977
535.0 0.002185248740715906
536.0 0.001832500311138574
537.0 0.0022084657757659443
538.0 0.002584430876595434
539.0 0.0033108302886830643
540.0 0.004037229155073874
541.0 0.004293477832106873
542.0 0.004549726509139873
543.0 0.004573971091303974
544.0 0.004598215309670195
545.0 0.004627816451829858
546.0 0.004657417957787402
547.0 0.0038139587559271604
548.0 0.0029704993721679784
549.0 0.0028609529181267135
550.0 0.002751406282186508
551.0 0.0026519806851865724
552.0 0.0025525550881866366
553.0 0.0029727982109761797
554.0 0.003393040969967842
555.0 0.0036626246583182365
556.0 0.0039322087104665115
557.0 0.003783694774028845
558.0 0.0036351812013890594
559.0 0.0036440036637941375
560.0 0.0036528264899970964
561.0 0.0035551649489207193
562.0 0.0034575030440464616
563.0 0.0031249284802470356
564.0 0.00279235409834655
565.0 0.0037631129089277238
566.0 0.004733872265205719
567.0 0.005122024958836846
568.0 0.0055101776524679735
569.0 0.006201767973834649
570.0 0.006893358658999205
571.0 0.007006225496297702
572.0 0.007119093061191961
573.0 0.006973466224735603
574.0 0.006827840115875006
575.0 0.0064051972003653646
576.0 0.005982554284855723
577.0 0.005441263783723116
578.0 0.00489997401018627
579.0 0.005492158015840687
580.0 0.0060843423852929845
581.0 0.006934858538443223
582.0 0.00778537432779558
583.0 0.00914930715225637
584.0 0.010513236338738352
585.0 0.010892351565416902
586.0 0.011271468247286975
587.0 0.010891463898587972
588.0 0.010511457367101684
589.0 0.01027494654408656
590.0 0.010038437903858721
591.0 0.009277670324081555
592.0 0.008516902016708627
593.0 0.0069370427809190005
594.0 0.005357186455512419
595.0 0.005403720933827572
596.0 0.005450255412142724
597.0 0.006148451939225197
598.0 0.0068466477387119085
599.0 0.008032700861804187
600.0 0.009218752529704943
601.0 0.009496066195424646
602.0 0.009773376950761303
603.0 0.010433551506139338
604.0 0.011093726061517373
605.0 0.010921950888587162
606.0 0.010750174260465428
607.0 0.009273699106415734
608.0 0.007797226862749085
609.0 0.006116366421338171
610.0 0.004435507071320899
611.0 0.0037263918784447014
612.0 0.0030172768674674444
613.0 0.0036420362448552623
614.0 0.004266795076546259
615.0 0.004844603245146573
616.0 0.005422412868938409
617.0 0.006713710899930447
618.0 0.008005009294720367
619.0 0.008875923231244087
620.0 0.009746837167767808
621.0 0.010484988160897046
622.0 0.011223139154026285
623.0 0.010984332038788125
624.0 0.01074552274076268
625.0 0.009411104838363826
626.0 0.008076684753177688
627.0 0.006476562703028321
628.0 0.0048764388338895515
629.0 0.004068735506734811
630.0 0.003261032543377951
631.0 0.002754373417701572
632.0 0.0022477137463283725
633.0 0.002526948992453981
634.0 0.00280618423857959
635.0 0.0031993422453524545
636.0 0.003592499706428498
637.0 0.004397996235638857
638.0 0.005203492401051335
639.0 0.005285589577397332
640.0 0.005367685662349686
641.0 0.005614868496195413
642.0 0.00586205133004114
643.0 0.005335098103387281
644.0 0.004808144876733422
645.0 0.004379264646559022
646.0 0.003950383688788861
647.0 0.0032869200367713347
648.0 0.002623456748551689
649.0 0.0018999660824192688
650.0 0.0011764753253373783
651.0 0.0013772772945230827
652.0 0.0015780795365571976
653.0 0.0015842255379538983
654.0 0.0015903711755527183
655.0 0.0015548539522569627
656.0 0.0015193370927590877
657.0 0.0015377770978375338
658.0 0.0015562169210170396
659.0 0.001725541369523853
660.0 0.0018948658180306666
661.0 0.0018230981368105859
662.0 0.0017513302736915648
663.0 0.002406984094704967
664.0 0.00306263827951625
665.0 0.0035671808291226625
666.0 0.004071723378729075
667.0 0.0048016874643508345
668.0 0.005531650458578952
669.0 0.005765723108197562
670.0 0.005999792119837366
671.0 0.006324135028989986
672.0 0.006648478301940486
673.0 0.007474824815290049
674.0 0.00830117060104385
675.0 0.007754052785458043
676.0 0.007206936425063759
677.0 0.005710504774469882
678.0 0.004214073123876005
679.0 0.002797818888211623
680.0 0.0013815651072945911
681.0 0.0005101012447994435
682.0 2.695490532167444e-10
683.0 3.104701988831948e-05
684.0 0.0004234570496919332
685.0 0.00028994718377362005
686.0 0.0001564372723805718
687.0 5.866975243407069e-05
688.0 2.695490532167444e-10
689.0 0.00014944312169973273
690.0 0.00033798403364926344
691.0 0.0004808668109035352
692.0 0.0006237495199457044
693.0 0.000546390901945415
694.0 0.00046903223847039044
695.0 0.0005223810148891062
696.0 0.000575729836782557
697.0 0.0005295447408570908
698.0 0.00048335959945688955
699.0 0.0004942156465403968
700.0 0.0005050714662502287
701.0 0.00029231400731077883
702.0 7.955659384606406e-05
703.0 0.00021893615667067934
704.0 0.0003583156740205595
705.0 0.0004824505595024675
706.0 0.0006065852630854351
707.0 3.815041509369621e-05
708.0 2.695490532167444e-10
709.0 2.695490532167444e-10
710.0 0.0001729422137941583
711.0 0.0003353080501256045
712.0 0.0004976738637196831
713.0 0.000280743347502721
714.0 6.381279149536567e-05
715.0 0.00030808275823801523
716.0 0.0005523526851902716
717.0 0.0003719303549587494
718.0 0.0001915080474645947
719.0 0.00038056232369854115
720.0 0.0005696164862456499
721.0 0.0003756364549190039
722.0 0.0001816564576984092
723.0 0.0001881303319350991
724.0 0.0001946041948031052
725.0 0.0003049790393561125
726.0 0.00041535404307069257
727.0 0.00028595741241588257
728.0 0.0001565609750286967
729.0 0.00024723997285036603
730.0 0.0003379191639396595
731.0 0.0005398313533078181
732.0 0.000741743724574917
733.0 0.000182859957931214
734.0 2.695490532167444e-10
735.0 2.695490532167444e-10
736.0 2.695490532167444e-10
737.0 0.00039655110413150396
738.0 0.00101106770671322
739.0 0.0006534018666570773
740.0 0.0002957356400656863
741.0 0.00022157976218295516
742.0 0.00014742394114364288
743.0 2.695490532167444e-10
744.0 2.695490532167444e-10
745.0 0.0003447224571573315
746.0 0.0008421404345426708
747.0 0.00042578594730002806
748.0 9.431455794128851e-06
749.0 2.695490532167444e-10
750.0 2.695490532167444e-10
751.0 3.891767050845374e-05
752.0 0.00013075750757707283
753.0 0.00028362821922200965
754.0 0.0004364988853922114
755.0 2.695490532167444e-10
756.0 2.695490532167444e-10
757.0 2.695490532167444e-10
758.0 2.695490532167444e-10
759.0 0.00028754823233612115
760.0 0.0008762822290009353
761.0 0.000395326605939772
762.0 2.695490532167444e-10
763.0 2.695490532167444e-10
764.0 2.695490532167444e-10
765.0 2.695490532167444e-10
766.0 0.00031124150154937524
767.0 2.695490532167444e-10
768.0 2.695490532167444e-10
769.0 2.695490532167444e-10
770.0 2.695490532167444e-10
771.0 2.695490532167444e-10
772.0 2.695490532167444e-10
773.0 0.00033239141430385644
774.0 0.0009051876986632124
775.0 0.00048587653509457596
776.0 6.656527489212749e-05
777.0 0.000161178172675136
778.0 0.0002557909965617
779.0 0.0005464907644636696
780.0 0.0008371905096282717
781.0 0.0006977176326472545
782.0 0.0005582447101915022
783.0 0.0003937092515116092
784.0 0.00022917383830645122
785.0 0.00010150813523068791
786.0 2.695490532167444e-10
787.0 0.00042873025449807756
788.0 0.0008836182132654358
789.0 0.0008178807547665201
790.0 0.0007521432507928694
791.0 0.000596704467170639
792.0 0.0004412654561747331
793.0 0.0006221439889486646
794.0 0.0008030220669752453
795.0 0.0009224468158208765
796.0 0.0010418713827675674
797.0 0.00042289007069484796
798.0 2.695490532167444e-10
799.0 0.00044503472054202575
800.0 0.0010861605915124528
801.0 0.0005504151431523496
802.0 1.4669738845896063e-05
803.0 0.00035791201753454516
804.0 0.0007011542493273737
805.0 0.0011139417438243981
806.0 0.001526728919998277
807.0 0.0009556524673826061
808.0 0.0003845757873932598
809.0 9.574249588695238e-05
810.0 2.695490532167444e-10
811.0 7.063545126584359e-05
812.0 0.00033436172088840976
813.0 0.0007815452590875793
814.0 0.0012287287972867489
815.0 0.001141205029853154
816.0 0.0010536808076722082
817.0 0.0008664006600156426
818.0 0.0006791206033085473
819.0 0.0008841849194141105
820.0 0.0010892493264691439
821.0 0.0008304983566631563
822.0 0.0005717473868571687
823.0 0.0006409010438801488
824.0 0.0007100549737515394
825.0 0.0006325488357106224
826.0 0.0005550427431444405
827.0 0.0006738031061104266
828.0 0.0007925635145511478
829.0 0.00041564576349628624
830.0 3.872802096793748e-05
831.0 0.00019432975477684522
832.0 0.0003499317017485737
833.0 0.000540151449968107
834.0 0.000730371220925008
835.0 0.0001294014509767294
836.0 2.695490532167444e-10
837.0 2.695490532167444e-10
838.0 0.00015347690123235225
839.0 0.0004581548182613915
840.0 0.0007628326329722768
841.0 0.001040197275870014
842.0 0.001317561873293016
843.0 0.0009717807188280858
844.0 0.0006259991550905397
845.0 0.0006667462457699003
846.0 0.0007074933364492608
847.0 0.0008962177162175067
848.0 0.0010849420505110174
849.0 0.000929780799197033
850.0 0.0007746190931356978
851.0 0.0011237988474022131
852.0 0.0014729785107192583
853.0 0.0005827755103382515
854.0 2.695490532167444e-10
855.0 2.695490532167444e-10
856.0 2.695490532167444e-10
857.0 0.000331122828356456
858.0 0.0014257508155424148
859.0 0.0012761215657519642
860.0 0.001126491952163633
861.0 0.001220175272464985
862.0 0.0013138587746652775
863.0 0.0015905496184132062
864.0 0.001867240462161135
865.0 0.0019145825717714615
866.0 0.0019619248632807285
867.0 0.002640906495798845
868.0 0.0033198881283169612
869.0 0.0029626040486618876
870.0 0.0026053197871078737
871.0 0.0032065861887531355
872.0 0.0038078527722973377
873.0 0.0027241301722824574
874.0 0.0016404079360654578
875.0 0.0023635417164769024
876.0 0.0030866751330904663
