lsstCam/transmission_filter_detector/r01_s22/r_57/19700101T000000.ecsv
# %ECSV 1.0
# ---
# datatype:
# - {name: wavelength, unit: nm, datatype: float32}
# - {name: efficiency, unit: '%', datatype: float64}
# meta: !!omap
# - {MODE: DETECTOR}
# - {TYPE: transmission_filter_detector}
# - {CALIBDATE: '1970-01-01T00:00:00'}
# - {INSTRUME: LSSTCam}
# - {OBSTYPE: transmission_filter_detector}
# - {CALIBCLS: lsst.ip.isr.IntermediateFilterDetectorTransmissionCurve}
# - {SOURCE: Materion (DM-46256)}
# - {DETECTOR: 8}
# - {FILTER: r_57}
# - {CALIB_ID: 'calibDate=1970-01-01T00:00:00 filter=r_57 detector=8'}
# - {DATE: '2025-04-02T15:59:44.222528'}
# - {CALIB_CREATION_DATE: '2025-04-02'}
# - {CALIB_CREATION_TIME: '15:59:44'}
# - __serialized_columns__:
#     efficiency:
#       __class__: astropy.units.quantity.Quantity
#       unit: !astropy.units.Unit {unit: '%'}
#       value: !astropy.table.SerializedColumn {name: efficiency}
#     wavelength:
#       __class__: astropy.units.quantity.Quantity
#       unit: !astropy.units.Unit {unit: nm}
#       value: !astropy.table.SerializedColumn {name: wavelength}
# schema: astropy-2.0
wavelength efficiency
300.0 0.002410286288068164
301.0 0.006287657015491277
302.0 0.01016502792481333
303.0 0.012876126857008785
304.0 0.015587224334012717
305.0 0.013749128265772015
306.0 0.011911034380318597
307.0 0.010730364010669291
308.0 0.009549692913424224
309.0 0.008130121568683535
310.0 0.006710548041155562
311.0 0.005935565422987565
312.0 0.005160581349628046
313.0 0.005054684515926056
314.0 0.0049487884098198265
315.0 0.004843204442295246
316.0 0.004737619747174904
317.0 0.00441673219029326
318.0 0.004095844633411616
319.0 0.004042709406348877
320.0 0.003989571996498853
321.0 0.0036616536817746237
322.0 0.0033337342756567523
323.0 0.003002478479174897
324.0 0.002671222318895161
325.0 0.002655264688655734
326.0 0.0026393066946184263
327.0 0.002670161484275013
328.0 0.0027010170015273616
329.0 0.002647119981702417
330.0 0.002593223689473234
331.0 0.0024274266252177767
332.0 0.0022616299247602
333.0 0.0019885772417183034
334.0 0.0017155245586764067
335.0 0.0015734491171315312
336.0 0.0014313734936877154
337.0 0.0012631457138922997
338.0 0.0010949180250463542
339.0 0.0009779450920177624
340.0 0.0008609721589891706
341.0 0.0008534612788935192
342.0 0.0008459503987978678
343.0 0.0008692889423400629
344.0 0.0008926273949327879
345.0 0.0008895436621969566
346.0 0.0008864598385116551
347.0 0.0008605045877629891
348.0 0.0008345493370143231
349.0 0.0008650446034152992
350.0 0.005824739491799846
351.0 0.005837233766214922
352.0 0.005849728040629998
353.0 0.00557320199732203
354.0 0.005296676681609824
355.0 0.005277984018903226
356.0 0.0052592920837923884
357.0 0.0068437955633271486
358.0 0.008428300498053432
359.0 0.00612342482781969
360.0 0.003818548793788068
361.0 0.002461810981913004
362.0 0.00110507307908847
363.0 0.0024418590328423306
364.0 0.003778644895646721
365.0 0.004017188257421367
366.0 0.004255731982993893
367.0 0.0033592372346902266
368.0 0.00246274248638656
369.0 0.0018077786080539227
370.0 0.0011528150935191661
371.0 0.0016715677702450193
372.0 0.002190320628869813
373.0 0.002663422128534876
374.0 0.0031365234463009983
375.0 0.0030830069590592757
376.0 0.0030294908356154338
377.0 0.0014781423487875145
378.0 1.6221126004911657e-10
379.0 0.0009543026862957049
380.0 0.0019818113287328742
381.0 0.0028162119633634575
382.0 0.003650612779892981
383.0 0.0034995220630662516
384.0 0.003348431346239522
385.0 0.004312402234063484
386.0 0.005276372394291684
387.0 0.004746404738398269
388.0 0.004216436718706973
389.0 0.0036714933230541646
390.0 0.0031265495636034757
391.0 0.002201962888648268
392.0 0.0012773763046425302
393.0 0.0014134675438981503
394.0 0.0015495583284064196
395.0 0.0011141193681396544
396.0 0.0006786802714486839
397.0 0.0006684197160211625
398.0 0.0006581594789167866
399.0 0.0005569737368205097
400.0 0.0004557875399768818
401.0 9.12814925868588e-05
402.0 1.6221126004911657e-10
403.0 4.16178691509117e-07
404.0 0.000274057811111561
405.0 0.0007845543223083951
406.0 0.0012950505151820835
407.0 0.0017908841982716694
408.0 0.0022867177904117852
409.0 0.0018947668650071137
410.0 0.0015028155758045614
411.0 0.0011276448276476003
412.0 0.0007524740794906393
413.0 0.0007031209861452226
414.0 0.0006537678927998058
415.0 0.0006946868325030664
416.0 0.0007356060905294726
417.0 0.0012957326362084132
418.0 0.0018558595911599696
419.0 0.002260085238958709
420.0 0.0026643110686563887
421.0 0.004219977927277796
422.0 0.005775644967798144
423.0 0.008829766738926992
424.0 0.011883887782460079
425.0 0.01610504841664806
426.0 0.020326205412857234
427.0 0.020846136612817645
428.0 0.02136606926796958
429.0 0.016277548274956644
430.0 0.011189027281943709
431.0 0.007957011257531121
432.0 0.004724994141724892
433.0 0.0038406855310313404
434.0 0.002956376010843087
435.0 0.002292849967489019
436.0 0.0016293235603370704
437.0 0.001434459409210831
438.0 0.0012395954399835318
439.0 0.0010319277862436138
440.0 0.000824260223453166
441.0 0.0010958566235785838
442.0 0.0013674529327545315
443.0 0.0017034302800311707
444.0 0.0020394078092067502
445.0 0.0019104882085230201
446.0 0.0017815684259403497
447.0 0.0016303845768561587
448.0 0.0014792010915698484
449.0 0.0013827364455210045
450.0 0.00128627143567428
451.0 0.0014580489732907154
452.0 0.0016298265109071508
453.0 0.0016038455214584246
454.0 0.0015778645320096985
455.0 0.0013783640497422311
456.0 0.0011788639312726445
457.0 0.0008475432878185529
458.0 0.0005162228717381367
459.0 0.0007495274985558353
460.0 0.0009828320798987988
461.0 0.00165307992574526
462.0 0.00232332731684437
463.0 0.002994258284161333
464.0 0.003665189433377236
465.0 0.0047506680857623
466.0 0.005836146738147363
467.0 0.00646964690531604
468.0 0.00710314852767624
469.0 0.006067527283448726
470.0 0.005031907130614854
471.0 0.0038259648135863245
472.0 0.002620022132759914
473.0 0.0021875630409340374
474.0 0.0017551037672092207
475.0 0.001427016013622051
476.0 0.0010989286238327622
477.0 0.0009117125046032015
478.0 0.0007244962944241706
479.0 0.0009205753485730384
480.0 0.001116654311772436
481.0 0.0008199971489375457
482.0 0.000523340213476331
483.0 0.0005896928087167908
484.0 0.0006560452675330453
485.0 0.0006306106570264092
486.0 0.0006051759100955678
487.0 0.0006427102107409155
488.0 0.0006802444659115281
489.0 0.0006057385235180845
490.0 0.0005312325356499059
491.0 0.0006911364835104905
492.0 0.0008510404768458102
493.0 0.000984524558589328
494.0 0.0011180087312823161
495.0 0.0009828007932810578
496.0 0.0008475926733808592
497.0 0.001118711497838376
498.0 0.0013898301403969526
499.0 0.0013561267223849427
500.0 0.001322423395322403
501.0 0.0014599357200495433
502.0 0.0015974483176250942
503.0 0.00198659545276314
504.0 0.0023757427698001266
505.0 0.0029497803552658297
506.0 0.003523817940731533
507.0 0.004183019700576551
508.0 0.004842221096623689
509.0 0.005282249912852421
510.0 0.005722277637687512
511.0 0.005113509178045206
512.0 0.004504740354605019
513.0 0.003814934825641103
514.0 0.003125129296677187
515.0 0.0029824755984009244
516.0 0.0028398222639225423
517.0 0.002613499600556679
518.0 0.002387176937190816
519.0 0.07172691402956843
520.0 0.11558161349967122
521.0 0.05292725400067866
522.0 0.13659150572493672
523.0 1.6221126004911657e-10
524.0 0.07837890298105776
525.0 0.12424768647179008
526.0 0.09153893915936351
527.0 0.05343829398043454
528.0 0.09996064472943544
529.0 0.11617926647886634
530.0 0.16483324579894543
531.0 0.08607223862782121
532.0 0.21702591329813004
533.0 0.3378013148903847
534.0 0.3458142979070544
535.0 0.4980849102139473
536.0 0.6727632600814104
537.0 1.0767878964543343
538.0 1.6242323443293571
539.0 2.456950768828392
540.0 4.023660346865654
541.0 5.8823589235544205
542.0 8.436267077922821
543.0 11.653191596269608
544.0 15.409156680107117
545.0 19.79827582836151
546.0 25.060173869132996
547.0 31.539368629455566
548.0 39.567115902900696
549.0 47.64118194580078
550.0 54.36221361160278
551.0 61.84494495391846
552.0 67.11134910583496
553.0 72.20200896263123
554.0 76.07387900352478
555.0 79.90127801895142
556.0 83.6140513420105
557.0 86.56023144721985
558.0 89.65048789978027
559.0 92.1441912651062
560.0 92.81629920005798
561.0 94.6773111820221
562.0 95.0279951095581
563.0 95.06964087486267
564.0 95.54116129875183
565.0 95.21883726119995
566.0 95.85316181182861
567.0 94.93317008018494
568.0 95.78365683555603
569.0 96.573805809021
570.0 96.15392088890076
571.0 96.82506322860718
572.0 96.57099843025208
573.0 96.7669665813446
574.0 97.12069034576416
575.0 96.86756134033203
576.0 97.18231558799744
577.0 96.89172506332397
578.0 96.8799889087677
579.0 97.07293510437012
580.0 96.32394909858704
581.0 96.5385377407074
582.0 96.51262760162354
583.0 96.49184942245483
584.0 96.25327587127686
585.0 96.30107283592224
586.0 96.46731615066528
587.0 96.22163772583008
588.0 96.40436172485352
589.0 97.21497893333435
590.0 96.56081795692444
591.0 95.72336077690125
592.0 95.72960138320923
593.0 95.58358192443848
594.0 95.9476113319397
595.0 96.07992172241211
596.0 96.75077795982361
597.0 97.06785082817078
598.0 96.40281200408936
599.0 96.80004715919495
600.0 96.83515429496765
601.0 95.84518074989319
602.0 96.5272605419159
603.0 96.19373679161072
604.0 96.14192247390747
605.0 96.57366275787354
606.0 95.82695960998535
607.0 96.09125256538391
608.0 96.35922312736511
609.0 95.64543962478638
610.0 95.8219826221466
611.0 95.77621221542358
612.0 95.8399772644043
613.0 96.75738215446472
614.0 96.5242862701416
615.0 96.28258943557739
616.0 96.21086120605469
617.0 96.57678604125977
618.0 96.26949429512024
619.0 96.91072702407837
620.0 96.0135817527771
621.0 95.21820545196533
622.0 96.40166163444519
623.0 96.56888246536255
624.0 96.28768563270569
625.0 96.84749245643616
626.0 96.28815650939941
627.0 94.77986097335815
628.0 97.03882336616516
629.0 95.36006450653076
630.0 96.4028000831604
631.0 95.86308598518372
632.0 96.76817655563354
633.0 96.41856551170349
634.0 95.6213116645813
635.0 96.30351662635803
636.0 95.72759866714478
637.0 95.75155973434448
638.0 95.39586901664734
639.0 95.43740153312683
640.0 95.59890627861023
641.0 95.4616904258728
642.0 95.80829739570618
643.0 95.90538740158081
644.0 95.94054222106934
645.0 96.13345265388489
646.0 96.0568904876709
647.0 96.84914946556091
648.0 96.28874659538269
649.0 95.49717903137207
650.0 96.18330001831055
651.0 96.6573715209961
652.0 96.98021411895752
653.0 95.6289291381836
654.0 96.58406972885132
655.0 96.7361330986023
656.0 95.60531377792358
657.0 95.77553868293762
658.0 96.21515274047852
659.0 96.1683452129364
660.0 95.36283612251282
661.0 95.8003044128418
662.0 95.7980751991272
663.0 95.87068557739258
664.0 95.16674280166626
665.0 95.10078430175781
666.0 95.5605149269104
667.0 95.66827416419983
668.0 94.92477178573608
669.0 95.60887813568115
670.0 95.25918960571289
671.0 95.60812711715698
672.0 95.00522017478943
673.0 95.46118378639221
674.0 94.90187168121338
675.0 95.69193720817566
676.0 94.6237862110138
677.0 94.2409098148346
678.0 93.55567693710327
679.0 92.56170988082886
680.0 91.55954718589783
681.0 90.18206000328064
682.0 88.3101761341095
683.0 85.7728898525238
684.0 82.26913213729858
685.0 79.12479043006897
686.0 75.27757287025452
687.0 70.63623070716858
688.0 66.30421280860901
689.0 61.796218156814575
690.0 56.64045214653015
691.0 52.575916051864624
692.0 47.97160029411316
693.0 43.830642104148865
694.0 38.771069049835205
695.0 33.56449007987976
696.0 28.209412097930908
697.0 23.031722009181976
698.0 17.28159934282303
699.0 12.606421113014221
700.0 8.897549659013748
701.0 5.6395262479782104
702.0 3.4922853112220764
703.0 2.078942582011223
704.0 1.220602635294199
705.0 0.6600583903491497
706.0 0.4365818575024605
707.0 0.31560175120830536
708.0 0.1714521087706089
709.0 0.1260952209122479
710.0 0.12851115316152573
711.0 0.07620300748385489
712.0 0.055948353838175535
713.0 0.09444721508771181
714.0 0.07719486020505428
715.0 0.05103020812384784
716.0 0.08621913148090243
717.0 0.03795370867010206
718.0 0.059514964232221246
719.0 0.023518968373537064
720.0 1.6221126004911657e-10
721.0 0.004520042784861289
722.0 0.00425589423684869
723.0 0.00399174568883609
724.0 0.0036900615668855608
725.0 0.003388377808732912
726.0 0.0031434941774932668
727.0 0.0028986110919504426
728.0 0.002760628194664605
729.0 0.002622645115479827
730.0 0.002435863825667184
731.0 0.0022490828996524215
732.0 0.0022485914087155834
733.0 0.0022480999177787453
734.0 0.0021088302673888393
735.0 0.0019695602532010525
736.0 0.0018095277482643723
737.0 0.0016494952433276922
738.0 0.001654985680943355
739.0 0.0016604763004579581
740.0 0.0016141553714987822
741.0 0.0015678346244385466
742.0 0.0014588374142476823
743.0 0.0013498402950062882
744.0 0.0013982201380713377
745.0 0.001446599890186917
746.0 0.0013470522389980033
747.0 0.0012475045878090896
748.0 0.001131752196670277
749.0 0.0010159998055314645
750.0 0.0010250180821458343
751.0 0.0010340365406591445
752.0 0.0010614846360113006
753.0 0.0010889325494645163
754.0 0.0011345657185302116
755.0 0.0011801992513937876
756.0 0.0011175819054187741
757.0 0.0010549642865953501
758.0 0.001087596592697082
759.0 0.0011202288078493439
760.0 0.0011122189789602999
761.0 0.0011042093319701962
762.0 0.0011212116078240797
763.0 0.0011382142474758439
764.0 0.001057253211911302
765.0 0.0009762921763467602
766.0 0.0008140808859025128
767.0 0.0006518695954582654
768.0 0.0006407546607078984
769.0 0.0006296395440585911
770.0 0.0007687517609156203
771.0 0.0009078641596715897
772.0 0.0008062530469032936
773.0 0.0007046419341349974
774.0 0.0008307830285048112
775.0 0.0009569240319251548
776.0 0.0009120421964325942
777.0 0.0008671604518895037
778.0 0.0008476983566652052
779.0 0.0008282363523903769
780.0 0.0007415575510094641
781.0 0.0006548787951032864
782.0 0.0007624296358699212
783.0 0.0008699803402123507
784.0 0.0008785729733062908
785.0 0.0008871652426023502
786.0 0.0007933126653369982
787.0 0.000699459997122176
788.0 0.0006806644705648068
789.0 0.0006618689894821728
790.0 0.000695021071805968
791.0 0.000728173108655028
792.0 0.0007794953489792533
793.0 0.0008308176802529488
794.0 0.0008411528142460156
795.0 0.0008514875844412018
796.0 0.00068580370680138
797.0 0.000520119692737353
798.0 0.000713097870175261
799.0 0.000906076002138434
800.0 0.0008423576218774542
801.0 0.0007786389687680639
802.0 0.000610513143328717
803.0 0.0004423870905156946
804.0 0.0006051368472981267
805.0 0.0007678866495552938
806.0 0.0006998338903940748
807.0 0.0006317811767075909
808.0 0.0007562839527963661
809.0 0.0008807867743598763
810.0 0.0007520990948250983
811.0 0.0006234117336134659
812.0 0.0006769224910385674
813.0 0.0007304332484636689
814.0 0.0005912738743063528
815.0 0.00045211459109850693
816.0 0.0005959009286016226
817.0 0.0007396873570542084
818.0 0.0006790628049202496
819.0 0.0006184382527862908
820.0 0.00047925295802997425
821.0 0.00034006766327365767
822.0 0.0003863709935103543
823.0 0.00043267432374705095
824.0 0.0004559137323667528
825.0 0.0004791531409864547
826.0 0.0005475907073559938
827.0 0.0006160282282507978
828.0 0.000498202689414029
829.0 0.0003803771733146277
830.0 0.0002331455561943585
831.0 8.591399023316626e-05
832.0 5.3503316621572594e-05
833.0 2.10926245358678e-05
834.0 5.953011861237201e-07
835.0 1.6221126004911657e-10
836.0 0.00030147350571496645
837.0 0.0006228492566151544
838.0 0.000756938470658497
839.0 0.0008910277756513096
840.0 0.001212040297104977
841.0 0.0015330528185586445
842.0 0.0020203227904858068
843.0 0.0025075931262108497
844.0 0.0024316350391018204
845.0 0.0023556771338917315
846.0 0.0024090726583381183
847.0 0.002462468000885565
848.0 0.002473345557518769
849.0 0.0024842232960509136
850.0 0.002091371970891487
851.0 0.00169852064573206
852.0 0.001464529850636609
853.0 0.0012305388736422174
854.0 0.0010721204489527736
855.0 0.0009137018423643894
856.0 0.0006666256922471803
857.0 0.0004195495876047062
858.0 0.0005531033366423799
859.0 0.0006866569947305834
860.0 0.0005645802048093174
861.0 0.00044250341488805134
862.0 0.00043158088374184445
863.0 0.00042065839807037264
864.0 0.00029587415610876633
865.0 0.00017108998235926265
866.0 0.00010776772114695632
867.0 4.44454144599149e-05
868.0 0.0001011854806165502
869.0 0.00015792551266713417
870.0 5.8223577070748433e-05
871.0 1.6221126004911657e-10
872.0 1.6221126004911657e-10
873.0 1.6221126004911657e-10
874.0 1.6221126004911657e-10
875.0 1.6221126004911657e-10
876.0 1.6221126004911657e-10
877.0 8.242930249480196e-06
878.0 0.00012676458709393046
879.0 0.00024528621906938497
880.0 0.00018423829715175088
881.0 0.00012319035249674926
882.0 0.00011551927627806435
883.0 0.000107848222796747
884.0 1.6221126004911657e-10
885.0 1.6221126004911657e-10
886.0 1.6221126004911657e-10
887.0 7.651408964193251e-05
888.0 0.00016528089190614992
889.0 0.00025404767711734166
890.0 0.00021546927655435866
891.0 0.00017689084188532433
892.0 5.683916128873534e-05
893.0 1.6221126004911657e-10
894.0 1.6221126004911657e-10
895.0 2.6681061626732117e-05
896.0 6.362660656122898e-05
897.0 0.00010057218560177716
898.0 6.401593282134854e-05
899.0 2.7459662987894262e-05
900.0 2.0788090182577434e-05
901.0 1.4116507429662306e-05
