lsstCam/transmission_filter_detector/r01_s22/r_57/19700101T000000.ecsv
# %ECSV 1.0
# ---
# datatype:
# - {name: wavelength, unit: nm, datatype: float32}
# - {name: efficiency, unit: '%', datatype: float64}
# meta: !!omap
# - {MODE: DETECTOR}
# - {TYPE: transmission_filter_detector}
# - {CALIBDATE: '1970-01-01T00:00:00'}
# - {INSTRUME: LSSTCam}
# - {OBSTYPE: transmission_filter_detector}
# - {CALIBCLS: lsst.ip.isr.IntermediateFilterDetectorTransmissionCurve}
# - {SOURCE: Materion (DM-46256)}
# - {DETECTOR: 8}
# - {FILTER: r_57}
# - {CALIB_ID: 'calibDate=1970-01-01T00:00:00 filter=r_57 detector=8'}
# - {DATE: '2025-04-02T15:59:44.222528'}
# - {CALIB_CREATION_DATE: '2025-04-02'}
# - {CALIB_CREATION_TIME: '15:59:44'}
# - __serialized_columns__:
#     efficiency:
#       __class__: astropy.units.quantity.Quantity
#       unit: !astropy.units.Unit {unit: '%'}
#       value: !astropy.table.SerializedColumn {name: efficiency}
#     wavelength:
#       __class__: astropy.units.quantity.Quantity
#       unit: !astropy.units.Unit {unit: nm}
#       value: !astropy.table.SerializedColumn {name: wavelength}
# schema: astropy-2.0
wavelength efficiency
[from data line 603]
903.0 1.6221126004911657e-10
904.0 1.6221126004911657e-10
905.0 9.224590371559316e-05
906.0 1.7223460702098237e-05
907.0 1.6221126004911657e-10
908.0 1.6221126004911657e-10
909.0 1.6221126004911657e-10
910.0 1.6221126004911657e-10
911.0 1.6221126004911657e-10
912.0 1.6221126004911657e-10
913.0 1.6221126004911657e-10
914.0 1.6221126004911657e-10
915.0 8.947242235990416e-05
916.0 6.423086915674503e-05
917.0 3.8989347217466275e-05
918.0 0.00011854612012029975
919.0 0.0001981028390218853
920.0 8.98235725799168e-05
921.0 1.6221126004911657e-10
922.0 6.598128265977721e-05
923.0 0.00015041829328765743
924.0 0.0001707717501631123
925.0 0.00019112521840725094
926.0 0.00014368413303600391
927.0 9.624303629607311e-05
928.0 0.00012287365507290815
929.0 0.00014950427384974319
930.0 0.00017774142406778992
931.0 0.00020597858565452043
932.0 6.565651347045787e-05
933.0 1.6221126004911657e-10
934.0 7.711983016633894e-05
935.0 0.00022890515083417995
936.0 0.00024085268250928493
937.0 0.0002528002141843899
938.0 0.00032023936000769027
939.0 0.00038767852856835816
940.0 0.0003521200824252446
941.0 0.0003165616362821311
942.0 0.0003961099992011441
943.0 0.0004756583621201571
944.0 0.0003654558213384007
945.0 0.0002552533260313794
946.0 0.00026623692974681035
947.0 0.0002772204879875062
948.0 0.0004002590685558971
949.0 0.0005232977400737582
950.0 0.0005331731699698139
951.0 0.0005430485998658696
952.0 0.0006986902462813305
953.0 0.0008543320291209966
954.0 0.0011552095202205237
955.0 0.0014560873751179315
956.0 0.0015139205061132088
957.0 0.0015717536371084861
958.0 0.0017319929611403495
959.0 0.001892232830869034
960.0 0.001998229345190339
961.0 0.0021042262233095244
962.0 0.0022748257833882235
963.0 0.002445425525365863
964.0 0.002451042200846132
965.0 0.00245665851252852
966.0 0.0024255514290416613
967.0 0.002394444163655862
968.0 0.002361702354392037
969.0 0.0023289607270271517
970.0 0.0024261369617306627
971.0 0.0025233135602320544
972.0 0.002573752135504037
973.0 0.002624190346978139
974.0 0.0028679431125056
975.0 0.003111696059932001
976.0 0.003199476850568317
977.0 0.003287257277406752
978.0 0.0031907296943245456
979.0 0.003094202111242339
980.0 0.0030246548703871667
981.0 0.0029551076295319945
982.0 0.003019305586349219
983.0 0.0030835039069643244
984.0 0.003065422788495198
985.0 0.003047341488127131
986.0 0.0029463140890584327
987.0 0.0028452866899897344
988.0 0.0026340532713220455
989.0 0.0024228202164522372
990.0 0.0024592427507741377
991.0 0.0024956654669949785
992.0 0.002585224683571141
993.0 0.0026747842639451846
994.0 0.0027082573069492355
995.0 0.0027417299861554056
996.0 0.00282564724329859
997.0 0.0029095643185428344
998.0 0.003031857340829447
999.0 0.003154150181217119
1000.0 0.0032853029551915824
1001.0 0.0034164560929639265
1002.0 0.003644400931079872
1003.0 0.0038723457691958174
1004.0 0.004000612898380496
1005.0 0.004128880027565174
1006.0 0.00430576728831511
1007.0 0.004482654549065046
1008.0 0.004394200368551537
1009.0 0.0043057465518359095
1010.0 0.0042908239265671
1011.0 0.0042759013012982905
1012.0 0.004276091203792021
1013.0 0.00427628074248787
1014.0 0.004015094236820005
1015.0 0.003753907003556378
1016.0 0.0036094701499678195
1017.0 0.0034650332963792607
1018.0 0.00308732342091389
1019.0 0.0027096142730442807
1020.0 0.0022496373276226223
1021.0 0.0017896605640999041
1022.0 0.0015982754121068865
1023.0 0.001406889805366518
1024.0 0.0014231548448151443
1025.0 0.001439420066162711
1026.0 0.0013475020750775002
1027.0 0.0012555838111438788
1028.0 0.0011757312677218579
1029.0 0.0010958785424008965
1030.0 0.0010082565495395102
1031.0 0.0009206340109813027
1032.0 0.0009184160262520891
1033.0 0.0009161977686744649
1034.0 0.000836079561850056
1035.0 0.0007559611276519718
1036.0 0.0008815283763397019
1037.0 0.0010070953067042865
1038.0 0.0008951971722126473
1039.0 0.0007832993105694186
1040.0 0.0008751616405788809
1041.0 0.0009670240615378134
1042.0 0.001005152353172889
1043.0 0.0010432801900606137
1044.0 0.0009671206498751417
1045.0 0.0008909614734875504
1046.0 0.000913810890779132
1047.0 0.0009366606718685944
1048.0 0.0007835128599253949
1049.0 0.0006303651844064007
1050.0 0.0006969994046812644
1051.0 0.0007636336704308633
1052.0 0.001089663419406861
1053.0 0.0014156928955344483
1054.0 0.0012705720109806862
1055.0 0.0011254512173763942
1056.0 0.0010652593118720688
1057.0 0.0010050675882666837
1058.0 0.0008551756764063612
1059.0 0.0007052839009702438
1060.0 0.0010793229193950538
1061.0 0.0014533614375977777
1062.0 0.0015141798030526843
1063.0 0.0015749981685075909
1064.0 0.001161389718618011
1065.0 0.0007477808139810804
1066.0 0.00113415962914587
1067.0 0.0015205385352601297
1068.0 0.0017614340322325006
1069.0 0.0020023289835080504
1070.0 0.001415640963386977
1071.0 0.0008289530342153739
1072.0 0.001226158292411128
1073.0 0.0016233636415563524
1074.0 0.002337070691282861
1075.0 0.003050777377211489
1076.0 0.0033310672733932734
1077.0 0.0036113575333729386
1078.0 0.0039342052332358435
1079.0 0.004257052933098748
1080.0 0.004302254455978982
1081.0 0.004347455978859216
1082.0 0.00400286226067692
1083.0 0.0036582689062925056
1084.0 0.00426765218435321
1085.0 0.0048770354624139145
1086.0 0.005054026769357733
1087.0 0.005231018440099433
1088.0 0.005316683018463664
1089.0 0.005402348324423656
1090.0 0.004994438859284855
1091.0 0.004586529030348174
1092.0 0.004182350312476046
1093.0 0.003778171230806038
1094.0 0.004158821684541181
1095.0 0.004539472138276324
1096.0 0.0036094315873924643
1097.0 0.002679390672710724
1098.0 0.0020284529455238953
1099.0 0.0013775154002360068
1100.0 0.0016830166714498773
1101.0 0.0019885173969669268
