lsstCam/transmission_filter_detector/r41_s20/z_20/19700101T000000.ecsv
# %ECSV 1.0
# ---
# datatype:
# - {name: wavelength, unit: nm, datatype: float32}
# - {name: efficiency, unit: '%', datatype: float64}
# meta: !!omap
# - {MODE: DETECTOR}
# - {TYPE: transmission_filter_detector}
# - {CALIBDATE: '1970-01-01T00:00:00'}
# - {INSTRUME: LSSTCam}
# - {OBSTYPE: transmission_filter_detector}
# - {CALIBCLS: lsst.ip.isr.IntermediateFilterDetectorTransmissionCurve}
# - {SOURCE: Materion (DM-46256)}
# - {DETECTOR: 168}
# - {FILTER: z_20}
# - {CALIB_ID: 'calibDate=1970-01-01T00:00:00 filter=z_20 detector=168'}
# - {DATE: '2025-04-02T15:59:49.420600'}
# - {CALIB_CREATION_DATE: '2025-04-02'}
# - {CALIB_CREATION_TIME: '15:59:49'}
# - __serialized_columns__:
#     efficiency:
#       __class__: astropy.units.quantity.Quantity
#       unit: !astropy.units.Unit {unit: '%'}
#       value: !astropy.table.SerializedColumn {name: efficiency}
#     wavelength:
#       __class__: astropy.units.quantity.Quantity
#       unit: !astropy.units.Unit {unit: nm}
#       value: !astropy.table.SerializedColumn {name: wavelength}
# schema: astropy-2.0
wavelength efficiency
300.0 0.3664605552330613
301.0 0.3166619222611189
302.0 0.26686328928917646
303.0 0.234424346126616
304.0 0.20198540296405554
305.0 0.18993489211425185
306.0 0.17788438126444817
307.0 0.1682682312093675
308.0 0.15865208115428686
309.0 0.13203037669882178
310.0 0.10540864896029234
311.0 0.10748907225206494
312.0 0.10956951882690191
313.0 0.09677402558736503
314.0 0.08397852070629597
315.0 0.06995532312430441
316.0 0.05593211972154677
317.0 0.06521576433442533
318.0 0.0744994031265378
319.0 0.06625266396440566
320.0 0.0580059306230396
321.0 0.05617483984678984
322.0 0.05434374907054007
323.0 0.046612462028861046
324.0 0.03888118371833116
325.0 0.038218224653974175
326.0 0.03755526558961719
327.0 0.03704422269947827
328.0 0.036533179809339345
329.0 0.03743157139979303
330.0 0.03832996299024671
331.0 0.03609475388657302
332.0 0.033859541872516274
333.0 0.030489638447761536
334.0 0.027119737933389843
335.0 0.02549614873714745
336.0 0.02387255517533049
337.0 0.023712898837402463
338.0 0.023553238133899868
339.0 0.02050437033176422
340.0 0.017455501074437052
341.0 0.016469985712319613
342.0 0.01548446889501065
343.0 0.017069846217054874
344.0 0.018655223539099097
345.0 0.016357642016373575
346.0 0.014060063404031098
347.0 0.013280520215630531
348.0 0.012500977027229965
349.0 0.012114828859921545
350.0 0.011728681420208886
351.0 0.011793952580774203
352.0 0.011859221558552235
353.0 0.011278621241217479
354.0 0.0106980194686912
355.0 0.010130387090612203
356.0 0.009562754712533206
357.0 0.009943519398802891
358.0 0.010324284085072577
359.0 0.009062512981472537
360.0 0.007800741877872497
361.0 0.008327858813572675
362.0 0.008854975749272853
363.0 0.008161968435160816
364.0 0.007468958938261494
365.0 0.008164167229551822
366.0 0.008859374793246388
367.0 0.008450520545011386
368.0 0.008041664841584861
369.0 0.007724174065515399
370.0 0.007406683289445937
371.0 0.00819750566734001
372.0 0.008988328045234084
373.0 0.007599985110573471
374.0 0.006211639265529811
375.0 0.006172944267746061
376.0 0.006134249269962311
377.0 0.006099520396674052
378.0 0.006064791887183674
379.0 0.006048108480172232
380.0 0.00603142507316079
381.0 0.004689544948632829
382.0 0.003347664460306987
383.0 0.0042068240873049945
384.0 0.0050659840781008825
385.0 0.0053389743698062375
386.0 0.005611964661511593
387.0 0.005032465924159624
388.0 0.004452967186807655
389.0 0.004237490065861493
390.0 0.004022012944915332
391.0 0.004105616244487464
392.0 0.004189219544059597
393.0 0.0038324105844367296
394.0 0.0034756012610159814
395.0 0.0035033612221013755
396.0 0.00353112154698465
397.0 0.003639200804173015
398.0 0.0037472804251592606
399.0 0.004557790816761553
400.0 0.005368301572161727
401.0 0.004287682895665057
402.0 0.0032070642191683874
403.0 0.004145758430240676
404.0 0.005084453005110845
405.0 0.004493017331697047
406.0 0.003901581294485368
407.0 0.004174981950200163
408.0 0.0044483829697128385
409.0 0.0039826099964557216
410.0 0.0035168370231986046
411.0 0.003174507219227962
412.0 0.00283217741525732
413.0 0.0033806314604589716
414.0 0.003929085869458504
415.0 0.003934223059331998
416.0 0.003939360976801254
417.0 0.003357964669703506
418.0 0.0027765685445046984
419.0 0.003345230652485043
420.0 0.003913892578566447
421.0 0.004065103712491691
422.0 0.004216315210214816
423.0 0.003674190884339623
424.0 0.0031320661946665496
425.0 0.0027721480364562012
426.0 0.002412229514447972
427.0 0.0018110900782630779
428.0 0.0012099510968255345
429.0 0.001478234389651334
430.0 0.0017465183191234246
431.0 0.001415766564605292
432.0 0.0010850150829355698
433.0 0.00180039533006493
434.0 0.002515776031941641
435.0 0.0025580344299669378
436.0 0.0026002930098911747
437.0 0.00243044469243614
438.0 0.002260596738778986
439.0 0.0020842187950620428
440.0 0.0019078404875472188
441.0 0.0016968078853096813
442.0 0.0014857752830721438
443.0 0.001399641223542858
444.0 0.0013135070730641019
445.0 0.001987490031751804
446.0 0.0026614727175910957
447.0 0.003310527972644195
448.0 0.003959583045798354
449.0 0.002714351830945816
450.0 0.0014691204341943376
451.0 0.0016104841051856056
452.0 0.0017518477761768736
453.0 0.0020612911612261087
454.0 0.0023707343643764034
455.0 0.002215361746493727
456.0 0.00205998894671211
457.0 0.001967229400179349
458.0 0.001874470035545528
459.0 0.0018866354366764426
460.0 0.001898801201605238
461.0 0.0016680209228070453
462.0 0.0014372406440088525
463.0 0.0010738579476310406
464.0 0.0007104749784048181
465.0 0.0014406545233214274
466.0 0.002170833795389626
467.0 0.0018241102225147188
468.0 0.0014773862858419307
469.0 0.000958680084295338
470.0 0.0004399738827487454
471.0 0.0009706515811558347
472.0 0.0015013294614618644
473.0 0.0014564265256922226
474.0 0.001411523680872051
475.0 0.0014021484275872353
476.0 0.0013927732652518898
477.0 0.0014291789739218075
478.0 0.001465584591642255
479.0 0.0013887974091630895
480.0 0.0013120105904818047
481.0 0.0007192924385890365
482.0 0.0001265744231204735
483.0 0.0006432534064515494
484.0 0.0011599321624089498
485.0 0.0009440916073799599
486.0 0.0007282509159267647
487.0 0.0010668323739082552
488.0 0.0014054137864150107
489.0 0.0016033738575060852
490.0 0.0018013337466982193
491.0 0.0012999240425415337
492.0 0.0007985146112332586
493.0 0.0011796109902206808
494.0 0.0015607074601575732
495.0 0.001186897043226054
496.0 0.0008130866262945347
497.0 0.0008124892701744102
498.0 0.0008118920050037559
499.0 0.0009649744242778979
500.0 0.0011180571164004505
501.0 0.0011326843377901241
502.0 0.0011473115591797978
503.0 0.0010356220627727453
504.0 0.0009239322935172822
505.0 0.001357228757115081
506.0 0.0017905251297634095
507.0 0.0017541206034366041
508.0 0.0017177162590087391
509.0 0.0016065238014562055
510.0 0.0014953315258026123
511.0 0.0013569424481829628
512.0 0.001218553188664373
513.0 0.0010687080248317216
514.0 0.0009188626791001298
515.0 0.0008392849849769846
516.0 0.0007597074272780446
517.0 0.0009706675882625859
518.0 0.0011816277037723921
519.0 0.0014062831724004354
520.0 0.0016309386410284787
521.0 0.0015588668247801252
522.0 0.0014867949175823014
523.0 0.0015737285139039159
524.0 0.0016606620192760602
525.0 0.0011972286301897839
526.0 0.0007337950137298321
527.0 0.0010894302249653265
528.0 0.001445065481675556
529.0 0.0013578954167314805
530.0 0.0012707256246358156
531.0 0.0014602227565774228
532.0 0.0016497200704179704
533.0 0.0012591875020007137
534.0 0.000868654933583457
535.0 0.0013954212590761017
536.0 0.001922187948366627
537.0 0.001777724719431717
538.0 0.0016332616723957472
539.0 0.0013761174159299117
540.0 0.0011189729775651358
541.0 0.0010067731636809185
542.0 0.000894573258847231
543.0 0.0007732244739599992
544.0 0.0006518757800222374
545.0 0.000829493274068227
546.0 0.001007110950013157
547.0 0.0017273825505981222
548.0 0.002447653969284147
549.0 0.0021094916519359685
550.0 0.00177132933458779
551.0 0.0018004177036345936
552.0 0.0018295060726813972
553.0 0.0018301790987607092
554.0 0.0018308517610421404
555.0 0.0014646702766185626
556.0 0.0010984885193465743
557.0 0.001190151942864759
558.0 0.0012818152754334733
559.0 0.0015331472241086885
560.0 0.0017844791727839038
561.0 0.001362683906336315
562.0 0.0009408886398887262
563.0 0.0012055050319759175
564.0 0.0014701214240631089
565.0 0.0017891488823806867
566.0 0.002108176158799324
567.0 0.0025292940335930325
568.0 0.002950412090285681
569.0 0.002811035665217787
570.0 0.0026716590582509525
571.0 0.0025135987016255967
572.0 0.0023555381631013006
573.0 0.0023366133973468095
574.0 0.0023176888134912588
575.0 0.002120114368153736
576.0 0.0019225401047151536
577.0 0.002131805376848206
578.0 0.002341070467082318
579.0 0.002013341691053938
580.0 0.0016856129150255583
581.0 0.0015908981367829256
582.0 0.001496183449489763
583.0 0.0016211815818678588
584.0 0.0017461792594986036
585.0 0.00178622140083462
586.0 0.0018262629964738153
587.0 0.002115979623340536
588.0 0.002405696432106197
589.0 0.002295144986419473
590.0 0.0021845933588338085
591.0 0.0019698254618560895
592.0 0.0017550573829794303
593.0 0.0015625500964233652
594.0 0.0013700429917662404
595.0 0.0011051944056816865
596.0 0.0008403460014960729
597.0 0.0010143538020201959
598.0 0.001188361693493789
599.0 0.0010356679013057146
600.0 0.0008829743819660507
601.0 0.0006865991963422857
602.0 0.0004902240107185207
603.0 0.000746589421396493
604.0 0.001002954741124995
605.0 0.0008389251888729632
606.0 0.0006748958185198717
607.0 0.0008388818969251588
608.0 0.001002867975330446
609.0 0.0009293822586187162
610.0 0.0008558965419069864
611.0 0.000844532587507274
612.0 0.0008331685421580914
613.0 0.0005788727776234737
614.0 0.00032457689940201817
615.0 0.0009864123967417981
616.0 0.0016482479622936808
617.0 0.0015450254068127833
618.0 0.001441802851331886
619.0 0.0014136570825939998
620.0 0.0013855110410077032
621.0 0.0014237955838325433
622.0 0.0014620800357079133
623.0 0.0012398747458064463
624.0 0.0010176697287533898
625.0 0.0013350073459150735
626.0 0.0016523446902283467
627.0 0.0020293353372835554
628.0 0.0024063258024398237
629.0 0.0022575317416340113
630.0 0.0021087374989292584
631.0 0.0021858697436982766
632.0 0.0022630019884672947
633.0 0.0027201098419027403
634.0 0.003177218241035007
635.0 0.005964408410363831
636.0 0.008751598943490535
637.0 0.01595704525243491
638.0 0.02316249447176233
639.0 0.02000625099753961
640.0 0.016850008978508413
641.0 0.014701139298267663
642.0 0.01255226816283539
643.0 0.008975017408374697
644.0 0.0053977655625203624
645.0 0.005722238711314276
646.0 0.006046711860108189
647.0 0.005843987673870288
648.0 0.005641263487632386
649.0 0.004408959284774028
650.0 0.003176655081915669
651.0 0.0031654260965297
652.0 0.0031541971111437306
653.0 0.0029214299502200447
654.0 0.002688662971195299
655.0 0.0022667636585538276
656.0 0.0018448645278112963
657.0 0.0019533272279659286
658.0 0.002061789928120561
659.0 0.002188762664445676
660.0 0.002315735400770791
661.0 0.002207163197454065
662.0 0.00209859135793522
663.0 0.0019140972653985955
664.0 0.0017296029909630306
665.0 0.0016573701941524632
666.0 0.0015851373973418958
667.0 0.0015560819520032965
668.0 0.001527026506664697
669.0 0.0015869718481553718
670.0 0.001646917371544987
671.0 0.0016820451492094435
672.0 0.0017171729268739
673.0 0.0014196584743331186
674.0 0.0011221441127418075
675.0 0.0011249484487052541
676.0 0.0011277529665676411
677.0 0.0013723062693316024
678.0 0.001616859299247153
679.0 0.00184803157026181
680.0 0.002079204023175407
681.0 0.0019200744645786472
682.0 0.0017609449059818871
683.0 0.002268968273710925
684.0 0.0027769914595410228
685.0 0.0025810802981141023
686.0 0.0023851689547882415
687.0 0.0023563845388707705
688.0 0.0023275995772564784
689.0 0.0021897909391555004
690.0 0.002051982119155582
691.0 0.0026147483367822133
692.0 0.003177514372509904
693.0 0.003213983654859476
694.0 0.0032504529372090474
695.0 0.003555052899173461
696.0 0.0038596524973399937
697.0 0.0036679975892184302
698.0 0.0034763419535011053
699.0 0.0049274680350208655
700.0 0.006378592661349103
701.0 0.00640531288809143
702.0 0.0064320316596422344
703.0 0.0058959241869160905
704.0 0.005359816714189947
705.0 0.004525018084677868
706.0 0.0036902194551657885
707.0 0.003358443427714519
708.0 0.00302666740026325
709.0 0.003665732583613135
710.0 0.00430479776696302
711.0 0.0037192341551417485
712.0 0.0031336698157247156
713.0 0.0021859019398107193
714.0 0.0012381337000988424
715.0 0.00175799668795662
716.0 0.0022778594939154573
717.0 0.0021926713088760152
718.0 0.002107483123836573
719.0 0.002038703860307578
720.0 0.001969924778677523
721.0 0.0016018640963011421
722.0 0.0012338034139247611
723.0 0.001498513938713586
724.0 0.0017632244635024108
725.0 0.0017062546248780563
726.0 0.0016492844224558212
727.0 0.0019216306100133806
728.0 0.002193977161368821
729.0 0.0020106726879021153
730.0 0.0018273683963343501
731.0 0.0019139892174280249
732.0 0.00200061022042064
733.0 0.0019936755052185617
734.0 0.001986740608117543
735.0 0.001404085833200952
736.0 0.0008214310582843609
737.0 0.0010066249160445295
738.0 0.0011918184100068174
739.0 0.001334771604888374
740.0 0.0014777246178709902
741.0 0.0015496889318455942
742.0 0.0016216525182244368
743.0 0.0017047461369656958
744.0 0.0017878397557069547
745.0 0.0019151715605403297
746.0 0.0020425031834747642
747.0 0.0022298472686088644
748.0 0.002417191171844024
749.0 0.0030674011213704944
750.0 0.003717611252795905
751.0 0.003807075700024143
752.0 0.003896540147252381
753.0 0.003359131733304821
754.0 0.002821723319357261
755.0 0.003036306952708401
756.0 0.0032508905860595405
757.0 0.003077944347751327
758.0 0.0029049977456452325
759.0 0.003181619103997946
760.0 0.0034582400985527784
761.0 0.0049360780394636095
762.0 0.006413916707970202
763.0 0.006296358333202079
764.0 0.006178799958433956
765.0 0.005522664287127554
766.0 0.0048665278882253915
767.0 0.004594253914547153
768.0 0.004321978849475272
769.0 0.00437955568486359
770.0 0.004437131792656146
771.0 0.004307219933252782
772.0 0.004177307346253656
773.0 0.0040591501601738855
774.0 0.0039409926102962345
775.0 0.06602717912755907
776.0 2.672510650281179e-10
777.0 2.672510650281179e-10
778.0 0.06677843630313873
779.0 0.00110978235170478
780.0 2.672510650281179e-10
781.0 2.672510650281179e-10
782.0 2.672510650281179e-10
783.0 2.672510650281179e-10
784.0 2.672510650281179e-10
785.0 2.672510650281179e-10
786.0 2.672510650281179e-10
787.0 0.020623371528927237
788.0 2.672510650281179e-10
789.0 0.11377306655049324
790.0 2.672510650281179e-10
791.0 0.11893227929249406
792.0 0.1103178015910089
793.0 2.672510650281179e-10
794.0 0.022057592286728323
795.0 0.020212287199683487
796.0 0.03741079999599606
797.0 0.09340650867670774
798.0 0.27238084003329277
799.0 0.1753218239173293
800.0 0.7416650652885437
801.0 1.0566456243395805
802.0 1.8028665333986282
803.0 2.5808176025748253
804.0 4.031126946210861
805.0 5.860521271824837
806.0 7.910514622926712
807.0 10.870440304279327
808.0 13.97065818309784
809.0 16.85827672481537
810.0 20.344097912311554
811.0 23.488914966583252
812.0 27.263200283050537
813.0 31.97801113128662
814.0 37.08340227603912
815.0 42.87390410900116
816.0 48.87961447238922
817.0 56.092190742492676
818.0 63.29174041748047
819.0 70.18846869468689
820.0 77.27072834968567
821.0 83.5723876953125
822.0 88.39450478553772
823.0 91.31990075111389
824.0 94.26388740539551
825.0 96.83226943016052
826.0 97.71807193756104
827.0 98.78563284873962
828.0 99.22250509262085
829.0 99.2831289768219
830.0 98.5722005367279
831.0 98.8395631313324
832.0 98.35438132286072
833.0 99.38379526138306
834.0 98.17593693733215
835.0 99.23245906829834
836.0 98.882395029068
837.0 98.75529408454895
838.0 97.38604426383972
839.0 98.38525056838989
840.0 98.21271300315857
841.0 99.20653700828552
842.0 98.75285029411316
843.0 99.36809539794922
844.0 97.97776341438293
845.0 98.62304329872131
846.0 99.33847188949585
847.0 98.70646595954895
848.0 99.4580090045929
849.0 99.20188188552856
850.0 98.7140417098999
851.0 98.9097535610199
852.0 98.87528419494629
853.0 98.32858443260193
854.0 99.48042631149292
855.0 98.17941784858704
856.0 98.87807369232178
857.0 97.75656461715698
858.0 98.47749471664429
859.0 99.13612008094788
860.0 98.5796868801117
861.0 98.70277643203735
862.0 98.79043102264404
863.0 98.21059703826904
864.0 99.4418740272522
865.0 100.10875463485718
866.0 98.17884564399719
867.0 98.98762702941895
868.0 99.63963031768799
869.0 98.81914854049683
870.0 97.8851854801178
871.0 98.70839715003967
872.0 99.26425218582153
873.0 99.21684861183167
874.0 99.63956475257874
875.0 98.79062175750732
876.0 98.95417094230652
877.0 99.049973487854
878.0 98.80295991897583
879.0 98.6509919166565
880.0 98.6349880695343
881.0 100.0295877456665
882.0 98.68742227554321
883.0 98.86655807495117
884.0 99.15143847465515
885.0 98.93972873687744
886.0 98.55495095252991
887.0 98.75355958938599
888.0 98.95396828651428
889.0 99.45151805877686
890.0 98.13754558563232
891.0 99.05397891998291
892.0 98.52786064147949
893.0 98.8021969795227
894.0 98.32385182380676
895.0 100.03862380981445
896.0 98.83463978767395
