lsstCam/transmission_filter_detector/r41_s20/z_20/19700101T000000.ecsv
# %ECSV 1.0
# ---
# datatype:
# - {name: wavelength, unit: nm, datatype: float32}
# - {name: efficiency, unit: '%', datatype: float64}
# meta: !!omap
# - {MODE: DETECTOR}
# - {TYPE: transmission_filter_detector}
# - {CALIBDATE: '1970-01-01T00:00:00'}
# - {INSTRUME: LSSTCam}
# - {OBSTYPE: transmission_filter_detector}
# - {CALIBCLS: lsst.ip.isr.IntermediateFilterDetectorTransmissionCurve}
# - {SOURCE: Materion (DM-46256)}
# - {DETECTOR: 168}
# - {FILTER: z_20}
# - {CALIB_ID: 'calibDate=1970-01-01T00:00:00 filter=z_20 detector=168'}
# - {DATE: '2025-04-02T15:59:49.420600'}
# - {CALIB_CREATION_DATE: '2025-04-02'}
# - {CALIB_CREATION_TIME: '15:59:49'}
# - __serialized_columns__:
#     efficiency:
#       __class__: astropy.units.quantity.Quantity
#       unit: !astropy.units.Unit {unit: '%'}
#       value: !astropy.table.SerializedColumn {name: efficiency}
#     wavelength:
#       __class__: astropy.units.quantity.Quantity
#       unit: !astropy.units.Unit {unit: nm}
#       value: !astropy.table.SerializedColumn {name: wavelength}
# schema: astropy-2.0
wavelength efficiency
[from data line 598]
898.0 98.59405159950256
899.0 98.76954555511475
900.0 98.60116243362427
901.0 99.16423559188843
902.0 98.66968989372253
903.0 98.44972491264343
904.0 97.76544570922852
905.0 98.35135340690613
906.0 97.3822295665741
907.0 98.5329270362854
908.0 98.01177978515625
909.0 97.87130951881409
910.0 97.45939373970032
911.0 96.23520374298096
912.0 95.04326581954956
913.0 93.36006045341492
914.0 90.73251485824585
915.0 88.56599926948547
916.0 86.05664372444153
917.0 84.9720299243927
918.0 81.06380105018616
919.0 79.61388230323792
920.0 75.76699256896973
921.0 71.16485834121704
922.0 65.69562554359436
923.0 59.74610447883606
924.0 54.1332483291626
925.0 48.50466251373291
926.0 41.595855355262756
927.0 34.013187885284424
928.0 27.917906641960144
929.0 22.148148715496063
930.0 16.74470156431198
931.0 11.97429671883583
932.0 7.57378414273262
933.0 4.706646874547005
934.0 2.7403343468904495
935.0 1.6453512012958527
936.0 0.8945138193666935
937.0 0.5682456772774458
938.0 0.3444940084591508
939.0 2.672510650281179e-10
940.0 0.22087907418608665
941.0 0.04597407241817564
942.0 0.03544482169672847
943.0 2.672510650281179e-10
944.0 2.672510650281179e-10
945.0 0.01873675500974059
946.0 0.17892621690407395
947.0 0.04993345937691629
948.0 2.672510650281179e-10
949.0 2.672510650281179e-10
950.0 2.672510650281179e-10
951.0 2.672510650281179e-10
952.0 0.0684764701873064
953.0 2.672510650281179e-10
954.0 0.050515239126980305
955.0 2.672510650281179e-10
956.0 0.03629459242802113
957.0 0.049499585293233395
958.0 0.07132445462048054
959.0 2.672510650281179e-10
960.0 2.672510650281179e-10
961.0 0.021576711151283234
962.0 2.672510650281179e-10
963.0 2.672510650281179e-10
964.0 2.672510650281179e-10
965.0 2.672510650281179e-10
966.0 2.672510650281179e-10
967.0 0.05680536851286888
968.0 2.672510650281179e-10
969.0 0.011308043031021953
970.0 0.007329447544179857
971.0 2.672510650281179e-10
972.0 2.672510650281179e-10
973.0 2.672510650281179e-10
974.0 2.672510650281179e-10
975.0 2.672510650281179e-10
976.0 0.0055511070968350396
977.0 0.005490269904839806
978.0 0.005429432712844573
979.0 0.00515496103616897
980.0 0.004880488995695487
981.0 0.004947526758769527
982.0 0.005014564158045687
983.0 0.004883706424152479
984.0 0.004752849054057151
985.0 0.004777374851983041
986.0 0.004801901013706811
987.0 0.0046717126679141074
988.0 0.004541524685919285
989.0 0.004403329512570053
990.0 0.004265134703018703
991.0 0.004222284405841492
992.0 0.004179433744866401
993.0 0.004168125815340318
994.0 0.004156817522016354
995.0 0.004036352765979245
996.0 0.003915888373740017
997.0 0.003975465369876474
998.0 0.00403504200221505
999.0 0.004036712198285386
1000.0 0.004038383121951483
1001.0 0.003873913738061674
1002.0 0.0037094447179697454
1003.0 0.0037590540159726515
1004.0 0.003808664041571319
1005.0 0.0036754223401658237
1006.0 0.003542181002558209
1007.0 0.003688777724164538
1008.0 0.0038353740819729865
1009.0 0.00377114956791047
1010.0 0.003706924690050073
1011.0 0.0037547859392361715
1012.0 0.0038026468246243894
1013.0 0.003787317473324947
1014.0 0.003771987758227624
1015.0 0.0037264457205310464
1016.0 0.00368090441043023
1017.0 0.003823599763563834
1018.0 0.003966295480495319
1019.0 0.003780754195759073
1020.0 0.0035952136386185884
1021.0 0.003769349859794602
1022.0 0.003943486444768496
1023.0 0.003908136568497866
1024.0 0.0038727870560251176
1025.0 0.003948117591789924
1026.0 0.00402344849135261
1027.0 0.004037055623484775
1028.0 0.0040506627556169406
1029.0 0.004088081186637282
1030.0 0.004125499617657624
1031.0 0.004179077222943306
1032.0 0.004232654464431107
1033.0 0.0042802119423868135
1034.0 0.004327769784140401
1035.0 0.004208362952340394
1036.0 0.004088955756742507
1037.0 0.004255585736245848
1038.0 0.0044222153519513085
1039.0 0.004657303725252859
1040.0 0.004892392462352291
1041.0 0.004940025610267185
1042.0 0.004987658758182079
1043.0 0.004877616811427288
1044.0 0.004767574864672497
1045.0 0.004877898390986957
1046.0 0.004988221917301416
1047.0 0.005259855606709607
1048.0 0.005531488932319917
1049.0 0.005605743717751466
1050.0 0.005679998503183015
1051.0 0.005485129440785386
1052.0 0.005290261105983518
1053.0 0.00556482991669327
1054.0 0.00583939763600938
1055.0 0.006001950896461494
1056.0 0.006164504156913608
1057.0 0.006391209899447858
1058.0 0.006617915641982108
1059.0 0.0072713497502263635
1060.0 0.007924785313662142
1061.0 0.00763942880439572
1062.0 0.007354074477916583
1063.0 0.007600592653034255
1064.0 0.007847109372960404
1065.0 0.007945402467157692
1066.0 0.008043697016546503
1067.0 0.008024286944419146
1068.0 0.008004878327483311
1069.0 0.008740425255382434
1070.0 0.009475973638473079
1071.0 0.009521352330921218
1072.0 0.009566731750965118
1073.0 0.009993235289584845
1074.0 0.010419739555800334
1075.0 0.010826348443515599
1076.0 0.011232958786422387
1077.0 0.010839310562005267
1078.0 0.010445665247971192
1079.0 0.011169351637363434
1080.0 0.011893042392330244
1081.0 0.011631110828602687
1082.0 0.011369182175258175
1083.0 0.011768683179980144
1084.0 0.012168187095085159
1085.0 0.01266048348043114
1086.0 0.013152782048564404
1087.0 0.013057184696663171
1088.0 0.012961587344761938
1089.0 0.014227695646695793
1090.0 0.015493803948629647
1091.0 0.014642502355854958
1092.0 0.013791200763080269
1093.0 0.013284261513035744
1094.0 0.01277732226299122
1095.0 0.014835152251180261
1096.0 0.016892982239369303
1097.0 0.017351920541841537
1098.0 0.017810860299505293
1099.0 0.01822354970499873
1100.0 0.01863623328972608
1101.0 0.02002808469114825
1102.0 0.021419937547761947
1103.0 0.021063562599010766
1104.0 0.020707187650259584
1105.0 0.02190752566093579
1106.0 0.02310786221642047
1107.0 0.023257610155269504
1108.0 0.023407358094118536
1109.0 0.025670594186522067
1110.0 0.027933830278925598
1111.0 0.02675956056918949
1112.0 0.025585293769836426
1113.0 0.026156168314628303
1114.0 0.026727039949037135
1115.0 0.027648761169984937
1116.0 0.028570479480549693
1117.0 0.02959695120807737
1118.0 0.03062342293560505
1119.0 0.032876559998840094
1120.0 0.03512969415169209
1121.0 0.03570573462639004
1122.0 0.03628177510108799
1123.0 0.034973115543834865
1124.0 0.03366445889696479
1125.0 0.03641950897872448
1126.0 0.03917455906048417
1127.0 0.03921728930436075
1128.0 0.03926002827938646
1129.0 0.0408045802032575
1130.0 0.04234913503751159
1131.0 0.04897977923974395
1132.0 0.05561041762121022
1133.0 0.056302815210074186
1134.0 0.056995218619704247
1135.0 0.06006621988490224
1136.0 0.06313722115010023
1137.0 0.07102764211595058
1138.0 0.07891806890256703
1139.0 0.09622971410863101
1140.0 0.11354136513546109
1141.0 0.18100455636158586
1142.0 0.24846773594617844
1143.0 0.5280246026813984
1144.0 0.8075813762843609
1145.0 1.1904573999345303
1146.0 1.573333516716957
1147.0 1.6232647001743317
1148.0 1.6731955111026764
1149.0 2.322257310152054
1150.0 2.9713187366724014
