ts8/qe_curve/rtm-015_s10/19700101T000000.ecsv
# %ECSV 0.9
# ---
# datatype:
# - {name: amp_name, datatype: string}
# - {name: wavelength, unit: nm, datatype: float32}
# - {name: efficiency, unit: '%', datatype: float32}
# meta: !!omap
# - {MODE: AMP}
# - {TYPE: QE}
# - {CALIBDATE: '1970-01-01T00:00:00'}
# - {INSTRUME: TS8}
# - {OBSTYPE: qe_curve}
# - {DETECTOR: 120}
# - {PICKLEFILE: RaftRun12002.p}
# - {CALIB_ID: 'raftName=RTM-015 detectorName=S10 detector=120 calibDate=1970-01-01T00:00:00 ccd=120 ccdnum=120 filter=None'}
# - {DATE: '2020-07-23T19:16:16.598807'}
# - {CALIB_CREATION_DATE: '2020-07-23'}
# - {CALIB_CREATION_TIME: '19:16:16'}
# - __serialized_columns__:
#     efficiency:
#       __class__: astropy.units.quantity.Quantity
#       unit: !astropy.units.Unit {unit: '%'}
#       value: !astropy.table.SerializedColumn {name: efficiency}
#     wavelength:
#       __class__: astropy.units.quantity.Quantity
#       unit: !astropy.units.Unit {unit: nm}
#       value: !astropy.table.SerializedColumn {name: wavelength}
# schema: astropy-2.0
amp_name wavelength efficiency
C01 349.982 70.31
C01 450.035 85.34716
C01 500.018 90.40336
C01 619.997 97.99803
C01 750.022 95.74496
C01 869.967 88.77697
C01 999.976 30.091393
C04 349.982 71.416855
C04 450.035 85.695854
C04 500.018 90.63138
C04 619.997 98.17784
C04 750.022 95.87965
C04 869.967 88.74367
C04 999.976 30.13672
C17 349.982 71.06724
C17 450.035 85.7993
C17 500.018 90.80335
C17 619.997 98.414604
C17 750.022 95.8656
C17 869.967 88.584885
C17 999.976 30.093136
C11 349.982 68.48657
C11 450.035 85.11085
C11 500.018 90.38549
C11 619.997 98.13934
C11 750.022 95.893814
C11 869.967 88.98898
C11 999.976 30.220139
C07 349.982 72.302216
C07 450.035 85.981575
C07 500.018 90.833405
C07 619.997 98.37071
C07 750.022 95.864456
C07 869.967 88.45855
C07 999.976 29.818092
C06 349.982 72.13752
C06 450.035 86.0547
C06 500.018 90.92971
C06 619.997 98.48317
C06 750.022 96.041626
C06 869.967 88.71047
C06 999.976 29.990187
C15 349.982 70.42365
C15 450.035 85.659706
C15 500.018 90.73294
C15 619.997 98.36831
C15 750.022 95.96067
C15 869.967 88.81846
C15 999.976 30.119532
C05 349.982 71.80661
C05 450.035 85.83618
C05 500.018 90.73073
C05 619.997 98.271835
C05 750.022 95.90254
C05 869.967 88.67243
C05 999.976 30.09502
C03 349.982 70.95844
C03 450.035 85.50202
C03 500.018 90.47627
C03 619.997 98.0342
C03 750.022 95.8106
C03 869.967 88.73599
C03 999.976 30.12309
C00 349.982 70.00708
C00 450.035 85.402756
C00 500.018 90.515045
C00 619.997 98.13449
C00 750.022 95.70745
C00 869.967 88.65224
C00 999.976 30.23009
C13 349.982 69.47396
C13 450.035 85.27315
C13 500.018 90.43217
C13 619.997 98.10056
C13 750.022 95.847404
C13 869.967 88.899414
C13 999.976 30.206203
C02 349.982 70.74588
C02 450.035 85.53465
C02 500.018 90.558945
C02 619.997 98.15458
C02 750.022 95.95213
C02 869.967 88.931175
C02 999.976 30.123411
C12 349.982 69.141106
C12 450.035 85.24802
C12 500.018 90.450226
C12 619.997 98.15461
C12 750.022 95.93872
C12 869.967 89.02073
C12 999.976 30.227972
C10 349.982 67.66516
C10 450.035 84.89246
C10 500.018 90.255196
C10 619.997 98.055176
C10 750.022 95.65672
C10 869.967 88.73343
C10 999.976 30.463034
C16 349.982 70.746216
C16 450.035 85.76682
C16 500.018 90.80709
C16 619.997 98.431625
C16 750.022 95.94934
C16 869.967 88.731186
C16 999.976 30.135921
C14 349.982 69.97138
C14 450.035 85.488495
C14 500.018 90.60595
C14 619.997 98.25321
C14 750.022 95.918976
C14 869.967 88.88033
C14 999.976 30.198957
