ts8/transmission_sensor/rtm-017_s12/19700101T000000.ecsv
# %ECSV 0.9
# ---
# datatype:
# - {name: amp_name, datatype: string}
# - {name: wavelength, unit: nm, datatype: float32}
# - {name: efficiency, unit: '%', datatype: float32}
# meta: !!omap
# - {MODE: AMP}
# - {TYPE: transmission_sensor}
# - {CALIBDATE: '1970-01-01T00:00:00'}
# - {INSTRUME: TS8}
# - {OBSTYPE: transmission_sensor}
# - {DETECTOR: 212}
# - {CALIBCLS: lsst.ip.isr.IntermediateSensorTransmissionCurve}
# - {PICKLEFILE: RaftRun11166.p}
# - {CALIB_ID: 'raftName=RTM-017 detectorName=S12 detector=212 calibDate=1970-01-01T00:00:00 ccd=212 ccdnum=212 filter=None'}
# - {DATE: '2020-07-23T19:15:21.091134'}
# - {CALIB_CREATION_DATE: '2020-07-23'}
# - {CALIB_CREATION_TIME: '19:15:21'}
# - __serialized_columns__:
#     efficiency:
#       __class__: astropy.units.quantity.Quantity
#       unit: !astropy.units.Unit {unit: '%'}
#       value: !astropy.table.SerializedColumn {name: efficiency}
#     wavelength:
#       __class__: astropy.units.quantity.Quantity
#       unit: !astropy.units.Unit {unit: nm}
#       value: !astropy.table.SerializedColumn {name: wavelength}
# schema: astropy-2.0
amp_name wavelength efficiency
C06 349.982 50.66649
C06 450.035 86.281075
C06 500.018 85.84008
C06 619.997 89.93348
C06 750.022 97.24601
C06 869.967 96.581985
C06 999.976 31.552385
C07 349.982 49.49219
C07 450.035 85.726845
C07 500.018 85.54155
C07 619.997 89.41401
C07 750.022 96.45089
C07 869.967 95.85174
C07 999.976 31.32535
C13 349.982 51.67928
C13 450.035 86.15222
C13 500.018 85.652336
C13 619.997 90.17511
C13 750.022 97.23235
C13 869.967 96.102615
C13 999.976 31.15823
C05 349.982 51.084743
C05 450.035 86.21891
C05 500.018 85.67865
C05 619.997 89.9552
C05 750.022 97.28263
C05 869.967 96.5036
C05 999.976 31.547764
C02 349.982 51.976444
C02 450.035 85.96106
C02 500.018 85.46144
C02 619.997 90.20605
C02 750.022 97.186455
C02 869.967 95.817154
C02 999.976 31.124287
C10 349.982 52.7464
C10 450.035 85.86157
C10 500.018 85.49139
C10 619.997 90.5348
C10 750.022 97.28216
C10 869.967 95.83013
C10 999.976 31.099066
C16 349.982 50.71944
C16 450.035 86.57996
C16 500.018 86.12097
C16 619.997 90.03341
C16 750.022 97.242096
C16 869.967 96.65338
C16 999.976 31.45455
C12 349.982 52.074963
C12 450.035 86.31138
C12 500.018 85.79304
C12 619.997 90.50047
C12 750.022 97.43776
C12 869.967 96.18631
C12 999.976 31.3159
C03 349.982 51.62503
C03 450.035 86.00456
C03 500.018 85.49585
C03 619.997 90.061676
C03 750.022 97.1595
C03 869.967 95.99545
C03 999.976 31.264755
C17 349.982 50.076668
C17 450.035 86.63798
C17 500.018 86.37583
C17 619.997 89.88429
C17 750.022 96.85163
C17 869.967 96.32214
C17 999.976 31.415195
C14 349.982 51.4477
C14 450.035 86.2894
C14 500.018 85.79249
C14 619.997 90.16824
C14 750.022 97.37768
C14 869.967 96.46835
C14 999.976 31.284555
C04 349.982 51.371777
C04 450.035 86.07239
C04 500.018 85.52533
C04 619.997 89.99251
C04 750.022 97.251045
C04 869.967 96.30919
C04 999.976 31.447327
C01 349.982 52.502934
C01 450.035 86.12053
C01 500.018 85.640854
C01 619.997 90.53486
C01 750.022 97.382866
C01 869.967 95.85831
C01 999.976 31.097027
C11 349.982 52.417213
C11 450.035 86.05442
C11 500.018 85.56438
C11 619.997 90.42813
C11 750.022 97.24539
C11 869.967 95.89857
C11 999.976 31.260195
C15 349.982 51.151924
C15 450.035 86.424995
C15 500.018 85.959885
C15 619.997 90.128
C15 750.022 97.38624
C15 869.967 96.69221
C15 999.976 31.428087
C00 349.982 52.85267
C00 450.035 85.98966
C00 500.018 85.560074
C00 619.997 90.61284
C00 750.022 97.354256
C00 869.967 95.71396
C00 999.976 31.088238
