lsstCam/transmission_filter_detector/r22_s10/i_39/19700101T000000.ecsv
# %ECSV 1.0
# ---
# datatype:
# - {name: wavelength, unit: nm, datatype: float32}
# - {name: efficiency, unit: '%', datatype: float64}
# meta: !!omap
# - {MODE: DETECTOR}
# - {TYPE: transmission_filter_detector}
# - {CALIBDATE: '1970-01-01T00:00:00'}
# - {INSTRUME: LSSTCam}
# - {OBSTYPE: transmission_filter_detector}
# - {CALIBCLS: lsst.ip.isr.IntermediateFilterDetectorTransmissionCurve}
# - {SOURCE: Materion (DM-46256)}
# - {DETECTOR: 93}
# - {FILTER: i_39}
# - {CALIB_ID: 'calibDate=1970-01-01T00:00:00 filter=i_39 detector=93'}
# - {DATE: '2025-04-02T15:59:46.911592'}
# - {CALIB_CREATION_DATE: '2025-04-02'}
# - {CALIB_CREATION_TIME: '15:59:46'}
# - __serialized_columns__:
#     efficiency:
#       __class__: astropy.units.quantity.Quantity
#       unit: !astropy.units.Unit {unit: '%'}
#       value: !astropy.table.SerializedColumn {name: efficiency}
#     wavelength:
#       __class__: astropy.units.quantity.Quantity
#       unit: !astropy.units.Unit {unit: nm}
#       value: !astropy.table.SerializedColumn {name: wavelength}
# schema: astropy-2.0
wavelength efficiency
[from data line 597]
897.0 1.5867222900173283e-10
898.0 1.5867222900173283e-10
899.0 1.5867222900173283e-10
900.0 1.5867222900173283e-10
901.0 1.5867222900173283e-10
902.0 1.5867222900173283e-10
903.0 1.5867222900173283e-10
904.0 1.5867222900173283e-10
905.0 1.5867222900173283e-10
906.0 4.07327775064914e-05
907.0 8.027014928302378e-05
908.0 0.00011980752105955617
909.0 1.517461214461946e-05
910.0 1.5867222900173283e-10
911.0 1.5867222900173283e-10
912.0 4.85174268760602e-05
913.0 2.336204403263764e-05
914.0 1.5867222900173283e-10
915.0 1.5867222900173283e-10
916.0 1.5867222900173283e-10
917.0 1.5867222900173283e-10
918.0 1.5867222900173283e-10
919.0 1.5867222900173283e-10
920.0 2.216823560274861e-05
921.0 8.123177508423396e-05
922.0 0.0001402953103024629
923.0 5.02166187743569e-05
924.0 1.5867222900173283e-10
925.0 0.00010233979992335662
926.0 0.000244541638494411
927.0 3.886021602284018e-05
928.0 1.5867222900173283e-10
929.0 4.98383769809152e-05
930.0 0.0002664979092514841
931.0 0.00017007740780172753
932.0 7.365688361460343e-05
933.0 1.4953708671328059e-05
934.0 1.5867222900173283e-10
935.0 1.5867222900173283e-10
936.0 1.5867222900173283e-10
937.0 1.5867222900173283e-10
938.0 1.5867222900173283e-10
939.0 1.5867222900173283e-10
940.0 1.5867222900173283e-10
941.0 1.5867222900173283e-10
942.0 1.5867222900173283e-10
943.0 1.5867222900173283e-10
944.0 1.5867222900173283e-10
945.0 1.5867222900173283e-10
946.0 1.5867222900173283e-10
947.0 1.5867222900173283e-10
948.0 6.476248017861508e-05
949.0 1.5867222900173283e-10
950.0 1.5867222900173283e-10
951.0 1.5867222900173283e-10
952.0 3.202061975571269e-05
953.0 1.5867222900173283e-10
954.0 1.5867222900173283e-10
955.0 1.5867222900173283e-10
956.0 7.480340968868404e-05
957.0 7.013081244622299e-05
958.0 6.545820951942005e-05
959.0 9.999687335948693e-05
960.0 0.0001345355371995538
961.0 6.986105631767714e-05
962.0 5.186567264559017e-06
963.0 5.716574946745823e-05
964.0 0.00010914494623648352
965.0 1.6842051309140516e-05
966.0 1.5867222900173283e-10
967.0 1.5867222900173283e-10
968.0 1.5867222900173283e-10
969.0 1.5867222900173283e-10
970.0 1.5867222900173283e-10
971.0 1.5867222900173283e-10
972.0 1.5867222900173283e-10
973.0 1.5867222900173283e-10
974.0 0.0001411966877640225
975.0 3.2912566894083284e-05
976.0 1.5867222900173283e-10
977.0 1.5867222900173283e-10
978.0 1.5867222900173283e-10
979.0 1.5867222900173283e-10
980.0 1.5867222900173283e-10
981.0 1.5867222900173283e-10
982.0 1.5867222900173283e-10
983.0 1.5867222900173283e-10
984.0 1.5867222900173283e-10
985.0 4.727077680399816e-05
986.0 9.654359018895775e-05
987.0 1.5867222900173283e-10
988.0 1.5867222900173283e-10
989.0 1.5867222900173283e-10
990.0 1.5867222900173283e-10
991.0 1.5867222900173283e-10
992.0 1.5867222900173283e-10
993.0 1.5867222900173283e-10
994.0 1.5867222900173283e-10
995.0 3.176019447437284e-06
996.0 2.2716248793130944e-05
997.0 0.00011533865063029225
998.0 0.00020796101125597488
999.0 0.0002204423253715504
1000.0 0.00023292359401239082
1001.0 0.000230535715672886
1002.0 0.0002281477918586461
1003.0 0.00018444643501425162
1004.0 0.00014074504406380584
1005.0 6.886264145578025e-05
1006.0 1.5867222900173283e-10
1007.0 0.0001419092313881265
1008.0 0.00028683834898401983
1009.0 0.0002728053914324846
1010.0 0.00025877241114358185
1011.0 0.00021495111468539108
1012.0 0.00017112976138378144
1013.0 0.00018792914033838315
1014.0 0.00020472850792430108
1015.0 0.00023959025838848902
1016.0 0.0002744520770647796
1017.0 0.0003024124680450768
1018.0 0.00033037294997484423
1019.0 0.00021557032141572563
1020.0 0.0001007676246445044
1021.0 0.00012601328762684716
1022.0 0.00015125898471524124
1023.0 0.0003719566393556306
1024.0 0.0005926543963141739
1025.0 0.00050766789172485
1026.0 0.00042268138713552617
1027.0 0.0004221048129693372
1028.0 0.0004215281933284132
1029.0 0.000840050051920116
1030.0 0.0012585719559865538
1031.0 0.0016990103176794946
1032.0 0.0021394482246250845
1033.0 0.002419798147457186
1034.0 0.0027001478883903474
1035.0 0.003221114820917137
1036.0 0.003742081389646046
1037.0 0.0036200239264871925
1038.0 0.0034979660995304585
1039.0 0.0032003681553760543
1040.0 0.00290277002932271
1041.0 0.0028809314244426787
1042.0 0.0028590928195626475
1043.0 0.0030989624065114185
1044.0 0.00333883217535913
1045.0 0.003029922299901955
1046.0 0.0027210127882426605
1047.0 0.002544888593547512
1048.0 0.002368764216953423
1049.0 0.0022548478227690794
1050.0 0.0021409312466857955
1051.0 0.0019001916371053085
1052.0 0.0016594523913227022
1053.0 0.0012325861462159082
1054.0 0.0008057200830080546
1055.0 0.0008827365491015371
1056.0 0.0009597531061444897
1057.0 0.0005536352546187118
1058.0 0.0001475176532039768
1059.0 0.00036422816265258007
1060.0 0.0005809389676869614
1061.0 0.0012424684427969623
1062.0 0.0019039980543311685
1063.0 0.0025579511202522554
1064.0 0.003211904186173342
1065.0 0.003379023473826237
1066.0 0.0035461431252770126
1067.0 0.004404155333759263
1068.0 0.005262167178443633
1069.0 0.004465337406145409
1070.0 0.0036685076338471845
1071.0 0.0035405882954364643
1072.0 0.003412668957025744
1073.0 0.0032014264434110373
1074.0 0.0029901842935942113
1075.0 0.0035803503124043345
1076.0 0.004170516331214458
1077.0 0.002828500328178052
1078.0 0.0014864844160911161
1079.0 0.0014579706657968927
1080.0 0.0014294570974016096
1081.0 0.0006861818292236421
1082.0 1.5867222900173283e-10
1083.0 1.5867222900173283e-10
1084.0 1.5867222900173283e-10
1085.0 0.00034588379094202537
1086.0 0.0012361076187517028
1087.0 0.0006055508492863737
1088.0 1.5867222900173283e-10
1089.0 1.5867222900173283e-10
1090.0 1.5867222900173283e-10
1091.0 1.5867222900173283e-10
1092.0 1.5867222900173283e-10
1093.0 1.5867222900173283e-10
1094.0 1.5867222900173283e-10
1095.0 1.5867222900173283e-10
1096.0 1.5867222900173283e-10
1097.0 1.5867222900173283e-10
1098.0 1.5867222900173283e-10
1099.0 9.510753216090961e-05
1100.0 0.0011018254554073792
