lsstCam/transmission_filter_detector/r22_s10/i_39/19700101T000000.ecsv
# %ECSV 1.0
# ---
# datatype:
# - {name: wavelength, unit: nm, datatype: float32}
# - {name: efficiency, unit: '%', datatype: float64}
# meta: !!omap
# - {MODE: DETECTOR}
# - {TYPE: transmission_filter_detector}
# - {CALIBDATE: '1970-01-01T00:00:00'}
# - {INSTRUME: LSSTCam}
# - {OBSTYPE: transmission_filter_detector}
# - {CALIBCLS: lsst.ip.isr.IntermediateFilterDetectorTransmissionCurve}
# - {SOURCE: Materion (DM-46256)}
# - {DETECTOR: 93}
# - {FILTER: i_39}
# - {CALIB_ID: 'calibDate=1970-01-01T00:00:00 filter=i_39 detector=93'}
# - {DATE: '2025-04-02T15:59:46.911592'}
# - {CALIB_CREATION_DATE: '2025-04-02'}
# - {CALIB_CREATION_TIME: '15:59:46'}
# - __serialized_columns__:
#     efficiency:
#       __class__: astropy.units.quantity.Quantity
#       unit: !astropy.units.Unit {unit: '%'}
#       value: !astropy.table.SerializedColumn {name: efficiency}
#     wavelength:
#       __class__: astropy.units.quantity.Quantity
#       unit: !astropy.units.Unit {unit: nm}
#       value: !astropy.table.SerializedColumn {name: wavelength}
# schema: astropy-2.0
wavelength efficiency
300.0 0.04805527860298753
301.0 0.01914386812131852
302.0 1.5867222900173283e-10
303.0 0.017452033353038132
304.0 0.04467158578336239
305.0 0.03377612156327814
306.0 0.022880655888002366
307.0 0.012350066390354186
308.0 0.0018194801668869331
309.0 0.0018943224858958274
310.0 0.0019691646230057813
311.0 0.0021825102521688677
312.0 0.0023958591555128805
313.0 1.5867222900173283e-10
314.0 1.5867222900173283e-10
315.0 1.5867222900173283e-10
316.0 1.5867222900173283e-10
317.0 1.5867222900173283e-10
318.0 0.004860711487708613
319.0 0.00045472806959878653
320.0 1.5867222900173283e-10
321.0 1.5867222900173283e-10
322.0 0.0017532760466565378
323.0 0.0014627009477408137
324.0 0.0011721253940777387
325.0 1.5867222900173283e-10
326.0 1.5867222900173283e-10
327.0 1.5867222900173283e-10
328.0 1.5867222900173283e-10
329.0 1.5867222900173283e-10
330.0 1.5867222900173283e-10
331.0 0.0006357355232466944
332.0 0.0021018100596847944
333.0 0.0012719771802949253
334.0 0.0004421442554303212
335.0 0.00146311458593118
336.0 0.002484084870957304
337.0 0.0022081847419030964
338.0 0.001932283521455247
339.0 0.0029415230528684333
340.0 0.003950762402382679
341.0 0.0010027017196989618
342.0 1.5867222900173283e-10
343.0 1.5867222900173283e-10
344.0 0.0008865842573868576
345.0 1.5867222900173283e-10
346.0 1.5867222900173283e-10
347.0 1.5867222900173283e-10
348.0 1.5867222900173283e-10
349.0 1.5867222900173283e-10
350.0 0.00034608426631166367
351.0 0.0007061759333737427
352.0 0.0010662675776984543
353.0 0.00010466609410286765
354.0 1.5867222900173283e-10
355.0 1.5867222900173283e-10
356.0 1.5867222900173283e-10
357.0 0.00042151987145189196
358.0 0.0015908584828139283
359.0 0.0013821007996739354
360.0 0.0011733427527360618
361.0 0.001008186154649593
362.0 0.0008430296475125942
363.0 0.00027334820060787024
364.0 1.5867222900173283e-10
365.0 0.00020378513454488711
366.0 0.0007039037882350385
367.0 0.00029957914193801116
368.0 1.5867222900173283e-10
369.0 0.0003743087518159882
370.0 0.0008533629625162575
371.0 0.000992237346508773
372.0 0.0011311118214507587
373.0 0.000919772355700843
374.0 0.0007084327535267221
375.0 0.00019805531792371767
376.0 1.5867222900173283e-10
377.0 1.5867222900173283e-10
378.0 0.0001418251486029476
379.0 0.00011807251212303527
380.0 9.43196880598407e-05
381.0 1.5867222900173283e-10
382.0 1.5867222900173283e-10
383.0 0.0004690797595685581
384.0 0.001216085183841642
385.0 0.0010226057383988518
386.0 0.0008291261110571213
387.0 1.5867222900173283e-10
388.0 1.5867222900173283e-10
389.0 1.5867222900173283e-10
390.0 1.5867222900173283e-10
391.0 1.5867222900173283e-10
392.0 0.00011462103657322587
393.0 0.0002431494294796721
394.0 0.0003716778337548021
395.0 1.5867222900173283e-10
396.0 1.5867222900173283e-10
397.0 2.6363395022599434e-05
398.0 0.0010079036655952223
399.0 0.0006978252713452093
400.0 0.0003877468316204613
401.0 0.0014674125850433484
402.0 0.0025470772015978582
403.0 0.003956351793021895
404.0 0.005365626202546991
405.0 0.004019493644591421
406.0 0.0026733607228379697
407.0 0.002882305307139177
408.0 0.0030912480724509805
409.0 0.002875919562939089
410.0 0.002660590507730376
411.0 0.003696757266880013
412.0 0.0047329242079285905
413.0 0.005019635500502773
414.0 0.005306347884470597
415.0 0.0051505925512174144
416.0 0.004994836854166351
417.0 0.004189961327938363
418.0 0.0033850858017103747
419.0 0.003414474122109823
420.0 0.0034438620787113905
421.0 0.003757220838451758
422.0 0.004070579961990006
423.0 0.0045588287321152166
424.0 0.005047077502240427
425.0 0.005258334931568243
426.0 0.005469591633300297
427.0 0.004837115557165816
428.0 0.0042046387534355745
429.0 0.004112355236429721
430.0 0.004020072447019629
431.0 0.0032081188692245632
432.0 0.0023961652914294973
433.0 0.0029364511647145264
434.0 0.0034767370379995555
435.0 0.002678132295841351
436.0 0.0018795271898852661
437.0 0.0017492257029516622
438.0 0.0016189243979169987
439.0 0.0014572383406630252
440.0 0.0012955522834090516
441.0 0.0012703820175374858
442.0 0.0012452120245143306
443.0 0.0009651159416534938
444.0 0.000685019858792657
445.0 0.0005533461262530182
446.0 0.0004216723937133793
447.0 0.00036930243823007913
448.0 0.00031693236905994127
449.0 1.5867222900173283e-10
450.0 1.5867222900173283e-10
451.0 1.5867222900173283e-10
452.0 0.0005965262516838266
453.0 0.0010592724720481783
454.0 0.0015220189197862055
455.0 0.0017314496290055104
456.0 0.001940880247275345
457.0 0.001201046416099416
458.0 0.000461212493974017
459.0 0.000454575956609915
460.0 0.0004479392828216078
461.0 0.0006632363692915533
462.0 0.0008785334102867637
463.0 0.0005961002443655161
464.0 0.0003136669420200633
465.0 0.0002224031277364702
466.0 0.00013113933619024465
467.0 0.00036289068248152034
468.0 0.0005946419605606934
469.0 0.00033139458537334576
470.0 6.814720450165623e-05
471.0 0.000331670958075847
472.0 0.0005951947969151661
473.0 0.0006918715826031985
474.0 0.0007885485501901712
475.0 0.0005828887879033573
476.0 0.0003772291847781162
477.0 0.0007819879101589322
478.0 0.0011867466128023807
479.0 0.0014625053154304624
480.0 0.0017382641090080142
481.0 0.002627457070047967
482.0 0.0035166496672900394
483.0 0.005267018059385009
484.0 0.00701738681527786
485.0 0.008240554598160088
486.0 0.009463723108638078
487.0 0.011938586976611987
488.0 0.014413449389394373
489.0 0.01720425352687016
490.0 0.019995056209154427
491.0 0.02231785620097071
492.0 0.024640653282403946
493.0 0.025344235473312438
494.0 0.02604781766422093
495.0 0.022620173695031554
496.0 0.019192526815459132
497.0 0.015299927326850593
498.0 0.011407327110646293
499.0 0.008096858800854534
500.0 0.004786391946254298
501.0 0.0035033572203246877
502.0 0.002220322858192958
503.0 0.0022582191377296112
504.0 0.002296115235367324
505.0 0.002034859971900005
506.0 0.0017736045265337452
507.0 0.0019695591618074104
508.0 0.0021655136151821353
509.0 0.002149078864022158
510.0 0.0021326444766600616
511.0 0.0016162231986527331
512.0 0.0010998019206454046
513.0 0.0015931802408886142
514.0 0.002086558561131824
515.0 0.00241749166889349
516.0 0.002748424776655156
517.0 0.002458878770994488
518.0 0.0021693329472327605
519.0 0.00215689269680297
520.0 0.0021444524463731796
521.0 0.00183218526217388
522.0 0.00151991798702511
523.0 0.001487026020186022
524.0 0.0014541342352458742
525.0 0.002057640995190013
526.0 0.0026611478460836224
527.0 0.0026120420443476178
528.0 0.002562936242611613
529.0 0.002001814755203668
530.0 0.0014406934496946633
531.0 0.0013633058188133873
532.0 0.0012859184607805219
533.0 0.0013949672393209767
534.0 0.0015040160178614315
535.0 0.0017977019524550997
536.0 0.002091387977998238
537.0 0.0026543293643044308
538.0 0.003217270568711683
539.0 0.003960163303418085
540.0 0.004703056038124487
541.0 0.005190290903556161
542.0 0.005677526132785715
543.0 0.00491243445139844
544.0 0.004147342770011164
545.0 0.0033721626095939428
546.0 0.0025969826310756616
547.0 0.0021239937268546782
548.0 0.0016510046407347545
549.0 0.0017245147319044918
550.0 0.0017980251868721098
551.0 0.001418673673470039
552.0 0.001039322160067968
553.0 0.0010926358299911954
554.0 0.0011459494089649525
555.0 0.0009203625268128235
556.0 0.0006947756901354296
557.0 0.000770361930335639
558.0 0.0008459483069600537
559.0 0.0005036933544033673
560.0 0.0001614384018466808
561.0 0.0008245877324952744
562.0 0.0014877372450428084
563.0 0.0015685616745031439
564.0 0.0016493861039634794
565.0 0.001301518568652682
566.0 0.0009536511242913548
567.0 0.0007378684586001327
568.0 0.0005220860202825861
569.0 0.0005840082394570345
570.0 0.0006459304131567478
571.0 0.0005497544862009818
572.0 0.00045357846829574555
573.0 0.0003877629751514178
574.0 0.0003219475274818251
575.0 0.0003596666829253081
576.0 0.00039738579289405607
577.0 0.00043361437747080345
578.0 0.000469843052997021
579.0 0.00040315703699889127
580.0 0.0003364710437381291
581.0 0.00032283878681482747
582.0 0.0003092065071541583
583.0 0.00047478174565185327
584.0 0.0006403569386748131
585.0 0.0006189196483319392
586.0 0.0005974825853627408
587.0 0.0008058305866143201
588.0 0.001014178451441694
589.0 0.0007935170287964866
590.0 0.000572855560676544
591.0 0.0006546174063259969
592.0 0.0007363794338743901
593.0 0.0005915976998949191
594.0 0.00044681582949124277
595.0 0.0005739071639254689
596.0 0.0007009984074102249
597.0 0.0005939521543041337
598.0 0.00048690590119804256
599.0 0.00037186200643191114
600.0 0.00025681802071630955
601.0 0.00024710977868380724
602.0 0.00023740149117656983
603.0 0.0003632196467151516
604.0 0.0004890377567789983
605.0 0.00036306321362644667
606.0 0.00023708869321126258
607.0 0.00039768938222550787
608.0 0.0005582900030276505
609.0 0.0005578571290243417
610.0 0.0005574240276473574
611.0 0.0006581696197827114
612.0 0.0007589151664433302
613.0 0.0004881278073298745
614.0 0.00021734049369115382
615.0 7.006108830864832e-05
616.0 1.5867222900173283e-10
617.0 0.00010251017101836624
618.0 0.00028223878416611115
619.0 0.0003408474640309578
620.0 0.00039945625758264214
621.0 0.0004928032012685435
622.0 0.0005861500994797098
623.0 0.0005690804300684249
624.0 0.00055201076065714
625.0 0.00040389891182712745
626.0 0.0002557870857344824
627.0 0.0002536035481170984
628.0 0.00025141998776234686
629.0 0.00037823017464688746
630.0 0.0005050403615314281
631.0 0.0005216799308982445
632.0 0.0005383195002650609
633.0 0.000477258845421602
634.0 0.00041619800867920276
635.0 0.00043787890717794653
636.0 0.0004595598056766903
637.0 0.0004793177140527405
638.0 0.0004990756679035258
639.0 0.000549631977264653
640.0 0.0006001881502015749
641.0 0.000518415527039906
642.0 0.0004366429493529722
643.0 0.0005748796411353396
644.0 0.0007131165148166474
645.0 0.0008043029083637521
646.0 0.0008954894838097971
647.0 0.0008181388693628833
648.0 0.0007407882549159694
649.0 0.0007765790542180184
650.0 0.0008123698535200674
651.0 0.0009003471859614365
652.0 0.0009883246093522757
653.0 0.001165141111414414
654.0 0.001341957613476552
655.0 0.0018504859326640144
656.0 0.0023590142518514767
657.0 0.0033191274269483984
658.0 0.0042792398744495586
659.0 0.007035673479549587
660.0 0.00035907726214645663
661.0 0.09932289831340313
662.0 0.1316162757575512
663.0 0.17799652414396405
664.0 0.1405049697495997
665.0 0.14742142520844936
666.0 0.20246340427547693
667.0 0.25990891736000776
668.0 0.24596897419542074
669.0 0.33792618196457624
670.0 0.5422942340373993
671.0 0.8760659024119377
672.0 1.3901094906032085
673.0 2.0662249997258186
674.0 2.934194914996624
675.0 3.9697453379631042
676.0 5.1186587661504745
677.0 6.562589854001999
678.0 8.033199608325958
679.0 9.724637866020203
680.0 11.908221244812012
681.0 14.174799621105194
682.0 16.85148775577545
683.0 19.668254256248474
684.0 22.667430341243744
685.0 25.61395764350891
686.0 28.65956425666809
687.0 32.027655839920044
688.0 35.610705614089966
689.0 39.34603035449982
690.0 43.702757358551025
691.0 48.508062958717346
692.0 53.98980379104614
693.0 59.76371765136719
694.0 66.1051869392395
695.0 71.77261114120483
696.0 77.98269391059875
697.0 83.20128917694092
698.0 88.25393319129944
699.0 91.6994571685791
700.0 94.14539337158203
701.0 95.80747485160828
702.0 96.85690999031067
703.0 97.28935360908508
704.0 97.50933051109314
705.0 97.7156937122345
706.0 97.66634106636047
707.0 97.77705073356628
708.0 97.81651496887207
709.0 97.79237508773804
710.0 97.64218926429749
711.0 97.93195128440857
712.0 97.82696962356567
713.0 97.83280491828918
714.0 98.0764627456665
715.0 98.09492230415344
716.0 97.92571663856506
717.0 98.07002544403076
718.0 98.03865551948547
719.0 97.96374440193176
720.0 98.06812405586243
721.0 97.9626715183258
722.0 97.61922359466553
723.0 97.37008213996887
724.0 97.04887270927429
725.0 96.88851237297058
726.0 96.73333168029785
727.0 96.58862352371216
728.0 96.41010761260986
729.0 96.31978869438171
730.0 96.51995301246643
731.0 96.50593400001526
732.0 96.73675894737244
733.0 97.05752730369568
734.0 97.33753204345703
735.0 97.57227301597595
736.0 97.86630868911743
737.0 98.2813835144043
738.0 98.4641969203949
739.0 98.73400926589966
740.0 98.77712726593018
741.0 98.5905110836029
742.0 98.78208637237549
743.0 98.7108051776886
744.0 98.58587980270386
745.0 98.50715398788452
746.0 98.45890998840332
747.0 98.67140650749207
748.0 98.57621788978577
749.0 98.50667715072632
750.0 98.45386743545532
751.0 98.3885109424591
752.0 98.26563596725464
753.0 98.54708909988403
754.0 98.4274685382843
755.0 98.53033423423767
756.0 98.64233732223511
757.0 98.59131574630737
758.0 98.66370558738708
759.0 98.84387850761414
760.0 98.633873462677
761.0 98.56682419776917
762.0 98.65774512290955
763.0 98.63031506538391
764.0 98.48187565803528
765.0 98.51646423339844
766.0 98.4110951423645
767.0 98.23395013809204
768.0 98.29195737838745
769.0 98.1495201587677
770.0 97.91061282157898
771.0 97.9529619216919
772.0 97.95015454292297
773.0 97.86033034324646
774.0 97.71257638931274
775.0 97.76235222816467
776.0 97.73359894752502
777.0 97.86336421966553
778.0 97.92721271514893
779.0 98.10121655464172
780.0 98.08988571166992
781.0 98.39824438095093
782.0 98.38871955871582
783.0 98.552805185318
784.0 98.50381016731262
785.0 98.52074384689331
786.0 98.72400760650635
787.0 98.35282564163208
788.0 98.4272837638855
789.0 98.55612516403198
790.0 98.43817353248596
791.0 98.49897027015686
792.0 98.28182458877563
793.0 98.17169308662415
794.0 98.1072187423706
795.0 97.81169891357422
796.0 97.82779812812805
797.0 97.8628396987915
798.0 97.8273868560791
799.0 97.69498705863953
800.0 97.46732115745544
801.0 97.26513028144836
802.0 97.0834732055664
803.0 96.5705931186676
804.0 95.77704668045044
805.0 94.70834136009216
806.0 93.51703524589539
807.0 91.79478883743286
808.0 89.83721733093262
809.0 87.6118540763855
810.0 85.02664566040039
811.0 81.97065591812134
812.0 78.33200693130493
813.0 74.39275979995728
814.0 70.05079388618469
815.0 65.55866003036499
816.0 61.243170499801636
817.0 56.57879114151001
818.0 51.865869760513306
819.0 47.70112633705139
820.0 42.833030223846436
821.0 38.36709260940552
822.0 33.90073478221893
823.0 29.286453127861023
824.0 24.639372527599335
825.0 20.334871113300323
826.0 16.019518673419952
827.0 11.761238425970078
828.0 8.346936851739883
829.0 5.477796122431755
830.0 3.207657113671303
831.0 1.9911231473088264
832.0 1.1000593192875385
833.0 0.6560797337442636
834.0 0.36599738523364067
835.0 0.2218879759311676
836.0 0.140391627792269
837.0 0.05442297551780939
838.0 0.119919388089329
839.0 0.010143161489395425
840.0 0.008014417835511267
841.0 0.016099234926514328
842.0 0.003517852019285783
843.0 1.5867222900173283e-10
844.0 1.5867222900173283e-10
845.0 1.5867222900173283e-10
846.0 1.5867222900173283e-10
847.0 1.5867222900173283e-10
848.0 1.5867222900173283e-10
849.0 1.5867222900173283e-10
850.0 1.5867222900173283e-10
851.0 1.5867222900173283e-10
852.0 1.5867222900173283e-10
853.0 0.00029654090667463606
854.0 0.0006714585197187262
855.0 0.000550903678231407
856.0 0.00043034888221882284
857.0 0.0003503660082060378
858.0 0.0002703829295569449
859.0 2.80354043979969e-05
860.0 1.5867222900173283e-10
861.0 3.7261730767568224e-05
862.0 0.0002888356220864807
863.0 3.354225555085577e-05
864.0 1.5867222900173283e-10
865.0 1.5867222900173283e-10
866.0 1.5867222900173283e-10
867.0 1.5867222900173283e-10
868.0 1.1316375747583152e-05
869.0 1.5867222900173283e-10
870.0 1.5867222900173283e-10
871.0 1.5867222900173283e-10
872.0 7.399931689633377e-06
873.0 0.00017160792822323856
874.0 0.0003358159574418096
875.0 0.00032431223644380225
876.0 0.00031280856092053
877.0 3.9163688825283316e-05
878.0 1.5867222900173283e-10
879.0 1.5867222900173283e-10
880.0 0.00019598289782152278
881.0 6.399071708074189e-05
882.0 1.5867222900173283e-10
883.0 0.000115531020128401
884.0 0.0002990634584421059
885.0 0.00017487583363617887
886.0 5.0688237251961255e-05
887.0 3.374900359176536e-05
888.0 1.6809772773740406e-05
889.0 2.4183802338484384e-05
890.0 3.155784042974119e-05
891.0 2.0015919233173918e-05
892.0 8.47400372094853e-06
893.0 3.925422618067387e-05
894.0 7.003446285125392e-05
895.0 1.5867222900173283e-10
