comCamSim/transmission_sensor/r22_s01/19700101T000000.ecsv
# %ECSV 1.0
# ---
# datatype:
# - {name: amp_name, datatype: string}
# - {name: wavelength, unit: nm, datatype: float32}
# - {name: efficiency, unit: '%', datatype: float64}
# meta: !!omap
# - {MODE: AMP}
# - {TYPE: transmission_sensor}
# - {CALIBDATE: '1970-01-01T00:00:00'}
# - {INSTRUME: LSSTCAM}
# - {OBSTYPE: transmission_sensor}
# - {DETECTOR: 1}
# - {PARQUETFILE: qe_raft_allvalues_nircorrected_20230725.parquet}
# - {CALIBCLS: lsst.ip.isr.IntermediateSensorTransmissionCurve}
# - {CALIB_ID: 'raftName=R22 detectorName=S01 detector=1 calibDate=1970-01-01T00:00:00 ccd=1 ccdnum=1 filter=None'}
# - {DATE: '2024-02-21T16:42:25.587939'}
# - {CALIB_CREATION_DATE: '2024-02-21'}
# - {CALIB_CREATION_TIME: '16:42:25'}
# - __serialized_columns__:
#     efficiency:
#       __class__: astropy.units.quantity.Quantity
#       unit: !astropy.units.Unit {unit: '%'}
#       value: !astropy.table.SerializedColumn {name: efficiency}
#     wavelength:
#       __class__: astropy.units.quantity.Quantity
#       unit: !astropy.units.Unit {unit: nm}
#       value: !astropy.table.SerializedColumn {name: wavelength}
# schema: astropy-2.0
amp_name wavelength efficiency
C00 319.994 46.11771181580381
C00 324.969 47.290554699007906
C00 349.982 55.07100210359876
C00 374.975 69.84885194604564
C00 400.019 82.68569483362151
C00 424.965 85.66311272405808
C00 450.035 85.18882885049683
C00 475.003 85.46427018354703
C00 500.018 85.1112959803385
C00 525.002 85.09828648329278
C00 550.029 85.92627233490961
C00 575.023 87.28787919590523
C00 599.982 88.84132509934611
C00 619.997 89.92935429332306
C00 624.979 90.31009794782288
C00 650.012 91.71299410543865
C00 675.004 93.14797823871231
C00 700.03 94.34969169326313
C00 725.012 95.42912299354738
C00 750.022 97.20968655752034
C00 774.987 99.15138978765857
C00 799.976 99.68595836116928
C00 824.988 99.38940898680949
C00 850.022 98.20657013044907
C00 869.967 95.9127940816794
C00 875.002 94.7828082009905
C00 899.999 87.94025847349675
C00 919.999 79.76396592143895
C00 925.012 76.7208794318179
C00 949.965 64.38370310268488
C00 975.002 49.33816015017591
C00 999.976 31.943684765583
C00 1025.028 15.885793879069734
C00 1050.014 6.541967674058349
C00 1075.002 0.8306786638850477
C00 1099.99 0.09001190450300132
C01 319.994 46.12226514079044
C01 324.969 47.23021044069641
C01 349.982 54.76746561169908
C01 374.975 69.58484664409583
C01 400.019 82.69189909229736
C01 424.965 85.81531559435969
C01 450.035 85.38082584675064
C01 475.003 85.64931281896686
C01 500.018 85.26712556947824
C01 525.002 85.22667415465425
C01 550.029 86.02019105277806
C01 575.023 87.35066825816682
C01 599.982 88.8811034639912
C01 619.997 89.9527126680861
C01 624.979 90.33095938818961
C01 650.012 91.72743971029811
C01 675.004 93.16436601422524
C01 700.03 94.37001750083729
C01 725.012 95.45698244176275
C01 750.022 97.25281182213429
C01 774.987 99.20575054634348
C01 799.976 99.75303006989495
C01 824.988 99.4661203892643
C01 850.022 98.28970382989871
C01 869.967 96.02963661175365
C01 875.002 94.91358400419062
C01 899.999 88.18015219121664
C01 919.999 79.93864131879533
C01 925.012 76.859409822395
C01 949.965 64.38199678931649
C01 975.002 49.26033149876336
C01 999.976 31.954644093536707
C01 1025.028 15.91187140358714
C01 1050.014 6.583207400070851
C01 1075.002 0.8310470799167974
C01 1099.99 0.0900518258710453
C02 319.994 46.037852636535746
C02 324.969 47.07218499896084
C02 349.982 54.336369413228546
C02 374.975 69.10689989815394
C02 400.019 82.47923690900701
C02 424.965 85.8199068981473
C02 450.035 85.48254030924299
C02 475.003 85.77567804810205
C02 500.018 85.37363337072367
C02 525.002 85.29859609094004
C02 550.029 86.05508560360879
C02 575.023 87.35201758245543
C02 599.982 88.84902709542031
C02 619.997 89.90604924818275
C02 624.979 90.2826563089779
C02 650.012 91.66744490092682
C02 675.004 93.10349932068075
C02 700.03 94.312621617721
C02 725.012 95.4116319729898
C02 750.022 97.21383659182956
C02 774.987 99.18650286760126
C02 799.976 99.74888557707976
C02 824.988 99.47901741757845
C02 850.022 98.31966983582335
C02 869.967 96.05700065993248
C02 875.002 94.94388598923234
C02 899.999 88.22166546342883
C02 919.999 80.00638187061364
C02 925.012 76.93123084969572
C02 949.965 64.4704567529348
C02 975.002 49.29394069304657
C02 999.976 31.9388340690179
C02 1025.028 15.93982679707329
C02 1050.014 6.609317514803101
C02 1075.002 0.8307139353253555
C02 1099.99 0.09001572649778064
C03 319.994 46.10583422792749
C03 324.969 47.09068367962242
C03 349.982 54.151260636450566
C03 374.975 68.90993005473486
C03 400.019 82.50175635664463
C03 424.965 86.02604034182062
C03 450.035 85.75691421499268
C03 475.003 86.05435033542736
C03 500.018 85.61740904493809
C03 525.002 85.49915870188092
C03 550.029 86.21953294060225
C03 575.023 87.48912560722005
C03 599.982 88.9683851119629
C03 619.997 90.01871188549387
C03 624.979 90.39296422483517
C03 650.012 91.77824812548215
C03 675.004 93.21702733861986
C03 700.03 94.43487302377035
C03 725.012 95.5493633078368
C03 750.022 97.3709123389375
C03 774.987 99.3659544507656
C03 799.976 99.94706140852561
C03 824.988 99.68909720325584
C03 850.022 98.5385140919327
C03 869.967 96.26571358155606
C03 875.002 95.13813236932272
C03 899.999 88.39426204500755
C03 919.999 80.20229562628236
C03 925.012 77.13352101590482
C03 949.965 64.6851219831511
C03 975.002 49.41425051025892
C03 999.976 31.983667115841914
C03 1025.028 15.979627953708587
C03 1050.014 6.63447069553602
C03 1075.002 0.8320560490420443
C03 1099.99 0.09016115723646574
C04 319.994 45.934489163730596
C04 324.969 46.86231193951135
C04 349.982 53.7091515288891
C04 374.975 68.41153702119456
C04 400.019 82.17166194554972
C04 424.965 85.8530731276782
C04 450.035 85.64340986197706
C04 475.003 85.92427048451732
C04 500.018 85.44886039203614
C04 525.002 85.29454037147568
C04 550.029 85.97698646034681
C04 575.023 87.2258709224174
C04 599.982 88.69414667833314
C04 619.997 89.73982081408137
C04 624.979 90.11523867515763
C04 650.012 91.49628706656121
C04 675.004 92.94182599308436
C04 700.03 94.17019648645868
C04 725.012 95.29827860551704
C04 750.022 97.13877742350536
C04 774.987 99.1494886880922
C04 799.976 99.7466368059782
C04 824.988 99.49840869419263
C04 850.022 98.35254457437566
C04 869.967 96.06656829854808
C04 875.002 94.93201433486483
C04 899.999 88.19036121755677
C04 919.999 80.01846551537355
C04 925.012 76.95845726185927
C04 949.965 64.51824728784129
C04 975.002 49.23223803658351
C04 999.976 31.789317746322762
C04 1025.028 15.924348185941227
C04 1050.014 6.61663904735334
C04 1075.002 0.8300722346502065
C04 1099.99 0.08994619214905802
C05 319.994 45.50736406401804
C05 324.969 46.37610564116026
C05 349.982 52.98103779531458
C05 374.975 67.6009264183385
C05 400.019 81.54463728413712
C05 424.965 85.39700872807374
C05 450.035 85.24386357202208
C05 475.003 85.5082252803126
C05 500.018 85.0183112775904
C05 525.002 84.83959444895153
C05 550.029 85.51095322827746
C05 575.023 86.76037678426732
C05 599.982 88.23954552909694
C05 619.997 89.29758872671334
C05 624.979 89.67414425804677
C05 650.012 91.06761163714124
C05 675.004 92.52740127118058
C05 700.03 93.77320069078633
C05 725.012 94.93032864893723
C05 750.022 96.8036621530363
C05 774.987 98.84170143179098
C05 799.976 99.45777333174685
C05 824.988 99.22175524108278
C05 850.022 98.07679066141299
C05 869.967 95.81261970189769
C05 875.002 94.68777493240003
C05 899.999 87.99158330454918
C05 919.999 79.8029437916705
C05 925.012 76.73524793279404
C05 949.965 64.23239163656574
C05 975.002 48.99257446239007
C05 999.976 31.58602549027915
C05 1025.028 15.866131486338194
C05 1050.014 6.5790959950831
C05 1075.002 0.8272083155061225
C05 1099.99 0.08963585937212602
C06 319.994 45.42926854928017
C06 324.969 46.24906728167505
C06 349.982 52.65325187452197
C06 374.975 67.2327435384981
C06 400.019 81.36516246957414
C06 424.965 85.353349184878
C06 450.035 85.2328276861253
C06 475.003 85.47432462822886
C06 500.018 84.95365922741317
C06 525.002 84.75011561744194
C06 550.029 85.40571303171474
C06 575.023 86.64933042750408
C06 599.982 88.13702034722839
C06 619.997 89.2029515018906
C06 624.979 89.58350068966969
C06 650.012 90.98517140463909
C06 675.004 92.45816081471638
C06 700.03 93.72193372682634
C06 725.012 94.89989989826707
C06 750.022 96.80346380580829
C06 774.987 98.87134026117508
C06 799.976 99.50903456788127
C06 824.988 99.27806921577833
C06 850.022 98.12417118898087
C06 869.967 95.93949621775275
C06 875.002 94.85407564822707
C06 899.999 88.22773788356626
C06 919.999 79.89734771723964
C06 925.012 76.77178845545582
C06 949.965 64.04417426355941
C06 975.002 48.894143715854426
C06 999.976 31.562883235238196
C06 1025.028 15.897183982836761
C06 1050.014 6.567055622892627
C06 1075.002 0.8272063907598944
C06 1099.99 0.08963565080763386
C07 319.994 45.49323976973384
C07 324.969 46.273862984164936
C07 349.982 52.534278965880915
C07 374.975 67.06459547543932
C07 400.019 81.31142832897267
C07 424.965 85.42402000444694
C07 450.035 85.3570708929121
C07 475.003 85.60920852155648
C07 500.018 85.06434035180754
C07 525.002 84.82903731151782
C07 550.029 85.45411711806483
C07 575.023 86.68590621229366
C07 599.982 88.16963921750688
C07 619.997 89.23454549410924
C07 624.979 89.61835362969758
C07 650.012 91.0260355481154
C07 675.004 92.5002822199698
C07 700.03 93.77432610025919
C07 725.012 94.98270289128482
C07 750.022 96.91149438642003
C07 774.987 99.0174882447069
C07 799.976 99.66614922051006
C07 824.988 99.43508215091018
C07 850.022 98.29608940699539
C07 869.967 96.14398944970388
C07 875.002 95.06649721597744
C07 899.999 88.4111323322257
C07 919.999 80.00488133442852
C07 925.012 76.85787059583302
C07 949.965 64.09740023217972
C07 975.002 48.95291802000079
C07 999.976 31.671281008478992
C07 1025.028 15.918181595636518
C07 1050.014 6.572235275027849
C07 1075.002 0.8281293220286666
C07 1099.99 0.08973565915603544
C10 319.994 46.32166782351106
C10 324.969 47.51373111314081
C10 349.982 55.456076180557076
C10 374.975 70.54529426092448
C10 400.019 83.44436272431938
C10 424.965 86.25434847974698
C10 450.035 85.57326458308866
C10 475.003 85.74234480260306
C10 500.018 85.35393069097641
C10 525.002 85.34175998618458
C10 550.029 86.18403610235276
C10 575.023 87.57453480249968
C10 599.982 89.15732852359248
C10 619.997 90.25933514332687
C10 624.979 90.64897435705495
C10 650.012 92.0615794882027
C10 675.004 93.49323139251229
C10 700.03 94.60077206748365
C10 725.012 95.40251779061319
C10 750.022 96.79895522074074
C10 774.987 98.3884915110696
C10 799.976 98.74535036679082
C10 824.988 98.48816434332278
C10 850.022 97.25055909866394
C10 869.967 95.07929630630996
C10 875.002 93.9941086145938
C10 899.999 87.45902101773328
C10 919.999 79.49428782686265
C10 925.012 76.51258270242049
C10 949.965 63.56109493202264
C10 975.002 48.48322835988906
C10 999.976 31.529833572927213
C10 1025.028 15.724538785308997
C10 1050.014 6.42486504529953
C10 1075.002 0.8271716849569293
C10 1099.99 0.08963189010502044
C11 319.994 46.42062026273541
C11 324.969 47.53817593304828
C11 349.982 55.236226893878055
C11 374.975 70.33105341079414
C11 400.019 83.50162447334503
C11 424.965 86.49822412684304
C11 450.035 85.89958864598252
C11 475.003 86.0731428415144
C11 500.018 85.65045870128831
C11 525.002 85.5895882124332
C11 550.029 86.41430049360048
C11 575.023 87.75896772352158
C11 599.982 89.32174474534293
C11 619.997 90.42217333712507
C11 624.979 90.80800471587399
C11 650.012 92.24258207500566
C11 675.004 93.66403625499281
C11 700.03 94.77591011463976
C11 725.012 95.59260816483469
C11 750.022 96.99125285830024
C11 774.987 98.58596154795534
C11 799.976 98.95453212915699
C11 824.988 98.72629440334771
C11 850.022 97.4813564279151
C11 869.967 95.30063821003695
C11 875.002 94.23984135411243
C11 899.999 87.7213422071607
C11 919.999 79.71454201084181
C11 925.012 76.70090528247889
C11 949.965 63.60175060014277
C11 975.002 48.51215085331838
C11 999.976 31.513677070082327
C11 1025.028 15.777866121663267
C11 1050.014 6.457234430012405
C11 1075.002 0.8288149150934927
C11 1099.99 0.08980994966109118
C12 319.994 46.342457346805304
C12 324.969 47.39123913550288
C12 349.982 54.831911379926005
C12 374.975 69.8851194843175
C12 400.019 83.2943852144085
C12 424.965 86.48247265892392
C12 450.035 85.96624570144736
C12 475.003 86.15073380062417
C12 500.018 85.69818007718604
C12 525.002 85.60103469477781
C12 550.029 86.38984305006431
C12 575.023 87.69999921991987
C12 599.982 89.23599891206457
C12 619.997 90.32325450544752
C12 624.979 90.70730404229087
C12 650.012 92.14025329908807
C12 675.004 93.5605659376721
C12 700.03 94.68250112839168
C12 725.012 95.50220368526432
C12 750.022 96.90700868757109
C12 774.987 98.50915407149886
C12 799.976 98.8979214272963
C12 824.988 98.68543856897193
C12 850.022 97.44519421550757
C12 869.967 95.2764032009022
C12 875.002 94.22271675533452
C12 899.999 87.72528007961346
C12 919.999 79.71329396872632
C12 925.012 76.69125468989502
C12 949.965 63.56390897302131
C12 975.002 48.49401913760402
C12 999.976 31.489954229738213
C12 1025.028 15.811249384940686
C12 1050.014 6.484085435483351
C12 1075.002 0.8280949662652715
C12 1099.99 0.08973193638352628
C13 319.994 46.347392611881276
C13 324.969 47.340542261741994
C13 349.982 54.57623898478609
C13 374.975 69.64609883669314
C13 400.019 83.3127813829012
C13 424.965 86.68188394329552
C13 450.035 86.22641537862735
C13 475.003 86.41063627812582
C13 500.018 85.92347060996639
C13 525.002 85.78644777516749
C13 550.029 86.53260041609133
C13 575.023 87.81251618854824
C13 599.982 89.32833881539455
C13 619.997 90.40116908428043
C13 624.979 90.78670103737083
C13 650.012 92.2065025118352
C13 675.004 93.6336871051055
C13 700.03 94.75977417611661
C13 725.012 95.5885945799349
C13 750.022 97.01018738983603
C13 774.987 98.62935090070904
C13 799.976 99.02951674916496
C13 824.988 98.83188691708048
C13 850.022 97.5939258955708
C13 869.967 95.43147115506797
C13 875.002 94.38034260867808
C13 899.999 87.8806972325852
C13 919.999 79.82934024311919
C13 925.012 76.78951461809504
C13 949.965 63.625804114400346
C13 975.002 48.553642530207505
C13 999.976 31.495329325931973
C13 1025.028 15.823262223196613
C13 1050.014 6.486949055987919
C13 1075.002 0.8289765356152827
C13 1099.99 0.0898274627760965
C14 319.994 46.17337022254833
C14 324.969 47.11484175677439
C14 349.982 54.135220264263324
C14 374.975 69.17951376578665
C14 400.019 83.04663261047774
C14 424.965 86.57542548201641
C14 450.035 86.1730029094803
C14 475.003 86.34801728743243
C14 500.018 85.82613646217497
C14 525.002 85.65325304122727
C14 550.029 86.35636654302964
C14 575.023 87.61155025475409
C14 599.982 89.10190929985626
C14 619.997 90.16673206268604
C14 624.979 90.54578037535784
C14 650.012 91.9502480459816
C14 675.004 93.38415815521238
C14 700.03 94.51679979174794
C14 725.012 95.35726614116541
C14 750.022 96.79874924477319
C14 774.987 98.43722532043557
C14 799.976 98.8537058289477
C14 824.988 98.66682477278805
C14 850.022 97.45078443602638
C14 869.967 95.32892743081777
C14 875.002 94.27946356337945
C14 899.999 87.8118323079722
C14 919.999 79.7916825561659
C14 925.012 76.7432017965631
C14 949.965 63.580800099309165
C14 975.002 48.58179282114236
C14 999.976 31.516683003668035
C14 1025.028 15.840109193261044
C14 1050.014 6.5048608975138835
C14 1075.002 0.8271695652826607
C14 1099.99 0.08963166041822801
C15 319.994 46.07672440190274
C15 324.969 46.967897413367
C15 349.982 53.801698128799245
C15 374.975 68.82901160632036
C15 400.019 82.88267617858776
C15 424.965 86.5625560345049
C15 450.035 86.2111144160555
C15 475.003 86.37565377082049
C15 500.018 85.81603625440715
C15 525.002 85.6098438094556
C15 550.029 86.28374135377605
C15 575.023 87.51035851358183
C15 599.982 88.98319311631984
C15 619.997 90.03468029824774
C15 624.979 90.41514475481573
C15 650.012 91.81906633698753
C15 675.004 93.24919054866436
C15 700.03 94.38761343002794
C15 725.012 95.25124820821596
C15 750.022 96.71362776899706
C15 774.987 98.37659627763827
C15 799.976 98.81335842389325
C15 824.988 98.63331689071418
C15 850.022 97.42071995738257
C15 869.967 95.3053543337885
C15 875.002 94.25555516210582
C15 899.999 87.79834049450324
C15 919.999 79.75806477432636
C15 925.012 76.67623470232753
C15 949.965 63.43868070843262
C15 975.002 48.548641599767116
C15 999.976 31.521430693163218
C15 1025.028 15.856764234070583
C15 1050.014 6.523614769144325
C15 1075.002 0.826441999455354
C15 1099.99 0.08955282176663573
C16 319.994 45.987095794271085
C16 324.969 46.83100793105753
C16 349.982 53.483947663002155
C16 374.975 68.47537356151143
C16 400.019 82.68595012107326
C16 424.965 86.49890630720547
C16 450.035 86.19636182048473
C16 475.003 86.35426632528583
C16 500.018 85.77188326123861
C16 525.002 85.53334481358526
C16 550.029 86.17654181712955
C16 575.023 87.38525037841762
C16 599.982 88.8462916642749
C16 619.997 89.89434720524864
C16 624.979 90.27422328520393
C16 650.012 91.6736610276602
C16 675.004 93.10769385640289
C16 700.03 94.25737009589761
C16 725.012 95.14241012375547
C16 750.022 96.63669955948582
C16 774.987 98.33263430453324
C16 799.976 98.7882919173481
C16 824.988 98.61211911545317
C16 850.022 97.40606267187596
C16 869.967 95.30223281647288
C16 875.002 94.2512252350704
C16 899.999 87.83126405241195
C16 919.999 79.6937725700873
C16 925.012 76.58783298331743
C16 949.965 63.25932515646856
C16 975.002 48.508717727942525
C16 999.976 31.54424519843626
C16 1025.028 15.862999863675615
C16 1050.014 6.557904604891507
C16 1075.002 0.8257843694400858
C16 1099.99 0.08948156132296936
C17 319.994 45.84947004874577
C17 324.969 46.65802281793237
C17 349.982 53.16954234887024
C17 374.975 68.13549244084385
C17 400.019 82.46754783811026
C17 424.965 86.40373831417205
C17 450.035 86.13980385728979
C17 475.003 86.29499125073191
C17 500.018 85.68294170458712
C17 525.002 85.41411892815935
C17 550.029 86.0290423906663
C17 575.023 87.22925181361246
C17 599.982 88.68888211950862
C17 619.997 89.73710862183883
C17 624.979 90.11922644318095
C17 650.012 91.51840331056704
C17 675.004 92.95732587417434
C17 700.03 94.11594110410114
C17 725.012 95.03856621596006
C17 750.022 96.5601299007329
C17 774.987 98.30160591642995
C17 799.976 98.77133787173933
C17 824.988 98.59742321084934
C17 850.022 97.40508551950886
C17 869.967 95.32483561052935
C17 875.002 94.27170421406466
C17 899.999 87.84362970796452
C17 919.999 79.6062509114441
C17 925.012 76.48435400319333
C17 949.965 63.16424634825192
C17 975.002 48.5374429921633
C17 999.976 31.593775991933683
C17 1025.028 15.87732551849231
C17 1050.014 6.593706145005364
C17 1075.002 0.8251297948251871
C17 1099.99 0.08941063196088514
