lsstCam/transmission_filter_detector/r34_s01/u_24/19700101T000000.ecsv
# %ECSV 1.0
# ---
# datatype:
# - {name: wavelength, unit: nm, datatype: float32}
# - {name: efficiency, unit: '%', datatype: float64}
# meta: !!omap
# - {MODE: DETECTOR}
# - {TYPE: transmission_filter_detector}
# - {CALIBDATE: '1970-01-01T00:00:00'}
# - {INSTRUME: LSSTCam}
# - {OBSTYPE: transmission_filter_detector}
# - {CALIBCLS: lsst.ip.isr.IntermediateFilterDetectorTransmissionCurve}
# - {SOURCE: Materion (DM-46256)}
# - {DETECTOR: 154}
# - {FILTER: u_24}
# - {CALIB_ID: 'calibDate=1970-01-01T00:00:00 filter=u_24 detector=154'}
# - {DATE: '2025-04-02T15:59:40.463921'}
# - {CALIB_CREATION_DATE: '2025-04-02'}
# - {CALIB_CREATION_TIME: '15:59:40'}
# - __serialized_columns__:
#     efficiency:
#       __class__: astropy.units.quantity.Quantity
#       unit: !astropy.units.Unit {unit: '%'}
#       value: !astropy.table.SerializedColumn {name: efficiency}
#     wavelength:
#       __class__: astropy.units.quantity.Quantity
#       unit: !astropy.units.Unit {unit: nm}
#       value: !astropy.table.SerializedColumn {name: wavelength}
# schema: astropy-2.0
wavelength efficiency
[from data line 582]
877.0 0.002712687273742631
878.0 0.0028121736249886453
879.0 0.0029133065254427493
880.0 0.003014439425896853
881.0 0.0033292631997028366
882.0 0.00364408697350882
883.0 0.0032846564863575622
884.0 0.0029252259992063046
885.0 0.0027874471925315447
886.0 0.002649668385856785
887.0 0.0023990811314433813
888.0 0.002148494058928918
889.0 0.00223858642129926
890.0 0.0023286789655685425
891.0 0.0025958863261621445
892.0 0.0028630942324525677
893.0 0.0030215547667467035
894.0 0.0031800154829397798
895.0 0.0034627504646778107
896.0 0.0037454854464158416
897.0 0.0037696303479606286
898.0 0.0037937756133032963
899.0 0.003781282066483982
900.0 0.0037687885196646675
901.0 0.003801959246629849
902.0 0.0038351299735950306
903.0 0.003955011197831482
904.0 0.004074892422067933
905.0 0.004779099617735483
906.0 0.005483306085807271
907.0 0.005476822843775153
908.0 0.005470339237945154
909.0 0.005787158079328947
910.0 0.006103976920712739
911.0 0.006118462624726817
912.0 0.006132947601145133
913.0 0.005690565740223974
914.0 0.005248183879302815
915.0 0.004808290395885706
916.0 0.004368396912468597
917.0 0.004236265885992907
918.0 0.004104134495719336
919.0 0.004172223634668626
920.0 0.004240312409820035
921.0 0.004628950046026148
922.0 0.005017586954636499
923.0 0.005370761209633201
924.0 0.005723935100832023
925.0 0.006154468428576365
926.0 0.006585001392522827
927.0 0.006867852061986923
928.0 0.007150703459046781
929.0 0.007419832400046289
930.0 0.007688961341045797
931.0 0.007382214971585199
932.0 0.00707546787452884
933.0 0.007229750917758793
934.0 0.007384033233392984
935.0 0.007179808017099276
936.0 0.00697558352840133
937.0 0.006898916763020679
938.0 0.006822249270044267
939.0 0.006817578832851723
940.0 0.006812906212871894
941.0 0.005894112473470159
942.0 0.004975319097866304
943.0 0.004454486042959616
944.0 0.003933653351850808
945.0 0.003532247865223326
946.0 0.0031308431061916053
947.0 0.002428536936349701
948.0 0.0017262311303056777
949.0 0.0015222021829686128
950.0 0.001318173326581018
951.0 0.0012284575859666802
952.0 0.001138741663453402
953.0 0.001415476253896486
954.0 0.0016922107533900999
955.0 0.0019937815523007885
956.0 0.0022953519874135964
957.0 0.0024153239792212844
958.0 0.0025352961529279128
959.0 0.0027959991712123156
960.0 0.0030567021894967183
961.0 0.003879317591781728
962.0 0.004701932994066738
963.0 0.004511728911893442
964.0 0.004321525193518028
965.0 0.004405058643897064
966.0 0.0044885920942761
967.0 0.004399585668579675
968.0 0.004310578515287489
969.0 0.004478808841668069
970.0 0.004647038804250769
971.0 0.0046963516069808975
972.0 0.004745664409711026
973.0 0.004629487739293836
974.0 0.004513310705078766
975.0 0.004613073178916238
976.0 0.004712835652753711
977.0 0.004121359233977273
978.0 0.0035298828152008355
979.0 0.003270170054747723
980.0 0.003010457476193551
981.0 0.0030644314392702654
982.0 0.0031184052204480395
983.0 0.0030758768843952566
984.0 0.0030333480026456527
985.0 0.0032973275665426627
986.0 0.0035613076761364937
987.0 0.0038444733945652843
988.0 0.004127639112994075
989.0 0.004539732253761031
990.0 0.004951825030730106
991.0 0.005731617420678958
992.0 0.006511410174425691
993.0 0.007084667595336214
994.0 0.007657924288650975
995.0 0.007677353278268129
996.0 0.007696782995481044
997.0 0.0074798073910642415
998.0 0.0072628325142432
999.0 0.0068719484261237085
1000.0 0.0064810643380042166
1001.0 0.006264117109822109
1002.0 0.006047166607459076
1003.0 0.005686580334440805
1004.0 0.005325993697624654
1005.0 0.004995845665689558
1006.0 0.004665696906158701
1007.0 0.004793944754055701
1008.0 0.004922194057144225
1009.0 0.00446619997092057
1010.0 0.004010206976090558
1011.0 0.0035100681998301297
1012.0 0.003009929605468642
1013.0 0.0027828276870422997
1014.0 0.002555725586717017
1015.0 0.0021985812054481357
1016.0 0.0018414368241792545
1017.0 0.001656264066696167
1018.0 0.0014710916730109602
1019.0 0.001138295829150593
1020.0 0.0008054999852902256
1021.0 0.0011155025276821107
1022.0 0.001425505161023466
1023.0 0.0013659168871527072
1024.0 0.0013063287042314187
1025.0 0.0011456869287940208
1026.0 0.000985045153356623
1027.0 0.001308880018768832
1028.0 0.001632714702282101
1029.0 0.0016428331946372055
1030.0 0.0016529518688912503
1031.0 0.0016672198398737237
1032.0 0.0016814876289572567
1033.0 0.002123797639796976
1034.0 0.0025661072868388146
1035.0 0.0020441069864318706
1036.0 0.001522106413176516
1037.0 0.002177682108595036
1038.0 0.0028332577130640857
1039.0 0.0023911370590212755
1040.0 0.001949016223079525
1041.0 0.0019516990505508147
1042.0 0.001954381696123164
1043.0 0.002061200575553812
1044.0 0.0021680190911865793
1045.0 0.0023164555386756547
1046.0 0.0024648916223668493
1047.0 0.0022001699107931927
1048.0 0.0019354478354216553
1049.0 0.0018055752661894076
1050.0 0.001675702333159279
1051.0 0.0016936310203163885
1052.0 0.0017115597074734978
1053.0 0.0017548047253512777
1054.0 0.0017980497432290576
1055.0 0.00133768844534643
1056.0 0.0008773272384132724
1057.0 0.000589719638810493
1058.0 0.0003021119482582435
1059.0 0.0009017123375087976
1060.0 0.0015013129996077623
1061.0 0.001211982271343004
1062.0 0.0009226518159266561
1063.0 0.0008016469109861646
1064.0 0.0006806420969951432
1065.0 0.00122198871395085
1066.0 0.001763335421856027
1067.0 0.0015002236978034489
1068.0 0.0012371122465992812
1069.0 0.001344221891486086
1070.0 0.0014513315363728907
1071.0 0.002250443685625214
1072.0 0.0030495559258270077
1073.0 0.0029850878490833566
1074.0 0.0029206194085418247
1075.0 0.002488301652192604
1076.0 0.0020559840777423233
1077.0 0.0024015220333239995
1078.0 0.002747060170804616
1079.0 0.003829052729997784
1080.0 0.004911045471089892
1081.0 0.004664050720748492
1082.0 0.004417057425598614
1083.0 0.004702564910985529
1084.0 0.004988072032574564
1085.0 0.004936809637001716
1086.0 0.004885547969024628
1087.0 0.004716781768365763
1088.0 0.004548015567706898
1089.0 0.0056032284192042425
1090.0 0.006658440543105826
1091.0 0.005291281195241027
1092.0 0.003924122211174108
1093.0 0.0046989760448923334
1094.0 0.005473828787216917
1095.0 0.005558493285207078
1096.0 0.005643157055601478
1097.0 0.005140796565683559
1098.0 0.0046384360757656395
1099.0 0.0035041317460127175
1100.0 0.002369827780057676
