lsstCam/transmission_filter_detector/r34_s01/u_24/19700101T000000.ecsv
# %ECSV 1.0
# ---
# datatype:
# - {name: wavelength, unit: nm, datatype: float32}
# - {name: efficiency, unit: '%', datatype: float64}
# meta: !!omap
# - {MODE: DETECTOR}
# - {TYPE: transmission_filter_detector}
# - {CALIBDATE: '1970-01-01T00:00:00'}
# - {INSTRUME: LSSTCam}
# - {OBSTYPE: transmission_filter_detector}
# - {CALIBCLS: lsst.ip.isr.IntermediateFilterDetectorTransmissionCurve}
# - {SOURCE: Materion (DM-46256)}
# - {DETECTOR: 154}
# - {FILTER: u_24}
# - {CALIB_ID: 'calibDate=1970-01-01T00:00:00 filter=u_24 detector=154'}
# - {DATE: '2025-04-02T15:59:40.463921'}
# - {CALIB_CREATION_DATE: '2025-04-02'}
# - {CALIB_CREATION_TIME: '15:59:40'}
# - __serialized_columns__:
#     efficiency:
#       __class__: astropy.units.quantity.Quantity
#       unit: !astropy.units.Unit {unit: '%'}
#       value: !astropy.table.SerializedColumn {name: efficiency}
#     wavelength:
#       __class__: astropy.units.quantity.Quantity
#       unit: !astropy.units.Unit {unit: nm}
#       value: !astropy.table.SerializedColumn {name: wavelength}
# schema: astropy-2.0
wavelength efficiency
295.0 1.6450073725068903e-10
296.0 1.6450073725068903e-10
297.0 1.6450073725068903e-10
298.0 1.6450073725068903e-10
299.0 1.6450073725068903e-10
300.0 1.6450073725068903e-10
301.0 0.03450418880674988
302.0 1.6450073725068903e-10
303.0 1.6450073725068903e-10
304.0 0.3894108347594738
305.0 1.0973110795021057
306.0 2.348284050822258
307.0 4.233619198203087
308.0 6.62447065114975
309.0 10.393503308296204
310.0 14.179681241512299
311.0 18.02050471305847
312.0 21.642129123210907
313.0 24.614031612873077
314.0 27.327552437782288
315.0 30.031749606132507
316.0 32.21382796764374
317.0 35.24644672870636
318.0 38.49881887435913
319.0 43.06446313858032
320.0 49.08645153045654
321.0 54.66687083244324
322.0 60.557907819747925
323.0 65.61723351478577
324.0 69.29975748062134
325.0 72.05483913421631
326.0 74.29347038269043
327.0 76.00877285003662
328.0 77.55267024040222
329.0 78.98366451263428
330.0 80.0346851348877
331.0 80.48927783966064
332.0 80.68987131118774
333.0 80.84583282470703
334.0 80.73061108589172
335.0 81.11122250556946
336.0 81.51063919067383
337.0 82.16607570648193
338.0 83.02277326583862
339.0 83.44605565071106
340.0 83.91330242156982
341.0 84.33301448822021
342.0 84.58622097969055
343.0 84.65588092803955
344.0 84.80542302131653
345.0 85.24630069732666
346.0 85.60516834259033
347.0 85.93412637710571
348.0 86.20326519012451
349.0 86.35442852973938
350.0 86.38162612915039
351.0 86.65902018547058
352.0 86.48699522018433
353.0 86.4690363407135
354.0 86.45011186599731
355.0 86.60520911216736
356.0 86.75109148025513
357.0 86.68906092643738
358.0 86.25499606132507
359.0 85.99187135696411
360.0 85.81047654151917
361.0 85.5729877948761
362.0 85.39991974830627
363.0 85.56455373764038
364.0 85.69738864898682
365.0 86.04045510292053
366.0 86.32844090461731
367.0 86.43107414245605
368.0 86.44850850105286
369.0 86.65174841880798
370.0 86.51987314224243
371.0 86.39888763427734
372.0 86.5099310874939
373.0 86.70994639396667
374.0 86.71954274177551
375.0 87.01223134994507
376.0 87.2479796409607
377.0 87.2912347316742
378.0 87.31181025505066
379.0 86.82535290718079
380.0 85.92562079429626
381.0 84.3754529953003
382.0 82.43005871772766
383.0 80.39453029632568
384.0 78.24859619140625
385.0 75.74163675308228
386.0 73.0095624923706
387.0 69.38645243644714
388.0 65.67553281784058
389.0 61.15346550941467
390.0 56.92850947380066
391.0 52.63516902923584
392.0 48.37097227573395
393.0 44.79523301124573
394.0 41.36108756065369
395.0 37.3365044593811
396.0 32.79387652873993
397.0 26.7047256231308
398.0 20.072443783283234
399.0 13.276077806949615
400.0 7.6439619064331055
401.0 3.6280546337366104
402.0 1.3048255816102028
403.0 0.4131810739636421
404.0 0.13893626164644957
405.0 0.04948172136209905
406.0 0.047112419269979
407.0 0.008149180939653888
408.0 1.6450073725068903e-10
409.0 1.6450073725068903e-10
410.0 1.6450073725068903e-10
411.0 1.6450073725068903e-10
412.0 1.6450073725068903e-10
413.0 1.6450073725068903e-10
414.0 1.6450073725068903e-10
415.0 1.6450073725068903e-10
416.0 1.6450073725068903e-10
417.0 1.6450073725068903e-10
418.0 1.6450073725068903e-10
419.0 1.6450073725068903e-10
420.0 1.6450073725068903e-10
421.0 1.6450073725068903e-10
422.0 1.6450073725068903e-10
423.0 1.6450073725068903e-10
424.0 1.6450073725068903e-10
425.0 1.6450073725068903e-10
426.0 0.00020427253275556723
427.0 1.6450073725068903e-10
428.0 1.6450073725068903e-10
429.0 1.6450073725068903e-10
430.0 0.00034594461340020644
431.0 1.6450073725068903e-10
432.0 1.6450073725068903e-10
433.0 1.6450073725068903e-10
434.0 0.00023605325623066165
435.0 0.001286482802242972
436.0 0.002336912257305812
437.0 0.0012049151337123476
438.0 7.291789643204538e-05
439.0 1.6450073725068903e-10
440.0 1.6450073725068903e-10
441.0 1.6450073725068903e-10
442.0 1.6450073725068903e-10
443.0 1.6450073725068903e-10
444.0 1.6450073725068903e-10
445.0 1.6450073725068903e-10
446.0 0.0006890333224873757
447.0 0.0002153266905224882
448.0 1.6450073725068903e-10
449.0 0.0003868300609610742
450.0 0.0010320401088392828
451.0 0.00044827902456745505
452.0 1.6450073725068903e-10
453.0 0.000661648027744377
454.0 0.001458778297092067
455.0 1.6450073725068903e-10
456.0 1.6450073725068903e-10
457.0 1.6450073725068903e-10
458.0 2.4393813191636582e-05
459.0 1.6450073725068903e-10
460.0 1.6450073725068903e-10
461.0 1.6450073725068903e-10
462.0 1.6450073725068903e-10
463.0 9.673956355982227e-05
464.0 0.0004325752797740279
465.0 7.083668833729462e-05
466.0 1.6450073725068903e-10
467.0 3.081590023157332e-05
468.0 0.00035253372061561095
469.0 1.6450073725068903e-10
470.0 1.6450073725068903e-10
471.0 1.6450073725068903e-10
472.0 1.6450073725068903e-10
473.0 1.6450073725068903e-10
474.0 1.6450073725068903e-10
475.0 1.6450073725068903e-10
476.0 1.6450073725068903e-10
477.0 1.6450073725068903e-10
478.0 1.6450073725068903e-10
479.0 1.6450073725068903e-10
480.0 1.6450073725068903e-10
481.0 1.6450073725068903e-10
482.0 1.6450073725068903e-10
483.0 1.6450073725068903e-10
484.0 1.6450073725068903e-10
485.0 1.6450073725068903e-10
486.0 1.6450073725068903e-10
487.0 1.6450073725068903e-10
488.0 1.6450073725068903e-10
489.0 1.6450073725068903e-10
490.0 1.6450073725068903e-10
491.0 1.6450073725068903e-10
492.0 1.6450073725068903e-10
493.0 1.6450073725068903e-10
494.0 1.6450073725068903e-10
495.0 1.6450073725068903e-10
496.0 1.6450073725068903e-10
497.0 1.6450073725068903e-10
498.0 1.6450073725068903e-10
499.0 1.6450073725068903e-10
500.0 1.6450073725068903e-10
501.0 1.6450073725068903e-10
502.0 0.0004102616003365256
503.0 0.0005047749709774507
504.0 0.0005992883870931109
505.0 7.956979288792354e-05
506.0 1.6450073725068903e-10
507.0 1.6450073725068903e-10
508.0 1.6450073725068903e-10
509.0 1.6450073725068903e-10
510.0 1.6450073725068903e-10
511.0 1.6450073725068903e-10
512.0 1.6450073725068903e-10
513.0 1.6450073725068903e-10
514.0 1.6450073725068903e-10
515.0 1.6450073725068903e-10
516.0 1.6450073725068903e-10
517.0 1.6450073725068903e-10
518.0 1.6450073725068903e-10
519.0 1.6450073725068903e-10
520.0 1.6450073725068903e-10
521.0 1.6450073725068903e-10
522.0 1.6450073725068903e-10
523.0 1.6450073725068903e-10
524.0 1.6450073725068903e-10
525.0 1.6450073725068903e-10
526.0 1.6450073725068903e-10
527.0 1.6450073725068903e-10
528.0 4.748197213189087e-06
529.0 1.6450073725068903e-10
530.0 1.6450073725068903e-10
531.0 1.6450073725068903e-10
532.0 1.6450073725068903e-10
533.0 1.6450073725068903e-10
534.0 0.0002668105707925861
535.0 1.6450073725068903e-10
536.0 1.6450073725068903e-10
537.0 1.6450073725068903e-10
538.0 1.6450073725068903e-10
539.0 1.6450073725068903e-10
540.0 4.6491587113450805e-05
541.0 0.00017410616237611976
542.0 0.00030172086553648114
543.0 2.1135662109372788e-05
544.0 1.6450073725068903e-10
545.0 7.72811574734078e-05
546.0 0.0004140117198403459
547.0 5.909521973990195e-05
548.0 1.6450073725068903e-10
549.0 1.6450073725068903e-10
550.0 1.6450073725068903e-10
551.0 1.6450073725068903e-10
552.0 1.6450073725068903e-10
553.0 1.6450073725068903e-10
554.0 1.6450073725068903e-10
555.0 1.6450073725068903e-10
556.0 1.6450073725068903e-10
557.0 1.6450073725068903e-10
558.0 4.243648845658754e-05
559.0 1.6450073725068903e-10
560.0 1.6450073725068903e-10
561.0 1.6450073725068903e-10
562.0 4.387451042475732e-05
563.0 7.372834716079524e-05
564.0 0.00010358199915572186
565.0 0.0001317806777478836
566.0 0.00015997931086531025
567.0 1.6450073725068903e-10
568.0 1.6450073725068903e-10
569.0 0.00010022794185715611
570.0 0.0003846146682917606
571.0 0.00028856252356490586
572.0 0.00019251035610068357
573.0 0.0003241179001634009
574.0 0.0004557254669634858
575.0 0.00027693513402482495
576.0 9.814482382353162e-05
577.0 0.00026526111014391063
578.0 0.00043237746467639226
579.0 0.0008033222002268303
580.0 0.0011742670722014736
581.0 0.0014504988939734176
582.0 0.0017267306247958913
583.0 0.001733591125230305
584.0 0.0017404516256647184
585.0 0.0013543953173211776
586.0 0.0009683390089776367
587.0 0.000529419685335597
588.0 9.050036737789924e-05
589.0 0.0004930662271362962
590.0 0.0008956320016295649
591.0 0.0007899712727521546
592.0 0.0006843105893494794
593.0 0.0007511590411013458
594.0 0.0008180074473784771
595.0 0.000762758372729877
596.0 0.0007075095709296875
597.0 0.000834368711366551
598.0 0.000961227578955004
599.0 0.0014677141734864563
600.0 0.0019742008589673787
601.0 0.00237960230151657
602.0 0.002785003562166821
603.0 0.0024148341253749095
604.0 0.0020446650523808785
605.0 0.0017215428670169786
606.0 0.001398420863552019
607.0 0.0010912576726695988
608.0 0.0007840942998882383
609.0 0.0006569778634002432
610.0 0.000529861335962778
611.0 0.0005020648131903727
612.0 0.0004742682449432323
613.0 0.0006225071956578176
614.0 0.0007707461008976679
615.0 0.0007984543117345311
616.0 0.0008261622497229837
617.0 0.0005927113306825049
618.0 0.00035926041164202616
619.0 0.0003993593963969033
620.0 0.0004394582902023103
621.0 0.0005933188731432892
622.0 0.0007471792741853278
623.0 0.0007033600923023187
624.0 0.0006595407739951042
625.0 0.0008910154974728357
626.0 0.001122490175475832
627.0 0.001121260993386386
628.0 0.0011200318112969398
629.0 0.0011711445949913468
630.0 0.0012222572877362836
631.0 0.0015615716620231979
632.0 0.0019008863091585226
633.0 0.0025624507543398067
634.0 0.0032240150176221505
635.0 0.0031588002457283437
636.0 0.003093585473834537
637.0 0.0022933914806344546
638.0 0.001493197305535432
639.0 0.0014161069884721655
640.0 0.0013390168533078395
641.0 0.0013468741599353962
642.0 0.0013547314665629528
643.0 0.001046312627295265
644.0 0.0007378936061286367
645.0 0.00023671602775721112
646.0 1.6450073725068903e-10
647.0 1.6450073725068903e-10
648.0 0.000256527141573315
649.0 0.00015276518752216361
650.0 4.9003153890225803e-05
651.0 0.00043898235162487254
652.0 0.0008289614925161004
653.0 0.0011925622857233975
654.0 0.0015561628970317543
655.0 0.001846787017711904
656.0 0.002137411320290994
657.0 0.0025345249014208093
658.0 0.002931638664449565
659.0 0.0033540789445396513
660.0 0.0037765188608318567
661.0 0.0035275825212011114
662.0 0.003278646181570366
663.0 0.0026422407245263457
664.0 0.002005835449381266
665.0 0.0015221768990159035
666.0 0.001038518257701071
667.0 0.0010742201084212866
668.0 0.0011099219591415022
669.0 0.00099360549938865
670.0 0.0008772891305852681
671.0 0.0007560462108813226
672.0 0.0006348032911773771
673.0 0.0006895385467942106
674.0 0.0007442738933605142
675.0 0.0008820782568363938
676.0 0.0010198825293628033
677.0 0.0013275793207867537
678.0 0.0016352763850591145
679.0 0.0020875961126876064
680.0 0.0025399163860129192
681.0 0.0037024994526291266
682.0 0.0048650817916495726
683.0 0.006643064989475533
684.0 0.008421047095907852
685.0 0.009463854803470895
686.0 0.010506664693821222
687.0 0.009015484829433262
688.0 0.0075243056926410645
689.0 0.005957897883490659
690.0 0.004391490074340254
691.0 0.003959510650020093
692.0 0.0035275308619020507
693.0 0.0031715175282442942
694.0 0.0028155041945865378
695.0 0.0020807545297429897
696.0 0.0013460048648994416
697.0 0.0011406282283132896
698.0 0.0009352515917271376
699.0 0.0007714767889410723
700.0 0.0006077017587813316
701.0 0.000523763446835801
702.0 0.00043982499846606515
703.0 0.00041870416680467315
704.0 0.00039758324419381097
705.0 0.0006441288405767409
706.0 0.0008906743460102007
707.0 0.0009713991858006921
708.0 0.0010521235708438326
709.0 0.0010468275831954088
710.0 0.0010415315045975149
711.0 0.0008146706022671424
712.0 0.0005878096089872997
713.0 0.0005014930593461031
714.0 0.0004151765551796416
715.0 0.0004533839273790363
716.0 0.0004915912995784311
717.0 0.0005900575615669368
718.0 0.0006885238235554425
719.0 0.0005065245204605162
720.0 0.00032452524010295747
721.0 3.093323357461486e-05
722.0 1.6450073725068903e-10
723.0 1.6450073725068903e-10
724.0 0.00012498773003244423
725.0 0.000285822216028464
726.0 0.00044665648601949215
727.0 0.0003672174216262647
728.0 0.0002877780389098916
729.0 0.0002452337639624602
730.0 0.00020268935259082355
731.0 0.00022706874460709514
732.0 0.0002514481820981018
733.0 0.00014245508737076307
734.0 3.346206938203977e-05
735.0 8.731207117307349e-05
736.0 0.0001411621383340389
737.0 0.00012046803021803498
738.0 9.977391073334729e-05
739.0 0.0003436298356973566
740.0 0.0005874857379239984
741.0 0.0009419431080459617
742.0 0.0012964003872184549
743.0 0.00210848684218945
744.0 0.0029205732062109746
745.0 0.0038367088563973084
746.0 0.004752844688482583
747.0 0.004578901643981226
748.0 0.004404958235681988
749.0 0.004138914300710894
750.0 0.0038728707295376807
751.0 0.0032665571779944003
752.0 0.002660243262653239
753.0 0.0023927677830215544
754.0 0.0021252923033898696
755.0 0.0020870278603979386
756.0 0.0020487634174060076
757.0 0.0018974031263496727
758.0 0.001746042471495457
759.0 0.001422800232830923
760.0 0.001099557994166389
761.0 0.0010434314390295185
762.0 0.000987304883892648
763.0 0.0007763997018628288
764.0 0.00056549470173195
765.0 0.00042875035433098674
766.0 0.0002920060524047585
767.0 0.0004885976522928104
768.0 0.0006851893886050675
769.0 0.0006726329502271255
770.0 0.0006600766937481239
771.0 0.0006110164576966781
772.0 0.0005619562671199674
773.0 0.0005793835498479893
774.0 0.0005968108325760113
775.0 0.0005969015091977781
776.0 0.000596992276769015
777.0 0.0004917480964650167
778.0 0.0003865040980599588
779.0 0.000617620617049397
780.0 0.0008487369996146299
781.0 0.0009842515282798558
782.0 0.0011197659659956116
783.0 0.0010144884981855284
784.0 0.0009092111213249154
785.0 0.0010524447134230286
786.0 0.0011956783055211417
787.0 0.0010391469004389364
788.0 0.0008826157682051416
789.0 0.0009614579539629631
790.0 0.0010402999578218441
791.0 0.0008140462341543753
792.0 0.0005877925104869064
793.0 0.0005718257853004616
794.0 0.0005558591055887518
795.0 0.0004774030458065681
796.0 0.0003989469860243844
797.0 0.0005224498636380304
798.0 0.0006459525138780009
799.0 0.00018199646092398325
800.0 1.6450073725068903e-10
801.0 1.6450073725068903e-10
802.0 0.00021987902982800733
803.0 0.00019842616438836558
804.0 0.000176973139787151
805.0 0.0002799363073791028
806.0 0.0003828995431831572
807.0 0.00036470014492806513
808.0 0.0003465007694103406
809.0 0.00033556584639882203
810.0 0.00032463085517520085
811.0 0.0003007315399372601
812.0 0.00027683227017405443
813.0 1.7727926149291307e-05
814.0 1.6450073725068903e-10
815.0 8.644277045277704e-05
816.0 0.00041426192183280364
817.0 0.0005169137693883386
818.0 0.0006195655714691384
819.0 0.0005147699084773194
820.0 0.0004099742909602355
821.0 1.115163854592538e-05
822.0 1.6450073725068903e-10
823.0 1.6450073725068903e-10
824.0 2.223295183512164e-05
825.0 1.6450073725068903e-10
826.0 1.6450073725068903e-10
827.0 1.6450073725068903e-10
828.0 1.6450073725068903e-10
829.0 1.6450073725068903e-10
830.0 1.6450073725068903e-10
831.0 1.6450073725068903e-10
832.0 1.6450073725068903e-10
833.0 1.6450073725068903e-10
834.0 1.6450073725068903e-10
835.0 0.00025327742605441017
836.0 0.000543163196198293
837.0 0.0002140423703167471
838.0 1.6450073725068903e-10
839.0 1.6450073725068903e-10
840.0 1.6450073725068903e-10
841.0 1.6450073725068903e-10
842.0 1.6450073725068903e-10
843.0 1.6450073725068903e-10
844.0 1.6450073725068903e-10
845.0 0.0001274071223633655
846.0 0.0002968328772112727
847.0 0.0002093120883728261
848.0 0.00012179127679701196
849.0 0.0002604699602670735
850.0 0.000399148893848178
851.0 0.00041297012103314046
852.0 0.0004267915301170433
853.0 0.00019250594505137997
854.0 1.6450073725068903e-10
855.0 1.3900682915846119e-05
856.0 6.958110816412955e-05
857.0 0.0003689862069222727
858.0 0.000668391294311732
859.0 0.00101518180599669
860.0 0.0013619723176816478
861.0 0.0013216674233262893
862.0 0.0012813625289709307
863.0 0.0014715875295223668
864.0 0.001661812530073803
865.0 0.00153360451804474
866.0 0.0014053963241167367
867.0 0.001570537278894335
868.0 0.001735678051772993
869.0 0.0018469765564077534
870.0 0.0019582750610425137
871.0 0.0017106729501392692
872.0 0.0014630708392360248
873.0 0.001767819958331529
874.0 0.0020725692593259737
875.0 0.002342885454709176
