lsstCam/transmission_filter_detector/r34_s20/r_57/19700101T000000.ecsv
# %ECSV 1.0
# ---
# datatype:
# - {name: wavelength, unit: nm, datatype: float32}
# - {name: efficiency, unit: '%', datatype: float64}
# meta: !!omap
# - {MODE: DETECTOR}
# - {TYPE: transmission_filter_detector}
# - {CALIBDATE: '1970-01-01T00:00:00'}
# - {INSTRUME: LSSTCam}
# - {OBSTYPE: transmission_filter_detector}
# - {CALIBCLS: lsst.ip.isr.IntermediateFilterDetectorTransmissionCurve}
# - {SOURCE: Materion (DM-46256)}
# - {DETECTOR: 159}
# - {FILTER: r_57}
# - {CALIB_ID: 'calibDate=1970-01-01T00:00:00 filter=r_57 detector=159'}
# - {DATE: '2025-04-02T15:59:44.920385'}
# - {CALIB_CREATION_DATE: '2025-04-02'}
# - {CALIB_CREATION_TIME: '15:59:44'}
# - __serialized_columns__:
#     efficiency:
#       __class__: astropy.units.quantity.Quantity
#       unit: !astropy.units.Unit {unit: '%'}
#       value: !astropy.table.SerializedColumn {name: efficiency}
#     wavelength:
#       __class__: astropy.units.quantity.Quantity
#       unit: !astropy.units.Unit {unit: nm}
#       value: !astropy.table.SerializedColumn {name: wavelength}
# schema: astropy-2.0
wavelength efficiency
[from data line 603]
903.0 1.6575501821797234e-10
904.0 3.388695901662686e-06
905.0 6.84932388139714e-05
906.0 7.405287760775536e-05
907.0 7.961253345456498e-05
908.0 0.00013693479559151456
909.0 0.00019425704067543847
910.0 6.653638706666243e-05
911.0 1.6575501821797234e-10
912.0 7.220825182230328e-05
913.0 0.0002056007588180364
914.0 0.00016056810636655428
915.0 0.0001155354311777046
916.0 8.129706543513748e-05
917.0 4.705867979737377e-05
918.0 0.00011858702464451198
919.0 0.0001901153495964536
920.0 0.00018907073808804853
921.0 0.0001880261152109597
922.0 0.00015872802805461106
923.0 0.00012942996363562997
924.0 0.00020550730823742924
925.0 0.0002815846073644934
926.0 0.00023390039132209495
927.0 0.0001862161639110127
928.0 0.0002257884034406743
929.0 0.0002653606543390197
930.0 0.0002375888243477675
931.0 0.0002098169716191478
932.0 0.0001516641987109324
933.0 9.351140306534944e-05
934.0 1.964394584774709e-05
935.0 1.6575501821797234e-10
936.0 1.6575501821797234e-10
937.0 1.6575501821797234e-10
938.0 1.6575501821797234e-10
939.0 1.6575501821797234e-10
940.0 1.0229540237105539e-05
941.0 3.885367618750024e-05
942.0 0.00017914417185238563
943.0 0.0003194346390955616
944.0 0.0003083897126998636
945.0 0.00029734476356679806
946.0 0.0005083712949272012
947.0 0.0007193978035502369
948.0 0.0005359594524634304
949.0 0.000352521192326094
950.0 0.00043064728743047453
951.0 0.0005087732915853849
952.0 0.0006133296665211674
953.0 0.000717886086931685
954.0 0.0008774646630627103
955.0 0.0010370436029916164
956.0 0.0011613125025178306
957.0 0.0012855812201451045
958.0 0.0014825362995907199
959.0 0.0016794914699858055
960.0 0.0018060540242004208
961.0 0.0019326163965160958
962.0 0.002089645931846462
963.0 0.0022466754671768285
964.0 0.0023094804419088177
965.0 0.002372285416640807
966.0 0.0023372003852273338
967.0 0.002302115535712801
968.0 0.002224277523055207
969.0 0.002146439510397613
970.0 0.0022142017769510858
971.0 0.002281963679706678
972.0 0.00242497626459226
973.0 0.002567989031376783
974.0 0.002808022873068694
975.0 0.0030480572604574263
976.0 0.003146073504467495
977.0 0.003244090112275444
978.0 0.0031996314646676183
979.0 0.0031551728170597926
980.0 0.003230180300306529
981.0 0.003305187783553265
982.0 0.0032688982173567638
983.0 0.003232608287362382
984.0 0.003095935608143918
985.0 0.0029592627470265143
986.0 0.0028611118978005834
987.0 0.002762960866675712
988.0 0.002727670653257519
989.0 0.002692380621738266
990.0 0.0027548885555006564
991.0 0.002817396671161987
992.0 0.002662732731550932
993.0 0.0025080689738388173
994.0 0.0025374880351591855
995.0 0.002566907278378494
996.0 0.0025981640646932647
997.0 0.0026294210329069756
998.0 0.0027722111553885043
999.0 0.0029150014597689733
1000.0 0.003015174479514826
1001.0 0.003115347499260679
1002.0 0.003310874672024511
1003.0 0.003506401480990462
1004.0 0.0036533343518385664
1005.0 0.0038002664950909093
1006.0 0.003920202289009467
1007.0 0.004040138082928024
1008.0 0.004093934330740012
1009.0 0.004147730578552
1010.0 0.004143591650063172
1011.0 0.0041394530853722245
1012.0 0.004222572169965133
1013.0 0.004305691254558042
1014.0 0.0041513365431455895
1015.0 0.003996981831733137
1016.0 0.0036148801882518455
1017.0 0.0032327778171747923
1018.0 0.0029536062356783077
1019.0 0.0026744342903839424
1020.0 0.002448357372486498
1021.0 0.0022222802726901136
1022.0 0.0019086965039605275
1023.0 0.0015951127352309413
1024.0 0.0014567747712135315
1025.0 0.0013184373528929427
1026.0 0.0010977755664498545
1027.0 0.0008771140528551769
1028.0 0.0008999976671475451
1029.0 0.0009228813723893836
1030.0 0.0008779201380093582
1031.0 0.0008329589036293328
1032.0 0.0007527435172960395
1033.0 0.000672527994538541
1034.0 0.0007254036063386593
1035.0 0.0007782791726640426
1036.0 0.0006636225407419261
1037.0 0.0005489659542945446
1038.0 0.0007232739335449878
1039.0 0.0008975817763712257
1040.0 0.0008170694854925387
1041.0 0.0007365568308159709
1042.0 0.0007729884600848891
1043.0 0.0008094200893538073
1044.0 0.0008368829185201321
1045.0 0.0008643458386359271
1046.0 0.0007781699423503596
1047.0 0.0006919941370142624
1048.0 0.0006787855454604141
1049.0 0.000665576999381301
1050.0 0.0009135269465332385
1051.0 0.0011614769391599111
1052.0 0.0011564676242414862
1053.0 0.0011514580364746507
1054.0 0.0010699936865421478
1055.0 0.0009885293366096448
1056.0 0.0009291446986026131
1057.0 0.0008697600605955813
1058.0 0.001057475856214296
1059.0 0.0012451915608835407
1060.0 0.0012975491699762642
1061.0 0.0013499065062205773
1062.0 0.001304297438764479
1063.0 0.0012586882803589106
1064.0 0.0014301305782282725
1065.0 0.001601572694198694
1066.0 0.0017729760656948201
1067.0 0.0019443790733930655
1068.0 0.002044143002422061
1069.0 0.0021439065676531754
1070.0 0.001988450821954757
1071.0 0.0018329950762563385
1072.0 0.002113645132340025
1073.0 0.002394295370322652
1074.0 0.002425462480459828
1075.0 0.0024566294086980633
1076.0 0.0024232313080574386
1077.0 0.0023898326617199928
1078.0 0.002892805241572205
1079.0 0.003395777821424417
1080.0 0.0034992553992196918
1081.0 0.0036027326132170856
1082.0 0.003975423533120193
1083.0 0.004348113725427538
1084.0 0.004137952055316418
1085.0 0.003927789657609537
1086.0 0.004515383261605166
1087.0 0.0051029768656007946
1088.0 0.004444003934622742
1089.0 0.0037850313674425706
1090.0 0.003171671778545715
1091.0 0.0025583123715477996
1092.0 0.0034477983717806637
1093.0 0.0043372841901145875
1094.0 0.0038696784031344578
1095.0 0.0034020729799522087
1096.0 0.0037052177503937855
1097.0 0.004008362520835362
1098.0 0.003183730586897582
1099.0 0.0023590986529598013
1100.0 0.0018794078641803935
1101.0 0.0013997170754009858
