lsstCam/transmission_filter_detector/r34_s20/r_57/19700101T000000.ecsv
# %ECSV 1.0
# ---
# datatype:
# - {name: wavelength, unit: nm, datatype: float32}
# - {name: efficiency, unit: '%', datatype: float64}
# meta: !!omap
# - {MODE: DETECTOR}
# - {TYPE: transmission_filter_detector}
# - {CALIBDATE: '1970-01-01T00:00:00'}
# - {INSTRUME: LSSTCam}
# - {OBSTYPE: transmission_filter_detector}
# - {CALIBCLS: lsst.ip.isr.IntermediateFilterDetectorTransmissionCurve}
# - {SOURCE: Materion (DM-46256)}
# - {DETECTOR: 159}
# - {FILTER: r_57}
# - {CALIB_ID: 'calibDate=1970-01-01T00:00:00 filter=r_57 detector=159'}
# - {DATE: '2025-04-02T15:59:44.920385'}
# - {CALIB_CREATION_DATE: '2025-04-02'}
# - {CALIB_CREATION_TIME: '15:59:44'}
# - __serialized_columns__:
#     efficiency:
#       __class__: astropy.units.quantity.Quantity
#       unit: !astropy.units.Unit {unit: '%'}
#       value: !astropy.table.SerializedColumn {name: efficiency}
#     wavelength:
#       __class__: astropy.units.quantity.Quantity
#       unit: !astropy.units.Unit {unit: nm}
#       value: !astropy.table.SerializedColumn {name: wavelength}
# schema: astropy-2.0
wavelength efficiency
300.0 0.0025111237846431322
301.0 0.0065357249695807695
302.0 0.010560324881225824
303.0 0.014008629659656435
304.0 0.017456932982895523
305.0 0.015921119484119117
306.0 0.014385305985342711
307.0 0.011709961836459115
308.0 0.009034615504788235
309.0 0.008462823461741209
310.0 0.007891030691098422
311.0 0.006889375799801201
312.0 0.00588772127230186
313.0 0.00583806868235115
314.0 0.00578841645619832
315.0 0.0052137267630314454
316.0 0.0046390352508751675
317.0 0.0044268737838137895
318.0 0.004214713044348173
319.0 0.004161799006396905
320.0 0.004108884604647756
321.0 0.004045089735882357
322.0 0.003981294503319077
323.0 0.003517094228300266
324.0 0.003052892498089932
325.0 0.0029825725505361333
326.0 0.002912252602982335
327.0 0.0028883727281936444
328.0 0.0028644935810007155
329.0 0.0028039208700647578
330.0 0.002743347613431979
331.0 0.0027233909349888563
332.0 0.002703434438444674
333.0 0.002480968578311149
334.0 0.002258502718177624
335.0 0.0019634248019428924
336.0 0.0016683467038092203
337.0 0.001601520307303872
338.0 0.0015346939107985236
339.0 0.0014656221537734382
340.0 0.0013965506695967633
341.0 0.001353490642941324
342.0 0.0013104305253364146
343.0 0.0011762434041884262
344.0 0.001042056373989908
345.0 0.001019213414110709
346.0 0.00099637045423151
347.0 0.0009909147593134549
348.0 0.0009854589734459296
349.0 0.0009360225703858305
350.0 0.0028218539227964357
351.0 0.005112120561534539
352.0 0.007402386836474761
353.0 0.00589593400945887
354.0 0.004389483001432382
355.0 0.004278843698557466
356.0 0.00416820403188467
357.0 0.004495135726756416
358.0 0.004822069968213327
359.0 0.003727348303073086
360.0 0.002632626819831785
361.0 0.0023902430257294327
362.0 0.0021478592316270806
363.0 0.0024104188923956826
364.0 0.0026729785531642847
365.0 0.0023899398001958616
366.0 0.0021069010472274385
367.0 0.0023895836420706473
368.0 0.002672266236913856
369.0 0.0035975743230665103
370.0 0.004522881863522343
371.0 0.0044906846596859396
372.0 0.004458487455849536
373.0 0.004083339808858
374.0 0.0037081921618664637
375.0 0.00280498898064252
376.0 0.0019017859813175164
377.0 0.0023077203877619468
378.0 0.002713654794206377
379.0 0.002309621049789712
380.0 0.001905587487271987
381.0 0.0022440539396484382
382.0 0.0025825202101259492
383.0 0.003162142093060538
384.0 0.0037417637940961868
385.0 0.004296742918086238
386.0 0.00485172240587417
387.0 0.00476774584967643
388.0 0.004683769657276571
389.0 0.0032394287700299174
390.0 0.001795087882783264
391.0 0.0015586885638185777
392.0 0.0013222893358033616
393.0 0.001613828499102965
394.0 0.0019053677533520386
395.0 0.00127551402329118
396.0 0.0006456602932303213
397.0 0.0005552868515223963
398.0 0.0004649133643397363
399.0 0.0010373564691690262
400.0 0.001609799983270932
401.0 0.0013747321645496413
402.0 0.001139664527727291
403.0 0.0008765844540903345
404.0 0.0006135045623523183
405.0 0.0008259937203547452
406.0 0.0010384830602561124
407.0 0.0011729100151569583
408.0 0.001307336879108334
409.0 0.001465100831410382
410.0 0.0016228646927629597
411.0 0.0015489769793930463
412.0 0.0014750889931747224
413.0 0.0018416916645946912
414.0 0.0022082946088630706
415.0 0.0020236802811268717
416.0 0.0018390663171885535
417.0 0.001446661917725578
418.0 0.0010542575182626024
419.0 0.001589681050973013
420.0 0.002125104219885543
421.0 0.003910827945219353
422.0 0.005696551670553163
423.0 0.009043733007274568
424.0 0.012390913616400212
425.0 0.01632990752113983
426.0 0.02026890288107097
427.0 0.020423621754162014
428.0 0.0205783435376361
429.0 0.01647227763896808
430.0 0.012366210285108536
431.0 0.008619489381089807
432.0 0.004872766294283792
433.0 0.004088551213499159
434.0 0.003304335768916644
435.0 0.0026679639631765895
436.0 0.0020315921574365348
437.0 0.0014187966371537186
438.0 0.0008060012987698428
439.0 0.0008713659553905018
440.0 0.0009367307939101011
441.0 0.0011161948350491002
442.0 0.0012956590580870397
443.0 0.0016129371942952275
444.0 0.001930215148604475
445.0 0.001569844243931584
446.0 0.0012094734302081633
447.0 0.00124466796478373
448.0 0.001279862135561416
449.0 0.001394774517393671
450.0 0.0015096865354280453
451.0 0.0015375184375443496
452.0 0.0015653502487111837
453.0 0.0015605761291226372
454.0 0.00155580164573621
455.0 0.0012790594155376311
456.0 0.0010023172762885224
457.0 0.0009392891115567181
458.0 0.0008762607649259735
459.0 0.000985995302471565
460.0 0.0010957298400171567
461.0 0.0017004300389089622
462.0 0.002305130510649178
463.0 0.003239251600462012
464.0 0.004173373235971667
465.0 0.005114813393447548
466.0 0.006056253550923429
467.0 0.006516129360534251
468.0 0.006976005533942953
469.0 0.006008503260090947
470.0 0.005041001350036822
471.0 0.0037286030419636518
472.0 0.0024162047338904813
473.0 0.0017950969777302817
474.0 0.001173989221570082
475.0 0.0010003556781157386
476.0 0.0008267221346613951
477.0 0.0008197453098546248
478.0 0.0008127685759973247
479.0 0.0007172877758421237
480.0 0.0006218069756869227
481.0 0.0005005327693652362
482.0 0.00037925856304354966
483.0 0.00044134294512332417
484.0 0.0005034274181525689
485.0 0.0005818606496177381
486.0 0.0006602937901334371
487.0 0.0005468669314723229
488.0 0.0004334400273364736
489.0 0.0007138823548302753
490.0 0.000994324727798812
491.0 0.0008893265658116434
492.0 0.000784328585723415
493.0 0.0008760101081861649
494.0 0.0009676913578005042
495.0 0.0009950014828064013
496.0 0.0010223116078122985
497.0 0.001035346940625459
498.0 0.0010483822734386194
499.0 0.0011568215995794162
500.0 0.001265260925720213
501.0 0.0014853412722004578
502.0 0.0017054215277312323
503.0 0.0019797713321167976
504.0 0.0022541205908055417
505.0 0.002741826574492734
506.0 0.0032295323762809858
507.0 0.004035209713038057
508.0 0.004840887413593009
509.0 0.005257200245978311
510.0 0.005673513078363612
511.0 0.005142811642144807
512.0 0.00461210984212812
513.0 0.003881936936522834
514.0 0.003151763667119667
515.0 0.002962371945613995
516.0 0.002772980406007264
517.0 0.002772477819235064
518.0 0.002771975050563924
519.0 0.009303531260229647
520.0 0.06614781450480223
521.0 0.02191476378357038
522.0 0.042906892485916615
523.0 0.15534646809101105
524.0 0.13248667819425464
525.0 0.15807480085641146
526.0 0.10783742181956768
527.0 0.13422113843262196
528.0 0.1872492372058332
529.0 0.16925372183322906
530.0 0.21452312357723713
531.0 0.2260197652503848
532.0 0.21868611220270395
533.0 0.27068406343460083
534.0 0.40710214525461197
535.0 0.5214133765548468
536.0 0.8275101892650127
537.0 1.2934600003063679
538.0 1.990635134279728
539.0 3.229895234107971
540.0 4.949500784277916
541.0 7.1738287806510925
542.0 10.106365382671356
543.0 13.718374073505402
544.0 18.059757351875305
545.0 23.106664419174194
546.0 29.053080081939697
547.0 36.15236580371857
548.0 44.78168785572052
549.0 52.75197625160217
550.0 58.792877197265625
551.0 65.94467759132385
552.0 70.29564380645752
553.0 75.07573962211609
554.0 78.62969040870667
555.0 82.5505018234253
556.0 85.85899472236633
557.0 88.6764645576477
558.0 91.238534450531
559.0 93.960040807724
560.0 93.78184676170349
561.0 95.42400240898132
562.0 95.91378569602966
563.0 95.65418362617493
564.0 96.07505798339844
565.0 95.56915760040283
566.0 95.98843455314636
567.0 95.48726677894592
568.0 95.96955180168152
569.0 97.10911512374878
570.0 96.59704566001892
571.0 97.11819291114807
572.0 96.84303402900696
573.0 96.89683318138123
574.0 97.12787866592407
575.0 97.1434473991394
576.0 97.6492702960968
577.0 97.2548246383667
578.0 97.13246822357178
579.0 97.21173644065857
580.0 96.95747494697571
581.0 96.72759175300598
582.0 97.02727794647217
583.0 96.98588848114014
584.0 96.45082354545593
585.0 96.5782642364502
586.0 96.55201435089111
587.0 96.56872749328613
588.0 96.58058881759644
589.0 97.49179482460022
590.0 96.74702286720276
591.0 95.81433534622192
592.0 95.90449333190918
593.0 96.16924524307251
594.0 96.00799083709717
595.0 96.64394855499268
596.0 96.9885528087616
597.0 97.41289615631104
598.0 97.14637398719788
599.0 97.07874059677124
600.0 96.80383205413818
601.0 96.17258310317993
602.0 96.7422366142273
603.0 96.39244675636292
604.0 96.29273414611816
605.0 96.69471979141235
606.0 96.29636406898499
607.0 96.20370864868164
608.0 96.35091423988342
609.0 95.87134718894958
610.0 96.05443477630615
611.0 95.88499069213867
612.0 96.05106711387634
613.0 96.92484736442566
614.0 97.18855023384094
615.0 96.55219316482544
616.0 96.66705131530762
617.0 96.63878083229065
618.0 96.46252393722534
619.0 97.017902135849
620.0 96.20246291160583
621.0 95.95301747322083
622.0 96.8004822731018
623.0 96.718829870224
624.0 96.7349648475647
625.0 96.95996642112732
626.0 96.15756273269653
627.0 95.3309714794159
628.0 97.51928448677063
629.0 95.91038823127747
630.0 96.60110473632812
631.0 96.08031511306763
632.0 97.07881808280945
633.0 96.63428068161011
634.0 95.8178162574768
635.0 96.37027978897095
636.0 96.43285274505615
637.0 95.65507769584656
638.0 95.38505673408508
639.0 95.44724822044373
640.0 95.69999575614929
641.0 95.7064151763916
642.0 96.51283025741577
643.0 96.43244743347168
644.0 95.95306515693665
645.0 96.24456763267517
646.0 96.44811749458313
647.0 97.2228467464447
648.0 96.60308361053467
649.0 95.9614634513855
650.0 96.92419767379761
651.0 97.14387059211731
652.0 97.16165661811829
653.0 95.86000442504883
654.0 96.77985906600952
655.0 96.68051600456238
656.0 95.9968626499176
657.0 96.1591362953186
658.0 96.40122652053833
659.0 96.23282551765442
660.0 95.9639847278595
661.0 95.6476628780365
662.0 95.90606689453125
663.0 95.84270715713501
664.0 95.78220844268799
665.0 95.6194818019867
666.0 95.30081152915955
667.0 95.98594307899475
668.0 95.24304866790771
669.0 95.99262475967407
670.0 95.4872727394104
671.0 95.6150770187378
672.0 95.42098045349121
673.0 95.51315903663635
674.0 95.36558389663696
675.0 95.76226472854614
676.0 95.09417414665222
677.0 94.01684999465942
678.0 93.34676861763
679.0 92.30312705039978
680.0 91.21769666671753
681.0 90.00335335731506
682.0 87.1759831905365
683.0 84.51258540153503
684.0 80.88127374649048
685.0 77.36809849739075
686.0 73.34796190261841
687.0 68.49585175514221
688.0 64.28427696228027
689.0 60.11255979537964
690.0 54.812902212142944
691.0 50.97045302391052
692.0 46.178194880485535
693.0 41.670238971710205
694.0 36.33820414543152
695.0 31.14236295223236
696.0 25.53577423095703
697.0 20.299048721790314
698.0 14.698368310928345
699.0 10.358712077140808
700.0 7.0498935878276825
701.0 4.3120115995407104
702.0 2.6980085298419
703.0 1.5872694551944733
704.0 0.9283721446990967
705.0 0.5164653528481722
706.0 0.32651410438120365
707.0 0.24052681401371956
708.0 0.1540462952107191
709.0 0.14367826515808702
710.0 0.09450866491533816
711.0 0.08122393628582358
712.0 0.03822462749667466
713.0 0.05845376290380955
714.0 0.06406416650861502
715.0 0.03416482650209218
716.0 0.025710402405820787
717.0 0.04980047233402729
718.0 0.07351330132223666
719.0 0.04786261997651309
720.0 1.6575501821797234e-10
721.0 0.004337367136031389
722.0 0.004215133958496153
723.0 0.004092901144758798
724.0 0.0037383691960712895
725.0 0.0033838368835859
726.0 0.003222520535928197
727.0 0.0030612041882704943
728.0 0.0029121836632839404
729.0 0.0027631631382973865
730.0 0.0026007628548541106
731.0 0.0024383623895118944
732.0 0.0023638915081392042
733.0 0.0022894209905643947
734.0 0.002161457268812228
735.0 0.0020334937289590016
736.0 0.0019116470866720192
737.0 0.0017898006262839772
738.0 0.0017191152437590063
739.0 0.001648429679335095
740.0 0.0016492784197907895
741.0 0.0016501269783475436
742.0 0.0015312863979488611
743.0 0.001412445544701768
744.0 0.0014932042176951654
745.0 0.001573962981638033
746.0 0.0013854896678822115
747.0 0.00119701626317692
748.0 0.0012276185771042947
749.0 0.0012582209819811396
750.0 0.0011762082067434676
751.0 0.001094195613404736
752.0 0.0011009874469891656
753.0 0.0011077795534220058
754.0 0.0011286512744845822
755.0 0.0011495228136482183
756.0 0.0011118724614789244
757.0 0.0010742220183601603
758.0 0.0010811346328409854
759.0 0.001088047520170221
760.0 0.001096194228011882
761.0 0.001104341026803013
762.0 0.0009952267646440305
763.0 0.0008861125934345182
764.0 0.000950627691054251
765.0 0.0010151425158255734
766.0 0.0008561301910958719
767.0 0.0006971178663661703
768.0 0.0007206358986877603
769.0 0.0007441538400598802
770.0 0.0007848463610571343
771.0 0.0008255387001554482
772.0 0.0008770318345341366
773.0 0.0009285246960644145
774.0 0.0009231161129719112
775.0 0.0009177073479804676
776.0 0.0009449106073589064
777.0 0.0009721142305352259
778.0 0.0008159703611454461
779.0 0.0006598267191293417
780.0 0.0006576242867595283
781.0 0.0006554218089149799
782.0 0.0007387285222648643
783.0 0.000822035417513689
784.0 0.0008023250302358065
785.0 0.0007826145520084538
786.0 0.0007469152478734031
787.0 0.0007112159892130876
788.0 0.0006434634542529238
789.0 0.0005757109647674952
790.0 0.0005422235517471563
791.0 0.0005087360932520824
792.0 0.0005281348421704024
793.0 0.0005475335456139874
794.0 0.000662432876197272
795.0 0.0007773322977300268
796.0 0.0006484463938249974
797.0 0.0005195606263441732
798.0 0.0005536046955967322
799.0 0.0005876488557987614
800.0 0.0006643404503847705
801.0 0.0007410317721223691
802.0 0.0007621079930686392
803.0 0.0007831841685401741
804.0 0.0006819592272222508
805.0 0.0005807343768537976
806.0 0.0005360464456316549
807.0 0.0004913584234600421
808.0 0.0006009843218635069
809.0 0.0007106100838427665
810.0 0.0007116985216271132
811.0 0.0007127867320377845
812.0 0.0005811772098240908
813.0 0.00044956746023672167
814.0 0.0005332475666364189
815.0 0.0006169274911371758
816.0 0.0007281543730641715
817.0 0.0008393813004659023
818.0 0.0006953532647457905
819.0 0.0005513252745004138
820.0 0.0006420159934350522
821.0 0.0007327066668949556
822.0 0.0006785205641790526
823.0 0.0006243345524126198
824.0 0.0005580530796578387
825.0 0.0004917716523777926
826.0 0.0004982566679245792
827.0 0.0005047416834713658
828.0 0.00046611107791250106
829.0 0.00042748060877784155
830.0 0.00014729751001141267
831.0 1.6575501821797234e-10
832.0 1.6575501821797234e-10
833.0 1.6575501821797234e-10
834.0 1.6575501821797234e-10
835.0 1.6575501821797234e-10
836.0 6.150268916371715e-06
837.0 4.0987981719808886e-05
838.0 0.0006120790658314945
839.0 0.001183170206786599
840.0 0.001519690158602316
841.0 0.0018562102923169732
842.0 0.0023561977286590263
843.0 0.00285618552879896
844.0 0.0032071606256067753
845.0 0.0035581357224145904
846.0 0.0036787027056561783
847.0 0.0037992693250998855
848.0 0.0035013086744584143
849.0 0.003203348023816943
850.0 0.002540344030421693
851.0 0.0018773393094306812
852.0 0.001644786425458733
853.0 0.0014122333595878445
854.0 0.001238572622241918
855.0 0.0010649118848959915
856.0 0.0008770579370320775
857.0 0.0006892038527439581
858.0 0.0005758276984124677
859.0 0.0004624517259799177
860.0 0.0003700645720527973
861.0 0.000277677463600412
862.0 0.0003739070734809502
863.0 0.0004701366378867533
864.0 0.0003633163260019501
865.0 0.00025649601411714684
866.0 0.00026401203285786323
867.0 0.0002715280288612121
868.0 0.00020155769107077504
869.0 0.0001315873078056029
870.0 0.00021408886823337525
871.0 0.0002965904286611476
872.0 0.0002363464091104106
873.0 0.00017610241229704116
874.0 0.00023009786218608497
875.0 0.0002840932666003937
876.0 0.00012516245533333858
877.0 1.6575501821797234e-10
878.0 2.896195212542807e-05
879.0 9.169224881588889e-05
880.0 0.00013486321677191881
881.0 0.00017803421314965817
882.0 0.00016414305719081312
883.0 0.00015025191260065185
884.0 0.00012432300309228594
885.0 9.839408221523627e-05
886.0 0.00016173058838830912
887.0 0.0002250670831926982
888.0 0.0002465209036017768
889.0 0.0002679747694855905
890.0 0.00015740847629786003
891.0 4.6842203005326155e-05
892.0 5.3757349860461545e-05
893.0 6.0672476820400334e-05
894.0 2.398877256837295e-05
895.0 1.6575501821797234e-10
896.0 1.6575501821797234e-10
897.0 1.6575501821797234e-10
898.0 2.744510538832401e-05
899.0 5.961479132565728e-05
900.0 1.6575501821797234e-10
901.0 1.6575501821797234e-10
