lsstCam/transmission_sensor/r03_s02/19700101T000000.ecsv
# %ECSV 1.0
# ---
# datatype:
# - {name: amp_name, datatype: string}
# - {name: wavelength, unit: nm, datatype: float32}
# - {name: efficiency, unit: '%', datatype: float64}
# meta: !!omap
# - {MODE: AMP}
# - {TYPE: transmission_sensor}
# - {CALIBDATE: '1970-01-01T00:00:00'}
# - {INSTRUME: LSSTCam}
# - {OBSTYPE: transmission_sensor}
# - {DETECTOR: 20}
# - {PARQUETFILE: qe_raft_allvalues_nircorrected_20230725_adjust.parquet}
# - {CORRFILE: qe_corr_factor_bydetnum.parquet}
# - {CALIBCLS: lsst.ip.isr.IntermediateSensorTransmissionCurve}
# - {CALIB_ID: 'raftName=R03 detectorName=S02 detector=20 calibDate=1970-01-01T00:00:00 ccd=20 ccdnum=20 filter=None'}
# - {DATE: '2025-03-03T21:56:47.484927'}
# - {CALIB_CREATION_DATE: '2025-03-03'}
# - {CALIB_CREATION_TIME: '21:56:47'}
# - __serialized_columns__:
#     efficiency:
#       __class__: astropy.units.quantity.Quantity
#       unit: !astropy.units.Unit {unit: '%'}
#       value: !astropy.table.SerializedColumn {name: efficiency}
#     wavelength:
#       __class__: astropy.units.quantity.Quantity
#       unit: !astropy.units.Unit {unit: nm}
#       value: !astropy.table.SerializedColumn {name: wavelength}
# schema: astropy-2.0
amp_name wavelength efficiency
C00 319.992 50.960962048188705
C00 330.006 55.923697444757394
C00 349.994 65.40312288439587
C00 370.001 75.26369642351212
C00 400.009 86.8986652230191
C00 429.983 88.13610929073228
C00 449.989 87.73698477986343
C00 469.993 87.24266357785073
C00 500.016 87.79729759731121
C00 549.99 90.64981834472805
C00 569.998 91.91103523789057
C00 599.983 94.2464556288268
C00 630.013 96.21512862170532
C00 649.987 97.00069328280901
C00 670.017 97.81881572417502
C00 699.987 98.96931358101428
C00 720.012 99.43637658133223
C00 749.995 99.84025114060465
C00 770.007 100.0144446747711
C00 800.008 100.09078420069945
C00 830.013 99.27653858172306
C00 869.994 96.03554517524573
C00 900.005 90.55241600511786
C00 919.989 83.96348911669354
C00 959.989 71.6317838195731
C00 1000.013 38.0142158165292
C00 1030.002 16.508943782879612
C00 1049.996 8.803214458234898
C00 1080.005 0.6921439929867519
C00 1100.007 0.09415315131029188
C01 319.992 50.83065564903481
C01 330.006 55.746248132564716
C01 349.994 65.2694289705326
C01 370.001 75.39065294700897
C01 400.009 87.33709996013759
C01 429.983 88.63956172683935
C01 449.989 88.22614943170741
C01 469.993 87.68234793150647
C01 500.016 88.16518922255963
C01 549.99 90.96181597727181
C01 569.998 92.22591602184252
C01 599.983 94.57185276399873
C01 630.013 96.55834408424856
C01 649.987 97.3523323652629
C01 670.017 98.16716515345558
C01 699.987 99.34177458721511
C01 720.012 99.83361913958474
C01 749.995 100.25291065469006
C01 770.007 100.42160135940638
C01 800.008 100.5200575924817
C01 830.013 99.74616856540965
C01 869.994 96.4684168604304
C01 900.005 90.95350527451815
C01 919.989 84.42487614792067
C01 959.989 72.04435299993293
C01 1000.013 38.271467447464254
C01 1030.002 16.63340295525461
C01 1049.996 8.86848433887406
C01 1080.005 0.6950047568503093
C01 1100.007 0.0945423043415076
C02 319.992 50.269611698963146
C02 330.006 55.1057029761693
C02 349.994 64.58766528793457
C02 370.001 74.86052947842343
C02 400.009 87.01856066029951
C02 429.983 88.35732905687529
C02 449.989 87.92290664273477
C02 469.993 87.33472869984104
C02 500.016 87.74793774409041
C02 549.99 90.47572267209765
C02 569.998 91.73377788486475
C02 599.983 94.070493059201
C02 630.013 96.05745863151014
C02 649.987 96.85830474785836
C02 670.017 97.67363437154174
C02 699.987 98.86396940136324
C02 720.012 99.37007162675408
C02 749.995 99.80285297821317
C02 770.007 99.97520219881562
C02 800.008 100.08655357121796
C02 830.013 99.33764181926968
C02 869.994 96.04655083414596
C02 900.005 90.53434173219074
C02 919.989 84.14191328034147
C02 959.989 71.98364873634095
C02 1000.013 38.24325697774564
C02 1030.002 16.591324376706343
C02 1049.996 8.83692211154578
C02 1080.005 0.691884736168362
C02 1100.007 0.09411788430415237
C03 319.992 50.09979182267703
C03 330.006 54.90611813730348
C03 349.994 64.40269192918186
C03 370.001 74.89794269643583
C03 400.009 87.35492581531936
C03 429.983 88.7424142012264
C03 449.989 88.27422955714913
C03 469.993 87.65276363637794
C03 500.016 88.00289715673878
C03 549.99 90.66751622713191
C03 569.998 91.90716594331141
C03 599.983 94.25393074461881
C03 630.013 96.25796186325273
C03 649.987 97.06955769294534
C03 670.017 97.90538554452567
C03 699.987 99.12211307783842
C03 720.012 99.62973592094326
C03 749.995 100.08625998660982
C03 770.007 100.2811474717453
C03 800.008 100.41966671211681
C03 830.013 99.67361552814533
C03 869.994 96.37442461896099
C03 900.005 90.82143736771538
C03 919.989 84.45951160387139
C03 959.989 72.30569599585586
C03 1000.013 38.39619573906338
C03 1030.002 16.6551752650728
C03 1049.996 8.868722405880023
C03 1080.005 0.6938494964592786
C03 1100.007 0.09438515292864896
C04 319.992 49.513111914065874
C04 330.006 54.24672710740825
C04 349.994 63.6742181826468
C04 370.001 74.28275496959269
C04 400.009 86.93741086348386
C04 429.983 88.36929074770461
C04 449.989 87.85531443256707
C04 469.993 87.19436514590554
C04 500.016 87.4882358108489
C04 549.99 90.08329038473244
C04 569.998 91.29983725059402
C04 599.983 93.64782155719678
C04 630.013 95.65612094436452
C04 649.987 96.47530480700613
C04 670.017 97.33732191119515
C04 699.987 98.56573260635
C04 720.012 99.06692669931749
C04 749.995 99.53776113267854
C04 770.007 99.76045634967275
C04 800.008 99.90651845613046
C04 830.013 99.16683579981262
C04 869.994 95.90547966602672
C04 900.005 90.37502315150368
C04 919.989 84.1062013474942
C04 959.989 72.04576070048994
C04 1000.013 38.21566378848517
C04 1030.002 16.576539756952542
C04 1049.996 8.832746999666478
C04 1080.005 0.6900470628244265
C04 1100.007 0.09386790346466865
C05 319.992 49.43154808767463
C05 330.006 54.12496477313243
C05 349.994 63.57682337084708
C05 370.001 74.39899941879746
C05 400.009 87.3860909506456
C05 429.983 88.8798946037537
C05 449.989 88.34261971522614
C05 469.993 87.64007174793349
C05 500.016 87.88937024711198
C05 549.99 90.44166685755275
C05 569.998 91.65831911276085
C05 599.983 94.01909316934412
C05 630.013 96.04694980810062
C05 649.987 96.87785447163667
C05 670.017 97.75558964407718
C05 699.987 99.00166811039404
C05 720.012 99.51909969053511
C05 749.995 100.01083885355823
C05 770.007 100.2477842157632
C05 800.008 100.40990314194335
C05 830.013 99.68594608168746
C05 869.994 96.44179852262519
C05 900.005 90.90358836332291
C05 919.989 84.6592921658093
C05 959.989 72.55566447016575
C05 1000.013 38.48573528064259
C05 1030.002 16.672598382394675
C05 1049.996 8.89546495255791
C05 1080.005 0.6933267044958495
C05 1100.007 0.09431403693062643
C06 319.992 49.02534743496843
C06 330.006 53.64109217204553
C06 349.994 63.03874300659974
C06 370.001 73.99689389498437
C06 400.009 87.24242268791585
C06 429.983 88.81553935208606
C06 449.989 88.27665351211894
C06 469.993 87.54644836917687
C06 500.016 87.73992062594489
C06 549.99 90.22112459435161
C06 569.998 91.42546135163852
C06 599.983 93.7693430015377
C06 630.013 95.79537791016162
C06 649.987 96.63685914740138
C06 670.017 97.51244889385929
C06 699.987 98.78621464706741
C06 720.012 99.32393367641242
C06 749.995 99.83441708749406
C06 770.007 100.06884816100363
C06 800.008 100.265820849638
C06 830.013 99.57548299092002
C06 869.994 96.357404239499
C06 900.005 90.83035782311673
C06 919.989 84.63530103385648
C06 959.989 72.61213810427624
C06 1000.013 38.42070252603308
C06 1030.002 16.649542580892156
C06 1049.996 8.895452719865904
C06 1080.005 0.6921036623003068
C06 1100.007 0.09414766508016957
C07 319.992 48.75258098666445
C07 330.006 53.28658875770961
C07 349.994 62.687901872055164
C07 370.001 73.9390501993692
C07 400.009 87.65704696053268
C07 429.983 89.32563131702352
C07 449.989 88.74916664721374
C07 469.993 87.95248341005284
C07 500.016 88.05712750333062
C07 549.99 90.40942524532998
C07 569.998 91.58117411111272
C07 599.983 93.88663381639715
C07 630.013 95.89511387101604
C07 649.987 96.72953402203936
C07 670.017 97.60035866447276
C07 699.987 98.88631194282416
C07 720.012 99.44288060957422
C07 749.995 99.97415583316095
C07 770.007 100.21911831351144
C07 800.008 100.43641609040205
C07 830.013 99.78896416790474
C07 869.994 96.594560380397
C07 900.005 90.95906832645198
C07 919.989 84.81176043897297
C07 959.989 73.08188853293028
C07 1000.013 38.40951619968168
C07 1030.002 16.656127533096655
C07 1049.996 8.903175312426967
C07 1080.005 0.6930724232970855
C07 1100.007 0.09427944676380394
C10 319.992 51.038193619657186
C10 330.006 56.079801650375785
C10 349.994 65.44210188698506
C10 370.001 75.31081298921427
C10 400.009 86.85709665362985
C10 429.983 88.04015229073143
C10 449.989 87.48304162162786
C10 469.993 87.09584869034649
C10 500.016 87.65699426585942
C10 549.99 90.6172455088448
C10 569.998 91.79165169172178
C10 599.983 94.18175409787776
C10 630.013 96.17077476244391
C10 649.987 96.97078529183048
C10 670.017 97.92350498431558
C10 699.987 99.09563776843204
C10 720.012 99.42732815315296
C10 749.995 99.82997567931955
C10 770.007 100.13750179244694
C10 800.008 100.2338050717292
C10 830.013 99.29505699546763
C10 869.994 95.93130758373307
C10 900.005 90.42055134919765
C10 919.989 84.13259385098546
C10 959.989 72.13037329011962
C10 1000.013 37.75621893235809
C10 1030.002 16.604364426384812
C10 1049.996 8.833793365321151
C10 1080.005 0.6920728961150493
C10 1100.007 0.09414347992025322
C11 319.992 50.81841542921827
C11 330.006 55.814397400706845
C11 349.994 65.1885275914623
C11 370.001 75.31535225892483
C11 400.009 87.1307702030949
C11 429.983 88.38005551666996
C11 449.989 87.80281548238226
C11 469.993 87.3979924189912
C11 500.016 87.9038462266367
C11 549.99 90.7800042989145
C11 569.998 91.93130010366309
C11 599.983 94.31208308046305
C11 630.013 96.31529366775625
C11 649.987 97.11666673083703
C11 670.017 98.08928995419232
C11 699.987 99.26491564236467
C11 720.012 99.59705016790303
C11 749.995 100.02353074200268
C11 770.007 100.35695252313062
C11 800.008 100.46830389553296
C11 830.013 99.54808176082642
C11 869.994 96.15141323392723
C11 900.005 90.52935832166273
C11 919.989 84.2711507304093
C11 959.989 72.42769922006656
C11 1000.013 37.7395787073246
C11 1030.002 16.70468943840814
C11 1049.996 8.949881612458762
C11 1080.005 0.6934147544475888
C11 1100.007 0.09432601446783397
C12 319.992 50.454709266588544
C12 330.006 55.3905929632276
C12 349.994 64.76770040302208
C12 370.001 75.1244620411464
C12 400.009 87.24855032563458
C12 429.983 88.55191542959216
C12 449.989 87.9592358560402
C12 469.993 87.51782010597744
C12 500.016 87.96141892107512
C12 549.99 90.78138188822965
C12 569.998 91.92213875832685
C12 599.983 94.28828767158232
C12 630.013 96.28398550403118
C12 649.987 97.09388004855865
C12 670.017 98.08028669287586
C12 699.987 99.28305766558599
C12 720.012 99.62163599688262
C12 749.995 100.06310444161863
C12 770.007 100.40570262370373
C12 800.008 100.52571097814113
C12 830.013 99.61613316743251
C12 869.994 96.2058543592121
C12 900.005 90.4542533566507
C12 919.989 84.21015288220919
C12 959.989 72.55050039218658
C12 1000.013 37.75899669441977
C12 1030.002 16.652773893534377
C12 1049.996 8.957341672629848
C12 1080.005 0.6936891163415696
C12 1100.007 0.09436333623495105
C13 319.992 50.04861023932363
C13 330.006 54.92952586394525
C13 349.994 64.28394824690261
C13 370.001 74.81844149011208
C13 400.009 87.18529413429488
C13 429.983 88.53361532235108
C13 449.989 87.91156223236361
C13 469.993 87.43709186654783
C13 500.016 87.81449864422436
C13 549.99 90.5356515712117
C13 569.998 91.64593586454546
C13 599.983 94.00536997086591
C13 630.013 96.0075643037463
C13 649.987 96.8248436303402
C13 670.017 97.82994935585316
C13 699.987 99.03835113079131
C13 720.012 99.38524016484162
C13 749.995 99.84727458776875
C13 770.007 100.2180644200463
C13 800.008 100.35424251136311
C13 830.013 99.45132681291625
C13 869.994 96.09278664602368
C13 900.005 90.37436070418273
C13 919.989 84.05552412744198
C13 959.989 72.3021955639895
C13 1000.013 37.67228384567028
C13 1030.002 16.585123342835573
C13 1049.996 8.940037118322799
C13 1080.005 0.6921929088559651
C13 1100.007 0.09415980539279808
C14 319.992 49.66058548498583
C14 330.006 54.48787675175807
C14 349.994 63.80834118170659
C14 370.001 74.51168321365215
C14 400.009 87.14174575075326
C14 429.983 88.54235511030126
C14 449.989 87.87487168415586
C14 469.993 87.37611660177912
C14 500.016 87.69722288498585
C14 549.99 90.3478778669659
C14 569.998 91.43198796331191
C14 599.983 93.79002189688582
C14 630.013 95.8057888720351
C14 649.987 96.62872911209888
C14 670.017 97.65661399207976
C14 699.987 98.88292442811479
C14 720.012 99.22702817229295
C14 749.995 99.70437416170645
C14 770.007 100.10459773290322
C14 800.008 100.25618525224245
C14 830.013 99.3444469599303
C14 869.994 96.01164437701848
C14 900.005 90.31516200268382
C14 919.989 83.95756472985737
C14 959.989 72.1194278537031
C14 1000.013 37.568396297344265
C14 1030.002 16.509043526368277
C14 1049.996 8.918440771074236
C14 1080.005 0.6912022825093905
C14 1100.007 0.0940250493402338
C15 319.992 49.21589513737069
C15 330.006 53.97104363254897
C15 349.994 63.244252232301726
C15 370.001 74.09903875518768
C15 400.009 86.97081928632875
C15 429.983 88.43616781587811
C15 449.989 87.75748300776037
C15 469.993 87.23971267614834
C15 500.016 87.51955903019491
C15 549.99 90.09555318798037
C15 569.998 91.15165982939556
C15 599.983 93.48927834098764
C15 630.013 95.49465693769484
C15 649.987 96.31843276472027
C15 670.017 97.3606807070689
C15 699.987 98.60251348828332
C15 720.012 98.94378677572654
C15 749.995 99.43688847244385
C15 770.007 99.85469700888751
C15 800.008 100.02149823317706
C15 830.013 99.11984720688837
C15 869.994 95.8329717956252
C15 900.005 90.16446276497949
C15 919.989 83.82384070475223
C15 959.989 72.01777982899051
C15 1000.013 37.49540288316773
C15 1030.002 16.438925735789482
C15 1049.996 8.890553056229319
C15 1080.005 0.6893479587187258
C15 1100.007 0.09377280352114152
C16 319.992 49.056523862010366
C16 330.006 53.749025918496635
C16 349.994 63.0171381905644
C16 370.001 74.058757441388
C16 400.009 87.2445154192252
C16 429.983 88.8035023831521
C16 449.989 88.1390074977614
C16 469.993 87.60392320207924
C16 500.016 87.83367950528988
C16 549.99 90.32596441070149
C16 569.998 91.34764637485897
C16 599.983 93.64474268271648
C16 630.013 95.63307078871985
C16 649.987 96.45886406894996
C16 670.017 97.4887513465146
C16 699.987 98.75708954837727
C16 720.012 99.12810521496877
C16 749.995 99.64295475612028
C16 770.007 100.05844472694062
C16 800.008 100.25927918234368
C16 830.013 99.39370895161505
C16 869.994 96.12513364759296
C16 900.005 90.43194845424209
C16 919.989 84.07676760857498
C16 959.989 72.23766717268117
C16 1000.013 37.621738362301194
C16 1030.002 16.441791949624132
C16 1049.996 8.921906386817186
C16 1080.005 0.6907765283163598
C16 1100.007 0.0939671335028306
C17 319.992 48.78005373095747
C17 330.006 53.376869788619636
C17 349.994 62.60319518479467
C17 370.001 73.83384152030654
C17 400.009 87.41790347767186
C17 429.983 89.10451694022701
C17 449.989 88.47090866117534
C17 469.993 87.8807132650769
C17 500.016 88.0362980517732
C17 549.99 90.38498244474924
C17 569.998 91.38365942012484
C17 599.983 93.6297397564592
C17 630.013 95.59632001802838
C17 649.987 96.41501457298975
C17 670.017 97.41922448905733
C17 699.987 98.70610368809596
C17 720.012 99.10898457638697
C17 749.995 99.65192037838442
C17 770.007 100.05145891882886
C17 800.008 100.27809870850686
C17 830.013 99.46616412734332
C17 869.994 96.21562545719603
C17 900.005 90.42472928400589
C17 919.989 84.06865262889342
C17 959.989 72.35028321724167
C17 1000.013 37.69429139956551
C17 1030.002 16.40702099308503
C17 1049.996 8.918676015151275
C17 1080.005 0.690838687321596
C17 1100.007 0.09397558906451228
