lsstCam/transmission_sensor/r03_s02/19700101T000000.ecsv
# %ECSV 1.0
# ---
# datatype:
# - {name: amp_name, datatype: string}
# - {name: wavelength, unit: nm, datatype: float32}
# - {name: efficiency, unit: '%', datatype: float64}
# meta: !!omap
# - {MODE: AMP}
# - {TYPE: transmission_sensor}
# - {CALIBDATE: '1970-01-01T00:00:00'}
# - {INSTRUME: LSSTCAM}
# - {OBSTYPE: transmission_sensor}
# - {DETECTOR: 20}
# - {PARQUETFILE: qe_raft_allvalues_nircorrected_20230725.parquet}
# - {CALIBCLS: lsst.ip.isr.IntermediateSensorTransmissionCurve}
# - {CALIB_ID: 'raftName=R03 detectorName=S02 detector=20 calibDate=1970-01-01T00:00:00 ccd=20 ccdnum=20 filter=None'}
# - {DATE: '2024-01-18T22:42:25.042427'}
# - {CALIB_CREATION_DATE: '2024-01-18'}
# - {CALIB_CREATION_TIME: '22:42:25'}
# - __serialized_columns__:
#     efficiency:
#       __class__: astropy.units.quantity.Quantity
#       unit: !astropy.units.Unit {unit: '%'}
#       value: !astropy.table.SerializedColumn {name: efficiency}
#     wavelength:
#       __class__: astropy.units.quantity.Quantity
#       unit: !astropy.units.Unit {unit: nm}
#       value: !astropy.table.SerializedColumn {name: wavelength}
# schema: astropy-2.0
amp_name wavelength efficiency
C00 319.992 50.59370409599642
C00 330.006 56.657315653457665
C00 349.994 67.75783392605273
C00 370.001 77.97470444553862
C00 400.009 86.29093825073492
C00 429.983 85.17957896915863
C00 449.989 84.50686593307496
C00 469.993 84.59082840626759
C00 500.016 85.78496891790618
C00 549.99 89.36804025339656
C00 569.998 90.7916149402419
C00 599.983 93.2161712695251
C00 630.013 94.99363895570212
C00 649.987 95.98047052016136
C00 670.017 96.85330530617239
C00 699.987 97.59759321214612
C00 720.012 97.90025950800035
C00 749.995 98.9853696271311
C00 770.007 99.70275127666653
C00 800.008 99.66130324752318
C00 830.013 98.72825609834327
C00 869.994 95.09563068426989
C00 900.005 87.5657454852886
C00 919.989 79.17426071185048
C00 959.989 57.5230578500285
C00 1000.013 31.19225147954923
C00 1030.002 12.979457687446448
C00 1049.996 6.085066072760725
C00 1080.005 0.5071771389262106
C00 1100.007 0.12242222220528488
C01 319.992 50.4643367697993
C01 330.006 56.47753852582191
C01 349.994 67.6193266252854
C01 370.001 78.10623395933496
C01 400.009 86.72630678868167
C01 429.983 85.66614306738921
C01 449.989 84.97802153246441
C01 469.993 85.017148078177
C01 500.016 86.14442840584901
C01 549.99 89.67562627500446
C01 569.998 91.10266066847957
C01 599.983 93.53801122499526
C01 630.013 95.33249716022665
C01 649.987 96.32841117341836
C01 670.017 97.19821638874444
C01 699.987 97.96489188741499
C01 720.012 98.2913653676224
C01 749.995 99.39449574675967
C01 770.007 100.10863906408395
C01 800.008 100.08873466407317
C01 830.013 99.19529241894084
C01 869.994 95.52426578841681
C01 900.005 87.95360571509407
C01 919.989 79.60933049615487
C01 959.989 57.854366656867015
C01 1000.013 31.403337185075248
C01 1030.002 13.077308439311695
C01 1049.996 6.130182721700132
C01 1080.005 0.5092733993086803
C01 1100.007 0.12292821672799972
C02 319.992 49.9073360685972
C02 330.006 55.82859057040394
C02 349.994 66.91301737971705
C02 370.001 77.5570153752516
C02 400.009 86.40999519767833
C02 429.983 85.39337790686257
C02 449.989 84.68594290932526
C02 469.993 84.6800951092441
C02 500.016 85.73674040073973
C02 549.99 89.19640627371875
C02 569.998 90.6165164735606
C02 599.983 93.04213228930222
C02 630.013 94.83797064930056
C02 649.987 95.83957958300697
C02 670.017 96.70955695093771
C02 699.987 97.4937091088737
C02 720.012 97.83497884831586
C02 749.995 98.94829168626653
C02 770.007 99.66363109925224
C02 800.008 99.65709077130921
C02 830.013 98.78902187615063
C02 869.994 95.10652862911212
C02 900.005 87.5482673521499
C02 919.989 79.3425076653605
C02 959.989 57.80561881505506
C02 1000.013 31.380189316655017
C02 1030.002 13.044225939486267
C02 1049.996 6.1083658910859
C02 1080.005 0.5069871652607155
C02 1100.007 0.12237636643516948
C03 319.992 49.73874002517255
C03 330.006 55.62638753784452
C03 349.994 66.72138441831757
C03 370.001 77.59577622218713
C03 400.009 86.74400797850788
C03 429.983 85.76554535023024
C03 449.989 85.02433154328757
C03 469.993 84.9884630297144
C03 500.016 85.98585610119882
C03 549.99 89.38548788976195
C03 569.998 90.78779277130853
C03 599.983 93.2235646687705
C03 630.013 95.03592841206044
C03 649.987 96.04861063610576
C03 670.017 96.93902064814058
C03 699.987 97.74827489917081
C03 720.012 98.09063178600398
C03 749.995 99.22927202396174
C03 770.007 99.96862289869053
C03 800.008 99.9887745523483
C03 830.013 99.12314007614086
C03 869.994 95.43119346331416
C03 900.005 87.8258937751585
C03 919.989 79.6419903659169
C03 959.989 58.06423506264398
C03 1000.013 31.505681956750976
C03 1030.002 13.094425995574515
C03 1049.996 6.130347281301391
C03 1080.005 0.5084268678560135
C03 1100.007 0.12272388129241298
C04 319.992 49.1562881148795
C04 330.006 54.958346485002174
C04 349.994 65.96668340466019
C04 370.001 76.95842935432678
C04 400.009 86.3294129230472
C04 429.983 85.4049383421575
C04 449.989 84.62083916935637
C04 469.993 84.54399805742888
C04 500.016 85.48299087904917
C04 549.99 88.8095229341337
C04 569.998 90.18786097129518
C04 599.983 92.6240813519095
C04 630.013 94.44172810513763
C04 649.987 95.46060791498998
C04 670.017 96.37656402765323
C04 699.987 97.19960589296356
C04 720.012 97.53651697666567
C04 749.995 98.68546968796817
C04 770.007 99.44955450207257
C04 800.008 99.47782817142829
C04 830.013 98.6191591807645
C04 869.994 94.96683814597709
C04 900.005 87.394203541343
C04 919.989 79.30883272031572
C04 959.989 57.855497094170936
C04 1000.013 31.35754795262717
C04 1030.002 13.032602158519829
C04 1049.996 6.10547991894842
C04 1080.005 0.5056405872100468
C04 1100.007 0.12205132994459592
C05 319.992 49.07531209065387
C05 330.006 54.83498684815804
C05 349.994 65.86578208386472
C05 370.001 77.07886094353776
C05 400.009 86.77495516004525
C05 429.983 85.89841396558013
C05 449.989 85.09020385396998
C05 469.993 84.97615692495411
C05 500.016 85.87493124724318
C05 549.99 89.1628320045069
C05 569.998 90.54197674323345
C05 599.983 92.99129429328245
C05 630.013 94.82759523962109
C05 649.987 95.85892368894352
C05 670.017 96.79070329250361
C05 699.987 97.62949930589093
C05 720.012 97.98170469070618
C05 749.995 99.15449668388077
C05 770.007 99.93536361875572
C05 800.008 99.97905287681537
C05 830.013 99.13540253074828
C05 869.994 95.49790796833328
C05 900.005 87.90533520245654
C05 919.989 79.83037556122541
C05 959.989 58.26496929320048
C05 1000.013 31.579152889619404
C05 1030.002 13.108124183480227
C05 1049.996 6.148832593031654
C05 1080.005 0.5080437855278387
C05 1100.007 0.1226314130277707
C06 319.992 48.672038784957934
C06 330.006 54.34476670985404
C06 349.994 65.30832919244874
C06 370.001 76.66227152705716
C06 400.009 86.63229164322382
C06 429.983 85.83621751414137
C06 449.989 85.02666625809657
C06 469.993 84.885379330112
C06 500.016 85.728907036277
C06 549.99 88.94540818375106
C06 569.998 90.31195504748227
C06 599.983 92.74427434689295
C06 630.013 94.57921714787443
C06 649.987 95.6204630776794
C06 670.017 96.54996243770091
C06 699.987 97.41703203993696
C06 720.012 97.78955364813348
C06 749.995 98.97958552806307
C06 770.007 99.75698521531474
C06 800.008 99.83558882924383
C06 830.013 99.02554950333109
C06 869.994 95.41433966489535
C06 900.005 87.83452000913158
C06 919.989 79.80775286943414
C06 959.989 58.31031977798139
C06 1000.013 31.525790798816903
C06 1030.002 13.089997536252653
C06 1049.996 6.148824137399968
C06 1080.005 0.5071475861129675
C06 1100.007 0.12241508875862107
C07 319.992 48.40123806970146
C07 330.006 53.985612849076155
C07 349.994 64.94485671161753
C07 370.001 76.60234429408882
C07 400.009 87.04401623546944
C07 429.983 86.32919841786605
C07 449.989 85.48178338184161
C07 469.993 85.27907249651815
C07 500.016 86.03884347921728
C07 549.99 89.1310462850033
C07 569.998 90.46577132060848
C07 599.983 92.86028296083317
C07 630.013 94.67768692068485
C07 649.987 95.71216322715377
C07 670.017 96.63700450409262
C07 699.987 97.51574198142713
C07 720.012 97.90666306044896
C07 749.995 99.11812776161163
C07 770.007 99.90678705332436
C07 800.008 100.00545206049077
C07 830.013 99.23785167073767
C07 869.994 95.64917472256269
C07 900.005 87.95898528210344
C07 919.989 79.97414713309242
C07 959.989 58.687547310812405
C07 1000.013 31.51661195092565
C07 1030.002 13.09517467596772
C07 1049.996 6.154162242726156
C07 1080.005 0.5078574578096491
C07 1100.007 0.12258643731500984
C10 319.992 50.670379086355716
C10 330.006 56.81546766515701
C10 349.994 67.79821629110752
C10 370.001 78.02351815599526
C10 400.009 86.24966039168919
C10 429.983 85.08684085166068
C10 449.989 84.26227192883059
C10 469.993 84.44847611614895
C10 500.016 85.64788136217214
C10 549.99 89.33592799369724
C10 569.998 90.67368541278198
C10 599.983 93.15217704342818
C10 630.013 94.94984818648189
C10 649.987 95.95087709201891
C10 670.017 96.95696124188993
C10 699.987 97.72216653907297
C10 720.012 97.89135086211698
C10 749.995 98.97518214941772
C10 770.007 99.8254248888268
C10 800.008 99.80371042828659
C10 830.013 98.74667223896247
C10 869.994 94.99241328192353
C10 900.005 87.43823009245622
C10 919.989 79.33371981081467
C10 959.989 57.92344423479176
C10 1000.013 30.980554262622654
C10 1030.002 13.054478126135509
C10 1049.996 6.106203200674108
C10 1080.005 0.5071250418071978
C10 1100.007 0.12240964702278839
C11 319.992 50.452184760995344
C11 330.006 56.546581789645714
C11 349.994 67.53551255088526
C11 370.001 78.02822093078441
C11 400.009 86.52142000154211
C11 429.983 85.41534200639394
C11 449.989 84.5702730169404
C11 469.993 84.74143585918806
C11 500.016 85.88907543490691
C11 549.99 89.4963853930406
C11 569.998 90.81163299232098
C11 599.983 93.28108129432012
C11 630.013 95.09253236630032
C11 649.987 96.09522419596367
C11 670.017 97.12110984851304
C11 699.987 97.88909821195327
C11 720.012 98.05845097034208
C11 749.995 99.16707989811138
C11 770.007 100.04419170486008
C11 800.008 100.03720303779029
C11 830.013 98.99829960420348
C11 869.994 95.21036472463352
C11 900.005 87.54344830836074
C11 919.989 79.46437348671988
C11 959.989 58.162208310690396
C11 1000.013 30.96690026311821
C11 1030.002 13.133354416810125
C11 1049.996 6.186447145366667
C11 1080.005 0.5081083052275807
C11 1100.007 0.12264698676801292
C12 319.992 50.09109970234636
C12 330.006 56.117217801091186
C12 349.994 67.09953430568278
C12 370.001 77.83045482281835
C12 400.009 86.63837642722658
C12 429.983 85.58143686969339
C12 449.989 84.72093462879177
C12 469.993 84.8576212539534
C12 500.016 85.9453285536028
C12 549.99 89.49774350339996
C12 569.998 90.80258322657795
C12 599.983 93.25754601233146
C12 630.013 95.06162167227673
C12 649.987 96.07267717683777
C12 670.017 97.11219545294836
C12 699.987 97.90698878569106
C12 720.012 98.08265699151937
C12 749.995 99.20631474817682
C12 770.007 100.09278987653379
C12 800.008 100.09436379154059
C12 830.013 99.06597517786106
C12 869.994 95.26427302634282
C12 900.005 87.47082051397307
C12 919.989 79.4068549201731
C12 959.989 58.26082234137967
C12 1000.013 30.982833532388383
C12 1030.002 13.09253801893078
C12 1049.996 6.1916037798282275
C12 1080.005 0.5083093473255105
C12 1100.007 0.12269551423208096
C13 319.992 49.687927289712455
C13 330.006 55.650102331709554
C13 349.994 66.59836560287253
C13 370.001 77.5134113721899
C13 400.009 86.57556261890326
C13 429.983 85.56375064049142
C13 449.989 84.67501615399247
C13 469.993 84.77934683672363
C13 500.016 85.80177571396007
C13 549.99 89.25548778503517
C13 569.998 90.52974431542138
C13 599.983 92.97772111420454
C13 630.013 94.78870975004874
C13 649.987 95.80647039899156
C13 670.017 96.8643290445003
C13 699.987 97.66567389751923
C13 720.012 97.84991305917691
C13 749.995 98.99233293607368
C13 770.007 99.90573644430116
C13 800.008 99.92363108121747
C13 830.013 98.90207901258613
C13 869.994 95.15231192406492
C13 900.005 87.39356294337706
C13 919.989 79.26104609931203
C13 959.989 58.061424082182356
C13 1000.013 30.911682019024106
C13 1030.002 13.039350639297314
C13 1049.996 6.1796423131597
C13 1080.005 0.5072129826391476
C13 1100.007 0.12243087414689079
C14 319.992 49.302698894998784
C14 330.006 55.20265957844782
C14 349.994 66.10563523899417
C14 370.001 77.19560362317117
C14 400.009 86.53231879156179
C14 429.983 85.57219725180508
C14 449.989 84.63967640250475
C14 469.993 84.72022498111367
C14 500.016 85.68718793465001
C14 549.99 89.07036917954882
C14 569.998 90.31840216900997
C14 599.983 92.7647271844832
C14 630.013 94.58949593840933
C14 649.987 95.61241855152943
C14 670.017 96.69270456935595
C14 699.987 97.51240141786613
C14 720.012 97.69414516356053
C14 749.995 98.85065609399791
C14 770.007 99.7926233742521
C14 800.008 99.82599457736862
C14 830.013 98.79578943351639
C14 869.994 95.07196380679103
C14 900.005 87.33631677969414
C14 919.989 79.16867424858104
C14 959.989 57.914654631369814
C14 1000.013 30.82643794747417
C14 1030.002 12.979536106539017
C14 1049.996 6.164714220636081
C14 1080.005 0.506487088834836
C14 1100.007 0.12225565818034108
C15 319.992 48.86121327625572
C15 330.006 54.67904653937585
C15 349.994 65.52123737437148
C15 370.001 76.76809565825802
C15 400.009 86.36258770364209
C15 429.983 85.46957201563767
C15 449.989 84.52660949961191
C15 469.993 84.58796720041585
C15 500.016 85.51359616499238
C15 549.99 88.82161234274247
C15 569.998 90.04148826062482
C15 599.983 92.46727130003893
C15 630.013 94.28231394882313
C15 649.987 95.3053858034721
C15 670.017 96.39969226296866
C15 699.987 97.2358769897614
C15 720.012 97.41527934824616
C15 749.995 98.58546074924325
C15 770.007 99.54350146179817
C15 800.008 99.59231458013298
C15 830.013 98.57243009550226
C15 869.994 94.89503992113416
C15 900.005 87.1905880219667
C15 919.989 79.04257776380541
C15 959.989 57.83302738583574
C15 1000.013 30.766543803074764
C15 1030.002 12.924408964068611
C15 1049.996 6.145437331693442
C15 1080.005 0.5051283099617667
C15 1100.007 0.1219276766599616
C16 319.992 48.702990534319305
C16 330.006 54.454116352702336
C16 349.994 65.28594653742609
C16 370.001 76.7263634063562
C16 400.009 86.6343697389889
C16 429.983 85.82458432594969
C16 449.989 84.89408781001427
C16 469.993 84.94110715327028
C16 500.016 85.8205169464963
C16 549.99 89.0487655770564
C16 569.998 90.23508780961399
C16 599.983 92.62103613510045
C16 630.013 94.41897058046818
C16 649.987 95.44434009544224
C16 670.017 96.52649879452561
C16 699.987 97.38831061678697
C16 720.012 97.59675039188546
C16 749.995 98.78976259168026
C16 770.007 99.7466142033856
C16 800.008 99.82907523168168
C16 830.013 98.84477936205789
C16 869.994 95.18434234060874
C16 900.005 87.4492512892792
C16 919.989 79.28107786468226
C16 959.989 58.00960531978007
C16 1000.013 30.87020733923554
C16 1030.002 12.926662403275827
C16 1049.996 6.167109766135819
C16 1080.005 0.506175112142565
C16 1100.007 0.12218035336667199
C17 319.992 48.428512827469014
C17 330.006 54.077078204542715
C17 349.994 64.8571003263763
C17 370.001 76.49334598487935
C17 400.009 86.80654520574016
C17 429.983 86.11550133421756
C17 449.989 85.21376972283618
C17 469.993 85.20948388276688
C17 500.016 86.01849144215771
C17 549.99 89.10694910283466
C17 569.998 90.27066223797442
C17 599.983 92.60619721798456
C17 630.013 94.38268637555758
C17 649.987 95.40095179467966
C17 670.017 96.45765819466315
C17 699.987 97.33803142345668
C17 720.012 97.57792513352958
C17 749.995 98.79865144586095
C17 770.007 99.73965016643174
C17 800.008 99.84781400487546
C17 830.013 98.91683438378956
C17 869.994 95.27394849310426
C17 900.005 87.44227022735501
C17 919.989 79.27342575870455
C17 959.989 58.1000403040939
C17 1000.013 30.92974013598916
C17 1030.002 12.899325211685209
C17 1049.996 6.164876828937719
C17 1080.005 0.506220659928508
C17 1100.007 0.12219134767367774
