lsstCam/transmission_sensor/r03_s02/19700101T000000.ecsv
# %ECSV 1.0
# ---
# datatype:
# - {name: amp_name, datatype: string}
# - {name: wavelength, unit: nm, datatype: float32}
# - {name: efficiency, unit: '%', datatype: float64}
# meta: !!omap
# - {MODE: AMP}
# - {TYPE: transmission_sensor}
# - {CALIBDATE: '1970-01-01T00:00:00'}
# - {INSTRUME: LSSTCAM}
# - {OBSTYPE: transmission_sensor}
# - {DETECTOR: 20}
# - {PARQUETFILE: qe_raft_allvalues_nircorrected_20230725.parquet}
# - {CALIBCLS: lsst.ip.isr.IntermediateSensorTransmissionCurve}
# - {CALIB_ID: 'raftName=R03 detectorName=S02 detector=20 calibDate=1970-01-01T00:00:00 ccd=20 ccdnum=20 filter=None'}
# - {DATE: '2023-08-02T16:57:55.541591'}
# - {CALIB_CREATION_DATE: '2023-08-02'}
# - {CALIB_CREATION_TIME: '16:57:55'}
# - __serialized_columns__:
#     efficiency:
#       __class__: astropy.units.quantity.Quantity
#       unit: !astropy.units.Unit {unit: '%'}
#       value: !astropy.table.SerializedColumn {name: efficiency}
#     wavelength:
#       __class__: astropy.units.quantity.Quantity
#       unit: !astropy.units.Unit {unit: nm}
#       value: !astropy.table.SerializedColumn {name: wavelength}
# schema: astropy-2.0
amp_name wavelength efficiency
C00 319.992 51.64865493774414
C00 330.006 56.67835998535156
C00 349.994 66.28570556640625
C00 370.001 76.27934265136719
C00 400.009 88.07131958007812
C00 429.983 89.3254623413086
C00 449.989 88.92095184326172
C00 469.993 88.41996002197266
C00 500.016 88.9820785522461
C00 549.99 91.87309265136719
C00 569.998 93.15132904052734
C00 599.983 95.51826477050781
C00 630.013 97.51350402832031
C00 649.987 98.3096694946289
C00 670.017 99.13883209228516
C00 699.987 100.30485534667969
C00 720.012 100.7782211303711
C00 749.995 101.18754577636719
C00 770.007 101.36408996582031
C00 800.008 101.44145965576172
C00 830.013 100.61622619628906
C00 869.994 97.33149719238281
C00 900.005 91.77437591552734
C00 919.989 85.0965347290039
C00 959.989 72.59841918945312
C00 1000.013 38.527198791503906
C00 1030.002 16.73172378540039
C00 1049.996 8.922009468078613
C00 1080.005 0.7014841326425811
C00 1100.007 0.0954237013565037
C01 319.992 51.5165901184082
C01 330.006 56.49851608276367
C01 349.994 66.15020751953125
C01 370.001 76.40801239013672
C01 400.009 88.51567077636719
C01 429.983 89.83570861816406
C01 449.989 89.41671752929688
C01 469.993 88.8655776977539
C01 500.016 89.35493469238281
C01 549.99 92.18930053710938
C01 569.998 93.470458984375
C01 599.983 95.84805297851562
C01 630.013 97.8613510131836
C01 649.987 98.66605377197266
C01 670.017 99.49188232421875
C01 699.987 100.68234252929688
C01 720.012 101.18082427978516
C01 749.995 101.60577392578125
C01 770.007 101.77674102783203
C01 800.008 101.87652587890625
C01 830.013 101.09219360351562
C01 869.994 97.77021026611328
C01 900.005 92.18087768554688
C01 919.989 85.56414794921875
C01 959.989 73.01655578613281
C01 1000.013 38.78792190551758
C01 1030.002 16.85786247253418
C01 1049.996 8.988160133361816
C01 1080.005 0.7043835010946038
C01 1100.007 0.09581810581472863
C02 319.992 50.947975158691406
C02 330.006 55.849327087402344
C02 349.994 65.45924377441406
C02 370.001 75.87073516845703
C02 400.009 88.19283294677734
C02 429.983 89.54966735839844
C02 449.989 89.10938262939453
C02 469.993 88.51326751708984
C02 500.016 88.93205261230469
C02 549.99 91.69664764404297
C02 569.998 92.9716796875
C02 599.983 95.33992767333984
C02 630.013 97.35370635986328
C02 649.987 98.16535949707031
C02 670.017 98.99169158935547
C02 699.987 100.19808959960938
C02 720.012 100.71102142333984
C02 749.995 101.14964294433594
C02 770.007 101.3243179321289
C02 800.008 101.43717193603516
C02 830.013 100.67815399169922
C02 869.994 97.3426513671875
C02 900.005 91.75605773925781
C02 919.989 85.2773666381836
C02 959.989 72.95503234863281
C02 1000.013 38.75933074951172
C02 1030.002 16.815216064453125
C02 1049.996 8.956171989440918
C02 1080.005 0.7012213772821031
C02 1100.007 0.0953879584396203
C03 319.992 50.77586364746094
C03 330.006 55.64704895019531
C03 349.994 65.27177429199219
C03 370.001 75.90865325927734
C03 400.009 88.53373718261719
C03 429.983 89.93994903564453
C03 449.989 89.46544647216797
C03 469.993 88.8355941772461
C03 500.016 89.1904525756836
C03 549.99 91.89102935791016
C03 569.998 93.14740753173828
C03 599.983 95.52584075927734
C03 630.013 97.55691528320312
C03 649.987 98.37946319580078
C03 670.017 99.22657012939453
C03 699.987 100.459716796875
C03 720.012 100.97418975830078
C03 749.995 101.43687438964844
C03 770.007 101.63439178466797
C03 800.008 101.7747802734375
C03 830.013 101.01866149902344
C03 869.994 97.6749496459961
C03 900.005 92.04702758789062
C03 919.989 85.59925079345703
C03 959.989 73.28142547607422
C03 1000.013 38.91433334350586
C03 1030.002 16.879928588867188
C03 1049.996 8.988401412963867
C03 1080.005 0.7032126510379828
C03 1100.007 0.09565883372155191
C04 319.992 50.18126678466797
C04 330.006 54.978759765625
C04 349.994 64.5334701538086
C04 370.001 75.28516387939453
C04 400.009 88.11058807373047
C04 429.983 89.5617904663086
C04 449.989 89.04087829589844
C04 469.993 88.37100982666016
C04 500.016 88.6688461303711
C04 549.99 91.29891967773438
C04 569.998 92.5318832397461
C04 599.983 94.91155242919922
C04 630.013 96.94695281982422
C04 649.987 97.77719116210938
C04 670.017 98.65084075927734
C04 699.987 99.89582824707031
C04 720.012 100.4037857055664
C04 749.995 100.88097381591797
C04 770.007 101.10667419433594
C04 800.008 101.25470733642578
C04 830.013 100.50504302978516
C04 869.994 97.19967651367188
C04 900.005 91.59458923339844
C04 919.989 85.24117279052734
C04 959.989 73.01798248291016
C04 1000.013 38.73136520385742
C04 1030.002 16.80023193359375
C04 1049.996 8.951940536499023
C04 1080.005 0.6993589054484776
C04 1100.007 0.0951346042327799
C05 319.992 50.098602294921875
C05 330.006 54.85535430908203
C05 349.994 64.43476104736328
C05 370.001 75.4029769897461
C05 400.009 88.56532287597656
C05 429.983 90.07928466796875
C05 449.989 89.53475952148438
C05 469.993 88.8227310180664
C05 500.016 89.07539367675781
C05 549.99 91.6621322631836
C05 569.998 92.89520263671875
C05 599.983 95.28783416748047
C05 630.013 97.34305572509766
C05 649.987 98.18517303466797
C05 670.017 99.07475280761719
C05 699.987 100.337646484375
C05 720.012 100.862060546875
C05 749.995 101.36043548583984
C05 770.007 101.60057830810547
C05 800.008 101.76488494873047
C05 830.013 101.03115844726562
C05 869.994 97.74323272705078
C05 900.005 92.13028717041016
C05 919.989 85.80172729492188
C05 959.989 73.5347671508789
C05 1000.013 39.00508117675781
C05 1030.002 16.897586822509766
C05 1049.996 9.015504837036133
C05 1080.005 0.7026828042564828
C05 1100.007 0.09558675804843283
C06 319.992 49.686920166015625
C06 330.006 54.364952087402344
C06 349.994 63.88941955566406
C06 370.001 74.99544525146484
C06 400.009 88.41971588134766
C06 429.983 90.0140609741211
C06 449.989 89.46790313720703
C06 469.993 88.72784423828125
C06 500.016 88.9239273071289
C06 549.99 91.43861389160156
C06 569.998 92.6592025756836
C06 599.983 95.03471374511719
C06 630.013 97.08808898925781
C06 649.987 97.94092559814453
C06 670.017 98.82833099365234
C06 699.987 100.1192855834961
C06 720.012 100.66426086425781
C06 749.995 101.18163299560547
C06 770.007 101.41922760009766
C06 800.008 101.61885833740234
C06 830.013 100.91920471191406
C06 869.994 97.65769958496094
C06 900.005 92.05606842041016
C06 919.989 85.77741241455078
C06 959.989 73.59200286865234
C06 1000.013 38.939170837402344
C06 1030.002 16.87421989440918
C06 1049.996 9.01549243927002
C06 1080.005 0.7014432577135398
C06 1100.007 0.09541814109242885
C07 319.992 49.41047286987305
C07 330.006 54.00566482543945
C07 349.994 63.533843994140625
C07 370.001 74.93682098388672
C07 400.009 88.83993530273438
C07 429.983 90.53103637695312
C07 449.989 89.94679260253906
C07 469.993 89.13935852050781
C07 500.016 89.24541473388672
C07 549.99 91.62945556640625
C07 569.998 92.8170166015625
C07 599.983 95.1535873413086
C07 630.013 97.18917083740234
C07 649.987 98.03485107421875
C07 670.017 98.91742706298828
C07 699.987 100.22073364257812
C07 720.012 100.7848129272461
C07 749.995 101.32325744628906
C07 770.007 101.57152557373047
C07 800.008 101.79175567626953
C07 830.013 101.13556671142578
C07 869.994 97.89805603027344
C07 900.005 92.18651580810547
C07 919.989 85.95625305175781
C07 959.989 74.0680923461914
C07 1000.013 38.927833557128906
C07 1030.002 16.88089370727539
C07 1049.996 9.023319244384766
C07 1080.005 0.702425091659148
C07 1100.007 0.0955517011044771
C10 319.992 51.7269287109375
C10 330.006 56.836570739746094
C10 349.994 66.32521057128906
C10 370.001 76.32709503173828
C10 400.009 88.02919006347656
C10 429.983 89.22821044921875
C10 449.989 88.66358184814453
C10 469.993 88.27116394042969
C10 500.016 88.83988189697266
C10 549.99 91.84008026123047
C10 569.998 93.03033447265625
C10 599.983 95.45269012451172
C10 630.013 97.46855163574219
C10 649.987 98.27935791015625
C10 670.017 99.24493408203125
C10 699.987 100.4328842163086
C10 720.012 100.76905059814453
C10 749.995 101.17713165283203
C10 770.007 101.48880767822266
C10 800.008 101.58641052246094
C10 830.013 100.63499450683594
C10 869.994 97.2258529663086
C10 900.005 91.64073181152344
C10 919.989 85.2679214477539
C10 959.989 73.1037368774414
C10 1000.013 38.26572036743164
C10 1030.002 16.828432083129883
C10 1049.996 8.953001022338867
C10 1080.005 0.7014120763538823
C10 1100.007 0.09541389945585664
C11 319.992 51.50418472290039
C11 330.006 56.56758499145508
C11 349.994 66.0682144165039
C11 370.001 76.33169555664062
C11 400.009 88.30655670166016
C11 429.983 89.57270050048828
C11 449.989 88.9876708984375
C11 469.993 88.57738494873047
C11 500.016 89.0900650024414
C11 549.99 92.00503540039062
C11 569.998 93.17186737060547
C11 599.983 95.58477783203125
C11 630.013 97.61502075195312
C11 649.987 98.42720794677734
C11 670.017 99.41295623779297
C11 699.987 100.60444641113281
C11 720.012 100.9410629272461
C11 749.995 101.37329864501953
C11 770.007 101.71121978759766
C11 800.008 101.8240737915039
C11 830.013 100.89143371582031
C11 869.994 97.44892883300781
C11 900.005 91.75100708007812
C11 919.989 85.4083480834961
C11 959.989 73.40507507324219
C11 1000.013 38.24885559082031
C11 1030.002 16.930110931396484
C11 1049.996 9.070655822753906
C11 1080.005 0.7027720423986192
C11 1100.007 0.09559889721656022
C12 319.992 51.13557052612305
C12 330.006 56.1380615234375
C12 349.994 65.64170837402344
C12 370.001 76.13822937011719
C12 400.009 88.4259262084961
C12 429.983 89.74687957763672
C12 449.989 89.14620208740234
C12 469.993 88.6988296508789
C12 500.016 89.1484146118164
C12 549.99 92.00643157958984
C12 569.998 93.16258239746094
C12 599.983 95.56066131591797
C12 630.013 97.58329010009766
C12 649.987 98.40411376953125
C12 670.017 99.4038314819336
C12 699.987 100.62283325195312
C12 720.012 100.96598052978516
C12 749.995 101.41340637207031
C12 770.007 101.76062774658203
C12 800.008 101.88225555419922
C12 830.013 100.96040344238281
C12 869.994 97.50410461425781
C12 900.005 91.67488861083984
C12 919.989 85.34652709960938
C12 959.989 73.52953338623047
C12 1000.013 38.26853561401367
C12 1030.002 16.87749481201172
C12 1049.996 9.078216552734375
C12 1080.005 0.7030501066701862
C12 1100.007 0.09563672262240076
C13 319.992 50.72399139404297
C13 330.006 55.670772552490234
C13 349.994 65.15142822265625
C13 370.001 75.82807922363281
C13 400.009 88.36181640625
C13 429.983 89.72833251953125
C13 449.989 89.09788513183594
C13 469.993 88.61701202392578
C13 500.016 88.99951171875
C13 549.99 91.75738525390625
C13 569.998 92.88265228271484
C13 599.983 95.27392578125
C13 630.013 97.30313873291016
C13 649.987 98.1314468383789
C13 670.017 99.15011596679688
C13 699.987 100.37482452392578
C13 720.012 100.72639465332031
C13 749.995 101.19466400146484
C13 770.007 101.5704574584961
C13 800.008 101.7084732055664
C13 830.013 100.79337310791016
C13 869.994 97.38951110839844
C13 900.005 91.59391784667969
C13 919.989 85.18981170654297
C13 959.989 73.27787780761719
C13 1000.013 38.1806526184082
C13 1030.002 16.808931350708008
C13 1049.996 9.060678482055664
C13 1080.005 0.7015337086071711
C13 1100.007 0.09543044523255073
C14 319.992 50.33073043823242
C14 330.006 55.22316360473633
C14 349.994 64.66940307617188
C14 370.001 75.51718139648438
C14 400.009 88.31768035888672
C14 429.983 89.73719024658203
C14 449.989 89.06069946289062
C14 469.993 88.55521392822266
C14 500.016 88.88065338134766
C14 549.99 91.56707763671875
C14 569.998 92.66581726074219
C14 599.983 95.05567169189453
C14 630.013 97.09864044189453
C14 649.987 97.93268585205078
C14 670.017 98.97444152832031
C14 699.987 100.21730041503906
C14 720.012 100.56604766845703
C14 749.995 101.04983520507812
C14 770.007 101.45545959472656
C14 800.008 101.60909271240234
C14 830.013 100.68505096435547
C14 869.994 97.3072738647461
C14 900.005 91.53392028808594
C14 919.989 85.09053039550781
C14 959.989 73.09264373779297
C14 1000.013 38.07536315917969
C14 1030.002 16.73182487487793
C14 1049.996 9.038790702819824
C14 1080.005 0.7005297142497239
C14 1100.007 0.0952938707139401
C15 319.992 49.88003921508789
C15 330.006 54.69935607910156
C15 349.994 64.09770202636719
C15 370.001 75.09896850585938
C15 400.009 88.14444732666016
C15 429.983 89.62957000732422
C15 449.989 88.94172668457031
C15 469.993 88.4169692993164
C15 500.016 88.70059204101562
C15 549.99 91.31134796142578
C15 569.998 92.38170623779297
C15 599.983 94.75086975097656
C15 630.013 96.78330993652344
C15 649.987 97.61820220947266
C15 670.017 98.67451477050781
C15 699.987 99.93310546875
C15 720.012 100.27898406982422
C15 749.995 100.77873992919922
C15 770.007 101.20218658447266
C15 800.008 101.3712387084961
C15 830.013 100.4574203491211
C15 869.994 97.12619018554688
C15 900.005 91.38118743896484
C15 919.989 84.95500183105469
C15 959.989 72.9896240234375
C15 1000.013 38.00138473510742
C15 1030.002 16.6607608795166
C15 1049.996 9.010526657104492
C15 1080.005 0.6986503672798544
C15 1100.007 0.09503822096271551
C16 319.992 49.7185173034668
C16 330.006 54.474342346191406
C16 349.994 63.867523193359375
C16 370.001 75.05814361572266
C16 400.009 88.42183685302734
C16 429.983 90.00186157226562
C16 449.989 89.32839965820312
C16 469.993 88.78609466552734
C16 500.016 89.01895141601562
C16 549.99 91.54486846923828
C16 569.998 92.58033752441406
C16 599.983 94.90843200683594
C16 630.013 96.92359161376953
C16 649.987 97.76052856445312
C16 670.017 98.80431365966797
C16 699.987 100.08976745605469
C16 720.012 100.46578979492188
C16 749.995 100.98758697509766
C16 770.007 101.40868377685547
C16 800.008 101.61222839355469
C16 830.013 100.73497772216797
C16 869.994 97.42229461669922
C16 900.005 91.65228271484375
C16 919.989 85.21134185791016
C16 959.989 73.21247863769531
C16 1000.013 38.129425048828125
C16 1030.002 16.663665771484375
C16 1049.996 9.042303085327148
C16 1080.005 0.7000982147151713
C16 1100.007 0.09523517333105633
C17 319.992 49.438316345214844
C17 330.006 54.097164154052734
C17 349.994 63.447994232177734
C17 370.001 74.83019256591797
C17 400.009 88.59756469726562
C17 429.983 90.30693817138672
C17 449.989 89.66477966308594
C17 469.993 89.06661987304688
C17 500.016 89.22430419921875
C17 549.99 91.60468292236328
C17 569.998 92.61683654785156
C17 599.983 94.89322662353516
C17 630.013 96.88634490966797
C17 649.987 97.7160873413086
C17 670.017 98.73384857177734
C17 699.987 100.03809356689453
C17 720.012 100.4464111328125
C17 749.995 100.99667358398438
C17 770.007 101.40160369873047
C17 800.008 101.63130187988281
C17 830.013 100.80841064453125
C17 869.994 97.51400756835938
C17 900.005 91.64496612548828
C17 919.989 85.20311737060547
C17 959.989 73.32661437988281
C17 1000.013 38.20295715332031
C17 1030.002 16.62842559814453
C17 1049.996 9.039029121398926
C17 1080.005 0.700161212525332
C17 1100.007 0.09524374299634618
