lsstCam/transmission_sensor/r20_s12/19700101T000000.ecsv
# %ECSV 1.0
# ---
# datatype:
# - {name: amp_name, datatype: string}
# - {name: wavelength, unit: nm, datatype: float32}
# - {name: efficiency, unit: '%', datatype: float64}
# meta: !!omap
# - {MODE: AMP}
# - {TYPE: transmission_sensor}
# - {CALIBDATE: '1970-01-01T00:00:00'}
# - {INSTRUME: LSSTCAM}
# - {OBSTYPE: transmission_sensor}
# - {DETECTOR: 77}
# - {PARQUETFILE: qe_raft_allvalues_nircorrected_20230725.parquet}
# - {CALIBCLS: lsst.ip.isr.IntermediateSensorTransmissionCurve}
# - {CALIB_ID: 'raftName=R20 detectorName=S12 detector=77 calibDate=1970-01-01T00:00:00 ccd=77 ccdnum=77 filter=None'}
# - {DATE: '2023-08-02T16:57:55.753542'}
# - {CALIB_CREATION_DATE: '2023-08-02'}
# - {CALIB_CREATION_TIME: '16:57:55'}
# - __serialized_columns__:
#     efficiency:
#       __class__: astropy.units.quantity.Quantity
#       unit: !astropy.units.Unit {unit: '%'}
#       value: !astropy.table.SerializedColumn {name: efficiency}
#     wavelength:
#       __class__: astropy.units.quantity.Quantity
#       unit: !astropy.units.Unit {unit: nm}
#       value: !astropy.table.SerializedColumn {name: wavelength}
# schema: astropy-2.0
amp_name wavelength efficiency
C00 319.994 49.32855987548828
C00 324.969 51.40625
C00 349.982 62.30636215209961
C00 374.975 77.37616729736328
C00 400.019 87.10517883300781
C00 424.965 87.53727722167969
C00 450.035 86.4380874633789
C00 475.003 86.30677795410156
C00 500.018 86.57548522949219
C00 525.002 87.05241394042969
C00 550.029 88.46913146972656
C00 575.023 89.96908569335938
C00 599.982 91.79634094238281
C00 619.997 92.72567749023438
C00 624.979 93.13664245605469
C00 650.012 94.37056732177734
C00 675.004 95.87561798095703
C00 700.03 96.73767852783203
C00 725.012 97.30316162109375
C00 750.022 98.42845153808594
C00 774.987 99.05522155761719
C00 799.976 99.26431274414062
C00 824.988 98.63313293457031
C00 850.022 97.33172607421875
C00 869.967 94.67576599121094
C00 875.002 93.66673278808594
C00 899.999 87.52003479003906
C00 919.999 79.53634643554688
C00 925.012 76.76773834228516
C00 949.965 63.02205276489258
C00 975.002 48.262271881103516
C00 999.976 31.19688606262207
C00 1025.028 15.247275352478027
C00 1050.014 6.068032264709473
C00 1075.002 0.9377162670432241
C00 1099.99 0.09303934655379797
C01 319.994 48.94819259643555
C01 324.969 50.96944046020508
C01 349.982 61.73484802246094
C01 374.975 77.08594512939453
C01 400.019 87.12374114990234
C01 424.965 87.66124725341797
C01 450.035 86.53266143798828
C01 475.003 86.3101806640625
C01 500.018 86.48741912841797
C01 525.002 86.89411926269531
C01 550.029 88.25196075439453
C01 575.023 89.72819519042969
C01 599.982 91.56163787841797
C01 619.997 92.50315856933594
C01 624.979 92.91441345214844
C01 650.012 94.16144561767578
C01 675.004 95.67157745361328
C01 700.03 96.5632095336914
C01 725.012 97.18053436279297
C01 750.022 98.3713607788086
C01 774.987 99.06233978271484
C01 799.976 99.31926727294922
C01 824.988 98.70443725585938
C01 850.022 97.45263671875
C01 869.967 94.7598876953125
C01 875.002 93.72672271728516
C01 899.999 87.58677673339844
C01 919.999 79.68792724609375
C01 925.012 76.93672943115234
C01 949.965 63.29532241821289
C01 975.002 48.44302749633789
C01 999.976 31.317176818847656
C01 1025.028 15.295287132263184
C01 1050.014 6.118180274963379
C01 1075.002 0.9371717847036374
C01 1099.99 0.09298532351626981
C02 319.994 48.63252639770508
C02 324.969 50.60436248779297
C02 349.982 61.24509811401367
C02 374.975 76.86710357666016
C02 400.019 87.19203186035156
C02 424.965 87.8226089477539
C02 450.035 86.68185424804688
C02 475.003 86.39083099365234
C02 500.018 86.49520874023438
C02 525.002 86.84598541259766
C02 550.029 88.13534545898438
C02 575.023 89.61940002441406
C02 599.982 91.43782806396484
C02 619.997 92.39860534667969
C02 624.979 92.81629943847656
C02 650.012 94.07238006591797
C02 675.004 95.59716033935547
C02 700.03 96.50272369384766
C02 725.012 97.19231414794922
C02 750.022 98.44300842285156
C02 774.987 99.2219009399414
C02 799.976 99.5241928100586
C02 824.988 98.92843627929688
C02 850.022 97.71156311035156
C02 869.967 94.9826431274414
C02 875.002 93.91046142578125
C02 899.999 87.70988464355469
C02 919.999 79.8645248413086
C02 925.012 77.14141082763672
C02 949.965 63.678436279296875
C02 975.002 48.74483108520508
C02 999.976 31.501754760742188
C02 1025.028 15.41758918762207
C02 1050.014 6.166450500488281
C02 1075.002 0.9378536530741155
C02 1099.99 0.09305297786956905
C03 319.994 47.905879974365234
C03 324.969 49.81092071533203
C03 349.982 60.2338752746582
C03 374.975 76.00800323486328
C03 400.019 86.5885009765625
C03 424.965 87.32432556152344
C03 450.035 86.17386627197266
C03 475.003 85.80501556396484
C03 500.018 85.83458709716797
C03 525.002 86.1367416381836
C03 550.029 87.36307525634766
C03 575.023 88.84295654296875
C03 599.982 90.65213775634766
C03 619.997 91.6397705078125
C03 624.979 92.05677795410156
C03 650.012 93.32919311523438
C03 675.004 94.86116027832031
C03 700.03 95.78520965576172
C03 725.012 96.54663848876953
C03 750.022 97.85099029541016
C03 774.987 98.71687316894531
C03 799.976 99.0722427368164
C03 824.988 98.49876403808594
C03 850.022 97.34235382080078
C03 869.967 94.6453857421875
C03 875.002 93.55245971679688
C03 899.999 87.33748626708984
C03 919.999 79.53865051269531
C03 925.012 76.8438720703125
C03 949.965 63.62404251098633
C03 975.002 48.729915618896484
C03 999.976 31.47275161743164
C03 1025.028 15.405985832214355
C03 1050.014 6.169169902801514
C03 1075.002 0.9322128486003411
C03 1099.99 0.09249330243178175
C04 319.994 47.531490325927734
C04 324.969 49.38947677612305
C04 349.982 59.675289154052734
C04 374.975 75.65496826171875
C04 400.019 86.50013732910156
C04 424.965 87.33085632324219
C04 450.035 86.16522216796875
C04 475.003 85.73555755615234
C04 500.018 85.70218658447266
C04 525.002 85.95903778076172
C04 550.029 87.14871978759766
C04 575.023 88.61515045166016
C04 599.982 90.42115020751953
C04 619.997 91.41694641113281
C04 624.979 91.83578491210938
C04 650.012 93.11528778076172
C04 675.004 94.66207885742188
C04 700.03 95.60717010498047
C04 725.012 96.42235565185547
C04 750.022 97.79373931884766
C04 774.987 98.7313003540039
C04 799.976 99.12861633300781
C04 824.988 98.57562255859375
C04 850.022 97.45011138916016
C04 869.967 94.76447296142578
C04 875.002 93.66374969482422
C04 899.999 87.41693115234375
C04 919.999 79.5968246459961
C04 925.012 76.90423583984375
C04 949.965 63.796966552734375
C04 975.002 48.89509963989258
C04 999.976 31.553421020507812
C04 1025.028 15.471172332763672
C04 1050.014 6.187886714935303
C04 1075.002 0.9316668107429498
C04 1099.99 0.09243912505720604
C05 319.994 47.38747024536133
C05 324.969 49.203548431396484
C05 349.982 59.386932373046875
C05 374.975 75.65384674072266
C05 400.019 86.84473419189453
C05 424.965 87.80960845947266
C05 450.035 86.64904022216797
C05 475.003 86.18673706054688
C05 500.018 86.11223602294922
C05 525.002 86.31963348388672
C05 550.029 87.486572265625
C05 575.023 88.911376953125
C05 599.982 90.7034683227539
C05 619.997 91.67406463623047
C05 624.979 92.08683013916016
C05 650.012 93.3645248413086
C05 675.004 94.92112731933594
C05 700.03 95.89669799804688
C05 725.012 96.74445343017578
C05 750.022 98.18474578857422
C05 774.987 99.16383361816406
C05 799.976 99.58910369873047
C05 824.988 99.04460906982422
C05 850.022 97.91971588134766
C05 869.967 95.2093505859375
C05 875.002 94.12186431884766
C05 899.999 87.77281188964844
C05 919.999 79.88853454589844
C05 925.012 77.19113159179688
C05 949.965 64.09877014160156
C05 975.002 49.1044921875
C05 999.976 31.66151237487793
C05 1025.028 15.531737327575684
C05 1050.014 6.202456474304199
C05 1075.002 0.9353914739332847
C05 1099.99 0.09280868271717332
C06 319.994 46.99568176269531
C06 324.969 48.75474166870117
C06 349.982 58.7681884765625
C06 374.975 75.2399673461914
C06 400.019 86.73664855957031
C06 424.965 87.84929656982422
C06 450.035 86.69996643066406
C06 475.003 86.20531463623047
C06 500.018 86.08515930175781
C06 525.002 86.23101043701172
C06 550.029 87.37214660644531
C06 575.023 88.73267364501953
C06 599.982 90.51104736328125
C06 619.997 91.43940734863281
C06 624.979 91.85391235351562
C06 650.012 93.11693572998047
C06 675.004 94.67765808105469
C06 700.03 95.67935943603516
C06 725.012 96.51912689208984
C06 750.022 97.99547576904297
C06 774.987 98.97392272949219
C06 799.976 99.40287017822266
C06 824.988 98.86862182617188
C06 850.022 97.73719024658203
C06 869.967 95.00059509277344
C06 875.002 93.92938232421875
C06 899.999 87.50929260253906
C06 919.999 79.62226104736328
C06 925.012 76.93975830078125
C06 949.965 63.88302993774414
C06 975.002 48.87172317504883
C06 999.976 31.45261573791504
C06 1025.028 15.413025856018066
C06 1050.014 6.167762756347656
C06 1075.002 0.9335882134678095
C06 1099.99 0.09262976487041022
C07 319.994 46.594444274902344
C07 324.969 48.29972457885742
C07 349.982 58.149635314941406
C07 374.975 74.89204406738281
C07 400.019 86.77616882324219
C07 424.965 88.06256103515625
C07 450.035 86.95683288574219
C07 475.003 86.44670104980469
C07 500.018 86.26626586914062
C07 525.002 86.35186767578125
C07 550.029 87.43268585205078
C07 575.023 88.7230224609375
C07 599.982 90.43826293945312
C07 619.997 91.32362365722656
C07 624.979 91.72997283935547
C07 650.012 92.9670639038086
C07 675.004 94.5154037475586
C07 700.03 95.51911926269531
C07 725.012 96.32362365722656
C07 750.022 97.7652359008789
C07 774.987 98.69112396240234
C07 799.976 99.11781311035156
C07 824.988 98.60372161865234
C07 850.022 97.45590209960938
C07 869.967 94.69041442871094
C07 875.002 93.6041488647461
C07 899.999 87.09358978271484
C07 919.999 79.29187774658203
C07 925.012 76.65985107421875
C07 949.965 63.692657470703125
C07 975.002 48.57293701171875
C07 999.976 31.166566848754883
C07 1025.028 15.258978843688965
C07 1050.014 6.1556925773620605
C07 1075.002 0.9313951425047339
C07 1099.99 0.09241217038418674
C10 319.994 49.26166534423828
C10 324.969 51.34849548339844
C10 349.982 62.23966598510742
C10 374.975 77.14781951904297
C10 400.019 86.7491683959961
C10 424.965 87.12752532958984
C10 450.035 85.95515441894531
C10 475.003 85.7409439086914
C10 500.018 85.9884033203125
C10 525.002 86.46186828613281
C10 550.029 87.77479553222656
C10 575.023 89.47401428222656
C10 599.982 91.24366760253906
C10 619.997 92.35035705566406
C10 624.979 92.77272033691406
C10 650.012 94.04052734375
C10 675.004 95.56881713867188
C10 700.03 96.28707122802734
C10 725.012 96.97968292236328
C10 750.022 97.9503173828125
C10 774.987 98.72077941894531
C10 799.976 98.91756439208984
C10 824.988 98.30618286132812
C10 850.022 97.0390853881836
C10 869.967 94.45977020263672
C10 875.002 93.3024673461914
C10 899.999 87.21869659423828
C10 919.999 79.27625274658203
C10 925.012 76.5179672241211
C10 949.965 62.51919937133789
C10 975.002 47.88230514526367
C10 999.976 31.113075256347656
C10 1025.028 15.379352569580078
C10 1050.014 6.177924156188965
C10 1075.002 0.9331606598760808
C10 1099.99 0.0925873433958243
C11 319.994 49.084190368652344
C11 324.969 51.10566711425781
C11 349.982 61.84535598754883
C11 374.975 77.12030792236328
C11 400.019 87.13438415527344
C11 424.965 87.67591094970703
C11 450.035 86.5163803100586
C11 475.003 86.27120971679688
C11 500.018 86.46977233886719
C11 525.002 86.87580108642578
C11 550.029 88.14036560058594
C11 575.023 89.7826919555664
C11 599.982 91.52017211914062
C11 619.997 92.6009521484375
C11 624.979 93.01748657226562
C11 650.012 94.27710723876953
C11 675.004 95.8135757446289
C11 700.03 96.55316925048828
C11 725.012 97.28910827636719
C11 750.022 98.33557891845703
C11 774.987 99.17398071289062
C11 799.976 99.41716003417969
C11 824.988 98.82041931152344
C11 850.022 97.58128356933594
C11 869.967 94.97640228271484
C11 875.002 93.81385803222656
C11 899.999 87.64482116699219
C11 919.999 79.75193786621094
C11 925.012 77.0248794555664
C11 949.965 63.18032455444336
C11 975.002 48.26412582397461
C11 999.976 31.410717010498047
C11 1025.028 15.439201354980469
C11 1050.014 6.2396111488342285
C11 1075.002 0.936830424937824
C11 1099.99 0.09295145411390658
C12 319.994 48.67877197265625
C12 324.969 50.62671661376953
C12 349.982 61.15907287597656
C12 374.975 76.745361328125
C12 400.019 87.12814331054688
C12 424.965 87.82231140136719
C12 450.035 86.70465087890625
C12 475.003 86.45685577392578
C12 500.018 86.606201171875
C12 525.002 86.96440887451172
C12 550.029 88.17520141601562
C12 575.023 89.75504302978516
C12 599.982 91.4339828491211
C12 619.997 92.48145294189453
C12 624.979 92.89505004882812
C12 650.012 94.131591796875
C12 675.004 95.65934753417969
C12 700.03 96.42322540283203
C12 725.012 97.21141052246094
C12 750.022 98.33135223388672
C12 774.987 99.23543548583984
C12 799.976 99.52217102050781
C12 824.988 98.92780303955078
C12 850.022 97.7063980102539
C12 869.967 95.04972839355469
C12 875.002 93.86614227294922
C12 899.999 87.54120635986328
C12 919.999 79.64747619628906
C12 925.012 76.95527648925781
C12 949.965 63.344078063964844
C12 975.002 48.34681701660156
C12 999.976 31.43403434753418
C12 1025.028 15.452399253845215
C12 1050.014 6.237435817718506
C12 1075.002 0.9367895746993843
C12 1099.99 0.09294740099077695
C13 319.994 48.17127990722656
C13 324.969 50.0667610168457
C13 349.982 60.44938659667969
C13 374.975 76.2435073852539
C13 400.019 86.89637756347656
C13 424.965 87.68839263916016
C13 450.035 86.56121063232422
C13 475.003 86.24693298339844
C13 500.018 86.32653045654297
C13 525.002 86.63526153564453
C13 550.029 87.78807830810547
C13 575.023 89.34337615966797
C13 599.982 91.02120208740234
C13 619.997 92.07396697998047
C13 624.979 92.48728942871094
C13 650.012 93.73536682128906
C13 675.004 95.26971435546875
C13 700.03 96.06484985351562
C13 725.012 96.90917205810547
C13 750.022 98.100341796875
C13 774.987 99.07221984863281
C13 799.976 99.40864562988281
C13 824.988 98.81739807128906
C13 850.022 97.61634063720703
C13 869.967 94.95623779296875
C13 875.002 93.76824188232422
C13 899.999 87.3730697631836
C13 919.999 79.42462158203125
C13 925.012 76.73951721191406
C13 949.965 63.286895751953125
C13 975.002 48.2846565246582
C13 999.976 31.376066207885742
C13 1025.028 15.400572776794434
C13 1050.014 6.207799434661865
C13 1075.002 0.9345881638954473
C13 1099.99 0.09272897903320486
C14 319.994 47.65924835205078
C14 324.969 49.50251388549805
C14 349.982 59.72426223754883
C14 374.975 75.70492553710938
C14 400.019 86.60729217529297
C14 424.965 87.49267578125
C14 450.035 86.36221313476562
C14 475.003 85.98180389404297
C14 500.018 85.99378204345703
C14 525.002 86.2534408569336
C14 550.029 87.34060668945312
C14 575.023 88.89921569824219
C14 599.982 90.56412506103516
C14 619.997 91.64569854736328
C14 624.979 92.06011962890625
C14 650.012 93.32154083251953
C14 675.004 94.8614501953125
C14 700.03 95.67383575439453
C14 725.012 96.59290313720703
C14 750.022 97.83489227294922
C14 774.987 98.88826751708984
C14 799.976 99.2744140625
C14 824.988 98.7048110961914
C14 850.022 97.55937957763672
C14 869.967 94.96546173095703
C14 875.002 93.77262878417969
C14 899.999 87.40608215332031
C14 919.999 79.42439270019531
C14 925.012 76.7372817993164
C14 949.965 63.35578918457031
C14 975.002 48.43874740600586
C14 999.976 31.509571075439453
C14 1025.028 15.447052001953125
C14 1050.014 6.226724624633789
C14 1075.002 0.9320586573606988
C14 1099.99 0.09247800371863701
C15 319.994 47.45691680908203
C15 324.969 49.24512481689453
C15 349.982 59.3195915222168
C15 374.975 75.54889678955078
C15 400.019 86.79138946533203
C15 424.965 87.82451629638672
C15 450.035 86.71305847167969
C15 475.003 86.31768798828125
C15 500.018 86.28959655761719
C15 525.002 86.50321960449219
C15 550.029 87.54345703125
C15 575.023 89.06531524658203
C15 599.982 90.68012237548828
C15 619.997 91.7504653930664
C15 624.979 92.15986633300781
C15 650.012 93.40676879882812
C15 675.004 94.9522933959961
C15 700.03 95.771240234375
C15 725.012 96.7423095703125
C15 750.022 98.02809143066406
C15 774.987 99.15330505371094
C15 799.976 99.5694351196289
C15 824.988 99.01779174804688
C15 850.022 97.91221618652344
C15 869.967 95.32910919189453
C15 875.002 94.127197265625
C15 899.999 87.7630844116211
C15 919.999 79.71258544921875
C15 925.012 77.00621032714844
C15 949.965 63.5330696105957
C15 975.002 48.71570587158203
C15 999.976 31.723716735839844
C15 1025.028 15.530953407287598
C15 1050.014 6.283009052276611
C15 1075.002 0.9338987521219113
C15 1099.99 0.09266057623038419
C16 319.994 47.17512130737305
C16 324.969 48.91007614135742
C16 349.982 58.817161560058594
C16 374.975 75.28614044189453
C16 400.019 86.88272857666016
C16 424.965 88.0838851928711
C16 450.035 87.01287841796875
C16 475.003 86.6131591796875
C16 500.018 86.55107116699219
C16 525.002 86.7060546875
C16 550.029 87.6971206665039
C16 575.023 89.16145324707031
C16 599.982 90.715576171875
C16 619.997 91.7512435913086
C16 624.979 92.1558609008789
C16 650.012 93.38255310058594
C16 675.004 94.92632293701172
C16 700.03 95.74397277832031
C16 725.012 96.73258209228516
C16 750.022 98.03018951416016
C16 774.987 99.17876434326172
C16 799.976 99.60901641845703
C16 824.988 99.06879425048828
C16 850.022 97.9669189453125
C16 869.967 95.37085723876953
C16 875.002 94.15870666503906
C16 899.999 87.7782211303711
C16 919.999 79.69938659667969
C16 925.012 76.98462677001953
C16 949.965 63.438140869140625
C16 975.002 48.67928695678711
C16 999.976 31.691749572753906
C16 1025.028 15.512932777404785
C16 1050.014 6.286771774291992
C16 1075.002 0.9339185864661742
C16 1099.99 0.09266254417580051
C17 319.994 46.79158020019531
C17 324.969 48.4727668762207
C17 349.982 58.24351501464844
C17 374.975 74.98472595214844
C17 400.019 86.95341491699219
C17 424.965 88.32495880126953
C17 450.035 87.27891540527344
C17 475.003 86.85062408447266
C17 500.018 86.72492218017578
C17 525.002 86.80921173095703
C17 550.029 87.75874328613281
C17 575.023 89.12378692626953
C17 599.982 90.65359497070312
C17 619.997 91.62325286865234
C17 624.979 92.02311706542969
C17 650.012 93.23098754882812
C17 675.004 94.7706069946289
C17 700.03 95.61851501464844
C17 725.012 96.55170440673828
C17 750.022 97.8521499633789
C17 774.987 98.93156433105469
C17 799.976 99.3553695678711
C17 824.988 98.85009765625
C17 850.022 97.76156616210938
C17 869.967 95.12677764892578
C17 875.002 93.93870544433594
C17 899.999 87.50923156738281
C17 919.999 79.5731430053711
C17 925.012 76.89814758300781
C17 949.965 63.382564544677734
C17 975.002 48.57877731323242
C17 999.976 31.549501419067383
C17 1025.028 15.480897903442383
C17 1050.014 6.284018516540527
C17 1075.002 0.9322227371054826
C17 1099.99 0.0924942835601775
