lsstCam/transmission_sensor/r20_s12/19700101T000000.ecsv
# %ECSV 1.0
# ---
# datatype:
# - {name: amp_name, datatype: string}
# - {name: wavelength, unit: nm, datatype: float32}
# - {name: efficiency, unit: '%', datatype: float64}
# meta: !!omap
# - {MODE: AMP}
# - {TYPE: transmission_sensor}
# - {CALIBDATE: '1970-01-01T00:00:00'}
# - {INSTRUME: LSSTCam}
# - {OBSTYPE: transmission_sensor}
# - {DETECTOR: 77}
# - {PARQUETFILE: qe_raft_allvalues_nircorrected_20230725_adjust.parquet}
# - {CORRFILE: qe_corr_factor_bydetnum.parquet}
# - {CALIBCLS: lsst.ip.isr.IntermediateSensorTransmissionCurve}
# - {CALIB_ID: 'raftName=R20 detectorName=S12 detector=77 calibDate=1970-01-01T00:00:00 ccd=77 ccdnum=77 filter=None'}
# - {DATE: '2025-03-03T21:56:47.808657'}
# - {CALIB_CREATION_DATE: '2025-03-03'}
# - {CALIB_CREATION_TIME: '21:56:47'}
# - __serialized_columns__:
#     efficiency:
#       __class__: astropy.units.quantity.Quantity
#       unit: !astropy.units.Unit {unit: '%'}
#       value: !astropy.table.SerializedColumn {name: efficiency}
#     wavelength:
#       __class__: astropy.units.quantity.Quantity
#       unit: !astropy.units.Unit {unit: nm}
#       value: !astropy.table.SerializedColumn {name: wavelength}
# schema: astropy-2.0
amp_name wavelength efficiency
C00 319.994 49.35674985758216
C00 324.969 51.43562732767126
C00 349.982 62.34196860884264
C00 374.975 77.42038575369186
C00 400.019 87.15495716502855
C00 424.965 87.58730248663076
C00 450.035 86.48748457012543
C00 475.003 86.3561000208971
C00 500.018 86.62496085546928
C00 525.002 87.10216211869404
C00 550.029 88.51968926501367
C00 575.023 90.02050067326353
C00 599.982 91.84880015088153
C00 619.997 92.7786677902693
C00 624.979 93.1898676118214
C00 650.012 94.42449763333936
C00 675.004 95.93040838961572
C00 700.03 96.79296158155155
C00 725.012 97.35876783361445
C00 750.022 98.4847008243694
C00 774.987 99.11182902657762
C00 799.976 99.32103970324671
C00 824.988 98.68949919091972
C00 850.022 97.38734861057749
C00 869.967 94.72987071583199
C00 875.002 93.72026087661627
C00 899.999 87.57005020139133
C00 919.999 79.58179937776717
C00 925.012 76.8116090973755
C00 949.965 63.05806822010648
C00 975.002 48.28985250749059
C00 999.976 31.214714267250585
C00 1025.028 15.25598877164639
C00 1050.014 6.071499986477938
C00 1075.002 0.9382521473698303
C00 1099.99 0.0930925161075007
C01 319.994 48.97616520857554
C01 324.969 50.99856816264632
C01 349.982 61.7701278738232
C01 374.975 77.12999773134302
C01 400.019 87.1735300898018
C01 424.965 87.71134336400053
C01 450.035 86.58211259128832
C01 475.003 86.35950467541781
C01 500.018 86.5368444269211
C01 525.002 86.94377697969054
C01 550.029 88.30239444229655
C01 575.023 89.77947250771037
C01 599.982 91.61396296025279
C01 619.997 92.55602170562614
C01 624.979 92.9675116098504
C01 650.012 94.21525642165214
C01 675.004 95.72625125844598
C01 700.03 96.6183928829429
C01 725.012 97.23607049704209
C01 750.022 98.42757743921597
C01 774.987 99.1189513195548
C01 799.976 99.37602563713153
C01 824.988 98.76084426076389
C01 850.022 97.50832835238045
C01 869.967 94.81404049328778
C01 875.002 93.78028508849137
C01 899.999 87.63683028602611
C01 919.999 79.73346681278363
C01 925.012 76.98069676023108
C01 949.965 63.331494039888035
C01 975.002 48.47071141983256
C01 999.976 31.335073766497914
C01 1025.028 15.304027988908251
C01 1050.014 6.121676655008401
C01 1075.002 0.937707353872824
C01 1099.99 0.09303846219721922
C02 319.994 48.66031861486674
C02 324.969 50.63328155771927
C02 349.982 61.280098086109554
C02 374.975 76.91103111638368
C02 400.019 87.24185982660633
C02 424.965 87.8727972723254
C02 450.035 86.73139066113667
C02 475.003 86.44020109456211
C02 500.018 86.54463849029698
C02 525.002 86.89561562235619
C02 550.029 88.1857125042944
C02 575.023 89.67061516810222
C02 599.982 91.49008239172817
C02 619.997 92.45140873353706
C02 624.979 92.86934152658526
C02 650.012 94.12613997126044
C02 675.004 95.65179161675329
C02 700.03 96.55787247702331
C02 725.012 97.24785701403754
C02 750.022 98.49926602801402
C02 774.987 99.2786036618104
C02 799.976 99.58106828382684
C02 824.988 98.98497129378602
C02 850.022 97.76740271364423
C02 869.967 95.0369232243214
C02 875.002 93.96412879885484
C02 899.999 87.76000854913391
C02 919.999 79.91016532890636
C02 925.012 77.1854951267814
C02 949.965 63.71482684052572
C02 975.002 48.77268748155903
C02 999.976 31.519757189859774
C02 1025.028 15.426399936693743
C02 1050.014 6.16997446570499
C02 1075.002 0.9383896119132459
C02 1099.99 0.0931061552132123
C03 319.994 47.933256932096775
C03 324.969 49.839386354032804
C03 349.982 60.2682973593435
C03 374.975 76.05143982120578
C03 400.019 86.6379840406987
C03 424.965 87.37422913016913
C03 450.035 86.22311238321733
C03 475.003 85.85405088667483
C03 500.018 85.88363931923593
C03 525.002 86.18596653367081
C03 550.029 87.41300096943068
C03 575.023 88.8937279695102
C03 599.982 90.70394308264491
C03 619.997 91.69214024040197
C03 624.979 92.1093859955424
C03 650.012 93.38252830866787
C03 675.004 94.91537095092865
C03 700.03 95.83994839842661
C03 725.012 96.60181236810216
C03 750.022 97.90690957769326
C03 774.987 98.77328728064897
C03 799.976 99.12885993293567
C03 824.988 98.55505350612457
C03 850.022 97.39798243063879
C03 869.967 94.69947310529065
C03 875.002 93.60592250125504
C03 899.999 87.38739735673464
C03 919.999 79.58410477163545
C03 925.012 76.88778633383761
C03 949.965 63.66040198759891
C03 975.002 48.757763491451456
C03 999.976 31.49073747201122
C03 1025.028 15.414789950271825
C03 1050.014 6.172695422085536
C03 1075.002 0.9327455838672142
C03 1099.99 0.09254615993554706
C04 319.994 47.55865332976497
C04 324.969 49.417701570632744
C04 349.982 59.709392021376374
C04 374.975 75.69820309780548
C04 400.019 86.54956989572383
C04 424.965 87.38076362404743
C04 450.035 86.214463339334
C04 475.003 85.7845531854271
C04 500.018 85.7511631431097
C04 525.002 86.00816112314114
C04 550.029 87.1985230021354
C04 575.023 88.66579169297724
C04 599.982 90.47282353047264
C04 619.997 91.46918880557757
C04 624.979 91.88826666180537
C04 650.012 93.1685007328899
C04 675.004 94.71617576020387
C04 700.03 95.6618071026976
C04 725.012 96.47745850679664
C04 750.022 97.84962588369469
C04 774.987 98.78772271046658
C04 799.976 99.1852657451632
C04 824.988 98.63195594926711
C04 850.022 97.50580157963077
C04 869.967 94.81862837976075
C04 875.002 93.71727607859475
C04 899.999 87.46688764266308
C04 919.999 79.64231214993224
C04 925.012 76.94818459968472
C04 949.965 63.83342485091509
C04 975.002 48.923041910796215
C04 999.976 31.571452975541852
C04 1025.028 15.480013703201665
C04 1050.014 6.191422930388041
C04 1075.002 0.9321992339634654
C04 1099.99 0.09249195160001844
C05 319.994 47.41455094548845
C05 324.969 49.23166697271895
C05 349.982 59.420870452010305
C05 374.975 75.69708093588946
C05 400.019 86.89436368661315
C05 424.965 87.85978935460504
C05 450.035 86.69855788290002
C05 475.003 86.23599052711066
C05 500.018 86.16144691411812
C05 525.002 86.36896289728138
C05 550.029 87.53656855401955
C05 575.023 88.96218748014175
C05 599.982 90.75530298312763
C05 619.997 91.72645396701758
C05 624.979 92.13945535463893
C05 650.012 93.41788022589967
C05 675.004 94.97537226154016
C05 700.03 95.95150045338413
C05 725.012 96.79974035557484
C05 750.022 98.24085580339441
C05 774.987 99.22050315607704
C05 799.976 99.64601626737425
C05 824.988 99.10121047402538
C05 850.022 97.97567443850603
C05 869.967 95.26376024020193
C05 875.002 94.17565250314674
C05 899.999 87.82297175650335
C05 919.999 79.93418875441455
C05 925.012 77.23524430505815
C05 949.965 64.13540091264156
C05 975.002 49.132554120769264
C05 999.976 31.67960610129455
C05 1025.028 15.54061330932452
C05 1050.014 6.2060010159934365
C05 1075.002 0.9359260257014187
C05 1099.99 0.09286172045252497
C06 319.994 47.02253856594933
C06 324.969 48.78260372869444
C06 349.982 58.8017729595684
C06 374.975 75.28296502010662
C06 400.019 86.78621628617634
C06 424.965 87.89950014567387
C06 450.035 86.74951319439262
C06 475.003 86.25457871939298
C06 500.018 86.13435471928857
C06 525.002 86.28028920465246
C06 550.029 87.42207750356772
C06 575.023 88.78338204776855
C06 599.982 90.56277206010819
C06 619.997 91.49166257891603
C06 624.979 91.90640446257039
C06 650.012 93.17014962386853
C06 675.004 94.73176388695562
C06 700.03 95.73403768806732
C06 725.012 96.57428504926436
C06 750.022 98.05147762099615
C06 774.987 99.0304837382982
C06 799.976 99.45967631927923
C06 824.988 98.92512265826512
C06 850.022 97.79304449511294
C06 869.967 95.0548854487322
C06 875.002 93.98306051009105
C06 899.999 87.55930187501205
C06 919.999 79.66776308753768
C06 925.012 76.98372736077978
C06 949.965 63.91953741889894
C06 975.002 48.89965208691407
C06 999.976 31.470590085366
C06 1025.028 15.421833997265052
C06 1050.014 6.171287471484275
C06 1075.002 0.9341217347197404
C06 1099.99 0.0926827003588909
C07 319.994 46.62107178142391
C07 324.969 48.327326608481926
C07 349.982 58.18286631098977
C07 374.975 74.9348429122419
C07 400.019 86.82575913464551
C07 424.965 88.11288648607126
C07 450.035 87.0065264419331
C07 475.003 86.49610307899063
C07 500.018 86.31556478433895
C07 525.002 86.4012155101737
C07 550.029 87.48265134576903
C07 575.023 88.77372534828719
C07 599.982 90.48994604188506
C07 619.997 91.37581272015773
C07 624.979 91.78239412021874
C07 650.012 93.02019214986694
C07 675.004 94.56941682935066
C07 700.03 95.57370594165847
C07 725.012 96.3786700894145
C07 750.022 97.82110617676788
C07 774.987 98.74752335910777
C07 799.976 99.1744563487477
C07 824.988 98.66007106720377
C07 850.022 97.51159559931959
C07 869.967 94.744527524531
C07 875.002 93.65764118820071
C07 899.999 87.14336149189637
C07 919.999 79.3371909813391
C07 925.012 76.70366017455649
C07 949.965 63.72905615897099
C07 975.002 48.6006951751045
C07 999.976 31.184377726745478
C07 1025.028 15.267698951096525
C07 1050.014 6.159210394707008
C07 1075.002 0.9319274104739551
C07 1099.99 0.09246498152310834
C10 319.994 49.289817097856755
C10 324.969 51.37783980587366
C10 349.982 62.27523432673503
C10 374.975 77.19190748058722
C10 400.019 86.79874327736127
C10 424.965 87.17731643204904
C10 450.035 86.004275542085
C10 475.003 85.78994261612578
C10 500.018 86.0375434443299
C10 525.002 86.51127898299771
C10 550.029 87.82495653268133
C10 575.023 89.5251463417647
C10 599.982 91.29581097267571
C10 619.997 92.40313286988474
C10 624.979 92.82573752070576
C10 650.012 94.09426904609467
C10 675.004 95.62343221867162
C10 700.03 96.34209677145779
C10 725.012 97.03510427526619
C10 750.022 98.00629342792878
C10 774.987 98.7771957629687
C10 799.976 98.97409319357973
C10 824.988 98.36236227425998
C10 850.022 97.09454068804243
C10 869.967 94.5137514913126
C10 875.002 93.35578726654673
C10 899.999 87.26853979869122
C10 919.999 79.32155705206017
C10 925.012 76.56169524154858
C10 949.965 62.55492745898631
C10 975.002 47.909668630596826
C10 999.976 31.130855565291924
C10 1025.028 15.388141467424376
C10 1050.014 6.181454678299886
C10 1075.002 0.9336939367923138
C10 1099.99 0.09264025464154152
C11 319.994 49.112240699962996
C11 324.969 51.13487266666971
C11 349.982 61.880698991323506
C11 374.975 77.16438016174942
C11 400.019 87.18417917737217
C11 424.965 87.72601544020858
C11 450.035 86.56582215911975
C11 475.003 86.32051145727486
C11 500.018 86.51918755269153
C11 525.002 86.92544833506226
C11 550.029 88.19073551477561
C11 575.023 89.83400041632335
C11 599.982 91.5724735043783
C11 619.997 92.65387117120098
C11 624.979 93.07064363356052
C11 650.012 94.33098414033796
C11 675.004 95.86833069777187
C11 700.03 96.60834686198046
C11 725.012 97.34470645776885
C11 750.022 98.39177513046687
C11 774.987 99.23065604960291
C11 799.976 99.47397434151527
C11 824.988 98.87689259713999
C11 850.022 97.63704872127755
C11 869.967 95.03067881311526
C11 875.002 93.86747019898678
C11 899.999 87.69490789049588
C11 919.999 79.79751401329644
C11 925.012 77.06889716007909
C11 949.965 63.2164304578464
C11 975.002 48.29170750984156
C11 999.976 31.428667413921882
C11 1025.028 15.448024454840658
C11 1050.014 6.243176923448416
C11 1075.002 0.9373657990288305
C11 1099.99 0.09300457343937818
C12 319.994 48.70659061795474
C12 324.969 50.6556484584943
C12 349.982 61.19402368689835
C12 374.975 76.78921929533688
C12 400.019 87.17793476616603
C12 424.965 87.8724995558987
C12 450.035 86.75420031967448
C12 475.003 86.50626360627102
C12 500.018 86.65569435120999
C12 525.002 87.01410676018212
C12 550.029 88.22559123796292
C12 575.023 89.80633568990399
C12 599.982 91.48623497944469
C12 619.997 92.53430367398622
C12 624.979 92.94813714085141
C12 650.012 94.18538554017341
C12 675.004 95.71401434993322
C12 700.03 96.47832875481313
C12 725.012 97.26696430162794
C12 750.022 98.38754603045685
C12 774.987 99.2921459423479
C12 799.976 99.5790453388762
C12 824.988 98.98433769215997
C12 850.022 97.76223466182692
C12 869.967 95.10404682791008
C12 875.002 93.91978431878586
C12 899.999 87.59123387021408
C12 919.999 79.69299264626173
C12 925.012 76.99925441749528
C12 949.965 63.38027754821664
C12 975.002 48.37444595832284
C12 999.976 31.451998076206415
C12 1025.028 15.461229895959498
C12 1050.014 6.241000349187842
C12 1075.002 0.9373249254455477
C12 1099.99 0.09300051799999466
C13 319.994 48.19880853407988
C13 324.969 50.09537286158891
C13 349.982 60.48393184045019
C13 374.975 76.28707855606024
C13 400.019 86.94603657103163
C13 424.965 87.73850426262086
C13 450.035 86.61067810074229
C13 475.003 86.29622085035808
C13 500.018 86.37586381137716
C13 525.002 86.68477132221753
C13 550.029 87.83824689931933
C13 575.023 89.39443356293506
C13 599.982 91.07321832431427
C13 619.997 92.12658484450013
C13 624.979 92.54014349620222
C13 650.012 93.78893413237468
C13 675.004 95.32415850604903
C13 700.03 96.11974840324133
C13 725.012 96.96455311589321
C13 750.022 98.15640357702098
C13 774.987 99.12883703167208
C13 799.976 99.46545507145899
C13 824.988 98.87386963034582
C13 850.022 97.67212582334624
C13 869.967 95.01050279989056
C13 875.002 93.82182798064757
C13 899.999 87.42300118786594
C13 919.999 79.47001067641921
C13 925.012 76.78337183936634
C13 949.965 63.32306255800885
C13 975.002 48.31224994328374
C13 999.976 31.39399680928196
C13 1025.028 15.409373801432274
C13 1050.014 6.211347029713236
C13 1075.002 0.9351222565929002
C13 1099.99 0.09278197121998526
C14 319.994 47.68648436625925
C14 324.969 49.530803277759986
C14 349.982 59.7583930917091
C14 374.975 75.74818892247268
C14 400.019 86.65678597810788
C14 424.965 87.54267555764413
C14 450.035 86.41156688131736
C14 475.003 86.03094024666082
C14 500.018 86.04292524127406
C14 525.002 86.3027324429728
C14 550.029 87.3905195623377
C14 575.023 88.95001927541978
C14 599.982 90.61588009037845
C14 619.997 91.69807166767234
C14 624.979 92.11272958002685
C14 650.012 93.37487165287355
C14 675.004 94.91566103360081
C14 700.03 95.72851084978709
C14 725.012 96.64810345557649
C14 750.022 97.89080235563343
C14 774.987 98.94477957618174
C14 799.976 99.33114679424538
C14 824.988 98.7612183147359
C14 850.022 97.61513221201983
C14 869.967 95.0197320091182
C14 875.002 93.82621738950274
C14 899.999 87.45603244372039
C14 919.999 79.4697816637833
C14 925.012 76.78113514928884
C14 949.965 63.39199536142131
C14 975.002 48.46642888354082
C14 999.976 31.527577971376505
C14 1025.028 15.455879588252774
C14 1050.014 6.2302830349363605
C14 1075.002 0.9325913045113102
C14 1099.99 0.0925308524795878
C15 319.994 47.48403719610439
C15 324.969 49.27326711803414
C15 349.982 59.35349111764485
C15 374.975 75.59207100856479
C15 400.019 86.8409884749343
C15 424.965 87.87470571095808
C15 450.035 86.76261271716734
C15 475.003 86.36701628987605
C15 500.018 86.3389088056939
C15 525.002 86.55265393255425
C15 550.029 87.59348582780065
C15 575.023 89.11621374530822
C15 599.982 90.73194369426362
C15 619.997 91.80289838488827
C15 624.979 92.21253328676157
C15 650.012 93.4601483247363
C15 675.004 95.00655614879817
C15 700.03 95.82597099388086
C15 725.012 96.7975952705517
C15 750.022 98.084111921615
C15 774.987 99.20996857482464
C15 799.976 99.62633644819404
C15 824.988 99.07437782684988
C15 850.022 97.96817045780233
C15 869.967 95.38358728507075
C15 875.002 94.18098849756372
C15 899.999 87.81323871947667
C15 919.999 79.75813910742694
C15 925.012 77.0502173627424
C15 949.965 63.56937709857453
C15 975.002 48.74354562363798
C15 999.976 31.741846010422194
C15 1025.028 15.539828941046489
C15 1050.014 6.286599627657819
C15 1075.002 0.9344324508385629
C15 1099.99 0.09271352932675142
C16 319.994 47.20208065563475
C16 324.969 48.93802697094003
C16 349.982 58.85077402990114
C16 374.975 75.32916450252658
C16 400.019 86.93237978417616
C16 424.965 88.13422282998465
C16 450.035 87.06260400271582
C16 475.003 86.662656335342
C16 500.018 86.60053284097096
C16 525.002 86.75560493050813
C16 550.029 87.747237277804
C16 575.023 89.21240668614989
C16 599.982 90.7674177515679
C16 619.997 91.8036770278504
C16 624.979 92.20852556563294
C16 650.012 93.43591878785577
C16 675.004 94.98057084837558
C16 700.03 95.79868795518804
C16 725.012 96.78786223352503
C16 750.022 98.08621120411095
C16 774.987 99.23544241369368
C16 799.976 99.66594036669945
C16 824.988 99.12540947588778
C16 850.022 98.02290447778763
C16 869.967 95.42535918986287
C16 875.002 94.21251590377561
C16 899.999 87.82838408846563
C16 919.999 79.74493271208878
C16 925.012 77.02862147117499
C16 949.965 63.474394107825965
C16 975.002 48.707105896385556
C16 999.976 31.70986057893845
C16 1025.028 15.521798012844913
C16 1050.014 6.290364499970442
C16 1075.002 0.9344522965176348
C16 1099.99 0.09271549839679709
C17 319.994 46.81832036474334
C17 324.969 48.50046779499333
C17 349.982 58.27679966049036
C17 374.975 75.02757776228117
C17 400.019 87.00310651990334
C17 424.965 88.37543420564654
C17 450.035 87.32879302320225
C17 475.003 86.90025694511087
C17 500.018 86.77448320546262
C17 525.002 86.85882092551809
C17 550.029 87.80889511314868
C17 575.023 89.1747188400317
C17 599.982 90.70540112976028
C17 619.997 91.67561316184295
C17 624.979 92.07570587055284
C17 650.012 93.28426662034836
C17 675.004 94.82476591840346
C17 700.03 95.67315849568479
C17 725.012 96.60688118111057
C17 750.022 97.90806990838192
C17 774.987 98.98810113314362
C17 799.976 99.41214856357092
C17 824.988 98.90658790226452
C17 850.022 97.81743434083862
C17 869.967 95.18114011491588
C17 875.002 93.99238895812759
C17 899.999 87.55924080497581
C17 919.999 79.61861697586886
C17 925.012 76.9420928635692
C17 949.965 63.41878602294689
C17 975.002 48.60653881419777
C17 999.976 31.567531134151693
C17 1025.028 15.489744831789709
C17 1050.014 6.287609668804166
C17 1075.002 0.9327554780233778
C17 1099.99 0.09254714162463203
