lsstCam/transmission_sensor/r20_s12/19700101T000000.ecsv
# %ECSV 0.9
# ---
# datatype:
# - {name: amp_name, datatype: string}
# - {name: wavelength, unit: nm, datatype: float32}
# - {name: efficiency, unit: '%', datatype: float32}
# meta: !!omap
# - {MODE: AMP}
# - {TYPE: transmission_sensor}
# - {CALIBDATE: '1970-01-01T00:00:00'}
# - {INSTRUME: LSSTCAM}
# - {OBSTYPE: transmission_sensor}
# - {DETECTOR: 77}
# - {CALIBCLS: lsst.ip.isr.IntermediateSensorTransmissionCurve}
# - {PICKLEFILE: RaftRun10928.p}
# - {CALIB_ID: 'raftName=R20 detectorName=S12 detector=77 calibDate=1970-01-01T00:00:00 ccd=77 ccdnum=77 filter=None'}
# - {DATE: '2020-07-23T19:15:46.632208'}
# - {CALIB_CREATION_DATE: '2020-07-23'}
# - {CALIB_CREATION_TIME: '19:15:46'}
# - __serialized_columns__:
#     efficiency:
#       __class__: astropy.units.quantity.Quantity
#       unit: !astropy.units.Unit {unit: '%'}
#       value: !astropy.table.SerializedColumn {name: efficiency}
#     wavelength:
#       __class__: astropy.units.quantity.Quantity
#       unit: !astropy.units.Unit {unit: nm}
#       value: !astropy.table.SerializedColumn {name: wavelength}
# schema: astropy-2.0
amp_name wavelength efficiency
C11 319.994 49.08419
C11 324.969 51.105667
C11 349.982 61.845356
C11 374.975 77.12031
C11 400.019 87.134384
C11 424.965 87.67591
C11 450.035 86.51638
C11 475.003 86.27121
C11 500.018 86.46977
C11 525.002 86.8758
C11 550.029 88.140366
C11 575.023 89.78269
C11 599.982 91.52017
C11 619.997 92.60095
C11 624.979 93.01749
C11 650.012 94.27711
C11 675.004 95.813576
C11 700.03 96.55317
C11 725.012 97.28911
C11 750.022 98.33558
C11 774.987 99.17398
C11 799.976 99.41716
C11 824.988 98.82042
C11 850.022 97.58128
C11 869.967 94.9764
C11 875.002 93.81386
C11 899.999 87.64482
C11 919.999 79.75194
C11 925.012 77.02488
C11 949.965 63.180325
C11 975.002 48.264126
C11 999.976 31.410717
C11 1025.028 15.439201
C11 1050.014 6.239611
C11 1075.002 3.3778026
C11 1099.99 2.2804976
C05 319.994 47.38747
C05 324.969 49.20355
C05 349.982 59.386932
C05 374.975 75.65385
C05 400.019 86.844734
C05 424.965 87.80961
C05 450.035 86.64904
C05 475.003 86.18674
C05 500.018 86.112236
C05 525.002 86.31963
C05 550.029 87.48657
C05 575.023 88.91138
C05 599.982 90.70347
C05 619.997 91.674065
C05 624.979 92.08683
C05 650.012 93.364525
C05 675.004 94.92113
C05 700.03 95.8967
C05 725.012 96.74445
C05 750.022 98.184746
C05 774.987 99.16383
C05 799.976 99.5891
C05 824.988 99.04461
C05 850.022 97.919716
C05 869.967 95.20935
C05 875.002 94.121864
C05 899.999 87.77281
C05 919.999 79.888535
C05 925.012 77.19113
C05 949.965 64.09877
C05 975.002 49.104492
C05 999.976 31.661512
C05 1025.028 15.531737
C05 1050.014 6.2024565
C05 1075.002 3.333209
C05 1099.99 2.2871487
C01 319.994 48.948193
C01 324.969 50.96944
C01 349.982 61.734848
C01 374.975 77.085945
C01 400.019 87.12374
C01 424.965 87.66125
C01 450.035 86.53266
C01 475.003 86.31018
C01 500.018 86.48742
C01 525.002 86.89412
C01 550.029 88.25196
C01 575.023 89.728195
C01 599.982 91.56164
C01 619.997 92.50316
C01 624.979 92.91441
C01 650.012 94.161446
C01 675.004 95.67158
C01 700.03 96.56321
C01 725.012 97.180534
C01 750.022 98.37136
C01 774.987 99.06234
C01 799.976 99.31927
C01 824.988 98.70444
C01 850.022 97.45264
C01 869.967 94.75989
C01 875.002 93.72672
C01 899.999 87.58678
C01 919.999 79.68793
C01 925.012 76.93673
C01 949.965 63.295322
C01 975.002 48.443027
C01 999.976 31.317177
C01 1025.028 15.295287
C01 1050.014 6.1181803
C01 1075.002 3.285154
C01 1099.99 2.2626498
C13 319.994 48.17128
C13 324.969 50.06676
C13 349.982 60.449387
C13 374.975 76.24351
C13 400.019 86.89638
C13 424.965 87.68839
C13 450.035 86.56121
C13 475.003 86.24693
C13 500.018 86.32653
C13 525.002 86.63526
C13 550.029 87.78808
C13 575.023 89.343376
C13 599.982 91.0212
C13 619.997 92.07397
C13 624.979 92.48729
C13 650.012 93.73537
C13 675.004 95.269714
C13 700.03 96.06485
C13 725.012 96.90917
C13 750.022 98.10034
C13 774.987 99.07222
C13 799.976 99.408646
C13 824.988 98.8174
C13 850.022 97.61634
C13 869.967 94.95624
C13 875.002 93.76824
C13 899.999 87.37307
C13 919.999 79.42462
C13 925.012 76.73952
C13 949.965 63.286896
C13 975.002 48.284657
C13 999.976 31.376066
C13 1025.028 15.400573
C13 1050.014 6.2077994
C13 1075.002 3.3733213
C13 1099.99 2.2852929
C00 319.994 49.32856
C00 324.969 51.40625
C00 349.982 62.306362
C00 374.975 77.37617
C00 400.019 87.10518
C00 424.965 87.53728
C00 450.035 86.43809
C00 475.003 86.30678
C00 500.018 86.575485
C00 525.002 87.052414
C00 550.029 88.46913
C00 575.023 89.969086
C00 599.982 91.79634
C00 619.997 92.72568
C00 624.979 93.13664
C00 650.012 94.37057
C00 675.004 95.87562
C00 700.03 96.73768
C00 725.012 97.30316
C00 750.022 98.42845
C00 774.987 99.05522
C00 799.976 99.26431
C00 824.988 98.63313
C00 850.022 97.331726
C00 869.967 94.675766
C00 875.002 93.66673
C00 899.999 87.520035
C00 919.999 79.53635
C00 925.012 76.76774
C00 949.965 63.022053
C00 975.002 48.26227
C00 999.976 31.196886
C00 1025.028 15.247275
C00 1050.014 6.0680323
C00 1075.002 3.2629454
C00 1099.99 2.2587464
C14 319.994 47.65925
C14 324.969 49.502514
C14 349.982 59.724262
C14 374.975 75.704926
C14 400.019 86.60729
C14 424.965 87.492676
C14 450.035 86.36221
C14 475.003 85.981804
C14 500.018 85.99378
C14 525.002 86.25344
C14 550.029 87.34061
C14 575.023 88.899216
C14 599.982 90.564125
C14 619.997 91.6457
C14 624.979 92.06012
C14 650.012 93.32154
C14 675.004 94.86145
C14 700.03 95.673836
C14 725.012 96.5929
C14 750.022 97.83489
C14 774.987 98.88827
C14 799.976 99.274414
C14 824.988 98.70481
C14 850.022 97.55938
C14 869.967 94.96546
C14 875.002 93.77263
C14 899.999 87.40608
C14 919.999 79.42439
C14 925.012 76.73728
C14 949.965 63.35579
C14 975.002 48.438747
C14 999.976 31.509571
C14 1025.028 15.447052
C14 1050.014 6.2267246
C14 1075.002 3.3913112
C14 1099.99 2.2955205
C17 319.994 46.79158
C17 324.969 48.472767
C17 349.982 58.243515
C17 374.975 74.984726
C17 400.019 86.953415
C17 424.965 88.32496
C17 450.035 87.278915
C17 475.003 86.850624
C17 500.018 86.72492
C17 525.002 86.80921
C17 550.029 87.75874
C17 575.023 89.12379
C17 599.982 90.653595
C17 619.997 91.62325
C17 624.979 92.02312
C17 650.012 93.23099
C17 675.004 94.77061
C17 700.03 95.618515
C17 725.012 96.551704
C17 750.022 97.85215
C17 774.987 98.931564
C17 799.976 99.35537
C17 824.988 98.8501
C17 850.022 97.761566
C17 869.967 95.12678
C17 875.002 93.938705
C17 899.999 87.50923
C17 919.999 79.57314
C17 925.012 76.89815
C17 949.965 63.382565
C17 975.002 48.578777
C17 999.976 31.549501
C17 1025.028 15.480898
C17 1050.014 6.2840185
C17 1075.002 3.4077797
C17 1099.99 2.2955282
C02 319.994 48.632526
C02 324.969 50.604362
C02 349.982 61.2451
C02 374.975 76.8671
C02 400.019 87.19203
C02 424.965 87.82261
C02 450.035 86.681854
C02 475.003 86.39083
C02 500.018 86.49521
C02 525.002 86.845985
C02 550.029 88.135345
C02 575.023 89.6194
C02 599.982 91.43783
C02 619.997 92.398605
C02 624.979 92.8163
C02 650.012 94.07238
C02 675.004 95.59716
C02 700.03 96.50272
C02 725.012 97.192314
C02 750.022 98.44301
C02 774.987 99.2219
C02 799.976 99.52419
C02 824.988 98.92844
C02 850.022 97.71156
C02 869.967 94.98264
C02 875.002 93.91046
C02 899.999 87.709885
C02 919.999 79.864525
C02 925.012 77.14141
C02 949.965 63.678436
C02 975.002 48.74483
C02 999.976 31.501755
C02 1025.028 15.417589
C02 1050.014 6.1664505
C02 1075.002 3.3085015
C02 1099.99 2.2721803
C10 319.994 49.261665
C10 324.969 51.348495
C10 349.982 62.239666
C10 374.975 77.14782
C10 400.019 86.74917
C10 424.965 87.127525
C10 450.035 85.955154
C10 475.003 85.740944
C10 500.018 85.9884
C10 525.002 86.46187
C10 550.029 87.774796
C10 575.023 89.474014
C10 599.982 91.24367
C10 619.997 92.35036
C10 624.979 92.77272
C10 650.012 94.04053
C10 675.004 95.56882
C10 700.03 96.28707
C10 725.012 96.97968
C10 750.022 97.95032
C10 774.987 98.72078
C10 799.976 98.917564
C10 824.988 98.30618
C10 850.022 97.039085
C10 869.967 94.45977
C10 875.002 93.30247
C10 899.999 87.2187
C10 919.999 79.27625
C10 925.012 76.51797
C10 949.965 62.5192
C10 975.002 47.882305
C10 999.976 31.113075
C10 1025.028 15.379353
C10 1050.014 6.177924
C10 1075.002 3.3405218
C10 1099.99 2.2503088
C04 319.994 47.53149
C04 324.969 49.389477
C04 349.982 59.67529
C04 374.975 75.65497
C04 400.019 86.50014
C04 424.965 87.33086
C04 450.035 86.16522
C04 475.003 85.73556
C04 500.018 85.70219
C04 525.002 85.95904
C04 550.029 87.14872
C04 575.023 88.61515
C04 599.982 90.42115
C04 619.997 91.41695
C04 624.979 91.835785
C04 650.012 93.11529
C04 675.004 94.66208
C04 700.03 95.60717
C04 725.012 96.422356
C04 750.022 97.79374
C04 774.987 98.7313
C04 799.976 99.12862
C04 824.988 98.57562
C04 850.022 97.45011
C04 869.967 94.76447
C04 875.002 93.66375
C04 899.999 87.41693
C04 919.999 79.596825
C04 925.012 76.904236
C04 949.965 63.796967
C04 975.002 48.8951
C04 999.976 31.553421
C04 1025.028 15.471172
C04 1050.014 6.1878867
C04 1075.002 3.3373804
C04 1099.99 2.2831297
C12 319.994 48.678772
C12 324.969 50.626717
C12 349.982 61.159073
C12 374.975 76.74536
C12 400.019 87.12814
C12 424.965 87.82231
C12 450.035 86.70465
C12 475.003 86.456856
C12 500.018 86.6062
C12 525.002 86.96441
C12 550.029 88.1752
C12 575.023 89.75504
C12 599.982 91.43398
C12 619.997 92.48145
C12 624.979 92.89505
C12 650.012 94.13159
C12 675.004 95.65935
C12 700.03 96.423225
C12 725.012 97.21141
C12 750.022 98.33135
C12 774.987 99.235435
C12 799.976 99.52217
C12 824.988 98.9278
C12 850.022 97.7064
C12 869.967 95.04973
C12 875.002 93.86614
C12 899.999 87.54121
C12 919.999 79.64748
C12 925.012 76.95528
C12 949.965 63.344078
C12 975.002 48.346817
C12 999.976 31.434034
C12 1025.028 15.452399
C12 1050.014 6.237436
C12 1075.002 3.3783655
C12 1099.99 2.2867181
C06 319.994 46.99568
C06 324.969 48.75474
C06 349.982 58.76819
C06 374.975 75.23997
C06 400.019 86.73665
C06 424.965 87.8493
C06 450.035 86.69997
C06 475.003 86.205315
C06 500.018 86.08516
C06 525.002 86.23101
C06 550.029 87.37215
C06 575.023 88.73267
C06 599.982 90.51105
C06 619.997 91.43941
C06 624.979 91.85391
C06 650.012 93.116936
C06 675.004 94.67766
C06 700.03 95.67936
C06 725.012 96.51913
C06 750.022 97.995476
C06 774.987 98.97392
C06 799.976 99.40287
C06 824.988 98.86862
C06 850.022 97.73719
C06 869.967 95.000595
C06 875.002 93.92938
C06 899.999 87.50929
C06 919.999 79.62226
C06 925.012 76.93976
C06 949.965 63.88303
C06 975.002 48.871723
C06 999.976 31.452616
C06 1025.028 15.413026
C06 1050.014 6.1677628
C06 1075.002 3.3151662
C06 1099.99 2.2800395
C03 319.994 47.90588
C03 324.969 49.81092
C03 349.982 60.233875
C03 374.975 76.008
C03 400.019 86.5885
C03 424.965 87.324326
C03 450.035 86.17387
C03 475.003 85.805016
C03 500.018 85.83459
C03 525.002 86.13674
C03 550.029 87.363075
C03 575.023 88.84296
C03 599.982 90.65214
C03 619.997 91.63977
C03 624.979 92.05678
C03 650.012 93.32919
C03 675.004 94.86116
C03 700.03 95.78521
C03 725.012 96.54664
C03 750.022 97.85099
C03 774.987 98.71687
C03 799.976 99.07224
C03 824.988 98.498764
C03 850.022 97.342354
C03 869.967 94.645386
C03 875.002 93.55246
C03 899.999 87.33749
C03 919.999 79.53865
C03 925.012 76.84387
C03 949.965 63.624043
C03 975.002 48.729916
C03 999.976 31.472752
C03 1025.028 15.405986
C03 1050.014 6.16917
C03 1075.002 3.322801
C03 1099.99 2.273631
C16 319.994 47.17512
C16 324.969 48.910076
C16 349.982 58.81716
C16 374.975 75.28614
C16 400.019 86.88273
C16 424.965 88.083885
C16 450.035 87.01288
C16 475.003 86.61316
C16 500.018 86.55107
C16 525.002 86.706055
C16 550.029 87.69712
C16 575.023 89.16145
C16 599.982 90.715576
C16 619.997 91.75124
C16 624.979 92.15586
C16 650.012 93.38255
C16 675.004 94.92632
C16 700.03 95.74397
C16 725.012 96.73258
C16 750.022 98.03019
C16 774.987 99.178764
C16 799.976 99.60902
C16 824.988 99.068794
C16 850.022 97.96692
C16 869.967 95.37086
C16 875.002 94.15871
C16 899.999 87.77822
C16 919.999 79.69939
C16 925.012 76.98463
C16 949.965 63.43814
C16 975.002 48.679287
C16 999.976 31.69175
C16 1025.028 15.512933
C16 1050.014 6.286772
C16 1075.002 3.4173553
C16 1099.99 2.2995887
C07 319.994 46.594444
C07 324.969 48.299725
C07 349.982 58.149635
C07 374.975 74.892044
C07 400.019 86.77617
C07 424.965 88.06256
C07 450.035 86.95683
C07 475.003 86.4467
C07 500.018 86.266266
C07 525.002 86.35187
C07 550.029 87.432686
C07 575.023 88.72302
C07 599.982 90.43826
C07 619.997 91.32362
C07 624.979 91.72997
C07 650.012 92.967064
C07 675.004 94.5154
C07 700.03 95.51912
C07 725.012 96.32362
C07 750.022 97.765236
C07 774.987 98.691124
C07 799.976 99.11781
C07 824.988 98.60372
C07 850.022 97.4559
C07 869.967 94.690414
C07 875.002 93.60415
C07 899.999 87.09359
C07 919.999 79.29188
C07 925.012 76.65985
C07 949.965 63.692657
C07 975.002 48.572937
C07 999.976 31.166567
C07 1025.028 15.258979
C07 1050.014 6.1556926
C07 1075.002 3.3106968
C07 1099.99 2.2718987
C15 319.994 47.456917
C15 324.969 49.245125
C15 349.982 59.31959
C15 374.975 75.5489
C15 400.019 86.79139
C15 424.965 87.82452
C15 450.035 86.71306
C15 475.003 86.31769
C15 500.018 86.2896
C15 525.002 86.50322
C15 550.029 87.54346
C15 575.023 89.065315
C15 599.982 90.68012
C15 619.997 91.750465
C15 624.979 92.15987
C15 650.012 93.40677
C15 675.004 94.95229
C15 700.03 95.77124
C15 725.012 96.74231
C15 750.022 98.02809
C15 774.987 99.153305
C15 799.976 99.569435
C15 824.988 99.01779
C15 850.022 97.91222
C15 869.967 95.32911
C15 875.002 94.1272
C15 899.999 87.763084
C15 919.999 79.712585
C15 925.012 77.00621
C15 949.965 63.53307
C15 975.002 48.715706
C15 999.976 31.723717
C15 1025.028 15.530953
C15 1050.014 6.283009
C15 1075.002 3.422744
C15 1099.99 2.3056345
