lsstCam/transmission_sensor/r43_s00/19700101T000000.ecsv
# %ECSV 1.0
# ---
# datatype:
# - {name: amp_name, datatype: string}
# - {name: wavelength, unit: nm, datatype: float32}
# - {name: efficiency, unit: '%', datatype: float64}
# meta: !!omap
# - {MODE: AMP}
# - {TYPE: transmission_sensor}
# - {CALIBDATE: '1970-01-01T00:00:00'}
# - {INSTRUME: LSSTCAM}
# - {OBSTYPE: transmission_sensor}
# - {DETECTOR: 180}
# - {PARQUETFILE: qe_raft_allvalues_nircorrected_20230725.parquet}
# - {CALIBCLS: lsst.ip.isr.IntermediateSensorTransmissionCurve}
# - {CALIB_ID: 'raftName=R43 detectorName=S00 detector=180 calibDate=1970-01-01T00:00:00 ccd=180 ccdnum=180 filter=None'}
# - {DATE: '2024-01-18T22:42:25.617273'}
# - {CALIB_CREATION_DATE: '2024-01-18'}
# - {CALIB_CREATION_TIME: '22:42:25'}
# - __serialized_columns__:
#     efficiency:
#       __class__: astropy.units.quantity.Quantity
#       unit: !astropy.units.Unit {unit: '%'}
#       value: !astropy.table.SerializedColumn {name: efficiency}
#     wavelength:
#       __class__: astropy.units.quantity.Quantity
#       unit: !astropy.units.Unit {unit: nm}
#       value: !astropy.table.SerializedColumn {name: wavelength}
# schema: astropy-2.0
amp_name wavelength efficiency
C00 319.994 47.3608283996582
C00 324.969 48.75114440917969
C00 349.982 56.943233489990234
C00 374.975 71.97737121582031
C00 400.019 83.9957275390625
C00 424.965 86.030029296875
C00 450.035 86.563720703125
C00 475.003 85.83290100097656
C00 500.018 86.05854797363281
C00 525.002 86.84049224853516
C00 550.029 87.81388092041016
C00 575.023 89.92438507080078
C00 599.982 91.1485366821289
C00 619.997 92.37699127197266
C00 624.979 92.48905181884766
C00 650.012 93.58202362060547
C00 675.004 94.74169158935547
C00 700.03 95.78932189941406
C00 725.012 96.87570190429688
C00 750.022 98.561279296875
C00 774.987 99.75157165527344
C00 799.976 100.08235931396484
C00 824.988 99.6941146850586
C00 850.022 97.95697784423828
C00 869.967 95.9368896484375
C00 875.002 94.8258056640625
C00 899.999 88.29269409179688
C00 919.999 80.0319595336914
C00 925.012 77.69050598144531
C00 949.965 64.92056274414062
C00 975.002 48.89033889770508
C00 999.976 30.071142196655273
C00 1025.028 14.185546875
C00 1050.014 5.705601215362549
C00 1075.002 0.9389767668115381
C00 1099.99 0.09316441218281274
C01 319.994 47.1524658203125
C01 324.969 48.49046325683594
C01 349.982 56.486328125
C01 374.975 71.5828628540039
C01 400.019 83.7974853515625
C01 424.965 85.9466781616211
C01 450.035 86.5013198852539
C01 475.003 85.74958038330078
C01 500.018 85.94739532470703
C01 525.002 86.70990753173828
C01 550.029 87.68002319335938
C01 575.023 89.79351043701172
C01 599.982 91.02214813232422
C01 619.997 92.2560043334961
C01 624.979 92.37026977539062
C01 650.012 93.47343444824219
C01 675.004 94.63487243652344
C01 700.03 95.7194595336914
C01 725.012 96.87963104248047
C01 750.022 98.6665267944336
C01 774.987 99.958251953125
C01 799.976 100.33540344238281
C01 824.988 99.93523406982422
C01 850.022 98.22836303710938
C01 869.967 96.25820922851562
C01 875.002 95.15054321289062
C01 899.999 88.5716781616211
C01 919.999 80.228271484375
C01 925.012 77.87651062011719
C01 949.965 65.04537200927734
C01 975.002 48.803287506103516
C01 999.976 30.12253761291504
C01 1025.028 14.297276496887207
C01 1050.014 5.73356819152832
C01 1075.002 0.9399785815152155
C01 1099.99 0.09326381131736336
C02 319.994 47.069950103759766
C02 324.969 48.36721420288086
C02 349.982 56.25175857543945
C02 374.975 71.49706268310547
C02 400.019 83.96546936035156
C02 424.965 86.23484802246094
C02 450.035 86.80247497558594
C02 475.003 86.01846313476562
C02 500.018 86.174072265625
C02 525.002 86.89774322509766
C02 550.029 87.84515380859375
C02 575.023 89.94910430908203
C02 599.982 91.17353820800781
C02 619.997 92.40315246582031
C02 624.979 92.51774597167969
C02 650.012 93.62367248535156
C02 675.004 94.79417419433594
C02 700.03 95.89459228515625
C02 725.012 97.09491729736328
C02 750.022 98.93199920654297
C02 774.987 100.27959442138672
C02 799.976 100.69052124023438
C02 824.988 100.2940673828125
C02 850.022 98.60164642333984
C02 869.967 96.6385726928711
C02 875.002 95.52484130859375
C02 899.999 88.89779663085938
C02 919.999 80.52349090576172
C02 925.012 78.1635513305664
C02 949.965 65.3338623046875
C02 975.002 49.02545166015625
C02 999.976 30.287736892700195
C02 1025.028 14.367191314697266
C02 1050.014 5.74823522567749
C02 1075.002 0.9425072614733901
C02 1099.99 0.09351470461976291
C03 319.994 46.774959564208984
C03 324.969 48.02433776855469
C03 349.982 55.7320442199707
C03 374.975 71.02997589111328
C03 400.019 83.69841766357422
C03 424.965 86.08502197265625
C03 450.035 86.6697006225586
C03 475.003 85.85828399658203
C03 500.018 85.97398376464844
C03 525.002 86.66688537597656
C03 550.029 87.59477233886719
C03 575.023 89.6856460571289
C03 599.982 90.90165710449219
C03 619.997 92.12071228027344
C03 624.979 92.23743438720703
C03 650.012 93.33917236328125
C03 675.004 94.51531219482422
C03 700.03 95.61944580078125
C03 725.012 96.8323745727539
C03 750.022 98.6849136352539
C03 774.987 100.05150604248047
C03 799.976 100.48064422607422
C03 824.988 100.0970458984375
C03 850.022 98.42045593261719
C03 869.967 96.46031951904297
C03 875.002 95.34807586669922
C03 899.999 88.71583557128906
C03 919.999 80.3994369506836
C03 925.012 78.04590606689453
C03 949.965 65.29239654541016
C03 975.002 49.032958984375
C03 999.976 30.27084732055664
C03 1025.028 14.348649978637695
C03 1050.014 5.73435115814209
C03 1075.002 0.9401531372299318
C03 1099.99 0.09328113057501647
C04 319.994 46.66073989868164
C04 324.969 47.8655891418457
C04 349.982 55.434932708740234
C04 374.975 70.81648254394531
C04 400.019 83.70042419433594
C04 424.965 86.19906616210938
C04 450.035 86.81243896484375
C04 475.003 85.97713470458984
C04 500.018 86.06022644042969
C04 525.002 86.72021484375
C04 550.029 87.62244415283203
C04 575.023 89.69676971435547
C04 599.982 90.90306091308594
C04 619.997 92.12137603759766
C04 624.979 92.23401641845703
C04 650.012 93.33336639404297
C04 675.004 94.50989532470703
C04 700.03 95.61957550048828
C04 725.012 96.83130645751953
C04 750.022 98.68795776367188
C04 774.987 100.05721282958984
C04 799.976 100.49735260009766
C04 824.988 100.12305450439453
C04 850.022 98.45677947998047
C04 869.967 96.50996398925781
C04 875.002 95.39325714111328
C04 899.999 88.75920867919922
C04 919.999 80.45138549804688
C04 925.012 78.09937286376953
C04 949.965 65.3691635131836
C04 975.002 49.0943603515625
C04 999.976 30.33130645751953
C04 1025.028 14.37802505493164
C04 1050.014 5.741029262542725
C04 1075.002 0.9401821112567742
C04 1099.99 0.09328400535134188
C05 319.994 46.492515563964844
C05 324.969 47.65927505493164
C05 349.982 55.099632263183594
C05 374.975 70.5499496459961
C05 400.019 83.625
C05 424.965 86.22486877441406
C05 450.035 86.85797882080078
C05 475.003 86.0025634765625
C05 500.018 86.05033874511719
C05 525.002 86.67882537841797
C05 550.029 87.5590591430664
C05 575.023 89.61428833007812
C05 599.982 90.80850219726562
C05 619.997 92.02237701416016
C05 624.979 92.13247680664062
C05 650.012 93.23332214355469
C05 675.004 94.40869140625
C05 700.03 95.52063751220703
C05 725.012 96.73078155517578
C05 750.022 98.57843780517578
C05 774.987 99.94349670410156
C05 799.976 100.3870620727539
C05 824.988 100.01978302001953
C05 850.022 98.37043762207031
C05 869.967 96.43404388427734
C05 875.002 95.31892395019531
C05 899.999 88.69695281982422
C05 919.999 80.38104248046875
C05 925.012 78.03195190429688
C05 949.965 65.30138397216797
C05 975.002 48.986270904541016
C05 999.976 30.341922760009766
C05 1025.028 14.390480041503906
C05 1050.014 5.757425308227539
C05 1075.002 0.939138770538761
C05 1099.99 0.09318048604379804
C06 319.994 46.82459259033203
C06 324.969 47.965450286865234
C06 349.982 55.35926818847656
C06 374.975 71.03240966796875
C06 400.019 84.41067504882812
C06 424.965 87.13003540039062
C06 450.035 87.78730010986328
C06 475.003 86.89425659179688
C06 500.018 86.9061508178711
C06 525.002 87.51273345947266
C06 550.029 88.37950134277344
C06 575.023 90.43976593017578
C06 599.982 91.64506530761719
C06 619.997 92.86270904541016
C06 624.979 92.9752197265625
C06 650.012 94.08719635009766
C06 675.004 95.2763671875
C06 700.03 96.3993148803711
C06 725.012 97.6139144897461
C06 750.022 99.47380065917969
C06 774.987 100.84711456298828
C06 799.976 101.29584503173828
C06 824.988 100.9335708618164
C06 850.022 99.3067855834961
C06 869.967 97.36425018310547
C06 875.002 96.24004364013672
C06 899.999 89.6045913696289
C06 919.999 81.19530487060547
C06 925.012 78.8226318359375
C06 949.965 65.88126373291016
C06 975.002 49.33072280883789
C06 999.976 30.688800811767578
C06 1025.028 14.565461158752441
C06 1050.014 5.855996608734131
C06 1075.002 0.9476687656239645
C06 1099.99 0.09402682431980648
C07 319.994 45.9683723449707
C07 324.969 47.05995559692383
C07 349.982 54.26155471801758
C07 374.975 69.81510162353516
C07 400.019 83.23365020751953
C07 424.965 86.0069808959961
C07 450.035 86.62715911865234
C07 475.003 85.66606140136719
C07 500.018 85.62161254882812
C07 525.002 86.18851470947266
C07 550.029 87.0413589477539
C07 575.023 89.09491729736328
C07 599.982 90.3009262084961
C07 619.997 91.51457977294922
C07 624.979 91.63113403320312
C07 650.012 92.7410659790039
C07 675.004 93.92716217041016
C07 700.03 95.04747772216797
C07 725.012 96.24756622314453
C07 750.022 98.08414459228516
C07 774.987 99.44306182861328
C07 799.976 99.89849853515625
C07 824.988 99.55751037597656
C07 850.022 97.98480224609375
C07 869.967 96.06700897216797
C07 875.002 94.97115325927734
C07 899.999 88.47949981689453
C07 919.999 80.1463623046875
C07 925.012 77.77824401855469
C07 949.965 64.83615112304688
C07 975.002 48.55232620239258
C07 999.976 30.37216567993164
C07 1025.028 14.363104820251465
C07 1050.014 5.779792308807373
C07 1075.002 0.9344297310014184
C07 1099.99 0.0927132594670086
C10 319.994 47.54093933105469
C10 324.969 48.926700592041016
C10 349.982 57.0573844909668
C10 374.975 71.98690795898438
C10 400.019 83.98089599609375
C10 424.965 86.01555633544922
C10 450.035 86.54070281982422
C10 475.003 85.82583618164062
C10 500.018 86.0970458984375
C10 525.002 86.93608093261719
C10 550.029 87.98187255859375
C10 575.023 90.15910339355469
C10 599.982 91.41921997070312
C10 619.997 92.66866302490234
C10 624.979 92.7851791381836
C10 650.012 93.90390014648438
C10 675.004 95.05684661865234
C10 700.03 96.0412368774414
C10 725.012 96.94161987304688
C10 750.022 98.4082260131836
C10 774.987 99.38712310791016
C10 799.976 99.65174102783203
C10 824.988 99.32633972167969
C10 850.022 97.65435791015625
C10 869.967 95.6814956665039
C10 875.002 94.54750061035156
C10 899.999 87.91244506835938
C10 919.999 80.05986785888672
C10 925.012 77.85327911376953
C10 949.965 65.50946807861328
C10 975.002 49.490867614746094
C10 999.976 30.388906478881836
C10 1025.028 14.2882719039917
C10 1050.014 5.770664691925049
C10 1075.002 0.9375204886116132
C10 1099.99 0.09301992159767149
C11 319.994 47.32689666748047
C11 324.969 48.66473388671875
C11 349.982 56.62626266479492
C11 374.975 71.62162780761719
C11 400.019 83.79552459716797
C11 424.965 85.9282455444336
C11 450.035 86.48133087158203
C11 475.003 85.740478515625
C11 500.018 85.97454071044922
C11 525.002 86.7891616821289
C11 550.029 87.82888793945312
C11 575.023 90.00350952148438
C11 599.982 91.27294921875
C11 619.997 92.52300262451172
C11 624.979 92.63631439208984
C11 650.012 93.75579833984375
C11 675.004 94.9153823852539
C11 700.03 95.93350219726562
C11 725.012 96.90519714355469
C11 750.022 98.45977020263672
C11 774.987 99.53477478027344
C11 799.976 99.84129333496094
C11 824.988 99.51520538330078
C11 850.022 97.87895965576172
C11 869.967 95.89115142822266
C11 875.002 94.7542724609375
C11 899.999 88.2165756225586
C11 919.999 80.51344299316406
C11 925.012 78.30206298828125
C11 949.965 65.83911895751953
C11 975.002 49.533470153808594
C11 999.976 30.452434539794922
C11 1025.028 14.357667922973633
C11 1050.014 5.800178527832031
C11 1075.002 0.9380107355553395
C11 1099.99 0.0930685634490474
C12 319.994 47.08119583129883
C12 324.969 48.36976623535156
C12 349.982 56.15815353393555
C12 374.975 71.21569061279297
C12 400.019 83.59200286865234
C12 424.965 85.84370422363281
C12 450.035 86.41621398925781
C12 475.003 85.64872741699219
C12 500.018 85.84496307373047
C12 525.002 86.628173828125
C12 550.029 87.64246368408203
C12 575.023 89.7999038696289
C12 599.982 91.0614242553711
C12 619.997 92.30937194824219
C12 624.979 92.42462158203125
C12 650.012 93.54135131835938
C12 675.004 94.70974731445312
C12 700.03 95.7347412109375
C12 725.012 96.73927307128906
C12 750.022 98.32307434082031
C12 774.987 99.43659210205078
C12 799.976 99.76371002197266
C12 824.988 99.44696807861328
C12 850.022 97.8208999633789
C12 869.967 95.8442611694336
C12 875.002 94.70968627929688
C12 899.999 88.16353607177734
C12 919.999 80.44860076904297
C12 925.012 78.23788452148438
C12 949.965 65.78907012939453
C12 975.002 49.492774963378906
C12 999.976 30.45832633972168
C12 1025.028 14.364339828491211
C12 1050.014 5.791957378387451
C12 1075.002 0.9367081343091327
C12 1099.99 0.09293932055007392
C13 319.994 47.10050582885742
C13 324.969 48.34656524658203
C13 349.982 56.01899337768555
C13 374.975 71.23865509033203
C13 400.019 83.89151763916016
C13 424.965 86.27244567871094
C13 450.035 86.86904907226562
C13 475.003 86.0716781616211
C13 500.018 86.22952270507812
C13 525.002 86.97856140136719
C13 550.029 87.96788024902344
C13 575.023 90.11280059814453
C13 599.982 91.36520385742188
C13 619.997 92.61200714111328
C13 624.979 92.73143005371094
C13 650.012 93.84992218017578
C13 675.004 95.02902221679688
C13 700.03 96.06256103515625
C13 725.012 97.06842803955078
C13 750.022 98.65966033935547
C13 774.987 99.77880096435547
C13 799.976 100.11668395996094
C13 824.988 99.8156509399414
C13 850.022 98.18799591064453
C13 869.967 96.21451568603516
C13 875.002 95.0765151977539
C13 899.999 88.5100326538086
C13 919.999 80.7714614868164
C13 925.012 78.55827331542969
C13 949.965 66.06145477294922
C13 975.002 49.70976638793945
C13 999.976 30.582239151000977
C13 1025.028 14.4232177734375
C13 1050.014 5.807789325714111
C13 1075.002 0.9399147188247723
C13 1099.99 0.09325747491988703
C14 319.994 46.89411544799805
C14 324.969 48.09455871582031
C14 349.982 55.60911560058594
C14 374.975 70.88109588623047
C14 400.019 83.72415161132812
C14 424.965 86.20771789550781
C14 450.035 86.82972717285156
C14 475.003 86.0035629272461
C14 500.018 86.11609649658203
C14 525.002 86.83196258544922
C14 550.029 87.79856872558594
C14 575.023 89.92977142333984
C14 599.982 91.17500305175781
C14 619.997 92.41584777832031
C14 624.979 92.537109375
C14 650.012 93.65516662597656
C14 675.004 94.83895111083984
C14 700.03 95.86860656738281
C14 725.012 96.86370849609375
C14 750.022 98.43573760986328
C14 774.987 99.53400421142578
C14 799.976 99.87672424316406
C14 824.988 99.5946044921875
C14 850.022 97.96582794189453
C14 869.967 95.9849853515625
C14 875.002 94.8484115600586
C14 899.999 88.29840087890625
C14 919.999 80.60152435302734
C14 925.012 78.40311431884766
C14 949.965 65.9953384399414
C14 975.002 49.8025016784668
C14 999.976 30.62540054321289
C14 1025.028 14.432513236999512
C14 1050.014 5.809391975402832
C14 1075.002 0.9377815935182623
C14 1099.99 0.09304582818663706
C15 319.994 46.74490737915039
C15 324.969 47.91012954711914
C15 349.982 55.31401824951172
C15 374.975 70.67457580566406
C15 400.019 83.70503234863281
C15 424.965 86.28761291503906
C15 450.035 86.91532135009766
C15 475.003 86.05835723876953
C15 500.018 86.13340759277344
C15 525.002 86.81163024902344
C15 550.029 87.75040435791016
C15 575.023 89.86688232421875
C15 599.982 91.10543823242188
C15 619.997 92.34506225585938
C15 624.979 92.46359252929688
C15 650.012 93.58358001708984
C15 675.004 94.7660903930664
C15 700.03 95.79451751708984
C15 725.012 96.76895904541016
C15 750.022 98.31665802001953
C15 774.987 99.39215087890625
C15 799.976 99.73116302490234
C15 824.988 99.46807861328125
C15 850.022 97.8274917602539
C15 869.967 95.81423950195312
C15 875.002 94.6855239868164
C15 899.999 88.13164520263672
C15 919.999 80.48588562011719
C15 925.012 78.30582427978516
C15 949.965 65.96063995361328
C15 975.002 49.93052673339844
C15 999.976 30.71380615234375
C15 1025.028 14.472002029418945
C15 1050.014 5.84029483795166
C15 1075.002 0.936647329415677
C15 1099.99 0.09293328754440555
C16 319.994 46.683128356933594
C16 324.969 47.81517791748047
C16 349.982 55.118377685546875
C16 374.975 70.60070037841797
C16 400.019 83.83438873291016
C16 424.965 86.52916717529297
C16 450.035 87.18861389160156
C16 475.003 86.32125091552734
C16 500.018 86.37040710449219
C16 525.002 87.01014709472656
C16 550.029 87.91172790527344
C16 575.023 89.99935150146484
C16 599.982 91.21271514892578
C16 619.997 92.43836212158203
C16 624.979 92.5549087524414
C16 650.012 93.66999053955078
C16 675.004 94.84888458251953
C16 700.03 95.87384796142578
C16 725.012 96.83071899414062
C16 750.022 98.35921478271484
C16 774.987 99.41023254394531
C16 799.976 99.75173950195312
C16 824.988 99.4990005493164
C16 850.022 97.8420639038086
C16 869.967 95.80218505859375
C16 875.002 94.67770385742188
C16 899.999 88.14584350585938
C16 919.999 80.6242904663086
C16 925.012 78.4710922241211
C16 949.965 66.05982971191406
C16 975.002 49.97927474975586
C16 999.976 30.755287170410156
C16 1025.028 14.499177932739258
C16 1050.014 5.8869099617004395
C16 1075.002 0.937052962645773
C16 1099.99 0.09297353410084809
C17 319.994 46.930274963378906
C17 324.969 48.037803649902344
C17 349.982 55.3183479309082
C17 374.975 71.08238983154297
C17 400.019 84.68519592285156
C17 424.965 87.51246643066406
C17 450.035 88.1744613647461
C17 475.003 87.25711059570312
C17 500.018 87.25749969482422
C17 525.002 87.85625457763672
C17 550.029 88.73644256591797
C17 575.023 90.82083129882812
C17 599.982 92.0360336303711
C17 619.997 93.27082824707031
C17 624.979 93.3879165649414
C17 650.012 94.52269744873047
C17 675.004 95.70917510986328
C17 700.03 96.75479888916016
C17 725.012 97.7118148803711
C17 750.022 99.24711608886719
C17 774.987 100.29705047607422
C17 799.976 100.65107727050781
C17 824.988 100.39418029785156
C17 850.022 98.70704650878906
C17 869.967 96.62931060791016
C17 875.002 95.51065826416016
C17 899.999 89.03125762939453
C17 919.999 81.56246948242188
C17 925.012 79.40955352783203
C17 949.965 66.67406463623047
C17 975.002 50.318199157714844
C17 999.976 30.94792366027832
C17 1025.028 14.574837684631348
C17 1050.014 5.92633056640625
C17 1075.002 0.9455119421412744
C17 1099.99 0.09381282627528699
