lsstCam/transmission_sensor/r43_s00/19700101T000000.ecsv
# %ECSV 1.0
# ---
# datatype:
# - {name: amp_name, datatype: string}
# - {name: wavelength, unit: nm, datatype: float32}
# - {name: efficiency, unit: '%', datatype: float64}
# meta: !!omap
# - {MODE: AMP}
# - {TYPE: transmission_sensor}
# - {CALIBDATE: '1970-01-01T00:00:00'}
# - {INSTRUME: LSSTCam}
# - {OBSTYPE: transmission_sensor}
# - {DETECTOR: 180}
# - {PARQUETFILE: qe_raft_allvalues_nircorrected_20230725_adjust.parquet}
# - {CORRFILE: qe_corr_factor_bydetnum.parquet}
# - {CALIBCLS: lsst.ip.isr.IntermediateSensorTransmissionCurve}
# - {CALIB_ID: 'raftName=R43 detectorName=S00 detector=180 calibDate=1970-01-01T00:00:00 ccd=180 ccdnum=180 filter=None'}
# - {DATE: '2025-03-03T21:56:48.401623'}
# - {CALIB_CREATION_DATE: '2025-03-03'}
# - {CALIB_CREATION_TIME: '21:56:48'}
# - __serialized_columns__:
#     efficiency:
#       __class__: astropy.units.quantity.Quantity
#       unit: !astropy.units.Unit {unit: '%'}
#       value: !astropy.table.SerializedColumn {name: efficiency}
#     wavelength:
#       __class__: astropy.units.quantity.Quantity
#       unit: !astropy.units.Unit {unit: nm}
#       value: !astropy.table.SerializedColumn {name: wavelength}
# schema: astropy-2.0
amp_name wavelength efficiency
C00 319.994 47.13254928572076
C00 324.969 48.51616397439396
C00 349.982 56.66876719949094
C00 374.975 71.63044040654391
C00 400.019 83.59086827234228
C00 424.965 85.61536469907323
C00 450.035 86.14648371363475
C00 475.003 85.41918656123242
C00 500.018 85.64374591585661
C00 525.002 86.4219212206574
C00 550.029 87.39061816075657
C00 575.023 89.49094968466045
C00 599.982 90.7092008872626
C00 619.997 91.93173432803108
C00 624.979 92.04325474325695
C00 650.012 93.13095842275224
C00 675.004 94.285036793826
C00 700.03 95.32761752753647
C00 725.012 96.40876118260671
C00 750.022 98.0862140949624
C00 774.987 99.27076924617754
C00 799.976 99.59996250890546
C00 824.988 99.21358921846335
C00 850.022 97.48482537432004
C00 869.967 95.4744740002556
C00 875.002 94.36874543883314
C00 899.999 87.86712345345536
C00 919.999 79.64620562214961
C00 925.012 77.31603787212221
C00 949.965 64.60764573993427
C00 975.002 48.65468754571669
C00 999.976 29.92619934139498
C00 1025.028 14.11717256270933
C00 1050.014 5.6781002270155465
C00 1075.002 0.9344509003607492
C00 1099.99 0.09271535987139352
C01 319.994 46.92519101366017
C01 324.969 48.25673930476996
C01 349.982 56.21406411759831
C01 374.975 71.23783357437384
C01 400.019 83.39358161185557
C01 424.965 85.53241531615231
C01 450.035 86.08438366760177
C01 475.003 85.33626754879494
C01 500.018 85.53312902251336
C01 525.002 86.2919659219778
C01 550.029 87.25740562772704
C01 575.023 89.36070586638809
C01 599.982 90.58342153005728
C01 619.997 91.8113305463963
C01 624.979 91.92504522905138
C01 650.012 93.02289265001873
C01 675.004 94.17873250913254
C01 700.03 95.25809189830014
C01 725.012 96.41267138235081
C01 750.022 98.1909542997582
C01 774.987 99.47645334533799
C01 799.976 99.85178696504627
C01 824.988 99.45354640819635
C01 850.022 97.7549024910139
C01 869.967 95.79424482049338
C01 875.002 94.69191775321725
C01 899.999 88.14476282052809
C01 919.999 79.84157134955815
C01 925.012 77.50114596874575
C01 949.965 64.73185342462108
C01 975.002 48.56805574167754
C01 999.976 29.977347031834046
C01 1025.028 14.22836364800529
C01 1050.014 5.705932402402819
C01 1075.002 0.9354478863192249
C01 1099.99 0.0928142799022813
C02 319.994 46.84307302272367
C02 324.969 48.13408431104949
C02 349.982 55.98062519287563
C02 374.975 71.1524469601561
C02 400.019 83.56075593800229
C02 424.965 85.81919619874327
C02 450.035 86.38408719090042
C02 475.003 85.60385428584594
C02 500.018 85.75871338095398
C02 525.002 86.4788962476083
C02 550.029 87.42174031367125
C02 575.023 89.51554977625439
C02 599.982 90.73408190582845
C02 619.997 91.957769424968
C02 624.979 92.07181059032017
C02 650.012 93.17240654003969
C02 675.004 94.33726643273795
C02 700.03 95.43238051019486
C02 725.012 96.62691995784395
C02 750.022 98.45514713528375
C02 774.987 99.79624694343835
C02 799.976 100.20519309570416
C02 824.988 99.81065014521418
C02 850.022 98.12638665194498
C02 869.967 96.1727749335847
C02 875.002 95.06441173272303
C02 899.999 88.46930939928828
C02 919.999 80.13536781382591
C02 925.012 77.78680314344909
C02 949.965 65.01895319728825
C02 975.002 48.789149064878075
C02 999.976 30.14175005136602
C02 1025.028 14.29794147651005
C02 1050.014 5.720528741471839
C02 1075.002 0.9379643780442164
C02 1099.99 0.09306396389938153
C03 319.994 46.549504337081785
C03 324.969 47.792860540565215
C03 349.982 55.46341585973389
C03 374.975 70.6876115257227
C03 400.019 83.29499142995824
C03 424.965 85.67009231024889
C03 450.035 86.25195281003334
C03 475.003 85.44444721084137
C03 500.018 85.55958930621857
C03 525.002 86.24915113293514
C03 550.029 87.17256568221138
C03 575.023 89.2533613926365
C03 599.982 90.46351126877855
C03 619.997 91.67669060064465
C03 624.979 91.7928501072174
C03 650.012 92.8892777080835
C03 675.004 94.05974854759901
C03 700.03 95.15856023141589
C03 725.012 96.36564268872955
C03 750.022 98.20925251603641
C03 774.987 99.56925795013821
C03 799.976 99.9963276884024
C03 824.988 99.61457830406545
C03 850.022 97.94606949908557
C03 869.967 95.9953809397573
C03 875.002 94.88849829996377
C03 899.999 88.28822539172177
C03 919.999 80.01191179860446
C03 925.012 77.66972492975201
C03 949.965 64.97768730290151
C03 975.002 48.79662020380661
C03 999.976 30.124941886932042
C03 1025.028 14.27948950965938
C03 1050.014 5.706711595118816
C03 1075.002 0.9356216006756872
C03 1099.99 0.0928315156811414
C04 319.994 46.43583521015188
C04 324.969 47.634877081972334
C04 349.982 55.16773642549228
C04 374.975 70.4751472161322
C04 400.019 83.29698828924504
C04 424.965 85.78358680689895
C04 450.035 86.39400315374662
C04 475.003 85.56272505863471
C04 500.018 85.64541629244633
C04 525.002 86.30222355276281
C04 550.029 87.20010411807905
C04 575.023 89.26443143385377
C04 599.982 90.46490831101721
C04 619.997 91.67735115865968
C04 624.979 91.78944861307107
C04 650.012 92.88349972360727
C04 675.004 94.05435778678677
C04 700.03 95.15868930597055
C04 725.012 96.36457972180882
C04 750.022 98.21228197176049
C04 774.987 99.57493723054323
C04 799.976 100.0129555280909
C04 824.988 99.64046154858512
C04 850.022 97.98221796701111
C04 869.967 96.04478612370846
C04 875.002 94.93346180071048
C04 899.999 88.33138944132409
C04 919.999 80.06360995405605
C04 925.012 77.72293401675519
C04 949.965 65.05408425401825
C04 975.002 48.85772561650662
C04 999.976 30.185109610955557
C04 1025.028 14.308722998134554
C04 1050.014 5.713357511067372
C04 1075.002 0.9356504350477686
C04 1099.99 0.0928343766010497
C05 319.994 46.268421716447996
C05 324.969 47.42955742861328
C05 349.982 54.83405212752429
C05 374.975 70.20989900630678
C05 400.019 83.22192763940006
C05 424.965 85.80926505065534
C05 450.035 86.43932350767385
C05 475.003 85.58803126396886
C05 500.018 85.63557625580874
C05 525.002 86.26103358458468
C05 550.029 87.13702462395483
C05 575.023 89.18234760971116
C05 599.982 90.37080536804953
C05 619.997 91.57882931035012
C05 624.979 91.68839842201436
C05 650.012 92.78393768623957
C05 675.004 93.95364167104799
C05 700.03 95.06022819862788
C05 725.012 96.2645393493268
C05 750.022 98.10328989928178
C05 774.987 99.46176921659024
C05 799.976 99.90319660090509
C05 824.988 99.53768783259265
C05 850.022 97.89629227671215
C05 869.967 95.96923195350743
C05 875.002 94.85948689564881
C05 899.999 88.26943365508751
C05 919.999 79.99360598970539
C05 925.012 77.6558380261948
C05 949.965 64.98663141027733
C05 975.002 48.7501571604396
C05 999.976 30.195674742885483
C05 1025.028 14.321117951692305
C05 1050.014 5.729674527839317
C05 1075.002 0.934612123230277
C05 1099.99 0.09273135625639567
C06 319.994 46.59889813210165
C06 324.969 47.73425689643934
C06 349.982 55.092436608090146
C06 374.975 70.69003357177778
C06 400.019 84.00381573580253
C06 424.965 86.71006877500358
C06 450.035 87.36416546967222
C06 475.003 86.47542641987422
C06 500.018 86.48726331579859
C06 525.002 87.09092223007879
C06 550.029 87.95351229362693
C06 575.023 90.00384640915239
C06 599.982 91.20333624560372
C06 619.997 92.4151109426103
C06 624.979 92.52707932246703
C06 650.012 93.63369622053038
C06 675.004 94.81713525647875
C06 700.03 95.93467034334212
C06 725.012 97.14341558462463
C06 750.022 98.99433710582193
C06 774.987 100.36103163890343
C06 799.976 100.80759922754207
C06 824.988 100.44707121851532
C06 850.022 98.82812704252471
C06 869.967 96.89495465952584
C06 875.002 95.77616679022017
C06 899.999 89.17269738859514
C06 919.999 80.80394363647899
C06 925.012 78.44270688188296
C06 949.965 65.56371615153938
C06 975.002 49.09294880713195
C06 999.976 30.540880843012058
C06 1025.028 14.49525566024739
C06 1050.014 5.827770714841782
C06 1075.002 0.943101003753389
C06 1099.99 0.09357361518332458
C07 319.994 45.74680486689568
C07 324.969 46.83312668939402
C07 349.982 54.00001411472892
C07 374.975 69.47859295008915
C07 400.019 82.83246415226698
C07 424.965 85.59242739144814
C07 450.035 86.209616356105
C07 475.003 85.25315112821504
C07 500.018 85.20891651907112
C07 525.002 85.77308621224635
C07 550.029 86.62181974272076
C07 575.023 88.66547994450822
C07 599.982 89.86567589469975
C07 619.997 91.07347965099534
C07 624.979 91.18947211990911
C07 650.012 92.29405419558135
C07 675.004 93.4744334053222
C07 700.03 94.58934903798807
C07 725.012 95.78365311439043
C07 750.022 97.61137917885331
C07 774.987 98.96374643636761
C07 799.976 99.41698793874424
C07 824.988 99.07764334192338
C07 850.022 97.51251566260495
C07 869.967 95.6039661490626
C07 875.002 94.51339245888136
C07 899.999 88.05302877526945
C07 919.999 79.7600569719802
C07 925.012 77.40335301203898
C07 949.965 64.52364098271347
C07 975.002 48.318304071032145
C07 999.976 30.22577189198375
C07 1025.028 14.293874678960666
C07 1050.014 5.751933719513641
C07 1075.002 0.9299257812556545
C07 1099.99 0.0922663817109275
C10 319.994 47.311792082728154
C10 324.969 48.690873976746545
C10 349.982 56.78236799283308
C10 374.975 71.63993118262182
C10 400.019 83.57610821738591
C10 424.965 85.60096149729739
C10 450.035 86.12357677649311
C10 475.003 85.4121557943139
C10 500.018 85.68205828072792
C10 525.002 86.5170491674415
C10 550.029 87.55780007952416
C10 575.023 89.72453666548995
C10 599.982 90.9785794828371
C10 619.997 92.22200022359786
C10 624.979 92.33795472940733
C10 650.012 93.45128350431297
C10 675.004 94.59867277640701
C10 700.03 95.57831827578966
C10 725.012 96.47436142685721
C10 750.022 97.93389852784325
C10 774.987 98.90807734020503
C10 799.976 99.17141980219398
C10 824.988 98.84758692979486
C10 850.022 97.18366406781583
C10 869.967 95.2203110168892
C10 875.002 94.09178181501717
C10 899.999 87.48870722967698
C10 919.999 79.673979429264
C10 925.012 77.47802643821996
C10 949.965 65.19371255167644
C10 975.002 49.25232171534263
C10 999.976 30.242432000310913
C10 1025.028 14.219402457232528
C10 1050.014 5.742850097729474
C10 1075.002 0.9330016414193204
C10 1099.99 0.0925715657306318
C11 319.994 47.09878110443556
C11 324.969 48.43016995050724
C11 349.982 56.353324173144685
C11 374.975 71.27641168097531
C11 400.019 83.39163030829394
C11 424.965 85.51407154414892
C11 450.035 86.06449100094248
C11 475.003 85.32720955210618
C11 500.018 85.56014356754153
C11 525.002 86.37083806749567
C11 550.029 87.40555284599277
C11 575.023 89.56969275562365
C11 599.982 90.83301375566457
C11 619.997 92.07704190609431
C11 624.979 92.1898075111416
C11 650.012 93.30389554813347
C11 675.004 94.45789040037774
C11 700.03 95.47110287659272
C11 725.012 96.43811425486047
C11 750.022 97.98519427438914
C11 774.987 99.05501733175365
C11 799.976 99.36005846751851
C11 824.988 99.03554225924178
C11 850.022 97.40718323338189
C11 869.967 95.42895623818595
C11 875.002 94.29755702562797
C11 899.999 87.79137187511193
C11 919.999 80.12536833215022
C11 925.012 77.92464717520464
C11 949.965 65.52177451389589
C11 975.002 49.29471891023787
C11 999.976 30.305653856076297
C11 1025.028 14.28846398751865
C11 1050.014 5.772221676996583
C11 1075.002 0.9334895253735952
C11 1099.99 0.09261997312836516
C12 319.994 46.85426454587474
C12 324.969 48.136624042727945
C12 349.982 55.88747132751573
C12 374.975 70.87243110275347
C12 400.019 83.1890895541705
C12 424.965 85.42993771237347
C12 450.035 85.99968798188252
C12 475.003 85.23590069361583
C12 500.018 85.43119049481575
C12 525.002 86.21062617467969
C12 550.029 87.2200271552218
C12 575.023 89.36706848267072
C12 599.982 90.62250834225654
C12 619.997 91.86444092932828
C12 624.979 91.9791350600746
C12 650.012 93.09048216093517
C12 675.004 94.25324649027543
C12 700.03 95.27329991788739
C12 725.012 96.27298993634656
C12 750.022 97.84915728639882
C12 774.987 98.95730789387636
C12 799.976 99.2828491059695
C12 824.988 98.96763385824912
C12 850.022 97.34940338861958
C12 869.967 95.38229199036608
C12 875.002 94.25318574930853
C12 899.999 87.73858797487703
C12 919.999 80.0608386474413
C12 925.012 77.86077804851075
C12 949.965 65.47196692103903
C12 975.002 49.25421987055822
C12 999.976 30.31151725753723
C12 1025.028 14.295103734462755
C12 1050.014 5.764040153478622
C12 1075.002 0.9321932026632237
C12 1099.99 0.09249135317994929
C13 319.994 46.87348146927729
C13 324.969 48.113534882685606
C13 349.982 55.748981922986886
C13 374.975 70.89528489154908
C13 400.019 83.48716066398374
C13 424.965 85.85661263435281
C13 450.035 86.45034040054509
C13 475.003 85.65681281636067
C13 500.018 85.81389654938137
C13 525.002 86.55932488040294
C13 550.029 87.54387521286264
C13 575.023 89.67845704947649
C13 599.982 90.92482372713182
C13 619.997 92.16561742107422
C13 624.979 92.28446471543224
C13 650.012 93.397565711712
C13 675.004 94.5709824881221
C13 700.03 95.59953965109986
C13 725.012 96.60055837820995
C13 750.022 98.18412094098211
C13 774.987 99.29786731003519
C13 799.976 99.63412171016508
C13 824.988 99.33453966880023
C13 850.022 97.71472993403131
C13 869.967 95.75076188081484
C13 875.002 94.61824655299009
C13 899.999 88.08341444396049
C13 919.999 80.38214317709327
C13 925.012 78.17962256900331
C13 949.965 65.74303867106583
C13 975.002 49.470165396814096
C13 999.976 30.434832809272717
C13 1025.028 14.353697887812551
C13 1050.014 5.779795790845559
C13 1075.002 0.9353843314468432
C13 1099.99 0.09280797404623026
C14 319.994 46.66808588970961
C14 324.969 47.86274302298207
C14 349.982 55.34107975608964
C14 374.975 70.53944912221525
C14 400.019 83.32060134012687
C14 424.965 85.79219683895684
C14 450.035 86.41120803262065
C14 475.003 85.58902589730182
C14 500.018 85.70101705502114
C14 525.002 86.41343267053333
C14 550.029 87.37537977068588
C14 575.023 89.49631007498925
C14 599.982 90.73553968903401
C14 619.997 91.97040354608292
C14 624.979 92.09108066206875
C14 650.012 93.20374887895937
C14 675.004 94.38182752457894
C14 700.03 95.40652004353777
C14 725.012 96.39682558261113
C14 750.022 97.9612775186728
C14 774.987 99.05425047704655
C14 799.976 99.39531859880316
C14 824.988 99.11455866455601
C14 850.022 97.49363281452034
C14 869.967 95.52233788217171
C14 875.002 94.39124237444823
C14 899.999 87.8728027338604
C14 919.999 80.21302514000578
C14 925.012 78.02521143852617
C14 949.965 65.6772410186729
C14 975.002 49.56245370339568
C14 999.976 30.47778616364612
C14 1025.028 14.362948547255689
C14 1050.014 5.781390715765451
C14 1075.002 0.9332614878007547
C14 1099.99 0.09259734744988174
C15 319.994 46.519597003505076
C15 324.969 47.6792028025666
C15 349.982 55.04740477375568
C15 374.975 70.3339244680929
C15 400.019 83.30157423224588
C15 424.965 85.87170676462712
C15 450.035 86.4963896460751
C15 475.003 85.64355610033505
C15 500.018 85.71824471175776
C15 525.002 86.39319833593521
C15 550.029 87.327447555182
C15 575.023 89.43372410122109
C15 599.982 90.66631017201131
C15 619.997 91.89995920972225
C15 624.979 92.01791816743936
C15 650.012 93.13250731740816
C15 675.004 94.30931799534372
C15 700.03 95.33278810234371
C15 725.012 96.30253282412188
C15 750.022 97.84277189225361
C15 774.987 98.9130808773533
C15 799.976 99.25045898537081
C15 824.988 98.98864264017519
C15 850.022 97.35596341304462
C15 869.967 95.35241502727283
C15 875.002 94.22913991903754
C15 899.999 87.7068508196725
C15 919.999 80.09794378559549
C15 925.012 77.92839033728977
C15 949.965 65.64270977899103
C15 975.002 49.689861677775966
C15 999.976 30.565765657888335
C15 1025.028 14.402247003761488
C15 1050.014 5.812144626568308
C15 1075.002 0.932132690849253
C15 1099.99 0.09248534925335819
C16 319.994 46.45811575607238
C16 324.969 47.58470883962451
C16 349.982 54.852707196983026
C16 374.975 70.260405120283
C16 400.019 83.43030711896664
C16 424.965 86.11209673374927
C16 450.035 86.76836491798453
C16 475.003 85.90518263000912
C16 500.018 85.9541018862251
C16 525.002 86.59075833077297
C16 550.029 87.48799352331592
C16 575.023 89.56555477725368
C16 599.982 90.77307001395648
C16 619.997 91.99280937024766
C16 624.979 92.10879424654057
C16 650.012 93.21850134129487
C16 675.004 94.39171311694169
C16 700.03 95.4117361740702
C16 725.012 96.36399509000242
C16 750.022 97.88512353142366
C16 774.987 98.93107538879701
C16 799.976 99.2709362838365
C16 824.988 99.01941553253019
C16 850.022 97.37046531889168
C16 869.967 95.34041868631036
C16 875.002 94.22135748265366
C16 899.999 87.7209806870973
C16 919.999 80.23568152065897
C16 925.012 78.0928616904095
C16 949.965 65.74142144282216
C16 975.002 49.73837472877581
C16 999.976 30.60704673751681
C16 1025.028 14.429291919273098
C16 1050.014 5.858535065498325
C16 1075.002 0.9325363689278562
C16 1099.99 0.09252540182146576
C17 319.994 46.70407111628661
C17 324.969 47.80626151638722
C17 349.982 55.051713586095055
C17 374.975 70.73977283104689
C17 400.019 84.2770134196708
C17 424.965 87.0906564883486
C17 450.035 87.74946060795189
C17 475.003 86.8365314680865
C17 500.018 86.83691869175048
C17 525.002 87.43278757702593
C17 550.029 88.30873306067092
C17 575.023 90.38307504336305
C17 599.982 91.59242010169368
C17 619.997 92.82126301039877
C17 624.979 92.9377869627729
C17 650.012 94.06709820459375
C17 675.004 95.24785704537771
C17 700.03 96.2884409198014
C17 725.012 97.24084409553002
C17 750.022 98.76874515476045
C17 774.987 99.81361885997136
C17 799.976 100.16593924584593
C17 824.988 99.91028051616965
C17 850.022 98.23127870915803
C17 869.967 96.16355749185784
C17 875.002 95.05029705053997
C17 899.999 88.60212711603296
C17 919.999 81.1693385154785
C17 925.012 79.02679961220093
C17 949.965 66.35269575582727
C17 975.002 50.075665521653406
C17 999.976 30.798754719824927
C17 1025.028 14.504586991287189
C17 1050.014 5.897765662955166
C17 1075.002 0.9409545761562901
C17 1099.99 0.09336064860902293
