lsstCam/transmission_filter_detector/r33_s22/r_57/19700101T000000.ecsv
# %ECSV 1.0
# ---
# datatype:
# - {name: wavelength, unit: nm, datatype: float32}
# - {name: efficiency, unit: '%', datatype: float64}
# meta: !!omap
# - {MODE: DETECTOR}
# - {TYPE: transmission_filter_detector}
# - {CALIBDATE: '1970-01-01T00:00:00'}
# - {INSTRUME: LSSTCam}
# - {OBSTYPE: transmission_filter_detector}
# - {CALIBCLS: lsst.ip.isr.IntermediateFilterDetectorTransmissionCurve}
# - {SOURCE: Materion (DM-46256)}
# - {DETECTOR: 152}
# - {FILTER: r_57}
# - {CALIB_ID: 'calibDate=1970-01-01T00:00:00 filter=r_57 detector=152'}
# - {DATE: '2025-04-02T15:59:44.888550'}
# - {CALIB_CREATION_DATE: '2025-04-02'}
# - {CALIB_CREATION_TIME: '15:59:44'}
# - __serialized_columns__:
#     efficiency:
#       __class__: astropy.units.quantity.Quantity
#       unit: !astropy.units.Unit {unit: '%'}
#       value: !astropy.table.SerializedColumn {name: efficiency}
#     wavelength:
#       __class__: astropy.units.quantity.Quantity
#       unit: !astropy.units.Unit {unit: nm}
#       value: !astropy.table.SerializedColumn {name: wavelength}
# schema: astropy-2.0
wavelength efficiency
300.0 0.0021856389139429666
301.0 0.005882346522412263
302.0 0.009579052129993215
303.0 0.012696077465079725
304.0 0.015813103527761996
305.0 0.01430147240171209
306.0 0.012789842730853707
307.0 0.010566585115157068
308.0 0.008343326771864668
309.0 0.007478465704480186
310.0 0.006613603909499943
311.0 0.005684925054083578
312.0 0.004756245471071452
313.0 0.0047069905122043565
314.0 0.004657735917135142
315.0 0.004309719952289015
316.0 0.003961701804655604
317.0 0.003754584031412378
318.0 0.0035474669857649133
319.0 0.0032553372875554487
320.0 0.002963207589345984
321.0 0.0030301402148324996
322.0 0.003097071748925373
323.0 0.002860552558558993
324.0 0.0026240326405968517
325.0 0.0025520446797600016
326.0 0.002480056900822092
327.0 0.0024625996957183816
328.0 0.002445142308715731
329.0 0.0024063769160420634
330.0 0.0023676113414694555
331.0 0.0023817996407160535
332.0 0.002395988121861592
333.0 0.002136504372174386
334.0 0.00187702062248718
335.0 0.0016427644368377514
336.0 0.0014085085240367334
337.0 0.0014055212886887603
338.0 0.001402534053340787
339.0 0.0012839590453950223
340.0 0.0011653840374492574
341.0 0.0011705444194376469
342.0 0.0011757049833249766
343.0 0.0010300357644155156
344.0 0.0008843666364555247
345.0 0.0008668363079777919
346.0 0.0008493058885505889
347.0 0.0008387256457353942
348.0 0.0008281452210212592
349.0 0.0008117742254398763
350.0 0.002631397728691809
351.0 0.004667884422815405
352.0 0.00670437075314112
353.0 0.005320598938851617
354.0 0.003936828579753637
355.0 0.004198146780254319
356.0 0.004459464980755001
357.0 0.004591654214891605
358.0 0.004723845995613374
359.0 0.0036139506846666336
360.0 0.002504056283214595
361.0 0.0023374130250886083
362.0 0.0021707699488615617
363.0 0.0024977794964797795
364.0 0.0028247892259969376
365.0 0.0025948844267986715
366.0 0.0023649798094993457
367.0 0.0022864003767608665
368.0 0.0022078209440223873
369.0 0.0034571094147395343
370.0 0.0047063975216588005
371.0 0.004534750041784719
372.0 0.004363102561910637
373.0 0.004184189310763031
374.0 0.004005276059615426
375.0 0.003044323966605589
376.0 0.002083372055494692
377.0 0.002392008354945574
378.0 0.002700644290598575
379.0 0.0022115489628049545
380.0 0.001722453635011334
381.0 0.0019729541236301884
382.0 0.002223454612249043
383.0 0.00282600103673758
384.0 0.0034285472793271765
385.0 0.004042563523398712
386.0 0.00465658085886389
387.0 0.004678148616221733
388.0 0.004699716373579577
389.0 0.0031840165320318192
390.0 0.0016683163266861811
391.0 0.0014519935575663112
392.0 0.0012356708793959115
393.0 0.0015545110727543943
394.0 0.0018733513570623472
395.0 0.0012286745914025232
396.0 0.0005839980076416396
397.0 0.0005045698344474658
398.0 0.000425141615778557
399.0 0.0009862516890279949
400.0 0.0015473620806005783
401.0 0.001357680685032392
402.0 0.0011679991985147353
403.0 0.0008630538104625884
404.0 0.000558108649784117
405.0 0.0007321566499740584
406.0 0.000906204786588205
407.0 0.0009963136108126491
408.0 0.001086422344087623
409.0 0.0013908726032241248
410.0 0.0016953228623606265
411.0 0.001598304879735224
412.0 0.001501286715210881
413.0 0.0018085445844917558
414.0 0.00211580227187369
415.0 0.00188339199667098
416.0 0.0016509819033672102
417.0 0.001324221466347808
418.0 0.0009974609383789357
419.0 0.0015815805454622023
420.0 0.0021656998796970583
421.0 0.0038618407415924594
422.0 0.00555798142158892
423.0 0.008711279224371538
424.0 0.011864575935760513
425.0 0.0157813832629472
426.0 0.019698192772921175
427.0 0.019899455946870148
428.0 0.020100720576010644
429.0 0.016134569887071848
430.0 0.012168417015345767
431.0 0.008439572411589324
432.0 0.004710726352641359
433.0 0.003925042983610183
434.0 0.0031393592507811263
435.0 0.002581574153737165
436.0 0.0020237888747942634
437.0 0.0013809742995363194
438.0 0.0007381599061773159
439.0 0.0008206016900658142
440.0 0.0009030434739543125
441.0 0.0011067283594456967
442.0 0.0013104135177854914
443.0 0.0016224705177592114
444.0 0.0019345272448845208
445.0 0.0015533738405792974
446.0 0.001172220436274074
447.0 0.001238430559169501
448.0 0.0013046404092165176
449.0 0.0013101391232339665
450.0 0.0013156374734535348
451.0 0.0013302640581969172
452.0 0.0013448905519908294
453.0 0.0014042268048797268
454.0 0.0014635627849202137
455.0 0.0012192424037493765
456.0 0.0009749220225785393
457.0 0.0009175304512609728
458.0 0.0008601388799434062
459.0 0.0009779938409337774
460.0 0.0010958487109746784
461.0 0.0016674061043886468
462.0 0.002238963861600496
463.0 0.003118488166364841
464.0 0.003998012834927067
465.0 0.004934866956318729
466.0 0.00587172107771039
467.0 0.006352802301989868
468.0 0.006833884253865108
469.0 0.0058886202168650925
470.0 0.004943356543662958
471.0 0.0036341825762065127
472.0 0.0023250080630532466
473.0 0.0017195450709550641
474.0 0.0011140821698063519
475.0 0.0009745439456310123
476.0 0.0008350057214556728
477.0 0.0008008157237782143
478.0 0.000766625817050226
479.0 0.0006632441454712534
480.0 0.0005598625193670159
481.0 0.00045105271055945195
482.0 0.00034224287901452044
483.0 0.000412959116147249
484.0 0.0004836754669668153
485.0 0.0005614371730189305
486.0 0.0006391988335963106
487.0 0.0005496091489476385
488.0 0.00046001941882423125
489.0 0.0007262910003191791
490.0 0.000992562581814127
491.0 0.0008921937478589825
492.0 0.0007918250958027784
493.0 0.0008791282198217232
494.0 0.0009664310709922574
495.0 0.0010119473699887749
496.0 0.001057463487086352
497.0 0.0010369504707341548
498.0 0.0010164373634324875
499.0 0.0011086842278018594
500.0 0.001200931001221761
501.0 0.0014471284885075875
502.0 0.0016933257938944735
503.0 0.0019521788999554701
504.0 0.002211031642218586
505.0 0.0026757879822980613
506.0 0.003140544140478596
507.0 0.003911490421160124
508.0 0.004682437065639533
509.0 0.0051137296395609155
510.0 0.005545022577280179
511.0 0.005015015995013528
512.0 0.0044850094127468765
513.0 0.0037693363992730156
514.0 0.0030536633857991546
515.0 0.0028608985303435475
516.0 0.002668133492989
517.0 0.002671598304004874
518.0 0.0026750631150207482
519.0 0.02152102388208732
520.0 0.14507242012768984
521.0 0.03324778517708182
522.0 0.0391344801755622
523.0 0.1278140814974904
524.0 0.12887271586805582
525.0 0.1512301852926612
526.0 0.12131328694522381
527.0 0.10350941447541118
528.0 0.15209057601168752
529.0 0.14314630534499884
530.0 0.2113728318363428
531.0 0.23522279225289822
532.0 0.20643728785216808
533.0 0.28196496423333883
534.0 0.4020282067358494
535.0 0.43168794363737106
536.0 0.7110774517059326
537.0 0.9857336059212685
538.0 1.521027646958828
539.0 2.5182150304317474
540.0 3.9790309965610504
541.0 5.839245021343231
542.0 8.32793340086937
543.0 11.63754090666771
544.0 15.541529655456543
545.0 19.83984112739563
546.0 25.23447275161743
547.0 31.790176033973694
548.0 40.05017876625061
549.0 48.24535250663757
550.0 54.73499894142151
551.0 62.233299016952515
552.0 67.19002723693848
553.0 72.60244488716125
554.0 76.43045783042908
555.0 80.50474524497986
556.0 83.99608731269836
557.0 87.04321384429932
558.0 89.73225951194763
559.0 92.94448494911194
560.0 93.07527542114258
561.0 94.83602046966553
562.0 95.83055377006531
563.0 95.57739496231079
564.0 95.6301748752594
565.0 95.49176692962646
566.0 95.89584469795227
567.0 95.29972672462463
568.0 95.83390355110168
569.0 96.79247736930847
570.0 96.33021950721741
571.0 96.9291627407074
572.0 96.73563241958618
573.0 96.74807786941528
574.0 97.12410569190979
575.0 97.2077488899231
576.0 97.69033193588257
577.0 97.26936221122742
578.0 97.19390869140625
579.0 97.08673357963562
580.0 96.92581295967102
581.0 96.70554995536804
582.0 96.94890975952148
583.0 96.69501185417175
584.0 96.31455540657043
585.0 96.5417206287384
586.0 96.46767973899841
587.0 96.4794933795929
588.0 96.42767906188965
589.0 97.67833948135376
590.0 96.69377207756042
591.0 95.80520987510681
592.0 95.89890837669373
593.0 95.80861330032349
594.0 95.96255421638489
595.0 96.60630822181702
596.0 96.80795669555664
597.0 97.30281233787537
598.0 96.97579741477966
599.0 96.87117338180542
600.0 96.72780632972717
601.0 96.20546102523804
602.0 96.73153162002563
603.0 96.21750116348267
604.0 96.1764931678772
605.0 96.63974046707153
606.0 96.31512761116028
607.0 96.28680348396301
608.0 96.38238549232483
609.0 95.88064551353455
610.0 96.09323143959045
611.0 95.70204019546509
612.0 95.8137571811676
613.0 96.97522521018982
614.0 97.07290530204773
615.0 96.36390209197998
616.0 96.61242365837097
617.0 96.71522974967957
618.0 96.1086094379425
619.0 96.84191942214966
620.0 96.02891802787781
621.0 95.82219123840332
622.0 96.6059923171997
623.0 96.66500687599182
624.0 96.65055274963379
625.0 96.86974883079529
626.0 96.00651860237122
627.0 95.11348605155945
628.0 97.33020067214966
629.0 95.83523273468018
630.0 96.35884165763855
631.0 95.9724485874176
632.0 97.00185060501099
633.0 96.47296667098999
634.0 95.9115982055664
635.0 96.09914422035217
636.0 96.20554447174072
637.0 95.69963216781616
638.0 95.49980759620667
639.0 95.22608518600464
640.0 95.5526351928711
641.0 95.58838605880737
642.0 96.29386067390442
643.0 96.59923911094666
644.0 95.89284062385559
645.0 96.15181684494019
646.0 96.30224108695984
647.0 97.06918597221375
648.0 96.39883041381836
649.0 95.8941400051117
650.0 96.74919247627258
651.0 97.02840447425842
652.0 96.98254466056824
653.0 95.61418890953064
654.0 96.66931629180908
655.0 96.62123918533325
656.0 95.75611352920532
657.0 96.10084295272827
658.0 96.37845158576965
659.0 96.1946427822113
660.0 95.7745611667633
661.0 95.56625485420227
662.0 95.87635397911072
663.0 95.93915343284607
664.0 95.93522548675537
665.0 95.4518973827362
666.0 95.1913595199585
667.0 95.91498970985413
668.0 95.20511627197266
669.0 96.02285623550415
670.0 95.45958638191223
671.0 95.87535858154297
672.0 95.41425704956055
673.0 95.38598656654358
674.0 95.28485536575317
675.0 95.90893983840942
676.0 95.2795922756195
677.0 94.21714544296265
678.0 93.65329146385193
679.0 92.62282848358154
680.0 91.71491265296936
681.0 90.47920107841492
682.0 87.97043561935425
683.0 85.42360067367554
684.0 82.00764060020447
685.0 78.82747054100037
686.0 74.7965157032013
687.0 70.12519240379333
688.0 66.00083112716675
689.0 61.62380576133728
690.0 56.141966581344604
691.0 52.299314737319946
692.0 47.52734303474426
693.0 43.174123764038086
694.0 38.10886740684509
695.0 33.05136859416962
696.0 27.670171856880188
697.0 22.446653246879578
698.0 16.70079380273819
699.0 12.05432191491127
700.0 8.375535905361176
701.0 5.277351289987564
702.0 3.3276215195655823
703.0 1.9673533737659454
704.0 1.1698146350681782
705.0 0.666438415646553
706.0 0.40025440976023674
707.0 0.28689384926110506
708.0 0.19454063149169087
709.0 0.16061037313193083
710.0 0.10165658313781023
711.0 0.07047834806144238
712.0 0.027067543123848736
713.0 0.058760581305250525
714.0 0.05443840636871755
715.0 0.04175287904217839
716.0 0.039286151877604425
717.0 0.030985104967840016
718.0 0.0673605885822326
719.0 0.07484527304768562
720.0 1.6244841843232605e-10
721.0 0.004488680497161113
722.0 0.004382655970402993
723.0 0.0042766318074427545
724.0 0.0038853850128361955
725.0 0.0034941382182296365
726.0 0.003325581201352179
727.0 0.0031570245482726023
728.0 0.00302570297208149
729.0 0.0028943813958903775
730.0 0.002724738988035824
731.0 0.002555096580181271
732.0 0.002467141530360095
733.0 0.0023791870262357406
734.0 0.0022417272703023627
735.0 0.002104267696267925
736.0 0.0020024654077133164
737.0 0.0019006631191587076
738.0 0.001791610884538386
739.0 0.0016825588318170048
740.0 0.001691002762527205
741.0 0.0016994466932374053
742.0 0.001580699063197244
743.0 0.0014619514331570826
744.0 0.001523713581264019
745.0 0.0015854757293709554
746.0 0.0013917561773268972
747.0 0.0011980363524344284
748.0 0.0012402180800563656
749.0 0.0012823998076783027
750.0 0.0012106579561077524
751.0 0.001138916104537202
752.0 0.0011216438906558324
753.0 0.0011043719496228732
754.0 0.0011381221156625543
755.0 0.0011718720088538248
756.0 0.0011478721717139706
757.0 0.0011238720617257059
758.0 0.0011448486475273967
759.0 0.001165825506177498
760.0 0.0011751664715120569
761.0 0.001184507618745556
762.0 0.001051985327649163
763.0 0.0009194630365527701
764.0 0.0010056462997454219
765.0 0.001091829199140193
766.0 0.0009366731319460087
767.0 0.000781516882852884
768.0 0.0007808341251802631
769.0 0.0007801511856087018
770.0 0.0008234913366322871
771.0 0.0008668311238579918
772.0 0.0009109603524848353
773.0 0.0009550893992127385
774.0 0.0009560937542119063
775.0 0.0009570979273121338
776.0 0.0009595807568985038
777.0 0.0009620638593332842
778.0 0.0008180122677003965
779.0 0.000673960812491714
780.0 0.0006832929557276657
781.0 0.0006926250534888823
782.0 0.0007731959158263635
783.0 0.0008537669600627851
784.0 0.0008557638466299977
785.0 0.0008577607331972104
786.0 0.0007908724910521414
787.0 0.0007239844762807479
788.0 0.0006833751285739709
789.0 0.0006427659172913991
790.0 0.0005657622750732116
791.0 0.000488758541905554
792.0 0.0005163772584637627
793.0 0.0005439959295472363
794.0 0.0006512196250696434
795.0 0.0007584433205920504
796.0 0.0006505966211989289
797.0 0.0005427500582300127
798.0 0.0005746797341998899
799.0 0.0006066095465939725
800.0 0.0006822283012297703
801.0 0.0007578466920676874
802.0 0.0007922693839645945
803.0 0.0008266919394372962
804.0 0.0007280332738446305
805.0 0.0006293747446761699
806.0 0.0005629723546007881
807.0 0.0004965699190506712
808.0 0.00062060007621767
809.0 0.0007446301424351986
810.0 0.0007442253718181746
811.0 0.0007438203738274751
812.0 0.0006087559086154215
813.0 0.00047369121602969244
814.0 0.0005757759936386719
815.0 0.0006778606348234462
816.0 0.0007930068932182621
817.0 0.0009081531970878132
818.0 0.0007289575933100423
819.0 0.0005497620350070065
820.0 0.0006405824933608528
821.0 0.000731402860765229
822.0 0.0006874810878798598
823.0 0.0006435594059439609
824.0 0.0005817552846565377
825.0 0.0005199513452680549
826.0 0.0005466727088787593
827.0 0.0005733940724894637
828.0 0.000513735540152993
829.0 0.00045407709876599256
830.0 0.00018665507468540454
831.0 1.6244841843232605e-10
832.0 1.6244841843232605e-10
833.0 1.6244841843232605e-10
834.0 1.6244841843232605e-10
835.0 1.6244841843232605e-10
836.0 6.8113422457827255e-06
837.0 5.820857040816918e-05
838.0 0.0006473953817476286
839.0 0.001236582193087088
840.0 0.0016096650142571889
841.0 0.0019827481082757004
842.0 0.0023552276616101153
843.0 0.002727707578742411
844.0 0.0027879832487087697
845.0 0.0028482589186751284
846.0 0.0027715837859432213
847.0 0.0026949088351102546
848.0 0.0026511117539484985
849.0 0.0026073146727867424
850.0 0.002236564068880398
851.0 0.0018658134649740532
852.0 0.001663185321376659
853.0 0.001460557268728735
854.0 0.0012791831068170723
855.0 0.0010978089449054096
856.0 0.0009142261660599615
857.0 0.0007306432962650433
858.0 0.0006116190434113378
859.0 0.0004925949269818375
860.0 0.0003737950464710593
861.0 0.00025499516596028116
862.0 0.00033150138278870145
863.0 0.00040800755414238665
864.0 0.00030124615477689076
865.0 0.00019448475541139487
866.0 0.00021937601104582427
867.0 0.0002442672439428861
868.0 0.000166461575190624
869.0 8.865586096362676e-05
870.0 0.00020042700725753093
871.0 0.0003121981535514351
872.0 0.00024909634248615475
873.0 0.0001859945314208744
874.0 0.00023695436084381072
875.0 0.00028791419026674703
876.0 0.0001088237240765011
877.0 1.6244841843232605e-10
878.0 4.553442067845026e-06
879.0 7.937360919640923e-05
880.0 0.00013189023775339592
881.0 0.00018440689473209204
882.0 0.00016493028169861645
883.0 0.00014545371413987596
884.0 0.00013092582094031968
885.0 0.00011639792774076341
886.0 0.00016671669982315507
887.0 0.00021703544916817918
888.0 0.00024938253773143515
889.0 0.0002817296262946911
890.0 0.0001671358518251509
891.0 5.254209440863633e-05
892.0 5.04689182889706e-05
893.0 4.8395730800621095e-05
894.0 4.484116900016488e-06
895.0 1.6244841843232605e-10
896.0 1.6244841843232605e-10
897.0 1.6244841843232605e-10
898.0 1.6244841843232605e-10
899.0 7.218335706937751e-07
900.0 1.6244841843232605e-10
