lsstCam/transmission_filter_detector/r33_s22/r_57/19700101T000000.ecsv
# %ECSV 1.0
# ---
# datatype:
# - {name: wavelength, unit: nm, datatype: float32}
# - {name: efficiency, unit: '%', datatype: float64}
# meta: !!omap
# - {MODE: DETECTOR}
# - {TYPE: transmission_filter_detector}
# - {CALIBDATE: '1970-01-01T00:00:00'}
# - {INSTRUME: LSSTCam}
# - {OBSTYPE: transmission_filter_detector}
# - {CALIBCLS: lsst.ip.isr.IntermediateFilterDetectorTransmissionCurve}
# - {SOURCE: Materion (DM-46256)}
# - {DETECTOR: 152}
# - {FILTER: r_57}
# - {CALIB_ID: 'calibDate=1970-01-01T00:00:00 filter=r_57 detector=152'}
# - {DATE: '2025-04-02T15:59:44.888550'}
# - {CALIB_CREATION_DATE: '2025-04-02'}
# - {CALIB_CREATION_TIME: '15:59:44'}
# - __serialized_columns__:
#     efficiency:
#       __class__: astropy.units.quantity.Quantity
#       unit: !astropy.units.Unit {unit: '%'}
#       value: !astropy.table.SerializedColumn {name: efficiency}
#     wavelength:
#       __class__: astropy.units.quantity.Quantity
#       unit: !astropy.units.Unit {unit: nm}
#       value: !astropy.table.SerializedColumn {name: wavelength}
# schema: astropy-2.0
wavelength efficiency
[from data line 602]
902.0 1.6244841843232605e-10
903.0 1.6244841843232605e-10
904.0 1.6244841843232605e-10
905.0 5.4642214308842085e-05
906.0 6.31148168395157e-05
907.0 7.158743073887308e-05
908.0 0.0001354764890493243
909.0 0.0001993655132537242
910.0 7.176166718636523e-05
911.0 1.6244841843232605e-10
912.0 6.206856255630555e-05
913.0 0.00017997930399360484
914.0 0.00016694817759344005
915.0 0.0001539170284559077
916.0 0.00010101224461323
917.0 4.810743234884285e-05
918.0 0.0001155387394646823
919.0 0.00018297002952749608
920.0 0.00017979658650801866
921.0 0.00017662314348854125
922.0 0.00015111486391106155
923.0 0.00012560661843963317
924.0 0.00018385760540695628
925.0 0.00024210858100559562
926.0 0.0002293653778906446
927.0 0.00021662217477569357
928.0 0.00025385190838278504
929.0 0.00029108161925250897
930.0 0.00025875549454212887
931.0 0.00022642932435701368
932.0 0.00015506695945077809
933.0 8.370457749151683e-05
934.0 1.6244841843232605e-10
935.0 1.6244841843232605e-10
936.0 1.6244841843232605e-10
937.0 1.6244841843232605e-10
938.0 1.6244841843232605e-10
939.0 1.6244841843232605e-10
940.0 3.263654662077897e-05
941.0 8.614305215814966e-05
942.0 0.00022512481336889323
943.0 0.0003641065404735855
944.0 0.0003652276518550934
945.0 0.0003663487404992338
946.0 0.0005315656835591653
947.0 0.0006967826266190968
948.0 0.000549279593542451
949.0 0.0004017766514152754
950.0 0.00046466047933790833
951.0 0.0005275442617858062
952.0 0.0006313052381301532
953.0 0.0007350663054239703
954.0 0.0009123843483394012
955.0 0.0010897027095779777
956.0 0.001202564817504026
957.0 0.0013154268344806042
958.0 0.0014937307241780218
959.0 0.0016720347048249096
960.0 0.0018273376554134302
961.0 0.0019826404241030104
962.0 0.0021358335288823582
963.0 0.0022890264517627656
964.0 0.002388583743595518
965.0 0.0024881410354282707
966.0 0.0024194345314754173
967.0 0.0023507282094215043
968.0 0.00226924257731298
969.0 0.0021877569452044554
970.0 0.002269847391289659
971.0 0.0023519372916780412
972.0 0.002482012496329844
973.0 0.0026120880647795275
974.0 0.002816454798448831
975.0 0.003020821895916015
976.0 0.003106350777670741
977.0 0.003191880023223348
978.0 0.003118795939371921
979.0 0.0030457120374194346
980.0 0.0031283270800486207
981.0 0.003210942304576747
982.0 0.0031935182050801814
983.0 0.003176093741785735
984.0 0.003041186573682353
985.0 0.002906279405578971
986.0 0.0028277450837776996
987.0 0.002749210580077488
988.0 0.00269284428213723
989.0 0.002636478347994853
990.0 0.002707065323193092
991.0 0.002777652298391331
992.0 0.0026222625820082612
993.0 0.002466872683726251
994.0 0.0025182529498124495
995.0 0.0025696333977975883
996.0 0.0025825474949670024
997.0 0.002595461774035357
998.0 0.002753907028818503
999.0 0.0029123521017027088
1000.0 0.0030249313567765057
1001.0 0.0031375104299513623
1002.0 0.003325003126519732
1003.0 0.0035124965506838635
1004.0 0.003653139719972387
1005.0 0.0037937828892609105
1006.0 0.0038830869016237557
1007.0 0.003972390913986601
1008.0 0.004033797085867263
1009.0 0.004095203257747926
1010.0 0.004083868770976551
1011.0 0.004072534648003057
1012.0 0.004169521344010718
1013.0 0.00426650804001838
1014.0 0.004123609323869459
1015.0 0.003980710607720539
1016.0 0.0036098750570090488
1017.0 0.003239038778701797
1018.0 0.0029803251891280524
1019.0 0.002721611235756427
1020.0 0.002492211206117645
1021.0 0.0022628111764788628
1022.0 0.0019351124137756415
1023.0 0.0016074134691734798
1024.0 0.00148889748743386
1025.0 0.001370381869492121
1026.0 0.0011620865734585095
1027.0 0.0009537916412227787
1028.0 0.0009126755685429089
1029.0 0.0008715595868125092
1030.0 0.0008685414286446758
1031.0 0.0008655233614263125
1032.0 0.0007731994628557004
1033.0 0.0006808754278608831
1034.0 0.0007174399797804654
1035.0 0.0007540044862253126
1036.0 0.0006674210453638807
1037.0 0.0005808376499771839
1038.0 0.0007421891496051103
1039.0 0.0009035406037583016
1040.0 0.000849764546728693
1041.0 0.000795988307800144
1042.0 0.0007974935215315782
1043.0 0.0007989986443135422
1044.0 0.0007827564331819303
1045.0 0.0007665143129997887
1046.0 0.0007108436420821818
1047.0 0.000655173062114045
1048.0 0.0006709103217872325
1049.0 0.0006866476724098902
1050.0 0.0008996394171845168
1051.0 0.0011126310710096732
1052.0 0.0011272944902884774
1053.0 0.001141957636718871
1054.0 0.0011569364687602501
1055.0 0.001171915209852159
1056.0 0.0010743145139713306
1057.0 0.000976713727141032
1058.0 0.0010801016287587117
1059.0 0.0011834894394269213
1060.0 0.0011935383554373402
1061.0 0.0012035869076498784
1062.0 0.0012520872587629128
1063.0 0.0013005877008254174
1064.0 0.001396129391650902
1065.0 0.0014916709915269166
1066.0 0.001769656410033349
1067.0 0.0020476414647419006
1068.0 0.0021739575458923355
1069.0 0.0023002732632448897
1070.0 0.0020590794520103373
1071.0 0.0018178858226747252
1072.0 0.00207871307793539
1073.0 0.0023395405150949955
1074.0 0.0023435968614649028
1075.0 0.00234765320783481
1076.0 0.002424631020403467
1077.0 0.0025016084691742435
1078.0 0.0030460765628959052
1079.0 0.003590544656617567
1080.0 0.0035976456274511293
1081.0 0.003604746234486811
1082.0 0.004113730028620921
1083.0 0.00462271309515927
1084.0 0.0041943250835174695
1085.0 0.0037659367080777884
1086.0 0.004337971404311247
1087.0 0.004910005736746825
1088.0 0.004260210334905423
1089.0 0.003610414933064021
1090.0 0.0030403938581002876
1091.0 0.002470372783136554
1092.0 0.003422885129111819
1093.0 0.004375397475087084
1094.0 0.003849009590339847
1095.0 0.00332262170559261
1096.0 0.0036804653063882142
1097.0 0.004038309270981699
1098.0 0.0030059009077376686
1099.0 0.0019734927263925783
1100.0 0.0015230598364723846
1101.0 0.0010726268556027208
