latiss/transmission_filter/sdssi_65mm~empty/20221005T000000.ecsv
# %ECSV 0.9
# ---
# datatype:
# - {name: wavelength, unit: nm, datatype: float32}
# - {name: throughput, unit: -, datatype: float32}
# meta: !!omap
# - {MODE: CAMERA}
# - {TYPE: transmission_curve}
# - {CALIBDATE: '2022-10-05T00:00:00'}
# - {INSTRUME: LATISS}
# - {OBSTYPE: transmission_filter}
# - {CALIBCLS: lsst.ip.isr.IntermediateFilterTransmissionCurve}
# - {SOURCE: LSST_SDSS_Filters.xlsx}
# - {FILTER: SDSSi_65mm~empty}
# - {CALIB_ID: 'calibDate=2022-10-05T00:00:00 filter=SDSSi_65mm~empty'}
# - {DATE: '2022-10-21T17:15:58.984473'}
# - {CALIB_CREATION_DATE: '2022-10-21'}
# - {CALIB_CREATION_TIME: '17:15:58'}
# - __serialized_columns__:
#     throughput:
#       __class__: astropy.units.quantity.Quantity
#       unit: !astropy.units.Unit {unit: ""}
#       value: !astropy.table.SerializedColumn {name: throughput}
#     wavelength:
#       __class__: astropy.units.quantity.Quantity
#       unit: !astropy.units.Unit {unit: nm}
#       value: !astropy.table.SerializedColumn {name: wavelength}
# schema: astropy-2.0
wavelength throughput
650 -5.00E-05
651 -5.00E-05
652 -5.00E-05
653 0
654 -5.00E-05
655 0
656 -5.00E-05
657 0
658 -5.00E-05
659 -5.00E-05
660 0
661 0
662 0
663 0
664 0
665 0
666 0
667 0
668 0
669 0
670 5.00E-05
671 0
672 5.00E-05
673 5.00E-05
674 1.00E-04
675 1.50E-04
676 1.50E-04
677 2.50E-04
678 3.00E-04
679 4.00E-04
680 6.00E-04
681 8.50E-04
682 1.20E-03
683 1.70E-03
684 2.50E-03
685 3.70E-03
686 5.60E-03
687 8.60E-03
688 0.0134
689 0.0214
690 0.03435
691 0.05605
692 0.0915
693 0.1443
694 0.2153
695 0.30025
696 0.387
697 0.4625
698 0.52405
699 0.57575
700 0.6214
701 0.6652
702 0.71155
703 0.75645
704 0.8013
705 0.84325
706 0.88005
707 0.9123
708 0.93655
709 0.9561
710 0.97045
711 0.97985
712 0.98655
713 0.99095
714 0.992
715 0.99515
716 0.9936
717 0.99515
718 0.9948
719 0.9956
720 0.99425
721 0.9938
722 0.9934
723 0.992
724 0.98985
725 0.988
726 0.98645
727 0.98445
728 0.98095
729 0.9799
730 0.97715
731 0.97675
732 0.97615
733 0.97615
734 0.97515
735 0.9748
736 0.97475
737 0.97565
738 0.9751
739 0.9788
740 0.9793
741 0.98155
742 0.98345
743 0.98375
744 0.9868
745 0.98795
746 0.98975
747 0.99215
748 0.9923
749 0.9939
750 0.9924
751 0.99385
752 0.9933
753 0.9955
754 0.9955
755 0.9949
756 0.9962
757 0.9973
758 0.99715
759 0.996
760 0.9955
761 0.99665
762 0.99645
763 0.9971
764 0.99605
765 0.9954
766 0.99515
767 0.995699999999999
768 0.9936
769 0.99235
770 0.99345
771 0.99075
772 0.98955
773 0.9884
774 0.9884
775 0.98735
776 0.98745
777 0.9855
778 0.985699999999999
779 0.98365
780 0.9838
781 0.9828
782 0.9844
783 0.9835
784 0.985
785 0.984
786 0.98645
787 0.98405
788 0.98615
789 0.9852
790 0.9889
791 0.9867
792 0.9881
793 0.9881
794 0.98925
795 0.99005
796 0.99015
797 0.98935
798 0.99035
799 0.99065
800 0.98905
801 0.99015
802 0.9905
803 0.9918
804 0.98985
805 0.99115
806 0.9904
807 0.9917
808 0.992
809 0.9926
810 0.9924
811 0.99105
812 0.9918
813 0.9919
814 0.9911
815 0.99065
816 0.9898
817 0.9879
818 0.987
819 0.9874
820 0.98525
821 0.9817
822 0.9811
823 0.97715
824 0.9741
825 0.97265
826 0.9734
827 0.9688
828 0.9673
829 0.9678
830 0.9701
831 0.96855
832 0.9721
833 0.97245
834 0.97925
835 0.98015
836 0.9767
837 0.97045
838 0.9586
839 0.93535
840 0.90315
841 0.85075
842 0.7786
843 0.6911
844 0.598299999999999
845 0.498
846 0.4046
847 0.3199
848 0.25035
849 0.1929
850 0.14795
851 0.113
852 0.0854
853 0.06575
854 0.0501
855 0.0382
856 0.02975
857 0.02325
858 0.01825
859 0.01455
860 0.0122
870 2.30E-03
871 1.90E-03
872 1.65E-03
873 1.35E-03
874 1.40E-03
875 8.50E-04
876 1.00E-03
877 6.00E-04
878 6.00E-04
879 7.50E-04
880 3.50E-04
881 5.50E-04
882 5.00E-04
883 5.50E-04
884 4.50E-04
885 3.00E-04
886 3.50E-04
887 3.00E-04
888 3.00E-04
889 3.50E-04
890 1.50E-04
891 2.00E-04
892 3.50E-04
893 0
894 4.00E-04
895 5.00E-04
896 1.50E-04
897 4.50E-04
898 4.00E-04
899 3.00E-04
900 1.50E-04
901 3.50E-04
902 2.50E-04
903 5.00E-05
904 1.50E-04
905 5.00E-05
906 1.00E-04
907 0
908 2.50E-04
909 5.00E-05
910 3.00E-04
911 2.00E-04
912 2.50E-04
913 2.50E-04
914 5.00E-05
915 1.00E-04
916 2.50E-04
917 4.50E-04
918 3.50E-04
919 5.50E-04
920 -2.00E-04
