lsstCam/transmission_sensor/r12_s10/19700101T000000.ecsv
# %ECSV 1.0
# ---
# datatype:
# - {name: amp_name, datatype: string}
# - {name: wavelength, unit: nm, datatype: float32}
# - {name: efficiency, unit: '%', datatype: float64}
# meta: !!omap
# - {MODE: AMP}
# - {TYPE: transmission_sensor}
# - {CALIBDATE: '1970-01-01T00:00:00'}
# - {INSTRUME: LSSTCam}
# - {OBSTYPE: transmission_sensor}
# - {DETECTOR: 48}
# - {PARQUETFILE: qe_raft_allvalues_nircorrected_20230725_adjust.parquet}
# - {CORRFILE: qe_corr_factor_bydetnum.parquet}
# - {CALIBCLS: lsst.ip.isr.IntermediateSensorTransmissionCurve}
# - {CALIB_ID: 'raftName=R12 detectorName=S10 detector=48 calibDate=1970-01-01T00:00:00 ccd=48 ccdnum=48 filter=None'}
# - {DATE: '2025-03-03T21:56:47.641485'}
# - {CALIB_CREATION_DATE: '2025-03-03'}
# - {CALIB_CREATION_TIME: '21:56:47'}
# - __serialized_columns__:
#     efficiency:
#       __class__: astropy.units.quantity.Quantity
#       unit: !astropy.units.Unit {unit: '%'}
#       value: !astropy.table.SerializedColumn {name: efficiency}
#     wavelength:
#       __class__: astropy.units.quantity.Quantity
#       unit: !astropy.units.Unit {unit: nm}
#       value: !astropy.table.SerializedColumn {name: wavelength}
# schema: astropy-2.0
amp_name wavelength efficiency
C00 319.994 40.88610253838921
C00 324.969 46.2124360892068
C00 349.982 71.9249191429176
C00 374.975 79.56517485723153
C00 400.019 85.26094263059389
C00 424.965 85.84863139199508
C00 450.035 87.71783885260334
C00 475.003 88.96094390788659
C00 500.018 90.86406795255249
C00 525.002 93.5017293812959
C00 550.029 94.63417356410096
C00 575.023 95.72028143039921
C00 599.982 96.63145668606506
C00 619.997 97.69757678124681
C00 624.979 97.41724244365082
C00 650.012 97.87645563736578
C00 675.004 98.27757677754128
C00 700.03 98.10379861348527
C00 725.012 97.66049867355842
C00 750.022 97.74702180356712
C00 774.987 97.28066311372255
C00 799.976 96.8743130096423
C00 824.988 94.89605184727981
C00 850.022 92.70322207516261
C00 869.967 89.81613227729932
C00 875.002 88.52019431399123
C00 899.999 82.29907789435211
C00 919.999 72.92237607571343
C00 925.012 70.56574316159232
C00 949.965 57.183832308855614
C00 975.002 41.92112803003334
C00 999.976 25.60757743695895
C00 1025.028 10.846853692994847
C00 1050.014 3.840497614273012
C00 1075.002 0.9312310709010797
C00 1099.99 0.09239589135040165
C01 319.994 41.029223732250294
C01 324.969 46.37357947684357
C01 349.982 72.15102467303365
C01 374.975 79.71642244954201
C01 400.019 85.25940336849204
C01 424.965 85.77558435077992
C01 450.035 87.60772124910224
C01 475.003 88.82735255733247
C01 500.018 90.71156027803119
C01 525.002 93.33031292820986
C01 550.029 94.451899276875
C01 575.023 95.53078619301904
C01 599.982 96.43177515536391
C01 619.997 97.48937649116833
C01 624.979 97.21001551048968
C01 650.012 97.66525227710822
C01 675.004 98.06025409588867
C01 700.03 97.90655424777867
C01 725.012 97.52132372518392
C01 750.022 97.67200541230991
C01 774.987 97.27843721999686
C01 799.976 96.90110673377771
C01 824.988 94.9164395247267
C01 850.022 92.74958857327924
C01 869.967 89.86164614493798
C01 875.002 88.5601019476021
C01 899.999 82.25363193533559
C01 919.999 72.88778795083685
C01 925.012 70.49618964171614
C01 949.965 57.23496750132696
C01 975.002 42.030962680942174
C01 999.976 25.604000916192916
C01 1025.028 10.810229252629366
C01 1050.014 3.820814724574649
C01 1075.002 0.9305163920138187
C01 1099.99 0.09232498156776961
C02 319.994 41.39975958355422
C02 324.969 46.791655136346655
C02 349.982 72.74874127430417
C02 374.975 80.21780689760585
C02 400.019 85.60813677938783
C02 424.965 86.05762394933187
C02 450.035 87.86146558842923
C02 475.003 89.06635318025263
C02 500.018 90.94162714443873
C02 525.002 93.54866178459704
C02 550.029 94.6682787832201
C02 575.023 95.74291763777917
C02 599.982 96.63634610685914
C02 619.997 97.69224972711007
C02 624.979 97.41031576419256
C02 650.012 97.86288145834025
C02 675.004 98.251982772397
C02 700.03 98.09976936857163
C02 725.012 97.71991871793084
C02 750.022 97.88474803466931
C02 774.987 97.50354675698819
C02 799.976 97.13160368812547
C02 824.988 95.15779431321438
C02 850.022 92.98278678170767
C02 869.967 90.10343102136588
C02 875.002 88.80755342127746
C02 899.999 82.47761720736037
C02 919.999 73.10933605786705
C02 925.012 70.74389765907513
C02 949.965 57.46791671147422
C02 975.002 42.29112438506138
C02 999.976 25.677055502810532
C02 1025.028 10.853158819925476
C02 1050.014 3.8396027767000227
C02 1075.002 0.932543180209583
C02 1099.99 0.09252607763058131
C03 319.994 41.658299026144526
C03 324.969 47.08605033142683
C03 349.982 73.14171337982287
C03 374.975 80.4981865076166
C03 400.019 85.7757578950365
C03 424.965 86.17632067542996
C03 450.035 87.96174398712249
C03 475.003 89.15461175282714
C03 500.018 91.02353248814191
C03 525.002 93.62983522426161
C03 550.029 94.74146164167955
C03 575.023 95.81034335416165
C03 599.982 96.69977275993782
C03 619.997 97.75185840654397
C03 624.979 97.46678555620312
C03 650.012 97.91306593010165
C03 675.004 98.29785881935373
C03 700.03 98.1342292216064
C03 725.012 97.73377207684739
C03 750.022 97.88148842080659
C03 774.987 97.48088036799838
C03 799.976 97.09990545239106
C03 824.988 95.13085722643221
C03 850.022 92.96088247836633
C03 869.967 90.1035215661954
C03 875.002 88.8073195138012
C03 899.999 82.47297678484748
C03 919.999 73.16832601429925
C03 925.012 70.79159214802473
C03 949.965 57.51060105319038
C03 975.002 42.292735328486586
C03 999.976 25.678385379994108
C03 1025.028 10.863579963898028
C03 1050.014 3.8394021161533525
C03 1075.002 0.9325121264058102
C03 1099.99 0.0925229965006995
C04 319.994 42.03416947698767
C04 324.969 47.511143215217714
C04 349.982 73.72996804640856
C04 374.975 80.95949732321543
C04 400.019 86.12690583471948
C04 424.965 86.48464091075004
C04 450.035 88.25716912963846
C04 475.003 89.44283858139627
C04 500.018 91.30921651608203
C04 525.002 93.92046903621548
C04 550.029 95.02752293974267
C04 575.023 96.08953833598618
C04 599.982 96.97485549742164
C04 619.997 98.02380980200691
C04 624.979 97.73991403444981
C04 650.012 98.1752837563912
C04 675.004 98.55728484673308
C04 700.03 98.37575755435066
C04 725.012 97.94659015323138
C04 750.022 98.05467804347073
C04 774.987 97.61463771740661
C04 799.976 97.21767409398656
C04 824.988 95.24911631918764
C04 850.022 93.061364602926
C04 869.967 90.21400134901457
C04 875.002 88.92385070939328
C04 899.999 82.6082281239428
C04 919.999 73.33173679537524
C04 925.012 70.93449452521448
C04 949.965 57.60174951490705
C04 975.002 42.36333388660348
C04 999.976 25.717464905685006
C04 1025.028 10.901100420805633
C04 1050.014 3.8548308136272427
C04 1075.002 0.9341620963029957
C04 1099.99 0.09268670499810207
C05 319.994 42.16750051115691
C05 324.969 47.6668425949796
C05 349.982 73.89913596956153
C05 374.975 81.0090253449628
C05 400.019 86.08029033832167
C05 424.965 86.4089529786739
C05 450.035 88.16728829553506
C05 475.003 89.34964531561295
C05 500.018 91.21320881518112
C05 525.002 93.81207178447526
C05 550.029 94.91079556368663
C05 575.023 95.9702530684962
C05 599.982 96.84948863554892
C05 619.997 97.89072399341762
C05 624.979 97.60616423044404
C05 650.012 98.04041723282135
C05 675.004 98.40834614757536
C05 700.03 98.21339558421661
C05 725.012 97.7474971639221
C05 750.022 97.81259135094443
C05 774.987 97.32990441017645
C05 799.976 96.9196835146342
C05 824.988 94.95766005836562
C05 850.022 92.76106513042089
C05 869.967 89.95314169516782
C05 875.002 88.67236244540183
C05 899.999 82.36286672674885
C05 919.999 73.14147192694415
C05 925.012 70.74721763615753
C05 949.965 57.508624157745864
C05 975.002 42.25377464288443
C05 999.976 25.624543274390238
C05 1025.028 10.873109807204996
C05 1050.014 3.8577735205866386
C05 1075.002 0.9318557492288919
C05 1099.99 0.092457871360207
C06 319.994 42.41810219035931
C06 324.969 47.94880673950694
C06 349.982 74.2786319862867
C06 374.975 81.28732996929705
C06 400.019 86.28973561980605
C06 424.965 86.58995963828657
C06 450.035 88.34628787809339
C06 475.003 89.52497783257571
C06 500.018 91.38353873031292
C06 525.002 93.98675539682648
C06 550.029 95.08572817431902
C06 575.023 96.1388475410622
C06 599.982 97.01286168961262
C06 619.997 98.0526106031967
C06 624.979 97.76691902985411
C06 650.012 98.19387562805261
C06 675.004 98.5609217307188
C06 700.03 98.34684357212399
C06 725.012 97.84475740163137
C06 750.022 97.86735588199903
C06 774.987 97.34624020650233
C06 799.976 96.92169059168856
C06 824.988 94.96177230270632
C06 850.022 92.7611934022627
C06 869.967 90.00454097672527
C06 875.002 88.73369147659662
C06 899.999 82.3854878433239
C06 919.999 73.10441645546314
C06 925.012 70.72679223169834
C06 949.965 57.66919032209444
C06 975.002 42.3327599158356
C06 999.976 25.690882452818464
C06 1025.028 10.903432893341078
C06 1050.014 3.8795594554268966
C06 1075.002 0.9323774891616958
C06 1099.99 0.09250963791702718
C07 319.994 42.571002225808535
C07 324.969 48.12748186975949
C07 349.982 74.56565155046223
C07 374.975 81.52888093824869
C07 400.019 86.48150956872915
C07 424.965 86.75703748495812
C07 450.035 88.50557132402376
C07 475.003 89.68390664459046
C07 500.018 91.5460289722888
C07 525.002 94.15624022688277
C07 550.029 95.25425473826289
C07 575.023 96.31190889188451
C07 599.982 97.1868737611449
C07 619.997 98.22396669306305
C07 624.979 97.94266654395219
C07 650.012 98.36200983106856
C07 675.004 98.72578877446956
C07 700.03 98.5055535674674
C07 725.012 97.97827329816087
C07 750.022 97.96707592091025
C07 774.987 97.411930480319
C07 799.976 96.97953364694683
C07 824.988 95.01123996123401
C07 850.022 92.83822441597674
C07 869.967 90.07103106320268
C07 875.002 88.80546334479604
C07 899.999 82.51383513916832
C07 919.999 73.30976458341175
C07 925.012 71.00333123185695
C07 949.965 57.91785283286462
C07 975.002 42.55787699822938
C07 999.976 25.913628392489198
C07 1025.028 11.014482354045972
C07 1050.014 3.9091166832132904
C07 1075.002 0.9333277011294218
C07 1099.99 0.09260391707552316
C10 319.994 39.97303338670589
C10 324.969 45.177086145256894
C10 349.982 70.07207766024506
C10 374.975 77.65071761807071
C10 400.019 84.20047404185468
C10 424.965 85.23986077612068
C10 450.035 87.34736713722032
C10 475.003 88.73462710650166
C10 500.018 90.72821298126038
C10 525.002 93.41476861794453
C10 550.029 94.58099356756296
C10 575.023 95.68840210500575
C10 599.982 96.60339533431637
C10 619.997 97.67508393651359
C10 624.979 97.39416105752572
C10 650.012 97.85012218278042
C10 675.004 98.24391673716727
C10 700.03 98.0671128667248
C10 725.012 97.61198928114315
C10 750.022 97.68597949766581
C10 774.987 97.22033762105494
C10 799.976 96.8220912792167
C10 824.988 94.88267384871824
C10 850.022 92.7376970190023
C10 869.967 89.98134640956326
C10 875.002 88.69998616380785
C10 899.999 82.39637585907367
C10 919.999 73.28409512424287
C10 925.012 70.92972583085975
C10 949.965 57.556269601579466
C10 975.002 42.172348432237456
C10 999.976 25.66851222087521
C10 1025.028 10.952719462209728
C10 1050.014 3.928045975840962
C10 1075.002 0.9306495241290871
C10 1099.99 0.0923381908139406
C11 319.994 40.31496838998523
C11 324.969 45.563157980225945
C11 349.982 70.65017621511961
C11 374.975 78.1837927564665
C11 400.019 84.57551072572599
C11 424.965 85.53069831394096
C11 450.035 87.59884031040684
C11 475.003 88.9657126022413
C11 500.018 90.94300040768644
C11 525.002 93.62207855053273
C11 550.029 94.78251617646434
C11 575.023 95.88255285570374
C11 599.982 96.79541828152064
C11 619.997 97.85929739217177
C11 624.979 97.58101540404489
C11 650.012 98.03528635914856
C11 675.004 98.42593448070959
C11 700.03 98.26889956471229
C11 725.012 97.86811796764749
C11 750.022 98.00964708158952
C11 774.987 97.61401144900243
C11 799.976 97.24299646464229
C11 824.988 95.27918474799068
C11 850.022 93.11812866563251
C11 869.967 90.34067356551287
C11 875.002 89.07077478609419
C11 899.999 82.67739682829351
C11 919.999 73.31405791741149
C11 925.012 70.91683828345809
C11 949.965 57.816314351960536
C11 975.002 42.473975895575535
C11 999.976 25.77938247827168
C11 1025.028 10.94329619771251
C11 1050.014 3.903999721376283
C11 1075.002 0.933733087804966
C11 1099.99 0.09264413916904955
C12 319.994 40.596657127322786
C12 324.969 45.881321193055086
C12 349.982 71.10240991155908
C12 374.975 78.52451294994978
C12 400.019 84.72225371276787
C12 424.965 85.59355151643268
C12 450.035 87.62369486611004
C12 475.003 88.96902503392124
C12 500.018 90.92882259646412
C12 525.002 93.59615254768022
C12 550.029 94.74641897109576
C12 575.023 95.83966478812117
C12 599.982 96.74151392634647
C12 619.997 97.79980943917721
C12 624.979 97.5205163671207
C12 650.012 97.96975453878355
C12 675.004 98.35986693676992
C12 700.03 98.19592797752173
C12 725.012 97.80264651050217
C12 750.022 97.9600134242077
C12 774.987 97.57582416715242
C12 799.976 97.21519920197969
C12 824.988 95.24110310177512
C12 850.022 93.08623424943413
C12 869.967 90.32949127906716
C12 875.002 89.03282141172045
C12 899.999 82.62472237372033
C12 919.999 73.25206489080021
C12 925.012 70.89413416745599
C12 949.965 57.75903342918553
C12 975.002 42.35317022948987
C12 999.976 25.723935088294446
C12 1025.028 10.93548293346519
C12 1050.014 3.8942652090275893
C12 1075.002 0.9332602300412202
C12 1099.99 0.0925972226561362
C13 319.994 40.79419953642654
C13 324.969 46.10786435651381
C13 349.982 71.39775960005043
C13 374.975 78.72123668288663
C13 400.019 84.80606049789097
C13 424.965 85.6309993488416
C13 450.035 87.63846121872425
C13 475.003 88.96802904079651
C13 500.018 90.91724040368804
C13 525.002 93.57614214035632
C13 550.029 94.71969315558248
C13 575.023 95.80266213445738
C13 599.982 96.70015757546328
C13 619.997 97.75271858242442
C13 624.979 97.47341041956298
C13 650.012 97.91600109165859
C13 675.004 98.29785127395127
C13 700.03 98.12631409442587
C13 725.012 97.71730800867968
C13 750.022 97.85037872646406
C13 774.987 97.44694114773334
C13 799.976 97.07738242604799
C13 824.988 95.11388007089724
C13 850.022 92.94967755571324
C13 869.967 90.20113643782028
C13 875.002 88.92074954898222
C13 899.999 82.52159935829965
C13 919.999 73.14239246604427
C13 925.012 70.76185571692992
C13 949.965 57.74485184526198
C13 975.002 42.36268498199192
C13 999.976 25.723708726220647
C13 1025.028 10.93596961192386
C13 1050.014 3.893588716538286
C13 1075.002 0.9322157461996384
C13 1099.99 0.09249358992892204
C14 319.994 41.206167192638276
C14 324.969 46.57403441129687
C14 349.982 72.05931785153493
C14 374.975 79.27932483043729
C14 400.019 85.2060045552827
C14 424.965 85.95578365232939
C14 450.035 87.93260364282202
C14 475.003 89.24333814035415
C14 500.018 91.18648299966785
C14 525.002 93.83951441322225
C14 550.029 94.97462212309567
C14 575.023 96.05473139443824
C14 599.982 96.94720159740578
C14 619.997 97.99688780602968
C14 624.979 97.71443321034243
C14 650.012 98.15150819323978
C14 675.004 98.52726169034479
C14 700.03 98.34228614903815
C14 725.012 97.901966643083
C14 750.022 97.99472227552366
C14 774.987 97.55464422244724
C14 799.976 97.17195650048149
C14 824.988 95.20953313788253
C14 850.022 93.04255391459326
C14 869.967 90.31824862940178
C14 875.002 89.04306052285865
C14 899.999 82.61765233161532
C14 919.999 73.24769610277588
C14 925.012 70.8774060102022
C14 949.965 57.86369570670804
C14 975.002 42.46238238469576
C14 999.976 25.77934475125938
C14 1025.028 10.97017669397622
C14 1050.014 3.897984856646537
C14 1075.002 0.9335909009864126
C14 1099.99 0.09263003152353705
C15 319.994 41.47525133516641
C15 324.969 46.87860080889311
C15 349.982 72.48353546864045
C15 374.975 79.62860905571266
C15 400.019 85.44787997654012
C15 424.965 86.15311101746303
C15 450.035 88.11308212426249
C15 475.003 89.41655794462812
C15 500.018 91.35566601362572
C15 525.002 94.00681107656514
C15 550.029 95.13723309151091
C15 575.023 96.21294339321929
C15 599.982 97.1006524472346
C15 619.997 98.14567559713821
C15 624.979 97.86375672502562
C15 650.012 98.29494629400418
C15 675.004 98.66578018870527
C15 700.03 98.46346531254558
C15 725.012 97.98835395584743
C15 750.022 98.0425752179249
C15 774.987 97.55957137025361
C15 799.976 97.16245683878437
C15 824.988 95.19951284341566
C15 850.022 93.05219693893712
C15 869.967 90.34565353113646
C15 875.002 89.07497002986194
C15 899.999 82.66911197639244
C15 919.999 73.44564219091124
C15 925.012 70.98900251258543
C15 949.965 57.80070291427082
C15 975.002 42.33275237043314
C15 999.976 25.70511874090985
C15 1025.028 10.963844214961675
C15 1050.014 3.9028290050258505
C15 1075.002 0.9340467944664579
C15 1099.99 0.0926752648558064
C16 319.994 41.68531156695129
C16 324.969 47.11876342379212
C16 349.982 72.8164914429924
C16 374.975 79.87077874766601
C16 400.019 85.58408958174785
C16 424.965 86.24112059175634
C16 450.035 88.18071156651138
C16 475.003 89.47626471429402
C16 500.018 91.4070200227684
C16 525.002 94.05276257754647
C16 550.029 95.17629564004628
C16 575.023 96.24961404917485
C16 599.982 97.12962679268095
C16 619.997 98.17280131898187
C16 624.979 97.88821137439844
C16 650.012 98.31606587548968
C16 675.004 98.67914309646191
C16 700.03 98.45831934806786
C16 725.012 97.9512456665492
C16 750.022 97.9652197519051
C16 774.987 97.44507743332572
C16 799.976 97.03218546531265
C16 824.988 95.0792240373985
C16 850.022 92.95369925522442
C16 869.967 90.28029525502804
C16 875.002 88.99241578154721
C16 899.999 82.56570223567829
C16 919.999 73.40462538313874
C16 925.012 71.02029329658701
C16 949.965 57.82738723007057
C16 975.002 42.38273688902934
C16 999.976 25.74074435862469
C16 1025.028 11.006142797977068
C16 1050.014 3.9137764408199875
C16 1075.002 0.9333098336307811
C16 1099.99 0.09260214427872256
C17 319.994 41.74880990135333
C17 324.969 47.193493089755854
C17 349.982 72.94455955894581
C17 374.975 79.97136650786014
C17 400.019 85.63376096614196
C17 424.965 86.26641278080223
C17 450.035 88.19900916747686
C17 475.003 89.48654909784699
C17 500.018 91.41965102648643
C17 525.002 94.0642240438832
C17 550.029 95.18852673743392
C17 575.023 96.26219223507564
C17 599.982 97.14402342057461
C17 619.997 98.18527386924822
C17 624.979 97.89965774993024
C17 650.012 98.32900624070857
C17 675.004 98.68850694091476
C17 700.03 98.46387276427842
C17 725.012 97.92824727985115
C17 750.022 97.90821423631988
C17 774.987 97.35353661068113
C17 799.976 96.92787782170575
C17 824.988 94.98879238891554
C17 850.022 92.85962317735327
C17 869.967 90.21132273114127
C17 875.002 88.96083827225215
C17 899.999 82.52470806411317
C17 919.999 73.40916017001719
C17 925.012 71.18752959671022
C17 949.965 57.97356053922672
C17 975.002 42.63964275198706
C17 999.976 25.83925336044108
C17 1025.028 11.070276832536363
C17 1050.014 3.9241056252000592
C17 1075.002 0.9327670685554623
C17 1099.99 0.09254829162657746
