lsstCam/transmission_sensor/r12_s10/19700101T000000.ecsv
# %ECSV 1.0
# ---
# datatype:
# - {name: amp_name, datatype: string}
# - {name: wavelength, unit: nm, datatype: float32}
# - {name: efficiency, unit: '%', datatype: float64}
# meta: !!omap
# - {MODE: AMP}
# - {TYPE: transmission_sensor}
# - {CALIBDATE: '1970-01-01T00:00:00'}
# - {INSTRUME: LSSTCAM}
# - {OBSTYPE: transmission_sensor}
# - {DETECTOR: 48}
# - {PARQUETFILE: qe_raft_allvalues_nircorrected_20230725.parquet}
# - {CALIBCLS: lsst.ip.isr.IntermediateSensorTransmissionCurve}
# - {CALIB_ID: 'raftName=R12 detectorName=S10 detector=48 calibDate=1970-01-01T00:00:00 ccd=48 ccdnum=48 filter=None'}
# - {DATE: '2024-01-18T22:42:25.141185'}
# - {CALIB_CREATION_DATE: '2024-01-18'}
# - {CALIB_CREATION_TIME: '22:42:25'}
# - __serialized_columns__:
#     efficiency:
#       __class__: astropy.units.quantity.Quantity
#       unit: !astropy.units.Unit {unit: '%'}
#       value: !astropy.table.SerializedColumn {name: efficiency}
#     wavelength:
#       __class__: astropy.units.quantity.Quantity
#       unit: !astropy.units.Unit {unit: nm}
#       value: !astropy.table.SerializedColumn {name: wavelength}
# schema: astropy-2.0
amp_name wavelength efficiency
C00 319.994 41.34122848510742
C00 324.969 46.72685241699219
C00 349.982 72.72555541992188
C00 374.975 80.45085906982422
C00 400.019 86.21002960205078
C00 424.965 86.80426025390625
C00 450.035 88.69427490234375
C00 475.003 89.95121765136719
C00 500.018 91.87552642822266
C00 525.002 94.54254913330078
C00 550.029 95.6875991821289
C00 575.023 96.78579711914062
C00 599.982 97.70711517333984
C00 619.997 98.78510284423828
C00 624.979 98.50164794921875
C00 650.012 98.96597290039062
C00 675.004 99.3715591430664
C00 700.03 99.19584655761719
C00 725.012 98.74761199951172
C00 750.022 98.83509826660156
C00 774.987 98.3635482788086
C00 799.976 97.95267486572266
C00 824.988 95.952392578125
C00 850.022 93.73515319824219
C00 869.967 90.81592559814453
C00 875.002 89.50556182861328
C00 899.999 83.21519470214844
C00 919.999 73.73411560058594
C00 925.012 71.35124969482422
C00 949.965 57.820377349853516
C00 975.002 42.38777542114258
C00 999.976 25.892629623413086
C00 1025.028 10.967596054077148
C00 1050.014 3.8832483291625977
C00 1075.002 0.9415971218681368
C00 1099.99 0.09342440140425774
C01 319.994 41.48594284057617
C01 324.969 46.88978958129883
C01 349.982 72.95417785644531
C01 374.975 80.60379028320312
C01 400.019 86.2084732055664
C01 424.965 86.73040008544922
C01 450.035 88.58293151855469
C01 475.003 89.8161392211914
C01 500.018 91.72132110595703
C01 525.002 94.36922454833984
C01 550.029 95.5032958984375
C01 575.023 96.59419250488281
C01 599.982 97.50521087646484
C01 619.997 98.5745849609375
C01 624.979 98.2921142578125
C01 650.012 98.7524185180664
C01 675.004 99.15181732177734
C01 700.03 98.99640655517578
C01 725.012 98.60688781738281
C01 750.022 98.75924682617188
C01 774.987 98.36129760742188
C01 799.976 97.97976684570312
C01 824.988 95.97300720214844
C01 850.022 93.78203582763672
C01 869.967 90.86194610595703
C01 875.002 89.54591369628906
C01 899.999 83.16924285888672
C01 919.999 73.69914245605469
C01 925.012 71.28092193603516
C01 949.965 57.8720817565918
C01 975.002 42.49883270263672
C01 999.976 25.889013290405273
C01 1025.028 10.930563926696777
C01 1050.014 3.8633463382720947
C01 1075.002 0.9408744874927033
C01 1099.99 0.09335270228539778
C02 319.994 41.86060333251953
C02 324.969 47.31251907348633
C02 349.982 73.55854797363281
C02 374.975 81.11075592041016
C02 400.019 86.56108856201172
C02 424.965 87.01557922363281
C02 450.035 88.8395004272461
C02 475.003 90.05780029296875
C02 500.018 91.95394897460938
C02 525.002 94.59000396728516
C02 550.029 95.72208404541016
C02 575.023 96.80868530273438
C02 599.982 97.7120590209961
C02 619.997 98.77971649169922
C02 624.979 98.49464416503906
C02 650.012 98.9522476196289
C02 675.004 99.3456802368164
C02 700.03 99.1917724609375
C02 725.012 98.80769348144531
C02 750.022 98.97435760498047
C02 774.987 98.58891296386719
C02 799.976 98.21282958984375
C02 824.988 96.21704864501953
C02 850.022 94.01782989501953
C02 869.967 91.1064224243164
C02 875.002 89.7961196899414
C02 899.999 83.39572143554688
C02 919.999 73.92315673828125
C02 925.012 71.53138732910156
C02 949.965 58.10762405395508
C02 975.002 42.76189041137695
C02 999.976 25.962881088256836
C02 1025.028 10.973971366882324
C02 1050.014 3.8823435306549072
C02 1075.002 0.9429238369951006
C02 1099.99 0.09355603686032696
C03 319.994 42.12202072143555
C03 324.969 47.610191345214844
C03 349.982 73.95589447021484
C03 374.975 81.39425659179688
C03 400.019 86.73057556152344
C03 424.965 87.1355972290039
C03 450.035 88.9408950805664
C03 475.003 90.14704132080078
C03 500.018 92.0367660522461
C03 525.002 94.67208099365234
C03 550.029 95.79608154296875
C03 575.023 96.87686157226562
C03 599.982 97.77619171142578
C03 619.997 98.8399887084961
C03 624.979 98.55174255371094
C03 650.012 99.00299072265625
C03 675.004 99.3920669555664
C03 700.03 99.22661590576172
C03 725.012 98.82170104980469
C03 750.022 98.97106170654297
C03 774.987 98.56599426269531
C03 799.976 98.18077850341797
C03 824.988 96.18981170654297
C03 850.022 93.99568176269531
C03 869.967 91.10651397705078
C03 875.002 89.79588317871094
C03 899.999 83.39102935791016
C03 919.999 73.98280334472656
C03 925.012 71.5796127319336
C03 949.965 58.15078353881836
C03 975.002 42.763519287109375
C03 999.976 25.96422576904297
C03 1025.028 10.984508514404297
C03 1050.014 3.882140636444092
C03 1075.002 0.942892437514167
C03 1099.99 0.09355292143267482
C04 319.994 42.5020751953125
C04 324.969 48.040016174316406
C04 349.982 74.55069732666016
C04 374.975 81.86070251464844
C04 400.019 87.08563232421875
C04 424.965 87.44734954833984
C04 450.035 89.23960876464844
C04 475.003 90.4384765625
C04 500.018 92.32563018798828
C04 525.002 94.96595001220703
C04 550.029 96.0853271484375
C04 575.023 97.15916442871094
C04 599.982 98.05433654785156
C04 619.997 99.1149673461914
C04 624.979 98.82791137695312
C04 650.012 99.26812744140625
C04 675.004 99.65438079833984
C04 700.03 99.47083282470703
C04 725.012 99.0368881225586
C04 750.022 99.14617919921875
C04 774.987 98.70124053955078
C04 799.976 98.29985809326172
C04 824.988 96.30938720703125
C04 850.022 94.09728240966797
C04 869.967 91.21822357177734
C04 875.002 89.91371154785156
C04 899.999 83.52778625488281
C04 919.999 74.14803314208984
C04 925.012 71.72410583496094
C04 949.965 58.24294662475586
C04 975.002 42.834903717041016
C04 999.976 26.003740310668945
C04 1025.028 11.022446632385254
C04 1050.014 3.8977410793304443
C04 1075.002 0.9445607741439314
C04 1099.99 0.09371845226041069
C05 319.994 42.63689041137695
C05 324.969 48.19744873046875
C05 349.982 74.72174835205078
C05 374.975 81.91078186035156
C05 400.019 87.03849792480469
C05 424.965 87.37081909179688
C05 450.035 89.14872741699219
C05 475.003 90.34424591064453
C05 500.018 92.22855377197266
C05 525.002 94.8563461303711
C05 550.029 95.96730041503906
C05 575.023 97.0385513305664
C05 599.982 97.92757415771484
C05 619.997 98.98040008544922
C05 624.979 98.69267272949219
C05 650.012 99.13175964355469
C05 675.004 99.5037841796875
C05 700.03 99.3066635131836
C05 725.012 98.83557891845703
C05 750.022 98.90139770507812
C05 774.987 98.41333770751953
C05 799.976 97.99855041503906
C05 824.988 96.01468658447266
C05 850.022 93.79364013671875
C05 869.967 90.95446014404297
C05 875.002 89.659423828125
C05 899.999 83.27969360351562
C05 919.999 73.95565032958984
C05 925.012 71.53474426269531
C05 949.965 58.14878463745117
C05 975.002 42.724124908447266
C05 999.976 25.9097843170166
C05 1025.028 10.994144439697266
C05 1050.014 3.900716543197632
C05 1075.002 0.9422287538378393
C05 1099.99 0.09348707134802327
C06 319.994 42.890281677246094
C06 324.969 48.48255157470703
C06 349.982 75.10546875
C06 374.975 82.19218444824219
C06 400.019 87.25027465820312
C06 424.965 87.55384063720703
C06 450.035 89.32971954345703
C06 475.003 90.52153015136719
C06 500.018 92.4007797241211
C06 525.002 95.03297424316406
C06 550.029 96.14418029785156
C06 575.023 97.20902252197266
C06 599.982 98.09276580810547
C06 619.997 99.14408874511719
C06 624.979 98.85521697998047
C06 650.012 99.28692626953125
C06 675.004 99.6580581665039
C06 700.03 99.44159698486328
C06 725.012 98.93392181396484
C06 750.022 98.95677185058594
C06 774.987 98.42985534667969
C06 799.976 98.00057983398438
C06 824.988 96.01884460449219
C06 850.022 93.79376983642578
C06 869.967 91.00643157958984
C06 875.002 89.721435546875
C06 899.999 83.30256652832031
C06 919.999 73.91818237304688
C06 925.012 71.51409149169922
C06 949.965 58.31113815307617
C06 975.002 42.80398941040039
C06 999.976 25.97686195373535
C06 1025.028 11.024805068969727
C06 1050.014 3.9227449893951416
C06 1075.002 0.942756301548008
C06 1099.99 0.09353941414717809
C07 319.994 43.044883728027344
C07 324.969 48.66321563720703
C07 349.982 75.39568328857422
C07 374.975 82.4364242553711
C07 400.019 87.44418334960938
C07 424.965 87.7227783203125
C07 450.035 89.49077606201172
C07 475.003 90.6822280883789
C07 500.018 92.56507873535156
C07 525.002 95.204345703125
C07 550.029 96.31458282470703
C07 575.023 97.3840103149414
C07 599.982 98.26871490478516
C07 619.997 99.31735229492188
C07 624.979 99.03292083740234
C07 650.012 99.4569320678711
C07 675.004 99.82476043701172
C07 700.03 99.6020736694336
C07 725.012 99.06892395019531
C07 750.022 99.05760192871094
C07 774.987 98.49627685546875
C07 799.976 98.05906677246094
C07 824.988 96.06886291503906
C07 850.022 93.87165832519531
C07 869.967 91.07366180419922
C07 875.002 89.79400634765625
C07 899.999 83.43234252929688
C07 919.999 74.12581634521484
C07 925.012 71.79370880126953
C07 949.965 58.56256866455078
C07 975.002 43.031612396240234
C07 999.976 26.20208740234375
C07 1025.028 11.137090682983398
C07 1050.014 3.9526312351226807
C07 1075.002 0.9437170908536201
C07 1099.99 0.09363474277942192
C10 319.994 40.41799545288086
C10 324.969 45.67997741699219
C10 349.982 70.85208892822266
C10 374.975 78.51509094238281
C10 400.019 85.13775634765625
C10 424.965 86.18871307373047
C10 450.035 88.3196792602539
C10 475.003 89.72238159179688
C10 500.018 91.7381591796875
C10 525.002 94.45462036132812
C10 550.029 95.63382720947266
C10 575.023 96.7535629272461
C10 599.982 97.67874145507812
C10 619.997 98.76235961914062
C10 624.979 98.47830963134766
C10 650.012 98.93934631347656
C10 675.004 99.3375244140625
C10 700.03 99.15875244140625
C10 725.012 98.69856262207031
C10 750.022 98.77337646484375
C10 774.987 98.30255126953125
C10 799.976 97.89987182617188
C10 824.988 95.9388656616211
C10 850.022 93.77001190185547
C10 869.967 90.98297882080078
C10 875.002 89.6873550415039
C10 899.999 83.3135757446289
C10 919.999 74.09986114501953
C10 925.012 71.71928405761719
C10 949.965 58.19696044921875
C10 975.002 42.64179229736328
C10 999.976 25.954242706298828
C10 1025.028 11.074640274047852
C10 1050.014 3.971771240234375
C10 1075.002 0.94100910157559
C10 1099.99 0.0933660585710344
C11 319.994 40.763736724853516
C11 324.969 46.07034683227539
C11 349.982 71.4366226196289
C11 374.975 79.0541000366211
C11 400.019 85.5169677734375
C11 424.965 86.4827880859375
C11 450.035 88.5739517211914
C11 475.003 89.95603942871094
C11 500.018 91.95533752441406
C11 525.002 94.66423797607422
C11 550.029 95.83759307861328
C11 575.023 96.94987487792969
C11 599.982 97.8729019165039
C11 619.997 98.94862365722656
C11 624.979 98.66724395751953
C11 650.012 99.12657165527344
C11 675.004 99.52156829833984
C11 700.03 99.36278533935547
C11 725.012 98.9575424194336
C11 750.022 99.10064697265625
C11 774.987 98.70060729980469
C11 799.976 98.3254623413086
C11 824.988 96.33979034423828
C11 850.022 94.15467834472656
C11 869.967 91.34630584716797
C11 875.002 90.06227111816406
C11 899.999 83.59772491455078
C11 919.999 74.13015747070312
C11 925.012 71.70625305175781
C11 949.965 58.45989990234375
C11 975.002 42.94677734375
C11 999.976 26.066347122192383
C11 1025.028 11.065112113952637
C11 1050.014 3.9474573135375977
C11 1075.002 0.944126990113711
C11 1099.99 0.09367541260744143
C12 319.994 41.048561096191406
C12 324.969 46.392051696777344
C12 349.982 71.89389038085938
C12 374.975 79.39861297607422
C12 400.019 85.66534423828125
C12 424.965 86.54634094238281
C12 450.035 88.59908294677734
C12 475.003 89.95938873291016
C12 500.018 91.94100189208984
C12 525.002 94.63802337646484
C12 550.029 95.80109405517578
C12 575.023 96.90650939941406
C12 599.982 97.81839752197266
C12 619.997 98.88847351074219
C12 624.979 98.60607147216797
C12 650.012 99.06031036376953
C12 675.004 99.45476531982422
C12 700.03 99.28900146484375
C12 725.012 98.89134216308594
C12 750.022 99.05046081542969
C12 774.987 98.66199493408203
C12 799.976 98.29735565185547
C12 824.988 96.30128479003906
C12 850.022 94.12242889404297
C12 869.967 91.33499908447266
C12 875.002 90.02389526367188
C12 899.999 83.54446411132812
C12 919.999 74.06747436523438
C12 925.012 71.68329620361328
C12 949.965 58.401981353759766
C12 975.002 42.82462692260742
C12 999.976 26.010282516479492
C12 1025.028 11.057211875915527
C12 1050.014 3.9376144409179688
C12 1075.002 0.9436488687072108
C12 1099.99 0.09362797384072957
C13 319.994 41.2483024597168
C13 324.969 46.621116638183594
C13 349.982 72.1925277709961
C13 374.975 79.59752655029297
C13 400.019 85.75008392333984
C13 424.965 86.5842056274414
C13 450.035 88.614013671875
C13 475.003 89.95838165283203
C13 500.018 91.92929077148438
C13 525.002 94.61779022216797
C13 550.029 95.7740707397461
C13 575.023 96.86909484863281
C13 599.982 97.77658081054688
C13 619.997 98.84085845947266
C13 624.979 98.55844116210938
C13 650.012 99.0059585571289
C13 675.004 99.39205932617188
C13 700.03 99.21861267089844
C13 725.012 98.8050537109375
C13 750.022 98.93960571289062
C13 774.987 98.53167724609375
C13 799.976 98.15800476074219
C13 824.988 96.17264556884766
C13 850.022 93.9843521118164
C13 869.967 91.20521545410156
C13 875.002 89.91057586669922
C13 899.999 83.44019317626953
C13 919.999 73.95658111572266
C13 925.012 71.54954528808594
C13 949.965 58.38764190673828
C13 975.002 42.83424758911133
C13 999.976 26.010053634643555
C13 1025.028 11.057703971862793
C13 1050.014 3.9369304180145264
C13 1075.002 0.9425927581350844
C13 1099.99 0.09352318751999204
C14 319.994 41.66485595703125
C14 324.969 47.09247589111328
C14 349.982 72.8614501953125
C14 374.975 80.16182708740234
C14 400.019 86.15447998046875
C14 424.965 86.91260528564453
C14 450.035 88.91143035888672
C14 475.003 90.23675537109375
C14 500.018 92.20153045654297
C14 525.002 94.88409423828125
C14 550.029 96.0318374633789
C14 575.023 97.12397003173828
C14 599.982 98.02637481689453
C14 619.997 99.0877456665039
C14 624.979 98.8021469116211
C14 650.012 99.24408721923828
C14 675.004 99.6240234375
C14 700.03 99.4369888305664
C14 725.012 98.99176788330078
C14 750.022 99.08555603027344
C14 774.987 98.64057922363281
C14 799.976 98.25363159179688
C14 824.988 96.26936340332031
C14 850.022 94.07826232910156
C14 869.967 91.3236312866211
C14 875.002 90.03424835205078
C14 899.999 83.53731536865234
C14 919.999 74.06305694580078
C14 925.012 71.6663818359375
C14 949.965 58.507808685302734
C14 975.002 42.935054779052734
C14 999.976 26.066308975219727
C14 1025.028 11.092291831970215
C14 1050.014 3.941375494003296
C14 1075.002 0.9439832205346013
C14 1099.99 0.09366114792188056
C15 319.994 41.93693542480469
C15 324.969 47.40043258666992
C15 349.982 73.29039001464844
C15 374.975 80.51499938964844
C15 400.019 86.3990478515625
C15 424.965 87.11212921142578
C15 450.035 89.09391784667969
C15 475.003 90.41190338134766
C15 500.018 92.37259674072266
C15 525.002 95.05325317382812
C15 550.029 96.19625854492188
C15 575.023 97.28394317626953
C15 599.982 98.18153381347656
C15 619.997 99.23818969726562
C15 624.979 98.95313262939453
C15 650.012 99.38912200927734
C15 675.004 99.76408386230469
C15 700.03 99.55951690673828
C15 725.012 99.07911682128906
C15 750.022 99.13394165039062
C15 774.987 98.64556121826172
C15 799.976 98.24402618408203
C15 824.988 96.25923156738281
C15 850.022 94.0880126953125
C15 869.967 91.3513412475586
C15 875.002 90.06651306152344
C15 899.999 83.58934783935547
C15 919.999 74.2632064819336
C15 925.012 71.77922058105469
C15 949.965 58.444114685058594
C15 975.002 42.80398178100586
C15 999.976 25.991256713867188
C15 1025.028 11.085888862609863
C15 1050.014 3.9462735652923584
C15 1075.002 0.9444441888185243
C15 1099.99 0.09370688477152854
C16 319.994 42.14933395385742
C16 324.969 47.64326858520508
C16 349.982 73.6270523071289
C16 374.975 80.7598648071289
C16 400.019 86.53677368164062
C16 424.965 87.20111846923828
C16 450.035 89.16230010986328
C16 475.003 90.47227478027344
C16 500.018 92.42452239990234
C16 525.002 95.09971618652344
C16 550.029 96.23575592041016
C16 575.023 97.3210220336914
C16 599.982 98.21083068847656
C16 619.997 99.26561737060547
C16 624.979 98.97785949707031
C16 650.012 99.41047668457031
C16 675.004 99.77759552001953
C16 700.03 99.55431365966797
C16 725.012 99.04159545898438
C16 750.022 99.05572509765625
C16 774.987 98.52979278564453
C16 799.976 98.1123046875
C16 824.988 96.13760375976562
C16 850.022 93.98841857910156
C16 869.967 91.2852554321289
C16 875.002 89.98303985595703
C16 899.999 83.48478698730469
C16 919.999 74.22173309326172
C16 925.012 71.81085968017578
C16 949.965 58.47109603881836
C16 975.002 42.854522705078125
C16 999.976 26.027278900146484
C16 1025.028 11.128658294677734
C16 1050.014 3.9573428630828857
C16 1075.002 0.9436990244619148
C16 1099.99 0.09363295024863416
C17 319.994 42.213539123535156
C17 324.969 47.71883010864258
C17 349.982 73.75654602050781
C17 374.975 80.861572265625
C17 400.019 86.58699798583984
C17 424.965 87.22669219970703
C17 450.035 89.18080139160156
C17 475.003 90.48267364501953
C17 500.018 92.43729400634766
C17 525.002 95.1113052368164
C17 550.029 96.24812316894531
C17 575.023 97.333740234375
C17 599.982 98.22538757324219
C17 619.997 99.27822875976562
C17 624.979 98.98943328857422
C17 650.012 99.4235610961914
C17 675.004 99.78706359863281
C17 700.03 99.55992889404297
C17 725.012 99.01834106445312
C17 750.022 98.99808502197266
C17 774.987 98.4372329711914
C17 799.976 98.0068359375
C17 824.988 96.0461654663086
C17 850.022 93.89329528808594
C17 869.967 91.21551513671875
C17 875.002 89.95111083984375
C17 899.999 83.4433364868164
C17 919.999 74.226318359375
C17 925.012 71.9799575805664
C17 949.965 58.618896484375
C17 975.002 43.114288330078125
C17 999.976 26.12688446044922
C17 1025.028 11.193506240844727
C17 1050.014 3.967787027359009
C17 1075.002 0.9431502175666764
C17 1099.99 0.09357849813266715
