lsstCam/transmission_filter_detector/r03_s21/y_10/19700101T000000.ecsv
# %ECSV 1.0
# ---
# datatype:
# - {name: wavelength, unit: nm, datatype: float32}
# - {name: efficiency, unit: '%', datatype: float64}
# meta: !!omap
# - {MODE: DETECTOR}
# - {TYPE: transmission_filter_detector}
# - {CALIBDATE: '1970-01-01T00:00:00'}
# - {INSTRUME: LSSTCam}
# - {OBSTYPE: transmission_filter_detector}
# - {CALIBCLS: lsst.ip.isr.IntermediateFilterDetectorTransmissionCurve}
# - {SOURCE: Materion (DM-46256)}
# - {DETECTOR: 25}
# - {FILTER: y_10}
# - {CALIB_ID: 'calibDate=1970-01-01T00:00:00 filter=y_10 detector=25'}
# - {DATE: '2025-04-02T15:59:50.858112'}
# - {CALIB_CREATION_DATE: '2025-04-02'}
# - {CALIB_CREATION_TIME: '15:59:50'}
# - __serialized_columns__:
#     efficiency:
#       __class__: astropy.units.quantity.Quantity
#       unit: !astropy.units.Unit {unit: '%'}
#       value: !astropy.table.SerializedColumn {name: efficiency}
#     wavelength:
#       __class__: astropy.units.quantity.Quantity
#       unit: !astropy.units.Unit {unit: nm}
#       value: !astropy.table.SerializedColumn {name: wavelength}
# schema: astropy-2.0
wavelength efficiency
300.0 0.5376662127673626
301.0 0.2918550744652748
302.0 0.04604390123859048
303.0 0.03839967830572277
304.0 0.030755455372855067
305.0 0.019173562759533525
306.0 0.007591665780637413
307.0 0.014443190593738109
308.0 0.02129471249645576
309.0 0.015849847113713622
310.0 0.010404979548184201
311.0 0.008572710794396698
312.0 0.006740440585417673
313.0 0.00694344998919405
314.0 0.0071464586653746665
315.0 0.006026397386449389
316.0 0.004906339381705038
317.0 0.0043572523281909525
318.0 0.0038081616366980597
319.0 0.001768633046594914
320.0 1.629434109341743e-10
321.0 0.0018414964870316908
322.0 0.003953890336561017
323.0 0.0028617425414267927
324.0 0.001769594928191509
325.0 0.0005237522600509692
326.0 1.629434109341743e-10
327.0 0.0001851427327892452
328.0 0.001092376078304369
329.0 0.0028903139536851086
330.0 0.004688251647166908
331.0 0.004132082176511176
332.0 0.0035759123420575634
333.0 0.0026298826924175955
334.0 0.0016838524970808066
335.0 0.001602536030986812
336.0 0.0015212200196401682
337.0 0.0023522918127127923
338.0 0.0031833635148359463
339.0 0.0016622181647107936
340.0 0.00014107272363617085
341.0 1.629434109341743e-10
342.0 1.629434109341743e-10
343.0 0.0002860157565010013
344.0 0.0008906691618904006
345.0 0.0014111490600043908
346.0 0.0019316295947646722
347.0 0.0019885783331119455
348.0 0.0020455268895602785
349.0 0.0013429082173388451
350.0 0.0006402892722690012
351.0 0.0012400529158185236
352.0 0.0018398161046206951
353.0 0.001646124292165041
354.0 0.0014524324797093868
355.0 0.0015137690752453636
356.0 0.0015751056707813405
357.0 0.0011423415344324894
358.0 0.000709577170709963
359.0 0.0008253260602941737
360.0 0.0009410748134541791
361.0 0.0012427980436768848
362.0 0.00154452100105118
363.0 0.0011829525647044647
364.0 0.0008213838555093389
365.0 0.0012646866707655136
366.0 0.001707989940769039
367.0 0.0021819119865540415
368.0 0.0026558338504401036
369.0 0.002251124351460021
370.0 0.0018464150343788788
371.0 0.0017388427295372821
372.0 0.0016312702427967452
373.0 0.0020741343178087845
374.0 0.0025169985747197643
375.0 0.003382892464287579
376.0 0.004248786353855394
377.0 0.0042499650589888915
378.0 0.004251143764122389
379.0 0.003777457823161967
380.0 0.0033037711546057835
381.0 0.002232499173260294
382.0 0.001161227010015864
383.0 0.0011705335964506958
384.0 0.001179839910037117
385.0 0.0009054861948243342
386.0 0.0006311324341368163
387.0 0.0006923614364495734
388.0 0.0007535904387623305
389.0 0.0006831347491242923
390.0 0.0006126791959104594
391.0 0.0005256419626675779
392.0 0.0004386048658489017
393.0 0.0005274476279737428
394.0 0.0006162905265227892
395.0 0.0006003801445331192
396.0 0.0005844698080181843
397.0 0.0007714501407463104
398.0 0.0009584303370502312
399.0 0.0012714254808088299
400.0 0.0015844207155168988
401.0 0.001666609023232013
402.0 0.0017487975128460675
403.0 0.001805924330255948
404.0 0.0018630509657668881
405.0 0.0018407070456305519
406.0 0.0018183634892920963
407.0 0.0015448311387444846
408.0 0.0012712989700958133
409.0 0.0010106627087225206
410.0 0.000750025947127142
411.0 0.00038802418202976696
412.0 2.6022433985417592e-05
413.0 0.0007913007721072063
414.0 0.0015565790818072855
415.0 0.0020742676497320645
416.0 0.0025919563995557837
417.0 0.0011914717106265016
418.0 1.629434109341743e-10
419.0 1.629434109341743e-10
420.0 1.629434109341743e-10
421.0 1.629434109341743e-10
422.0 0.0005299276381265372
423.0 0.0008491009793942794
424.0 0.0011682741387630813
425.0 2.4857303060343838e-05
426.0 1.629434109341743e-10
427.0 1.629434109341743e-10
428.0 0.00016493571592945955
429.0 2.5617993060222943e-05
430.0 1.629434109341743e-10
431.0 0.0003799645128310658
432.0 0.000873628869157983
433.0 0.000896876554179471
434.0 0.00092012478489778
435.0 0.0001484207132307347
436.0 1.629434109341743e-10
437.0 1.629434109341743e-10
438.0 0.00010828705399035243
439.0 1.629434109341743e-10
440.0 1.629434109341743e-10
441.0 1.629434109341743e-10
442.0 1.629434109341743e-10
443.0 1.629434109341743e-10
444.0 9.431064995624183e-05
445.0 0.00016291052133965422
446.0 0.00023151021650846815
447.0 0.00042689498513936996
448.0 0.0006222796855581691
449.0 0.0006763018973288126
450.0 0.0007303238817257807
451.0 0.0002878469103961834
452.0 1.629434109341743e-10
453.0 1.629434109341743e-10
454.0 1.629434109341743e-10
455.0 1.629434109341743e-10
456.0 1.629434109341743e-10
457.0 1.629434109341743e-10
458.0 1.4206503351488209e-05
459.0 5.197389327804558e-05
460.0 8.97413258371671e-05
461.0 0.00021344314973248402
462.0 0.0003371450247868779
463.0 0.0004199408067506738
464.0 0.0005027365659771021
465.0 0.0005287679414323065
466.0 0.0005547994078369811
467.0 0.0009981794391933363
468.0 0.0014415592886507511
469.0 0.0016260393749689683
470.0 0.0018105189155903645
471.0 0.0016228636013693176
472.0 0.0014352081961988006
473.0 0.002184823460993357
474.0 0.002934438452939503
475.0 0.0028404205295373686
476.0 0.0027464026061352342
477.0 0.003121851841569878
478.0 0.003497301440802403
479.0 0.003999160981038585
480.0 0.0045010208850726485
481.0 0.004506874392973259
482.0 0.00451272826467175
483.0 0.003986439332948066
484.0 0.0034601500374265015
485.0 0.003702965477714315
486.0 0.003945781281800009
487.0 0.0034568940463941544
488.0 0.0029680062652914785
489.0 0.0025943412765627727
490.0 0.0022206766516319476
491.0 0.0018598788301460445
492.0 0.0014990807358117308
493.0 0.001165260164270876
494.0 0.0008314402293763123
495.0 0.0011025049388990737
496.0 0.0013735700122197159
497.0 0.001836138471844606
498.0 0.0022987071133684367
499.0 0.0023897264327388257
500.0 0.0024807455702102743
501.0 0.002381203739787452
502.0 0.00228166209126357
503.0 0.0024605897124274634
504.0 0.002639516969793476
505.0 0.0031749059417052194
506.0 0.0037102952774148434
507.0 0.0026973602871294133
508.0 0.0016844243873492815
509.0 0.00178414375113789
510.0 0.0018838625692296773
511.0 0.0017910053429659456
512.0 0.0016981481167022139
513.0 0.001781774335540831
514.0 0.0018654011000762694
515.0 0.0016513236914761364
516.0 0.0014372461009770632
517.0 0.001393064212606987
518.0 0.00134888196043903
519.0 0.0014909696801623795
520.0 0.0016330570360878482
521.0 0.0017419886717107147
522.0 0.0018509199435357004
523.0 0.0017485164789832197
524.0 0.0016461128325317986
525.0 0.002106544707203284
526.0 0.0025669771275715902
527.0 0.002366035732848104
528.0 0.002165094883821439
529.0 0.002511017009965144
530.0 0.0028569387723109685
531.0 0.002658543598954566
532.0 0.0024601480618002824
533.0 0.0026358564355177805
534.0 0.002811564445437398
535.0 0.002455139474477619
536.0 0.0020987141397199593
537.0 0.002479221257090103
538.0 0.0028597283744602464
539.0 0.0033551881642779335
540.0 0.0038506477721966803
541.0 0.003911760722985491
542.0 0.003972873673774302
543.0 0.004085308319190517
544.0 0.004197742600808851
545.0 0.004707784319180064
546.0 0.005217825673753396
547.0 0.004369569069240242
548.0 0.003521312464727089
549.0 0.00303237193293171
550.0 0.0025434310373384506
551.0 0.002684173705347348
552.0 0.0028249163733562455
553.0 0.003254641342209652
554.0 0.003684365947265178
555.0 0.003904898403561674
556.0 0.004125431223656051
557.0 0.003826509782811627
558.0 0.0035275883419672027
559.0 0.003347468373249285
560.0 0.003167348768329248
561.0 0.003612859654822387
562.0 0.004058370541315526
563.0 0.003573220601538196
564.0 0.0030880710255587474
565.0 0.0038047965063015
566.0 0.0045215219870442525
567.0 0.004645567605621181
568.0 0.00476961322419811
569.0 0.005397727727540769
570.0 0.006025842230883427
571.0 0.005993783634039573
572.0 0.0059617254009936005
573.0 0.006271791062317789
574.0 0.006581857451237738
575.0 0.006525086791953072
576.0 0.006468316860264167
577.0 0.00593729128013365
578.0 0.005406266063801013
579.0 0.005851516471011564
580.0 0.006296767242019996
581.0 0.006912678509252146
582.0 0.007528588321292773
583.0 0.008507430902682245
584.0 0.009486271301284432
585.0 0.009589079854777083
586.0 0.009691889135865495
587.0 0.009890535875456408
588.0 0.010089179704664275
589.0 0.010503627709113061
590.0 0.010918077896349132
591.0 0.010136171476915479
592.0 0.009354265785077587
593.0 0.007707784970989451
594.0 0.006061305975890718
595.0 0.005870410677744076
596.0 0.005679515379597433
597.0 0.006147871317807585
598.0 0.006616227619815618
599.0 0.007608308078488335
600.0 0.00860038780956529
601.0 0.009071265230886638
602.0 0.009542141197016463
603.0 0.0104125814686995
604.0 0.011283023923169822
605.0 0.011479068780317903
606.0 0.011675115820253268
607.0 0.01010300693451427
608.0 0.008530899503966793
609.0 0.006571874109795317
610.0 0.004612850898411125
611.0 0.0040096245356835425
612.0 0.00340639817295596
613.0 0.0038778205635026097
614.0 0.004349242590251379
615.0 0.004953071766067296
616.0 0.005556902033276856
617.0 0.006770639447495341
618.0 0.007984377589309588
619.0 0.008848419383866712
620.0 0.00971246263361536
621.0 0.010869639663724229
622.0 0.012026818876620382
623.0 0.011995647219009697
624.0 0.011964475561399013
625.0 0.010629966709529981
626.0 0.009295455674873665
627.0 0.007308740896405652
628.0 0.005322024298948236
629.0 0.004397784505272284
630.0 0.0034735447115963325
631.0 0.0028707054298138246
632.0 0.0022678659661323763
633.0 0.002407094325462822
634.0 0.0025463226847932674
635.0 0.0027375228455639444
636.0 0.0029287226425367408
637.0 0.0036533980164676905
638.0 0.0043780735722975805
639.0 0.004520122820395045
640.0 0.004662170977098867
641.0 0.005281430640025064
642.0 0.005900689939153381
643.0 0.005792424417450093
644.0 0.005684158895746805
645.0 0.005332981163519435
646.0 0.0049818034312920645
647.0 0.004021328277303837
648.0 0.00306085312331561
649.0 0.0022412643374991603
650.0 0.001421675733581651
651.0 0.0015717390851932578
652.0 0.0017218028006027453
653.0 0.001607554622751195
654.0 0.0014933062630007043
655.0 0.0015663352314732037
656.0 0.0016393643818446435
657.0 0.0013607495930045843
658.0 0.0010821346222655848
659.0 0.0014962697605369613
660.0 0.0019104048988083377
661.0 0.0018651742720976472
662.0 0.0018199434634880163
663.0 0.0024535842385375872
664.0 0.0030872251954860985
665.0 0.003608379847719334
666.0 0.004129534136154689
667.0 0.004616491787601262
668.0 0.005103447620058432
669.0 0.005256746590021066
670.0 0.005410041922004893
671.0 0.006148486863821745
672.0 0.006886933260830119
673.0 0.007760248990962282
674.0 0.008633564721094444
675.0 0.008250310202129185
676.0 0.007867056410759687
677.0 0.006216054316610098
678.0 0.004565051858662628
679.0 0.003009055581060238
680.0 0.0014530602129525505
681.0 0.0005466990387503756
682.0 1.629434109341743e-10
683.0 4.7921935220074374e-05
684.0 0.0004555060513666831
685.0 0.000225359644900891
686.0 1.629434109341743e-10
687.0 7.778412509651389e-05
688.0 0.0001603551254447666
689.0 0.0002698492380659445
690.0 0.0003793434416365926
691.0 0.0004011098098999355
692.0 0.00042287615542591084
693.0 0.0003898361228493741
694.0 0.0003567960675354698
695.0 0.0004766976871906081
696.0 0.000596599329583114
697.0 0.0006196082267706515
698.0 0.0006426170330087189
699.0 0.0005479812443809351
700.0 0.0004533452283794759
701.0 0.000308509697788395
702.0 0.00016367429225283558
703.0 0.0003828082753898343
704.0 0.0006019422926328843
705.0 0.0004909952167508891
706.0 0.000380047981707321
707.0 2.4928067432483658e-05
708.0 1.629434109341743e-10
709.0 1.629434109341743e-10
710.0 0.00016272632592517766
711.0 0.0004252458438713802
712.0 0.0006877653049741639
713.0 0.00043508748603926506
714.0 0.0001824097239477851
715.0 0.000337619849233306
716.0 0.0004928299858875107
717.0 0.00040540371628594585
718.0 0.00031797746942174854
719.0 0.00044117246034147684
720.0 0.0005643674285238376
721.0 0.00031521317396254744
722.0 6.60589194012573e-05
723.0 0.00013039351642873953
724.0 0.00019472806798148667
725.0 0.0003549018629200873
726.0 0.0005150758170202607
727.0 0.0002458735707477899
728.0 1.629434109341743e-10
729.0 0.0001472511485189898
730.0 0.000317830995300028
731.0 0.0004431371053215116
732.0 0.0005684434199793031
733.0 0.000131056538066332
734.0 1.629434109341743e-10
735.0 1.629434109341743e-10
736.0 1.629434109341743e-10
737.0 0.0002600843572508893
738.0 0.000827105304779252
739.0 0.00044957678255741484
740.0 7.204796474979958e-05
741.0 3.656999467693822e-05
742.0 1.0920111037648894e-06
743.0 1.629434109341743e-10
744.0 1.629434109341743e-10
745.0 0.0002607729356896016
746.0 0.0008038618034333922
747.0 0.0003342527406857698
748.0 1.629434109341743e-10
749.0 1.629434109341743e-10
750.0 1.629434109341743e-10
751.0 1.629434109341743e-10
752.0 0.00012421163546605385
753.0 0.0002636806812006398
754.0 0.0004031496700918069
755.0 1.629434109341743e-10
756.0 1.629434109341743e-10
757.0 1.629434109341743e-10
758.0 1.629434109341743e-10
759.0 0.0002602152790132095
760.0 0.0007257731795107247
761.0 0.00035687280615093186
762.0 1.629434109341743e-10
763.0 1.629434109341743e-10
764.0 1.629434109341743e-10
765.0 6.957710070309986e-05
766.0 0.0004662979335989803
767.0 3.470694309726241e-05
768.0 1.629434109341743e-10
769.0 1.629434109341743e-10
770.0 1.629434109341743e-10
771.0 1.629434109341743e-10
772.0 1.629434109341743e-10
773.0 0.00038658072298858315
774.0 0.0008333369805768598
775.0 0.0004981223355571274
776.0 0.00016290759958792478
777.0 0.00031485963063460076
778.0 0.00046681166168127675
779.0 0.0006192643922986463
780.0 0.0007717170774412807
781.0 0.0007083523541950854
782.0 0.0006449875854741549
783.0 0.00038700000004610047
784.0 0.00012901244872409734
785.0 7.661182621632179e-05
786.0 2.421090812276816e-05
787.0 0.000501582780998433
788.0 0.00097895444923779
789.0 0.00079653518696432
790.0 0.0006141159701655852
791.0 0.00041317766772408504
792.0 0.00021223913790890947
793.0 0.0005017206149204867
794.0 0.0007912017281341832
795.0 0.0008972201612778008
796.0 0.001003238412522478
797.0 0.0004254722625773866
798.0 1.629434109341743e-10
799.0 0.0003999286036560079
800.0 0.0009521510946797207
801.0 0.0004535834705166053
802.0 1.629434109341743e-10
803.0 0.00022840508790977765
804.0 0.0005017942839913303
805.0 0.0008401454579143319
806.0 0.0011784964954131283
807.0 0.0007491061296605039
808.0 0.00031971569569577696
809.0 9.150570576821337e-05
810.0 1.629434109341743e-10
811.0 0.00012295244005144923
812.0 0.0003826091869996162
813.0 0.0006442592621169752
814.0 0.000905909291759599
815.0 0.0009938622497429606
816.0 0.0010818145710800309
817.0 0.0008799634997558314
818.0 0.0006781123829568969
819.0 0.0007745080438326113
820.0 0.0008709037501830608
821.0 0.0007865052793931682
822.0 0.0007021067176538054
823.0 0.00059798489928653
824.0 0.0004938633537676651
825.0 0.000540173505214625
826.0 0.0005864837930857902
827.0 0.0006737526746292133
828.0 0.0007610216471221065
829.0 0.00035962987112725386
830.0 1.629434109341743e-10
831.0 1.3964223910534201e-05
832.0 6.969063974793244e-05
833.0 0.00043120717236888595
834.0 0.00079272367656813
835.0 0.0001329187170995283
836.0 1.629434109341743e-10
837.0 1.629434109341743e-10
838.0 5.870982704436756e-05
839.0 0.00047768294280103873
840.0 0.0008966560926637612
841.0 0.0011327570064167958
842.0 0.00136885773827089
843.0 0.0009510874406259973
844.0 0.0005333169156074291
845.0 0.0004511659426498227
846.0 0.00036901492421748117
847.0 0.000687290867062984
848.0 0.0010055667189590167
849.0 0.000893704236659687
850.0 0.0007818412996130064
851.0 0.0010483561709406786
852.0 0.0013148709513188805
853.0 0.00041951930143113714
854.0 1.629434109341743e-10
855.0 1.629434109341743e-10
856.0 1.629434109341743e-10
857.0 0.0004123171038372675
858.0 0.0014442429346672725
859.0 0.0012897856322524603
860.0 0.0011353279660397675
861.0 0.0012279178918106481
862.0 0.0013205079994804692
863.0 0.0016142146705533378
864.0 0.0019079212506767362
865.0 0.0019514474843163043
866.0 0.001994974081753753
867.0 0.002674960342119448
868.0 0.003354946238687262
869.0 0.003053823093068786
870.0 0.0027526992198545486
871.0 0.0033255142625421286
872.0 0.0038983296690275893
873.0 0.002738487091846764
874.0 0.0015786446965648793
875.0 0.0023621401851414703
876.0 0.0031456351280212402
877.0 0.0018891762010753155
