lsstCam/transmission_filter_detector/r03_s21/y_10/19700101T000000.ecsv
# %ECSV 1.0
# ---
# datatype:
# - {name: wavelength, unit: nm, datatype: float32}
# - {name: efficiency, unit: '%', datatype: float64}
# meta: !!omap
# - {MODE: DETECTOR}
# - {TYPE: transmission_filter_detector}
# - {CALIBDATE: '1970-01-01T00:00:00'}
# - {INSTRUME: LSSTCam}
# - {OBSTYPE: transmission_filter_detector}
# - {CALIBCLS: lsst.ip.isr.IntermediateFilterDetectorTransmissionCurve}
# - {SOURCE: Materion (DM-46256)}
# - {DETECTOR: 25}
# - {FILTER: y_10}
# - {CALIB_ID: 'calibDate=1970-01-01T00:00:00 filter=y_10 detector=25'}
# - {DATE: '2025-04-02T15:59:50.858112'}
# - {CALIB_CREATION_DATE: '2025-04-02'}
# - {CALIB_CREATION_TIME: '15:59:50'}
# - __serialized_columns__:
#     efficiency:
#       __class__: astropy.units.quantity.Quantity
#       unit: !astropy.units.Unit {unit: '%'}
#       value: !astropy.table.SerializedColumn {name: efficiency}
#     wavelength:
#       __class__: astropy.units.quantity.Quantity
#       unit: !astropy.units.Unit {unit: nm}
#       value: !astropy.table.SerializedColumn {name: wavelength}
# schema: astropy-2.0
wavelength efficiency
[from data line 579]
879.0 0.0016289050108753145
880.0 0.05998288397677243
881.0 0.08724297513253987
882.0 0.06896151462569833
883.0 0.0932434864807874
884.0 0.06383591098710895
885.0 0.08525177836418152
886.0 0.07000747136771679
887.0 0.09040956501848996
888.0 0.05855910712853074
889.0 0.09401848074048758
890.0 0.06766312872059643
891.0 0.11414100881665945
892.0 0.055432203225791454
893.0 0.10523789096623659
894.0 0.06842734874226153
895.0 0.108976976480335
896.0 0.07067056139931083
897.0 0.11793512385338545
898.0 0.07636039517819881
899.0 0.126959930639714
900.0 0.09530349634587765
901.0 0.1336354180239141
902.0 0.1334595726802945
903.0 0.15328163281083107
904.0 0.1756714889779687
905.0 0.18566171638667583
906.0 0.24114367552101612
907.0 0.3069905797019601
908.0 0.3980826120823622
909.0 0.5012711510062218
910.0 0.7203171495348215
911.0 0.9855668060481548
912.0 1.4548322185873985
913.0 2.171492949128151
914.0 3.0427785590291023
915.0 4.411539062857628
916.0 6.140545010566711
917.0 8.135701715946198
918.0 10.515671968460083
919.0 12.874951958656311
920.0 16.102156043052673
921.0 19.41288262605667
922.0 22.653113305568695
923.0 26.451051235198975
924.0 30.537408590316772
925.0 35.152119398117065
926.0 40.827444195747375
927.0 47.15088903903961
928.0 52.91401147842407
929.0 59.34681296348572
930.0 65.24149775505066
931.0 71.26500010490417
932.0 77.0119309425354
933.0 82.14501142501831
934.0 86.07140183448792
935.0 89.06280994415283
936.0 91.46719574928284
937.0 93.24358105659485
938.0 94.48536038398743
939.0 95.19205689430237
940.0 95.68085670471191
941.0 95.9723949432373
942.0 96.3528573513031
943.0 96.58033847808838
944.0 96.89564108848572
945.0 96.96598052978516
946.0 97.06156253814697
947.0 97.10990786552429
948.0 97.2030520439148
949.0 97.13635444641113
950.0 97.22744822502136
951.0 97.26392030715942
952.0 97.2427248954773
953.0 97.42787480354309
954.0 97.48983383178711
955.0 97.53575921058655
956.0 97.81442284584045
957.0 98.03374409675598
958.0 98.16473126411438
959.0 98.30955862998962
960.0 98.44697713851929
961.0 98.50494861602783
962.0 98.58062863349915
963.0 98.63259196281433
964.0 98.7092912197113
965.0 98.72784614562988
966.0 98.82656335830688
967.0 98.8610029220581
968.0 98.85271787643433
969.0 98.84638786315918
970.0 98.88046383857727
971.0 98.93947243690491
972.0 98.99781346321106
973.0 99.06495809555054
974.0 99.09751415252686
975.0 99.05917048454285
976.0 99.10885095596313
977.0 99.10289645195007
978.0 99.16642308235168
979.0 99.13269877433777
980.0 99.10601377487183
981.0 99.02690052986145
982.0 98.97754788398743
983.0 99.00644421577454
984.0 98.95080924034119
985.0 98.94732236862183
986.0 98.8404393196106
987.0 98.90550374984741
988.0 98.76441359519958
989.0 98.72121810913086
990.0 98.68636131286621
991.0 98.72687458992004
992.0 98.77800941467285
993.0 98.73499274253845
994.0 98.68704080581665
995.0 98.76555800437927
996.0 98.70096445083618
997.0 98.84552955627441
998.0 98.85486960411072
999.0 98.91778230667114
1000.0 98.9522933959961
1001.0 98.93112778663635
1002.0 99.03015494346619
1003.0 99.06095862388611
1004.0 99.10836815834045
1005.0 99.09163117408752
1006.0 99.23064708709717
1007.0 99.19009208679199
1008.0 99.18343424797058
1009.0 99.10351634025574
1010.0 99.15581941604614
1011.0 99.16644096374512
1012.0 99.09788370132446
1013.0 99.07904267311096
1014.0 99.08013939857483
1015.0 99.039626121521
1016.0 98.9927589893341
1017.0 99.0051805973053
1018.0 99.06898140907288
1019.0 98.97447228431702
1020.0 98.99729490280151
1021.0 99.12787675857544
1022.0 98.9829957485199
1023.0 99.04083609580994
1024.0 99.04305338859558
1025.0 98.98255467414856
1026.0 99.05884861946106
1027.0 99.15852546691895
1028.0 99.08528923988342
1029.0 99.16084408760071
1030.0 99.22141432762146
1031.0 99.21960234642029
1032.0 99.20213222503662
1033.0 99.18069839477539
1034.0 99.19848442077637
1035.0 99.22986626625061
1036.0 99.18107986450195
1037.0 99.15350079536438
1038.0 99.15417432785034
1039.0 99.08279180526733
1040.0 99.0750789642334
1041.0 99.13941025733948
1042.0 99.0933895111084
1043.0 99.0103542804718
1044.0 99.11246299743652
1045.0 98.76757860183716
1046.0 98.96325469017029
1047.0 98.86202812194824
1048.0 98.99407029151917
1049.0 98.88668656349182
1050.0 98.91034364700317
1051.0 98.8781750202179
1052.0 98.85494709014893
1053.0 98.74730110168457
1054.0 98.93980026245117
1055.0 99.05824065208435
1056.0 99.01886582374573
1057.0 99.04117584228516
1058.0 98.76587390899658
1059.0 98.87152314186096
1060.0 98.94635081291199
1061.0 98.93280267715454
1062.0 99.0106463432312
1063.0 98.93191456794739
1064.0 99.1498351097107
1065.0 98.99072647094727
1066.0 98.9763855934143
1067.0 99.04900193214417
1068.0 99.00689125061035
1069.0 98.86313676834106
1070.0 99.17303919792175
1071.0 99.03949499130249
1072.0 99.08623099327087
1073.0 99.0922749042511
1074.0 98.80843162536621
1075.0 98.77732396125793
1076.0 98.39126467704773
1077.0 98.97862076759338
1078.0 99.11801218986511
1079.0 98.62889051437378
1080.0 99.48636293411255
1081.0 98.63337874412537
1082.0 98.75755906105042
1083.0 98.67883920669556
1084.0 99.03614521026611
1085.0 98.96515011787415
1086.0 98.83226156234741
1087.0 99.02723431587219
1088.0 98.76524209976196
1089.0 98.41458201408386
1090.0 98.72111082077026
1091.0 98.78958463668823
1092.0 98.75320196151733
1093.0 98.54714870452881
1094.0 98.54007363319397
1095.0 98.35766553878784
1096.0 98.51846098899841
1097.0 98.52139949798584
1098.0 97.74308800697327
1099.0 98.59683513641357
1100.0 98.30212593078613
