lsstCam/transmission_sensor/r24_s22/19700101T000000.ecsv
# %ECSV 1.0
# ---
# datatype:
# - {name: amp_name, datatype: string}
# - {name: wavelength, unit: nm, datatype: float32}
# - {name: efficiency, unit: '%', datatype: float64}
# meta: !!omap
# - {MODE: AMP}
# - {TYPE: transmission_sensor}
# - {CALIBDATE: '1970-01-01T00:00:00'}
# - {INSTRUME: LSSTCAM}
# - {OBSTYPE: transmission_sensor}
# - {DETECTOR: 116}
# - {PARQUETFILE: qe_raft_allvalues_nircorrected_20230725.parquet}
# - {CALIBCLS: lsst.ip.isr.IntermediateSensorTransmissionCurve}
# - {CALIB_ID: 'raftName=R24 detectorName=S22 detector=116 calibDate=1970-01-01T00:00:00 ccd=116 ccdnum=116 filter=None'}
# - {DATE: '2024-01-18T22:42:25.386539'}
# - {CALIB_CREATION_DATE: '2024-01-18'}
# - {CALIB_CREATION_TIME: '22:42:25'}
# - __serialized_columns__:
#     efficiency:
#       __class__: astropy.units.quantity.Quantity
#       unit: !astropy.units.Unit {unit: '%'}
#       value: !astropy.table.SerializedColumn {name: efficiency}
#     wavelength:
#       __class__: astropy.units.quantity.Quantity
#       unit: !astropy.units.Unit {unit: nm}
#       value: !astropy.table.SerializedColumn {name: wavelength}
# schema: astropy-2.0
amp_name wavelength efficiency
C00 319.994 42.526695251464844
C00 324.969 48.110984802246094
C00 349.982 73.4718017578125
C00 374.975 80.22156524658203
C00 400.019 86.04521942138672
C00 424.965 87.73058319091797
C00 450.035 89.528564453125
C00 475.003 90.7811508178711
C00 500.018 93.12539672851562
C00 525.002 95.21908569335938
C00 550.029 95.99482727050781
C00 575.023 97.91059875488281
C00 599.982 98.67733001708984
C00 619.997 98.81359100341797
C00 624.979 98.87896728515625
C00 650.012 99.72650146484375
C00 675.004 99.53911590576172
C00 700.03 99.71099853515625
C00 725.012 99.141357421875
C00 750.022 99.42361450195312
C00 774.987 98.95068359375
C00 799.976 98.1055908203125
C00 824.988 96.368896484375
C00 850.022 94.24408721923828
C00 869.967 91.1270523071289
C00 875.002 89.72686767578125
C00 899.999 82.7873764038086
C00 919.999 74.3648452758789
C00 925.012 71.98755645751953
C00 949.965 58.47173309326172
C00 975.002 43.2632942199707
C00 999.976 26.329336166381836
C00 1025.028 11.3966646194458
C00 1050.014 4.059437274932861
C00 1075.002 0.9472038828246605
C00 1099.99 0.09398069907553859
C01 319.994 42.72506332397461
C01 324.969 48.332706451416016
C01 349.982 73.73719024658203
C01 374.975 80.39264678955078
C01 400.019 86.0802230834961
C01 424.965 87.71538543701172
C01 450.035 89.4766845703125
C01 475.003 90.7099838256836
C01 500.018 93.03546142578125
C01 525.002 95.11625671386719
C01 550.029 95.87741088867188
C01 575.023 97.77989959716797
C01 599.982 98.53984069824219
C01 619.997 98.66876983642578
C01 624.979 98.73350524902344
C01 650.012 99.57879638671875
C01 675.004 99.38457489013672
C01 700.03 99.56494140625
C01 725.012 99.02765655517578
C01 750.022 99.35855865478516
C01 774.987 98.92694854736328
C01 799.976 98.107421875
C01 824.988 96.36425018310547
C01 850.022 94.26821899414062
C01 869.967 91.18355560302734
C01 875.002 89.79310607910156
C01 899.999 82.74565887451172
C01 919.999 74.33826446533203
C01 925.012 71.97256469726562
C01 949.965 58.51818084716797
C01 975.002 43.336273193359375
C01 999.976 26.32082748413086
C01 1025.028 11.36249828338623
C01 1050.014 4.044858932495117
C01 1075.002 0.9465840978934484
C01 1099.99 0.09391920458404844
C02 319.994 43.00290298461914
C02 324.969 48.64565658569336
C02 349.982 74.18012237548828
C02 374.975 80.76348876953125
C02 400.019 86.33011627197266
C02 424.965 87.90193176269531
C02 450.035 89.63916015625
C02 475.003 90.85924530029297
C02 500.018 93.17835235595703
C02 525.002 95.25146484375
C02 550.029 96.01045227050781
C02 575.023 97.91075134277344
C02 599.982 98.66790008544922
C02 619.997 98.79265594482422
C02 624.979 98.85772705078125
C02 650.012 99.69518280029297
C02 675.004 99.5024185180664
C02 700.03 99.6929702758789
C02 725.012 99.19068145751953
C02 750.022 99.570556640625
C02 774.987 99.19119262695312
C02 799.976 98.38748168945312
C02 824.988 96.6360855102539
C02 850.022 94.5654067993164
C02 869.967 91.4295654296875
C02 875.002 90.02880859375
C02 899.999 83.0065689086914
C02 919.999 74.5589599609375
C02 925.012 72.18688201904297
C02 949.965 58.63414001464844
C02 975.002 43.501380920410156
C02 999.976 26.51362419128418
C02 1025.028 11.434017181396484
C02 1050.014 4.050262928009033
C02 1075.002 0.9486037912058711
C02 1099.99 0.09411959669905291
C03 319.994 43.14228057861328
C03 324.969 48.804771423339844
C03 349.982 74.37001037597656
C03 374.975 80.83210754394531
C03 400.019 86.28089141845703
C03 424.965 87.80818176269531
C03 450.035 89.5273208618164
C03 475.003 90.73408508300781
C03 500.018 93.04682922363281
C03 525.002 95.1112289428711
C03 550.029 95.86296081542969
C03 575.023 97.75580596923828
C03 599.982 98.50749969482422
C03 619.997 98.62686920166016
C03 624.979 98.69099426269531
C03 650.012 99.52558898925781
C03 675.004 99.3309326171875
C03 700.03 99.53103637695312
C03 725.012 99.06826782226562
C03 750.022 99.50080871582031
C03 774.987 99.16986083984375
C03 799.976 98.3853530883789
C03 824.988 96.62425994873047
C03 850.022 94.57672119140625
C03 869.967 91.45542907714844
C03 875.002 90.05738067626953
C03 899.999 82.94458770751953
C03 919.999 74.50115203857422
C03 925.012 72.12334442138672
C03 949.965 58.584869384765625
C03 975.002 43.54927062988281
C03 999.976 26.513769149780273
C03 1025.028 11.423590660095215
C03 1050.014 4.034740447998047
C03 1075.002 0.9479393049929663
C03 1099.99 0.09405366698745943
C04 319.994 43.34330368041992
C04 324.969 49.03508377075195
C04 349.982 74.63560485839844
C04 374.975 80.9240493774414
C04 400.019 86.22425079345703
C04 424.965 87.70126342773438
C04 450.035 89.39388275146484
C04 475.003 90.58916473388672
C04 500.018 92.8879623413086
C04 525.002 94.94126892089844
C04 550.029 95.68079376220703
C04 575.023 97.56300354003906
C04 599.982 98.30091857910156
C04 619.997 98.41777801513672
C04 624.979 98.47535705566406
C04 650.012 99.29899597167969
C04 675.004 99.10214233398438
C04 700.03 99.30938720703125
C04 725.012 98.88114166259766
C04 750.022 99.35896301269531
C04 774.987 99.06977844238281
C04 799.976 98.30127716064453
C04 824.988 96.52760314941406
C04 850.022 94.5125732421875
C04 869.967 91.37920379638672
C04 875.002 89.98899841308594
C04 899.999 82.8254165649414
C04 919.999 74.4006118774414
C04 925.012 72.01910400390625
C04 949.965 58.443328857421875
C04 975.002 43.57347869873047
C04 999.976 26.494468688964844
C04 1025.028 11.414873123168945
C04 1050.014 4.003655910491943
C04 1075.002 0.9465879469521767
C04 1099.99 0.09391958648411941
C05 319.994 43.63915252685547
C05 324.969 49.367706298828125
C05 349.982 75.07134246826172
C05 374.975 81.24927520751953
C05 400.019 86.45191192626953
C05 424.965 87.89698028564453
C05 450.035 89.57349395751953
C05 475.003 90.76069641113281
C05 500.018 93.05528259277344
C05 525.002 95.10865020751953
C05 550.029 95.84380340576172
C05 575.023 97.719482421875
C05 599.982 98.45401763916016
C05 619.997 98.56134796142578
C05 624.979 98.62173461914062
C05 650.012 99.44062805175781
C05 675.004 99.23794555664062
C05 700.03 99.4476547241211
C05 725.012 99.04263305664062
C05 750.022 99.5510482788086
C05 774.987 99.29193878173828
C05 799.976 98.53247833251953
C05 824.988 96.75017547607422
C05 850.022 94.76148986816406
C05 869.967 91.6448745727539
C05 875.002 90.26445007324219
C05 899.999 82.97429656982422
C05 919.999 74.6366958618164
C05 925.012 72.21051025390625
C05 949.965 58.57693862915039
C05 975.002 43.74243927001953
C05 999.976 26.524169921875
C05 1025.028 11.442011833190918
C05 1050.014 3.9881279468536377
C05 1075.002 0.9484179331676196
C05 1099.99 0.09410115603524186
C06 319.994 43.81245803833008
C06 324.969 49.56618118286133
C06 349.982 75.3098373413086
C06 374.975 81.38910675048828
C06 400.019 86.51244354248047
C06 424.965 87.9224624633789
C06 450.035 89.59300994873047
C06 475.003 90.77237701416016
C06 500.018 93.06221771240234
C06 525.002 95.10819244384766
C06 550.029 95.840087890625
C06 575.023 97.71038818359375
C06 599.982 98.43620300292969
C06 619.997 98.54105377197266
C06 624.979 98.59928894042969
C06 650.012 99.4135513305664
C06 675.004 99.20315551757812
C06 700.03 99.41386413574219
C06 725.012 99.00475311279297
C06 750.022 99.5122299194336
C06 774.987 99.24860382080078
C06 799.976 98.48918914794922
C06 824.988 96.71775817871094
C06 850.022 94.7589340209961
C06 869.967 91.65938568115234
C06 875.002 90.26105499267578
C06 899.999 82.9958724975586
C06 919.999 74.71952056884766
C06 925.012 72.32752227783203
C06 949.965 58.620338439941406
C06 975.002 43.73603057861328
C06 999.976 26.488195419311523
C06 1025.028 11.423444747924805
C06 1050.014 3.9989795684814453
C06 1075.002 0.9480481125863263
C06 1099.99 0.09406446277691313
C07 319.994 43.9866828918457
C07 324.969 49.76581954956055
C07 349.982 75.55768585205078
C07 374.975 81.53072357177734
C07 400.019 86.57599639892578
C07 424.965 87.95880889892578
C07 450.035 89.6181411743164
C07 475.003 90.79367065429688
C07 500.018 93.07923889160156
C07 525.002 95.1219482421875
C07 550.029 95.8453598022461
C07 575.023 97.71175384521484
C07 599.982 98.4323959350586
C07 619.997 98.53572082519531
C07 624.979 98.59236145019531
C07 650.012 99.39791107177734
C07 675.004 99.18631744384766
C07 700.03 99.37767028808594
C07 725.012 98.92176055908203
C07 750.022 99.3697738647461
C07 774.987 99.04891967773438
C07 799.976 98.26873779296875
C07 824.988 96.52433776855469
C07 850.022 94.57579803466797
C07 869.967 91.54412841796875
C07 875.002 90.17083740234375
C07 899.999 82.87411499023438
C07 919.999 74.75288391113281
C07 925.012 72.41600799560547
C07 949.965 58.630638122558594
C07 975.002 43.7669563293457
C07 999.976 26.472366333007812
C07 1025.028 11.348018646240234
C07 1050.014 4.019509315490723
C07 1075.002 0.9466909420655444
C07 1099.99 0.09392980556464808
C10 319.994 41.34081268310547
C10 324.969 46.76493835449219
C10 349.982 71.13570404052734
C10 374.975 77.81505584716797
C10 400.019 84.57205200195312
C10 424.965 86.75320434570312
C10 450.035 88.81558227539062
C10 475.003 90.22549438476562
C10 500.018 92.66814422607422
C10 525.002 94.82080841064453
C10 550.029 95.63623809814453
C10 575.023 97.5640869140625
C10 599.982 98.3432846069336
C10 619.997 98.48445129394531
C10 624.979 98.55059814453125
C10 650.012 99.39900970458984
C10 675.004 99.22477722167969
C10 700.03 99.47542572021484
C10 725.012 99.14688873291016
C10 750.022 99.74129486083984
C10 774.987 99.58311462402344
C10 799.976 98.87044525146484
C10 824.988 97.0939712524414
C10 850.022 95.17757415771484
C10 869.967 92.08928680419922
C10 875.002 90.67057800292969
C10 899.999 83.3143310546875
C10 919.999 74.85057830810547
C10 925.012 72.45882415771484
C10 949.965 58.87561798095703
C10 975.002 43.84648895263672
C10 999.976 26.65244483947754
C10 1025.028 11.518122673034668
C10 1050.014 4.077084541320801
C10 1075.002 0.9502304011088089
C10 1099.99 0.09428098743928658
C11 319.994 41.78016662597656
C11 324.969 47.256778717041016
C11 349.982 71.8160629272461
C11 374.975 78.42095184326172
C11 400.019 85.00552368164062
C11 424.965 87.10545349121094
C11 450.035 89.12459564208984
C11 475.003 90.51296997070312
C11 500.018 92.93677520751953
C11 525.002 95.07716369628906
C11 550.029 95.87943267822266
C11 575.023 97.80213165283203
C11 599.982 98.57341003417969
C11 619.997 98.70616912841797
C11 624.979 98.77033233642578
C11 650.012 99.61849212646484
C11 675.004 99.43827056884766
C11 700.03 99.69658660888672
C11 725.012 99.39016723632812
C11 750.022 100.02031707763672
C11 774.987 99.89105987548828
C11 799.976 99.19053649902344
C11 824.988 97.40753173828125
C11 850.022 95.49164581298828
C11 869.967 92.40062713623047
C11 875.002 90.9887924194336
C11 899.999 83.55694580078125
C11 919.999 75.07146453857422
C11 925.012 72.65966796875
C11 949.965 59.02842330932617
C11 975.002 44.03913879394531
C11 999.976 26.688386917114258
C11 1025.028 11.520726203918457
C11 1050.014 4.0630035400390625
C11 1075.002 0.9528886312672351
C11 1099.99 0.09454473459353978
C12 319.994 42.02796936035156
C12 324.969 47.53590393066406
C12 349.982 72.21231842041016
C12 374.975 78.72472381591797
C12 400.019 85.138671875
C12 424.965 87.1629638671875
C12 450.035 89.1478042602539
C12 475.003 90.51283264160156
C12 500.018 92.92890167236328
C12 525.002 95.05904388427734
C12 550.029 95.85259246826172
C12 575.023 97.7693099975586
C12 599.982 98.5323486328125
C12 619.997 98.6645736694336
C12 624.979 98.73062133789062
C12 650.012 99.56962585449219
C12 675.004 99.38814544677734
C12 700.03 99.65496826171875
C12 725.012 99.37557983398438
C12 750.022 100.04615783691406
C12 774.987 99.95364379882812
C12 799.976 99.26251220703125
C12 824.988 97.48039245605469
C12 850.022 95.58236694335938
C12 869.967 92.48959350585938
C12 875.002 91.0752944946289
C12 899.999 83.61518096923828
C12 919.999 75.12268829345703
C12 925.012 72.69744110107422
C12 949.965 59.0438232421875
C12 975.002 44.08658218383789
C12 999.976 26.736719131469727
C12 1025.028 11.531354904174805
C12 1050.014 4.064244270324707
C12 1075.002 0.9531348140195484
C12 1099.99 0.09456916062006085
C13 319.994 42.20561599731445
C13 324.969 47.74203109741211
C13 349.982 72.47592163085938
C13 374.975 78.88571166992188
C13 400.019 85.17575073242188
C13 424.965 87.14901733398438
C13 450.035 89.1119384765625
C13 475.003 90.46519470214844
C13 500.018 92.86714935302734
C13 525.002 94.99256134033203
C13 550.029 95.7787094116211
C13 575.023 97.68927001953125
C13 599.982 98.4478759765625
C13 619.997 98.57536315917969
C13 624.979 98.6332778930664
C13 650.012 99.47018432617188
C13 675.004 99.28768157958984
C13 700.03 99.5592269897461
C13 725.012 99.30821228027344
C13 750.022 100.0126724243164
C13 774.987 99.95353698730469
C13 799.976 99.28165435791016
C13 824.988 97.49382781982422
C13 850.022 95.60730743408203
C13 869.967 92.529541015625
C13 875.002 91.11658477783203
C13 899.999 83.63432312011719
C13 919.999 75.08988952636719
C13 925.012 72.65039825439453
C13 949.965 59.08058547973633
C13 975.002 44.143104553222656
C13 999.976 26.735050201416016
C13 1025.028 11.511566162109375
C13 1050.014 4.044005393981934
C13 1075.002 0.9528157993923998
C13 1099.99 0.09453750828182789
C14 319.994 42.424068450927734
C14 324.969 47.98860168457031
C14 349.982 72.793701171875
C14 374.975 79.0723648071289
C14 400.019 85.21489715576172
C14 424.965 87.12139892578125
C14 450.035 89.04975891113281
C14 475.003 90.3835678100586
C14 500.018 92.77091979980469
C14 525.002 94.88101196289062
C14 550.029 95.65834045410156
C14 575.023 97.55663299560547
C14 599.982 98.30452728271484
C14 619.997 98.42353820800781
C14 624.979 98.48602294921875
C14 650.012 99.31137084960938
C14 675.004 99.125
C14 700.03 99.40176391601562
C14 725.012 99.17314147949219
C14 750.022 99.91142272949219
C14 774.987 99.87699890136719
C14 799.976 99.21857452392578
C14 824.988 97.43683624267578
C14 850.022 95.55347442626953
C14 869.967 92.50652313232422
C14 875.002 91.0780029296875
C14 899.999 83.63773345947266
C14 919.999 74.91287994384766
C14 925.012 72.50179290771484
C14 949.965 59.088890075683594
C14 975.002 44.12782669067383
C14 999.976 26.812681198120117
C14 1025.028 11.492632865905762
C14 1050.014 4.0147857666015625
C14 1075.002 0.9518511977801947
C14 1099.99 0.09444180139602618
C15 319.994 42.733001708984375
C15 324.969 48.338531494140625
C15 349.982 73.27449798583984
C15 374.975 79.45355987548828
C15 400.019 85.47158813476562
C15 424.965 87.32666778564453
C15 450.035 89.2330093383789
C15 475.003 90.55325317382812
C15 500.018 92.93453979492188
C15 525.002 95.03878784179688
C15 550.029 95.81101989746094
C15 575.023 97.70819091796875
C15 599.982 98.4458236694336
C15 619.997 98.56102752685547
C15 624.979 98.62235260009766
C15 650.012 99.44391632080078
C15 675.004 99.24952697753906
C15 700.03 99.5318603515625
C15 725.012 99.31616973876953
C15 750.022 100.07365417480469
C15 774.987 100.05583190917969
C15 799.976 99.40060424804688
C15 824.988 97.62905883789062
C15 850.022 95.76234436035156
C15 869.967 92.69425201416016
C15 875.002 91.3789291381836
C15 899.999 83.72601318359375
C15 919.999 75.18785095214844
C15 925.012 72.60408782958984
C15 949.965 59.18367004394531
C15 975.002 44.4211311340332
C15 999.976 26.646900177001953
C15 1025.028 11.469907760620117
C15 1050.014 4.022663593292236
C15 1075.002 0.953396768363213
C15 1099.99 0.09459515148938674
C16 319.994 42.90481185913086
C16 324.969 48.53462219238281
C16 349.982 73.52277374267578
C16 374.975 79.61640930175781
C16 400.019 85.53157806396484
C16 424.965 87.34542083740234
C16 450.035 89.23333740234375
C16 475.003 90.54338836669922
C16 500.018 92.91524505615234
C16 525.002 95.01359558105469
C16 550.029 95.77574157714844
C16 575.023 97.66240692138672
C16 599.982 98.39679718017578
C16 619.997 98.50660705566406
C16 624.979 98.56756591796875
C16 650.012 99.37737274169922
C16 675.004 99.18079376220703
C16 700.03 99.45648193359375
C16 725.012 99.23178100585938
C16 750.022 99.9753646850586
C16 774.987 99.93961334228516
C16 799.976 99.28146362304688
C16 824.988 97.51834869384766
C16 850.022 95.6639404296875
C16 869.967 92.67115783691406
C16 875.002 91.28084564208984
C16 899.999 83.7933578491211
C16 919.999 75.0436019897461
C16 925.012 72.49808502197266
C16 949.965 59.3460578918457
C16 975.002 44.24592971801758
C16 999.976 26.778032302856445
C16 1025.028 11.449176788330078
C16 1050.014 4.033723831176758
C16 1075.002 0.9524603695314536
C16 1099.99 0.0945022428575515
C17 319.994 42.940765380859375
C17 324.969 48.57698440551758
C17 349.982 73.55227661132812
C17 374.975 79.5453109741211
C17 400.019 85.3504638671875
C17 424.965 87.12309265136719
C17 450.035 88.99109649658203
C17 475.003 90.2867431640625
C17 500.018 92.64686584472656
C17 525.002 94.73423767089844
C17 550.029 95.48628234863281
C17 575.023 97.36148071289062
C17 599.982 98.08863830566406
C17 619.997 98.19400787353516
C17 624.979 98.25112915039062
C17 650.012 99.05919647216797
C17 675.004 98.8508529663086
C17 700.03 99.10893249511719
C17 725.012 98.84832763671875
C17 750.022 99.52954864501953
C17 774.987 99.4344253540039
C17 799.976 98.75848388671875
C17 824.988 97.02032470703125
C17 850.022 95.202392578125
C17 869.967 92.26246643066406
C17 875.002 90.84623718261719
C17 899.999 83.45472717285156
C17 919.999 74.81474304199219
C17 925.012 72.39886474609375
C17 949.965 59.16261672973633
C17 975.002 43.99565124511719
C17 999.976 26.712434768676758
C17 1025.028 11.409420013427734
C17 1050.014 4.077321529388428
C17 1075.002 0.9482131034031973
C17 1099.99 0.09408083301418912
