lsstcam/transmission_sensor/r24_s22/19700101T000000.ecsv
# %ECSV 0.9
# ---
# datatype:
# - {name: amp_name, datatype: string}
# - {name: wavelength, unit: nm, datatype: float32}
# - {name: efficiency, unit: '%', datatype: float32}
# meta: !!omap
# - {MODE: AMP}
# - {TYPE: transmission_sensor}
# - {CALIBDATE: '1970-01-01T00:00:00'}
# - {INSTRUME: LSSTCAM}
# - {OBSTYPE: transmission_sensor}
# - {DETECTOR: 116}
# - {CALIBCLS: lsst.ip.isr.IntermediateSensorTransmissionCurve}
# - {PICKLEFILE: RaftRun11952.p}
# - {CALIB_ID: 'raftName=R24 detectorName=S22 detector=116 calibDate=1970-01-01T00:00:00 ccd=116 ccdnum=116 filter=None'}
# - {DATE: '2020-07-23T19:16:03.798581'}
# - {CALIB_CREATION_DATE: '2020-07-23'}
# - {CALIB_CREATION_TIME: '19:16:03'}
# - __serialized_columns__:
#     efficiency:
#       __class__: astropy.units.quantity.Quantity
#       unit: !astropy.units.Unit {unit: '%'}
#       value: !astropy.table.SerializedColumn {name: efficiency}
#     wavelength:
#       __class__: astropy.units.quantity.Quantity
#       unit: !astropy.units.Unit {unit: nm}
#       value: !astropy.table.SerializedColumn {name: wavelength}
# schema: astropy-2.0
amp_name wavelength efficiency
C16 319.994 46.287563
C16 324.969 51.249687
C16 349.982 65.29975
C16 374.975 68.52178
C16 400.019 80.88242
C16 424.965 85.42064
C16 450.035 89.34016
C16 475.003 93.47241
C16 500.018 95.046646
C16 525.002 97.41929
C16 550.029 99.156456
C16 575.023 98.57097
C16 599.982 99.721695
C16 619.997 98.79793
C16 624.979 99.01124
C16 650.012 98.785736
C16 675.004 97.97778
C16 700.03 97.10292
C16 725.012 96.883545
C16 750.022 97.13177
C16 774.987 97.119316
C16 799.976 96.29756
C16 824.988 94.37832
C16 850.022 92.222534
C16 869.967 89.01936
C16 875.002 88.340546
C16 899.999 80.884865
C16 919.999 72.07253
C16 925.012 69.306114
C16 949.965 57.26201
C16 975.002 42.77172
C16 999.976 25.871515
C16 1025.028 10.992181
C16 1050.014 3.9109297
C16 1075.002 2.187249
C16 1099.99 1.7252748
C12 319.994 44.17001
C12 324.969 48.866154
C12 349.982 62.05412
C12 374.975 65.67121
C12 400.019 79.09217
C12 424.965 84.27321
C12 450.035 88.533844
C12 475.003 92.868225
C12 500.018 94.58026
C12 525.002 97.02743
C12 550.029 98.81104
C12 575.023 98.26426
C12 599.982 99.42898
C12 619.997 98.52193
C12 624.979 98.737076
C12 650.012 98.526985
C12 675.004 97.72038
C12 700.03 96.82281
C12 725.012 96.53207
C12 750.022 96.694786
C12 774.987 96.61658
C12 799.976 95.791405
C12 824.988 93.89418
C12 850.022 91.78194
C12 869.967 88.59598
C12 875.002 87.977135
C12 899.999 80.53587
C12 919.999 71.967255
C12 925.012 69.14032
C12 949.965 57.04767
C12 975.002 42.76233
C12 999.976 25.878504
C12 1025.028 11.045829
C12 1050.014 3.9330237
C12 1075.002 2.1575172
C12 1099.99 1.6928436
C05 319.994 47.43758
C05 324.969 52.549232
C05 349.982 67.11875
C05 374.975 70.0828
C05 400.019 81.77137
C05 424.965 85.92629
C05 450.035 89.64173
C05 475.003 93.66374
C05 500.018 95.159164
C05 525.002 97.481285
C05 550.029 99.18324
C05 575.023 98.5835
C05 599.982 99.72296
C05 619.997 98.788315
C05 624.979 99.001205
C05 650.012 98.77309
C05 675.004 97.94665
C05 700.03 97.00279
C05 725.012 96.602295
C05 750.022 96.6216
C05 774.987 96.38547
C05 799.976 95.48379
C05 824.988 93.594795
C05 850.022 91.37292
C05 869.967 88.1768
C05 875.002 87.50665
C05 899.999 80.37462
C05 919.999 71.76644
C05 925.012 68.957275
C05 949.965 56.648098
C05 975.002 42.453014
C05 999.976 25.833534
C05 1025.028 10.997842
C05 1050.014 3.8336077
C05 1075.002 2.1293464
C05 1099.99 1.6951641
C00 319.994 45.250446
C00 324.969 50.07047
C00 349.982 63.561565
C00 374.975 67.02229
C00 400.019 80.11141
C00 424.965 85.0856
C00 450.035 89.24909
C00 475.003 93.53597
C00 500.018 95.20378
C00 525.002 97.62752
C00 550.029 99.38607
C00 575.023 98.81328
C00 599.982 99.965645
C00 619.997 99.03507
C00 624.979 99.24909
C00 650.012 99.02499
C00 675.004 98.1819
C00 700.03 97.16917
C00 725.012 96.591125
C00 750.022 96.38069
C00 774.987 95.92969
C00 799.976 94.95752
C00 824.988 93.12433
C00 850.022 90.90007
C00 869.967 87.80412
C00 875.002 87.183914
C00 899.999 79.910194
C00 919.999 71.726845
C00 925.012 69.05393
C00 949.965 56.59425
C00 975.002 42.409748
C00 999.976 25.66979
C00 1025.028 11.1499195
C00 1050.014 3.9693673
C00 1075.002 2.138701
C00 1099.99 1.6648933
C06 319.994 47.67178
C06 324.969 52.805534
C06 349.982 67.41281
C06 374.975 70.34562
C06 400.019 81.92288
C06 424.965 86.00847
C06 450.035 89.68816
C06 475.003 93.68119
C06 500.018 95.16141
C06 525.002 97.46968
C06 550.029 99.16017
C06 575.023 98.5555
C06 599.982 99.68352
C06 619.997 98.74399
C06 624.979 98.95686
C06 650.012 98.72352
C06 675.004 97.890945
C06 700.03 96.95069
C06 725.012 96.54981
C06 750.022 96.568306
C06 774.987 96.32876
C06 799.976 95.42081
C06 824.988 93.516624
C06 850.022 91.2748
C06 869.967 88.0632
C06 875.002 87.37556
C06 899.999 80.21382
C06 919.999 71.594284
C06 925.012 68.79809
C06 949.965 56.494465
C06 975.002 42.300735
C06 999.976 25.773212
C06 1025.028 10.98764
C06 1050.014 3.8370647
C06 1075.002 2.1263354
C06 1099.99 1.6940701
C14 319.994 45.372513
C14 324.969 50.232586
C14 349.982 63.98618
C14 374.975 67.36588
C14 400.019 80.13204
C14 424.965 84.91787
C14 450.035 88.96742
C14 475.003 93.183815
C14 500.018 94.818886
C14 525.002 97.22549
C14 550.029 98.98902
C14 575.023 98.42476
C14 599.982 99.58498
C14 619.997 98.67325
C14 624.979 98.88737
C14 650.012 98.67734
C14 675.004 97.87142
C14 700.03 96.99423
C14 725.012 96.75924
C14 750.022 96.99701
C14 774.987 96.9786
C14 799.976 96.16968
C14 824.988 94.25427
C14 850.022 92.12716
C14 869.967 88.94923
C14 875.002 88.269745
C14 899.999 80.725815
C14 919.999 72.14183
C14 925.012 69.385185
C14 949.965 57.153835
C14 975.002 42.673862
C14 999.976 25.812006
C14 1025.028 11.015639
C14 1050.014 3.9114692
C14 1075.002 2.1744778
C14 1099.99 1.7096024
C04 319.994 47.091255
C04 324.969 52.166702
C04 349.982 66.64837
C04 374.975 69.72364
C04 400.019 81.66743
C04 424.965 85.95784
C04 450.035 89.75289
C04 475.003 93.8243
C04 500.018 95.35201
C04 525.002 97.70215
C04 550.029 99.42445
C04 575.023 98.83275
C04 599.982 99.983284
C04 619.997 99.0536
C04 624.979 99.271255
C04 650.012 99.04783
C04 675.004 98.21896
C04 700.03 97.26753
C04 725.012 96.839935
C04 750.022 96.82627
C04 774.987 96.56167
C04 799.976 95.65169
C04 824.988 93.76999
C04 850.022 91.55194
C04 869.967 88.35757
C04 875.002 87.691025
C04 899.999 80.53893
C04 919.999 71.93818
C04 925.012 69.14505
C04 949.965 56.874905
C04 975.002 42.60396
C04 999.976 25.867592
C04 1025.028 10.981332
C04 1050.014 3.8348908
C04 1075.002 2.1381793
C04 1099.99 1.6982622
C13 319.994 44.69309
C13 324.969 49.466362
C13 349.982 62.945835
C13 374.975 66.44187
C13 400.019 79.51293
C13 424.965 84.48047
C13 450.035 88.629684
C13 475.003 92.90012
C13 500.018 94.5723
C13 525.002 96.99705
C13 550.029 98.76908
C13 575.023 98.215744
C13 599.982 99.38009
C13 619.997 98.46901
C13 624.979 98.68774
C13 650.012 98.47606
C13 675.004 97.67365
C13 700.03 96.78821
C13 725.012 96.52817
C13 750.022 96.73019
C13 774.987 96.68647
C13 799.976 95.87101
C13 824.988 93.97001
C13 850.022 91.84464
C13 869.967 88.69167
C13 875.002 88.017944
C13 899.999 80.48673
C13 919.999 71.989784
C13 925.012 69.34468
C13 949.965 57.024242
C13 975.002 42.41868
C13 999.976 25.654041
C13 1025.028 11.007254
C13 1050.014 3.912857
C13 1075.002 2.1621368
C13 1099.99 1.696737
C07 319.994 48.098537
C07 324.969 53.272408
C07 349.982 67.976135
C07 374.975 70.874664
C07 400.019 82.36814
C07 424.965 86.39662
C07 450.035 90.04924
C07 475.003 94.03144
C07 500.018 95.494606
C07 525.002 97.798615
C07 550.029 99.48223
C07 575.023 98.86171
C07 599.982 99.9886
C07 619.997 99.04333
C07 624.979 99.251976
C07 650.012 99.01266
C07 675.004 98.17141
C07 700.03 97.20972
C07 725.012 96.772736
C07 750.022 96.74121
C07 774.987 96.445435
C07 799.976 95.50461
C07 824.988 93.5977
C07 850.022 91.306305
C07 869.967 88.07748
C07 875.002 87.38656
C07 899.999 80.34615
C07 919.999 71.715904
C07 925.012 68.881
C07 949.965 56.400593
C07 975.002 42.177013
C07 999.976 25.801363
C07 1025.028 11.074662
C07 1050.014 3.8715897
C07 1075.002 2.1284904
C07 1099.99 1.69417
C03 319.994 46.560913
C03 324.969 51.577625
C03 349.982 65.88513
C03 374.975 69.038086
C03 400.019 81.17217
C03 424.965 85.57903
C03 450.035 89.435394
C03 475.003 93.536995
C03 500.018 95.09269
C03 525.002 97.45494
C03 550.029 99.18524
C03 575.023 98.60878
C03 599.982 99.76328
C03 619.997 98.83708
C03 624.979 99.053566
C03 650.012 98.839134
C03 675.004 98.0122
C03 700.03 97.05093
C03 725.012 96.58883
C03 750.022 96.53109
C03 774.987 96.221954
C03 799.976 95.29965
C03 824.988 93.436
C03 850.022 91.22427
C03 869.967 88.04667
C03 875.002 87.39148
C03 899.999 80.24961
C03 919.999 71.73562
C03 925.012 68.968315
C03 949.965 56.737247
C03 975.002 42.400223
C03 999.976 25.695131
C03 1025.028 10.908343
C03 1050.014 3.8298562
C03 1075.002 2.1355116
C03 1099.99 1.6922764
C15 319.994 45.82338
C15 324.969 50.734325
C15 349.982 64.6376
C15 374.975 67.91232
C15 400.019 80.40963
C15 424.965 85.04089
C15 450.035 89.00425
C15 475.003 93.170044
C15 500.018 94.76867
C15 525.002 97.15193
C15 550.029 98.89703
C15 575.023 98.323135
C15 599.982 99.47754
C15 619.997 98.56076
C15 624.979 98.77472
C15 650.012 98.55826
C15 675.004 97.75529
C15 700.03 96.88229
C15 725.012 96.667984
C15 750.022 96.92582
C15 774.987 96.92425
C15 799.976 96.116196
C15 824.988 94.19962
C15 850.022 92.0624
C15 869.967 88.866325
C15 875.002 88.18908
C15 899.999 80.67861
C15 919.999 72.00554
C15 925.012 69.24859
C15 949.965 57.12651
C15 975.002 42.65391
C15 999.976 25.80614
C15 1025.028 10.986966
C15 1050.014 3.897701
C15 1075.002 2.1765754
C15 1099.99 1.7140994
C17 319.994 46.6549
C17 324.969 51.663445
C17 349.982 65.820786
C17 374.975 68.974144
C17 400.019 81.165184
C17 424.965 85.600494
C17 450.035 89.46848
C17 475.003 93.57783
C17 500.018 95.13293
C17 525.002 97.48828
C17 550.029 99.21535
C17 575.023 98.62374
C17 599.982 99.76386
C17 619.997 98.83629
C17 624.979 99.047905
C17 650.012 98.82404
C17 675.004 98.00734
C17 700.03 97.12201
C17 725.012 96.8612
C17 750.022 97.067116
C17 774.987 96.99806
C17 799.976 96.15445
C17 824.988 94.24298
C17 850.022 92.07372
C17 869.967 88.904465
C17 875.002 88.22314
C17 899.999 80.88065
C17 919.999 72.10367
C17 925.012 69.31343
C17 949.965 57.24229
C17 975.002 42.764557
C17 999.976 25.9624
C17 1025.028 11.072884
C17 1050.014 3.9452012
C17 1075.002 2.1945767
C17 1099.99 1.7270281
C01 319.994 45.72948
C01 324.969 50.63092
C01 349.982 64.52707
C01 374.975 67.87939
C01 400.019 80.556725
C01 424.965 85.28391
C01 450.035 89.310455
C01 475.003 93.51842
C01 500.018 95.13591
C01 525.002 97.538216
C01 550.029 99.29055
C01 575.023 98.72139
C01 599.982 99.88192
C01 619.997 98.96144
C01 624.979 99.178696
C01 650.012 98.961586
C01 675.004 98.13036
C01 700.03 97.13996
C01 725.012 96.60346
C01 750.022 96.440926
C01 774.987 96.0374
C01 799.976 95.07665
C01 824.988 93.25007
C01 850.022 91.024666
C01 869.967 87.82234
C01 875.002 87.19302
C01 899.999 80.08588
C01 919.999 71.78819
C01 925.012 69.06437
C01 949.965 56.47681
C01 975.002 42.265396
C01 999.976 25.573349
C01 1025.028 10.977688
C01 1050.014 3.8949735
C01 1075.002 2.1476045
C01 1099.99 1.6808938
C10 319.994 42.448563
C10 324.969 46.906467
C10 349.982 59.206547
C10 374.975 63.191906
C10 400.019 77.692856
C10 424.965 83.53352
C10 450.035 88.15648
C10 475.003 92.707375
C10 500.018 94.55694
C10 525.002 97.082954
C10 550.029 98.90971
C10 575.023 98.37295
C10 599.982 99.5451
C10 619.997 98.637215
C10 624.979 98.852905
C10 650.012 98.637474
C10 675.004 97.822586
C10 700.03 96.8989
C10 725.012 96.54933
C10 750.022 96.638756
C10 774.987 96.49251
C10 799.976 95.646034
C10 824.988 93.76625
C10 850.022 91.66795
C10 869.967 88.50288
C10 875.002 87.85955
C10 899.999 80.632645
C10 919.999 72.03752
C10 925.012 69.160934
C10 949.965 56.864193
C10 975.002 42.652462
C10 999.976 25.97878
C10 1025.028 11.191093
C10 1050.014 3.9926317
C10 1075.002 2.150058
C10 1099.99 1.6812772
C02 319.994 46.26613
C02 324.969 51.24273
C02 349.982 65.3996
C02 374.975 68.62914
C02 400.019 80.9926
C02 424.965 85.53631
C02 450.035 89.46408
C02 475.003 93.61635
C02 500.018 95.1985
C02 525.002 97.58109
C02 550.029 99.32316
C02 575.023 98.74696
C02 599.982 99.90722
C02 619.997 98.98543
C02 624.979 99.200584
C02 650.012 98.984535
C02 675.004 98.154526
C02 700.03 97.17853
C02 725.012 96.67795
C02 750.022 96.563194
C02 774.987 96.2054
C02 799.976 95.26462
C02 824.988 93.41632
C02 850.022 91.21083
C02 869.967 87.98977
C02 875.002 87.33
C02 899.999 80.22262
C02 919.999 71.84417
C02 925.012 69.09031
C02 949.965 56.712616
C02 975.002 42.309097
C02 999.976 25.625595
C02 1025.028 10.897928
C02 1050.014 3.8490593
C02 1075.002 2.1444397
C02 1099.99 1.6932466
C11 319.994 43.353447
C11 324.969 47.93889
C11 349.982 60.75174
C11 374.975 64.55025
C11 400.019 78.45791
C11 424.965 83.9337
C11 450.035 88.35507
C11 475.003 92.782486
C11 500.018 94.55336
C11 525.002 97.03757
C11 550.029 98.841034
C11 575.023 98.30039
C11 599.982 99.47274
C11 619.997 98.566246
C11 624.979 98.78074
C11 650.012 98.57141
C11 675.004 97.76395
C11 700.03 96.857056
C11 725.012 96.53925
C11 750.022 96.665375
C11 774.987 96.55232
C11 799.976 95.718376
C11 824.988 93.83194
C11 850.022 91.73232
C11 869.967 88.60726
C11 875.002 87.89284
C11 899.999 80.494934
C11 919.999 72.05839
C11 925.012 69.42083
C11 949.965 56.92717
C11 975.002 42.260952
C11 999.976 25.657242
C11 1025.028 11.070342
C11 1050.014 3.9454837
C11 1075.002 2.14889
C11 1099.99 1.6836964
