lsstCam/transmission_sensor/r24_s22/19700101T000000.ecsv
# %ECSV 1.0
# ---
# datatype:
# - {name: amp_name, datatype: string}
# - {name: wavelength, unit: nm, datatype: float32}
# - {name: efficiency, unit: '%', datatype: float64}
# meta: !!omap
# - {MODE: AMP}
# - {TYPE: transmission_sensor}
# - {CALIBDATE: '1970-01-01T00:00:00'}
# - {INSTRUME: LSSTCam}
# - {OBSTYPE: transmission_sensor}
# - {DETECTOR: 116}
# - {PARQUETFILE: qe_raft_allvalues_nircorrected_20230725_adjust.parquet}
# - {CORRFILE: qe_corr_factor_bydetnum.parquet}
# - {CALIBCLS: lsst.ip.isr.IntermediateSensorTransmissionCurve}
# - {CALIB_ID: 'raftName=R24 detectorName=S22 detector=116 calibDate=1970-01-01T00:00:00 ccd=116 ccdnum=116 filter=None'}
# - {DATE: '2025-03-03T21:56:48.033527'}
# - {CALIB_CREATION_DATE: '2025-03-03'}
# - {CALIB_CREATION_TIME: '21:56:48'}
# - __serialized_columns__:
#     efficiency:
#       __class__: astropy.units.quantity.Quantity
#       unit: !astropy.units.Unit {unit: '%'}
#       value: !astropy.table.SerializedColumn {name: efficiency}
#     wavelength:
#       __class__: astropy.units.quantity.Quantity
#       unit: !astropy.units.Unit {unit: nm}
#       value: !astropy.table.SerializedColumn {name: wavelength}
# schema: astropy-2.0
amp_name wavelength efficiency
C00 319.994 41.86288256911782
C00 324.969 47.3600051720846
C00 349.982 72.32495708734538
C00 374.975 78.96936137573044
C00 400.019 84.70211228434012
C00 424.965 86.36116867592987
C00 450.035 88.13108467801221
C00 475.003 89.36411902467329
C00 500.018 91.67177285693447
C00 525.002 93.73278076627803
C00 550.029 94.49641354696132
C00 575.023 96.38228114625221
C00 599.982 97.13704425685951
C00 619.997 97.27117830220858
C00 624.979 97.33553410481755
C00 650.012 98.16983885452296
C00 675.004 97.98537825610086
C00 700.03 98.15457791498493
C00 725.012 97.59382851062078
C00 750.022 97.87167975035956
C00 774.987 97.40613097079076
C00 799.976 96.5742295186504
C00 824.988 94.86464379575557
C00 850.022 92.77300135276259
C00 869.967 89.70462122781082
C00 875.002 88.32629252273301
C00 899.999 81.49512197232437
C00 919.999 73.2040608057242
C00 925.012 70.8638798429811
C00 949.965 57.559029254964294
C00 975.002 42.587983730559046
C00 999.976 25.918353202347728
C00 1025.028 11.218770464583553
C00 1050.014 3.996072230215453
C00 1075.002 0.932418676815367
C00 1099.99 0.09251372451818611
C01 319.994 42.05815425143018
C01 324.969 47.57826589766759
C01 349.982 72.58620304297067
C01 374.975 79.13777245260098
C01 400.019 84.73656956317895
C01 424.965 86.34620814858746
C01 450.035 88.08001460475501
C01 475.003 89.29406290065222
C01 500.018 91.58324138288212
C01 525.002 93.63155687696027
C01 550.029 94.38082995469243
C01 575.023 96.25362211316849
C01 599.982 97.00170105242302
C01 619.997 97.12861769477207
C01 624.979 97.19234263177022
C01 650.012 98.02443935183774
C01 675.004 97.83324952023351
C01 700.03 98.01080063815611
C01 725.012 97.48190243683369
C01 750.022 97.807639380556
C01 774.987 97.38276641227559
C01 799.976 96.57603199182418
C01 824.988 94.86007002007709
C01 850.022 92.79675644713208
C01 869.967 89.76024254583184
C01 875.002 88.39149698979463
C01 899.999 81.45405562518167
C01 919.999 73.17789490348477
C01 925.012 70.84912209387075
C01 949.965 57.604751991139274
C01 975.002 42.65982355199167
C01 999.976 25.9099773348183
C01 1025.028 11.18513744170648
C01 1050.014 3.9817214457513668
C01 1075.002 0.9318085663038397
C01 1099.99 0.09245318991372938
C02 319.994 42.33165702463721
C02 324.969 47.88633109398192
C02 349.982 73.02222130370897
C02 374.975 79.50282584242645
C02 400.019 84.98256208957109
C02 424.965 86.52984261347159
C02 450.035 88.23995405770876
C02 475.003 89.44099450553516
C02 500.018 91.72390188318128
C02 525.002 93.76465450023443
C02 550.029 94.51179465137761
C02 575.023 96.38243135235003
C02 599.982 97.12776152001452
C02 619.997 97.25057002558833
C02 624.979 97.31462541600168
C02 650.012 98.13900905294638
C02 675.004 97.94925368957628
C02 700.03 98.13683106452805
C02 725.012 97.64238263173958
C02 750.022 98.01632822255571
C02 774.987 97.64288582216726
C02 799.976 96.85172026375442
C02 824.988 95.12766218333509
C02 850.022 93.08930535354209
C02 869.967 90.00241232703459
C02 875.002 88.62352034908996
C02 899.999 81.71089303183608
C02 919.999 73.39514549305996
C02 925.012 71.06009406855725
C02 949.965 57.71890111517403
C02 975.002 42.82235406013274
C02 999.976 26.099764616984178
C02 1025.028 11.255539978540632
C02 1050.014 3.9870410885843075
C02 1075.002 0.9337967335823839
C02 1099.99 0.09265045404461479
C03 319.994 42.468859029534165
C03 324.969 48.04296225763129
C03 349.982 73.20914528213525
C03 374.975 79.57037352461398
C03 400.019 84.93410560241587
C03 424.965 86.43755598697385
C03 450.035 88.12986049831503
C03 475.003 89.31778795380214
C03 500.018 91.59443173716936
C03 525.002 93.62660758603727
C03 550.029 94.36660543722932
C03 575.023 96.22990457032346
C03 599.982 96.96986486999106
C03 619.997 97.08737110031198
C03 624.979 97.15049521291887
C03 650.012 97.97206248552953
C03 675.004 97.78044456654654
C03 700.03 97.97742484322154
C03 725.012 97.52187978976724
C03 750.022 97.94766901524433
C03 774.987 97.62188700969268
C03 799.976 96.8496248886899
C03 824.988 95.1160212107544
C03 850.022 93.10044313569509
C03 869.967 90.02787226061429
C03 875.002 88.65164644090588
C03 899.999 81.6498793149035
C03 919.999 73.33823991290262
C03 925.012 70.99754824942696
C03 949.965 57.67039956618946
C03 975.002 42.869496243932076
C03 999.976 26.099907312777102
C03 1025.028 11.24527620811929
C03 1050.014 3.9717609038899884
C03 1075.002 0.933142619545656
C03 1099.99 0.09258555345081286
C04 319.994 42.66674429794851
C04 324.969 48.269679586521285
C04 349.982 73.47059401599259
C04 374.975 79.66088020885262
C04 400.019 84.87834909890682
C04 424.965 86.33230657423465
C04 450.035 87.99850526577553
C04 475.003 89.17512971240204
C04 500.018 91.43804465842895
C04 525.002 93.45930052398568
C04 550.029 94.1872818873525
C04 575.023 96.04011165542892
C04 599.982 96.76650834446379
C04 619.997 96.88154368447564
C04 624.979 96.93822395548627
C04 650.012 97.7490064302738
C04 675.004 97.55522554348225
C04 700.03 97.75923546553501
C04 725.012 97.33767454171142
C04 750.022 97.8080374267152
C04 774.987 97.52336683013561
C04 799.976 96.76686132879365
C04 824.988 95.02087315809328
C04 850.022 93.03729649217354
C04 869.967 89.95283680445064
C04 875.002 88.58433157816994
C04 899.999 81.53256835250973
C04 919.999 73.23926911505211
C04 925.012 70.89493495370442
C04 949.965 57.53106838985597
C04 975.002 42.893326441350474
C04 999.976 26.08090811897969
C04 1025.028 11.236694745993479
C04 1050.014 3.9411615747947297
C04 1075.002 0.9318123552813888
C04 1099.99 0.09245356585260094
C05 319.994 42.957975145850185
C05 324.969 48.59711010399646
C05 349.982 73.8995300592189
C05 374.975 79.98102948573619
C05 400.019 85.10245659684728
C05 424.965 86.52496842559748
C05 450.035 88.17531286351394
C05 475.003 89.34398389726114
C05 500.018 91.60275315498833
C05 525.002 93.62406910298418
C05 550.029 94.3477470616486
C05 575.023 96.19414800873852
C05 599.982 96.9172176327068
C05 619.997 97.02287260191008
C05 624.979 97.0823166651205
C05 650.012 97.88842773026596
C05 675.004 97.68890897053788
C05 700.03 97.89534472107036
C05 725.012 97.49664516533427
C05 750.022 97.99712437295003
C05 774.987 97.74205939824984
C05 799.976 96.99445360820343
C05 824.988 95.2399712826716
C05 850.022 93.28232769953966
C05 869.967 90.21436064135689
C05 875.002 88.85548362594616
C05 899.999 81.67912444214814
C05 919.999 73.47166798959198
C05 925.012 71.08335348280396
C05 949.965 57.66259260425551
C05 975.002 43.05964965346138
C05 999.976 26.11014573591944
C05 1025.028 11.263409839278044
C05 1050.014 3.9258759920687702
C05 1075.002 0.9336137766612349
C05 1099.99 0.09263230122697745
C06 319.994 43.12857547659638
C06 324.969 48.79248693057728
C06 349.982 74.13430219010425
C06 374.975 80.11867835377414
C06 400.019 85.16204335585061
C06 424.965 86.55005284393263
C06 450.035 88.19452422342452
C06 475.003 89.3554821740489
C06 500.018 91.60958002213404
C06 525.002 93.62361848469074
C06 550.029 94.3440895431668
C06 575.023 96.18519572530873
C06 599.982 96.89968107078685
C06 619.997 97.00289519090065
C06 624.979 97.06022134813186
C06 650.012 97.86177365820863
C06 675.004 97.65466198023599
C06 700.03 97.86208158070916
C06 725.012 97.45935650155162
C06 750.022 97.9589119416658
C06 774.987 97.69940086647028
C06 799.976 96.95184013825322
C06 824.988 95.20805999719073
C06 850.022 93.27981174740125
C06 869.967 90.22864524125913
C06 875.002 88.85214154026977
C06 899.999 81.70036358437922
C06 919.999 73.55319985948613
C06 925.012 71.19853902891363
C06 949.965 57.70531497362663
C06 975.002 43.05334099735313
C06 999.976 26.074732770783257
C06 1025.028 11.245132573538253
C06 1050.014 3.9365582272907456
C06 1075.002 0.9332497287267603
C06 1099.99 0.09259618072536287
C07 319.994 43.30008079908191
C07 324.969 48.98900907865396
C07 349.982 74.37828195478568
C07 374.975 80.25808463315654
C07 400.019 85.2246041955907
C07 424.965 86.58583193643224
C07 450.035 88.21926316773471
C07 475.003 89.37644343499903
C07 500.018 91.62633551234534
C07 525.002 93.63715956440879
C07 550.029 94.34927916384632
C07 575.023 96.18654006988417
C07 599.982 96.89593342864636
C07 619.997 96.997645487782
C07 624.979 97.05340199129105
C07 650.012 97.84637753318256
C07 675.004 97.63808673734206
C07 700.03 97.82645269430736
C07 725.012 97.37765940494987
C07 750.022 97.81867952874542
C07 774.987 97.50283365656426
C07 799.976 96.73482987843454
C07 824.988 95.01765874760004
C07 850.022 93.0995343888033
C07 869.967 90.11518706527433
C07 875.002 88.76333218493646
C07 899.999 81.58050662862749
C07 919.999 73.58604242277345
C07 925.012 71.28564354503673
C07 949.965 57.71545388522917
C07 975.002 43.08378401822785
C07 999.976 26.059150765711138
C07 1025.028 11.170883821811918
C07 1050.014 3.9567675189636855
C07 1075.002 0.9319137427113456
C07 1099.99 0.09246362542025854
C10 319.994 40.69551081811673
C10 324.969 46.03496959051166
C10 349.982 70.02532426070752
C10 374.975 76.60041594525572
C10 400.019 83.25194000267723
C10 424.965 85.39904604728852
C10 450.035 87.42923166536036
C10 475.003 88.81713600917391
C10 500.018 91.22165775391619
C10 525.002 93.34072032006537
C10 550.029 94.14342170679043
C10 575.023 96.0411781187234
C10 599.982 96.80821306752222
C10 619.997 96.94717623891606
C10 624.979 97.012290582319
C10 650.012 97.84745901708683
C10 675.004 97.67594618429642
C10 700.03 97.92268223087275
C10 725.012 97.59927348166659
C10 750.022 98.18440133570616
C10 774.987 98.02869018440592
C10 799.976 97.32714509425458
C10 824.988 95.57840064165929
C10 850.022 93.69191719736736
C10 869.967 90.651835901244
C10 875.002 89.2552721758914
C10 899.999 82.01385122082469
C10 919.999 73.6822118768997
C10 925.012 71.32779137608371
C10 949.965 57.95660977527166
C10 975.002 43.16207519156164
C10 999.976 26.236418369624108
C10 1025.028 11.338332640868325
C10 1050.014 4.013444034821851
C10 1075.002 0.9353979532151298
C10 1099.99 0.09280932558556558
C11 319.994 41.12800674586127
C11 324.969 46.51913266075222
C11 349.982 70.69506320964646
C11 374.975 77.19685431846078
C11 400.019 83.67864548535098
C11 424.965 85.74579682409518
C11 450.035 87.73342154435106
C11 475.003 89.10012429745797
C11 500.018 91.48609558912007
C11 525.002 93.5930740747
C11 550.029 94.38282018548848
C11 575.023 96.27550714162018
C11 599.982 97.03474639394238
C11 619.997 97.1654332093466
C11 624.979 97.22859487347795
C11 650.012 98.06351546818439
C11 675.004 97.88610704605472
C11 700.03 98.14039094904628
C11 725.012 97.83875457371845
C11 750.022 98.45906820617125
C11 774.987 98.3318286207119
C11 799.976 97.64223993594666
C11 824.988 95.88706666236489
C11 850.022 94.00108640850063
C11 869.967 90.95831642322638
C11 875.002 89.56851948258037
C11 899.999 82.25267891635104
C11 919.999 73.89965022409716
C11 925.012 71.52550015233312
C11 949.965 58.10702991677636
C11 975.002 43.35171790035837
C11 999.976 26.27179941596451
C11 1025.028 11.340895532412299
C11 1050.014 3.9995828283578305
C11 1075.002 0.9380146902154038
C11 1099.99 0.09306895582678591
C12 319.994 41.37194144871335
C12 324.969 46.793900920333336
C12 349.982 71.08513342506306
C12 374.975 77.49588461799152
C12 400.019 83.80971532630463
C12 424.965 85.80240950236177
C12 450.035 87.75626789182877
C12 475.003 89.09998911196993
C12 500.018 91.47834495447279
C12 525.002 93.57523710058442
C12 550.029 94.35639893288277
C12 575.023 96.24319780998012
C12 599.982 96.99432593302028
C12 619.997 97.12448702708215
C12 624.979 97.1895037365215
C12 650.012 98.01541196535904
C12 675.004 97.8367643429224
C12 700.03 98.09942223586714
C12 725.012 97.82439487076729
C12 750.022 98.48450560883627
C12 774.987 98.39343565173085
C12 799.976 97.71309215228615
C12 824.988 95.9587900740717
C12 850.022 94.09039144395673
C12 869.967 91.0458940885576
C12 875.002 89.65367131943187
C12 899.999 82.31000507358226
C12 919.999 73.95007441113377
C12 925.012 71.56268367184731
C12 949.965 58.122189467198375
C12 975.002 43.3984207313216
C12 999.976 26.31937719744751
C12 1025.028 11.351358325913246
C12 1050.014 4.000804191690691
C12 1075.002 0.9382570302230082
C12 1099.99 0.09309300057970722
C13 319.994 41.546815142942386
C13 324.969 46.996810582719604
C13 349.982 71.34462196934392
C13 374.975 77.65435956149157
C13 400.019 83.84621540807376
C13 424.965 85.78868066502146
C13 450.035 87.72096194853728
C13 475.003 89.05309476823199
C13 500.018 91.41755654668694
C13 525.002 93.50979230376629
C13 550.029 94.2836691403206
C13 575.023 96.16440720137109
C13 599.982 96.91117183726972
C13 619.997 97.03666903199442
C13 624.979 97.09367975642023
C13 650.012 97.9175226514128
C13 675.004 97.73786864812078
C13 700.03 98.00517541979292
C13 725.012 97.75807887858183
C13 750.022 98.4515428806707
C13 774.987 98.39333050746238
C13 799.976 97.73193550725708
C13 824.988 95.97201572098433
C13 850.022 94.11494263064465
C13 869.967 91.08521804496566
C13 875.002 89.6943170895007
C13 899.999 82.32884842855319
C13 919.999 73.91778761040837
C13 925.012 71.51637513189085
C13 949.965 58.15837787131453
C13 975.002 43.45406082510484
C13 999.976 26.317734318252654
C13 1025.028 11.331878472602822
C13 1050.014 3.980881230391712
C13 1075.002 0.9379429951964166
C13 1099.99 0.09306184231286685
C14 319.994 41.76185770287969
C14 324.969 47.239532371331826
C14 349.982 71.6574411886541
C14 374.975 77.83809917064416
C14 400.019 83.88475078246827
C14 424.965 85.76149336131688
C14 450.035 87.65975296367753
C14 475.003 88.97274201620569
C14 500.018 91.3228290710997
C14 525.002 93.3999841359584
C14 550.029 94.16517906005897
C14 575.023 96.03384055084511
C14 599.982 96.77006071867712
C14 619.997 96.88721396466818
C14 624.979 96.94872336172355
C14 650.012 97.76118814480661
C14 675.004 97.57772641693498
C14 700.03 97.85017023715241
C14 725.012 97.62511644079571
C14 750.022 98.35187362446536
C14 774.987 98.31798712879821
C14 799.976 97.66984030642023
C14 824.988 95.91591374345032
C14 850.022 94.0619499193354
C14 869.967 91.06255945511022
C14 875.002 89.65633747766809
C14 899.999 82.33220553483936
C14 919.999 73.7435410266377
C14 925.012 71.37008941322851
C14 949.965 58.166552838188124
C14 975.002 43.43902143956108
C14 999.976 26.394153548092422
C14 1025.028 11.313240712228275
C14 1050.014 3.95211770144819
C14 1075.002 0.9369934503569
C14 1099.99 0.09296762934621892
C15 319.994 42.06596872366903
C15 324.969 47.58400001545169
C15 349.982 72.13073309256528
C15 374.975 78.21334404420638
C15 400.019 84.13743499051809
C15 424.965 85.96355811440294
C15 450.035 87.84014297684884
C15 475.003 89.13977870728121
C15 500.018 91.48389506978707
C15 525.002 93.55529724109944
C15 550.029 94.31547528153298
C15 575.023 96.18303275750019
C15 599.982 96.9091515652541
C15 619.997 97.02255716910467
C15 624.979 97.08292499981665
C15 650.012 97.89166467167388
C15 675.004 97.70030961336207
C15 700.03 97.97823595614975
C15 725.012 97.7659121265829
C15 750.022 98.5115727476626
C15 774.987 98.49402867543776
C15 799.976 97.849028670809
C15 824.988 96.10513587517316
C15 850.022 94.2675595363299
C15 869.967 91.2473580172524
C15 875.002 89.95256643347457
C15 899.999 82.41910727273041
C15 919.999 74.0142199252058
C15 925.012 71.4707875812039
C15 949.965 58.25985335584611
C15 975.002 43.72774760078168
C15 999.976 26.230960255544744
C15 1025.028 11.290870330323019
C15 1050.014 3.9598725606419616
C15 1075.002 0.9385148956381895
C15 1099.99 0.09311858574930541
C16 319.994 42.23509703465663
C16 324.969 47.77702987175416
C16 349.982 72.37513343432059
C16 374.975 78.37365150209979
C16 400.019 84.19648851787419
C16 424.965 85.98201844382444
C16 450.035 87.84046591995914
C16 475.003 89.13006788305745
C16 500.018 91.46490150871833
C16 525.002 93.53049821435013
C16 550.029 94.28074763171809
C16 575.023 96.1379634178507
C16 599.982 96.86089034602604
C16 619.997 96.96898616431884
C16 624.979 97.02899350039606
C16 650.012 97.82615979241663
C16 675.004 97.63264927660116
C16 700.03 97.90403414382898
C16 725.012 97.68284064418614
C16 750.022 98.41481748975485
C16 774.987 98.37962420103673
C16 799.976 97.7317477496348
C16 824.988 95.99615384090326
C16 850.022 94.1706916238488
C16 869.967 91.22462432434806
C16 875.002 89.85601395379888
C16 899.999 82.4854007340012
C16 919.999 73.87222259063608
C16 925.012 71.3664394050516
C16 949.965 58.41970644029362
C16 975.002 43.555280959270135
C16 999.976 26.360045498431006
C16 1025.028 11.270462954358583
C16 1050.014 3.9707601557632937
C16 1075.002 0.9375931133529682
C16 1099.99 0.09302712735778974
C17 319.994 42.27048934645436
C17 324.969 47.81873083966014
C17 349.982 72.40417578333317
C17 374.975 78.30366297082274
C17 400.019 84.01820139007229
C17 424.965 85.76316064900263
C17 450.035 87.60200622937244
C17 475.003 88.87742873683698
C17 500.018 91.20071151357585
C17 525.002 93.25550089046985
C17 550.029 93.99580666416243
C17 575.023 95.84173446204422
C17 599.982 96.55754162118312
C17 619.997 96.66126644202949
C17 624.979 96.71749609474665
C17 650.012 97.51295003725212
C17 675.004 97.30785863129509
C17 700.03 97.56190971483502
C17 725.012 97.30537272037624
C17 750.022 97.97596033376784
C17 774.987 97.88232185238978
C17 799.976 97.21693136998259
C17 824.988 95.50590366854873
C17 850.022 93.71634821917702
C17 869.967 90.82231231195951
C17 875.002 89.42818943569641
C17 899.999 82.15205585142456
C17 919.999 73.64693597482778
C17 925.012 71.26876788994718
C17 949.965 58.23912866950005
C17 975.002 43.30890916248101
C17 999.976 26.295471896980203
C17 1025.028 11.231326755572804
C17 1050.014 4.01367732366752
C17 1075.002 0.9334121441496097
C17 1099.99 0.09261229543440999
