lsstCam/transmission_filter_detector/r42_s10/r_57/19700101T000000.ecsv
# %ECSV 1.0
# ---
# datatype:
# - {name: wavelength, unit: nm, datatype: float32}
# - {name: efficiency, unit: '%', datatype: float64}
# meta: !!omap
# - {MODE: DETECTOR}
# - {TYPE: transmission_filter_detector}
# - {CALIBDATE: '1970-01-01T00:00:00'}
# - {INSTRUME: LSSTCam}
# - {OBSTYPE: transmission_filter_detector}
# - {CALIBCLS: lsst.ip.isr.IntermediateFilterDetectorTransmissionCurve}
# - {SOURCE: Materion (DM-46256)}
# - {DETECTOR: 174}
# - {FILTER: r_57}
# - {CALIB_ID: 'calibDate=1970-01-01T00:00:00 filter=r_57 detector=174'}
# - {DATE: '2025-04-02T15:59:44.989415'}
# - {CALIB_CREATION_DATE: '2025-04-02'}
# - {CALIB_CREATION_TIME: '15:59:44'}
# - __serialized_columns__:
#     efficiency:
#       __class__: astropy.units.quantity.Quantity
#       unit: !astropy.units.Unit {unit: '%'}
#       value: !astropy.table.SerializedColumn {name: efficiency}
#     wavelength:
#       __class__: astropy.units.quantity.Quantity
#       unit: !astropy.units.Unit {unit: nm}
#       value: !astropy.table.SerializedColumn {name: wavelength}
# schema: astropy-2.0
wavelength efficiency
300.0 0.0020620975192287005
301.0 0.005263604543870315
302.0 0.00846511175041087
303.0 0.011031990288756788
304.0 0.013598869554698467
305.0 0.012690287258010358
306.0 0.011781704961322248
307.0 0.010789309453684837
308.0 0.009796913946047425
309.0 0.00869084324222058
310.0 0.007584772538393736
311.0 0.006916659913258627
312.0 0.006248547288123518
313.0 0.006096495417295955
314.0 0.005944443546468392
315.0 0.005414486440713517
316.0 0.004884528243565001
317.0 0.004532238017418422
318.0 0.004179948882665485
319.0 0.003891607411787845
320.0 0.0036032670323038474
321.0 0.003468042632448487
322.0 0.0033328182325931266
323.0 0.003106156873400323
324.0 0.0028794955142075196
325.0 0.0027818230591947213
326.0 0.0026841515136766247
327.0 0.002803236202453263
328.0 0.002922322164522484
329.0 0.0028547381589305587
330.0 0.002787155426631216
331.0 0.0026539009922998957
332.0 0.002520646376069635
333.0 0.002319611121492926
334.0 0.0021185756850172766
335.0 0.0019084240193478763
336.0 0.0016982725355774164
337.0 0.0015416144378832541
338.0 0.0013849562492396217
339.0 0.0012942333341925405
340.0 0.0012035103281959891
341.0 0.0011911493857041933
342.0 0.001178788261313457
343.0 0.0011063835700042546
344.0 0.001033978787745582
345.0 0.0010011959602707066
346.0 0.000968413041846361
347.0 0.0009235901416104753
348.0 0.0008787672413745895
349.0 0.0008929850991989952
350.0 0.005919471004744992
351.0 0.00583984365221113
352.0 0.005760218118666671
353.0 0.005192068056203425
354.0 0.004623918357538059
355.0 0.004945157706970349
356.0 0.0052663970564026386
357.0 0.0052181923820171505
358.0 0.005169988799025305
359.0 0.003823618681053631
360.0 0.002477248381183017
361.0 0.0031031151593197137
362.0 0.0037289824831532314
363.0 0.003025045953108929
364.0 0.0023211092411656864
365.0 0.0026573106879368424
366.0 0.0029935121347079985
367.0 0.0034450094972271472
368.0 0.0038965070416452363
369.0 0.0037299367249943316
370.0 0.0035633678635349497
371.0 0.0032792810088722035
372.0 0.002995193972310517
373.0 0.0035191391361877322
374.0 0.004043084118166007
375.0 0.003060539165744558
376.0 0.002077994395222049
377.0 0.0019431528926361352
378.0 0.0018083113900502212
379.0 0.0022245543732424267
380.0 0.0026407975383335724
381.0 0.0035727633076021448
382.0 0.004504729076870717
383.0 0.004653895302908495
384.0 0.004803062620339915
385.0 0.0050776536227203906
386.0 0.005352244625100866
387.0 0.00445191290054936
388.0 0.0035515811759978533
389.0 0.002639659942360595
390.0 0.0017277387087233365
391.0 0.0013514512829715386
392.0 0.0009751637662702706
393.0 0.0010136140190297738
394.0 0.0010520643627387471
395.0 0.0014266985999711324
396.0 0.001801333019102458
397.0 0.0015734911357867531
398.0 0.0013456491615215782
399.0 0.001117679312301334
400.0 0.0008897098268789705
401.0 0.0008561532922612969
402.0 0.0008225968485930935
403.0 0.0010594982995826285
404.0 0.0012963998415216338
405.0 0.0013573368960351218
406.0 0.0014182738595991395
407.0 0.0014266290236264467
408.0 0.0014349844605021644
409.0 0.0015659616110497154
410.0 0.0016969386706477962
411.0 0.0016624284398858435
412.0 0.0016279182091238908
413.0 0.0015296553101507016
414.0 0.0014313925930764526
415.0 0.0014891096725477837
416.0 0.0015468271158169955
417.0 0.001801325379346963
418.0 0.0020558236428769305
419.0 0.0027677555408445187
420.0 0.003479687438812107
421.0 0.005332903310772963
422.0 0.007186117727542296
423.0 0.010308820492355153
424.0 0.013431522529572248
425.0 0.018009199993684888
426.0 0.022586877457797527
427.0 0.022489776893053204
428.0 0.02239267632830888
429.0 0.017747769015841186
430.0 0.013102863158565015
431.0 0.009224807581631467
432.0 0.005346750185708515
433.0 0.004422109486768022
434.0 0.0034974691516254097
435.0 0.00290396528725978
436.0 0.0023104612409952097
437.0 0.0018448890841682442
438.0 0.0013793164725939278
439.0 0.0012264392353245057
440.0 0.0010735620890045539
441.0 0.0012355614671832882
442.0 0.0013975610272609629
443.0 0.0015379837350337766
444.0 0.0016784060790087096
445.0 0.001204326963488711
446.0 0.0007302475296455668
447.0 0.0010131102499144617
448.0 0.0012959727428096812
449.0 0.0014069454664422665
450.0 0.0015179180991253816
451.0 0.0015826912203920074
452.0 0.0016474643416586332
453.0 0.0016631913240416907
454.0 0.0016789184883236885
455.0 0.0014307256606116425
456.0 0.001182533105748007
457.0 0.001214792973769363
458.0 0.0012470530236896593
459.0 0.001390098077536095
460.0 0.0015331430404330604
461.0 0.0021762372853117995
462.0 0.002819331712089479
463.0 0.0037742531276308
464.0 0.004729174543172121
465.0 0.005654674168908969
466.0 0.006580173067050055
467.0 0.00713322006049566
468.0 0.007686268509132788
469.0 0.006615398160647601
470.0 0.005544528903556056
471.0 0.004026204987894744
472.0 0.0025078808903344907
473.0 0.0018751223251456395
474.0 0.0012423639418557286
475.0 0.0011115827874164097
476.0 0.0009808019058255013
477.0 0.0010171011126658414
478.0 0.0010534002285567112
479.0 0.0009278608558815904
480.0 0.0008023213922569994
481.0 0.0007528299192927079
482.0 0.0007033383553789463
483.0 0.0006412500169972191
484.0 0.0005791615876660217
485.0 0.0006954104264877969
486.0 0.0008116589924611617
487.0 0.0008244873242801987
488.0 0.0008373155651497655
489.0 0.0009020502147905063
490.0 0.0009667848644312471
491.0 0.0008976205208455212
492.0 0.0008284561772597954
493.0 0.0008801244803180452
494.0 0.0009317926014773548
495.0 0.0010015318366640713
496.0 0.001071271162800258
497.0 0.0011360206372046378
498.0 0.001200770384457428
499.0 0.0012860789865953848
500.0 0.0013713876796828117
501.0 0.0016793124814284965
502.0 0.001987237192224711
503.0 0.002348973612242844
504.0 0.0027107098503620364
505.0 0.0032261938031297177
506.0 0.0037416779377963394
507.0 0.0045976605179021135
508.0 0.005453643098007888
509.0 0.005707652235287242
510.0 0.005961660644970834
511.0 0.005387185956351459
512.0 0.004812710903934203
513.0 0.004075781907886267
514.0 0.003338853275636211
515.0 0.003165134330629371
516.0 0.002991415385622531
517.0 0.003023434510396328
518.0 0.003055453998968005
519.0 0.05623978213407099
520.0 0.09123951895162463
521.0 0.10625602444633842
522.0 0.10684092994779348
523.0 0.05582994199357927
524.0 0.07587577565573156
525.0 0.10402804473415017
526.0 0.04499916103668511
527.0 0.10538538917899132
528.0 0.14349848497658968
529.0 0.10389037197455764
530.0 0.15306370332837105
531.0 0.22555994801223278
532.0 0.19270634511485696
533.0 0.2600087784230709
534.0 0.46862256713211536
535.0 0.5308355204761028
536.0 0.7638951763510704
537.0 1.1511126533150673
538.0 1.8423493951559067
539.0 2.862589620053768
540.0 4.479657486081123
541.0 6.552845984697342
542.0 9.185142815113068
543.0 12.571956217288971
544.0 16.593575477600098
545.0 21.158680319786072
546.0 26.940304040908813
547.0 33.45358669757843
548.0 41.66561961174011
549.0 49.87035691738129
550.0 56.78165555000305
551.0 63.699549436569214
552.0 68.70898008346558
553.0 73.2401430606842
554.0 77.15753316879272
555.0 80.96079230308533
556.0 84.57817435264587
557.0 87.37128973007202
558.0 90.3227686882019
559.0 93.126380443573
560.0 93.8441514968872
561.0 94.99999284744263
562.0 95.71999311447144
563.0 95.34715414047241
564.0 95.86718082427979
565.0 95.32763957977295
566.0 96.03210091590881
567.0 95.344477891922
568.0 96.00971341133118
569.0 96.68809771537781
570.0 96.35605216026306
571.0 97.1207320690155
572.0 96.77393436431885
573.0 96.75682187080383
574.0 97.25189208984375
575.0 96.94280624389648
576.0 97.38379716873169
577.0 97.12806344032288
578.0 97.18195796012878
579.0 96.90513014793396
580.0 96.6473400592804
581.0 96.72852158546448
582.0 96.87759280204773
583.0 96.78589701652527
584.0 96.30264043807983
585.0 96.26843929290771
586.0 96.52462005615234
587.0 96.06703519821167
588.0 96.7077374458313
589.0 97.26139307022095
590.0 96.53575420379639
591.0 95.86787223815918
592.0 95.89755535125732
593.0 95.93338370323181
594.0 96.19734287261963
595.0 96.4867353439331
596.0 97.0834493637085
597.0 97.27489948272705
598.0 96.73936367034912
599.0 96.57538533210754
600.0 96.71331644058228
601.0 95.95142602920532
602.0 96.78588509559631
603.0 96.02314233779907
604.0 96.55170440673828
605.0 96.8352198600769
606.0 96.64101004600525
607.0 96.15446925163269
608.0 96.6737449169159
609.0 95.8078920841217
610.0 96.01026773452759
611.0 95.82101702690125
612.0 95.97262144088745
613.0 97.0243513584137
614.0 96.64422273635864
615.0 96.22693657875061
616.0 96.54448628425598
617.0 96.46998047828674
618.0 96.21675610542297
619.0 96.90342545509338
620.0 96.20579481124878
621.0 95.9784746170044
622.0 96.81493043899536
623.0 96.78431749343872
624.0 96.8359112739563
625.0 96.96536064147949
626.0 96.30048274993896
627.0 95.4258143901825
628.0 97.31533527374268
629.0 95.60658931732178
630.0 96.5755045413971
631.0 96.20315432548523
632.0 96.77125215530396
633.0 96.49719595909119
634.0 95.88180184364319
635.0 96.24421000480652
636.0 96.0935652256012
637.0 95.73290944099426
638.0 95.47362923622131
639.0 95.37995457649231
640.0 95.65969109535217
641.0 95.66245675086975
642.0 96.17582559585571
643.0 96.32568359375
644.0 96.09902501106262
645.0 96.58554196357727
646.0 96.26800417900085
647.0 97.2694993019104
648.0 96.66528701782227
649.0 95.79460024833679
650.0 96.36144042015076
651.0 96.96747660636902
652.0 97.00443148612976
653.0 95.98272442817688
654.0 96.6606080532074
655.0 96.8126893043518
656.0 95.91772556304932
657.0 95.83467841148376
658.0 96.49960994720459
659.0 96.28553986549377
660.0 95.44230103492737
661.0 95.6104576587677
662.0 95.87717056274414
663.0 95.71231007575989
664.0 95.5058753490448
665.0 95.48681378364563
666.0 95.33689618110657
667.0 95.70174813270569
668.0 94.8643147945404
669.0 95.7984209060669
670.0 95.56841850280762
671.0 95.67980766296387
672.0 95.3383207321167
673.0 95.53462862968445
674.0 94.82811689376831
675.0 95.74338793754578
676.0 95.09913325309753
677.0 94.14222836494446
678.0 92.86933541297913
679.0 92.68001914024353
680.0 91.67055487632751
681.0 90.16644954681396
682.0 88.13949823379517
683.0 85.43994426727295
684.0 82.12968111038208
685.0 78.58409881591797
686.0 74.58904981613159
687.0 70.16479969024658
688.0 65.59264659881592
689.0 61.2382173538208
690.0 56.081998348236084
691.0 51.92748308181763
692.0 47.42245376110077
693.0 43.061891198158264
694.0 38.139182329177856
695.0 32.75749385356903
696.0 27.48425602912903
697.0 22.14885503053665
698.0 16.30299985408783
699.0 11.81156411767006
700.0 8.212719857692719
701.0 5.159838497638702
702.0 3.2278280705213547
703.0 1.8364496529102325
704.0 1.0776076465845108
705.0 0.6387401837855577
706.0 0.42204568162560463
707.0 0.29652814846485853
708.0 0.20048879086971283
709.0 0.17796450993046165
710.0 0.08195915725082159
711.0 0.09909854270517826
712.0 0.04414347931742668
713.0 0.04343203909229487
714.0 0.03208617854397744
715.0 0.03496426215860993
716.0 0.07028471445664763
717.0 0.04898030310869217
718.0 0.04268049378879368
719.0 0.02442190598230809
720.0 1.63794802374162e-10
721.0 0.00400264143536333
722.0 0.003951855978812091
723.0 0.003901070522260852
724.0 0.0035972239857073873
725.0 0.003293377812951803
726.0 0.003061751340283081
727.0 0.0028301248676143587
728.0 0.0027656522433971986
729.0 0.002701179255382158
730.0 0.002544214112276677
731.0 0.0023872489691711962
732.0 0.0023199108909466304
733.0 0.002252572994621005
734.0 0.0021166046280995943
735.0 0.0019806366253760643
736.0 0.0018810176698025316
737.0 0.0017813988961279392
738.0 0.0015598523532389663
739.0 0.001338306083198404
740.0 0.001443145447410643
741.0 0.0015479849025723524
742.0 0.0014727463167218957
743.0 0.0013975076399219688
744.0 0.0013674194633495063
745.0 0.0013373317415243946
746.0 0.0012929684999107849
747.0 0.0012486054401961155
748.0 0.001193323350889841
749.0 0.0011380412615835667
750.0 0.0010971402844006661
751.0 0.0010562391253188252
752.0 0.0010433179340907373
753.0 0.001030396560963709
754.0 0.0010841274161066394
755.0 0.0011378583621990401
756.0 0.0010697406651161145
757.0 0.0010016231499321293
758.0 0.0010416841178084724
759.0 0.0010817451766342856
760.0 0.0011759119843191002
761.0 0.0012700787920039147
762.0 0.0012550513019959908
763.0 0.0012400236300891265
764.0 0.0011033967894036323
765.0 0.0009667700396676082
766.0 0.0008353986231668387
767.0 0.0007040271157165989
768.0 0.000798678956925869
769.0 0.0008933309800340794
770.0 0.0007964312317199074
771.0 0.0006995315743552055
772.0 0.0007161012035794556
773.0 0.0007326706509047654
774.0 0.0006863226190034766
775.0 0.000639974678051658
776.0 0.0006744015536241932
777.0 0.0007088285656209337
778.0 0.0007137139164115069
779.0 0.00071859917625261
780.0 0.000669329529046081
781.0 0.0006200597908900818
782.0 0.0006537030003528344
783.0 0.0006873463462397922
784.0 0.000685955046719755
785.0 0.0006845637471997179
786.0 0.0006474369456554996
787.0 0.0006103101441112813
788.0 0.0006230307917576283
789.0 0.000635751757727121
790.0 0.0005509505626832834
791.0 0.0004661490493163001
792.0 0.0005666306606144644
793.0 0.0006671123173873639
794.0 0.0007395694865408586
795.0 0.0008120266102196183
796.0 0.0007699282832618337
797.0 0.0007278301382029895
798.0 0.0007066553280310472
799.0 0.0006854804269096348
800.0 0.0006744035545125371
801.0 0.000663326500216499
802.0 0.0006401382961485069
803.0 0.0006169500466057798
804.0 0.0006170124834170565
805.0 0.0006170746928546578
806.0 0.0006086969278840115
807.0 0.0006003192083881004
808.0 0.000710535459802486
809.0 0.0008207517566916067
810.0 0.0006984643732721452
811.0 0.0005761769443779485
812.0 0.0006506173576781293
813.0 0.0007250578164530452
814.0 0.0007782207831041887
815.0 0.0008313836588058621
816.0 0.0007310336513910443
817.0 0.0006306835530267563
818.0 0.0004194065240881173
819.0 0.0002081295860989485
820.0 0.0003882331384374993
821.0 0.0005683367362507852
822.0 0.0005490968760568649
823.0 0.0005298569703882094
824.0 0.0005057707767264219
825.0 0.00048168467401410453
826.0 0.00047848079702816904
827.0 0.00047527696551696863
828.0 0.00047048970372998156
829.0 0.0004657024419429945
830.0 0.0002593811132101109
831.0 5.3059790161569254e-05
832.0 3.985104228831915e-05
833.0 2.664230009941093e-05
834.0 4.2933624655461244e-06
835.0 1.63794802374162e-10
836.0 0.00030599346700910246
837.0 0.0006300422683125362
838.0 0.0015688861822127365
839.0 0.0025077300961129367
840.0 0.003339139584568329
841.0 0.004170548709225841
842.0 0.004668299152399413
843.0 0.005166047048987821
844.0 0.004577880827127956
845.0 0.00398971424147021
846.0 0.003654381725937128
847.0 0.0033190495742019266
848.0 0.003208918496966362
849.0 0.0030987870559329167
850.0 0.003064404154429212
851.0 0.0030300212529255077
852.0 0.0027048556148656644
853.0 0.0023796897949068807
854.0 0.002005884380196221
855.0 0.0016320787835866213
856.0 0.0013072664842184167
857.0 0.0009824539120018017
858.0 0.0007143947641452542
859.0 0.00044633570723817684
860.0 0.00033135579542431515
861.0 0.00021637588361045346
862.0 0.00019126634924759855
863.0 0.00016615682625342743
864.0 0.00017222516817128053
865.0 0.00017829351008913363
866.0 0.00018689898979573627
867.0 0.00019550445813365513
868.0 9.949952755050617e-05
869.0 3.4945948357290035e-06
870.0 0.00010248348871755297
871.0 0.0002014723577303812
872.0 0.0001856727294580196
873.0 0.00016987310118565802
874.0 0.00017702390096019371
875.0 0.00018417472347209696
876.0 0.0001267503535018477
877.0 6.932599490028224e-05
878.0 1.3389887953962898e-05
879.0 1.63794802374162e-10
880.0 3.636350527358445e-05
881.0 0.00011527326932991855
882.0 8.486348974656721e-05
883.0 5.445374426926719e-05
884.0 7.639594628017221e-05
885.0 9.833821650317986e-05
886.0 0.00019705657905433327
887.0 0.0002957749302368029
888.0 0.0002541298727010144
889.0 0.00021248483790259343
890.0 0.00022042763703211676
891.0 0.0002283704361616401
892.0 0.0002258192807857995
893.0 0.00022326812540995888
894.0 0.00012402852007653564
895.0 2.4788917585283343e-05
896.0 1.63794802374162e-10
897.0 1.63794802374162e-10
898.0 3.310167073777848e-05
899.0 9.818985517995316e-05
900.0 7.509888746426441e-05
901.0 5.200788564252434e-05
