lsstCam/transmission_filter_detector/r42_s10/r_57/19700101T000000.ecsv
# %ECSV 1.0
# ---
# datatype:
# - {name: wavelength, unit: nm, datatype: float32}
# - {name: efficiency, unit: '%', datatype: float64}
# meta: !!omap
# - {MODE: DETECTOR}
# - {TYPE: transmission_filter_detector}
# - {CALIBDATE: '1970-01-01T00:00:00'}
# - {INSTRUME: LSSTCam}
# - {OBSTYPE: transmission_filter_detector}
# - {CALIBCLS: lsst.ip.isr.IntermediateFilterDetectorTransmissionCurve}
# - {SOURCE: Materion (DM-46256)}
# - {DETECTOR: 174}
# - {FILTER: r_57}
# - {CALIB_ID: 'calibDate=1970-01-01T00:00:00 filter=r_57 detector=174'}
# - {DATE: '2025-04-02T15:59:44.989415'}
# - {CALIB_CREATION_DATE: '2025-04-02'}
# - {CALIB_CREATION_TIME: '15:59:44'}
# - __serialized_columns__:
#     efficiency:
#       __class__: astropy.units.quantity.Quantity
#       unit: !astropy.units.Unit {unit: '%'}
#       value: !astropy.table.SerializedColumn {name: efficiency}
#     wavelength:
#       __class__: astropy.units.quantity.Quantity
#       unit: !astropy.units.Unit {unit: nm}
#       value: !astropy.table.SerializedColumn {name: wavelength}
# schema: astropy-2.0
wavelength efficiency
[from data line 603]
903.0 0.00010024753009929555
904.0 0.0001942205244631623
905.0 0.0002881934960896615
906.0 0.0001746627276588697
907.0 6.11319592280779e-05
908.0 0.000112085911041504
909.0 0.00016303985148624633
910.0 0.00012871951184934005
911.0 9.439916652809188e-05
912.0 0.00014359485476234113
913.0 0.00019279054868093226
914.0 0.00014780322317164973
915.0 0.00010281586355631589
916.0 0.00013608349718197132
917.0 0.00016935113080762676
918.0 7.885245167926769e-05
919.0 1.63794802374162e-10
920.0 5.449454079098359e-05
921.0 0.00012063528629369102
922.0 0.0001448181365049095
923.0 0.00016900099808481173
924.0 0.00022614819954469567
925.0 0.00028329543511063093
926.0 0.0002688354697966133
927.0 0.0002543755499573308
928.0 0.00022672750219498994
929.0 0.00019907943169528153
930.0 0.00013545377441914752
931.0 7.182806598393654e-05
932.0 0.00010351160426580464
933.0 0.00013519513686333084
934.0 0.00014471819440586842
935.0 0.00015424126331708976
936.0 0.00011240957746849745
937.0 7.057788025122136e-05
938.0 4.967425297763839e-05
939.0 2.8770656967935793e-05
940.0 0.0001355438257633068
941.0 0.0002423169917165069
942.0 0.0003058628180951928
943.0 0.0003694086217365111
944.0 0.00026292107122571906
945.0 0.00015643348660887568
946.0 0.0003809239160545985
947.0 0.0006054144250811078
948.0 0.0005813056304759812
949.0 0.0005571970177697949
950.0 0.0005779415005235933
951.0 0.0005986858923279215
952.0 0.0005794274329673499
953.0 0.0005601691100309836
954.0 0.0008104370863293298
955.0 0.0010607051990518812
956.0 0.0009335781214758754
957.0 0.0008064514076977503
958.0 0.0011256330253672786
959.0 0.0014448143701883964
960.0 0.0015689645806560293
961.0 0.0016931146092247218
962.0 0.0018538899894338101
963.0 0.0020146653696428984
964.0 0.0020764462533406913
965.0 0.002138227137038484
966.0 0.002223577212134842
967.0 0.0023089278329280205
968.0 0.002245611358375754
969.0 0.002182294883823488
970.0 0.002292480530741159
971.0 0.0024026659957598895
972.0 0.002463931195961777
973.0 0.0025251963961636648
974.0 0.0027229294573771767
975.0 0.0029206630642875098
976.0 0.0030301061997306533
977.0 0.0031395491532748565
978.0 0.0031798921554582193
979.0 0.003220235157641582
980.0 0.003271138484706171
981.0 0.0033220418117707595
982.0 0.0032797273888718337
983.0 0.0032374133297707886
984.0 0.0031622777896700427
985.0 0.0030871426133671775
986.0 0.0030215638616937213
987.0 0.0029559852919192053
988.0 0.002928877802332863
989.0 0.0029017701308475807
990.0 0.0028297359676798806
991.0 0.002757702168310061
992.0 0.0026889309083344415
993.0 0.0026201600121567026
994.0 0.002685483377717901
995.0 0.00275080692517804
996.0 0.0028338448828435503
997.0 0.0029168826586101204
998.0 0.0029226024707895704
999.0 0.002928322646766901
1000.0 0.0029707172870985232
1001.0 0.0030131119274301454
1002.0 0.0032182968425331637
1003.0 0.0034234821214340627
1004.0 0.003745587673620321
1005.0 0.00406769358960446
1006.0 0.004138506483286619
1007.0 0.004209319740766659
1008.0 0.004216986053506844
1009.0 0.004224652366247028
1010.0 0.004203978824079968
1011.0 0.004183305281912908
1012.0 0.00416916846006643
1013.0 0.004155031638219953
1014.0 0.004149812230025418
1015.0 0.004144593185628764
1016.0 0.0036665664083557203
1017.0 0.003188539994880557
1018.0 0.0029017175620538183
1019.0 0.002614894947328139
1020.0 0.0023603992303833365
1021.0 0.0021059031496406533
1022.0 0.0018878410628531128
1023.0 0.001669778794166632
1024.0 0.0014863076103210915
1025.0 0.0013028363355260808
1026.0 0.001179757782665547
1027.0 0.0010566795936028939
1028.0 0.0009622490324545652
1029.0 0.0008678185622557066
1030.0 0.0008687704394105822
1031.0 0.0008697223165654577
1032.0 0.0006008159289194737
1033.0 0.0003319094503240194
1034.0 0.0005005580533179455
1035.0 0.0006692067017866066
1036.0 0.0006935285910003586
1037.0 0.0007178504347393755
1038.0 0.0009355846486869268
1039.0 0.0011533188626344781
1040.0 0.0009512629731034394
1041.0 0.0007492070835724007
1042.0 0.0007222432486742036
1043.0 0.0006952793228265364
1044.0 0.0007892441317380872
1045.0 0.0008832087587506976
1046.0 0.0007473121058865217
1047.0 0.0006114153620728757
1048.0 0.0008126371540129185
1049.0 0.001013859309750842
1050.0 0.001164488639915362
1051.0 0.0013151180610293522
1052.0 0.0014447216017288156
1053.0 0.0015743249605293386
1054.0 0.001310362040385371
1055.0 0.001046399302140344
1056.0 0.001048561534844339
1057.0 0.0010507239494472742
1058.0 0.001066442837327486
1059.0 0.0010821616342582274
1060.0 0.0011419023394410033
1061.0 0.0012016427717753686
1062.0 0.0009056285307451617
1063.0 0.0006096143351896899
1064.0 0.000891255240276223
1065.0 0.0011728960998880211
1066.0 0.0014316813576442655
1067.0 0.0016904663425520994
1068.0 0.001660403358982876
1069.0 0.0016303403754136525
1070.0 0.0017722530174069107
1071.0 0.0019141654775012285
1072.0 0.0022457474187831394
1073.0 0.0025773295419639908
1074.0 0.002547858821344562
1075.0 0.0025183882826240733
1076.0 0.00267039067693986
1077.0 0.0028223930712556466
1078.0 0.003152940917061642
1079.0 0.0034834891266655177
1080.0 0.003314705827506259
1081.0 0.003145922892144881
1082.0 0.0038354526623152196
1083.0 0.004524982432485558
1084.0 0.0036147335777059197
1085.0 0.0027044847229262814
1086.0 0.00313489290419966
1087.0 0.0035653010854730383
1088.0 0.003642464434960857
1089.0 0.003719627420650795
1090.0 0.0038319354644045234
1091.0 0.003944243144360371
1092.0 0.003714788908837363
1093.0 0.0034853346733143553
1094.0 0.003060481685679406
1095.0 0.002635628879943397
1096.0 0.002518261317163706
1097.0 0.0024008937543840148
1098.0 0.0027543057512957603
1099.0 0.003107717930106446
1100.0 0.0022139549400890246
1101.0 0.0013201911315263715
