lsstCam/transmission_filter_detector/r04_sg0/g_6/19700101T000000.ecsv
# %ECSV 1.0
# ---
# datatype:
# - {name: wavelength, unit: nm, datatype: float32}
# - {name: efficiency, unit: '%', datatype: float64}
# meta: !!omap
# - {MODE: DETECTOR}
# - {TYPE: transmission_filter_detector}
# - {CALIBDATE: '1970-01-01T00:00:00'}
# - {INSTRUME: LSSTCam}
# - {OBSTYPE: transmission_filter_detector}
# - {CALIBCLS: lsst.ip.isr.IntermediateFilterDetectorTransmissionCurve}
# - {SOURCE: Materion (DM-46256)}
# - {DETECTOR: 193}
# - {FILTER: g_6}
# - {CALIB_ID: 'calibDate=1970-01-01T00:00:00 filter=g_6 detector=193'}
# - {DATE: '2025-04-02T15:59:42.922181'}
# - {CALIB_CREATION_DATE: '2025-04-02'}
# - {CALIB_CREATION_TIME: '15:59:42'}
# - __serialized_columns__:
#     efficiency:
#       __class__: astropy.units.quantity.Quantity
#       unit: !astropy.units.Unit {unit: '%'}
#       value: !astropy.table.SerializedColumn {name: efficiency}
#     wavelength:
#       __class__: astropy.units.quantity.Quantity
#       unit: !astropy.units.Unit {unit: nm}
#       value: !astropy.table.SerializedColumn {name: wavelength}
# schema: astropy-2.0
wavelength efficiency
300.0 0.5208732560276985
301.0 0.38000380154699087
302.0 0.2391343005001545
303.0 0.21788408048450947
304.0 0.19663383718580008
305.0 0.20155140664428473
306.0 0.206468952819705
307.0 0.21584900096058846
308.0 0.22522900253534317
309.0 0.22185330744832754
310.0 0.21847763564437628
311.0 0.20961349364370108
312.0 0.20074935164302588
313.0 0.19926647655665874
314.0 0.19778357818722725
315.0 0.1892787986434996
316.0 0.1807740656659007
317.0 0.1806488144211471
318.0 0.18052360974252224
319.0 0.16367739299312234
320.0 0.1468311413191259
321.0 0.14108929317444563
322.0 0.13534741010516882
323.0 0.1152820885181427
324.0 0.09521680185571313
325.0 0.08639139123260975
326.0 0.07756597478874028
327.0 0.07079773931764066
328.0 0.06402949802577496
329.0 0.06128948298282921
330.0 0.05854946211911738
331.0 0.05463588167913258
332.0 0.05072230123914778
333.0 0.047589154564775527
334.0 0.04445600789040327
335.0 0.042870178003795445
336.0 0.041284345206804574
337.0 0.041893855086527765
338.0 0.042503364966250956
339.0 0.04121011006645858
340.0 0.03991685516666621
341.0 0.03814894589595497
342.0 0.03638103371486068
343.0 0.03258243086747825
344.0 0.028783828020095825
345.0 0.02567402843851596
346.0 0.022564228856936097
347.0 0.021137470321264118
348.0 0.01971070742001757
349.0 0.01808047672966495
350.0 0.7032068446278572
351.0 0.9187065996229649
352.0 0.6430630572140217
353.0 0.9356706403195858
354.0 0.7717699278146029
355.0 0.6188089028000832
356.0 0.641145370900631
357.0 0.736838998273015
358.0 0.6627151742577553
359.0 0.6564767099916935
360.0 0.37042289040982723
361.0 0.8579134941101074
362.0 0.473287096247077
363.0 0.8313934318721294
364.0 0.5014419555664062
365.0 0.8019315078854561
366.0 0.5123245064169168
367.0 0.6616436876356602
368.0 0.5562169943004847
369.0 0.5495994817465544
370.0 0.3535256255418062
371.0 0.6500349845737219
372.0 0.3906408790498972
373.0 0.5208894144743681
374.0 0.364658166654408
375.0 0.6027695257216692
376.0 0.3830673871561885
377.0 0.47863004729151726
378.0 0.37055276334285736
379.0 0.48387423157691956
380.0 0.33716345205903053
381.0 0.4868198186159134
382.0 0.5602325778454542
383.0 0.5061433650553226
384.0 0.586080364882946
385.0 0.5565944593399763
386.0 0.6763450335711241
387.0 0.7385078351944685
388.0 0.9640874341130257
389.0 1.2493751011788845
390.0 1.8333880230784416
391.0 2.8789738193154335
392.0 4.59468886256218
393.0 7.277402281761169
394.0 10.930140316486359
395.0 15.819357335567474
396.0 21.789175271987915
397.0 29.24058437347412
398.0 37.83894181251526
399.0 47.193801403045654
400.0 56.558769941329956
401.0 65.4366672039032
402.0 73.471599817276
403.0 80.21994233131409
404.0 85.13006567955017
405.0 88.7185275554657
406.0 90.67662358283997
407.0 92.4137532711029
408.0 93.26860904693604
409.0 93.70598196983337
410.0 93.81910562515259
411.0 93.68346333503723
412.0 93.40814352035522
413.0 93.20231080055237
414.0 93.03814172744751
415.0 93.2218849658966
416.0 93.62736344337463
417.0 93.88875961303711
418.0 94.46918964385986
419.0 94.9883222579956
420.0 95.53728103637695
421.0 96.0875391960144
422.0 96.13151550292969
423.0 96.36942744255066
424.0 96.1754560470581
425.0 96.02553248405457
426.0 96.0385799407959
427.0 96.08136415481567
428.0 95.87894678115845
429.0 95.72449326515198
430.0 95.6166923046112
431.0 95.70207595825195
432.0 95.70369720458984
433.0 95.7955539226532
434.0 95.89070081710815
435.0 96.02123498916626
436.0 96.05205059051514
437.0 96.05551958084106
438.0 96.0805892944336
439.0 96.2337851524353
440.0 96.19295597076416
441.0 96.3000237941742
442.0 96.28486037254333
443.0 96.27529382705688
444.0 96.20757699012756
445.0 95.9044337272644
446.0 95.75475454330444
447.0 95.61333060264587
448.0 95.63678503036499
449.0 95.79838514328003
450.0 96.02145552635193
451.0 96.24533653259277
452.0 96.44672274589539
453.0 96.53908610343933
454.0 96.63041234016418
455.0 96.90752029418945
456.0 97.00976610183716
457.0 97.16682434082031
458.0 97.13038206100464
459.0 97.1953809261322
460.0 97.17980027198792
461.0 97.26589918136597
462.0 97.19735980033875
463.0 97.11278676986694
464.0 97.25844860076904
465.0 97.13773727416992
466.0 97.09734916687012
467.0 97.16007113456726
468.0 97.17273116111755
469.0 97.22570776939392
470.0 97.00969457626343
471.0 96.92148566246033
472.0 96.9797134399414
473.0 96.89677953720093
474.0 96.75145149230957
475.0 96.88858985900879
476.0 96.86890244483948
477.0 96.95231318473816
478.0 97.05846905708313
479.0 97.0224380493164
480.0 97.20687866210938
481.0 97.26181626319885
482.0 97.46152758598328
483.0 97.36000895500183
484.0 97.52309322357178
485.0 97.57431745529175
486.0 97.56972193717957
487.0 97.63160943984985
488.0 97.61925339698792
489.0 97.72098660469055
490.0 97.68515229225159
491.0 97.74785041809082
492.0 97.67659306526184
493.0 97.72443175315857
494.0 97.64648079872131
495.0 97.72289991378784
496.0 97.52225279808044
497.0 97.47512936592102
498.0 97.24330306053162
499.0 97.28345274925232
500.0 97.22174406051636
501.0 97.19808101654053
502.0 97.13717103004456
503.0 97.29828834533691
504.0 97.10171222686768
505.0 97.13782668113708
506.0 97.15763926506042
507.0 97.09824919700623
508.0 97.05631136894226
509.0 97.09546566009521
510.0 96.99673056602478
511.0 97.03904986381531
512.0 96.93894982337952
513.0 97.01608419418335
514.0 97.03267812728882
515.0 97.0780611038208
516.0 97.15985059738159
517.0 97.16172218322754
518.0 97.2141444683075
519.0 97.20287322998047
520.0 97.26235270500183
521.0 97.36184477806091
522.0 97.31858968734741
523.0 97.33039736747742
524.0 97.36663699150085
525.0 97.27671146392822
526.0 97.39977717399597
527.0 97.37009406089783
528.0 97.45302200317383
529.0 97.53907322883606
530.0 97.54531383514404
531.0 97.65626788139343
532.0 97.53527641296387
533.0 97.55065441131592
534.0 97.53571152687073
535.0 97.28795289993286
536.0 96.91008925437927
537.0 96.22061848640442
538.0 95.32173871994019
539.0 93.80548000335693
540.0 91.92089438438416
541.0 89.1658365726471
542.0 86.24563217163086
543.0 82.50019550323486
544.0 77.84112095832825
545.0 73.80040287971497
546.0 68.89893412590027
547.0 64.5037055015564
548.0 60.09826064109802
549.0 56.165724992752075
550.0 53.11475992202759
551.0 50.08901357650757
552.0 47.69265353679657
553.0 45.04367411136627
554.0 41.978442668914795
555.0 38.547730445861816
556.0 34.132421016693115
557.0 29.127275943756104
558.0 23.796945810317993
559.0 18.58729124069214
560.0 13.679267466068268
561.0 9.156528115272522
562.0 5.827696993947029
563.0 3.3720605075359344
564.0 1.8306979909539223
565.0 0.8860153146088123
566.0 0.4834831226617098
567.0 0.24064299650490284
568.0 0.15709504950791597
569.0 0.08243634947575629
570.0 0.07871396373957396
571.0 0.04490212013479322
572.0 0.061508704675361514
573.0 0.035622582072392106
574.0 0.037132378201931715
575.0 0.02594495308585465
576.0 0.03798014658968896
577.0 0.019618839723989367
578.0 0.018458104750607163
579.0 0.0224015093408525
580.0 0.021823681890964508
581.0 0.01942313101608306
582.0 0.016771175432950258
583.0 0.017864990513771772
584.0 0.019270399934612215
585.0 0.01227344764629379
586.0 0.02333856391487643
587.0 0.01924819516716525
588.0 0.012108163355151191
589.0 0.010537082562223077
590.0 0.021222641225904226
591.0 0.008472747140331194
592.0 0.024906560429371893
593.0 0.004334767800173722
594.0 0.011486015864647925
595.0 0.010173331975238398
596.0 0.01777899597072974
597.0 0.007535670010838658
598.0 0.007447960524586961
599.0 0.0026413157684146427
600.0 0.011088712199125439
601.0 0.002340890387131367
602.0 0.002447229235258419
603.0 0.002553567901486531
604.0 0.002277076964674052
605.0 0.002000586209760513
606.0 0.0019919223632314242
607.0 0.0019832581529044546
608.0 0.0018442880900693126
609.0 0.0017053180272341706
610.0 0.00179181297426112
611.0 0.0018783075574901886
612.0 0.001806506043067202
613.0 0.001734704892442096
614.0 0.0017883059626910836
615.0 0.0018419072148390114
616.0 0.0019277635146863759
617.0 0.0020136198145337403
618.0 0.0018522681784816086
619.0 0.0016909163605305366
620.0 0.0016286505342577584
621.0 0.0015663848898839206
622.0 0.0014478107914328575
623.0 0.0013292366020323243
624.0 0.0013743868294113781
625.0 0.0014195371477399021
626.0 0.0013077173207420856
627.0 0.0011958978575421497
628.0 0.0013685163139598444
629.0 0.0015411351341754198
630.0 0.0014143316548143048
631.0 0.0012875279935542494
632.0 0.0014246157661546022
633.0 0.0015617031749570742
634.0 0.0014792767615290359
635.0 0.0013968498933536466
636.0 0.0013910754205426201
637.0 0.0013853013115294743
638.0 0.001256110226677265
639.0 0.0011269191418250557
640.0 0.0010975339137075935
641.0 0.0010681485036911909
642.0 0.0013213340025686193
643.0 0.0015745197742944583
644.0 0.0014221906894817948
645.0 0.0012698615137196612
646.0 0.0012619897461263463
647.0 0.0012541181604319718
648.0 0.0010979691069223918
649.0 0.0009418197805644013
650.0 0.0012008992598566692
651.0 0.0014599782844015863
652.0 0.0011966220881731715
653.0 0.0009332658919447567
654.0 0.0010784041478473227
655.0 0.0012235425856488291
656.0 0.0012072323443135247
657.0 0.0011909221939276904
658.0 0.0010864615433092695
659.0 0.0009820012564887293
660.0 0.0009261963896278758
661.0 0.0008703916137164924
662.0 0.0009823846085055266
663.0 0.001094377785193501
664.0 0.0011261127838224638
665.0 0.001157847509603016
666.0 0.0011082257515226956
667.0 0.0010586035386950243
668.0 0.0011053782145609148
669.0 0.001152152799477335
670.0 0.0011496515071485192
671.0 0.001147150123870233
672.0 0.0011782693036366254
673.0 0.0012093883924535476
674.0 0.0011757798347389325
675.0 0.0011421711860748474
676.0 0.0010543601092649624
677.0 0.0009665486686571967
678.0 0.00104514556369395
679.0 0.0011237425496801734
680.0 0.001041982523020124
681.0 0.0009602224054106046
682.0 0.0009946162208507303
683.0 0.001029010036290856
684.0 0.0009154133294941857
685.0 0.0008018165317480452
686.0 0.0009881970981950872
687.0 0.001174577664642129
688.0 0.0011649179214145988
689.0 0.0011552582691365387
690.0 0.0010129228940058965
691.0 0.0008705875188752543
692.0 0.000893792457645759
693.0 0.000916997578315204
694.0 0.0010014272447733674
695.0 0.0010858568202820607
696.0 0.0011419615475460887
697.0 0.0011980660019617062
698.0 0.0012729410627798643
699.0 0.0013478161235980224
700.0 0.0011382411685190164
701.0 0.0009286661224905401
702.0 0.001081506889022421
703.0 0.0012343474736553617
704.0 0.0011880086276505608
705.0 0.0011416694178478792
706.0 0.0011052392437704839
707.0 0.0010688092515920289
708.0 0.0010597270375001244
709.0 0.0010506450962566305
710.0 0.0011140941751364153
711.0 0.0011775436178140808
712.0 0.0011433624422352295
713.0 0.0011091813576058485
714.0 0.0011611422451096587
715.0 0.0012131034054618794
716.0 0.0014228564396034926
717.0 0.0016326097465935163
718.0 0.0018808743334375322
719.0 0.0021291385564836673
720.0 0.00170602052094182
721.0 0.0012829023944505025
722.0 0.0014747819477634039
723.0 0.0016666619558236562
724.0 0.0015874169548624195
725.0 0.0015081718629517127
726.0 0.001663017610553652
727.0 0.0018178632672061212
728.0 0.001917094959935639
729.0 0.0020163264707662165
730.0 0.0019734439774765633
731.0 0.0019305611203890294
732.0 0.0018167187590734102
733.0 0.0017028767615556717
734.0 0.001511009850219125
735.0 0.0013191432117309887
736.0 0.0011796722901635803
737.0 0.0010402011866972316
738.0 0.0010690766430343501
739.0 0.0010979520993714686
740.0 0.0009785696420294698
741.0 0.0008591869118390605
742.0 0.0008601790796092246
743.0 0.0008611713383288588
744.0 0.0009313340342487209
745.0 0.0010014967301685829
746.0 0.000996585458779009
747.0 0.0009916742783389054
748.0 0.0011442204595368821
749.0 0.0012967669135832693
750.0 0.0011069061656598933
751.0 0.000917045781534398
752.0 0.0007912703949841671
753.0 0.0006654951448581414
754.0 0.0008415105185122229
755.0 0.0010175259376410395
756.0 0.0009292425602325238
757.0 0.0008409591828240082
758.0 0.0008338513907801826
759.0 0.0008267440534837078
760.0 0.000671747784508625
761.0 0.0005167514700588072
762.0 0.000583094833928044
763.0 0.0006494380613730755
764.0 0.0007949654900585301
765.0 0.0009404931915923953
766.0 0.0007995919077075087
767.0 0.000658690623822622
768.0 0.0005244818112259964
769.0 0.0003902729531546356
770.0 0.0003823538008873584
771.0 0.00037443460314534605
772.0 0.0005747436262026895
773.0 0.0007750527402095031
774.0 0.0008555193744541612
775.0 0.0009359860086988192
776.0 0.0008682876796228811
777.0 0.0008005891686480027
778.0 0.0007869958608353045
779.0 0.0007734024620731361
780.0 0.000690143588144565
781.0 0.0006068847142159939
782.0 0.0005853538823430426
783.0 0.000563822868571151
784.0 0.0007013445156189846
785.0 0.000838866071717348
786.0 0.0007327873845497379
787.0 0.0006267090157052735
788.0 0.00041134398998110555
789.0 0.00019597907794377534
790.0 0.00014835603678875486
791.0 0.00010073296152768307
792.0 0.00022668102701572934
793.0 0.00035262908113509184
794.0 0.0003019828682226944
795.0 0.00025133667804766446
796.0 0.0003888719220412895
797.0 0.0005264071205601795
798.0 0.0004985386567568639
799.0 0.0004706702384282835
800.0 0.00052849013627565
801.0 0.000586310261496692
802.0 0.0004347541107563302
803.0 0.00028319807370280614
804.0 0.00025108213321800577
805.0 0.00021896626094530802
806.0 0.00028658525934588397
807.0 0.0003542042577464599
808.0 0.0004168538453086512
809.0 0.0004795034783455776
810.0 0.00034442437026882544
811.0 0.0002093452167173382
812.0 0.00020147360828559613
813.0 0.00019360195437911898
814.0 0.0003306671942482353
815.0 0.00046773243411735166
816.0 0.0005516288638318656
817.0 0.0006355251116474392
818.0 0.00040756817725196015
819.0 0.00017961119738174602
820.0 0.0004035990059492178
821.0 0.0006275867235672195
822.0 0.0005280765435600188
823.0 0.0004285663635528181
824.0 0.00045870365283917636
825.0 0.0004888408966507996
826.0 0.0005920790499658324
827.0 0.000695317112331395
828.0 0.0005764076377090532
829.0 0.00045749811761197634
830.0 0.00040689606066734996
831.0 0.00035629398098535603
832.0 0.000516751379109337
833.0 0.0006772086635464802
834.0 0.0005304891601554118
835.0 0.00038376970223907847
836.0 0.00044812245505454484
837.0 0.0005124752533447463
838.0 0.0004931024705001619
839.0 0.00047372968765557744
840.0 0.0005787485406472115
841.0 0.0006837673026893754
842.0 0.00035897303405363346
843.0 3.417866878407949e-05
844.0 9.755757446328062e-05
845.0 0.0001609364971955074
846.0 0.0004316267677495489
847.0 0.0007023171747277956
848.0 0.0006501607913378393
849.0 0.0005980044534226181
850.0 0.0006104000476625515
851.0 0.0006227956419024849
852.0 0.0006381357252394082
853.0 0.0006534754447784508
854.0 0.0006317038696579402
855.0 0.0006099320671637543
856.0 0.0006199860763445031
857.0 0.0006300400855252519
858.0 0.000586939222557703
859.0 0.0005438383595901541
860.0 0.0005006415449315682
861.0 0.0004574446847982472
862.0 0.0004840611836698372
863.0 0.0005106776370666921
864.0 0.0004573586011247244
865.0 0.0004040396106574917
866.0 0.0004344319677329622
867.0 0.0004648244157579029
868.0 0.0006082659638195764
869.0 0.000751707557355985
870.0 0.0005956773293291917
871.0 0.0004396468739287229
872.0 0.00038286975723167416
873.0 0.0003260924813730526
874.0 0.0004173889465164393
875.0 0.0005086854343971936
876.0 0.0006220507202669978
877.0 0.000735416006136802
878.0 0.0007139311037462903
879.0 0.0006924461104063084
880.0 0.0006799456514272606
881.0 0.0006674455107713584
882.0 0.0005736631010222482
883.0 0.00047988091864681337
884.0 0.0005204655280977022
885.0 0.0005610503194475314
886.0 0.000691050536261173
887.0 0.00082105098044849
888.0 0.0006254488198464969
889.0 0.0004298467047192389
890.0 0.00056701828725636
891.0 0.0007041900062176865
892.0 0.0006022431989549659
893.0 0.0005002964826417156
894.0 0.0004953266397933476
895.0 0.0004903568878944498
896.0 0.00029614143386424985
897.0 0.0001019259570966824
898.0 0.0002684251057871734
899.0 0.0004349242317402968
900.0 0.00037347583656810457
901.0 0.00031202739592117723
902.0 0.0004878150321019348
903.0 0.0006636026682826923
904.0 0.00037225095184112433
905.0 8.089915013442806e-05
906.0 0.00029703228392463643
