lsstCam/transmission_filter_detector/r04_sg0/g_6/19700101T000000.ecsv
# %ECSV 1.0
# ---
# datatype:
# - {name: wavelength, unit: nm, datatype: float32}
# - {name: efficiency, unit: '%', datatype: float64}
# meta: !!omap
# - {MODE: DETECTOR}
# - {TYPE: transmission_filter_detector}
# - {CALIBDATE: '1970-01-01T00:00:00'}
# - {INSTRUME: LSSTCam}
# - {OBSTYPE: transmission_filter_detector}
# - {CALIBCLS: lsst.ip.isr.IntermediateFilterDetectorTransmissionCurve}
# - {SOURCE: Materion (DM-46256)}
# - {DETECTOR: 193}
# - {FILTER: g_6}
# - {CALIB_ID: 'calibDate=1970-01-01T00:00:00 filter=g_6 detector=193'}
# - {DATE: '2025-04-02T15:59:42.922181'}
# - {CALIB_CREATION_DATE: '2025-04-02'}
# - {CALIB_CREATION_TIME: '15:59:42'}
# - __serialized_columns__:
#     efficiency:
#       __class__: astropy.units.quantity.Quantity
#       unit: !astropy.units.Unit {unit: '%'}
#       value: !astropy.table.SerializedColumn {name: efficiency}
#     wavelength:
#       __class__: astropy.units.quantity.Quantity
#       unit: !astropy.units.Unit {unit: nm}
#       value: !astropy.table.SerializedColumn {name: wavelength}
# schema: astropy-2.0
wavelength efficiency
[from data line 608]
908.0 0.00047538260332657956
909.0 0.0004375998287287075
910.0 0.00036051687857252546
911.0 0.0002834339284163434
912.0 0.000419576690546819
913.0 0.0005557195436267648
914.0 0.00034770966976793716
915.0 0.00013969984138384461
916.0 0.00013969495284982258
917.0 0.000139690041578433
918.0 0.00024026712708291598
919.0 0.00034084421258739894
920.0 0.00033939579680009047
921.0 0.00033794740375014953
922.0 0.000502556940773502
923.0 0.0006671665232715895
924.0 0.0005628115559375146
925.0 0.00045845654312870465
926.0 0.0005571782821789384
927.0 0.0006559001121786423
928.0 0.0005740298547607381
929.0 0.000492159688292304
930.0 0.0005211219558987068
931.0 0.0005500842689798446
932.0 0.00048629267439537216
933.0 0.0004225010798108997
934.0 0.00044310036173556
935.0 0.00046369959818548523
936.0 0.0004780833023687592
937.0 0.0004924670065520331
938.0 0.0006171659606479807
939.0 0.0007418648692691932
940.0 0.0006284395112743368
941.0 0.0005150139713805402
942.0 0.000654061932436889
943.0 0.0007931098480185028
944.0 0.0006478346222138498
945.0 0.0005025593054597266
946.0 0.0005066886387794511
947.0 0.0005108178811497055
948.0 0.0008283982424472924
949.0 0.0011459787856438197
950.0 0.001008865365292877
951.0 0.0008717520358914044
952.0 0.0009055931514012627
953.0 0.0009394343578605913
954.0 0.0008236063877120614
955.0 0.0007077785085130017
956.0 0.0006348934221023228
957.0 0.0005620081083179684
958.0 0.0006434636816265993
959.0 0.0007249192549352301
960.0 0.0006057102382328594
961.0 0.00048650103963154834
962.0 0.0005615461304842029
963.0 0.0006365911303873872
964.0 0.0006966618002479663
965.0 0.0007567323336843401
966.0 0.0008108425390673801
967.0 0.0008649527444504201
968.0 0.0007849173016438726
969.0 0.0007048818588373251
970.0 0.0007082850061124191
971.0 0.0007116882443369832
972.0 0.0008110480848699808
973.0 0.0009104081073019188
974.0 0.0008616642844572198
975.0 0.0008129209163598716
976.0 0.0008341743523487821
977.0 0.0008554280611861032
978.0 0.0009144174327957444
979.0 0.0009734068953548558
980.0 0.001044672080752207
981.0 0.0011159372661495581
982.0 0.0010152276445296593
983.0 0.0009145178410108201
984.0 0.0009143503120867535
985.0 0.0009141828741121572
986.0 0.0010744370229076594
987.0 0.0012346908988547511
988.0 0.001350503953290172
989.0 0.0014663165529782418
990.0 0.0015314008123823442
991.0 0.0015964849808369763
992.0 0.001569624146213755
993.0 0.0015427636753884144
994.0 0.0015014730706752744
995.0 0.0014601825569116045
996.0 0.001339701429969864
997.0 0.0012192203030281235
998.0 0.0013483322618412785
999.0 0.0014774444935028441
1000.0 0.0014083383575780317
1001.0 0.001339232039754279
1002.0 0.001207731111207977
1003.0 0.0010762300917122047
1004.0 0.0011134458873129915
1005.0 0.0011506615919643082
1006.0 0.0013742937881033868
1007.0 0.0015979259842424653
1008.0 0.001614504617464263
1009.0 0.0016310836144839413
1010.0 0.001701781729934737
1011.0 0.0017724800272844732
1012.0 0.0019158438590238802
1013.0 0.0020592078726622276
1014.0 0.0021162029952392913
1015.0 0.0021731982997152954
1016.0 0.0025057230232050642
1017.0 0.002838248292391654
1018.0 0.003097307853749953
1019.0 0.0033563675970071927
1020.0 0.003319200550322421
1021.0 0.0032820331398397684
1022.0 0.0035797474993159994
1023.0 0.0038774618587922305
1024.0 0.004004773290944286
1025.0 0.00413208435929846
1026.0 0.004285078102839179
1027.0 0.004438071482582018
1028.0 0.004486199395614676
1029.0 0.004534327308647335
1030.0 0.0047004195948829874
1031.0 0.00486651151732076
1032.0 0.005184100155020133
1033.0 0.0055016891565173864
1034.0 0.005335204332368448
1035.0 0.005168719872017391
1036.0 0.005295638766256161
1037.0 0.00542255729669705
1038.0 0.005641000097966753
1039.0 0.0058594428992364556
1040.0 0.006330839096335694
1041.0 0.006802234565839171
1042.0 0.006878410204080865
1043.0 0.006954585114726797
1044.0 0.00723126795492135
1045.0 0.00750794933992438
1046.0 0.0084938139480073
1047.0 0.009479677100898698
1048.0 0.01095998304663226
1049.0 0.012440286809578538
1050.0 0.014799561176914722
1051.0 0.01715883263386786
1052.0 0.020701534231193364
1053.0 0.02424424310447648
1054.0 0.028960264171473682
1055.0 0.033676286693662405
1056.0 0.04042019718326628
1057.0 0.04716409894172102
1058.0 0.054849969455972314
1059.0 0.06253582541830838
1060.0 0.0698378134984523
1061.0 0.07713976665399969
1062.0 0.08418822544626892
1063.0 0.09123666095547378
1064.0 0.09645410464145243
1065.0 0.10167153086513281
1066.0 0.1065433956682682
1067.0 0.1114152604714036
1068.0 0.11745883384719491
1069.0 0.12350244214758277
1070.0 0.13315146788954735
1071.0 0.14280049363151193
1072.0 0.15580406179651618
1073.0 0.16880759503692389
1074.0 0.18357442459091544
1075.0 0.1983413239941001
1076.0 0.212543411180377
1077.0 0.22674552164971828
1078.0 0.2410762244835496
1079.0 0.25540690403431654
1080.0 0.2725998405367136
1081.0 0.289792800322175
1082.0 0.31638580840080976
1083.0 0.3429788164794445
1084.0 0.3801537211984396
1085.0 0.4173286259174347
1086.0 0.4522000439465046
1087.0 0.4870715085417032
1088.0 0.5508120637387037
1089.0 0.6145526189357042
1090.0 0.6910624913871288
1091.0 0.7675723172724247
1092.0 0.7964511401951313
1093.0 0.8253295905888081
1094.0 0.860822293907404
1095.0 0.8963147178292274
1096.0 0.9389986284077168
1097.0 0.981682725250721
1098.0 0.9990056976675987
1099.0 1.0163288563489914
1100.0 1.1681563220918179
1101.0 1.319983508437872
