lsstCam/transmission_filter_detector/r43_s21/z_20/19700101T000000.ecsv
# %ECSV 1.0
# ---
# datatype:
# - {name: wavelength, unit: nm, datatype: float32}
# - {name: efficiency, unit: '%', datatype: float64}
# meta: !!omap
# - {MODE: DETECTOR}
# - {TYPE: transmission_filter_detector}
# - {CALIBDATE: '1970-01-01T00:00:00'}
# - {INSTRUME: LSSTCam}
# - {OBSTYPE: transmission_filter_detector}
# - {CALIBCLS: lsst.ip.isr.IntermediateFilterDetectorTransmissionCurve}
# - {SOURCE: Materion (DM-46256)}
# - {DETECTOR: 187}
# - {FILTER: z_20}
# - {CALIB_ID: 'calibDate=1970-01-01T00:00:00 filter=z_20 detector=187'}
# - {DATE: '2025-04-02T15:59:49.508304'}
# - {CALIB_CREATION_DATE: '2025-04-02'}
# - {CALIB_CREATION_TIME: '15:59:49'}
# - __serialized_columns__:
#     efficiency:
#       __class__: astropy.units.quantity.Quantity
#       unit: !astropy.units.Unit {unit: '%'}
#       value: !astropy.table.SerializedColumn {name: efficiency}
#     wavelength:
#       __class__: astropy.units.quantity.Quantity
#       unit: !astropy.units.Unit {unit: nm}
#       value: !astropy.table.SerializedColumn {name: wavelength}
# schema: astropy-2.0
wavelength efficiency
[from data line 597]
897.0 98.89603853225708
898.0 98.44905734062195
899.0 98.52170944213867
900.0 98.79572987556458
901.0 99.05744194984436
902.0 98.96138310432434
903.0 98.61851334571838
904.0 97.34765887260437
905.0 98.3613669872284
906.0 97.68520593643188
907.0 98.41176271438599
908.0 97.95345067977905
909.0 98.15942645072937
910.0 97.55139946937561
911.0 96.20069861412048
912.0 95.61125636100769
913.0 93.94185543060303
914.0 91.83539748191833
915.0 89.18792009353638
916.0 87.18793392181396
917.0 85.90051531791687
918.0 82.14679956436157
919.0 81.03942275047302
920.0 77.3715615272522
921.0 73.16660284996033
922.0 68.40295791625977
923.0 62.48776912689209
924.0 56.99835419654846
925.0 51.55017971992493
926.0 44.8002815246582
927.0 37.172695994377136
928.0 31.14543855190277
929.0 24.743492901325226
930.0 18.8290998339653
931.0 13.891750574111938
932.0 9.009157866239548
933.0 5.472983792424202
934.0 3.4794632345438004
935.0 2.060132846236229
936.0 1.1341588571667671
937.0 0.7266792003065348
938.0 0.393974082544446
939.0 0.32598928082734346
940.0 0.2459422219544649
941.0 0.053806614596396685
942.0 1.9656019433628158e-10
943.0 0.27430534828454256
944.0 1.9656019433628158e-10
945.0 0.044698218698613346
946.0 1.9656019433628158e-10
947.0 1.9656019433628158e-10
948.0 0.04384252824820578
949.0 1.9656019433628158e-10
950.0 0.03925488272216171
951.0 1.9656019433628158e-10
952.0 1.9656019433628158e-10
953.0 1.9656019433628158e-10
954.0 0.016189093003049493
955.0 0.03822826547548175
956.0 1.9656019433628158e-10
957.0 1.9656019433628158e-10
958.0 0.046669901348650455
959.0 0.09468260104767978
960.0 0.033947807969525456
961.0 0.13026886153966188
962.0 1.9656019433628158e-10
963.0 1.9656019433628158e-10
964.0 0.004315660044085234
965.0 1.9656019433628158e-10
966.0 1.9656019433628158e-10
967.0 0.06973665440455079
968.0 1.9656019433628158e-10
969.0 1.9656019433628158e-10
970.0 1.9656019433628158e-10
971.0 0.059335771948099136
972.0 1.9656019433628158e-10
973.0 1.9656019433628158e-10
974.0 1.9656019433628158e-10
975.0 1.9656019433628158e-10
976.0 0.005678101297235116
977.0 0.005585823237197474
978.0 0.005493545540957712
979.0 0.00538551903446205
980.0 0.005277492527966388
981.0 0.005183391840546392
982.0 0.0050892907893285155
983.0 0.004939019345329143
984.0 0.004788747901329771
985.0 0.004832783088204451
986.0 0.004876818275079131
987.0 0.0047383105993503705
988.0 0.004599803651217371
989.0 0.004496833571465686
990.0 0.004393863855511881
991.0 0.004388823072076775
992.0 0.0043837815610459074
993.0 0.0043741871195379645
994.0 0.004364592314232141
995.0 0.004256744432495907
996.0 0.004148896914557554
997.0 0.004127824286115356
998.0 0.004106751657673158
999.0 0.004020952110295184
1000.0 0.003935152926715091
1001.0 0.003841286161332391
1002.0 0.0037474193959496915
1003.0 0.0038450838474091142
1004.0 0.003942748662666418
1005.0 0.0038090434827608988
1006.0 0.00367533830285538
1007.0 0.0037777739635203034
1008.0 0.003880209624185227
1009.0 0.0039017377275740728
1010.0 0.00392326655855868
1011.0 0.0038873939047334716
1012.0 0.003851521250908263
1013.0 0.003996068335254677
1014.0 0.00414061541960109
1015.0 0.003972163540311158
1016.0 0.003803712024819106
1017.0 0.0038749749364797026
1018.0 0.003946237848140299
1019.0 0.0038209749618545175
1020.0 0.0036957120755687356
1021.0 0.0037590078136418015
1022.0 0.0038223031879169866
1023.0 0.003950456448365003
1024.0 0.004078609708813019
1025.0 0.004120058656553738
1026.0 0.004161507968092337
1027.0 0.00415504073316697
1028.0 0.004148574225837365
1029.0 0.004211617124383338
1030.0 0.0042746603867271915
1031.0 0.004320971129345708
1032.0 0.004367281508166343
1033.0 0.00444580327894073
1034.0 0.004524325049715117
1035.0 0.004316344711696729
1036.0 0.004108364737476222
1037.0 0.0043163116060895845
1038.0 0.004524258474702947
1039.0 0.004671648639487103
1040.0 0.004819039168069139
1041.0 0.004950456059304997
1042.0 0.0050818729505408555
1043.0 0.005182042150408961
1044.0 0.0052822109864791855
1045.0 0.005432279795059003
1046.0 0.005582348967436701
1047.0 0.0056455952289979905
1048.0 0.005708841854357161
1049.0 0.005742056237068027
1050.0 0.005775270255981013
1051.0 0.005804022657684982
1052.0 0.0058327750593889505
1053.0 0.0060870319430250674
1054.0 0.0063412866438739
1055.0 0.006379764818120748
1056.0 0.006418242264771834
1057.0 0.006525765638798475
1058.0 0.0066332890128251165
1059.0 0.0072176473622675985
1060.0 0.007802007166901603
1061.0 0.0077612188761122525
1062.0 0.007720432768110186
1063.0 0.007864597137086093
1064.0 0.008008758595678955
1065.0 0.008052596967900172
1066.0 0.008096436795312911
1067.0 0.00819821361801587
1068.0 0.008299992623506114
1069.0 0.008671830437378958
1070.0 0.009043668251251802
1071.0 0.009317628428107128
1072.0 0.009591589332558215
1073.0 0.009613495058147237
1074.0 0.009635400783736259
1075.0 0.010334136459277943
1076.0 0.011032874317606911
1077.0 0.011036924115614966
1078.0 0.011040975368814543
1079.0 0.011501467815833166
1080.0 0.01196196026285179
1081.0 0.01178424572572112
1082.0 0.011606531188590452
1083.0 0.012033341772621498
1084.0 0.012460154539439827
1085.0 0.01320119044976309
1086.0 0.013942227815277874
1087.0 0.01355659042019397
1088.0 0.013170955935493112
1089.0 0.014276354340836406
1090.0 0.015381754201371223
1091.0 0.015046325279399753
1092.0 0.01471089490223676
1093.0 0.014761851343791932
1094.0 0.014812803419772536
1095.0 0.015678684576414526
1096.0 0.01654456718824804
1097.0 0.017608523194212466
1098.0 0.01867248211055994
1099.0 0.019084780069533736
1100.0 0.019497076573316008
1101.0 0.02061480627162382
1102.0 0.0217325403355062
1103.0 0.02154306712327525
1104.0 0.0213535939110443
1105.0 0.02263474161736667
1106.0 0.02391588786849752
1107.0 0.024301746452692896
1108.0 0.02468760358169675
1109.0 0.025798013666644692
1110.0 0.026908423751592636
1111.0 0.027276610489934683
1112.0 0.027644794317893684
1113.0 0.02783036616165191
1114.0 0.028015938005410135
1115.0 0.02863039553631097
1116.0 0.02924485015682876
1117.0 0.030226109083741903
1118.0 0.031207368010655046
1119.0 0.03218874044250697
1120.0 0.03317011287435889
1121.0 0.035968341398984194
1122.0 0.038766569923609495
1123.0 0.037461071042343974
1124.0 0.03615557216107845
1125.0 0.038171434425748885
1126.0 0.04018729378003627
1127.0 0.04133920592721552
1128.0 0.04249112098477781
1129.0 0.04328361537773162
1130.0 0.044076109770685434
1131.0 0.05029674503020942
1132.0 0.0565173861104995
1133.0 0.0575194600969553
1134.0 0.05852154572494328
1135.0 0.0638549739960581
1136.0 0.06918840226717293
1137.0 0.0792711682152003
1138.0 0.08935393416322768
1139.0 0.12226762482896447
1140.0 0.15518132131546736
1141.0 0.24637754540890455
1142.0 0.3375737927854061
1143.0 0.6059813313186169
1144.0 0.8743888698518276
1145.0 1.204605121165514
1146.0 1.5348214656114578
1147.0 1.6598638147115707
1148.0 1.7849061638116837
1149.0 2.3603415116667747
1150.0 2.935776300728321
