lsstCam/transmission_filter_detector/r43_s21/z_20/19700101T000000.ecsv
# %ECSV 1.0
# ---
# datatype:
# - {name: wavelength, unit: nm, datatype: float32}
# - {name: efficiency, unit: '%', datatype: float64}
# meta: !!omap
# - {MODE: DETECTOR}
# - {TYPE: transmission_filter_detector}
# - {CALIBDATE: '1970-01-01T00:00:00'}
# - {INSTRUME: LSSTCam}
# - {OBSTYPE: transmission_filter_detector}
# - {CALIBCLS: lsst.ip.isr.IntermediateFilterDetectorTransmissionCurve}
# - {SOURCE: Materion (DM-46256)}
# - {DETECTOR: 187}
# - {FILTER: z_20}
# - {CALIB_ID: 'calibDate=1970-01-01T00:00:00 filter=z_20 detector=187'}
# - {DATE: '2025-04-02T15:59:49.508304'}
# - {CALIB_CREATION_DATE: '2025-04-02'}
# - {CALIB_CREATION_TIME: '15:59:49'}
# - __serialized_columns__:
#     efficiency:
#       __class__: astropy.units.quantity.Quantity
#       unit: !astropy.units.Unit {unit: '%'}
#       value: !astropy.table.SerializedColumn {name: efficiency}
#     wavelength:
#       __class__: astropy.units.quantity.Quantity
#       unit: !astropy.units.Unit {unit: nm}
#       value: !astropy.table.SerializedColumn {name: wavelength}
# schema: astropy-2.0
wavelength efficiency
300.0 0.35057952627539635
301.0 0.311733060516417
302.0 0.27288657147437334
303.0 0.23737649898976088
304.0 0.20186640322208405
305.0 0.18597246380522847
306.0 0.1700785243883729
307.0 0.16088903648778796
308.0 0.15169952530413866
309.0 0.13104338431730866
310.0 0.11038724333047867
311.0 0.10845755459740758
312.0 0.10652788914740086
313.0 0.09657152113504708
314.0 0.08661517058499157
315.0 0.07150989258661866
316.0 0.05640461458824575
317.0 0.06029984797351062
318.0 0.0641950813587755
319.0 0.06042263121344149
320.0 0.05665018688887358
321.0 0.05427991854958236
322.0 0.05190965021029115
323.0 0.04543242102954537
324.0 0.03895519766956568
325.0 0.03837309486698359
326.0 0.0377909978851676
327.0 0.037663872353732586
328.0 0.03753674682229757
329.0 0.036851639742963016
330.0 0.036166535574011505
331.0 0.033644691575318575
332.0 0.0311228446662426
333.0 0.02885240246541798
334.0 0.026581960264593363
335.0 0.025280387490056455
336.0 0.023978813260328025
337.0 0.02345083048567176
338.0 0.022922847711015493
339.0 0.02019829844357446
340.0 0.017473749176133424
341.0 0.016611890168860555
342.0 0.015750031161587685
343.0 0.01690550270723179
344.0 0.01806097134249285
345.0 0.016271515050902963
346.0 0.014482061669696122
347.0 0.01364965719403699
348.0 0.012817254173569381
349.0 0.012522518227342516
350.0 0.012227782281115651
351.0 0.011865229316754267
352.0 0.011502674169605598
353.0 0.011026064021280035
354.0 0.010549451690167189
355.0 0.009929241059580818
356.0 0.00930903188418597
357.0 0.009698818030301481
358.0 0.010088605631608516
359.0 0.009262558887712657
360.0 0.008436513599008322
361.0 0.008725679072085768
362.0 0.009014843817567453
363.0 0.008704578067408875
364.0 0.00839430940686725
365.0 0.008596854604547843
366.0 0.008799399074632674
367.0 0.008308141696034
368.0 0.007816885045031086
369.0 0.007763917528791353
370.0 0.0077109514677431434
371.0 0.008348473784280941
372.0 0.008985996100818738
373.0 0.007353285764111206
374.0 0.00572057360841427
375.0 0.006107769149821252
376.0 0.006494964327430353
377.0 0.00629940623184666
378.0 0.006103848136262968
379.0 0.006090940587455407
380.0 0.006078033038647845
381.0 0.005118473927723244
382.0 0.004158914453000762
383.0 0.004665695450967178
384.0 0.005172476448933594
385.0 0.005121469439473003
386.0 0.005070462430012412
387.0 0.00461065283161588
388.0 0.004150843597017229
389.0 0.004093351890332997
390.0 0.004035859819850884
391.0 0.004067879490321502
392.0 0.00409989916079212
393.0 0.0037573689041892067
394.0 0.0034148386475862935
395.0 0.0034943070204462856
396.0 0.0035737753933062777
397.0 0.0038086895074229687
398.0 0.00404360362153966
399.0 0.004480224015424028
400.0 0.004916844409308396
401.0 0.004186922524240799
402.0 0.003456999911577441
403.0 0.004147306754020974
404.0 0.004837613232666627
405.0 0.00454204055131413
406.0 0.004246467869961634
407.0 0.0038410955312428996
408.0 0.003435722828726284
409.0 0.003334689245093614
410.0 0.0032336556614609435
411.0 0.002995078102685511
412.0 0.0027565003620111383
413.0 0.003760724575840868
414.0 0.004764948607771657
415.0 0.004523089955910109
416.0 0.0042812313040485606
417.0 0.0033898009860422462
418.0 0.0024983713956316933
419.0 0.00331219780491665
420.0 0.004126023850403726
421.0 0.0037552850699285045
422.0 0.003384546289453283
423.0 0.0032436113542644307
424.0 0.0031026760552776977
425.0 0.0027341551685822196
426.0 0.002365634099987801
427.0 0.001872293432825245
428.0 0.0013789532204100396
429.0 0.001516096745035611
430.0 0.0016532403606106527
431.0 0.0016435144061688334
432.0 0.001633788451727014
433.0 0.0019057069948757999
434.0 0.0021776255380245857
435.0 0.0026319175958633423
436.0 0.0030862094718031585
437.0 0.0027141521059093066
438.0 0.0023420947400154546
439.0 0.002033644341281615
440.0 0.0017251937606488355
441.0 0.0015490380974370055
442.0 0.0013728823432757054
443.0 0.0014492208720184863
444.0 0.0015255596736096777
445.0 0.0019864815840264782
446.0 0.002447403130645398
447.0 0.00292411041300511
448.0 0.0034008175134658813
449.0 0.0025229246602975763
450.0 0.001645031625230331
451.0 0.0015961886674631387
452.0 0.0015473458915948868
453.0 0.001975718441826757
454.0 0.0024040909920586273
455.0 0.0022649435777566396
456.0 0.002125796163454652
457.0 0.0019446397345745936
458.0 0.0017634834875934757
459.0 0.0018430486306897365
460.0 0.0019226139556849375
461.0 0.0017912616385729052
462.0 0.0016599093214608729
463.0 0.0013218507774581667
464.0 0.0009837921425059903
465.0 0.0014497489246423356
466.0 0.0019157054339302704
467.0 0.0014285498764365911
468.0 0.0009413940460945014
469.0 0.0007771770469844341
470.0 0.0006129599114501616
471.0 0.0009126416443905327
472.0 0.0012123235137551092
473.0 0.0014722572814207524
474.0 0.0017321910490863957
475.0 0.0016145217159646563
476.0 0.0014968524737923872
477.0 0.0014910846402926836
478.0 0.00148531680679298
479.0 0.001329104088654276
480.0 0.0011728915524145123
481.0 0.0008223754775826819
482.0 0.00047185958464979194
483.0 0.000767995970818447
484.0 0.0010641322660376318
485.0 0.0009569719622959383
486.0 0.0008498116585542448
487.0 0.0010806976206367835
488.0 0.0013115837646182626
489.0 0.0015440942661371082
490.0 0.0017766045857570134
491.0 0.001219933074025903
492.0 0.0006632618351432029
493.0 0.0011238548722758424
494.0 0.001584448000357952
495.0 0.0012653263183892705
496.0 0.0009462048183195293
497.0 0.0010096109690493904
498.0 0.0010730173016781919
499.0 0.001222487298946362
500.0 0.001371957205265062
501.0 0.001261380111827748
502.0 0.0011508029274409637
503.0 0.0011100256415375043
504.0 0.0010692482646845747
505.0 0.0014034042578714434
506.0 0.0017375599782099016
507.0 0.0017157590264105238
508.0 0.0016939578927122056
509.0 0.0016183312254725024
510.0 0.0015427043763338588
511.0 0.0013281707651913166
512.0 0.0011136368812003639
513.0 0.001031504689308349
514.0 0.0009493723155173939
515.0 0.0008361976142623462
516.0 0.0007230228220578283
517.0 0.0009240665349352639
518.0 0.0011251102478126995
519.0 0.001387983593303943
520.0 0.0016508567568962462
521.0 0.0016087256881291978
522.0 0.0015665946193621494
523.0 0.001424919901182875
524.0 0.0012832450920541305
525.0 0.0009405801392858848
526.0 0.000597915141042904
527.0 0.0010283596566296183
528.0 0.0014588041267415974
529.0 0.0013175698768463917
530.0 0.001176335626951186
531.0 0.0013727695659326855
532.0 0.0015692035958636552
533.0 0.0013029460205871146
534.0 0.001036688445310574
535.0 0.001337383218924515
536.0 0.0016380781744373962
537.0 0.0015514122424065135
538.0 0.0014647464922745712
539.0 0.0012659785170399118
540.0 0.0010672104508557823
541.0 0.0011214207006560173
542.0 0.0011756308595067821
543.0 0.000997017923509702
544.0 0.0008184050784620922
545.0 0.0009093200787901878
546.0 0.0010002350791182835
547.0 0.0015907966371742077
548.0 0.002181358104280662
549.0 0.0019697958123288117
550.0 0.0017582335203769617
551.0 0.0018347271179663949
552.0 0.0019112203517579474
553.0 0.0020085541109438054
554.0 0.002105887688230723
555.0 0.0015800995242898352
556.0 0.0010543109056015965
557.0 0.0012036761290801223
558.0 0.0013530414435081184
559.0 0.0016087511539808474
560.0 0.0018644610463525169
561.0 0.0014458246369031258
562.0 0.0010271881365042645
563.0 0.0012178785254945979
564.0 0.001408568823535461
565.0 0.0015487066775676794
566.0 0.0016888445315998979
567.0 0.0020696579667855985
568.0 0.0024504715838702396
569.0 0.0025323535737697966
570.0 0.0026142350179725327
571.0 0.002512945320631843
572.0 0.0024116552594932728
573.0 0.002295982267241925
574.0 0.0021803092749905773
575.0 0.002142490484402515
576.0 0.002104671875713393
577.0 0.002202367613790557
578.0 0.0023000628061708994
579.0 0.0020001789380330592
580.0 0.0017002948879962787
581.0 0.0015823910871404223
582.0 0.0014644875591329765
583.0 0.0016092524674604647
584.0 0.0017540172848384827
585.0 0.0018062317394651473
586.0 0.001858445830293931
587.0 0.0020649426005547866
588.0 0.002271439188916702
589.0 0.0022316349713946693
590.0 0.0021918305719736964
591.0 0.0020377421606099233
592.0 0.0018836539311450906
593.0 0.0017404679965693504
594.0 0.0015972820619936101
595.0 0.0012766604413627647
596.0 0.0009560388207319193
597.0 0.0011476997315185145
598.0 0.0013393607332545798
599.0 0.0011644238838925958
600.0 0.0009894871254800819
601.0 0.0008868529221217614
602.0 0.0007842187187634408
603.0 0.0009670500730862841
604.0 0.0011498813364596572
605.0 0.000892401749297278
606.0 0.000634922253084369
607.0 0.00076880805863766
608.0 0.000902693864190951
609.0 0.0009256435987481382
610.0 0.000948593151406385
611.0 0.0009047200364875607
612.0 0.0008608469215687364
613.0 0.0007402987193927402
614.0 0.0006197504717420088
615.0 0.0011531725249369629
616.0 0.0016865948055055924
617.0 0.0015292096577468328
618.0 0.001371824419038603
619.0 0.001335147135250736
620.0 0.0012984695786144584
621.0 0.001499196241638856
622.0 0.0016999227227643132
623.0 0.0014431324416364077
624.0 0.0011863421605085023
625.0 0.0014862305761198513
626.0 0.00178611880983226
627.0 0.002086179119942244
628.0 0.0023862396119511686
629.0 0.002253403545182664
630.0 0.0021205676603130996
631.0 0.0023168775442172773
632.0 0.0025131872462225147
633.0 0.0029722532417508774
634.0 0.0034313194191781804
635.0 0.006072285759728402
636.0 0.008713251736480743
637.0 0.015934200200717896
638.0 0.023155150120146573
639.0 0.01995550555875525
640.0 0.016755860997363925
641.0 0.014679926971439272
642.0 0.012603990035131574
643.0 0.009102356125367805
644.0 0.005600721851806156
645.0 0.005694634091923945
646.0 0.005788547059637494
647.0 0.005588954081758857
648.0 0.005389361103880219
649.0 0.004278387859812938
650.0 0.003167414615745656
651.0 0.0030887651519151405
652.0 0.003010115869983565
653.0 0.002850097735063173
654.0 0.002690079782041721
655.0 0.0022591504603042267
656.0 0.0018282213204656728
657.0 0.001952805178007111
658.0 0.002077388853649609
659.0 0.002160693475161679
660.0 0.0022439982785726897
661.0 0.002165293881262187
662.0 0.0020865896658506244
663.0 0.0020098505046917126
664.0 0.0019331111616338603
665.0 0.0017644581021158956
666.0 0.0015958054063958116
667.0 0.0017411088265362196
668.0 0.0018864127923734486
669.0 0.0017651762391324155
670.0 0.001643939503992442
671.0 0.0016193989722523838
672.0 0.0015948584405123256
673.0 0.0014166015716909897
674.0 0.0012383447028696537
675.0 0.001169192728411872
676.0 0.0011000409358530305
677.0 0.0012956846148881596
678.0 0.0014913282939232886
679.0 0.0015891015209490433
680.0 0.001686874747974798
681.0 0.0016841067917994224
682.0 0.0016813386537251063
683.0 0.0022658674424747005
684.0 0.002850396413123235
685.0 0.0027431538910605013
686.0 0.002635911005199887
687.0 0.0024895407477742992
688.0 0.002343170126550831
689.0 0.002235271858808119
690.0 0.002127373772964347
691.0 0.0025857014406938106
692.0 0.003044029108423274
693.0 0.0031173833122011274
694.0 0.0031907373340800405
695.0 0.0034024487831629813
696.0 0.003614160596043803
697.0 0.003618415939854458
698.0 0.003622671647462994
699.0 0.005082432471681386
700.0 0.006542193295899779
701.0 0.006485752965090796
702.0 0.006429311179090291
703.0 0.0058822832215810195
704.0 0.005335254536475986
705.0 0.004606344009516761
706.0 0.0038774331187596545
707.0 0.0034640015655895695
708.0 0.0030505700124194846
709.0 0.00352819733961951
710.0 0.004005825030617416
711.0 0.0035344321076991037
712.0 0.0030630391847807914
713.0 0.002339128332096152
714.0 0.0016152172975125723
715.0 0.00193308533198433
716.0 0.0022509531845571473
717.0 0.002154795038222801
718.0 0.0020586368918884546
719.0 0.0020684590708697215
720.0 0.0020782814317499287
721.0 0.001538534888823051
722.0 0.0009987885277951136
723.0 0.0014513135283777956
724.0 0.001903838710859418
725.0 0.001658192923059687
726.0 0.0014125467714620754
727.0 0.0017017202480928972
728.0 0.0019908939066226594
729.0 0.0018460048522683792
730.0 0.001701115797914099
731.0 0.0018920640286523849
732.0 0.0020830120774917305
733.0 0.001959408473339863
734.0 0.0018358048691879958
735.0 0.0014056889995117672
736.0 0.000975572856987128
737.0 0.0011358736628608312
738.0 0.0012961741049366537
739.0 0.001224064726557117
740.0 0.00115195525722811
741.0 0.0012030492143821903
742.0 0.0012541429896373302
743.0 0.001359874295303598
744.0 0.001465605691919336
745.0 0.0017599959392100573
746.0 0.002054385913652368
747.0 0.0022079144400777295
748.0 0.0023614431484020315
749.0 0.0029221117074484937
750.0 0.0034827804483938962
751.0 0.0035360346373636276
752.0 0.003589288826333359
753.0 0.003140732951578684
754.0 0.0026921770768240094
755.0 0.002973592563648708
756.0 0.003255008050473407
757.0 0.0027696924007614143
758.0 0.0022843767510494217
759.0 0.002844174196070526
760.0 0.0034039720048895106
761.0 0.004849656397709623
762.0 0.006295342609519139
763.0 0.006118163582868874
764.0 0.005940983464824967
765.0 0.005487304588314146
766.0 0.005033626075601205
767.0 0.004694498784374446
768.0 0.004355371129349805
769.0 0.004280353459762409
770.0 0.004205335790175013
771.0 0.004017689570900984
772.0 0.0038300429878290743
773.0 0.003835633469861932
774.0 0.0038412243156926706
775.0 1.9656019433628158e-10
776.0 1.9656019433628158e-10
777.0 1.9656019433628158e-10
778.0 1.9656019433628158e-10
779.0 1.9656019433628158e-10
780.0 1.9656019433628158e-10
781.0 0.015695039473939687
782.0 1.9656019433628158e-10
783.0 0.03044594486709684
784.0 0.011452034959802404
785.0 0.025377859128639102
786.0 0.012316757056396455
787.0 0.0081793921708595
788.0 0.07206943701021373
789.0 1.9656019433628158e-10
790.0 1.9656019433628158e-10
791.0 0.023314327700063586
792.0 0.08056642254814506
793.0 0.06821303977631032
794.0 0.11119026457890868
795.0 0.10204266291111708
796.0 0.09367656894028187
797.0 1.9656019433628158e-10
798.0 0.0675136805512011
799.0 0.3400214249268174
800.0 0.571007514372468
801.0 0.8932339958846569
802.0 1.4450639486312866
803.0 2.4493055418133736
804.0 3.7627264857292175
805.0 5.256330221891403
806.0 7.193350046873093
807.0 9.61366891860962
808.0 12.353607267141342
809.0 15.325091779232025
810.0 18.450206518173218
811.0 21.28588557243347
812.0 25.02715289592743
813.0 29.462334513664246
814.0 33.997783064842224
815.0 39.768314361572266
816.0 45.8466500043869
817.0 52.73019075393677
818.0 59.60831046104431
819.0 66.36355519294739
820.0 74.11683797836304
821.0 80.50909638404846
822.0 85.93060374259949
823.0 89.54824805259705
824.0 93.46066117286682
825.0 95.93379497528076
826.0 97.35643267631531
827.0 98.33212494850159
828.0 99.32372570037842
829.0 98.96191954612732
830.0 98.62768650054932
831.0 99.26124215126038
832.0 98.24202060699463
833.0 99.33373928070068
834.0 98.4912097454071
835.0 98.94876480102539
836.0 98.4650194644928
837.0 98.8213062286377
838.0 97.8499710559845
839.0 98.06050658226013
840.0 98.65784049034119
841.0 99.18839931488037
842.0 99.3285596370697
843.0 99.65084791183472
844.0 97.8566825389862
845.0 98.54376912117004
846.0 98.81400465965271
847.0 98.52825403213501
848.0 99.65888857841492
849.0 98.93936514854431
850.0 98.10250997543335
851.0 99.10330772399902
852.0 99.27319288253784
853.0 98.41832518577576
854.0 99.44769144058228
855.0 98.09852838516235
856.0 98.64635467529297
857.0 97.85866737365723
858.0 98.56150150299072
859.0 99.11260604858398
860.0 98.4602153301239
861.0 98.95445704460144
862.0 98.8074243068695
863.0 98.12416434288025
864.0 99.52398538589478
865.0 99.9197781085968
866.0 98.57191443443298
867.0 98.8550066947937
868.0 99.45576786994934
869.0 99.13053512573242
870.0 98.18114638328552
871.0 98.77992868423462
872.0 99.28321838378906
873.0 98.95790815353394
874.0 99.28926825523376
875.0 99.13129806518555
876.0 98.78576993942261
877.0 99.23397898674011
878.0 99.14466142654419
879.0 98.33405017852783
880.0 98.5314428806305
881.0 99.64900016784668
882.0 98.6535131931305
883.0 98.78615140914917
884.0 98.92224669456482
885.0 98.84950518608093
886.0 98.5105037689209
887.0 98.18518161773682
888.0 98.83649349212646
889.0 99.47423934936523
890.0 98.27580451965332
891.0 99.16267395019531
892.0 98.4287440776825
893.0 98.22174906730652
894.0 98.14413785934448
895.0 99.39391016960144
