lsstCam/transmission_sensor/r43_s01/19700101T000000.ecsv
# %ECSV 1.0
# ---
# datatype:
# - {name: amp_name, datatype: string}
# - {name: wavelength, unit: nm, datatype: float32}
# - {name: efficiency, unit: '%', datatype: float64}
# meta: !!omap
# - {MODE: AMP}
# - {TYPE: transmission_sensor}
# - {CALIBDATE: '1970-01-01T00:00:00'}
# - {INSTRUME: LSSTCAM}
# - {OBSTYPE: transmission_sensor}
# - {DETECTOR: 181}
# - {PARQUETFILE: qe_raft_allvalues_nircorrected_20230725.parquet}
# - {CALIBCLS: lsst.ip.isr.IntermediateSensorTransmissionCurve}
# - {CALIB_ID: 'raftName=R43 detectorName=S01 detector=181 calibDate=1970-01-01T00:00:00 ccd=181 ccdnum=181 filter=None'}
# - {DATE: '2024-01-18T22:42:25.620774'}
# - {CALIB_CREATION_DATE: '2024-01-18'}
# - {CALIB_CREATION_TIME: '22:42:25'}
# - __serialized_columns__:
#     efficiency:
#       __class__: astropy.units.quantity.Quantity
#       unit: !astropy.units.Unit {unit: '%'}
#       value: !astropy.table.SerializedColumn {name: efficiency}
#     wavelength:
#       __class__: astropy.units.quantity.Quantity
#       unit: !astropy.units.Unit {unit: nm}
#       value: !astropy.table.SerializedColumn {name: wavelength}
# schema: astropy-2.0
amp_name wavelength efficiency
C00 319.994 57.94416809082031
C00 324.969 60.55478286743164
C00 349.982 69.84706115722656
C00 374.975 76.64082336425781
C00 400.019 82.54060363769531
C00 424.965 82.67845916748047
C00 450.035 83.2462387084961
C00 475.003 83.24237060546875
C00 500.018 84.58392333984375
C00 525.002 86.45159149169922
C00 550.029 88.4081039428711
C00 575.023 91.44379425048828
C00 599.982 93.29837799072266
C00 619.997 94.77681732177734
C00 624.979 94.91265869140625
C00 650.012 95.95018768310547
C00 675.004 96.85194396972656
C00 700.03 97.48506164550781
C00 725.012 98.09004211425781
C00 750.022 99.25763702392578
C00 774.987 99.93205261230469
C00 799.976 99.72087097167969
C00 824.988 98.85835266113281
C00 850.022 96.77958679199219
C00 869.967 94.47553253173828
C00 875.002 93.31595611572266
C00 899.999 86.4464340209961
C00 919.999 78.1644515991211
C00 925.012 75.82233428955078
C00 949.965 63.79901123046875
C00 975.002 48.6385612487793
C00 999.976 30.058809280395508
C00 1025.028 14.415952682495117
C00 1050.014 5.9063920974731445
C00 1075.002 0.9456154587048939
C00 1099.99 0.0938230970936306
C01 319.994 57.44340133666992
C01 324.969 60.04786682128906
C01 349.982 69.51058197021484
C01 374.975 76.65605926513672
C01 400.019 82.59790802001953
C01 424.965 82.69593048095703
C01 450.035 83.18304443359375
C01 475.003 83.10057067871094
C01 500.018 84.37606811523438
C01 525.002 86.18650817871094
C01 550.029 88.09288024902344
C01 575.023 91.1160888671875
C01 599.982 92.99331665039062
C01 619.997 94.49592590332031
C01 624.979 94.64388275146484
C01 650.012 95.71952056884766
C01 675.004 96.62998962402344
C01 700.03 97.295166015625
C01 725.012 97.90922546386719
C01 750.022 99.09564971923828
C01 774.987 99.77952575683594
C01 799.976 99.58601379394531
C01 824.988 98.73823547363281
C01 850.022 96.66036987304688
C01 869.967 94.37520599365234
C01 875.002 93.22474670410156
C01 899.999 86.4572525024414
C01 919.999 78.27255249023438
C01 925.012 75.93384552001953
C01 949.965 63.84061813354492
C01 975.002 48.45001220703125
C01 999.976 29.969511032104492
C01 1025.028 14.501816749572754
C01 1050.014 5.954766273498535
C01 1075.002 0.9440721074824696
C01 1099.99 0.09366996720318929
C02 319.994 56.973907470703125
C02 324.969 59.56732177734375
C02 349.982 69.1839599609375
C02 374.975 76.69385528564453
C02 400.019 82.74201965332031
C02 424.965 82.82408142089844
C02 450.035 83.26127624511719
C02 475.003 83.13233184814453
C02 500.018 84.3756103515625
C02 525.002 86.15582275390625
C02 550.029 88.031494140625
C02 575.023 91.03766632080078
C02 599.982 92.91401672363281
C02 619.997 94.4249496459961
C02 624.979 94.57113647460938
C02 650.012 95.6694564819336
C02 675.004 96.59855651855469
C02 700.03 97.28404998779297
C02 725.012 97.92060852050781
C02 750.022 99.129638671875
C02 774.987 99.82902526855469
C02 799.976 99.65174102783203
C02 824.988 98.81292724609375
C02 850.022 96.74628448486328
C02 869.967 94.46395874023438
C02 875.002 93.31095123291016
C02 899.999 86.56485748291016
C02 919.999 78.390625
C02 925.012 76.0459976196289
C02 949.965 63.93031692504883
C02 975.002 48.51405715942383
C02 999.976 30.027009963989258
C02 1025.028 14.541465759277344
C02 1050.014 5.9756598472595215
C02 1075.002 0.9443957633082658
C02 1099.99 0.09370208003688829
C03 319.994 56.53362274169922
C03 324.969 59.12466812133789
C03 349.982 68.89313507080078
C03 374.975 76.70084381103516
C03 400.019 82.813232421875
C03 424.965 82.86126708984375
C03 450.035 83.24110412597656
C03 475.003 83.0428466796875
C03 500.018 84.22256469726562
C03 525.002 85.96898651123047
C03 550.029 87.82546997070312
C03 575.023 90.82581329345703
C03 599.982 92.71887969970703
C03 619.997 94.24683380126953
C03 624.979 94.39899444580078
C03 650.012 95.51531982421875
C03 675.004 96.46458435058594
C03 700.03 97.17182922363281
C03 725.012 97.82585144042969
C03 750.022 99.05445861816406
C03 774.987 99.77224731445312
C03 799.976 99.60791015625
C03 824.988 98.77750396728516
C03 850.022 96.71173095703125
C03 869.967 94.41535186767578
C03 875.002 93.25432586669922
C03 899.999 86.49523162841797
C03 919.999 78.3225326538086
C03 925.012 75.97516632080078
C03 949.965 63.92146682739258
C03 975.002 48.53668212890625
C03 999.976 30.007535934448242
C03 1025.028 14.510868072509766
C03 1050.014 5.9769606590271
C03 1075.002 0.9436793590040036
C03 1099.99 0.0936309990599665
C04 319.994 56.177276611328125
C04 324.969 58.76713562011719
C04 349.982 68.68223571777344
C04 374.975 76.78378295898438
C04 400.019 82.9743881225586
C04 424.965 83.00337982177734
C04 450.035 83.34892272949219
C04 475.003 83.11534118652344
C04 500.018 84.2628402709961
C04 525.002 85.98975372314453
C04 550.029 87.82422637939453
C04 575.023 90.8110580444336
C04 599.982 92.69442749023438
C04 619.997 94.21929931640625
C04 624.979 94.37207794189453
C04 650.012 95.49169921875
C04 675.004 96.46157836914062
C04 700.03 97.17906951904297
C04 725.012 97.85540771484375
C04 750.022 99.10252380371094
C04 774.987 99.84183502197266
C04 799.976 99.68809509277344
C04 824.988 98.86724853515625
C04 850.022 96.789794921875
C04 869.967 94.46495819091797
C04 875.002 93.29167175292969
C04 899.999 86.46199035644531
C04 919.999 78.25543975830078
C04 925.012 75.92119598388672
C04 949.965 64.00157928466797
C04 975.002 48.680904388427734
C04 999.976 30.093658447265625
C04 1025.028 14.530346870422363
C04 1050.014 5.981370449066162
C04 1075.002 0.9441370882856104
C04 1099.99 0.09367641453878028
C05 319.994 55.9202880859375
C05 324.969 58.497554779052734
C05 349.982 68.51541900634766
C05 374.975 76.92369842529297
C05 400.019 83.22731018066406
C05 424.965 83.25152587890625
C05 450.035 83.56210327148438
C05 475.003 83.30519104003906
C05 500.018 84.44328308105469
C05 525.002 86.15504455566406
C05 550.029 87.9903335571289
C05 575.023 90.98099517822266
C05 599.982 92.8625259399414
C05 619.997 94.38816833496094
C05 624.979 94.54191589355469
C05 650.012 95.67213439941406
C05 675.004 96.65171813964844
C05 700.03 97.38569641113281
C05 725.012 98.0914077758789
C05 750.022 99.37505340576172
C05 774.987 100.14186096191406
C05 799.976 100.01022338867188
C05 824.988 99.19786834716797
C05 850.022 97.109130859375
C05 869.967 94.76468658447266
C05 875.002 93.58505249023438
C05 899.999 86.67372131347656
C05 919.999 78.45144653320312
C05 925.012 76.13880920410156
C05 949.965 64.29058074951172
C05 975.002 48.952720642089844
C05 999.976 30.299943923950195
C05 1025.028 14.649084091186523
C05 1050.014 6.021123886108398
C05 1075.002 0.9467331980379667
C05 1099.99 0.09393399816341207
C06 319.994 55.45309066772461
C06 324.969 57.999359130859375
C06 349.982 68.03462982177734
C06 374.975 76.73262786865234
C06 400.019 83.19507598876953
C06 424.965 83.27740478515625
C06 450.035 83.62362670898438
C06 475.003 83.44053649902344
C06 500.018 84.61967468261719
C06 525.002 86.32964324951172
C06 550.029 88.18523406982422
C06 575.023 91.14496612548828
C06 599.982 92.95387268066406
C06 619.997 94.42548370361328
C06 624.979 94.568603515625
C06 650.012 95.6589126586914
C06 675.004 96.62555694580078
C06 700.03 97.36311340332031
C06 725.012 98.09561157226562
C06 750.022 99.40573120117188
C06 774.987 100.20805358886719
C06 799.976 100.09965515136719
C06 824.988 99.29600524902344
C06 850.022 97.20512390136719
C06 869.967 94.85111236572266
C06 875.002 93.67408752441406
C06 899.999 86.76854705810547
C06 919.999 78.62621307373047
C06 925.012 76.34608459472656
C06 949.965 64.40081024169922
C06 975.002 48.94096374511719
C06 999.976 30.37158203125
C06 1025.028 14.709306716918945
C06 1050.014 6.035525798797607
C06 1075.002 0.9470251700092335
C06 1099.99 0.09396296735417202
C07 319.994 54.923866271972656
C07 324.969 57.45283889770508
C07 349.982 67.52244567871094
C07 374.975 76.32599639892578
C07 400.019 82.82942962646484
C07 424.965 82.89566802978516
C07 450.035 83.19176483154297
C07 475.003 82.95003509521484
C07 500.018 84.0889663696289
C07 525.002 85.77799987792969
C07 550.029 87.63277435302734
C07 575.023 90.5938491821289
C07 599.982 92.41775512695312
C07 619.997 93.89644622802734
C07 624.979 94.0411376953125
C07 650.012 95.1387710571289
C07 675.004 96.1144790649414
C07 700.03 96.87206268310547
C07 725.012 97.63349151611328
C07 750.022 98.9811019897461
C07 774.987 99.81155395507812
C07 799.976 99.7232666015625
C07 824.988 98.88944244384766
C07 850.022 96.79837799072266
C07 869.967 94.4476547241211
C07 875.002 93.27661895751953
C07 899.999 86.50431823730469
C07 919.999 78.44302368164062
C07 925.012 76.17753601074219
C07 949.965 63.88262939453125
C07 975.002 48.39381408691406
C07 999.976 30.170440673828125
C07 1025.028 14.56602668762207
C07 1050.014 5.99130916595459
C07 1075.002 0.9429794764341889
C07 1099.99 0.0935615573543584
C10 319.994 57.86677169799805
C10 324.969 60.46011734008789
C10 349.982 69.68307495117188
C10 374.975 76.52943420410156
C10 400.019 82.48897552490234
C10 424.965 82.6603012084961
C10 450.035 83.23627471923828
C10 475.003 83.27198028564453
C10 500.018 84.65674591064453
C10 525.002 86.54475402832031
C10 550.029 88.53326416015625
C10 575.023 91.57778930664062
C10 599.982 93.41718292236328
C10 619.997 94.88492584228516
C10 624.979 95.0220718383789
C10 650.012 96.05598449707031
C10 675.004 96.92047882080078
C10 700.03 97.46699523925781
C10 725.012 97.77931213378906
C10 750.022 98.60393524169922
C10 774.987 98.93414306640625
C10 799.976 98.59272766113281
C10 824.988 97.74476623535156
C10 850.022 95.51731872558594
C10 869.967 93.25347900390625
C10 875.002 92.13091278076172
C10 899.999 85.71141052246094
C10 919.999 77.88784790039062
C10 925.012 75.66508483886719
C10 949.965 63.302886962890625
C10 975.002 47.860809326171875
C10 999.976 29.788846969604492
C10 1025.028 14.198121070861816
C10 1050.014 5.902973175048828
C10 1075.002 0.9393908854471714
C10 1099.99 0.0932055006533973
C11 319.994 57.50383377075195
C11 324.969 60.09868240356445
C11 349.982 69.51821899414062
C11 374.975 76.71353149414062
C11 400.019 82.72380828857422
C11 424.965 82.8374252319336
C11 450.035 83.3372573852539
C11 475.003 83.28034210205078
C11 500.018 84.594970703125
C11 525.002 86.44099426269531
C11 550.029 88.38300323486328
C11 575.023 91.42942810058594
C11 599.982 93.30453491210938
C11 619.997 94.80323791503906
C11 624.979 94.94404602050781
C11 650.012 96.01593017578125
C11 675.004 96.91201782226562
C11 700.03 97.47600555419922
C11 725.012 97.79869079589844
C11 750.022 98.63044738769531
C11 774.987 98.96134185791016
C11 799.976 98.62712860107422
C11 824.988 97.79104614257812
C11 850.022 95.56307983398438
C11 869.967 93.34917449951172
C11 875.002 92.24077606201172
C11 899.999 85.90599822998047
C11 919.999 78.13996124267578
C11 925.012 75.90699005126953
C11 949.965 63.42864227294922
C11 975.002 47.771820068359375
C11 999.976 29.80866050720215
C11 1025.028 14.340593338012695
C11 1050.014 5.985324859619141
C11 1075.002 0.9396434497030949
C11 1099.99 0.09323055984684402
C12 319.994 57.176876068115234
C12 324.969 59.776649475097656
C12 349.982 69.38453674316406
C12 374.975 76.91541290283203
C12 400.019 82.99714660644531
C12 424.965 83.07926940917969
C12 450.035 83.53416442871094
C12 475.003 83.4259262084961
C12 500.018 84.68733978271484
C12 525.002 86.50325012207031
C12 550.029 88.41635131835938
C12 575.023 91.44522094726562
C12 599.982 93.32746124267578
C12 619.997 94.8346176147461
C12 624.979 94.98152160644531
C12 650.012 96.06332397460938
C12 675.004 96.9831771850586
C12 700.03 97.56222534179688
C12 725.012 97.90291595458984
C12 750.022 98.74373626708984
C12 774.987 99.07872009277344
C12 799.976 98.74948120117188
C12 824.988 97.92669677734375
C12 850.022 95.7021484375
C12 869.967 93.49386596679688
C12 875.002 92.38846588134766
C12 899.999 86.06832885742188
C12 919.999 78.29106903076172
C12 925.012 76.04432678222656
C12 949.965 63.51142120361328
C12 975.002 47.80303192138672
C12 999.976 29.863506317138672
C12 1025.028 14.38617992401123
C12 1050.014 6.004551887512207
C12 1075.002 0.9407226999428449
C12 1099.99 0.09333764206414519
C13 319.994 56.96588134765625
C13 324.969 59.56720733642578
C13 349.982 69.3564453125
C13 374.975 77.23795318603516
C13 400.019 83.42350769042969
C13 424.965 83.48168182373047
C13 450.035 83.88721466064453
C13 475.003 83.73035430908203
C13 500.018 84.95948791503906
C13 525.002 86.75035095214844
C13 550.029 88.6466293334961
C13 575.023 91.67650604248047
C13 599.982 93.56443786621094
C13 619.997 95.08319091796875
C13 624.979 95.23368835449219
C13 650.012 96.3359603881836
C13 675.004 97.2715072631836
C13 700.03 97.8731460571289
C13 725.012 98.22956848144531
C13 750.022 99.08793640136719
C13 774.987 99.43779754638672
C13 799.976 99.11836242675781
C13 824.988 98.29411315917969
C13 850.022 96.04341888427734
C13 869.967 93.81267547607422
C13 875.002 92.70538330078125
C13 899.999 86.35836029052734
C13 919.999 78.52169799804688
C13 925.012 76.24658966064453
C13 949.965 63.61179733276367
C13 975.002 47.82606887817383
C13 999.976 29.871238708496094
C13 1025.028 14.397865295410156
C13 1050.014 6.004227161407471
C13 1075.002 0.9440017268146972
C13 1099.99 0.0936629840979903
C14 319.994 56.48593521118164
C14 324.969 59.07466506958008
C14 349.982 68.96261596679688
C14 374.975 77.12879180908203
C14 400.019 83.38534545898438
C14 424.965 83.42817687988281
C14 450.035 83.77889251708984
C14 475.003 83.57402801513672
C14 500.018 84.77072143554688
C14 525.002 86.5340347290039
C14 550.029 88.42061614990234
C14 575.023 91.44080352783203
C14 599.982 93.33106994628906
C14 619.997 94.85436248779297
C14 624.979 95.0040054321289
C14 650.012 96.12422943115234
C14 675.004 97.07164764404297
C14 700.03 97.68917846679688
C14 725.012 98.06898498535156
C14 750.022 98.94918823242188
C14 774.987 99.32178497314453
C14 799.976 99.0156478881836
C14 824.988 98.18827819824219
C14 850.022 95.93225860595703
C14 869.967 93.70887756347656
C14 875.002 92.60066986083984
C14 899.999 86.25070190429688
C14 919.999 78.41297912597656
C14 925.012 76.1295166015625
C14 949.965 63.43072509765625
C14 975.002 47.623931884765625
C14 999.976 29.76369857788086
C14 1025.028 14.347244262695312
C14 1050.014 5.993760108947754
C14 1075.002 0.9426796582714523
C14 1099.99 0.09353180967168896
C15 319.994 56.12865447998047
C15 324.969 58.704708099365234
C15 349.982 68.68955993652344
C15 374.975 77.11821746826172
C15 400.019 83.45809173583984
C15 424.965 83.48556518554688
C15 450.035 83.80651092529297
C15 475.003 83.57328796386719
C15 500.018 84.74729919433594
C15 525.002 86.49053192138672
C15 550.029 88.36843872070312
C15 575.023 91.37874603271484
C15 599.982 93.2579116821289
C15 619.997 94.77496337890625
C15 624.979 94.9273452758789
C15 650.012 96.04519653320312
C15 675.004 97.00466918945312
C15 700.03 97.6383285522461
C15 725.012 98.04277801513672
C15 750.022 98.9524917602539
C15 774.987 99.35113525390625
C15 799.976 99.05748748779297
C15 824.988 98.22489166259766
C15 850.022 95.980224609375
C15 869.967 93.76041412353516
C15 875.002 92.64922332763672
C15 899.999 86.30140686035156
C15 919.999 78.44190216064453
C15 925.012 76.1419677734375
C15 949.965 63.2923583984375
C15 975.002 47.441680908203125
C15 999.976 29.69563102722168
C15 1025.028 14.354547500610352
C15 1050.014 6.0251007080078125
C15 1075.002 0.9427108728135248
C15 1099.99 0.09353490674987718
C16 319.994 55.78263854980469
C16 324.969 58.34796142578125
C16 349.982 68.40904998779297
C16 374.975 77.05677032470703
C16 400.019 83.45620727539062
C16 424.965 83.47884368896484
C16 450.035 83.7782974243164
C16 475.003 83.52925109863281
C16 500.018 84.68533325195312
C16 525.002 86.412841796875
C16 550.029 88.28023529052734
C16 575.023 91.27294921875
C16 599.982 93.1329116821289
C16 619.997 94.63801574707031
C16 624.979 94.78683471679688
C16 650.012 95.89952087402344
C16 675.004 96.8580322265625
C16 700.03 97.50761413574219
C16 725.012 97.93377685546875
C16 750.022 98.87899780273438
C16 774.987 99.31094360351562
C16 799.976 99.03175354003906
C16 824.988 98.20439147949219
C16 850.022 95.99395751953125
C16 869.967 93.78998565673828
C16 875.002 92.68098449707031
C16 899.999 86.37364196777344
C16 919.999 78.46320343017578
C16 925.012 76.14036560058594
C16 949.965 63.06844711303711
C16 975.002 47.19979476928711
C16 999.976 29.624610900878906
C16 1025.028 14.418350219726562
C16 1050.014 6.057120323181152
C16 1075.002 0.9420103763197555
C16 1099.99 0.0934654041312983
C17 319.994 56.23134231567383
C17 324.969 58.820560455322266
C17 349.982 69.10367584228516
C17 374.975 78.08291625976562
C17 400.019 84.65068054199219
C17 424.965 84.67860412597656
C17 450.035 84.95294189453125
C17 475.003 84.68171691894531
C17 500.018 85.8386001586914
C17 525.002 87.57337951660156
C17 550.029 89.46893310546875
C17 575.023 92.49219512939453
C17 599.982 94.35426330566406
C17 619.997 95.86750793457031
C17 624.979 96.01785278320312
C17 650.012 97.1442642211914
C17 675.004 98.10704040527344
C17 700.03 98.78377532958984
C17 725.012 99.24012756347656
C17 750.022 100.24287414550781
C17 774.987 100.7208023071289
C17 799.976 100.4619140625
C17 824.988 99.61551666259766
C17 850.022 97.39449310302734
C17 869.967 95.12663269042969
C17 875.002 94.00910186767578
C17 899.999 87.60812377929688
C17 919.999 79.4362564086914
C17 925.012 77.04731750488281
C17 949.965 63.73179626464844
C17 975.002 47.778892517089844
C17 999.976 29.97829246520996
C17 1025.028 14.649608612060547
C17 1050.014 6.093000888824463
C17 1075.002 0.9550035033044364
C17 1099.99 0.09475457025417788
