lsstCam/transmission_sensor/r43_s01/19700101T000000.ecsv
# %ECSV 1.0
# ---
# datatype:
# - {name: amp_name, datatype: string}
# - {name: wavelength, unit: nm, datatype: float32}
# - {name: efficiency, unit: '%', datatype: float64}
# meta: !!omap
# - {MODE: AMP}
# - {TYPE: transmission_sensor}
# - {CALIBDATE: '1970-01-01T00:00:00'}
# - {INSTRUME: LSSTCam}
# - {OBSTYPE: transmission_sensor}
# - {DETECTOR: 181}
# - {PARQUETFILE: qe_raft_allvalues_nircorrected_20230725_adjust.parquet}
# - {CORRFILE: qe_corr_factor_bydetnum.parquet}
# - {CALIBCLS: lsst.ip.isr.IntermediateSensorTransmissionCurve}
# - {CALIB_ID: 'raftName=R43 detectorName=S01 detector=181 calibDate=1970-01-01T00:00:00 ccd=181 ccdnum=181 filter=None'}
# - {DATE: '2025-03-03T21:56:48.407368'}
# - {CALIB_CREATION_DATE: '2025-03-03'}
# - {CALIB_CREATION_TIME: '21:56:48'}
# - __serialized_columns__:
#     efficiency:
#       __class__: astropy.units.quantity.Quantity
#       unit: !astropy.units.Unit {unit: '%'}
#       value: !astropy.table.SerializedColumn {name: efficiency}
#     wavelength:
#       __class__: astropy.units.quantity.Quantity
#       unit: !astropy.units.Unit {unit: nm}
#       value: !astropy.table.SerializedColumn {name: wavelength}
# schema: astropy-2.0
amp_name wavelength efficiency
C00 319.994 57.79474587732039
C00 324.969 60.39862859009562
C00 349.982 69.66694462732455
C00 374.975 76.4431875736534
C00 400.019 82.32775392208919
C00 424.965 82.46525396004346
C00 450.035 83.03156935240368
C00 475.003 83.02771122415957
C00 500.018 84.36580445974977
C00 525.002 86.22865640458167
C00 550.029 88.18012354350165
C00 575.023 91.20798563336699
C00 599.982 93.05778690770848
C00 619.997 94.5324137467618
C00 624.979 94.66790481852979
C00 650.012 95.70275830579745
C00 675.004 96.60218920878074
C00 700.03 97.23367424666868
C00 725.012 97.8370946357119
C00 750.022 99.0016786364028
C00 774.987 99.67435509082992
C00 799.976 99.46371803008643
C00 824.988 98.60342391913362
C00 850.022 96.53001862048265
C00 869.967 94.23190588806379
C00 875.002 93.07531970351602
C00 899.999 86.22351223358952
C00 919.999 77.96288678665123
C00 925.012 75.6268091591439
C00 949.965 63.63449097258496
C00 975.002 48.513135658548144
C00 999.976 29.981295805513806
C00 1025.028 14.378777870421668
C00 1050.014 5.891161122379678
C00 1075.002 0.9431769742186215
C00 1099.99 0.0935811529030923
C01 319.994 57.29527046411625
C01 324.969 59.893019742247
C01 349.982 69.33133312840944
C01 374.975 76.45838418529736
C01 400.019 82.38491053203299
C01 424.965 82.48268021976537
C01 450.035 82.96853803830909
C01 475.003 82.88627696075717
C01 500.018 84.15848523710179
C01 525.002 85.96425666919393
C01 550.029 87.86571272562813
C01 575.023 90.88112531291485
C01 599.982 92.75351223741119
C01 619.997 94.2522466706999
C01 624.979 94.39982197846719
C01 650.012 95.47268601914575
C01 675.004 96.38080722282879
C01 700.03 97.04426830584839
C01 725.012 97.65674426217069
C01 750.022 98.84010905281515
C01 774.987 99.52222156054148
C01 799.976 99.32920861225037
C01 824.988 98.48361648111535
C01 850.022 96.41110912947188
C01 869.967 94.13183806476984
C01 875.002 92.98434549610315
C01 899.999 86.23430281712038
C01 919.999 78.07070891503542
C01 925.012 75.73803283254804
C01 949.965 63.67599058280045
C01 975.002 48.32507283337891
C01 999.976 29.892227833061774
C01 1025.028 14.464420517477487
C01 1050.014 5.939410554592255
C01 1075.002 0.9416376028782708
C01 1099.99 0.0934284178928941
C02 319.994 56.826987294842304
C02 324.969 59.41371389296991
C02 349.982 69.00555338825446
C02 374.975 76.49608274017176
C02 400.019 82.52865054071738
C02 424.965 82.61050069336756
C02 450.035 83.04656811131717
C02 475.003 82.91795622679312
C02 500.018 84.15802865387764
C02 525.002 85.93365037373474
C02 550.029 87.80448491526894
C02 575.023 90.8029049968967
C02 599.982 92.67441680354675
C02 619.997 94.18145344179467
C02 624.979 94.32726329442856
C02 650.012 95.422751033864
C02 675.004 96.34945517477016
C02 700.03 97.03318094322184
C02 725.012 97.66809796501134
C02 750.022 98.87401035720866
C02 774.987 99.57159342651345
C02 799.976 99.39476635351862
C02 824.988 98.55811564385664
C02 850.022 96.49680219092537
C02 869.967 94.22036194221307
C02 875.002 93.07032772693192
C02 899.999 86.34163031367841
C02 919.999 78.1884769479858
C02 925.012 75.84989572246602
C02 949.965 63.76545806557362
C02 975.002 48.388952631298395
C02 999.976 29.94957849087584
C02 1025.028 14.50396728319466
C02 1050.014 5.960250249522254
C02 1075.002 0.9419604240839232
C02 1099.99 0.09346044791634919
C03 319.994 56.38783794012964
C03 324.969 58.97220172007225
C03 349.982 68.7154784562284
C03 374.975 76.50305324406052
C03 400.019 82.59967967095508
C03 424.965 82.64759047060976
C03 450.035 83.02644801057275
C03 475.003 82.82870181619123
C03 500.018 84.00537766260182
C03 525.002 85.74729593079589
C03 550.029 87.5989920255176
C03 575.023 90.59159828075778
C03 599.982 92.47978298480987
C03 619.997 94.00379690927598
C03 624.979 94.15556517298509
C03 650.012 95.26901185257063
C03 675.004 96.2158284845008
C03 700.03 96.92124956582023
C03 725.012 97.57358523761125
C03 750.022 98.79902417236161
C03 774.987 99.51496188727742
C03 799.976 99.35104850980578
C03 824.988 98.52278371202745
C03 850.022 96.46233776722207
C03 869.967 94.17188041352823
C03 875.002 93.01384838210396
C03 899.999 86.27218400528444
C03 919.999 78.12056019339275
C03 925.012 75.77924707824845
C03 949.965 63.75663078990662
C03 975.002 48.41151925715225
C03 999.976 29.93015467954825
C03 1025.028 14.473448499520101
C03 1050.014 5.961547706850895
C03 1075.002 0.9412458671910646
C03 1099.99 0.09338955023788968
C04 319.994 56.0324107292862
C04 324.969 58.6155911977062
C04 349.982 68.5051229551398
C04 374.975 76.585778514557
C04 400.019 82.76041979501885
C04 424.965 82.78933673254866
C04 450.035 83.13398857930206
C04 475.003 82.90100937945657
C04 500.018 84.04554937660706
C04 525.002 85.7680095897317
C04 550.029 87.59775164109197
C04 575.023 90.57688108149918
C04 599.982 92.4553938309196
C04 619.997 93.97633342834305
C04 624.979 94.12871807940478
C04 650.012 95.24545215820423
C04 675.004 96.21283025466218
C04 700.03 96.92847119048228
C04 725.012 97.60306529445087
C04 750.022 98.84696541089788
C04 774.987 99.58437014706938
C04 799.976 99.43102667123694
C04 824.988 98.61229685312303
C04 850.022 96.5402004263813
C04 869.967 94.22135881558582
C04 875.002 93.0510979634746
C04 899.999 86.23902845349039
C04 919.999 78.05364031217243
C04 925.012 75.72541591612057
C04 949.965 63.83653665899394
C04 975.002 48.55536960678248
C04 999.976 30.016055105882707
C04 1025.028 14.492877066922945
C04 1050.014 5.965946125243588
C04 1075.002 0.9417024161136346
C04 1099.99 0.0934348486025642
C05 319.994 55.7760849072456
C05 324.969 58.34670553214114
C05 349.982 68.33873641853732
C05 374.975 76.72533317701996
C05 400.019 83.01268963608487
C05 424.965 83.03684288864268
C05 450.035 83.34661938679102
C05 475.003 83.09036966195444
C05 500.018 84.22552687384855
C05 525.002 85.93287418225367
C05 550.029 87.76343047369701
C05 575.023 90.74637999374632
C05 599.982 92.62305880054971
C05 619.997 94.14476697973382
C05 624.979 94.29811806528667
C05 650.012 95.42542204572531
C05 675.004 96.40247970653536
C05 700.03 97.13456524814545
C05 725.012 97.83845677566397
C05 750.022 99.11879223339855
C05 774.987 99.88362240190095
C05 799.976 99.75232428607478
C05 824.988 98.94206408676897
C05 850.022 96.85871288355182
C05 869.967 94.5203142913217
C05 875.002 93.34372215183552
C05 899.999 86.45021341410288
C05 919.999 78.24914163903519
C05 925.012 75.94246797116344
C05 949.965 64.12479286784378
C05 975.002 48.8264849204255
C05 999.976 30.221808628557845
C05 1025.028 14.611308096763395
C05 1050.014 6.005597049008771
C05 1075.002 0.9442918312066582
C05 1099.99 0.09369176798924725
C06 319.994 55.31009226381283
C06 324.969 57.84979459471267
C06 349.982 67.85918705820734
C06 374.975 76.53475533925769
C06 400.019 82.98053856738396
C06 424.965 83.06265506024823
C06 450.035 83.40798417211745
C06 475.003 83.22536610189627
C06 500.018 84.40146360955626
C06 525.002 86.10702263366679
C06 550.029 87.9578283911014
C06 575.023 90.90992810463862
C06 599.982 92.71416998292983
C06 619.997 94.18198612222285
C06 624.979 94.32473686725491
C06 650.012 95.41223440026764
C06 675.004 96.3763859752749
C06 700.03 97.1120404757538
C06 725.012 97.84264973160579
C06 750.022 99.14939091913733
C06 774.987 99.94964433611376
C06 799.976 99.84152542863386
C06 824.988 99.03994792030738
C06 850.022 96.9544583856571
C06 869.967 94.60651720404215
C06 875.002 93.43252758893367
C06 899.999 86.54479462898658
C06 919.999 78.42345750429716
C06 925.012 76.14920885506082
C06 949.965 64.2347381082203
C06 975.002 48.81475834128512
C06 999.976 30.293262000707998
C06 1025.028 14.671375424761184
C06 1050.014 6.019961823091222
C06 1075.002 0.9445830502618047
C06 1099.99 0.09372066247636145
C07 319.994 54.782232593507054
C07 324.969 57.304683688254244
C07 349.982 67.34832369842074
C07 374.975 76.12917246124081
C07 400.019 82.61583510736978
C07 424.965 82.681902699905
C07 450.035 82.97723594872924
C07 475.003 82.7361295674938
C07 500.018 83.8721238486322
C07 525.002 85.55680179995802
C07 550.029 87.40679331730956
C07 575.023 90.36023234163764
C07 599.982 92.17943493024033
C07 619.997 93.65431289006695
C07 624.979 93.79863123750194
C07 650.012 94.89343410210114
C07 675.004 95.86662602494667
C07 700.03 96.62225604148234
C07 725.012 97.38172135710093
C07 750.022 98.72585671069078
C07 774.987 99.55416716679153
C07 799.976 99.46610748229284
C07 824.988 98.63443352977414
C07 850.022 96.54876136183421
C07 869.967 94.20409996971276
C07 875.002 93.0360839851203
C07 899.999 86.28124718228392
C07 919.999 78.24074050771074
C07 925.012 75.98109491192695
C07 949.965 63.71789350819727
C07 975.002 48.26901963289348
C07 999.976 30.0926393320143
C07 1025.028 14.528464875600676
C07 1050.014 5.975859212890527
C07 1075.002 0.9405477894276043
C07 1099.99 0.09332028760351002
C10 319.994 57.717549068696385
C10 324.969 60.30420717934037
C10 349.982 69.50338129699144
C10 374.975 76.33208565577569
C10 400.019 82.2762589441249
C10 424.965 82.44714282548532
C10 450.035 83.02163105755791
C10 475.003 83.057244549042
C10 500.018 84.43843924099242
C10 525.002 86.3215787004176
C10 550.029 88.30496100670602
C10 575.023 91.34163515279756
C10 599.982 93.17628547381749
C10 619.997 94.6402434848664
C10 624.979 94.77703581882324
C10 650.012 95.80828229862007
C10 675.004 96.67054732715714
C10 700.03 97.21565442875537
C10 725.012 97.52716594315551
C10 750.022 98.34966257286868
C10 774.987 98.67901888161288
C10 799.976 98.33848389359729
C10 824.988 97.49270912917261
C10 850.022 95.2710055993161
C10 869.967 93.01300370313926
C10 875.002 91.89333227226442
C10 899.999 85.49038416028428
C10 919.999 77.68699637345559
C10 925.012 75.46996521192627
C10 949.965 63.139646074245796
C10 975.002 47.73738934612823
C10 999.976 29.71202965392861
C10 1025.028 14.16150798713227
C10 1050.014 5.887751016424271
C10 1075.002 0.9369684524384662
C10 1099.99 0.09296514907571704
C11 319.994 57.355547059425106
C11 324.969 59.94370428498841
C11 349.982 69.33895045853242
C11 374.975 76.51570820909002
C11 400.019 82.51048613811642
C11 424.965 82.62381009435168
C11 450.035 83.1223533168065
C11 475.003 83.06558480260323
C11 500.018 84.3768233348927
C11 525.002 86.21808650294248
C11 550.029 88.15508756337715
C11 575.023 91.19365652984894
C11 599.982 93.06392795207336
C11 619.997 94.55876620851595
C11 624.979 94.69921120826602
C11 650.012 95.76833126650651
C11 675.004 96.66210814723068
C11 700.03 97.22464150855082
C11 725.012 97.54649463297807
C11 750.022 98.37610635126765
C11 774.987 98.70614753484809
C11 799.976 98.37279612289254
C11 824.988 97.53886969313467
C11 850.022 95.31664870229079
C11 869.967 93.10845242614887
C11 875.002 92.00291224606161
C11 899.999 85.68447007915215
C11 919.999 77.93845958415893
C11 925.012 75.71124661673096
C11 949.965 63.26507709564157
C11 975.002 47.64862956735251
C11 999.976 29.731792097814118
C11 1025.028 14.303612857145154
C11 1050.014 5.969890338449751
C11 1075.002 0.9372203654000244
C11 1099.99 0.09299014364833516
C12 319.994 57.029432491572415
C12 324.969 59.62250179165558
C12 349.982 69.20561293763836
C12 374.975 76.71706902066276
C12 400.019 82.78311959097975
C12 424.965 82.86503062139316
C12 450.035 83.31875259067677
C12 475.003 83.21079348732532
C12 500.018 84.46895421980678
C12 525.002 86.28018182142756
C12 550.029 88.18834965125684
C12 575.023 91.20940865108227
C12 599.982 93.08679516188312
C12 619.997 94.59006498853176
C12 624.979 94.7365901548835
C12 650.012 95.81560284964735
C12 675.004 96.73308400942557
C12 700.03 97.3106389588204
C12 725.012 97.65045102339775
C12 750.022 98.48910308952561
C12 774.987 98.82322308324183
C12 799.976 98.49483320898875
C12 824.988 97.6741705218926
C12 850.022 95.45535868578908
C12 869.967 93.25277077358385
C12 875.002 92.15022121361481
C12 899.999 85.84638210015791
C12 919.999 78.08917770645249
C12 925.012 75.84822919369785
C12 949.965 63.3476425620096
C12 975.002 47.679760933519475
C12 999.976 29.786496475358188
C12 1025.028 14.349081887765639
C12 1050.014 5.98906778507931
C12 1075.002 0.9382968325476176
C12 1099.99 0.09309694972978932
C13 319.994 56.81898186897878
C13 324.969 59.41359974716387
C13 349.982 69.17759394711605
C13 374.975 77.03877756040237
C13 400.019 83.20838120595769
C13 424.965 83.26640532402739
C13 450.035 83.6708924023063
C13 475.003 83.51443655082919
C13 500.018 84.74040055628731
C13 525.002 86.52664544582642
C13 550.029 88.418033842168
C13 575.023 91.44009732508658
C13 599.982 93.32316068730775
C13 619.997 94.83799728896832
C13 624.979 94.98810663362967
C13 650.012 96.08753620823366
C13 675.004 97.02067056287999
C13 700.03 97.62075789438687
C13 725.012 97.97626120243434
C13 750.022 98.83241562548814
C13 774.987 99.18137457398939
C13 799.976 98.86276319045365
C13 824.988 98.0406394370402
C13 850.022 95.79574908911701
C13 869.967 93.57075816004658
C13 875.002 92.46632138941771
C13 899.999 86.1356656212621
C13 919.999 78.31921194450217
C13 925.012 76.04997049129074
C13 949.965 63.44775984848618
C13 975.002 47.70273848427507
C13 999.976 29.794208926986204
C13 1025.028 14.360737125777245
C13 1050.014 5.988743896354675
C13 1075.002 0.9415674037030543
C13 1099.99 0.09342145279521978
C14 319.994 56.340273382753296
C14 324.969 58.92232761255372
C14 349.982 68.78478017993471
C14 374.975 76.9298976808822
C14 400.019 83.17031738450397
C14 424.965 83.21303835484407
C14 450.035 83.56284959203042
C14 475.003 83.35851337978026
C14 500.018 84.55212085408661
C14 525.002 86.31088704325198
C14 550.029 88.1926034849619
C14 575.023 91.20500262296918
C14 599.982 93.09039455963354
C14 619.997 94.60975894493366
C14 624.979 94.75901600090991
C14 650.012 95.87635124762117
C14 675.004 96.82132632721392
C14 700.03 97.43726470631938
C14 725.012 97.81609180740077
C14 750.022 98.69402525024677
C14 774.987 99.06566116554771
C14 799.976 98.76031352467366
C14 824.988 97.93507739561556
C14 850.022 95.68487546285138
C14 869.967 93.46722791396944
C14 875.002 92.36187797689226
C14 899.999 86.02828485666126
C14 919.999 78.21077342876536
C14 925.012 75.9331993317131
C14 949.965 63.26715454931148
C14 975.002 47.501122747068834
C14 999.976 29.686946113051597
C14 1025.028 14.310246630906105
C14 1050.014 5.978303835569857
C14 1075.002 0.9402487444141768
C14 1099.99 0.09329061663200476
C15 319.994 55.98391398116054
C15 324.969 58.55332466051207
C15 349.982 68.51242828672628
C15 374.975 76.91935060840423
C15 400.019 83.24287606854261
C15 424.965 83.2702786717123
C15 450.035 83.59039677988777
C15 475.003 83.3577752369012
C15 500.018 84.52875901245068
C15 525.002 86.26749641751645
C15 550.029 88.14056060712862
C15 575.023 91.14310515721458
C15 599.982 93.01742495069317
C15 619.997 94.53056458470397
C15 624.979 94.68255353030476
C15 650.012 95.79752215397082
C15 675.004 96.75452059179965
C15 700.03 97.38654591983617
C15 725.012 97.7899524178179
C15 750.022 98.69732025918108
C15 774.987 99.09493575993645
C15 799.976 98.80204523136143
C15 824.988 97.97159644382755
C15 850.022 95.73271777502242
C15 869.967 93.5186315752889
C15 875.002 92.4103062375343
C15 899.999 86.07885905845683
C15 919.999 78.23962187881156
C15 925.012 75.94561839541011
C15 949.965 63.12914466009023
C15 975.002 47.319341746091936
C15 999.976 29.619054090049854
C15 1025.028 14.317531035761478
C15 1050.014 6.009563615768617
C15 1075.002 0.9402798784624546
C15 1099.99 0.09329370572367261
C16 319.994 55.63879033174219
C16 324.969 58.19749793934749
C16 349.982 68.23264169668451
C16 374.975 76.85806192028183
C16 400.019 83.24099646760317
C16 424.965 83.26357450803764
C16 450.035 83.56225603383902
C16 475.003 83.3138519307375
C16 500.018 84.4669528633409
C16 525.002 86.19000663465695
C16 550.029 88.05258462955436
C16 575.023 91.03758116439195
C16 599.982 92.89274729161725
C16 619.997 94.39397010347761
C16 624.979 94.54240530965039
C16 650.012 95.6522221526039
C16 675.004 96.60826176566201
C16 700.03 97.25616858017872
C16 725.012 97.6812323424262
C16 750.022 98.624015822543
C16 774.987 99.05484775285564
C16 799.976 98.77637764444353
C16 824.988 97.95114912510581
C16 850.022 95.74641527174707
C16 869.967 93.54812685156931
C16 875.002 92.44198550357025
C16 899.999 86.15090789122847
C16 919.999 78.26086821817557
C16 925.012 75.94402035412557
C16 949.965 62.90581078085503
C16 975.002 47.078079365588245
C16 999.976 29.54821710525231
C16 1025.028 14.38116922505818
C16 1050.014 6.041500661083208
C16 1075.002 0.9395811883581823
C16 1099.99 0.09322438233340012
C17 319.994 56.0863370129191
C17 324.969 58.668878264825295
C17 349.982 68.92547630045807
C17 374.975 77.88156170470883
C17 400.019 84.43238951327237
C17 424.965 84.46024108994581
C17 450.035 84.7338714161819
C17 475.003 84.46334585587007
C17 500.018 85.61724580911574
C17 525.002 87.34755164397545
C17 550.029 89.2382171168788
C17 575.023 92.25368297220834
C17 599.982 94.11094938226475
C17 619.997 95.62029176579466
C17 624.979 95.77024891604796
C17 650.012 96.8937556460057
C17 675.004 97.85404909276886
C17 700.03 98.52903890219837
C17 725.012 98.98421432807886
C17 750.022 99.98437510003114
C17 774.987 100.46107081521015
C17 799.976 100.20285017278931
C17 824.988 99.35863540104715
C17 850.022 97.14333925576962
C17 869.967 94.88132703694063
C17 875.002 93.76667802153149
C17 899.999 87.38220631068882
C17 919.999 79.231411958321
C17 925.012 76.84863347670301
C17 949.965 63.567449335838205
C17 975.002 47.6556837781657
C17 999.976 29.90098662124515
C17 1025.028 14.611831265041072
C17 1050.014 6.077288700529031
C17 1075.002 0.9525408096103917
C17 1099.99 0.09451022404828496
