lsstCam/transmission_filter_detector/r23_s01/i_39/19700101T000000.ecsv
# %ECSV 1.0
# ---
# datatype:
# - {name: wavelength, unit: nm, datatype: float32}
# - {name: efficiency, unit: '%', datatype: float64}
# meta: !!omap
# - {MODE: DETECTOR}
# - {TYPE: transmission_filter_detector}
# - {CALIBDATE: '1970-01-01T00:00:00'}
# - {INSTRUME: LSSTCam}
# - {OBSTYPE: transmission_filter_detector}
# - {CALIBCLS: lsst.ip.isr.IntermediateFilterDetectorTransmissionCurve}
# - {SOURCE: Materion (DM-46256)}
# - {DETECTOR: 100}
# - {FILTER: i_39}
# - {CALIB_ID: 'calibDate=1970-01-01T00:00:00 filter=i_39 detector=100'}
# - {DATE: '2025-04-02T15:59:46.943834'}
# - {CALIB_CREATION_DATE: '2025-04-02'}
# - {CALIB_CREATION_TIME: '15:59:46'}
# - __serialized_columns__:
#     efficiency:
#       __class__: astropy.units.quantity.Quantity
#       unit: !astropy.units.Unit {unit: '%'}
#       value: !astropy.table.SerializedColumn {name: efficiency}
#     wavelength:
#       __class__: astropy.units.quantity.Quantity
#       unit: !astropy.units.Unit {unit: nm}
#       value: !astropy.table.SerializedColumn {name: wavelength}
# schema: astropy-2.0
wavelength efficiency
[from data line 606]
906.0 1.5870244571628e-10
907.0 1.5870244571628e-10
908.0 8.123470820464718e-05
909.0 1.5870244571628e-10
910.0 1.5870244571628e-10
911.0 1.5870244571628e-10
912.0 5.3296923852030886e-05
913.0 4.241204578647739e-05
914.0 3.1527181931778614e-05
915.0 1.5870244571628e-10
916.0 1.5870244571628e-10
917.0 1.5870244571628e-10
918.0 1.5870244571628e-10
919.0 1.5870244571628e-10
920.0 8.980919119494502e-05
921.0 4.461307128167391e-05
922.0 1.5870244571628e-10
923.0 1.5870244571628e-10
924.0 1.5870244571628e-10
925.0 1.5870244571628e-10
926.0 0.00015658382608307875
927.0 1.5870244571628e-10
928.0 1.5870244571628e-10
929.0 5.482108349497139e-05
930.0 0.00027209302970732097
931.0 0.0002129491349478485
932.0 0.00015380524018837605
933.0 0.00012081774229955045
934.0 8.783027283243428e-05
935.0 1.5870244571628e-10
936.0 1.5870244571628e-10
937.0 1.5870244571628e-10
938.0 1.5870244571628e-10
939.0 1.5870244571628e-10
940.0 1.5870244571628e-10
941.0 1.5870244571628e-10
942.0 6.839650268375408e-05
943.0 1.5870244571628e-10
944.0 1.5870244571628e-10
945.0 1.5870244571628e-10
946.0 1.5870244571628e-10
947.0 1.5870244571628e-10
948.0 1.5870244571628e-10
949.0 1.5870244571628e-10
950.0 1.5870244571628e-10
951.0 1.5870244571628e-10
952.0 1.5870244571628e-10
953.0 1.5870244571628e-10
954.0 1.5870244571628e-10
955.0 1.934730597952239e-06
956.0 0.00023083487121766666
957.0 0.0001339126697530446
958.0 3.699041712934559e-05
959.0 7.064723490657343e-05
960.0 0.00010430405836814316
961.0 6.783167236790177e-05
962.0 3.135928920983133e-05
963.0 1.5870244571628e-10
964.0 1.5870244571628e-10
965.0 1.5870244571628e-10
966.0 1.5870244571628e-10
967.0 1.5870244571628e-10
968.0 1.5870244571628e-10
969.0 1.5870244571628e-10
970.0 1.5870244571628e-10
971.0 1.5870244571628e-10
972.0 1.5870244571628e-10
973.0 1.5870244571628e-10
974.0 1.5870244571628e-10
975.0 2.084917554157073e-05
976.0 4.391610843867966e-05
977.0 1.5870244571628e-10
978.0 1.5870244571628e-10
979.0 1.5870244571628e-10
980.0 1.5870244571628e-10
981.0 1.5870244571628e-10
982.0 1.5870244571628e-10
983.0 1.5870244571628e-10
984.0 1.5870244571628e-10
985.0 3.0288910579656658e-05
986.0 0.00022678557343169814
987.0 2.4322704916812654e-05
988.0 1.5870244571628e-10
989.0 1.5870244571628e-10
990.0 1.5870244571628e-10
991.0 1.5870244571628e-10
992.0 1.5870244571628e-10
993.0 1.5870244571628e-10
994.0 2.740007509771658e-06
995.0 1.5870244571628e-10
996.0 1.5870244571628e-10
997.0 1.5870244571628e-10
998.0 0.00029241091397125274
999.0 0.00029653208457602886
1000.0 0.0003006531642313348
1001.0 0.00018916049384642974
1002.0 7.766774388073827e-05
1003.0 5.7766862937569385e-05
1004.0 3.7866016100451816e-05
1005.0 1.5870244571628e-10
1006.0 1.5870244571628e-10
1007.0 7.033306701487163e-05
1008.0 0.0002847684754669899
1009.0 0.00018509016399548273
1010.0 8.541175589016348e-05
1011.0 0.00014437257505051093
1012.0 0.00020333336578914896
1013.0 0.00032001737508835504
1014.0 0.0004367014298622962
1015.0 0.0003930891580239404
1016.0 0.0003494769998724223
1017.0 0.00043372897380322684
1018.0 0.0005179810614208691
1019.0 0.00037878230614296626
1020.0 0.00023958343717822572
1021.0 0.00029242862638056977
1022.0 0.0003452737701081787
1023.0 0.0005519569640455302
1024.0 0.0007586401807202492
1025.0 0.0005964327101537492
1026.0 0.00043422519411251415
1027.0 0.00038493417378049344
1028.0 0.0003356431761858403
1029.0 0.0007606201961607439
1030.0 0.0011855972843477502
1031.0 0.0017932950868271291
1032.0 0.0024009925255086273
1033.0 0.0025636683858465403
1034.0 0.0027263437004876323
1035.0 0.0033227446692762896
1036.0 0.003919145456166007
1037.0 0.0039280770579352975
1038.0 0.003937008659704588
1039.0 0.003369589103385806
1040.0 0.002802169547067024
1041.0 0.0025926430680556223
1042.0 0.0023831164071452804
1043.0 0.0029945447749923915
1044.0 0.003605972960940562
1045.0 0.0034371158108115196
1046.0 0.0032682590244803578
1047.0 0.0027358597435522825
1048.0 0.0022034606445231475
1049.0 0.001959984911081847
1050.0 0.0017165091776405461
1051.0 0.001937003071361687
1052.0 0.0021574973288807087
1053.0 0.0014392914636118803
1054.0 0.0007210854164441116
1055.0 0.0007635861038579606
1056.0 0.0008060867912718095
1057.0 0.0009294290066463873
1058.0 0.0010527714948693756
1059.0 0.0009965899153030477
1060.0 0.0009404086085851304
1061.0 0.0016395637430832721
1062.0 0.002338718513783533
1063.0 0.002630335802678019
1064.0 0.002921953273471445
1065.0 0.0031425377528648823
1066.0 0.0033631225960562006
1067.0 0.003995372753706761
1068.0 0.004627622911357321
1069.0 0.003650101280072704
1070.0 0.002672579648788087
1071.0 0.0028791553631890565
1072.0 0.0030857307137921453
1073.0 0.0032290885428665206
1074.0 0.003372446008143015
1075.0 0.0033687931136228144
1076.0 0.003365139855304733
1077.0 0.0028066719096386805
1078.0 0.002248203418275807
1079.0 0.0022699374312651344
1080.0 0.002291671626153402
1081.0 0.001595241883478593
1082.0 0.0008988119589048438
1083.0 0.0002945141659438377
1084.0 1.5870244571628e-10
1085.0 0.0003681412636069581
1086.0 0.0010460665180289652
1087.0 0.0007272106358868768
1088.0 0.00040835475374478847
1089.0 1.5870244571628e-10
1090.0 1.5870244571628e-10
1091.0 1.5870244571628e-10
1092.0 1.5870244571628e-10
1093.0 1.5870244571628e-10
1094.0 0.0002564135456850636
1095.0 1.5870244571628e-10
1096.0 1.5870244571628e-10
1097.0 1.5870244571628e-10
1098.0 1.5870244571628e-10
1099.0 1.5870244571628e-10
1100.0 1.5870244571628e-10
