lsstCam/transmission_filter_detector/r23_s01/i_39/19700101T000000.ecsv
# %ECSV 1.0
# ---
# datatype:
# - {name: wavelength, unit: nm, datatype: float32}
# - {name: efficiency, unit: '%', datatype: float64}
# meta: !!omap
# - {MODE: DETECTOR}
# - {TYPE: transmission_filter_detector}
# - {CALIBDATE: '1970-01-01T00:00:00'}
# - {INSTRUME: LSSTCam}
# - {OBSTYPE: transmission_filter_detector}
# - {CALIBCLS: lsst.ip.isr.IntermediateFilterDetectorTransmissionCurve}
# - {SOURCE: Materion (DM-46256)}
# - {DETECTOR: 100}
# - {FILTER: i_39}
# - {CALIB_ID: 'calibDate=1970-01-01T00:00:00 filter=i_39 detector=100'}
# - {DATE: '2025-04-02T15:59:46.943834'}
# - {CALIB_CREATION_DATE: '2025-04-02'}
# - {CALIB_CREATION_TIME: '15:59:46'}
# - __serialized_columns__:
#     efficiency:
#       __class__: astropy.units.quantity.Quantity
#       unit: !astropy.units.Unit {unit: '%'}
#       value: !astropy.table.SerializedColumn {name: efficiency}
#     wavelength:
#       __class__: astropy.units.quantity.Quantity
#       unit: !astropy.units.Unit {unit: nm}
#       value: !astropy.table.SerializedColumn {name: wavelength}
# schema: astropy-2.0
wavelength efficiency
300.0 0.08851489401422441
301.0 0.04318177525419742
302.0 1.5870244571628e-10
303.0 0.027974930708296597
304.0 0.05810117581859231
305.0 0.04349038063082844
306.0 0.02887958544306457
307.0 0.00916542558115907
308.0 1.5870244571628e-10
309.0 1.5870244571628e-10
310.0 1.5870244571628e-10
311.0 1.5870244571628e-10
312.0 1.5870244571628e-10
313.0 1.5870244571628e-10
314.0 1.5870244571628e-10
315.0 1.5870244571628e-10
316.0 1.5870244571628e-10
317.0 1.5870244571628e-10
318.0 1.5870244571628e-10
319.0 1.5870244571628e-10
320.0 1.5870244571628e-10
321.0 1.5870244571628e-10
322.0 1.5870244571628e-10
323.0 1.5870244571628e-10
324.0 1.5870244571628e-10
325.0 1.5870244571628e-10
326.0 1.5870244571628e-10
327.0 0.00043155687308171764
328.0 0.003951428152504377
329.0 0.002609680814202875
330.0 0.0012679332940024324
331.0 0.0009892592970572878
332.0 0.0007105858912836993
333.0 0.000728570148567087
334.0 0.0007465553608199116
335.0 0.0004089959020348033
336.0 7.143729021663603e-05
337.0 0.0015154813809203915
338.0 0.0029595250452985056
339.0 0.00252609170274809
340.0 0.002092658723995555
341.0 1.5870244571628e-10
342.0 1.5870244571628e-10
343.0 1.5870244571628e-10
344.0 1.5870244571628e-10
345.0 1.5870244571628e-10
346.0 0.00016798437627585372
347.0 1.5870244571628e-10
348.0 1.5870244571628e-10
349.0 1.5870244571628e-10
350.0 1.5870244571628e-10
351.0 1.5870244571628e-10
352.0 2.3540883020700676e-06
353.0 1.5870244571628e-10
354.0 1.5870244571628e-10
355.0 1.5870244571628e-10
356.0 0.00014527712437484297
357.0 0.0005799711743748048
358.0 0.0010146653949050233
359.0 0.0008933997378335334
360.0 0.0007721338079136331
361.0 0.0008929679097491316
362.0 0.0010138020115846302
363.0 0.0006932679752935655
364.0 0.00037273405268933857
365.0 0.0010053367077489384
366.0 0.0016379399312427267
367.0 0.0010949212082778104
368.0 0.000551902485312894
369.0 0.0009032794878294226
370.0 0.0012546566722448915
371.0 0.0010048675903817639
372.0 0.000755078417569166
373.0 0.0009826197128859349
374.0 0.0012101610082027037
375.0 0.0003538883902365342
376.0 1.5870244571628e-10
377.0 1.5870244571628e-10
378.0 0.00025993463168560993
379.0 0.00010002767112382571
380.0 1.5870244571628e-10
381.0 1.5870244571628e-10
382.0 1.5870244571628e-10
383.0 0.0003204374024790013
384.0 0.0014731305782333948
385.0 0.0009047429557540454
386.0 0.0003363552195878583
387.0 1.5870244571628e-10
388.0 1.5870244571628e-10
389.0 1.5870244571628e-10
390.0 1.5870244571628e-10
391.0 1.5870244571628e-10
392.0 1.5870244571628e-10
393.0 1.5870244571628e-10
394.0 0.0003699118451550021
395.0 1.5870244571628e-10
396.0 1.5870244571628e-10
397.0 1.5870244571628e-10
398.0 1.5870244571628e-10
399.0 1.5870244571628e-10
400.0 1.5870244571628e-10
401.0 0.001041607538354583
402.0 0.0021896074031246826
403.0 0.0027288062483421527
404.0 0.003268006184953265
405.0 0.0036634901334764436
406.0 0.004058973354403861
407.0 0.001972543577721808
408.0 1.5870244571628e-10
409.0 3.903429615093046e-05
410.0 0.00019195560980733717
411.0 0.002208499972766731
412.0 0.004225044904160313
413.0 0.003979745088145137
414.0 0.003734447091119364
415.0 0.0036445955629460514
416.0 0.003554744034772739
417.0 0.002382265665801242
418.0 0.0012097873877792154
419.0 0.0036512628867058083
420.0 0.0060927384765818715
421.0 0.004985350460628979
422.0 0.0038779624446760863
423.0 0.004957881901646033
424.0 0.006037800994818099
425.0 0.004301282751839608
426.0 0.002564763417467475
427.0 0.003419328641030006
428.0 0.004273894228390418
429.0 0.005084536678623408
430.0 0.005895179492654279
431.0 0.00423825258621946
432.0 0.002581326407380402
433.0 0.0030641160265076905
434.0 0.003546905645634979
435.0 0.002546314681239892
436.0 0.0015457235349458642
437.0 0.001084285668184748
438.0 0.0006228478468983667
439.0 0.0014163095329422504
440.0 0.00220977162825875
441.0 0.000630837303106091
442.0 1.5870244571628e-10
443.0 1.5870244571628e-10
444.0 1.5870244571628e-10
445.0 1.5870244571628e-10
446.0 1.5870244571628e-10
447.0 1.5870244571628e-10
448.0 0.00013885917269362835
449.0 1.5870244571628e-10
450.0 1.5870244571628e-10
451.0 0.00021680036752513843
452.0 0.0011154540516145062
453.0 0.0014998162441770546
454.0 0.0018841787095880136
455.0 0.0017270804164581932
456.0 0.0015699821233283728
457.0 0.001234319915965898
458.0 0.0008986577086034231
459.0 0.00031787451462150784
460.0 1.5870244571628e-10
461.0 4.278087715192669e-05
462.0 0.0003484705985101755
463.0 0.00017481722807133337
464.0 1.1639118113748737e-06
465.0 0.000255435224971734
466.0 0.0005097065240988741
467.0 0.0008261160473921336
468.0 0.001142525525210658
469.0 0.0007459822427335894
470.0 0.0003494390284686233
471.0 0.0003849526819976745
472.0 0.0004204663582640933
473.0 0.0008864317351253703
474.0 0.001352397430309793
475.0 0.000846002330945339
476.0 0.00033960745895456057
477.0 0.000845270278659882
478.0 0.0013509330528904684
479.0 0.001343792064290028
480.0 0.0013366509847401176
481.0 0.0026276455173501745
482.0 0.003918638685718179
483.0 0.005472536577144638
484.0 0.007026433740975335
485.0 0.008233970584115013
486.0 0.009441507427254692
487.0 0.012001735012745485
488.0 0.014561963325832039
489.0 0.01768006623024121
490.0 0.02079816913465038
491.0 0.02263805945403874
492.0 0.024477951228618622
493.0 0.02539537672419101
494.0 0.02631280804052949
495.0 0.023154992959462106
496.0 0.01999717205762863
497.0 0.016374072583857924
498.0 0.01275097019970417
499.0 0.009078831499209628
500.0 0.005406691707321443
501.0 0.004119184086448513
502.0 0.002831676829373464
503.0 0.002564967144280672
504.0 0.00229825745918788
505.0 0.002084838524751831
506.0 0.0018714197722147219
507.0 0.001733214594423771
508.0 0.0015950092347338796
509.0 0.001708425406832248
510.0 0.0018218417608295567
511.0 0.0014542636563419364
512.0 0.001086685460904846
513.0 0.0014810801076237112
514.0 0.0018754748452920467
515.0 0.0025297937099821866
516.0 0.0031841125746723264
517.0 0.002630498966027517
518.0 0.0020768853573827073
519.0 0.002122684963978827
520.0 0.002168484752473887
521.0 0.0016300864444929175
522.0 0.0010916884093603585
523.0 0.0012974419405509252
524.0 0.0015031958355393726
525.0 0.0019658882592921145
526.0 0.002428580410196446
527.0 0.0024487262635375373
528.0 0.0024688721168786287
529.0 0.0019554523532860912
530.0 0.0014420325896935537
531.0 0.0014187042324920185
532.0 0.001395376239088364
533.0 0.0015033472664072178
534.0 0.0016113182937260717
535.0 0.0016832369510666467
536.0 0.0017551556084072217
537.0 0.002547766052884981
538.0 0.0033403761335648596
539.0 0.003976453808718361
540.0 0.004612531483871862
541.0 0.005353620872483589
542.0 0.006094710988691077
543.0 0.005073407737654634
544.0 0.004052104850416072
545.0 0.0032506130082765594
546.0 0.002449121711833868
547.0 0.001998472544073593
548.0 0.0015478237401111983
549.0 0.0017660826415522024
550.0 0.0019843419067910872
551.0 0.001709115349513013
552.0 0.0014338887922349386
553.0 0.0014649123841081746
554.0 0.0014959358850319404
555.0 0.0011597790035011712
556.0 0.0008236219400714617
557.0 0.0007266268767125439
558.0 0.0006296318133536261
559.0 0.00026605548555380665
560.0 1.5870244571628e-10
561.0 0.0006822408977313899
562.0 0.0014620028196077328
563.0 0.0016363603208446875
564.0 0.001810717731132172
565.0 0.001462703130528098
566.0 0.0011146888027724344
567.0 0.0006728125299559906
568.0 0.00023093648451322224
569.0 0.00044472503759607207
570.0 0.0006585133178305114
571.0 0.0005303454145177966
572.0 0.00040217746573034674
573.0 0.0003891350388585124
574.0 0.0003760926801987807
575.0 0.00046920849854359403
576.0 0.00056232438510051
577.0 0.000568168889003573
578.0 0.0005740135748055764
579.0 0.00025642896162025863
580.0 1.5870244571628e-10
581.0 0.00010277245792167378
582.0 0.0002667005901457742
583.0 0.0004961767444910947
584.0 0.0007256528078869451
585.0 0.0008600268301961478
586.0 0.0009944010344042908
587.0 0.0009188255717162974
588.0 0.000843250109028304
589.0 0.0005831613179907436
590.0 0.0003230725724279182
591.0 0.0005923308435740182
592.0 0.0008615892511443235
593.0 0.0005635597972286632
594.0 0.0002655303205756354
595.0 0.0005693480034096865
596.0 0.0008731655725568999
597.0 0.0007198297680588439
598.0 0.000566493963560788
599.0 0.0005352507287170738
600.0 0.0005040073119744193
601.0 0.00040992731555888895
602.0 0.0003158472964059911
603.0 0.000220647575588373
604.0 0.0001254477410839172
605.0 0.00016077361806310364
606.0 0.00019609949504229007
607.0 0.0004118031938560307
608.0 0.0006275067789829336
609.0 0.000541703730050358
610.0 0.00045590036279463675
611.0 0.0006306453542492818
612.0 0.0008053904821281321
613.0 0.0005223831976763904
614.0 0.00023937604964885395
615.0 1.5870244571628e-10
616.0 1.5870244571628e-10
617.0 1.5870244571628e-10
618.0 0.0001334306602984725
619.0 0.0002552913883846486
620.0 0.0003771521960516111
621.0 0.0005237718596617924
622.0 0.0006703915005346062
623.0 0.0005520747890841449
624.0 0.00043375812310841866
625.0 0.0004275055744074052
626.0 0.00042125307118112687
627.0 0.0003256901663917233
628.0 0.00023012726160231978
629.0 0.00043753557292802725
630.0 0.0006449439297284698
631.0 0.0005730883003707277
632.0 0.0005012326255382504
633.0 0.00045512724682339467
634.0 0.0004090218226338038
635.0 0.0003944578111259034
636.0 0.00037989368593116524
637.0 0.0003887842467520386
638.0 0.00039767469388607424
639.0 0.0006433002909034258
640.0 0.0008889258424460422
641.0 0.0006297114850895014
642.0 0.00037049719594506314
643.0 0.0006734601811331231
644.0 0.0009764231435838155
645.0 0.0008365593203052413
646.0 0.0006966955425014021
647.0 0.0007719454515608959
648.0 0.0008471957698930055
649.0 0.0007477589861082379
650.0 0.0006483221113740001
651.0 0.0008010298188310117
652.0 0.0009537377081869636
653.0 0.0011306015949230641
654.0 0.0013074653907096945
655.0 0.0019451754269539379
656.0 0.002582885281299241
657.0 0.0036408513551577926
658.0 0.004698815973824821
659.0 0.007349508086917922
660.0 0.12189613189548254
661.0 0.10149984154850245
662.0 0.05308185936883092
663.0 0.11751290876418352
664.0 0.09735890198498964
665.0 0.1638474757783115
666.0 0.17220049630850554
667.0 0.2489039907231927
668.0 0.22648342419415712
669.0 0.3920401446521282
670.0 0.49080257304012775
671.0 0.7819043472409248
672.0 1.2226215563714504
673.0 1.8787743523716927
674.0 2.736765891313553
675.0 3.7586405873298645
676.0 4.851549491286278
677.0 6.282510608434677
678.0 7.729538530111313
679.0 9.210748970508575
680.0 11.326858401298523
681.0 13.526715338230133
682.0 16.125531494617462
683.0 18.95987242460251
684.0 21.973241865634918
685.0 24.89728182554245
686.0 27.9202401638031
687.0 31.23566210269928
688.0 34.69381630420685
689.0 38.27047348022461
690.0 42.53457486629486
691.0 47.07280695438385
692.0 52.42312550544739
693.0 57.88512825965881
694.0 64.07371163368225
695.0 69.83004212379456
696.0 76.01385116577148
697.0 81.28122091293335
698.0 86.6328477859497
699.0 90.50551056861877
700.0 93.30401420593262
701.0 95.25431394577026
702.0 96.52338027954102
703.0 97.16965556144714
704.0 97.32798337936401
705.0 97.6997971534729
706.0 97.6941168308258
707.0 97.66318798065186
708.0 97.84225821495056
709.0 97.93750047683716
710.0 97.69574403762817
711.0 97.96386957168579
712.0 97.81192541122437
713.0 97.9155957698822
714.0 98.00118803977966
715.0 98.12042117118835
716.0 97.87498116493225
717.0 98.05712103843689
718.0 98.13735485076904
719.0 98.02011251449585
720.0 98.17720055580139
721.0 98.01571369171143
722.0 97.68429398536682
723.0 97.46741652488708
724.0 97.20608592033386
725.0 96.93916440010071
726.0 96.80396318435669
727.0 96.56530022621155
728.0 96.43325209617615
729.0 96.24162912368774
730.0 96.36286497116089
731.0 96.41185998916626
732.0 96.51495218276978
733.0 96.85555100440979
734.0 97.16054797172546
735.0 97.32435941696167
736.0 97.67274856567383
737.0 98.02300333976746
738.0 98.26919436454773
739.0 98.57814908027649
740.0 98.59064817428589
741.0 98.48724603652954
742.0 98.88018369674683
743.0 98.6818253993988
744.0 98.50505590438843
745.0 98.40342998504639
746.0 98.44383597373962
747.0 98.62135648727417
748.0 98.49691390991211
749.0 98.42223525047302
750.0 98.34908843040466
751.0 98.39128255844116
752.0 98.30688834190369
753.0 98.48875999450684
754.0 98.38581681251526
755.0 98.55881333351135
756.0 98.51758480072021
757.0 98.57685565948486
758.0 98.59856963157654
759.0 98.78713488578796
760.0 98.62133264541626
761.0 98.6048936843872
762.0 98.62220883369446
763.0 98.50838780403137
764.0 98.48501682281494
765.0 98.49154949188232
766.0 98.54711890220642
767.0 98.21574687957764
768.0 98.2239305973053
769.0 98.29818606376648
770.0 97.94625043869019
771.0 97.9832410812378
772.0 97.97425866127014
773.0 97.77777194976807
774.0 97.6822018623352
775.0 97.8255569934845
776.0 97.69378900527954
777.0 97.78895378112793
778.0 97.89038300514221
779.0 97.93176651000977
780.0 97.97518849372864
781.0 98.31284880638123
782.0 98.25718402862549
783.0 98.35619926452637
784.0 98.35458397865295
785.0 98.47937226295471
786.0 98.54872822761536
787.0 98.40276837348938
788.0 98.411625623703
789.0 98.49308133125305
790.0 98.39248657226562
791.0 98.34691286087036
792.0 98.28079342842102
793.0 98.22861552238464
794.0 98.10490012168884
795.0 97.87900447845459
796.0 97.89291620254517
797.0 97.90871739387512
798.0 97.78059124946594
799.0 97.6549506187439
800.0 97.4071204662323
801.0 97.43474125862122
802.0 97.19653725624084
803.0 96.82262539863586
804.0 96.32845520973206
805.0 95.48423290252686
806.0 94.66105103492737
807.0 93.12610626220703
808.0 91.56359434127808
809.0 89.64218497276306
810.0 87.40119934082031
811.0 84.72383618354797
812.0 81.54417276382446
813.0 77.95206308364868
814.0 73.98297786712646
815.0 69.75265145301819
816.0 65.44281244277954
817.0 60.62334179878235
818.0 55.78752160072327
819.0 51.62760615348816
820.0 46.869611740112305
821.0 42.473217844963074
822.0 38.04229497909546
823.0 33.40802788734436
824.0 28.83874475955963
825.0 24.706460535526276
826.0 20.350582897663116
827.0 15.937472879886627
828.0 12.115386873483658
829.0 8.708294481039047
830.0 5.636823922395706
831.0 3.700285032391548
832.0 2.231583371758461
833.0 1.2691403739154339
834.0 0.7274602074176073
835.0 0.41351080872118473
836.0 0.24022371508181095
837.0 0.20863485988229513
838.0 0.07091120933182538
839.0 0.07554676267318428
840.0 0.02968178887385875
841.0 0.021336226200219244
842.0 0.03354585205670446
843.0 1.5870244571628e-10
844.0 1.5870244571628e-10
845.0 1.5870244571628e-10
846.0 1.5870244571628e-10
847.0 1.5870244571628e-10
848.0 1.5870244571628e-10
849.0 1.5870244571628e-10
850.0 1.5870244571628e-10
851.0 1.5870244571628e-10
852.0 0.0005113556653668638
853.0 0.0009801256965147331
854.0 0.0014488959095615428
855.0 0.0012244230674696155
856.0 0.000999950134428218
857.0 0.0009222245353157632
858.0 0.0008444984814559575
859.0 0.0004459673164092237
860.0 4.74359723057205e-05
861.0 0.00014668756875835243
862.0 0.00024593903162895003
863.0 7.092334044500603e-05
864.0 1.5870244571628e-10
865.0 1.5870244571628e-10
866.0 4.4706482071887876e-05
867.0 6.65598406612844e-05
868.0 8.841315661811677e-05
869.0 1.5870244571628e-10
870.0 1.5870244571628e-10
871.0 1.5080021853464132e-05
872.0 0.00021723637928516837
873.0 0.0002150815817003604
874.0 0.0002129267613781849
875.0 0.0001528600591882423
876.0 9.279340815737669e-05
877.0 1.5870244571628e-10
878.0 1.5870244571628e-10
879.0 1.1343529138230224e-05
880.0 0.000491081846121233
881.0 0.00015339678611780982
882.0 1.5870244571628e-10
883.0 8.88163015133614e-05
884.0 0.0003619208655436523
885.0 0.0001435067815691582
886.0 1.5870244571628e-10
887.0 1.1425085233440768e-05
888.0 9.775749276741408e-05
889.0 2.1785162118703738e-05
890.0 1.5870244571628e-10
891.0 0.00012781871419065283
892.0 0.0003098245542787481
893.0 0.00033240128232137067
894.0 0.00035497801036399323
895.0 4.6130361397445085e-05
896.0 1.5870244571628e-10
897.0 1.5870244571628e-10
898.0 1.9593038302900823e-05
899.0 1.5870244571628e-10
900.0 1.5870244571628e-10
901.0 1.5870244571628e-10
902.0 1.5870244571628e-10
903.0 1.5870244571628e-10
904.0 1.5870244571628e-10
