lsstCam/transmission_filter_detector/r20_s11/z_20/19700101T000000.ecsv
# %ECSV 1.0
# ---
# datatype:
# - {name: wavelength, unit: nm, datatype: float32}
# - {name: efficiency, unit: '%', datatype: float64}
# meta: !!omap
# - {MODE: DETECTOR}
# - {TYPE: transmission_filter_detector}
# - {CALIBDATE: '1970-01-01T00:00:00'}
# - {INSTRUME: LSSTCam}
# - {OBSTYPE: transmission_filter_detector}
# - {CALIBCLS: lsst.ip.isr.IntermediateFilterDetectorTransmissionCurve}
# - {SOURCE: Materion (DM-46256)}
# - {DETECTOR: 76}
# - {FILTER: z_20}
# - {CALIB_ID: 'calibDate=1970-01-01T00:00:00 filter=z_20 detector=76'}
# - {DATE: '2025-04-02T15:59:48.990775'}
# - {CALIB_CREATION_DATE: '2025-04-02'}
# - {CALIB_CREATION_TIME: '15:59:48'}
# - __serialized_columns__:
#     efficiency:
#       __class__: astropy.units.quantity.Quantity
#       unit: !astropy.units.Unit {unit: '%'}
#       value: !astropy.table.SerializedColumn {name: efficiency}
#     wavelength:
#       __class__: astropy.units.quantity.Quantity
#       unit: !astropy.units.Unit {unit: nm}
#       value: !astropy.table.SerializedColumn {name: wavelength}
# schema: astropy-2.0
wavelength efficiency
[from data line 597]
897.0 99.248868227005
898.0 98.8285779953003
899.0 98.44364523887634
900.0 98.57709407806396
901.0 99.1881012916565
902.0 99.25458431243896
903.0 98.76359105110168
904.0 97.90254235267639
905.0 98.57576489448547
906.0 98.10943007469177
907.0 98.48412275314331
908.0 98.00820350646973
909.0 98.53008985519409
910.0 97.88708090782166
911.0 97.14406132698059
912.0 95.82940936088562
913.0 95.10912299156189
914.0 92.65105724334717
915.0 90.4619812965393
916.0 88.40402364730835
917.0 86.69676780700684
918.0 83.29032063484192
919.0 82.08639621734619
920.0 79.46122884750366
921.0 75.30025839805603
922.0 71.12931609153748
923.0 65.20089507102966
924.0 59.66053605079651
925.0 54.31073307991028
926.0 48.3085572719574
927.0 40.98420739173889
928.0 35.137566924095154
929.0 28.7833034992218
930.0 23.07802587747574
931.0 17.883746325969696
932.0 12.474801391363144
933.0 8.407092839479446
934.0 5.381973832845688
935.0 3.268798813223839
936.0 1.8279431387782097
937.0 1.088489592075348
938.0 0.6099746562540531
939.0 0.37968787364661694
940.0 0.22821049205958843
941.0 0.16477364115417004
942.0 0.20319761242717505
943.0 0.10481022763997316
944.0 0.04614656209014356
945.0 1.633212987593724e-10
946.0 0.09012789814732969
947.0 1.633212987593724e-10
948.0 0.017177675908897072
949.0 1.633212987593724e-10
950.0 0.026427855482324958
951.0 0.03407855692785233
952.0 1.633212987593724e-10
953.0 0.08248682133853436
954.0 1.633212987593724e-10
955.0 0.1013576053082943
956.0 0.046684459084644914
957.0 1.633212987593724e-10
958.0 0.05675296997651458
959.0 0.02842723042704165
960.0 0.05951834027655423
961.0 1.633212987593724e-10
962.0 1.633212987593724e-10
963.0 1.633212987593724e-10
964.0 1.633212987593724e-10
965.0 0.029926709248684347
966.0 0.07283223094418645
967.0 1.633212987593724e-10
968.0 1.633212987593724e-10
969.0 0.0038948855944909155
970.0 1.633212987593724e-10
971.0 1.633212987593724e-10
972.0 1.633212987593724e-10
973.0 1.633212987593724e-10
974.0 0.01845415827119723
975.0 1.633212987593724e-10
976.0 0.006422589649446309
977.0 0.006376583041856065
978.0 0.006330577889457345
979.0 0.006085280983825214
980.0 0.005839982986799441
981.0 0.005678439993062057
982.0 0.005516896999324672
983.0 0.005486874943017028
984.0 0.005456853250507265
985.0 0.005226486609899439
986.0 0.004996119241695851
987.0 0.005010380846215412
988.0 0.005024642450734973
989.0 0.004924364839098416
990.0 0.00482408759125974
991.0 0.00479633454233408
992.0 0.0047685818572063
993.0 0.004748803257825784
994.0 0.004729024294647388
995.0 0.004669147165259346
996.0 0.004609269672073424
997.0 0.0044591957703232765
998.0 0.0043091215047752485
999.0 0.004291535151423886
1000.0 0.004273948798072524
1001.0 0.004273590093362145
1002.0 0.004273231388651766
1003.0 0.004322186941863038
1004.0 0.00437114285887219
1005.0 0.00440677504229825
1006.0 0.004442406861926429
1007.0 0.004347659341874532
1008.0 0.0042529121856205165
1009.0 0.0042522904550423846
1010.0 0.004251669088262133
1011.0 0.004375521166366525
1012.0 0.004499373244470917
1013.0 0.004400481338961981
1014.0 0.004301589069655165
1015.0 0.004417417949298397
1016.0 0.004533246465143748
1017.0 0.004624466600944288
1018.0 0.0047156867367448285
1019.0 0.004613765122485347
1020.0 0.004511843508225866
1021.0 0.004566264033201151
1022.0 0.004620684194378555
1023.0 0.004588555020745844
1024.0 0.004556425483315252
1025.0 0.004616328442352824
1026.0 0.004676231765188277
1027.0 0.004746882768813521
1028.0 0.004817534136236645
1029.0 0.004685598105425015
1030.0 0.004553662074613385
1031.0 0.00467404825030826
1032.0 0.004794434426003136
1033.0 0.00486662975163199
1034.0 0.004938825077260844
1035.0 0.005098093606648035
1036.0 0.005257362136035226
1037.0 0.0053504238167079166
1038.0 0.0054434858611784875
1039.0 0.00546365263289772
1040.0 0.005483819404616952
1041.0 0.005550988134928048
1042.0 0.005618156865239143
1043.0 0.00544784743397031
1044.0 0.005277538366499357
1045.0 0.00575926351302769
1046.0 0.006240988295758143
1047.0 0.006181924982229248
1048.0 0.0061228602135088295
1049.0 0.006163810030557215
1050.0 0.006204758392414078
1051.0 0.006357946404023096
1052.0 0.006511135143227875
1053.0 0.006734325143042952
1054.0 0.006957516598049551
1055.0 0.007396432920359075
1056.0 0.00783534997026436
1057.0 0.007559671939816326
1058.0 0.0072839939093682915
1059.0 0.007573607581434771
1060.0 0.00786322052590549
1061.0 0.008288819662993774
1062.0 0.008714418800082058
1063.0 0.008879270899342373
1064.0 0.00904412372619845
1065.0 0.00922462932066992
1066.0 0.009405137097928673
1067.0 0.009492824756307527
1068.0 0.009580513142282143
1069.0 0.01033357038977556
1070.0 0.011086628364864737
1071.0 0.010659120744094253
1072.0 0.01023161385091953
1073.0 0.010572481551207602
1074.0 0.010913350706687197
1075.0 0.011124951561214402
1076.0 0.01133655387093313
1077.0 0.012036336556775495
1078.0 0.012736117059830576
1079.0 0.012910221994388849
1080.0 0.013084326928947121
1081.0 0.01361295289825648
1082.0 0.014141581777948886
1083.0 0.014212352107279003
1084.0 0.014283123891800642
1085.0 0.014878575166221708
1086.0 0.015474027895834297
1087.0 0.01565836282679811
1088.0 0.01584269921295345
1089.0 0.016438889724668115
1090.0 0.01703508460195735
1091.0 0.016592335305176675
1092.0 0.016149584553204477
1093.0 0.01717562845442444
1094.0 0.018201667990069836
1095.0 0.019410927779972553
1096.0 0.02062018756987527
1097.0 0.020232805400155485
1098.0 0.0198454232304357
1099.0 0.021279060456436127
1100.0 0.02271269477205351
1101.0 0.023642230371478945
1102.0 0.02457176160532981
1103.0 0.02514460647944361
1104.0 0.025717448443174362
1105.0 0.026028440333902836
1106.0 0.026339429314248264
1107.0 0.027184397913515568
1108.0 0.02802936651278287
1109.0 0.029167122556827962
1110.0 0.030304875690490007
1111.0 0.030095927650108933
1112.0 0.029886982520110905
1113.0 0.031341545400209725
1114.0 0.032796108280308545
1115.0 0.03375935193616897
1116.0 0.03472259268164635
1117.0 0.03509271482471377
1118.0 0.03546283405739814
1119.0 0.037927410448901355
1120.0 0.040391983930021524
1121.0 0.04225675074849278
1122.0 0.04412151756696403
1123.0 0.044130819151178
1124.0 0.044140120735391974
1125.0 0.044778737355954945
1126.0 0.04541735688690096
1127.0 0.04878974868915975
1128.0 0.052162137581035495
1129.0 0.05320468917489052
1130.0 0.05424724076874554
1131.0 0.05661748582497239
1132.0 0.05898772506043315
1133.0 0.06153478170745075
1134.0 0.06408183835446835
1135.0 0.06417502881959081
1136.0 0.06426821928471327
1137.0 0.0717928574886173
1138.0 0.07931751315481961
1139.0 0.08179207216016948
1140.0 0.08426661370322108
1141.0 0.09609888074919581
1142.0 0.10793113615363836
1143.0 0.1304989098571241
1144.0 0.15306667191907763
1145.0 0.2968745306134224
1146.0 0.4406824242323637
1147.0 0.9255039505660534
1148.0 1.4103256165981293
1149.0 1.574099063873291
1150.0 1.7378738150000572
