lsstCam/transmission_filter_detector/r20_s11/z_20/19700101T000000.ecsv
# %ECSV 1.0
# ---
# datatype:
# - {name: wavelength, unit: nm, datatype: float32}
# - {name: efficiency, unit: '%', datatype: float64}
# meta: !!omap
# - {MODE: DETECTOR}
# - {TYPE: transmission_filter_detector}
# - {CALIBDATE: '1970-01-01T00:00:00'}
# - {INSTRUME: LSSTCam}
# - {OBSTYPE: transmission_filter_detector}
# - {CALIBCLS: lsst.ip.isr.IntermediateFilterDetectorTransmissionCurve}
# - {SOURCE: Materion (DM-46256)}
# - {DETECTOR: 76}
# - {FILTER: z_20}
# - {CALIB_ID: 'calibDate=1970-01-01T00:00:00 filter=z_20 detector=76'}
# - {DATE: '2025-04-02T15:59:48.990775'}
# - {CALIB_CREATION_DATE: '2025-04-02'}
# - {CALIB_CREATION_TIME: '15:59:48'}
# - __serialized_columns__:
#     efficiency:
#       __class__: astropy.units.quantity.Quantity
#       unit: !astropy.units.Unit {unit: '%'}
#       value: !astropy.table.SerializedColumn {name: efficiency}
#     wavelength:
#       __class__: astropy.units.quantity.Quantity
#       unit: !astropy.units.Unit {unit: nm}
#       value: !astropy.table.SerializedColumn {name: wavelength}
# schema: astropy-2.0
wavelength efficiency
300.0 0.5817449185997248
301.0 0.4349399823695421
302.0 0.2881351625546813
303.0 0.2652942668646574
304.0 0.2424533711746335
305.0 0.21173388231545687
306.0 0.18101439345628023
307.0 0.16187498113140464
308.0 0.14273555716499686
309.0 0.135320657864213
310.0 0.1279057702049613
311.0 0.12124459026381373
312.0 0.11458342196419835
313.0 0.10740886209532619
314.0 0.10023430222645402
315.0 0.09160226909443736
316.0 0.08297023014165461
317.0 0.07358735892921686
318.0 0.0642044935375452
319.0 0.06745267892256379
320.0 0.07070087012834847
321.0 0.0651692389510572
322.0 0.05963761359453201
323.0 0.05652731633745134
324.0 0.053417024901136756
325.0 0.047065247781574726
326.0 0.04071347357239574
327.0 0.040061213076114655
328.0 0.03940894966945052
329.0 0.03543393686413765
330.0 0.03145892696920782
331.0 0.02929910260718316
332.0 0.02713928115554154
333.0 0.026739458553493023
334.0 0.02633963304106146
335.0 0.024783308617770672
336.0 0.023226979828905314
337.0 0.02337876649107784
338.0 0.02353055024286732
339.0 0.021334513439796865
340.0 0.019138479547109455
341.0 0.01811108086258173
342.0 0.01708368508843705
343.0 0.01567857834743336
344.0 0.014273474516812712
345.0 0.013572484022006392
346.0 0.012871493527200073
347.0 0.012554219574667513
348.0 0.012236945622134954
349.0 0.013406010111793876
350.0 0.014575073146261275
351.0 0.013158358342479914
352.0 0.011741639173123986
353.0 0.012986936781089753
354.0 0.01423223438905552
355.0 0.011967906903009862
356.0 0.00970357796177268
357.0 0.010081111395265907
358.0 0.010458646283950657
359.0 0.010048564581666142
360.0 0.00963848433457315
361.0 0.008934573997976258
362.0 0.008230665844166651
363.0 0.008298753527924418
364.0 0.008366840484086424
365.0 0.008508590690325946
366.0 0.00865034235175699
367.0 0.00837949919514358
368.0 0.008108656766125932
369.0 0.008325800445163622
370.0 0.008542944124201313
371.0 0.008152722148224711
372.0 0.007762499444652349
373.0 0.006937600846868008
374.0 0.006112702249083668
375.0 0.006128720997367054
376.0 0.0061447397456504405
377.0 0.006612673314521089
378.0 0.0070806061557959765
379.0 0.006148467218736187
380.0 0.005216328281676397
381.0 0.004326402995502576
382.0 0.0034364777093287557
383.0 0.004385672946227714
384.0 0.005334868546924554
385.0 0.0050266618927707896
386.0 0.004718455238617025
387.0 0.005148162381374277
388.0 0.00557786988792941
389.0 0.005073069041827694
390.0 0.004568268923321739
391.0 0.004310091389925219
392.0 0.004051913856528699
393.0 0.004490232095122337
394.0 0.004928550697513856
395.0 0.004341314343037084
396.0 0.003754077624762431
397.0 0.003867328996420838
398.0 0.003980580004281364
399.0 0.004060919673065655
400.0 0.0041412593418499455
401.0 0.004558846558211371
402.0 0.004976433774572797
403.0 0.00483239782624878
404.0 0.004688362241722643
405.0 0.004049064591526985
406.0 0.0034097673051292077
407.0 0.00281916800304316
408.0 0.002228569246653933
409.0 0.0029058404834358953
410.0 0.003583111902116798
411.0 0.0038158577808644623
412.0 0.004048603295814246
413.0 0.004041201827931218
414.0 0.00403380036004819
415.0 0.003492740142974071
416.0 0.0029516797440010123
417.0 0.0033684405934764072
418.0 0.0037852019886486232
419.0 0.0034648055589059368
420.0 0.0031444098567590117
421.0 0.003531980109983124
422.0 0.003919550363207236
423.0 0.003632721200119704
424.0 0.003345892037032172
425.0 0.0027427076929598115
426.0 0.002139523348887451
427.0 0.002350471550016664
428.0 0.0025614193873479962
429.0 0.0020931656763423234
430.0 0.0016249119653366506
431.0 0.0011571337381610647
432.0 0.0006893552836118033
433.0 0.0010070409189211205
434.0 0.0013247266906546429
435.0 0.0014406947229872458
436.0 0.0015566625734209083
437.0 0.0016527506886632182
438.0 0.0017488386220065877
439.0 0.0021265766918077134
440.0 0.002504314761608839
441.0 0.002203175608883612
442.0 0.001902036638057325
443.0 0.002441251854179427
444.0 0.0029804672522004694
445.0 0.003085110802203417
446.0 0.003189754716004245
447.0 0.002584986577858217
448.0 0.00198021880351007
449.0 0.0021533465769607574
450.0 0.0023264745323103853
451.0 0.0020786521417903714
452.0 0.0018308297512703575
453.0 0.0016249337932094932
454.0 0.0014190378351486288
455.0 0.002003613190026954
456.0 0.002588188726804219
457.0 0.0019363027604413219
458.0 0.0012844171578763053
459.0 0.0015586652807542123
460.0 0.0018329135855310597
461.0 0.0013481079804478213
462.0 0.000863302375364583
463.0 0.0014261492651712615
464.0 0.0019889963368768804
465.0 0.0019476765373838134
466.0 0.0019063571016886272
467.0 0.0018763241314445622
468.0 0.001846290979301557
469.0 0.0015107737453945447
470.0 0.0011752564205380622
471.0 0.0011614200047915801
472.0 0.0011475836799945682
473.0 0.001211032758874353
474.0 0.0012744815649057273
475.0 0.0011741121852537617
476.0 0.0010737426237028558
477.0 0.0012646993127418682
478.0 0.0014556558198819403
479.0 0.0017336225937469862
480.0 0.002011589276662562
481.0 0.0015495001207455061
482.0 0.0010874109648284502
483.0 0.0009045637852977961
484.0 0.0007217165602924069
485.0 0.0010455844858370256
486.0 0.001369452274957439
487.0 0.0014019475202076137
488.0 0.0014344426745083183
489.0 0.0017974478396354243
490.0 0.0021604531866614707
491.0 0.002031351687037386
492.0 0.0019022501874133013
493.0 0.002063398096652236
494.0 0.0022245465515879914
495.0 0.001799334495444782
496.0 0.001374122075503692
497.0 0.0012178618817415554
498.0 0.001061601778928889
499.0 0.001121613422583323
500.0 0.0011816251571872272
501.0 0.0010072554687212687
502.0 0.0008328858712047804
503.0 0.0013002857485844288
504.0 0.0017676857169135474
505.0 0.0019560455257305875
506.0 0.002144405516446568
507.0 0.0018902150259236805
508.0 0.001636024535400793
509.0 0.0016909913028939627
510.0 0.0017459580703871325
511.0 0.001547048486827407
512.0 0.0013481389032676816
513.0 0.0014608621313527692
514.0 0.0015735857232357375
515.0 0.0012395681551424786
516.0 0.0009055508598976303
517.0 0.0010720102181949187
518.0 0.0012384697583911475
519.0 0.0012445549145922996
520.0 0.0012506398888945114
521.0 0.0015302748579415493
522.0 0.001809909736039117
523.0 0.0014587707482860424
524.0 0.0011076315786340274
525.0 0.0009722904906084295
526.0 0.0008369494935323019
527.0 0.0010894229490077123
528.0 0.0013418966773315333
529.0 0.0012798272109648678
530.0 0.0012177573808003217
531.0 0.0012956413229403552
532.0 0.0013735251741309185
533.0 0.000933550199988531
534.0 0.0004935752258461434
535.0 0.000969452867138898
536.0 0.0014453305993811227
537.0 0.0015842757420614362
538.0 0.0017232208847417496
539.0 0.0014298134374257643
540.0 0.001136405535362428
541.0 0.0010691388524719514
542.0 0.0010018721695814747
543.0 0.0011842907042591833
544.0 0.0013667091479874216
545.0 0.0010477975592948496
546.0 0.000728886152501218
547.0 0.0012448809684428852
548.0 0.001760875602485612
549.0 0.0016477719327667728
550.0 0.0015346680811489932
551.0 0.001646842974878382
552.0 0.0017590178686077707
553.0 0.001775816963345278
554.0 0.001792615876183845
555.0 0.0013752895029028878
556.0 0.0009579631296219304
557.0 0.0013029420188104268
558.0 0.0016479209079989232
559.0 0.0014027085853740573
560.0 0.001157496080850251
561.0 0.0012038672139169648
562.0 0.0012502381650847383
563.0 0.0011955683476116974
564.0 0.0011408983482397161
565.0 0.0016423698980361223
566.0 0.002143841811630409
567.0 0.0023799897462595254
568.0 0.0026161376808886416
569.0 0.0026668452846934088
570.0 0.0027175530703971162
571.0 0.002505334668967407
572.0 0.0022931159037398174
573.0 0.0018282145902048796
574.0 0.001363313367619412
575.0 0.0018025235476670787
576.0 0.002241733636765275
577.0 0.0020604189558071084
578.0 0.001879104456747882
579.0 0.0018996361177414656
580.0 0.0019201674149371684
581.0 0.001710518881736789
582.0 0.0015008702575869393
583.0 0.0019752918888116255
584.0 0.0024497134290868416
585.0 0.0025176886992994696
586.0 0.0025856639695120975
587.0 0.001971493838937022
588.0 0.0013573236174124759
589.0 0.0018419354091747664
590.0 0.0023265474737854674
591.0 0.002001875873247627
592.0 0.001677204272709787
593.0 0.0012449159839889035
594.0 0.0008126277862174902
595.0 0.0011187669770151842
596.0 0.001424906076863408
597.0 0.0011749386430892628
598.0 0.0009249713002645876
599.0 0.0009776312253961805
600.0 0.0010302910595783032
601.0 0.0009602997124602553
602.0 0.0008903082743927371
603.0 0.0012565388715302106
604.0 0.0016227691958192736
605.0 0.0013127011698088609
606.0 0.0010026331437984481
607.0 0.0010094464414578397
608.0 0.0010162598300667014
609.0 0.0010797219147207215
610.0 0.0011431838174758013
611.0 0.0009396787390869576
612.0 0.0007361736152233789
613.0 0.000770573751651682
614.0 0.00080497384260525
615.0 0.0010601656867947895
616.0 0.0013153574400348589
617.0 0.0017267488146899268
618.0 0.0021381401893449947
619.0 0.0019383818653295748
620.0 0.0017386231775162742
621.0 0.0017786700482247397
622.0 0.0018187163732363842
623.0 0.0016432528354926035
624.0 0.0014677891158498824
625.0 0.001463498847442679
626.0 0.0014592085790354759
627.0 0.0016635720385238528
628.0 0.0018679360437090509
629.0 0.0019678944227052853
630.0 0.0020678533473983407
631.0 0.0021838961401954293
632.0 0.0022999387510935776
633.0 0.0024930292056524195
634.0 0.0026861196602112614
635.0 0.00559949257876724
636.0 0.008512865315424278
637.0 0.015546739450655878
638.0 0.022580614313483238
639.0 0.020167834009043872
640.0 0.017755056614987552
641.0 0.015123981575015932
642.0 0.012492910900618881
643.0 0.009591138950781897
644.0 0.006689367000944912
645.0 0.006509044033009559
646.0 0.006328721065074205
647.0 0.006019646025379188
648.0 0.005710571349482052
649.0 0.004447349419933744
650.0 0.0031841274903854355
651.0 0.0035172935895388946
652.0 0.0038504596886923537
653.0 0.0031321338610723615
654.0 0.0024138080334523693
655.0 0.0024423761715297587
656.0 0.002470944673405029
657.0 0.0025684166757855564
658.0 0.0026658883143682033
659.0 0.002397667230980005
660.0 0.0021294459656928666
661.0 0.0022394950065063313
662.0 0.0023495438654208556
663.0 0.0020047466023243032
664.0 0.001659949339227751
665.0 0.001839444666984491
666.0 0.0020189401766401716
667.0 0.0022521884602610953
668.0 0.0024854365619830787
669.0 0.0018146018192055635
670.0 0.0011437671673775185
671.0 0.001025838719215244
672.0 0.0009079102710529696
673.0 0.001198197787743993
674.0 0.001488485486333957
675.0 0.0016050762496888638
676.0 0.00172166674019536
677.0 0.0017476459106546827
678.0 0.0017736247173161246
679.0 0.00151385956996819
680.0 0.0012540942407213151
681.0 0.001377575517835794
682.0 0.0015010567040008027
683.0 0.0022751921278540976
684.0 0.0030493276426568627
685.0 0.0027226098609389737
686.0 0.002395892261120025
687.0 0.0018439775885781273
688.0 0.0012920627341372892
689.0 0.0017088608728954569
690.0 0.0021256590116536245
691.0 0.002299630614288617
692.0 0.0024736023988225497
693.0 0.0028164808099973015
694.0 0.0031593594030709937
695.0 0.0031977833714336157
696.0 0.003236206975998357
697.0 0.003636492692749016
698.0 0.004036778773297556
699.0 0.00559487052669283
700.0 0.007152961188694462
701.0 0.007190365431597456
702.0 0.0072277696745004505
703.0 0.0062210070609580725
704.0 0.0052142433560220525
705.0 0.004593997437041253
706.0 0.003973751881858334
707.0 0.003671499143820256
708.0 0.0033692460419842973
709.0 0.003874395042657852
710.0 0.004379544043331407
711.0 0.00396564973925706
712.0 0.0035517557989805937
713.0 0.002701712946873158
714.0 0.0018516699128667824
715.0 0.002160357507818844
716.0 0.002469045102770906
717.0 0.0021345897039282136
718.0 0.0018001341231865808
719.0 0.0016032052371883765
720.0 0.0014062759873922914
721.0 0.0011666829777823295
722.0 0.0009270896953239571
723.0 0.0011266067303949967
724.0 0.0013261237654660363
725.0 0.0014318838111648802
726.0 0.0015376441297121346
727.0 0.0014269947314460296
728.0 0.001316344969382044
729.0 0.0014702439329994377
730.0 0.0016241430785157718
731.0 0.0014272056432673708
732.0 0.0012302684808673803
733.0 0.0014388652743946295
734.0 0.0016474623407702893
735.0 0.0015028904272185173
736.0 0.001358318422717275
737.0 0.0013033456525590736
738.0 0.0012483726095524617
739.0 0.001401471581630176
740.0 0.0015545705537078902
741.0 0.001426365452061873
742.0 0.0012981603504158556
743.0 0.0017415673937648535
744.0 0.002184974255214911
745.0 0.0016871339539648034
746.0 0.0011892934708157554
747.0 0.0014473323062702548
748.0 0.0017053709598258138
749.0 0.002365583168284502
750.0 0.0030257955586421303
751.0 0.002908679198299069
752.0 0.002791562656057067
753.0 0.0029133379939594306
754.0 0.0030351135137607343
755.0 0.00215964228118537
756.0 0.0012841709576605354
757.0 0.0019165749108651653
758.0 0.0025489791369182058
759.0 0.00272485995083116
760.0 0.002900740764744114
761.0 0.0045096647227182984
762.0 0.006118588498793542
763.0 0.005904760109842755
764.0 0.005690932084689848
765.0 0.005400773079600185
766.0 0.005110614074510522
767.0 0.004557182910502888
768.0 0.004003751746495254
769.0 0.004240214184392244
770.0 0.004476676258491352
771.0 0.004631574483937584
772.0 0.0047864727093838155
773.0 0.004220172559143975
774.0 0.0036538720451062545
775.0 1.633212987593724e-10
776.0 0.06357109523378313
777.0 1.633212987593724e-10
778.0 0.08723883656784892
779.0 1.633212987593724e-10
780.0 0.02937115787062794
781.0 0.06918088183738291
782.0 0.10227547027170658
783.0 1.633212987593724e-10
784.0 0.002911767478508409
785.0 1.633212987593724e-10
786.0 0.0005296752078720601
787.0 1.633212987593724e-10
788.0 1.633212987593724e-10
789.0 0.012123602209612727
790.0 0.05948720499873161
791.0 0.08750183042138815
792.0 0.011838033969979733
793.0 1.633212987593724e-10
794.0 0.09264747495763004
795.0 1.633212987593724e-10
796.0 1.633212987593724e-10
797.0 0.07242824649438262
798.0 0.15270604053512216
799.0 0.2667664783075452
800.0 0.34379633143544197
801.0 0.4582572728395462
802.0 0.7766745053231716
803.0 1.3957623392343521
804.0 2.233610302209854
805.0 3.3898264169692993
806.0 5.157485976815224
807.0 7.153807580471039
808.0 9.60920825600624
809.0 12.444411218166351
810.0 15.782904624938965
811.0 18.723613023757935
812.0 21.747717261314392
813.0 25.195419788360596
814.0 28.608867526054382
815.0 33.358511328697205
816.0 38.764989376068115
817.0 44.93928551673889
818.0 51.01184844970703
819.0 57.24703073501587
820.0 65.23985266685486
821.0 72.43043184280396
822.0 78.47461104393005
823.0 83.4639310836792
824.0 88.21147680282593
825.0 92.45754480361938
826.0 94.80209350585938
827.0 96.95804715156555
828.0 98.60334992408752
829.0 99.13459420204163
830.0 98.53394627571106
831.0 99.05642867088318
832.0 98.34426641464233
833.0 99.64587092399597
834.0 98.28622341156006
835.0 99.0882396697998
836.0 99.1035521030426
837.0 99.17899370193481
838.0 98.03797602653503
839.0 98.68767857551575
840.0 98.76381754875183
841.0 99.33628439903259
842.0 99.56916570663452
843.0 99.54138994216919
844.0 98.17386865615845
845.0 98.56595396995544
846.0 98.9463746547699
847.0 98.75293970108032
848.0 99.59074258804321
849.0 98.623526096344
850.0 98.17906618118286
851.0 99.36711192131042
852.0 99.09272789955139
853.0 98.42996001243591
854.0 99.57107901573181
855.0 98.6839771270752
856.0 99.00408983230591
857.0 97.93721437454224
858.0 98.59553575515747
859.0 99.13570880889893
860.0 98.28233122825623
861.0 98.75199794769287
862.0 99.02429580688477
863.0 98.52906465530396
864.0 99.57047700881958
865.0 99.74361062049866
866.0 98.51159453392029
867.0 99.25060868263245
868.0 99.23091530799866
869.0 98.80625009536743
870.0 98.2082188129425
871.0 98.8843321800232
872.0 99.12504553794861
873.0 99.32963252067566
874.0 99.51373338699341
875.0 99.0666151046753
876.0 99.13417100906372
877.0 99.6523916721344
878.0 98.60408306121826
879.0 98.63919019699097
880.0 98.29842448234558
881.0 100.30577182769775
882.0 98.9816427230835
883.0 98.73722195625305
884.0 99.22093152999878
885.0 99.17245507240295
886.0 99.01909232139587
887.0 98.48847389221191
888.0 98.87415766716003
889.0 99.46482181549072
890.0 98.41640591621399
891.0 99.23626780509949
892.0 98.93617033958435
893.0 98.37960600852966
894.0 98.0020821094513
895.0 99.44173693656921
