comCamSim/transmission_sensor/r22_s11/19700101T000000.ecsv
# %ECSV 1.0
# ---
# datatype:
# - {name: amp_name, datatype: string}
# - {name: wavelength, unit: nm, datatype: float32}
# - {name: efficiency, unit: '%', datatype: float64}
# meta: !!omap
# - {MODE: AMP}
# - {TYPE: transmission_sensor}
# - {CALIBDATE: '1970-01-01T00:00:00'}
# - {INSTRUME: comCamSim}
# - {OBSTYPE: transmission_sensor}
# - {DETECTOR: 4}
# - {PARQUETFILE: qe_raft_allvalues_nircorrected_20230725.parquet}
# - {CALIBCLS: lsst.ip.isr.IntermediateSensorTransmissionCurve}
# - {CALIB_ID: 'raftName=R22 detectorName=S11 detector=4 calibDate=1970-01-01T00:00:00 ccd=4 ccdnum=4 filter=None'}
# - {DATE: '2024-02-21T16:42:25.598806'}
# - {CALIB_CREATION_DATE: '2024-02-21'}
# - {CALIB_CREATION_TIME: '16:42:25'}
# - __serialized_columns__:
#     efficiency:
#       __class__: astropy.units.quantity.Quantity
#       unit: !astropy.units.Unit {unit: '%'}
#       value: !astropy.table.SerializedColumn {name: efficiency}
#     wavelength:
#       __class__: astropy.units.quantity.Quantity
#       unit: !astropy.units.Unit {unit: nm}
#       value: !astropy.table.SerializedColumn {name: wavelength}
# schema: astropy-2.0
amp_name wavelength efficiency
C00 319.994 46.58558468073392
C00 324.969 48.260571484529166
C00 349.982 58.216897220165464
C00 374.975 73.23017153096099
C00 400.019 84.37095560638441
C00 424.965 86.12599126233899
C00 450.035 85.5405910492742
C00 475.003 86.22053237596998
C00 500.018 86.41732405922382
C00 525.002 86.83260106074532
C00 550.029 88.23401663071779
C00 575.023 89.71086385315279
C00 599.982 91.28151306189946
C00 619.997 92.31219802281983
C00 624.979 92.67929726619691
C00 650.012 94.08771527948761
C00 675.004 95.28129002079089
C00 700.03 96.18962211963192
C00 725.012 96.6258326230137
C00 750.022 97.69382925488371
C00 774.987 98.86273568602931
C00 799.976 98.97127895012498
C00 824.988 98.6037421449347
C00 850.022 97.08808668686478
C00 869.967 94.72172837823797
C00 875.002 93.80658600334874
C00 899.999 87.38167678645566
C00 919.999 79.58491876962019
C00 925.012 76.61216708138313
C00 949.965 63.95949846265326
C00 975.002 48.27221316395374
C00 999.976 30.42837273147093
C00 1025.028 14.655762088823211
C00 1050.014 6.009975806954865
C00 1075.002 0.834821504655796
C00 1099.99 0.09046082055687428
C01 319.994 46.31226161268341
C01 324.969 47.95417175853964
C01 349.982 57.80704020351314
C01 374.975 72.96660745910965
C01 400.019 84.33957845776945
C01 424.965 86.20445733391462
C01 450.035 85.62884005540666
C01 475.003 86.29020990457772
C01 500.018 86.43954604780778
C01 525.002 86.80907175443883
C01 550.029 88.15455281089939
C01 575.023 89.60936889303926
C01 599.982 91.15794492647106
C01 619.997 92.18334603574633
C01 624.979 92.5464275805863
C01 650.012 93.93813016080507
C01 675.004 95.14752413341873
C01 700.03 96.05522693704087
C01 725.012 96.49343753172663
C01 750.022 97.55606184754896
C01 774.987 98.72026774262194
C01 799.976 98.83395808818203
C01 824.988 98.46333832605376
C01 850.022 96.973509890703
C01 869.967 94.61932756682874
C01 875.002 93.69921581960011
C01 899.999 87.35311801053662
C01 919.999 79.6711851720316
C01 925.012 76.70842243545594
C01 949.965 63.892140366377056
C01 975.002 48.07468309729417
C01 999.976 30.34554880440636
C01 1025.028 14.635267082129795
C01 1050.014 6.0267068912696455
C01 1075.002 0.8336442714656512
C01 1099.99 0.09033325618560045
C02 319.994 46.167813368699505
C02 324.969 47.75676446309297
C02 349.982 57.37375933672577
C02 374.975 72.63334478991901
C02 400.019 84.31982849218413
C02 424.965 86.35142504480565
C02 450.035 85.79034936964197
C02 475.003 86.42111438639094
C02 500.018 86.52392375015326
C02 525.002 86.86879586526565
C02 550.029 88.16219957395013
C02 575.023 89.62810024313565
C02 599.982 91.16978827360896
C02 619.997 92.1952537786539
C02 624.979 92.55814689120167
C02 650.012 93.93265660093516
C02 675.004 95.17150493710018
C02 700.03 96.09255555259702
C02 725.012 96.53402186843108
C02 750.022 97.6065793607762
C02 774.987 98.77636163223684
C02 799.976 98.90343974272984
C02 824.988 98.51828789881775
C02 850.022 97.02473842914291
C02 869.967 94.67791430989224
C02 875.002 93.73158146137449
C02 899.999 87.38023412664118
C02 919.999 79.73955335196578
C02 925.012 76.78236258397688
C02 949.965 63.94485719310517
C02 975.002 48.05873093147763
C02 999.976 30.308197816569827
C02 1025.028 14.624664026386432
C02 1050.014 6.010245711416215
C02 1075.002 0.8340758949169047
C02 1099.99 0.0903800266764829
C03 319.994 46.064869281090495
C03 324.969 47.60254213579894
C03 349.982 57.056203582899876
C03 374.975 72.43828956996289
C03 400.019 84.40285106588628
C03 424.965 86.57946490955577
C03 450.035 86.04099117017817
C03 475.003 86.64460449199368
C03 500.018 86.70382077903089
C03 525.002 87.00779434142612
C03 550.029 88.27826569626762
C03 575.023 89.72533497712446
C03 599.982 91.26000401532322
C03 619.997 92.28499229670149
C03 624.979 92.65035354264717
C03 650.012 94.02755970821804
C03 675.004 95.27203601771049
C03 700.03 96.20436650455011
C03 725.012 96.66351319185506
C03 750.022 97.74275236154729
C03 774.987 98.93220598705093
C03 799.976 99.06901990568298
C03 824.988 98.70282516565312
C03 850.022 97.21298039406533
C03 869.967 94.86649908612642
C03 875.002 93.90669961960471
C03 899.999 87.53663022734418
C03 919.999 79.92185407022438
C03 925.012 76.97882516683042
C03 949.965 64.17627594369253
C03 975.002 48.220178081577316
C03 999.976 30.360384943900513
C03 1025.028 14.656314403225783
C03 1050.014 5.983312118770843
C03 1075.002 0.835239460595166
C03 1099.99 0.09050611004333475
C04 319.994 45.80204582098613
C04 324.969 47.29633482929009
C04 349.982 56.61790693573445
C04 374.975 72.07758396446965
C04 400.019 84.23176979329747
C04 424.965 86.52535037743463
C04 450.035 86.0134509607905
C04 475.003 86.60533995632873
C04 500.018 86.63172566444855
C04 525.002 86.88796278144883
C04 550.029 88.12340159073456
C04 575.023 89.5301377836878
C04 599.982 91.04241498535819
C04 619.997 92.05073050101042
C04 624.979 92.41192618874818
C04 650.012 93.79153827556188
C04 675.004 95.02866874894204
C04 700.03 95.96351366912016
C04 725.012 96.44207428709053
C04 750.022 97.53143627631708
C04 774.987 98.74208839547609
C04 799.976 98.88447485060705
C04 824.988 98.53739714821702
C04 850.022 97.05619667550414
C04 869.967 94.70499253238918
C04 875.002 93.74055649210999
C04 899.999 87.3686339640514
C04 919.999 79.7700546355747
C04 925.012 76.8432658414776
C04 949.965 64.1060762852343
C04 975.002 48.210901623039824
C04 999.976 30.30487349749529
C04 1025.028 14.614907392465009
C04 1050.014 5.9616066533413345
C04 1075.002 0.833433580419543
C04 1099.99 0.09031042581430714
C05 319.994 45.64470522673168
C05 324.969 47.097595689202684
C05 349.982 56.30106772196257
C05 374.975 71.82362452636877
C05 400.019 84.14902571499724
C05 424.965 86.5377675930205
C05 450.035 86.06909497898361
C05 475.003 86.65222287107164
C05 500.018 86.650501789882
C05 525.002 86.86601282903585
C05 550.029 88.08082978128758
C05 575.023 89.44788964587082
C05 599.982 90.9380025088167
C05 619.997 91.9346090567383
C05 624.979 92.29734076264027
C05 650.012 93.68236563597479
C05 675.004 94.90886423594426
C05 700.03 95.85216656836874
C05 725.012 96.34436477894309
C05 750.022 97.46322008735936
C05 774.987 98.69372869807297
C05 799.976 98.85743587248135
C05 824.988 98.53374603913754
C05 850.022 97.06332458540685
C05 869.967 94.69033268359848
C05 875.002 93.73312732787241
C05 899.999 87.37561172682749
C05 919.999 79.74546171319466
C05 925.012 76.82023471659458
C05 949.965 64.15233939446425
C05 975.002 48.28725606969021
C05 999.976 30.3048485260844
C05 1025.028 14.611195839679729
C05 1050.014 6.010344456950856
C05 1075.002 0.8328504395779952
C05 1099.99 0.09024723697845127
C06 319.994 45.495988240572814
C06 324.969 46.89133709764505
C06 349.982 55.90815064680442
C06 374.975 71.40718998361793
C06 400.019 83.88813741127649
C06 424.965 86.36563585819836
C06 450.035 85.96171405748008
C06 475.003 86.53551111929839
C06 500.018 86.51130423354873
C06 525.002 86.68887218967082
C06 550.029 87.89592754373068
C06 575.023 89.22330295655246
C06 599.982 90.69850710708113
C06 619.997 91.68613110732647
C06 624.979 92.04338170039807
C06 650.012 93.44282275221353
C06 675.004 94.65339557853223
C06 700.03 95.60589960088014
C06 725.012 96.10817138877992
C06 750.022 97.27366116729436
C06 774.987 98.52278243586017
C06 799.976 98.72253263134725
C06 824.988 98.42480731061168
C06 850.022 96.96952553298907
C06 869.967 94.56037225907015
C06 875.002 93.63777137841102
C06 899.999 87.29494790587474
C06 919.999 79.64690967076764
C06 925.012 76.72090806859116
C06 949.965 64.08932276486324
C06 975.002 48.16864442939211
C06 999.976 30.22151892794934
C06 1025.028 14.621655293678424
C06 1050.014 6.057105554494214
C06 1075.002 0.8312302944022232
C06 1099.99 0.0900716788966287
C07 319.994 45.619983967223654
C07 324.969 46.97169675487754
C07 349.982 55.75773564905441
C07 374.975 71.24510883441299
C07 400.019 83.96877730209565
C07 424.965 86.57015199786636
C07 450.035 86.14780849226392
C07 475.003 86.67514609709569
C07 500.018 86.62004801710516
C07 525.002 86.81876254726106
C07 550.029 88.0063519864295
C07 575.023 89.39190026836701
C07 599.982 90.88603695792327
C07 619.997 91.88754947392313
C07 624.979 92.24849632295121
C07 650.012 93.62044168382418
C07 675.004 94.8825948078451
C07 700.03 95.85416645141851
C07 725.012 96.38612734606322
C07 750.022 97.60831108465155
C07 774.987 98.89705473241817
C07 799.976 99.1348175666173
C07 824.988 98.80889788788694
C07 850.022 97.38188383190847
C07 869.967 94.99725681387272
C07 875.002 94.04691571433095
C07 899.999 87.71515937938442
C07 919.999 80.09362217872211
C07 925.012 77.16912368424279
C07 949.965 64.3717107470353
C07 975.002 48.288502959432364
C07 999.976 30.35520025471478
C07 1025.028 14.841082901889989
C07 1050.014 6.193084738729543
C07 1075.002 0.8340896075946425
C07 1099.99 0.09038151257505317
C10 319.994 46.63006572309925
C10 324.969 48.36902815887093
C10 349.982 58.35050468056172
C10 374.975 73.43828243436626
C10 400.019 84.4818122483106
C10 424.965 86.34680308122647
C10 450.035 85.56887003087166
C10 475.003 86.26491113631884
C10 500.018 86.48208331403241
C10 525.002 87.02157152077861
C10 550.029 88.32331527041201
C10 575.023 89.91032885318769
C10 599.982 91.47162552650458
C10 619.997 92.50531982382061
C10 624.979 92.86646312024739
C10 650.012 94.16305902248011
C10 675.004 95.46948536714126
C10 700.03 96.36634182334448
C10 725.012 96.9051340434168
C10 750.022 97.83425146357803
C10 774.987 99.11603238969933
C10 799.976 99.10545306752309
C10 824.988 98.63628961000644
C10 850.022 97.19087705602486
C10 869.967 94.99548920768196
C10 875.002 93.81270943569001
C10 899.999 87.26718406495552
C10 919.999 79.86007959256517
C10 925.012 77.09724538339556
C10 949.965 64.686504922615
C10 975.002 49.27598949220105
C10 999.976 30.815900935623834
C10 1025.028 14.859988623890006
C10 1050.014 6.07987986552898
C10 1075.002 0.8360220954055598
C10 1099.99 0.0905909159410623
C11 319.994 46.39454723487198
C11 324.969 48.103625101057766
C11 349.982 58.028303099103056
C11 374.975 73.25041296172796
C11 400.019 84.48123978554001
C11 424.965 86.40858256124011
C11 450.035 85.64299858672625
C11 475.003 86.31084080799937
C11 500.018 86.4741884586809
C11 525.002 86.9543569791074
C11 550.029 88.22361764288009
C11 575.023 89.77727638176245
C11 599.982 91.32558559499067
C11 619.997 92.35375703597455
C11 624.979 92.71623177538422
C11 650.012 94.02184883316497
C11 675.004 95.31888010278246
C11 700.03 96.2224110767063
C11 725.012 96.75292947817358
C11 750.022 97.68466713869736
C11 774.987 98.95140785616506
C11 799.976 98.94678806758195
C11 824.988 98.49792096048714
C11 850.022 97.04479656455455
C11 869.967 94.80310595856973
C11 875.002 93.64589843383453
C11 899.999 87.27853397023055
C11 919.999 79.98965233497289
C11 925.012 77.2044972583948
C11 949.965 64.53006075579903
C11 975.002 48.92634890560224
C11 999.976 30.574929941975775
C11 1025.028 14.786122095690114
C11 1050.014 6.065276897100145
C11 1075.002 0.8347438474488661
C11 1099.99 0.09045240566264616
C12 319.994 46.26358297384603
C12 324.969 47.91453334552097
C12 349.982 57.65835814230678
C12 374.975 73.00519933450732
C12 400.019 84.51739003590436
C12 424.965 86.57925029101477
C12 450.035 85.83862851436224
C12 475.003 86.47060737142371
C12 500.018 86.58370564707778
C12 525.002 87.00998703663748
C12 550.029 88.25018690432758
C12 575.023 89.78522071802348
C12 599.982 91.32985684082944
C12 619.997 92.35844242425873
C12 624.979 92.72253748122606
C12 650.012 94.03252801640765
C12 675.004 95.33692885320724
C12 700.03 96.24802935045017
C12 725.012 96.78528900642812
C12 750.022 97.72550378144962
C12 774.987 98.99412533437321
C12 799.976 98.99965337593558
C12 824.988 98.56354183327466
C12 850.022 97.11116717727235
C12 869.967 94.85635227441855
C12 875.002 93.70726783296064
C12 899.999 87.34010463016939
C12 919.999 80.04207731794025
C12 925.012 77.24845470532726
C12 949.965 64.49638170766092
C12 975.002 48.873294248503676
C12 999.976 30.563970614022065
C12 1025.028 14.779434949060981
C12 1050.014 6.06063884926098
C12 1075.002 0.8350927516703389
C12 1099.99 0.09049021274115834
C13 319.994 46.062233145571916
C13 324.969 47.65611021004595
C13 349.982 57.21473806984883
C13 374.975 72.65910159691677
C13 400.019 84.42926171316722
C13 424.965 86.62770809159124
C13 450.035 85.90767705924847
C13 475.003 86.50782924338355
C13 500.018 86.57408786015102
C13 525.002 86.95465598299985
C13 550.029 88.16834443039967
C13 575.023 89.68146677679755
C13 599.982 91.21946156376602
C13 619.997 92.24683114236747
C13 624.979 92.60966763409569
C13 650.012 93.9249170638324
C13 675.004 95.2287588188548
C13 700.03 96.14897050448359
C13 725.012 96.69578150227095
C13 750.022 97.64698116537473
C13 774.987 98.9303659669887
C13 799.976 98.94816956518702
C13 824.988 98.52604745840628
C13 850.022 97.07661840249423
C13 869.967 94.82640075164556
C13 875.002 93.68059788376839
C13 899.999 87.27463290032408
C13 919.999 79.98781273532286
C13 925.012 77.20975926547874
C13 949.965 64.46460850147056
C13 975.002 48.85888983054402
C13 999.976 30.551950001105595
C13 1025.028 14.766815945748233
C13 1050.014 6.03380639598139
C13 1075.002 0.834421648190079
C13 1099.99 0.09041749231988948
C14 319.994 45.911153373174095
C14 324.969 47.461728805256136
C14 349.982 56.862153632404514
C14 374.975 72.3988940254573
C14 400.019 84.40431316674629
C14 424.965 86.72875509965823
C14 450.035 86.02033601313741
C14 475.003 86.59645815192206
C14 500.018 86.628050077088
C14 525.002 86.9789979665525
C14 550.029 88.16270275078098
C14 575.023 89.66408475098977
C14 599.982 91.19229063317096
C14 619.997 92.21522191311377
C14 624.979 92.57712500709086
C14 650.012 93.88788058460077
C14 675.004 95.20523727090935
C14 700.03 96.13457590899615
C14 725.012 96.70348940963531
C14 750.022 97.66905873760058
C14 774.987 98.97825229823474
C14 799.976 99.00969225853235
C14 824.988 98.58953407118909
C14 850.022 97.1511168019555
C14 869.967 94.89953451757269
C14 875.002 93.73411788310409
C14 899.999 87.28344342990529
C14 919.999 79.99034489013525
C14 925.012 77.22935397757225
C14 949.965 64.5495526339145
C14 975.002 49.01122432263534
C14 999.976 30.616566648206057
C14 1025.028 14.769400777152267
C14 1050.014 6.018770144115709
C14 1075.002 0.8346101701012045
C14 1099.99 0.09043792045533909
C15 319.994 45.72732785488143
C15 324.969 47.269222547170145
C15 349.982 56.62200367560845
C15 374.975 72.26743109344213
C15 400.019 84.43775582292542
C15 424.965 86.83611802478863
C15 450.035 86.13064917485507
C15 475.003 86.70300954311764
C15 500.018 86.7083157160739
C15 525.002 87.04600550552892
C15 550.029 88.1701284209818
C15 575.023 89.65796730884985
C15 599.982 91.16087902021361
C15 619.997 92.16752999334317
C15 624.979 92.53115511528858
C15 650.012 93.81145744029126
C15 675.004 95.15363223470753
C15 700.03 96.09162024607565
C15 725.012 96.67395763437837
C15 750.022 97.66998944382433
C15 774.987 98.99725565896041
C15 799.976 99.05317873314496
C15 824.988 98.622805660191
C15 850.022 97.19844430575154
C15 869.967 94.94571793038689
C15 875.002 93.75609019915217
C15 899.999 87.28261905286845
C15 919.999 79.96567261247618
C15 925.012 77.20836322278299
C15 949.965 64.68048466375477
C15 975.002 49.21693773001555
C15 999.976 30.72873198306466
C15 1025.028 14.807481474423554
C15 1050.014 6.054124636263649
C15 1075.002 0.8346178912224198
C15 1099.99 0.09043875711198587
C16 319.994 45.46248235900998
C16 324.969 46.96773140440328
C16 349.982 56.2054096247527
C16 374.975 71.89789300687073
C16 400.019 84.18458029464084
C16 424.965 86.68770163874593
C16 450.035 86.00055672005672
C16 475.003 86.57421581379973
C16 500.018 86.56045755702235
C16 525.002 86.86314545837485
C16 550.029 87.95676619691602
C16 575.023 89.39920026437785
C16 599.982 90.87005225972167
C16 619.997 91.86243122160944
C16 624.979 92.22033032853795
C16 650.012 93.49659377952295
C16 675.004 94.83039273918646
C16 700.03 95.77344873821244
C16 725.012 96.39832013049363
C16 750.022 97.40522640938391
C16 774.987 98.78177480329128
C16 799.976 98.83255356561688
C16 824.988 98.41469244266081
C16 850.022 96.97610805552408
C16 869.967 94.71143865368914
C16 875.002 93.50767095377795
C16 899.999 87.01694147121961
C16 919.999 79.66649599645312
C16 925.012 76.92750090998045
C16 949.965 64.51738725086125
C16 975.002 49.00156343428459
C16 999.976 30.54769549697546
C16 1025.028 14.725218386518572
C16 1050.014 6.04974572064569
C16 1075.002 0.832355234950988
C16 1099.99 0.09019357686469905
C17 319.994 45.46061759269144
C17 324.969 46.88740193061873
C17 349.982 55.83052287812743
C17 374.975 71.52147645822865
C17 400.019 84.0956629015983
C17 424.965 86.78585129650955
C17 450.035 86.18060388541197
C17 475.003 86.75633819666336
C17 500.018 86.72706886908634
C17 525.002 87.00826968094746
C17 550.029 88.07967094979834
C17 575.023 89.4992321930998
C17 599.982 90.94698817090325
C17 619.997 91.92752383543053
C17 624.979 92.28524783704758
C17 650.012 93.55890815342653
C17 675.004 94.89279028518429
C17 700.03 95.84885877701268
C17 725.012 96.5004385008416
C17 750.022 97.56176814472413
C17 774.987 98.97673294556925
C17 799.976 99.06334809051553
C17 824.988 98.6464273450288
C17 850.022 97.19037711760448
C17 869.967 94.90022651659206
C17 875.002 93.71248325633954
C17 899.999 87.21711788098611
C17 919.999 79.78834242033076
C17 925.012 77.04207663973732
C17 949.965 64.69446542490219
C17 975.002 48.967419381130746
C17 999.976 30.558611124960112
C17 1025.028 14.763307368505899
C17 1050.014 6.090532414114418
C17 1075.002 0.8336925208639615
C17 1099.99 0.09033848446510472
