lsstCam/transmission_filter_detector/r12_s01/i_39/19700101T000000.ecsv
# %ECSV 1.0
# ---
# datatype:
# - {name: wavelength, unit: nm, datatype: float32}
# - {name: efficiency, unit: '%', datatype: float64}
# meta: !!omap
# - {MODE: DETECTOR}
# - {TYPE: transmission_filter_detector}
# - {CALIBDATE: '1970-01-01T00:00:00'}
# - {INSTRUME: LSSTCam}
# - {OBSTYPE: transmission_filter_detector}
# - {CALIBCLS: lsst.ip.isr.IntermediateFilterDetectorTransmissionCurve}
# - {SOURCE: Materion (DM-46256)}
# - {DETECTOR: 46}
# - {FILTER: i_39}
# - {CALIB_ID: 'calibDate=1970-01-01T00:00:00 filter=i_39 detector=46'}
# - {DATE: '2025-04-02T15:59:46.692254'}
# - {CALIB_CREATION_DATE: '2025-04-02'}
# - {CALIB_CREATION_TIME: '15:59:46'}
# - __serialized_columns__:
#     efficiency:
#       __class__: astropy.units.quantity.Quantity
#       unit: !astropy.units.Unit {unit: '%'}
#       value: !astropy.table.SerializedColumn {name: efficiency}
#     wavelength:
#       __class__: astropy.units.quantity.Quantity
#       unit: !astropy.units.Unit {unit: nm}
#       value: !astropy.table.SerializedColumn {name: wavelength}
# schema: astropy-2.0
wavelength efficiency
300.0 0.07507380214519799
301.0 0.03250607696827501
302.0 1.5866215676355044e-10
303.0 0.015548324154224247
304.0 0.04115827032364905
305.0 0.03002433222718537
306.0 0.01889039413072169
307.0 0.005942716597928666
308.0 1.5866215676355044e-10
309.0 1.5866215676355044e-10
310.0 1.5866215676355044e-10
311.0 1.5866215676355044e-10
312.0 0.005092204082757235
313.0 0.0008560254173062276
314.0 1.5866215676355044e-10
315.0 1.5866215676355044e-10
316.0 1.5866215676355044e-10
317.0 1.5866215676355044e-10
318.0 1.5866215676355044e-10
319.0 1.5866215676355044e-10
320.0 1.5866215676355044e-10
321.0 1.5866215676355044e-10
322.0 0.00041287362364528235
323.0 1.5866215676355044e-10
324.0 1.5866215676355044e-10
325.0 1.5866215676355044e-10
326.0 1.5866215676355044e-10
327.0 1.5866215676355044e-10
328.0 0.002945508822449483
329.0 0.002358696292503737
330.0 0.001771884308254812
331.0 0.0012456181138986722
332.0 0.0007193528745119693
333.0 0.0012651674296648707
334.0 0.0018109820302925073
335.0 0.0012580905604409054
336.0 0.0007051995908113895
337.0 0.002000930362555664
338.0 0.0032966610888252035
339.0 0.0029280919989105314
340.0 0.00255952327279374
341.0 1.5866215676355044e-10
342.0 1.5866215676355044e-10
343.0 1.5866215676355044e-10
344.0 1.5866215676355044e-10
345.0 1.5866215676355044e-10
346.0 1.5866215676355044e-10
347.0 1.5866215676355044e-10
348.0 1.5866215676355044e-10
349.0 1.5866215676355044e-10
350.0 1.5866215676355044e-10
351.0 1.5866215676355044e-10
352.0 1.5866215676355044e-10
353.0 1.5866215676355044e-10
354.0 1.5866215676355044e-10
355.0 1.5866215676355044e-10
356.0 7.637560202056193e-05
357.0 0.0005884769507247256
358.0 0.0011005784472217783
359.0 0.001304407760471804
360.0 0.0015082365280250087
361.0 0.001129395968746394
362.0 0.0007505555004172493
363.0 0.00037472264011739753
364.0 1.5866215676355044e-10
365.0 0.001094330582418479
366.0 0.002189771657867823
367.0 0.0013026839042140637
368.0 0.0004155961505603045
369.0 0.0007332845598284621
370.0 0.0010509729690966196
371.0 0.0008522563803126104
372.0 0.0006535399279528065
373.0 0.0007500391348003177
374.0 0.0008465382961730938
375.0 0.00016072267499112058
376.0 1.5866215676355044e-10
377.0 1.5866215676355044e-10
378.0 1.5866215676355044e-10
379.0 1.5866215676355044e-10
380.0 1.5866215676355044e-10
381.0 1.5866215676355044e-10
382.0 1.5866215676355044e-10
383.0 0.00022128795080789132
384.0 0.0015612034985679202
385.0 0.001321724721492501
386.0 0.0010822457625181414
387.0 1.5866215676355044e-10
388.0 1.5866215676355044e-10
389.0 1.5866215676355044e-10
390.0 1.5866215676355044e-10
391.0 1.5866215676355044e-10
392.0 1.5866215676355044e-10
393.0 1.5866215676355044e-10
394.0 0.0004583922418532893
395.0 1.5866215676355044e-10
396.0 1.5866215676355044e-10
397.0 1.5866215676355044e-10
398.0 1.5866215676355044e-10
399.0 1.5866215676355044e-10
400.0 1.5866215676355044e-10
401.0 1.5866215676355044e-10
402.0 1.5866215676355044e-10
403.0 0.0005162379238754511
404.0 0.0013485570889315568
405.0 0.004088420610059984
406.0 0.006828283949289471
407.0 0.00371344322047662
408.0 0.000598600490775425
409.0 0.0009859262718237005
410.0 0.0013732498700846918
411.0 0.002733155633904971
412.0 0.004093061943422072
413.0 0.0042358537029940635
414.0 0.0043786465539596975
415.0 0.00428444254794158
416.0 0.004190238541923463
417.0 0.0021959735022392124
418.0 0.00020170825791865354
419.0 0.00243464601226151
420.0 0.004667583198170178
421.0 0.004174390051048249
422.0 0.0036811965401284397
423.0 0.003771289993892424
424.0 0.0038613830838585272
425.0 0.003356594606884755
426.0 0.002851805584214162
427.0 0.003910194936906919
428.0 0.0049685851990943775
429.0 0.00551864541193936
430.0 0.006068706716177985
431.0 0.0047035417082952335
432.0 0.0033383774280082434
433.0 0.003470020237728022
434.0 0.0036016634112456813
435.0 0.002982307705678977
436.0 0.0023629518182133324
437.0 0.0018278527932125144
438.0 0.0012927538591611665
439.0 0.0015187783901637886
440.0 0.0017448031940148212
441.0 0.0005759928171755746
442.0 1.5866215676355044e-10
443.0 1.5866215676355044e-10
444.0 1.5866215676355044e-10
445.0 1.5866215676355044e-10
446.0 1.5866215676355044e-10
447.0 1.5866215676355044e-10
448.0 0.0004831612386624329
449.0 1.5866215676355044e-10
450.0 1.5866215676355044e-10
451.0 0.000287141870103369
452.0 0.001508588047727244
453.0 0.0015962310499162413
454.0 0.0016838745068525895
455.0 0.0016788857465144247
456.0 0.0016738969861762598
457.0 0.0011990890925517306
458.0 0.0007242813353514066
459.0 0.0004893164714303566
460.0 0.0002543515847719391
461.0 0.0004161221568210749
462.0 0.0005778927970823133
463.0 0.00017155201703644707
464.0 1.5866215676355044e-10
465.0 0.0001606133878340188
466.0 0.0005560154932027217
467.0 0.0008405951120948885
468.0 0.0011251748219365254
469.0 0.0006505290002678521
470.0 0.00017588332639206783
471.0 0.00035446626043267315
472.0 0.0005330492513166973
473.0 0.0006951646810193779
474.0 0.0008572802471462637
475.0 0.0005776945727120619
476.0 0.00029810921660100576
477.0 0.0008006332791410387
478.0 0.0013031574781052768
479.0 0.001255763436347479
480.0 0.0012083693945896812
481.0 0.002614536788314581
482.0 0.004020702181151137
483.0 0.0053839266911381856
484.0 0.006747150473529473
485.0 0.007765809277771041
486.0 0.008784468082012609
487.0 0.011672660912154242
488.0 0.014560854469891638
489.0 0.01754406257532537
490.0 0.020527270680759102
491.0 0.022348592756316066
492.0 0.024169917742256075
493.0 0.02549586642999202
494.0 0.026821819483302534
495.0 0.02399744844296947
496.0 0.02117307303706184
497.0 0.01736079721013084
498.0 0.013548519928008318
499.0 0.00966735533438623
500.0 0.0057861914683599025
501.0 0.0043662337702699006
502.0 0.00294627679977566
503.0 0.0024593498892500065
504.0 0.0019724226149264723
505.0 0.001916606015583966
506.0 0.0018607895981404
507.0 0.0017198448404087685
508.0 0.0015788997188792564
509.0 0.0018332411855226383
510.0 0.00208758265216602
511.0 0.0015394516594824381
512.0 0.0009913204848999158
513.0 0.0014716314581164625
514.0 0.0019519422494340688
515.0 0.002513926119718235
516.0 0.003075910353800282
517.0 0.002529125595174264
518.0 0.001982341018447187
519.0 0.002139832577086054
520.0 0.0022973239538259804
521.0 0.001802104088710621
522.0 0.001306884405494202
523.0 0.0013418849448498804
524.0 0.0013768857570539694
525.0 0.0018272063243784942
526.0 0.0022775268007535487
527.0 0.0024095717890304513
528.0 0.002541616777307354
529.0 0.0018772703697322868
530.0 0.00121292414405616
531.0 0.0013040423255006317
532.0 0.0013951605978945736
533.0 0.0015310433809645474
534.0 0.0016669262549839914
535.0 0.0016827301806188188
536.0 0.0016985341062536463
537.0 0.0023639604478375986
538.0 0.0030293864256236702
539.0 0.0037632820749422535
540.0 0.004497177724260837
541.0 0.005254381903796457
542.0 0.006011586083332077
543.0 0.005161969238542952
544.0 0.004312352757551707
545.0 0.0034225820854771882
546.0 0.00253281177720055
547.0 0.0020496689103310928
548.0 0.0015665260434616357
549.0 0.0017399293938069604
550.0 0.0019133331079501659
551.0 0.0017280255633522756
552.0 0.001542717836855445
553.0 0.0016046689779614098
554.0 0.0016666199371684343
555.0 0.001218593206431251
556.0 0.0007705662028456572
557.0 0.0007243365871545393
558.0 0.0006781071533623617
559.0 0.00022018264189682668
560.0 1.5866215676355044e-10
561.0 0.0005621582658932311
562.0 0.0013620584468299057
563.0 0.001567623439768795
564.0 0.001773188341758214
565.0 0.001424398669769289
566.0 0.0010756090887298342
567.0 0.0007583003934996668
568.0 0.00044099178921896964
569.0 0.0005451161086966749
570.0 0.000649240291750175
571.0 0.00048158572099055164
572.0 0.0003139311502309283
573.0 0.00040675140553503297
574.0 0.0004995717517886078
575.0 0.00048299507398041897
576.0 0.0004664182142732898
577.0 0.0005466163656819845
578.0 0.0006268145170906791
579.0 0.0003083129286096664
580.0 1.5866215676355044e-10
581.0 0.00020411162040545605
582.0 0.00041841180973278824
583.0 0.0004964196250512032
584.0 0.000574427349420148
585.0 0.0006780934654671
586.0 0.0007817597179382574
587.0 0.0007361446932918625
588.0 0.0006905296231707325
589.0 0.0006427385869756108
590.0 0.0005949475962552242
591.0 0.0007357025424425956
592.0 0.0008764576705289073
593.0 0.0005263969342195196
594.0 0.00017633618654144811
595.0 0.0005423718448582804
596.0 0.0009084074008569587
597.0 0.0007353471573878778
598.0 0.000562286959393532
599.0 0.0005855133167642634
600.0 0.0006087395831855247
601.0 0.0004549129243969219
602.0 0.000301086220133584
603.0 0.00020792324448848376
604.0 0.00011476010968181072
605.0 0.00015594570186294732
606.0 0.00019713129404408392
607.0 0.00044549101403390523
608.0 0.0006938506430742564
609.0 0.000593156119066407
610.0 0.000492461276735412
611.0 0.000678816741128685
612.0 0.000865172205521958
613.0 0.000572711405766313
614.0 0.0002802506287480355
615.0 1.5866215676355044e-10
616.0 1.5866215676355044e-10
617.0 1.5866215676355044e-10
618.0 0.0001738576884235954
619.0 0.0003036998123207013
620.0 0.0004335420271672774
621.0 0.0005212584710534429
622.0 0.0006089748239901382
623.0 0.0005775355475634569
624.0 0.0005460962711367756
625.0 0.00045707520257565193
626.0 0.00036805417948926333
627.0 0.00032714681310608285
628.0 0.00028623944672290236
629.0 0.0004591792730934685
630.0 0.0006321192358882399
631.0 0.0005882562618353404
632.0 0.0005443932877824409
633.0 0.0005558125394600211
634.0 0.0005672317456628662
635.0 0.0005244416570349131
636.0 0.0004816514774574898
637.0 0.00039771116462361533
638.0 0.0003137707153655356
639.0 0.000602287354922737
640.0 0.000890803767106263
641.0 0.0006280084562604316
642.0 0.0003652130772024975
643.0 0.0005826367214467609
644.0 0.0008000603884283919
645.0 0.0006634771125391126
646.0 0.0005268939730740385
647.0 0.0007412901140924077
648.0 0.0009556866643833928
649.0 0.0008432211870967876
650.0 0.0007307558007596526
651.0 0.0008599231478001457
652.0 0.000989090676739579
653.0 0.0011667610124277417
654.0 0.001344431257166434
655.0 0.0020579745978466235
656.0 0.0027715177566278726
657.0 0.0036738012568093836
658.0 0.004576083301799372
659.0 0.0073273338784929365
660.0 0.03824613522738218
661.0 0.09071073727682233
662.0 0.159026391338557
663.0 0.08928790921345353
664.0 0.13980052899569273
665.0 0.13499303022399545
666.0 0.13893917202949524
667.0 0.1414749538525939
668.0 0.2355486387386918
669.0 0.3535536350682378
670.0 0.44118561781942844
671.0 0.6807156372815371
672.0 1.090774405747652
673.0 1.6024187207221985
674.0 2.4450326338410378
675.0 3.3990252763032913
676.0 4.525665193796158
677.0 5.847782269120216
678.0 7.176169008016586
679.0 8.67273211479187
680.0 10.71755439043045
681.0 12.856307625770569
682.0 15.441900491714478
683.0 18.199381232261658
684.0 21.188050508499146
685.0 24.05727654695511
686.0 27.05729305744171
687.0 30.328121781349182
688.0 33.70771408081055
689.0 37.1469110250473
690.0 41.200146079063416
691.0 45.57034373283386
692.0 50.73058605194092
693.0 56.25280737876892
694.0 62.31193542480469
695.0 68.02073121070862
696.0 74.23456907272339
697.0 79.73762154579163
698.0 85.40803790092468
699.0 89.44317102432251
700.0 92.53560304641724
701.0 94.73590850830078
702.0 96.33212685585022
703.0 97.01787233352661
704.0 97.39615321159363
705.0 97.6862907409668
706.0 97.64758944511414
707.0 97.75241017341614
708.0 97.77979254722595
709.0 97.85349369049072
710.0 97.64842391014099
711.0 97.89385199546814
712.0 97.8391945362091
713.0 97.86586165428162
714.0 97.99334406852722
715.0 98.09083938598633
716.0 97.94468283653259
717.0 98.13756346702576
718.0 98.14174175262451
719.0 98.0771005153656
720.0 98.29607009887695
721.0 98.16617965698242
722.0 97.8554904460907
723.0 97.60047793388367
724.0 97.36249446868896
725.0 97.08569049835205
726.0 96.74254655838013
727.0 96.619713306427
728.0 96.4151680469513
729.0 96.29459381103516
730.0 96.28697633743286
731.0 96.32732272148132
732.0 96.36933207511902
733.0 96.65369391441345
734.0 97.06313610076904
735.0 97.21824526786804
736.0 97.58484959602356
737.0 97.95497059822083
738.0 98.15864562988281
739.0 98.58270287513733
740.0 98.641836643219
741.0 98.53112697601318
742.0 98.80818128585815
743.0 98.64298105239868
744.0 98.36622476577759
745.0 98.4423041343689
746.0 98.44858646392822
747.0 98.68322014808655
748.0 98.47528338432312
749.0 98.49154949188232
750.0 98.4148919582367
751.0 98.35768938064575
752.0 98.30418229103088
753.0 98.53963851928711
754.0 98.34694862365723
755.0 98.49905371665955
756.0 98.58918190002441
757.0 98.54257106781006
758.0 98.6531674861908
759.0 98.74369502067566
760.0 98.56067895889282
761.0 98.53670597076416
762.0 98.62380623817444
763.0 98.60062599182129
764.0 98.44714999198914
765.0 98.36594462394714
766.0 98.42822551727295
767.0 98.25980067253113
768.0 98.29268455505371
769.0 98.21529388427734
770.0 97.98327684402466
771.0 98.03543090820312
772.0 98.02643060684204
773.0 97.89245128631592
774.0 97.71414399147034
775.0 97.78247475624084
776.0 97.76428937911987
777.0 97.75161743164062
778.0 97.7670967578888
779.0 97.8693425655365
780.0 97.89271950721741
781.0 98.22249412536621
782.0 98.11019897460938
783.0 98.37037920951843
784.0 98.28426241874695
785.0 98.39309453964233
786.0 98.50502014160156
787.0 98.26010465621948
788.0 98.32308888435364
789.0 98.45006465911865
790.0 98.43734502792358
791.0 98.40785264968872
792.0 98.3042061328888
793.0 98.18360805511475
794.0 98.06466102600098
795.0 97.94296622276306
796.0 97.9365348815918
797.0 97.81016111373901
798.0 97.7895438671112
799.0 97.63302206993103
800.0 97.48679399490356
801.0 97.46754169464111
802.0 97.38922715187073
803.0 97.07591533660889
804.0 96.63075804710388
805.0 95.94878554344177
806.0 95.25738954544067
807.0 94.14430260658264
808.0 92.71032214164734
809.0 90.98710417747498
810.0 89.08960223197937
811.0 86.7108702659607
812.0 83.87553095817566
813.0 80.64211010932922
814.0 76.84199213981628
815.0 72.75175452232361
816.0 68.64190697669983
817.0 63.971978425979614
818.0 59.0131938457489
819.0 54.76788282394409
820.0 49.978336691856384
821.0 45.48756778240204
822.0 41.19212329387665
823.0 36.569732427597046
824.0 32.029977440834045
825.0 27.824950218200684
826.0 23.47542494535446
827.0 18.95439922809601
828.0 14.94138240814209
829.0 11.214841902256012
830.0 7.668257504701614
831.0 5.322026461362839
832.0 3.293682262301445
833.0 1.9970357418060303
834.0 1.1341385543346405
835.0 0.6735537201166153
836.0 0.3753516124561429
837.0 0.2647899091243744
838.0 0.13932770816609263
839.0 0.09101813775487244
840.0 0.052221398800611496
841.0 0.07602276164107025
842.0 1.5866215676355044e-10
843.0 1.5866215676355044e-10
844.0 1.5866215676355044e-10
845.0 1.5866215676355044e-10
846.0 9.806396974454401e-05
847.0 1.5866215676355044e-10
848.0 1.5866215676355044e-10
849.0 0.008285346848424524
850.0 1.5866215676355044e-10
851.0 1.5866215676355044e-10
852.0 0.0010498863957764115
853.0 0.0011561675819393713
854.0 0.001262449222849682
855.0 0.001033698208630085
856.0 0.0008049473763094284
857.0 0.0007917558832559735
858.0 0.000778564117354108
859.0 0.00044517460082715843
860.0 0.00011178503882547375
861.0 0.00021613861918012844
862.0 0.00032049210858531296
863.0 0.00017841294948084396
864.0 3.633383585111005e-05
865.0 3.328692059767491e-05
866.0 3.023992007911147e-05
867.0 2.7258428758614173e-05
868.0 2.427685785733047e-05
869.0 1.5866215676355044e-10
870.0 1.5866215676355044e-10
871.0 5.3878846983934636e-05
872.0 0.00023501977466366952
873.0 0.0002121495299434173
874.0 0.00018927926248579752
875.0 0.00019204455838917056
876.0 0.0001948098997672787
877.0 1.5866215676355044e-10
878.0 1.5866215676355044e-10
879.0 4.5363469780568266e-05
880.0 0.0004652310508390656
881.0 0.00024944677079474786
882.0 3.3662530540823354e-05
883.0 0.00018466581650500302
884.0 0.0003356691422595759
885.0 0.00018208721712653642
886.0 2.8505306204351655e-05
887.0 0.0001431802388651704
888.0 0.0002578552084742114
889.0 0.00014619438388763228
890.0 3.453362182881392e-05
891.0 0.0001246328224624449
892.0 0.00021473201741173398
893.0 0.00026918094135908177
894.0 0.00032362986530642956
895.0 1.5866215676355044e-10
