lsstCam/transmission_filter_detector/r12_s01/i_39/19700101T000000.ecsv
# %ECSV 1.0
# ---
# datatype:
# - {name: wavelength, unit: nm, datatype: float32}
# - {name: efficiency, unit: '%', datatype: float64}
# meta: !!omap
# - {MODE: DETECTOR}
# - {TYPE: transmission_filter_detector}
# - {CALIBDATE: '1970-01-01T00:00:00'}
# - {INSTRUME: LSSTCam}
# - {OBSTYPE: transmission_filter_detector}
# - {CALIBCLS: lsst.ip.isr.IntermediateFilterDetectorTransmissionCurve}
# - {SOURCE: Materion (DM-46256)}
# - {DETECTOR: 46}
# - {FILTER: i_39}
# - {CALIB_ID: 'calibDate=1970-01-01T00:00:00 filter=i_39 detector=46'}
# - {DATE: '2025-04-02T15:59:46.692254'}
# - {CALIB_CREATION_DATE: '2025-04-02'}
# - {CALIB_CREATION_TIME: '15:59:46'}
# - __serialized_columns__:
#     efficiency:
#       __class__: astropy.units.quantity.Quantity
#       unit: !astropy.units.Unit {unit: '%'}
#       value: !astropy.table.SerializedColumn {name: efficiency}
#     wavelength:
#       __class__: astropy.units.quantity.Quantity
#       unit: !astropy.units.Unit {unit: nm}
#       value: !astropy.table.SerializedColumn {name: wavelength}
# schema: astropy-2.0
wavelength efficiency
[from data line 597]
897.0 1.5866215676355044e-10
898.0 1.5866215676355044e-10
899.0 1.5866215676355044e-10
900.0 1.5866215676355044e-10
901.0 1.5866215676355044e-10
902.0 1.9938391915275133e-05
903.0 1.272595682166866e-05
904.0 5.513525280775866e-06
905.0 1.5866215676355044e-10
906.0 1.5866215676355044e-10
907.0 4.4056196202291176e-05
908.0 0.00015516426401518402
909.0 1.5866215676355044e-10
910.0 1.5866215676355044e-10
911.0 1.5866215676355044e-10
912.0 0.0001251022922588163
913.0 0.00012220018561492907
914.0 0.00011929810170840938
915.0 1.5866215676355044e-10
916.0 1.5866215676355044e-10
917.0 1.5866215676355044e-10
918.0 1.5866215676355044e-10
919.0 1.5866215676355044e-10
920.0 7.773293759782973e-05
921.0 3.422533154662233e-05
922.0 1.5866215676355044e-10
923.0 1.5866215676355044e-10
924.0 1.5866215676355044e-10
925.0 4.989256012777332e-05
926.0 0.00026171419449383393
927.0 1.5866215676355044e-10
928.0 1.5866215676355044e-10
929.0 1.5866215676355044e-10
930.0 8.836074130158522e-05
931.0 0.00010427150982650346
932.0 0.0001201822783514217
933.0 0.00012931087667311658
934.0 0.000138439497732179
935.0 1.5866215676355044e-10
936.0 1.5866215676355044e-10
937.0 1.5866215676355044e-10
938.0 1.5866215676355044e-10
939.0 1.5866215676355044e-10
940.0 1.5866215676355044e-10
941.0 1.5866215676355044e-10
942.0 1.68715018844523e-05
943.0 1.5866215676355044e-10
944.0 1.5866215676355044e-10
945.0 1.5866215676355044e-10
946.0 1.5866215676355044e-10
947.0 1.5866215676355044e-10
948.0 1.5866215676355044e-10
949.0 1.5866215676355044e-10
950.0 1.5866215676355044e-10
951.0 1.5866215676355044e-10
952.0 1.5866215676355044e-10
953.0 1.5866215676355044e-10
954.0 1.5866215676355044e-10
955.0 0.00010221258435194613
956.0 0.0002421012823106139
957.0 0.00015446449879163993
958.0 6.682766411358898e-05
959.0 0.00012107722113796626
960.0 0.00017532678384668543
961.0 0.00011530128176673315
962.0 5.527577968678088e-05
963.0 1.1269602850916272e-05
964.0 1.5866215676355044e-10
965.0 1.5866215676355044e-10
966.0 1.5866215676355044e-10
967.0 1.5866215676355044e-10
968.0 1.5866215676355044e-10
969.0 1.5866215676355044e-10
970.0 2.3093787149264244e-05
971.0 1.5866215676355044e-10
972.0 1.5866215676355044e-10
973.0 1.5866215676355044e-10
974.0 1.5866215676355044e-10
975.0 1.5866215676355044e-10
976.0 1.5866215676355044e-10
977.0 1.5866215676355044e-10
978.0 1.5866215676355044e-10
979.0 1.5866215676355044e-10
980.0 1.5866215676355044e-10
981.0 1.5866215676355044e-10
982.0 1.5866215676355044e-10
983.0 1.5866215676355044e-10
984.0 1.5866215676355044e-10
985.0 7.519874998251908e-05
986.0 0.00021298292267601937
987.0 5.862679017809569e-05
988.0 1.5866215676355044e-10
989.0 1.5866215676355044e-10
990.0 1.5866215676355044e-10
991.0 1.5866215676355044e-10
992.0 1.5866215676355044e-10
993.0 1.5866215676355044e-10
994.0 1.5866215676355044e-10
995.0 1.5866215676355044e-10
996.0 1.5866215676355044e-10
997.0 1.5866215676355044e-10
998.0 0.00021417577045212965
999.0 0.00028710876449622447
1000.0 0.0003600417130655842
1001.0 0.000199340524886793
1002.0 3.863926849589916e-05
1003.0 0.00012823325050703716
1004.0 0.00021782730073027778
1005.0 4.792684080712206e-05
1006.0 1.5866215676355044e-10
1007.0 5.937799869570881e-05
1008.0 0.00024072958240139997
1009.0 0.00017165700683108298
1010.0 0.00010258434031129582
1011.0 0.00015781996580699342
1012.0 0.00021305556856532348
1013.0 0.00040517707020626403
1014.0 0.0005972985945845721
1015.0 0.0004604558853316121
1016.0 0.00032361324429075466
1017.0 0.0003590702135625179
1018.0 0.00039452734199585393
1019.0 0.00033533881378389196
1020.0 0.00027615021735982737
1021.0 0.00018419175376038766
1022.0 9.223328447660606e-05
1023.0 0.00048696956582716666
1024.0 0.000881705909705488
1025.0 0.0007420384918077616
1026.0 0.0006023710284353001
1027.0 0.0005287824478727998
1028.0 0.00045519382183556445
1029.0 0.0009145941476162989
1030.0 0.0013739945643465035
1031.0 0.0018556580471340567
1032.0 0.0023373213480226696
1033.0 0.0024766513888607733
1034.0 0.0026159807021031156
1035.0 0.003169221236021258
1036.0 0.0037224614061415195
1037.0 0.003720841050380841
1038.0 0.0037192203308222815
1039.0 0.003200610080966726
1040.0 0.0026820000130101107
1041.0 0.002402978134341538
1042.0 0.0021239564375719056
1043.0 0.0029356695449678227
1044.0 0.00374738265236374
1045.0 0.003586725506465882
1046.0 0.0034260690881637856
1047.0 0.0029987748348503374
1048.0 0.0025714803996379487
1049.0 0.0023134185539674945
1050.0 0.0020553565263981
1051.0 0.0023135273295338266
1052.0 0.002571698496467434
1053.0 0.0015973620975273661
1054.0 0.0006230256985872984
1055.0 0.0006142833626654465
1056.0 0.0006055410267435946
1057.0 0.0007025190370768541
1058.0 0.0007994971383595839
1059.0 0.0009606039384379983
1060.0 0.0011217108294658829
1061.0 0.0018078533685184084
1062.0 0.002493995452823583
1063.0 0.002876256803574506
1064.0 0.0032585183362243697
1065.0 0.003500367165543139
1066.0 0.003742216358659789
1067.0 0.004608403833117336
1068.0 0.005474591671372764
1069.0 0.004383113628136925
1070.0 0.003291635584901087
1071.0 0.003005437974934466
1072.0 0.002719239637372084
1073.0 0.0028375876354402862
1074.0 0.002955935451609548
1075.0 0.003368439502082765
1076.0 0.003780943006859161
1077.0 0.00294260898954235
1078.0 0.0021042744265287183
1079.0 0.002197430148953572
1080.0 0.002290585689479485
1081.0 0.0016989464711514302
1082.0 0.0011073072528233752
1083.0 0.0004503054242377402
1084.0 1.5866215676355044e-10
1085.0 0.000703793739376124
1086.0 0.001614284519746434
1087.0 0.0011227212780795526
1088.0 0.0006311580364126712
1089.0 1.5866215676355044e-10
1090.0 1.5866215676355044e-10
1091.0 1.5866215676355044e-10
1092.0 1.5866215676355044e-10
1093.0 1.5866215676355044e-10
1094.0 0.0005710366622224683
1095.0 0.00021287380604917416
1096.0 1.5866215676355044e-10
1097.0 1.5866215676355044e-10
1098.0 1.5866215676355044e-10
1099.0 1.5866215676355044e-10
1100.0 1.5866215676355044e-10
