lsstCam/transmission_filter_detector/r43_s21/g_6/19700101T000000.ecsv
# %ECSV 1.0
# ---
# datatype:
# - {name: wavelength, unit: nm, datatype: float32}
# - {name: efficiency, unit: '%', datatype: float64}
# meta: !!omap
# - {MODE: DETECTOR}
# - {TYPE: transmission_filter_detector}
# - {CALIBDATE: '1970-01-01T00:00:00'}
# - {INSTRUME: LSSTCam}
# - {OBSTYPE: transmission_filter_detector}
# - {CALIBCLS: lsst.ip.isr.IntermediateFilterDetectorTransmissionCurve}
# - {SOURCE: Materion (DM-46256)}
# - {DETECTOR: 187}
# - {FILTER: g_6}
# - {CALIB_ID: 'calibDate=1970-01-01T00:00:00 filter=g_6 detector=187'}
# - {DATE: '2025-04-02T15:59:42.894858'}
# - {CALIB_CREATION_DATE: '2025-04-02'}
# - {CALIB_CREATION_TIME: '15:59:42'}
# - __serialized_columns__:
#     efficiency:
#       __class__: astropy.units.quantity.Quantity
#       unit: !astropy.units.Unit {unit: '%'}
#       value: !astropy.table.SerializedColumn {name: efficiency}
#     wavelength:
#       __class__: astropy.units.quantity.Quantity
#       unit: !astropy.units.Unit {unit: nm}
#       value: !astropy.table.SerializedColumn {name: wavelength}
# schema: astropy-2.0
wavelength efficiency
[from data line 608]
908.0 0.0002542692527640611
909.0 0.0002206125373049872
910.0 0.0002740899162745336
911.0 0.00032756736345618265
912.0 0.00034249308100697817
913.0 0.0003574188440325088
914.0 0.0003873170498991385
915.0 0.0004172152330284007
916.0 0.0004066912879352458
917.0 0.0003961672518926207
918.0 0.00033644255381659605
919.0 0.0002767177420537337
920.0 0.0002995936256411369
921.0 0.00032246946375380503
922.0 0.0003865327471430646
923.0 0.0004505959168454865
924.0 0.00039967012526176404
925.0 0.0003487443336780416
926.0 0.0003812288241533679
927.0 0.0004137132691539591
928.0 0.00040388217712461483
929.0 0.00039405099414580036
930.0 0.00035788584682450164
931.0 0.00032172072224057047
932.0 0.00036590763556887396
933.0 0.0004100944806850748
934.0 0.00042064953049703036
935.0 0.0004312045803089859
936.0 0.0003759505261768936
937.0 0.0003206964493074338
938.0 0.00043508116505108774
939.0 0.000549465812582639
940.0 0.0005300027623889036
941.0 0.0005105397121951682
942.0 0.00047960779738787096
943.0 0.0004486758371058386
944.0 0.0005558034445130033
945.0 0.0006629309609706979
946.0 0.0008190449989342596
947.0 0.0009751590368978214
948.0 0.0007971473678480834
949.0 0.0006191358806972858
950.0 0.0006772141205146909
951.0 0.0007352922693826258
952.0 0.0006246972134249518
953.0 0.0005141022029420128
954.0 0.0005755960046371911
955.0 0.0006370899427565746
956.0 0.0006902469067426864
957.0 0.0007434040526277386
958.0 0.0007555853244411992
959.0 0.0007677665053051896
960.0 0.0006099398888181895
961.0 0.00045211327233118936
962.0 0.0005503350166691234
963.0 0.0006485566245828522
964.0 0.0006006019248161465
965.0 0.0005526471795747057
966.0 0.0005404972398537211
967.0 0.0005283473001327366
968.0 0.0006100505743233953
969.0 0.000691753848514054
970.0 0.0006363975444401149
971.0 0.0005810411494167056
972.0 0.0006847420991107356
973.0 0.0007884431397542357
974.0 0.0007552592251158785
975.0 0.0007220752650027862
976.0 0.0007887298124842346
977.0 0.0008553843144909479
978.0 0.0008656850695842877
979.0 0.0008759858246776275
980.0 0.0008762061042943969
981.0 0.0008764264748606365
982.0 0.001071956012310693
983.0 0.00126748573165969
984.0 0.0013563961147156078
985.0 0.001445306588720996
986.0 0.0014667401956103276
987.0 0.0014881739843985997
988.0 0.0014814186215517111
989.0 0.0014746628949069418
990.0 0.00158331840793835
991.0 0.0016919735571718775
992.0 0.0017217813365277834
993.0 0.001751588933984749
994.0 0.001814349707274232
995.0 0.0018771102986647747
996.0 0.0018140084648621269
997.0 0.0017509068129584193
998.0 0.001708757372398395
999.0 0.0016666079318383709
1000.0 0.0015864896340644918
1001.0 0.0015063713362906128
1002.0 0.0014438816833717283
1003.0 0.0013813919395033736
1004.0 0.0014032577382749878
1005.0 0.0014251236279960722
1006.0 0.0014180681318975985
1007.0 0.001411012726748595
1008.0 0.0013061602658126503
1009.0 0.001201307986775646
1010.0 0.001289195006393129
1011.0 0.0013770821169600822
1012.0 0.0011933198948099744
1013.0 0.001009557399811456
1014.0 0.0011565745808184147
1015.0 0.0013035922165727243
1016.0 0.001555484050186351
1017.0 0.001807376065698918
1018.0 0.0019590188458096236
1019.0 0.0021106612621224485
1020.0 0.002152310116798617
1021.0 0.0021939586076769046
1022.0 0.0024024886442930438
1023.0 0.0026110184990102425
1024.0 0.002799733920255676
1025.0 0.0029884489777032286
1026.0 0.0031026022043079138
1027.0 0.0032167550671147183
1028.0 0.003395287785679102
1029.0 0.0035738205042434856
1030.0 0.0037561469071079046
1031.0 0.003938473673770204
1032.0 0.0041049632272915915
1033.0 0.004271452417015098
1034.0 0.004377846926217899
1035.0 0.004484241435420699
1036.0 0.00455415720352903
1037.0 0.004624072971637361
1038.0 0.004746489503304474
1039.0 0.004868905671173707
1040.0 0.004911823634756729
1041.0 0.004954741234541871
1042.0 0.005273313581710681
1043.0 0.005591886292677373
1044.0 0.005858833901584148
1045.0 0.006125780782895163
1046.0 0.006270474841585383
1047.0 0.00641516744508408
1048.0 0.006940875027794391
1049.0 0.007466583338100463
1050.0 0.008161405276041478
1051.0 0.008856227213982493
1052.0 0.010178316006204113
1053.0 0.011500406253617257
1054.0 0.013141569797880948
1055.0 0.014782734797336161
1056.0 0.017469235172029585
1057.0 0.020155734091531485
1058.0 0.024271469737868756
1059.0 0.028387209749780595
1060.0 0.03423922462388873
1061.0 0.04009123658761382
1062.0 0.047635717783123255
1063.0 0.0551801931578666
1064.0 0.0640641141217202
1065.0 0.07294804090633988
1066.0 0.08228110964410007
1067.0 0.09161419584415853
1068.0 0.10063076624646783
1069.0 0.10964736575260758
1070.0 0.11859375517815351
1071.0 0.12754015624523163
1072.0 0.13755346881225705
1073.0 0.1475667697377503
1074.0 0.1574276597239077
1075.0 0.16728854971006513
1076.0 0.17739450559020042
1077.0 0.18750043818727136
1078.0 0.19708334002643824
1079.0 0.20666623022407293
1080.0 0.21691867150366306
1081.0 0.22717108950018883
1082.0 0.23745193611830473
1083.0 0.24773282930254936
1084.0 0.261368858627975
1085.0 0.2750048879534006
1086.0 0.2952283713966608
1087.0 0.315451854839921
1088.0 0.3478253958746791
1089.0 0.38019889034330845
1090.0 0.4226773977279663
1091.0 0.465155765414238
1092.0 0.5129325669258833
1093.0 0.5607093684375286
1094.0 0.6387722212821245
1095.0 0.7168350741267204
1096.0 0.814185943454504
1097.0 0.9115367196500301
1098.0 0.9687420912086964
1099.0 1.0259473696351051
1100.0 1.1134855449199677
1101.0 1.201023906469345
