lsstCam/transmission_filter_detector/r43_s21/g_6/19700101T000000.ecsv
# %ECSV 1.0
# ---
# datatype:
# - {name: wavelength, unit: nm, datatype: float32}
# - {name: efficiency, unit: '%', datatype: float64}
# meta: !!omap
# - {MODE: DETECTOR}
# - {TYPE: transmission_filter_detector}
# - {CALIBDATE: '1970-01-01T00:00:00'}
# - {INSTRUME: LSSTCam}
# - {OBSTYPE: transmission_filter_detector}
# - {CALIBCLS: lsst.ip.isr.IntermediateFilterDetectorTransmissionCurve}
# - {SOURCE: Materion (DM-46256)}
# - {DETECTOR: 187}
# - {FILTER: g_6}
# - {CALIB_ID: 'calibDate=1970-01-01T00:00:00 filter=g_6 detector=187'}
# - {DATE: '2025-04-02T15:59:42.894858'}
# - {CALIB_CREATION_DATE: '2025-04-02'}
# - {CALIB_CREATION_TIME: '15:59:42'}
# - __serialized_columns__:
#     efficiency:
#       __class__: astropy.units.quantity.Quantity
#       unit: !astropy.units.Unit {unit: '%'}
#       value: !astropy.table.SerializedColumn {name: efficiency}
#     wavelength:
#       __class__: astropy.units.quantity.Quantity
#       unit: !astropy.units.Unit {unit: nm}
#       value: !astropy.table.SerializedColumn {name: wavelength}
# schema: astropy-2.0
wavelength efficiency
300.0 0.35026553086936474
301.0 0.29385273810476065
302.0 0.23743994534015656
303.0 0.2339644357562065
304.0 0.23048892617225647
305.0 0.22511587012559175
306.0 0.2197428373619914
307.0 0.20880557131022215
308.0 0.19786828197538853
309.0 0.1919733127579093
310.0 0.18607834354043007
311.0 0.18698257626965642
312.0 0.1878867973573506
313.0 0.1889156294055283
314.0 0.1899444847367704
315.0 0.1844466314651072
316.0 0.17894876655191183
317.0 0.17704407218843699
318.0 0.17513937782496214
319.0 0.15876475954428315
320.0 0.14239010633900762
321.0 0.13187278527766466
322.0 0.1213554642163217
323.0 0.10791574604809284
324.0 0.09447602205909789
325.0 0.08516715024597943
326.0 0.07585827843286097
327.0 0.07119805086404085
328.0 0.06653782329522073
329.0 0.06033894023858011
330.0 0.0541400455404073
331.0 0.05092304782010615
332.0 0.047706044279038906
333.0 0.04515497712418437
334.0 0.04260391287971288
335.0 0.04081587539985776
336.0 0.039027835009619594
337.0 0.03936829452868551
338.0 0.03970875404775143
339.0 0.03919204755220562
340.0 0.03867533814627677
341.0 0.036808106233365834
342.0 0.03494087141007185
343.0 0.03153721336275339
344.0 0.028133555315434933
345.0 0.025172941968776286
346.0 0.022212327166926116
347.0 0.020763970678672194
348.0 0.019315611280035228
349.0 0.01712400553515181
350.0 0.6810959428548813
351.0 0.9883349761366844
352.0 0.5705178715288639
353.0 0.9976405650377274
354.0 0.6845833733677864
355.0 0.8325067348778248
356.0 0.6613401230424643
357.0 0.7122037466615438
358.0 0.6458062212914228
359.0 0.890627782791853
360.0 0.5906158126890659
361.0 0.7293832954019308
362.0 0.47622290439903736
363.0 0.6750865373760462
364.0 0.7265034597367048
365.0 0.6757493130862713
366.0 0.5398517474532127
367.0 0.6906947586685419
368.0 0.38780239410698414
369.0 0.6259827874600887
370.0 0.4452281631529331
371.0 0.451451912522316
372.0 0.38698192220181227
373.0 0.49973088316619396
374.0 0.39386069402098656
375.0 0.5386132746934891
376.0 0.3608766011893749
377.0 0.5697595421224833
378.0 0.4143684171140194
379.0 0.5625014659017324
380.0 0.36847658921033144
381.0 0.6160774268209934
382.0 0.5706112366169691
383.0 0.5654914304614067
384.0 0.5976487882435322
385.0 0.5656090099364519
386.0 0.7223221939057112
387.0 0.8076644502580166
388.0 1.0167906060814857
389.0 1.3879841193556786
390.0 2.088405564427376
391.0 3.3455457538366318
392.0 5.108710750937462
393.0 8.11932235956192
394.0 12.115120142698288
395.0 17.3766627907753
396.0 23.915566504001617
397.0 31.872159242630005
398.0 41.0189151763916
399.0 50.61481595039368
400.0 60.0305438041687
401.0 68.64769458770752
402.0 76.23094916343689
403.0 82.41913914680481
404.0 86.56757473945618
405.0 89.66524004936218
406.0 91.29951000213623
407.0 92.59361028671265
408.0 93.24755072593689
409.0 93.5712218284607
410.0 93.58593225479126
411.0 93.33197474479675
412.0 92.98205375671387
413.0 92.72582530975342
414.0 92.61834621429443
415.0 92.97432899475098
416.0 93.37258338928223
417.0 93.73761415481567
418.0 94.30568814277649
419.0 94.85270977020264
420.0 95.28182744979858
421.0 95.76285481452942
422.0 95.82270979881287
423.0 95.96728682518005
424.0 95.76663970947266
425.0 95.66176533699036
426.0 95.58014869689941
427.0 95.58321833610535
428.0 95.3493058681488
429.0 95.2989935874939
430.0 95.23496627807617
431.0 95.2929139137268
432.0 95.45179605484009
433.0 95.4566478729248
434.0 95.47692537307739
435.0 95.55492401123047
436.0 95.61179876327515
437.0 95.61869502067566
438.0 95.73752284049988
439.0 95.87036371231079
440.0 95.89051604270935
441.0 96.02122902870178
442.0 95.91637253761292
443.0 95.83775997161865
444.0 95.69901823997498
445.0 95.38002014160156
446.0 95.3120231628418
447.0 95.19970417022705
448.0 95.32209634780884
449.0 95.55085301399231
450.0 95.85080146789551
451.0 96.07608914375305
452.0 96.21091485023499
453.0 96.32055759429932
454.0 96.36226296424866
455.0 96.63088917732239
456.0 96.78311347961426
457.0 96.90634608268738
458.0 96.88533544540405
459.0 96.88273668289185
460.0 96.87687158584595
461.0 96.92991375923157
462.0 96.8480110168457
463.0 96.7304527759552
464.0 96.82584404945374
465.0 96.70952558517456
466.0 96.75400257110596
467.0 96.74516916275024
468.0 96.7919647693634
469.0 96.81059122085571
470.0 96.60527110099792
471.0 96.49134278297424
472.0 96.56146764755249
473.0 96.47479057312012
474.0 96.34740948677063
475.0 96.47500514984131
476.0 96.4709460735321
477.0 96.61534428596497
478.0 96.69460654258728
479.0 96.72576785087585
480.0 96.8750536441803
481.0 96.97612524032593
482.0 97.18263149261475
483.0 97.06831574440002
484.0 97.26669192314148
485.0 97.2393274307251
486.0 97.28512167930603
487.0 97.32279777526855
488.0 97.27900624275208
489.0 97.42534160614014
490.0 97.41416573524475
491.0 97.45168089866638
492.0 97.42426872253418
493.0 97.46545553207397
494.0 97.4260151386261
495.0 97.4753201007843
496.0 97.33579158782959
497.0 97.18714952468872
498.0 96.99280858039856
499.0 97.04607725143433
500.0 97.00935482978821
501.0 96.98371291160583
502.0 96.92986011505127
503.0 97.08616137504578
504.0 96.92549109458923
505.0 96.94097638130188
506.0 96.96764349937439
507.0 96.9119668006897
508.0 96.90128564834595
509.0 96.92502021789551
510.0 96.89247608184814
511.0 96.88986539840698
512.0 96.79123759269714
513.0 96.9153881072998
514.0 96.85086011886597
515.0 96.923828125
516.0 97.00340628623962
517.0 97.02755212783813
518.0 97.1109926700592
519.0 97.08665013313293
520.0 97.09697961807251
521.0 97.18229174613953
522.0 97.15568423271179
523.0 97.13708758354187
524.0 97.15332388877869
525.0 97.10184335708618
526.0 97.19113111495972
527.0 97.16467261314392
528.0 97.24096059799194
529.0 97.30960130691528
530.0 97.29976058006287
531.0 97.41849899291992
532.0 97.2494900226593
533.0 97.19212651252747
534.0 97.08368182182312
535.0 96.77287340164185
536.0 96.17345929145813
537.0 95.30647993087769
538.0 94.24905180931091
539.0 92.42955446243286
540.0 90.26386141777039
541.0 87.11051344871521
542.0 83.85103344917297
543.0 79.66158986091614
544.0 74.5926022529602
545.0 70.18508315086365
546.0 65.08069038391113
547.0 60.70958375930786
548.0 56.57382607460022
549.0 53.1031608581543
550.0 50.53413510322571
551.0 47.94950783252716
552.0 45.778170228004456
553.0 43.13802719116211
554.0 39.750975370407104
555.0 35.80734431743622
556.0 30.716073513031006
557.0 25.184538960456848
558.0 19.58024650812149
559.0 14.478273689746857
560.0 10.033759474754333
561.0 6.273342669010162
562.0 3.732054680585861
563.0 2.0307358354330063
564.0 1.0526309721171856
565.0 0.49820244312286377
566.0 0.2736360765993595
567.0 0.15153744025155902
568.0 0.11109882034361362
569.0 0.07639079121872783
570.0 0.060165609465911984
571.0 0.04103694809600711
572.0 0.04094345204066485
573.0 0.03127514792140573
574.0 0.03874112735502422
575.0 0.026452488964423537
576.0 0.03458427090663463
577.0 0.025425708736293018
578.0 0.03601724456530064
579.0 0.019107962725684047
580.0 0.028436718275770545
581.0 0.01949155848706141
582.0 0.019432956469245255
583.0 0.020178884733468294
584.0 0.012432799849193543
585.0 0.00516819600306917
586.0 0.02161482989322394
587.0 0.018135002756025642
588.0 0.020117762323934585
589.0 0.009083096665563062
590.0 0.019294378580525517
591.0 0.015471024380531162
592.0 0.01166111760539934
593.0 0.00815605599200353
594.0 0.006529881648020819
595.0 0.00836539184092544
596.0 0.014471689064521343
597.0 0.006220275099622086
598.0 0.011122963041998446
599.0 0.006469999061664566
600.0 0.01133453260990791
601.0 0.0021933430616627447
602.0 0.0021122465113876387
603.0 0.0020311499611125328
604.0 0.0020431682060007006
605.0 0.002055186268989928
606.0 0.0019075638192589395
607.0 0.0017599411876290105
608.0 0.0017344093066640198
609.0 0.0017088774256990291
610.0 0.0018440665371599607
611.0 0.001979255466721952
612.0 0.0018477916455594823
613.0 0.001716328006295953
614.0 0.0016678941392456181
615.0 0.0016194604540942237
616.0 0.001711088407319039
617.0 0.0018027163605438545
618.0 0.001647640237933956
619.0 0.001492563842475647
620.0 0.0014549175830325112
621.0 0.0014172713235893752
622.0 0.001498366782470839
623.0 0.0015794625142007135
624.0 0.0014759984878764953
625.0 0.0013725345525017474
626.0 0.0013716965440835338
627.0 0.0013708588085137308
628.0 0.001284030167880701
629.0 0.0011972018000960816
630.0 0.0012581798728206195
631.0 0.0013191580364946276
632.0 0.0013025103726249654
633.0 0.0012858628906542435
634.0 0.0012337847692833748
635.0 0.0011817067388619762
636.0 0.0011898697266587988
637.0 0.0011980328963545617
638.0 0.001148622413893463
639.0 0.0010992121133313049
640.0 0.0012000313290627673
641.0 0.0013008509085921105
642.0 0.0012420995517459232
643.0 0.0011833484677481465
644.0 0.0011389811334083788
645.0 0.0010946140719170216
646.0 0.0011063847523473669
647.0 0.0011181552508787718
648.0 0.0010995513548550662
649.0 0.001080947640730301
650.0 0.001090200476028258
651.0 0.001099453311326215
652.0 0.001165800313174259
653.0 0.0012321472240728326
654.0 0.0010521134754526429
655.0 0.0008720797268324532
656.0 0.000871858537720982
657.0 0.0008716376214579213
658.0 0.0009596526069799438
659.0 0.0010476677744009066
660.0 0.0010336820196243934
661.0 0.0010196963557973504
662.0 0.0010658245628292207
663.0 0.0011119529517600313
664.0 0.0010662056411092635
665.0 0.001020457966660615
666.0 0.0009235824109055102
667.0 0.0008267068551504053
668.0 0.0008586976036895066
669.0 0.0008906882612791378
670.0 0.0009995336768042762
671.0 0.0011083790923294146
672.0 0.0010828567610587925
673.0 0.001057334793586051
674.0 0.001013741893984843
675.0 0.0009701490853331052
676.0 0.0009410576240043156
677.0 0.0009119660717260558
678.0 0.000925796393858036
679.0 0.0009396265340910759
680.0 0.0010094644494529348
681.0 0.0010793023648147937
682.0 0.0009890616638585925
683.0 0.0008988210538518615
684.0 0.0009023753591463901
685.0 0.0009059295734914485
686.0 0.0009526382200419903
687.0 0.0009993469575420022
688.0 0.000942197675612988
689.0 0.0008850482117850333
690.0 0.0008884684575605206
691.0 0.0008918886123865377
692.0 0.0009145162039203569
693.0 0.0009371437954541761
694.0 0.0009400191629538313
695.0 0.0009428944395040162
696.0 0.0009250352377421223
697.0 0.0009071760359802283
698.0 0.0009494420737610199
699.0 0.0009917080205923412
700.0 0.0010395426215836778
701.0 0.0010873771316255443
702.0 0.0010107801244885195
703.0 0.0009341829354525544
704.0 0.0009729787052492611
705.0 0.0010117746569449082
706.0 0.0009418874469702132
707.0 0.0008720003279449884
708.0 0.0009601083547750022
709.0 0.001048216381605016
710.0 0.001016770511341747
711.0 0.000985324732027948
712.0 0.0010151185961149167
713.0 0.001044912642100826
714.0 0.0011093251487181988
715.0 0.0011737375643861014
716.0 0.0012798491297871806
717.0 0.0013859608770872
718.0 0.0014262765944295097
719.0 0.0014665924027212895
720.0 0.00118426341941813
721.0 0.0009019343451655004
722.0 0.0009287759894505143
723.0 0.0009556177246849984
724.0 0.0010805624697241
725.0 0.001205507305712672
726.0 0.0012620766028703656
727.0 0.001318645809078589
728.0 0.0014501889381790534
729.0 0.0015817320672795177
730.0 0.001677761974860914
731.0 0.0017737922462401912
732.0 0.0016815405615488999
733.0 0.001589289058756549
734.0 0.001550342858536169
735.0 0.00151139720401261
736.0 0.001405319017067086
737.0 0.0012992408301215619
738.0 0.0011629916116362438
739.0 0.0010267423931509256
740.0 0.0011267055924690794
741.0 0.0012266686098882928
742.0 0.0012529223567980807
743.0 0.0012791761037078686
744.0 0.0011832000382128172
745.0 0.001087224154616706
746.0 0.0010182681762671564
747.0 0.0009493122888670769
748.0 0.0008924142093746923
749.0 0.0008355162208317779
750.0 0.0009099856470129453
751.0 0.0009844549822446425
752.0 0.0008998089469969273
753.0 0.0008151627298502717
754.0 0.0007937879672681447
755.0 0.0007724132956354879
756.0 0.0007389148777292576
757.0 0.0007054164598230273
758.0 0.0007304935479623964
759.0 0.0007555708180007059
760.0 0.0006977983048273018
761.0 0.0006400257916538976
762.0 0.0006621793090744177
763.0 0.0006843326900707325
764.0 0.0006210810170159675
765.0 0.0005578292984864675
766.0 0.0005432169473351678
767.0 0.0005286046871333383
768.0 0.0005164645244803978
769.0 0.0005043244073021924
770.0 0.0006191567081259564
771.0 0.0007339890089497203
772.0 0.0007201352673291694
773.0 0.0007062815711833537
774.0 0.0006532768111355836
775.0 0.0006002721420372836
776.0 0.0005869336746400222
777.0 0.0005735952527174959
778.0 0.0006223303444130579
779.0 0.0006710654361086199
780.0 0.0006648530415986897
781.0 0.0006586407835129648
782.0 0.0006004806436976651
783.0 0.0005423205493571004
784.0 0.00053453318287211
785.0 0.0005267458163871197
786.0 0.0005573336238740012
787.0 0.0005879215223103529
788.0 0.00048026950025814585
789.0 0.00037261743273120373
790.0 0.0002871464857889805
791.0 0.0002016755615841248
792.0 0.0002802470817186986
793.0 0.0003588186473280075
794.0 0.00030425944714806974
795.0 0.000249700246968132
796.0 0.0003598609282562393
797.0 0.00047002158680697903
798.0 0.0003652757641248172
799.0 0.00026052991870528786
800.0 0.0002616513484099414
801.0 0.0002627727326398599
802.0 0.0002481796400388703
803.0 0.00023358650196314557
804.0 0.0003350980250615976
805.0 0.00043660957089741714
806.0 0.0003176093287038384
807.0 0.00019860908651025966
808.0 0.00031145541470323224
809.0 0.0004243017428962048
810.0 0.0004011206783616217
811.0 0.000377939591089671
812.0 0.0003251989255659282
813.0 0.00027245821456745034
814.0 0.0004592614459397737
815.0 0.0006460647000494646
816.0 0.00045559163481811993
817.0 0.00026511856958677527
818.0 0.0003554913291736739
819.0 0.0004458641342353076
820.0 0.0004049581093568122
821.0 0.0003640521072156844
822.0 0.0003986865976912668
823.0 0.0004333210199547466
824.0 0.0003257364824094111
825.0 0.00021815189938934054
826.0 0.00032294249194819713
827.0 0.0004277330845070537
828.0 0.0004045151399623137
829.0 0.0003812971954175737
830.0 0.0004075182459928328
831.0 0.00043373929656809196
832.0 0.0004205688583169831
833.0 0.0004073984655406093
834.0 0.00044787016122427303
835.0 0.0004883419478574069
836.0 0.000432960587204434
837.0 0.0003775792492888286
838.0 0.00033833532597782323
839.0 0.0002990914026668179
840.0 0.0003742722583410796
841.0 0.0004494531822274439
842.0 0.0004637030087906169
843.0 0.00047795288082852494
844.0 0.00036788060242542997
845.0 0.00025780834675970254
846.0 0.00033781470847316086
847.0 0.00041782104744925164
848.0 0.00048034048631961923
849.0 0.0005428599251899868
850.0 0.00047652424655098
851.0 0.0004101886133867083
852.0 0.00029520815587602556
853.0 0.0001802277438400779
854.0 0.0002867770717784879
855.0 0.00039332644519163296
856.0 0.0003405434199521551
857.0 0.0002877604401874123
858.0 0.0003131890480290167
859.0 0.00033861763313325355
860.0 0.00032761829515948193
861.0 0.0003166188889736077
862.0 0.00034728100217762403
863.0 0.00037794316085637547
864.0 0.0003654982492662384
865.0 0.00035305338315083645
866.0 0.00034856127513194224
867.0 0.000344069167113048
868.0 0.0003492614268907346
869.0 0.00035445368666842114
870.0 0.0003121191639365861
871.0 0.0002697846412047511
872.0 0.0003341529009048827
873.0 0.0003985212060797494
874.0 0.0003741133014045772
875.0 0.00034970539672940504
876.0 0.0003063229769395548
877.0 0.0002629405798870721
878.0 0.000315945499096415
879.0 0.000368950463780493
880.0 0.0005061194315203466
881.0 0.0006432883310480975
882.0 0.0006147836302261567
883.0 0.0005862787929800106
884.0 0.0005228367626841646
885.0 0.00045939468691358343
886.0 0.0004049300514452625
887.0 0.0003504654159769416
888.0 0.0004938341589877382
889.0 0.0006372028565237997
890.0 0.0006228384791029384
891.0 0.000608474010732607
892.0 0.0005097006123833125
893.0 0.000410927168559283
894.0 0.00045148121898819227
895.0 0.0004920352239423664
896.0 0.00047057592382770963
897.0 0.00044911662371305283
898.0 0.0003780374527195818
899.0 0.00030695830446347827
900.0 0.0003129595825157594
901.0 0.0003189608605680405
902.0 0.0002598205810500076
903.0 0.0002006803015319747
904.0 0.0003329271066832007
905.0 0.00046517384362232406
906.0 0.00037654997413483215
