lsstCam/transmission_filter_detector/r10_s20/u_24/19700101T000000.ecsv
# %ECSV 1.0
# ---
# datatype:
# - {name: wavelength, unit: nm, datatype: float32}
# - {name: efficiency, unit: '%', datatype: float64}
# meta: !!omap
# - {MODE: DETECTOR}
# - {TYPE: transmission_filter_detector}
# - {CALIBDATE: '1970-01-01T00:00:00'}
# - {INSTRUME: LSSTCam}
# - {OBSTYPE: transmission_filter_detector}
# - {CALIBCLS: lsst.ip.isr.IntermediateFilterDetectorTransmissionCurve}
# - {SOURCE: Materion (DM-46256)}
# - {DETECTOR: 33}
# - {FILTER: u_24}
# - {CALIB_ID: 'calibDate=1970-01-01T00:00:00 filter=u_24 detector=33'}
# - {DATE: '2025-04-02T15:59:39.902050'}
# - {CALIB_CREATION_DATE: '2025-04-02'}
# - {CALIB_CREATION_TIME: '15:59:39'}
# - __serialized_columns__:
#     efficiency:
#       __class__: astropy.units.quantity.Quantity
#       unit: !astropy.units.Unit {unit: '%'}
#       value: !astropy.table.SerializedColumn {name: efficiency}
#     wavelength:
#       __class__: astropy.units.quantity.Quantity
#       unit: !astropy.units.Unit {unit: nm}
#       value: !astropy.table.SerializedColumn {name: wavelength}
# schema: astropy-2.0
wavelength efficiency
[from data line 581]
876.0 0.002608415343274828
877.0 0.0027207111997995526
878.0 0.0028330077839200385
879.0 0.002815973675751593
880.0 0.002798939931381028
881.0 0.002928285721282009
882.0 0.0030576316930819303
883.0 0.002701374251046218
884.0 0.0023451171728083864
885.0 0.002370381298533175
886.0 0.0023956456061569043
887.0 0.00229751349252183
888.0 0.0021993819245835766
889.0 0.0021763351469417103
890.0 0.002153288369299844
891.0 0.0023140424673329107
892.0 0.002474796747264918
893.0 0.002556887557148002
894.0 0.0026389780032332055
895.0 0.003138621832476929
896.0 0.0036382654798217118
897.0 0.004129155422560871
898.0 0.0046200453653000295
899.0 0.00474374282930512
900.0 0.004867439929512329
901.0 0.004823126073461026
902.0 0.0047788122174097225
903.0 0.005179216532269493
904.0 0.005579620483331382
905.0 0.005488788156071678
906.0 0.005397955101216212
907.0 0.0056337605201406404
908.0 0.00586956630286295
909.0 0.005592178422375582
910.0 0.005314790541888215
911.0 0.005484611392603256
912.0 0.005654432607116178
913.0 0.005585317921941169
914.0 0.005516202872968279
915.0 0.00491390674142167
916.0 0.004311610973672941
917.0 0.004128229193156585
918.0 0.003944847412640229
919.0 0.004341535168350674
920.0 0.004738223287859
921.0 0.0047969089791877195
922.0 0.0048555953981122
923.0 0.005813328971271403
924.0 0.0067710607254412025
925.0 0.007218178507173434
926.0 0.007665297744097188
927.0 0.008352939767064527
928.0 0.00904057887964882
929.0 0.00885963745531626
930.0 0.00867869530338794
931.0 0.00783177456469275
932.0 0.0069848530984018
933.0 0.006604452937608585
934.0 0.006224053504411131
935.0 0.006237193156266585
936.0 0.0062503335357178
937.0 0.006291737372521311
938.0 0.0063331441197078675
939.0 0.006459371070377529
940.0 0.00658559802104719
941.0 0.005805860200780444
942.0 0.005026120925322175
943.0 0.004126389467273839
944.0 0.003226658736821264
945.0 0.002469831633788999
946.0 0.001713004894554615
947.0 0.0017239304725080729
948.0 0.0017348560504615307
949.0 0.0014042352631804533
950.0 0.0010736143849499058
951.0 0.0012853478438046295
952.0 0.0014970813026593532
953.0 0.001500479174865177
954.0 0.0015038774108688813
955.0 0.0022393878680304624
956.0 0.0029748982342425734
957.0 0.0031859228329267353
958.0 0.003396946340217255
959.0 0.003603128425311297
960.0 0.003809309419011697
961.0 0.004476330286706798
962.0 0.005143350790604018
963.0 0.005206137939239852
964.0 0.005268925451673567
965.0 0.005384302130551077
966.0 0.005499679173226468
967.0 0.005211880852584727
968.0 0.004924082531942986
969.0 0.004758190334541723
970.0 0.00459229777334258
971.0 0.004575536513584666
972.0 0.004558774526230991
973.0 0.0043866322812391445
974.0 0.004214489672449417
975.0 0.004084304964635521
976.0 0.0039541195292258635
977.0 0.0037852005334571004
978.0 0.0036162815376883373
979.0 0.003394119630684145
980.0 0.0031719573598820716
981.0 0.0032138414098881185
982.0 0.0032557254598941654
983.0 0.003348131212987937
984.0 0.003440536602283828
985.0 0.0037161666114116088
986.0 0.003991797348135151
987.0 0.004735183392767794
988.0 0.005478569437400438
989.0 0.006777224189136177
990.0 0.008075878577074036
991.0 0.008510689804097638
992.0 0.008945500303525478
993.0 0.009430001955479383
994.0 0.009914502879837528
995.0 0.008990964852273464
996.0 0.008067426097113639
997.0 0.0071860478783492
998.0 0.006304673297563568
999.0 0.005912478445679881
1000.0 0.005520282866200432
1001.0 0.004980648009222932
1002.0 0.00444101206085179
1003.0 0.004190755862509832
1004.0 0.0039404985727742314
1005.0 0.004387157969176769
1006.0 0.004833816637983546
1007.0 0.004699060446000658
1008.0 0.004564301343634725
1009.0 0.0041596751543693244
1010.0 0.003755049328901805
1011.0 0.003716580249601975
1012.0 0.003678111534100026
1013.0 0.0031230309105012566
1014.0 0.0025679504688014276
1015.0 0.00232696947932709
1016.0 0.002085988671751693
1017.0 0.001996700848394539
1018.0 0.0019074130250373855
1019.0 0.0016318381312885322
1020.0 0.0013562631465902086
1021.0 0.0013213006241130643
1022.0 0.0012863381016359199
1023.0 0.0014687806469737552
1024.0 0.0016512231013621204
1025.0 0.0015462033843505196
1026.0 0.001441183758288389
1027.0 0.0012488061656767968
1028.0 0.0010564282092673238
1029.0 0.0014263114280765876
1030.0 0.001796194919734262
1031.0 0.0024465984097332694
1032.0 0.0030970022635301575
1033.0 0.0028842287065344863
1034.0 0.002671455149538815
1035.0 0.002635153941810131
1036.0 0.0025988525521825068
1037.0 0.002800886250042822
1038.0 0.003002920129802078
1039.0 0.0022512374926009215
1040.0 0.0014995552191976458
1041.0 0.001331780913460534
1042.0 0.0011640068805718329
1043.0 0.0012946984497830272
1044.0 0.0014253902008931618
1045.0 0.0013580443010141607
1046.0 0.0012906985830341
1047.0 0.0018638933397596702
1048.0 0.0024370885512325913
1049.0 0.0014476826436293777
1050.0 0.00045827623580407817
1051.0 0.0007354471108556027
1052.0 0.0010126177585334517
1053.0 0.0009013871931529138
1054.0 0.0007901564458734356
1055.0 0.0008006604730326217
1056.0 0.0008111646820907481
1057.0 0.0011369314961484633
1058.0 0.0014626982192567084
1059.0 0.0012732313734886702
1060.0 0.0010837647096195724
1061.0 0.0018573635315988213
1062.0 0.0026309622626286
1063.0 0.0023374808733933605
1064.0 0.0020439993022591807
1065.0 0.0012170623449492268
1066.0 0.0003901255695382133
1067.0 0.0011778507541748695
1068.0 0.0019655752112157643
1069.0 0.0025955878300010227
1070.0 0.0032255997211905196
1071.0 0.002599403524072841
1072.0 0.0019732071450562216
1073.0 0.0022073229047236964
1074.0 0.0024414383005932905
1075.0 0.0037730540498159826
1076.0 0.005104669253341854
1077.0 0.005751185381086543
1078.0 0.006397700781235471
1079.0 0.006936446879990399
1080.0 0.007475189340766519
1081.0 0.0060887894505867735
1082.0 0.004702388832811266
1083.0 0.003662150993477553
1084.0 0.002621913699840661
1085.0 0.003592328357626684
1086.0 0.0045627428335137665
1087.0 0.0043498745071701705
1088.0 0.004137005817028694
1089.0 0.005547771797864698
1090.0 0.006958538142498583
1091.0 0.004639769394998439
1092.0 0.0023210004655993544
1093.0 0.0020476449208217673
1094.0 0.0017742893760441802
1095.0 0.002222761031589471
1096.0 0.0026712326871347614
1097.0 0.0025191538952640258
1098.0 0.00236707492149435
1099.0 0.0025802792151807807
1100.0 0.0027934835088672116
