lsstCam/transmission_filter_detector/r10_s20/u_24/19700101T000000.ecsv
# %ECSV 1.0
# ---
# datatype:
# - {name: wavelength, unit: nm, datatype: float32}
# - {name: efficiency, unit: '%', datatype: float64}
# meta: !!omap
# - {MODE: DETECTOR}
# - {TYPE: transmission_filter_detector}
# - {CALIBDATE: '1970-01-01T00:00:00'}
# - {INSTRUME: LSSTCam}
# - {OBSTYPE: transmission_filter_detector}
# - {CALIBCLS: lsst.ip.isr.IntermediateFilterDetectorTransmissionCurve}
# - {SOURCE: Materion (DM-46256)}
# - {DETECTOR: 33}
# - {FILTER: u_24}
# - {CALIB_ID: 'calibDate=1970-01-01T00:00:00 filter=u_24 detector=33'}
# - {DATE: '2025-04-02T15:59:39.902050'}
# - {CALIB_CREATION_DATE: '2025-04-02'}
# - {CALIB_CREATION_TIME: '15:59:39'}
# - __serialized_columns__:
#     efficiency:
#       __class__: astropy.units.quantity.Quantity
#       unit: !astropy.units.Unit {unit: '%'}
#       value: !astropy.table.SerializedColumn {name: efficiency}
#     wavelength:
#       __class__: astropy.units.quantity.Quantity
#       unit: !astropy.units.Unit {unit: nm}
#       value: !astropy.table.SerializedColumn {name: wavelength}
# schema: astropy-2.0
wavelength efficiency
295.0 1.7177703487067375e-10
296.0 1.7177703487067375e-10
297.0 1.7177703487067375e-10
298.0 1.7177703487067375e-10
299.0 1.7177703487067375e-10
300.0 1.7177703487067375e-10
301.0 1.7177703487067375e-10
302.0 1.7177703487067375e-10
303.0 1.7177703487067375e-10
304.0 0.0446213292889297
305.0 1.4280466362833977
306.0 2.8324389830231667
307.0 4.987014457583427
308.0 8.07889923453331
309.0 11.794920265674591
310.0 15.400724112987518
311.0 19.447307288646698
312.0 23.108407855033875
313.0 25.882986187934875
314.0 28.671753406524658
315.0 31.032830476760864
316.0 33.462366461753845
317.0 36.82691156864166
318.0 40.64328968524933
319.0 45.76142430305481
320.0 52.14589834213257
321.0 57.66947865486145
322.0 63.445162773132324
323.0 67.85702705383301
324.0 71.49195075035095
325.0 73.8062858581543
326.0 75.89899897575378
327.0 77.47863531112671
328.0 79.0827989578247
329.0 80.3580105304718
330.0 81.4279556274414
331.0 81.65965676307678
332.0 81.85088634490967
333.0 82.03940391540527
334.0 82.11700320243835
335.0 82.43601322174072
336.0 83.09170007705688
337.0 83.7306797504425
338.0 84.67632532119751
339.0 85.14009714126587
340.0 85.38600206375122
341.0 85.77728271484375
342.0 86.01025938987732
343.0 85.92157363891602
344.0 86.19602918624878
345.0 86.7133617401123
346.0 87.1111512184143
347.0 87.46296763420105
348.0 87.62739896774292
349.0 87.83272504806519
350.0 87.83544898033142
351.0 87.98252940177917
352.0 87.89143562316895
353.0 87.9996657371521
354.0 87.86223530769348
355.0 88.05820941925049
356.0 88.09770941734314
357.0 87.88471221923828
358.0 87.40754127502441
359.0 87.14942336082458
360.0 86.93493604660034
361.0 86.77928447723389
362.0 86.68383955955505
363.0 86.9168221950531
364.0 87.22609281539917
365.0 87.67105340957642
366.0 87.93250918388367
367.0 87.96234130859375
368.0 88.02065849304199
369.0 88.11282515525818
370.0 88.05821537971497
371.0 87.99803256988525
372.0 88.18065524101257
373.0 88.40754628181458
374.0 88.5187029838562
375.0 88.85552287101746
376.0 89.1777515411377
377.0 89.26969766616821
378.0 89.24211859703064
379.0 88.61585259437561
380.0 87.529057264328
381.0 85.8737051486969
382.0 83.8505506515503
383.0 81.82690143585205
384.0 79.72793579101562
385.0 77.17532515525818
386.0 74.2497980594635
387.0 70.34080028533936
388.0 66.29093885421753
389.0 61.46525740623474
390.0 57.144904136657715
391.0 52.902162075042725
392.0 48.84383678436279
393.0 45.386794209480286
394.0 41.79928004741669
395.0 37.3739629983902
396.0 32.142964005470276
397.0 25.09160339832306
398.0 18.004272878170013
399.0 11.237788945436478
400.0 5.868013948202133
401.0 2.444196864962578
402.0 0.7714372128248215
403.0 0.27092250529676676
404.0 0.12417144607752562
405.0 0.029417048790492117
406.0 1.7177703487067375e-10
407.0 1.7177703487067375e-10
408.0 1.7177703487067375e-10
409.0 1.7177703487067375e-10
410.0 1.7177703487067375e-10
411.0 1.7177703487067375e-10
412.0 1.7177703487067375e-10
413.0 1.7177703487067375e-10
414.0 1.7177703487067375e-10
415.0 1.7177703487067375e-10
416.0 1.7177703487067375e-10
417.0 1.7177703487067375e-10
418.0 1.7177703487067375e-10
419.0 1.7177703487067375e-10
420.0 1.7177703487067375e-10
421.0 1.7177703487067375e-10
422.0 1.7177703487067375e-10
423.0 1.7177703487067375e-10
424.0 1.7177703487067375e-10
425.0 1.7177703487067375e-10
426.0 1.7177703487067375e-10
427.0 1.7177703487067375e-10
428.0 0.0025969056878238916
429.0 0.0005464802597998641
430.0 1.7177703487067375e-10
431.0 1.7177703487067375e-10
432.0 1.7177703487067375e-10
433.0 1.7177703487067375e-10
434.0 1.7177703487067375e-10
435.0 1.7177703487067375e-10
436.0 1.7177703487067375e-10
437.0 1.7177703487067375e-10
438.0 1.7177703487067375e-10
439.0 0.00035047294204559876
440.0 0.0021281679437379353
441.0 0.000825131792225875
442.0 1.7177703487067375e-10
443.0 1.7177703487067375e-10
444.0 1.7177703487067375e-10
445.0 1.7177703487067375e-10
446.0 0.000200547856366029
447.0 0.000165979110988701
448.0 0.00013141075214662123
449.0 0.0003418267851884593
450.0 0.0005522425453818869
451.0 1.7177703487067375e-10
452.0 1.7177703487067375e-10
453.0 1.7177703487067375e-10
454.0 0.00030913029149814975
455.0 1.7177703487067375e-10
456.0 1.7177703487067375e-10
457.0 1.7177703487067375e-10
458.0 1.7177703487067375e-10
459.0 1.7177703487067375e-10
460.0 1.7177703487067375e-10
461.0 1.7177703487067375e-10
462.0 8.810973781692155e-05
463.0 1.7177703487067375e-10
464.0 1.7177703487067375e-10
465.0 1.7177703487067375e-10
466.0 0.00022519109279528493
467.0 0.00020812683487747563
468.0 0.0001910628725454444
469.0 0.0007575080417154822
470.0 0.0013239528925623745
471.0 0.0010212531378783751
472.0 0.0007185534286691109
473.0 1.7177703487067375e-10
474.0 1.7177703487067375e-10
475.0 1.7177703487067375e-10
476.0 0.0005364432126953034
477.0 0.00018091809579345863
478.0 1.7177703487067375e-10
479.0 1.7177703487067375e-10
480.0 1.7177703487067375e-10
481.0 1.7177703487067375e-10
482.0 0.0004006684321211651
483.0 1.7064796509203006e-05
484.0 1.7177703487067375e-10
485.0 1.7177703487067375e-10
486.0 1.7177703487067375e-10
487.0 1.7177703487067375e-10
488.0 1.7177703487067375e-10
489.0 1.7177703487067375e-10
490.0 1.7177703487067375e-10
491.0 1.7177703487067375e-10
492.0 1.7177703487067375e-10
493.0 1.7177703487067375e-10
494.0 1.7177703487067375e-10
495.0 1.7177703487067375e-10
496.0 0.0005642149062623503
497.0 0.00036270021155360155
498.0 0.00016118518715302343
499.0 0.000324866914525046
500.0 0.0004885489488515304
501.0 0.0004663852450903505
502.0 0.00044422167775337584
503.0 1.7177703487067375e-10
504.0 1.7177703487067375e-10
505.0 1.7177703487067375e-10
506.0 1.7177703487067375e-10
507.0 1.7177703487067375e-10
508.0 1.7177703487067375e-10
509.0 1.7177703487067375e-10
510.0 1.7177703487067375e-10
511.0 0.00039367405406665057
512.0 0.0009764179594640154
513.0 0.0006438018772314535
514.0 0.0003111856585746864
515.0 0.0005473286364576779
516.0 0.0007834714779164642
517.0 0.0004488031208893517
518.0 0.0001141346388067177
519.0 0.000170863677340094
520.0 0.00022759270450478652
521.0 0.0004305648417357588
522.0 0.0006335369107546285
523.0 0.00036652356811828213
524.0 9.950996400220902e-05
525.0 0.0001245889166057168
526.0 0.00014966784647185705
527.0 1.7177703487067375e-10
528.0 1.7177703487067375e-10
529.0 1.7177703487067375e-10
530.0 8.020459176805161e-05
531.0 0.0002757303491307539
532.0 0.0004712560439656954
533.0 1.7177703487067375e-10
534.0 1.7177703487067375e-10
535.0 1.7177703487067375e-10
536.0 1.7177703487067375e-10
537.0 6.45933994292136e-05
538.0 0.00017896231838676613
539.0 1.7177703487067375e-10
540.0 1.7177703487067375e-10
541.0 1.7177703487067375e-10
542.0 1.7177703487067375e-10
543.0 1.7177703487067375e-10
544.0 1.7177703487067375e-10
545.0 1.7177703487067375e-10
546.0 1.7177703487067375e-10
547.0 7.61218871048186e-05
548.0 0.000310935638481169
549.0 1.7177703487067375e-10
550.0 1.7177703487067375e-10
551.0 1.7177703487067375e-10
552.0 1.7177703487067375e-10
553.0 1.7177703487067375e-10
554.0 1.7177703487067375e-10
555.0 1.7177703487067375e-10
556.0 1.7177703487067375e-10
557.0 1.7177703487067375e-10
558.0 1.7177703487067375e-10
559.0 1.7177703487067375e-10
560.0 0.0001448480247745465
561.0 1.7177703487067375e-10
562.0 1.7177703487067375e-10
563.0 1.7177703487067375e-10
564.0 1.7177703487067375e-10
565.0 1.7177703487067375e-10
566.0 1.7177703487067375e-10
567.0 1.7177703487067375e-10
568.0 1.7177703487067375e-10
569.0 0.00017068477973225527
570.0 0.0004736089522339171
571.0 0.000486328508486622
572.0 0.0004990482011635322
573.0 0.00045270699047250673
574.0 0.00040636618905409705
575.0 0.0003399076149435132
576.0 0.0002734491772571346
577.0 0.00018846831153496169
578.0 0.00010348733212595107
579.0 0.0002398550577709102
580.0 0.00037622257877956145
581.0 0.0008315088962262962
582.0 0.0012867953046225011
583.0 0.0014890979400661308
584.0 0.0016914007574087009
585.0 0.0012628116564883385
586.0 0.0008342221008206252
587.0 0.0010098496204591356
588.0 0.001185477140097646
589.0 0.0010250247214571573
590.0 0.000864572029968258
591.0 0.0008699152203917038
592.0 0.0008752583198656794
593.0 0.0006949930593691533
594.0 0.0005147275260242168
595.0 0.0007633434506715275
596.0 0.0010119591024704278
597.0 0.0011785193237301428
598.0 0.001345079090242507
599.0 0.001802075894374866
600.0 0.0022590724256588146
601.0 0.0024013988877413794
602.0 0.0025437255317228846
603.0 0.00221145437535597
604.0 0.001879183400887996
605.0 0.0015160940165515058
606.0 0.0011530047231644858
607.0 0.0009932877219398506
608.0 0.0008335708116646856
609.0 0.0005813006282551214
610.0 0.0003290304903202923
611.0 0.00047903713493724354
612.0 0.0006290437795541948
613.0 0.0006401392965926789
614.0 0.0006512348591058981
615.0 0.0008373278433282394
616.0 0.001023421009449521
617.0 0.000869304858497344
618.0 0.0007151890713430475
619.0 0.00037065951801196206
620.0 2.6130052788175817e-05
621.0 0.0004442141744220862
622.0 0.0008622982932138257
623.0 0.0008109605005302001
624.0 0.0007596225714223692
625.0 0.0008546660865249578
626.0 0.000949709919950692
627.0 0.0008727981366973836
628.0 0.0007958863534440752
629.0 0.001070214875653619
630.0 0.0013445431250147521
631.0 0.0018459219063515775
632.0 0.002347300323890522
633.0 0.002188847975048702
634.0 0.0020303956262068823
635.0 0.0023335789592238143
636.0 0.002636762110341806
637.0 0.002328745904378593
638.0 0.002020729152718559
639.0 0.0016048230463638902
640.0 0.0011889164852618705
641.0 0.0011288502719253302
642.0 0.0010687840585887898
643.0 0.0008305367373395711
644.0 0.0005922894160903525
645.0 0.0005306987077347003
646.0 0.00046910795390431304
647.0 0.0002072888037218945
648.0 1.7177703487067375e-10
649.0 0.0001172717020381242
650.0 0.00028907370506203733
651.0 0.0005566757863562088
652.0 0.0008242779585998505
653.0 0.0011951144188060425
654.0 0.0015659506971132942
655.0 0.0019001779946847819
656.0 0.0022344052922562696
657.0 0.0030082317607593723
658.0 0.003782058774959296
659.0 0.003921957249986008
660.0 0.0040618560888106
661.0 0.003977751839556731
662.0 0.0038936475903028622
663.0 0.0029428836569422856
664.0 0.0019921200873795897
665.0 0.0017114089132519439
666.0 0.0014306975572253577
667.0 0.0013398557712207548
668.0 0.0012490138033172116
669.0 0.0008465500286547467
670.0 0.00044408634494175203
671.0 0.0004778296897711698
672.0 0.0005115729436511174
673.0 0.0005223278094490524
674.0 0.0005330825388227822
675.0 0.0008647605682199355
676.0 0.0011964388249907643
677.0 0.0017847272829385474
678.0 0.0023730162865831517
679.0 0.002693704482226167
680.0 0.003014392677869182
681.0 0.004291450750315562
682.0 0.005568508640863001
683.0 0.0070955531555227935
684.0 0.008622596942586824
685.0 0.008637319842819124
686.0 0.008652047108625993
687.0 0.007703284791205078
688.0 0.006754522473784164
689.0 0.005492342097568326
690.0 0.004230163540341891
691.0 0.003682590613607317
692.0 0.003135017686872743
693.0 0.0028903881684527732
694.0 0.0026457588319317438
695.0 0.002167315142287407
696.0 0.0016888716345420107
697.0 0.0012833727851102594
698.0 0.000877873844729038
699.0 0.0007491254564229166
700.0 0.0006203772045410005
701.0 0.0005730069460696541
702.0 0.0005256369149719831
703.0 0.0007874213224567939
704.0 0.0010492060027900152
705.0 0.0009641025826567784
706.0 0.0008789991625235416
707.0 0.0008320302185893524
708.0 0.0007850608199078124
709.0 0.0006686178039672086
710.0 0.0005521745151781943
711.0 0.0006419269084290136
712.0 0.0007316792562050978
713.0 0.0008113876901916228
714.0 0.0008910960787034128
715.0 0.0007294564511539647
716.0 0.0005678167326550465
717.0 0.0005786732344859047
718.0 0.0005895296453672927
719.0 0.0005160196451470256
720.0 0.0004425095539772883
721.0 0.0004043502030981472
722.0 0.00036619080674427096
723.0 0.0004886597707809415
724.0 0.0006111286438681418
725.0 0.00040747968341747764
726.0 0.0002038306320173433
727.0 0.00037909856018814025
728.0 0.0005543665793084074
729.0 0.0004415723196871113
730.0 0.00032877812827791786
731.0 0.0002798144805638003
732.0 0.00023085078737494769
733.0 0.00020709824184450554
734.0 0.0001833457304201147
735.0 0.00028679398837994086
736.0 0.0003902422577084508
737.0 0.0005029776275478071
738.0 0.0006157129973871633
739.0 0.000641721908323234
740.0 0.0006677308647340396
741.0 0.0011052057743654586
742.0 0.001542680911370553
743.0 0.002397476418991573
744.0 0.0032522719266125932
745.0 0.0034831718949135393
746.0 0.0037140714994166046
747.0 0.003922725227312185
748.0 0.004131379319005646
749.0 0.003604977246141061
750.0 0.003078575900872238
751.0 0.0027613301426754333
752.0 0.0024440847482765093
753.0 0.00217684810195351
754.0 0.0019096116375294514
755.0 0.002217327528342139
756.0 0.0025250437829527073
757.0 0.0020811576177948155
758.0 0.0016372712707379833
759.0 0.0013950641005067155
760.0 0.001152857112174388
761.0 0.0012642283763852902
762.0 0.0013755997315456625
763.0 0.0009576238880981691
764.0 0.0005396479991759406
765.0 0.0005672281986335292
766.0 0.0005948083980911179
767.0 0.0003931236278731376
768.0 0.00019143876670568716
769.0 0.00043890613596886396
770.0 0.0006863733233331004
771.0 0.0005149953267391538
772.0 0.0003436172164583695
773.0 0.00028232866498001385
774.0 0.00022104002255218802
775.0 0.0003289981123089092
776.0 0.0004369561793282628
777.0 0.0005863245860382449
778.0 0.0007356928108492866
779.0 0.0010189729437115602
780.0 0.0013022528946748935
781.0 0.0011805823305621743
782.0 0.0010589121302473359
783.0 0.0010208800631517079
784.0 0.0009828477232076693
785.0 0.001156306461780332
786.0 0.0013297650184540544
787.0 0.0009233588571078144
788.0 0.0005169527412363095
789.0 0.0006102378392824903
790.0 0.000703522891853936
791.0 0.0007237521003844449
792.0 0.0007439812634402188
793.0 0.00024833962015691213
794.0 1.7177703487067375e-10
795.0 1.7177703487067375e-10
796.0 0.00010856567769224057
797.0 0.0003311451791887521
798.0 0.0005537247488973662
799.0 0.00022625808924203739
800.0 1.7177703487067375e-10
801.0 1.7177703487067375e-10
802.0 1.7177703487067375e-10
803.0 1.7177703487067375e-10
804.0 1.7177703487067375e-10
805.0 1.7177703487067375e-10
806.0 1.7177703487067375e-10
807.0 1.7177703487067375e-10
808.0 1.7177703487067375e-10
809.0 0.00021586026832665084
810.0 0.0006276794010773301
811.0 7.220759812298638e-05
812.0 1.7177703487067375e-10
813.0 1.7177703487067375e-10
814.0 0.0002547961912569008
815.0 0.00026584762053971644
816.0 0.000276899004347797
817.0 0.0003222399300284451
818.0 0.00036758081023435807
819.0 0.0002437634748275741
820.0 0.00011994620763289277
821.0 1.7177703487067375e-10
822.0 1.7177703487067375e-10
823.0 1.7177703487067375e-10
824.0 1.7177703487067375e-10
825.0 1.7177703487067375e-10
826.0 1.7177703487067375e-10
827.0 1.7177703487067375e-10
828.0 0.0004469706254894845
829.0 0.0003930726961698383
830.0 0.000339175221597543
831.0 7.849308190088777e-05
832.0 1.7177703487067375e-10
833.0 1.7177703487067375e-10
834.0 1.7177703487067375e-10
835.0 1.7177703487067375e-10
836.0 0.0001315475742558192
837.0 1.7177703487067375e-10
838.0 1.7177703487067375e-10
839.0 1.7177703487067375e-10
840.0 1.7177703487067375e-10
841.0 1.7177703487067375e-10
842.0 1.7177703487067375e-10
843.0 5.2636306691056234e-05
844.0 0.00015401658401970053
845.0 0.00013610360838356428
846.0 0.00011819057590400917
847.0 0.0001812178993532143
848.0 0.00024424514322163304
849.0 0.00014198456028680084
850.0 3.972387219164375e-05
851.0 0.00010033056696556741
852.0 0.00016093740669020917
853.0 0.00042616452446964104
854.0 0.0006913916422490729
855.0 0.00044351309043122455
856.0 0.00019563451587600866
857.0 0.00039359201764455065
858.0 0.0005915495421504602
859.0 0.0009426215001440141
860.0 0.0012936935490870383
861.0 0.0011131789506180212
862.0 0.0009326643521490041
863.0 0.0011921693840122316
864.0 0.0014516742339765187
865.0 0.0019038408936467022
866.0 0.0023560070985695347
867.0 0.0023451915694749914
868.0 0.0023343762222793885
869.0 0.0021083558749523945
870.0 0.0018823353457264602
871.0 0.002030195901170373
872.0 0.0021780564566142857
873.0 0.002326473986613564
874.0 0.0024748913347139023
