lsstCam/transmission_filter_detector/r34_s01/z_20/19700101T000000.ecsv
# %ECSV 1.0
# ---
# datatype:
# - {name: wavelength, unit: nm, datatype: float32}
# - {name: efficiency, unit: '%', datatype: float64}
# meta: !!omap
# - {MODE: DETECTOR}
# - {TYPE: transmission_filter_detector}
# - {CALIBDATE: '1970-01-01T00:00:00'}
# - {INSTRUME: LSSTCam}
# - {OBSTYPE: transmission_filter_detector}
# - {CALIBCLS: lsst.ip.isr.IntermediateFilterDetectorTransmissionCurve}
# - {SOURCE: Materion (DM-46256)}
# - {DETECTOR: 154}
# - {FILTER: z_20}
# - {CALIB_ID: 'calibDate=1970-01-01T00:00:00 filter=z_20 detector=154'}
# - {DATE: '2025-04-02T15:59:49.355369'}
# - {CALIB_CREATION_DATE: '2025-04-02'}
# - {CALIB_CREATION_TIME: '15:59:49'}
# - __serialized_columns__:
#     efficiency:
#       __class__: astropy.units.quantity.Quantity
#       unit: !astropy.units.Unit {unit: '%'}
#       value: !astropy.table.SerializedColumn {name: efficiency}
#     wavelength:
#       __class__: astropy.units.quantity.Quantity
#       unit: !astropy.units.Unit {unit: nm}
#       value: !astropy.table.SerializedColumn {name: wavelength}
# schema: astropy-2.0
wavelength efficiency
[from data line 597]
897.0 99.34786558151245
898.0 98.66108298301697
899.0 98.62430095672607
900.0 98.85470271110535
901.0 99.36249256134033
902.0 99.17744994163513
903.0 98.47795367240906
904.0 97.45526313781738
905.0 98.48934412002563
906.0 97.70792126655579
907.0 98.60042333602905
908.0 98.08247089385986
909.0 98.01594018936157
910.0 97.9771614074707
911.0 96.79694175720215
912.0 95.82520127296448
913.0 94.67027187347412
914.0 92.25605130195618
915.0 89.92316126823425
916.0 87.58062720298767
917.0 86.08154058456421
918.0 82.67873525619507
919.0 81.38871192932129
920.0 78.26260924339294
921.0 74.51474666595459
922.0 69.68859434127808
923.0 63.73859643936157
924.0 58.42385292053223
925.0 52.62705683708191
926.0 46.35574519634247
927.0 39.30712342262268
928.0 33.16455781459808
929.0 26.970961689949036
930.0 21.618427336215973
931.0 16.435153782367706
932.0 11.185591667890549
933.0 7.097690552473068
934.0 4.51899953186512
935.0 2.7706919237971306
936.0 1.653185673058033
937.0 0.954800471663475
938.0 0.6595188286155462
939.0 0.3830596571788192
940.0 0.25136442855000496
941.0 0.10129380971193314
942.0 0.19314707024022937
943.0 0.016129930736497045
944.0 1.6450073725068903e-10
945.0 0.00981455305009149
946.0 1.6450073725068903e-10
947.0 1.6450073725068903e-10
948.0 1.6450073725068903e-10
949.0 1.6450073725068903e-10
950.0 1.6450073725068903e-10
951.0 1.6450073725068903e-10
952.0 1.6450073725068903e-10
953.0 0.014858649228699505
954.0 0.0895113218575716
955.0 1.6450073725068903e-10
956.0 1.6450073725068903e-10
957.0 1.6450073725068903e-10
958.0 1.6450073725068903e-10
959.0 0.05109948106110096
960.0 0.011390411964384839
961.0 0.02582317392807454
962.0 1.6450073725068903e-10
963.0 1.6450073725068903e-10
964.0 1.6450073725068903e-10
965.0 1.6450073725068903e-10
966.0 1.6450073725068903e-10
967.0 1.6450073725068903e-10
968.0 0.0847170886117965
969.0 1.6450073725068903e-10
970.0 0.01969450677279383
971.0 1.6450073725068903e-10
972.0 0.02699481265153736
973.0 1.6450073725068903e-10
974.0 0.04024335648864508
975.0 1.6450073725068903e-10
976.0 0.006148630200186744
977.0 0.006163845682749525
978.0 0.006179060437716544
979.0 0.005923062053625472
980.0 0.005667062941938639
981.0 0.005616907947114669
982.0 0.0055667522246949375
983.0 0.00538678614248056
984.0 0.005206820060266182
985.0 0.005165146285435185
986.0 0.0051234728744020686
987.0 0.0049947790103033185
988.0 0.0048660851462045684
989.0 0.0048467787564732134
990.0 0.004827472366741858
991.0 0.00466424462501891
992.0 0.004501017247093841
993.0 0.0044399144826456904
994.0 0.004378811354399659
995.0 0.004425752194947563
996.0 0.004472692671697587
997.0 0.004439831536728889
998.0 0.004406970401760191
999.0 0.00436808550148271
1000.0 0.0043292009650031105
1001.0 0.004214018190396018
1002.0 0.004098835779586807
1003.0 0.004166377038927749
1004.0 0.004233918662066571
1005.0 0.004192991036688909
1006.0 0.0041520634113112465
1007.0 0.004210616680211388
1008.0 0.004269169949111529
1009.0 0.0041329119994770736
1010.0 0.003996654049842618
1011.0 0.0040389131754636765
1012.0 0.004081172664882615
1013.0 0.004205797449685633
1014.0 0.004330422234488651
1015.0 0.004255421299603768
1016.0 0.004180420364718884
1017.0 0.004227976387483068
1018.0 0.004275532046449371
1019.0 0.004228545367368497
1020.0 0.0041815583244897425
1021.0 0.004196662121103145
1022.0 0.004211765917716548
1023.0 0.004339477163739502
1024.0 0.004467188773560338
1025.0 0.004395296491566114
1026.0 0.0043234042095718905
1027.0 0.004400022226036526
1028.0 0.004476639878703281
1029.0 0.004494287713896483
1030.0 0.004511935185291804
1031.0 0.004544317562249489
1032.0 0.004576699939207174
1033.0 0.004698382690548897
1034.0 0.00482006544189062
1035.0 0.00495197091368027
1036.0 0.0050838756578741595
1037.0 0.0051335639000171795
1038.0 0.005183251778362319
1039.0 0.005265958679956384
1040.0 0.00534866594534833
1041.0 0.00524450333614368
1042.0 0.00514034072693903
1043.0 0.005385592157836072
1044.0 0.005630843224935234
1045.0 0.0057802233641268685
1046.0 0.005929603139520623
1047.0 0.006114914867794141
1048.0 0.006300226232269779
1049.0 0.006277234206208959
1050.0 0.006254240724956617
1051.0 0.006526431388920173
1052.0 0.006798621325287968
1053.0 0.007093225576682016
1054.0 0.007387829828076065
1055.0 0.00714386987965554
1056.0 0.006899909203639254
1057.0 0.007242389256134629
1058.0 0.007584870763821527
1059.0 0.007695695967413485
1060.0 0.007806520443409681
1061.0 0.00813701408333145
1062.0 0.008467509178444743
1063.0 0.008747501851757988
1064.0 0.009027496707858518
1065.0 0.009295782365370542
1066.0 0.009564066567691043
1067.0 0.009377115202369168
1068.0 0.009190162381855771
1069.0 0.009720730304252356
1070.0 0.010251298226648942
1071.0 0.010321794252377003
1072.0 0.010392289550509304
1073.0 0.010551531158853322
1074.0 0.01071077203960158
1075.0 0.010443197970744222
1076.0 0.010175622446695343
1077.0 0.011571627692319453
1078.0 0.012967632210347801
1079.0 0.012546309153549373
1080.0 0.012124986824346706
1081.0 0.012981137842871249
1082.0 0.01383728813380003
1083.0 0.014377091429196298
1084.0 0.01491689617978409
1085.0 0.014801662473473698
1086.0 0.014686431677546352
1087.0 0.01524646213511005
1088.0 0.01580649259267375
1089.0 0.015633698785677552
1090.0 0.015460907889064401
1091.0 0.015815612277947366
1092.0 0.016170319577213377
1093.0 0.016837769362609833
1094.0 0.017505220603197813
1095.0 0.01814723655115813
1096.0 0.018789251043926924
1097.0 0.018936362175736576
1098.0 0.019083470397163182
1099.0 0.020042141841258854
1100.0 0.02100081037497148
1101.0 0.02200536400778219
1102.0 0.023009917640592903
1103.0 0.023907881404738873
1104.0 0.024805846624076366
1105.0 0.024752621538937092
1106.0 0.024699399364180863
1107.0 0.025679217651486397
1108.0 0.026659038849174976
1109.0 0.027379277162253857
1110.0 0.028099515475332737
1111.0 0.029088236624374986
1112.0 0.030076957773417234
1113.0 0.030234578298404813
1114.0 0.03039219882339239
1115.0 0.03139800392091274
1116.0 0.03240380610805005
1117.0 0.032136053778231144
1118.0 0.031868298538029194
1119.0 0.03390750789549202
1120.0 0.03594671143218875
1121.0 0.0362236809451133
1122.0 0.03650065045803785
1123.0 0.039762837695889175
1124.0 0.04302502784412354
1125.0 0.043097263551317155
1126.0 0.04316949925851077
1127.0 0.04472701111808419
1128.0 0.046284522977657616
1129.0 0.0499732734169811
1130.0 0.05366203258745372
1131.0 0.05635604611597955
1132.0 0.05905006546527147
1133.0 0.059997779317200184
1134.0 0.060945498989894986
1135.0 0.06405257736332715
1136.0 0.0671596557367593
1137.0 0.0735458976123482
1138.0 0.07993213948793709
1139.0 0.08314635488204658
1140.0 0.08636057027615607
1141.0 0.0986968632787466
1142.0 0.11103312717750669
1143.0 0.1434664474800229
1144.0 0.1758997910656035
1145.0 0.36896318197250366
1146.0 0.562026584520936
1147.0 1.036666240543127
1148.0 1.5113061293959618
1149.0 1.5589704737067223
1150.0 1.6066350042819977
