lsstCam/transmission_filter_detector/r34_s01/z_20/19700101T000000.ecsv
# %ECSV 1.0
# ---
# datatype:
# - {name: wavelength, unit: nm, datatype: float32}
# - {name: efficiency, unit: '%', datatype: float64}
# meta: !!omap
# - {MODE: DETECTOR}
# - {TYPE: transmission_filter_detector}
# - {CALIBDATE: '1970-01-01T00:00:00'}
# - {INSTRUME: LSSTCam}
# - {OBSTYPE: transmission_filter_detector}
# - {CALIBCLS: lsst.ip.isr.IntermediateFilterDetectorTransmissionCurve}
# - {SOURCE: Materion (DM-46256)}
# - {DETECTOR: 154}
# - {FILTER: z_20}
# - {CALIB_ID: 'calibDate=1970-01-01T00:00:00 filter=z_20 detector=154'}
# - {DATE: '2025-04-02T15:59:49.355369'}
# - {CALIB_CREATION_DATE: '2025-04-02'}
# - {CALIB_CREATION_TIME: '15:59:49'}
# - __serialized_columns__:
#     efficiency:
#       __class__: astropy.units.quantity.Quantity
#       unit: !astropy.units.Unit {unit: '%'}
#       value: !astropy.table.SerializedColumn {name: efficiency}
#     wavelength:
#       __class__: astropy.units.quantity.Quantity
#       unit: !astropy.units.Unit {unit: nm}
#       value: !astropy.table.SerializedColumn {name: wavelength}
# schema: astropy-2.0
wavelength efficiency
300.0 0.35816708113998175
301.0 0.31494980212301016
302.0 0.27173254638910294
303.0 0.24682760704308748
304.0 0.22192266769707203
305.0 0.18822975689545274
306.0 0.15453683445230126
307.0 0.15174205182120204
308.0 0.14894724590703845
309.0 0.13843432534486055
310.0 0.12792139314115047
311.0 0.12467197375372052
312.0 0.1214225310832262
313.0 0.11658186558634043
314.0 0.11174117680639029
315.0 0.09842340368777514
316.0 0.0851056189276278
317.0 0.07545353146269917
318.0 0.06580144399777055
319.0 0.06485982448793948
320.0 0.0639182049781084
321.0 0.05994752864353359
322.0 0.05597684648819268
323.0 0.05443328991532326
324.0 0.05288973916321993
325.0 0.04777509020641446
326.0 0.04266044415999204
327.0 0.039281314820982516
328.0 0.03590218548197299
329.0 0.0333473872160539
330.0 0.030792586039751768
331.0 0.0317917118081823
332.0 0.032790834666229784
333.0 0.03056632704101503
334.0 0.028341819415800273
335.0 0.028288282919675112
336.0 0.02823474642354995
337.0 0.02371322480030358
338.0 0.019191701721865684
339.0 0.018652468861546367
340.0 0.018113238911610097
341.0 0.01731587399262935
342.0 0.016518509073648602
343.0 0.01617149537196383
344.0 0.01582448312547058
345.0 0.01338982256129384
346.0 0.010955159814329818
347.0 0.012870940554421395
348.0 0.01478672056691721
349.0 0.013973300519865006
350.0 0.013159877562429756
351.0 0.012599975161720067
352.0 0.012040074216201901
353.0 0.013535491598304361
354.0 0.015030911890789866
355.0 0.013123439566697925
356.0 0.0112159650598187
357.0 0.011045087012462318
358.0 0.010874208965105936
359.0 0.010467300307936966
360.0 0.01006039310595952
361.0 0.009355358633911237
362.0 0.008650325617054477
363.0 0.008479231473756954
364.0 0.00830813660286367
365.0 0.008135511598084122
366.0 0.007962886593304574
367.0 0.007983083196450025
368.0 0.008003279799595475
369.0 0.008383462409256026
370.0 0.0087636464741081
371.0 0.008245787466876209
372.0 0.007727928459644318
373.0 0.007369069498963654
374.0 0.007010209810687229
375.0 0.006367778405547142
376.0 0.005725346636609174
377.0 0.00594676639593672
378.0 0.006168185791466385
379.0 0.005915549991186708
380.0 0.005662914190907031
381.0 0.005627553764497861
382.0 0.0055921929742908105
383.0 0.005217046054895036
384.0 0.004841899135499261
385.0 0.004716992407338694
386.0 0.004592085679178126
387.0 0.00462925891042687
388.0 0.0046664325054734945
389.0 0.004745482510770671
390.0 0.004824532879865728
391.0 0.004145568527746946
392.0 0.0034666045394260436
393.0 0.0037240413803374395
394.0 0.003981478585046716
395.0 0.003721213579410687
396.0 0.0034609482099767774
397.0 0.0038234280509641394
398.0 0.00418590716435574
399.0 0.004308483767090365
400.0 0.004431060733622871
401.0 0.004491063373279758
402.0 0.004551066012936644
403.0 0.004344108674558811
404.0 0.0041371513361809775
405.0 0.003404505696380511
406.0 0.002671860420377925
407.0 0.0035688484786078334
408.0 0.0044658369006356224
409.0 0.0033990319934673607
410.0 0.0023322274500969797
411.0 0.0030103426979621872
412.0 0.0036884579458273947
413.0 0.003945544449379668
414.0 0.0042026309529319406
415.0 0.004196107329335064
416.0 0.004189584433333948
417.0 0.0032867326808627695
418.0 0.0023838812921894714
419.0 0.003066260615014471
420.0 0.00374863957404159
421.0 0.0036054370866622776
422.0 0.003462234599282965
423.0 0.003291571920271963
424.0 0.0031209092412609607
425.0 0.0028842405299656093
426.0 0.002647571818670258
427.0 0.00267522827925859
428.0 0.002702884557947982
429.0 0.0025683890271466225
430.0 0.0024338936782442033
431.0 0.0018419923435430974
432.0 0.001250090826943051
433.0 0.0017406238839612342
434.0 0.0022311569409794174
435.0 0.002527550168451853
436.0 0.0028239433959242888
437.0 0.0025753406589501537
438.0 0.0023267379219760187
439.0 0.0023465689082513563
440.0 0.0023664000764256343
441.0 0.002667913940967992
442.0 0.0029694276236114092
443.0 0.0028657545044552535
444.0 0.0027620812034001574
445.0 0.0025875257051666267
446.0 0.002412970206933096
447.0 0.0024878043404896744
448.0 0.002562638655945193
449.0 0.002049112845270429
450.0 0.0015355870345956646
451.0 0.0017047161236405373
452.0 0.0018738453945843503
453.0 0.0015133705346670467
454.0 0.0011528957656992134
455.0 0.0012967419934284408
456.0 0.0014405884940060787
457.0 0.0013415883586276323
458.0 0.0012425882232491858
459.0 0.001872293432825245
460.0 0.002501998642401304
461.0 0.0017745696823112667
462.0 0.00104714108601911
463.0 0.0011150854334118776
464.0 0.0011830298717541154
465.0 0.001296934988204157
466.0 0.001410840377502609
467.0 0.0013792938261758536
468.0 0.0013477470020006876
469.0 0.0012009974852844607
470.0 0.0010542479685682338
471.0 0.0010487829058547504
472.0 0.001043317752191797
473.0 0.0011544218978087883
474.0 0.0012655258615268394
475.0 0.0013246948583400808
476.0 0.0013838636732543819
477.0 0.0016135811165440828
478.0 0.0018432985598337837
479.0 0.0017950311303138733
480.0 0.0017467640645918436
481.0 0.0016498181139468215
482.0 0.0015528725270996802
483.0 0.0013307167137099896
484.0 0.001108560900320299
485.0 0.001305771820625523
486.0 0.0015029827409307472
487.0 0.0015027766494313255
488.0 0.0015025708307803143
489.0 0.0016278379916911945
490.0 0.0017531054254504852
491.0 0.0016396414139308035
492.0 0.0015261774024111219
493.0 0.0017198535715579055
494.0 0.0019135301045025699
495.0 0.0017936210497282445
496.0 0.0016737119949539192
497.0 0.001623924617888406
498.0 0.0015741370589239523
499.0 0.0013223399037087802
500.0 0.0010705429303925484
501.0 0.0011381596777937375
502.0 0.001205776607093867
503.0 0.001217247063323157
504.0 0.001228717519552447
505.0 0.0016485144442413002
506.0 0.002068311005132273
507.0 0.0014350143828778528
508.0 0.0008017177606234327
509.0 0.0012323319424467627
510.0 0.001662946306169033
511.0 0.0016472647985210642
512.0 0.001631583108974155
513.0 0.0012778239579347428
514.0 0.0009240648068953305
515.0 0.0010328987627872266
516.0 0.0011417327186791226
517.0 0.0010991810995619744
518.0 0.0010566296623437665
519.0 0.0012323792361712549
520.0 0.0014081290828471538
521.0 0.0013001617844565772
522.0 0.0011921945770154707
523.0 0.001520418118161615
524.0 0.001848641477408819
525.0 0.0014949757314752787
526.0 0.0011413098945922684
527.0 0.001178123420686461
528.0 0.0012149370377301238
529.0 0.001413502286595758
530.0 0.0016120675354613923
531.0 0.0015349749446613714
532.0 0.0014578823538613506
533.0 0.0013869220310880337
534.0 0.0013159616173652466
535.0 0.001333762611466227
536.0 0.001351563787466148
537.0 0.0014767163520446047
538.0 0.0016018690075725317
539.0 0.0014498231394100003
540.0 0.0012977770893485285
541.0 0.0010861476766876876
542.0 0.0008745184459257871
543.0 0.0009061399396159686
544.0 0.0009377615242556203
545.0 0.0011898865523107816
546.0 0.0014420114894164726
547.0 0.0015769361198181286
548.0 0.0017118607502197847
549.0 0.0018658034605323337
550.0 0.0020197459889459424
551.0 0.001996549508476164
552.0 0.0019733532099053264
553.0 0.002076919008686673
554.0 0.0021804844436701387
555.0 0.0017851947632152587
556.0 0.0013899046280130278
557.0 0.0014058045053388923
558.0 0.0014217047464626376
559.0 0.0011876328244397882
560.0 0.0009535609933664091
561.0 0.0011190784789505415
562.0 0.0012845958735852037
563.0 0.001552720641484484
564.0 0.0018208453184342943
565.0 0.0019960254576290026
566.0 0.0021712057787226513
567.0 0.002225186653959099
568.0 0.0022791673472966067
569.0 0.0025894431018969044
570.0 0.0028997192202950828
571.0 0.0026570640329737216
572.0 0.0024144088456523605
573.0 0.00203857653104933
574.0 0.001662744216446299
575.0 0.0016702077118679881
576.0 0.0016776710253907368
577.0 0.001860396150732413
578.0 0.002043121276074089
579.0 0.002060810766124632
580.0 0.0020785002561751753
581.0 0.0021529043806367554
582.0 0.0022273085050983354
583.0 0.0021663705410901457
584.0 0.002105432577081956
585.0 0.002241429319838062
586.0 0.0023774262444931082
587.0 0.0017645768821239471
588.0 0.001151727519754786
589.0 0.001257266467291629
590.0 0.001362805505777942
591.0 0.0016666617739247158
592.0 0.0019705183149199
593.0 0.0013412439329840709
594.0 0.0007119698238966521
595.0 0.0009252674317394849
596.0 0.0011385648576833773
597.0 0.0008069740943028592
598.0 0.00047538337639707606
599.0 0.0009257887541025411
600.0 0.0013761940863332711
601.0 0.0012680102372542024
602.0 0.0011598262972256634
603.0 0.0014995474884926807
604.0 0.0018392687707091682
605.0 0.001582196455274243
606.0 0.0013251245945866685
607.0 0.001248478474735748
608.0 0.0011718325367837679
609.0 0.0011247310794715304
610.0 0.0010776298950077035
611.0 0.0011272201845713425
612.0 0.0011768104741349816
613.0 0.0013469429177348502
614.0 0.0015170756341831293
615.0 0.0014073829333938193
616.0 0.0012976902326045092
617.0 0.0014648984688392375
618.0 0.0016321067960234359
619.0 0.0015791138139320537
620.0 0.0015261211956385523
621.0 0.0016428875824203715
622.0 0.00175965360540431
623.0 0.001353198240394704
624.0 0.0009467426025366876
625.0 0.0011197244930372108
626.0 0.0012927062925882638
627.0 0.0015214226550597232
628.0 0.0017501390175311826
629.0 0.0018111208191839978
630.0 0.0018721024389378726
631.0 0.002282315108459443
632.0 0.002692527777981013
633.0 0.0029970866307849064
634.0 0.003301645119790919
635.0 0.005968008190393448
636.0 0.008634370897198096
637.0 0.015343626728281379
638.0 0.02205288619734347
639.0 0.02022112748818472
640.0 0.01838937314460054
641.0 0.01567173021612689
642.0 0.012954085832461715
643.0 0.00940766985877417
644.0 0.005861253157490864
645.0 0.006324647256406024
646.0 0.006788042082916945
647.0 0.006386484164977446
648.0 0.005984927338431589
649.0 0.00478745496366173
650.0 0.0035899825888918713
651.0 0.003600988202379085
652.0 0.0036119934520684183
653.0 0.0029730896130786277
654.0 0.002334185774088837
655.0 0.002301214772160165
656.0 0.0022682435883325525
657.0 0.002497007153579034
658.0 0.0027257703550276347
659.0 0.0020912830223096535
660.0 0.0014567953257937916
661.0 0.001989726115425583
662.0 0.002522656723158434
663.0 0.0022674950741929933
664.0 0.002012333607126493
665.0 0.0018611121049616486
666.0 0.0017098909665946849
667.0 0.001669182165642269
668.0 0.0016284737284877338
669.0 0.0015491421436308883
670.0 0.001469810649723513
671.0 0.0015467192497453652
672.0 0.0016236277588177472
673.0 0.0014616844055126421
674.0 0.001299741052207537
675.0 0.0012883590898127295
676.0 0.0012769768545695115
677.0 0.0013631104593514465
678.0 0.001449244336981792
679.0 0.0014740723599970806
680.0 0.0014989006558607798
681.0 0.0018235747120343149
682.0 0.00214824885915732
683.0 0.0023609043637407012
684.0 0.002573559686425142
685.0 0.0024357714210054837
686.0 0.002297983337484766
687.0 0.0020155488527962007
688.0 0.0017331145500065759
689.0 0.002300192318216432
690.0 0.0028672702683252282
691.0 0.002562049667176325
692.0 0.002256829247926362
693.0 0.002440038588247262
694.0 0.0026232481104671024
695.0 0.0031805739126866683
696.0 0.003737899533007294
697.0 0.004216679735691287
698.0 0.004695459938375279
699.0 0.006028533971402794
700.0 0.0073616072768345475
701.0 0.007415345316985622
702.0 0.007469084084732458
703.0 0.0065440784965176135
704.0 0.005619071453111246
705.0 0.004657737008528784
706.0 0.0036964025639463216
707.0 0.0033440061088185757
708.0 0.00299160965369083
709.0 0.0037059882743051276
710.0 0.004420366894919425
711.0 0.004085687032784335
712.0 0.0037510071706492454
713.0 0.0027477986805024557
714.0 0.0017445900084567256
715.0 0.0020693809346994385
716.0 0.0023941714971442707
717.0 0.001875797170214355
718.0 0.0013574227523349691
719.0 0.0015884932508924976
720.0 0.0018195638403994963
721.0 0.0018168149836128578
722.0 0.0018140661268262193
723.0 0.002170771040255204
724.0 0.0025274761355831288
725.0 0.0016173329640878364
726.0 0.000707190247339895
727.0 0.0008912081284506712
728.0 0.001075225736713037
729.0 0.0012358775165921543
730.0 0.0013965292964712717
731.0 0.0009506573405815288
732.0 0.0005047854301665211
733.0 0.0010802225915540475
734.0 0.0016556599803152494
735.0 0.0017063910490833223
736.0 0.0017571222997503355
737.0 0.0013719207345275208
738.0 0.0009867189874057658
739.0 0.0014496625226456672
740.0 0.001912606239784509
741.0 0.0016683074136381038
742.0 0.0014240084055927582
743.0 0.0016269881598418579
744.0 0.0018299680959898978
745.0 0.0019261626221123151
746.0 0.0020223571482347324
747.0 0.002048842179647181
748.0 0.00207532721105963
749.0 0.0027176885851076804
750.0 0.0033600503229536116
751.0 0.0027801508622360416
752.0 0.0022002517653163522
753.0 0.002681385194591712
754.0 0.003162518623867072
755.0 0.002459277857269626
756.0 0.00175603709067218
757.0 0.0019701978089869954
758.0 0.0021843585273018107
759.0 0.002457531627442222
760.0 0.002730704545683693
761.0 0.004732870002044365
762.0 0.006735034548910335
763.0 0.0064242885855492204
764.0 0.006113544077379629
765.0 0.005287638487061486
766.0 0.004461733260541223
767.0 0.0045814125769538805
768.0 0.004701092257164419
769.0 0.00536569714313373
770.0 0.006030302756698802
771.0 0.005416192288976163
772.0 0.004802081821253523
773.0 0.004600429747370072
774.0 0.00439877767348662
775.0 1.6450073725068903e-10
776.0 0.06053339457139373
777.0 1.6450073725068903e-10
778.0 0.019667719607241452
779.0 0.05616244743578136
780.0 0.008409757720073685
781.0 0.06076783174648881
782.0 0.0289936171611771
783.0 1.6450073725068903e-10
784.0 1.6450073725068903e-10
785.0 0.1051537343300879
786.0 0.03100716567132622
787.0 0.08512282511219382
788.0 1.6450073725068903e-10
789.0 1.6450073725068903e-10
790.0 1.6450073725068903e-10
791.0 1.6450073725068903e-10
792.0 1.6450073725068903e-10
793.0 1.6450073725068903e-10
794.0 1.6450073725068903e-10
795.0 1.6450073725068903e-10
796.0 0.09609686094336212
797.0 0.18100080778822303
798.0 0.007466487295459956
799.0 0.17305619549006224
800.0 0.2806072821840644
801.0 0.6268983241170645
802.0 1.0742256417870522
803.0 1.6785848885774612
804.0 2.610151097178459
805.0 3.9246197789907455
806.0 5.653126537799835
807.0 7.951711118221283
808.0 10.469593107700348
809.0 13.696731626987457
810.0 17.008022964000702
811.0 20.025500655174255
812.0 23.294588923454285
813.0 26.911014318466187
814.0 30.86758255958557
815.0 35.67780554294586
816.0 41.24896824359894
817.0 47.83274531364441
818.0 54.34465408325195
819.0 60.81786751747131
820.0 68.76362562179565
821.0 76.0526955127716
822.0 81.44381642341614
823.0 85.98161339759827
824.0 90.37008285522461
825.0 93.92266273498535
826.0 96.04540467262268
827.0 97.14998006820679
828.0 99.08823370933533
829.0 99.36349987983704
830.0 98.47814440727234
831.0 98.87744188308716
832.0 98.3988344669342
833.0 99.86214637756348
834.0 98.14109206199646
835.0 99.2199957370758
836.0 98.75613451004028
837.0 98.94658923149109
838.0 98.27073812484741
839.0 98.16403985023499
840.0 98.76728057861328
841.0 99.3442714214325
842.0 99.33509230613708
843.0 99.6861457824707
844.0 97.86383509635925
845.0 98.77396821975708
846.0 98.86248707771301
847.0 98.54294061660767
848.0 99.60389733314514
849.0 98.59483242034912
850.0 98.31947684288025
851.0 99.32246804237366
852.0 98.99391531944275
853.0 98.51275086402893
854.0 99.73965287208557
855.0 98.32252860069275
856.0 98.80166053771973
857.0 97.99811244010925
858.0 98.36721420288086
859.0 99.23461675643921
860.0 98.52687120437622
861.0 98.68254065513611
862.0 98.74083399772644
863.0 98.45415353775024
864.0 99.42031502723694
865.0 99.77833032608032
866.0 98.66167902946472
867.0 99.35406446456909
868.0 99.58276748657227
869.0 99.04729723930359
870.0 98.03656339645386
871.0 98.97432923316956
872.0 98.97890090942383
873.0 99.06648397445679
874.0 99.12485480308533
875.0 98.99235963821411
876.0 98.77074360847473
877.0 99.50090646743774
878.0 98.95009994506836
879.0 98.6661970615387
880.0 98.34916591644287
881.0 99.63891506195068
882.0 98.89063835144043
883.0 98.6178457736969
884.0 99.11720752716064
885.0 98.91889095306396
886.0 98.47419857978821
887.0 98.49756956100464
888.0 99.05416965484619
889.0 99.52970147132874
890.0 97.95013666152954
891.0 99.12254214286804
892.0 98.6815094947815
893.0 98.49634170532227
894.0 98.00480604171753
895.0 99.61269497871399
