lsstCam/transmission_sensor/r33_s20/19700101T000000.ecsv
# %ECSV 1.0
# ---
# datatype:
# - {name: amp_name, datatype: string}
# - {name: wavelength, unit: nm, datatype: float32}
# - {name: efficiency, unit: '%', datatype: float64}
# meta: !!omap
# - {MODE: AMP}
# - {TYPE: transmission_sensor}
# - {CALIBDATE: '1970-01-01T00:00:00'}
# - {INSTRUME: LSSTCam}
# - {OBSTYPE: transmission_sensor}
# - {DETECTOR: 150}
# - {PARQUETFILE: qe_raft_allvalues_nircorrected_20230725_adjust.parquet}
# - {CORRFILE: qe_corr_factor_bydetnum.parquet}
# - {CALIBCLS: lsst.ip.isr.IntermediateSensorTransmissionCurve}
# - {CALIB_ID: 'raftName=R33 detectorName=S20 detector=150 calibDate=1970-01-01T00:00:00 ccd=150 ccdnum=150 filter=None'}
# - {DATE: '2025-03-03T21:56:48.227629'}
# - {CALIB_CREATION_DATE: '2025-03-03'}
# - {CALIB_CREATION_TIME: '21:56:48'}
# - __serialized_columns__:
#     efficiency:
#       __class__: astropy.units.quantity.Quantity
#       unit: !astropy.units.Unit {unit: '%'}
#       value: !astropy.table.SerializedColumn {name: efficiency}
#     wavelength:
#       __class__: astropy.units.quantity.Quantity
#       unit: !astropy.units.Unit {unit: nm}
#       value: !astropy.table.SerializedColumn {name: wavelength}
# schema: astropy-2.0
amp_name wavelength efficiency
C00 319.994 43.23025941400601
C00 324.969 48.89336235577292
C00 349.982 74.1689342437374
C00 374.975 79.21388850483345
C00 400.019 84.79763982428287
C00 424.965 86.00801494449496
C00 450.035 88.13238146557178
C00 475.003 90.18557992899109
C00 500.018 91.90575912475283
C00 525.002 93.54507037662601
C00 550.029 95.12807961800331
C00 575.023 96.75460500255858
C00 599.982 97.93127054171319
C00 619.997 97.93082859874274
C00 624.979 98.41201305710162
C00 650.012 98.86570561481508
C00 675.004 98.92418686133773
C00 700.03 98.47787017940718
C00 725.012 98.45553681998597
C00 750.022 98.1852810738407
C00 774.987 98.47488325450335
C00 799.976 97.99904783002836
C00 824.988 96.10382111943085
C00 850.022 94.1117327012378
C00 869.967 90.85299001145594
C00 875.002 90.01007523177209
C00 899.999 82.85021812493225
C00 919.999 75.19007395582054
C00 925.012 72.50408173605395
C00 949.965 59.30220511836564
C00 975.002 44.01188127551031
C00 999.976 26.79241540892754
C00 1025.028 11.631798970513564
C00 1050.014 4.248412538253731
C00 1075.002 0.9354063529928269
C00 1099.99 0.092810159003792
C01 319.994 43.35650651928422
C01 324.969 49.03798819285734
C01 349.982 74.49120972538884
C01 374.975 79.59500335920774
C01 400.019 85.02506520082504
C01 424.965 86.14904809001776
C01 450.035 88.22420654724532
C01 475.003 90.25033981357687
C01 500.018 91.94877998701561
C01 525.002 93.58244503645578
C01 550.029 95.1630540703211
C01 575.023 96.79110339615382
C01 599.982 97.97103778934859
C01 619.997 97.97250839268133
C01 624.979 98.45880567402612
C01 650.012 98.92012555783329
C01 675.004 98.9885276620722
C01 700.03 98.57550909705422
C01 725.012 98.61795848133795
C01 750.022 98.42721437134432
C01 774.987 98.7997494363265
C01 799.976 98.3487161561422
C01 824.988 96.42462599774954
C01 850.022 94.4409497354081
C01 869.967 91.16719622404324
C01 875.002 90.30515598132722
C01 899.999 82.92607230201797
C01 919.999 75.33834582241128
C01 925.012 72.6797921653454
C01 949.965 59.473667561346176
C01 975.002 44.12227558164972
C01 999.976 26.790674306018037
C01 1025.028 11.5637245136493
C01 1050.014 4.181477703726019
C01 1075.002 0.9377112381783416
C01 1099.99 0.09303884759444424
C02 319.994 43.42411236420566
C02 324.969 49.11241748484863
C02 349.982 74.67703912476267
C02 374.975 79.79007546242937
C02 400.019 85.0479776579317
C02 424.965 86.07865724241175
C02 450.035 88.10160547147342
C02 475.003 90.08950305115344
C02 500.018 91.76664614523963
C02 525.002 93.38535371104152
C02 550.029 94.95385503145738
C02 575.023 96.57724871668745
C02 599.982 97.75744979960578
C02 619.997 97.76125203309304
C02 624.979 98.24687116056936
C02 650.012 98.70680425781404
C02 675.004 98.78123354980532
C02 700.03 98.37637569032816
C02 725.012 98.43819436824843
C02 750.022 98.27283150023094
C02 774.987 98.66510922446265
C02 799.976 98.22381392904134
C02 824.988 96.28222130507703
C02 850.022 94.28578965424322
C02 869.967 91.0445037117947
C02 875.002 90.19390064836604
C02 899.999 82.71938014655568
C02 919.999 75.23145658121004
C02 925.012 72.48663260842699
C02 949.965 59.49073951350695
C02 975.002 44.05418588537268
C02 999.976 26.63304543998367
C02 1025.028 11.545859159560942
C02 1050.014 4.136993857836878
C02 1075.002 0.9362404395930123
C02 1099.99 0.09289291631000277
C03 319.994 43.485470049889514
C03 324.969 49.18299882511432
C03 349.982 74.82691112969475
C03 374.975 79.96693646738532
C03 400.019 85.14428312696096
C03 424.965 86.12579274612368
C03 450.035 88.11685250395443
C03 475.003 90.08792577193128
C03 500.018 91.75516324771395
C03 525.002 93.36555009414089
C03 550.029 94.92791755091496
C03 575.023 96.54667845466155
C03 599.982 97.73145898111865
C03 619.997 97.72997313837313
C03 624.979 98.21661330650534
C03 650.012 98.67870278065762
C03 675.004 98.75192053933333
C03 700.03 98.34514251384655
C03 725.012 98.39921957007732
C03 750.022 98.22021742762654
C03 774.987 98.60061602960043
C03 799.976 98.1569281463735
C03 824.988 96.20843206842228
C03 850.022 94.2042359367798
C03 869.967 90.96035167445321
C03 875.002 90.15027782929867
C03 899.999 82.48825159270928
C03 919.999 74.9820864502724
C03 925.012 72.57244574176093
C03 949.965 59.22728816516557
C03 975.002 44.37550890372572
C03 999.976 26.588321573343325
C03 1025.028 11.446365795871886
C03 1050.014 4.096111751910691
C03 1075.002 0.9357391882098146
C03 1099.99 0.09284318260825208
C04 319.994 43.64198262893814
C04 324.969 49.362260037582274
C04 349.982 75.13643122285384
C04 374.975 80.31595711845625
C04 400.019 85.41181101821957
C04 424.965 86.33867210317247
C04 450.035 88.30460206933786
C04 475.003 90.25893484238176
C04 500.018 91.91344740849763
C04 525.002 93.51725082860592
C04 550.029 95.0818965775898
C04 575.023 96.70177757817532
C04 599.982 97.88137670428905
C04 619.997 97.88699242789652
C04 624.979 98.36906077219633
C04 650.012 98.83460959304846
C04 675.004 98.90549572156964
C04 700.03 98.49127324294247
C04 725.012 98.52401512128876
C04 750.022 98.31637812223444
C04 774.987 98.66777612169821
C04 799.976 98.2144112113594
C04 824.988 96.26290534938519
C04 850.022 94.18463043224523
C04 869.967 91.02569065672442
C04 875.002 90.24268962836402
C04 899.999 82.61249090535443
C04 919.999 74.93681015491899
C04 925.012 72.33615102698393
C04 949.965 59.549479830046764
C04 975.002 44.34221459666635
C04 999.976 26.638807842939073
C04 1025.028 11.494531864872696
C04 1050.014 4.061156348858887
C04 1075.002 0.9366553070527208
C04 1099.99 0.09293407907822415
C05 319.994 43.81234021449252
C05 324.969 49.55473763077902
C05 349.982 75.4785865184698
C05 374.975 80.65822670966801
C05 400.019 85.61220167649954
C05 424.965 86.46775754907995
C05 450.035 88.39015613265462
C05 475.003 90.32447193701906
C05 500.018 91.96669391673218
C05 525.002 93.56380723463242
C05 550.029 95.1254508192997
C05 575.023 96.74162864258098
C05 599.982 97.92032102363463
C05 619.997 97.9254338466205
C05 624.979 98.41308743570224
C05 650.012 98.87724185028549
C05 675.004 98.95021577835679
C05 700.03 98.524472303672
C05 725.012 98.52985181638144
C05 750.022 98.29219317416111
C05 774.987 98.60505069871785
C05 799.976 98.13912851225274
C05 824.988 96.19944081488525
C05 850.022 94.06450576104922
C05 869.967 90.93444467273633
C05 875.002 90.14851005741681
C05 899.999 82.68443617306346
C05 919.999 74.7230316725165
C05 925.012 72.12837687321463
C05 949.965 59.51613218504268
C05 975.002 44.3003176410957
C05 999.976 26.746603829200406
C05 1025.028 11.507858731344108
C05 1050.014 4.042728565192816
C05 1075.002 0.9364248989029328
C05 1099.99 0.09291121819327379
C06 319.994 43.99788387487681
C06 324.969 49.76529678723287
C06 349.982 75.86034142818063
C06 374.975 81.10225747968236
C06 400.019 85.99055057745524
C06 424.965 86.79794990566783
C06 450.035 88.69919618431132
C06 475.003 90.61743440819852
C06 500.018 92.25644849152259
C06 525.002 93.84979767446748
C06 550.029 95.40964300842735
C06 575.023 97.03474350788818
C06 599.982 98.21819058572751
C06 619.997 98.22559694033598
C06 624.979 98.71010359067974
C06 650.012 99.18121479719461
C06 675.004 99.25327436049943
C06 700.03 98.81867678699258
C06 725.012 98.80224108031514
C06 750.022 98.52803832626125
C06 774.987 98.81346490782366
C06 799.976 98.32864584951801
C06 824.988 96.390718304326
C06 850.022 94.22037447490813
C06 869.967 91.0817488366159
C06 875.002 90.30788383621388
C06 899.999 82.90231405750232
C06 919.999 74.92009251910522
C06 925.012 72.25631174345764
C06 949.965 59.63629876462382
C06 975.002 44.36805302102574
C06 999.976 26.794453680386145
C06 1025.028 11.562665374461464
C06 1050.014 4.062862686857996
C06 1075.002 0.9386717846537067
C06 1099.99 0.09313415213329407
C07 319.994 43.96942808137339
C07 324.969 49.73856304737298
C07 349.982 75.91031908237503
C07 374.975 81.17802783999782
C07 400.019 85.98818084876878
C07 424.965 86.74857420827803
C07 450.035 88.62677849480629
C07 475.003 90.53265755493327
C07 500.018 92.16216986439234
C07 525.002 93.75538951232866
C07 550.029 95.31781030704744
C07 575.023 96.94669018087639
C07 599.982 98.13281939536404
C07 619.997 98.1429383654464
C07 624.979 98.62530387829533
C07 650.012 99.09941724912679
C07 675.004 99.1743113432077
C07 700.03 98.73506574880459
C07 725.012 98.69615952799096
C07 750.022 98.39441153534693
C07 774.987 98.64884115132574
C07 799.976 98.15195247810259
C07 824.988 96.2242810577079
C07 850.022 94.03099429235782
C07 869.967 90.86342900920657
C07 875.002 90.08797910987599
C07 899.999 82.79490667626675
C07 919.999 74.75160557146893
C07 925.012 72.09811901915062
C07 949.965 59.43297832923792
C07 975.002 44.22767898010544
C07 999.976 26.787203529758614
C07 1025.028 11.597771266714416
C07 1050.014 4.09033410954251
C07 1075.002 0.9373987291124727
C07 1099.99 0.09300784073202491
C10 319.994 42.14223391925501
C10 324.969 47.657655521676205
C10 349.982 72.37426479833327
C10 374.975 77.66689761554896
C10 400.019 83.82776549677358
C10 424.965 85.32533497042994
C10 450.035 87.58679524882731
C10 475.003 89.71968822135155
C10 500.018 91.4930758268159
C10 525.002 93.17223052338834
C10 550.029 94.7821220889001
C10 575.023 96.42997503163345
C10 599.982 97.6290806060987
C10 619.997 97.6404949262669
C10 624.979 98.12727986882047
C10 650.012 98.59807866737344
C10 675.004 98.6784208515213
C10 700.03 98.29614780177613
C10 725.012 98.4288449885112
C10 750.022 98.3564120595934
C10 774.987 98.8408272734605
C10 799.976 98.43897157829994
C10 824.988 96.4930052428693
C10 850.022 94.49520204488577
C10 869.967 91.33291721826093
C10 875.002 90.51260248772185
C10 899.999 82.96199159792776
C10 919.999 75.17358491119839
C10 925.012 72.44962369450381
C10 949.965 59.456058419885096
C10 975.002 44.14697105005101
C10 999.976 26.624949501947146
C10 1025.028 11.563489255214591
C10 1050.014 4.1821682396173685
C10 1075.002 0.9370367054254979
C10 1099.99 0.0929719210743876
C11 319.994 42.34793551288695
C11 324.969 47.89095569184299
C11 349.982 72.82542761352614
C11 374.975 78.16752756460829
C11 400.019 84.1246521167425
C11 424.965 85.49748699683852
C11 450.035 87.6940121374032
C11 475.003 89.78162881457402
C11 500.018 91.52694542170751
C11 525.002 93.1915388593738
C11 550.029 94.79073997682414
C11 575.023 96.43626890910936
C11 599.982 97.63453631587201
C11 619.997 97.64895280035681
C11 624.979 98.13617206617447
C11 650.012 98.60936345253306
C11 675.004 98.69959601557164
C11 700.03 98.3445786555739
C11 725.012 98.54168522040094
C11 750.022 98.55146130369586
C11 774.987 99.123678394264
C11 799.976 98.75539512544594
C11 824.988 96.78013101895608
C11 850.022 94.77860940425553
C11 869.967 91.61801615244869
C11 875.002 90.78792533861467
C11 899.999 83.06134494951196
C11 919.999 75.15614340327782
C11 925.012 72.48824036647471
C11 949.965 59.651694381379386
C11 975.002 44.25363550991382
C11 999.976 26.665151072846616
C11 1025.028 11.489448568249058
C11 1050.014 4.114690024777911
C11 1075.002 0.9388947676416816
C11 1099.99 0.09315627630051067
C12 319.994 42.42591177820153
C12 324.969 47.97945096182526
C12 349.982 73.0649302246922
C12 374.975 78.45765550501167
C12 400.019 84.20460569586459
C12 424.965 85.45605865321069
C12 450.035 87.57828403679268
C12 475.003 89.62286461228794
C12 500.018 91.33401445598071
C12 525.002 92.97725747634973
C12 550.029 94.56644629960716
C12 575.023 96.20358593515995
C12 599.982 97.39808158726088
C12 619.997 97.41508115221097
C12 624.979 97.9012336591344
C12 650.012 98.37668047858365
C12 675.004 98.46917609441925
C12 700.03 98.13184407294646
C12 725.012 98.35903323859063
C12 750.022 98.40658782615385
C12 774.987 99.01499852206173
C12 799.976 98.66305952344446
C12 824.988 96.68301024134337
C12 850.022 94.64257478612282
C12 869.967 91.51425099086624
C12 875.002 90.69325810645869
C12 899.999 82.97883114904373
C12 919.999 74.88783068226132
C12 925.012 72.13854156153532
C12 949.965 59.58890038104153
C12 975.002 44.27157991845595
C12 999.976 26.602972363799534
C12 1025.028 11.48696644889339
C12 1050.014 4.073174530758278
C12 1075.002 0.9375139880823237
C12 1099.99 0.0930192766211273
C13 319.994 42.5736312160792
C13 324.969 48.146341580973406
C13 349.982 73.39690559257471
C13 374.975 78.86778620130886
C13 400.019 84.50239906089361
C13 424.965 85.68401740919997
C13 450.035 87.77077305954901
C13 475.003 89.78828081825014
C13 500.018 91.4933120377139
C13 525.002 93.12632179240477
C13 550.029 94.71162456540466
C13 575.023 96.35584290819126
C13 599.982 97.5545370185116
C13 619.997 97.57514070458289
C13 624.979 98.06047790292288
C13 650.012 98.54314058432091
C13 675.004 98.64215866882407
C13 700.03 98.30492570353431
C13 725.012 98.54150996715403
C13 750.022 98.60217044970344
C13 774.987 99.22297840790348
C13 799.976 98.87391965830061
C13 824.988 96.90026330985847
C13 850.022 94.8272231310066
C13 869.967 91.6689462699415
C13 875.002 90.86824466364335
C13 899.999 83.24150528733362
C13 919.999 74.92077067297369
C13 925.012 72.15531253529379
C13 949.965 59.65045617909145
C13 975.002 44.435186444151164
C13 999.976 26.744662708998238
C13 1025.028 11.567551511182328
C13 1050.014 4.062285494099157
C13 1075.002 0.939377107492211
C13 1099.99 0.09320413361736368
C14 319.994 42.870434019277866
C14 324.969 48.477360675704304
C14 349.982 73.92652852443777
C14 374.975 79.40851866508461
C14 400.019 84.90547390907614
C14 424.965 86.00771777594586
C14 450.035 88.04550157334363
C14 475.003 90.03820718775405
C14 500.018 91.72101172368602
C14 525.002 93.3457236181211
C14 550.029 94.92281234763546
C14 575.023 96.56067585529505
C14 599.982 97.75610873128161
C14 619.997 97.77345118301913
C14 624.979 98.2571806233114
C14 650.012 98.73770978692099
C14 675.004 98.8318817381618
C14 700.03 98.49150945384048
C14 725.012 98.716679397292
C14 750.022 98.76402825278277
C14 774.987 99.37551731007112
C14 799.976 99.01637768891784
C14 824.988 97.0467445454482
C14 850.022 94.94733256278984
C14 869.967 91.72547687162898
C14 875.002 90.92476764562446
C14 899.999 83.43430671805183
C14 919.999 75.00032040765726
C14 925.012 72.19253480099583
C14 949.965 59.63187171521279
C14 975.002 44.4662786560646
C14 999.976 26.847797339877136
C14 1025.028 11.633726756229555
C14 1050.014 4.072708776205354
C14 1075.002 0.9409193081545684
C14 1099.99 0.09335714935029214
C15 319.994 43.07930160091373
C15 324.969 48.71597940092944
C15 349.982 74.34891170860575
C15 374.975 79.83148856664442
C15 400.019 85.12500526980105
C15 424.965 86.12377352393104
C15 450.035 88.10812794014096
C15 475.003 90.06784784560071
C15 500.018 91.73100877846618
C15 525.002 93.34359772003903
C15 550.029 94.91324961611937
C15 575.023 96.54852242360728
C15 599.982 97.74195893652038
C15 619.997 97.75722882812055
C15 624.979 98.24443285452541
C15 650.012 98.72289707770405
C15 675.004 98.81889775847782
C15 700.03 98.47330597528118
C15 725.012 98.68740448535193
C15 750.022 98.71882053478683
C15 774.987 99.31137462170271
C15 799.976 98.94174266485409
C15 824.988 96.97607938841226
C15 850.022 94.85580464966542
C15 869.967 91.58036718318897
C15 875.002 90.78003132279741
C15 899.999 83.38096877334063
C15 919.999 74.94597666170293
C15 925.012 72.09389008210566
C15 949.965 59.375320011005115
C15 975.002 44.263815437647274
C15 999.976 26.795575682151675
C15 1025.028 11.65377991851437
C15 1050.014 4.085459402381225
C15 1075.002 0.9404888525442684
C15 1099.99 0.09331443994008963
C16 319.994 43.27205350354042
C16 324.969 48.93621939434837
C16 349.982 74.73952071713865
C16 374.975 80.28680412181839
C16 400.019 85.51368649261795
C16 424.965 86.46068646155253
C16 450.035 88.42006348022484
C16 475.003 90.36522212677842
C16 500.018 92.02003948114978
C16 525.002 93.63124925586654
C16 550.029 95.2049776948641
C16 575.023 96.83949615141965
C16 599.982 98.03751210787152
C16 619.997 98.0555479528903
C16 624.979 98.54382635789577
C16 650.012 99.02507177390576
C16 675.004 99.12190300267575
C16 700.03 98.7708555097058
C16 725.012 98.97524651383911
C16 750.022 98.99194129053372
C16 774.987 99.56585757562623
C16 799.976 99.1803156718409
C16 824.988 97.1954126367711
C16 850.022 95.05787926305699
C16 869.967 91.71298055315378
C16 875.002 90.89441835508377
C16 899.999 83.53088649651104
C16 919.999 75.08181316746958
C16 925.012 72.23203535890767
C16 949.965 59.38380074421419
C16 975.002 44.186536375467135
C16 999.976 26.7368163163459
C16 1025.028 11.655393391341883
C16 1050.014 4.121056765696161
C16 1075.002 0.943091088253357
C16 1099.99 0.09357263137652058
C17 319.994 43.33663051517291
C17 324.969 49.016260600093915
C17 349.982 74.98577438816386
C17 374.975 80.55437773131531
C17 400.019 85.62089576148746
C17 424.965 86.47961381221862
C17 450.035 88.39133718714466
C17 475.003 90.31346146128939
C17 500.018 91.95700926991391
C17 525.002 93.56328909459808
C17 550.029 95.13294861038482
C17 575.023 96.77443147857836
C17 599.982 97.97480954401031
C17 619.997 97.99716576255068
C17 624.979 98.48436978895556
C17 650.012 98.9710556753261
C17 675.004 99.06971563362904
C17 700.03 98.7162526937343
C17 725.012 98.91145433196452
C17 750.022 98.9085207450054
C17 774.987 99.47132749818522
C17 799.976 99.07385313419735
C17 824.988 97.07742148336354
C17 850.022 94.91937586005479
C17 869.967 91.52879701035963
C17 875.002 90.69313619115648
C17 899.999 83.34092721627529
C17 919.999 74.9103088161039
C17 925.012 72.06368556598635
C17 949.965 59.21875790386497
C17 975.002 43.94750618609709
C17 999.976 26.617400277843913
C17 1025.028 11.64067973830798
C17 1050.014 4.156472208521099
C17 1075.002 0.9422966162049758
C17 1099.99 0.09349380458974667
