lsstCam/transmission_sensor/r33_s20/19700101T000000.ecsv
# %ECSV 1.0
# ---
# datatype:
# - {name: amp_name, datatype: string}
# - {name: wavelength, unit: nm, datatype: float32}
# - {name: efficiency, unit: '%', datatype: float64}
# meta: !!omap
# - {MODE: AMP}
# - {TYPE: transmission_sensor}
# - {CALIBDATE: '1970-01-01T00:00:00'}
# - {INSTRUME: LSSTCAM}
# - {OBSTYPE: transmission_sensor}
# - {DETECTOR: 150}
# - {PARQUETFILE: qe_raft_allvalues_nircorrected_20230725.parquet}
# - {CALIBCLS: lsst.ip.isr.IntermediateSensorTransmissionCurve}
# - {CALIB_ID: 'raftName=R33 detectorName=S20 detector=150 calibDate=1970-01-01T00:00:00 ccd=150 ccdnum=150 filter=None'}
# - {DATE: '2024-01-18T22:42:25.508574'}
# - {CALIB_CREATION_DATE: '2024-01-18'}
# - {CALIB_CREATION_TIME: '22:42:25'}
# - __serialized_columns__:
#     efficiency:
#       __class__: astropy.units.quantity.Quantity
#       unit: !astropy.units.Unit {unit: '%'}
#       value: !astropy.table.SerializedColumn {name: efficiency}
#     wavelength:
#       __class__: astropy.units.quantity.Quantity
#       unit: !astropy.units.Unit {unit: nm}
#       value: !astropy.table.SerializedColumn {name: wavelength}
# schema: astropy-2.0
amp_name wavelength efficiency
C00 319.994 43.28522491455078
C00 324.969 48.955528259277344
C00 349.982 74.26323699951172
C00 374.975 79.31460571289062
C00 400.019 84.90545654296875
C00 424.965 86.11737060546875
C00 450.035 88.24443817138672
C00 475.003 90.30024719238281
C00 500.018 92.02261352539062
C00 525.002 93.66400909423828
C00 550.029 95.24903106689453
C00 575.023 96.87762451171875
C00 599.982 98.0557861328125
C00 619.997 98.05534362792969
C00 624.979 98.53713989257812
C00 650.012 98.99140930175781
C00 675.004 99.04996490478516
C00 700.03 98.60308074951172
C00 725.012 98.58071899414062
C00 750.022 98.31011962890625
C00 774.987 98.60009002685547
C00 799.976 98.12364959716797
C00 824.988 96.22601318359375
C00 850.022 94.23139190673828
C00 869.967 90.968505859375
C00 875.002 90.12451934814453
C00 899.999 82.95555877685547
C00 919.999 75.28567504882812
C00 925.012 72.59626770019531
C00 949.965 59.37760543823242
C00 975.002 44.067840576171875
C00 999.976 26.826480865478516
C00 1025.028 11.646588325500488
C00 1050.014 4.253814220428467
C00 1075.002 0.9365956837787616
C00 1099.99 0.09292816331175668
C01 319.994 43.4116325378418
C01 324.969 49.100337982177734
C01 349.982 74.58592224121094
C01 374.975 79.69620513916016
C01 400.019 85.13317108154297
C01 424.965 86.25858306884766
C01 450.035 88.33638000488281
C01 475.003 90.3650894165039
C01 500.018 92.06568908691406
C01 525.002 93.70143127441406
C01 550.029 95.28404998779297
C01 575.023 96.91416931152344
C01 599.982 98.0956039428711
C01 619.997 98.09707641601562
C01 624.979 98.58399200439453
C01 650.012 99.0458984375
C01 675.004 99.11438751220703
C01 700.03 98.70084381103516
C01 725.012 98.74334716796875
C01 750.022 98.55236053466797
C01 774.987 98.92536926269531
C01 799.976 98.47376251220703
C01 824.988 96.54722595214844
C01 850.022 94.56102752685547
C01 869.967 91.28311157226562
C01 875.002 90.41997528076172
C01 899.999 83.03150939941406
C01 919.999 75.43413543701172
C01 925.012 72.77220153808594
C01 949.965 59.549285888671875
C01 975.002 44.178375244140625
C01 999.976 26.824737548828125
C01 1025.028 11.5784273147583
C01 1050.014 4.186794281005859
C01 1075.002 0.9389034995311901
C01 1099.99 0.09315714267056588
C02 319.994 43.47932434082031
C02 324.969 49.174861907958984
C02 349.982 74.77198791503906
C02 374.975 79.89152526855469
C02 400.019 85.15611267089844
C02 424.965 86.18810272216797
C02 450.035 88.213623046875
C02 475.003 90.20404815673828
C02 500.018 91.8833236694336
C02 525.002 93.50408935546875
C02 550.029 95.0745849609375
C02 575.023 96.70004272460938
C02 599.982 97.88174438476562
C02 619.997 97.88555145263672
C02 624.979 98.37178802490234
C02 650.012 98.83230590820312
C02 675.004 98.90682983398438
C02 700.03 98.50145721435547
C02 725.012 98.5633544921875
C02 750.022 98.39778137207031
C02 774.987 98.79055786132812
C02 799.976 98.34870147705078
C02 824.988 96.4046401977539
C02 850.022 94.40567016601562
C02 869.967 91.16026306152344
C02 875.002 90.30857849121094
C02 899.999 82.82455444335938
C02 919.999 75.32711029052734
C02 925.012 72.57879638671875
C02 949.965 59.56637954711914
C02 975.002 44.110198974609375
C02 999.976 26.666908264160156
C02 1025.028 11.560539245605469
C02 1050.014 4.142253875732422
C02 1075.002 0.9374308308858256
C02 1099.99 0.09301102584048569
C03 319.994 43.5407600402832
C03 324.969 49.24553298950195
C03 349.982 74.92205047607422
C03 374.975 80.06861114501953
C03 400.019 85.2525405883789
C03 424.965 86.23529815673828
C03 450.035 88.22888946533203
C03 475.003 90.20246887207031
C03 500.018 91.871826171875
C03 525.002 93.48426055908203
C03 550.029 95.04861450195312
C03 575.023 96.66943359375
C03 599.982 97.85572052001953
C03 619.997 97.85423278808594
C03 624.979 98.34149169921875
C03 650.012 98.80416870117188
C03 675.004 98.87747955322266
C03 700.03 98.47018432617188
C03 725.012 98.52433013916016
C03 750.022 98.34510040283203
C03 774.987 98.72598266601562
C03 799.976 98.28173065185547
C03 824.988 96.33075714111328
C03 850.022 94.32401275634766
C03 869.967 91.07600402832031
C03 875.002 90.26490020751953
C03 899.999 82.59313201904297
C03 919.999 75.07742309570312
C03 925.012 72.66471862792969
C03 949.965 59.30259323120117
C03 975.002 44.43193054199219
C03 999.976 26.622127532958984
C03 1025.028 11.460919380187988
C03 1050.014 4.101319789886475
C03 1075.002 0.936928942182067
C03 1099.99 0.09296122890437446
C04 319.994 43.697471618652344
C04 324.969 49.42502212524414
C04 349.982 75.23196411132812
C04 374.975 80.41807556152344
C04 400.019 85.5204086303711
C04 424.965 86.44844818115234
C04 450.035 88.41687774658203
C04 475.003 90.37369537353516
C04 500.018 92.03031158447266
C04 525.002 93.63615417480469
C04 550.029 95.20278930664062
C04 575.023 96.8247299194336
C04 599.982 98.00582885742188
C04 619.997 98.0114517211914
C04 624.979 98.49413299560547
C04 650.012 98.96027374267578
C04 675.004 99.03125
C04 700.03 98.61650085449219
C04 725.012 98.64928436279297
C04 750.022 98.4413833618164
C04 774.987 98.79322814941406
C04 799.976 98.33928680419922
C04 824.988 96.38529968261719
C04 850.022 94.30438232421875
C04 869.967 91.14142608642578
C04 875.002 90.35742950439453
C04 899.999 82.717529296875
C04 919.999 75.03208923339844
C04 925.012 72.4281234741211
C04 949.965 59.62519454956055
C04 975.002 44.39859390258789
C04 999.976 26.672677993774414
C04 1025.028 11.509146690368652
C04 1050.014 4.066319942474365
C04 1075.002 0.9378462258324818
C04 1099.99 0.09305224094547743
C05 319.994 43.868045806884766
C05 324.969 49.61774444580078
C05 349.982 75.57455444335938
C05 374.975 80.76078033447266
C05 400.019 85.72105407714844
C05 424.965 86.57769775390625
C05 450.035 88.5025405883789
C05 475.003 90.43931579589844
C05 500.018 92.08362579345703
C05 525.002 93.68276977539062
C05 550.029 95.24639892578125
C05 575.023 96.86463165283203
C05 599.982 98.0448226928711
C05 619.997 98.04994201660156
C05 624.979 98.53821563720703
C05 650.012 99.00296020507812
C05 675.004 99.0760269165039
C05 700.03 98.64974212646484
C05 725.012 98.6551284790039
C05 750.022 98.41716766357422
C05 774.987 98.73042297363281
C05 799.976 98.26390838623047
C05 824.988 96.3217544555664
C05 850.022 94.1841049194336
C05 869.967 91.05006408691406
C05 875.002 90.26313018798828
C05 899.999 82.78956604003906
C05 919.999 74.81803894042969
C05 925.012 72.22008514404297
C05 949.965 59.59180450439453
C05 975.002 44.35664367675781
C05 999.976 26.780611038208008
C05 1025.028 11.522490501403809
C05 1050.014 4.047868728637695
C05 1075.002 0.9376155247281879
C05 1099.99 0.09302935099385014
C06 319.994 44.05382537841797
C06 324.969 49.82857131958008
C06 349.982 75.95679473876953
C06 374.975 81.20537567138672
C06 400.019 86.09988403320312
C06 424.965 86.90830993652344
C06 450.035 88.81197357177734
C06 475.003 90.73265075683594
C06 500.018 92.37374877929688
C06 525.002 93.96912384033203
C06 550.029 95.53095245361328
C06 575.023 97.15811920166016
C06 599.982 98.34307098388672
C06 619.997 98.3504867553711
C06 624.979 98.83560943603516
C06 650.012 99.30731964111328
C06 675.004 99.37947082519531
C06 700.03 98.94432067871094
C06 725.012 98.92786407470703
C06 750.022 98.65331268310547
C06 774.987 98.93910217285156
C06 799.976 98.45366668701172
C06 824.988 96.51327514648438
C06 850.022 94.34017181396484
C06 869.967 91.19755554199219
C06 875.002 90.4227066040039
C06 899.999 83.00772094726562
C06 919.999 75.01535034179688
C06 925.012 72.34818267822266
C06 949.965 59.71212387084961
C06 975.002 44.42446517944336
C06 999.976 26.828521728515625
C06 1025.028 11.577366828918457
C06 1050.014 4.068028450012207
C06 1075.002 0.939865267301975
C06 1099.99 0.09325256838522526
C07 319.994 44.025333404541016
C07 324.969 49.80180358886719
C07 349.982 76.0068359375
C07 374.975 81.28124237060547
C07 400.019 86.0975112915039
C07 424.965 86.85887145996094
C07 450.035 88.73946380615234
C07 475.003 90.64776611328125
C07 500.018 92.27935028076172
C07 525.002 93.87459564208984
C07 550.029 95.43900299072266
C07 575.023 97.06995391845703
C07 599.982 98.2575912475586
C07 619.997 98.2677230834961
C07 624.979 98.75070190429688
C07 650.012 99.22541809082031
C07 675.004 99.30040740966797
C07 700.03 98.86060333251953
C07 725.012 98.82164764404297
C07 750.022 98.51951599121094
C07 774.987 98.7742691040039
C07 799.976 98.27674865722656
C07 824.988 96.34662628173828
C07 850.022 94.15055084228516
C07 869.967 90.97895812988281
C07 875.002 90.20252227783203
C07 899.999 82.90017700195312
C07 919.999 74.84664916992188
C07 925.012 72.18978881835938
C07 949.965 59.508544921875
C07 975.002 44.283912658691406
C07 999.976 26.82126235961914
C07 1025.028 11.612517356872559
C07 1050.014 4.095534801483154
C07 1075.002 0.9385905931228703
C07 1099.99 0.0931260963841936
C10 319.994 42.19581604003906
C10 324.969 47.7182502746582
C10 349.982 72.4662857055664
C10 374.975 77.7656478881836
C10 400.019 83.9343490600586
C10 424.965 85.43382263183594
C10 450.035 87.69815826416016
C10 475.003 89.8337631225586
C10 500.018 91.60940551757812
C10 525.002 93.29069519042969
C10 550.029 94.90263366699219
C10 575.023 96.55258178710938
C10 599.982 97.75321197509766
C10 619.997 97.76464080810547
C10 624.979 98.25204467773438
C10 650.012 98.72344207763672
C10 675.004 98.80388641357422
C10 700.03 98.42112731933594
C10 725.012 98.55399322509766
C10 750.022 98.4814682006836
C10 774.987 98.96649932861328
C10 799.976 98.56413269042969
C10 824.988 96.61569213867188
C10 850.022 94.61534881591797
C10 869.967 91.44904327392578
C10 875.002 90.627685546875
C10 899.999 83.06747436523438
C10 919.999 75.2691650390625
C10 925.012 72.54174041748047
C10 949.965 59.531654357910156
C10 975.002 44.203102111816406
C10 999.976 26.658802032470703
C10 1025.028 11.578191757202148
C10 1050.014 4.187485694885254
C10 1075.002 0.938228109137636
C10 1099.99 0.09309013105618585
C11 319.994 42.40177917480469
C11 324.969 47.951847076416016
C11 349.982 72.91802215576172
C11 374.975 78.26691436767578
C11 400.019 84.23161315917969
C11 424.965 85.60619354248047
C11 450.035 87.80551147460938
C11 475.003 89.89578247070312
C11 500.018 91.64331817626953
C11 525.002 93.31002807617188
C11 550.029 94.91126251220703
C11 575.023 96.55888366699219
C11 599.982 97.75867462158203
C11 619.997 97.77310943603516
C11 624.979 98.26094818115234
C11 650.012 98.7347412109375
C11 675.004 98.82508850097656
C11 700.03 98.46961975097656
C11 725.012 98.66697692871094
C11 750.022 98.67676544189453
C11 774.987 99.24971008300781
C11 799.976 98.8809585571289
C11 824.988 96.90318298339844
C11 850.022 94.89911651611328
C11 869.967 91.73450469970703
C11 875.002 90.90335845947266
C11 899.999 83.16695404052734
C11 919.999 75.25170135498047
C11 925.012 72.58040618896484
C11 949.965 59.7275390625
C11 975.002 44.30990219116211
C11 999.976 26.699054718017578
C11 1025.028 11.504056930541992
C11 1050.014 4.119921684265137
C11 1075.002 0.9400885338036671
C11 1099.99 0.09327472068241244
C12 319.994 42.479854583740234
C12 324.969 48.04045486450195
C12 349.982 73.15782928466797
C12 374.975 78.55741119384766
C12 400.019 84.3116683959961
C12 424.965 85.56471252441406
C12 450.035 87.68963623046875
C12 475.003 89.73681640625
C12 500.018 91.45014190673828
C12 525.002 93.09547424316406
C12 550.029 94.68668365478516
C12 575.023 96.3259048461914
C12 599.982 97.52191925048828
C12 619.997 97.5389404296875
C12 624.979 98.02571105957031
C12 650.012 98.50176239013672
C12 675.004 98.59437561035156
C12 700.03 98.2566146850586
C12 725.012 98.48409271240234
C12 750.022 98.53170776367188
C12 774.987 99.1408920288086
C12 799.976 98.78850555419922
C12 824.988 96.80593872070312
C12 850.022 94.76290893554688
C12 869.967 91.63060760498047
C12 875.002 90.8085708618164
C12 899.999 83.08433532714844
C12 919.999 74.98304748535156
C12 925.012 72.23026275634766
C12 949.965 59.66466522216797
C12 975.002 44.3278694152832
C12 999.976 26.636796951293945
C12 1025.028 11.501571655273438
C12 1050.014 4.078353404998779
C12 1075.002 0.9387059986397709
C12 1099.99 0.09313754681355961
C13 319.994 42.62776184082031
C13 324.969 48.207557678222656
C13 349.982 73.49022674560547
C13 374.975 78.96806335449219
C13 400.019 84.6098403930664
C13 424.965 85.79296112060547
C13 450.035 87.88236999511719
C13 475.003 89.9024429321289
C13 500.018 91.6096420288086
C13 525.002 93.2447280883789
C13 550.029 94.83204650878906
C13 575.023 96.47835540771484
C13 599.982 97.67857360839844
C13 619.997 97.69920349121094
C13 624.979 98.1851577758789
C13 650.012 98.6684341430664
C13 675.004 98.767578125
C13 700.03 98.42991638183594
C13 725.012 98.66680145263672
C13 750.022 98.7275390625
C13 774.987 99.34913635253906
C13 799.976 98.9996337890625
C13 824.988 97.02346801757812
C13 850.022 94.94779205322266
C13 869.967 91.7854995727539
C13 875.002 90.98377990722656
C13 899.999 83.34734344482422
C13 919.999 75.01602935791016
C13 925.012 72.24705505371094
C13 949.965 59.72629928588867
C13 975.002 44.49168395996094
C13 999.976 26.778667449951172
C13 1025.028 11.582259178161621
C13 1050.014 4.067450523376465
C13 1075.002 0.9405714869295199
C13 1099.99 0.09332263884787963
C14 319.994 42.92494201660156
C14 324.969 48.538997650146484
C14 349.982 74.02052307128906
C14 374.975 79.50948333740234
C14 400.019 85.013427734375
C14 424.965 86.11707305908203
C14 450.035 88.1574478149414
C14 475.003 90.1526870727539
C14 500.018 91.83763122558594
C14 525.002 93.46440887451172
C14 550.029 95.04350280761719
C14 575.023 96.6834487915039
C14 599.982 97.88040161132812
C14 619.997 97.89776611328125
C14 624.979 98.38211059570312
C14 650.012 98.86325073242188
C14 675.004 98.9575424194336
C14 700.03 98.61673736572266
C14 725.012 98.84219360351562
C14 750.022 98.88960266113281
C14 774.987 99.50186920166016
C14 799.976 99.14227294921875
C14 824.988 97.17013549804688
C14 850.022 95.06805419921875
C14 869.967 91.84210205078125
C14 875.002 91.04037475585938
C14 899.999 83.54039001464844
C14 919.999 75.0956802368164
C14 925.012 72.2843246459961
C14 949.965 59.70769119262695
C14 975.002 44.5228157043457
C14 999.976 26.881933212280273
C14 1025.028 11.648518562316895
C14 1050.014 4.077887058258057
C14 1075.002 0.9421156484367228
C14 1099.99 0.09347584913403227
C15 319.994 43.13407516479492
C15 324.969 48.77791976928711
C15 349.982 74.44344329833984
C15 374.975 79.93299102783203
C15 400.019 85.23323822021484
C15 424.965 86.2332763671875
C15 450.035 88.22015380859375
C15 475.003 90.18236541748047
C15 500.018 91.84764099121094
C15 525.002 93.4622802734375
C15 550.029 95.03392791748047
C15 575.023 96.67127990722656
C15 599.982 97.8662338256836
C15 619.997 97.88152313232422
C15 624.979 98.36934661865234
C15 650.012 98.84841918945312
C15 675.004 98.94454193115234
C15 700.03 98.5985107421875
C15 725.012 98.81288146972656
C15 750.022 98.8443374633789
C15 774.987 99.4376449584961
C15 799.976 99.06754302978516
C15 824.988 97.09938049316406
C15 850.022 94.97640991210938
C15 869.967 91.69680786132812
C15 875.002 90.89545440673828
C15 899.999 83.48698425292969
C15 919.999 75.04126739501953
C15 925.012 72.18555450439453
C15 949.965 59.45081329345703
C15 975.002 44.32009506225586
C15 999.976 26.82964515686035
C15 1025.028 11.668597221374512
C15 1050.014 4.090653896331787
C15 1075.002 0.9416846455197816
C15 1099.99 0.09343308542056762
C16 319.994 43.32707214355469
C16 324.969 48.99843978881836
C16 349.982 74.83454895019531
C16 374.975 80.38888549804688
C16 400.019 85.6224136352539
C16 424.965 86.57061767578125
C16 450.035 88.53248596191406
C16 475.003 90.48011779785156
C16 500.018 92.13703918457031
C16 525.002 93.75029754638672
C16 550.029 95.3260269165039
C16 575.023 96.9626235961914
C16 599.982 98.16216278076172
C16 619.997 98.18022155761719
C16 624.979 98.66912078857422
C16 650.012 99.1509780883789
C16 675.004 99.24793243408203
C16 700.03 98.89643859863281
C16 725.012 99.10108947753906
C16 750.022 99.11780548095703
C16 774.987 99.69245147705078
C16 799.976 99.3064193725586
C16 824.988 97.3189926147461
C16 850.022 95.17874145507812
C16 869.967 91.82958984375
C16 875.002 91.0099868774414
C16 899.999 83.63709259033203
C16 919.999 75.17727661132812
C16 925.012 72.3238754272461
C16 949.965 59.45930480957031
C16 975.002 44.24271774291992
C16 999.976 26.770811080932617
C16 1025.028 11.670212745666504
C16 1050.014 4.126296520233154
C16 1075.002 0.9442901898647706
C16 1099.99 0.09369160513681303
C17 319.994 43.39173126220703
C17 324.969 49.078582763671875
C17 349.982 75.08111572265625
C17 374.975 80.65679931640625
C17 400.019 85.7297592163086
C17 424.965 86.58956909179688
C17 450.035 88.50372314453125
C17 475.003 90.42829132080078
C17 500.018 92.07392883300781
C17 525.002 93.6822509765625
C17 550.029 95.25390625
C17 575.023 96.89747619628906
C17 599.982 98.09938049316406
C17 619.997 98.12176513671875
C17 624.979 98.60958862304688
C17 650.012 99.09689331054688
C17 675.004 99.1956787109375
C17 700.03 98.84176635742188
C17 725.012 99.03721618652344
C17 750.022 99.0342788696289
C17 774.987 99.5978012084961
C17 799.976 99.19982147216797
C17 824.988 97.20085144042969
C17 850.022 95.0400619506836
C17 869.967 91.64517211914062
C17 875.002 90.8084487915039
C17 899.999 83.44689178466797
C17 919.999 75.00555419921875
C17 925.012 72.15531158447266
C17 949.965 59.29405212402344
C17 975.002 44.00338363647461
C17 999.976 26.651243209838867
C17 1025.028 11.65548038482666
C17 1050.014 4.161756992340088
C17 1075.002 0.9434947076777875
C17 1099.99 0.09361267812501503
