lsstCam/transmission_filter_detector/r14_s11/z_20/19700101T000000.ecsv
# %ECSV 1.0
# ---
# datatype:
# - {name: wavelength, unit: nm, datatype: float32}
# - {name: efficiency, unit: '%', datatype: float64}
# meta: !!omap
# - {MODE: DETECTOR}
# - {TYPE: transmission_filter_detector}
# - {CALIBDATE: '1970-01-01T00:00:00'}
# - {INSTRUME: LSSTCam}
# - {OBSTYPE: transmission_filter_detector}
# - {CALIBCLS: lsst.ip.isr.IntermediateFilterDetectorTransmissionCurve}
# - {SOURCE: Materion (DM-46256)}
# - {DETECTOR: 67}
# - {FILTER: z_20}
# - {CALIB_ID: 'calibDate=1970-01-01T00:00:00 filter=z_20 detector=67'}
# - {DATE: '2025-04-02T15:59:48.948380'}
# - {CALIB_CREATION_DATE: '2025-04-02'}
# - {CALIB_CREATION_TIME: '15:59:48'}
# - __serialized_columns__:
#     efficiency:
#       __class__: astropy.units.quantity.Quantity
#       unit: !astropy.units.Unit {unit: '%'}
#       value: !astropy.table.SerializedColumn {name: efficiency}
#     wavelength:
#       __class__: astropy.units.quantity.Quantity
#       unit: !astropy.units.Unit {unit: nm}
#       value: !astropy.table.SerializedColumn {name: wavelength}
# schema: astropy-2.0
wavelength efficiency
[from data line 597]
897.0 99.45762753486633
898.0 98.74882102012634
899.0 98.74351024627686
900.0 99.06113147735596
901.0 99.2724359035492
902.0 99.22029972076416
903.0 98.82749319076538
904.0 97.63247966766357
905.0 98.55886101722717
906.0 97.69026041030884
907.0 98.44729900360107
908.0 98.32296967506409
909.0 98.09032082557678
910.0 98.09886813163757
911.0 96.80939316749573
912.0 95.89545130729675
913.0 94.55524682998657
914.0 92.35243797302246
915.0 90.1164710521698
916.0 87.67771124839783
917.0 86.32561564445496
918.0 82.69872069358826
919.0 81.56907558441162
920.0 78.46921682357788
921.0 74.45560693740845
922.0 69.6710467338562
923.0 63.965314626693726
924.0 58.088868856430054
925.0 52.61196494102478
926.0 46.36828005313873
927.0 39.0924870967865
928.0 33.023351430892944
929.0 26.70440375804901
930.0 21.034274995326996
931.0 16.059091687202454
932.0 10.754257440567017
933.0 6.839502602815628
934.0 4.350350424647331
935.0 2.6902807876467705
936.0 1.4971553348004818
937.0 0.9824501350522041
938.0 0.42960564605891705
939.0 0.332078174687922
940.0 0.2961268415674567
941.0 0.13068742118775845
942.0 0.0915322219952941
943.0 0.07575218915008008
944.0 1.673724201768645e-10
945.0 1.673724201768645e-10
946.0 1.673724201768645e-10
947.0 1.673724201768645e-10
948.0 0.024733293685130775
949.0 0.031824063626118004
950.0 0.03019850410055369
951.0 1.673724201768645e-10
952.0 0.19442219054326415
953.0 0.02237360313301906
954.0 0.0016837346265674569
955.0 0.048754902672953904
956.0 1.673724201768645e-10
957.0 0.002432477231195662
958.0 1.673724201768645e-10
959.0 1.673724201768645e-10
960.0 1.673724201768645e-10
961.0 0.009044894250109792
962.0 1.673724201768645e-10
963.0 1.673724201768645e-10
964.0 0.010325546463718638
965.0 1.673724201768645e-10
966.0 0.003177794860675931
967.0 1.673724201768645e-10
968.0 1.673724201768645e-10
969.0 1.673724201768645e-10
970.0 1.673724201768645e-10
971.0 0.025997418561019003
972.0 0.06982765044085681
973.0 0.034300878178328276
974.0 1.673724201768645e-10
975.0 1.673724201768645e-10
976.0 0.0063444109400734305
977.0 0.006325556751107797
978.0 0.006306705472525209
979.0 0.006121031037764624
980.0 0.005935354420216754
981.0 0.005742198845837265
982.0 0.005549043999053538
983.0 0.005462356784846634
984.0 0.005375670298235491
985.0 0.00512423284817487
986.0 0.004872794670518488
987.0 0.004873937723459676
988.0 0.004875080776400864
989.0 0.004793829430127516
990.0 0.00471257881144993
991.0 0.004813651321455836
992.0 0.004914724195259623
993.0 0.004868223186349496
994.0 0.0048217218136414886
995.0 0.004746740160044283
996.0 0.004671758506447077
997.0 0.0045219272578833625
998.0 0.004372096009319648
999.0 0.0042981322621926665
1000.0 0.004224168515065685
1001.0 0.004372570401756093
1002.0 0.00452097192464862
1003.0 0.004485536555876024
1004.0 0.004450100823305547
1005.0 0.004277191328583285
1006.0 0.004104281833861023
1007.0 0.004170221654931083
1008.0 0.0042361614760011435
1009.0 0.004327653732616454
1010.0 0.004419145989231765
1011.0 0.004451739732758142
1012.0 0.004484333112486638
1013.0 0.004372559851617552
1014.0 0.004260786226950586
1015.0 0.004383714622235857
1016.0 0.004506642289925367
1017.0 0.004782509131473489
1018.0 0.005058375973021612
1019.0 0.004783423355547711
1020.0 0.004508471101871692
1021.0 0.004583267218549736
1022.0 0.004658062971429899
1023.0 0.004574633567244746
1024.0 0.004491204163059592
1025.0 0.00462380594399292
1026.0 0.0047564073611283675
1027.0 0.004734817412099801
1028.0 0.004713227099273354
1029.0 0.004672825525631197
1030.0 0.004632424679584801
1031.0 0.004756288399221376
1032.0 0.004880152482655831
1033.0 0.004894567973678932
1034.0 0.004908984556095675
1035.0 0.005097710163681768
1036.0 0.005286435771267861
1037.0 0.005387517012422904
1038.0 0.005488597889780067
1039.0 0.005350162973627448
1040.0 0.005211727329879068
1041.0 0.005597667768597603
1042.0 0.0059836085711140186
1043.0 0.005513429277925752
1044.0 0.005043249984737486
1045.0 0.005688937017112039
1046.0 0.006334623321890831
1047.0 0.006147057865746319
1048.0 0.005959490954410285
1049.0 0.0059658534155460075
1050.0 0.005972216240479611
1051.0 0.006272268365137279
1052.0 0.006572322308784351
1053.0 0.006691054295515642
1054.0 0.006809786282246932
1055.0 0.007405360520351678
1056.0 0.008000935486052185
1057.0 0.007748640928184614
1058.0 0.007496346370317042
1059.0 0.007628107414348051
1060.0 0.007759867003187537
1061.0 0.008426226122537628
1062.0 0.009092585241887718
1063.0 0.008896322106011212
1064.0 0.008700058970134705
1065.0 0.008922281995182857
1066.0 0.009144507930614054
1067.0 0.00915909549803473
1068.0 0.009173683793051168
1069.0 0.010153851326322183
1070.0 0.011134018131997436
1071.0 0.010863077477551997
1072.0 0.010592136823106557
1073.0 0.010830293467734009
1074.0 0.0110684493847657
1075.0 0.01156032521976158
1076.0 0.012052204692736268
1077.0 0.011996935063507408
1078.0 0.011941663979087025
1079.0 0.013123084499966353
1080.0 0.014304506476037204
1081.0 0.014218591968528926
1082.0 0.014132681826595217
1083.0 0.01398485474055633
1084.0 0.013837029109708965
1085.0 0.014302271301858127
1086.0 0.014767514949198812
1087.0 0.014743169595021755
1088.0 0.014718827151227742
1089.0 0.016323680756613612
1090.0 0.017928534361999482
1091.0 0.017758696048986167
1092.0 0.01758885191520676
1093.0 0.01680294662946835
1094.0 0.016017036978155375
1095.0 0.017763659707270563
1096.0 0.019510285346768796
1097.0 0.01929738064063713
1098.0 0.019084475934505463
1099.0 0.021477443806361407
1100.0 0.023870408767834306
1101.0 0.023786105157341808
1102.0 0.023701800091657788
1103.0 0.02501595881767571
1104.0 0.02633011608850211
1105.0 0.02611254167277366
1106.0 0.0258949730778113
1107.0 0.027012222562916577
1108.0 0.0281294749584049
1109.0 0.029844185337424278
1110.0 0.03155889280606061
1111.0 0.03188525151927024
1112.0 0.03221161023247987
1113.0 0.03402591682970524
1114.0 0.03584022633731365
1115.0 0.033685623202472925
1116.0 0.03153102588839829
1117.0 0.033311007427982986
1118.0 0.03509099187795073
1119.0 0.03815203963313252
1120.0 0.04121308447793126
1121.0 0.04271053767297417
1122.0 0.04420799377840012
1123.0 0.043221478699706495
1124.0 0.04223496653139591
1125.0 0.04344644257798791
1126.0 0.044657924445346
1127.0 0.047319638542830944
1128.0 0.04998135264031589
1129.0 0.05500419647432864
1130.0 0.060027040308341384
1131.0 0.05961668794043362
1132.0 0.059206323930993676
1133.0 0.06328527233563364
1134.0 0.06736422656103969
1135.0 0.06415287498384714
1136.0 0.060941523406654596
1137.0 0.06735960487276316
1138.0 0.07377769215963781
1139.0 0.07857131422497332
1140.0 0.0833648955449462
1141.0 0.0913655268959701
1142.0 0.09936614660546184
1143.0 0.11923462152481079
1144.0 0.13910307316109538
1145.0 0.2702777739614248
1146.0 0.4014525096863508
1147.0 0.8401858620345592
1148.0 1.278919167816639
1149.0 1.4626137912273407
1150.0 1.646309345960617
