lsstCam/transmission_filter_detector/r14_s11/z_20/19700101T000000.ecsv
# %ECSV 1.0
# ---
# datatype:
# - {name: wavelength, unit: nm, datatype: float32}
# - {name: efficiency, unit: '%', datatype: float64}
# meta: !!omap
# - {MODE: DETECTOR}
# - {TYPE: transmission_filter_detector}
# - {CALIBDATE: '1970-01-01T00:00:00'}
# - {INSTRUME: LSSTCam}
# - {OBSTYPE: transmission_filter_detector}
# - {CALIBCLS: lsst.ip.isr.IntermediateFilterDetectorTransmissionCurve}
# - {SOURCE: Materion (DM-46256)}
# - {DETECTOR: 67}
# - {FILTER: z_20}
# - {CALIB_ID: 'calibDate=1970-01-01T00:00:00 filter=z_20 detector=67'}
# - {DATE: '2025-04-02T15:59:48.948380'}
# - {CALIB_CREATION_DATE: '2025-04-02'}
# - {CALIB_CREATION_TIME: '15:59:48'}
# - __serialized_columns__:
#     efficiency:
#       __class__: astropy.units.quantity.Quantity
#       unit: !astropy.units.Unit {unit: '%'}
#       value: !astropy.table.SerializedColumn {name: efficiency}
#     wavelength:
#       __class__: astropy.units.quantity.Quantity
#       unit: !astropy.units.Unit {unit: nm}
#       value: !astropy.table.SerializedColumn {name: wavelength}
# schema: astropy-2.0
wavelength efficiency
300.0 0.8598502725362778
301.0 0.5806631874293089
302.0 0.3014761954545975
303.0 0.2943892264738679
304.0 0.28730230405926704
305.0 0.2438241383060813
306.0 0.20034597255289555
307.0 0.18384108552709222
308.0 0.16733622178435326
309.0 0.14658600557595491
310.0 0.1258357660844922
311.0 0.12626474490389228
312.0 0.12669374700635672
313.0 0.11106051970273256
314.0 0.09542732732370496
315.0 0.09475828846916556
316.0 0.09408924961462617
317.0 0.08003173861652613
318.0 0.06597423925995827
319.0 0.0647973152808845
320.0 0.06362038548104465
321.0 0.06273610633797944
322.0 0.06185182719491422
323.0 0.0538941181730479
324.0 0.04593640915118158
325.0 0.0429100648034364
326.0 0.039883723366074264
327.0 0.03906965721398592
328.0 0.038255591061897576
329.0 0.034033789415843785
330.0 0.02981199068017304
331.0 0.027238772599957883
332.0 0.024665554519742727
333.0 0.02358898491365835
334.0 0.02251241239719093
335.0 0.021173764253035188
336.0 0.019835116108879447
337.0 0.02401971723884344
338.0 0.028204312548041344
339.0 0.024147493240889162
340.0 0.02009067975450307
341.0 0.016960034554358572
342.0 0.01382938789902255
343.0 0.013606369611807168
344.0 0.013383351324591786
345.0 0.012608749966602772
346.0 0.011834147881017998
347.0 0.01126075439970009
348.0 0.010687361645977944
349.0 0.013147038407623768
350.0 0.015606715169269592
351.0 0.013088967534713447
352.0 0.010571216262178496
353.0 0.011136745160911232
354.0 0.011702274059643969
355.0 0.01006824168143794
356.0 0.008434210758423433
357.0 0.009365682490170002
358.0 0.010297157859895378
359.0 0.0100352153822314
360.0 0.009773272176971659
361.0 0.008881631947588176
362.0 0.007989994628587738
363.0 0.009275057527702302
364.0 0.010560119699221104
365.0 0.010184386337641627
366.0 0.009808655886445194
367.0 0.008595315011916682
368.0 0.007381973409792408
369.0 0.007800324965501204
370.0 0.008218677976401523
371.0 0.00826347604743205
372.0 0.008308276301249862
373.0 0.007237619865918532
374.0 0.006166964885778725
375.0 0.0065105668909382075
376.0 0.00685416889609769
377.0 0.007088341226335615
378.0 0.007322512101382017
379.0 0.006187564576976001
380.0 0.005052616324974224
381.0 0.0032258340070256963
382.0 0.0013990515981276985
383.0 0.0035948298318544403
384.0 0.005790607974631712
385.0 0.005509039692697115
386.0 0.005227471774560399
387.0 0.005858471195097081
388.0 0.0064894717070274055
389.0 0.0056781544117257
390.0 0.004866837844019756
391.0 0.004557269494398497
392.0 0.004247701144777238
393.0 0.0047295230615418404
394.0 0.005211345342104323
395.0 0.004256271495250985
396.0 0.003301197284599766
397.0 0.003511999238980934
398.0 0.0037228015571599826
399.0 0.003967682641814463
400.0 0.004212563362671062
401.0 0.004712763984571211
402.0 0.005212964242673479
403.0 0.005130243152962066
404.0 0.005047522427048534
405.0 0.003968010059907101
406.0 0.0028884978746646084
407.0 0.0017753474821802229
408.0 0.0006621974989684531
409.0 0.0020968429453205317
410.0 0.0035314886190462857
411.0 0.004176660149823874
412.0 0.004821831316803582
413.0 0.004645312947104685
414.0 0.004468794213607907
415.0 0.0035679102438734844
416.0 0.002667026456038002
417.0 0.00379225384676829
418.0 0.004917481783195399
419.0 0.0044494499888969585
420.0 0.003981417830800638
421.0 0.0038485784898512065
422.0 0.003715739512699656
423.0 0.0034894448617706075
424.0 0.0032631509384373203
425.0 0.0024370548999286257
426.0 0.001610958861419931
427.0 0.00183955180546036
428.0 0.0020681451132986695
429.0 0.0012844015145674348
430.0 0.0005006581886846106
431.0 0.0006819893769716145
432.0 0.0008633203833596781
433.0 0.0006642906100751134
434.0 0.0004652609277400188
435.0 0.0011810923751909286
436.0 0.0018969238226418383
437.0 0.0019650080503197387
438.0 0.0020330920960986987
439.0 0.0020875360860372894
440.0 0.00214198007597588
441.0 0.001630845872568898
442.0 0.0011197118510608561
443.0 0.0022619011360802688
444.0 0.003404090239200741
445.0 0.0033633677958277985
446.0 0.0033226449886569753
447.0 0.0025673512936918996
448.0 0.0018120577806257643
449.0 0.002485654113115743
450.0 0.0031592509913025424
451.0 0.002348650923522655
452.0 0.0015380504919448867
453.0 0.0015140771211008541
454.0 0.0014901041140547022
455.0 0.002269441210955847
456.0 0.0030487784897559322
457.0 0.002240287358290516
458.0 0.0014317962268250994
459.0 0.001591600084793754
460.0 0.0017514039427624084
461.0 0.0008406550477957353
462.0 1.673724201768645e-10
463.0 0.0009726640200824477
464.0 0.002015422251133714
465.0 0.0022269889086601324
466.0 0.0024385557480854914
467.0 0.0021378466044552624
468.0 0.0018371369151282124
469.0 0.0016345798940164968
470.0 0.001432022781955311
471.0 0.0013145770026312675
472.0 0.0011971314961556345
473.0 0.0012045790754200425
474.0 0.0012120266546844505
475.0 0.0011061842997150961
476.0 0.0010003418537962716
477.0 0.0013043016224401072
478.0 0.0016082611182355322
479.0 0.001970367520698346
480.0 0.00233247374126222
481.0 0.0018578080926090479
482.0 0.0013831423530064058
483.0 0.0009344255886389874
484.0 0.00048570873332209885
485.0 0.0012480938494263683
486.0 0.0020104789655306377
487.0 0.0015095656635821797
488.0 0.0010086521797347814
489.0 0.0017695241695037112
490.0 0.002530396159272641
491.0 0.0022958209228818305
492.0 0.00206124568649102
493.0 0.0019495542801450938
494.0 0.001837863055698108
495.0 0.001603798045834992
496.0 0.001369732945022406
497.0 0.001251913909072755
498.0 0.001134094964072574
499.0 0.0012328390766924713
500.0 0.0013315831893123686
501.0 0.0009208278243022505
502.0 0.0005100721409689868
503.0 0.001291029457206605
504.0 0.0020719864551210776
505.0 0.0021916732293902896
506.0 0.0023113598217605613
507.0 0.002278402098454535
508.0 0.0022454441932495683
509.0 0.0018448081391397864
510.0 0.001444172448827885
511.0 0.0011247123438806739
512.0 0.0008052523298829328
513.0 0.0011961998097831383
514.0 0.0015871475625317544
515.0 0.0012394152690831106
516.0 0.0008916834303818177
517.0 0.0008788199011178222
518.0 0.0008659563718538266
519.0 0.0010468890650372487
520.0 0.0012278215763217304
521.0 0.0016397973013226874
522.0 0.0020517729353741743
523.0 0.0013546562513511162
524.0 0.0006575397037522634
525.0 0.0007573879429401131
526.0 0.0008572364095016383
527.0 0.0011907551197509747
528.0 0.0015242740118992515
529.0 0.0012844255252275616
530.0 0.0010445765838085208
531.0 0.0011370707397873048
532.0 0.0012295648048166186
533.0 0.0008656834324938245
534.0 0.0005018019237468252
535.0 0.0011068245839851443
536.0 0.0017118472896981984
537.0 0.0017032234609359875
538.0 0.0016945994502748363
539.0 0.0012408628208504524
540.0 0.0007871258276281878
541.0 0.0008076164704107214
542.0 0.0008281073860416654
543.0 0.0012271073501324281
544.0 0.001626107405172661
545.0 0.00105811395769706
546.0 0.0004901209649688099
547.0 0.0012034511200909037
548.0 0.0019167808204656467
549.0 0.0016932472135522403
550.0 0.0014697133337904233
551.0 0.0015593624993925914
552.0 0.001649011392146349
553.0 0.001350407001154963
554.0 0.0010518022463656962
555.0 0.0009720631169329863
556.0 0.0008923238965508062
557.0 0.001261785382666858
558.0 0.001631246595934499
559.0 0.0016666099327267148
560.0 0.0017019729057210498
561.0 0.0015766312571940944
562.0 0.001451289608667139
563.0 0.001178476304630749
564.0 0.0009056630005943589
565.0 0.00177722868102137
566.0 0.002648794907145202
567.0 0.002950143607449718
568.0 0.0032514919439563528
569.0 0.0030458118999376893
570.0 0.0028401316740200855
571.0 0.0026871133741224185
572.0 0.0025340945285279304
573.0 0.002031954863923602
574.0 0.0015298153812182136
575.0 0.001967120624613017
576.0 0.0024044260499067605
577.0 0.001986356801353395
578.0 0.001568288280395791
579.0 0.0017634733012528159
580.0 0.00195865795831196
581.0 0.0016948868506005965
582.0 0.0014311155609902926
583.0 0.0018822584024746902
584.0 0.0023334014258580282
585.0 0.002562993722676765
586.0 0.0027925858375965618
587.0 0.0021267798729240894
588.0 0.0014609736354032066
589.0 0.002097193464578595
590.0 0.0027334132028045133
591.0 0.001978118780243676
592.0 0.0012228244486323092
593.0 0.0009056924682226963
594.0 0.0005885603513888782
595.0 0.0010358088729844894
596.0 0.0014830573491053656
597.0 0.0013540522559196688
598.0 0.001225047162733972
599.0 0.0008969474947662093
600.0 0.0005688478722731816
601.0 0.0004893030563835055
602.0 0.0004097581040696241
603.0 0.0009305987987318076
604.0 0.0014514390386466403
605.0 0.0009139054782281164
606.0 0.00037637164496118203
607.0 0.0007764704605506267
608.0 0.0011765693670895416
609.0 0.0011872802133439109
610.0 0.0011979908776993398
611.0 0.001010949108604109
612.0 0.0008239072485594079
613.0 0.0007932207154226489
614.0 0.0007625342277606251
615.0 0.0012100251296942588
616.0 0.0016575164409005083
617.0 0.0021526067939703353
618.0 0.0026476973289391026
619.0 0.002257169944641646
620.0 0.001866642378445249
621.0 0.0015645156963728368
622.0 0.0012623888324014843
623.0 0.0015514813640038483
624.0 0.0018405738956062123
625.0 0.0016316647815983742
626.0 0.001422755576641066
627.0 0.001889902341645211
628.0 0.0023570493794977665
629.0 0.002131095425284002
630.0 0.0019051414710702375
631.0 0.001654789775784593
632.0 0.0014044383533473592
633.0 0.0018174203432863578
634.0 0.0022304027879727073
635.0 0.005161437366041355
636.0 0.008092471398413181
637.0 0.015380176773760468
638.0 0.022667882149107754
639.0 0.019691030320245773
640.0 0.016714175581000745
641.0 0.014477389049716294
642.0 0.012240605428814888
643.0 0.009876038529910147
644.0 0.007511473086196929
645.0 0.006745061546098441
646.0 0.005978650369797833
647.0 0.005496616358868778
648.0 0.005014582347939722
649.0 0.004111845919396728
650.0 0.0032091102184494957
651.0 0.003622583972173743
652.0 0.00403605772589799
653.0 0.0032874759199330583
654.0 0.0025388937501702458
655.0 0.0028117990950704552
656.0 0.0030847048037685454
657.0 0.0029502925826818682
658.0 0.00281587981589837
659.0 0.002751662577793468
660.0 0.002687445521587506
661.0 0.002761214636848308
662.0 0.0028349833883112296
663.0 0.0019353725292603485
664.0 0.0010357617611589376
665.0 0.0015404630175908096
666.0 0.002045164546871092
667.0 0.002356445293116849
668.0 0.0026677264031604864
669.0 0.0019836863430100493
670.0 0.0012996464647585526
671.0 0.0009760784450918436
672.0 0.0006525103799503995
673.0 0.0013186608157411683
674.0 0.0019848115698550828
675.0 0.0020886811398668215
676.0 0.00219255052797962
677.0 0.001955357402039226
678.0 0.0017181637304020114
679.0 0.0013934033631812781
680.0 0.0010686427231121343
681.0 0.0011751674719562288
682.0 0.0012816921298508532
683.0 0.002386385494901333
684.0 0.003491079041850753
685.0 0.002866587419703137
686.0 0.002242096343252342
687.0 0.0016903188225114718
688.0 0.001138541119871661
689.0 0.0014886713870509993
690.0 0.0018388016542303376
691.0 0.0021576563085545786
692.0 0.002476510780979879
693.0 0.0028358826966723427
694.0 0.0031952546123648062
695.0 0.0033274605812039226
696.0 0.0034596658224472776
697.0 0.003732241384568624
698.0 0.00400481658289209
699.0 0.005942115967627615
700.0 0.0078794160799589
701.0 0.007361917232628912
702.0 0.006844417657703161
703.0 0.00632095689070411
704.0 0.0057974946685135365
705.0 0.0051801387598970905
706.0 0.004562783578876406
707.0 0.004328244176576845
708.0 0.004093704774277285
709.0 0.004250864367350005
710.0 0.0044080239604227245
711.0 0.0038939899241086096
712.0 0.003379956615390256
713.0 0.002441909055050928
714.0 0.001503861858509481
715.0 0.002171031701436732
716.0 0.002838201544363983
717.0 0.0024627581296954304
718.0 0.002087314351228997
719.0 0.0016268735635094345
720.0 0.0011664322300930507
721.0 0.0011233380064368248
722.0 0.0010802434189827181
723.0 0.0009836270692176186
724.0 0.000887010719452519
725.0 0.0012479458746383898
726.0 0.001608881211723201
727.0 0.0017307300367974676
728.0 0.001852578679972794
729.0 0.0018272829038323835
730.0 0.0018019873095909134
731.0 0.0013151060556992888
732.0 0.0008282250746560749
733.0 0.0008831837476463988
734.0 0.0009381423296872526
735.0 0.0009914089787343983
736.0 0.0010446755368320737
737.0 0.0012377697203191929
738.0 0.001430863903806312
739.0 0.0011281254955974873
740.0 0.0008253870873886626
741.0 0.0010135096999874804
742.0 0.0012016321306873579
743.0 0.0015838366380194202
744.0 0.001966040872503072
745.0 0.0012962172149855178
746.0 0.0006263935119932285
747.0 0.0011870687558257487
748.0 0.0017477441360824741
749.0 0.002368402056163177
750.0 0.0029890605219407007
751.0 0.003018955248990096
752.0 0.0030488499760394916
753.0 0.0030613013223046437
754.0 0.0030737530323676765
755.0 0.0020158970073680393
756.0 0.0009580410733178724
757.0 0.0018881533833337016
758.0 0.002818265784299001
759.0 0.002685945037228521
760.0 0.0025536241082591005
761.0 0.004488481499720365
762.0 0.0064233390730805695
763.0 0.005763041917816736
764.0 0.005102744398755021
765.0 0.0051999817515024915
766.0 0.0052972183766542
767.0 0.004674860974773765
768.0 0.004052503209095448
769.0 0.0036293822631705552
770.0 0.0032062631362350658
771.0 0.0039801507227821276
772.0 0.0047540394007228315
773.0 0.003992977872258052
774.0 0.0032319159799953923
775.0 0.05018945084884763
776.0 1.673724201768645e-10
777.0 0.011133899533888325
778.0 0.06703723920509219
779.0 0.07790258387103677
780.0 1.673724201768645e-10
781.0 1.673724201768645e-10
782.0 0.04424529615789652
783.0 0.02791043370962143
784.0 1.673724201768645e-10
785.0 1.673724201768645e-10
786.0 0.027139679878018796
787.0 1.673724201768645e-10
788.0 1.673724201768645e-10
789.0 1.673724201768645e-10
790.0 1.673724201768645e-10
791.0 0.15370697947219014
792.0 1.673724201768645e-10
793.0 0.058267300482839346
794.0 1.673724201768645e-10
795.0 0.133238872513175
796.0 0.19640079699456692
797.0 0.08160527213476598
798.0 0.30431465711444616
799.0 0.22689260076731443
800.0 0.2900386229157448
801.0 0.6865478586405516
802.0 1.1459729634225368
803.0 1.6504481434822083
804.0 2.817569486796856
805.0 4.358520731329918
806.0 6.004210188984871
807.0 8.383464068174362
808.0 10.968263447284698
809.0 14.19222205877304
810.0 17.617958784103394
811.0 20.7724928855896
812.0 23.761337995529175
813.0 27.551743388175964
814.0 32.185789942741394
815.0 37.04906702041626
816.0 43.02805960178375
817.0 49.450963735580444
818.0 55.95629811286926
819.0 62.6020610332489
820.0 70.74103951454163
821.0 77.91858911514282
822.0 83.3690345287323
823.0 87.41166591644287
824.0 91.33381247520447
825.0 94.92884278297424
826.0 96.18208408355713
827.0 97.66513109207153
828.0 99.14498329162598
829.0 99.57849979400635
830.0 98.65586161613464
831.0 99.20607805252075
832.0 98.66587519645691
833.0 99.22594428062439
834.0 97.82385230064392
835.0 99.20090436935425
836.0 98.86701703071594
837.0 98.74154329299927
838.0 97.83167839050293
839.0 98.5977053642273
840.0 99.06792640686035
841.0 99.32506084442139
842.0 99.2719054222107
843.0 99.81295466423035
844.0 97.53669500350952
845.0 97.98150062561035
846.0 98.74882698059082
847.0 98.65688681602478
848.0 99.68452453613281
849.0 98.8021194934845
850.0 98.21165204048157
851.0 98.93124103546143
852.0 99.12351369857788
853.0 98.65400195121765
854.0 99.59203600883484
855.0 98.45159649848938
856.0 98.96683692932129
857.0 98.02605509757996
858.0 98.63463640213013
859.0 98.98257255554199
860.0 98.69948625564575
861.0 98.80083203315735
862.0 98.90963435173035
863.0 98.3999490737915
864.0 99.44694638252258
865.0 99.82925653457642
866.0 98.5464870929718
867.0 99.54802393913269
868.0 99.78936910629272
869.0 98.91793727874756
870.0 98.15887212753296
871.0 98.70644807815552
872.0 99.0759789943695
873.0 99.00680780410767
874.0 100.00348091125488
875.0 98.95231127738953
876.0 98.49019050598145
877.0 99.24556612968445
878.0 98.9640474319458
879.0 98.36283326148987
880.0 98.28213453292847
881.0 100.03019571304321
882.0 98.92795085906982
883.0 98.3910858631134
884.0 98.95954728126526
885.0 98.95341992378235
886.0 98.40824604034424
887.0 98.4235405921936
888.0 98.86386394500732
889.0 99.62435960769653
890.0 98.3132004737854
891.0 99.44234490394592
892.0 98.28983545303345
893.0 98.38164448738098
894.0 98.32796454429626
895.0 99.24115538597107
