lsstCam/transmission_filter_detector/r13_s21/u_24/19700101T000000.ecsv
# %ECSV 1.0
# ---
# datatype:
# - {name: wavelength, unit: nm, datatype: float32}
# - {name: efficiency, unit: '%', datatype: float64}
# meta: !!omap
# - {MODE: DETECTOR}
# - {TYPE: transmission_filter_detector}
# - {CALIBDATE: '1970-01-01T00:00:00'}
# - {INSTRUME: LSSTCam}
# - {OBSTYPE: transmission_filter_detector}
# - {CALIBCLS: lsst.ip.isr.IntermediateFilterDetectorTransmissionCurve}
# - {SOURCE: Materion (DM-46256)}
# - {DETECTOR: 61}
# - {FILTER: u_24}
# - {CALIB_ID: 'calibDate=1970-01-01T00:00:00 filter=u_24 detector=61'}
# - {DATE: '2025-04-02T15:59:40.031721'}
# - {CALIB_CREATION_DATE: '2025-04-02'}
# - {CALIB_CREATION_TIME: '15:59:40'}
# - __serialized_columns__:
#     efficiency:
#       __class__: astropy.units.quantity.Quantity
#       unit: !astropy.units.Unit {unit: '%'}
#       value: !astropy.table.SerializedColumn {name: efficiency}
#     wavelength:
#       __class__: astropy.units.quantity.Quantity
#       unit: !astropy.units.Unit {unit: nm}
#       value: !astropy.table.SerializedColumn {name: wavelength}
# schema: astropy-2.0
wavelength efficiency
[from data line 582]
877.0 0.0025208872102666646
878.0 0.002569069511082489
879.0 0.0027119422156829387
880.0 0.0028548156478791498
881.0 0.002966270039905794
882.0 0.0030777249776292592
883.0 0.0027539061193238012
884.0 0.002430087624816224
885.0 0.0024575425413786434
886.0 0.0024849978217389435
887.0 0.0022421438188757747
888.0 0.001999290361709427
889.0 0.0019526229152688757
890.0 0.0019059552869293839
891.0 0.002235823922092095
892.0 0.002565692557254806
893.0 0.0024396074877586216
894.0 0.002313521508767735
895.0 0.0026265619453624822
896.0 0.0029396020181593485
897.0 0.0035140797990607098
898.0 0.004088557398063131
899.0 0.004159946183790453
900.0 0.004231334605719894
901.0 0.004271799480193295
902.0 0.004312264718464576
903.0 0.004565244307741523
904.0 0.00481822389701847
905.0 0.004996496863896027
906.0 0.005174769103177823
907.0 0.005419243825599551
908.0 0.0056637181842233986
909.0 0.005636784771922976
910.0 0.005609851723420434
911.0 0.0057260644098278135
912.0 0.005842277460033074
913.0 0.005701851841877215
914.0 0.0055614258599234745
915.0 0.0048972749937092885
916.0 0.004233124127495103
917.0 0.003870817818096839
918.0 0.003508511872496456
919.0 0.004009089389001019
920.0 0.004509666905505583
921.0 0.004541163798421621
922.0 0.004572661055135541
923.0 0.005406572745414451
924.0 0.006240482616703957
925.0 0.006553228013217449
926.0 0.0068659741373267025
927.0 0.007356188143603504
928.0 0.00784639923949726
929.0 0.0078094410127960145
930.0 0.00777248278609477
931.0 0.007424467185046524
932.0 0.007076450128806755
933.0 0.006958522862987593
934.0 0.006840595597168431
935.0 0.007009166438365355
936.0 0.007177738007158041
937.0 0.007137255306588486
938.0 0.007096775516401976
939.0 0.0069931869802530855
940.0 0.006889599171699956
941.0 0.006181990465847775
942.0 0.005474381032399833
943.0 0.004315062324167229
944.0 0.003155743979732506
945.0 0.0025601990273571573
946.0 0.0019646540749818087
947.0 0.0016869633327587508
948.0 0.0014092727724346332
949.0 0.0013656759620062076
950.0 0.0013220790606283117
951.0 0.0013651959307026118
952.0 0.0014083127098274417
953.0 0.0015073032955115195
954.0 0.001606294244993478
955.0 0.0021916566765867174
956.0 0.0027770191081799567
957.0 0.002787400080705993
958.0 0.0027977801437373273
959.0 0.0030876479286234826
960.0 0.003377515167812817
961.0 0.0036395678762346506
962.0 0.003901619857060723
963.0 0.004197255111648701
964.0 0.004492890366236679
965.0 0.004647531022783369
966.0 0.004802172043127939
967.0 0.004844872819376178
968.0 0.004887574687018059
969.0 0.00476280038128607
970.0 0.00463802607555408
971.0 0.004687860564445145
972.0 0.00473769468953833
973.0 0.0046026278141653165
974.0 0.004467560938792303
975.0 0.004089965659659356
976.0 0.003712369652930647
977.0 0.0035140154068358243
978.0 0.0033156607969431207
979.0 0.0031525334634352475
980.0 0.0029894055842305534
981.0 0.002904094617406372
982.0 0.00281878328678431
983.0 0.002889070674427785
984.0 0.0029593576982733794
985.0 0.003382867726031691
986.0 0.0038063782994868234
987.0 0.004153818008489907
988.0 0.0045012573536951095
989.0 0.005476811566040851
990.0 0.0064523650507908314
991.0 0.00639363715890795
992.0 0.006334909267025068
993.0 0.006739341915817931
994.0 0.007143774564610794
995.0 0.006710986781399697
996.0 0.006278196815401316
997.0 0.006221687362994999
998.0 0.006165180820971727
999.0 0.006319276144495234
1000.0 0.006473370740422979
1001.0 0.006038161518517882
1002.0 0.005602950841421261
1003.0 0.005266504376777448
1004.0 0.0049300586397293955
1005.0 0.004986723070032895
1006.0 0.005043387136538513
1007.0 0.004984498445992358
1008.0 0.004925606845063157
1009.0 0.004506510958890431
1010.0 0.004087415436515585
1011.0 0.003949532765545882
1012.0 0.0038116504583740607
1013.0 0.003180630665156059
1014.0 0.0025496108719380572
1015.0 0.002224856689281296
1016.0 0.0019001025066245347
1017.0 0.001611112747923471
1018.0 0.0013221227163739968
1019.0 0.0011059777534683235
1020.0 0.0008898324267647695
1021.0 0.0009417675755685195
1022.0 0.00099370290627121
1023.0 0.0010248991202388424
1024.0 0.001056095334206475
1025.0 0.001374484236293938
1026.0 0.0016928734112298116
1027.0 0.001294363937631715
1028.0 0.000895854191185208
1029.0 0.0009395812412549276
1030.0 0.0009833086551225279
1031.0 0.0015260910004144534
1032.0 0.0020688734366558492
1033.0 0.002050791408692021
1034.0 0.002032709562627133
1035.0 0.0022654294298263267
1036.0 0.00249814911512658
1037.0 0.0024308445063070394
1038.0 0.002363539897487499
1039.0 0.0021981066311127506
1040.0 0.0020326735466369428
1041.0 0.0017015183402691036
1042.0 0.0013703633158002049
1043.0 0.0013285339264257345
1044.0 0.0012867047189502046
1045.0 0.0013355216651689261
1046.0 0.001384338793286588
1047.0 0.0014213707800081465
1048.0 0.0014584030395781156
1049.0 0.001279162916034693
1050.0 0.0010999223377439193
1051.0 0.0011680743227771018
1052.0 0.001236226216860814
1053.0 0.0008809977771306876
1054.0 0.0005257691100268858
1055.0 0.0005056808277004166
1056.0 0.00048559290917182807
1057.0 0.001006155798677355
1058.0 0.0015267187336576171
1059.0 0.0007493936209357344
1060.0 1.5833056437111748e-10
1061.0 0.0006807411409681663
1062.0 0.0013894135918235406
1063.0 0.0014011189705342986
1064.0 0.0014128239854471758
1065.0 0.0010893199032580014
1066.0 0.0007658160939172376
1067.0 0.0005514141776075121
1068.0 0.00033701162465149537
1069.0 0.0015887031622696668
1070.0 0.002840394154191017
1071.0 0.0018272639863425866
1072.0 0.0008141339094436262
1073.0 0.0011322777936584316
1074.0 0.0014504217688227072
1075.0 0.0031327082979260013
1076.0 0.004814994827029295
1077.0 0.004685890962718986
1078.0 0.004556787462206557
1079.0 0.0051345246902201325
1080.0 0.0057122582802549005
1081.0 0.0036665762308984995
1082.0 0.0016208938177442178
1083.0 0.001942583912750706
1084.0 0.0022642740077571943
1085.0 0.003500019374769181
1086.0 0.004735764377983287
1087.0 0.00434431349276565
1088.0 0.003952862607548013
1089.0 0.005622921526082791
1090.0 0.007292981172213331
1091.0 0.005290746048558503
1092.0 0.003288510924903676
1093.0 0.0025101820938289165
1094.0 0.0017318532627541572
1095.0 0.0013021475751884282
1096.0 0.0008724420695216395
1097.0 0.0019886459995177574
1098.0 0.0031048504752106965
1099.0 0.001977348256332334
1100.0 0.0008498465831507929
