lsstCam/transmission_filter_detector/r13_s21/u_24/19700101T000000.ecsv
# %ECSV 1.0
# ---
# datatype:
# - {name: wavelength, unit: nm, datatype: float32}
# - {name: efficiency, unit: '%', datatype: float64}
# meta: !!omap
# - {MODE: DETECTOR}
# - {TYPE: transmission_filter_detector}
# - {CALIBDATE: '1970-01-01T00:00:00'}
# - {INSTRUME: LSSTCam}
# - {OBSTYPE: transmission_filter_detector}
# - {CALIBCLS: lsst.ip.isr.IntermediateFilterDetectorTransmissionCurve}
# - {SOURCE: Materion (DM-46256)}
# - {DETECTOR: 61}
# - {FILTER: u_24}
# - {CALIB_ID: 'calibDate=1970-01-01T00:00:00 filter=u_24 detector=61'}
# - {DATE: '2025-04-02T15:59:40.031721'}
# - {CALIB_CREATION_DATE: '2025-04-02'}
# - {CALIB_CREATION_TIME: '15:59:40'}
# - __serialized_columns__:
#     efficiency:
#       __class__: astropy.units.quantity.Quantity
#       unit: !astropy.units.Unit {unit: '%'}
#       value: !astropy.table.SerializedColumn {name: efficiency}
#     wavelength:
#       __class__: astropy.units.quantity.Quantity
#       unit: !astropy.units.Unit {unit: nm}
#       value: !astropy.table.SerializedColumn {name: wavelength}
# schema: astropy-2.0
wavelength efficiency
295.0 1.5833056437111748e-10
296.0 1.5833056437111748e-10
297.0 1.5833056437111748e-10
298.0 1.5833056437111748e-10
299.0 1.5833056437111748e-10
300.0 1.5833056437111748e-10
301.0 1.5833056437111748e-10
302.0 1.5833056437111748e-10
303.0 1.5833056437111748e-10
304.0 0.20429191645234823
305.0 0.6953688804060221
306.0 1.4435797929763794
307.0 2.857271581888199
308.0 4.733863100409508
309.0 8.01580548286438
310.0 10.89930310845375
311.0 14.692699909210205
312.0 18.438684940338135
313.0 21.52494490146637
314.0 24.741755425930023
315.0 27.225518226623535
316.0 29.328665137290955
317.0 31.6709041595459
318.0 34.32767689228058
319.0 37.819844484329224
320.0 43.01707744598389
321.0 48.10025095939636
322.0 54.19490337371826
323.0 59.81964468955994
324.0 64.49950933456421
325.0 67.82305240631104
326.0 70.39780020713806
327.0 72.35243320465088
328.0 74.09501075744629
329.0 75.53985714912415
330.0 76.87018513679504
331.0 77.7594804763794
332.0 78.16851735115051
333.0 78.29403877258301
334.0 78.17847728729248
335.0 78.26130390167236
336.0 78.38792204856873
337.0 78.86815667152405
338.0 79.68438267707825
339.0 80.31536340713501
340.0 80.78944087028503
341.0 81.30742311477661
342.0 81.57690167427063
343.0 81.54954314231873
344.0 81.761634349823
345.0 82.05122947692871
346.0 82.40200281143188
347.0 82.78582096099854
348.0 83.02187323570251
349.0 83.2037627696991
350.0 83.24282765388489
351.0 83.49741101264954
352.0 83.40533971786499
353.0 83.23319554328918
354.0 83.18696618080139
355.0 83.41587781906128
356.0 83.55019688606262
357.0 83.4789514541626
358.0 83.22473764419556
359.0 83.02102088928223
360.0 82.92902112007141
361.0 82.72608518600464
362.0 82.60324001312256
363.0 82.68306255340576
364.0 82.77238607406616
365.0 82.97300338745117
366.0 83.16265344619751
367.0 83.1449568271637
368.0 83.18061828613281
369.0 83.12973380088806
370.0 82.85176157951355
371.0 82.65226483345032
372.0 82.60668516159058
373.0 82.72505402565002
374.0 82.76405334472656
375.0 83.00866484642029
376.0 83.0471396446228
377.0 83.1257700920105
378.0 83.19757580757141
379.0 82.9917848110199
380.0 82.32831954956055
381.0 81.08500242233276
382.0 79.39043045043945
383.0 77.4203360080719
384.0 75.32659769058228
385.0 73.03505539894104
386.0 70.616215467453
387.0 67.5014853477478
388.0 64.31056261062622
389.0 60.418885946273804
390.0 56.50835633277893
391.0 52.28241682052612
392.0 47.898754477500916
393.0 44.103261828422546
394.0 40.81871807575226
395.0 37.54182755947113
396.0 34.15689766407013
397.0 29.646387696266174
398.0 24.37754124403
399.0 17.835234105587006
400.0 11.593692004680634
401.0 6.624075770378113
402.0 3.082450293004513
403.0 1.0325012728571892
404.0 0.33264486119151115
405.0 0.11112161446362734
406.0 0.06647164700552821
407.0 0.025436811847612262
408.0 0.016301013238262385
409.0 1.5833056437111748e-10
410.0 0.0017499054592917673
411.0 1.5833056437111748e-10
412.0 1.5833056437111748e-10
413.0 1.5833056437111748e-10
414.0 1.5833056437111748e-10
415.0 1.5833056437111748e-10
416.0 1.5833056437111748e-10
417.0 1.5833056437111748e-10
418.0 1.5833056437111748e-10
419.0 1.5833056437111748e-10
420.0 1.5833056437111748e-10
421.0 1.5833056437111748e-10
422.0 1.5833056437111748e-10
423.0 1.5833056437111748e-10
424.0 1.5833056437111748e-10
425.0 1.5833056437111748e-10
426.0 8.934494530876691e-05
427.0 0.0004034393441543216
428.0 0.0007175326118158409
429.0 0.0013533631317841355
430.0 0.0019891933334292844
431.0 0.0012194819646538235
432.0 0.00044977068682783283
433.0 0.0011053746675315779
434.0 0.001760978193487972
435.0 0.0016681391571182758
436.0 0.0015752999388496391
437.0 1.5833056437111748e-10
438.0 1.5833056437111748e-10
439.0 1.5833056437111748e-10
440.0 0.0012693272765318397
441.0 1.5833056437111748e-10
442.0 1.5833056437111748e-10
443.0 1.5833056437111748e-10
444.0 1.5833056437111748e-10
445.0 1.5833056437111748e-10
446.0 1.5833056437111748e-10
447.0 1.5833056437111748e-10
448.0 1.5833056437111748e-10
449.0 0.000259277771874622
450.0 0.00135792588480399
451.0 1.5833056437111748e-10
452.0 1.5833056437111748e-10
453.0 1.5833056437111748e-10
454.0 0.00019310352854517987
455.0 1.5833056437111748e-10
456.0 1.5833056437111748e-10
457.0 1.5833056437111748e-10
458.0 1.5833056437111748e-10
459.0 1.5833056437111748e-10
460.0 1.5833056437111748e-10
461.0 1.5833056437111748e-10
462.0 1.5833056437111748e-10
463.0 1.982481023787841e-05
464.0 0.00010578202136457548
465.0 0.00023530635644419817
466.0 0.00036483049825619673
467.0 1.5833056437111748e-10
468.0 1.5833056437111748e-10
469.0 1.5833056437111748e-10
470.0 0.00015233189287755522
471.0 1.5833056437111748e-10
472.0 1.5833056437111748e-10
473.0 1.5833056437111748e-10
474.0 1.5833056437111748e-10
475.0 1.5833056437111748e-10
476.0 1.5833056437111748e-10
477.0 0.0005320855507306987
478.0 0.001129714109993074
479.0 0.0009467707968724426
480.0 0.0007638277566002216
481.0 0.0005996879281155998
482.0 0.0004355482360551832
483.0 0.00012083448837074684
484.0 1.5833056437111748e-10
485.0 1.5833056437111748e-10
486.0 1.5833056437111748e-10
487.0 1.5833056437111748e-10
488.0 1.5833056437111748e-10
489.0 1.5833056437111748e-10
490.0 1.5833056437111748e-10
491.0 1.5833056437111748e-10
492.0 1.5833056437111748e-10
493.0 1.5833056437111748e-10
494.0 1.5833056437111748e-10
495.0 1.5833056437111748e-10
496.0 0.0010245429621136282
497.0 0.0005265579602564685
498.0 2.8572762289513776e-05
499.0 0.00037932986742816865
500.0 0.0007300870947801741
501.0 0.0003564314056347939
502.0 1.5833056437111748e-10
503.0 1.5833056437111748e-10
504.0 1.5833056437111748e-10
505.0 1.5833056437111748e-10
506.0 9.395221240993124e-05
507.0 1.5833056437111748e-10
508.0 1.5833056437111748e-10
509.0 1.5833056437111748e-10
510.0 1.5833056437111748e-10
511.0 8.933097319641092e-05
512.0 0.0004873716534348205
513.0 0.0004027588602184551
514.0 0.00031814572594157653
515.0 0.0003288314019300742
516.0 0.00033951710065593943
517.0 0.0001951549847944989
518.0 5.079285756437457e-05
519.0 0.00026259433525410714
520.0 0.00047439580157515593
521.0 0.00041754428821150213
522.0 0.00036069268389837816
523.0 4.589182012182391e-06
524.0 1.5833056437111748e-10
525.0 1.5833056437111748e-10
526.0 1.5833056437111748e-10
527.0 1.5833056437111748e-10
528.0 1.5833056437111748e-10
529.0 1.5833056437111748e-10
530.0 1.5833056437111748e-10
531.0 1.5833056437111748e-10
532.0 0.00025673912205093075
533.0 1.5833056437111748e-10
534.0 1.5833056437111748e-10
535.0 1.5833056437111748e-10
536.0 1.5833056437111748e-10
537.0 1.5833056437111748e-10
538.0 1.5833056437111748e-10
539.0 1.5833056437111748e-10
540.0 0.00017633037714404054
541.0 1.5833056437111748e-10
542.0 1.5833056437111748e-10
543.0 1.5833056437111748e-10
544.0 1.5833056437111748e-10
545.0 1.5833056437111748e-10
546.0 1.5833056437111748e-10
547.0 1.5833056437111748e-10
548.0 0.00014681540960737038
549.0 1.5833056437111748e-10
550.0 1.5833056437111748e-10
551.0 1.5833056437111748e-10
552.0 1.5833056437111748e-10
553.0 1.5833056437111748e-10
554.0 1.5833056437111748e-10
555.0 1.5833056437111748e-10
556.0 1.5833056437111748e-10
557.0 1.5833056437111748e-10
558.0 1.5833056437111748e-10
559.0 1.5833056437111748e-10
560.0 0.00016067308479250642
561.0 1.3928881514857494e-05
562.0 1.5833056437111748e-10
563.0 1.5833056437111748e-10
564.0 1.5833056437111748e-10
565.0 1.5833056437111748e-10
566.0 2.7667380209095427e-05
567.0 5.596535288532323e-05
568.0 8.42632971398416e-05
569.0 0.0003521122835081769
570.0 0.0006199610652402043
571.0 0.0005268362201604759
572.0 0.0004337115115049528
573.0 0.0005181964297662489
574.0 0.0006026817573001608
575.0 0.0003245229891035706
576.0 4.636436585769843e-05
577.0 0.0001415238784829853
578.0 0.00023668337689741747
579.0 0.000469585029350128
580.0 0.0007024867045402061
581.0 0.0008030780008994043
582.0 0.0009036696610564832
583.0 0.001329046608589124
584.0 0.0017544238289701752
585.0 0.001566922219353728
586.0 0.0013794204278383404
587.0 0.0013754905012319796
588.0 0.0013715604836761486
589.0 0.0011705387805704959
590.0 0.0009695166227174923
591.0 0.0009545601642457768
592.0 0.0009396034329256508
593.0 0.0008269142199424095
594.0 0.0007142245522118174
595.0 0.0007209975137811853
596.0 0.0007277700206032023
597.0 0.0009585525731381495
598.0 0.001189334761875216
599.0 0.0015190887097560335
600.0 0.0018488422938389704
601.0 0.0020330722691142
602.0 0.00221730242628837
603.0 0.0019678895114338957
604.0 0.001718476960377302
605.0 0.0015396928574773483
606.0 0.0013609086636279244
607.0 0.0012438284102245234
608.0 0.0011267481568211224
609.0 0.000717336661182344
610.0 0.0003079252110183006
611.0 0.00041526845961925574
612.0 0.0005226117082202109
613.0 0.0004711212568508927
614.0 0.0004196307600068394
615.0 0.0005661748673446709
616.0 0.0007127190656319726
617.0 0.0008158748642017599
618.0 0.0009190309356199577
619.0 0.0005028732175560435
620.0 8.671567570672778e-05
621.0 0.00029678021746804006
622.0 0.0005068446625955403
623.0 0.0005143592261447338
624.0 0.0005218737442191923
625.0 0.0006727133040840272
626.0 0.0008235529094235972
627.0 0.0006855941592220915
628.0 0.000547635454495321
629.0 0.0006804999884479912
630.0 0.0008133645678753965
631.0 0.0013628551641886588
632.0 0.0019123455786029808
633.0 0.0019201461327611469
634.0 0.0019279465050203726
635.0 0.002210307866334915
636.0 0.0024926690457505174
637.0 0.0024805349312373437
638.0 0.0024684006348252296
639.0 0.0017915042917593382
640.0 0.001114607584895566
641.0 0.0011652769899228588
642.0 0.0012159463040006813
643.0 0.0008350867574336007
644.0 0.0004542271653917851
645.0 0.0006372782081598416
646.0 0.0008203291145036928
647.0 0.0003176284508299432
648.0 1.5833056437111748e-10
649.0 1.5833056437111748e-10
650.0 2.7085590659226e-05
651.0 0.0003034877863683505
652.0 0.000579890183871612
653.0 0.00103578349808231
654.0 0.001491676357545657
655.0 0.0014599651876778807
656.0 0.001428253835911164
657.0 0.0023067475922289304
658.0 0.0031852418032940477
659.0 0.0037336398236220703
660.0 0.004282037480152212
661.0 0.0042659990867832676
662.0 0.004249961057212204
663.0 0.003295230635558255
664.0 0.002340500577702187
665.0 0.0020513391064014286
666.0 0.0017621774532017298
667.0 0.0016578002032474615
668.0 0.0015534225894953124
669.0 0.001011367294267984
670.0 0.0004693120445153909
671.0 0.00042353581193310674
672.0 0.00037775951113871997
673.0 0.0002878783789128647
674.0 0.00019799722394964192
675.0 0.0005010069344280055
676.0 0.0008040167813305743
677.0 0.00136906810439541
678.0 0.0019341197912581265
679.0 0.0020760442566825077
680.0 0.0022179685402079485
681.0 0.0030785027774982154
682.0 0.003939036832889542
683.0 0.005661417162627913
684.0 0.0073837982199620456
685.0 0.007832817937014624
686.0 0.008281840564450249
687.0 0.0077811870141886175
688.0 0.007280534191522747
689.0 0.006002981899655424
690.0 0.004725430335383862
691.0 0.004282747249817476
692.0 0.003840064164251089
693.0 0.003313253546366468
694.0 0.0027864432922797278
695.0 0.0023575168597744778
696.0 0.0019285906091681682
697.0 0.0013344583749130834
698.0 0.0007403260042337934
699.0 0.0007440798526658909
700.0 0.0007478334737243131
701.0 0.0007157103027566336
702.0 0.0006835871317889541
703.0 0.000733075239622849
704.0 0.0007825637112546246
705.0 0.0006817288067395566
706.0 0.0005808940386486938
707.0 0.0007340629053942394
708.0 0.0008872313628671691
709.0 0.0006834238774899859
710.0 0.00047961621021386236
711.0 0.0005541063273994951
712.0 0.0006285964900598628
713.0 0.0008536500899936073
714.0 0.0010787037354020867
715.0 0.0008168913154804613
716.0 0.0005550788046093658
717.0 0.0005903616056457395
718.0 0.0006256443612073781
719.0 0.0005947535100858659
720.0 0.0005638626134896185
721.0 0.00037605068428092636
722.0 0.00018823868686013157
723.0 0.00044201988202985376
724.0 0.0006958010999369435
725.0 0.0003653493649835582
726.0 3.489757034458307e-05
727.0 0.00030295318538264837
728.0 0.000571008831684594
729.0 0.00046371865209948737
730.0 0.0003564285179891158
731.0 0.00034360846257186495
732.0 0.00033078852084145183
733.0 0.00023399702513415832
734.0 0.00013720558627028367
735.0 0.00031353847589343786
736.0 0.0004898713541479083
737.0 0.0004973889645043528
738.0 0.0005049065748607973
739.0 0.0004276005256542703
740.0 0.0003502944309730083
741.0 0.0008075002369878348
742.0 0.0012647063158510718
743.0 0.0016924015653785318
744.0 0.0021200967239565216
745.0 0.0026341245757066645
746.0 0.003148152245557867
747.0 0.003688740252982825
748.0 0.004229328260407783
749.0 0.003882993769366294
750.0 0.003536659278324805
751.0 0.0032163083233172074
752.0 0.0028959577321074903
753.0 0.002515681990189478
754.0 0.0021354062482714653
755.0 0.0024071101506706327
756.0 0.002678814598766621
757.0 0.0021688369088224135
758.0 0.0016588590369792655
759.0 0.0014175135220284574
760.0 0.0011761680980271194
761.0 0.0013037913049629424
762.0 0.0014314146937977057
763.0 0.0010992969691869803
764.0 0.0007671790626773145
765.0 0.0008772299224801827
766.0 0.0009872806913335808
767.0 0.0008979684025689494
768.0 0.000808656113804318
769.0 0.00071850167842058
770.0 0.0006283470611379016
771.0 0.0004625657311407849
772.0 0.0002967841965073603
773.0 0.0004336437541496707
774.0 0.0005705033800040837
775.0 0.0005746626356994966
776.0 0.0005788217094959691
777.0 0.0005421738933364395
778.0 0.0005055256679042941
779.0 0.0005791956482426031
780.0 0.0006528655831061769
781.0 0.0008626226190244779
782.0 0.001072379745892249
783.0 0.0010257394933432806
784.0 0.0009790990588953719
785.0 0.0011724610885721631
786.0 0.0013658228454005439
787.0 0.0010433152965561021
788.0 0.00072080756581272
789.0 0.0008106890163617209
790.0 0.0009005704669107217
791.0 0.0007824563908798154
792.0 0.0006643422693741741
793.0 0.00017616557670407929
794.0 1.5833056437111748e-10
795.0 1.5833056437111748e-10
796.0 1.5833056437111748e-10
797.0 0.00023325262645812472
798.0 0.0006591900273633655
799.0 0.00028184049369883724
800.0 1.5833056437111748e-10
801.0 1.5833056437111748e-10
802.0 1.5833056437111748e-10
803.0 1.5833056437111748e-10
804.0 1.5833056437111748e-10
805.0 1.5833056437111748e-10
806.0 1.5833056437111748e-10
807.0 1.5833056437111748e-10
808.0 1.5833056437111748e-10
809.0 0.00021682276383216958
810.0 0.0005273464012134355
811.0 0.00010578738738331595
812.0 1.5833056437111748e-10
813.0 8.058074172367924e-05
814.0 0.00047693310989416204
815.0 0.0003274738674008404
816.0 0.0001780146021701512
817.0 0.00012492362202465301
818.0 7.183248840192391e-05
819.0 3.687115963657561e-05
820.0 1.909901570229522e-06
821.0 1.5833056437111748e-10
822.0 1.5833056437111748e-10
823.0 1.5833056437111748e-10
824.0 1.5833056437111748e-10
825.0 1.5833056437111748e-10
826.0 1.5833056437111748e-10
827.0 0.00014138888673187466
828.0 0.0005567023890762357
829.0 0.00033049284411390545
830.0 0.00010428376526760985
831.0 1.5833056437111748e-10
832.0 1.5833056437111748e-10
833.0 1.5833056437111748e-10
834.0 1.5833056437111748e-10
835.0 1.5833056437111748e-10
836.0 1.5833056437111748e-10
837.0 1.5833056437111748e-10
838.0 1.5833056437111748e-10
839.0 1.5833056437111748e-10
840.0 1.5833056437111748e-10
841.0 1.5833056437111748e-10
842.0 2.8979673061257927e-05
843.0 4.6134979925227526e-05
844.0 6.329022426143638e-05
845.0 7.96362940036488e-05
846.0 9.598230690244236e-05
847.0 2.2540918109825725e-05
848.0 1.5833056437111748e-10
849.0 1.5833056437111748e-10
850.0 4.580911081575323e-05
851.0 1.5833056437111748e-10
852.0 1.5833056437111748e-10
853.0 0.00018848450054065324
854.0 0.0005310236247169087
855.0 0.0002687370624698815
856.0 6.450467537888471e-06
857.0 0.00040970257941808086
858.0 0.0008129546586133074
859.0 0.000877629190654261
860.0 0.0009423035407962743
861.0 0.0008946114576247055
862.0 0.0008469192835036665
863.0 0.001009644074656535
864.0 0.001172368683910463
865.0 0.0017218842913280241
866.0 0.0022713998987455852
867.0 0.002085493724734988
868.0 0.0018995879145222716
869.0 0.0018113601981895044
870.0 0.001723132299957797
871.0 0.0016375153791159391
872.0 0.001551898276375141
873.0 0.001718545718176756
874.0 0.0018851931599783711
875.0 0.0021789488528156653
