lsstCam/transmission_filter_detector/r22_s01/y_10/19700101T000000.ecsv
# %ECSV 1.0
# ---
# datatype:
# - {name: wavelength, unit: nm, datatype: float32}
# - {name: efficiency, unit: '%', datatype: float64}
# meta: !!omap
# - {MODE: DETECTOR}
# - {TYPE: transmission_filter_detector}
# - {CALIBDATE: '1970-01-01T00:00:00'}
# - {INSTRUME: LSSTCam}
# - {OBSTYPE: transmission_filter_detector}
# - {CALIBCLS: lsst.ip.isr.IntermediateFilterDetectorTransmissionCurve}
# - {SOURCE: Materion (DM-46256)}
# - {DETECTOR: 91}
# - {FILTER: y_10}
# - {CALIB_ID: 'calibDate=1970-01-01T00:00:00 filter=y_10 detector=91'}
# - {DATE: '2025-04-02T15:59:51.164772'}
# - {CALIB_CREATION_DATE: '2025-04-02'}
# - {CALIB_CREATION_TIME: '15:59:51'}
# - __serialized_columns__:
#     efficiency:
#       __class__: astropy.units.quantity.Quantity
#       unit: !astropy.units.Unit {unit: '%'}
#       value: !astropy.table.SerializedColumn {name: efficiency}
#     wavelength:
#       __class__: astropy.units.quantity.Quantity
#       unit: !astropy.units.Unit {unit: nm}
#       value: !astropy.table.SerializedColumn {name: wavelength}
# schema: astropy-2.0
wavelength efficiency
300.0 0.532442843541503
301.0 0.28694423381239176
302.0 0.041445615352131426
303.0 0.03719621163327247
304.0 0.03294681082479656
305.0 0.021652264695148915
306.0 0.010357713472330943
307.0 0.017060905520338565
308.0 0.023764096840750426
309.0 0.017036452481988817
310.0 0.010308805212844163
311.0 0.00886907655512914
312.0 0.007429344987031072
313.0 0.007936340989544988
314.0 0.008443336264463142
315.0 0.0070360503741540015
316.0 0.005628766302834265
317.0 0.006428261258406565
318.0 0.007227753667393699
319.0 0.0030418554160860367
320.0 1.5682830468294329e-10
321.0 0.001608276397746522
322.0 0.004360596358310431
323.0 0.003532717892085202
324.0 0.002704839607758913
325.0 0.0006329912594082998
326.0 1.5682830468294329e-10
327.0 4.2623912577255396e-05
328.0 0.0015241052096826024
329.0 0.0035004650271730497
330.0 0.005476825026562437
331.0 0.004482804433791898
332.0 0.0034887834772234783
333.0 0.0023765338482917286
334.0 0.001264283673663158
335.0 0.001914460699481424
336.0 0.002564638270996511
337.0 0.0030143122785375454
338.0 0.003463985922280699
339.0 0.0018717222701525316
340.0 0.000279458572549629
341.0 1.5682830468294329e-10
342.0 1.5682830468294329e-10
343.0 5.574405008701433e-05
344.0 0.0008554497981094755
345.0 0.001282734956475906
346.0 0.0017100206605391577
347.0 0.0016833779227454215
348.0 0.0016567351849516854
349.0 0.0013311572729435284
350.0 0.0010055792699859012
351.0 0.0014227958672563545
352.0 0.0018400118278805166
353.0 0.0015286754205590114
354.0 0.0012173391041869763
355.0 0.0012884710486105178
356.0 0.0013596030839835294
357.0 0.000982955316430889
358.0 0.0006063073669793084
359.0 0.0007195425041572889
360.0 0.0008327777322847396
361.0 0.0012165851330792066
362.0 0.0016003923519747332
363.0 0.0013713720363739412
364.0 0.0011423513569752686
365.0 0.001462467662349809
366.0 0.0017825846953201108
367.0 0.0021020498024881817
368.0 0.0024215147277573124
369.0 0.002121102443197742
370.0 0.0018206903405371122
371.0 0.0017908587324200198
372.0 0.001761026942403987
373.0 0.0022338266717270017
374.0 0.002706626219151076
375.0 0.00351477756339591
376.0 0.004322929089539684
377.0 0.004144408740103245
378.0 0.0039658880268689245
379.0 0.0034244767448399216
380.0 0.002883065099013038
381.0 0.0019111481378786266
382.0 0.000939231085794745
383.0 0.001018207967717899
384.0 0.0010971843948937021
385.0 0.000878738228493603
386.0 0.0006602920166187687
387.0 0.000704231842973968
388.0 0.0007481717148039024
389.0 0.0005852532922290266
390.0 0.00042233500607835595
391.0 0.00040153136069420725
392.0 0.00038072787447163137
393.0 0.0005472438260767376
394.0 0.0007137599368434167
395.0 0.0006542174560308922
396.0 0.0005946750661678379
397.0 0.0008207640348700806
398.0 0.001046852867148118
399.0 0.001266506933461642
400.0 0.0014861609997751657
401.0 0.0016853353372425772
402.0 0.0018845095837605186
403.0 0.0019343260646564886
404.0 0.0019841425455524586
405.0 0.0018590522813610733
406.0 0.0017339623809675686
407.0 0.001412665551470127
408.0 0.0010913688129221555
409.0 0.0008273481398646254
410.0 0.0005633271484839497
411.0 1.5682830468294329e-10
412.0 1.5682830468294329e-10
413.0 3.52229790223646e-05
414.0 0.0008716863703739364
415.0 0.0017921540347742848
416.0 0.0027126219720230438
417.0 0.0012507251085480675
418.0 1.5682830468294329e-10
419.0 1.5682830468294329e-10
420.0 1.5682830468294329e-10
421.0 9.894879440253135e-05
422.0 0.0011097818969574291
423.0 0.0009982812116504647
424.0 0.0008867801625456195
425.0 0.00025191450276906835
426.0 1.5682830468294329e-10
427.0 6.652331876466633e-05
428.0 0.0005159979082236532
429.0 0.0001353467837361677
430.0 1.5682830468294329e-10
431.0 0.0004710895154858008
432.0 0.0011874834854097571
433.0 0.0008665712812216952
434.0 0.0005456596227304544
435.0 8.819409345051099e-05
436.0 1.5682830468294329e-10
437.0 7.323789930069324e-06
438.0 0.0003839189957943745
439.0 1.5682830468294329e-10
440.0 1.5682830468294329e-10
441.0 1.5682830468294329e-10
442.0 1.5682830468294329e-10
443.0 1.5682830468294329e-10
444.0 1.5682830468294329e-10
445.0 7.03062880802463e-05
446.0 0.0003535397354426095
447.0 0.0005545107796933735
448.0 0.0007554816875199322
449.0 0.0006696453056065366
450.0 0.0005838086508447304
451.0 0.00029938989882793976
452.0 1.4971269024499634e-05
453.0 1.5682830468294329e-10
454.0 1.5682830468294329e-10
455.0 1.5682830468294329e-10
456.0 1.5682830468294329e-10
457.0 1.5682830468294329e-10
458.0 1.5682830468294329e-10
459.0 1.5682830468294329e-10
460.0 0.00025250976705137873
461.0 0.00035585758269007783
462.0 0.0004592053755914094
463.0 0.0003965753421653062
464.0 0.00033394530873920303
465.0 0.00042750189095386304
466.0 0.0005210587005421985
467.0 0.001058636735251639
468.0 0.0015962146790116094
469.0 0.0017387968910043128
470.0 0.0018813787391991355
471.0 0.0018341303075430915
472.0 0.0017868815120891668
473.0 0.0022266145606408827
474.0 0.0026663476091925986
475.0 0.002757826769084204
476.0 0.0028493059289758094
477.0 0.00337973287969362
478.0 0.00391015964851249
479.0 0.004462341894395649
480.0 0.0050145245040766895
481.0 0.004922156949760392
482.0 0.004829789031646214
483.0 0.004222485222271644
484.0 0.003615181049099192
485.0 0.0037041067116660997
486.0 0.0037930323742330074
487.0 0.0031631709134671837
488.0 0.0025333090889034793
489.0 0.0023207599952002056
490.0 0.0021082112652948126
491.0 0.0018665359675651416
492.0 0.0016248606698354706
493.0 0.0012441689250408672
494.0 0.0008634774530946743
495.0 0.001124625214288244
496.0 0.0013857732483302243
497.0 0.0018367667507845908
498.0 0.002287760617036838
499.0 0.002481587216607295
500.0 0.002675413816177752
501.0 0.0027214828151045367
502.0 0.0027675521778292023
503.0 0.0027326104827807285
504.0 0.0026976686058333144
505.0 0.003125090734101832
506.0 0.00355251322616823
507.0 0.002566990951891057
508.0 0.0015814679500181228
509.0 0.0019511075151967816
510.0 0.0023207468984765
511.0 0.002275202677992638
512.0 0.002229658821306657
513.0 0.0020981960915378295
514.0 0.001966733907465823
515.0 0.0014623269635194447
516.0 0.0009579199286235962
517.0 0.0012206346582388505
518.0 0.0014833490240562242
519.0 0.001573948611621745
520.0 0.0016645479263388552
521.0 0.0017698781448416412
522.0 0.0018752079995465465
523.0 0.0017343663785140961
524.0 0.001593524393683765
525.0 0.0020837445845245384
526.0 0.0025739653210621327
527.0 0.00240196859522257
528.0 0.0022299720512819476
529.0 0.0023921502361190505
530.0 0.002554328239057213
531.0 0.00253863945545163
532.0 0.002522950126149226
533.0 0.002548691918491386
534.0 0.0025744329832377844
535.0 0.0023141337806009687
536.0 0.0020538342141662724
537.0 0.0024276927433675155
538.0 0.0028015516363666393
539.0 0.0034767144825309515
540.0 0.004151877146796323
541.0 0.004349293158156797
542.0 0.004546709169517271
543.0 0.0047068679123185575
544.0 0.004867026291321963
545.0 0.0048465171857969835
546.0 0.004826007352676243
547.0 0.004047754191560671
548.0 0.003269501030445099
549.0 0.003011063927260693
550.0 0.0027526264602784067
551.0 0.00273550449492177
552.0 0.0027183821657672524
553.0 0.0030817926017334685
554.0 0.0034452019463060424
555.0 0.0036164212360745296
556.0 0.0037876408896408975
557.0 0.003669617944979109
558.0 0.003551595364115201
559.0 0.0032210667995968834
560.0 0.0028905380531796254
561.0 0.003084412310272455
562.0 0.0032782856578705832
563.0 0.003304130586911924
564.0 0.0033299751521553844
565.0 0.0038678339478792623
566.0 0.004405693107401021
567.0 0.004803997217095457
568.0 0.0052023009629920125
569.0 0.00566821254324168
570.0 0.006134124123491347
571.0 0.006034817852196284
572.0 0.00593551121710334
573.0 0.006046011549187824
574.0 0.006156512245070189
575.0 0.0060990318161202595
576.0 0.006041551023372449
577.0 0.005418634464149363
578.0 0.004795718268724158
579.0 0.005697795859305188
580.0 0.006599874177481979
581.0 0.007414647552650422
582.0 0.008229419472627342
583.0 0.009431304351892322
584.0 0.010633187048370019
585.0 0.011019791418220848
586.0 0.011406395788071677
587.0 0.010818363807629794
588.0 0.010230329644400626
589.0 0.010080137144541368
590.0 0.009929946827469394
591.0 0.009114360000239685
592.0 0.008298773173009977
593.0 0.007071333675412461
594.0 0.005843897451995872
595.0 0.005653285188600421
596.0 0.005462673652800731
597.0 0.006254908657865599
598.0 0.007047144026728347
599.0 0.008183802856365219
600.0 0.009320460230810568
601.0 0.01002694625640288
602.0 0.010733429371612146
603.0 0.011190401710337028
604.0 0.011647375504253432
605.0 0.011164067836944014
606.0 0.010680760897230357
607.0 0.009135792788583785
608.0 0.0075908261351287365
609.0 0.005968925688648596
610.0 0.0043470263335620984
611.0 0.0037325073208194226
612.0 0.0031179886718746275
613.0 0.00360379672201816
614.0 0.004089604408363812
615.0 0.005168512507225387
616.0 0.006247421697480604
617.0 0.007842132617952302
618.0 0.009436842810828239
619.0 0.010486174141988158
620.0 0.011535504745552316
621.0 0.011835410259664059
622.0 0.01213531504618004
623.0 0.011664260091492906
624.0 0.011193202954018489
625.0 0.00963745333137922
626.0 0.008081702253548428
627.0 0.006486461643362418
628.0 0.004891218850389123
629.0 0.004139810334891081
630.0 0.0033884021831909195
631.0 0.0028970700441277586
632.0 0.0024057377231656574
633.0 0.0026469930162420496
634.0 0.0028882486731163226
635.0 0.0031665447750128806
636.0 0.0034448403312126175
637.0 0.004229558908264153
638.0 0.005014277485315688
639.0 0.00513118902745191
640.0 0.005248099841992371
641.0 0.0054932705097598955
642.0 0.005738441541325301
643.0 0.005192841126699932
644.0 0.004647240348276682
645.0 0.004281893416191451
646.0 0.00391654648410622
647.0 0.0032659554562997073
648.0 0.0026153646103921346
649.0 0.0020163008230156265
650.0 0.0014172367627907079
651.0 0.0015517571227974258
652.0 0.0016862777556525543
653.0 0.0016909229088923894
654.0 0.0016955682440311648
655.0 0.0017052832845365629
656.0 0.0017149985069409013
657.0 0.0016180607417481951
658.0 0.0015211231584544294
659.0 0.0017446996935177594
660.0 0.0019682762285810895
661.0 0.0017410058717359789
662.0 0.0015137352420424577
663.0 0.0022572490706807002
664.0 0.0030007631721673533
665.0 0.003594441295717843
666.0 0.004188119419268332
667.0 0.005194013647269458
668.0 0.006199906783876941
669.0 0.006669618596788496
670.0 0.007139328226912767
671.0 0.007539709622506052
672.0 0.00794009247329086
673.0 0.007980719965416938
674.0 0.008021348185138777
675.0 0.007207746966741979
676.0 0.006394146475940943
677.0 0.0051983955927425995
678.0 0.004002644345746376
679.0 0.0026049210646306165
680.0 0.0012071984201611485
681.0 0.0005388536919781473
682.0 1.5682830468294329e-10
683.0 0.00021757159629487433
684.0 0.0005646343652188079
685.0 0.00032764842217147816
686.0 9.066245638678083e-05
687.0 0.00016526065564903547
688.0 0.00023985887764865765
689.0 0.00028752494927175576
690.0 0.0003351910436322214
691.0 0.00038701937228324823
692.0 0.00043884774640901014
693.0 0.0003057112508031423
694.0 0.00017257476656595827
695.0 0.000365837126992119
696.0 0.0005590994533122284
697.0 0.0004937653557135491
698.0 0.00042843112169066444
699.0 0.0003462718950686394
700.0 0.0002641123955982039
701.0 0.0002382479124207748
702.0 0.00021238349745544838
703.0 0.0003356242586960434
704.0 0.00045886504267400596
705.0 0.0004638011432689382
706.0 0.00046873701649019495
707.0 0.00015015735925771878
708.0 1.5682830468294329e-10
709.0 1.220024330450542e-05
710.0 0.0001928228812175803
711.0 0.0004202944637654582
712.0 0.0006477660917880712
713.0 0.00039215656215674244
714.0 0.00013654708936883253
715.0 0.00026453781174495816
716.0 0.0003925285000150325
717.0 0.0002871838205464883
718.0 0.00018183915244662785
719.0 0.0003212986484868452
720.0 0.00046075801947154105
721.0 0.0004192262622382259
722.0 0.0003776944822675432
723.0 0.0003349506414451753
724.0 0.0002922066641986021
725.0 0.0004179568804829614
726.0 0.0005437072559288936
727.0 0.00030516159768012585
728.0 6.661631459792261e-05
729.0 0.0002871923015845823
730.0 0.0005077684818388661
731.0 0.0006663465228484711
732.0 0.0008249247912317514
733.0 0.00026739392069430323
734.0 1.5682830468294329e-10
735.0 1.5682830468294329e-10
736.0 1.5682830468294329e-10
737.0 0.00025126696527877357
738.0 0.000913041913008783
739.0 0.000630640306553687
740.0 0.00034823840451281285
741.0 0.00011189671340616769
742.0 1.5682830468294329e-10
743.0 1.5682830468294329e-10
744.0 1.5682830468294329e-10
745.0 0.0003475436869848636
746.0 0.0007490369625884341
747.0 0.0003563201744327671
748.0 1.5682830468294329e-10
749.0 1.5682830468294329e-10
750.0 1.5682830468294329e-10
751.0 1.5682830468294329e-10
752.0 0.00016655898207318387
753.0 0.00023780303308740258
754.0 0.0003090470045208349
755.0 1.5682830468294329e-10
756.0 1.5682830468294329e-10
757.0 1.5682830468294329e-10
758.0 1.5682830468294329e-10
759.0 0.00018981928633365897
760.0 0.0007258072855620412
761.0 0.0004426061423146166
762.0 0.0001594049876985082
763.0 2.594205561479157e-06
764.0 1.5682830468294329e-10
765.0 0.00018185107819590485
766.0 0.0005179185336601222
767.0 1.5682830468294329e-10
768.0 1.5682830468294329e-10
769.0 1.5682830468294329e-10
770.0 1.5682830468294329e-10
771.0 1.5682830468294329e-10
772.0 1.5682830468294329e-10
773.0 0.00030330647859955207
774.0 0.0007504418135795277
775.0 0.00044840953705715947
776.0 0.00014637710137321847
777.0 0.00025969995931518497
778.0 0.00037302279451978393
779.0 0.0005788839189335704
780.0 0.000784745134296827
781.0 0.0007736128281976562
782.0 0.0007624803856742801
783.0 0.0005741570021200459
784.0 0.0003858335730910767
785.0 0.00024064863737294218
786.0 9.546338333166204e-05
787.0 0.0005505042281583883
788.0 0.0010055448910861742
789.0 0.0008783195880823769
790.0 0.0007510941941291094
791.0 0.0005606178092421032
792.0 0.0003701412651935243
793.0 0.0005731955297960667
794.0 0.0007762495442875661
795.0 0.0008250672181020491
796.0 0.0008738848009670619
797.0 0.00045119090827938635
798.0 2.8497041171249293e-05
799.0 0.0005413337930804119
800.0 0.0010541704796196427
801.0 0.0006058623512217309
802.0 0.00015755423419250292
803.0 0.0003174651737936074
804.0 0.00047737612476339564
805.0 0.0008318119398609269
806.0 0.0011862475730595179
807.0 0.0008533422260370571
808.0 0.0005204369699640665
809.0 9.5842460723361e-05
810.0 1.5682830468294329e-10
811.0 4.7094292199290066e-05
812.0 0.00042294050217606127
813.0 0.0007502791504521156
814.0 0.0010776177077786997
815.0 0.001058778798324056
816.0 0.0010399393431725912
817.0 0.000941917096497491
818.0 0.000843894940771861
819.0 0.0009731595127959736
820.0 0.0011024240848200861
821.0 0.0009583099199517164
822.0 0.0008141958460328169
823.0 0.0007887780157034285
824.0 0.0007633604582224507
825.0 0.0007827728040865622
826.0 0.0008021853318496142
827.0 0.0006968952220631763
828.0 0.0005916052487009438
829.0 0.0003330266281409422
830.0 7.444800758094061e-05
831.0 0.00011310256695651333
832.0 0.00015175727412497508
833.0 0.00032586126508249436
834.0 0.0004999651082471246
835.0 3.530795140704868e-05
836.0 1.5682830468294329e-10
837.0 1.5682830468294329e-10
838.0 0.00027902024157810956
839.0 0.0006343737823044648
840.0 0.00098972723208135
841.0 0.0011996860848739743
842.0 0.0014096449376665987
843.0 0.0010288563316862565
844.0 0.0006480674073827686
845.0 0.0005612579570879461
846.0 0.0004744483248941833
847.0 0.0009038773896463681
848.0 0.0013333063179743476
849.0 0.0011242196706007235
850.0 0.0009151325684797484
851.0 0.0011203840585949365
852.0 0.0013256355487101246
853.0 0.0005755437086918391
854.0 1.5682830468294329e-10
855.0 1.5682830468294329e-10
856.0 1.5682830468294329e-10
857.0 0.00047771659410500433
858.0 0.0014541970813297667
859.0 0.0012082134162483271
860.0 0.0009622295692679472
861.0 0.001295030779147055
862.0 0.0016278321709251031
863.0 0.0017859003492048942
864.0 0.0019439683455857448
865.0 0.001956440792127978
866.0 0.001968913602468092
867.0 0.0026750150937004946
868.0 0.0033811167668318376
869.0 0.0030180557587300427
870.0 0.002654994750628248
871.0 0.003239121724618599
872.0 0.0038232486986089498
873.0 0.0029210334105300717
874.0 0.002018818304350134
