lsstCam/transmission_filter_detector/r22_s01/y_10/19700101T000000.ecsv
# %ECSV 1.0
# ---
# datatype:
# - {name: wavelength, unit: nm, datatype: float32}
# - {name: efficiency, unit: '%', datatype: float64}
# meta: !!omap
# - {MODE: DETECTOR}
# - {TYPE: transmission_filter_detector}
# - {CALIBDATE: '1970-01-01T00:00:00'}
# - {INSTRUME: LSSTCam}
# - {OBSTYPE: transmission_filter_detector}
# - {CALIBCLS: lsst.ip.isr.IntermediateFilterDetectorTransmissionCurve}
# - {SOURCE: Materion (DM-46256)}
# - {DETECTOR: 91}
# - {FILTER: y_10}
# - {CALIB_ID: 'calibDate=1970-01-01T00:00:00 filter=y_10 detector=91'}
# - {DATE: '2025-04-02T15:59:51.164772'}
# - {CALIB_CREATION_DATE: '2025-04-02'}
# - {CALIB_CREATION_TIME: '15:59:51'}
# - __serialized_columns__:
#     efficiency:
#       __class__: astropy.units.quantity.Quantity
#       unit: !astropy.units.Unit {unit: '%'}
#       value: !astropy.table.SerializedColumn {name: efficiency}
#     wavelength:
#       __class__: astropy.units.quantity.Quantity
#       unit: !astropy.units.Unit {unit: nm}
#       value: !astropy.table.SerializedColumn {name: wavelength}
# schema: astropy-2.0
wavelength efficiency
[from data line 576]
876.0 0.003354269574629143
877.0 0.002177464193664491
878.0 0.0010006589036493097
879.0 0.0016986561604426242
880.0 0.06419334094971418
881.0 0.09246221743524075
882.0 0.0617363431956619
883.0 0.1181482570245862
884.0 0.06745997816324234
885.0 0.11024997802451253
886.0 0.0692533329129219
887.0 0.10559903457760811
888.0 0.05933280917815864
889.0 0.10760093573480844
890.0 0.05893429624848068
891.0 0.10594085324555635
892.0 0.07039273623377085
893.0 0.11881842510774732
894.0 0.08432739414274693
895.0 0.11935527436435223
896.0 0.08178604184649885
897.0 0.1270354026928544
898.0 0.0959936180151999
899.0 0.1502544153481722
900.0 0.10820170864462852
901.0 0.15822426648810506
902.0 0.1805658102966845
903.0 0.20721391774713993
904.0 0.27017060201615095
905.0 0.31727184541523457
906.0 0.3924238495528698
907.0 0.5103872623294592
908.0 0.7138460408896208
909.0 0.9767686948180199
910.0 1.4174428768455982
911.0 2.018897794187069
912.0 2.9344210401177406
913.0 4.26182746887207
914.0 5.811133980751038
915.0 7.928825914859772
916.0 10.434747487306595
917.0 13.070274889469147
918.0 15.97638726234436
919.0 18.712016940116882
920.0 22.429199516773224
921.0 26.446250081062317
922.0 30.487635731697083
923.0 35.290345549583435
924.0 40.4721200466156
925.0 46.09682261943817
926.0 52.68135070800781
927.0 59.62643623352051
928.0 65.53512215614319
929.0 71.7689573764801
930.0 77.10317969322205
931.0 82.23625421524048
932.0 86.75798177719116
933.0 90.43315649032593
934.0 93.01049709320068
935.0 94.73819136619568
936.0 95.98842263221741
937.0 96.86383605003357
938.0 97.32125997543335
939.0 97.60745167732239
940.0 97.82959818840027
941.0 97.8998601436615
942.0 98.04638028144836
943.0 98.08229804039001
944.0 98.30077886581421
945.0 98.21469187736511
946.0 98.21140766143799
947.0 98.21377992630005
948.0 98.35264682769775
949.0 98.28177094459534
950.0 98.3935534954071
951.0 98.49249720573425
952.0 98.54397773742676
953.0 98.69753122329712
954.0 98.78928065299988
955.0 98.80623817443848
956.0 98.98355603218079
957.0 99.10730719566345
958.0 99.23253655433655
959.0 99.24343228340149
960.0 99.33558702468872
961.0 99.34343695640564
962.0 99.41319227218628
963.0 99.43225979804993
964.0 99.44496750831604
965.0 99.45220351219177
966.0 99.52463507652283
967.0 99.61487054824829
968.0 99.59779977798462
969.0 99.6005654335022
970.0 99.65693950653076
971.0 99.65884685516357
972.0 99.68514442443848
973.0 99.8022198677063
974.0 99.77601766586304
975.0 99.70538020133972
976.0 99.77671504020691
977.0 99.71174597740173
978.0 99.77660179138184
979.0 99.70133304595947
980.0 99.64738488197327
981.0 99.57175850868225
982.0 99.49566125869751
983.0 99.53351616859436
984.0 99.4744598865509
985.0 99.52685236930847
986.0 99.41461086273193
987.0 99.48925375938416
988.0 99.41295981407166
989.0 99.43279027938843
990.0 99.39258098602295
991.0 99.46301579475403
992.0 99.53284859657288
993.0 99.48874115943909
994.0 99.47103261947632
995.0 99.54093098640442
996.0 99.52862858772278
997.0 99.63274598121643
998.0 99.67755079269409
999.0 99.7218132019043
1000.0 99.71145391464233
1001.0 99.65909123420715
1002.0 99.80726838111877
1003.0 99.78246092796326
1004.0 99.83901381492615
1005.0 99.7549295425415
1006.0 99.87645745277405
1007.0 99.83649253845215
1008.0 99.78066682815552
1009.0 99.7475802898407
1010.0 99.76421594619751
1011.0 99.7829794883728
1012.0 99.69101548194885
1013.0 99.71462488174438
1014.0 99.70214366912842
1015.0 99.67605471611023
1016.0 99.65512752532959
1017.0 99.69537854194641
1018.0 99.75030422210693
1019.0 99.67484474182129
1020.0 99.75082278251648
1021.0 99.90569949150085
1022.0 99.7602105140686
1023.0 99.79560971260071
1024.0 99.80105757713318
1025.0 99.80788826942444
1026.0 99.87449645996094
1027.0 99.95338916778564
1028.0 99.86241459846497
1029.0 99.9573826789856
1030.0 100.00289678573608
1031.0 99.92865324020386
1032.0 99.99268651008606
1033.0 99.92072582244873
1034.0 99.96398687362671
1035.0 99.99010562896729
1036.0 99.92342591285706
1037.0 99.90367889404297
1038.0 99.90376234054565
1039.0 99.7629702091217
1040.0 99.75805878639221
1041.0 99.80542659759521
1042.0 99.75709915161133
1043.0 99.73639845848083
1044.0 99.83654618263245
1045.0 99.59120154380798
1046.0 99.75976347923279
1047.0 99.73052740097046
1048.0 99.78795647621155
1049.0 99.66568350791931
1050.0 99.71967935562134
1051.0 99.67958331108093
1052.0 99.60091710090637
1053.0 99.55043196678162
1054.0 99.81520771980286
1055.0 99.88565444946289
1056.0 99.75024461746216
1057.0 99.8387098312378
1058.0 99.56981539726257
1059.0 99.65869784355164
1060.0 99.74098801612854
1061.0 99.59114193916321
1062.0 99.58061575889587
1063.0 99.61702823638916
1064.0 99.71044063568115
1065.0 99.61004853248596
1066.0 99.64995384216309
1067.0 99.76209998130798
1068.0 99.69680309295654
1069.0 99.42702651023865
1070.0 99.7756838798523
1071.0 99.58653450012207
1072.0 99.70178604125977
1073.0 99.7223436832428
1074.0 99.4866132736206
1075.0 99.49139356613159
1076.0 99.26363825798035
1077.0 99.55617785453796
1078.0 99.8042643070221
1079.0 99.47693347930908
1080.0 100.19956827163696
1081.0 99.29724335670471
1082.0 99.46368932723999
1083.0 99.37557578086853
1084.0 99.58070516586304
1085.0 99.77974891662598
1086.0 99.38825964927673
1087.0 99.52355623245239
1088.0 99.24712777137756
1089.0 99.20321702957153
1090.0 99.11894202232361
1091.0 99.29056167602539
1092.0 99.20389652252197
1093.0 99.16800856590271
1094.0 99.03922080993652
1095.0 98.99764060974121
1096.0 99.18342232704163
1097.0 98.7514317035675
1098.0 98.24016094207764
1099.0 99.02017116546631
1100.0 98.47899675369263
