lsstCam/transmission_filter_detector/r42_s11/y_10/19700101T000000.ecsv
# %ECSV 1.0
# ---
# datatype:
# - {name: wavelength, unit: nm, datatype: float32}
# - {name: efficiency, unit: '%', datatype: float64}
# meta: !!omap
# - {MODE: DETECTOR}
# - {TYPE: transmission_filter_detector}
# - {CALIBDATE: '1970-01-01T00:00:00'}
# - {INSTRUME: LSSTCam}
# - {OBSTYPE: transmission_filter_detector}
# - {CALIBCLS: lsst.ip.isr.IntermediateFilterDetectorTransmissionCurve}
# - {SOURCE: Materion (DM-46256)}
# - {DETECTOR: 175}
# - {FILTER: y_10}
# - {CALIB_ID: 'calibDate=1970-01-01T00:00:00 filter=y_10 detector=175'}
# - {DATE: '2025-04-02T15:59:51.552964'}
# - {CALIB_CREATION_DATE: '2025-04-02'}
# - {CALIB_CREATION_TIME: '15:59:51'}
# - __serialized_columns__:
#     efficiency:
#       __class__: astropy.units.quantity.Quantity
#       unit: !astropy.units.Unit {unit: '%'}
#       value: !astropy.table.SerializedColumn {name: efficiency}
#     wavelength:
#       __class__: astropy.units.quantity.Quantity
#       unit: !astropy.units.Unit {unit: nm}
#       value: !astropy.table.SerializedColumn {name: wavelength}
# schema: astropy-2.0
wavelength efficiency
300.0 0.017892761388793588
301.0 0.016159311053343117
302.0 0.014425860717892647
303.0 0.011500626715132967
304.0 0.00857538980199024
305.0 0.010281166760250926
306.0 0.011986945173703134
307.0 0.010950864088954404
308.0 0.009914783004205674
309.0 0.009137981396634132
310.0 0.00836117978906259
311.0 0.0065989930590149015
312.0 0.00483680450997781
313.0 0.004050653660669923
314.0 0.003264500992372632
315.0 0.0051218317821621895
316.0 0.006979163299547508
317.0 0.005244464045972563
318.0 0.0035097647923976183
319.0 0.0024586024665040895
320.0 0.0014074395949137397
321.0 0.002792531631712336
322.0 0.004177623850409873
323.0 0.0042040996049763635
324.0 0.004230575359542854
325.0 0.0034418415452819318
326.0 0.0026531079129199497
327.0 0.002329225571884308
328.0 0.002005343048949726
329.0 0.0022149592041387223
330.0 0.002424574995529838
331.0 0.002471243351465091
332.0 0.0025179111617035232
333.0 0.001852454079198651
334.0 0.0011869969966937788
335.0 0.0019019613318960182
336.0 0.002616925303300377
337.0 0.0021682930309907533
338.0 0.0017196605767821893
339.0 0.0017772132196114399
340.0 0.0018347658624406904
341.0 0.001759303813742008
342.0 0.001683841946942266
343.0 0.0019745644749491476
344.0 0.002265287002956029
345.0 0.001403360420226818
346.0 0.0005414338374976069
347.0 0.0006884659342176747
348.0 0.0008354978490388021
349.0 0.001262948899238836
350.0 0.0016903997675399296
351.0 0.0014645049304817803
352.0 0.0012386100024741609
353.0 0.0012122698535677046
354.0 0.0011859294318128377
355.0 0.0017407095583621413
356.0 0.002295489684911445
357.0 0.001625066579435952
358.0 0.0009546433830109891
359.0 0.000783001451054588
360.0 0.0006113593371992465
361.0 0.0006882024990773061
362.0 0.0007650456609553657
363.0 0.0008809985956759192
364.0 0.0009969515303964727
365.0 0.00126877339425846
366.0 0.0015405952581204474
367.0 0.0016857622540555894
368.0 0.0018309294318896718
369.0 0.0016749829228501767
370.0 0.0015190363228612114
371.0 0.001541111669212114
372.0 0.0015631869246135466
373.0 0.0018417837054585107
374.0 0.002120380668202415
375.0 0.00286876402242342
376.0 0.0036171470128465444
377.0 0.004061308573000133
378.0 0.00450546940555796
379.0 0.004422556594363414
380.0 0.0043396434193709865
381.0 0.0033949621865758672
382.0 0.0024502807718818076
383.0 0.0018121019820682704
384.0 0.0011739231922547333
385.0 0.0008471270120935515
386.0 0.0005203306045586942
387.0 0.0005594366029981757
388.0 0.0005985426469123922
389.0 0.0005233570846030489
390.0 0.0004481714768189704
391.0 0.0005638637048832607
392.0 0.000679555978422286
393.0 0.0006673803909507114
394.0 0.0006552048034791369
395.0 0.0008012540092749987
396.0 0.0009473032150708605
397.0 0.0008704099855094682
398.0 0.0007935168468975462
399.0 0.0010300338544766419
400.0 0.0012665508620557375
401.0 0.0016080610294011422
402.0 0.0019495710148476064
403.0 0.001977951978915371
404.0 0.0020063323972863145
405.0 0.0019874696590704843
406.0 0.0019686065570567735
407.0 0.0018907370758824982
408.0 0.001812867594708223
409.0 0.0017141421267297119
410.0 0.0016154166587512009
411.0 0.0012058993888786063
412.0 0.0007963823918544222
413.0 0.0009156986379821319
414.0 0.0010350148841098417
415.0 0.00037509057619899977
416.0 1.6429533514911165e-10
417.0 1.6429533514911165e-10
418.0 1.6429533514911165e-10
419.0 1.6429533514911165e-10
420.0 7.486003710255318e-05
421.0 0.00019771669030888006
422.0 0.0003205732809874462
423.0 1.6429533514911165e-10
424.0 1.6429533514911165e-10
425.0 1.6429533514911165e-10
426.0 1.6429533514911165e-10
427.0 1.6429533514911165e-10
428.0 1.6429533514911165e-10
429.0 1.6429533514911165e-10
430.0 1.6429533514911165e-10
431.0 1.6429533514911165e-10
432.0 0.0006225970992090879
433.0 0.00044735306801158004
434.0 0.0002721091505009099
435.0 0.00020865722945018206
436.0 0.00014520533113682177
437.0 3.664891607968457e-05
438.0 1.6429533514911165e-10
439.0 0.0003791962171817431
440.0 0.0008302998139697593
441.0 0.00017169796819871408
442.0 1.6429533514911165e-10
443.0 1.6429533514911165e-10
444.0 0.00036821459161728853
445.0 0.0001742627546263975
446.0 1.6429533514911165e-10
447.0 0.0003160970436510979
448.0 0.0006518828740809113
449.0 0.00031460426725971047
450.0 1.6429533514911165e-10
451.0 1.6429533514911165e-10
452.0 1.6429533514911165e-10
453.0 1.6429533514911165e-10
454.0 1.6429533514911165e-10
455.0 1.6429533514911165e-10
456.0 0.00021090513655508403
457.0 1.6429533514911165e-10
458.0 1.6429533514911165e-10
459.0 1.6429533514911165e-10
460.0 1.6429533514911165e-10
461.0 1.2508526481269655e-05
462.0 0.00016437510339528671
463.0 0.0003629234015534166
464.0 0.0005614715973933926
465.0 0.0005838457127538277
466.0 0.0006062198281142628
467.0 0.00046923851186875254
468.0 0.0003322572865727125
469.0 0.0008227872967836447
470.0 0.001313317352469312
471.0 0.0013994967957842164
472.0 0.001485676330048591
473.0 0.0020685112758656032
474.0 0.002651345857884735
475.0 0.002437592229398433
476.0 0.0022238387828110717
477.0 0.0020663203031290323
478.0 0.0019088018234469928
479.0 0.0025773602828849107
480.0 0.003245918924221769
481.0 0.0033584779885131866
482.0 0.003471037052804604
483.0 0.003547134838299826
484.0 0.0036232322599971667
485.0 0.0032911633752519265
486.0 0.0029590944905066863
487.0 0.0023522550691268407
488.0 0.0017454154658480547
489.0 0.0016694959413143806
490.0 0.0015935765986796468
491.0 0.001544980659673456
492.0 0.0014963849025662057
493.0 0.0014909285710018594
494.0 0.0014854721484880429
495.0 0.0014925431059964467
496.0 0.0014996141544543207
497.0 0.0012565307770273648
498.0 0.001013447399600409
499.0 0.0018054228348773904
500.0 0.0025973980882554315
501.0 0.002395364936091937
502.0 0.002193331420130562
503.0 0.0024582075639045797
504.0 0.002723083525779657
505.0 0.002357795528951101
506.0 0.001992506986425724
507.0 0.0018528535292716697
508.0 0.0017132002540165558
509.0 0.001805096326279454
510.0 0.001896992398542352
511.0 0.0019227909433539025
512.0 0.001948589488165453
513.0 0.001904377859318629
514.0 0.0018601660485728644
515.0 0.0017115136870415881
516.0 0.0015628609617124312
517.0 0.001424964466423262
518.0 0.0012870674254372716
519.0 0.0013213319107308052
520.0 0.001355596486973809
521.0 0.0014419371836993378
522.0 0.0015282777894753963
523.0 0.001493071158620296
524.0 0.001457864618714666
525.0 0.001712738594505936
526.0 0.001967612661246676
527.0 0.002086650965793524
528.0 0.0022056894522393122
529.0 0.0020758609025506303
530.0 0.0019460319890640676
531.0 0.0019628232621471398
532.0 0.0019796148990280926
533.0 0.0019100887584500015
534.0 0.0018405627997708507
535.0 0.0016826357750687748
536.0 0.0015247083865688182
537.0 0.0018219061530544423
538.0 0.002119103737641126
539.0 0.0025521621864754707
540.0 0.0029852206353098154
541.0 0.003624476448749192
542.0 0.004263731898390688
543.0 0.004451885251910426
544.0 0.0046400386054301634
545.0 0.004814347630599514
546.0 0.004988656291970983
547.0 0.004546461786958389
548.0 0.004104267281945795
549.0 0.0035719756851904094
550.0 0.0030396844522329047
551.0 0.0026352538043283857
552.0 0.002230823338322807
553.0 0.0022124189854366705
554.0 0.002194014814449474
555.0 0.003024337456736248
556.0 0.0038546604628209025
557.0 0.003985905277659185
558.0 0.004117150456295349
559.0 0.004219027687213384
560.0 0.0043209049181314185
561.0 0.0038969646993791685
562.0 0.0034730244806269184
563.0 0.00358473917003721
564.0 0.003696453495649621
565.0 0.0036975725379306823
566.0 0.0036986908526159823
567.0 0.004241102578816935
568.0 0.004783513577422127
569.0 0.005178815627004951
570.0 0.005574117676587775
571.0 0.006171968561829999
572.0 0.006769820174667984
573.0 0.007006893429206684
574.0 0.007243968138936907
575.0 0.00698618678143248
576.0 0.006728406151523814
577.0 0.00645064064883627
578.0 0.006172875146148726
579.0 0.00571297132410109
580.0 0.005253067138255574
581.0 0.00563410394534003
582.0 0.006015140752424486
583.0 0.007258959522005171
584.0 0.008502779382979497
585.0 0.00963284182944335
586.0 0.010762906458694488
587.0 0.01078203204087913
588.0 0.010801159078255296
589.0 0.010518500494072214
590.0 0.010235844092676416
591.0 0.009715147461974993
592.0 0.009194453014060855
593.0 0.008362223161384463
594.0 0.00752999258111231
595.0 0.0064953273977153
596.0 0.005460660395328887
597.0 0.00550424556422513
598.0 0.0055478310969192535
599.0 0.0061981882026884705
600.0 0.006848546036053449
601.0 0.008094724762486294
602.0 0.009340902033727616
603.0 0.01028871483867988
604.0 0.011236526916036382
605.0 0.010918793122982606
606.0 0.010601061512716115
607.0 0.010176979412790388
608.0 0.009752895857673138
609.0 0.008471038017887622
610.0 0.0071891794505063444
611.0 0.005577691990765743
612.0 0.003966204167227261
613.0 0.0035939912777394056
614.0 0.003221778752049431
615.0 0.003636774272308685
616.0 0.004051769428770058
617.0 0.005258798046270385
618.0 0.006465825572377071
619.0 0.008017241634661332
620.0 0.009568657696945593
621.0 0.010588256554910913
622.0 0.011607855412876233
623.0 0.01166368238045834
624.0 0.011719510075636208
625.0 0.011197655112482607
626.0 0.010675797966541722
627.0 0.009045398473972455
628.0 0.0074149982538074255
629.0 0.006185996608110145
630.0 0.004956993507221341
631.0 0.004079421341884881
632.0 0.0032018491765484214
633.0 0.0029151278795325197
634.0 0.002628406582516618
635.0 0.0026955904104397632
636.0 0.002762774056463968
637.0 0.003209343776688911
638.0 0.0036559136788127944
639.0 0.004402307968121022
640.0 0.00514870262122713
641.0 0.0053187886805972084
642.0 0.005488874739967287
643.0 0.005682503615389578
644.0 0.00587613285460975
645.0 0.005338252958608791
646.0 0.004800373062607832
647.0 0.004297314808354713
648.0 0.003794256190303713
649.0 0.003036127964151092
650.0 0.0022779997379984707
651.0 0.0021989915694575757
652.0 0.0021199834009166807
653.0 0.0018117763829650357
654.0 0.0015035691831144504
655.0 0.0018370234101894312
656.0 0.0021704778191633523
657.0 0.002060680890281219
658.0 0.0019508835976012051
659.0 0.001782095387170557
660.0 0.0016133071767399088
661.0 0.0017657237549428828
662.0 0.0019181403331458569
663.0 0.0019592793250922114
664.0 0.002000418317038566
665.0 0.002317803773621563
666.0 0.0026351894121035002
667.0 0.0029742266633547843
668.0 0.0033132640965050086
669.0 0.004227057797834277
670.0 0.005140851135365665
671.0 0.006194216257426888
672.0 0.007247579196700826
673.0 0.007453825674019754
674.0 0.007660069240955636
675.0 0.007486079266527668
676.0 0.007312087109312415
677.0 0.006838514673290774
678.0 0.0063649407820776105
679.0 0.005321370917954482
680.0 0.004277800690033473
681.0 0.0027278565539745614
682.0 0.0011779119631682988
683.0 0.0007618187282787403
684.0 0.0003457255388639169
685.0 0.00016256661865554634
686.0 1.6429533514911165e-10
687.0 1.6429533514911165e-10
688.0 1.6429533514911165e-10
689.0 1.6429533514911165e-10
690.0 1.6429533514911165e-10
691.0 0.00010718869134507258
692.0 0.0002231881126135704
693.0 0.00037652282571798423
694.0 0.0005298575160850305
695.0 0.0003678628672787454
696.0 0.00020586830942193046
697.0 0.00041741855056898203
698.0 0.0006289687917160336
699.0 0.0004060607807332417
700.0 0.0001831527697504498
701.0 1.6429533514911165e-10
702.0 1.6429533514911165e-10
703.0 1.6429533514911165e-10
704.0 0.0002686996822376386
705.0 0.0002910624516516691
706.0 0.00031342531201516977
707.0 0.00017881194480651175
708.0 4.419850654358015e-05
709.0 0.00013074344451524667
710.0 0.00021728833417000715
711.0 0.00011276902114332188
712.0 8.249630667478414e-06
713.0 0.0001427161919309583
714.0 0.00027718276669475017
715.0 0.00019890578641934553
716.0 0.00012062881751262466
717.0 0.00016105776694530505
718.0 0.0002014867277466692
719.0 0.00014613543726227363
720.0 9.078422635866445e-05
721.0 0.0002155478341592243
722.0 0.00034031152154057054
723.0 0.0004866429208050249
724.0 0.0006329742973321117
725.0 0.0005591753961198265
726.0 0.0004853765403822763
727.0 0.00042840269998123404
728.0 0.000371428700418619
729.0 0.00021397686396085192
730.0 5.652492518493091e-05
731.0 0.00028553663469210733
732.0 0.0005145480372448219
733.0 0.0003279106749687344
734.0 0.00014127340364211705
735.0 0.0004200316652713809
736.0 0.0006987898814259097
737.0 0.0006573405698873103
738.0 0.0006158912128739757
739.0 0.0006373253654601285
740.0 0.0006587595180462813
741.0 0.0004955506028636592
742.0 0.0003323416422063019
743.0 0.00045881788537371904
744.0 0.0005852940830664011
745.0 0.0005493421213031979
746.0 0.0005133902959642
747.0 0.00035908963127440074
748.0 0.00020478917122090934
749.0 0.0003956909949920373
750.0 0.0005865927960257977
751.0 0.00013062999641988426
752.0 1.6429533514911165e-10
753.0 8.722154234419577e-05
754.0 0.0004997758878744207
755.0 0.00024298662992805475
756.0 1.6429533514911165e-10
757.0 0.0001339092023044941
758.0 0.00028162073704152135
759.0 3.305686959720333e-05
760.0 1.6429533514911165e-10
761.0 1.6429533514911165e-10
762.0 1.6429533514911165e-10
763.0 0.00017018708149407757
764.0 0.00044666844587482046
765.0 0.00022658259695162997
766.0 6.496802740230123e-06
767.0 1.6429533514911165e-10
768.0 1.6429533514911165e-10
769.0 1.6429533514911165e-10
770.0 1.6429533514911165e-10
771.0 1.6429533514911165e-10
772.0 0.00010564314152361476
773.0 0.00011406597195673385
774.0 0.0001224888933393231
775.0 0.0004355639248387888
776.0 0.0007486390586564085
777.0 0.0004071322109666653
778.0 6.562528369613574e-05
779.0 0.0002996150215039961
780.0 0.0005336047252058052
781.0 0.0006182784545671893
782.0 0.0007029521839285735
783.0 0.0006185156053106766
784.0 0.0005340791176422499
785.0 0.0004573347723635379
786.0 0.0003805905180342961
787.0 0.0006756316906830762
788.0 0.0009706730452307966
789.0 0.0006234683496586513
790.0 0.0002762636995612411
791.0 0.0005469485131470719
792.0 0.000817633463157108
793.0 0.0009289175068261102
794.0 0.0010402014595456421
795.0 0.0006305726401478751
796.0 0.00022094366158853518
797.0 0.0004569647899188567
798.0 0.0006929859864612808
799.0 0.0006858460437797476
800.0 0.0006787061920476845
801.0 0.0005892704848520225
802.0 0.0004998347321816254
803.0 0.0006136083356977906
804.0 0.0007273818027897505
805.0 0.0007157784239097964
806.0 0.0007041752269287826
807.0 0.0009825569577515125
808.0 0.0012609388249984477
809.0 0.0010081632353831083
810.0 0.0007553876457677688
811.0 0.0006259585461521056
812.0 0.0004965296284353826
813.0 0.0005753143796027871
814.0 0.0006540991762449266
815.0 0.00020430886706890306
816.0 1.6429533514911165e-10
817.0 0.0001578527303536248
818.0 0.0005611871529254131
819.0 0.0005017155217501568
820.0 0.0004422439360496355
821.0 0.00047975045163184404
822.0 0.0005172569217393175
823.0 0.0003136139184789499
824.0 0.0001099711084862065
825.0 0.00035529310480342247
826.0 0.0006006152034387924
827.0 0.00047498801905021537
828.0 0.00034936083466163836
829.0 0.0004181207714282209
830.0 0.0004868805717705982
831.0 0.00037874951885896735
832.0 0.00027061828404839616
833.0 0.0007002990514592966
834.0 0.0011299798643449321
835.0 0.0008650959898659494
836.0 0.0006002122063364368
837.0 0.0009482721907261293
838.0 0.0012963320841663517
839.0 0.0012058719221386127
840.0 0.001115411851060344
841.0 0.0007610710326844128
842.0 0.00040673025978321675
843.0 0.0002498350113455672
844.0 9.293992775383231e-05
845.0 0.0005498098744283197
846.0 0.0010066799404739868
847.0 0.0006570872301381314
848.0 0.0003074946562264813
849.0 0.0006066378318791976
850.0 0.0009057811439561192
851.0 0.00044227444959688
852.0 1.6429533514911165e-10
853.0 0.00039949873098521493
854.0 0.0008202297067327891
855.0 0.000811501649877755
856.0 0.0008027733201743104
857.0 0.0009374562978337053
858.0 0.00107213918454363
859.0 0.0012727452485705726
860.0 0.0014733514035469852
861.0 0.0014186191037879325
862.0 0.0013638868040288799
863.0 0.0012056131708959583
864.0 0.0010473394468135666
865.0 0.0014498764357995242
866.0 0.001852413515734952
867.0 0.002083278195641469
868.0 0.0023141434212448075
869.0 0.002603104439913295
870.0 0.0028920656404807232
871.0 0.0030509871066897176
872.0 0.0032099087547976524
873.0 0.002774984750431031
874.0 0.0023400605641654693
