lsstCam/transmission_filter_detector/r42_s11/y_10/19700101T000000.ecsv
# %ECSV 1.0
# ---
# datatype:
# - {name: wavelength, unit: nm, datatype: float32}
# - {name: efficiency, unit: '%', datatype: float64}
# meta: !!omap
# - {MODE: DETECTOR}
# - {TYPE: transmission_filter_detector}
# - {CALIBDATE: '1970-01-01T00:00:00'}
# - {INSTRUME: LSSTCam}
# - {OBSTYPE: transmission_filter_detector}
# - {CALIBCLS: lsst.ip.isr.IntermediateFilterDetectorTransmissionCurve}
# - {SOURCE: Materion (DM-46256)}
# - {DETECTOR: 175}
# - {FILTER: y_10}
# - {CALIB_ID: 'calibDate=1970-01-01T00:00:00 filter=y_10 detector=175'}
# - {DATE: '2025-04-02T15:59:51.552964'}
# - {CALIB_CREATION_DATE: '2025-04-02'}
# - {CALIB_CREATION_TIME: '15:59:51'}
# - __serialized_columns__:
#     efficiency:
#       __class__: astropy.units.quantity.Quantity
#       unit: !astropy.units.Unit {unit: '%'}
#       value: !astropy.table.SerializedColumn {name: efficiency}
#     wavelength:
#       __class__: astropy.units.quantity.Quantity
#       unit: !astropy.units.Unit {unit: nm}
#       value: !astropy.table.SerializedColumn {name: wavelength}
# schema: astropy-2.0
wavelength efficiency
[from data line 576]
876.0 0.0020770512492163107
877.0 0.001577262082719244
878.0 0.001077473189070588
879.0 0.0015422270735143684
880.0 0.0193075233255513
881.0 0.09954383131116629
882.0 0.017174005915876478
883.0 0.09551611728966236
884.0 0.016715319361537695
885.0 0.10264716111123562
886.0 0.023521117691416293
887.0 0.09649841231293976
888.0 0.021407741587609053
889.0 0.10865650838240981
890.0 0.019347763736732304
891.0 0.08439127122983336
892.0 0.020390712597873062
893.0 0.10777401039376855
894.0 0.023773858265485615
895.0 0.09281389648094773
896.0 0.02835247723851353
897.0 0.09804668370634317
898.0 0.028920601471327245
899.0 0.11850008741021156
900.0 0.04528878489509225
901.0 0.1366992830298841
902.0 0.13551174197345972
903.0 0.15653426526114345
904.0 0.17283399356529117
905.0 0.19444135250523686
906.0 0.22367865312844515
907.0 0.2834099577739835
908.0 0.34436266869306564
909.0 0.4632833879441023
910.0 0.6311032921075821
911.0 0.8847292512655258
912.0 1.281024795025587
913.0 1.9123256206512451
914.0 2.728149853646755
915.0 4.018985480070114
916.0 5.662532150745392
917.0 7.589124143123627
918.0 9.925907850265503
919.0 12.274660915136337
920.0 15.536348521709442
921.0 18.85661780834198
922.0 22.04008847475052
923.0 25.67160427570343
924.0 29.628586769104004
925.0 34.08174812793732
926.0 39.69922065734863
927.0 45.93821465969086
928.0 51.71576738357544
929.0 58.143436908721924
930.0 64.11843299865723
931.0 70.20395994186401
932.0 76.09004378318787
933.0 81.32587671279907
934.0 85.4130744934082
935.0 88.52653503417969
936.0 91.10108613967896
937.0 92.99497604370117
938.0 94.32939291000366
939.0 95.10742425918579
940.0 95.61824202537537
941.0 95.94069123268127
942.0 96.23209238052368
943.0 96.42974138259888
944.0 96.77042961120605
945.0 96.83395624160767
946.0 96.98984622955322
947.0 97.00918793678284
948.0 97.18738198280334
949.0 97.07685708999634
950.0 97.15231657028198
951.0 97.20747470855713
952.0 97.25236892700195
953.0 97.41864204406738
954.0 97.46828079223633
955.0 97.51684069633484
956.0 97.74197340011597
957.0 97.92629480361938
958.0 98.0925440788269
959.0 98.23333024978638
960.0 98.35678935050964
961.0 98.47584962844849
962.0 98.5711932182312
963.0 98.64341616630554
964.0 98.68403673171997
965.0 98.72161149978638
966.0 98.8063097000122
967.0 98.8591730594635
968.0 98.86317849159241
969.0 98.8303542137146
970.0 98.89451861381531
971.0 98.94622564315796
972.0 98.9916443824768
973.0 99.06891584396362
974.0 99.06560182571411
975.0 99.06516671180725
976.0 99.13802742958069
977.0 99.09270405769348
978.0 99.17441606521606
979.0 99.11143183708191
980.0 99.0801990032196
981.0 99.0427553653717
982.0 98.97204041481018
983.0 99.01580810546875
984.0 98.95375370979309
985.0 98.92092943191528
986.0 98.82282614707947
987.0 98.88696074485779
988.0 98.74259829521179
989.0 98.76682162284851
990.0 98.67476224899292
991.0 98.68513941764832
992.0 98.73483180999756
993.0 98.69350790977478
994.0 98.65648150444031
995.0 98.71497750282288
996.0 98.68804216384888
997.0 98.7913191318512
998.0 98.78993034362793
999.0 98.86219501495361
1000.0 98.93170595169067
1001.0 98.89127612113953
1002.0 99.01986718177795
1003.0 99.03749227523804
1004.0 99.09583926200867
1005.0 99.06308054924011
1006.0 99.22714233398438
1007.0 99.18655157089233
1008.0 99.19695258140564
1009.0 99.10299181938171
1010.0 99.17222261428833
1011.0 99.16598796844482
1012.0 99.05660152435303
1013.0 99.05133247375488
1014.0 99.05830025672913
1015.0 99.04219508171082
1016.0 99.02340173721313
1017.0 99.0128219127655
1018.0 99.04106855392456
1019.0 98.97799491882324
1020.0 99.01179075241089
1021.0 99.13102984428406
1022.0 98.99313449859619
1023.0 99.02690649032593
1024.0 99.0099310874939
1025.0 98.99119138717651
1026.0 99.03585314750671
1027.0 99.15493130683899
1028.0 99.05581474304199
1029.0 99.18791055679321
1030.0 99.18906092643738
1031.0 99.16156530380249
1032.0 99.20040965080261
1033.0 99.13663864135742
1034.0 99.18388724327087
1035.0 99.21557307243347
1036.0 99.13542866706848
1037.0 99.17452335357666
1038.0 99.14227724075317
1039.0 99.09231662750244
1040.0 98.99119138717651
1041.0 99.1061270236969
1042.0 99.01119470596313
1043.0 98.9588975906372
1044.0 99.10030364990234
1045.0 98.76086115837097
1046.0 99.02471899986267
1047.0 98.9305317401886
1048.0 98.96554350852966
1049.0 98.78833889961243
1050.0 98.78461956977844
1051.0 98.80878925323486
1052.0 98.86618852615356
1053.0 98.64519834518433
1054.0 98.9216148853302
1055.0 99.02002811431885
1056.0 98.96183013916016
1057.0 98.93539547920227
1058.0 98.88708591461182
1059.0 98.87436032295227
1060.0 99.01412725448608
1061.0 98.93054366111755
1062.0 98.95597100257874
1063.0 98.85458946228027
1064.0 99.15370345115662
1065.0 98.99708032608032
1066.0 99.11496639251709
1067.0 99.1067886352539
1068.0 98.99212121963501
1069.0 98.86727333068848
1070.0 99.09505248069763
1071.0 99.04454350471497
1072.0 99.02200698852539
1073.0 99.19174909591675
1074.0 98.78165125846863
1075.0 98.76009225845337
1076.0 98.6879289150238
1077.0 98.8726019859314
1078.0 99.13356900215149
1079.0 98.68832230567932
1080.0 99.49565529823303
1081.0 98.7535834312439
1082.0 98.4897255897522
1083.0 98.53793382644653
1084.0 98.95234704017639
1085.0 98.80679249763489
1086.0 98.55121374130249
1087.0 98.70346784591675
1088.0 98.74745607376099
1089.0 98.45227003097534
1090.0 98.7959086894989
1091.0 98.7541913986206
1092.0 98.61941337585449
1093.0 98.63290786743164
1094.0 98.58569502830505
1095.0 98.44285845756531
1096.0 98.7701416015625
1097.0 98.30318689346313
1098.0 98.14672470092773
1099.0 98.36689233779907
1100.0 98.15390706062317
