lsstCam/transmission_filter_detector/r33_s22/y_10/19700101T000000.ecsv
# %ECSV 1.0
# ---
# datatype:
# - {name: wavelength, unit: nm, datatype: float32}
# - {name: efficiency, unit: '%', datatype: float64}
# meta: !!omap
# - {MODE: DETECTOR}
# - {TYPE: transmission_filter_detector}
# - {CALIBDATE: '1970-01-01T00:00:00'}
# - {INSTRUME: LSSTCam}
# - {OBSTYPE: transmission_filter_detector}
# - {CALIBCLS: lsst.ip.isr.IntermediateFilterDetectorTransmissionCurve}
# - {SOURCE: Materion (DM-46256)}
# - {DETECTOR: 152}
# - {FILTER: y_10}
# - {CALIB_ID: 'calibDate=1970-01-01T00:00:00 filter=y_10 detector=152'}
# - {DATE: '2025-04-02T15:59:51.448104'}
# - {CALIB_CREATION_DATE: '2025-04-02'}
# - {CALIB_CREATION_TIME: '15:59:51'}
# - __serialized_columns__:
#     efficiency:
#       __class__: astropy.units.quantity.Quantity
#       unit: !astropy.units.Unit {unit: '%'}
#       value: !astropy.table.SerializedColumn {name: efficiency}
#     wavelength:
#       __class__: astropy.units.quantity.Quantity
#       unit: !astropy.units.Unit {unit: nm}
#       value: !astropy.table.SerializedColumn {name: wavelength}
# schema: astropy-2.0
wavelength efficiency
[from data line 577]
877.0 0.002593773569969926
878.0 0.0023661626983084716
879.0 0.0016681231500115246
880.0 0.08092072093859315
881.0 0.08849693113006651
882.0 0.07268589688464999
883.0 0.09083289769478142
884.0 0.06592768477275968
885.0 0.09406422614119947
886.0 0.06684076506644487
887.0 0.1104084774851799
888.0 0.07593278423883021
889.0 0.09740368113853037
890.0 0.0612198724411428
891.0 0.09450080106034875
892.0 0.07751905941404402
893.0 0.0920431048143655
894.0 0.07359563023783267
895.0 0.09440237190574408
896.0 0.07653618231415749
897.0 0.10543047683313489
898.0 0.07920292555354536
899.0 0.14370579738169909
900.0 0.09754513739608228
901.0 0.13393440749496222
902.0 0.1434725127182901
903.0 0.1564016449265182
904.0 0.18911572406068444
905.0 0.23121112026274204
906.0 0.24363710545003414
907.0 0.3149653086438775
908.0 0.43289042077958584
909.0 0.5707486066967249
910.0 0.7975554093718529
911.0 1.096720714122057
912.0 1.641358807682991
913.0 2.442893013358116
914.0 3.450309857726097
915.0 4.9568746238946915
916.0 6.838461011648178
917.0 8.973640948534012
918.0 11.49890348315239
919.0 13.95624727010727
920.0 17.270492017269135
921.0 20.637473464012146
922.0 23.92527312040329
923.0 27.80667543411255
924.0 32.03691840171814
925.0 36.75661385059357
926.0 42.601221799850464
927.0 48.99402558803558
928.0 54.82562780380249
929.0 61.19207143783569
930.0 66.99234247207642
931.0 72.86633849143982
932.0 78.40386033058167
933.0 83.27931761741638
934.0 87.01362013816833
935.0 89.82702493667603
936.0 92.09134578704834
937.0 93.72407793998718
938.0 94.8377013206482
939.0 95.47913670539856
940.0 95.91686129570007
941.0 96.19153141975403
942.0 96.46950960159302
943.0 96.67529463768005
944.0 96.9927430152893
945.0 96.97045087814331
946.0 97.07468152046204
947.0 97.1383273601532
948.0 97.25975394248962
949.0 97.15838432312012
950.0 97.27950096130371
951.0 97.30547666549683
952.0 97.35924005508423
953.0 97.51754403114319
954.0 97.59860634803772
955.0 97.6813554763794
956.0 97.86760210990906
957.0 98.07630181312561
958.0 98.26252460479736
959.0 98.30936789512634
960.0 98.49836826324463
961.0 98.58495593070984
962.0 98.61888289451599
963.0 98.66756796836853
964.0 98.73930215835571
965.0 98.77208471298218
966.0 98.83798956871033
967.0 98.895925283432
968.0 98.88304471969604
969.0 98.91279935836792
970.0 98.94686937332153
971.0 98.98648262023926
972.0 99.0259051322937
973.0 99.12165403366089
974.0 99.11458492279053
975.0 99.14382100105286
976.0 99.16499853134155
977.0 99.12868142127991
978.0 99.19935464859009
979.0 99.14619326591492
980.0 99.11463260650635
981.0 99.05039668083191
982.0 98.99558424949646
983.0 99.02943968772888
984.0 98.98489713668823
985.0 98.9725649356842
986.0 98.83984327316284
987.0 98.93743991851807
988.0 98.80966544151306
989.0 98.77632856369019
990.0 98.73456358909607
991.0 98.75550270080566
992.0 98.7916111946106
993.0 98.75426888465881
994.0 98.73871207237244
995.0 98.79092574119568
996.0 98.7513780593872
997.0 98.8748848438263
998.0 98.90868067741394
999.0 98.92281889915466
1000.0 98.97320866584778
1001.0 98.96599650382996
1002.0 99.04720187187195
1003.0 99.09437298774719
1004.0 99.19163584709167
1005.0 99.12026524543762
1006.0 99.24843311309814
1007.0 99.26340579986572
1008.0 99.19361472129822
1009.0 99.15515780448914
1010.0 99.19480085372925
1011.0 99.23344254493713
1012.0 99.10606741905212
1013.0 99.12881255149841
1014.0 99.13648962974548
1015.0 99.05067086219788
1016.0 99.02200698852539
1017.0 99.06185865402222
1018.0 99.07762408256531
1019.0 98.98673295974731
1020.0 99.06463027000427
1021.0 99.18600916862488
1022.0 99.05332922935486
1023.0 99.06871318817139
1024.0 99.09834861755371
1025.0 99.05829429626465
1026.0 99.09640550613403
1027.0 99.19705986976624
1028.0 99.1067886352539
1029.0 99.19806718826294
1030.0 99.2642343044281
1031.0 99.21984076499939
1032.0 99.23790693283081
1033.0 99.21935200691223
1034.0 99.23392534255981
1035.0 99.2555022239685
1036.0 99.21346306800842
1037.0 99.205881357193
1038.0 99.17471408843994
1039.0 99.17147159576416
1040.0 99.05141592025757
1041.0 99.1376519203186
1042.0 99.1571843624115
1043.0 99.03075695037842
1044.0 99.11924004554749
1045.0 98.80478382110596
1046.0 99.06338453292847
1047.0 98.97245764732361
1048.0 98.97878170013428
1049.0 98.8543152809143
1050.0 98.90435934066772
1051.0 98.83698225021362
1052.0 98.91971349716187
1053.0 98.77084493637085
1054.0 99.0700900554657
1055.0 99.15154576301575
1056.0 98.93426895141602
1057.0 99.03421401977539
1058.0 98.87824058532715
1059.0 98.95547032356262
1060.0 99.05239939689636
1061.0 99.00990128517151
1062.0 99.06384348869324
1063.0 99.00090098381042
1064.0 99.13855791091919
1065.0 99.06973242759705
1066.0 99.12622570991516
1067.0 99.0958571434021
1068.0 99.03354048728943
1069.0 98.87299537658691
1070.0 99.20258522033691
1071.0 98.93485307693481
1072.0 99.10988211631775
1073.0 99.22593832015991
1074.0 98.8798975944519
1075.0 98.84639978408813
1076.0 98.61598610877991
1077.0 98.93853664398193
1078.0 99.12355542182922
1079.0 98.8385260105133
1080.0 99.35021996498108
1081.0 98.80666136741638
1082.0 98.80160093307495
1083.0 98.71429800987244
1084.0 98.96880984306335
1085.0 98.9145040512085
1086.0 98.69309067726135
1087.0 98.8429307937622
1088.0 98.5338032245636
1089.0 98.67022633552551
1090.0 98.72709512710571
1091.0 98.95220398902893
1092.0 98.855060338974
1093.0 98.75673055648804
1094.0 98.67266416549683
1095.0 98.41562509536743
1096.0 98.75394105911255
1097.0 98.38213324546814
1098.0 97.75864481925964
1099.0 98.8972008228302
1100.0 98.31928014755249
