lsstCam/transmission_filter_detector/r33_s22/y_10/19700101T000000.ecsv
# %ECSV 1.0
# ---
# datatype:
# - {name: wavelength, unit: nm, datatype: float32}
# - {name: efficiency, unit: '%', datatype: float64}
# meta: !!omap
# - {MODE: DETECTOR}
# - {TYPE: transmission_filter_detector}
# - {CALIBDATE: '1970-01-01T00:00:00'}
# - {INSTRUME: LSSTCam}
# - {OBSTYPE: transmission_filter_detector}
# - {CALIBCLS: lsst.ip.isr.IntermediateFilterDetectorTransmissionCurve}
# - {SOURCE: Materion (DM-46256)}
# - {DETECTOR: 152}
# - {FILTER: y_10}
# - {CALIB_ID: 'calibDate=1970-01-01T00:00:00 filter=y_10 detector=152'}
# - {DATE: '2025-04-02T15:59:51.448104'}
# - {CALIB_CREATION_DATE: '2025-04-02'}
# - {CALIB_CREATION_TIME: '15:59:51'}
# - __serialized_columns__:
#     efficiency:
#       __class__: astropy.units.quantity.Quantity
#       unit: !astropy.units.Unit {unit: '%'}
#       value: !astropy.table.SerializedColumn {name: efficiency}
#     wavelength:
#       __class__: astropy.units.quantity.Quantity
#       unit: !astropy.units.Unit {unit: nm}
#       value: !astropy.table.SerializedColumn {name: wavelength}
# schema: astropy-2.0
wavelength efficiency
300.0 0.022487161913886666
301.0 0.01898293412523344
302.0 0.015478701971005648
303.0 0.014301804185379297
304.0 0.013124906399752945
305.0 0.011679904127959162
306.0 0.010234898218186572
307.0 0.009234651952283457
308.0 0.008234407141571864
309.0 0.005690138641512021
310.0 0.0031458723242394626
311.0 0.004194197754259221
312.0 0.005242523548076861
313.0 0.007239927799673751
314.0 0.009237330959877
315.0 0.006532831321237609
316.0 0.003828330955002457
317.0 0.00377441210730467
318.0 0.0037204947147984058
319.0 0.0027300266083329916
320.0 0.001739558319968637
321.0 0.002265465991513338
322.0 0.002791373844956979
323.0 0.0032912885217228904
324.0 0.003791202834690921
325.0 0.003220515645807609
326.0 0.002649829002621118
327.0 0.0026311621695640497
328.0 0.0026124955184059218
329.0 0.0029853232263121754
330.0 0.003358150934218429
331.0 0.00300221327051986
332.0 0.002646275970619172
333.0 0.0023631730073248036
334.0 0.002080069862131495
335.0 0.0016108237105072476
336.0 0.00114157746793353
337.0 0.0013396145732258447
338.0 0.0015376519513665698
339.0 0.0013453677638608497
340.0 0.0011530836673045997
341.0 0.000988621286523994
342.0 0.0008241587238444481
343.0 0.001154648998635821
344.0 0.0014851393643766642
345.0 0.0010618884516588878
346.0 0.0006386374479916412
347.0 0.0009162440619547851
348.0 0.0011938508578168694
349.0 0.0011667187209241092
350.0 0.001139586584031349
351.0 0.0010724445928644855
352.0 0.001005302692647092
353.0 0.001030919884215109
354.0 0.0010565368029347155
355.0 0.0014304518117569387
356.0 0.0018043667296296917
357.0 0.0013464730727719143
358.0 0.0008885795978130773
359.0 0.0008414509466092568
360.0 0.0007943223863549065
361.0 0.0007711079888395034
362.0 0.0007478936367988354
363.0 0.0010203926649410278
364.0 0.001292891647608485
365.0 0.001359614179818891
366.0 0.0014263366210798267
367.0 0.0018124339476344176
368.0 0.002198531001340598
369.0 0.0018579707102617249
370.0 0.0015174106920312624
371.0 0.0013675682566827163
372.0 0.0012177260032331105
373.0 0.0015133273336687125
374.0 0.0018089285731548443
375.0 0.0027543883334146813
376.0 0.0036998477298766375
377.0 0.004025209636893123
378.0 0.00435057190770749
379.0 0.004100399382878095
380.0 0.0038502268580487
381.0 0.0030392724511330016
382.0 0.002228317862318363
383.0 0.0015771380276419222
384.0 0.0009259579201170709
385.0 0.000835752234706888
386.0 0.00074554650382197
387.0 0.0004994377377443016
388.0 0.00025332901714136824
389.0 0.0003799283376793028
390.0 0.0005065276582172373
391.0 0.0005777301339549012
392.0 0.0006489326096925652
393.0 0.0007054547495499719
394.0 0.0007619767984579084
395.0 0.0006947028850845527
396.0 0.0006274288807617268
397.0 0.0006982515060371952
398.0 0.0007690739948884584
399.0 0.0008750078450248111
400.0 0.0009809415132622235
401.0 0.0013338513781491201
402.0 0.0016867612430360168
403.0 0.0018002545402850956
404.0 0.0019137478375341743
405.0 0.0017701906472211704
406.0 0.0016266334569081664
407.0 0.001674763007031288
408.0 0.0017228923752554692
409.0 0.0014652117897639982
410.0 0.0012075313861714676
411.0 0.0008474503374600317
412.0 0.00048736928874859586
413.0 0.0008018632797757164
414.0 0.0011163575436512474
415.0 0.000869625000632368
416.0 0.0006228920483408729
417.0 0.0005315586349752266
418.0 0.00044022522160958033
419.0 0.0004045996774948435
420.0 0.0003689739969559014
421.0 9.12294638055755e-05
422.0 1.6244841843232605e-10
423.0 1.6244841843232605e-10
424.0 1.6244841843232605e-10
425.0 1.6244841843232605e-10
426.0 1.6244841843232605e-10
427.0 0.00037873967357882066
428.0 0.0009864893399935681
429.0 0.0002552710157033289
430.0 1.6244841843232605e-10
431.0 1.6244841843232605e-10
432.0 1.6244841843232605e-10
433.0 1.6244841843232605e-10
434.0 1.6244841843232605e-10
435.0 1.6244841843232605e-10
436.0 0.00021023272438469576
437.0 0.0002574532345533953
438.0 0.0003046738129341975
439.0 0.0006389007921825396
440.0 0.0009731277714308817
441.0 0.0005512827556231059
442.0 0.00012943778529006522
443.0 0.0003749648612938472
444.0 0.0006204919372976292
445.0 0.00040770109990262426
446.0 0.00019491012608341407
447.0 0.0002538291710152407
448.0 0.00031274835237127263
449.0 0.00016437860494988854
450.0 1.6008777947718045e-05
451.0 0.0001485958250668773
452.0 0.00028118290629208786
453.0 0.00011900805247933022
454.0 1.6244841843232605e-10
455.0 0.0003188737537129782
456.0 0.000680914399708854
457.0 0.00024973126073746243
458.0 1.6244841843232605e-10
459.0 1.6244841843232605e-10
460.0 0.00016660301298543345
461.0 9.684298447609763e-05
462.0 2.7083027021035377e-05
463.0 0.00024063442651822697
464.0 0.0004541858288575895
465.0 0.000646643047730322
466.0 0.0008391004485019948
467.0 0.0010870013284147717
468.0 0.0013349022992770188
469.0 0.001527554377389606
470.0 0.0017202066374011338
471.0 0.0017854412362794392
472.0 0.001850676017056685
473.0 0.0021994650523993187
474.0 0.002548253905843012
475.0 0.002748179394984618
476.0 0.0029481048841262236
477.0 0.0028809021387132816
478.0 0.0028136993933003396
479.0 0.003334344000904821
480.0 0.003854988972307183
481.0 0.004458214243641123
482.0 0.005061439878772944
483.0 0.004635157893062569
484.0 0.0042088755435543135
485.0 0.003921308598364703
486.0 0.0036337412893772125
487.0 0.0032324336643796414
488.0 0.0028311260393820703
489.0 0.0025938215912901796
490.0 0.0023565173250972293
491.0 0.0022405154595617205
492.0 0.0021245139578240924
493.0 0.0019246137526351959
494.0 0.001724713365547359
495.0 0.0017450713130529039
496.0 0.0017654290786595084
497.0 0.0016277868780889548
498.0 0.0014901447684678715
499.0 0.0017210169971804135
500.0 0.0019518893168424256
501.0 0.002247966949653346
502.0 0.0025440445824642666
503.0 0.0028380007279338315
504.0 0.003131956691504456
505.0 0.0028204205591464415
506.0 0.0025088846086873673
507.0 0.002273630707350094
508.0 0.002038377169810701
509.0 0.002040131948888302
510.0 0.002041886909864843
511.0 0.0021042016669525765
512.0 0.0021665160602424294
513.0 0.0021030196876381524
514.0 0.0020395233150338754
515.0 0.001605754550837446
516.0 0.001171985422843136
517.0 0.0012074148799001705
518.0 0.0012428440641087946
519.0 0.0012606647032953333
520.0 0.0012784854334313422
521.0 0.001249676824954804
522.0 0.0012208681255287956
523.0 0.0016682764908182435
524.0 0.0021156845832592808
525.0 0.0022755664758733474
526.0 0.0024354485503863543
527.0 0.0023620894353371114
528.0 0.002288730138388928
529.0 0.0023339336621575058
530.0 0.0023791371859260835
531.0 0.002123419471899979
532.0 0.0018677019397728145
533.0 0.0019149369109072722
534.0 0.0019621717001427896
535.0 0.0018220256606582552
536.0 0.0016818796211737208
537.0 0.0017523585484013893
538.0 0.001822837657527998
539.0 0.002298731487826444
540.0 0.0027746249543270096
541.0 0.0035594162909546867
542.0 0.004344207263784483
543.0 0.004447047467692755
544.0 0.004549887671601027
545.0 0.004795122003997676
546.0 0.005040356700192206
547.0 0.004647527021006681
548.0 0.004254696978023276
549.0 0.0036092471418669447
550.0 0.0029637973057106137
551.0 0.0023718685042695142
552.0 0.0017799395209294744
553.0 0.0021389172616181895
554.0 0.002497895184205845
555.0 0.0032634736271575093
556.0 0.004029051706311293
557.0 0.004263545270077884
558.0 0.0044980388338444754
559.0 0.004204369179205969
560.0 0.003910699888365343
561.0 0.0038391215639421716
562.0 0.003767543239519
563.0 0.003580438351491466
564.0 0.0033933334634639323
565.0 0.0033833333873189986
566.0 0.003373333311174065
567.0 0.0037968260585330427
568.0 0.0042203188058920205
569.0 0.0046942437620600685
570.0 0.005168168354430236
571.0 0.0057613786339061335
572.0 0.00635458854958415
573.0 0.006403314910130575
574.0 0.006452041270677
575.0 0.006303507689153776
576.0 0.0061549733800347894
577.0 0.0058982408518204466
578.0 0.005641508687403984
579.0 0.005554760355153121
580.0 0.0054680123867001384
581.0 0.006038385981810279
582.0 0.00660875957692042
583.0 0.007774333062116057
584.0 0.008939907274907455
585.0 0.009607220272300765
586.0 0.010274534724885598
587.0 0.01037705733324401
588.0 0.010479582124389708
589.0 0.010457436292199418
590.0 0.01043529191520065
591.0 0.010036185994977131
592.0 0.00963707934715785
593.0 0.008227178477682173
594.0 0.0068172790633980185
595.0 0.006047048736945726
596.0 0.005276819138089195
597.0 0.005537314427783713
598.0 0.005797809717478231
599.0 0.00663305472698994
600.0 0.007468298281310126
601.0 0.008573038212489337
602.0 0.009677776688477024
603.0 0.010022490459959954
604.0 0.010367206414230168
605.0 0.01060862559825182
606.0 0.01085004405467771
607.0 0.010079100320581347
608.0 0.009308157314080745
609.0 0.0079323559475597
610.0 0.006556556763825938
611.0 0.0052492010581772774
612.0 0.00394184680772014
613.0 0.00356838500010781
614.0 0.003194923556293361
615.0 0.004041230931761675
616.0 0.004887537943432108
617.0 0.006152455898700282
618.0 0.007417373126372695
619.0 0.008688544039614499
620.0 0.00995971349766478
621.0 0.010536942863836884
622.0 0.011114171502413228
623.0 0.011383950914023444
624.0 0.011653729598037899
625.0 0.011145404278067872
626.0 0.010637078958097845
627.0 0.008862486720317975
628.0 0.0070878952101338655
629.0 0.005592029265244491
630.0 0.004096163320355117
631.0 0.003301968172308989
632.0 0.0025077730242628604
633.0 0.0025918894607457332
634.0 0.0026760060791275464
635.0 0.0029559392714872956
636.0 0.003235872645745985
637.0 0.0035225184547016397
638.0 0.003809164263657294
639.0 0.004542258466244675
640.0 0.005275352668832056
641.0 0.0054270978580461815
642.0 0.005578843047260307
643.0 0.005730888369726017
644.0 0.005882933328393847
645.0 0.005282888741930947
646.0 0.004682843791670166
647.0 0.004215516673866659
648.0 0.003748189556063153
649.0 0.003005053076776676
650.0 0.0022619164155912586
651.0 0.001994830381590873
652.0 0.001727744165691547
653.0 0.001674465966061689
654.0 0.0016211877664318308
655.0 0.001604758290341124
656.0 0.0015883291780482978
657.0 0.0017344154912279919
658.0 0.001880501804407686
659.0 0.0017193651729030535
660.0 0.0015582287232973613
661.0 0.0015970068488968536
662.0 0.0016357851563952863
663.0 0.0017642960301600397
664.0 0.0018928065401269123
665.0 0.002425576894893311
666.0 0.00295834743155865
667.0 0.0035522240068530664
668.0 0.004146100764046423
669.0 0.004840288602281362
670.0 0.005534476804314181
671.0 0.006282271351665258
672.0 0.007030064443824813
673.0 0.007368184014922008
674.0 0.0077063043136149645
675.0 0.007441012712661177
676.0 0.0071757196565158665
677.0 0.006390338239725679
678.0 0.005604956459137611
679.0 0.004281208384782076
680.0 0.0029574597647297196
681.0 0.0017985610611503944
682.0 0.0006396626304194797
683.0 0.0004900043677480426
684.0 0.000340346127813973
685.0 0.0001147145439972519
686.0 1.6244841843232605e-10
687.0 9.250974812857748e-05
688.0 0.0002959364564958378
689.0 0.00036217763863533037
690.0 0.0004284188435121905
691.0 0.00027554467578738695
692.0 0.000122670428481797
693.0 0.0002999392791025457
694.0 0.000477208050142508
695.0 0.0002576928636699449
696.0 3.817764593350148e-05
697.0 0.00017007193946483312
698.0 0.000301966269944387
699.0 0.00038030398172850255
700.0 0.0004586418071994558
701.0 0.00041580788092687726
702.0 0.0003729738864421961
703.0 0.00031174042760540033
704.0 0.00025050696876860457
705.0 0.00021714142803830327
706.0 0.00018377586457063444
707.0 0.0002443721768941032
708.0 0.0003049684892175719
709.0 0.0003041964419026044
710.0 0.00030342441732500447
711.0 0.00032889354315557284
712.0 0.0003543626007740386
713.0 0.0002418221129119047
714.0 0.00012928160231240327
715.0 0.00015054965842864476
716.0 0.00017181764633278362
717.0 0.00013258277249406092
718.0 9.334771107205597e-05
719.0 0.00017100566083172453
720.0 0.00024866353669494856
721.0 0.000392910942537128
722.0 0.0005371583483793074
723.0 0.0003374522520971368
724.0 0.0001377461558149662
725.0 0.000407994912166032
726.0 0.0006782437139918329
727.0 0.0002493712145223981
728.0 1.6244841843232605e-10
729.0 1.6244841843232605e-10
730.0 1.0589180732267778e-05
731.0 5.000152896172949e-05
732.0 8.941373721427226e-05
733.0 0.0002958016011689324
734.0 0.0005021897322876612
735.0 0.000178680102180806
736.0 1.6244841843232605e-10
737.0 1.6244841843232605e-10
738.0 9.533768547953514e-05
739.0 0.000128087356188189
740.0 0.00016083715763670625
741.0 0.00020659679194068303
742.0 0.0002523563580325572
743.0 0.0003638633870650665
744.0 0.0004753703706228407
745.0 0.0005783448159490945
746.0 0.0006813191703258781
747.0 0.0004566879852063721
748.0 0.0002320568910363363
749.0 0.00034344200230407296
750.0 0.0004548270680970745
751.0 0.00048576162043900695
752.0 0.0005166962182556745
753.0 0.0003744144805750693
754.0 0.00023213274289446417
755.0 0.00042869301069003996
756.0 0.0006252532784856157
757.0 0.000448245145889814
758.0 0.00027123703603137983
759.0 0.00010932837994914735
760.0 1.6244841843232605e-10
761.0 0.00039796141209080815
762.0 0.0008485030775773339
763.0 0.0006363771262840601
764.0 0.0004242509930918459
765.0 0.0001781834612302191
766.0 1.6244841843232605e-10
767.0 0.00019240601432102267
768.0 0.00045269607653608546
769.0 0.00031701520128990524
770.0 0.0001813343715184601
771.0 0.00029053260277578374
772.0 0.00039973092498257756
773.0 0.00036666306186816655
774.0 0.0003335952897032257
775.0 0.00029932864435977535
776.0 0.000265061999016325
777.0 0.0001849278419285838
778.0 0.00010479355978532112
779.0 0.00047271473704313394
780.0 0.0008406358574575279
781.0 0.0008056077604123857
782.0 0.0007705794814683031
783.0 0.0005856421466887696
784.0 0.0004007049028587062
785.0 0.00041221524043066893
786.0 0.00042372562347736675
787.0 0.0003310211923235329
788.0 0.0002383166929575964
789.0 0.0002048432179435622
790.0 0.00017136970882347669
791.0 0.0004600103238772135
792.0 0.0007486508366127964
793.0 0.0008130078640533611
794.0 0.0008773648914939258
795.0 0.0005633794444293017
796.0 0.00024939397462730994
797.0 0.0006329042662400752
798.0 0.0010164144441660028
799.0 0.0007534783435403369
800.0 0.0004905423338641413
801.0 0.0007335661848628661
802.0 0.000976590126811061
803.0 0.0008309227268910035
804.0 0.0006852553724456811
805.0 0.0006129344001237769
806.0 0.0005406133823271375
807.0 0.00026043228444905253
808.0 1.6244841843232605e-10
809.0 0.0003875189577229321
810.0 0.0007947868652991019
811.0 0.000685173245074111
812.0 0.0005755597157985903
813.0 0.000600964358454803
814.0 0.0006263690465857508
815.0 0.00044651951611740515
816.0 0.0002666699174369569
817.0 0.0006282284175540553
818.0 0.000989786803984316
819.0 0.0008493701898260042
820.0 0.0007089536666171625
821.0 0.0008595773579145316
822.0 0.0010102009582624305
823.0 0.0009783730092749465
824.0 0.0009465453331358731
825.0 0.0010319226021238137
826.0 0.0011172999620612245
827.0 0.0008097365025605541
828.0 0.0005021729975851486
829.0 0.0005387532382883364
830.0 0.0005753334335167892
831.0 0.0006044081146683311
832.0 0.0006334828867693432
833.0 0.0006995976036705542
834.0 0.000765712138672825
835.0 0.0006792302883695811
836.0 0.0005927484835410723
837.0 0.0005150244760443456
838.0 0.0004373005594970891
839.0 0.0007920560165075585
840.0 0.001146811518992763
841.0 0.0011079185242124368
842.0 0.0010690255294321105
843.0 0.0009753923222888261
844.0 0.0008817592060950119
845.0 0.0007949836799525656
846.0 0.0007082081083353842
847.0 0.0008173484275175724
848.0 0.0009264888831239659
849.0 0.0009332800800621044
850.0 0.0009400711860507727
851.0 0.0006786129233660176
852.0 0.00041715456973179244
853.0 0.0005635944035020657
854.0 0.000710034282747074
855.0 0.0007293109774764162
856.0 0.0007485874903068179
857.0 0.0009300921192334499
858.0 0.0011115966117358766
859.0 0.0009923064681061078
860.0 0.0008730163244763389
861.0 0.0009484288057137746
862.0 0.00102384110505227
863.0 0.0014664395166619215
864.0 0.0019090377463726327
865.0 0.0020068222511326894
866.0 0.0021046069377916865
867.0 0.002358253550482914
868.0 0.002611900526972022
869.0 0.002741638309089467
870.0 0.0028713759093079716
871.0 0.003089687379542738
872.0 0.003307998849777505
873.0 0.00275766051345272
874.0 0.002207322177127935
875.0 0.002514353400329128
