lsstCam/transmission_filter_detector/r21_s10/r_57/19700101T000000.ecsv
# %ECSV 1.0
# ---
# datatype:
# - {name: wavelength, unit: nm, datatype: float32}
# - {name: efficiency, unit: '%', datatype: float64}
# meta: !!omap
# - {MODE: DETECTOR}
# - {TYPE: transmission_filter_detector}
# - {CALIBDATE: '1970-01-01T00:00:00'}
# - {INSTRUME: LSSTCam}
# - {OBSTYPE: transmission_filter_detector}
# - {CALIBCLS: lsst.ip.isr.IntermediateFilterDetectorTransmissionCurve}
# - {SOURCE: Materion (DM-46256)}
# - {DETECTOR: 84}
# - {FILTER: r_57}
# - {CALIB_ID: 'calibDate=1970-01-01T00:00:00 filter=r_57 detector=84'}
# - {DATE: '2025-04-02T15:59:44.571495'}
# - {CALIB_CREATION_DATE: '2025-04-02'}
# - {CALIB_CREATION_TIME: '15:59:44'}
# - __serialized_columns__:
#     efficiency:
#       __class__: astropy.units.quantity.Quantity
#       unit: !astropy.units.Unit {unit: '%'}
#       value: !astropy.table.SerializedColumn {name: efficiency}
#     wavelength:
#       __class__: astropy.units.quantity.Quantity
#       unit: !astropy.units.Unit {unit: nm}
#       value: !astropy.table.SerializedColumn {name: wavelength}
# schema: astropy-2.0
wavelength efficiency
[from data line 602]
902.0 1.5917230641177005e-10
903.0 1.5917230641177005e-10
904.0 1.5917230641177005e-10
905.0 1.5917230641177005e-10
906.0 1.5917230641177005e-10
907.0 1.5917230641177005e-10
908.0 1.5917230641177005e-10
909.0 1.5917230641177005e-10
910.0 1.5917230641177005e-10
911.0 1.5917230641177005e-10
912.0 1.5917230641177005e-10
913.0 1.5917230641177005e-10
914.0 1.1815264855385976e-05
915.0 5.520089985111554e-05
916.0 2.2239984787120193e-05
917.0 1.5917230641177005e-10
918.0 0.00010809017112478614
919.0 0.00022690119294566102
920.0 0.00012599116416822653
921.0 2.5081109811253555e-05
922.0 0.000111514179934602
923.0 0.0001979472472157795
924.0 0.00019554131540644448
925.0 0.00019313538359710947
926.0 0.00012462581935324124
927.0 5.6116255109373014e-05
928.0 0.00011948632163694128
929.0 0.00018285638816450955
930.0 0.0002008278897847049
931.0 0.00021879941414226778
932.0 7.332106974899943e-05
933.0 1.5917230641177005e-10
934.0 6.312893106041884e-05
935.0 0.00019841506855300395
936.0 0.0002059948883470497
937.0 0.00021357468540372793
938.0 0.00022798783447797177
939.0 0.00024240100628958317
940.0 0.00022974963940214366
941.0 0.00021709827251470415
942.0 0.00028660090265475446
943.0 0.0003561035555321723
944.0 0.00034879617487604264
945.0 0.0003414888169572805
946.0 0.0003244281060688081
947.0 0.0003073673724429682
948.0 0.00041469716052233707
949.0 0.0005220270850259112
950.0 0.0005345094450603938
951.0 0.0005469918050948763
952.0 0.0006670570201094961
953.0 0.0007871224624977913
954.0 0.0010773002031783108
955.0 0.0013674782167072408
956.0 0.0014839793038845528
957.0 0.0016004803910618648
958.0 0.0017032742107403465
959.0 0.0018060685761156492
960.0 0.0019487579265842214
961.0 0.002091447458951734
962.0 0.0022781334337196313
963.0 0.0024648194084875286
964.0 0.0024976234271889552
965.0 0.0025304272639914416
966.0 0.0025135703253909014
967.0 0.002496713204891421
968.0 0.0025167206331389025
969.0 0.0025367282432853244
970.0 0.0025842722607194446
971.0 0.002631816460052505
972.0 0.0026912450266536325
973.0 0.002750673229456879
974.0 0.002923157444456592
975.0 0.003095641659456305
976.0 0.0031461200705962256
977.0 0.003196598117938265
978.0 0.003083490446442738
979.0 0.002970382774947211
980.0 0.002961327299999539
981.0 0.002952272006950807
982.0 0.0029956047001178376
983.0 0.003038937211385928
984.0 0.0029753871785942465
985.0 0.0029118369639036246
986.0 0.0028298631150391884
987.0 0.002747889084275812
988.0 0.0025696745069581084
989.0 0.0023914602934382856
990.0 0.002425691855023615
991.0 0.0024599234166089445
992.0 0.0024992421458591707
993.0 0.0025385612389072776
994.0 0.0026195499231107533
995.0 0.0027005382435163483
996.0 0.002791570659610443
997.0 0.002882602893805597
998.0 0.0030306397093227133
999.0 0.00317867670673877
1000.0 0.0032665371691109613
1001.0 0.0033543979952810332
1002.0 0.0035542925616027787
1003.0 0.0037541867641266435
1004.0 0.0038766338548157364
1005.0 0.003999080581706949
1006.0 0.004169412932242267
1007.0 0.004339745646575466
1008.0 0.004264924064045772
1009.0 0.004190102117718197
1010.0 0.004186968726571649
1011.0 0.004183835335425101
1012.0 0.004145964703639038
1013.0 0.004108093708055094
1014.0 0.0038734175177523866
1015.0 0.0036387409636517987
1016.0 0.003434279642533511
1017.0 0.003229818321415223
1018.0 0.0028787622795789503
1019.0 0.0025277067834394984
1020.0 0.0021719260985264555
1021.0 0.0018161455955123529
1022.0 0.001612593769095838
1023.0 0.001409041760780383
1024.0 0.0014533922694681678
1025.0 0.0014977428691054229
1026.0 0.0013575725461123511
1027.0 0.0012174022231192794
1028.0 0.0011258978702244349
1029.0 0.0010343934263801202
1030.0 0.0009199445230478887
1031.0 0.0008054949830693658
1032.0 0.0007811302566551603
1033.0 0.0007567653483420145
1034.0 0.0007193899364210665
1035.0 0.0006820144335506484
1036.0 0.0008004582014109474
1037.0 0.000918901787372306
1038.0 0.0007855783223931212
1039.0 0.0006522549028886715
1040.0 0.000713492863724241
1041.0 0.0007747308700345457
1042.0 0.0008499973773723468
1043.0 0.0009252636118617374
1044.0 0.000906023706193082
1045.0 0.0008867840733728372
1046.0 0.0008610942131781485
1047.0 0.0008354047167813405
1048.0 0.0007509731858590385
1049.0 0.0006665417458862066
1050.0 0.0006754299192834878
1051.0 0.000684318047206034
1052.0 0.000953453218244249
1053.0 0.001222587889060378
1054.0 0.0009990902981371619
1055.0 0.0007755926162644755
1056.0 0.0008153445378411561
1057.0 0.0008550966413167771
1058.0 0.00077019312811899
1059.0 0.0006852897513454081
1060.0 0.0010537861271586735
1061.0 0.0014222819118003827
1062.0 0.001393206366628874
1063.0 0.0013641306395584252
1064.0 0.0010562719580775592
1065.0 0.000748413094697753
1066.0 0.0012047707969031762
1067.0 0.0016611285900580697
1068.0 0.0017998976545641199
1069.0 0.001938666173373349
1070.0 0.0015118118426471483
1071.0 0.0010849573300220072
1072.0 0.00136681092044455
1073.0 0.0016486646927660331
1074.0 0.0021168099920032546
1075.0 0.0025849551093415357
1076.0 0.002852781290130224
1077.0 0.003120607652817853
1078.0 0.003730750540853478
1079.0 0.004340893428889103
1080.0 0.004275093670003116
1081.0 0.004209293911117129
1082.0 0.004069603528478183
1083.0 0.003929913509637117
1084.0 0.004577899744617753
1085.0 0.005225885615800507
1086.0 0.005111945574753918
1087.0 0.004998005533707328
1088.0 0.004886428359895945
1089.0 0.004774851549882442
1090.0 0.004372992043499835
1091.0 0.003971132537117228
1092.0 0.003942586772609502
1093.0 0.003914041008101776
1094.0 0.004196874579065479
1095.0 0.004479708513827063
1096.0 0.0036078792618354782
1097.0 0.0027360501917428337
1098.0 0.0021517496861633845
1099.0 0.0015674493624828756
1100.0 0.0015043819985294249
1101.0 0.0014413141798286233
