lsstCam/transmission_filter_detector/r21_s10/r_57/19700101T000000.ecsv
# %ECSV 1.0
# ---
# datatype:
# - {name: wavelength, unit: nm, datatype: float32}
# - {name: efficiency, unit: '%', datatype: float64}
# meta: !!omap
# - {MODE: DETECTOR}
# - {TYPE: transmission_filter_detector}
# - {CALIBDATE: '1970-01-01T00:00:00'}
# - {INSTRUME: LSSTCam}
# - {OBSTYPE: transmission_filter_detector}
# - {CALIBCLS: lsst.ip.isr.IntermediateFilterDetectorTransmissionCurve}
# - {SOURCE: Materion (DM-46256)}
# - {DETECTOR: 84}
# - {FILTER: r_57}
# - {CALIB_ID: 'calibDate=1970-01-01T00:00:00 filter=r_57 detector=84'}
# - {DATE: '2025-04-02T15:59:44.571495'}
# - {CALIB_CREATION_DATE: '2025-04-02'}
# - {CALIB_CREATION_TIME: '15:59:44'}
# - __serialized_columns__:
#     efficiency:
#       __class__: astropy.units.quantity.Quantity
#       unit: !astropy.units.Unit {unit: '%'}
#       value: !astropy.table.SerializedColumn {name: efficiency}
#     wavelength:
#       __class__: astropy.units.quantity.Quantity
#       unit: !astropy.units.Unit {unit: nm}
#       value: !astropy.table.SerializedColumn {name: wavelength}
# schema: astropy-2.0
wavelength efficiency
300.0 0.0020754050638061017
301.0 0.004830211400985718
302.0 0.0075850170105695724
303.0 0.010149833542527631
304.0 0.01271465007448569
305.0 0.01136616847361438
306.0 0.01001768687274307
307.0 0.009037608106154948
308.0 0.008057527884375304
309.0 0.0075406300311442465
310.0 0.007023729995125905
311.0 0.006129518442321569
312.0 0.0052353072533151135
313.0 0.005082281859358773
314.0 0.0049292568292003125
315.0 0.004543913382804021
316.0 0.00415856993640773
317.0 0.003983116403105669
318.0 0.003807662142207846
319.0 0.0036606892535928637
320.0 0.0035137170925736427
321.0 0.0032604915759293362
322.0 0.003007265695487149
323.0 0.0027531834348337725
324.0 0.0024991019017761573
325.0 0.0022468941097031347
326.0 0.0019946864995290525
327.0 0.0020844612663495354
328.0 0.0021742360331700183
329.0 0.0022282138161244802
330.0 0.002282191599078942
331.0 0.0020654340914916247
332.0 0.0018486765839043073
333.0 0.001638693174754735
334.0 0.001428709856554633
335.0 0.001369148594676517
336.0 0.001309587423747871
337.0 0.0011839947546832263
338.0 0.0010584020856185816
339.0 0.0009739786037243903
340.0 0.0008895550308807287
341.0 0.0009466951269132551
342.0 0.0010038353138952516
343.0 0.0009193656296702102
344.0 0.0008348959454451688
345.0 0.0008366849215235561
346.0 0.0008384738066524733
347.0 0.0008270419129985385
348.0 0.0008156100193446036
349.0 0.0008098743819573428
350.0 0.0052288138249423355
351.0 0.005594270987785421
352.0 0.005959728150628507
353.0 0.00550126023881603
354.0 0.005042792690801434
355.0 0.004858453030465171
356.0 0.004674113733926788
357.0 0.005870395034435205
358.0 0.007066677062539384
359.0 0.005750374839408323
360.0 0.004434072252479382
361.0 0.0030724069802090526
362.0 0.0017107417079387233
363.0 0.0027585776479099877
364.0 0.003806413587881252
365.0 0.003645597826107405
366.0 0.003484782064333558
367.0 0.0030439825422945432
368.0 0.0026031826564576477
369.0 0.0022325404643197544
370.0 0.0018618980902829207
371.0 0.0022063113647163846
372.0 0.0025507248210487887
373.0 0.002852561738109216
374.0 0.0031543982913717628
375.0 0.0027180216420674697
376.0 0.002281645174662117
377.0 0.0013774358194496017
378.0 0.00047322664613602683
379.0 0.001202416024170816
380.0 0.0019316057660034858
381.0 0.0023555699954158626
382.0 0.0027795345886261202
383.0 0.0029574170184787363
384.0 0.0031352996302302927
385.0 0.004224639269523323
386.0 0.005313978545018472
387.0 0.004730665386887267
388.0 0.004147352228756063
389.0 0.0035035373002756387
390.0 0.0028597221898962744
391.0 0.0022550611902261153
392.0 0.0016504001905559562
393.0 0.0014896861102897674
394.0 0.001328971757175168
395.0 0.0009612426765670534
396.0 0.0005935135959589388
397.0 0.0006101417966419831
398.0 0.0006267704065976432
399.0 0.0005594319645751966
400.0 0.0004920932497043395
401.0 0.00015952691683196463
402.0 1.5917230641177005e-10
403.0 8.45287047468446e-05
404.0 0.0003420974735490745
405.0 0.0008300356057588942
406.0 0.0013179734196455684
407.0 0.0016686657545506023
408.0 0.002019357998506166
409.0 0.001618542410142254
410.0 0.0012177266398794018
411.0 0.0008566964424971957
412.0 0.0004956661541655194
413.0 0.0006216929705260554
414.0 0.0007477198778360616
415.0 0.000769518555898685
416.0 0.0007913175977591891
417.0 0.001204476757266093
418.0 0.001617636371520348
419.0 0.00211762326216558
420.0 0.0026176103347097524
421.0 0.003972924605477601
422.0 0.005328239058144391
423.0 0.008238468581112102
424.0 0.01114869664888829
425.0 0.015179421461652964
426.0 0.019210143364034593
427.0 0.019847169460263103
428.0 0.020484195556491613
429.0 0.01567797880852595
430.0 0.010871760605368763
431.0 0.007726615876890719
432.0 0.004581470420816913
433.0 0.0035840595955960453
434.0 0.0025866484065772966
435.0 0.002063630017801188
436.0 0.0015406116290250793
437.0 0.0013267639587866142
438.0 0.0011129166523460299
439.0 0.0009242159649147652
440.0 0.0007355154139077058
441.0 0.0010136485798284411
442.0 0.0012917818821733817
443.0 0.001641707422095351
444.0 0.00199163296201732
445.0 0.0019102584701613523
446.0 0.0018288841602043249
447.0 0.0016340949514415115
448.0 0.0014393060155271087
449.0 0.0013538297935156152
450.0 0.0012683531167567708
451.0 0.0013595199561677873
452.0 0.0014506867046293337
453.0 0.0015349271052400582
454.0 0.0016191674149013124
455.0 0.001409380365657853
456.0 0.001199593589262804
457.0 0.0008562296898162458
458.0 0.0005128658358444227
459.0 0.0007366003501374507
460.0 0.0009603348189557437
461.0 0.001558842632221058
462.0 0.002157350172637962
463.0 0.002860000495275017
464.0 0.003562650817912072
465.0 0.0045288397814147174
466.0 0.005495028744917363
467.0 0.006116211443440989
468.0 0.006737394869560376
469.0 0.005818743375129998
470.0 0.004900093699689023
471.0 0.00374432020180393
472.0 0.0025885465220198967
473.0 0.0020877301722066477
474.0 0.0015869136404944584
475.0 0.0012964698726136703
476.0 0.0010060265594802331
477.0 0.0008366712791030295
478.0 0.000667316044200561
479.0 0.0008670753231854178
480.0 0.0010668343747965991
481.0 0.0008206972779589705
482.0 0.000574560226596077
483.0 0.0006162067620607559
484.0 0.0006578531611012295
485.0 0.0006150344688649056
486.0 0.0005722156402043765
487.0 0.0005299394615576603
488.0 0.0004876631919614738
489.0 0.0005040199539507739
490.0 0.0005203767159400741
491.0 0.0006633576958847698
492.0 0.0008063386303547304
493.0 0.0009297375072492287
494.0 0.001053136384143727
495.0 0.000932572493184125
496.0 0.0008120084203255828
497.0 0.001035400782711804
498.0 0.0012587929631990846
499.0 0.0012852735380874947
500.0 0.0013117543858243152
501.0 0.0014269495295593515
502.0 0.0015421446732943878
503.0 0.0018897271729656495
504.0 0.0022373093088390306
505.0 0.0027368774681235664
506.0 0.003236445627408102
507.0 0.003894538531312719
508.0 0.004552631071419455
509.0 0.005037418668507598
510.0 0.00552220553799998
511.0 0.004947591514792293
512.0 0.0043729774915846065
513.0 0.0037168985727475956
514.0 0.0030608200177084655
515.0 0.0028639226002269424
516.0 0.00266702536464436
517.0 0.0025445488063269295
518.0 0.002422072066110559
519.0 0.06357090314850211
520.0 0.09151403210125864
521.0 0.08796738111414015
522.0 0.13917317846789956
523.0 0.09574043797329068
524.0 0.11806328548118472
525.0 0.062210019677877426
526.0 0.12546007055789232
527.0 0.10494940215721726
528.0 0.10847034864127636
529.0 0.1161944936029613
530.0 0.1700004911981523
531.0 0.11038632364943624
532.0 0.21400204859673977
533.0 0.23878864012658596
534.0 0.31939304899424314
535.0 0.37973017897456884
536.0 0.5192931275814772
537.0 0.762086408212781
538.0 1.1852371506392956
539.0 1.8654324114322662
540.0 2.948015183210373
541.0 4.477112740278244
542.0 6.610303372144699
543.0 9.48428139090538
544.0 12.812107801437378
545.0 16.64825826883316
546.0 21.161751449108124
547.0 26.932355761528015
548.0 34.20087993144989
549.0 42.304667830467224
550.0 49.17214214801788
551.0 57.061415910720825
552.0 62.91687488555908
553.0 68.3057427406311
554.0 73.2064962387085
555.0 77.2441029548645
556.0 81.1109721660614
557.0 84.01519060134888
558.0 87.31302618980408
559.0 90.46157598495483
560.0 91.69936776161194
561.0 93.51165294647217
562.0 94.61662769317627
563.0 94.77288722991943
564.0 95.04693746566772
565.0 94.94113326072693
566.0 95.53205370903015
567.0 94.59172487258911
568.0 95.32514810562134
569.0 95.9398627281189
570.0 95.24064660072327
571.0 96.23063802719116
572.0 96.21104598045349
573.0 96.35555148124695
574.0 96.53488993644714
575.0 96.55395746231079
576.0 96.74652814865112
577.0 96.83929085731506
578.0 96.73298597335815
579.0 96.49512767791748
580.0 96.444571018219
581.0 95.71925401687622
582.0 96.33315205574036
583.0 96.1665391921997
584.0 95.59586644172668
585.0 96.12661004066467
586.0 95.87826728820801
587.0 95.74533700942993
588.0 96.11735939979553
589.0 96.69811725616455
590.0 95.96902132034302
591.0 95.2679693698883
592.0 95.74612975120544
593.0 95.22066116333008
594.0 95.62585949897766
595.0 96.19874358177185
596.0 96.78149819374084
597.0 96.64909243583679
598.0 96.62774205207825
599.0 96.47367596626282
600.0 96.41999006271362
601.0 95.47297954559326
602.0 95.98786234855652
603.0 95.95787525177002
604.0 95.86570262908936
605.0 96.37855291366577
606.0 95.8415150642395
607.0 95.78619003295898
608.0 96.29966616630554
609.0 95.24545073509216
610.0 95.52252888679504
611.0 95.3934371471405
612.0 95.65229415893555
613.0 96.32318019866943
614.0 96.29587531089783
615.0 95.65194845199585
616.0 96.07846140861511
617.0 96.0256040096283
618.0 95.92890739440918
619.0 96.57158255577087
620.0 95.56537866592407
621.0 95.23150324821472
622.0 96.31879329681396
623.0 95.97286581993103
624.0 96.10452651977539
625.0 96.33660316467285
626.0 95.974862575531
627.0 94.90363001823425
628.0 96.81313633918762
629.0 95.29674649238586
630.0 95.99332213401794
631.0 95.68893313407898
632.0 96.23146057128906
633.0 96.038818359375
634.0 95.57375311851501
635.0 95.58570384979248
636.0 95.68333625793457
637.0 95.0770378112793
638.0 95.00247836112976
639.0 95.09814381599426
640.0 95.04619240760803
641.0 95.33206224441528
642.0 95.3550398349762
643.0 95.75334787368774
644.0 95.75250744819641
645.0 95.67122459411621
646.0 95.78300714492798
647.0 96.58308029174805
648.0 96.24534845352173
649.0 95.37864923477173
650.0 96.00962996482849
651.0 96.21866941452026
652.0 96.45168781280518
653.0 95.40559649467468
654.0 96.00825905799866
655.0 96.22894525527954
656.0 95.54204940795898
657.0 95.4431414604187
658.0 95.82958221435547
659.0 96.03269100189209
660.0 94.99385952949524
661.0 95.11376023292542
662.0 95.80015540122986
663.0 95.25980353355408
664.0 95.4569935798645
665.0 95.06036043167114
666.0 94.99347805976868
667.0 95.36592960357666
668.0 94.65348720550537
669.0 95.37175297737122
670.0 94.95394229888916
671.0 95.62536478042603
672.0 94.99616622924805
673.0 95.17570734024048
674.0 94.59410905838013
675.0 95.23501396179199
676.0 94.7831928730011
677.0 93.95182728767395
678.0 93.32510828971863
679.0 92.46752262115479
680.0 91.77485704421997
681.0 90.23517966270447
682.0 88.10809254646301
683.0 85.68627834320068
684.0 82.2227954864502
685.0 78.82575988769531
686.0 75.20046830177307
687.0 70.4418420791626
688.0 66.07139110565186
689.0 61.87501549720764
690.0 56.46204352378845
691.0 52.3418128490448
692.0 47.700369358062744
693.0 43.367063999176025
694.0 38.55435848236084
695.0 33.38993489742279
696.0 28.303521871566772
697.0 23.177063465118408
698.0 17.580150067806244
699.0 12.913316488265991
700.0 9.297053515911102
701.0 5.915777385234833
702.0 3.75511571764946
703.0 2.201148122549057
704.0 1.2867795303463936
705.0 0.7107438053935766
706.0 0.4846732132136822
707.0 0.27360464446246624
708.0 0.2062199404463172
709.0 0.18023453885689378
710.0 0.10863266652449965
711.0 0.07801642641425133
712.0 0.07818430312909186
713.0 0.07348028011620045
714.0 0.03415333048906177
715.0 0.05897731170989573
716.0 0.09413667139597237
717.0 0.08124607265926898
718.0 0.06189006380736828
719.0 0.025637054932303727
720.0 1.5917230641177005e-10
721.0 0.004632060154108331
722.0 0.004321457527112216
723.0 0.004010855627711862
724.0 0.0037188216083450243
725.0 0.0034267875889781862
726.0 0.0032058371289167553
727.0 0.0029848866688553244
728.0 0.002860251333913766
729.0 0.0027356156351743266
730.0 0.002527829747123178
731.0 0.00232004404097097
732.0 0.0022826694475952536
733.0 0.0022452950361184776
734.0 0.002168568789784331
735.0 0.0020918421796523035
736.0 0.0019258704924141057
737.0 0.001759898805175908
738.0 0.0017198126442963257
739.0 0.0016797264834167436
740.0 0.0016358048014808446
741.0 0.001591883301443886
742.0 0.0014592662409995683
743.0 0.0013266491805552505
744.0 0.001412756319041364
745.0 0.0014988631846790668
746.0 0.001401916870236164
747.0 0.0013049707376922015
748.0 0.0012118308404751588
749.0 0.0011186908523086458
750.0 0.0010757843483588658
751.0 0.0010328781172574963
752.0 0.0010867986929952167
753.0 0.001140719268732937
754.0 0.0011256319339736365
755.0 0.0011105448720627464
756.0 0.0010665038644219749
757.0 0.0010224625839327928
758.0 0.0010291048056387808
759.0 0.0010357468454458285
760.0 0.001061705461324891
761.0 0.0010876641681534238
762.0 0.0010994249350915197
763.0 0.0011111859748780262
764.0 0.001079528192349244
765.0 0.0010478703188709915
766.0 0.0008640500709589105
767.0 0.0006802296411478892
768.0 0.0006553953880938934
769.0 0.0006305609076662222
770.0 0.0007604845905007096
771.0 0.0008904083188099321
772.0 0.0008522337338945363
773.0 0.0008140589670802001
774.0 0.0009087288162845653
775.0 0.0010033986654889304
776.0 0.0009655622307036538
777.0 0.0009277257959183771
778.0 0.0008962737410911359
779.0 0.000864821868162835
780.0 0.0007656697562197223
781.0 0.0006665177352260798
782.0 0.0007381730029010214
783.0 0.000809828270575963
784.0 0.0008120877282635774
785.0 0.0008143469131027814
786.0 0.0007312010438909056
787.0 0.0006480551292042946
788.0 0.0006460730674007209
789.0 0.0006440911420213524
790.0 0.0007130646736186463
791.0 0.0007820382052159403
792.0 0.0008087410606094636
793.0 0.0008354438250535168
794.0 0.0008649760275147855
795.0 0.0008945080480771139
796.0 0.0007512844604207203
797.0 0.0006080607818148565
798.0 0.000766143602959346
799.0 0.0009242264241038356
800.0 0.0008626233466202393
801.0 0.0008010199962882325
802.0 0.0007294447186723119
803.0 0.0006578691227332456
804.0 0.0007107533747330308
805.0 0.0007636375812580809
806.0 0.0006846697942819446
807.0 0.0006057020527805435
808.0 0.000718408819011529
809.0 0.0008311155397677794
810.0 0.000777604327595327
811.0 0.000724093297321815
812.0 0.0007415093477902701
813.0 0.0007589253527839901
814.0 0.0006317303814284969
815.0 0.0005045355010224739
816.0 0.0006140892764960881
817.0 0.0007236431429191725
818.0 0.0006529610800498631
819.0 0.0005822789717058185
820.0 0.0005076856268715346
821.0 0.0004330923275119858
822.0 0.0004455027919902932
823.0 0.00045791334741807077
824.0 0.00045850097194488626
825.0 0.00045908864194643684
826.0 0.0005179824256629217
827.0 0.0005768762093794066
828.0 0.00047237226681318134
829.0 0.0003678683015095885
830.0 0.000211273186323524
831.0 5.4678082506143255e-05
832.0 3.9743414959048096e-05
833.0 2.4808755938465765e-05
834.0 5.173308750272554e-05
835.0 7.865739348744683e-05
836.0 0.000281372012977954
837.0 0.000484086740470957
838.0 0.0007105815257091308
839.0 0.0009370763109473046
840.0 0.0012261581105121877
841.0 0.0015152398191276006
842.0 0.0019408671505516395
843.0 0.0023664946638746187
844.0 0.002192502870457247
845.0 0.0020185112589388154
846.0 0.0017984892110689543
847.0 0.0015784669813001528
848.0 0.001521476406196598
849.0 0.0014644856491941027
850.0 0.0013915317140344996
851.0 0.0013185776879254263
852.0 0.001214023450302193
853.0 0.0011094688488810789
854.0 0.0009604164006304927
855.0 0.0008113635885820258
856.0 0.0006395395303115947
857.0 0.0004677154720411636
858.0 0.0005346462785382755
859.0 0.0006015769940859172
860.0 0.0004778139555128291
861.0 0.000354050916939741
862.0 0.00034815766412066296
863.0 0.00034226438856421737
864.0 0.00024027237941481872
865.0 0.00013828042710883892
866.0 0.00012245657217135886
867.0 0.00010663269449651125
868.0 0.00012452383089112118
869.0 0.0001424149331796798
870.0 5.978367312309274e-05
871.0 1.5917230641177005e-10
872.0 1.5917230641177005e-10
873.0 1.5917230641177005e-10
874.0 1.5917230641177005e-10
875.0 1.5917230641177005e-10
876.0 1.5917230641177005e-10
877.0 1.5917230641177005e-10
878.0 6.118022497503262e-05
879.0 0.00014060462945053587
880.0 0.00016337156694135047
881.0 0.0001861384930634813
882.0 0.00014857331507300842
883.0 0.00011100815981990309
884.0 2.7412261260906234e-05
885.0 1.5917230641177005e-10
886.0 4.242140789756377e-05
887.0 0.00014102645309321815
888.0 0.0001974072802113369
889.0 0.00025378810732945567
890.0 0.0001830739961405925
891.0 0.0001123598963204131
892.0 1.5917230641177005e-10
893.0 1.5917230641177005e-10
894.0 1.5917230641177005e-10
895.0 2.0674846723522933e-05
896.0 3.9567214571434306e-05
897.0 5.845961368322605e-05
898.0 0.00010355053063904052
899.0 0.0001486414362261712
900.0 8.095798875729088e-05
