lsstCam/transmission_filter_detector/r30_s22/y_10/19700101T000000.ecsv
# %ECSV 1.0
# ---
# datatype:
# - {name: wavelength, unit: nm, datatype: float32}
# - {name: efficiency, unit: '%', datatype: float64}
# meta: !!omap
# - {MODE: DETECTOR}
# - {TYPE: transmission_filter_detector}
# - {CALIBDATE: '1970-01-01T00:00:00'}
# - {INSTRUME: LSSTCam}
# - {OBSTYPE: transmission_filter_detector}
# - {CALIBCLS: lsst.ip.isr.IntermediateFilterDetectorTransmissionCurve}
# - {SOURCE: Materion (DM-46256)}
# - {DETECTOR: 125}
# - {FILTER: y_10}
# - {CALIB_ID: 'calibDate=1970-01-01T00:00:00 filter=y_10 detector=125'}
# - {DATE: '2025-04-02T15:59:51.322413'}
# - {CALIB_CREATION_DATE: '2025-04-02'}
# - {CALIB_CREATION_TIME: '15:59:51'}
# - __serialized_columns__:
#     efficiency:
#       __class__: astropy.units.quantity.Quantity
#       unit: !astropy.units.Unit {unit: '%'}
#       value: !astropy.table.SerializedColumn {name: efficiency}
#     wavelength:
#       __class__: astropy.units.quantity.Quantity
#       unit: !astropy.units.Unit {unit: nm}
#       value: !astropy.table.SerializedColumn {name: wavelength}
# schema: astropy-2.0
wavelength efficiency
300.0 0.023527485609520227
301.0 0.019922878709621727
302.0 0.016318268899340183
303.0 0.01291660446440801
304.0 0.0095149407570716
305.0 0.009491843957221135
306.0 0.009468743519391865
307.0 0.007216254743980244
308.0 0.004963767423760146
309.0 0.005737160972785205
310.0 0.006510555977001786
311.0 0.0056483659136574715
312.0 0.0047861762141110376
313.0 0.0067917906562797725
314.0 0.008797404007054865
315.0 0.006697796197840944
316.0 0.004598188024829142
317.0 0.003841878060484305
318.0 0.0030855680961394683
319.0 0.001959399742190726
320.0 0.0008332311153935734
321.0 0.0011801747859863099
322.0 0.0015271187294274569
323.0 0.0026032024834421463
324.0 0.003679286237456836
325.0 0.0030985436751507223
326.0 0.0025178020223393105
327.0 0.0029651888326043263
328.0 0.0034125758247682825
329.0 0.0033290329156443477
330.0 0.0032454903703182936
331.0 0.002810960722854361
332.0 0.0023764312572893687
333.0 0.0019467184756649658
334.0 0.0015170056030910928
335.0 0.001216542295878753
336.0 0.0009160788977169432
337.0 0.0009740794666868169
338.0 0.0010320801266061608
339.0 0.000922978506423533
340.0 0.0008138771590893157
341.0 0.0009862869774224237
342.0 0.0011586968867050018
343.0 0.0011985148375970311
344.0 0.0012383327884890605
345.0 0.0008662952495797072
346.0 0.000494257801619824
347.0 0.000764752348914044
348.0 0.0010352470781072043
349.0 0.001102074111258844
350.0 0.0011689010534610134
351.0 0.001157801852968987
352.0 0.0011467026524769608
353.0 0.0012270628758415114
354.0 0.0013074230082565919
355.0 0.0013640701581607573
356.0 0.0014207173080649227
357.0 0.001258163683814928
358.0 0.0010956101505144034
359.0 0.0010407038644189015
360.0 0.0009857975783233996
361.0 0.000897831250767922
362.0 0.0008098650141619146
363.0 0.0009674086868471932
364.0 0.0011249523595324717
365.0 0.0012295565284148324
366.0 0.0013341608791961335
367.0 0.0017613901945878752
368.0 0.002188619509979617
369.0 0.0017954796931007877
370.0 0.0014023402400198393
371.0 0.001313368647970492
372.0 0.001224397146870615
373.0 0.001564397280162666
374.0 0.0019043973225052468
375.0 0.0026702771720010787
376.0 0.003436157203395851
377.0 0.003804155858233571
378.0 0.004172154513071291
379.0 0.0038759182643843815
380.0 0.0035796823794953525
381.0 0.002933377618319355
382.0 0.0022870730390422978
383.0 0.001559256634209305
384.0 0.0008314405931741931
385.0 0.0007812042895238847
386.0 0.0007309679858735763
387.0 0.0004743791578221135
388.0 0.00021779030703328317
389.0 0.0002527141305108671
390.0 0.0002876379312510835
391.0 0.0004964951131114503
392.0 0.000705352204022347
393.0 0.0007196797923825216
394.0 0.0007340072897932259
395.0 0.000727756014384795
396.0 0.000721504738976364
397.0 0.0007201007520052372
398.0 0.0007186966740846401
399.0 0.0008904818059818354
400.0 0.0010622668014548253
401.0 0.0014025700693309773
402.0 0.001742873246257659
403.0 0.0017893502445076592
404.0 0.0018358276065555401
405.0 0.0017667976862867363
406.0 0.0016977677660179324
407.0 0.0017360669517074712
408.0 0.0017743661373970099
409.0 0.0014806048056925647
410.0 0.0011868435649375897
411.0 0.0008349756171810441
412.0 0.0004831075784750283
413.0 0.0008637762221042067
414.0 0.0012444450476323254
415.0 0.0005427670203062007
416.0 1.6625933485850397e-10
417.0 0.0001583394350745948
418.0 0.00047559005906805396
419.0 0.0004741507382277632
420.0 0.0004727112809632672
421.0 1.6625933485850397e-10
422.0 1.6625933485850397e-10
423.0 1.6625933485850397e-10
424.0 1.6625933485850397e-10
425.0 1.983097064339745e-05
426.0 0.00030725593660463346
427.0 0.000522382470080629
428.0 0.0007375087534455815
429.0 0.0005800225153507199
430.0 0.0004225362772558583
431.0 9.031944046000717e-05
432.0 1.6625933485850397e-10
433.0 7.797472107995418e-05
434.0 0.00039784686123311985
435.0 0.00036784238091058796
436.0 0.0003378379688001587
437.0 0.00019142912606184836
438.0 4.50203742730082e-05
439.0 0.0005852836693520658
440.0 0.0011255469871684909
441.0 0.0007517455742345192
442.0 0.0003779442977247527
443.0 0.0005613759640255012
444.0 0.0007448076303262496
445.0 0.0005761494321632199
446.0 0.0004074910066265147
447.0 0.00029225773232610663
448.0 0.00017702453760648496
449.0 7.160252266658063e-05
450.0 1.6625933485850397e-10
451.0 0.00026558764147921465
452.0 0.0005649946160701802
453.0 0.0002870363005058607
454.0 9.077916729438584e-06
455.0 0.0002292207682330627
456.0 0.00044936368794878945
457.0 0.00025881647616188275
458.0 6.826908247603569e-05
459.0 0.00013301473700266797
460.0 0.00019776055069087306
461.0 4.297933742236637e-05
462.0 1.6625933485850397e-10
463.0 0.00015976069107637159
464.0 0.0004313232238928322
465.0 0.0006046870112186298
466.0 0.0007780509804433677
467.0 0.0008830195838527288
468.0 0.0009879883691610303
469.0 0.0013623352060676552
470.0 0.0017366821339237504
471.0 0.0017409554857295007
472.0 0.0017452286556363106
473.0 0.002063955253106542
474.0 0.0023826818505767733
475.0 0.0025020777684403583
476.0 0.0026214736863039434
477.0 0.0026425186661072075
478.0 0.0026635636459104717
479.0 0.003091914186370559
480.0 0.0035202647268306464
481.0 0.00395923234464135
482.0 0.004398199962452054
483.0 0.004362093022791669
484.0 0.0043259860831312835
485.0 0.003923520489479415
486.0 0.0035210552596254274
487.0 0.003070824095630087
488.0 0.0026205929316347465
489.0 0.002496927663742099
490.0 0.0023732623958494514
491.0 0.0019727709513972513
492.0 0.0015722795069450513
493.0 0.001540072298666928
494.0 0.0015078651813382749
495.0 0.001735854493745137
496.0 0.0019638438971014693
497.0 0.0016691736163920723
498.0 0.0013745030628342647
499.0 0.0017679283700999804
500.0 0.002161353586416226
501.0 0.0022140435248729773
502.0 0.0022667332814307883
503.0 0.002577865780040156
504.0 0.0028889980967505835
505.0 0.0025976542019634508
506.0 0.0023063104890752584
507.0 0.002049884460575413
508.0 0.0017934584320755675
509.0 0.0018254439055453986
510.0 0.00185742956091417
511.0 0.00178494410647545
512.0 0.0017124588339356706
513.0 0.001938732384587638
514.0 0.0021650059352396056
515.0 0.0017013884644256905
516.0 0.001237770811712835
517.0 0.0012909083125123288
518.0 0.0013440457223623525
519.0 0.0011494787031551823
520.0 0.0009549116839480121
521.0 0.0010715412827266846
522.0 0.0011881705177074764
523.0 0.0013545601177611388
524.0 0.0015209494449663907
525.0 0.0018785489373840392
526.0 0.002236148611700628
527.0 0.0022795600671088323
528.0 0.0023229715225170366
529.0 0.0024929353457991965
530.0 0.0026628991690813564
531.0 0.002453493834764231
532.0 0.002244088682346046
533.0 0.00214970568777062
534.0 0.002055322693195194
535.0 0.001749891998770181
536.0 0.0014444610314967576
537.0 0.0017385818864568137
538.0 0.0020327026504673995
539.0 0.002295767262694426
540.0 0.002558831693022512
541.0 0.0033027692552423105
542.0 0.004046706817462109
543.0 0.004301482476876117
544.0 0.0045562581362901255
545.0 0.004784399061463773
546.0 0.005012539986637421
547.0 0.0045477132516680285
548.0 0.004082886516698636
549.0 0.0033794280170695856
550.0 0.0026759691536426544
551.0 0.00277003910014173
552.0 0.0028641088647418655
553.0 0.002706012310227379
554.0 0.002547915755712893
555.0 0.003232217932236381
556.0 0.0039165199268609285
557.0 0.004086167973582633
558.0 0.004255816020304337
559.0 0.0039062324503902346
560.0 0.003556648880476132
561.0 0.00362630671588704
562.0 0.0036959649150958285
563.0 0.003396211104700342
564.0 0.003096457294304855
565.0 0.003434067912166938
566.0 0.003771678530029021
567.0 0.004131251262151636
568.0 0.004490823994274251
569.0 0.004961819286108948
570.0 0.005432814214145765
571.0 0.006035406477167271
572.0 0.0066379987401887774
573.0 0.006730689347023144
574.0 0.006823380681453273
575.0 0.006773052882635966
576.0 0.006722725083818659
577.0 0.006021307854098268
578.0 0.0053198906243778765
579.0 0.005189215153222904
580.0 0.005058540409663692
581.0 0.005695265281246975
582.0 0.006331990152830258
583.0 0.007732479571131989
584.0 0.00913296898943372
585.0 0.009953566041076556
586.0 0.010774166003102437
587.0 0.010845751239685342
588.0 0.010917338659055531
589.0 0.010788807412609458
590.0 0.01066027907654643
591.0 0.009974008571589366
592.0 0.009287740977015346
593.0 0.008219250594265759
594.0 0.0071507616667076945
595.0 0.0062342842284124345
596.0 0.005317807153915055
597.0 0.005432160833152011
598.0 0.005546514512388967
599.0 0.006511861283797771
600.0 0.007477206963812932
601.0 0.008564332529203966
602.0 0.009651455184211954
603.0 0.010332152305636555
604.0 0.011012848699465394
605.0 0.01081920345313847
606.0 0.010625556751620024
607.0 0.009914189286064357
608.0 0.009202821820508689
609.0 0.007648310565855354
610.0 0.006093801130191423
611.0 0.004827548400498927
612.0 0.003561296034604311
613.0 0.0034132641303585842
614.0 0.0032652322261128575
615.0 0.004005028313258663
616.0 0.0047448240366065875
617.0 0.005957391476840712
618.0 0.007169958553276956
619.0 0.00878082137205638
620.0 0.010391684190835804
621.0 0.010702870349632576
622.0 0.011014055780833587
623.0 0.011338976764818653
624.0 0.01166389774880372
625.0 0.011091608030255884
626.0 0.01051931903930381
627.0 0.008695732685737312
628.0 0.006872146332170814
629.0 0.005408491415437311
630.0 0.003944836498703808
631.0 0.00320107901643496
632.0 0.002457321716065053
633.0 0.0023746444639982656
634.0 0.0022919672119314782
635.0 0.0027210993721382692
636.0 0.0031502317142440006
637.0 0.0034676930226851255
638.0 0.0037851543311262503
639.0 0.004492864536587149
640.0 0.0052005747420480475
641.0 0.005409528603195213
642.0 0.005618482100544497
643.0 0.005643377153319307
644.0 0.005668272206094116
645.0 0.005094369043945335
646.0 0.004520465881796554
647.0 0.004068723865202628
648.0 0.0036169818486087024
649.0 0.002883049637603108
650.0 0.002149117790395394
651.0 0.0018706501577980816
652.0 0.0015921825252007693
653.0 0.0014270101928559598
654.0 0.00126183776956168
655.0 0.001368787980027264
656.0 0.001475738190492848
657.0 0.001647664248594083
658.0 0.001819590397644788
659.0 0.0015665296814404428
660.0 0.0013134690561855678
661.0 0.0014763333638256881
662.0 0.0016391977624152787
663.0 0.0018021160940406844
664.0 0.0019650340618682094
665.0 0.002512901664886158
666.0 0.003060769449803047
667.0 0.003601289790822193
668.0 0.00414181049563922
669.0 0.004949599679093808
670.0 0.005757388498750515
671.0 0.006555210711667314
672.0 0.007353030377998948
673.0 0.007797232683515176
674.0 0.008241434989031404
675.0 0.007917901530163363
676.0 0.007594368071295321
677.0 0.006648577254964039
678.0 0.005702785711036995
679.0 0.004348805668996647
680.0 0.002994824717461597
681.0 0.0018570159227238037
682.0 0.0007192074917838909
683.0 0.0006112523351475829
684.0 0.0005032973149354802
685.0 0.0002330254119442543
686.0 1.6625933485850397e-10
687.0 1.8131120782527432e-05
688.0 7.350869850597519e-05
689.0 0.00010373200893809553
690.0 0.00013395527957982267
691.0 0.000137750157591654
692.0 0.00014154499012875021
693.0 0.0003675662583191297
694.0 0.0005935874924034579
695.0 0.0004000432454631664
696.0 0.0002064992031591828
697.0 0.00020767206478922162
698.0 0.000208844949156628
699.0 0.00034478689485695213
700.0 0.00048072884055727627
701.0 0.00045631736611539964
702.0 0.0004319058007240528
703.0 0.0003313951083327993
704.0 0.00023088450689101592
705.0 0.00019456010704743676
706.0 0.00015823572994122515
707.0 0.00017462957657699008
708.0 0.00019102340047538746
709.0 0.0003102357595707872
710.0 0.000429448164140922
711.0 0.0004061140316480305
712.0 0.0003827798536804039
713.0 0.0001466694925511547
714.0 1.6625933485850397e-10
715.0 1.6625933485850397e-10
716.0 1.6625933485850397e-10
717.0 1.6625933485850397e-10
718.0 6.747647063320983e-06
719.0 0.00014750753507541958
720.0 0.00028826739253418054
721.0 0.0003962093614973128
722.0 0.000504151330460445
723.0 0.00029218165309430333
724.0 8.021192456908466e-05
725.0 0.0003975931576860603
726.0 0.000714974339643959
727.0 0.0001634371415093483
728.0 1.6625933485850397e-10
729.0 1.0605590006207422e-05
730.0 0.00040931090552476235
731.0 0.00040230888771475293
732.0 0.0003953068244300084
733.0 0.0004967399036104325
734.0 0.0005981730737403268
735.0 0.00024241394385171589
736.0 1.6625933485850397e-10
737.0 2.766048510238761e-05
738.0 0.00016866607666088385
739.0 6.593019179490511e-05
740.0 1.6625933485850397e-10
741.0 4.582797430430219e-06
742.0 4.5971125928190304e-05
743.0 0.0002550385488575557
744.0 0.0004641059149435023
745.0 0.0005901045369682834
746.0 0.0007161029770941241
747.0 0.0006684606887574773
748.0 0.0006208184004208306
749.0 0.0004192580036033178
750.0 0.00021769765226054005
751.0 0.00040855620682123117
752.0 0.0005994148523313925
753.0 0.00040913114389695693
754.0 0.00021884748093725648
755.0 0.0005023434368922608
756.0 0.0007858394383220002
757.0 0.0006252414095797576
758.0 0.0004646432898880448
759.0 0.00021762730284535792
760.0 1.6625933485850397e-10
761.0 0.0003002930952789029
762.0 0.0006299747838056646
763.0 0.000512390988660627
764.0 0.00039480692066717893
765.0 0.0003336746885906905
766.0 0.0002725425247263047
767.0 0.0003729729087353917
768.0 0.0004734034064313164
769.0 0.00034988834158866666
770.0 0.00022637327674601693
771.0 0.00039148435462266207
772.0 0.0005565954779740423
773.0 0.0005246223281574203
774.0 0.0004926492692902684
775.0 0.00014337393849928048
776.0 1.6625933485850397e-10
777.0 1.6625933485850397e-10
778.0 6.28441000571911e-05
779.0 0.0004693360097007826
780.0 0.0008758281182963401
781.0 0.0008469075510220136
782.0 0.0008179868018487468
783.0 0.0006644540007982869
784.0 0.0005109211542730918
785.0 0.00032016732802730985
786.0 0.00012941346767547657
787.0 5.7718136048379165e-06
788.0 1.6625933485850397e-10
789.0 6.603763722523581e-05
790.0 0.0002499450602044817
791.0 0.00045564925130747724
792.0 0.0006613534424104728
793.0 0.0007804272172506899
794.0 0.0008995010830403771
795.0 0.0006650393061136128
796.0 0.00043057752918684855
797.0 0.0005876968316442799
798.0 0.0007448159067280358
799.0 0.0006765556918253424
800.0 0.000608295522397384
801.0 0.0008164425707946066
802.0 0.0010245899829897098
803.0 0.0008378269740205724
804.0 0.0006510639195766998
805.0 0.0004947028628521366
806.0 0.00033834169244073564
807.0 5.116986656616973e-06
808.0 1.6625933485850397e-10
809.0 0.0003220131020498229
810.0 0.0009721341484691948
811.0 0.0006839684374426724
812.0 0.0003958027718908852
813.0 0.0006023625701345736
814.0 0.0008089224138529971
815.0 0.0005813873940496705
816.0 0.0003538521468726685
817.0 0.0005903852525079856
818.0 0.0008269182217190973
819.0 0.0007656917659915052
820.0 0.0007044654012133833
821.0 0.0008863868970365729
822.0 0.0010683083019102924
823.0 0.0008708620953257196
824.0 0.0006734162525390275
825.0 0.0008610314580437262
826.0 0.0010486466635484248
827.0 0.0005729903477913467
828.0 9.733392971611465e-05
829.0 0.0001782298113539582
830.0 0.000259125681623118
831.0 0.00039335777728410903
832.0 0.0005275899638945702
833.0 0.0007572093181806849
834.0 0.0009868285815173294
835.0 0.000837000334286131
836.0 0.0006871722234791378
837.0 0.0006172135726956185
838.0 0.0005472549673868343
839.0 0.0007189780717453687
840.0 0.000890701176103903
841.0 0.0009710876838653348
842.0 0.0010514742825762369
843.0 0.0010320121873519383
844.0 0.00101255018307711
845.0 0.0006800765277148457
846.0 0.00034760296330205165
847.0 0.0007471794106095331
848.0 0.0011467560398159549
849.0 0.0010891660167544615
850.0 0.0010315760846424382
851.0 0.000795851337898057
852.0 0.000560126727577881
853.0 0.000577282662561629
854.0 0.0005944385065959068
855.0 0.0007607911356899422
856.0 0.0009271434464608319
857.0 0.0009194294761982746
858.0 0.0009117155059357174
859.0 0.0009291398782806937
860.0 0.0009465644325246103
861.0 0.0010706503417168278
862.0 0.0011947362509090453
863.0 0.0014307585843198467
864.0 0.0016667807358317077
865.0 0.0020190957002341747
866.0 0.0023714104827377014
867.0 0.0024511180527042598
868.0 0.0025308258045697585
869.0 0.002792918894556351
870.0 0.003055011620745063
871.0 0.0030980078008724377
872.0 0.0031410039809998125
873.0 0.0028356937036733143
874.0 0.002530383972043637
875.0 0.002508305260562338
