lsstCam/transmission_filter_detector/r30_s22/y_10/19700101T000000.ecsv
# %ECSV 1.0
# ---
# datatype:
# - {name: wavelength, unit: nm, datatype: float32}
# - {name: efficiency, unit: '%', datatype: float64}
# meta: !!omap
# - {MODE: DETECTOR}
# - {TYPE: transmission_filter_detector}
# - {CALIBDATE: '1970-01-01T00:00:00'}
# - {INSTRUME: LSSTCam}
# - {OBSTYPE: transmission_filter_detector}
# - {CALIBCLS: lsst.ip.isr.IntermediateFilterDetectorTransmissionCurve}
# - {SOURCE: Materion (DM-46256)}
# - {DETECTOR: 125}
# - {FILTER: y_10}
# - {CALIB_ID: 'calibDate=1970-01-01T00:00:00 filter=y_10 detector=125'}
# - {DATE: '2025-04-02T15:59:51.322413'}
# - {CALIB_CREATION_DATE: '2025-04-02'}
# - {CALIB_CREATION_TIME: '15:59:51'}
# - __serialized_columns__:
#     efficiency:
#       __class__: astropy.units.quantity.Quantity
#       unit: !astropy.units.Unit {unit: '%'}
#       value: !astropy.table.SerializedColumn {name: efficiency}
#     wavelength:
#       __class__: astropy.units.quantity.Quantity
#       unit: !astropy.units.Unit {unit: nm}
#       value: !astropy.table.SerializedColumn {name: wavelength}
# schema: astropy-2.0
wavelength efficiency
[from data line 577]
877.0 0.002522781323932577
878.0 0.002559336462581996
879.0 0.0018013683074968867
880.0 0.06195088499225676
881.0 0.08672999101690948
882.0 0.07634230423718691
883.0 0.10158531367778778
884.0 0.06187519757077098
885.0 0.07710831123404205
886.0 0.061781081603839993
887.0 0.09341748664155602
888.0 0.06863944581709802
889.0 0.09310289169661701
890.0 0.06981824990361929
891.0 0.09760227985680103
892.0 0.07423594361171126
893.0 0.10045877425000072
894.0 0.0780755712185055
895.0 0.09725700365379453
896.0 0.07313357200473547
897.0 0.09848441695794463
898.0 0.08461485267616808
899.0 0.10822959011420608
900.0 0.10197141673415899
901.0 0.11976634850725532
902.0 0.1333062769845128
903.0 0.13283228036016226
904.0 0.15675182221457362
905.0 0.18253105226904154
906.0 0.2123839920386672
907.0 0.2607752103358507
908.0 0.3296539653092623
909.0 0.4130200017243624
910.0 0.566914863884449
911.0 0.7857766933739185
912.0 1.1428973637521267
913.0 1.6591232270002365
914.0 2.3605916649103165
915.0 3.4840859472751617
916.0 4.908918589353561
917.0 6.610678136348724
918.0 8.713128417730331
919.0 10.840175300836563
920.0 13.880813121795654
921.0 17.038549482822418
922.0 20.088188350200653
923.0 23.5944464802742
924.0 27.376511693000793
925.0 31.611478328704834
926.0 36.855047941207886
927.0 42.78554022312164
928.0 48.28660786151886
929.0 54.52885031700134
930.0 60.40307879447937
931.0 66.5930688381195
932.0 72.70480990409851
933.0 78.26696634292603
934.0 82.78961777687073
935.0 86.31691932678223
936.0 89.33097720146179
937.0 91.62506461143494
938.0 93.30397844314575
939.0 94.3442702293396
940.0 95.06921172142029
941.0 95.46020030975342
942.0 95.86134552955627
943.0 96.12416625022888
944.0 96.51147723197937
945.0 96.62002325057983
946.0 96.87438607215881
947.0 96.96739315986633
948.0 97.11855053901672
949.0 97.0615804195404
950.0 97.1601665019989
951.0 97.13831543922424
952.0 97.1660852432251
953.0 97.27972745895386
954.0 97.31322526931763
955.0 97.35352993011475
956.0 97.57570028305054
957.0 97.74227142333984
958.0 97.92782664299011
959.0 98.05711507797241
960.0 98.22457432746887
961.0 98.34022521972656
962.0 98.46904277801514
963.0 98.52023720741272
964.0 98.56817126274109
965.0 98.68741035461426
966.0 98.76742959022522
967.0 98.84641170501709
968.0 98.86012673377991
969.0 98.81088733673096
970.0 98.86549711227417
971.0 98.90967011451721
972.0 98.93366694450378
973.0 99.00379776954651
974.0 99.036705493927
975.0 99.02735948562622
976.0 99.07999038696289
977.0 99.04932975769043
978.0 99.12493824958801
979.0 99.08961057662964
980.0 99.0773618221283
981.0 99.01625514030457
982.0 98.96641373634338
983.0 99.01545643806458
984.0 98.94052147865295
985.0 98.94697666168213
986.0 98.82815480232239
987.0 98.86230230331421
988.0 98.72778654098511
989.0 98.73523712158203
990.0 98.66341948509216
991.0 98.67885708808899
992.0 98.74619841575623
993.0 98.65051507949829
994.0 98.62611293792725
995.0 98.65710735321045
996.0 98.60830903053284
997.0 98.72242212295532
998.0 98.76066446304321
999.0 98.81374835968018
1000.0 98.82622957229614
1001.0 98.80985617637634
1002.0 98.94342422485352
1003.0 98.94545078277588
1004.0 99.04341697692871
1005.0 99.04446005821228
1006.0 99.10070300102234
1007.0 99.12959933280945
1008.0 99.13833141326904
1009.0 99.10093545913696
1010.0 99.15503859519958
1011.0 99.13914799690247
1012.0 99.04735088348389
1013.0 99.06057119369507
1014.0 99.00773167610168
1015.0 98.9759087562561
1016.0 98.95256161689758
1017.0 98.97238612174988
1018.0 99.03398752212524
1019.0 98.89201521873474
1020.0 98.93711805343628
1021.0 99.0823745727539
1022.0 98.93158078193665
1023.0 98.99722933769226
1024.0 98.94882440567017
1025.0 98.93779754638672
1026.0 98.95085096359253
1027.0 99.06989336013794
1028.0 99.00427460670471
1029.0 99.09278154373169
1030.0 99.13333654403687
1031.0 99.10683631896973
1032.0 99.10067915916443
1033.0 99.09550547599792
1034.0 99.16219115257263
1035.0 99.20259714126587
1036.0 99.15000796318054
1037.0 99.14509057998657
1038.0 99.07863140106201
1039.0 99.0709900856018
1040.0 98.98067712783813
1041.0 99.03746247291565
1042.0 99.04032349586487
1043.0 98.97568821907043
1044.0 99.07529354095459
1045.0 98.71975183486938
1046.0 98.96925687789917
1047.0 98.85913729667664
1048.0 98.90221953392029
1049.0 98.7849235534668
1050.0 98.79006147384644
1051.0 98.80091547966003
1052.0 98.74837398529053
1053.0 98.64267706871033
1054.0 98.8652765750885
1055.0 98.94921779632568
1056.0 98.86844754219055
1057.0 98.90686869621277
1058.0 98.7341821193695
1059.0 98.77840280532837
1060.0 98.8982081413269
1061.0 98.84524345397949
1062.0 98.93180727958679
1063.0 98.82901310920715
1064.0 98.98412823677063
1065.0 98.90836477279663
1066.0 98.90609979629517
1067.0 99.14363622665405
1068.0 98.94723892211914
1069.0 98.7078607082367
1070.0 99.14844036102295
1071.0 98.84648323059082
1072.0 99.04760718345642
1073.0 99.137943983078
1074.0 98.70986938476562
1075.0 98.71768951416016
1076.0 98.55508804321289
1077.0 99.00059103965759
1078.0 98.97339344024658
1079.0 98.71721863746643
1080.0 99.34449791908264
1081.0 98.56483340263367
1082.0 98.51033091545105
1083.0 98.6435055732727
1084.0 98.948734998703
1085.0 98.8968551158905
1086.0 98.64969849586487
1087.0 98.68243336677551
1088.0 98.60509634017944
1089.0 98.3823835849762
1090.0 98.7068772315979
1091.0 98.55222702026367
1092.0 98.65322709083557
1093.0 98.5632598400116
1094.0 98.3768105506897
1095.0 98.45465421676636
1096.0 98.4326958656311
1097.0 98.45959544181824
1098.0 97.63703942298889
1099.0 98.59626293182373
1100.0 98.05639386177063
