lsstCam/transmission_filter_detector/r21_s20/u_24/19700101T000000.ecsv
# %ECSV 1.0
# ---
# datatype:
# - {name: wavelength, unit: nm, datatype: float32}
# - {name: efficiency, unit: '%', datatype: float64}
# meta: !!omap
# - {MODE: DETECTOR}
# - {TYPE: transmission_filter_detector}
# - {CALIBDATE: '1970-01-01T00:00:00'}
# - {INSTRUME: LSSTCam}
# - {OBSTYPE: transmission_filter_detector}
# - {CALIBCLS: lsst.ip.isr.IntermediateFilterDetectorTransmissionCurve}
# - {SOURCE: Materion (DM-46256)}
# - {DETECTOR: 87}
# - {FILTER: u_24}
# - {CALIB_ID: 'calibDate=1970-01-01T00:00:00 filter=u_24 detector=87'}
# - {DATE: '2025-04-02T15:59:40.152016'}
# - {CALIB_CREATION_DATE: '2025-04-02'}
# - {CALIB_CREATION_TIME: '15:59:40'}
# - __serialized_columns__:
#     efficiency:
#       __class__: astropy.units.quantity.Quantity
#       unit: !astropy.units.Unit {unit: '%'}
#       value: !astropy.table.SerializedColumn {name: efficiency}
#     wavelength:
#       __class__: astropy.units.quantity.Quantity
#       unit: !astropy.units.Unit {unit: nm}
#       value: !astropy.table.SerializedColumn {name: wavelength}
# schema: astropy-2.0
wavelength efficiency
[from data line 580]
875.0 0.002522215982025955
876.0 0.0025312156139989384
877.0 0.002427007166261319
878.0 0.00232279890042264
879.0 0.002333206975890789
880.0 0.0023436152332578786
881.0 0.002509025580366142
882.0 0.0026744357455754653
883.0 0.00268343610514421
884.0 0.0026924362828140147
885.0 0.0026830575734493323
886.0 0.00267367886408465
887.0 0.002470096296747215
888.0 0.00226651354751084
889.0 0.0024996443244162947
890.0 0.0027327751013217494
891.0 0.0026747096853796393
892.0 0.002616644087538589
893.0 0.002678118835319765
894.0 0.0027395934012020007
895.0 0.002980125827889424
896.0 0.0032206586183747277
897.0 0.0034683831472648308
898.0 0.003716107676154934
899.0 0.003878082861774601
900.0 0.004040058047394268
901.0 0.004123854887438938
902.0 0.0042076520912814885
903.0 0.004414610884850845
904.0 0.00462156931462232
905.0 0.004779635128215887
906.0 0.004937700578011572
907.0 0.005132874139235355
908.0 0.005328047336661257
909.0 0.005552375296247192
910.0 0.005776703255833127
911.0 0.005683928247890435
912.0 0.005591153239947744
913.0 0.005432984107756056
914.0 0.005274814975564368
915.0 0.004978263677912764
916.0 0.00468171201646328
917.0 0.004478016489883885
918.0 0.004274320599506609
919.0 0.004346151763456874
920.0 0.004417982927407138
921.0 0.004666805034503341
922.0 0.004915627141599543
923.0 0.005182139648240991
924.0 0.005448651791084558
925.0 0.005852763570146635
926.0 0.006256876076804474
927.0 0.006633692100876942
928.0 0.007010507397353649
929.0 0.007024085061857477
930.0 0.0070376627263613045
931.0 0.007092975283740088
932.0 0.007148285658331588
933.0 0.007060116331558675
934.0 0.006971945549594238
935.0 0.007194702629931271
936.0 0.0074174575274810195
937.0 0.007173224003054202
938.0 0.006928991206223145
939.0 0.006856447726022452
940.0 0.0067839049734175205
941.0 0.005627659265883267
942.0 0.004471413194551133
943.0 0.003969007229898125
944.0 0.0034666019928408787
945.0 0.003210454451618716
946.0 0.0029543069103965536
947.0 0.0024346340069314465
948.0 0.0019149612853652798
949.0 0.0015188025827228557
950.0 0.0011226436981814913
951.0 0.0011519063264131546
952.0 0.0011811686817964073
953.0 0.001529799737909343
954.0 0.0018784305211738683
955.0 0.0020180921637802385
956.0 0.002157753442588728
957.0 0.0025559567802702077
958.0 0.002954159936052747
959.0 0.00311436306219548
960.0 0.003274565824540332
961.0 0.0039806898712413386
962.0 0.004686813917942345
963.0 0.004548866127151996
964.0 0.004410918336361647
965.0 0.004530798833002336
966.0 0.004650678965845145
967.0 0.0044630611228058115
968.0 0.004275443279766478
969.0 0.004436247400008142
970.0 0.004597051156451926
971.0 0.004551623351289891
972.0 0.004506195546127856
973.0 0.004411640475154854
974.0 0.004317085767979734
975.0 0.0043284991988912225
976.0 0.004339912629802711
977.0 0.0035866625694325194
978.0 0.002833412690961268
979.0 0.0028706839657388628
980.0 0.002907955422415398
981.0 0.0027243051590630785
982.0 0.0025406550776096992
983.0 0.0027267049517831765
984.0 0.002912754825956654
985.0 0.003113876300631091
986.0 0.0033149983210023493
987.0 0.003707535142893903
988.0 0.004100072328583337
989.0 0.004659289697883651
990.0 0.0052185063395882025
991.0 0.005688400415237993
992.0 0.006158294127089903
993.0 0.006346023292280734
994.0 0.006533751002280042
995.0 0.006400895654223859
996.0 0.006268039578571916
997.0 0.005821978993481025
998.0 0.005375919863581657
999.0 0.005877431249246001
1000.0 0.006378941907314584
1001.0 0.0064978477894328535
1002.0 0.006616752943955362
1003.0 0.0063666957430541515
1004.0 0.006116638542152941
1005.0 0.005759789200965315
1006.0 0.005402939495979808
1007.0 0.0053107753046788275
1008.0 0.005218611840973608
1009.0 0.0047286135668400675
1010.0 0.0042386156565044075
1011.0 0.003927833677153103
1012.0 0.0036170516978017986
1013.0 0.0029967819500598125
1014.0 0.0023765116566210054
1015.0 0.0020363124349387363
1016.0 0.0016961128494585864
1017.0 0.0015115539099497255
1018.0 0.0013269948794913944
1019.0 0.0011803260349552147
1020.0 0.0010336573723179754
1021.0 0.0010651666343619581
1022.0 0.0010966758964059409
1023.0 0.001232888189406367
1024.0 0.0013691005733562633
1025.0 0.0010539031791267917
1026.0 0.0007387059667962603
1027.0 0.0011677065231197048
1028.0 0.0015967070794431493
1029.0 0.0016222837075474672
1030.0 0.0016478606994496658
1031.0 0.0017815720639191568
1032.0 0.0019152834283886477
1033.0 0.001751236959535163
1034.0 0.0015871901268837973
1035.0 0.0016796819181763567
1036.0 0.0017721735275699757
1037.0 0.0019316959878779016
1038.0 0.002091218630084768
1039.0 0.0019644734493340366
1040.0 0.0018377284504822455
1041.0 0.001898162554425653
1042.0 0.0019585966583690606
1043.0 0.0021744956029579043
1044.0 0.0023903949113446288
1045.0 0.0018928352801594883
1046.0 0.0013952758308732882
1047.0 0.001909383172460366
1048.0 0.0024234908778453246
1049.0 0.0021068948626634665
1050.0 0.0017902988474816084
1051.0 0.001895925379358232
1052.0 0.0020015517293359153
1053.0 0.0019487211829982698
1054.0 0.0018958908185595647
1055.0 0.0017381078578182496
1056.0 0.001580325078975875
1057.0 0.001193090884044068
1058.0 0.0008058566891122609
1059.0 0.0008061299922701437
1060.0 0.000806403568276437
1061.0 0.000690997194396914
1062.0 0.0005755910024163313
1063.0 0.0007755782462481875
1064.0 0.0009755654900800437
1065.0 0.0009766662515175994
1066.0 0.0009777671039046254
1067.0 0.0012267826605238952
1068.0 0.001475798217143165
1069.0 0.0016506044630659744
1070.0 0.0018254106180393137
1071.0 0.0026350571715738624
1072.0 0.003444703543209471
1073.0 0.0028254684366402216
1074.0 0.002206233511969913
1075.0 0.002663996747287456
1076.0 0.0031217601645039394
1077.0 0.002930955815827474
1078.0 0.0027401514671510085
1079.0 0.003852683585137129
1080.0 0.004965215339325368
1081.0 0.005202358079259284
1082.0 0.005439501546788961
1083.0 0.00434782232332509
1084.0 0.003256142372265458
1085.0 0.0034403205063426867
1086.0 0.0036244986404199153
1087.0 0.00421813820139505
1088.0 0.004811777762370184
1089.0 0.005882962068426423
1090.0 0.0069541463744826615
1091.0 0.004097155760973692
1092.0 0.00124016396512161
1093.0 0.0026287660148227587
1094.0 0.004017366882180795
1095.0 0.0033377378713339567
1096.0 0.0026581088604871184
1097.0 0.0021599333194899373
1098.0 0.0016617579603916965
1099.0 0.0026332249035476707
1100.0 0.0036046916648047045
