lsstCam/transmission_filter_detector/r21_s20/u_24/19700101T000000.ecsv
# %ECSV 1.0
# ---
# datatype:
# - {name: wavelength, unit: nm, datatype: float32}
# - {name: efficiency, unit: '%', datatype: float64}
# meta: !!omap
# - {MODE: DETECTOR}
# - {TYPE: transmission_filter_detector}
# - {CALIBDATE: '1970-01-01T00:00:00'}
# - {INSTRUME: LSSTCam}
# - {OBSTYPE: transmission_filter_detector}
# - {CALIBCLS: lsst.ip.isr.IntermediateFilterDetectorTransmissionCurve}
# - {SOURCE: Materion (DM-46256)}
# - {DETECTOR: 87}
# - {FILTER: u_24}
# - {CALIB_ID: 'calibDate=1970-01-01T00:00:00 filter=u_24 detector=87'}
# - {DATE: '2025-04-02T15:59:40.152016'}
# - {CALIB_CREATION_DATE: '2025-04-02'}
# - {CALIB_CREATION_TIME: '15:59:40'}
# - __serialized_columns__:
#     efficiency:
#       __class__: astropy.units.quantity.Quantity
#       unit: !astropy.units.Unit {unit: '%'}
#       value: !astropy.table.SerializedColumn {name: efficiency}
#     wavelength:
#       __class__: astropy.units.quantity.Quantity
#       unit: !astropy.units.Unit {unit: nm}
#       value: !astropy.table.SerializedColumn {name: wavelength}
# schema: astropy-2.0
wavelength efficiency
295.0 1.5842839193314084e-10
296.0 1.5842839193314084e-10
297.0 1.5842839193314084e-10
298.0 1.5842839193314084e-10
299.0 1.5842839193314084e-10
300.0 1.5842839193314084e-10
301.0 1.5842839193314084e-10
302.0 1.5842839193314084e-10
303.0 1.5842839193314084e-10
304.0 0.08462791447527707
305.0 0.7274264935404062
306.0 1.468805130571127
307.0 2.949639782309532
308.0 4.903598874807358
309.0 7.941532135009766
310.0 11.320003867149353
311.0 15.118291974067688
312.0 18.809010088443756
313.0 21.941089630126953
314.0 25.20785927772522
315.0 27.543631196022034
316.0 29.62411642074585
317.0 32.106950879096985
318.0 34.78320837020874
319.0 38.15816938877106
320.0 43.34251880645752
321.0 48.57978820800781
322.0 54.65986728668213
323.0 60.231298208236694
324.0 64.98104929924011
325.0 68.25258135795593
326.0 70.82960605621338
327.0 72.77415990829468
328.0 74.65363144874573
329.0 76.02353692054749
330.0 77.43535041809082
331.0 78.19653749465942
332.0 78.72312068939209
333.0 78.88261079788208
334.0 78.67773175239563
335.0 78.75180244445801
336.0 78.82128953933716
337.0 79.35075163841248
338.0 80.2157461643219
339.0 80.845046043396
340.0 81.25650882720947
341.0 81.73510432243347
342.0 82.09949135780334
343.0 81.99310302734375
344.0 82.20669627189636
345.0 82.58159756660461
346.0 82.82507061958313
347.0 83.22975635528564
348.0 83.52470993995667
349.0 83.71390104293823
350.0 83.79738330841064
351.0 83.96640419960022
352.0 83.85704755783081
353.0 83.81601572036743
354.0 83.76537561416626
355.0 83.95491242408752
356.0 84.10858511924744
357.0 84.03720259666443
358.0 83.75939726829529
359.0 83.50562453269958
360.0 83.41261148452759
361.0 83.24193358421326
362.0 83.06542634963989
363.0 83.15694332122803
364.0 83.28671455383301
365.0 83.5371732711792
366.0 83.73449444770813
367.0 83.79153609275818
368.0 83.73016715049744
369.0 83.81003141403198
370.0 83.46409797668457
371.0 83.24668407440186
372.0 83.24225544929504
373.0 83.37361216545105
374.0 83.3447277545929
375.0 83.69197249412537
376.0 83.80696177482605
377.0 83.82994532585144
378.0 83.89022946357727
379.0 83.68924856185913
380.0 83.07889699935913
381.0 81.8493127822876
382.0 80.15990257263184
383.0 78.17721962928772
384.0 76.10593438148499
385.0 73.8289475440979
386.0 71.41092419624329
387.0 68.22342276573181
388.0 64.94168043136597
389.0 61.11757755279541
390.0 57.111942768096924
391.0 52.899354696273804
392.0 48.38622808456421
393.0 44.54392492771149
394.0 41.24269485473633
395.0 37.91676163673401
396.0 34.50241684913635
397.0 30.04852533340454
398.0 24.777132272720337
399.0 18.162983655929565
400.0 11.896616220474243
401.0 6.815101206302643
402.0 3.1782295554876328
403.0 1.1293530464172363
404.0 0.35075051710009575
405.0 0.15560685424134135
406.0 0.05734970327466726
407.0 0.04532025777734816
408.0 0.007014354196144268
409.0 1.5842839193314084e-10
410.0 1.5842839193314084e-10
411.0 1.5842839193314084e-10
412.0 1.5842839193314084e-10
413.0 1.5842839193314084e-10
414.0 1.5842839193314084e-10
415.0 1.5842839193314084e-10
416.0 1.5842839193314084e-10
417.0 1.5842839193314084e-10
418.0 1.5842839193314084e-10
419.0 1.5842839193314084e-10
420.0 1.5842839193314084e-10
421.0 1.5842839193314084e-10
422.0 1.5842839193314084e-10
423.0 1.5842839193314084e-10
424.0 1.5842839193314084e-10
425.0 1.5842839193314084e-10
426.0 1.5842839193314084e-10
427.0 1.5842839193314084e-10
428.0 1.5842839193314084e-10
429.0 1.5842839193314084e-10
430.0 1.5842839193314084e-10
431.0 1.5842839193314084e-10
432.0 1.5842839193314084e-10
433.0 1.5842839193314084e-10
434.0 1.5842839193314084e-10
435.0 0.0003442594106672914
436.0 0.0007279373676283285
437.0 0.00022529927719006082
438.0 1.5842839193314084e-10
439.0 0.0006752516583219403
440.0 0.0016278427210636437
441.0 1.5842839193314084e-10
442.0 1.5842839193314084e-10
443.0 1.5842839193314084e-10
444.0 1.5842839193314084e-10
445.0 1.5842839193314084e-10
446.0 1.5842839193314084e-10
447.0 1.5842839193314084e-10
448.0 1.5842839193314084e-10
449.0 1.5842839193314084e-10
450.0 1.5842839193314084e-10
451.0 1.5842839193314084e-10
452.0 1.5842839193314084e-10
453.0 0.00012679277006100165
454.0 0.0006046678208804224
455.0 0.00030230676202336326
456.0 1.5842839193314084e-10
457.0 1.5842839193314084e-10
458.0 1.5842839193314084e-10
459.0 1.5842839193314084e-10
460.0 1.5842839193314084e-10
461.0 1.5842839193314084e-10
462.0 1.5842839193314084e-10
463.0 1.7017559628129675e-05
464.0 0.0011436919521656819
465.0 0.0009771536497282796
466.0 0.0008106153472908773
467.0 0.00032266837024508277
468.0 1.5842839193314084e-10
469.0 1.5842839193314084e-10
470.0 0.0001076332068805641
471.0 6.427188026236763e-06
472.0 1.5842839193314084e-10
473.0 1.5842839193314084e-10
474.0 1.5842839193314084e-10
475.0 1.5842839193314084e-10
476.0 1.5842839193314084e-10
477.0 1.5842839193314084e-10
478.0 1.5842839193314084e-10
479.0 1.5842839193314084e-10
480.0 1.5842839193314084e-10
481.0 1.5842839193314084e-10
482.0 1.5842839193314084e-10
483.0 1.5842839193314084e-10
484.0 1.5842839193314084e-10
485.0 1.5842839193314084e-10
486.0 1.5842839193314084e-10
487.0 1.5842839193314084e-10
488.0 0.00030623025395470904
489.0 1.5842839193314084e-10
490.0 1.5842839193314084e-10
491.0 1.5842839193314084e-10
492.0 1.5842839193314084e-10
493.0 1.5842839193314084e-10
494.0 1.5842839193314084e-10
495.0 1.5842839193314084e-10
496.0 1.5842839193314084e-10
497.0 1.5842839193314084e-10
498.0 1.5842839193314084e-10
499.0 1.5842839193314084e-10
500.0 1.5842839193314084e-10
501.0 1.5842839193314084e-10
502.0 1.5842839193314084e-10
503.0 1.5842839193314084e-10
504.0 1.5842839193314084e-10
505.0 1.5842839193314084e-10
506.0 1.5842839193314084e-10
507.0 1.5842839193314084e-10
508.0 1.5842839193314084e-10
509.0 1.5842839193314084e-10
510.0 1.5842839193314084e-10
511.0 0.0003293127747383551
512.0 0.0008500878720951732
513.0 0.00020210102320561418
514.0 1.5842839193314084e-10
515.0 1.5842839193314084e-10
516.0 1.5842839193314084e-10
517.0 1.5842839193314084e-10
518.0 1.5842839193314084e-10
519.0 1.5842839193314084e-10
520.0 1.5842839193314084e-10
521.0 1.5842839193314084e-10
522.0 1.5842839193314084e-10
523.0 1.5842839193314084e-10
524.0 1.5842839193314084e-10
525.0 1.5842839193314084e-10
526.0 1.5842839193314084e-10
527.0 1.5842839193314084e-10
528.0 1.5842839193314084e-10
529.0 1.5842839193314084e-10
530.0 1.5842839193314084e-10
531.0 1.5842839193314084e-10
532.0 1.5842839193314084e-10
533.0 5.26997837368981e-05
534.0 0.0004883398560195928
535.0 0.00010158787517866585
536.0 1.5842839193314084e-10
537.0 1.5842839193314084e-10
538.0 1.5842839193314084e-10
539.0 1.5842839193314084e-10
540.0 1.5842839193314084e-10
541.0 1.5842839193314084e-10
542.0 1.5842839193314084e-10
543.0 1.5842839193314084e-10
544.0 1.5842839193314084e-10
545.0 1.5842839193314084e-10
546.0 5.53049289919727e-05
547.0 6.07092033533263e-05
548.0 6.611344929297047e-05
549.0 7.881668580012047e-05
550.0 9.151995072897989e-05
551.0 0.00014904560430295533
552.0 0.00020657137156376848
553.0 1.5842839193314084e-10
554.0 1.5842839193314084e-10
555.0 1.5842839193314084e-10
556.0 1.5842839193314084e-10
557.0 1.5842839193314084e-10
558.0 1.5842839193314084e-10
559.0 1.5842839193314084e-10
560.0 1.5842839193314084e-10
561.0 4.489482705594128e-05
562.0 9.511828125141619e-05
563.0 1.5842839193314084e-10
564.0 1.5842839193314084e-10
565.0 1.5842839193314084e-10
566.0 1.5842839193314084e-10
567.0 1.5842839193314084e-10
568.0 4.449137520623481e-05
569.0 0.0001307470256506349
570.0 0.00021700263914681273
571.0 0.00022039509985916084
572.0 0.0002237875833088765
573.0 0.0003142863761240733
574.0 0.00040478521441400517
575.0 0.0003210614522686228
576.0 0.00023733778107271064
577.0 0.0002461305712131434
578.0 0.00025492333861620864
579.0 0.0005012609562982107
580.0 0.00074759850576811
581.0 0.0010164598279516213
582.0 0.0012853212865593378
583.0 0.0015704639736213721
584.0 0.0018556062059360556
585.0 0.0013721200048166793
586.0 0.0008886337127478328
587.0 0.0008646904461784288
588.0 0.0008407470886595547
589.0 0.0008476245056954212
590.0 0.0008545018317818176
591.0 0.000689248918206431
592.0 0.0005239960501057794
593.0 0.0006153759841254214
594.0 0.0007067559181450633
595.0 0.0008058633284235839
596.0 0.0009049708751263097
597.0 0.000909619211597601
598.0 0.0009142675480688922
599.0 0.0010109359209309332
600.0 0.001107604202843504
601.0 0.0014678536899737082
602.0 0.0018281032680533826
603.0 0.002019304156419821
604.0 0.0022105050447862595
605.0 0.002059295366052538
606.0 0.0019080860511166975
607.0 0.0013567320820584428
608.0 0.0008053780220507178
609.0 0.0006137795935501345
610.0 0.0004221809376758756
611.0 0.00029253751563373953
612.0 0.00016289412769765477
613.0 0.0003642830733951996
614.0 0.0005656720077240607
615.0 0.0007296388048416702
616.0 0.0008936055564845446
617.0 0.0007265588919835864
618.0 0.0005595123184320983
619.0 0.00046021641537663527
620.0 0.00036092055779590737
621.0 0.0005262856575427577
622.0 0.0006916505753906677
623.0 0.000622111883785692
624.0 0.0005525730557565112
625.0 0.0005325416623236379
626.0 0.0005125103598402347
627.0 0.0007402735263895011
628.0 0.0009680367838882376
629.0 0.0008060937943810131
630.0 0.0006441507139243186
631.0 0.0011873283256136347
632.0 0.0017305059373029508
633.0 0.0019254668586654589
634.0 0.002120427780027967
635.0 0.0025365050532855093
636.0 0.0029525823265430517
637.0 0.0026396632165415213
638.0 0.0023267441065399908
639.0 0.0022509675545734353
640.0 0.0021751913664047606
641.0 0.0018011676729656756
642.0 0.0014271440704760607
643.0 0.001060601425706409
644.0 0.0006940587809367571
645.0 0.0003132163328700699
646.0 1.5842839193314084e-10
647.0 0.00016472163224534597
648.0 0.00039706951611151453
649.0 0.00019457595499261515
650.0 1.5842839193314084e-10
651.0 0.0002931117023763363
652.0 0.0005941410108789569
653.0 0.0008788710147200618
654.0 0.0011636012459348422
655.0 0.0013166100870876107
656.0 0.0014696189282403793
657.0 0.0019962275473517366
658.0 0.0025228364393115044
659.0 0.002982148180308286
660.0 0.003441459921305068
661.0 0.003476109850453213
662.0 0.003510759415803477
663.0 0.003233179450035095
664.0 0.0029555991204688326
665.0 0.002444174424454104
666.0 0.0019327497284393758
667.0 0.001503054409113247
668.0 0.0010733589078881778
669.0 0.0010262636351399124
670.0 0.000979168362391647
671.0 0.0006932948053872678
672.0 0.0004074210664839484
673.0 0.0003933747848350322
674.0 0.00037932848044874845
675.0 0.0006090020633564563
676.0 0.0008386756235267967
677.0 0.0009607185347704217
678.0 0.0010827615369635168
679.0 0.0015042218365124427
680.0 0.0019256822270108387
681.0 0.0028976077373954467
682.0 0.0038695336115779355
683.0 0.005168947609490715
684.0 0.006468361243605614
685.0 0.007329504296649247
686.0 0.008190648077288643
687.0 0.007930326682981104
688.0 0.007670006743865088
689.0 0.006809493788750842
690.0 0.00594898228882812
691.0 0.004967912900610827
692.0 0.003986843512393534
693.0 0.003273867696407251
694.0 0.002560891334724147
695.0 0.0020174313249299303
696.0 0.0014739713151357137
697.0 0.0011563164662220515
698.0 0.0008386615263589192
699.0 0.0007563759936601855
700.0 0.0006740904154867167
701.0 0.0005707945547328563
702.0 0.00046749864850426093
703.0 0.00045051688175590243
704.0 0.000433535160482279
705.0 0.0005093763320473954
706.0 0.0005852175036125118
707.0 0.0007732507583568804
708.0 0.0009612837857275736
709.0 0.0009321727702626958
710.0 0.0009030617547978181
711.0 0.0007535511485912139
712.0 0.0006040406333340798
713.0 0.0005983817118249135
714.0 0.0005927229722146876
715.0 0.0006475263489846839
716.0 0.0007023297712294152
717.0 0.0007254826414282434
718.0 0.0007486355116270715
719.0 0.0007178027317422675
720.0 0.0006869699973321985
721.0 0.0004954442829330219
722.0 0.00030391856853384525
723.0 0.00036280430322221946
724.0 0.0004216899469611235
725.0 0.00027456276256998535
726.0 0.0001274355781788472
727.0 1.5842839193314084e-10
728.0 1.5842839193314084e-10
729.0 3.7654049833690806e-05
730.0 0.0002233029590570368
731.0 0.00018748808088275837
732.0 0.00015167329365795013
733.0 0.00010358495501350262
734.0 5.5496735740234726e-05
735.0 0.00029043503673165105
736.0 0.0005253733434074093
737.0 0.0003142146624668385
738.0 0.00010305593605153263
739.0 0.0005142229838384083
740.0 0.0009253900316252839
741.0 0.001025738129101228
742.0 0.0011260860446782317
743.0 0.001568064180901274
744.0 0.002010042044275906
745.0 0.002513587605790235
746.0 0.003017132985405624
747.0 0.0033182994229719043
748.0 0.003619465496740304
749.0 0.0035451303119771183
750.0 0.0034707954910118133
751.0 0.003503119296510704
752.0 0.0035354431020095944
753.0 0.003087013465119526
754.0 0.0026385834644315764
755.0 0.0026403615265735425
756.0 0.002642139224917628
757.0 0.0022644129785476252
758.0 0.0018866865502786823
759.0 0.0016386680727009661
760.0 0.00139064959512325
761.0 0.0011225470188946929
762.0 0.0008544442607671954
763.0 0.0005915258952882141
764.0 0.0003286076434960705
765.0 0.00035403140827838797
766.0 0.00037945508211123524
767.0 0.0004908041319140466
768.0 0.0006021532044542255
769.0 0.0005856924872205127
770.0 0.0005692319973604754
771.0 0.000515509918841417
772.0 0.0004617879312718287
773.0 0.0005470262749440735
774.0 0.0006322646186163183
775.0 0.0006729411779815564
776.0 0.0007136179647204699
777.0 0.0005643647000397323
778.0 0.00041511148083372973
779.0 0.0006172121175040957
780.0 0.0008193126632249914
781.0 0.0008807701306068338
782.0 0.0009422275070392061
783.0 0.0008097949830698781
784.0 0.0006773625955247553
785.0 0.0010340087101212703
786.0 0.0013906548701925203
787.0 0.0010685167580959387
788.0 0.0007463784641004167
789.0 0.0007641191587026697
790.0 0.0007818597623554524
791.0 0.0007626124443049775
792.0 0.0007433650807797676
793.0 0.0005856387360836379
794.0 0.00042791234591277316
795.0 0.00035876382753485814
796.0 0.000289615263682208
797.0 0.000274562080448959
798.0 0.0002595089426904451
799.0 0.00014818988347542472
800.0 3.687083278691716e-05
801.0 1.5842839193314084e-10
802.0 1.5842839193314084e-10
803.0 1.5842839193314084e-10
804.0 1.5842839193314084e-10
805.0 1.5842839193314084e-10
806.0 1.5842839193314084e-10
807.0 1.5842839193314084e-10
808.0 1.5842839193314084e-10
809.0 0.0001847087105488754
810.0 0.00043507116060936823
811.0 0.00018074149465974187
812.0 1.5842839193314084e-10
813.0 0.00014517241879730136
814.0 0.0003639328951976495
815.0 0.0004615107172867283
816.0 0.0005590884939010721
817.0 0.00046187019506760407
818.0 0.0003646519189715036
819.0 0.00039349388316622935
820.0 0.0004223359155730577
821.0 0.00016530287894056528
822.0 1.5842839193314084e-10
823.0 8.321986229020695e-05
824.0 0.00025816984816628974
825.0 2.14373798712586e-05
826.0 1.5842839193314084e-10
827.0 1.5842839193314084e-10
828.0 1.5842839193314084e-10
829.0 1.5842839193314084e-10
830.0 1.5842839193314084e-10
831.0 1.5842839193314084e-10
832.0 5.8014080650536926e-06
833.0 1.876423993962817e-05
834.0 3.172717981669848e-05
835.0 1.5842839193314084e-10
836.0 1.5842839193314084e-10
837.0 1.5842839193314084e-10
838.0 1.5842839193314084e-10
839.0 1.5842839193314084e-10
840.0 1.3740941540163476e-05
841.0 4.1968036157413735e-05
842.0 7.01950852999289e-05
843.0 1.5842839193314084e-10
844.0 1.5842839193314084e-10
845.0 1.5842839193314084e-10
846.0 1.5842839193314084e-10
847.0 1.5842839193314084e-10
848.0 1.5842839193314084e-10
849.0 1.5842839193314084e-10
850.0 0.0001020256831907318
851.0 0.0002159735231543891
852.0 0.00032992143133014906
853.0 0.0001493860054324614
854.0 1.5842839193314084e-10
855.0 1.5842839193314084e-10
856.0 1.5842839193314084e-10
857.0 0.00021580806333076907
858.0 0.00044624148358707316
859.0 0.0008793581400823314
860.0 0.0013124747056281194
861.0 0.0011558680853340775
862.0 0.0009992615559895057
863.0 0.0009740820132719819
864.0 0.0009489023796049878
865.0 0.0011666866157611366
866.0 0.0013844706700183451
867.0 0.0016510974091943353
868.0 0.0019177239664713852
869.0 0.0017445699995732866
870.0 0.0015714158507762477
871.0 0.001638629510125611
872.0 0.001705842987576034
873.0 0.0021095296688145027
