lsstCam/transmission_filter_detector/r22_s02/g_6/19700101T000000.ecsv
# %ECSV 1.0
# ---
# datatype:
# - {name: wavelength, unit: nm, datatype: float32}
# - {name: efficiency, unit: '%', datatype: float64}
# meta: !!omap
# - {MODE: DETECTOR}
# - {TYPE: transmission_filter_detector}
# - {CALIBDATE: '1970-01-01T00:00:00'}
# - {INSTRUME: LSSTCam}
# - {OBSTYPE: transmission_filter_detector}
# - {CALIBCLS: lsst.ip.isr.IntermediateFilterDetectorTransmissionCurve}
# - {SOURCE: Materion (DM-46256)}
# - {DETECTOR: 92}
# - {FILTER: g_6}
# - {CALIB_ID: 'calibDate=1970-01-01T00:00:00 filter=g_6 detector=92'}
# - {DATE: '2025-04-02T15:59:42.454538'}
# - {CALIB_CREATION_DATE: '2025-04-02'}
# - {CALIB_CREATION_TIME: '15:59:42'}
# - __serialized_columns__:
#     efficiency:
#       __class__: astropy.units.quantity.Quantity
#       unit: !astropy.units.Unit {unit: '%'}
#       value: !astropy.table.SerializedColumn {name: efficiency}
#     wavelength:
#       __class__: astropy.units.quantity.Quantity
#       unit: !astropy.units.Unit {unit: nm}
#       value: !astropy.table.SerializedColumn {name: wavelength}
# schema: astropy-2.0
wavelength efficiency
[from data line 609]
909.0 0.0003834804829239147
910.0 0.0003727993316715583
911.0 0.0003621182031565695
912.0 0.0004940450253343442
913.0 0.0006259717793000164
914.0 0.00043042773540946655
915.0 0.00023488362330681412
916.0 0.0002191812427554396
917.0 0.00020347881672933
918.0 0.0002892891870942549
919.0 0.0003750995574591798
920.0 0.00047002790779515635
921.0 0.0005649562808685005
922.0 0.0006759921234333888
923.0 0.0007870279659982771
924.0 0.000598071073909523
925.0 0.0004091140908712987
926.0 0.0005290599801810458
927.0 0.0006490059604402632
928.0 0.0005842627615493257
929.0 0.0005195195626583882
930.0 0.0005435333150671795
931.0 0.0005675470674759708
932.0 0.0005639624305331381
933.0 0.0005603778845397756
934.0 0.0005878605861653341
935.0 0.0006153433332656277
936.0 0.0006344817393255653
937.0 0.000653620236334973
938.0 0.0007561834081570851
939.0 0.000858746534504462
940.0 0.0007073919732647482
941.0 0.0005560373210755643
942.0 0.0007474691756215179
943.0 0.0009389010301674716
944.0 0.0007290313988050912
945.0 0.0005191616310185054
946.0 0.0005367493940866552
947.0 0.0005543371116800699
948.0 0.0008563220035284758
949.0 0.001158307077275822
950.0 0.0010403146916360129
951.0 0.0009223223059962038
952.0 0.0009834758202487137
953.0 0.0010446293345012236
954.0 0.0009608233085600659
955.0 0.0008770173735683784
956.0 0.000809525135991862
957.0 0.0007420327619911404
958.0 0.0008448637345281895
959.0 0.0009476947525399737
960.0 0.0007524432930949843
961.0 0.0005571917881752597
962.0 0.000583850487601012
963.0 0.0006105092325014994
964.0 0.0007134834504540777
965.0 0.0008164574865077157
966.0 0.0007928508239274379
967.0 0.0007692439794482198
968.0 0.0007780586201988626
969.0 0.0007868731700000353
970.0 0.0007520372946601128
971.0 0.0007172014193201903
972.0 0.0008444392733508721
973.0 0.0009716771273815539
974.0 0.0008929961950343568
975.0 0.0008143154445861001
976.0 0.0008763209734752309
977.0 0.0009383267752127722
978.0 0.0009857970326265786
979.0 0.001033267290040385
980.0 0.001066796357918065
981.0 0.001100325425795745
982.0 0.0010419907994219102
983.0 0.0009836560820986051
984.0 0.0010577118700894061
985.0 0.001131768021878088
986.0 0.0012204222002765164
987.0 0.0013090761058265343
988.0 0.001259217879123753
989.0 0.0012093592886230908
990.0 0.0012906099982501473
991.0 0.0013718607078772038
992.0 0.0013275446690386161
993.0 0.0012832288120989688
994.0 0.001257658368558623
995.0 0.0012320880159677472
996.0 0.0011623903446889017
997.0 0.001092692582460586
998.0 0.0012283435353310779
999.0 0.00136399457915104
1000.0 0.0012921651432407089
1001.0 0.0012203355254314374
1002.0 0.0012015509128104895
1003.0 0.0011827662092400715
1004.0 0.0011939087016799022
1005.0 0.0012050511031702626
1006.0 0.0013974900866742246
1007.0 0.0015899289792287163
1008.0 0.001664466799411457
1009.0 0.0017390053471899591
1010.0 0.0018382101188763045
1011.0 0.0019374154362594709
1012.0 0.002064445288851857
1013.0 0.002191475505242124
1014.0 0.00222600774577586
1015.0 0.002260540350107476
1016.0 0.0026136507585761137
1017.0 0.0029667613489436917
1018.0 0.0032059168006526306
1019.0 0.00344507243426051
1020.0 0.003521931648720056
1021.0 0.0035987908631796017
1022.0 0.003958323577535339
1023.0 0.004317856655688956
1024.0 0.004488231570576318
1025.0 0.0046586068492615595
1026.0 0.004862426067120396
1027.0 0.005066244921181351
1028.0 0.005032567059970461
1029.0 0.00499888883496169
1030.0 0.005260834223008715
1031.0 0.005522779611055739
1032.0 0.005807482375530526
1033.0 0.006092185140005313
1034.0 0.005811842856928706
1035.0 0.00553150093764998
1036.0 0.0055525983043480664
1037.0 0.005573695307248272
1038.0 0.0058089215599466115
1039.0 0.006044147812644951
1040.0 0.006462349847424775
1041.0 0.006880550063215196
1042.0 0.007066129182931036
1043.0 0.007251707575051114
1044.0 0.007580286910524592
1045.0 0.007908865518402308
1046.0 0.00890972078195773
1047.0 0.009910575317917392
1048.0 0.011473330232547596
1049.0 0.013036082964390516
1050.0 0.015598605386912823
1051.0 0.018161124899052083
1052.0 0.022048482787795365
1053.0 0.025935846497304738
1054.0 0.03117211163043976
1055.0 0.036408379673957825
1056.0 0.04352217947598547
1057.0 0.05063597345724702
1058.0 0.05892826593481004
1059.0 0.06722054677084088
1060.0 0.07546301349066198
1061.0 0.08370545692741871
1062.0 0.09240004583261907
1063.0 0.10109461145475507
1064.0 0.10880414629355073
1065.0 0.11651366949081421
1066.0 0.1248483662493527
1067.0 0.13318307464942336
1068.0 0.14164324384182692
1069.0 0.15010344795882702
1070.0 0.15914782416075468
1071.0 0.16819217707961798
1072.0 0.17734728753566742
1073.0 0.1865023747086525
1074.0 0.19574614707380533
1075.0 0.2049899660050869
1076.0 0.2151798689737916
1077.0 0.2253697719424963
1078.0 0.23706485517323017
1079.0 0.24875993840396404
1080.0 0.26522320695221424
1081.0 0.2816864987835288
1082.0 0.3111586207523942
1083.0 0.3406307427212596
1084.0 0.3831792389973998
1085.0 0.4257277585566044
1086.0 0.46445922926068306
1087.0 0.5031906999647617
1088.0 0.5716686137020588
1089.0 0.6401465740054846
1090.0 0.7222343236207962
1091.0 0.8043220266699791
1092.0 0.8461154997348785
1093.0 0.8879086002707481
1094.0 0.9452959522604942
1095.0 1.002683024853468
1096.0 1.084756851196289
1097.0 1.1668307706713676
1098.0 1.258307322859764
1099.0 1.349783968180418
1100.0 1.5865541994571686
1101.0 1.8233239650726318
