lsstCam/transmission_filter_detector/r22_s02/g_6/19700101T000000.ecsv
# %ECSV 1.0
# ---
# datatype:
# - {name: wavelength, unit: nm, datatype: float32}
# - {name: efficiency, unit: '%', datatype: float64}
# meta: !!omap
# - {MODE: DETECTOR}
# - {TYPE: transmission_filter_detector}
# - {CALIBDATE: '1970-01-01T00:00:00'}
# - {INSTRUME: LSSTCam}
# - {OBSTYPE: transmission_filter_detector}
# - {CALIBCLS: lsst.ip.isr.IntermediateFilterDetectorTransmissionCurve}
# - {SOURCE: Materion (DM-46256)}
# - {DETECTOR: 92}
# - {FILTER: g_6}
# - {CALIB_ID: 'calibDate=1970-01-01T00:00:00 filter=g_6 detector=92'}
# - {DATE: '2025-04-02T15:59:42.454538'}
# - {CALIB_CREATION_DATE: '2025-04-02'}
# - {CALIB_CREATION_TIME: '15:59:42'}
# - __serialized_columns__:
#     efficiency:
#       __class__: astropy.units.quantity.Quantity
#       unit: !astropy.units.Unit {unit: '%'}
#       value: !astropy.table.SerializedColumn {name: efficiency}
#     wavelength:
#       __class__: astropy.units.quantity.Quantity
#       unit: !astropy.units.Unit {unit: nm}
#       value: !astropy.table.SerializedColumn {name: wavelength}
# schema: astropy-2.0
wavelength efficiency
300.0 0.5325486417859793
301.0 0.3873405046761036
302.0 0.24213232100009918
303.0 0.22062459029257298
304.0 0.19911685958504677
305.0 0.20594419911503792
306.0 0.21277153864502907
307.0 0.218889769166708
308.0 0.22500797640532255
309.0 0.2219329820945859
310.0 0.21885805763304234
311.0 0.2090855035930872
312.0 0.19931297283619642
313.0 0.1966102048754692
314.0 0.1939074252732098
315.0 0.18711012089625
316.0 0.18031283980235457
317.0 0.17956889932975173
318.0 0.17882499378174543
319.0 0.16377887222915888
320.0 0.14873275067657232
321.0 0.1414176425896585
322.0 0.13410253450274467
323.0 0.11517754755914211
324.0 0.09625258971937001
325.0 0.08694325224496424
326.0 0.07763391477055848
327.0 0.07116790511645377
328.0 0.06470189546234906
329.0 0.061133503913879395
330.0 0.05756510654464364
331.0 0.0541488581802696
332.0 0.05073260981589556
333.0 0.047200871631503105
334.0 0.04366913053672761
335.0 0.04225689917802811
336.0 0.040844661998562515
337.0 0.04141212266404182
338.0 0.04197958332952112
339.0 0.04067953850608319
340.0 0.03937949368264526
341.0 0.03752165648620576
342.0 0.03566381928976625
343.0 0.03234531031921506
344.0 0.029026801348663867
345.0 0.02576598199084401
346.0 0.022505162633024156
347.0 0.021178620227146894
348.0 0.019852074910886586
349.0 0.018136508879251778
350.0 1.000690646469593
351.0 1.2229189276695251
352.0 0.7032445166260004
353.0 1.3231298886239529
354.0 0.6550247315317392
355.0 0.9343651123344898
356.0 0.6499344017356634
357.0 1.237028744071722
358.0 0.5650221835821867
359.0 0.8375308476388454
360.0 0.64824428409338
361.0 0.8526148274540901
362.0 0.4189664963632822
363.0 0.9101911447942257
364.0 0.5800224840641022
365.0 0.8259246125817299
366.0 0.45045632869005203
367.0 0.699024461209774
368.0 0.4705046769231558
369.0 0.697760796174407
370.0 0.38881110958755016
371.0 0.6306299939751625
372.0 0.3813143586739898
373.0 0.6725178100168705
374.0 0.3733530640602112
375.0 0.596117414534092
376.0 0.3978689666837454
377.0 0.6157212425023317
378.0 0.3929083701223135
379.0 0.5893784575164318
380.0 0.40172673761844635
381.0 0.6322148721665144
382.0 0.5858671385794878
383.0 0.5495648831129074
384.0 0.612847413867712
385.0 0.639233086258173
386.0 0.7102959789335728
387.0 0.7978877052664757
388.0 0.9961819276213646
389.0 1.2935979291796684
390.0 1.8840184435248375
391.0 2.9089342802762985
392.0 4.583752155303955
393.0 7.2685688734054565
394.0 10.954698920249939
395.0 15.92191457748413
396.0 21.90723568201065
397.0 29.43148910999298
398.0 38.258713483810425
399.0 47.76424765586853
400.0 57.33817219734192
401.0 66.39004349708557
402.0 74.70406889915466
403.0 81.61394596099854
404.0 86.76050305366516
405.0 90.63544273376465
406.0 92.83798933029175
407.0 94.5788025856018
408.0 95.55988311767578
409.0 96.0806667804718
410.0 96.10674381256104
411.0 95.92031836509705
412.0 95.54368853569031
413.0 95.38319706916809
414.0 95.22953629493713
415.0 95.3995406627655
416.0 95.81368565559387
417.0 96.18420004844666
418.0 96.68819308280945
419.0 97.36141562461853
420.0 97.85836338996887
421.0 98.39334487915039
422.0 98.4742522239685
423.0 98.66600632667542
424.0 98.43485951423645
425.0 98.30626249313354
426.0 98.31506013870239
427.0 98.22802543640137
428.0 98.01402688026428
429.0 97.80356287956238
430.0 97.64516353607178
431.0 97.69459962844849
432.0 97.72619009017944
433.0 97.78622388839722
434.0 97.84892201423645
435.0 98.01676869392395
436.0 98.06984663009644
437.0 98.00638556480408
438.0 98.12493324279785
439.0 98.20504784584045
440.0 98.18692803382874
441.0 98.3074963092804
442.0 98.24260473251343
443.0 98.16917181015015
444.0 98.0756938457489
445.0 97.8855550289154
446.0 97.78357148170471
447.0 97.65666723251343
448.0 97.77569770812988
449.0 98.0467140674591
450.0 98.34760427474976
451.0 98.59315156936646
452.0 98.72440099716187
453.0 98.81064891815186
454.0 98.8029420375824
455.0 99.01849031448364
456.0 99.05632138252258
457.0 99.20924305915833
458.0 99.27175045013428
459.0 99.33344721794128
460.0 99.34641122817993
461.0 99.49560761451721
462.0 99.40171241760254
463.0 99.32577610015869
464.0 99.42618608474731
465.0 99.33468103408813
466.0 99.34868216514587
467.0 99.36583638191223
468.0 99.39175248146057
469.0 99.43275451660156
470.0 99.26683306694031
471.0 99.15822744369507
472.0 99.18360710144043
473.0 99.06842708587646
474.0 98.931884765625
475.0 98.96676540374756
476.0 98.99972081184387
477.0 98.98472428321838
478.0 99.11370873451233
479.0 99.10579323768616
480.0 99.23654198646545
481.0 99.31016564369202
482.0 99.48286414146423
483.0 99.37408566474915
484.0 99.55067038536072
485.0 99.56080317497253
486.0 99.58382844924927
487.0 99.62179660797119
488.0 99.57725405693054
489.0 99.65699315071106
490.0 99.54988360404968
491.0 99.59704875946045
492.0 99.4487464427948
493.0 99.45679903030396
494.0 99.39402937889099
495.0 99.41770434379578
496.0 99.3000864982605
497.0 99.22264218330383
498.0 98.9919900894165
499.0 99.0987479686737
500.0 98.9737868309021
501.0 98.90709519386292
502.0 98.85498881340027
503.0 98.96097183227539
504.0 98.83107542991638
505.0 98.88616800308228
506.0 98.97319674491882
507.0 98.92433285713196
508.0 98.92618060112
509.0 98.89956712722778
510.0 98.8094687461853
511.0 98.83303642272949
512.0 98.71888756752014
513.0 98.82960915565491
514.0 98.80766868591309
515.0 98.81893992424011
516.0 98.90626072883606
517.0 98.90838861465454
518.0 99.01004433631897
519.0 98.96652102470398
520.0 99.02871251106262
521.0 99.16983842849731
522.0 99.1734504699707
523.0 99.18749332427979
524.0 99.2270827293396
525.0 99.17307496070862
526.0 99.30941462516785
527.0 99.33112859725952
528.0 99.41741228103638
529.0 99.5334267616272
530.0 99.50960874557495
531.0 99.62491393089294
532.0 99.50743317604065
533.0 99.51528310775757
534.0 99.46532845497131
535.0 99.24344420433044
536.0 98.75850081443787
537.0 98.08062314987183
538.0 97.14800715446472
539.0 95.49427628517151
540.0 93.45327615737915
541.0 90.42827486991882
542.0 87.30548620223999
543.0 83.28458666801453
544.0 78.2956600189209
545.0 73.96734952926636
546.0 68.89179348945618
547.0 64.24636840820312
548.0 59.724146127700806
549.0 55.839306116104126
550.0 52.802157402038574
551.0 49.90246593952179
552.0 47.601503133773804
553.0 45.06469666957855
554.0 41.967734694480896
555.0 38.42822015285492
556.0 33.76801609992981
557.0 28.46292555332184
558.0 22.862762212753296
559.0 17.526771128177643
560.0 12.624196708202362
561.0 8.265810459852219
562.0 5.101834610104561
563.0 2.8868157416582108
564.0 1.5363619662821293
565.0 0.7359170354902744
566.0 0.39951447397470474
567.0 0.20687440410256386
568.0 0.141929741948843
569.0 0.09054334368556738
570.0 0.08182842284440994
571.0 0.047623849241063
572.0 0.06358104292303324
573.0 0.04204879514873028
574.0 0.04559765802696347
575.0 0.034542608773335814
576.0 0.03463930625002831
577.0 0.0227984826778993
578.0 0.03227182605769485
579.0 0.028960246709175408
580.0 0.03495981509331614
581.0 0.025737140094861388
582.0 0.024926100741140544
583.0 0.02241257025161758
584.0 0.02913266362156719
585.0 0.02790094877127558
586.0 0.0303500157315284
587.0 0.01430794654879719
588.0 0.022577452182304114
589.0 0.017233095422852784
590.0 0.022464580251835287
591.0 0.01098972061299719
592.0 0.022877326409798115
593.0 0.010059672058559954
594.0 0.02297627361258492
595.0 0.0073884053563233465
596.0 0.013737515837419778
597.0 0.003008128624060191
598.0 0.025459416792728007
599.0 0.011281799379503354
600.0 0.007857580203562975
601.0 0.0024445753297186457
602.0 0.002391517409705557
603.0 0.002338458943995647
604.0 0.0021213314539636485
605.0 0.00190420396393165
606.0 0.002008551746257581
607.0 0.0021128995285835117
608.0 0.0019706283637788147
609.0 0.0018283571989741176
610.0 0.0019053783034905791
611.0 0.0019823994080070406
612.0 0.0018504682884668
613.0 0.0017185373508254997
614.0 0.0017914997442858294
615.0 0.0018644625015440397
616.0 0.0019185939891031012
617.0 0.0019727254766621627
618.0 0.001833130227169022
619.0 0.0016935347957769409
620.0 0.0016421543477918021
621.0 0.0015907738998066634
622.0 0.0014681979337183293
623.0 0.0013456217857310548
624.0 0.001427862935088342
625.0 0.0015101040844456293
626.0 0.001421653723809868
627.0 0.0013332036360225175
628.0 0.0014392711818800308
629.0 0.001545339182484895
630.0 0.0014020253729540855
631.0 0.0012587111996253952
632.0 0.001413711561326636
633.0 0.001568711559229996
634.0 0.0015328927474911325
635.0 0.0014970733900554478
636.0 0.0014427198948396835
637.0 0.0013883668543712702
638.0 0.0013295522876433097
639.0 0.0012707377209153492
640.0 0.001191295450553298
641.0 0.0011118529982923064
642.0 0.001347718989563873
643.0 0.0015835850717849098
644.0 0.0014599861060560215
645.0 0.0013363869584281929
646.0 0.0013181396752770524
647.0 0.0012998925740248524
648.0 0.0011220379747101106
649.0 0.0009441832844458986
650.0 0.0011541312233021017
651.0 0.001364078707410954
652.0 0.001225364667334361
653.0 0.001086650627257768
654.0 0.0011985381206613965
655.0 0.0013104257050144952
656.0 0.0012547860933409538
657.0 0.0011991463907179423
658.0 0.0010753151400422212
659.0 0.000951484344113851
660.0 0.0008737864845898002
661.0 0.0007960887160152197
662.0 0.0009957850124919787
663.0 0.0011954816727666184
664.0 0.0012155784133938141
665.0 0.0012356749721220694
666.0 0.0011588064808165655
667.0 0.0010819375347637106
668.0 0.001111851724999724
669.0 0.0011417658242862672
670.0 0.001154493565991288
671.0 0.0011672212167468388
672.0 0.0011422840543673374
673.0 0.0011173466191394255
674.0 0.0010583085895632394
675.0 0.000999270378088113
676.0 0.0009523242624709383
677.0 0.0009053778740053531
678.0 0.0010129664588021114
679.0 0.00112055513454834
680.0 0.0010917135114141274
681.0 0.0010628717973304447
682.0 0.0010797743925650138
683.0 0.0010966768968501128
684.0 0.0009697983841761015
685.0 0.0008429197805526201
686.0 0.0009583475730323698
687.0 0.0010737751836131793
688.0 0.0011090648513345513
689.0 0.0011443546100053936
690.0 0.0010730627764132805
691.0 0.0010017709428211674
692.0 0.0010120927981915884
693.0 0.0010224148354609497
694.0 0.001129500105889747
695.0 0.001236585285369074
696.0 0.0012090948075638153
697.0 0.0011816041478596162
698.0 0.001260332646779716
699.0 0.0013390611456998158
700.0 0.0012110705938539468
701.0 0.0010830800420080777
702.0 0.0011429870028223377
703.0 0.0012028937817376573
704.0 0.0012040994079143275
705.0 0.0012053047612425871
706.0 0.0011166712283738889
707.0 0.0010280377864546608
708.0 0.0010803975783346687
709.0 0.0011327573702146765
710.0 0.0011947054190386552
711.0 0.0012566536497615743
712.0 0.0012193405382276978
713.0 0.0011820276995422319
714.0 0.0012098026672902051
715.0 0.0012375778169371188
716.0 0.0014373420526681002
717.0 0.0016371066521969624
718.0 0.0018600712792249396
719.0 0.002083035906252917
720.0 0.0017886539353639819
721.0 0.0014942719644750468
722.0 0.0017091670088120736
723.0 0.001924062416946981
724.0 0.0019073298972216435
725.0 0.0018905973774963059
726.0 0.001957727909029927
727.0 0.0020248586224624887
728.0 0.002040459912677761
729.0 0.0020560610209940933
730.0 0.001995976344915107
731.0 0.0019358916688361205
732.0 0.0017877751815831289
733.0 0.0016396588762290776
734.0 0.0014648218893853482
735.0 0.0012899850844405591
736.0 0.0012027476259390824
737.0 0.0011155100764881354
738.0 0.0011225476555409841
739.0 0.0011295854164927732
740.0 0.000949478544498561
741.0 0.0007693714906054083
742.0 0.0007422408543789061
743.0 0.000715110309101874
744.0 0.0008724589861230925
745.0 0.0010298078450432513
746.0 0.0010405323337181471
747.0 0.0010512569133425131
748.0 0.0011372531844244804
749.0 0.0012232495464559179
750.0 0.0010485255188541487
751.0 0.00087380176410079
752.0 0.0008659110790176783
753.0 0.0008580205758335069
754.0 0.0008947276910475921
755.0 0.0009314347153122071
756.0 0.0009349738320452161
757.0 0.0009385129487782251
758.0 0.0008777706170803867
759.0 0.0008170285582309589
760.0 0.0006447963642131072
761.0 0.00047256417019525543
762.0 0.0006324441983451834
763.0 0.0007923241355456412
764.0 0.0007992023711267393
765.0 0.000806080879556248
766.0 0.0007442371042998275
767.0 0.000682393329043407
768.0 0.0006096371180319693
769.0 0.0005368807705963263
770.0 0.0004542876013147179
771.0 0.0003716943865583744
772.0 0.0006073183158150641
773.0 0.000842942336021224
774.0 0.0009163955837721005
775.0 0.000989848831522977
776.0 0.0009672858141129836
777.0 0.00094472261480405
778.0 0.0008439321391051635
779.0 0.0007431417543557473
780.0 0.0007292670488823205
781.0 0.0007153922979341587
782.0 0.0006555254458362469
783.0 0.0005956584573141299
784.0 0.0006351528554660035
785.0 0.000674647208143142
786.0 0.0006531126018671785
787.0 0.0006315783139143605
788.0 0.0004600416104949545
789.0 0.00028850495255028363
790.0 0.00022916356101632118
791.0 0.00016982216948235873
792.0 0.00027932264856644906
793.0 0.0003888230821758043
794.0 0.000348341586686729
795.0 0.0003078600911976537
796.0 0.0003996257873950526
797.0 0.0004913914835924516
798.0 0.0005012147994420957
799.0 0.0005110380698170047
800.0 0.0005488277110998752
801.0 0.0005866174888069509
802.0 0.0004497884674492525
803.0 0.00031295955977839185
804.0 0.000297410383609531
805.0 0.0002818612983901403
806.0 0.00034677627809287515
807.0 0.00041169123505824246
808.0 0.000407468587582116
809.0 0.0004032459401059896
810.0 0.00033370022265444277
811.0 0.0002641544824655284
812.0 0.0002708783767957357
813.0 0.00027760227112594293
814.0 0.000428823341280804
815.0 0.0005800444341730326
816.0 0.0005826090273330919
817.0 0.000585173484068946
818.0 0.0005110634901939193
819.0 0.0004369534053694224
820.0 0.0005824030267831404
821.0 0.000727852466297918
822.0 0.0005708308435714571
823.0 0.00041380922084499616
824.0 0.00047234584599209484
825.0 0.0005308824711391935
826.0 0.000613080146649736
827.0 0.0006952777312108083
828.0 0.0006592948466277448
829.0 0.0006233118710952112
830.0 0.0005261034402792575
831.0 0.00042889496398856863
832.0 0.000582235088586458
833.0 0.0007355750767601421
834.0 0.0005900426458538277
835.0 0.0004445102149475133
836.0 0.0005833266641275259
837.0 0.0007221432042570086
838.0 0.0005632773081742926
839.0 0.0004044114575663116
840.0 0.0005347384103515651
841.0 0.0006650653176620835
842.0 0.00037678639728255803
843.0 8.850736321619479e-05
844.0 0.00017818547348724678
845.0 0.0002678636064956663
846.0 0.00047808266572246794
847.0 0.0006883018158987397
848.0 0.0005879301625100197
849.0 0.0004875585545960348
850.0 0.00042284564187866636
851.0 0.000358132774636033
852.0 0.00044050830183550715
853.0 0.0005228835561865708
854.0 0.0005627669452223927
855.0 0.0006026501523592742
856.0 0.000583602695769514
857.0 0.0005645552846544888
858.0 0.000557671091883094
859.0 0.0005507869445864344
860.0 0.0004995305971533526
861.0 0.00044827424972027075
862.0 0.00045117126319382805
863.0 0.00045406827666738536
864.0 0.00045744559429294895
865.0 0.00046082286644377746
866.0 0.0005148083346284693
867.0 0.0005687938482878963
868.0 0.0006905276677571237
869.0 0.0008122615327010863
870.0 0.00069819238888158
871.0 0.0005841231541126035
872.0 0.0004314897978474619
873.0 0.0002788563506328501
874.0 0.0004176943093625596
875.0 0.0005565323135670042
876.0 0.0006507990747195436
877.0 0.000745065835872083
878.0 0.0007082191132212756
879.0 0.0006713722996209981
880.0 0.0006876877705508377
881.0 0.0007040035143290879
882.0 0.0006298411790339742
883.0 0.0005556790711125359
884.0 0.0005934746241109679
885.0 0.0006312703590083402
886.0 0.0006885537004563957
887.0 0.0007458373147528619
888.0 0.0006268843208090402
889.0 0.0005079314632894238
890.0 0.0005310048436513171
891.0 0.0005540783604374155
892.0 0.0005594286449195351
893.0 0.0005647790203511249
894.0 0.0005706206593458774
895.0 0.0005764622983406298
896.0 0.0004075110155099537
897.0 0.00023855964172980748
898.0 0.00032605782962491503
899.0 0.0004135559720452875
900.0 0.0003446914661253686
901.0 0.0002758269602054497
902.0 0.0005359332135412842
903.0 0.0007960395123518538
904.0 0.0004734398771688575
905.0 0.0001508401624050748
906.0 0.0003768358283195994
907.0 0.0006028315056028077
