lsstCam/transmission_filter_detector/r31_s22/r_57/19700101T000000.ecsv
# %ECSV 1.0
# ---
# datatype:
# - {name: wavelength, unit: nm, datatype: float32}
# - {name: efficiency, unit: '%', datatype: float64}
# meta: !!omap
# - {MODE: DETECTOR}
# - {TYPE: transmission_filter_detector}
# - {CALIBDATE: '1970-01-01T00:00:00'}
# - {INSTRUME: LSSTCam}
# - {OBSTYPE: transmission_filter_detector}
# - {CALIBCLS: lsst.ip.isr.IntermediateFilterDetectorTransmissionCurve}
# - {SOURCE: Materion (DM-46256)}
# - {DETECTOR: 134}
# - {FILTER: r_57}
# - {CALIB_ID: 'calibDate=1970-01-01T00:00:00 filter=r_57 detector=134'}
# - {DATE: '2025-04-02T15:59:44.803847'}
# - {CALIB_CREATION_DATE: '2025-04-02'}
# - {CALIB_CREATION_TIME: '15:59:44'}
# - __serialized_columns__:
#     efficiency:
#       __class__: astropy.units.quantity.Quantity
#       unit: !astropy.units.Unit {unit: '%'}
#       value: !astropy.table.SerializedColumn {name: efficiency}
#     wavelength:
#       __class__: astropy.units.quantity.Quantity
#       unit: !astropy.units.Unit {unit: nm}
#       value: !astropy.table.SerializedColumn {name: wavelength}
# schema: astropy-2.0
wavelength efficiency
300.0 0.0018643240764504299
301.0 0.005240731843514368
302.0 0.008617140701971948
303.0 0.011160261055920273
304.0 0.01370338286506012
305.0 0.012259279901627451
306.0 0.010815178393386304
307.0 0.009042033343575895
308.0 0.007268886110978201
309.0 0.006801566632930189
310.0 0.006334245699690655
311.0 0.00572890457988251
312.0 0.005123563460074365
313.0 0.004828653618460521
314.0 0.0045337452320382
315.0 0.004244770389050245
316.0 0.0039557944546686485
317.0 0.0039373462641378865
318.0 0.003918896982213482
319.0 0.0035262753954157233
320.0 0.0031336538086179644
321.0 0.0029984152206452563
322.0 0.0028631773602683097
323.0 0.0026350007829023525
324.0 0.0024068243874353357
325.0 0.002224852687504608
326.0 0.0020428813513717614
327.0 0.0021815714717376977
328.0 0.0023202617740025744
329.0 0.0022907788661541417
330.0 0.0022612961402046494
331.0 0.0021466592443175614
332.0 0.0020320225303294137
333.0 0.0017813670638133772
334.0 0.001530711779196281
335.0 0.0013724913515034132
336.0 0.0012142710147600155
337.0 0.001173263353848597
338.0 0.0011322556929371785
339.0 0.001021385469357483
340.0 0.0009105152457777876
341.0 0.0008633594916318543
342.0 0.0008162034646375105
343.0 0.0008616259947302751
344.0 0.0009070484338735696
345.0 0.0008881990652298555
346.0 0.0008693497875356115
347.0 0.0008821007213555276
348.0 0.0008948518370743841
349.0 0.0009050460903381463
350.0 0.0028418589863576926
351.0 0.004564477058011107
352.0 0.006287095311563462
353.0 0.005354479799279943
354.0 0.004421866105985828
355.0 0.004625926885637455
356.0 0.004829987301491201
357.0 0.0052688839787151664
358.0 0.005707783202524297
359.0 0.004507624544203281
360.0 0.0033074666134780273
361.0 0.002591927295725327
362.0 0.0018763883417705074
363.0 0.002259608118038159
364.0 0.0026428280762047507
365.0 0.0028241080144653097
366.0 0.0030053879527258687
367.0 0.00241933848883491
368.0 0.0018332892068428919
369.0 0.0032622891012579203
370.0 0.004691288631875068
371.0 0.0044872947910334915
372.0 0.004283300586394034
373.0 0.0037164871173445135
374.0 0.003149673284497112
375.0 0.0023967892047949135
376.0 0.001643905125092715
377.0 0.0020206396584399045
378.0 0.0023973743736860342
379.0 0.0021819141693413258
380.0 0.001966453783097677
381.0 0.002153127934434451
382.0 0.0023398022676701657
383.0 0.0028315504096099176
384.0 0.003323298369650729
385.0 0.003916517744073644
386.0 0.004509737846092321
387.0 0.004396447911858559
388.0 0.004283158341422677
389.0 0.0029716091376030818
390.0 0.0016600597518845461
391.0 0.0012997166777495295
392.0 0.0009393736036145128
393.0 0.0012885646356153302
394.0 0.0016377556676161475
395.0 0.0012847569450968876
396.0 0.0009317581316281576
397.0 0.0007480025942641078
398.0 0.0005642471933242632
399.0 0.0009465821676712949
400.0 0.0013289175512909424
401.0 0.001142433120548958
402.0 0.0009559485988575034
403.0 0.0008892895493772812
404.0 0.0008226306817959994
405.0 0.0009321850484411698
406.0 0.0010417395060358103
407.0 0.0010301351721864194
408.0 0.0010185309292864986
409.0 0.0014012072824698407
410.0 0.0017838836356531829
411.0 0.001621083174541127
412.0 0.001458282713429071
413.0 0.0018194145013694651
414.0 0.0021805462893098593
415.0 0.001933261773956474
416.0 0.0016859778042999096
417.0 0.0013852125448465813
418.0 0.001084447285393253
419.0 0.0017328733520116657
420.0 0.002381299236731138
421.0 0.003954725252697244
422.0 0.00552815108676441
423.0 0.008609258657088503
424.0 0.011690364772221074
425.0 0.015321301179938018
426.0 0.018952238315250725
427.0 0.019356675329618156
428.0 0.01976111379917711
429.0 0.01578711671754718
430.0 0.011813120363513008
431.0 0.008209076622733846
432.0 0.0046050321543589234
433.0 0.003755489524337463
434.0 0.002905947440012824
435.0 0.00242273454205133
436.0 0.0019395216440898366
437.0 0.0013288759873830713
438.0 0.0007182304671005113
439.0 0.0008327504474436864
440.0 0.0009472702913626563
441.0 0.0011945995538553689
442.0 0.0014419289982470218
443.0 0.001724950925563462
444.0 0.002007972761930432
445.0 0.001722156594041735
446.0 0.0014363404261530377
447.0 0.0014342847862280905
448.0 0.0014322287825052626
449.0 0.0013820833373756614
450.0 0.0013319374374987092
451.0 0.0012733090443362016
452.0 0.0012146805602242239
453.0 0.001339733717031777
454.0 0.0014647867828898598
455.0 0.0011802981134678703
456.0 0.0008958093530964106
457.0 0.0008537512258044444
458.0 0.0008116930985124782
459.0 0.0010151763490284793
460.0 0.0012186595995444804
461.0 0.0017046326320269145
462.0 0.0021906056645093486
463.0 0.0030610779504058883
464.0 0.003931550236302428
465.0 0.004749491927213967
466.0 0.005567433254327625
467.0 0.006092562398407608
468.0 0.006617692270083353
469.0 0.005735196100431494
470.0 0.004852699566981755
471.0 0.0035691158700501546
472.0 0.002285532173118554
473.0 0.0016657235391903669
474.0 0.0010459149962116499
475.0 0.0009159763976640534
476.0 0.0007860377991164569
477.0 0.0007219856797746615
478.0 0.0006579336513823364
479.0 0.0005915194833505666
480.0 0.0005251053607935319
481.0 0.0004258417447999818
482.0 0.00032657810606906423
483.0 0.0003954222393076634
484.0 0.0004642664862331003
485.0 0.0005116010470374022
486.0 0.000558935562366969
487.0 0.0005048690582043491
488.0 0.0004508025540417293
489.0 0.0007477620783902239
490.0 0.0010447216482134536
491.0 0.0008813952263153624
492.0 0.0007180688953667413
493.0 0.0008421920028922614
494.0 0.0009663148375693709
495.0 0.000998944142338587
496.0 0.001031573447107803
497.0 0.0010352541721658781
498.0 0.0010389348972239532
499.0 0.001094308026949875
500.0 0.001149681156675797
501.0 0.0014100926819082815
502.0 0.0016705040252418257
503.0 0.001882421929622069
504.0 0.0020943394702044316
505.0 0.002543271148169879
506.0 0.002992202644236386
507.0 0.00377070828108117
508.0 0.004549213554128073
509.0 0.004955734038958326
510.0 0.005362254159990698
511.0 0.00482361538161058
512.0 0.004284976239432581
513.0 0.0036551027733366936
514.0 0.003025229489139747
515.0 0.002816039886965882
516.0 0.0026068499209941365
517.0 0.0025984265448641963
518.0 0.002590002986835316
519.0 0.013740721624344587
520.0 0.09940764866769314
521.0 0.11542309075593948
522.0 0.08899548556655645
523.0 0.12397679965943098
524.0 0.11674454435706139
525.0 0.08930882322601974
526.0 0.08380463114008307
527.0 0.12787333689630032
528.0 0.15577515587210655
529.0 0.04915164900012314
530.0 0.12526382924988866
531.0 0.1717934850603342
532.0 0.21731739398092031
533.0 0.2124921651557088
534.0 0.33024263102561235
535.0 0.4229591228067875
536.0 0.586322695016861
537.0 0.7620788644999266
538.0 1.243613287806511
539.0 1.9120538607239723
540.0 3.1896188855171204
541.0 4.714886471629143
542.0 6.860253214836121
543.0 9.829456359148026
544.0 13.202717900276184
545.0 17.06901490688324
546.0 21.920081973075867
547.0 27.59791612625122
548.0 35.193637013435364
549.0 43.22477579116821
550.0 50.24970769882202
551.0 57.89543390274048
552.0 63.7256383895874
553.0 69.10377144813538
554.0 73.46550822257996
555.0 77.79673337936401
556.0 81.4307689666748
557.0 84.60429906845093
558.0 87.63288259506226
559.0 91.36443138122559
560.0 92.095947265625
561.0 93.58969330787659
562.0 94.6887195110321
563.0 94.83873248100281
564.0 95.49164175987244
565.0 95.06426453590393
566.0 95.59378623962402
567.0 94.78740692138672
568.0 95.30465602874756
569.0 95.74357867240906
570.0 95.82100510597229
571.0 96.53578400611877
572.0 96.52433395385742
573.0 96.47642374038696
574.0 96.96975946426392
575.0 96.42037153244019
576.0 97.1380352973938
577.0 96.58534526824951
578.0 96.66353464126587
579.0 96.79534435272217
580.0 96.01806998252869
581.0 96.10273838043213
582.0 96.34715914726257
583.0 96.23059034347534
584.0 95.65443396568298
585.0 95.8375096321106
586.0 96.48098945617676
587.0 95.70444226264954
588.0 96.07020616531372
589.0 97.04431891441345
590.0 96.34978771209717
591.0 95.77491879463196
592.0 95.69665193557739
593.0 95.69016098976135
594.0 95.77794075012207
595.0 96.0971474647522
596.0 96.80951833724976
597.0 96.81026935577393
598.0 96.43654227256775
599.0 96.18433713912964
600.0 96.41967415809631
601.0 95.83287835121155
602.0 96.00830674171448
603.0 95.84116339683533
604.0 96.27963900566101
605.0 96.22166156768799
606.0 96.27227187156677
607.0 95.71356773376465
608.0 96.26621007919312
609.0 95.41738033294678
610.0 96.0026204586029
611.0 95.88481187820435
612.0 95.76806426048279
613.0 96.54335975646973
614.0 96.36898040771484
615.0 95.98901867866516
616.0 95.99047899246216
617.0 96.26320004463196
618.0 95.9149420261383
619.0 96.68784141540527
620.0 95.7360029220581
621.0 95.81974148750305
622.0 96.3310718536377
623.0 96.50397300720215
624.0 95.9771454334259
625.0 96.559077501297
626.0 95.8554744720459
627.0 95.14825940132141
628.0 96.97439074516296
629.0 95.1921284198761
630.0 96.41766548156738
631.0 95.60869932174683
632.0 96.55844569206238
633.0 96.17109298706055
634.0 95.42708992958069
635.0 96.05955481529236
636.0 95.76958417892456
637.0 95.4051673412323
638.0 95.31129002571106
639.0 95.14608979225159
640.0 95.33807635307312
641.0 95.35319805145264
642.0 95.93955874443054
643.0 95.76367735862732
644.0 95.82468271255493
645.0 95.82580327987671
646.0 95.79641819000244
647.0 96.72182202339172
648.0 96.12101316452026
649.0 95.31892538070679
650.0 96.02089524269104
651.0 96.69475555419922
652.0 96.36483192443848
653.0 95.64976692199707
654.0 96.56100273132324
655.0 96.15225791931152
656.0 95.53444385528564
657.0 95.64545154571533
658.0 96.41742706298828
659.0 96.14362120628357
660.0 95.29648423194885
661.0 95.07081508636475
662.0 95.5900251865387
663.0 95.7012414932251
664.0 95.18387913703918
665.0 95.20846605300903
666.0 95.21363973617554
667.0 95.4058825969696
668.0 95.02575993537903
669.0 95.5078661441803
670.0 95.3004777431488
671.0 95.39978504180908
672.0 95.0385332107544
673.0 95.37654519081116
674.0 94.98165845870972
675.0 95.4807996749878
676.0 95.33544778823853
677.0 94.0102756023407
678.0 93.31908822059631
679.0 92.61369705200195
680.0 91.71254634857178
681.0 90.41794538497925
682.0 88.67984414100647
683.0 85.90028882026672
684.0 82.59909749031067
685.0 78.99975180625916
686.0 75.34886002540588
687.0 70.66941857337952
688.0 66.24144315719604
689.0 61.931312084198
690.0 56.71933889389038
691.0 52.31863856315613
692.0 47.721219062805176
693.0 43.48416030406952
694.0 38.71691823005676
695.0 33.45389366149902
696.0 28.37066948413849
697.0 23.202745616436005
698.0 17.446212470531464
699.0 12.94560432434082
700.0 9.278375655412674
701.0 5.929776653647423
702.0 3.776637092232704
703.0 2.197824977338314
704.0 1.276450976729393
705.0 0.7686663884669542
706.0 0.4956642631441355
707.0 0.33817579969763756
708.0 0.2107815584167838
709.0 0.2092224545776844
710.0 0.08417121716775
711.0 0.08243804913945496
712.0 0.09425797034054995
713.0 0.020186734036542475
714.0 0.03134864673484117
715.0 0.07112862076610327
716.0 0.0364800711395219
717.0 0.05979881389066577
718.0 0.0301321066217497
719.0 0.035137205850332975
720.0 1.6025384144691124e-10
721.0 0.004613250712282024
722.0 0.0044769985834136605
723.0 0.004340746454545297
724.0 0.003981193731306121
725.0 0.0036216410080669448
726.0 0.003442311572143808
727.0 0.0032629817724227905
728.0 0.0031261366530088708
729.0 0.0029892913516960107
730.0 0.002790059988910798
731.0 0.0025908288080245256
732.0 0.0024391380065935664
733.0 0.002287447568960488
734.0 0.0021958052457193844
735.0 0.0021041631043772213
736.0 0.0020072096958756447
737.0 0.0019102561054751277
738.0 0.0018525119230616838
739.0 0.0017947675587492995
740.0 0.0017207452401635237
741.0 0.0016467227396788076
742.0 0.0016013154890970327
743.0 0.0015559080566163175
744.0 0.0015755791537230834
745.0 0.00159525061462773
746.0 0.001487784811615711
747.0 0.001380319008603692
748.0 0.0013758394743490499
749.0 0.0013713598491449375
750.0 0.0013223576388554648
751.0 0.001273355428565992
752.0 0.0011807707778643817
753.0 0.0010881863090617117
754.0 0.0011353052286722232
755.0 0.0011824239663837943
756.0 0.001188296027976321
757.0 0.0011941679986193776
758.0 0.001202339080919046
759.0 0.0012105103451176547
760.0 0.0012413287549861707
761.0 0.0012721472558041569
762.0 0.0011181048648722935
763.0 0.0009640625648899004
764.0 0.0010431956070533488
765.0 0.0011223284673178568
766.0 0.0009525100722385105
767.0 0.0007826916771591641
768.0 0.000845112754177535
769.0 0.000907533922145376
770.0 0.0009244238754035905
771.0 0.0009413136467628647
772.0 0.0010034768820332829
773.0 0.0010656399354047608
774.0 0.001031472856993787
775.0 0.0009973055057344027
776.0 0.0009858538760454394
777.0 0.000974402701103827
778.0 0.0008535699635103811
779.0 0.0007327374987653457
780.0 0.0007788537004671525
781.0 0.000824969720270019
782.0 0.0008602360139775556
783.0 0.0008955023986345623
784.0 0.0009005616448121145
785.0 0.0009056206181412563
786.0 0.0008510023690178059
787.0 0.0007963840289448854
788.0 0.0007140334219002398
789.0 0.0006316828603303293
790.0 0.0006009383014315972
791.0 0.0005701936061086599
792.0 0.0005513579253602074
793.0 0.0005325222900864901
794.0 0.0006118799774412764
795.0 0.0006912376647960627
796.0 0.0006157792540761875
797.0 0.0005403208888310473
798.0 0.0005969423455098877
799.0 0.0006535638931381982
800.0 0.0006666145964118186
801.0 0.0006796650723117637
802.0 0.0006775072051823372
803.0 0.0006753493835276458
804.0 0.0006483054676209576
805.0 0.0006212615971890045
806.0 0.0006268759079830488
807.0 0.0006324902642518282
808.0 0.0006982456397963688
809.0 0.0007640009243914392
810.0 0.0008303912181872874
811.0 0.000896781148185255
812.0 0.0007084121079969918
813.0 0.000520042749485583
814.0 0.0006354009201459121
815.0 0.0007507589089073008
816.0 0.0007987529897945933
817.0 0.0008467472071060911
818.0 0.0006512523668789072
819.0 0.00045575770855066366
820.0 0.0005563754257309483
821.0 0.0006569930064870277
822.0 0.0006405940439435653
823.0 0.0006241952178243082
824.0 0.0005953427717031445
825.0 0.0005664905529556563
826.0 0.0005908680577704217
827.0 0.0006152456080599222
828.0 0.0005606437298411038
829.0 0.0005060420335212257
830.0 0.00021834464405401377
831.0 1.6025384144691124e-10
832.0 1.6025384144691124e-10
833.0 1.6025384144691124e-10
834.0 1.6025384144691124e-10
835.0 1.6025384144691124e-10
836.0 8.752444813353577e-06
837.0 6.969342507545662e-05
838.0 0.0007159764209063724
839.0 0.0013622594451589976
840.0 0.0016927331671467982
841.0 0.002023206980084069
842.0 0.002355004835408181
843.0 0.0026868025088333525
844.0 0.0026104218704858795
845.0 0.0025340412321384065
846.0 0.002149935608031228
847.0 0.0017658296201261692
848.0 0.0016983505702228285
849.0 0.0016308713384205475
850.0 0.0015724790500826202
851.0 0.0015140866707952227
852.0 0.0014223474863683805
853.0 0.0013306084838404786
854.0 0.0011178361091879196
855.0 0.0009050638254848309
856.0 0.0007968799764057621
857.0 0.0006886960818519583
858.0 0.0005583895472227596
859.0 0.0004280831490177661
860.0 0.0003282809984739288
861.0 0.00022847887066745898
862.0 0.0002696385536182788
863.0 0.00031079823656909866
864.0 0.00027484813927003415
865.0 0.0002388980647083372
866.0 0.00024813782601995626
867.0 0.00025737754185684025
868.0 0.00017163079064630438
869.0 8.588401669840096e-05
870.0 0.0001716772999316163
871.0 0.00025747060590219917
872.0 0.00025157987693091854
873.0 0.000245689193434373
874.0 0.00026547443212621147
875.0 0.0002852596708180499
876.0 0.00014901144140821998
877.0 1.2763233314672107e-05
878.0 5.762840373790823e-05
879.0 0.00010249359547742642
880.0 6.971441166570003e-05
881.0 3.693526480219589e-05
882.0 8.640757300781843e-05
883.0 0.00013587989542429568
884.0 0.00010369880101279705
885.0 7.151769523261464e-05
886.0 0.00010340628477933933
887.0 0.00013529486295738025
888.0 0.00017838940493675182
889.0 0.0002214839469161234
890.0 0.00013962219327368075
891.0 5.7760439631238114e-05
892.0 5.88959494507435e-05
893.0 6.003145927024889e-05
894.0 1.6025384144691124e-10
895.0 1.6025384144691124e-10
896.0 1.6025384144691124e-10
897.0 1.6025384144691124e-10
898.0 7.479737718085744e-06
899.0 2.4663759745635616e-05
900.0 1.6025384144691124e-10
901.0 1.6025384144691124e-10
