lsstCam/transmission_filter_detector/r31_s22/r_57/19700101T000000.ecsv
# %ECSV 1.0
# ---
# datatype:
# - {name: wavelength, unit: nm, datatype: float32}
# - {name: efficiency, unit: '%', datatype: float64}
# meta: !!omap
# - {MODE: DETECTOR}
# - {TYPE: transmission_filter_detector}
# - {CALIBDATE: '1970-01-01T00:00:00'}
# - {INSTRUME: LSSTCam}
# - {OBSTYPE: transmission_filter_detector}
# - {CALIBCLS: lsst.ip.isr.IntermediateFilterDetectorTransmissionCurve}
# - {SOURCE: Materion (DM-46256)}
# - {DETECTOR: 134}
# - {FILTER: r_57}
# - {CALIB_ID: 'calibDate=1970-01-01T00:00:00 filter=r_57 detector=134'}
# - {DATE: '2025-04-02T15:59:44.803847'}
# - {CALIB_CREATION_DATE: '2025-04-02'}
# - {CALIB_CREATION_TIME: '15:59:44'}
# - __serialized_columns__:
#     efficiency:
#       __class__: astropy.units.quantity.Quantity
#       unit: !astropy.units.Unit {unit: '%'}
#       value: !astropy.table.SerializedColumn {name: efficiency}
#     wavelength:
#       __class__: astropy.units.quantity.Quantity
#       unit: !astropy.units.Unit {unit: nm}
#       value: !astropy.table.SerializedColumn {name: wavelength}
# schema: astropy-2.0
wavelength efficiency
[from data line 603]
903.0 1.6025384144691124e-10
904.0 3.040381670871284e-05
905.0 0.00014445122360484675
906.0 0.00013485044974004268
907.0 0.00012524968724392238
908.0 0.00013741396287514362
909.0 0.00014957819303162978
910.0 6.847911890872638e-05
911.0 1.6025384144691124e-10
912.0 0.0001069971972356143
913.0 0.00022661436105408939
914.0 0.00020703380414488493
915.0 0.00018745322449831292
916.0 0.000142865951602289
917.0 9.827865596889751e-05
918.0 0.0001225764549417363
919.0 0.00014687424254589132
920.0 0.00016400659887949587
921.0 0.0001811389665817842
922.0 0.00017074934248739737
923.0 0.0001603597411303781
924.0 0.00020382071852509398
925.0 0.00024728169591980986
926.0 0.00018679916138353292
927.0 0.00012631664958462352
928.0 0.00017288723483943613
929.0 0.0002194577973568812
930.0 0.00019031159581572865
931.0 0.00016116538290589233
932.0 0.00012365954944471014
933.0 8.615370461484417e-05
934.0 1.8994542472228204e-05
935.0 1.6025384144691124e-10
936.0 1.6025384144691124e-10
937.0 1.6025384144691124e-10
938.0 1.6025384144691124e-10
939.0 1.6025384144691124e-10
940.0 2.9706654913752573e-05
941.0 7.80779487286054e-05
942.0 0.0003088275661866646
943.0 0.0005395771495386725
944.0 0.0004663843810703838
945.0 0.0003931916126020951
946.0 0.0005642351879941998
947.0 0.0007352788543357747
948.0 0.0005287769909045892
949.0 0.0003222752866349765
950.0 0.0003696718295032042
951.0 0.00041706830415932927
952.0 0.0006180763193697203
953.0 0.0008190843800548464
954.0 0.0009290381058235653
955.0 0.0010389920134912245
956.0 0.001128843996411888
957.0 0.001218695797433611
958.0 0.0014284944882092532
959.0 0.0016382931789848953
960.0 0.0018417211322230287
961.0 0.0020451487216632813
962.0 0.002109299566654954
963.0 0.0021734502297476865
964.0 0.002308854163857177
965.0 0.0024442580979666673
966.0 0.0024254843083326705
967.0 0.0024067105186986737
968.0 0.0023589729607920162
969.0 0.002311235039087478
970.0 0.002398250944679603
971.0 0.002485266486473847
972.0 0.0025445748178754
973.0 0.0026038833311758935
974.0 0.002754729939624667
975.0 0.0029055769118713215
976.0 0.0029809070838382468
977.0 0.003056237255805172
978.0 0.003028836363228038
979.0 0.003001435106853023
980.0 0.003050132181670051
981.0 0.003098829256487079
982.0 0.003067684519919567
983.0 0.0030365396014531143
984.0 0.002983453669003211
985.0 0.0029303677365533076
986.0 0.0028463357011787593
987.0 0.0027623040296020918
988.0 0.002689966822799761
989.0 0.0026176299797953106
990.0 0.002644454980327282
991.0 0.002671280162758194
992.0 0.0025497434762655757
993.0 0.0024282067897729576
994.0 0.0024502593078068458
995.0 0.002472312371537555
996.0 0.00251633464358747
997.0 0.0025603570975363255
998.0 0.002750835301412735
999.0 0.0029413133233902045
1000.0 0.003028584069397766
1001.0 0.0031158546335063875
1002.0 0.003289222513558343
1003.0 0.0034625907574081793
1004.0 0.0036234880099073052
1005.0 0.0037843848986085504
1006.0 0.003929201193386689
1007.0 0.004074017851962708
1008.0 0.004089794674655423
1009.0 0.004105571861146018
1010.0 0.004018132676719688
1011.0 0.0039306938560912386
1012.0 0.004001489287475124
1013.0 0.0040722847188590094
1014.0 0.003922612813767046
1015.0 0.003772940908675082
1016.0 0.003392359212739393
1017.0 0.003011776789207943
1018.0 0.0028250091418158263
1019.0 0.0026382409487268887
1020.0 0.0024247290639323182
1021.0 0.002211216815339867
1022.0 0.0018746946807368658
1023.0 0.001538172182335984
1024.0 0.0014544406440109015
1025.0 0.0013707093785342295
1026.0 0.001167204936791677
1027.0 0.0009637007678975351
1028.0 0.0009748308002599515
1029.0 0.000985960923571838
1030.0 0.0009244535249308683
1031.0 0.0008629462172393687
1032.0 0.0007891827408457175
1033.0 0.000715419128027861
1034.0 0.0007500532319681952
1035.0 0.0007846872904337943
1036.0 0.0006324104106170125
1037.0 0.0004801334853254957
1038.0 0.000724766823623213
1039.0 0.0009694001164461952
1040.0 0.0008201033779187128
1041.0 0.0006708063210680848
1042.0 0.0007082030151650542
1043.0 0.0007455997092620237
1044.0 0.0007995181476871949
1045.0 0.000853436540637631
1046.0 0.0007095355613273568
1047.0 0.0005656346729665529
1048.0 0.0005578628133662278
1049.0 0.0005500910447153728
1050.0 0.0007875743904151022
1051.0 0.0010250575542158913
1052.0 0.0010421547813166399
1053.0 0.001059251735568978
1054.0 0.001108234664570773
1055.0 0.0011572176845220383
1056.0 0.0009690679689811077
1057.0 0.0007809183443896472
1058.0 0.0010511324944673106
1059.0 0.001321346644544974
1060.0 0.0011987699508608785
1061.0 0.0010761930752778426
1062.0 0.0010960702638840303
1063.0 0.0011159473615407478
1064.0 0.001420645094185602
1065.0 0.0017253429177799262
1066.0 0.0019608274669735692
1067.0 0.002196311834268272
1068.0 0.002137242154276464
1069.0 0.002078171746688895
1070.0 0.0020219380530761555
1071.0 0.001965704359463416
1072.0 0.00220885849557817
1073.0 0.002452012813591864
1074.0 0.002389111978118308
1075.0 0.0023262109607458115
1076.0 0.0024363007469219156
1077.0 0.002546390169300139
1078.0 0.003175956226186827
1079.0 0.003805521919275634
1080.0 0.003688543802127242
1081.0 0.00357156568497885
1082.0 0.004026574970339425
1083.0 0.0044815842557
1084.0 0.0039131813537096605
1085.0 0.0033447784517193213
1086.0 0.0042394462070660666
1087.0 0.005134113598614931
1088.0 0.004324432666180655
1089.0 0.003514751006150618
1090.0 0.003096835280302912
1091.0 0.0026789193725562654
1092.0 0.0031173156457953155
1093.0 0.003555711737135425
1094.0 0.003323964847368188
1095.0 0.003092218321398832
1096.0 0.003337277303216979
1097.0 0.003582336285035126
1098.0 0.002773366213659756
1099.0 0.0019643965060822666
1100.0 0.0016804729966679588
1101.0 0.001396549487253651
