lsstCam/transmission_filter_detector/r22_s12/r_57/19700101T000000.ecsv
# %ECSV 1.0
# ---
# datatype:
# - {name: wavelength, unit: nm, datatype: float32}
# - {name: efficiency, unit: '%', datatype: float64}
# meta: !!omap
# - {MODE: DETECTOR}
# - {TYPE: transmission_filter_detector}
# - {CALIBDATE: '1970-01-01T00:00:00'}
# - {INSTRUME: LSSTCam}
# - {OBSTYPE: transmission_filter_detector}
# - {CALIBCLS: lsst.ip.isr.IntermediateFilterDetectorTransmissionCurve}
# - {SOURCE: Materion (DM-46256)}
# - {DETECTOR: 95}
# - {FILTER: r_57}
# - {CALIB_ID: 'calibDate=1970-01-01T00:00:00 filter=r_57 detector=95'}
# - {DATE: '2025-04-02T15:59:44.621943'}
# - {CALIB_CREATION_DATE: '2025-04-02'}
# - {CALIB_CREATION_TIME: '15:59:44'}
# - __serialized_columns__:
#     efficiency:
#       __class__: astropy.units.quantity.Quantity
#       unit: !astropy.units.Unit {unit: '%'}
#       value: !astropy.table.SerializedColumn {name: efficiency}
#     wavelength:
#       __class__: astropy.units.quantity.Quantity
#       unit: !astropy.units.Unit {unit: nm}
#       value: !astropy.table.SerializedColumn {name: wavelength}
# schema: astropy-2.0
wavelength efficiency
[from data line 603]
903.0 1.5786067114956226e-10
904.0 1.5786067114956226e-10
905.0 1.5786067114956226e-10
906.0 1.5786067114956226e-10
907.0 1.5786067114956226e-10
908.0 1.5786067114956226e-10
909.0 1.5786067114956226e-10
910.0 1.5786067114956226e-10
911.0 1.5786067114956226e-10
912.0 1.5786067114956226e-10
913.0 1.5786067114956226e-10
914.0 1.5786067114956226e-10
915.0 2.273201573643746e-05
916.0 2.893874011533626e-05
917.0 3.514547017857694e-05
918.0 0.00010179721812164644
919.0 0.0001684489234321518
920.0 5.523776280824677e-05
921.0 1.5786067114956226e-10
922.0 9.304740729021432e-05
923.0 0.0002440682465021382
924.0 0.0002009860509133432
925.0 0.00015790387806191575
926.0 0.00013378544281295035
927.0 0.00010966699619530118
928.0 0.00012860811011705664
929.0 0.0001475492240388121
930.0 0.00019877836621162714
931.0 0.0002500075424904935
932.0 0.00011775531447710819
933.0 1.5786067114956226e-10
934.0 0.0001254763674296555
935.0 0.00026544960292085307
936.0 0.0002978354586957721
937.0 0.0003302213372080587
938.0 0.0003532700930009014
939.0 0.0003763188942684792
940.0 0.00035879959341400536
941.0 0.000341280269822164
942.0 0.0003931360424758168
943.0 0.00044499183786683716
944.0 0.00042373039832455106
945.0 0.00040246900425700005
946.0 0.00039353558349830564
947.0 0.00038460216273961123
948.0 0.0005060649527877104
949.0 0.0006275278337852797
950.0 0.0006249131274671527
951.0 0.0006222984666237608
952.0 0.0007607067345816176
953.0 0.0008991151844384149
954.0 0.0011833823009510525
955.0 0.0014676495993626304
956.0 0.0015225589777401183
957.0 0.0015774681742186658
958.0 0.001704554961179383
959.0 0.001831642111937981
960.0 0.0020201370716677047
961.0 0.002208632395195309
962.0 0.002323325679753907
963.0 0.0024380193281103857
964.0 0.002516772292437963
965.0 0.0025955250748666003
966.0 0.002605199370009359
967.0 0.0026148736651521176
968.0 0.002606013913464267
969.0 0.0025971543436753564
970.0 0.0026406369215692393
971.0 0.0026841196813620627
972.0 0.002713877438509371
973.0 0.002743634831858799
974.0 0.0029054721380816773
975.0 0.003067309080506675
976.0 0.003149351687170565
977.0 0.0032313939300365746
978.0 0.0031216124625643715
979.0 0.003011830813193228
980.0 0.0029384631488937885
981.0 0.002865095484594349
982.0 0.0029137678211554885
983.0 0.002962440157716628
984.0 0.0028891319743706845
985.0 0.002815823972923681
986.0 0.0027242482246947475
987.0 0.0026326722945668735
988.0 0.0024998053049785085
989.0 0.0023669386791880243
990.0 0.002405501982138958
991.0 0.0024440652850898914
992.0 0.0025052795535884798
993.0 0.002566494367783889
994.0 0.0026244235414196737
995.0 0.002682352533156518
996.0 0.0027611426048679277
997.0 0.002839932312781457
998.0 0.002949307054223027
999.0 0.003058681613765657
1000.0 0.003234236646676436
1001.0 0.003409792043385096
1002.0 0.003625627505243756
1003.0 0.003841462967102416
1004.0 0.003972011472797021
1005.0 0.004102559614693746
1006.0 0.004282052759663202
1007.0 0.004461545904632658
1008.0 0.004388976230984554
1009.0 0.004316406193538569
1010.0 0.004259672641637735
1011.0 0.004202939453534782
1012.0 0.004141617682762444
1013.0 0.004080295911990106
1014.0 0.003771850242628716
1015.0 0.003463404209469445
1016.0 0.003311062027933076
1017.0 0.0031587202101945877
1018.0 0.002802031667670235
1019.0 0.0024453433070448227
1020.0 0.0020638175556086935
1021.0 0.001682291622273624
1022.0 0.0014851706509944052
1023.0 0.001288049497816246
1024.0 0.001356746543024201
1025.0 0.0014254437701310962
1026.0 0.0013110771760693751
1027.0 0.0011967103091592435
1028.0 0.0011171680853294674
1029.0 0.0010376255886512809
1030.0 0.0009920433512888849
1031.0 0.0009464604772801977
1032.0 0.0009082684300665278
1033.0 0.0008700762009539176
1034.0 0.0007996212843863759
1035.0 0.0007291663223440992
1036.0 0.0008253252417489421
1037.0 0.0009214839337801095
1038.0 0.0008046483344514854
1039.0 0.0006878128715470666
1040.0 0.0007461201676051132
1041.0 0.0008044274181884248
1042.0 0.0009376822163176257
1043.0 0.001070936650648946
1044.0 0.0009375205991091207
1045.0 0.0008041048204177059
1046.0 0.0007881099918449763
1047.0 0.0007721152542217169
1048.0 0.0006522208423120901
1049.0 0.0005323264758771984
1050.0 0.0005320439413480926
1051.0 0.0005317613158695167
1052.0 0.0008703697858436499
1053.0 0.0012089778465451673
1054.0 0.0010072491932078265
1055.0 0.0008055204489210155
1056.0 0.0008530709237675183
1057.0 0.0009006216714624316
1058.0 0.0007193720193754416
1059.0 0.0005381226401368622
1060.0 0.0009293227776652202
1061.0 0.0013205224604462273
1062.0 0.0014693428965983912
1063.0 0.0016181633327505551
1064.0 0.0012008717931166757
1065.0 0.0007835799806343857
1066.0 0.001098006669053575
1067.0 0.0014124333574727643
1068.0 0.00170416860783007
1069.0 0.001995903585338965
1070.0 0.0014754924450244289
1071.0 0.0009550813956593629
1072.0 0.0012482626516430173
1073.0 0.001541443998576142
1074.0 0.002247146039735526
1075.0 0.00295284808089491
1076.0 0.0030477449399768375
1077.0 0.003142641799058765
1078.0 0.00363396065949928
1079.0 0.004125279883737676
1080.0 0.004106295091332868
1081.0 0.004087309935130179
1082.0 0.004133727270527743
1083.0 0.004180144605925307
1084.0 0.004783954500453547
1085.0 0.005387764394981787
1086.0 0.0051071223424514756
1087.0 0.004826480653719045
1088.0 0.00464937329525128
1089.0 0.004472266300581396
1090.0 0.004359817103249952
1091.0 0.004247367542120628
1092.0 0.0037432229873957112
1093.0 0.0032390784326707944
1094.0 0.0037461359170265496
1095.0 0.004253193037584424
1096.0 0.0033675773011054844
1097.0 0.0024819610189297237
1098.0 0.0019866232833010145
1099.0 0.0014912858205207158
1100.0 0.0013169644262234215
1101.0 0.001142642486229306
