lsstCam/transmission_filter_detector/r22_s12/r_57/19700101T000000.ecsv
# %ECSV 1.0
# ---
# datatype:
# - {name: wavelength, unit: nm, datatype: float32}
# - {name: efficiency, unit: '%', datatype: float64}
# meta: !!omap
# - {MODE: DETECTOR}
# - {TYPE: transmission_filter_detector}
# - {CALIBDATE: '1970-01-01T00:00:00'}
# - {INSTRUME: LSSTCam}
# - {OBSTYPE: transmission_filter_detector}
# - {CALIBCLS: lsst.ip.isr.IntermediateFilterDetectorTransmissionCurve}
# - {SOURCE: Materion (DM-46256)}
# - {DETECTOR: 95}
# - {FILTER: r_57}
# - {CALIB_ID: 'calibDate=1970-01-01T00:00:00 filter=r_57 detector=95'}
# - {DATE: '2025-04-02T15:59:44.621943'}
# - {CALIB_CREATION_DATE: '2025-04-02'}
# - {CALIB_CREATION_TIME: '15:59:44'}
# - __serialized_columns__:
#     efficiency:
#       __class__: astropy.units.quantity.Quantity
#       unit: !astropy.units.Unit {unit: '%'}
#       value: !astropy.table.SerializedColumn {name: efficiency}
#     wavelength:
#       __class__: astropy.units.quantity.Quantity
#       unit: !astropy.units.Unit {unit: nm}
#       value: !astropy.table.SerializedColumn {name: wavelength}
# schema: astropy-2.0
wavelength efficiency
300.0 0.001409021842846414
301.0 0.004821405309485272
302.0 0.008233790140366182
303.0 0.00972595444181934
304.0 0.011218118743272498
305.0 0.009864453750196844
306.0 0.008510789484716952
307.0 0.00761170158511959
308.0 0.006712612957926467
309.0 0.006379933620337397
310.0 0.00604725610173773
311.0 0.005772440999862738
312.0 0.005497627716977149
313.0 0.004634236756828614
314.0 0.003770845796680078
315.0 0.0036716599424835294
316.0 0.0035724733606912196
317.0 0.0035661316360346973
318.0 0.0035597891837824136
319.0 0.003254658804507926
320.0 0.002949528607132379
321.0 0.002826304807967972
322.0 0.002703081554500386
323.0 0.00252278805419337
324.0 0.0023424943719874136
325.0 0.0020818213670281693
326.0 0.0018211481801699847
327.0 0.0019696479284903035
328.0 0.0021181478587095626
329.0 0.0021728068531956524
330.0 0.002227465847681742
331.0 0.0022147665731608868
332.0 0.002202067116741091
333.0 0.001954797698999755
334.0 0.0017075279174605384
335.0 0.0014766896129003726
336.0 0.0012458511264412664
337.0 0.0011659985830192454
338.0 0.0010861460395972244
339.0 0.0010343942449253518
340.0 0.0009826425412029494
341.0 0.0008843624527798966
342.0 0.0007860823643568438
343.0 0.000840011580294231
344.0 0.0008939407962316182
345.0 0.0007952741725603119
346.0 0.0006966075943637406
347.0 0.0007107305009412812
348.0 0.0007248533620440867
349.0 0.000687452438796754
350.0 0.005401323505793698
351.0 0.005295365190249868
352.0 0.005189406874706037
353.0 0.004824093775823712
354.0 0.004458781404537149
355.0 0.004744201578432694
356.0 0.005029622479924001
357.0 0.0062498016632162035
358.0 0.007469981937902048
359.0 0.005540614438359626
360.0 0.0036112465750193223
361.0 0.0026526993678999133
362.0 0.0016941521607805043
363.0 0.002852878787962254
364.0 0.004011605415144004
365.0 0.0040130282286554575
366.0 0.004014451042166911
367.0 0.003153343641315587
368.0 0.0022922356947674416
369.0 0.0017123838915722445
370.0 0.0011325321793265175
371.0 0.0014820096112089232
372.0 0.0018314873159397393
373.0 0.0025818810172495432
374.0 0.0033322743547614664
375.0 0.002953656621684786
376.0 0.002575039070507046
377.0 0.0009779168976820074
378.0 1.5786067114956226e-10
379.0 0.0005322805463947589
380.0 0.001683766458882019
381.0 0.002334234886802733
382.0 0.0029847036785213277
383.0 0.0032492283935425803
384.0 0.0035137534723617136
385.0 0.004321239612181671
386.0 0.005128725024405867
387.0 0.004541340604191646
388.0 0.003953956183977425
389.0 0.003430744254728779
390.0 0.002907532143581193
391.0 0.002049642898782622
392.0 0.0011917538358829916
393.0 0.001295471429330064
394.0 0.001399188840878196
395.0 0.0010869456673390232
396.0 0.0007747024937998503
397.0 0.0008479342795908451
398.0 0.0009211665201291908
399.0 0.0007625767011631979
400.0 0.000603986381975119
401.0 7.704317681600514e-05
402.0 1.5786067114956226e-10
403.0 1.5786067114956226e-10
404.0 0.00025076340079976944
405.0 0.0006475552709162002
406.0 0.001044346845446853
407.0 0.0016498175682500005
408.0 0.002255288200103678
409.0 0.0018372789782006294
410.0 0.0014192695743986405
411.0 0.0009629854503145907
412.0 0.0005067014626547461
413.0 0.0005831534508615732
414.0 0.0006596054845431354
415.0 0.0006171424956846749
416.0 0.0005746797341998899
417.0 0.0011799694220826495
418.0 0.001785259519238025
419.0 0.002248500823043287
420.0 0.0027117424906464294
421.0 0.00401626130042132
422.0 0.0053207801101962104
423.0 0.008024317503441125
424.0 0.010727853805292398
425.0 0.014636386185884476
426.0 0.018544915656093508
427.0 0.019390464876778424
428.0 0.020236015552654862
429.0 0.015500726294703782
430.0 0.010765435581561178
431.0 0.007643880962859839
432.0 0.004522324888966978
433.0 0.003575202208594419
434.0 0.0026280789825250395
435.0 0.00211364767892519
436.0 0.0015992161934264004
437.0 0.0013582298379333224
438.0 0.0011172439371875953
439.0 0.0009343416422780138
440.0 0.0007514395292673726
441.0 0.0009913181202136911
442.0 0.0012311967111600097
443.0 0.0017271715478273109
444.0 0.002223146475444082
445.0 0.002083351500914432
446.0 0.0019435563444858417
447.0 0.0016738147678552195
448.0 0.0014040733731235377
449.0 0.0013471112652041484
450.0 0.001290148702537408
451.0 0.0013341622434381861
452.0 0.0013781757843389641
453.0 0.001464218985347543
454.0 0.0015502622773055919
455.0 0.0013524642781703733
456.0 0.0011546666428330354
457.0 0.0007861977792344987
458.0 0.0004177291430096375
459.0 0.000744261478757835
460.0 0.0010707936780818272
461.0 0.0016569327272009104
462.0 0.002243071503471583
463.0 0.0028175867555546574
464.0 0.0033921020076377317
465.0 0.0043299001845298335
466.0 0.005267697633826174
467.0 0.005958961628493853
468.0 0.006650225986959413
469.0 0.005760404383181594
470.0 0.004870583506999537
471.0 0.00370491216017399
472.0 0.002539240085752681
473.0 0.0021438439944176935
474.0 0.0017484477211837657
475.0 0.0014281724361353554
476.0 0.0011078973329858854
477.0 0.0008422237442573532
478.0 0.000576550110054086
479.0 0.0008365153007616755
480.0 0.0010964802640955895
481.0 0.0008438024451606907
482.0 0.0005911248535994673
483.0 0.0006537586159538478
484.0 0.0007163921964092879
485.0 0.000623082951278775
486.0 0.000529773615198792
487.0 0.0005201276508159935
488.0 0.0005104816864331951
489.0 0.00048447905101056676
490.0 0.0004584764610626735
491.0 0.0006405998647096567
492.0 0.0008227232683566399
493.0 0.0009653028428147081
494.0 0.0011078825082222465
495.0 0.0009617493560654111
496.0 0.0008156161129591055
497.0 0.001069334575731773
498.0 0.0013230530385044403
499.0 0.0012920299013785552
500.0 0.0012610068552021403
501.0 0.0014233222827897407
502.0 0.0015856379832257517
503.0 0.0019028933820663951
504.0 0.002220148962805979
505.0 0.0027212021450395696
506.0 0.003222255691071041
507.0 0.003788172034546733
508.0 0.004354088014224544
509.0 0.004886777242063545
510.0 0.005419465378508903
511.0 0.004832052945857868
512.0 0.004244639785611071
513.0 0.0036519868444884196
514.0 0.0030593339033657685
515.0 0.002868146839318797
516.0 0.0026769597752718255
517.0 0.0024856355594238266
518.0 0.0022943113435758278
519.0 0.07507670670747757
520.0 0.08779846830293536
521.0 0.09881954174488783
522.0 0.09440241265110672
523.0 0.0784976058639586
524.0 0.19037461606785655
525.0 0.1359149580821395
526.0 0.10982217499986291
527.0 0.1554720103740692
528.0 0.11453763581812382
529.0 0.13004097854718566
530.0 0.14466563006862998
531.0 0.13537864433601499
532.0 0.1823646598495543
533.0 0.23671253584325314
534.0 0.315084564499557
535.0 0.3744017332792282
536.0 0.4794101696461439
537.0 0.6461557932198048
538.0 0.9471319615840912
539.0 1.506096962839365
540.0 2.3763392120599747
541.0 3.6953195929527283
542.0 5.57582750916481
543.0 8.160705864429474
544.0 11.267739534378052
545.0 14.86903429031372
546.0 19.204287230968475
547.0 24.530643224716187
548.0 31.66353702545166
549.0 39.086976647377014
550.0 46.221813559532166
551.0 54.0392279624939
552.0 60.52910089492798
553.0 66.41714572906494
554.0 71.2742567062378
555.0 75.84260106086731
556.0 79.89649772644043
557.0 83.05349946022034
558.0 86.12722158432007
559.0 89.65855836868286
560.0 90.92928767204285
561.0 93.08212995529175
562.0 94.34206485748291
563.0 94.27974224090576
564.0 95.0878381729126
565.0 94.4548487663269
566.0 95.2841579914093
567.0 94.53730583190918
568.0 95.01916766166687
569.0 95.905601978302
570.0 95.16182541847229
571.0 95.94935178756714
572.0 96.08025550842285
573.0 96.13779783248901
574.0 96.38742208480835
575.0 96.3226318359375
576.0 96.89785242080688
577.0 96.77483439445496
578.0 96.45177721977234
579.0 96.31320834159851
580.0 96.06506824493408
581.0 95.61142921447754
582.0 96.11536264419556
583.0 95.844167470932
584.0 95.6869900226593
585.0 95.74856162071228
586.0 96.08142375946045
587.0 95.65627574920654
588.0 95.87580561637878
589.0 96.42948508262634
590.0 95.87221145629883
591.0 95.45741677284241
592.0 95.43405771255493
593.0 95.20410895347595
594.0 95.54196000099182
595.0 96.10970616340637
596.0 96.43895030021667
597.0 96.55763506889343
598.0 96.38298749923706
599.0 96.31765484809875
600.0 96.16098999977112
601.0 95.46452760696411
602.0 95.91888189315796
603.0 96.062570810318
604.0 95.95613479614258
605.0 96.2369978427887
606.0 95.7349956035614
607.0 95.86833715438843
608.0 95.77491283416748
609.0 94.81433629989624
610.0 95.21116018295288
611.0 95.41699290275574
612.0 95.54960131645203
613.0 96.46692276000977
614.0 96.2843656539917
615.0 95.67850232124329
616.0 95.77784538269043
617.0 95.88853120803833
618.0 95.91268301010132
619.0 96.15874290466309
620.0 95.60961127281189
621.0 95.10912299156189
622.0 96.18563652038574
623.0 95.9548830986023
624.0 95.96919417381287
625.0 96.05956077575684
626.0 95.60260772705078
627.0 94.46274638175964
628.0 96.48292064666748
629.0 94.81712579727173
630.0 95.74829339981079
631.0 95.43518424034119
632.0 96.2533950805664
633.0 95.83659172058105
634.0 95.4799234867096
635.0 95.94547152519226
636.0 95.44457197189331
637.0 95.0875997543335
638.0 94.93441581726074
639.0 95.11898756027222
640.0 95.2411413192749
641.0 95.2591598033905
642.0 95.83813548088074
643.0 95.51668167114258
644.0 95.11606097221375
645.0 95.59867978096008
646.0 95.85610628128052
647.0 96.30966782569885
648.0 95.54489254951477
649.0 95.09620666503906
650.0 95.75486183166504
651.0 96.2575614452362
652.0 96.20792865753174
653.0 95.48166990280151
654.0 96.01889252662659
655.0 95.80616354942322
656.0 95.16530632972717
657.0 95.44749855995178
658.0 95.7201600074768
659.0 96.08760476112366
660.0 95.06470561027527
661.0 95.17205357551575
662.0 95.52623629570007
663.0 95.53442001342773
664.0 95.11427879333496
665.0 95.09077668190002
666.0 95.02406120300293
667.0 95.34363746643066
668.0 95.12020945549011
669.0 95.5057442188263
670.0 95.29278874397278
671.0 95.43591737747192
672.0 95.16432285308838
673.0 95.01110315322876
674.0 94.489187002182
675.0 95.20816206932068
676.0 94.52321529388428
677.0 93.69146823883057
678.0 92.77518391609192
679.0 91.6477382183075
680.0 90.84043502807617
681.0 89.42623138427734
682.0 86.82440519332886
683.0 84.20494794845581
684.0 80.33518195152283
685.0 76.65053606033325
686.0 72.5955605506897
687.0 67.414391040802
688.0 62.89903521537781
689.0 58.38747024536133
690.0 53.0458927154541
691.0 48.795074224472046
692.0 44.10635530948639
693.0 39.769527316093445
694.0 34.90042686462402
695.0 29.919493198394775
696.0 24.85315501689911
697.0 19.887058436870575
698.0 14.544107019901276
699.0 10.429876297712326
700.0 7.214008271694183
701.0 4.543387517333031
702.0 2.848382107913494
703.0 1.671728864312172
704.0 0.9682036936283112
705.0 0.5152040626853704
706.0 0.3598625538870692
707.0 0.2554413862526417
708.0 0.1675640232861042
709.0 0.14693087432533503
710.0 0.10516421170905232
711.0 0.08084432920441031
712.0 0.10890756966546178
713.0 0.05435713101178408
714.0 0.06755681242793798
715.0 0.041388816316612065
716.0 0.042437188676558435
717.0 0.03601213393267244
718.0 0.0631046830676496
719.0 0.0803101109340787
720.0 1.5786067114956226e-10
721.0 0.004451262066140771
722.0 0.004210932092973962
723.0 0.003970602119807154
724.0 0.003624951932579279
725.0 0.003279301745351404
726.0 0.003041393392777536
727.0 0.0028034852221026085
728.0 0.002710034095798619
729.0 0.0026165829694946297
730.0 0.002416928873572033
731.0 0.0022172749595483765
732.0 0.0021814108549733646
733.0 0.0021455465684994124
734.0 0.0020651446902775206
735.0 0.0019847426301566884
736.0 0.0017772445062291808
737.0 0.001569746200402733
738.0 0.0015901474398560822
739.0 0.0016105486793094315
740.0 0.001584160781931132
741.0 0.0015577732483507134
742.0 0.0014190123692969792
743.0 0.001280251490243245
744.0 0.0013396769645623863
745.0 0.001399102075083647
746.0 0.0013504210983228404
747.0 0.0013017400306125637
748.0 0.001144842190115014
749.0 0.0009879442586679943
750.0 0.0009954172128345817
751.0 0.0010028902579506394
752.0 0.0010475640010554343
753.0 0.0010922378351096995
754.0 0.0011336801435390953
755.0 0.0011751228157663718
756.0 0.001099754445021972
757.0 0.0010243859833281022
758.0 0.001053020969266072
759.0 0.0010816560461535119
760.0 0.001079318371921545
761.0 0.0010769810614874586
762.0 0.0010671896234271117
763.0 0.0010573985491646454
764.0 0.001027597681968473
765.0 0.0009977969057217706
766.0 0.0007798299520800356
767.0 0.0005618630893877707
768.0 0.0005884082384000067
769.0 0.0006149533874122426
770.0 0.0007403163635899546
771.0 0.0008656796126160771
772.0 0.0007971209015522618
773.0 0.0007285619631147711
774.0 0.0008084949513431638
775.0 0.0008884279850462917
776.0 0.0008955807061283849
777.0 0.0009027334272104781
778.0 0.0008469039130432066
779.0 0.0007910745807748754
780.0 0.0006994416708039353
781.0 0.0006078088972572004
782.0 0.0007074740096868481
783.0 0.0008071391675912309
784.0 0.0008588340278947726
785.0 0.0009105287062993739
786.0 0.000774819272919558
787.0 0.0006391098395397421
788.0 0.0006508082606160315
789.0 0.000662506772641791
790.0 0.0007102622021193383
791.0 0.0007580175406474154
792.0 0.0007594133876409614
793.0 0.0007608092346345074
794.0 0.0008261091352324001
795.0 0.0008914087629818823
796.0 0.0007299337084987201
797.0 0.0005684585630660877
798.0 0.0007037441264401423
799.0 0.0008390295988647267
800.0 0.0008098675607470796
801.0 0.000780705340730492
802.0 0.0006789447070332244
803.0 0.0005771837550128112
804.0 0.0006547346401930554
805.0 0.0007322855708480347
806.0 0.0006534840395033825
807.0 0.0005746825081587303
808.0 0.0006823304374847794
809.0 0.0007899783668108284
810.0 0.000721480091669946
811.0 0.000652982089377474
812.0 0.000717788134352304
813.0 0.0007825940883776639
814.0 0.0005974854047963163
815.0 0.0004123766757402336
816.0 0.0005819971647724742
817.0 0.000751617744754185
818.0 0.0007098129572113976
819.0 0.0006680082606180804
820.0 0.0005033196430304088
821.0 0.0003386310481801047
822.0 0.00039792498682800215
823.0 0.0004572190391627373
824.0 0.0004651323706639232
825.0 0.0004730457476398442
826.0 0.0005264069841359742
827.0 0.0005797682206321042
828.0 0.0004431961315276567
829.0 0.00030662408789794426
830.0 0.0001981809191420325
831.0 8.97377731234883e-05
832.0 6.432225063690566e-05
833.0 3.890673383466492e-05
834.0 1.5786067114956226e-10
835.0 1.5786067114956226e-10
836.0 0.00024469325126119656
837.0 0.0005623555807687808
838.0 0.000753635367800598
839.0 0.0009449152457818855
840.0 0.0012461958249332383
841.0 0.001547476313135121
842.0 0.001969269032997545
843.0 0.0023910617528599687
844.0 0.0021946972992736846
845.0 0.0019983332094852813
846.0 0.0017191641745739616
847.0 0.0014399946849152911
848.0 0.0013006227163714357
849.0 0.0011612503840296995
850.0 0.0011236747923248913
851.0 0.0010860993825190235
852.0 0.001047131900122622
853.0 0.0010081642358272802
854.0 0.0008927855560614262
855.0 0.0007774065124976914
856.0 0.0006338700131891528
857.0 0.0004903335138806142
858.0 0.0005929788585490314
859.0 0.0006956240667932434
860.0 0.0005390606474975357
861.0 0.0003824971372523578
862.0 0.00039967258089745883
863.0 0.00041684802454255987
864.0 0.0002446529379085405
865.0 7.245791380228184e-05
866.0 5.8295586313761305e-05
867.0 4.41332275613604e-05
868.0 0.00011992584632025682
869.0 0.00019571843949961476
870.0 7.282707201738958e-05
871.0 1.5786067114956226e-10
872.0 1.5786067114956226e-10
873.0 1.5786067114956226e-10
874.0 1.5786067114956226e-10
875.0 1.5786067114956226e-10
876.0 1.5786067114956226e-10
877.0 1.5786067114956226e-10
878.0 0.00011944625839532819
879.0 0.0002852540092135314
880.0 0.00022654528493148973
881.0 0.00016783652654339676
882.0 0.00012064028851455078
883.0 7.3444090276098e-05
884.0 1.5786067114956226e-10
885.0 1.5786067114956226e-10
886.0 1.1624285889411112e-05
887.0 0.0001181534003080742
888.0 0.00017551384416947258
889.0 0.00023287427666218719
890.0 0.00017339051510134595
891.0 0.00011390671943445341
892.0 1.5786067114956226e-10
893.0 1.5786067114956226e-10
894.0 1.5786067114956226e-10
895.0 3.957592014103284e-05
896.0 1.2883837996469083e-05
897.0 1.5786067114956226e-10
898.0 5.13943518853921e-05
899.0 0.00011659690244414378
900.0 8.802767865745409e-05
901.0 5.945844350208063e-05
