lsstCam/transmission_filter_detector/r12_s10/u_24/19700101T000000.ecsv
# %ECSV 1.0
# ---
# datatype:
# - {name: wavelength, unit: nm, datatype: float32}
# - {name: efficiency, unit: '%', datatype: float64}
# meta: !!omap
# - {MODE: DETECTOR}
# - {TYPE: transmission_filter_detector}
# - {CALIBDATE: '1970-01-01T00:00:00'}
# - {INSTRUME: LSSTCam}
# - {OBSTYPE: transmission_filter_detector}
# - {CALIBCLS: lsst.ip.isr.IntermediateFilterDetectorTransmissionCurve}
# - {SOURCE: Materion (DM-46256)}
# - {DETECTOR: 48}
# - {FILTER: u_24}
# - {CALIB_ID: 'calibDate=1970-01-01T00:00:00 filter=u_24 detector=48'}
# - {DATE: '2025-04-02T15:59:39.971870'}
# - {CALIB_CREATION_DATE: '2025-04-02'}
# - {CALIB_CREATION_TIME: '15:59:39'}
# - __serialized_columns__:
#     efficiency:
#       __class__: astropy.units.quantity.Quantity
#       unit: !astropy.units.Unit {unit: '%'}
#       value: !astropy.table.SerializedColumn {name: efficiency}
#     wavelength:
#       __class__: astropy.units.quantity.Quantity
#       unit: !astropy.units.Unit {unit: nm}
#       value: !astropy.table.SerializedColumn {name: wavelength}
# schema: astropy-2.0
wavelength efficiency
[from data line 587]
882.0 0.0027924677851842716
883.0 0.0026718678782344796
884.0 0.002551268698880449
885.0 0.002237685475847684
886.0 0.0019241026166127995
887.0 0.0019297258404549211
888.0 0.0019353490642970428
889.0 0.0019570037693483755
890.0 0.001978658292500768
891.0 0.0021967298380332068
892.0 0.0024148012016667053
893.0 0.002517810571589507
894.0 0.0026208195777144283
895.0 0.0029020866350037977
896.0 0.003183353692293167
897.0 0.003443836612859741
898.0 0.0037043198972241953
899.0 0.003851734072668478
900.0 0.003999147520516999
901.0 0.004050305506098084
902.0 0.00410146385547705
903.0 0.004378478115540929
904.0 0.004655492011806928
905.0 0.004810495738638565
906.0 0.004965499465470202
907.0 0.00537098603672348
908.0 0.005776472244178876
909.0 0.005595370748778805
910.0 0.005414269617176615
911.0 0.00559826148673892
912.0 0.005782254083896987
913.0 0.005515083830687217
914.0 0.005247912849881686
915.0 0.00493912557431031
916.0 0.004630337934941053
917.0 0.004181520489510149
918.0 0.003732703044079244
919.0 0.004096054544788785
920.0 0.004459405317902565
921.0 0.004597405131789856
922.0 0.004735405309475027
923.0 0.0051899758545914665
924.0 0.005644545308314264
925.0 0.00602546424488537
926.0 0.0064063831814564764
927.0 0.00686820931150578
928.0 0.007330031803576276
929.0 0.007418031600536779
930.0 0.007506031397497281
931.0 0.0072767412348184735
932.0 0.007047449616948143
933.0 0.006899426080053672
934.0 0.006751402543159202
935.0 0.007218326209113002
936.0 0.007685248419875279
937.0 0.007388318772427738
938.0 0.007091391307767481
939.0 0.007228725007735193
940.0 0.007366058707702905
941.0 0.006225159449968487
942.0 0.0050842583732446656
943.0 0.004088500281795859
944.0 0.0030927432817406952
945.0 0.0024571067115175538
946.0 0.001821470505092293
947.0 0.0015703195458627306
948.0 0.001319168495683698
949.0 0.001357478595309658
950.0 0.0013957886039861478
951.0 0.0012456575859687291
952.0 0.0010955264770018402
953.0 0.0011548745533218607
954.0 0.0012142229024902917
955.0 0.0019026705558644608
956.0 0.00259111820923863
957.0 0.002619162478367798
958.0 0.002647206201800145
959.0 0.002831047822837718
960.0 0.0030148888981784694
961.0 0.003514884883770719
962.0 0.004014880687464029
963.0 0.004384461499284953
964.0 0.004754042311105877
965.0 0.004444272053660825
966.0 0.004134502160013653
967.0 0.004473916123970412
968.0 0.004813330451725051
969.0 0.004827944212593138
970.0 0.004842557609663345
971.0 0.004823500057682395
972.0 0.004804442505701445
973.0 0.00447425372840371
974.0 0.004144064587308094
975.0 0.003999716864200309
976.0 0.003855368049698882
977.0 0.0034053453418891877
978.0 0.0029553224521805532
979.0 0.002830100856954232
980.0 0.0027048792617279105
981.0 0.0023835631509427913
982.0 0.0020622466763597913
983.0 0.002514854168111924
984.0 0.0029674614779651165
985.0 0.0034487216908019036
986.0 0.003929982995032333
987.0 0.004046325193485245
988.0 0.004162667391938157
989.0 0.004933757008984685
990.0 0.00570484553463757
991.0 0.005971840801066719
992.0 0.006238836067495868
993.0 0.0062310318753588945
994.0 0.006223227683221921
995.0 0.005862614125362597
996.0 0.005501997657120228
997.0 0.005289896216709167
998.0 0.005077797322883271
999.0 0.005827859422424808
1000.0 0.006577919702976942
1001.0 0.00644410538370721
1002.0 0.006310288154054433
1003.0 0.006061167732696049
1004.0 0.005812044400954619
1005.0 0.00579391053179279
1006.0 0.00577577666263096
1007.0 0.005577458068728447
1008.0 0.005379137292038649
1009.0 0.004759906732942909
1010.0 0.004140676537645049
1011.0 0.003941504837712273
1012.0 0.003742333865375258
1013.0 0.0031851155654294416
1014.0 0.0026278974473825656
1015.0 0.0023318583771470003
1016.0 0.002035819306911435
1017.0 0.0017002186723402701
1018.0 0.0013646180377691053
1019.0 0.0013453382962325122
1020.0 0.0013260583727969788
1021.0 0.001126199094869662
1022.0 0.0009263399078918155
1023.0 0.000981244920694735
1024.0 0.0010361500244471245
1025.0 0.001334782336925855
1026.0 0.0016334148313035257
1027.0 0.0014532116438203957
1028.0 0.0012730084563372657
1029.0 0.0013649301763507538
1030.0 0.0014568520782631822
1031.0 0.0016261150449281558
1032.0 0.0017953783753910102
1033.0 0.0020196692275931127
1034.0 0.002243960443593096
1035.0 0.0023262306058313698
1036.0 0.002408500404271763
1037.0 0.00247679327003425
1038.0 0.0025450864995946176
1039.0 0.0022588168576476164
1040.0 0.001972547579498496
1041.0 0.0015769001038279384
1042.0 0.0011812532648036722
1043.0 0.0014503177226288244
1044.0 0.0017193824533023871
1045.0 0.0013709561244468205
1046.0 0.0010225299774901941
1047.0 0.002081697130051907
1048.0 0.003140864646411501
1049.0 0.0022247009837883525
1050.0 0.0013085366845189128
1051.0 0.0014069813914829865
1052.0 0.0015054260984470602
1053.0 0.0016091667930595577
1054.0 0.0017129072148236446
1055.0 0.0011448217264842242
1056.0 0.0005767364655184792
1057.0 0.0014464627383858897
1058.0 0.0023161892386269756
1059.0 0.0016300766219501384
1060.0 0.0009439641871722415
1061.0 0.0009620902346796356
1062.0 0.0009802161912375595
1063.0 0.001186387726193061
1064.0 0.0013925589883001521
1065.0 0.0010915396160271484
1066.0 0.0007905204256530851
1067.0 0.0009737948857946321
1068.0 0.001157068800239358
1069.0 0.001823056118155364
1070.0 0.0024890428903745487
1071.0 0.0013304720596352126
1072.0 0.00017190139942613314
1073.0 0.0005096661880088504
1074.0 0.000847430965222884
1075.0 0.002645990207383875
1076.0 0.004444548903848045
1077.0 0.004048395931022242
1078.0 0.0036522433219943196
1079.0 0.0048077155952341855
1080.0 0.005963185321888886
1081.0 0.003796159944613464
1082.0 0.0016291343854391016
1083.0 0.0010321487934561446
1084.0 0.0004351631105237175
1085.0 0.0024192191631300375
1086.0 0.004403274579090066
1087.0 0.003429187199799344
1088.0 0.0024550992748118006
1089.0 0.004857639214606024
1090.0 0.007260178972501308
1091.0 0.005219889499130659
1092.0 0.003179599661962129
1093.0 0.0023614986275788397
1094.0 0.0015433977750944905
1095.0 0.0005935963145020651
1096.0 1.590179051803864e-10
1097.0 0.0019011498807230964
1098.0 0.004158505180384964
1099.0 0.003702230242197402
1100.0 0.0032459560316056013
