lsstCam/transmission_filter_detector/r12_s10/u_24/19700101T000000.ecsv
# %ECSV 1.0
# ---
# datatype:
# - {name: wavelength, unit: nm, datatype: float32}
# - {name: efficiency, unit: '%', datatype: float64}
# meta: !!omap
# - {MODE: DETECTOR}
# - {TYPE: transmission_filter_detector}
# - {CALIBDATE: '1970-01-01T00:00:00'}
# - {INSTRUME: LSSTCam}
# - {OBSTYPE: transmission_filter_detector}
# - {CALIBCLS: lsst.ip.isr.IntermediateFilterDetectorTransmissionCurve}
# - {SOURCE: Materion (DM-46256)}
# - {DETECTOR: 48}
# - {FILTER: u_24}
# - {CALIB_ID: 'calibDate=1970-01-01T00:00:00 filter=u_24 detector=48'}
# - {DATE: '2025-04-02T15:59:39.971870'}
# - {CALIB_CREATION_DATE: '2025-04-02'}
# - {CALIB_CREATION_TIME: '15:59:39'}
# - __serialized_columns__:
#     efficiency:
#       __class__: astropy.units.quantity.Quantity
#       unit: !astropy.units.Unit {unit: '%'}
#       value: !astropy.table.SerializedColumn {name: efficiency}
#     wavelength:
#       __class__: astropy.units.quantity.Quantity
#       unit: !astropy.units.Unit {unit: nm}
#       value: !astropy.table.SerializedColumn {name: wavelength}
# schema: astropy-2.0
wavelength efficiency
295.0 1.590179051803864e-10
296.0 1.590179051803864e-10
297.0 1.590179051803864e-10
298.0 1.590179051803864e-10
299.0 1.590179051803864e-10
300.0 1.590179051803864e-10
301.0 1.590179051803864e-10
302.0 1.590179051803864e-10
303.0 1.590179051803864e-10
304.0 0.04778348084073514
305.0 0.6848698016256094
306.0 1.4861835166811943
307.0 2.7417346835136414
308.0 4.657331481575966
309.0 7.758714258670807
310.0 10.699373483657837
311.0 14.329469203948975
312.0 17.9922878742218
313.0 21.306733787059784
314.0 24.403366446495056
315.0 26.828154921531677
316.0 28.934159874916077
317.0 31.319496035575867
318.0 33.708029985427856
319.0 37.21839785575867
320.0 42.39273965358734
321.0 47.40968942642212
322.0 53.34990620613098
323.0 58.83386731147766
324.0 63.75811696052551
325.0 67.23084449768066
326.0 69.73813772201538
327.0 71.76933288574219
328.0 73.55705499649048
329.0 74.95948076248169
330.0 76.3640820980072
331.0 77.26514339447021
332.0 77.63700485229492
333.0 77.95634269714355
334.0 77.75388956069946
335.0 77.85000205039978
336.0 77.98717021942139
337.0 78.36877107620239
338.0 79.24603223800659
339.0 79.84248995780945
340.0 80.31115531921387
341.0 80.79643845558167
342.0 81.1042070388794
343.0 81.15320205688477
344.0 81.23345375061035
345.0 81.54594302177429
346.0 81.89529180526733
347.0 82.14040398597717
348.0 82.44402408599854
349.0 82.69864320755005
350.0 82.77078866958618
351.0 82.93477296829224
352.0 82.84158706665039
353.0 82.68229961395264
354.0 82.67512321472168
355.0 82.81140327453613
356.0 83.0626368522644
357.0 82.97428488731384
358.0 82.70823359489441
359.0 82.54898190498352
360.0 82.38416314125061
361.0 82.27483034133911
362.0 82.13426470756531
363.0 82.3175311088562
364.0 82.34248757362366
365.0 82.51816630363464
366.0 82.65931010246277
367.0 82.7059805393219
368.0 82.59751200675964
369.0 82.54576325416565
370.0 82.23106265068054
371.0 82.01742768287659
372.0 81.95745944976807
373.0 82.09750652313232
374.0 82.08484053611755
375.0 82.33115673065186
376.0 82.44412541389465
377.0 82.45119452476501
378.0 82.54030346870422
379.0 82.2996437549591
380.0 81.64304494857788
381.0 80.42705655097961
382.0 78.77865433692932
383.0 76.8976628780365
384.0 74.77391362190247
385.0 72.50624895095825
386.0 70.1123058795929
387.0 66.93736910820007
388.0 63.80917429924011
389.0 60.00106334686279
390.0 56.17498755455017
391.0 52.01445817947388
392.0 47.5509375333786
393.0 43.738022446632385
394.0 40.50368666648865
395.0 37.27446496486664
396.0 33.94370377063751
397.0 29.61575984954834
398.0 24.521639943122864
399.0 18.111729621887207
400.0 11.872914433479309
401.0 6.898277997970581
402.0 3.2674793154001236
403.0 1.1533435434103012
404.0 0.3141842084005475
405.0 0.14862585812807083
406.0 0.07372077670879662
407.0 0.04716773109976202
408.0 0.008615897968411446
409.0 1.590179051803864e-10
410.0 0.001963299473572988
411.0 1.590179051803864e-10
412.0 0.0002180058800149709
413.0 1.590179051803864e-10
414.0 1.590179051803864e-10
415.0 1.590179051803864e-10
416.0 1.590179051803864e-10
417.0 1.590179051803864e-10
418.0 1.590179051803864e-10
419.0 1.590179051803864e-10
420.0 1.590179051803864e-10
421.0 1.590179051803864e-10
422.0 1.590179051803864e-10
423.0 1.590179051803864e-10
424.0 1.590179051803864e-10
425.0 1.590179051803864e-10
426.0 1.590179051803864e-10
427.0 1.590179051803864e-10
428.0 1.590179051803864e-10
429.0 0.000999333497020416
430.0 0.0031469597161049023
431.0 0.001817471274989657
432.0 0.00048798301577335224
433.0 0.0010532502528803889
434.0 0.0016185174899874255
435.0 0.0018897522750194184
436.0 0.002160987423849292
437.0 0.0006442442099796608
438.0 1.590179051803864e-10
439.0 1.590179051803864e-10
440.0 0.0007840862963348627
441.0 4.544031639852619e-06
442.0 1.590179051803864e-10
443.0 1.590179051803864e-10
444.0 1.590179051803864e-10
445.0 1.590179051803864e-10
446.0 1.590179051803864e-10
447.0 1.590179051803864e-10
448.0 1.590179051803864e-10
449.0 6.91731941060425e-05
450.0 0.00019053283040193492
451.0 1.590179051803864e-10
452.0 1.590179051803864e-10
453.0 0.0003218397068849299
454.0 0.0011325551895424724
455.0 0.00011443161156421411
456.0 1.590179051803864e-10
457.0 1.590179051803864e-10
458.0 1.590179051803864e-10
459.0 1.590179051803864e-10
460.0 1.590179051803864e-10
461.0 1.590179051803864e-10
462.0 1.590179051803864e-10
463.0 1.590179051803864e-10
464.0 0.0001333888462795585
465.0 0.0004069239821546944
466.0 0.0006804590611864114
467.0 1.590179051803864e-10
468.0 1.590179051803864e-10
469.0 1.590179051803864e-10
470.0 0.0010601560461509507
471.0 1.590179051803864e-10
472.0 1.590179051803864e-10
473.0 1.590179051803864e-10
474.0 1.590179051803864e-10
475.0 1.590179051803864e-10
476.0 1.590179051803864e-10
477.0 1.590179051803864e-10
478.0 0.00023133002287067939
479.0 1.590179051803864e-10
480.0 1.590179051803864e-10
481.0 1.590179051803864e-10
482.0 0.0002134396481778822
483.0 1.590179051803864e-10
484.0 1.590179051803864e-10
485.0 1.590179051803864e-10
486.0 1.590179051803864e-10
487.0 1.590179051803864e-10
488.0 1.590179051803864e-10
489.0 1.590179051803864e-10
490.0 1.590179051803864e-10
491.0 1.590179051803864e-10
492.0 1.590179051803864e-10
493.0 1.590179051803864e-10
494.0 1.590179051803864e-10
495.0 1.590179051803864e-10
496.0 0.0005203667569730897
497.0 0.0001648514057706052
498.0 1.590179051803864e-10
499.0 1.590179051803864e-10
500.0 1.590179051803864e-10
501.0 1.590179051803864e-10
502.0 1.590179051803864e-10
503.0 1.590179051803864e-10
504.0 1.590179051803864e-10
505.0 1.590179051803864e-10
506.0 1.590179051803864e-10
507.0 1.590179051803864e-10
508.0 1.590179051803864e-10
509.0 1.590179051803864e-10
510.0 1.590179051803864e-10
511.0 1.590179051803864e-10
512.0 0.00018876436342907255
513.0 0.00029394070679700235
514.0 0.00039911687963467557
515.0 0.00045292399590834975
516.0 0.0005067310667072888
517.0 1.590179051803864e-10
518.0 1.590179051803864e-10
519.0 1.590179051803864e-10
520.0 0.00011890393807334476
521.0 0.0006462380952143576
522.0 0.0011735722182493191
523.0 0.0005458173291117419
524.0 1.590179051803864e-10
525.0 1.590179051803864e-10
526.0 1.590179051803864e-10
527.0 1.590179051803864e-10
528.0 1.590179051803864e-10
529.0 1.590179051803864e-10
530.0 1.6029417793106404e-05
531.0 0.0001848330953180266
532.0 0.0003536366875778185
533.0 1.590179051803864e-10
534.0 1.590179051803864e-10
535.0 1.590179051803864e-10
536.0 1.590179051803864e-10
537.0 1.590179051803864e-10
538.0 1.590179051803864e-10
539.0 1.590179051803864e-10
540.0 1.590179051803864e-10
541.0 1.590179051803864e-10
542.0 1.590179051803864e-10
543.0 1.590179051803864e-10
544.0 1.590179051803864e-10
545.0 1.590179051803864e-10
546.0 1.7894086568048806e-05
547.0 0.00012064112979714992
548.0 0.0002233881787105929
549.0 1.590179051803864e-10
550.0 1.590179051803864e-10
551.0 1.590179051803864e-10
552.0 1.590179051803864e-10
553.0 6.893279191899637e-05
554.0 0.0002796167564156349
555.0 1.590179051803864e-10
556.0 1.590179051803864e-10
557.0 1.590179051803864e-10
558.0 1.590179051803864e-10
559.0 1.590179051803864e-10
560.0 0.0003070211050726357
561.0 5.1585863047876046e-05
562.0 1.590179051803864e-10
563.0 1.590179051803864e-10
564.0 1.590179051803864e-10
565.0 1.590179051803864e-10
566.0 1.590179051803864e-10
567.0 1.590179051803864e-10
568.0 0.00024498574475728674
569.0 0.0003151736109430203
570.0 0.0003853613634419162
571.0 0.00040669374357094057
572.0 0.0004280263055989053
573.0 0.0004581375833367929
574.0 0.00048824927034729626
575.0 0.00030192622944014147
576.0 0.00011560332495719194
577.0 0.0003774719516513869
578.0 0.0006393405328708468
579.0 0.00043643017306749243
580.0 0.0002335197223146679
581.0 0.0004609315510606393
582.0 0.0006883436526550213
583.0 0.0011059250027756207
584.0 0.0015235064893204253
585.0 0.0010790057785925455
586.0 0.000634504704066785
587.0 0.0010213493624178227
588.0 0.0014081942936172709
589.0 0.0011347098734404426
590.0 0.0008612254532636143
591.0 0.0008633121979073621
592.0 0.0008653987606521696
593.0 0.0007468746844097041
594.0 0.0006283502898440929
595.0 0.0007728604941803496
596.0 0.0009173701982945204
597.0 0.0009602528734831139
598.0 0.0010031350939243566
599.0 0.001118510408559814
600.0 0.0012338855412963312
601.0 0.00139686189868371
602.0 0.001559838347020559
603.0 0.0015316159988287836
604.0 0.0015033937415864784
605.0 0.0016405720089096576
606.0 0.0017777505490812473
607.0 0.0017376809410052374
608.0 0.0016976111510302871
609.0 0.0011218124200240709
610.0 0.0005460137344925897
611.0 0.0007386697234323947
612.0 0.0009313257578469347
613.0 0.0006059231509425445
614.0 0.0002805206122502568
615.0 0.0006385564574884484
616.0 0.0009965923709387425
617.0 0.0008621910637884866
618.0 0.0007277899385371711
619.0 0.000584917506785132
620.0 0.0004420454388309736
621.0 0.0006597641004191246
622.0 0.0008774826710578054
623.0 0.0005624686309602112
624.0 0.00024745445443841163
625.0 0.0005161596163816284
626.0 0.0007848647328501102
627.0 0.0006791417945350986
628.0 0.0005734190381190274
629.0 0.000485899136037915
630.0 0.0003983793703810079
631.0 0.001063149011315545
632.0 0.0017279186067753471
633.0 0.0015418927432619967
634.0 0.0013558671525970567
635.0 0.0018235637980978936
636.0 0.0022912605345482007
637.0 0.0024362123440369032
638.0 0.0025811639716266654
639.0 0.0022437052393797785
640.0 0.0019062465071328916
641.0 0.0016057403627200983
642.0 0.0013052343092567753
643.0 0.0007616990842507221
644.0 0.00021816379103256622
645.0 0.00022514739157486474
646.0 0.00023213092390506063
647.0 2.6826432986126747e-05
648.0 1.590179051803864e-10
649.0 6.355099912980222e-05
650.0 0.0003055798742934712
651.0 0.0005935516128374729
652.0 0.0008815235560177825
653.0 0.001416894610883901
654.0 0.001952265483851079
655.0 0.0014423629181692377
656.0 0.0009324602615379263
657.0 0.0020534562281682156
658.0 0.003174452649545856
659.0 0.0034592983865877613
660.0 0.003744144123629667
661.0 0.003947993536712602
662.0 0.004151842949795537
663.0 0.0035246204788563773
664.0 0.002897398007917218
665.0 0.0026100644390680827
666.0 0.002322730688320007
667.0 0.0019733362933038734
668.0 0.0016239413525909185
669.0 0.0011824573448393494
670.0 0.0007409732916130451
671.0 0.000551157654626877
672.0 0.00036134192669123877
673.0 0.0001492819478698948
674.0 1.590179051803864e-10
675.0 0.000251655251304328
676.0 0.0005660886472469429
677.0 0.0010781369383039419
678.0 0.0015901856386335567
679.0 0.0017863872926682234
680.0 0.0019825887648039497
681.0 0.002651998875080608
682.0 0.0033214088034583256
683.0 0.004726255428977311
684.0 0.006131101690698415
685.0 0.00665867846691981
686.0 0.00718625815352425
687.0 0.007214628567453474
688.0 0.007242998981382698
689.0 0.006402606959454715
690.0 0.005562216028920375
691.0 0.004977655044058338
692.0 0.0043930944229941815
693.0 0.0036605997593142092
694.0 0.002928105095634237
695.0 0.002508297075110022
696.0 0.002088489054585807
697.0 0.0015881585568422452
698.0 0.0010878281500481535
699.0 0.0008608206371718552
700.0 0.0006338128969218815
701.0 0.00040491308936907444
702.0 0.00017601342960915645
703.0 0.00036807466585742077
704.0 0.0005601361408480443
705.0 0.0006101047802076209
706.0 0.0006600735559914028
707.0 0.0007998552973731421
708.0 0.0009396368113812059
709.0 0.0007673205800529104
710.0 0.0005950041668256745
711.0 0.0007909525265858974
712.0 0.00098690070444718
713.0 0.0009270924238080624
714.0 0.000867284234118415
715.0 0.0008211218300857581
716.0 0.0007749595170025714
717.0 0.0006989683697611326
718.0 0.0006229771315702237
719.0 0.0005905441867071204
720.0 0.000558111196369282
721.0 0.0006663858584943227
722.0 0.0007746605660940986
723.0 0.0006160582415759563
724.0 0.00045745596253254917
725.0 0.0001850688590820937
726.0 1.590179051803864e-10
727.0 0.00022684098439640366
728.0 0.0005410003723227419
729.0 0.00024854514322214527
730.0 1.590179051803864e-10
731.0 1.590179051803864e-10
732.0 1.590179051803864e-10
733.0 1.590179051803864e-10
734.0 1.590179051803864e-10
735.0 0.00027803764623968164
736.0 0.0007269290108524729
737.0 0.000612559961155057
738.0 0.0004981907750334358
739.0 0.0003552658881744719
740.0 0.00021234091036603786
741.0 0.0006821509941801196
742.0 0.0011519612598931417
743.0 0.0013714035048906226
744.0 0.001590845567989163
745.0 0.0019631479517556727
746.0 0.0023354499717243016
747.0 0.003119696702924557
748.0 0.003903942706529051
749.0 0.003617153925006278
750.0 0.003330365871079266
751.0 0.00362913851859048
752.0 0.003927911529899575
753.0 0.003222334635211155
754.0 0.0025167575586237945
755.0 0.002527872857172042
756.0 0.002538988701417111
757.0 0.0021342315449146554
758.0 0.0017294740246143192
759.0 0.0013480663255904801
760.0 0.000966658626566641
761.0 0.0009515139936411288
762.0 0.0009363693607156165
763.0 0.0007765348527755123
764.0 0.0006167002993606729
765.0 0.000688886757416185
766.0 0.0007610732609464321
767.0 0.0007596316208946519
768.0 0.0007581897989439312
769.0 0.0006099206984799821
770.0 0.00046165127969288733
771.0 0.00035316172670718515
772.0 0.0002446719918225426
773.0 0.00035127488899888704
774.0 0.00045787774070049636
775.0 0.0003808145947914454
776.0 0.00030375138067029184
777.0 0.0005145346676727058
778.0 0.0007253175681398716
779.0 0.0008103037544060498
780.0 0.0008952898497227579
781.0 0.000986354916676646
782.0 0.0010774199836305343
783.0 0.0009183948350255378
784.0 0.0007593696864205413
785.0 0.0008962279935076367
786.0 0.0010330860277463216
787.0 0.0010611396646709181
788.0 0.0010891931196965743
789.0 0.0009894818504108116
790.0 0.0008897705811250489
791.0 0.0009046626473718788
792.0 0.0009195544407702982
793.0 0.0004715589057013858
794.0 2.3563357842704136e-05
795.0 5.4343058764061425e-05
796.0 8.512263320881175e-05
797.0 0.00014700062820338644
798.0 0.00020887857772322604
799.0 5.980503487990063e-05
800.0 1.590179051803864e-10
801.0 1.590179051803864e-10
802.0 1.590179051803864e-10
803.0 4.6105841988719476e-05
804.0 0.0004582630026561674
805.0 8.119906880210692e-06
806.0 1.590179051803864e-10
807.0 1.590179051803864e-10
808.0 1.590179051803864e-10
809.0 0.00011426378705436946
810.0 0.0006924164608790306
811.0 1.590179051803864e-10
812.0 1.590179051803864e-10
813.0 1.590179051803864e-10
814.0 0.0005322844572219765
815.0 0.000587078739044955
816.0 0.0006418727025447879
817.0 0.00022247734250413487
818.0 1.590179051803864e-10
819.0 1.590179051803864e-10
820.0 1.590179051803864e-10
821.0 1.590179051803864e-10
822.0 1.590179051803864e-10
823.0 1.590179051803864e-10
824.0 1.590179051803864e-10
825.0 1.590179051803864e-10
826.0 1.590179051803864e-10
827.0 0.00011009211675627739
828.0 0.0004902140972262714
829.0 0.0004093351435585646
830.0 0.0003284565536887385
831.0 1.590179051803864e-10
832.0 1.590179051803864e-10
833.0 1.590179051803864e-10
834.0 1.590179051803864e-10
835.0 1.590179051803864e-10
836.0 1.590179051803864e-10
837.0 1.590179051803864e-10
838.0 1.590179051803864e-10
839.0 1.590179051803864e-10
840.0 1.590179051803864e-10
841.0 1.590179051803864e-10
842.0 1.590179051803864e-10
843.0 1.590179051803864e-10
844.0 5.5822840749897296e-05
845.0 9.297863243773463e-05
846.0 0.00013013435591346934
847.0 3.423896259846515e-05
848.0 1.590179051803864e-10
849.0 2.0312593562721304e-05
850.0 0.00010228145583823789
851.0 0.00022303720470517874
852.0 0.0003437929990468547
853.0 1.590179051803864e-10
854.0 1.590179051803864e-10
855.0 1.590179051803864e-10
856.0 1.590179051803864e-10
857.0 0.0002593425733721233
858.0 0.00082015321822837
859.0 0.0006126975677034352
860.0 0.00040524191717850044
861.0 0.0005438960670289816
862.0 0.0006825500349805225
863.0 0.0007498404556827154
864.0 0.0008171306035364978
865.0 0.0013847319678461645
866.0 0.0019523331502568908
867.0 0.0017748690879670903
868.0 0.0015974055713741109
869.0 0.001465786681364989
870.0 0.0013341677004063968
871.0 0.0014213001122698188
872.0 0.0015084323422343004
873.0 0.0017421951270080172
874.0 0.001975958002731204
875.0 0.0021183601347729564
876.0 0.0022607626306125894
877.0 0.002231739017588552
878.0 0.002202715950261336
879.0 0.0023169795895228162
880.0 0.0024312437744811177
