lsstCam/transmission_sensor/r12_s00/19700101T000000.ecsv
# %ECSV 1.0
# ---
# datatype:
# - {name: amp_name, datatype: string}
# - {name: wavelength, unit: nm, datatype: float32}
# - {name: efficiency, unit: '%', datatype: float64}
# meta: !!omap
# - {MODE: AMP}
# - {TYPE: transmission_sensor}
# - {CALIBDATE: '1970-01-01T00:00:00'}
# - {INSTRUME: LSSTCAM}
# - {OBSTYPE: transmission_sensor}
# - {DETECTOR: 45}
# - {PARQUETFILE: qe_raft_allvalues_nircorrected_20230725.parquet}
# - {CALIBCLS: lsst.ip.isr.IntermediateSensorTransmissionCurve}
# - {CALIB_ID: 'raftName=R12 detectorName=S00 detector=45 calibDate=1970-01-01T00:00:00 ccd=45 ccdnum=45 filter=None'}
# - {DATE: '2024-01-18T22:42:25.130577'}
# - {CALIB_CREATION_DATE: '2024-01-18'}
# - {CALIB_CREATION_TIME: '22:42:25'}
# - __serialized_columns__:
#     efficiency:
#       __class__: astropy.units.quantity.Quantity
#       unit: !astropy.units.Unit {unit: '%'}
#       value: !astropy.table.SerializedColumn {name: efficiency}
#     wavelength:
#       __class__: astropy.units.quantity.Quantity
#       unit: !astropy.units.Unit {unit: nm}
#       value: !astropy.table.SerializedColumn {name: wavelength}
# schema: astropy-2.0
amp_name wavelength efficiency
C00 319.994 47.94724655151367
C00 324.969 53.24964904785156
C00 349.982 68.87507629394531
C00 374.975 71.56474304199219
C00 400.019 81.78562927246094
C00 424.965 85.68561553955078
C00 450.035 89.63846588134766
C00 475.003 92.01647186279297
C00 500.018 94.37191772460938
C00 525.002 96.95997619628906
C00 550.029 97.66061401367188
C00 575.023 98.0940933227539
C00 599.982 98.25357818603516
C00 619.997 98.70628356933594
C00 624.979 98.27117919921875
C00 650.012 97.98918151855469
C00 675.004 97.72830963134766
C00 700.03 97.06026458740234
C00 725.012 96.38369750976562
C00 750.022 96.36585998535156
C00 774.987 95.8547592163086
C00 799.976 95.2708511352539
C00 824.988 93.04093170166016
C00 850.022 90.77095794677734
C00 869.967 87.85231018066406
C00 875.002 86.55374908447266
C00 899.999 80.18915557861328
C00 919.999 70.91062927246094
C00 925.012 68.66881561279297
C00 949.965 55.6524658203125
C00 975.002 41.29643249511719
C00 999.976 25.012405395507812
C00 1025.028 10.751480102539062
C00 1050.014 3.7880728244781494
C00 1075.002 0.9180731003039551
C00 1099.99 0.09109036959573412
C01 319.994 48.43085479736328
C01 324.969 53.78029251098633
C01 349.982 69.53730773925781
C01 374.975 72.14073181152344
C01 400.019 82.205810546875
C01 424.965 86.02142333984375
C01 450.035 89.93492126464844
C01 475.003 92.2879867553711
C01 500.018 94.63123321533203
C01 525.002 97.2101821899414
C01 550.029 97.89788055419922
C01 575.023 98.3248519897461
C01 599.982 98.48121643066406
C01 619.997 98.92752075195312
C01 624.979 98.49566650390625
C01 650.012 98.20592498779297
C01 675.004 97.947021484375
C01 700.03 97.29082489013672
C01 725.012 96.67205047607422
C01 750.022 96.72474670410156
C01 774.987 96.2895278930664
C01 799.976 95.73577880859375
C01 824.988 93.4911117553711
C01 850.022 91.25082397460938
C01 869.967 88.32405853271484
C01 875.002 87.01390075683594
C01 899.999 80.54998016357422
C01 919.999 71.13581848144531
C01 925.012 68.88288116455078
C01 949.965 55.99686813354492
C01 975.002 41.58085250854492
C01 999.976 25.15087127685547
C01 1025.028 10.72624397277832
C01 1050.014 3.7673325538635254
C01 1075.002 0.9214919070154088
C01 1099.99 0.09142958045685137
C02 319.994 48.56972122192383
C02 324.969 53.939247131347656
C02 349.982 69.76798248291016
C02 374.975 72.3025131225586
C02 400.019 82.2321548461914
C02 424.965 85.97647857666016
C02 450.035 89.84909057617188
C02 475.003 92.1787109375
C02 500.018 94.50149536132812
C02 525.002 97.06657409667969
C02 550.029 97.75047302246094
C02 575.023 98.17169952392578
C02 599.982 98.32671356201172
C02 619.997 98.76945495605469
C02 624.979 98.33828735351562
C02 650.012 98.04927825927734
C02 675.004 97.79277038574219
C02 700.03 97.14231872558594
C02 725.012 96.54601287841797
C02 750.022 96.6308822631836
C02 774.987 96.2308120727539
C02 799.976 95.70140075683594
C02 824.988 93.4576187133789
C02 850.022 91.25869750976562
C02 869.967 88.32946014404297
C02 875.002 87.02091217041016
C02 899.999 80.51901245117188
C02 919.999 71.0677261352539
C02 925.012 68.84463500976562
C02 949.965 56.16708755493164
C02 975.002 41.71506118774414
C02 999.976 25.212190628051758
C02 1025.028 10.693136215209961
C02 1050.014 3.7603094577789307
C02 1075.002 0.920597664390543
C02 1099.99 0.09134085452513602
C03 319.994 48.87501525878906
C03 324.969 54.279502868652344
C03 349.982 70.1906509399414
C03 374.975 72.69380950927734
C03 400.019 82.5836181640625
C03 424.965 86.2996826171875
C03 450.035 90.16354370117188
C03 475.003 92.48587799072266
C03 500.018 94.80338287353516
C03 525.002 97.36869812011719
C03 550.029 98.0466079711914
C03 575.023 98.46676635742188
C03 599.982 98.61634063720703
C03 619.997 99.06416320800781
C03 624.979 98.62960052490234
C03 650.012 98.3375015258789
C03 675.004 98.07791137695312
C03 700.03 97.42610931396484
C03 725.012 96.82913970947266
C03 750.022 96.91876220703125
C03 774.987 96.52505493164062
C03 799.976 95.99571228027344
C03 824.988 93.75276184082031
C03 850.022 91.56078338623047
C03 869.967 88.63285827636719
C03 875.002 87.32978820800781
C03 899.999 80.76156616210938
C03 919.999 71.27027130126953
C03 925.012 69.08704376220703
C03 949.965 56.496604919433594
C03 975.002 41.94098663330078
C03 999.976 25.300355911254883
C03 1025.028 10.698556900024414
C03 1050.014 3.7709832191467285
C03 1075.002 0.9233402823625234
C03 1099.99 0.09161297456072455
C04 319.994 49.21480178833008
C04 324.969 54.657588958740234
C04 349.982 70.6780776977539
C04 374.975 73.09192657470703
C04 400.019 82.85221099853516
C04 424.965 86.49641418457031
C04 450.035 90.32688903808594
C04 475.003 92.62905883789062
C04 500.018 94.93222045898438
C04 525.002 97.49002838134766
C04 550.029 98.1655044555664
C04 575.023 98.57829284667969
C04 599.982 98.7222671508789
C04 619.997 99.16692352294922
C04 624.979 98.73332214355469
C04 650.012 98.4403076171875
C04 675.004 98.17391967773438
C04 700.03 97.51785278320312
C04 725.012 96.90760040283203
C04 750.022 96.9863510131836
C04 774.987 96.58151245117188
C04 799.976 96.05023956298828
C04 824.988 93.80781555175781
C04 850.022 91.62555694580078
C04 869.967 88.6970443725586
C04 875.002 87.3936996459961
C04 899.999 80.78955078125
C04 919.999 71.35551452636719
C04 925.012 69.19450378417969
C04 949.965 56.562103271484375
C04 975.002 41.972347259521484
C04 999.976 25.29228401184082
C04 1025.028 10.690054893493652
C04 1050.014 3.7715952396392822
C04 1075.002 0.923984197836689
C04 1099.99 0.09167686326251827
C05 319.994 49.553619384765625
C05 324.969 55.033992767333984
C05 349.982 71.13739776611328
C05 374.975 73.49726104736328
C05 400.019 83.18092346191406
C05 424.965 86.78748321533203
C05 450.035 90.60006713867188
C05 475.003 92.89054870605469
C05 500.018 95.1887435913086
C05 525.002 97.74413299560547
C05 550.029 98.41346740722656
C05 575.023 98.82288360595703
C05 599.982 98.9623794555664
C05 619.997 99.40782165527344
C05 624.979 98.96723175048828
C05 650.012 98.67253875732422
C05 675.004 98.40819549560547
C05 700.03 97.73944091796875
C05 725.012 97.11347961425781
C05 750.022 97.17410278320312
C05 774.987 96.7548599243164
C05 799.976 96.21180725097656
C05 824.988 93.9790267944336
C05 850.022 91.79560089111328
C05 869.967 88.83894348144531
C05 875.002 87.5438232421875
C05 899.999 80.953369140625
C05 919.999 71.58827209472656
C05 925.012 69.41575622558594
C05 949.965 56.593448638916016
C05 975.002 42.079193115234375
C05 999.976 25.30708122253418
C05 1025.028 10.717960357666016
C05 1050.014 3.78641414642334
C05 1075.002 0.9257729001220077
C05 1099.99 0.09185433666002057
C06 319.994 49.70724105834961
C06 324.969 55.19298553466797
C06 349.982 71.26136779785156
C06 374.975 73.58827209472656
C06 400.019 83.21904754638672
C06 424.965 86.802978515625
C06 450.035 90.6025619506836
C06 475.003 92.88731384277344
C06 500.018 95.17249298095703
C06 525.002 97.71997833251953
C06 550.029 98.37872314453125
C06 575.023 98.78297424316406
C06 599.982 98.91783905029297
C06 619.997 99.35421752929688
C06 624.979 98.91404724121094
C06 650.012 98.61282348632812
C06 675.004 98.34085845947266
C06 700.03 97.66316223144531
C06 725.012 97.02059173583984
C06 750.022 97.06021118164062
C06 774.987 96.6253890991211
C06 799.976 96.07495880126953
C06 824.988 93.85443115234375
C06 850.022 91.6774673461914
C06 869.967 88.7325439453125
C06 875.002 87.44217681884766
C06 899.999 80.87732696533203
C06 919.999 71.56085205078125
C06 925.012 69.38032531738281
C06 949.965 56.50790786743164
C06 975.002 42.02988815307617
C06 999.976 25.275375366210938
C06 1025.028 10.711843490600586
C06 1050.014 3.7967212200164795
C06 1075.002 0.924687860894364
C06 1099.99 0.09174668006465883
C07 319.994 49.735782623291016
C07 324.969 55.212833404541016
C07 349.982 71.12052917480469
C07 374.975 73.4126968383789
C07 400.019 83.10090637207031
C07 424.965 86.72245788574219
C07 450.035 90.54918670654297
C07 475.003 92.84656524658203
C07 500.018 95.14012908935547
C07 525.002 97.6859130859375
C07 550.029 98.33822631835938
C07 575.023 98.73426055908203
C07 599.982 98.85892486572266
C07 619.997 99.28372192382812
C07 624.979 98.84258270263672
C07 650.012 98.53137969970703
C07 675.004 98.24496459960938
C07 700.03 97.55582427978516
C07 725.012 96.8966064453125
C07 750.022 96.91436004638672
C07 774.987 96.45884704589844
C07 799.976 95.90804290771484
C07 824.988 93.69358825683594
C07 850.022 91.53638458251953
C07 869.967 88.63080596923828
C07 875.002 87.33036041259766
C07 899.999 80.76875305175781
C07 919.999 71.5521011352539
C07 925.012 69.30351257324219
C07 949.965 56.479957580566406
C07 975.002 41.98560333251953
C07 999.976 25.366069793701172
C07 1025.028 10.736598014831543
C07 1050.014 3.8227977752685547
C07 1075.002 0.9232983447789461
C07 1099.99 0.09160881355220928
C10 319.994 46.8890266418457
C10 324.969 52.05095672607422
C10 349.982 67.15518188476562
C10 374.975 70.12994384765625
C10 400.019 81.16143798828125
C10 424.965 85.4891586303711
C10 450.035 89.6861343383789
C10 475.003 92.21803283691406
C10 500.018 94.66423797607422
C10 525.002 97.32098388671875
C10 550.029 98.06272888183594
C10 575.023 98.51797485351562
C10 599.982 98.69307708740234
C10 619.997 99.1575698852539
C10 624.979 98.7248306274414
C10 650.012 98.44046020507812
C10 675.004 98.17514038085938
C10 700.03 97.43604278564453
C10 725.012 96.58129119873047
C10 750.022 96.35301971435547
C10 774.987 95.65843200683594
C10 799.976 95.01950073242188
C10 824.988 92.8543930053711
C10 850.022 90.65925598144531
C10 869.967 87.81747436523438
C10 875.002 86.5712890625
C10 899.999 80.33740997314453
C10 919.999 71.26163482666016
C10 925.012 69.12645721435547
C10 949.965 56.236175537109375
C10 975.002 41.59427261352539
C10 999.976 25.132299423217773
C10 1025.028 10.701769828796387
C10 1050.014 3.8163809776306152
C10 1075.002 0.9179533585136338
C10 1099.99 0.09107848892530297
C11 319.994 47.41526794433594
C11 324.969 52.63178634643555
C11 349.982 67.86605834960938
C11 374.975 70.73760986328125
C11 400.019 81.56189727783203
C11 424.965 85.79063415527344
C11 450.035 89.9298095703125
C11 475.003 92.4224853515625
C11 500.018 94.84812927246094
C11 525.002 97.48802185058594
C11 550.029 98.2108154296875
C11 575.023 98.65520477294922
C11 599.982 98.82414245605469
C11 619.997 99.27828216552734
C11 624.979 98.84577178955078
C11 650.012 98.55874633789062
C11 675.004 98.2955551147461
C11 700.03 97.56787872314453
C11 725.012 96.76439666748047
C11 750.022 96.60049438476562
C11 774.987 95.97665405273438
C11 799.976 95.36331176757812
C11 824.988 93.1813735961914
C11 850.022 90.99617004394531
C11 869.967 88.15373229980469
C11 875.002 86.90106201171875
C11 899.999 80.53043365478516
C11 919.999 71.39862823486328
C11 925.012 69.2651138305664
C11 949.965 56.44020080566406
C11 975.002 41.76213073730469
C11 999.976 25.182025909423828
C11 1025.028 10.679159164428711
C11 1050.014 3.802121877670288
C11 1075.002 0.9203103342650792
C11 1099.99 0.09131234589405227
C12 319.994 47.63394546508789
C12 324.969 52.876976013183594
C12 349.982 68.1774673461914
C12 374.975 70.99459838867188
C12 400.019 81.72028350830078
C12 424.965 85.88744354248047
C12 450.035 89.99879455566406
C12 475.003 92.4736099243164
C12 500.018 94.88591766357422
C12 525.002 97.50798034667969
C12 550.029 98.22488403320312
C12 575.023 98.66475677490234
C12 599.982 98.82573699951172
C12 619.997 99.27949523925781
C12 624.979 98.84418487548828
C12 650.012 98.55763244628906
C12 675.004 98.28639221191406
C12 700.03 97.56243896484375
C12 725.012 96.77445220947266
C12 750.022 96.62762451171875
C12 774.987 96.01544952392578
C12 799.976 95.40999603271484
C12 824.988 93.22074127197266
C12 850.022 91.0462417602539
C12 869.967 88.2016372680664
C12 875.002 86.94175720214844
C12 899.999 80.54220581054688
C12 919.999 71.41069030761719
C12 925.012 69.24684143066406
C12 949.965 56.43360900878906
C12 975.002 41.780128479003906
C12 999.976 25.221410751342773
C12 1025.028 10.674402236938477
C12 1050.014 3.782360792160034
C12 1075.002 0.9205686112238288
C12 1099.99 0.09133797189662522
C13 319.994 47.79583740234375
C13 324.969 53.05315017700195
C13 349.982 68.36626434326172
C13 374.975 71.14790344238281
C13 400.019 81.77276611328125
C13 424.965 85.88727569580078
C13 450.035 89.96961212158203
C13 475.003 92.42399597167969
C13 500.018 94.82441711425781
C13 525.002 97.43836212158203
C13 550.029 98.14327239990234
C13 575.023 98.57807159423828
C13 599.982 98.73377227783203
C13 619.997 99.17972564697266
C13 624.979 98.74441528320312
C13 650.012 98.45430755615234
C13 675.004 98.17994689941406
C13 700.03 97.45323181152344
C13 725.012 96.64816284179688
C13 750.022 96.48805236816406
C13 774.987 95.86505889892578
C13 799.976 95.25788116455078
C13 824.988 93.07112121582031
C13 850.022 90.90693664550781
C13 869.967 88.08267211914062
C13 875.002 86.83954620361328
C13 899.999 80.39891815185547
C13 919.999 71.38714599609375
C13 925.012 69.27960968017578
C13 949.965 56.43627166748047
C13 975.002 41.7163200378418
C13 999.976 25.085430145263672
C13 1025.028 10.609153747558594
C13 1050.014 3.7646520137786865
C13 1075.002 0.9192390640999862
C13 1099.99 0.09120605545242741
C14 319.994 48.27655029296875
C14 324.969 53.575225830078125
C14 349.982 68.99610900878906
C14 374.975 71.7149887084961
C14 400.019 82.23292541503906
C14 424.965 86.28594970703125
C14 450.035 90.34209442138672
C14 475.003 92.77908325195312
C14 500.018 95.16773223876953
C14 525.002 97.77388763427734
C14 550.029 98.47164154052734
C14 575.023 98.89752960205078
C14 599.982 99.04566955566406
C14 619.997 99.48917388916016
C14 624.979 99.05260467529297
C14 650.012 98.75322723388672
C14 675.004 98.47383117675781
C14 700.03 97.73091888427734
C14 725.012 96.89954376220703
C14 750.022 96.70533752441406
C14 774.987 96.05362701416016
C14 799.976 95.43102264404297
C14 824.988 93.25257110595703
C14 850.022 91.07732391357422
C14 869.967 88.24500274658203
C14 875.002 86.96134185791016
C14 899.999 80.5052261352539
C14 919.999 71.62377166748047
C14 925.012 69.4579849243164
C14 949.965 56.2551383972168
C14 975.002 41.54000473022461
C14 999.976 25.168203353881836
C14 1025.028 10.705252647399902
C14 1050.014 3.7845194339752197
C14 1075.002 0.9213095015144555
C14 1099.99 0.09141148235061929
C15 319.994 48.44119644165039
C15 324.969 53.75315856933594
C15 349.982 69.17032623291016
C15 374.975 71.8476333618164
C15 400.019 82.29049682617188
C15 424.965 86.30359649658203
C15 450.035 90.33036041259766
C15 475.003 92.75157928466797
C15 500.018 95.1224365234375
C15 525.002 97.72048950195312
C15 550.029 98.40800476074219
C15 575.023 98.82550811767578
C15 599.982 98.964111328125
C15 619.997 99.40666198730469
C15 624.979 98.96971130371094
C15 650.012 98.66985321044922
C15 675.004 98.3825454711914
C15 700.03 97.62482452392578
C15 725.012 96.76549530029297
C15 750.022 96.53727722167969
C15 774.987 95.8488540649414
C15 799.976 95.21914672851562
C15 824.988 93.0478515625
C15 850.022 90.88587951660156
C15 869.967 88.03749084472656
C15 875.002 86.82415008544922
C15 899.999 80.54154968261719
C15 919.999 71.58821868896484
C15 925.012 69.5632553100586
C15 949.965 56.389427185058594
C15 975.002 41.590606689453125
C15 999.976 24.95777702331543
C15 1025.028 10.646018028259277
C15 1050.014 3.798661231994629
C15 1075.002 0.9197087638797438
C15 1099.99 0.09125265863307062
C16 319.994 48.72500991821289
C16 324.969 54.05271530151367
C16 349.982 69.44998931884766
C16 374.975 72.1338119506836
C16 400.019 82.58783721923828
C16 424.965 86.59613037109375
C16 450.035 90.6318588256836
C16 475.003 93.04936218261719
C16 500.018 95.42100524902344
C16 525.002 98.01416015625
C16 550.029 98.69322967529297
C16 575.023 99.10309600830078
C16 599.982 99.23859405517578
C16 619.997 99.67301177978516
C16 624.979 99.23114776611328
C16 650.012 98.922119140625
C16 675.004 98.6296157836914
C16 700.03 97.85820007324219
C16 725.012 96.9651107788086
C16 750.022 96.69865417480469
C16 774.987 95.97655487060547
C16 799.976 95.33234405517578
C16 824.988 93.17182922363281
C16 850.022 90.99459075927734
C16 869.967 88.15376281738281
C16 875.002 86.92247009277344
C16 899.999 80.73184967041016
C16 919.999 71.63731384277344
C16 925.012 69.59053039550781
C16 949.965 56.3623161315918
C16 975.002 41.469879150390625
C16 999.976 25.070249557495117
C16 1025.028 10.706086158752441
C16 1050.014 3.821864604949951
C16 1075.002 0.9212465832799664
C16 1099.99 0.09140523966119507
C17 319.994 48.7657470703125
C17 324.969 54.07392501831055
C17 349.982 69.27693176269531
C17 374.975 71.93675994873047
C17 400.019 82.41986083984375
C17 424.965 86.4590072631836
C17 450.035 90.51158142089844
C17 475.003 92.93460083007812
C17 500.018 95.3033218383789
C17 525.002 97.88540649414062
C17 550.029 98.55465698242188
C17 575.023 98.94600677490234
C17 599.982 99.0635757446289
C17 619.997 99.48664093017578
C17 624.979 99.0446548461914
C17 650.012 98.71936798095703
C17 675.004 98.41170501708984
C17 700.03 97.62095642089844
C17 725.012 96.7020034790039
C17 750.022 96.40571594238281
C17 774.987 95.65242767333984
C17 799.976 94.99776458740234
C17 824.988 92.85620880126953
C17 850.022 90.68743896484375
C17 869.967 87.90821075439453
C17 875.002 86.62407684326172
C17 899.999 80.54242706298828
C17 919.999 71.56288146972656
C17 925.012 69.28611755371094
C17 949.965 56.18565368652344
C17 975.002 41.453468322753906
C17 999.976 25.282508850097656
C17 1025.028 10.737228393554688
C17 1050.014 3.8297791481018066
C17 1075.002 0.9184560767524965
C17 1099.99 0.09112836816712518
