lsstCam/transmission_sensor/r12_s00/19700101T000000.ecsv
# %ECSV 1.0
# ---
# datatype:
# - {name: amp_name, datatype: string}
# - {name: wavelength, unit: nm, datatype: float32}
# - {name: efficiency, unit: '%', datatype: float64}
# meta: !!omap
# - {MODE: AMP}
# - {TYPE: transmission_sensor}
# - {CALIBDATE: '1970-01-01T00:00:00'}
# - {INSTRUME: LSSTCam}
# - {OBSTYPE: transmission_sensor}
# - {DETECTOR: 45}
# - {PARQUETFILE: qe_raft_allvalues_nircorrected_20230725_adjust.parquet}
# - {CORRFILE: qe_corr_factor_bydetnum.parquet}
# - {CALIBCLS: lsst.ip.isr.IntermediateSensorTransmissionCurve}
# - {CALIB_ID: 'raftName=R12 detectorName=S00 detector=45 calibDate=1970-01-01T00:00:00 ccd=45 ccdnum=45 filter=None'}
# - {DATE: '2025-03-03T21:56:47.624425'}
# - {CALIB_CREATION_DATE: '2025-03-03'}
# - {CALIB_CREATION_TIME: '21:56:47'}
# - __serialized_columns__:
#     efficiency:
#       __class__: astropy.units.quantity.Quantity
#       unit: !astropy.units.Unit {unit: '%'}
#       value: !astropy.table.SerializedColumn {name: efficiency}
#     wavelength:
#       __class__: astropy.units.quantity.Quantity
#       unit: !astropy.units.Unit {unit: nm}
#       value: !astropy.table.SerializedColumn {name: wavelength}
# schema: astropy-2.0
amp_name wavelength efficiency
C00 319.994 47.79934737877183
C00 324.969 53.08539396316157
C00 349.982 68.66262265918942
C00 374.975 71.34399279970202
C00 400.019 81.5333514508644
C00 424.965 85.42130773116476
C00 450.035 89.36196502043887
C00 475.003 91.73263575027484
C00 500.018 94.0808159499426
C00 525.002 96.66089123729996
C00 550.029 97.35936785125536
C00 575.023 97.79151004015166
C00 599.982 97.95050295277795
C00 619.997 98.40181191070499
C00 624.979 97.96804967347394
C00 650.012 97.68692184930185
C00 675.004 97.42685465348139
C00 700.03 96.76087027654951
C00 725.012 96.08639015318616
C00 750.022 96.06860765080766
C00 774.987 95.55908343488016
C00 799.976 94.97697649003989
C00 824.988 92.75393551690486
C00 850.022 90.49096377495583
C00 869.967 87.58131893645945
C00 875.002 86.28676341150924
C00 899.999 79.94180227626667
C00 919.999 70.6918967244567
C00 925.012 68.45699821444909
C00 949.965 55.48079895208004
C00 975.002 41.169048575445075
C00 999.976 24.935251558064724
C00 1025.028 10.71831584124603
C00 1050.014 3.7763880484519756
C00 1075.002 0.9152411910324683
C00 1099.99 0.09080939015943879
C01 319.994 48.28146387557146
C01 324.969 53.614400591339944
C01 349.982 69.32281137024772
C01 374.975 71.91820486110821
C01 400.019 81.95223662451446
C01 424.965 85.75607969104068
C01 450.035 89.65750595068764
C01 475.003 92.00331312180874
C01 500.018 94.33933155017486
C01 525.002 96.91032543982482
C01 550.029 97.5959025139881
C01 575.023 98.02155690368471
C01 599.982 98.17743901927388
C01 619.997 98.6223666600514
C01 624.979 98.19184451948983
C01 650.012 97.90299674668037
C01 675.004 97.64489186292734
C01 700.03 96.99071938770368
C01 725.012 96.3738536593434
C01 750.022 96.4263873393812
C01 774.987 95.99251101423924
C01 799.976 95.44047003685074
C01 824.988 93.20272693493143
C01 850.022 90.96934959706913
C01 869.967 88.05161212275978
C01 875.002 86.74549568950532
C01 899.999 80.30151385346473
C01 919.999 70.91639130965942
C01 925.012 68.67040345471261
C01 949.965 55.824138914064356
C01 975.002 41.45259126039781
C01 999.976 25.073290324389575
C01 1025.028 10.693157555428021
C01 1050.014 3.7557117537501927
C01 1075.002 0.9186494520145893
C01 1099.99 0.09114755468297979
C02 319.994 48.41990194958445
C02 324.969 53.77286489664575
C02 349.982 69.55277456931279
C02 374.975 72.07948713781317
C02 400.019 81.97849966160298
C02 424.965 85.711273565501
C02 450.035 89.57194001751476
C02 475.003 91.8943743786234
C02 500.018 94.20999388852111
C02 525.002 96.7671603233703
C02 550.029 97.44894967889181
C02 575.023 97.8688768554614
C02 599.982 98.02341273370197
C02 619.997 98.46478843752023
C02 624.979 98.03495082442404
C02 650.012 97.74683321424432
C02 675.004 97.4911165707594
C02 700.03 96.84267130866279
C02 725.012 96.24820484014198
C02 750.022 96.33281243486333
C02 774.987 95.93397631008827
C02 799.976 95.40619802841722
C02 824.988 93.16933720634219
C02 850.022 90.97719884533885
C02 869.967 88.05699707215412
C02 875.002 86.75248547551296
C02 899.999 80.27064166477595
C02 919.999 70.8485090026756
C02 925.012 68.63227527489077
C02 949.965 55.99383327273281
C02 975.002 41.58638595643729
C02 999.976 25.134420528513463
C02 1025.028 10.660151922805468
C02 1050.014 3.7487103212683217
C02 1075.002 0.9177579677909656
C02 1099.99 0.0910591024373016
C03 319.994 48.72425426948484
C03 324.969 54.11207107332522
C03 349.982 69.97413925355968
C03 374.975 72.46957652275279
C03 400.019 82.32887884768965
C03 424.965 86.0334806434568
C03 450.035 89.88542317321728
C03 475.003 92.20059393733213
C03 500.018 94.51095019160712
C03 525.002 97.06835240813885
C03 550.029 97.74417116299006
C03 575.023 98.16303351905793
C03 599.982 98.31214641860053
C03 619.997 98.75858762566263
C03 624.979 98.32536540454316
C03 650.012 98.03416742076922
C03 675.004 97.77537800955079
C03 700.03 97.12558651010559
C03 725.012 96.53045833170158
C03 750.022 96.61980437765553
C03 774.987 96.22731154072635
C03 799.976 95.69960171180185
C03 824.988 93.463569928546
C03 850.022 91.27835290080375
C03 869.967 88.35945933566397
C03 875.002 87.06040874702443
C03 899.999 80.51244718899216
C03 919.999 71.05042939324214
C03 925.012 68.87393628775317
C03 949.965 56.32233420043976
C03 975.002 41.81161450720012
C03 999.976 25.22231385506864
C03 1025.028 10.665555886851632
C03 1050.014 3.7593511581078123
C03 1075.002 0.9204921258208559
C03 1099.99 0.09133038308520795
C04 319.994 49.06299268572963
C04 324.969 54.48899091041693
C04 349.982 70.4600624836529
C04 374.975 72.86646554718187
C04 400.019 82.59664317456532
C04 424.965 86.22960536814976
C04 450.035 90.04826465137117
C04 475.003 92.34333312558594
C04 500.018 94.63939036169515
C04 525.002 97.18930841127202
C04 550.029 97.86270089655149
C04 575.023 98.27421599115759
C04 599.982 98.41774618892696
C04 619.997 98.86103096378756
C04 624.979 98.42876708111963
C04 650.012 98.1366563940585
C04 675.004 97.8710901609328
C04 700.03 97.2170469853415
C04 725.012 96.6086770034127
C04 750.022 96.6871846978314
C04 774.987 96.28359491010228
C04 799.976 95.75396079841398
C04 824.988 93.51845381954827
C04 850.022 91.34292665837155
C04 869.967 88.42344744195583
C04 875.002 87.12412304233013
C04 899.999 80.54034548613687
C04 919.999 71.13540967513909
C04 925.012 68.98106483608561
C04 949.965 56.387630514776575
C04 975.002 41.84287839771631
C04 999.976 25.21426685442003
C04 1025.028 10.657080105804562
C04 1050.014 3.7599612907479645
C04 1075.002 0.9211340550586306
C04 1099.99 0.09139407471445168
C05 319.994 49.40076515766216
C05 324.969 54.864233655218456
C05 349.982 70.9179657228298
C05 374.975 73.2705497158582
C05 400.019 82.92434168396562
C05 424.965 86.51977656072563
C05 450.035 90.32060010054344
C05 475.003 92.60401639612526
C05 500.018 94.89512221690153
C05 525.002 97.4426292086281
C05 550.029 98.10989897602276
C05 575.023 98.51805228018775
C05 599.982 98.65711783771067
C05 619.997 99.10118601622611
C05 624.979 98.66195516513272
C05 650.012 98.36817118871177
C05 675.004 98.10464332626076
C05 700.03 97.43795160428132
C05 725.012 96.8139211551167
C05 750.022 96.87435732444929
C05 774.987 96.4564076716686
C05 799.976 95.91503011101861
C05 824.988 93.68913694011115
C05 850.022 91.5124460822433
C05 869.967 88.5649088456076
C05 875.002 87.27378356384503
C05 899.999 80.7036585276558
C05 919.999 71.36744927418248
C05 925.012 69.20163479715347
C05 949.965 56.41887919357131
C05 975.002 41.949394674260276
C05 999.976 25.22901842129903
C05 1025.028 10.684899492144247
C05 1050.014 3.7747344867934096
C05 1075.002 0.922917239871992
C05 1099.99 0.09157100067345517
C06 319.994 49.55391296632016
C06 324.969 55.0227359898279
C06 349.982 71.04155335377435
C06 374.975 73.36128002846435
C06 400.019 82.96234817001583
C06 424.965 86.53522406386111
C06 450.035 90.323087217001
C06 475.003 92.60079151117722
C06 500.018 94.87892173355414
C06 525.002 97.41854905356807
C06 550.029 98.07526188627438
C06 575.023 98.47826602272754
C06 599.982 98.6127148227895
C06 619.997 99.04774723876187
C06 624.979 98.60893471000844
C06 650.012 98.30864011680563
C06 675.004 98.03751399948887
C06 700.03 97.361908208738
C06 725.012 96.72131980077182
C06 750.022 96.76081703552443
C06 774.987 96.32733621514026
C06 799.976 95.77860378716777
C06 824.988 93.56492562858705
C06 850.022 91.39467693475451
C06 869.967 88.45883751191614
C06 875.002 87.17245068138617
C06 899.999 80.627850913795
C06 919.999 71.34011381073151
C06 925.012 69.1663131799397
C06 949.965 56.33360228310604
C06 975.002 41.90024179931541
C06 999.976 25.19741036558497
C06 1025.028 10.678801493306793
C06 1050.014 3.7850097669517337
C06 1075.002 0.9218355475811529
C06 1099.99 0.09146367615808841
C07 319.994 49.58236649129791
C07 324.969 55.04252263650783
C07 349.982 70.90114916476355
C07 374.975 73.18624635556591
C07 400.019 82.84457141666633
C07 424.965 86.45495180975385
C07 450.035 90.26987661535857
C07 475.003 92.5601686090371
C07 500.018 94.8466576723524
C07 525.002 97.38458888542435
C07 550.029 98.03488997753823
C07 575.023 98.42970260198898
C07 599.982 98.55398236625963
C07 619.997 98.9774690856492
C07 624.979 98.53769061258352
C07 650.012 98.22744755355048
C07 675.004 97.94191593601776
C07 700.03 97.25490135417718
C07 725.012 96.59771695810583
C07 750.022 96.61541579601635
C07 774.987 96.16130788134197
C07 799.976 95.61220276619389
C07 824.988 93.40457887275143
C07 850.022 91.25402935820047
C07 869.967 88.35741335912856
C07 875.002 87.0609791865789
C07 899.999 80.5196119097965
C07 919.999 71.33138988847824
C07 925.012 69.08973737414553
C07 949.965 56.30573821233458
C07 975.002 41.85609358072857
C07 999.976 25.28782503497098
C07 1025.028 10.703479659166442
C07 1050.014 3.8110058858653932
C07 1075.002 0.9204503175989076
C07 1099.99 0.09132623491183466
C10 319.994 46.744391678427135
C10 324.969 51.89039915512097
C10 349.982 66.94803347561947
C10 374.975 69.91361941975909
C10 400.019 80.91108556138832
C10 424.965 85.22545681745794
C10 450.035 89.40948643825791
C10 475.003 91.93357498480766
C10 500.018 94.37223450367762
C10 525.002 97.02078535515545
C10 550.029 97.76024234670511
C10 575.023 98.21408405625405
C10 599.982 98.38864616578745
C10 619.997 98.8517061785369
C10 624.979 98.42030175813106
C10 650.012 98.13680851127303
C10 675.004 97.87230709864903
C10 700.03 97.13548934077147
C10 725.012 96.28337434014122
C10 750.022 96.05580698720499
C10 774.987 95.36336182080571
C10 799.976 94.72640140840606
C10 824.988 92.56797222214247
C10 850.022 90.37960636805947
C10 869.967 87.54659057638236
C10 875.002 86.30424928531941
C10 899.999 80.0895993619036
C10 919.999 71.04181955889977
C10 925.012 68.91322816426616
C10 949.965 56.06270814454143
C10 975.002 41.46596996941569
C10 999.976 25.054775757916147
C10 1025.028 10.66875890495007
C10 1050.014 3.8046088816281296
C10 1075.002 0.9151218186004106
C10 1099.99 0.09079754613639524
C11 319.994 47.26900972496633
C11 324.969 52.46943713515811
C11 349.982 67.65671715466979
C11 374.975 70.51941101490162
C11 400.019 81.31030958506042
C11 424.965 85.52600240406473
C11 450.035 89.6524100240009
C11 475.003 92.13739684055582
C11 500.018 94.5555585647679
C11 525.002 97.18730806990096
C11 550.029 97.90787210340605
C11 575.023 98.35089067314122
C11 599.982 98.51930724720762
C11 619.997 98.97204610695123
C11 624.979 98.54086986236719
C11 650.012 98.25472977597636
C11 675.004 97.99235039849503
C11 700.03 97.266918614125
C11 725.012 96.46591499757669
C11 750.022 96.30251829158976
C11 774.987 95.6806022717071
C11 799.976 95.06915191618407
C11 824.988 92.89394420115788
C11 850.022 90.71548117774074
C11 869.967 87.88181128204116
C11 875.002 86.6330050093607
C11 899.999 80.2820276382835
C11 919.999 71.17839039410441
C11 925.012 69.05145707710916
C11 949.965 56.26610407208891
C11 975.002 41.633310314189295
C11 999.976 25.10434885666615
C11 1025.028 10.64621798595456
C11 1050.014 3.79039376561349
C11 1075.002 0.917471523970575
C11 1099.99 0.09103068174459297
C12 319.994 47.487012708039
C12 324.969 52.713870484255295
C12 349.982 67.96716557194245
C12 374.975 70.77560682761231
C12 400.019 81.46820725374212
C12 424.965 85.62251317082301
C12 450.035 89.72118221668971
C12 475.003 92.18836371328395
C12 500.018 94.59323039294615
C12 525.002 97.20720500156143
C12 550.029 97.92189731058568
C12 575.023 98.36041321077077
C12 599.982 98.52089687209946
C12 619.997 98.97325543880675
C12 624.979 98.53928784333608
C12 650.012 98.25361932031029
C12 675.004 97.98321575976254
C12 700.03 97.26149563542702
C12 725.012 96.47593952201419
C12 750.022 96.32956473233313
C12 774.987 95.71927807350124
C12 799.976 95.1156921779694
C12 824.988 92.9331904425065
C12 850.022 90.76539844168862
C12 869.967 87.9295684815427
C12 875.002 86.67357467047574
C12 899.999 80.29376348138445
C12 919.999 71.19041525991297
C12 925.012 69.03324104066925
C12 949.965 56.25953260842123
C12 975.002 41.65125253964306
C12 999.976 25.14361221120141
C12 1025.028 10.641475731791601
C12 1050.014 3.7706936355993204
C12 1075.002 0.9177290042423136
C12 1099.99 0.0910562287006126
C13 319.994 47.648405269724506
C13 324.969 52.88950121722077
C13 349.982 68.15538020147987
C13 374.975 70.92843899305016
C13 400.019 81.52052796967956
C13 424.965 85.62234584188703
C13 450.035 89.69208979941094
C13 475.003 92.13890280097966
C13 500.018 94.53191954963002
C13 525.002 97.13780152243231
C13 550.029 97.84053741839453
C13 575.023 98.27399542119652
C13 599.982 98.42921582690249
C13 619.997 98.87379359808659
C13 624.979 98.43982600261593
C13 650.012 98.1506131484916
C13 675.004 97.87709879090671
C13 700.03 97.15262534498822
C13 725.012 96.3500397094088
C13 750.022 96.19042311620294
C13 774.987 95.56935134686091
C13 799.976 94.96404652680488
C13 824.988 92.78403190779954
C13 850.022 90.62652303068386
C13 869.967 87.81097029523472
C13 875.002 86.57167895432312
C13 899.999 80.15091781108046
C13 919.999 71.16694357371107
C13 925.012 69.06590821248948
C13 949.965 56.26218705381477
C13 975.002 41.58764092345716
C13 999.976 25.00805105400821
C13 1025.028 10.57642850939358
C13 1050.014 3.753039482120574
C13 1075.002 0.9164035582699214
C13 1099.99 0.09092471916889405
C14 319.994 48.12763534237844
C14 324.969 53.4099664638033
C14 349.982 68.78328203375428
C14 374.975 71.49377501498856
C14 400.019 81.97926785353636
C14 424.965 86.01979009414914
C14 450.035 90.06342313179904
C14 475.003 92.4928947709114
C14 500.018 94.87417567646081
C14 525.002 97.47229206546137
C14 550.029 98.16789366406215
C14 575.023 98.59246802153561
C14 599.982 98.74015101926165
C14 619.997 99.18228730915254
C14 624.979 98.747064746662
C14 650.012 98.44861077175501
C14 675.004 98.17007654609066
C14 700.03 97.42945585784985
C14 725.012 96.60064521448552
C14 750.022 96.40703802969303
C14 774.987 95.75733780057654
C14 799.976 95.13665393013157
C14 824.988 92.96492209345736
C14 850.022 90.79638471828828
C14 869.967 87.97280019391201
C14 875.002 86.69309891496061
C14 899.999 80.25689787444321
C14 919.999 71.40283934414278
C14 925.012 69.24373323627454
C14 949.965 56.08161251137709
C14 975.002 41.41186948206825
C14 999.976 25.09056893849495
C14 1025.028 10.672230980371708
C14 1050.014 3.7728456188186184
C14 1075.002 0.9184676091658137
C14 1099.99 0.0911295124025799
C15 319.994 48.291773619786206
C15 324.969 53.587350347666224
C15 349.982 68.9569618634434
C15 374.975 71.6260105095791
C15 400.019 82.03666167857837
C15 424.965 86.03738245000947
C15 450.035 90.05172531800171
C15 475.003 92.46547564299246
C15 500.018 94.82901968132771
C15 525.002 97.41905864623675
C15 550.029 98.1044531797426
C15 575.023 98.52066869627767
C15 599.982 98.65884436809559
C15 619.997 99.10002992539567
C15 624.979 98.66442706986882
C15 650.012 98.36549392573606
C15 675.004 98.07907242249834
C15 700.03 97.32368875858744
C15 725.012 96.46701024152131
C15 750.022 96.23949612961017
C15 774.987 95.55319649867786
C15 799.976 94.92543157189654
C15 824.988 92.76083403258377
C15 850.022 90.60553085507877
C15 869.967 87.76592838801253
C15 875.002 86.55633032737708
C15 899.999 80.29310937736197
C15 919.999 71.36739603315739
C15 925.012 69.34867890257847
C15 949.965 56.2154870689542
C15 975.002 41.462315353336614
C15 999.976 24.88079169379796
C15 1025.028 10.613179077691331
C15 1050.014 3.7869437947245888
C15 1075.002 0.9168718092030014
C15 1099.99 0.09097117859630095
C16 319.994 48.57471163881119
C16 324.969 53.8859830603003
C16 349.982 69.23576229423318
C16 374.975 71.9113063454293
C16 400.019 82.3330848886714
C16 424.965 86.32901396784483
C16 450.035 90.35229372219068
C16 475.003 92.76233999300763
C16 500.018 95.1266674349977
C16 525.002 97.71182343732035
C16 550.029 98.38879828300199
C16 575.023 98.79740033294983
C16 599.982 98.93248041945209
C16 619.997 99.36555812921776
C16 624.979 98.92505709938305
C16 650.012 98.61698171065706
C16 675.004 98.32538061626461
C16 700.03 97.55634443234968
C16 725.012 96.66600998156888
C16 750.022 96.40037529569663
C16 774.987 95.68050339551766
C16 799.976 95.0382797274953
C16 824.988 92.88442926938905
C16 850.022 90.71390676457035
C16 869.967 87.88184170548405
C16 875.002 86.65434705455921
C16 899.999 80.48282236146251
C16 919.999 71.41633974693228
C16 925.012 69.37586985467564
C16 949.965 56.188459642862654
C16 975.002 41.34196021320083
C16 999.976 24.9929172926277
C16 1025.028 10.673061920656075
C16 1050.014 3.8100755940252857
C16 1075.002 0.918404885010349
C16 1099.99 0.09112328896949819
C17 319.994 48.61532313216022
C17 324.969 53.907127353119904
C17 349.982 69.06323855537448
C17 374.975 71.71486217458582
C17 400.019 82.16562665305652
C17 424.965 86.19231383300784
C17 450.035 90.23238732783776
C17 475.003 92.64793263595993
C17 500.018 95.00934703329177
C17 525.002 97.5834669317003
C17 550.029 98.25065303462696
C17 575.023 98.64079566059165
C17 599.982 98.75800197438669
C17 619.997 99.17976216339135
C17 624.979 98.73913943978502
C17 650.012 98.4148559618509
C17 675.004 98.10814202219494
C17 700.03 97.31983258719912
C17 725.012 96.40371426855556
C17 750.022 96.10834066724277
C17 774.987 95.35737600841396
C17 799.976 94.70473231119632
C17 824.988 92.56978241699538
C17 850.022 90.40770241758308
C17 869.967 87.63704707800235
C17 875.002 86.35687423568592
C17 899.999 80.29398405134552
C17 919.999 71.34213696968476
C17 925.012 69.07239601168916
C17 949.965 56.012342134810694
C17 975.002 41.32560000677817
C17 999.976 25.204521845364226
C17 1025.028 10.704108093408967
C17 1050.014 3.8179657237964157
C17 1075.002 0.9156229861431021
C17 1099.99 0.09084727151956792
