lsstCam/transmission_sensor/r34_s12/19700101T000000.ecsv
# %ECSV 1.0
# ---
# datatype:
# - {name: amp_name, datatype: string}
# - {name: wavelength, unit: nm, datatype: float32}
# - {name: efficiency, unit: '%', datatype: float64}
# meta: !!omap
# - {MODE: AMP}
# - {TYPE: transmission_sensor}
# - {CALIBDATE: '1970-01-01T00:00:00'}
# - {INSTRUME: LSSTCAM}
# - {OBSTYPE: transmission_sensor}
# - {DETECTOR: 158}
# - {PARQUETFILE: qe_raft_allvalues_nircorrected_20230725.parquet}
# - {CALIBCLS: lsst.ip.isr.IntermediateSensorTransmissionCurve}
# - {CALIB_ID: 'raftName=R34 detectorName=S12 detector=158 calibDate=1970-01-01T00:00:00 ccd=158 ccdnum=158 filter=None'}
# - {DATE: '2023-08-02T16:57:56.055379'}
# - {CALIB_CREATION_DATE: '2023-08-02'}
# - {CALIB_CREATION_TIME: '16:57:56'}
# - __serialized_columns__:
#     efficiency:
#       __class__: astropy.units.quantity.Quantity
#       unit: !astropy.units.Unit {unit: '%'}
#       value: !astropy.table.SerializedColumn {name: efficiency}
#     wavelength:
#       __class__: astropy.units.quantity.Quantity
#       unit: !astropy.units.Unit {unit: nm}
#       value: !astropy.table.SerializedColumn {name: wavelength}
# schema: astropy-2.0
amp_name wavelength efficiency
C00 319.994 45.90975570678711
C00 324.969 51.82798385620117
C00 349.982 75.6642837524414
C00 374.975 78.84205627441406
C00 400.019 85.67737579345703
C00 424.965 86.81134033203125
C00 450.035 88.84404754638672
C00 475.003 92.00247192382812
C00 500.018 93.24409484863281
C00 525.002 95.68775939941406
C00 550.029 97.77062225341797
C00 575.023 97.70957946777344
C00 599.982 99.42507934570312
C00 619.997 98.95123291015625
C00 624.979 99.27973175048828
C00 650.012 99.57775115966797
C00 675.004 99.2020034790039
C00 700.03 98.56880950927734
C00 725.012 98.2305679321289
C00 750.022 98.16647338867188
C00 774.987 97.7967758178711
C00 799.976 96.94357299804688
C00 824.988 95.25901794433594
C00 850.022 93.08499145507812
C00 869.967 90.09575653076172
C00 875.002 89.50151062011719
C00 899.999 82.16387939453125
C00 919.999 74.17581176757812
C00 925.012 71.36383056640625
C00 949.965 58.18988037109375
C00 975.002 42.957313537597656
C00 999.976 26.147714614868164
C00 1025.028 11.185873985290527
C00 1050.014 3.901670455932617
C00 1075.002 0.9352280813030678
C00 1099.99 0.09279247105050892
C01 319.994 46.034034729003906
C01 324.969 51.96526336669922
C01 349.982 75.85675048828125
C01 374.975 79.03658294677734
C01 400.019 85.80396270751953
C01 424.965 86.89480590820312
C01 450.035 88.90628814697266
C01 475.003 92.04886627197266
C01 500.018 93.27855682373047
C01 525.002 95.71097564697266
C01 550.029 97.78939056396484
C01 575.023 97.72494506835938
C01 599.982 99.43487548828125
C01 619.997 98.96269989013672
C01 624.979 99.28694915771484
C01 650.012 99.58830261230469
C01 675.004 99.21564483642578
C01 700.03 98.59363555908203
C01 725.012 98.28875732421875
C01 750.022 98.27701568603516
C01 774.987 97.95188903808594
C01 799.976 97.10940551757812
C01 824.988 95.40586853027344
C01 850.022 93.23411560058594
C01 869.967 90.20918273925781
C01 875.002 89.56443786621094
C01 899.999 82.1639175415039
C01 919.999 74.20043182373047
C01 925.012 71.34996795654297
C01 949.965 58.32344055175781
C01 975.002 42.81105041503906
C01 999.976 26.098241806030273
C01 1025.028 11.089927673339844
C01 1050.014 3.878739833831787
C01 1075.002 0.9362804880071419
C01 1099.99 0.09289688987686098
C02 319.994 46.06019592285156
C02 324.969 51.99589538574219
C02 349.982 75.94793701171875
C02 374.975 79.12899017333984
C02 400.019 85.82510375976562
C02 424.965 86.8775863647461
C02 450.035 88.86680603027344
C02 475.003 91.99466705322266
C02 500.018 93.21333312988281
C02 525.002 95.64241790771484
C02 550.029 97.71082305908203
C02 575.023 97.64935302734375
C02 599.982 99.35858154296875
C02 619.997 98.88567352294922
C02 624.979 99.21338653564453
C02 650.012 99.51399993896484
C02 675.004 99.14483642578125
C02 700.03 98.53510284423828
C02 725.012 98.27310180664062
C02 750.022 98.31270599365234
C02 774.987 98.03895568847656
C02 799.976 97.21414184570312
C02 824.988 95.49105072021484
C02 850.022 93.31465148925781
C02 869.967 90.2660903930664
C02 875.002 89.59957122802734
C02 899.999 82.12208557128906
C02 919.999 74.07853698730469
C02 925.012 71.22439575195312
C02 949.965 58.376529693603516
C02 975.002 42.79805374145508
C02 999.976 26.133522033691406
C02 1025.028 11.066754341125488
C02 1050.014 3.858041286468506
C02 1075.002 0.9366203174131296
C02 1099.99 0.09293060743832822
C03 319.994 46.00021743774414
C03 324.969 51.93131637573242
C03 349.982 75.8978042602539
C03 374.975 79.11709594726562
C03 400.019 85.79701232910156
C03 424.965 86.83185577392578
C03 450.035 88.80621337890625
C03 475.003 91.92527770996094
C03 500.018 93.13387298583984
C03 525.002 95.55601501464844
C03 550.029 97.62794494628906
C03 575.023 97.56747436523438
C03 599.982 99.27849578857422
C03 619.997 98.80518341064453
C03 624.979 99.13119506835938
C03 650.012 99.43822479248047
C03 675.004 99.06941223144531
C03 700.03 98.47822570800781
C03 725.012 98.25749206542969
C03 750.022 98.34805297851562
C03 774.987 98.130615234375
C03 799.976 97.32115936279297
C03 824.988 95.58893585205078
C03 850.022 93.41895294189453
C03 869.967 90.34954833984375
C03 875.002 89.67675018310547
C03 899.999 82.10517120361328
C03 919.999 73.91737365722656
C03 925.012 71.05303192138672
C03 949.965 58.36279296875
C03 975.002 42.8195915222168
C03 999.976 26.18795394897461
C03 1025.028 11.08205795288086
C03 1050.014 3.838629722595215
C03 1075.002 0.9369570652772745
C03 1099.99 0.09296401925204478
C04 319.994 46.036766052246094
C04 324.969 51.97633361816406
C04 349.982 76.04568481445312
C04 374.975 79.2616195678711
C04 400.019 85.80499267578125
C04 424.965 86.77010345458984
C04 450.035 88.7055435180664
C04 475.003 91.79936981201172
C04 500.018 92.99737548828125
C04 525.002 95.41110229492188
C04 550.029 97.48145294189453
C04 575.023 97.41594696044922
C04 599.982 99.1280288696289
C04 619.997 98.65973663330078
C04 624.979 98.98493194580078
C04 650.012 99.29267883300781
C04 675.004 98.93482971191406
C04 700.03 98.35848999023438
C04 725.012 98.18118286132812
C04 750.022 98.32926177978516
C04 774.987 98.15992736816406
C04 799.976 97.37309265136719
C04 824.988 95.6292724609375
C04 850.022 93.47418212890625
C04 869.967 90.376220703125
C04 875.002 89.69842529296875
C04 899.999 82.07743072509766
C04 919.999 73.83447265625
C04 925.012 70.98645782470703
C04 949.965 58.36667251586914
C04 975.002 42.95391845703125
C04 999.976 26.285099029541016
C04 1025.028 11.127388954162598
C04 1050.014 3.8433687686920166
C04 1075.002 0.9367780411823582
C04 1099.99 0.09294625664581323
C05 319.994 46.18842315673828
C05 324.969 52.15155792236328
C05 349.982 76.37691497802734
C05 374.975 79.59381103515625
C05 400.019 86.02220153808594
C05 424.965 86.92134094238281
C05 450.035 88.82144927978516
C05 475.003 91.89888000488281
C05 500.018 93.08319091796875
C05 525.002 95.49454498291016
C05 550.029 97.56108093261719
C05 575.023 97.49562072753906
C05 599.982 99.21060943603516
C05 619.997 98.74263000488281
C05 624.979 99.06900024414062
C05 650.012 99.37718200683594
C05 675.004 99.02201080322266
C05 700.03 98.45982360839844
C05 725.012 98.3120346069336
C05 750.022 98.49697875976562
C05 774.987 98.36654663085938
C05 799.976 97.58843994140625
C05 824.988 95.84102630615234
C05 850.022 93.67801666259766
C05 869.967 90.54830932617188
C05 875.002 89.85433197021484
C05 899.999 82.21097564697266
C05 919.999 73.95258331298828
C05 925.012 70.96543884277344
C05 949.965 58.319461822509766
C05 975.002 43.211605072021484
C05 999.976 26.31381607055664
C05 1025.028 11.225306510925293
C05 1050.014 3.8660190105438232
C05 1075.002 0.9383758717951589
C05 1099.99 0.09310479193131851
C06 319.994 46.3127326965332
C06 324.969 52.29572677612305
C06 349.982 76.65151977539062
C06 374.975 79.89601135253906
C06 400.019 86.29256439208984
C06 424.965 87.15802001953125
C06 450.035 89.04534149169922
C06 475.003 92.11592864990234
C06 500.018 93.29867553710938
C06 525.002 95.71050262451172
C06 550.029 97.78089141845703
C06 575.023 97.71895599365234
C06 599.982 99.43700408935547
C06 619.997 98.97021484375
C06 624.979 99.30034637451172
C06 650.012 99.61060333251953
C06 675.004 99.25971984863281
C06 700.03 98.70194244384766
C06 725.012 98.56009674072266
C06 750.022 98.74950408935547
C06 774.987 98.6197280883789
C06 799.976 97.83702087402344
C06 824.988 96.08906555175781
C06 850.022 93.936767578125
C06 869.967 90.79356384277344
C06 875.002 90.07565307617188
C06 899.999 82.3692855834961
C06 919.999 74.18132019042969
C06 925.012 71.0623550415039
C06 949.965 58.2927360534668
C06 975.002 43.54771041870117
C06 999.976 26.336219787597656
C06 1025.028 11.340152740478516
C06 1050.014 3.8975000381469727
C06 1075.002 0.9407816681010489
C06 1099.99 0.09334349283062926
C07 319.994 46.28124237060547
C07 324.969 52.266502380371094
C07 349.982 76.69740295410156
C07 374.975 79.95793151855469
C07 400.019 86.27865600585938
C07 424.965 87.10411071777344
C07 450.035 88.96199798583984
C07 475.003 92.01564025878906
C07 500.018 93.1923828125
C07 525.002 95.59999084472656
C07 550.029 97.67080688476562
C07 575.023 97.61102294921875
C07 599.982 99.33122253417969
C07 619.997 98.86707305908203
C07 624.979 99.19548034667969
C07 650.012 99.51172637939453
C07 675.004 99.16120147705078
C07 700.03 98.59506225585938
C07 725.012 98.41504669189453
C07 750.022 98.55795288085938
C07 774.987 98.37176513671875
C07 799.976 97.57047271728516
C07 824.988 95.8409423828125
C07 850.022 93.7065658569336
C07 869.967 90.52685546875
C07 875.002 89.87147521972656
C07 899.999 82.28041076660156
C07 919.999 73.95329284667969
C07 925.012 71.21642303466797
C07 949.965 58.18939208984375
C07 975.002 43.145362854003906
C07 999.976 26.415767669677734
C07 1025.028 11.350253105163574
C07 1050.014 3.9579899311065674
C07 1075.002 0.9389567701769947
C07 1099.99 0.09316242813510388
C10 319.994 44.801944732666016
C10 324.969 50.586692810058594
C10 349.982 73.99493408203125
C10 374.975 77.50093841552734
C10 400.019 84.92887878417969
C10 424.965 86.35137176513672
C10 450.035 88.5250015258789
C10 475.003 91.76307678222656
C10 500.018 93.06639862060547
C10 525.002 95.54854583740234
C10 550.029 97.66358947753906
C10 575.023 97.6330337524414
C10 599.982 99.3734359741211
C10 619.997 98.91520690917969
C10 624.979 99.2476806640625
C10 650.012 99.56720733642578
C10 675.004 99.20313262939453
C10 700.03 98.57842254638672
C10 725.012 98.24384307861328
C10 750.022 98.18205261230469
C10 774.987 97.80845642089844
C10 799.976 96.94032287597656
C10 824.988 95.2294921875
C10 850.022 93.00560760498047
C10 869.967 89.96607971191406
C10 875.002 89.28070068359375
C10 899.999 82.06449890136719
C10 919.999 73.99286651611328
C10 925.012 71.05689239501953
C10 949.965 57.994285583496094
C10 975.002 42.33641052246094
C10 999.976 25.880821228027344
C10 1025.028 11.033567428588867
C10 1050.014 3.8798937797546387
C10 1075.002 0.935376476966118
C10 1099.99 0.09280719473186848
C11 319.994 45.014854431152344
C11 324.969 50.82077407836914
C11 349.982 74.3922119140625
C11 374.975 77.91720581054688
C11 400.019 85.20697784423828
C11 424.965 86.54227447509766
C11 450.035 88.67018127441406
C11 475.003 91.88184356689453
C11 500.018 93.15933990478516
C11 525.002 95.6313247680664
C11 550.029 97.73824310302734
C11 575.023 97.70259094238281
C11 599.982 99.44205474853516
C11 619.997 98.98225402832031
C11 624.979 99.3159408569336
C11 650.012 99.63484954833984
C11 675.004 99.2789535522461
C11 700.03 98.66609954833984
C11 725.012 98.36784362792969
C11 750.022 98.3557357788086
C11 774.987 98.0289306640625
C11 799.976 97.17823028564453
C11 824.988 95.44383239746094
C11 850.022 93.2008056640625
C11 869.967 90.15735626220703
C11 875.002 89.46934509277344
C11 899.999 82.10651397705078
C11 919.999 73.97230529785156
C11 925.012 71.06720733642578
C11 949.965 58.11473846435547
C11 975.002 42.36200714111328
C11 999.976 25.93028450012207
C11 1025.028 10.99032211303711
C11 1050.014 3.848132371902466
C11 1075.002 0.9370304561977802
C11 1099.99 0.09297130103175451
C12 319.994 45.02169418334961
C12 324.969 50.832157135009766
C12 349.982 74.51692962646484
C12 374.975 78.07669830322266
C12 400.019 85.23271942138672
C12 424.965 86.49361419677734
C12 450.035 88.57975769042969
C12 475.003 91.76181030273438
C12 500.018 93.02535247802734
C12 525.002 95.48812866210938
C12 550.029 97.59270477294922
C12 575.023 97.55685424804688
C12 599.982 99.2945785522461
C12 619.997 98.8400650024414
C12 624.979 99.17394256591797
C12 650.012 99.49786376953125
C12 675.004 99.14727020263672
C12 700.03 98.54967498779297
C12 725.012 98.29446411132812
C12 750.022 98.33749389648438
C12 774.987 98.0672836303711
C12 799.976 97.23179626464844
C12 824.988 95.49271392822266
C12 850.022 93.24906158447266
C12 869.967 90.16364288330078
C12 875.002 89.49510955810547
C12 899.999 82.034423828125
C12 919.999 73.79239654541016
C12 925.012 70.8913803100586
C12 949.965 58.10361862182617
C12 975.002 42.56571578979492
C12 999.976 26.05423355102539
C12 1025.028 11.022417068481445
C12 1050.014 3.814602851867676
C12 1075.002 0.9368564704696484
C12 1099.99 0.09295403832764666
C13 319.994 45.06645965576172
C13 324.969 50.88800048828125
C13 349.982 74.68427276611328
C13 374.975 78.26757049560547
C13 400.019 85.29658508300781
C13 424.965 86.4826889038086
C13 450.035 88.52333068847656
C13 475.003 91.67991638183594
C13 500.018 92.92586517333984
C13 525.002 95.37688446044922
C13 550.029 97.47210693359375
C13 575.023 97.43729400634766
C13 599.982 99.17384338378906
C13 619.997 98.72273254394531
C13 624.979 99.0559310913086
C13 650.012 99.38323974609375
C13 675.004 99.03821563720703
C13 700.03 98.45964813232422
C13 725.012 98.24695587158203
C13 750.022 98.35135650634766
C13 774.987 98.13528442382812
C13 799.976 97.31934356689453
C13 824.988 95.5842056274414
C13 850.022 93.34745788574219
C13 869.967 90.18734741210938
C13 875.002 89.52711486816406
C13 899.999 82.13057708740234
C13 919.999 73.74999237060547
C13 925.012 70.79722595214844
C13 949.965 58.006370544433594
C13 975.002 42.806270599365234
C13 999.976 26.12818145751953
C13 1025.028 11.1671781539917
C13 1050.014 3.830047369003296
C13 1075.002 0.9369885375194418
C13 1099.99 0.09296714189899966
C14 319.994 45.1407585144043
C14 324.969 50.97780227661133
C14 349.982 74.89948272705078
C14 374.975 78.50123596191406
C14 400.019 85.41979217529297
C14 424.965 86.54241943359375
C14 450.035 88.54784393310547
C14 475.003 91.68169403076172
C14 500.018 92.9126968383789
C14 525.002 95.35529327392578
C14 550.029 97.4525375366211
C14 575.023 97.41778564453125
C14 599.982 99.15792083740234
C14 619.997 98.70751953125
C14 624.979 99.04182434082031
C14 650.012 99.37071990966797
C14 675.004 99.03116607666016
C14 700.03 98.46797180175781
C14 725.012 98.29966735839844
C14 750.022 98.45629119873047
C14 774.987 98.29181671142578
C14 799.976 97.49269104003906
C14 824.988 95.74890899658203
C14 850.022 93.54766845703125
C14 869.967 90.32315826416016
C14 875.002 89.64005279541016
C14 899.999 82.17539978027344
C14 919.999 73.8685531616211
C14 925.012 70.91883850097656
C14 949.965 57.98318099975586
C14 975.002 42.92084503173828
C14 999.976 26.198774337768555
C14 1025.028 11.247469902038574
C14 1050.014 3.8692400455474854
C14 1075.002 0.9379882440252173
C14 1099.99 0.09306633186009121
C15 319.994 45.30763626098633
C15 324.969 51.16759490966797
C15 349.982 75.26324462890625
C15 374.975 78.85829162597656
C15 400.019 85.62796020507812
C15 424.965 86.66450500488281
C15 450.035 88.62322235107422
C15 475.003 91.73030853271484
C15 500.018 92.94794464111328
C15 525.002 95.3812255859375
C15 550.029 97.4740982055664
C15 575.023 97.43960571289062
C15 599.982 99.17916870117188
C15 619.997 98.72891998291016
C15 624.979 99.06268310546875
C15 650.012 99.39457702636719
C15 675.004 99.05768585205078
C15 700.03 98.50698852539062
C15 725.012 98.36717224121094
C15 750.022 98.56095886230469
C15 774.987 98.43234252929688
C15 799.976 97.64105987548828
C15 824.988 95.88127899169922
C15 850.022 93.70635223388672
C15 869.967 90.45072174072266
C15 875.002 89.74789428710938
C15 899.999 82.09635925292969
C15 919.999 73.85261535644531
C15 925.012 70.93740844726562
C15 949.965 57.88838577270508
C15 975.002 43.01079559326172
C15 999.976 26.092910766601562
C15 1025.028 11.225298881530762
C15 1050.014 3.910855531692505
C15 1075.002 0.9389854068927023
C15 1099.99 0.09316526944372838
C16 319.994 45.48695755004883
C16 324.969 51.373775482177734
C16 349.982 75.62171173095703
C16 374.975 79.2003402709961
C16 400.019 85.85298919677734
C16 424.965 86.82556915283203
C16 450.035 88.75060272216797
C16 475.003 91.8395004272461
C16 500.018 93.04710388183594
C16 525.002 95.47462463378906
C16 550.029 97.56710815429688
C16 575.023 97.52982330322266
C16 599.982 99.27074432373047
C16 619.997 98.82027435302734
C16 624.979 99.15441131591797
C16 650.012 99.48287963867188
C16 675.004 99.14906311035156
C16 700.03 98.60054779052734
C16 725.012 98.46784973144531
C16 750.022 98.66568756103516
C16 774.987 98.53598022460938
C16 799.976 97.73912811279297
C16 824.988 95.95748901367188
C16 850.022 93.76946258544922
C16 869.967 90.55977630615234
C16 875.002 89.85836029052734
C16 899.999 82.02080535888672
C16 919.999 73.63516235351562
C16 925.012 70.75852966308594
C16 949.965 57.72233200073242
C16 975.002 42.985008239746094
C16 999.976 25.968246459960938
C16 1025.028 11.161633491516113
C16 1050.014 3.897531270980835
C16 1075.002 0.9399831519691503
C16 1099.99 0.09326426479360397
C17 319.994 45.73798370361328
C17 324.969 51.65711212158203
C17 349.982 76.05924987792969
C17 374.975 79.61863708496094
C17 400.019 86.19318389892578
C17 424.965 87.11591339111328
C17 450.035 89.02408599853516
C17 475.003 92.10489654541016
C17 500.018 93.30420684814453
C17 525.002 95.7352523803711
C17 550.029 97.82701873779297
C17 575.023 97.78990173339844
C17 599.982 99.53136444091797
C17 619.997 99.07858276367188
C17 624.979 99.41299438476562
C17 650.012 99.74563598632812
C17 675.004 99.40568542480469
C17 700.03 98.84659576416016
C17 725.012 98.67506408691406
C17 750.022 98.82036590576172
C17 774.987 98.6347427368164
C17 799.976 97.81543731689453
C17 824.988 96.0213394165039
C17 850.022 93.81086730957031
C17 869.967 90.5775375366211
C17 875.002 89.90745544433594
C17 899.999 82.1494369506836
C17 919.999 73.60487365722656
C17 925.012 70.7328109741211
C17 949.965 57.68049240112305
C17 975.002 43.027462005615234
C17 999.976 25.983657836914062
C17 1025.028 11.208333969116211
C17 1050.014 3.9064252376556396
C17 1075.002 0.941456766115767
C17 1099.99 0.0934104754354498
