lsstCam/transmission_sensor/r34_s12/19700101T000000.ecsv
# %ECSV 1.0
# ---
# datatype:
# - {name: amp_name, datatype: string}
# - {name: wavelength, unit: nm, datatype: float32}
# - {name: efficiency, unit: '%', datatype: float64}
# meta: !!omap
# - {MODE: AMP}
# - {TYPE: transmission_sensor}
# - {CALIBDATE: '1970-01-01T00:00:00'}
# - {INSTRUME: LSSTCam}
# - {OBSTYPE: transmission_sensor}
# - {DETECTOR: 158}
# - {PARQUETFILE: qe_raft_allvalues_nircorrected_20230725_adjust.parquet}
# - {CORRFILE: qe_corr_factor_bydetnum.parquet}
# - {CALIBCLS: lsst.ip.isr.IntermediateSensorTransmissionCurve}
# - {CALIB_ID: 'raftName=R34 detectorName=S12 detector=158 calibDate=1970-01-01T00:00:00 ccd=158 ccdnum=158 filter=None'}
# - {DATE: '2025-03-03T21:56:48.274097'}
# - {CALIB_CREATION_DATE: '2025-03-03'}
# - {CALIB_CREATION_TIME: '21:56:48'}
# - __serialized_columns__:
#     efficiency:
#       __class__: astropy.units.quantity.Quantity
#       unit: !astropy.units.Unit {unit: '%'}
#       value: !astropy.table.SerializedColumn {name: efficiency}
#     wavelength:
#       __class__: astropy.units.quantity.Quantity
#       unit: !astropy.units.Unit {unit: nm}
#       value: !astropy.table.SerializedColumn {name: wavelength}
# schema: astropy-2.0
amp_name wavelength efficiency
C00 319.994 45.909974597043956
C00 324.969 51.82823096360838
C00 349.982 75.66464450745414
C00 374.975 78.84243218052994
C00 400.019 85.67778428926593
C00 424.965 86.81175423439885
C00 450.035 88.84447114037208
C00 475.003 92.00291057666782
C00 500.018 93.2445394213289
C00 525.002 95.68821562310573
C00 550.029 97.77108840786136
C00 575.023 97.71004533117474
C00 599.982 99.42555338832915
C00 619.997 98.95170469355945
C00 624.979 99.28020510012058
C00 650.012 99.57822593020839
C00 675.004 99.20247645804044
C00 700.03 98.56927946934789
C00 725.012 98.23103627951856
C00 750.022 98.16694143046917
C00 774.987 97.79724209701043
C00 799.976 96.94403520925377
C00 824.988 95.259472123858
C00 850.022 93.08543526919507
C00 869.967 90.09618609269216
C00 875.002 89.50193734877968
C00 899.999 82.16427113856011
C00 919.999 74.17616542579825
C00 925.012 71.36417081755684
C00 949.965 58.19015781099001
C00 975.002 42.95751835108989
C00 999.976 26.147839282923567
C00 1025.028 11.185927317720466
C00 1050.014 3.9016890584634973
C00 1075.002 0.9352325403186251
C00 1099.99 0.0927929134699361
C01 319.994 46.034254211802946
C01 324.969 51.96551112863283
C01 349.982 75.85711216094411
C01 374.975 79.03695978036478
C01 400.019 85.80437180687427
C01 424.965 86.89522020852102
C01 450.035 88.90671203771109
C01 475.003 92.04930514601305
C01 500.018 93.27900156073565
C01 525.002 95.71143198135562
C01 550.029 97.78985680789248
C01 575.023 97.72541100502136
C01 599.982 99.43534957761369
C01 619.997 98.96317172821261
C01 624.979 99.28742254175857
C01 650.012 99.58877743315273
C01 675.004 99.21611788050208
C01 700.03 98.59410563751915
C01 725.012 98.28922594904597
C01 750.022 98.27748425488016
C01 774.987 97.9523560567799
C01 799.976 97.10986851944753
C01 824.988 95.40632340995523
C01 850.022 93.23456012570259
C01 869.967 90.209612841986
C01 875.002 89.56486489490031
C01 899.999 82.16430928571464
C01 919.999 74.20078559933502
C01 925.012 71.35030814159889
C01 949.965 58.32371862844731
C01 975.002 42.81125453117249
C01 999.976 26.098366238207362
C01 1025.028 11.089980548313354
C01 1050.014 3.8787583270331862
C01 1075.002 0.9362849520404034
C01 1099.99 0.09289733279414017
C02 319.994 46.06041553038292
C02 324.969 51.99614329372429
C02 349.982 75.94829911914415
C02 374.975 79.12936744750994
C02 400.019 85.82551295991746
C02 424.965 86.878000582964
C02 450.035 88.86722973276756
C02 475.003 91.99510566884999
C02 500.018 93.21377755591202
C02 525.002 95.64287391522565
C02 550.029 97.71128892841257
C02 575.023 97.64981860359516
C02 599.982 99.35905526854405
C02 619.997 98.8861449937759
C02 624.979 99.21385956895362
C02 650.012 99.5144744055498
C02 675.004 99.14530913225455
C02 700.03 98.53557264360093
C02 725.012 98.27357035682489
C02 750.022 98.31317473266293
C02 774.987 98.03942312229017
C02 799.976 97.21460534693833
C02 824.988 95.49150600603149
C02 850.022 93.31509639835649
C02 869.967 90.26652076712104
C02 875.002 89.59999842422688
C02 899.999 82.12247711605175
C02 919.999 74.07889018173447
C02 925.012 71.22473533830117
C02 949.965 58.37680802341342
C02 975.002 42.798257795622476
C02 999.976 26.13364663407889
C02 1025.028 11.066807105612314
C02 1050.014 3.8580596809825938
C02 1075.002 0.9366247830666424
C02 1099.99 0.09293105051636726
C03 319.994 46.000436759307824
C03 324.969 51.931563975812296
C03 349.982 75.8981661286545
C03 374.975 79.11747316472598
C03 400.019 85.79742139531803
C03 424.965 86.83226977410767
C03 450.035 88.80663679250445
C03 475.003 91.92571599475116
C03 500.018 93.13431703301599
C03 525.002 95.55647061020429
C03 550.029 97.62841042047022
C03 575.023 97.56793955110163
C03 599.982 99.27896913231365
C03 619.997 98.80565449770744
C03 624.979 99.13166770979291
C03 650.012 99.43869889778185
C03 675.004 99.06988457830832
C03 700.03 98.47869523618951
C03 725.012 98.25796054118923
C03 750.022 98.3485218860549
C03 774.987 98.13108310520643
C03 799.976 97.3216233742703
C03 824.988 95.58939160456784
C03 850.022 93.4193983482856
C03 869.967 90.34997911181232
C03 875.002 89.67717774728173
C03 899.999 82.10556266773102
C03 919.999 73.91772608325577
C03 925.012 71.05337069069985
C03 949.965 58.36307123306543
C03 975.002 42.81979567907283
C03 999.976 26.188078808884622
C03 1025.028 11.082110790332822
C03 1050.014 3.83864802455812
C03 1075.002 0.9369615325363465
C03 1099.99 0.09296446248938592
C04 319.994 46.03698554806763
C04 324.969 51.97658143287883
C04 349.982 76.04604738792416
C04 374.975 79.2619974743966
C04 400.019 85.80540178004671
C04 424.965 86.7705171603467
C04 450.035 88.70596645168706
C04 475.003 91.79980749649353
C04 500.018 92.99781888465951
C04 525.002 95.41155719955742
C04 550.029 97.48191771762562
C04 575.023 97.41641142385842
C04 599.982 99.12850149596652
C04 619.997 98.66020702689708
C04 624.979 98.9854038898755
C04 650.012 99.2931522443697
C04 675.004 98.93530141710947
C04 700.03 98.35895894753563
C04 725.012 98.18165097325779
C04 750.022 98.32973059773104
C04 774.987 98.16039537875099
C04 799.976 97.37355691045401
C04 824.988 95.62972840577295
C04 850.022 93.4746277986211
C04 869.967 90.37665160226307
C04 875.002 89.69885296048841
C04 899.999 82.0778220569533
C04 919.999 73.8348246870207
C04 925.012 70.98679627660569
C04 949.965 58.36695079868162
C04 975.002 42.95412325433629
C04 999.976 26.28522435262299
C04 1025.028 11.127442007745408
C04 1050.014 3.8433870932499237
C04 1075.002 0.9367825075878724
C04 1099.99 0.09294669979846515
C05 319.994 46.18864337563626
C05 324.969 52.15180657251907
C05 349.982 76.37727913075
C05 374.975 79.5941905255167
C05 400.019 86.02261167796796
C05 424.965 86.92175536921545
C05 450.035 88.82187276602565
C05 475.003 91.89931816381306
C05 500.018 93.08363472350104
C05 525.002 95.49500028538688
C05 550.029 97.56154608800159
C05 575.023 97.49608557081984
C05 599.982 99.21108245610348
C05 619.997 98.74310079370125
C05 624.979 99.06947258903934
C05 650.012 99.37765582109523
C05 675.004 99.02248292408335
C05 700.03 98.46029304884192
C05 725.012 98.31250334274313
C05 750.022 98.49744837735882
C05 774.987 98.36701562657338
C05 799.976 97.58890522723397
C05 824.988 95.84148326059572
C05 850.022 93.67846330416245
C05 869.967 90.54874104580054
C05 875.002 89.85476038107221
C05 899.999 82.2113676155488
C05 919.999 73.9529359068914
C05 925.012 70.965777194457
C05 949.965 58.31973988022933
C05 975.002 43.21181109793444
C05 999.976 26.3139415305568
C05 1025.028 11.225360031363108
C05 1050.014 3.866037443094404
C05 1075.002 0.9383803458188699
C05 1099.99 0.09310523583984091
C06 319.994 46.31295350811887
C06 324.969 52.29597611365251
C06 349.982 76.65188523738433
C06 374.975 79.89639228374152
C06 400.019 86.29297582101803
C06 424.965 87.15843557481128
C06 450.035 89.04576604542142
C06 475.003 92.11636784368527
C06 500.018 93.29912037003731
C06 525.002 95.71095895663939
C06 550.029 97.78135762186213
C06 575.023 97.71942190175939
C06 599.982 99.43747818883674
C06 619.997 98.97068671765597
C06 624.979 99.3008198224312
C06 650.012 99.61107825969378
C06 675.004 99.26019310285162
C06 700.03 98.70241303867441
C06 725.012 98.56056665925213
C06 750.022 98.74997491094842
C06 774.987 98.62019829122097
C06 799.976 97.83748734504465
C06 824.988 96.08952368881202
C06 850.022 93.93721545337213
C06 869.967 90.79399673173579
C06 875.002 90.07608254225232
C06 899.999 82.3696783068683
C06 919.999 74.18167387491307
C06 925.012 71.06269385526817
C06 949.965 58.293013983762236
C06 975.002 43.54791804710982
C06 999.976 26.3363453544151
C06 1025.028 11.340206808484496
C06 1050.014 3.8975186207939783
C06 1075.002 0.9407861535952058
C06 1099.99 0.09334393787723877
C07 319.994 46.28146303205038
C07 324.969 52.26675157856339
C07 349.982 76.69776863485882
C07 374.975 79.95831274498244
C07 400.019 86.27906736847464
C07 424.965 87.10452601602266
C07 450.035 88.96242214219374
C07 475.003 92.01607897441323
C07 500.018 93.19282713864149
C07 525.002 95.60044664995202
C07 550.029 97.67127256330555
C07 575.023 97.61148834271857
C07 599.982 99.33169612931168
C07 619.997 98.86754444122472
C07 624.979 99.19595329461498
C07 650.012 99.51220083513954
C07 675.004 99.16167426154999
C07 700.03 98.59553234109875
C07 725.012 98.41551591884894
C07 750.022 98.55842278916728
C07 774.987 98.37223415731374
C07 799.976 97.57093791744806
C07 824.988 95.84139933685574
C07 850.022 93.7070126346163
C07 869.967 90.52728708609015
C07 875.002 89.87190371232016
C07 899.999 82.28080306623306
C07 919.999 73.95364544396575
C07 925.012 71.21676258300339
C07 949.965 58.18966952741196
C07 975.002 43.145568564084726
C07 999.976 26.415893615766556
C07 1025.028 11.350307221326451
C07 1050.014 3.9580088021595556
C07 1075.002 0.9389612469703349
C07 1099.99 0.09316287231842633
C10 319.994 44.802158341060114
C10 324.969 50.58693399919175
C10 349.982 73.99528687785596
C10 374.975 77.50130792741113
C10 400.019 84.92928371127644
C10 424.965 86.35178347444891
C10 450.035 88.52542359870468
C10 475.003 91.7635142936691
C10 500.018 93.06684234607481
C10 525.002 95.54900139734636
C10 550.029 97.66405512166756
C10 575.023 97.63349925088517
C10 599.982 99.3739097705199
C10 619.997 98.91567852081677
C10 624.979 99.24815386088042
C10 650.012 99.56768205669498
C10 675.004 99.20360561381466
C10 700.03 98.57889255229067
C10 725.012 98.24431148929668
C10 750.022 98.18252072838118
C10 774.987 97.80892275572899
C10 799.976 96.9407850716874
C10 824.988 95.22994622624805
C10 850.022 93.00605104060811
C10 869.967 89.96650865556651
C10 875.002 89.28112635947033
C10 899.999 82.06489017156599
C10 919.999 73.99321930208018
C10 925.012 71.05723118273878
C10 949.965 57.994562090828175
C10 975.002 42.33661237558846
C10 999.976 25.88094462357844
C10 1025.028 11.033620034845887
C10 1050.014 3.879912278457865
C10 1075.002 0.9353809366892017
C10 1099.99 0.09280763722149578
C11 319.994 45.01506905466529
C11 324.969 50.82101638356376
C11 349.982 74.39256660404337
C11 374.975 77.91757730712598
C11 400.019 85.20738409726617
C11 424.965 86.54268709460295
C11 450.035 88.67060403943329
C11 475.003 91.88228164459781
C11 500.018 93.15978407338343
C11 525.002 95.63178072268693
C11 550.029 97.73870910309219
C11 575.023 97.70305677246395
C11 599.982 99.44252887209714
C11 619.997 98.98272595962716
C11 624.979 99.31641437920503
C11 650.012 99.63532459111612
C11 675.004 99.27942689816807
C11 700.03 98.66656997227349
C11 725.012 98.36831262982756
C11 750.022 98.3562047229782
C11 774.987 98.02939805007841
C11 799.976 97.17869361565926
C11 824.988 95.4442874581483
C11 850.022 93.20125003036279
C11 869.967 90.157786117835
C11 875.002 89.46977166807592
C11 899.999 82.10690544757064
C11 919.999 73.9726579857859
C11 925.012 71.067546173325
C11 949.965 58.11501554598732
C11 975.002 42.36220911628133
C11 999.976 25.93040813150601
C11 1025.028 10.99037451310749
C11 1050.014 3.848150719172459
C11 1075.002 0.9370349238067682
C11 1099.99 0.09297174430381398
C12 319.994 45.02190883947338
C12 324.969 50.832399494476945
C12 349.982 74.5172849110795
C12 374.975 78.07707056023607
C12 400.019 85.23312579714627
C12 424.965 86.49402658427834
C12 450.035 88.58018002432395
C12 475.003 91.76224780813855
C12 500.018 93.02579600779534
C12 525.002 95.48858393399412
C12 550.029 97.59317007911096
C12 575.023 97.55731938327914
C12 599.982 99.29505197266553
C12 619.997 98.84053625581407
C12 624.979 99.17441541116462
C12 650.012 99.49833815918157
C12 675.004 99.14774292071388
C12 700.03 98.55014485663322
C12 725.012 98.29493276336439
C12 750.022 98.33796275367966
C12 774.987 98.06775119924772
C12 799.976 97.23225985005705
C12 824.988 95.49316922196921
C12 850.022 93.24950618084932
C12 869.967 90.16407276890233
C12 875.002 89.49553625624874
C12 899.999 82.03481495493075
C12 919.999 73.79274837556879
C12 925.012 70.8917183086431
C12 949.965 58.10389565044042
C12 975.002 42.56591873621271
C12 999.976 26.054357773378268
C12 1025.028 11.02246962157536
C12 1050.014 3.8146210392743645
C12 1075.002 0.9368609372491007
C12 1099.99 0.09295448151740038
C13 319.994 45.066674525319996
C13 324.969 50.88824311400047
C13 349.982 74.68462884859285
C13 374.975 78.26794366266648
C13 400.019 85.29699176326847
C13 424.965 86.48310123921956
C13 450.035 88.52375275333605
C13 475.003 91.6803534967832
C13 500.018 92.92630822876853
C13 525.002 95.37733920193968
C13 550.029 97.47257166476459
C13 575.023 97.43775857153611
C13 599.982 99.17431622856283
C13 619.997 98.72320323789589
C13 624.979 99.0564033738957
C13 650.012 99.38371358923536
C13 675.004 99.03868783532974
C13 700.03 98.46011757193105
C13 725.012 98.24742429710672
C13 750.022 98.35182542963761
C13 774.987 98.1357523169215
C13 799.976 97.31980756971446
C13 824.988 95.58466135740551
C13 850.022 93.34790295125644
C13 869.967 90.18777741073026
C13 875.002 89.52754171890345
C13 899.999 82.1309686726512
C13 919.999 73.7503439985879
C13 925.012 70.79756350182028
C13 949.965 58.00664710938481
C13 975.002 42.80647469270927
C13 999.976 26.128306032444016
C13 1025.028 11.16723139728295
C13 1050.014 3.830065630046933
C13 1075.002 0.9369930049285683
C13 1099.99 0.09296758515122906
C14 319.994 45.140973738207464
C14 324.969 50.97804533049088
C14 349.982 74.89983983561648
C14 374.975 78.50161024305406
C14 400.019 85.42019944298502
C14 424.965 86.54283205379019
C14 450.035 88.54826611484012
C14 475.003 91.68213115418452
C14 500.018 92.91313983102312
C14 525.002 95.35574791247298
C14 550.029 97.45300217448822
C14 575.023 97.418250116707
C14 599.982 99.15839360625999
C14 619.997 98.70799015266739
C14 624.979 99.04229655614873
C14 650.012 99.37119369311704
C14 675.004 99.0316382411717
C14 700.03 98.46844128105054
C14 725.012 98.30013603524293
C14 750.022 98.45676062233198
C14 774.987 98.29228535083966
C14 799.976 97.49315586935157
C14 824.988 95.74936551182505
C14 850.022 93.54811447711698
C14 869.967 90.32358891030513
C14 875.002 89.64048018461924
C14 899.999 82.17579157922962
C14 919.999 73.8689053548821
C14 925.012 70.91917663047727
C14 949.965 57.98345745414309
C14 975.002 42.9210496713546
C14 999.976 26.198899249268422
C14 1025.028 11.247523528147838
C14 1050.014 3.8692584934554373
C14 1075.002 0.9379927162007821
C14 1099.99 0.09306677558524223
C15 319.994 45.307852280435476
C15 324.969 51.167838868447966
C15 349.982 75.2636034718296
C15 374.975 78.85866760949996
C15 400.019 85.62836846528153
C15 424.965 86.66491820716342
C15 450.035 88.62364489220093
C15 475.003 91.7307458879237
C15 500.018 92.94838780181328
C15 525.002 95.38168034812574
C15 550.029 97.4745629462313
C15 575.023 97.44007028910092
C15 599.982 99.17964157133589
C15 619.997 98.72939070636143
C15 624.979 99.06315542024836
C15 650.012 99.3950509235631
C15 675.004 99.0581581430043
C15 700.03 98.50745819070876
C15 725.012 98.36764123990774
C15 750.022 98.56142878494462
C15 774.987 98.43281183871503
C15 799.976 97.6415254121993
C15 824.988 95.88173613806086
C15 850.022 93.70679901055091
C15 869.967 90.45115299506956
C15 875.002 89.74832219048916
C15 899.999 82.09675067503348
C15 919.999 73.85296747371746
C15 925.012 70.93774666530483
C15 949.965 57.88866177512407
C15 975.002 43.0110006617477
C15 999.976 26.093035173361123
C15 1025.028 11.2253524019322
C15 1050.014 3.9108741780163343
C15 1075.002 0.9389898838225775
C15 1099.99 0.09316571364059774
C16 319.994 45.487174424472755
C16 324.969 51.3740204239932
C16 349.982 75.62207228299329
C16 374.975 79.20071788535185
C16 400.019 85.85339852988241
C16 424.965 86.82598312304033
C16 450.035 88.7510258706236
C16 475.003 91.83993830306416
C16 500.018 93.0475475153111
C16 525.002 95.47507984128879
C16 550.029 97.5675733384181
C16 575.023 97.53028830957577
C16 599.982 99.27121763051218
C16 619.997 98.82074551204141
C16 624.979 99.15488406804279
C16 650.012 99.48335395688031
C16 675.004 99.14953583697701
C16 700.03 98.60101790192086
C16 725.012 98.46831921015604
C16 750.022 98.66615798300451
C16 774.987 98.53645002815523
C16 799.976 97.7395941170774
C16 824.988 95.95794652339053
C16 850.022 93.76990966301332
C16 869.967 90.5602080804537
C16 875.002 89.8587887205911
C16 899.999 82.02119642076181
C16 919.999 73.63551343400718
C16 925.012 70.75886702826016
C16 949.965 57.722607211434
C16 975.002 42.98521318528216
C16 999.976 25.968370272341335
C16 1025.028 11.161686708371315
C16 1050.014 3.897549853776754
C16 1075.002 0.939987633656112
C16 1099.99 0.09326470946246708
C17 319.994 45.73820177488913
C17 324.969 51.65735841430057
C17 349.982 76.05961251607675
C17 374.975 79.61901669368795
C17 400.019 86.19359485402393
C17 424.965 87.11632874563574
C17 450.035 89.0245104509146
C17 475.003 92.1053356865938
C17 500.018 93.30465170744486
C17 525.002 95.73570883050158
C17 550.029 97.82748516112562
C17 575.023 97.79036797976325
C17 599.982 99.53183899029406
C17 619.997 99.07905515425848
C17 624.979 99.41346836977252
C17 650.012 99.74611155731613
C17 675.004 99.40615937496365
C17 700.03 98.84706704867044
C17 725.012 98.67553455358917
C17 750.022 98.8208370652123
C17 774.987 98.63521301124587
C17 799.976 97.81590368500885
C17 824.988 96.0217972306509
C17 850.022 93.81131458454541
C17 869.967 90.57796939560511
C17 875.002 89.9078841084774
C17 899.999 82.14982862585322
C17 919.999 73.60522459330653
C17 925.012 70.73314821667277
C17 949.965 57.68076741234022
C17 975.002 43.02766715356397
C17 999.976 25.9837817227734
C17 1025.028 11.208387408631703
C17 1050.014 3.9064438628565465
C17 1075.002 0.9414612548286816
C17 1099.99 0.09341092080142148
