lsstCam/transmission_filter_detector/r14_s22/u_24/19700101T000000.ecsv
# %ECSV 1.0
# ---
# datatype:
# - {name: wavelength, unit: nm, datatype: float32}
# - {name: efficiency, unit: '%', datatype: float64}
# meta: !!omap
# - {MODE: DETECTOR}
# - {TYPE: transmission_filter_detector}
# - {CALIBDATE: '1970-01-01T00:00:00'}
# - {INSTRUME: LSSTCam}
# - {OBSTYPE: transmission_filter_detector}
# - {CALIBCLS: lsst.ip.isr.IntermediateFilterDetectorTransmissionCurve}
# - {SOURCE: Materion (DM-46256)}
# - {DETECTOR: 71}
# - {FILTER: u_24}
# - {CALIB_ID: 'calibDate=1970-01-01T00:00:00 filter=u_24 detector=71'}
# - {DATE: '2025-04-02T15:59:40.078108'}
# - {CALIB_CREATION_DATE: '2025-04-02'}
# - {CALIB_CREATION_TIME: '15:59:40'}
# - __serialized_columns__:
#     efficiency:
#       __class__: astropy.units.quantity.Quantity
#       unit: !astropy.units.Unit {unit: '%'}
#       value: !astropy.table.SerializedColumn {name: efficiency}
#     wavelength:
#       __class__: astropy.units.quantity.Quantity
#       unit: !astropy.units.Unit {unit: nm}
#       value: !astropy.table.SerializedColumn {name: wavelength}
# schema: astropy-2.0
wavelength efficiency
[from data line 587]
882.0 0.003405133611522615
883.0 0.003188430127920583
884.0 0.0029717270081164315
885.0 0.002789100290101487
886.0 0.002606473572086543
887.0 0.002366212720517069
888.0 0.0021259524146444164
889.0 0.002131464862031862
890.0 0.0021369771275203675
891.0 0.0024886407118174247
892.0 0.002840304296114482
893.0 0.002622915417305194
894.0 0.002405526174698025
895.0 0.0028217542421771213
896.0 0.003237981945858337
897.0 0.0038009970012353733
898.0 0.00436401205661241
899.0 0.004404244828037918
900.0 0.004444476871867664
901.0 0.00437872986367438
902.0 0.004312983219278976
903.0 0.004737976269097999
904.0 0.0051629689551191404
905.0 0.0051385301048867404
906.0 0.00511409089085646
907.0 0.005625136327580549
908.0 0.006136181764304638
909.0 0.006055816629668698
910.0 0.0059754514950327575
911.0 0.00607574729656335
912.0 0.006176043825689703
913.0 0.00599418708588928
914.0 0.005812329982290976
915.0 0.005228957888903096
916.0 0.004645585795515217
917.0 0.004106183041585609
918.0 0.0035667806514538825
919.0 0.003978357563028112
920.0 0.004389934838400222
921.0 0.004496414112509228
922.0 0.004602893750416115
923.0 0.005560204590437934
924.0 0.00651751397526823
925.0 0.006721188401570544
926.0 0.0069248628278728575
927.0 0.0075159521657042205
928.0 0.008107038593152538
929.0 0.00793398212408647
930.0 0.0077609249274246395
931.0 0.007253358489833772
932.0 0.006745789869455621
933.0 0.00681241654092446
934.0 0.006879043212393299
935.0 0.006889866926940158
936.0 0.006900691369082779
937.0 0.007085575634846464
938.0 0.007270462083397433
939.0 0.007216485391836613
940.0 0.007162509427871555
941.0 0.006360890256473795
942.0 0.005559269993682392
943.0 0.00449555300292559
944.0 0.003431836375966668
945.0 0.002605823283374775
946.0 0.0017798101907828823
947.0 0.0015244417227222584
948.0 0.001269073436560575
949.0 0.001289700321649434
950.0 0.0013103272067382932
951.0 0.0014797335097682662
952.0 0.0016491398127982393
953.0 0.0015717434507678263
954.0 0.0014943472706363536
955.0 0.0021037016267655417
956.0 0.0027130558009957895
957.0 0.002766265060927253
958.0 0.0028194739570608363
959.0 0.0031729261536384
960.0 0.003526378350215964
961.0 0.0038820227928226814
962.0 0.004237666871631518
963.0 0.004506969708018005
964.0 0.004776272544404492
965.0 0.004716414332506247
966.0 0.004656556848203763
967.0 0.00476206187158823
968.0 0.004867567258770578
969.0 0.00469976948807016
970.0 0.004531971717369743
971.0 0.004763441029353999
972.0 0.0049949103413382545
973.0 0.004909766721539199
974.0 0.004824622374144383
975.0 0.004490246647037566
976.0 0.004155870556132868
977.0 0.00380926467187237
978.0 0.0034626584238139912
979.0 0.003328072853037156
980.0 0.003193487282260321
981.0 0.00309925053443294
982.0 0.0030050132409087382
983.0 0.0029861445000278763
984.0 0.002967275577248074
985.0 0.003322325210319832
986.0 0.0036773755709873512
987.0 0.004072138835908845
988.0 0.004466901737032458
989.0 0.005541076097870246
990.0 0.0066152497311122715
991.0 0.006742230470990762
992.0 0.006869210483273491
993.0 0.00752205669414252
994.0 0.008174902177415788
995.0 0.007627993181813508
996.0 0.007081081275828183
997.0 0.006963667692616582
998.0 0.00684625847497955
999.0 0.0066172236984129995
1000.0 0.006388191104633734
1001.0 0.005742795838159509
1002.0 0.005097399480291642
1003.0 0.004735450056614354
1004.0 0.0043735002691391855
1005.0 0.004656783858081326
1006.0 0.004940066355629824
1007.0 0.00488017794850748
1008.0 0.004820286994799972
1009.0 0.004232455466990359
1010.0 0.0036446239391807467
1011.0 0.0035724893677979708
1012.0 0.003500354796415195
1013.0 0.0030820388928987086
1014.0 0.0026637235350790434
1015.0 0.002364232568652369
1016.0 0.002064741602225695
1017.0 0.0016605570635874756
1018.0 0.001256372343050316
1019.0 0.0012220953067298979
1020.0 0.0011878179975610692
1021.0 0.0010830091014213394
1022.0 0.0009782002052816097
1023.0 0.0009735026651469525
1024.0 0.0009688052159617655
1025.0 0.0012293712643440813
1026.0 0.0014899374946253374
1027.0 0.0013739811038249172
1028.0 0.0012580246220750269
1029.0 0.0012291626262594946
1030.0 0.0012003009032923728
1031.0 0.0021031433789175935
1032.0 0.003005985854542814
1033.0 0.0026433326638652943
1034.0 0.002280679291288834
1035.0 0.0026527759473538026
1036.0 0.0030248722396208905
1037.0 0.0028856929930043407
1038.0 0.0027465141101856716
1039.0 0.0026302121113985777
1040.0 0.002513910658308305
1041.0 0.0020144765585428104
1042.0 0.001515042549726786
1043.0 0.0015867070032982156
1044.0 0.0016583715478191152
1045.0 0.001336211607849691
1046.0 0.001014051758829737
1047.0 0.001387328939017607
1048.0 0.0017606063920538872
1049.0 0.001471771793148946
1050.0 0.0011829365575977135
1051.0 0.0013606071661342867
1052.0 0.0015382776837213896
1053.0 0.0011536838428582996
1054.0 0.0007690897291467991
1055.0 0.00035828013551508775
1056.0 1.729146448421759e-10
1057.0 0.000620302535025985
1058.0 0.001293134300794918
1059.0 0.0006273230610531755
1060.0 1.729146448421759e-10
1061.0 0.0012974278433830477
1062.0 0.0026333436835557222
1063.0 0.002454097557347268
1064.0 0.0022748514311388135
1065.0 0.0013053779184701853
1066.0 0.0003359045649631298
1067.0 0.000476715058539412
1068.0 0.0006175248017825652
1069.0 0.0018336839275434613
1070.0 0.0030498425985570066
1071.0 0.0018069587895297445
1072.0 0.000564075207876158
1073.0 0.0008867471478879452
1074.0 0.001209419406222878
1075.0 0.002579395550128538
1076.0 0.003949371239286847
1077.0 0.004686512329499237
1078.0 0.005423653055913746
1079.0 0.006235991168068722
1080.0 0.007048326369840652
1081.0 0.0050569513405207545
1082.0 0.003065576311200857
1083.0 0.0026760231776279397
1084.0 0.002286469862156082
1085.0 0.0031372303055832162
1086.0 0.00398799056711141
1087.0 0.004094234100193717
1088.0 0.004200477269478142
1089.0 0.005606901686405763
1090.0 0.007013326830929145
1091.0 0.004786731005879119
1092.0 0.002560135726525914
1093.0 0.002165325167879928
1094.0 0.0017705146092339419
1095.0 0.0019480583432596177
1096.0 0.002125602441083174
1097.0 0.0026311097826692276
1098.0 0.003136617669952102
1099.0 0.003048071448574774
1100.0 0.002959525772894267
