lsstCam/transmission_filter_detector/r14_s22/u_24/19700101T000000.ecsv
# %ECSV 1.0
# ---
# datatype:
# - {name: wavelength, unit: nm, datatype: float32}
# - {name: efficiency, unit: '%', datatype: float64}
# meta: !!omap
# - {MODE: DETECTOR}
# - {TYPE: transmission_filter_detector}
# - {CALIBDATE: '1970-01-01T00:00:00'}
# - {INSTRUME: LSSTCam}
# - {OBSTYPE: transmission_filter_detector}
# - {CALIBCLS: lsst.ip.isr.IntermediateFilterDetectorTransmissionCurve}
# - {SOURCE: Materion (DM-46256)}
# - {DETECTOR: 71}
# - {FILTER: u_24}
# - {CALIB_ID: 'calibDate=1970-01-01T00:00:00 filter=u_24 detector=71'}
# - {DATE: '2025-04-02T15:59:40.078108'}
# - {CALIB_CREATION_DATE: '2025-04-02'}
# - {CALIB_CREATION_TIME: '15:59:40'}
# - __serialized_columns__:
#     efficiency:
#       __class__: astropy.units.quantity.Quantity
#       unit: !astropy.units.Unit {unit: '%'}
#       value: !astropy.table.SerializedColumn {name: efficiency}
#     wavelength:
#       __class__: astropy.units.quantity.Quantity
#       unit: !astropy.units.Unit {unit: nm}
#       value: !astropy.table.SerializedColumn {name: wavelength}
# schema: astropy-2.0
wavelength efficiency
295.0 1.729146448421759e-10
296.0 1.729146448421759e-10
297.0 1.729146448421759e-10
298.0 1.729146448421759e-10
299.0 1.729146448421759e-10
300.0 1.729146448421759e-10
301.0 1.729146448421759e-10
302.0 1.729146448421759e-10
303.0 0.024885591119527817
304.0 0.49244528636336327
305.0 1.5789421275258064
306.0 3.0772218480706215
307.0 5.401499941945076
308.0 8.26670452952385
309.0 12.077249586582184
310.0 15.929234027862549
311.0 19.74884271621704
312.0 23.115044832229614
313.0 26.12561285495758
314.0 28.770625591278076
315.0 31.348270177841187
316.0 33.62031579017639
317.0 37.18355596065521
318.0 41.138359904289246
319.0 46.39862775802612
320.0 52.77072787284851
321.0 58.252573013305664
322.0 63.89082074165344
323.0 68.38141083717346
324.0 71.57947421073914
325.0 74.0835189819336
326.0 76.15418434143066
327.0 77.64942646026611
328.0 79.3808102607727
329.0 80.52128553390503
330.0 81.36116862297058
331.0 81.64370656013489
332.0 81.75945281982422
333.0 81.97631239891052
334.0 82.049959897995
335.0 82.55799412727356
336.0 83.14427733421326
337.0 83.89584422111511
338.0 84.68933701515198
339.0 85.20765900611877
340.0 85.39221286773682
341.0 85.83306670188904
342.0 86.01114153862
343.0 86.03092432022095
344.0 86.23066544532776
345.0 86.77578568458557
346.0 87.06053495407104
347.0 87.44064569473267
348.0 87.64247298240662
349.0 87.84290552139282
350.0 87.85855174064636
351.0 88.03439736366272
352.0 87.91888952255249
353.0 87.99844980239868
354.0 87.91974782943726
355.0 88.022780418396
356.0 88.11712265014648
357.0 87.91282176971436
358.0 87.44696974754333
359.0 87.18617558479309
360.0 87.02277541160583
361.0 86.79895997047424
362.0 86.63608431816101
363.0 86.93084716796875
364.0 87.14115023612976
365.0 87.61665225028992
366.0 87.83973455429077
367.0 87.92974948883057
368.0 87.92505860328674
369.0 88.09762597084045
370.0 88.06204795837402
371.0 88.03253769874573
372.0 88.20982575416565
373.0 88.47410678863525
374.0 88.46258521080017
375.0 88.80109190940857
376.0 89.03753161430359
377.0 89.20556902885437
378.0 89.07094597816467
379.0 88.3483350276947
380.0 87.2540295124054
381.0 85.45831441879272
382.0 83.45587849617004
383.0 81.40295147895813
384.0 79.14660573005676
385.0 76.55327320098877
386.0 73.63472580909729
387.0 69.53154802322388
388.0 65.3634250164032
389.0 60.650843381881714
390.0 56.36987090110779
391.0 52.217018604278564
392.0 48.19892644882202
393.0 44.75706219673157
394.0 41.05303883552551
395.0 36.35052144527435
396.0 30.909118056297302
397.0 23.726344108581543
398.0 16.710060834884644
399.0 10.14641746878624
400.0 5.130574479699135
401.0 2.0291535183787346
402.0 0.6485569290816784
403.0 0.22284311708062887
404.0 0.09906737832352519
405.0 0.029314873972907662
406.0 0.020942336414009333
407.0 0.004285857721697539
408.0 1.729146448421759e-10
409.0 1.729146448421759e-10
410.0 1.729146448421759e-10
411.0 1.729146448421759e-10
412.0 1.729146448421759e-10
413.0 1.729146448421759e-10
414.0 1.729146448421759e-10
415.0 1.729146448421759e-10
416.0 1.729146448421759e-10
417.0 1.729146448421759e-10
418.0 1.729146448421759e-10
419.0 1.729146448421759e-10
420.0 1.729146448421759e-10
421.0 1.729146448421759e-10
422.0 1.729146448421759e-10
423.0 1.729146448421759e-10
424.0 1.729146448421759e-10
425.0 1.729146448421759e-10
426.0 1.729146448421759e-10
427.0 1.729146448421759e-10
428.0 0.0024710645448067226
429.0 0.002010833122767508
430.0 0.0015506015188293532
431.0 7.800320389605986e-06
432.0 1.729146448421759e-10
433.0 1.729146448421759e-10
434.0 0.0007222502517834073
435.0 0.0003333388349346933
436.0 1.729146448421759e-10
437.0 1.729146448421759e-10
438.0 1.729146448421759e-10
439.0 4.170047418483591e-05
440.0 0.002221959766757209
441.0 1.729146448421759e-10
442.0 1.729146448421759e-10
443.0 1.729146448421759e-10
444.0 0.00028051688332197955
445.0 0.0005222820618655533
446.0 0.0007640479452675208
447.0 1.729146448421759e-10
448.0 1.729146448421759e-10
449.0 0.0005396607321017655
450.0 0.001965217416000087
451.0 1.729146448421759e-10
452.0 1.729146448421759e-10
453.0 1.729146448421759e-10
454.0 1.729146448421759e-10
455.0 1.729146448421759e-10
456.0 1.729146448421759e-10
457.0 1.729146448421759e-10
458.0 1.729146448421759e-10
459.0 1.729146448421759e-10
460.0 1.729146448421759e-10
461.0 1.729146448421759e-10
462.0 0.0002786430968626519
463.0 1.729146448421759e-10
464.0 1.729146448421759e-10
465.0 1.729146448421759e-10
466.0 1.729146448421759e-10
467.0 1.729146448421759e-10
468.0 6.337393276822922e-07
469.0 7.618785389240657e-05
470.0 0.0001517419150331989
471.0 0.00016713086097297492
472.0 0.0001825197387006483
473.0 1.729146448421759e-10
474.0 1.729146448421759e-10
475.0 1.729146448421759e-10
476.0 0.0006423936156352283
477.0 0.0005266359039524104
478.0 0.0004108783286937978
479.0 0.0002804568794090301
480.0 0.0001500356574979378
481.0 0.000499859152114368
482.0 0.0008496826922055334
483.0 0.00018307470099898637
484.0 1.729146448421759e-10
485.0 1.729146448421759e-10
486.0 1.729146448421759e-10
487.0 1.729146448421759e-10
488.0 1.729146448421759e-10
489.0 1.729146448421759e-10
490.0 1.729146448421759e-10
491.0 1.729146448421759e-10
492.0 1.729146448421759e-10
493.0 1.729146448421759e-10
494.0 1.729146448421759e-10
495.0 0.00015166250477705034
496.0 0.0010167542313865852
497.0 0.0005762673026765697
498.0 0.00013578016933024628
499.0 0.0001631221152820217
500.0 0.0001904642317640537
501.0 7.176618623816466e-05
502.0 1.729146448421759e-10
503.0 1.729146448421759e-10
504.0 1.729146448421759e-10
505.0 1.729146448421759e-10
506.0 0.0005019396667194087
507.0 1.729146448421759e-10
508.0 1.729146448421759e-10
509.0 1.729146448421759e-10
510.0 1.729146448421759e-10
511.0 0.0003182648242727737
512.0 0.0007066726084303809
513.0 0.0005600588792731287
514.0 0.00041344483179273084
515.0 0.00036112990073888795
516.0 0.0003088149469476775
517.0 1.729146448421759e-10
518.0 1.729146448421759e-10
519.0 1.729146448421759e-10
520.0 0.0004856928626395529
521.0 0.0005800251983600901
522.0 0.0006743575340806274
523.0 0.0003791654307860881
524.0 8.397316832997603e-05
525.0 1.729146448421759e-10
526.0 1.729146448421759e-10
527.0 1.729146448421759e-10
528.0 1.729146448421759e-10
529.0 1.729146448421759e-10
530.0 1.729146448421759e-10
531.0 1.729146448421759e-10
532.0 0.0002957409606096917
533.0 1.729146448421759e-10
534.0 1.729146448421759e-10
535.0 1.729146448421759e-10
536.0 1.729146448421759e-10
537.0 1.729146448421759e-10
538.0 1.729146448421759e-10
539.0 1.729146448421759e-10
540.0 4.902102901382932e-06
541.0 1.729146448421759e-10
542.0 1.729146448421759e-10
543.0 1.729146448421759e-10
544.0 1.729146448421759e-10
545.0 1.729146448421759e-10
546.0 1.729146448421759e-10
547.0 3.847682137347874e-05
548.0 0.00026757199975691037
549.0 1.729146448421759e-10
550.0 1.729146448421759e-10
551.0 1.729146448421759e-10
552.0 1.729146448421759e-10
553.0 1.729146448421759e-10
554.0 1.729146448421759e-10
555.0 1.729146448421759e-10
556.0 1.729146448421759e-10
557.0 1.729146448421759e-10
558.0 1.729146448421759e-10
559.0 1.729146448421759e-10
560.0 0.0001995465936488472
561.0 1.729146448421759e-10
562.0 1.729146448421759e-10
563.0 1.729146448421759e-10
564.0 1.729146448421759e-10
565.0 1.729146448421759e-10
566.0 1.456846945302459e-05
567.0 1.729146448421759e-10
568.0 1.729146448421759e-10
569.0 0.00022770004761696327
570.0 0.00057180700423487
571.0 0.0005649244485539384
572.0 0.0005580420747719472
573.0 0.00046559957809222396
574.0 0.0003731574452103814
575.0 0.00019311273717903532
576.0 1.3068235205082601e-05
577.0 0.0002193024101870833
578.0 0.0004255365638528019
579.0 0.0005779579169029603
580.0 0.0007303792699531186
581.0 0.0009494501682638656
582.0 0.0011685214303724933
583.0 0.001384466031595366
584.0 0.0016004109056666493
585.0 0.001357926976197632
586.0 0.0011154425010317937
587.0 0.001019558658299502
588.0 0.0009236747246177401
589.0 0.0010191249202762265
590.0 0.001114574752136832
591.0 0.0010553764695941936
592.0 0.0009961781870515551
593.0 0.0007158148491726024
594.0 0.00043545123844523914
595.0 0.0004794798314833315
596.0 0.0005235081971477484
597.0 0.0009274922376789618
598.0 0.0013314760508364998
599.0 0.001878223156381864
600.0 0.0024249702619272284
601.0 0.0025741077479324304
602.0 0.0027232452339376323
603.0 0.002248812415928114
604.0 0.0017743797798175365
605.0 0.0014003941032569855
606.0 0.0010264084266964346
607.0 0.0009298922122980002
608.0 0.0008333759069500957
609.0 0.0005372133273340296
610.0 0.0002410508386674337
611.0 0.00042545507312752306
612.0 0.0006098593985370826
613.0 0.0006900847438373603
614.0 0.0007703099981881678
615.0 0.0008493872883263975
616.0 0.0009284648513130378
617.0 0.000693199444867787
618.0 0.00045793431127094664
619.0 0.000305202706840646
620.0 0.00015247121609718306
621.0 0.00036243659451429266
622.0 0.0005724019047192996
623.0 0.0005141692327015335
624.0 0.0004559365606837673
625.0 0.0006859502263978356
626.0 0.0009159638466371689
627.0 0.0008644129593449179
628.0 0.0008128620720526669
629.0 0.0010944891982944682
630.0 0.0013761163245362695
631.0 0.001735868863761425
632.0 0.0020956209482392296
633.0 0.0021714628019253723
634.0 0.002247304109914694
635.0 0.0023768199753249064
636.0 0.0025063356588361785
637.0 0.002214799496869091
638.0 0.0019232629711041227
639.0 0.0013177446817280725
640.0 0.000712226255927817
641.0 0.0008577349944971502
642.0 0.0010032435966422781
643.0 0.0007663843462069053
644.0 0.0005295250502967974
645.0 0.0005394359959609574
646.0 0.0005493468961503822
647.0 0.00027520886760612484
648.0 1.0709820585930174e-06
649.0 1.729146448421759e-10
650.0 1.729146448421759e-10
651.0 0.00032714272037992487
652.0 0.0007389453003270319
653.0 0.0012510048691183329
654.0 0.001763064028637018
655.0 0.0016813781257951632
656.0 0.001599692041054368
657.0 0.0026087665901286528
658.0 0.003617841503000818
659.0 0.003979122266173363
660.0 0.004340403393143788
661.0 0.004418678145157173
662.0 0.004496952533372678
663.0 0.0031531253625871614
664.0 0.0018092981918016449
665.0 0.001604134013177827
666.0 0.0013989693798066583
667.0 0.0013765756193606649
668.0 0.0013541817679652013
669.0 0.0009112349289353006
670.0 0.00046828818085487
671.0 0.0005502535714185797
672.0 0.0006322188710328192
673.0 0.000496778648084728
674.0 0.0003613383569245343
675.0 0.0007278705652424833
676.0 0.00109440288724727
677.0 0.0017315313016297296
678.0 0.00236866017075954
679.0 0.002580951877462212
680.0 0.0027932434022659436
681.0 0.0036405886930879205
682.0 0.0044879339839098975
683.0 0.006281587411649525
684.0 0.008075241203187034
685.0 0.008618151332484558
686.0 0.00916106509976089
687.0 0.008238012378569692
688.0 0.007314960384974256
689.0 0.005613787652691826
690.0 0.003912615648005158
691.0 0.003490614108159207
692.0 0.003068612204515375
693.0 0.0028733456929330714
694.0 0.0026780789994518273
695.0 0.0023999620680115186
696.0 0.00212184513657121
697.0 0.0014730918337590992
698.0 0.0008243383490480483
699.0 0.0006379326350725023
700.0 0.0004515268301474862
701.0 0.0004800442184205167
702.0 0.0005085616976430174
703.0 0.0005691006208508043
704.0 0.0006296397259575315
705.0 0.0007595211627631215
706.0 0.000889402781467652
707.0 0.0009006475920614321
708.0 0.0009118918569583911
709.0 0.0007627755167050054
710.0 0.0006136588581284741
711.0 0.0007256712706293911
712.0 0.0008376838195545133
713.0 0.000813393580756383
714.0 0.0007891035238571931
715.0 0.0006732854672009125
716.0 0.000557467410544632
717.0 0.0004998435088054975
718.0 0.000442219561591628
719.0 0.0004116561740374891
720.0 0.0003810928319580853
721.0 0.0003263901362515753
722.0 0.00027168744054506533
723.0 0.00032749960610090056
724.0 0.0003833117261820007
725.0 0.00020871489141427446
726.0 3.411793443319766e-05
727.0 0.0003145824166495004
728.0 0.000595047004026128
729.0 0.0004936082405038178
730.0 0.0003921694769815076
731.0 0.0002157909420930082
732.0 3.941240436233784e-05
733.0 2.4459720293634746e-05
734.0 9.507029119504296e-06
735.0 0.000266272922999633
736.0 0.0005230388524068985
737.0 0.0006173782367113745
738.0 0.0007117177574400557
739.0 0.0005174941634322749
740.0 0.00032327050121239154
741.0 0.0008044854439503979
742.0 0.001285700545849977
743.0 0.0020585779566317797
744.0 0.0028314550945651717
745.0 0.003472008029348217
746.0 0.004112560782232322
747.0 0.0045058968680677935
748.0 0.004899232953903265
749.0 0.004305607944843359
750.0 0.0037119836633792147
751.0 0.0031235776987159625
752.0 0.002535172097850591
753.0 0.00204926727747079
754.0 0.0015633622751920484
755.0 0.0020098037566640414
756.0 0.002456245420034975
757.0 0.0020003919416922145
758.0 0.0015445382814505138
759.0 0.0013341807061806321
760.0 0.0011238232218602207
761.0 0.0013654441318067256
762.0 0.0016070651327027008
763.0 0.00119458472909173
764.0 0.0007821039616828784
765.0 0.0007328683295781957
766.0 0.0006836325155745726
767.0 0.0005116667125548702
768.0 0.00033970077311096247
769.0 0.00047569624257448595
770.0 0.0006116915756138042
771.0 0.0005571173460339196
772.0 0.0005025427071814192
773.0 0.0003690496214403538
774.0 0.00023555628558824537
775.0 0.0002764443706837483
776.0 0.0003173324103045161
777.0 0.0003679226438180194
778.0 0.00041851271816994995
779.0 0.0009144064279098529
780.0 0.0014102999557508156
781.0 0.001271022301807534
782.0 0.0011317448297631927
783.0 0.0009836848221311811
784.0 0.0008356249054486398
785.0 0.0011953934517805465
786.0 0.0015551617252640426
787.0 0.0012197609976283275
788.0 0.0008843602699926123
789.0 0.0009391042112838477
790.0 0.000993848152575083
791.0 0.000765015010983916
792.0 0.000536181914867484
793.0 0.00010236034313493292
794.0 1.729146448421759e-10
795.0 1.729146448421759e-10
796.0 8.023801001399988e-06
797.0 0.0002485692675691098
798.0 0.0004891147000307683
799.0 0.0002270787263114471
800.0 1.729146448421759e-10
801.0 1.729146448421759e-10
802.0 1.729146448421759e-10
803.0 1.729146448421759e-10
804.0 4.456200883851125e-05
805.0 7.702172979406896e-05
806.0 0.00010948136832666933
807.0 1.729146448421759e-10
808.0 1.729146448421759e-10
809.0 0.0001367386289530259
810.0 0.00046118739192024805
811.0 0.00011532820280990563
812.0 1.729146448421759e-10
813.0 0.00024084488359221723
814.0 0.0007122208444343414
815.0 0.000662797083350597
816.0 0.0006133735041657928
817.0 0.0003892227141477633
818.0 0.0001650719354984176
819.0 1.729146448421759e-10
820.0 1.729146448421759e-10
821.0 1.729146448421759e-10
822.0 1.729146448421759e-10
823.0 1.729146448421759e-10
824.0 2.5660487068535076e-06
825.0 1.729146448421759e-10
826.0 1.729146448421759e-10
827.0 0.00018528307919041254
828.0 0.0008025890565477312
829.0 0.0005706207048206124
830.0 0.0003386526941540069
831.0 2.3819528394142253e-05
832.0 1.729146448421759e-10
833.0 1.729146448421759e-10
834.0 1.729146448421759e-10
835.0 1.729146448421759e-10
836.0 0.00022433564481616486
837.0 3.3598442428228736e-05
838.0 1.729146448421759e-10
839.0 1.729146448421759e-10
840.0 1.729146448421759e-10
841.0 1.729146448421759e-10
842.0 1.8930957423890504e-05
843.0 6.347855219246412e-05
844.0 0.00010802610859173001
845.0 0.000211925203075225
846.0 0.00031582419524056604
847.0 0.00030062651603657287
848.0 0.00028542872314574197
849.0 0.00038345128814398777
850.0 0.0004814737621927634
851.0 0.00029702684969379334
852.0 0.00011258000540692592
853.0 0.0003022873897862155
854.0 0.0004919947059534024
855.0 0.0003363070391060319
856.0 0.00018061939499602886
857.0 0.0005331074135028757
858.0 0.0008855955456965603
859.0 0.0010391060641268268
860.0 0.0011926164916076232
861.0 0.0011220904525544029
862.0 0.0010515643225517124
863.0 0.0013819611922372133
864.0 0.0017123580619227141
865.0 0.0019704801161424257
866.0 0.002228601624665316
867.0 0.0021495834516827017
868.0 0.002070565642497968
869.0 0.001956094092747662
870.0 0.0018416225429973565
871.0 0.001778132536855992
872.0 0.0017146421669167466
873.0 0.0018016591639025137
874.0 0.0018886759789893404
875.0 0.002070953087240923
876.0 0.0022532303773914464
877.0 0.002409365333733149
878.0 0.002565501199569553
879.0 0.002776919791358523
880.0 0.0029883392926421948
