lsstCam/transmission_filter_detector/r33_s11/r_57/19700101T000000.ecsv
# %ECSV 1.0
# ---
# datatype:
# - {name: wavelength, unit: nm, datatype: float32}
# - {name: efficiency, unit: '%', datatype: float64}
# meta: !!omap
# - {MODE: DETECTOR}
# - {TYPE: transmission_filter_detector}
# - {CALIBDATE: '1970-01-01T00:00:00'}
# - {INSTRUME: LSSTCam}
# - {OBSTYPE: transmission_filter_detector}
# - {CALIBCLS: lsst.ip.isr.IntermediateFilterDetectorTransmissionCurve}
# - {SOURCE: Materion (DM-46256)}
# - {DETECTOR: 148}
# - {FILTER: r_57}
# - {CALIB_ID: 'calibDate=1970-01-01T00:00:00 filter=r_57 detector=148'}
# - {DATE: '2025-04-02T15:59:44.870061'}
# - {CALIB_CREATION_DATE: '2025-04-02'}
# - {CALIB_CREATION_TIME: '15:59:44'}
# - __serialized_columns__:
#     efficiency:
#       __class__: astropy.units.quantity.Quantity
#       unit: !astropy.units.Unit {unit: '%'}
#       value: !astropy.table.SerializedColumn {name: efficiency}
#     wavelength:
#       __class__: astropy.units.quantity.Quantity
#       unit: !astropy.units.Unit {unit: nm}
#       value: !astropy.table.SerializedColumn {name: wavelength}
# schema: astropy-2.0
wavelength efficiency
[from data line 602]
902.0 1.5954307102869492e-10
903.0 1.5954307102869492e-10
904.0 1.5954307102869492e-10
905.0 1.8798807843722898e-05
906.0 5.5535446108478936e-05
907.0 9.22721028473461e-05
908.0 0.00015966576256687404
909.0 0.00022705939954903442
910.0 0.00012167535032858723
911.0 1.6291311055738333e-05
912.0 9.762967465576367e-05
913.0 0.00017896803683470353
914.0 0.00014892237913954887
915.0 0.00011887669870702666
916.0 7.00420685006975e-05
917.0 2.1207405609402485e-05
918.0 9.659685247243033e-05
919.0 0.00017198628938785987
920.0 0.0001767509843375592
921.0 0.00018151567928725854
922.0 0.00017347366565445554
923.0 0.0001654316747590201
924.0 0.00015976690974639496
925.0 0.0001541021106277185
926.0 0.0001490807335358113
927.0 0.00014405934507522034
928.0 0.000138673669880518
929.0 0.00013328798331713188
930.0 0.0001557102336846583
931.0 0.0001781324613148172
932.0 0.00012205465509396163
933.0 6.59768318200804e-05
934.0 1.5954307102869492e-10
935.0 1.5954307102869492e-10
936.0 1.5954307102869492e-10
937.0 1.5954307102869492e-10
938.0 1.5954307102869492e-10
939.0 1.5954307102869492e-10
940.0 2.140696153674071e-05
941.0 8.985838917396904e-05
942.0 0.0002283191861351952
943.0 0.00036677997741207946
944.0 0.0003232469225622481
945.0 0.0002797138222376816
946.0 0.0004614251793100266
947.0 0.0006431366273318417
948.0 0.0004908292339678155
949.0 0.00033852202250272967
950.0 0.0004067348527314607
951.0 0.00047494768296019174
952.0 0.0005965816399111645
953.0 0.0007182157332863426
954.0 0.0008703648745722603
955.0 0.0010225143341813236
956.0 0.0011817885933851358
957.0 0.0013410626706900075
958.0 0.001579504350956995
959.0 0.001817946213122923
960.0 0.0019447219528956339
961.0 0.0020714975107694045
962.0 0.002200305425503757
963.0 0.002329113158339169
964.0 0.0024046748876571655
965.0 0.002480236435076222
966.0 0.0024629571271361783
967.0 0.002445678001095075
968.0 0.002424194826744497
969.0 0.002402711834292859
970.0 0.002459684583300259
971.0 0.002516657332307659
972.0 0.002620953273435589
973.0 0.0027252495783613995
974.0 0.0028911630579386838
975.0 0.003057076901313849
976.0 0.0030698727641720325
977.0 0.003082668627030216
978.0 0.003067864599870518
979.0 0.0030530605727108195
980.0 0.0031034393032314256
981.0 0.003153817669954151
982.0 0.0031058549211593345
983.0 0.003057892172364518
984.0 0.002902530468418263
985.0 0.0027471687644720078
986.0 0.002660009886312764
987.0 0.002572851190052461
988.0 0.002560694338171743
989.0 0.002548537668189965
990.0 0.0025785806428757496
991.0 0.002608623617561534
992.0 0.00253760317718843
993.0 0.0024665829187142663
994.0 0.002515197775210254
995.0 0.0025638131774030626
996.0 0.002585053334769327
997.0 0.002606293492135592
998.0 0.0027867412427440286
999.0 0.0029671891752514057
1000.0 0.0030626750231022015
1001.0 0.0031581614166498184
1002.0 0.0033455675293225795
1003.0 0.003532974369591102
1004.0 0.003659352660179138
1005.0 0.003785731314565055
1006.0 0.0039040060073602945
1007.0 0.004022281427751295
1008.0 0.00408938285545446
1009.0 0.004156484283157624
1010.0 0.004095494296052493
1011.0 0.004034504308947362
1012.0 0.004036351674585603
1013.0 0.004038198312628083
1014.0 0.0038889189454494044
1015.0 0.003739639214472845
1016.0 0.003420430948608555
1017.0 0.0031012230465421453
1018.0 0.0028507758543128148
1019.0 0.0026003288439824246
1020.0 0.002350163231312763
1021.0 0.002099997436744161
1022.0 0.0018249276763526723
1023.0 0.0015498579159611836
1024.0 0.0014017970897839405
1025.0 0.0012537363545561675
1026.0 0.0010808036677190103
1027.0 0.0009078712537302636
1028.0 0.0008870137207850348
1029.0 0.0008661563697387464
1030.0 0.0009117885383602697
1031.0 0.0009574207979312632
1032.0 0.0008852182872942649
1033.0 0.0008130155947583262
1034.0 0.0007161132998589892
1035.0 0.0006192108685354469
1036.0 0.0005531589522433933
1037.0 0.00048710703595133964
1038.0 0.0007017728876235196
1039.0 0.0009164386938209645
1040.0 0.0008003391485544853
1041.0 0.0006842393304395955
1042.0 0.0006966384717088658
1043.0 0.0007090376129781362
1044.0 0.0007803398148098495
1045.0 0.0008516419256920926
1046.0 0.0008268106284958776
1047.0 0.0008019794222491328
1048.0 0.000750888284528628
1049.0 0.0006997973287070636
1050.0 0.0009365370715386234
1051.0 0.0011732768143701833
1052.0 0.0011216244274692144
1053.0 0.0010699714948714245
1054.0 0.0009829420378082432
1055.0 0.0008959125807450619
1056.0 0.0008353327757504303
1057.0 0.0007747527888568584
1058.0 0.0009229943316313438
1059.0 0.0010712356925068889
1060.0 0.0010385122550360393
1061.0 0.0010057886356662493
1062.0 0.001233903367392486
1063.0 0.0014620180991187226
1064.0 0.001497839366493281
1065.0 0.0015336605429183692
1066.0 0.0018672193618840538
1067.0 0.0022007778170518577
1068.0 0.002266205228806939
1069.0 0.0023316322767641395
1070.0 0.0022802660168963484
1071.0 0.002228900120826438
1072.0 0.0020672550817835145
1073.0 0.0019056104065384716
1074.0 0.001957649328687694
1075.0 0.002009688068937976
1076.0 0.0022361422452377155
1077.0 0.002462596239638515
1078.0 0.002911723822762724
1079.0 0.003360851405886933
1080.0 0.0036568289942806587
1081.0 0.003952806218876503
1082.0 0.0039010239561321214
1083.0 0.0038492413295898587
1084.0 0.0038047208363423124
1085.0 0.0037601999792968854
1086.0 0.004041030115331523
1087.0 0.00432185988756828
1088.0 0.0038211641367524862
1089.0 0.0033204683859366924
1090.0 0.002656255855981726
1091.0 0.00199204332602676
1092.0 0.003060794551856816
1093.0 0.004129545777686872
1094.0 0.003648123310995288
1095.0 0.0031667012081015855
1096.0 0.00348449066223111
1097.0 0.0038022801163606346
1098.0 0.0034311193303437904
1099.0 0.0030599592719227076
1100.0 0.0023073529519024305
1101.0 0.0015547466318821535
