lsstCam/transmission_filter_detector/r33_s11/r_57/19700101T000000.ecsv
# %ECSV 1.0
# ---
# datatype:
# - {name: wavelength, unit: nm, datatype: float32}
# - {name: efficiency, unit: '%', datatype: float64}
# meta: !!omap
# - {MODE: DETECTOR}
# - {TYPE: transmission_filter_detector}
# - {CALIBDATE: '1970-01-01T00:00:00'}
# - {INSTRUME: LSSTCam}
# - {OBSTYPE: transmission_filter_detector}
# - {CALIBCLS: lsst.ip.isr.IntermediateFilterDetectorTransmissionCurve}
# - {SOURCE: Materion (DM-46256)}
# - {DETECTOR: 148}
# - {FILTER: r_57}
# - {CALIB_ID: 'calibDate=1970-01-01T00:00:00 filter=r_57 detector=148'}
# - {DATE: '2025-04-02T15:59:44.870061'}
# - {CALIB_CREATION_DATE: '2025-04-02'}
# - {CALIB_CREATION_TIME: '15:59:44'}
# - __serialized_columns__:
#     efficiency:
#       __class__: astropy.units.quantity.Quantity
#       unit: !astropy.units.Unit {unit: '%'}
#       value: !astropy.table.SerializedColumn {name: efficiency}
#     wavelength:
#       __class__: astropy.units.quantity.Quantity
#       unit: !astropy.units.Unit {unit: nm}
#       value: !astropy.table.SerializedColumn {name: wavelength}
# schema: astropy-2.0
wavelength efficiency
300.0 0.002119739292538725
301.0 0.005569130007643253
302.0 0.0090185203589499
303.0 0.010882067726925015
304.0 0.012745615094900131
305.0 0.011590385838644579
306.0 0.010435156582389027
307.0 0.008138580597005785
308.0 0.005842002792633139
309.0 0.005498217069543898
310.0 0.0051544302550610155
311.0 0.00473968502774369
312.0 0.004324939800426364
313.0 0.004182340853731148
314.0 0.004039741543238051
315.0 0.003970653051510453
316.0 0.003901563468389213
317.0 0.0035790068068308756
318.0 0.0032564486900810152
319.0 0.002817580934788566
320.0 0.0023787128156982362
321.0 0.002449364728818182
322.0 0.0025200166419381276
323.0 0.002525513082218822
324.0 0.002531008794903755
325.0 0.0023000346118351445
326.0 0.0020690604287665337
327.0 0.001993316618609242
328.0 0.0019175728084519506
329.0 0.002115395363944117
330.0 0.002313217737537343
331.0 0.0022769288989366032
332.0 0.0022406400603358634
333.0 0.0019813380276900716
334.0 0.0017220359950442798
335.0 0.0015263709428836592
336.0 0.0013307059816725086
337.0 0.001276093280466739
338.0 0.0012214805792609695
339.0 0.0010660131010808982
340.0 0.0009105455319513567
341.0 0.0009379356924910098
342.0 0.000965325853030663
343.0 0.000869789164426038
344.0 0.0007742524758214131
345.0 0.0007517319772887276
346.0 0.0007292114787560422
347.0 0.0006950608621991705
348.0 0.0006609102001675637
349.0 0.0006737365765729919
350.0 0.0024405107978964224
351.0 0.004803223055205308
352.0 0.007165934948716313
353.0 0.006373918586177751
354.0 0.005581903315032832
355.0 0.004926011024508625
356.0 0.004270117642590776
357.0 0.004145813727518544
358.0 0.004021511267637834
359.0 0.003667714918265119
360.0 0.003313918932690285
361.0 0.002582608431112021
362.0 0.001851297747634817
363.0 0.002019879138970282
364.0 0.002188460530305747
365.0 0.001814759525586851
366.0 0.0014410587027668953
367.0 0.0021558109438046813
368.0 0.0028705631848424673
369.0 0.0033008476748364046
370.0 0.0037311318010324612
371.0 0.0036414046917343512
372.0 0.003551677582436241
373.0 0.003370331978658214
374.0 0.003188986738678068
375.0 0.0023026830604067072
376.0 0.0014163795640342869
377.0 0.002040400249825325
378.0 0.002664420935616363
379.0 0.0022580510631087236
380.0 0.0018516811906010844
381.0 0.0020404113456606865
382.0 0.0022291415007202886
383.0 0.002926372326328419
384.0 0.0036236029700376093
385.0 0.004278372580301948
386.0 0.004933142554364167
387.0 0.004521005030255765
388.0 0.004108867869945243
389.0 0.0029576884116977453
390.0 0.001806508589652367
391.0 0.001616639201529324
392.0 0.0014267700862546917
393.0 0.0015661362340324558
394.0 0.0017055024727596901
395.0 0.0013179358575143851
396.0 0.0009303692422690801
397.0 0.000785821885074256
398.0 0.0006412744369299617
399.0 0.0008683471605763771
400.0 0.0010954202480206732
401.0 0.0011263472515565809
402.0 0.0011572742550924886
403.0 0.0009461351510253735
404.0 0.0007349962743319338
405.0 0.0009876572221401148
406.0 0.0012403183973219711
407.0 0.0012546592188300565
408.0 0.0012689999493886717
409.0 0.0012401508683979046
410.0 0.0012113017874071375
411.0 0.0013707908692595083
412.0 0.0015302799511118792
413.0 0.0017253656551474705
414.0 0.0019204517229809426
415.0 0.0018864346202462912
416.0 0.00185241769941058
417.0 0.0014294122593128122
418.0 0.0010064068192150444
419.0 0.0016454474462079816
420.0 0.002284487709403038
421.0 0.0038155758375069126
422.0 0.0053466636018129066
423.0 0.008391329174628481
424.0 0.011435994383646175
425.0 0.015140563482418656
426.0 0.01884513476397842
427.0 0.019131616863887757
428.0 0.019418101874180138
429.0 0.015474097745027393
430.0 0.011530092888278887
431.0 0.007915990136098117
432.0 0.004301887383917347
433.0 0.003478739017737098
434.0 0.0026555911972536705
435.0 0.0021834941435372457
436.0 0.0017113972717197612
437.0 0.0011387302947696298
438.0 0.0005660634542437037
439.0 0.0007383321644738317
440.0 0.0009106008292292245
441.0 0.0010249141269014217
442.0 0.001139227515523089
443.0 0.0014932918020349462
444.0 0.001847355997597333
445.0 0.0016392259567510337
446.0 0.001431095824955264
447.0 0.0014065133655094542
448.0 0.0013819307241647039
449.0 0.001281102595385164
450.0 0.0011802741937572137
451.0 0.0012323388546064962
452.0 0.0012844033335568383
453.0 0.0014257338079914916
454.0 0.0015670639186282642
455.0 0.001316802627115976
456.0 0.001066541335603688
457.0 0.0009388278158439789
458.0 0.0008111141141853295
459.0 0.0009384525583300274
460.0 0.0010657910934241954
461.0 0.0015649098713765852
462.0 0.002064028740278445
463.0 0.0029241829906823114
464.0 0.0037843372410861775
465.0 0.004702061778516509
466.0 0.005619785588351078
467.0 0.006109275273047388
468.0 0.006598765321541578
469.0 0.005738616528105922
470.0 0.004878467007074505
471.0 0.003639527130872011
472.0 0.0024005868908716366
473.0 0.0017436110283597372
474.0 0.0010866349839488976
475.0 0.0008040599823289085
476.0 0.0005214848897594493
477.0 0.0006312096047622617
478.0 0.0007409343652398093
479.0 0.0006387968369381269
480.0 0.0005366593541111797
481.0 0.00044829744183516596
482.0 0.0003599355295591522
483.0 0.00045424544623529073
484.0 0.0005485554993356345
485.0 0.0006384478183463216
486.0 0.0007283401828317437
487.0 0.000501828526466852
488.0 0.0002753168246272253
489.0 0.00058313385125075
490.0 0.0008909509233490098
491.0 0.0008063814675551839
492.0 0.0007218122846097685
493.0 0.0008288431672553997
494.0 0.0009358739589515608
495.0 0.0009864465937425848
496.0 0.0010370191375841387
497.0 0.0010290969839843456
498.0 0.0010211750122834928
499.0 0.0011046377949242014
500.0 0.0011881007594638504
501.0 0.0013231335287855472
502.0 0.0014581660252588335
503.0 0.0018003323930315673
504.0 0.0021424984879558906
505.0 0.002509188198018819
506.0 0.002875878089980688
507.0 0.0036591562093235552
508.0 0.004442434510565363
509.0 0.004815351712750271
510.0 0.005188270006328821
511.0 0.004760175943374634
512.0 0.004332082244218327
513.0 0.003653954991023056
514.0 0.0029758277378277853
515.0 0.0027769683583755977
516.0 0.00257810879702447
517.0 0.002589024370536208
518.0 0.0025999399440479465
519.0 0.0016849264284246601
520.0 0.05806884146295488
521.0 0.08952709613367915
522.0 0.0661795784253627
523.0 0.13646975858137012
524.0 0.09692229214124382
525.0 0.11641568271443248
526.0 0.15292117604985833
527.0 0.079535529948771
528.0 0.09413138031959534
529.0 0.11057037627324462
530.0 0.2026766538619995
531.0 0.19846451468765736
532.0 0.2021885709837079
533.0 0.25373450480401516
534.0 0.3811638802289963
535.0 0.3523729043081403
536.0 0.5914732348173857
537.0 0.7678479887545109
538.0 1.1232350952923298
539.0 1.823156513273716
540.0 2.914445474743843
541.0 4.46346327662468
542.0 6.429010629653931
543.0 9.26712229847908
544.0 12.628789246082306
545.0 16.431863605976105
546.0 20.942337810993195
547.0 26.851260662078857
548.0 34.115126729011536
549.0 42.13911294937134
550.0 48.85948300361633
551.0 56.85620307922363
552.0 62.795281410217285
553.0 68.54597330093384
554.0 73.07720184326172
555.0 77.41542458534241
556.0 80.98692297935486
557.0 84.25037264823914
558.0 87.4277651309967
559.0 91.01758003234863
560.0 91.96584820747375
561.0 93.60324740409851
562.0 94.85915899276733
563.0 94.78154182434082
564.0 95.09595036506653
565.0 95.10573148727417
566.0 95.66591382026672
567.0 94.86221075057983
568.0 95.50620913505554
569.0 96.16659879684448
570.0 95.5768883228302
571.0 96.62774205207825
572.0 96.39964699745178
573.0 96.48241996765137
574.0 96.64832353591919
575.0 96.6881811618805
576.0 97.30121493339539
577.0 96.98922038078308
578.0 96.88579440116882
579.0 96.84602618217468
580.0 96.28350138664246
581.0 96.3202953338623
582.0 96.38356566429138
583.0 96.54242992401123
584.0 95.9259033203125
585.0 95.94174027442932
586.0 96.00614905357361
587.0 96.07351422309875
588.0 96.28322720527649
589.0 97.1767246723175
590.0 96.38093113899231
591.0 95.52643299102783
592.0 95.643550157547
593.0 95.57337760925293
594.0 95.82095742225647
595.0 96.21906280517578
596.0 96.56622409820557
597.0 96.85013890266418
598.0 96.67149782180786
599.0 96.47350907325745
600.0 96.4065432548523
601.0 95.79854011535645
602.0 96.13446593284607
603.0 95.70836424827576
604.0 95.83986401557922
605.0 96.53491973876953
606.0 96.0633397102356
607.0 95.69723010063171
608.0 96.21477723121643
609.0 95.51902413368225
610.0 95.60982584953308
611.0 95.8695650100708
612.0 95.55991888046265
613.0 96.60463333129883
614.0 96.5408444404602
615.0 96.07945084571838
616.0 96.59028649330139
617.0 96.27107381820679
618.0 96.13300561904907
619.0 96.7519462108612
620.0 95.80279588699341
621.0 95.54149508476257
622.0 96.10751867294312
623.0 96.25357985496521
624.0 96.24251127243042
625.0 96.603262424469
626.0 95.81735134124756
627.0 95.0501561164856
628.0 96.94415926933289
629.0 95.29077410697937
630.0 96.095871925354
631.0 95.71495652198792
632.0 96.68013453483582
633.0 96.21559977531433
634.0 95.52619457244873
635.0 95.74909806251526
636.0 95.80619931221008
637.0 95.25829553604126
638.0 95.08541822433472
639.0 95.20787000656128
640.0 95.2613890171051
641.0 95.33764123916626
642.0 95.80902457237244
643.0 96.02285623550415
644.0 95.50737142562866
645.0 95.79133987426758
646.0 95.72159051895142
647.0 96.77705764770508
648.0 96.1458146572113
649.0 95.52627801895142
650.0 96.16476893424988
651.0 96.51384353637695
652.0 96.49589657783508
653.0 95.56586146354675
654.0 95.9319531917572
655.0 96.26160264015198
656.0 95.71233987808228
657.0 95.79973220825195
658.0 96.16814851760864
659.0 96.04545831680298
660.0 95.24840116500854
661.0 95.23046612739563
662.0 95.52938342094421
663.0 95.4399585723877
664.0 95.7614541053772
665.0 95.27199864387512
666.0 95.09216547012329
667.0 95.36042213439941
668.0 94.92566585540771
669.0 95.72886824607849
670.0 95.26365399360657
671.0 95.5438494682312
672.0 95.28488516807556
673.0 95.24582624435425
674.0 94.72383856773376
675.0 95.38475275039673
676.0 94.80758309364319
677.0 93.84633302688599
678.0 93.3090329170227
679.0 92.52220392227173
680.0 91.70030355453491
681.0 90.20365476608276
682.0 87.86186575889587
683.0 85.33650636672974
684.0 82.17599391937256
685.0 78.64939570426941
686.0 74.98621940612793
687.0 70.38211226463318
688.0 66.00692868232727
689.0 61.347025632858276
690.0 55.97899556159973
691.0 51.877713203430176
692.0 47.14648127555847
693.0 42.70657002925873
694.0 37.88521885871887
695.0 32.78891742229462
696.0 27.810639142990112
697.0 22.908444702625275
698.0 17.15121418237686
699.0 12.621600925922394
700.0 8.957583457231522
701.0 5.742945522069931
702.0 3.66295725107193
703.0 2.1342994645237923
704.0 1.2748245149850845
705.0 0.759605597704649
706.0 0.45526884496212006
707.0 0.311270821839571
708.0 0.193625979591161
709.0 0.16941019566729665
710.0 0.13386704958975315
711.0 0.08179793949238956
712.0 0.06452653906308115
713.0 0.08414642652496696
714.0 0.07505654939450324
715.0 0.0441172014689073
716.0 0.07959928479976952
717.0 0.03252703172620386
718.0 0.04621208645403385
719.0 0.044388321111910045
720.0 1.5954307102869492e-10
721.0 0.004652663483284414
722.0 0.004387654917081818
723.0 0.004122646350879222
724.0 0.0038463935197796673
725.0 0.0035701406886801124
726.0 0.0033527103369124234
727.0 0.0031352799851447344
728.0 0.0030082272132858634
729.0 0.002881174259528052
730.0 0.0027075140678789467
731.0 0.0025338540581287816
732.0 0.002442379991407506
733.0 0.0023509062884841114
734.0 0.0022397178327082656
735.0 0.00212852955883136
736.0 0.0020383429728099145
737.0 0.0019481563867884688
738.0 0.0018555087081040256
739.0 0.0017628610294195823
740.0 0.0017048481822712347
741.0 0.0016468355170218274
742.0 0.0015487252312595956
743.0 0.0014506149454973638
744.0 0.001519869783805916
745.0 0.0015891248040134087
746.0 0.00138825389512931
747.0 0.0011873829862452112
748.0 0.0012386923117446713
749.0 0.0012900016372441314
750.0 0.0012797761883120984
751.0 0.0012695509212790057
752.0 0.0012334773600741755
753.0 0.0011974037988693453
754.0 0.0011960649317188654
755.0 0.0011947260645683855
756.0 0.001123712081607664
757.0 0.0010526982805458829
758.0 0.0010547392776061315
759.0 0.0010567804565653205
760.0 0.001041456198436208
761.0 0.0010261319403070956
762.0 0.0009658497219788842
763.0 0.0009055676855496131
764.0 0.0010090581781696528
765.0 0.0011125484888907522
766.0 0.0009587050044501666
767.0 0.0008048613381106406
768.0 0.0007700425157963764
769.0 0.0007352234661084367
770.0 0.0007203741915873252
771.0 0.0007055246442178031
772.0 0.0008031392098928336
773.0 0.0009007534572447184
774.0 0.0009479255822952837
775.0 0.000995097707345849
776.0 0.0010189598469878547
777.0 0.0010428224413772114
778.0 0.0008920919754018541
779.0 0.0007413616913254373
780.0 0.0007235646080516744
781.0 0.0007057675702526467
782.0 0.0007804816959833261
783.0 0.000855196140037151
784.0 0.0008030395292735193
785.0 0.0007508830094593577
786.0 0.0007795258170517627
787.0 0.0008081686246441677
788.0 0.0006775931979063898
789.0 0.0005470178621180821
790.0 0.0006112188202678226
791.0 0.0006754199148417683
792.0 0.0006564259820152074
793.0 0.0006374319127644412
794.0 0.0006988661425566534
795.0 0.0007603004632983357
796.0 0.0006467044386226917
797.0 0.0005331084594217828
798.0 0.0006291761565080378
799.0 0.0007252439900184982
800.0 0.0007491721135011176
801.0 0.0007730999641353264
802.0 0.0008206081474781968
803.0 0.0008681163308210671
804.0 0.0007409361387544777
805.0 0.0006137560831120936
806.0 0.0006368687536451034
807.0 0.0006599813787033781
808.0 0.0006615553047595313
809.0 0.0006631291398662142
810.0 0.000701901808497496
811.0 0.0007406742042803671
812.0 0.0006012503490637755
813.0 0.00046182631194824353
814.0 0.0005450223852676572
815.0 0.0006282183676376007
816.0 0.0007438050488417502
817.0 0.0008593918209953699
818.0 0.0006794690762035316
819.0 0.0004995462404622231
820.0 0.0005994343155180104
821.0 0.0006993223450990627
822.0 0.000692621324560605
823.0 0.0006859203949716175
824.0 0.0006052272055967478
825.0 0.0005245340162218781
826.0 0.0005141986093804007
827.0 0.0005038631570641883
828.0 0.000479457003166317
829.0 0.00045505089474318083
830.0 0.0001611056518413534
831.0 1.5954307102869492e-10
832.0 1.5954307102869492e-10
833.0 1.5954307102869492e-10
834.0 1.5954307102869492e-10
835.0 8.381439329241402e-05
836.0 0.0001007339733405388
837.0 0.00011765351928261225
838.0 0.0006574212875420926
839.0 0.0011971890671702567
840.0 0.0015661789802834392
841.0 0.0019351689843460917
842.0 0.0022144115064293146
843.0 0.002493654392310418
844.0 0.00240524150285637
845.0 0.0023168287953012623
846.0 0.0020147586837993003
847.0 0.0017126885722973384
848.0 0.0016608120859018527
849.0 0.0016089354176074266
850.0 0.0015389547115773894
851.0 0.0014689737326989416
852.0 0.0014015094166097697
853.0 0.0013340451005205978
854.0 0.0011272658412053715
855.0 0.0009204866728396155
856.0 0.0007653793545614462
857.0 0.0006102718998590717
858.0 0.0005205076377023943
859.0 0.000430743466495187
860.0 0.0003179150098731043
861.0 0.00020508659872575663
862.0 0.00026753757538244827
863.0 0.0003299885065644048
864.0 0.0002061525719909696
865.0 8.231664310187625e-05
866.0 0.00012016690789096174
867.0 0.0001580171442583378
868.0 0.00014801207726122811
869.0 0.00013800699889543466
870.0 0.00017370622344969888
871.0 0.00020940547074133065
872.0 0.00015470338894374436
873.0 0.00010000132988352561
874.0 0.00011261959116382059
875.0 0.00012523781833806424
876.0 9.4225066504805e-05
877.0 6.321233172457141e-05
878.0 8.649509481983841e-05
879.0 0.00010977787496813107
880.0 9.690834303910378e-05
881.0 8.403882247876027e-05
882.0 0.00010343793519496103
883.0 0.00012283707064852933
884.0 9.610391771275317e-05
885.0 6.937074203960947e-05
886.0 0.00014426107100007357
887.0 0.0002191513885918539
888.0 0.00021441348962980555
889.0 0.00020967561340512475
890.0 0.00011943403706027311
891.0 2.919246639976336e-05
892.0 3.197465048287995e-05
893.0 3.475682603948371e-05
894.0 2.6716767820289533e-05
895.0 1.8676682600471395e-05
896.0 6.807719188373085e-06
897.0 1.5954307102869492e-10
898.0 2.6972875843966904e-05
899.0 5.900699306948809e-05
900.0 9.986597859779067e-06
