lsstCam/transmission_sensor/r21_s11/19700101T000000.ecsv
# %ECSV 1.0
# ---
# datatype:
# - {name: amp_name, datatype: string}
# - {name: wavelength, unit: nm, datatype: float32}
# - {name: efficiency, unit: '%', datatype: float64}
# meta: !!omap
# - {MODE: AMP}
# - {TYPE: transmission_sensor}
# - {CALIBDATE: '1970-01-01T00:00:00'}
# - {INSTRUME: LSSTCAM}
# - {OBSTYPE: transmission_sensor}
# - {DETECTOR: 85}
# - {PARQUETFILE: qe_raft_allvalues_nircorrected_20230725.parquet}
# - {CALIBCLS: lsst.ip.isr.IntermediateSensorTransmissionCurve}
# - {CALIB_ID: 'raftName=R21 detectorName=S11 detector=85 calibDate=1970-01-01T00:00:00 ccd=85 ccdnum=85 filter=None'}
# - {DATE: '2023-08-02T16:57:55.782582'}
# - {CALIB_CREATION_DATE: '2023-08-02'}
# - {CALIB_CREATION_TIME: '16:57:55'}
# - __serialized_columns__:
#     efficiency:
#       __class__: astropy.units.quantity.Quantity
#       unit: !astropy.units.Unit {unit: '%'}
#       value: !astropy.table.SerializedColumn {name: efficiency}
#     wavelength:
#       __class__: astropy.units.quantity.Quantity
#       unit: !astropy.units.Unit {unit: nm}
#       value: !astropy.table.SerializedColumn {name: wavelength}
# schema: astropy-2.0
amp_name wavelength efficiency
C00 319.992 45.01123809814453
C00 330.006 57.89754104614258
C00 349.994 80.03990173339844
C00 370.001 86.15055084228516
C00 400.009 88.90486145019531
C00 429.983 89.55191040039062
C00 449.989 90.3172607421875
C00 469.993 90.96459197998047
C00 500.016 93.32434844970703
C00 549.99 96.40570831298828
C00 569.998 97.26908874511719
C00 599.983 98.1478271484375
C00 630.013 98.69586944580078
C00 649.987 98.9994125366211
C00 670.017 99.0779800415039
C00 699.987 98.8491439819336
C00 720.012 98.77629852294922
C00 749.995 98.15512084960938
C00 770.007 97.76061248779297
C00 800.008 96.63196563720703
C00 830.013 94.90695190429688
C00 869.994 89.86632537841797
C00 900.005 82.83355712890625
C00 919.989 75.41867065429688
C00 959.989 54.42262268066406
C00 1000.013 27.252050399780273
C00 1030.002 10.772025108337402
C00 1049.996 5.2621965408325195
C00 1080.005 0.6804607473170418
C00 1100.007 0.09256386583142973
C01 319.992 45.1192741394043
C01 330.006 58.043094635009766
C01 349.994 80.33425903320312
C01 370.001 86.53376007080078
C01 400.009 89.22403717041016
C01 429.983 89.83038330078125
C01 449.989 90.58222961425781
C01 469.993 91.21739196777344
C01 500.016 93.57174682617188
C01 549.99 96.66181945800781
C01 569.998 97.5279769897461
C01 599.983 98.41310119628906
C01 630.013 98.97046661376953
C01 649.987 99.2724838256836
C01 670.017 99.3615493774414
C01 699.987 99.13793182373047
C01 720.012 99.06578826904297
C01 749.995 98.4455337524414
C01 770.007 98.05712890625
C01 800.008 96.92809295654297
C01 830.013 95.18627166748047
C01 869.994 90.171875
C01 900.005 83.00810241699219
C01 919.989 75.65486907958984
C01 959.989 54.61525344848633
C01 1000.013 27.247934341430664
C01 1030.002 10.758882522583008
C01 1049.996 5.262921333312988
C01 1080.005 0.6824740443533294
C01 1100.007 0.09283773696577585
C02 319.992 45.23468780517578
C02 330.006 58.18510818481445
C02 349.994 80.45741271972656
C02 370.001 86.56866455078125
C02 400.009 89.18644714355469
C02 429.983 89.7829360961914
C02 449.989 90.53162384033203
C02 469.993 91.16685485839844
C02 500.016 93.52082824707031
C02 549.99 96.59675598144531
C02 569.998 97.45767974853516
C02 599.983 98.3348159790039
C02 630.013 98.88201141357422
C02 649.987 99.18327331542969
C02 670.017 99.26177978515625
C02 699.987 99.03478240966797
C02 720.012 98.96265411376953
C02 749.995 98.3410873413086
C02 770.007 97.9455795288086
C02 800.008 96.81975555419922
C02 830.013 95.06597137451172
C02 869.994 90.10404205322266
C02 900.005 82.784423828125
C02 919.989 75.61857604980469
C02 959.989 54.52288818359375
C02 1000.013 27.121917724609375
C02 1030.002 10.752490043640137
C02 1049.996 5.228981971740723
C02 1080.005 0.6817499608850243
C02 1100.007 0.09273923905053942
C03 319.992 45.3365364074707
C03 330.006 58.31306076049805
C03 349.994 80.5843505859375
C03 370.001 86.68367767333984
C03 400.009 89.25659942626953
C03 429.983 89.83931732177734
C03 449.989 90.58665466308594
C03 469.993 91.22001647949219
C03 500.016 93.57340240478516
C03 549.99 96.6487045288086
C03 569.998 97.5053939819336
C03 599.983 98.37679290771484
C03 630.013 98.92546844482422
C03 649.987 99.2265396118164
C03 670.017 99.30322265625
C03 699.987 99.07261657714844
C03 720.012 98.99613189697266
C03 749.995 98.36637115478516
C03 770.007 97.97021484375
C03 800.008 96.84961700439453
C03 830.013 95.08363342285156
C03 869.994 90.1245346069336
C03 900.005 82.746337890625
C03 919.989 75.55644226074219
C03 959.989 54.5004768371582
C03 1000.013 27.180421829223633
C03 1030.002 10.788878440856934
C03 1049.996 5.2438812255859375
C03 1080.005 0.68192523639234
C03 1100.007 0.09276308198138691
C04 319.992 45.46788024902344
C04 330.006 58.48060607910156
C04 349.994 80.76188659667969
C04 370.001 86.79041290283203
C04 400.009 89.34032440185547
C04 429.983 89.93364715576172
C04 449.989 90.68144226074219
C04 469.993 91.32171630859375
C04 500.016 93.67313385009766
C04 549.99 96.75309753417969
C04 569.998 97.60684967041016
C04 599.983 98.47406005859375
C04 630.013 99.01314544677734
C04 649.987 99.30772399902344
C04 670.017 99.3830795288086
C04 699.987 99.14852905273438
C04 720.012 99.0671157836914
C04 749.995 98.43482208251953
C04 770.007 98.03937530517578
C04 800.008 96.91661834716797
C04 830.013 95.17330932617188
C04 869.994 90.16151428222656
C04 900.005 82.88134002685547
C04 919.989 76.05345153808594
C04 959.989 54.54118347167969
C04 1000.013 27.19503402709961
C04 1030.002 10.818297386169434
C04 1049.996 5.230134963989258
C04 1080.005 0.6823997726126789
C04 1100.007 0.0928276336946265
C05 319.992 45.52763366699219
C05 330.006 58.567501068115234
C05 349.994 80.94425201416016
C05 370.001 87.01698303222656
C05 400.009 89.45391082763672
C05 429.983 89.99034881591797
C05 449.989 90.72297668457031
C05 469.993 91.3457260131836
C05 500.016 93.69226837158203
C05 549.99 96.76580810546875
C05 569.998 97.6191635131836
C05 599.983 98.4928207397461
C05 630.013 99.03868865966797
C05 649.987 99.33924865722656
C05 670.017 99.41365814208984
C05 699.987 99.17926788330078
C05 720.012 99.10476684570312
C05 749.995 98.47534942626953
C05 770.007 98.0809555053711
C05 800.008 96.95361328125
C05 830.013 95.24098205566406
C05 869.994 90.14358520507812
C05 900.005 83.09695434570312
C05 919.989 76.00968170166016
C05 959.989 54.38143539428711
C05 1000.013 27.289697647094727
C05 1030.002 10.900476455688477
C05 1049.996 5.2561259269714355
C05 1080.005 0.6826807313475748
C05 1100.007 0.09286585283767569
C06 319.992 45.792057037353516
C06 330.006 58.89628601074219
C06 349.994 81.24227142333984
C06 370.001 87.22997283935547
C06 400.009 89.66954803466797
C06 429.983 90.22752380371094
C06 449.989 90.97502899169922
C06 469.993 91.6115493774414
C06 500.016 93.97248840332031
C06 549.99 97.04866790771484
C06 569.998 97.90220642089844
C06 599.983 98.76475524902344
C06 630.013 99.30149841308594
C06 649.987 99.59437561035156
C06 670.017 99.6607666015625
C06 699.987 99.42012786865234
C06 720.012 99.3316879272461
C06 749.995 98.69595336914062
C06 770.007 98.30011749267578
C06 800.008 97.16634368896484
C06 830.013 95.4708023071289
C06 869.994 90.42725372314453
C06 900.005 83.42568969726562
C06 919.989 76.11337280273438
C06 959.989 54.66200637817383
C06 1000.013 27.591022491455078
C06 1030.002 11.031025886535645
C06 1049.996 5.293704032897949
C06 1080.005 0.6842100659993977
C06 1100.007 0.09307389000672747
C07 319.992 45.43244934082031
C07 330.006 58.44145965576172
C07 349.994 80.67916107177734
C07 370.001 86.65907287597656
C07 400.009 89.0589828491211
C07 429.983 89.59396362304688
C07 449.989 90.32723999023438
C07 469.993 90.96195220947266
C07 500.016 93.30253601074219
C07 549.99 96.35665130615234
C07 569.998 97.20348358154297
C07 599.983 98.06705474853516
C07 630.013 98.59919738769531
C07 649.987 98.8935546875
C07 670.017 98.96267700195312
C07 699.987 98.7240982055664
C07 720.012 98.6395034790039
C07 749.995 98.01039123535156
C07 770.007 97.61534118652344
C07 800.008 96.49988555908203
C07 830.013 94.82373046875
C07 869.994 89.93658447265625
C07 900.005 82.84883880615234
C07 919.989 75.51398468017578
C07 959.989 54.45977783203125
C07 1000.013 27.653392791748047
C07 1030.002 11.065117835998535
C07 1049.996 5.293356418609619
C07 1080.005 0.6794574031228445
C07 1100.007 0.09242737975528116
C10 319.992 44.650787353515625
C10 330.006 57.42543411254883
C10 349.994 79.46080780029297
C10 370.001 85.69842529296875
C10 400.009 88.72447204589844
C10 429.983 89.46485900878906
C10 449.989 90.2577896118164
C10 469.993 90.91541290283203
C10 500.016 93.29276275634766
C10 549.99 96.38401794433594
C10 569.998 97.24847412109375
C10 599.983 98.13207244873047
C10 630.013 98.68685913085938
C10 649.987 98.98998260498047
C10 670.017 99.07748413085938
C10 699.987 98.85255432128906
C10 720.012 98.77931213378906
C10 749.995 98.1560287475586
C10 770.007 97.76148986816406
C10 800.008 96.62894439697266
C10 830.013 94.86957550048828
C10 869.994 89.98811340332031
C10 900.005 82.82816314697266
C10 919.989 75.65758514404297
C10 959.989 53.84990692138672
C10 1000.013 27.12273406982422
C10 1030.002 10.911250114440918
C10 1049.996 5.252848148345947
C10 1080.005 0.6804670402245987
C10 1100.007 0.09256472186295407
C11 319.992 44.91987228393555
C11 330.006 57.77581024169922
C11 349.994 79.96969604492188
C11 370.001 86.2490234375
C11 400.009 89.20897674560547
C11 429.983 89.91651916503906
C11 449.989 90.69728088378906
C11 469.993 91.35751342773438
C11 500.016 93.7296142578125
C11 549.99 96.83197021484375
C11 569.998 97.69942474365234
C11 599.983 98.58412170410156
C11 630.013 99.14479064941406
C11 649.987 99.44974517822266
C11 670.017 99.53723907470703
C11 699.987 99.31031036376953
C11 720.012 99.23992919921875
C11 749.995 98.61138153076172
C11 770.007 98.21784973144531
C11 800.008 97.08622741699219
C11 830.013 95.32728576660156
C11 869.994 90.43163299560547
C11 900.005 83.28707885742188
C11 919.989 76.1941909790039
C11 959.989 54.198116302490234
C11 1000.013 27.20262336730957
C11 1030.002 10.856966972351074
C11 1049.996 5.264009475708008
C11 1080.005 0.6836237766812374
C11 1100.007 0.09299413638978694
C12 319.992 44.90879821777344
C12 330.006 57.763919830322266
C12 349.994 79.94305419921875
C12 370.001 86.15347290039062
C12 400.009 89.0035171508789
C12 429.983 89.67927551269531
C12 449.989 90.45244598388672
C12 469.993 91.10015869140625
C12 500.016 93.465576171875
C12 549.99 96.55459594726562
C12 569.998 97.41572570800781
C12 599.983 98.30008697509766
C12 630.013 98.85144805908203
C12 649.987 99.1572494506836
C12 670.017 99.23908233642578
C12 699.987 99.01248931884766
C12 720.012 98.93958282470703
C12 749.995 98.3185043334961
C12 770.007 97.92406463623047
C12 800.008 96.79512023925781
C12 830.013 95.05573272705078
C12 869.994 90.176025390625
C12 900.005 83.0576400756836
C12 919.989 76.03617858886719
C12 959.989 54.01384353637695
C12 1000.013 27.275402069091797
C12 1030.002 10.760563850402832
C12 1049.996 5.219864368438721
C12 1080.005 0.681593405220384
C12 1100.007 0.0927179426016347
C13 319.992 45.10731506347656
C13 330.006 58.02035903930664
C13 349.994 80.27662658691406
C13 370.001 86.52100372314453
C13 400.009 89.31623840332031
C13 429.983 89.96826171875
C13 449.989 90.73687744140625
C13 469.993 91.38182067871094
C13 500.016 93.75519561767578
C13 549.99 96.84461975097656
C13 569.998 97.7097396850586
C13 599.983 98.5934066772461
C13 630.013 99.14835357666016
C13 649.987 99.45267486572266
C13 670.017 99.53662109375
C13 699.987 99.31069946289062
C13 720.012 99.23290252685547
C13 749.995 98.60902404785156
C13 770.007 98.21334838867188
C13 800.008 97.08495330810547
C13 830.013 95.34575653076172
C13 869.994 90.423095703125
C13 900.005 83.28467559814453
C13 919.989 76.24622344970703
C13 959.989 54.20964050292969
C13 1000.013 27.31502914428711
C13 1030.002 10.79481029510498
C13 1049.996 5.235893249511719
C13 1080.005 0.6836074336832934
C13 1100.007 0.09299191323279377
C14 319.992 45.17634201049805
C14 330.006 58.11351013183594
C14 349.994 80.39269256591797
C14 370.001 86.59313201904297
C14 400.009 89.33479309082031
C14 429.983 89.96452331542969
C14 449.989 90.72818756103516
C14 469.993 91.37299346923828
C14 500.016 93.73562622070312
C14 549.99 96.82585144042969
C14 569.998 97.68773651123047
C14 599.983 98.57150268554688
C14 630.013 99.11835479736328
C14 649.987 99.42138671875
C14 670.017 99.50396728515625
C14 699.987 99.27259063720703
C14 720.012 99.19965362548828
C14 749.995 98.56790924072266
C14 770.007 98.17352294921875
C14 800.008 97.04252624511719
C14 830.013 95.301513671875
C14 869.994 90.32156372070312
C14 900.005 83.22716522216797
C14 919.989 76.16150665283203
C14 959.989 54.27142333984375
C14 1000.013 26.962326049804688
C14 1030.002 10.914982795715332
C14 1049.996 5.31555700302124
C14 1080.005 0.6833224021087985
C14 1100.007 0.09295314005664321
C15 319.992 45.29937744140625
C15 330.006 58.28117752075195
C15 349.994 80.64665222167969
C15 370.001 86.84526824951172
C15 400.009 89.46556854248047
C15 429.983 90.05425262451172
C15 449.989 90.80088806152344
C15 469.993 91.43565368652344
C15 500.016 93.79649353027344
C15 549.99 96.88269805908203
C15 569.998 97.74685668945312
C15 599.983 98.62815856933594
C15 630.013 99.18358612060547
C15 649.987 99.48149871826172
C15 670.017 99.56481170654297
C15 699.987 99.33636474609375
C15 720.012 99.25659942626953
C15 749.995 98.62979888916016
C15 770.007 98.23442840576172
C15 800.008 97.1026382446289
C15 830.013 95.37570190429688
C15 869.994 90.35863494873047
C15 900.005 83.28954315185547
C15 919.989 76.17544555664062
C15 959.989 54.12012481689453
C15 1000.013 27.053606033325195
C15 1030.002 10.958534240722656
C15 1049.996 5.321242809295654
C15 1080.005 0.6837514543058052
C15 1100.007 0.09301150452535797
C16 319.992 45.370750427246094
C16 330.006 58.37119674682617
C16 349.994 80.6870346069336
C16 370.001 86.8389892578125
C16 400.009 89.37675476074219
C16 429.983 89.9448471069336
C16 449.989 90.68812561035156
C16 469.993 91.32433319091797
C16 500.016 93.67515563964844
C16 549.99 96.75697326660156
C16 569.998 97.61383819580078
C16 599.983 98.4902572631836
C16 630.013 99.04005432128906
C16 649.987 99.33489990234375
C16 670.017 99.41354370117188
C16 699.987 99.18047332763672
C16 720.012 99.0987777709961
C16 749.995 98.46937561035156
C16 770.007 98.07390594482422
C16 800.008 96.94363403320312
C16 830.013 95.2364273071289
C16 869.994 90.22514343261719
C16 900.005 83.16974639892578
C16 919.989 75.91007232666016
C16 959.989 54.222171783447266
C16 1000.013 27.146360397338867
C16 1030.002 10.991467475891113
C16 1049.996 5.298919200897217
C16 1080.005 0.6826393167583298
C16 1100.007 0.09286021916299651
C17 319.992 45.49556350708008
C17 330.006 58.53467559814453
C17 349.994 80.87165832519531
C17 370.001 86.98652648925781
C17 400.009 89.48075866699219
C17 429.983 90.0469970703125
C17 449.989 90.79566192626953
C17 469.993 91.43304443359375
C17 500.016 93.78907012939453
C17 549.99 96.87030792236328
C17 569.998 97.72468566894531
C17 599.983 98.60020446777344
C17 630.013 99.1405029296875
C17 649.987 99.43476104736328
C17 670.017 99.5107192993164
C17 699.987 99.27449798583984
C17 720.012 99.19081115722656
C17 749.995 98.55513000488281
C17 770.007 98.15618896484375
C17 800.008 97.02906799316406
C17 830.013 95.3188705444336
C17 869.994 90.3990478515625
C17 900.005 83.25944519042969
C17 919.989 75.94567108154297
C17 959.989 54.573272705078125
C17 1000.013 27.349498748779297
C17 1030.002 11.097603797912598
C17 1049.996 5.305452346801758
C17 1080.005 0.6832338034654596
C17 1100.007 0.09294108788028006
