lsstCam/transmission_sensor/r21_s11/19700101T000000.ecsv
# %ECSV 1.0
# ---
# datatype:
# - {name: amp_name, datatype: string}
# - {name: wavelength, unit: nm, datatype: float32}
# - {name: efficiency, unit: '%', datatype: float64}
# meta: !!omap
# - {MODE: AMP}
# - {TYPE: transmission_sensor}
# - {CALIBDATE: '1970-01-01T00:00:00'}
# - {INSTRUME: LSSTCAM}
# - {OBSTYPE: transmission_sensor}
# - {DETECTOR: 85}
# - {PARQUETFILE: qe_raft_allvalues_nircorrected_20230725.parquet}
# - {CALIBCLS: lsst.ip.isr.IntermediateSensorTransmissionCurve}
# - {CALIB_ID: 'raftName=R21 detectorName=S11 detector=85 calibDate=1970-01-01T00:00:00 ccd=85 ccdnum=85 filter=None'}
# - {DATE: '2024-01-18T22:42:25.275075'}
# - {CALIB_CREATION_DATE: '2024-01-18'}
# - {CALIB_CREATION_TIME: '22:42:25'}
# - __serialized_columns__:
#     efficiency:
#       __class__: astropy.units.quantity.Quantity
#       unit: !astropy.units.Unit {unit: '%'}
#       value: !astropy.table.SerializedColumn {name: efficiency}
#     wavelength:
#       __class__: astropy.units.quantity.Quantity
#       unit: !astropy.units.Unit {unit: nm}
#       value: !astropy.table.SerializedColumn {name: wavelength}
# schema: astropy-2.0
amp_name wavelength efficiency
C00 319.992 45.26775366509866
C00 330.006 56.467696187407476
C00 349.994 76.04403276973875
C00 370.001 81.61264363444793
C00 400.009 86.88821353994258
C00 429.983 88.02768145214431
C00 449.989 89.32285670108989
C00 469.993 90.6407439304312
C00 500.016 93.0636230518305
C00 549.99 96.30511902693327
C00 569.998 97.33751311678851
C00 599.983 98.4480950527146
C00 630.013 99.11002821761492
C00 649.987 99.41300087357014
C00 670.017 99.41984668847577
C00 699.987 98.9856781818737
C00 720.012 98.76235049382942
C00 749.995 98.81203968235262
C00 770.007 98.81774254908787
C00 800.008 97.9793530983098
C00 830.013 96.19336592270272
C00 869.994 91.29037362276036
C00 900.005 83.3442669932811
C00 919.989 74.50294793387746
C00 959.989 53.123877435586294
C00 1000.013 26.303225952446624
C00 1030.002 9.359690298078743
C00 1049.996 4.02919553500681
C00 1080.005 0.5988663523072925
C00 1100.007 0.11512402335030626
C01 319.992 45.37640539540734
C01 330.006 56.60965516678087
C01 349.994 76.3236947341789
C01 370.001 81.97566764182233
C01 400.009 87.20014932930691
C01 429.983 88.30141457139369
C01 449.989 89.58490823360643
C01 469.993 90.89264391107642
C01 500.016 93.31033025775723
C01 549.99 96.56096294672642
C01 569.998 97.59658347750076
C01 599.983 98.71418066496572
C01 630.013 99.38577768128225
C01 649.987 99.6872129683952
C01 670.017 99.70439447490267
C01 699.987 99.27486490842914
C01 720.012 99.0517993615802
C01 749.995 99.1043962199486
C01 770.007 99.11746533472737
C01 800.008 98.27960946784495
C01 830.013 96.47647171896153
C01 869.994 91.60076507358534
C01 900.005 83.5198884394302
C01 919.989 74.73627847164747
C01 959.989 53.31191124939492
C01 1000.013 26.299253201361292
C01 1030.002 9.348270854553506
C01 1049.996 4.029750499193999
C01 1080.005 0.6006382338698757
C01 1100.007 0.11546464381361812
C02 319.992 45.49247679473961
C02 330.006 56.74816153233576
C02 349.994 76.44070016235767
C02 370.001 82.00873355791968
C02 400.009 87.1634119650378
C02 429.983 88.2547749475961
C02 449.989 89.53485963541517
C02 469.993 90.8422867216455
C02 500.016 93.2595539327085
C02 549.99 96.49596735710516
C02 569.998 97.52623678538386
C02 599.983 98.63565594632009
C02 630.013 99.29695129536985
C02 649.987 99.59762976475223
C02 670.017 99.60428062957592
C02 699.987 99.17157302046999
C02 720.012 98.94867976970124
C02 749.995 98.99925078451739
C02 770.007 99.00470972302442
C02 800.008 98.16976146332598
C02 830.013 96.35454081853793
C02 869.994 91.53185722596655
C02 900.005 83.29483076139019
C02 919.989 74.70042610664304
C02 959.989 53.22175019559472
C02 1000.013 26.1776240579615
C02 1030.002 9.342716502187956
C02 1049.996 4.003763570912844
C02 1080.005 0.6000009756192864
C02 1100.007 0.115342139462792
C03 319.992 45.59490582434702
C03 330.006 56.87295417533141
C03 349.994 76.56130085087447
C03 370.001 82.11768846178144
C03 400.009 87.23197296858041
C03 429.983 88.3101965298222
C03 449.989 89.589284562108
C03 469.993 90.89525907912659
C03 500.016 93.31198121108889
C03 549.99 96.54786170158583
C03 569.998 97.57398458357129
C03 599.983 98.67776129686958
C03 630.013 99.34059068593024
C03 649.987 99.64107681408595
C03 670.017 99.64586649849196
C03 699.987 99.20945944594258
C03 720.012 98.9821528255649
C03 749.995 99.02470381395632
C03 770.007 99.02961143085486
C03 800.008 98.20003928654339
C03 830.013 96.3724422666912
C03 869.994 91.55267451071562
C03 900.005 83.2565100052412
C03 919.989 74.63904673716732
C03 959.989 53.19987367508607
C03 1000.013 26.23409124704415
C03 1030.002 9.374333967331914
C03 1049.996 4.015171736039755
C03 1080.005 0.6001552337511903
C03 1100.007 0.11537179351951242
C04 319.992 45.72699818430106
C04 330.006 57.03636177395439
C04 349.994 76.72997364939509
C04 370.001 82.21880150357423
C04 400.009 87.31379879271054
C04 429.983 88.40292081164138
C04 449.989 89.68302853676926
C04 469.993 90.99659684107017
C04 500.016 93.41143403114238
C04 549.99 96.65214578376074
C04 569.998 97.67551164150167
C04 599.983 98.77532602136165
C04 630.013 99.42863560803696
C04 649.987 99.72260036407012
C04 670.017 99.72599891563924
C04 699.987 99.28547677472909
C04 720.012 99.05312668877261
C04 749.995 99.0936128604639
C04 770.007 99.09951975587279
C04 800.008 98.26797486229589
C04 830.013 96.46333367990651
C04 869.994 91.59024017682835
C04 900.005 83.39234449643835
C04 919.989 75.130021398897
C04 959.989 53.23960888365592
C04 1000.013 26.248194697491197
C04 1030.002 9.399895754855784
C04 1049.996 4.0046464021000965
C04 1080.005 0.6005728680914995
C04 1100.007 0.11545207811950774
C05 319.992 45.78709213238041
C05 330.006 57.12111079353575
C05 349.994 76.90323475395196
C05 370.001 82.43343724353993
C05 400.009 87.4248087134003
C05 429.983 88.45865737444306
C05 449.989 89.72410566153229
C05 469.993 91.0205210673895
C05 500.016 93.43051509545496
C05 549.99 96.66484309289642
C05 569.998 97.6878341465024
C05 599.983 98.7941440978795
C05 630.013 99.45428600824695
C05 649.987 99.75425672235737
C05 670.017 99.75668303983207
C05 699.987 99.31625806293822
C05 720.012 99.09077243414342
C05 749.995 99.13441143993875
C05 770.007 99.14154958172472
C05 800.008 98.30548563510662
C05 830.013 96.53192367779828
C05 869.994 91.57202699024594
C05 900.005 83.60928818424411
C05 919.989 75.08678300956961
C05 959.989 53.08367304547021
C05 1000.013 26.33956244963025
C05 1030.002 9.471300215200682
C05 1049.996 4.024547344831086
C05 1080.005 0.6008201369213024
C05 1100.007 0.11549961223530229
C06 319.992 46.053022431091854
C06 330.006 57.44177602241752
C06 349.994 77.18637600259022
C06 370.001 82.6352079931989
C06 400.009 87.63555457573072
C06 429.983 88.69179549713088
C06 449.989 89.97338284206062
C06 469.993 91.28539805926036
C06 500.016 93.70995226098006
C06 549.99 96.94740776048648
C06 569.998 97.9710761620054
C06 599.983 99.0669105481949
C06 630.013 99.71819859368117
C06 649.987 100.01044951546616
C06 670.017 100.00464414224761
C06 699.987 99.55745073326885
C06 720.012 99.31766147255559
C06 749.995 99.35649180995287
C06 770.007 99.36308146749032
C06 800.008 98.52118224848707
C06 830.013 96.76485902238608
C06 869.994 91.86019060314823
C06 900.005 83.94005035190182
C06 919.989 75.18921510811388
C06 959.989 53.35754846392327
C06 1000.013 26.63039617957081
C06 1030.002 9.584733133248209
C06 1049.996 4.053320412396739
C06 1080.005 0.602166088275595
C06 1100.007 0.11575835332927589
C07 319.992 45.69136535809058
C07 330.006 56.9981821155434
C07 349.994 76.65137806906165
C07 370.001 82.0943797012538
C07 400.009 87.03883897034652
C07 429.983 88.06901890291972
C07 449.989 89.33272607640033
C07 469.993 90.63811355791563
C07 500.016 93.04187155148374
C07 549.99 96.25611320595945
C07 569.998 97.27186180297115
C07 599.983 98.36707554230613
C07 630.013 99.01295049328372
C07 649.987 99.3067007837261
C07 670.017 99.30414579802512
C07 699.987 98.86045968752086
C07 720.012 98.62557476647407
C07 749.995 98.66634144202173
C07 770.007 98.67090036302427
C07 800.008 97.84543136209626
C07 830.013 96.1090164641905
C07 869.994 91.36174606328689
C07 900.005 83.35964288962853
C07 919.989 74.59710467047621
C07 959.989 53.16014591384235
C07 1000.013 26.690594956443068
C07 1030.002 9.614355241015433
C07 1049.996 4.0530542486517
C07 1080.005 0.597983319626779
C07 1100.007 0.11495427216201715
C10 319.992 44.905248739535736
C10 330.006 56.00724846523402
C10 349.994 75.4938492103872
C10 370.001 81.18433341502822
C10 400.009 86.71191594692884
C10 429.983 87.9421117291132
C10 449.989 89.26404035510755
C10 469.993 90.59173993842155
C10 500.016 93.03212560117097
C10 549.99 96.28345128991482
C10 569.998 97.31688399131642
C10 599.983 98.43229215397147
C10 630.013 99.10098009257072
C10 649.987 99.40353154664781
C10 670.017 99.41934906670119
C10 699.987 98.98909323171968
C10 720.012 98.76536367912253
C10 749.995 98.81295365655396
C10 770.007 98.81862941697283
C10 800.008 97.97628973142322
C10 830.013 96.15548290131922
C10 869.994 91.41409153655394
C10 900.005 83.33883975478003
C10 919.989 74.73896155803418
C10 959.989 52.56482900494004
C10 1000.013 26.178411980790287
C10 1030.002 9.480661324953573
C10 1049.996 4.022037592316128
C10 1080.005 0.5988718906290971
C10 1100.007 0.11512508801838502
C11 319.992 45.17586716417626
C11 330.006 56.34897166201739
C11 349.994 75.97733199225758
C11 370.001 81.70592926921701
C11 400.009 87.18543052332615
C11 429.983 88.38608434992315
C11 449.989 89.6986927746473
C11 469.993 91.03226651691709
C11 500.016 93.46775664641594
C11 549.99 96.73093616902159
C11 569.998 97.76815183708952
C11 599.983 98.88572438323496
C11 630.013 99.56083323516464
C11 649.987 99.8652148629852
C11 670.017 99.88069038605848
C11 699.987 99.44748154426857
C11 720.012 99.22591570161846
C11 749.995 99.27135396102993
C11 770.007 99.27992410746072
C11 800.008 98.4399488755678
C11 830.013 96.61939719032947
C11 869.994 91.86463927084964
C11 900.005 83.80058490764807
C11 919.989 75.2690520016375
C11 959.989 52.90472869320399
C11 1000.013 26.25551980248125
C11 1030.002 9.433495319187925
C11 1049.996 4.030583675690818
C11 1080.005 0.6016501012083796
C11 1100.007 0.11565916173678499
C12 319.992 45.16472998776702
C12 330.006 56.3373748977154
C12 349.994 75.95202019971637
C12 370.001 81.61541177562067
C12 400.009 86.98463141235253
C12 429.983 88.1528787313977
C12 449.989 89.45655353681292
C12 469.993 90.7758280033476
C12 500.016 93.20445621829393
C12 549.99 96.45385131251709
C12 569.998 97.48425323210073
C12 599.983 98.600820694466
C12 630.013 99.26625968747223
C12 649.987 99.571497180503
C12 670.017 99.58150486373918
C12 699.987 99.14924913758415
C12 720.012 98.9256117384953
C12 749.995 98.97651663631605
C12 770.007 98.98296218010654
C12 800.008 98.14478264596036
C12 830.013 96.34416339157391
C12 869.994 91.60498123252185
C12 900.005 83.56973152229786
C12 919.989 75.11295817535905
C12 959.989 52.72485342517145
C12 1000.013 26.32576459542054
C12 1030.002 9.34973174120433
C12 1049.996 3.9967823405028193
C12 1080.005 0.5998631926241823
C12 1100.007 0.11531565253013243
C13 319.992 45.36437816563023
C13 330.006 56.5874810521707
C13 349.994 76.26893949911123
C13 370.001 81.96358322396117
C13 400.009 87.29025914201081
C13 429.983 88.43694621334095
C13 449.989 89.7378533693424
C13 469.993 91.05648723031186
C13 500.016 93.49326653821821
C13 549.99 96.74357250668483
C13 569.998 97.77847403458702
C13 599.983 98.89503776230052
C13 630.013 99.56441111356908
C13 649.987 99.86815678979602
C13 670.017 99.88007027277015
C13 699.987 99.44787118082817
C13 720.012 99.21889002147934
C13 749.995 99.26898070028865
C13 770.007 99.2753740896162
C13 800.008 98.43865700114846
C13 830.013 96.63811831602237
C13 869.994 91.85596669391954
C13 900.005 83.7981668310882
C13 919.989 75.32045270151771
C13 959.989 52.915977879324274
C13 1000.013 26.364011989558094
C13 1030.002 9.37948808813062
C13 1049.996 4.009055446524105
C13 1080.005 0.6016357179076482
C13 1100.007 0.11565639674014948
C14 319.992 45.433798491887615
C14 330.006 56.67833167375888
C14 349.994 76.37921106266491
C14 370.001 82.03191222303973
C14 400.009 87.30839294958184
C14 429.983 88.43327143995924
C14 449.989 89.72925916561259
C14 469.993 91.04769144707339
C14 500.016 93.47375181335306
C14 549.99 96.72482377890947
C14 569.998 97.75645538252873
C14 599.983 98.87306675876951
C14 630.013 99.53428645000106
C14 649.987 99.83673793080861
C14 670.017 99.84730379284368
C14 699.987 99.4097097177841
C14 720.012 99.18564581513162
C14 749.995 99.22759072574235
C14 770.007 99.23511799953417
C14 800.008 98.39563835656183
C14 830.013 96.59327576835896
C14 869.994 91.752825805818
C14 900.005 83.74030187518855
C14 919.989 75.23676452388284
C14 959.989 52.97628632632993
C14 1000.013 26.02358882681607
C14 1030.002 9.48390460932755
C14 1049.996 4.0700529477485015
C14 1080.005 0.6013848646145182
C14 1100.007 0.11560817355936043
C15 319.992 45.557535092207026
C15 330.006 56.84185832803078
C15 349.994 76.62049217329472
C15 370.001 82.27076739138624
C15 400.009 87.43620199381499
C15 429.983 88.52147350065766
C15 449.989 89.80115922473583
C15 469.993 91.1101285842709
C15 500.016 93.53444907455155
C15 549.99 96.78161108405345
C15 569.998 97.81561714910283
C15 599.983 98.92989597236102
C15 630.013 99.59979150430078
C15 649.987 99.89710105930455
C15 670.017 99.90835815672537
C15 699.987 99.4735719138973
C15 720.012 99.2425835746955
C15 749.995 99.28989458054279
C15 770.007 99.29668205453892
C15 800.008 98.45658852751993
C15 830.013 96.66846958340965
C15 869.994 91.79048447543668
C15 900.005 83.80306439567615
C15 919.989 75.25053418351351
C15 959.989 52.828598401833865
C15 1000.013 26.11169074928627
C15 1030.002 9.521745965358818
C15 1049.996 4.074406495753791
C15 1080.005 0.6017624689439142
C15 1100.007 0.11568076292669933
C16 319.992 45.62931482717668
C16 330.006 56.929654428126526
C16 349.994 76.65885853008758
C16 370.001 82.26481914025004
C16 400.009 87.34940279400645
C16 429.983 88.41393013271146
C16 449.989 89.68963830188542
C16 469.993 90.99920440688763
C16 500.016 93.41345017230778
C16 549.99 96.6560174722607
C16 569.998 97.68250508300146
C16 599.983 98.79157277876197
C16 630.013 99.45565740061181
C16 649.987 99.74988979974756
C16 670.017 99.75656820403793
C16 699.987 99.31746517227975
C16 720.012 99.0847842051432
C16 749.995 99.12839764330305
C16 770.007 99.13442379106652
C16 800.008 98.29536724145093
C16 830.013 96.52730719203262
C16 869.994 91.65487761346547
C16 900.005 83.68252903649119
C16 919.989 74.98838307736492
C16 959.989 52.9282101124938
C16 1000.013 26.201215719295384
C16 1030.002 9.550361279433046
C16 1049.996 4.057313598788374
C16 1080.005 0.6007836883765609
C16 1100.007 0.1154926054914775
C17 319.992 45.7548392071057
C17 330.006 57.08909598544507
C17 349.994 76.83426519323328
C17 370.001 82.40458497314415
C17 400.009 87.45104755749671
C17 429.983 88.51434144048214
C17 449.989 89.79599062986759
C17 469.993 91.10752862068615
C17 500.016 93.52704641283857
C17 549.99 96.7692338751481
C17 569.998 97.79343053229236
C17 599.983 98.90185634960324
C17 630.013 99.55652752282353
C17 649.987 99.8501681331507
C17 670.017 99.85407910469763
C17 699.987 99.41161970091943
C17 720.012 99.17680459549945
C17 749.995 99.21472596282436
C17 770.007 99.21759657488543
C17 800.008 98.38199244952159
C17 830.013 96.61086790423312
C17 869.994 91.83153777302263
C17 900.005 83.7727808654262
C17 919.989 75.02354959725363
C17 959.989 53.27093233736125
C17 1000.013 26.397281478721258
C17 1030.002 9.642581924437797
C17 1049.996 4.062315943741449
C17 1080.005 0.6013068898796567
C17 1100.007 0.11559318396249572
