lsstCam/transmission_sensor/r21_s11/19700101T000000.ecsv
# %ECSV 1.0
# ---
# datatype:
# - {name: amp_name, datatype: string}
# - {name: wavelength, unit: nm, datatype: float32}
# - {name: efficiency, unit: '%', datatype: float64}
# meta: !!omap
# - {MODE: AMP}
# - {TYPE: transmission_sensor}
# - {CALIBDATE: '1970-01-01T00:00:00'}
# - {INSTRUME: LSSTCam}
# - {OBSTYPE: transmission_sensor}
# - {DETECTOR: 85}
# - {PARQUETFILE: qe_raft_allvalues_nircorrected_20230725_adjust.parquet}
# - {CORRFILE: qe_corr_factor_bydetnum.parquet}
# - {CALIBCLS: lsst.ip.isr.IntermediateSensorTransmissionCurve}
# - {CALIB_ID: 'raftName=R21 detectorName=S11 detector=85 calibDate=1970-01-01T00:00:00 ccd=85 ccdnum=85 filter=None'}
# - {DATE: '2025-03-03T21:56:47.853555'}
# - {CALIB_CREATION_DATE: '2025-03-03'}
# - {CALIB_CREATION_TIME: '21:56:47'}
# - __serialized_columns__:
#     efficiency:
#       __class__: astropy.units.quantity.Quantity
#       unit: !astropy.units.Unit {unit: '%'}
#       value: !astropy.table.SerializedColumn {name: efficiency}
#     wavelength:
#       __class__: astropy.units.quantity.Quantity
#       unit: !astropy.units.Unit {unit: nm}
#       value: !astropy.table.SerializedColumn {name: wavelength}
# schema: astropy-2.0
amp_name wavelength efficiency
C00 319.992 44.67383127752965
C00 330.006 57.46353776004759
C00 349.994 79.43991804249644
C00 370.001 85.50476137542945
C00 400.009 88.23842551315866
C00 429.983 88.88062414733753
C00 449.989 89.64023737910604
C00 469.993 90.28271618483855
C00 500.016 92.62478378481796
C00 549.99 95.68304559795509
C00 569.998 96.53995408087988
C00 599.983 97.41210541076377
C00 630.013 97.95603955165483
C00 649.987 98.2573072660687
C00 670.017 98.33528582443179
C00 699.987 98.10816513307982
C00 720.012 98.03586572783115
C00 749.995 97.41934443793362
C00 770.007 97.02779333340874
C00 800.008 95.90760688430349
C00 830.013 94.19552395320486
C00 869.994 89.1926822526688
C00 900.005 82.21263203704042
C00 919.989 74.85332797643092
C00 959.989 54.014667581802584
C00 1000.013 27.04776746802494
C00 1030.002 10.691277390723796
C00 1049.996 5.222750813958233
C00 1080.005 0.6753599745543629
C00 1100.007 0.09187000178783453
C01 319.992 44.781057474432025
C01 330.006 57.60800027087019
C01 349.994 79.73206882311062
C01 370.001 85.88509804560438
C01 400.009 88.55520867388114
C01 429.983 89.15700959890607
C01 449.989 89.90322002932454
C01 469.993 90.53362116943372
C01 500.016 92.87032764887311
C01 549.99 95.93723691915247
C01 569.998 96.7969016843888
C01 599.983 97.67539094914838
C01 630.013 98.22857832351387
C01 649.987 98.52833159709724
C01 670.017 98.61672950837425
C01 699.987 98.39478820466263
C01 720.012 98.32318544219599
C01 749.995 97.70758038900092
C01 770.007 97.3220870477981
C01 800.008 96.20151441628107
C01 830.013 94.47274991943434
C01 869.994 89.4959414567748
C01 900.005 82.38586892364276
C01 919.989 75.08775584479012
C01 959.989 54.20585437834857
C01 1000.013 27.043682263884634
C01 1030.002 10.678233322545488
C01 1049.996 5.223470173352726
C01 1080.005 0.6773581798006739
C01 1100.007 0.0921418199684606
C02 319.992 44.895605992749914
C02 330.006 57.748949278966
C02 349.994 79.8542993425413
C02 370.001 85.91974087960236
C02 400.009 88.51790042402146
C02 429.983 89.10991806128129
C02 449.989 89.85299359918059
C02 469.993 90.48346288912714
C02 500.016 92.81979075835892
C02 549.99 95.87266116213942
C02 569.998 96.72713139532708
C02 599.983 97.59769256233893
C02 630.013 98.14078618856905
C02 649.987 98.4397898139413
C02 670.017 98.51770779467118
C02 699.987 98.29241200451997
C02 720.012 98.22082438646164
C02 749.995 97.60391691415234
C02 770.007 97.21137385088348
C02 800.008 96.09398911731468
C02 830.013 94.35335140435673
C02 869.994 89.42861698965436
C02 900.005 82.16386704229791
C02 919.989 75.05173486963638
C02 959.989 54.11418148877557
C02 1000.013 26.91861027484571
C02 1030.002 10.671888761991159
C02 1049.996 5.18978522318005
C02 1080.005 0.6766395241035482
C02 1100.007 0.09204406039924222
C03 319.992 44.99669113208456
C03 330.006 57.87594271480863
C03 349.994 79.98028567523164
C03 370.001 86.03389185720225
C03 400.009 88.58752684120428
C03 429.983 89.16587664996872
C03 449.989 89.90761190773303
C03 469.993 90.5362260076622
C03 500.016 92.87197081717423
C03 549.99 95.92422030021422
C03 569.998 96.7744879600972
C03 599.983 97.63935482958634
C03 630.013 98.18391746342205
C03 649.987 98.4827317836905
C03 670.017 98.55884000762791
C03 699.987 98.32996256491253
C03 720.012 98.2540512182831
C03 749.995 97.62901119871394
C03 770.007 97.2358244980921
C03 800.008 96.12362672436781
C03 830.013 94.3708810569699
C03 869.994 89.44895593000814
C03 900.005 82.12606659916833
C03 919.989 74.99006683901791
C03 959.989 54.09193813907741
C03 1000.013 26.976675829338603
C03 1030.002 10.708004389696807
C03 1049.996 5.204572791364487
C03 1080.005 0.6768134857356152
C03 1100.007 0.09206772460211352
C04 319.992 45.12705041267301
C04 330.006 58.04223210410099
C04 349.994 80.15649086586178
C04 370.001 86.13982699329661
C04 400.009 88.6706242095745
C04 429.983 89.25949938211102
C04 449.989 90.00168897212447
C04 469.993 90.63716348901586
C04 500.016 92.97095466985652
C04 549.99 96.02783076963374
C04 569.998 96.87518313091799
C04 599.983 97.73589286032737
C04 630.013 98.27093723354331
C04 649.987 98.56330760807792
C04 670.017 98.63809826849278
C04 699.987 98.40530599623054
C04 720.012 98.32450300571854
C04 749.995 97.69694901437073
C04 770.007 97.30446652873509
C04 800.008 96.19012582123563
C04 830.013 94.45988474457914
C04 869.994 89.48565840353561
C04 900.005 82.26005675164792
C04 919.989 75.48335050633247
C04 959.989 54.13233963433341
C04 1000.013 26.9911784933418
C04 1030.002 10.73720280890909
C04 1049.996 5.190929572532606
C04 1080.005 0.6772844648052483
C04 1100.007 0.09213179243201086
C05 319.992 45.186355915595875
C05 330.006 58.12847572329661
C05 349.994 80.33748926172049
C05 370.001 86.36469874001527
C05 400.009 88.78335918499786
C05 429.983 89.31577600337286
C05 449.989 90.04291205153103
C05 469.993 90.66099321548398
C05 500.016 92.98994575787115
C05 549.99 96.04044606175191
C05 569.998 96.88740466842023
C05 599.983 97.75451291033852
C05 630.013 98.29628897304609
C05 649.987 98.59459595563631
C05 670.017 98.66844766273626
C05 699.987 98.43581440676121
C05 720.012 98.36187183321144
C05 749.995 97.73717256282914
C05 770.007 97.34573504136655
C05 800.008 96.22684343917139
C05 830.013 94.52705019541237
C05 869.994 89.46786372377709
C05 900.005 82.47405481320351
C05 919.989 75.43990877110922
C05 959.989 53.97378903768497
C05 1000.013 27.085132509415764
C05 1030.002 10.818765859412904
C05 1049.996 5.21672570576659
C05 1080.005 0.6775633174573641
C05 1100.007 0.0921697250821732
C06 319.992 45.448797153217484
C06 330.006 58.45479607514923
C06 349.994 80.6332747003279
C06 370.001 86.57609196334236
C06 400.009 88.9973799631659
C06 429.983 89.55117311386358
C06 449.989 90.29307496011926
C06 469.993 90.92482395256758
C06 500.016 93.26806524419064
C06 549.99 96.32118553070818
C06 569.998 97.16832587027616
C06 599.983 98.02440898294832
C06 630.013 98.55712868948943
C06 649.987 98.84781046249802
C06 670.017 98.91370378303361
C06 699.987 98.67486889185763
C06 720.012 98.58709190132112
C06 749.995 97.95612284590051
C06 770.007 97.56325417785308
C06 800.008 96.4379792075573
C06 830.013 94.75514770110003
C06 869.994 89.74940584637353
C06 900.005 82.80032594572914
C06 919.989 75.54282259774669
C06 959.989 54.25225684539548
C06 1000.013 27.384198605472275
C06 1030.002 10.948336684243966
C06 1049.996 5.254022124057279
C06 1080.005 0.6790811881289828
C06 1100.007 0.09237620279268206
C07 319.992 45.0918850965885
C07 330.006 58.00337912459419
C07 349.994 80.07438545623555
C07 370.001 86.00947149881023
C07 400.009 88.3913916092446
C07 429.983 88.92236213662646
C07 449.989 89.65014182213758
C07 469.993 90.28009620220176
C07 500.016 92.60313485314579
C07 549.99 95.6343563252541
C07 569.998 96.47484069737199
C07 599.983 97.33193848540058
C07 630.013 97.8600921528377
C07 649.987 98.15224293345189
C07 670.017 98.2208471030741
C07 699.987 97.9840567070193
C07 720.012 97.90009610737569
C07 749.995 97.2756997251595
C07 770.007 96.88361099413979
C07 800.008 95.77651688601432
C07 830.013 94.1129263503087
C07 869.994 89.26241468070975
C07 900.005 82.227799161958
C07 919.989 74.9479275229089
C07 959.989 54.05154421602557
C07 1000.013 27.446101374419477
C07 1030.002 10.982173078499693
C07 1049.996 5.253677115505578
C07 1080.005 0.6743641514857524
C07 1100.007 0.09173453881913551
C10 319.992 44.31608249234182
C10 330.006 56.994969767087
C10 349.994 78.86516503070446
C10 370.001 85.05602498514442
C10 400.009 88.05938831817546
C10 429.983 88.79422529795679
C10 449.989 89.58121204773681
C10 469.993 90.23390575687112
C10 500.016 92.59343485962636
C10 549.99 95.66151782154935
C10 569.998 96.51949398525964
C10 599.983 97.39646880918873
C10 630.013 97.94709677855064
C10 649.987 98.24794802173612
C10 670.017 98.33479363116187
C10 699.987 98.11154990833602
C10 720.012 98.0388567484714
C10 749.995 97.42024553022777
C10 770.007 97.02866413688629
C10 800.008 95.90460829145908
C10 830.013 94.15842772506146
C10 869.994 89.31355734755617
C10 900.005 82.20727848870456
C10 919.989 75.09045154946844
C10 959.989 53.44624493268214
C10 1000.013 26.919420500690038
C10 1030.002 10.829458758201842
C10 1049.996 5.213472497557546
C10 1080.005 0.6753662202899241
C10 1100.007 0.0918708514024975
C11 319.992 44.583150346700634
C11 330.006 57.34271945669138
C11 349.994 79.37023861988456
C11 370.001 85.60249581442659
C11 400.009 88.54026114288398
C11 429.983 89.24249978378852
C11 449.989 90.01740886794519
C11 469.993 90.67269227089969
C11 500.016 93.02701169719795
C11 549.99 96.10611221616293
C11 569.998 96.96706425610519
C11 599.983 97.84512947743224
C11 630.013 98.40159561619578
C11 649.987 98.70426418837788
C11 670.017 98.79110222559947
C11 699.987 98.56587458528564
C11 720.012 98.49602100197825
C11 749.995 97.87218496286934
C11 770.007 97.481603100476
C11 800.008 96.35846349175125
C11 830.013 94.61270696878616
C11 869.994 89.7537522915571
C11 900.005 82.66275414068538
C11 919.989 75.62303495633479
C11 959.989 53.791844116307196
C11 1000.013 26.998710943422562
C11 1030.002 10.775582525656356
C11 1049.996 5.224550158969985
C11 1080.005 0.6784992936691547
C11 1100.007 0.09229704701342523
C12 319.992 44.57215929237319
C12 330.006 57.33091817651961
C12 349.994 79.3437964829838
C12 370.001 85.50766152961988
C12 400.009 88.33634168505546
C12 429.983 89.00703452346042
C12 449.989 89.7744092644853
C12 469.993 90.41726668042544
C12 500.016 92.76495285588605
C12 549.99 95.83081716199236
C12 569.998 96.68549184469214
C12 599.983 97.56322388903646
C12 630.013 98.11045193873389
C12 649.987 98.41396102557692
C12 670.017 98.49518048731731
C12 699.987 98.27028602398619
C12 720.012 98.1979260411043
C12 749.995 97.58150318986075
C12 770.007 97.19002023517325
C12 800.008 96.06953847010605
C12 830.013 94.343189506384
C12 869.994 89.50006073583378
C12 900.005 82.43503524520534
C12 919.989 75.46620703613107
C12 959.989 53.60895266941034
C12 1000.013 27.070944091884897
C12 1030.002 10.67990204703561
C12 1049.996 5.180735965954978
C12 1080.005 0.6764841419891432
C12 1100.007 0.0920229235897391
C13 319.992 44.769188044422876
C13 330.006 57.58543510249555
C13 349.994 79.67486839294217
C13 370.001 85.8724373202613
C13 400.009 88.64671876106486
C13 429.983 89.2938544723512
C13 449.989 90.056708607497
C13 469.993 90.69681731332976
C13 500.016 93.0524012977215
C13 549.99 96.11866693064788
C13 569.998 96.97730187611945
C13 599.983 97.8543448498859
C13 630.013 98.40513183553503
C13 649.987 98.70717191477246
C13 670.017 98.79048887706311
C13 699.987 98.56626076769741
C13 720.012 98.48904700195374
C13 749.995 97.86984515178621
C13 770.007 97.47713550002598
C13 800.008 96.35719893365777
C13 830.013 94.63103927503951
C13 869.994 89.74527899511038
C13 900.005 82.66036889637732
C13 919.989 75.67467738865528
C13 959.989 53.80328193067964
C13 1000.013 27.11027412025331
C13 1030.002 10.713891778425426
C13 1049.996 5.1966446936167525
C13 1080.005 0.6784830731792599
C13 1100.007 0.09229484052134429
C14 319.992 44.837697561493194
C14 330.006 57.67788792909627
C14 349.994 79.79006433471511
C14 370.001 85.94402493831963
C14 400.009 88.66513436156389
C14 429.983 89.29014409231644
C14 449.989 90.04808386696723
C14 469.993 90.68805627312524
C14 500.016 93.03297859407017
C14 549.99 96.10003930843257
C14 569.998 96.95546363934346
C14 599.983 97.83260505176389
C14 630.013 98.37535792880715
C14 649.987 98.6761183055428
C14 670.017 98.75807984329015
C14 699.987 98.52843760795537
C14 720.012 98.45604733625686
C14 749.995 97.82903854360804
C14 770.007 97.4376085943496
C14 800.008 96.31508990636536
C14 830.013 94.5871280631588
C14 869.994 89.64450810224808
C14 900.005 82.6032896214753
C14 919.989 75.59059563374522
C14 959.989 53.86460163990709
C14 1000.013 26.7602149083824
C14 1030.002 10.833163459083483
C14 1049.996 5.275711283064018
C14 1080.005 0.6782001782177841
C14 1100.007 0.09225635799114446
C15 319.992 44.9598107117595
C15 330.006 57.84429847365507
C15 349.994 80.04212029434147
C15 370.001 86.19427114115354
C15 400.009 88.79492951294297
C15 429.983 89.37920078535473
C15 449.989 90.120239400337
C15 469.993 90.75024678583024
C15 500.016 93.09338963879932
C15 549.99 96.15645980157332
C15 569.998 97.01414064932167
C15 599.983 97.88883623980082
C15 630.013 98.44010027431156
C15 649.987 98.73577970206084
C15 670.017 98.81846817140683
C15 699.987 98.59173366246664
C15 720.012 98.51256626805159
C15 749.995 97.89046426369363
C15 770.007 97.4980575000995
C15 800.008 96.37475130288341
C15 830.013 94.66076017633833
C15 869.994 89.68130144222539
C15 900.005 82.66519996262664
C15 919.989 75.60443005073195
C15 959.989 53.71443725935762
C15 1000.013 26.850810651914703
C15 1030.002 10.87638843996287
C15 1049.996 5.281354468208715
C15 1080.005 0.6786260142149309
C15 1100.007 0.09231428495645656
C16 319.992 45.03064868160673
C16 330.006 57.93364291045116
C16 349.994 80.08219997092098
C16 370.001 86.18803921713598
C16 400.009 88.706781484403
C16 429.983 89.27061537780698
C16 449.989 90.00832222296212
C16 469.993 90.63976075504019
C16 500.016 92.97296130395696
C16 549.99 96.03167744934323
C16 569.998 96.88211926992173
C16 599.983 97.75196864974325
C16 630.013 98.2976443975894
C16 649.987 98.59027979926934
C16 670.017 98.66833407967397
C16 699.987 98.43701081501732
C16 720.012 98.35592765295168
C16 749.995 97.73124352697769
C16 770.007 97.33873832472959
C16 800.008 96.21693899613985
C16 830.013 94.52252958953329
C16 869.994 89.54881058616799
C16 900.005 82.54630121302311
C16 919.989 75.34104607369335
C16 959.989 53.81571927600022
C16 1000.013 26.942869723899488
C16 1030.002 10.909074805712926
C16 1049.996 5.259198198858316
C16 1080.005 0.6775222133142538
C16 1100.007 0.09216413363784232
C17 319.992 45.15452615544058
C17 330.006 58.09589631493021
C17 349.994 80.26543973920886
C17 370.001 86.33447050103824
C17 400.009 88.81000577141073
C17 429.983 89.37199961920564
C17 449.989 90.11505244049249
C17 469.993 90.74765709201006
C17 500.016 93.08602188415888
C17 549.99 96.14416254202956
C17 569.998 96.99213582405433
C17 599.983 97.86109168378584
C17 630.013 98.39734003746204
C17 649.987 98.68939237942224
C17 670.017 98.76478124396516
C17 699.987 98.5303306589935
C17 720.012 98.44727115164405
C17 749.995 97.81635510165249
C17 770.007 97.42040454651497
C17 800.008 96.30173253824024
C17 830.013 94.60435482760589
C17 869.994 89.72141140762152
C17 900.005 82.6353276172448
C17 919.989 75.37637797826922
C17 959.989 54.164188324999095
C17 1000.013 27.14448533861459
C17 1030.002 11.014415523781306
C17 1049.996 5.265682371926707
C17 1080.005 0.6781122437149538
C17 1100.007 0.0922443961585861
