lsstCam/transmission_filter_detector/r01_s11/i_39/19700101T000000.ecsv
# %ECSV 1.0
# ---
# datatype:
# - {name: wavelength, unit: nm, datatype: float32}
# - {name: efficiency, unit: '%', datatype: float64}
# meta: !!omap
# - {MODE: DETECTOR}
# - {TYPE: transmission_filter_detector}
# - {CALIBDATE: '1970-01-01T00:00:00'}
# - {INSTRUME: LSSTCam}
# - {OBSTYPE: transmission_filter_detector}
# - {CALIBCLS: lsst.ip.isr.IntermediateFilterDetectorTransmissionCurve}
# - {SOURCE: Materion (DM-46256)}
# - {DETECTOR: 4}
# - {FILTER: i_39}
# - {CALIB_ID: 'calibDate=1970-01-01T00:00:00 filter=i_39 detector=4'}
# - {DATE: '2025-04-02T15:59:46.497359'}
# - {CALIB_CREATION_DATE: '2025-04-02'}
# - {CALIB_CREATION_TIME: '15:59:46'}
# - __serialized_columns__:
#     efficiency:
#       __class__: astropy.units.quantity.Quantity
#       unit: !astropy.units.Unit {unit: '%'}
#       value: !astropy.table.SerializedColumn {name: efficiency}
#     wavelength:
#       __class__: astropy.units.quantity.Quantity
#       unit: !astropy.units.Unit {unit: nm}
#       value: !astropy.table.SerializedColumn {name: wavelength}
# schema: astropy-2.0
wavelength efficiency
300.0 0.07840429898351431
301.0 0.04456535680219531
302.0 0.010726451000664383
303.0 0.02826800337061286
304.0 0.04580955719575286
305.0 0.037275010254234076
306.0 0.028740466223098338
307.0 0.010913559526670724
308.0 1.6751821284299862e-10
309.0 1.6751821284299862e-10
310.0 1.6751821284299862e-10
311.0 1.6751821284299862e-10
312.0 0.0019731865904759616
313.0 1.6751821284299862e-10
314.0 1.6751821284299862e-10
315.0 1.6751821284299862e-10
316.0 1.6751821284299862e-10
317.0 1.6751821284299862e-10
318.0 1.6751821284299862e-10
319.0 1.6751821284299862e-10
320.0 1.6751821284299862e-10
321.0 1.6751821284299862e-10
322.0 1.6751821284299862e-10
323.0 1.6751821284299862e-10
324.0 1.6751821284299862e-10
325.0 1.6751821284299862e-10
326.0 1.6751821284299862e-10
327.0 1.6751821284299862e-10
328.0 0.0030108476494206116
329.0 0.002615429912111722
330.0 0.0022200127204996534
331.0 0.0012181317288195714
332.0 0.00021625132831104565
333.0 0.0019673287170007825
334.0 0.0037184057873673737
335.0 0.0024062157535809092
336.0 0.0010940265383396763
337.0 0.0023538945242762566
338.0 0.003613762601162307
339.0 0.0031469808163819835
340.0 0.0026801997591974214
341.0 1.6751821284299862e-10
342.0 1.6751821284299862e-10
343.0 1.6751821284299862e-10
344.0 1.6751821284299862e-10
345.0 1.6751821284299862e-10
346.0 1.6751821284299862e-10
347.0 1.6751821284299862e-10
348.0 1.6751821284299862e-10
349.0 1.6751821284299862e-10
350.0 5.806121521345631e-05
351.0 1.6751821284299862e-10
352.0 1.6751821284299862e-10
353.0 1.6751821284299862e-10
354.0 1.6751821284299862e-10
355.0 1.6751821284299862e-10
356.0 7.702015523136652e-05
357.0 0.00041585244616726413
358.0 0.0007546848337369738
359.0 0.0010932865734503139
360.0 0.001431887812941568
361.0 0.0010848075362446252
362.0 0.0007377272140729474
363.0 0.0005056736881670076
364.0 0.0002736202759479056
365.0 0.0009629943633626681
366.0 0.0016523690646863542
367.0 0.0012100481399102136
368.0 0.000767727215134073
369.0 0.001071727729140548
370.0 0.0013757284250459634
371.0 0.001380583671561908
372.0 0.0013854389180778526
373.0 0.0011579017154872417
374.0 0.0009303644219471607
375.0 0.0002970351943076821
376.0 1.6751821284299862e-10
377.0 1.6751821284299862e-10
378.0 3.747580876733991e-05
379.0 1.6751821284299862e-10
380.0 1.6751821284299862e-10
381.0 1.6751821284299862e-10
382.0 1.6751821284299862e-10
383.0 0.00013293192751007155
384.0 0.0014499654753308278
385.0 0.0010078905688715167
386.0 0.0005658155714627355
387.0 1.6751821284299862e-10
388.0 1.6751821284299862e-10
389.0 1.6751821284299862e-10
390.0 1.6751821284299862e-10
391.0 1.6751821284299862e-10
392.0 1.6751821284299862e-10
393.0 1.6751821284299862e-10
394.0 0.0004952254130330402
395.0 1.6751821284299862e-10
396.0 1.6751821284299862e-10
397.0 1.6751821284299862e-10
398.0 1.6751821284299862e-10
399.0 5.7753953797146096e-05
400.0 0.0009003199920698535
401.0 1.6751821284299862e-10
402.0 1.6751821284299862e-10
403.0 0.00048704082473705057
404.0 0.003386287426110357
405.0 0.005538306140806526
406.0 0.007690323400311172
407.0 0.003891732558258809
408.0 9.313898203799909e-05
409.0 0.00013738433608523337
410.0 0.00018162793367082486
411.0 0.002947643952211365
412.0 0.005713660721085034
413.0 0.005126971154822968
414.0 0.004540283043752424
415.0 0.0043604733946267515
416.0 0.004180663381703198
417.0 0.002789077188936062
418.0 0.0013974909052194562
419.0 0.0037150999560253695
420.0 0.006032708915881813
421.0 0.0047959558287402615
422.0 0.0035592027415987104
423.0 0.004370538590592332
424.0 0.005181874075788073
425.0 0.003957088847528212
426.0 0.0027323021640768275
427.0 0.0033312910090899095
428.0 0.003930280217900872
429.0 0.004896885366179049
430.0 0.005863491242052987
431.0 0.004856114537687972
432.0 0.003848738197120838
433.0 0.004809890742762946
434.0 0.005771042924607173
435.0 0.0038708873034920543
436.0 0.001970731682376936
437.0 0.0016306301404256374
438.0 0.0012905285075248685
439.0 0.0019223911294830032
440.0 0.0025542540242895484
441.0 0.0008636683560325764
442.0 1.6751821284299862e-10
443.0 1.6751821284299862e-10
444.0 1.6751821284299862e-10
445.0 1.6751821284299862e-10
446.0 1.6751821284299862e-10
447.0 0.00013509884411178064
448.0 0.0005712830898119137
449.0 1.6751821284299862e-10
450.0 1.6751821284299862e-10
451.0 1.6751821284299862e-10
452.0 0.0007991704478627071
453.0 0.0017396196199115366
454.0 0.0026800691557582468
455.0 0.0021980866222293116
456.0 0.0017161040887003765
457.0 0.0012581227565533482
458.0 0.0008001414244063199
459.0 0.00031877748369879555
460.0 1.6751821284299862e-10
461.0 0.0002558919504735968
462.0 0.0006743704034306575
463.0 0.00023592035631736508
464.0 1.6751821284299862e-10
465.0 0.0002795512045850046
466.0 0.0007616321909154067
467.0 0.0008352206350537017
468.0 0.0009088091246667318
469.0 0.0006253609171835706
470.0 0.0003419126869630418
471.0 0.000554507960259798
472.0 0.0007671033017686568
473.0 0.0009202989531331696
474.0 0.0010734948773460928
475.0 0.0007947513950057328
476.0 0.0005160082764632534
477.0 0.0009208843039232306
478.0 0.0013257603313832078
479.0 0.0012727948160318192
480.0 0.0012198292097309604
481.0 0.002455450885463506
482.0 0.0036910711060045287
483.0 0.00511536818521563
484.0 0.00653966490062885
485.0 0.006335183570627123
486.0 0.006130702240625396
487.0 0.00909544323803857
488.0 0.012060184963047504
489.0 0.015915886615402997
490.0 0.019771586812566966
491.0 0.023079563106875867
492.0 0.026387537945993245
493.0 0.029111452749930322
494.0 0.031835370464250445
495.0 0.02885012945625931
496.0 0.02586488553788513
497.0 0.019772007362917066
498.0 0.013679126277565956
499.0 0.009966540528694168
500.0 0.006253954052226618
501.0 0.004504057505982928
502.0 0.0027541616873349994
503.0 0.0022984904717304744
504.0 0.001842819074227009
505.0 0.0018209904737886973
506.0 0.0017991622371482663
507.0 0.0019336786863277666
508.0 0.0020681949536083266
509.0 0.0022481015548692085
510.0 0.0024280081561300904
511.0 0.0018780283426167443
512.0 0.0013280486200528685
513.0 0.0015710242223576643
514.0 0.0018139995518140495
515.0 0.0022675998479826376
516.0 0.0027212001441512257
517.0 0.0022462840206571855
518.0 0.0017713680790620856
519.0 0.002045015207841061
520.0 0.002318662518518977
521.0 0.00188600315595977
522.0 0.0014533437024510931
523.0 0.0014835191905149259
524.0 0.0015136950423766393
525.0 0.0020550387489493005
526.0 0.0025963823645724915
527.0 0.0027856602173415013
528.0 0.002974938070110511
529.0 0.0029234670364530757
530.0 0.0028719956389977597
531.0 0.002789877362374682
532.0 0.0027077592676505446
533.0 0.002173623761336785
534.0 0.0016394880731240846
535.0 0.0017166412362712435
536.0 0.0017937942175194621
537.0 0.002456265065120533
538.0 0.0031187355489237234
539.0 0.0035287383070681244
540.0 0.003938741065212525
541.0 0.004507641278905794
542.0 0.005076541856396943
543.0 0.004989088847651146
544.0 0.004901636566501111
545.0 0.004121380334254354
546.0 0.00334112519340124
547.0 0.002594820580270607
548.0 0.0018485159671399742
549.0 0.0020060973838553764
550.0 0.002163678982469719
551.0 0.0017384436432621442
552.0 0.0013132084859535098
553.0 0.0016405339920311235
554.0 0.001967859498108737
555.0 0.001620909279154148
556.0 0.0012739587873511482
557.0 0.0009493071956967469
558.0 0.0006246556495170807
559.0 0.00023530337784904987
560.0 1.6751821284299862e-10
561.0 0.0006246103112061974
562.0 0.0014032695617061108
563.0 0.0014060075955057982
564.0 0.0014087457202549558
565.0 0.0011494361388031393
566.0 0.0008901267392502632
567.0 0.0008265375072369352
568.0 0.0007629482752236072
569.0 0.0007547150289610727
570.0 0.0007464816462743329
571.0 0.0004802328476216644
572.0 0.00021398404896899592
573.0 0.00035646287415147526
574.0 0.0004989417902834248
575.0 0.0005096722816233523
576.0 0.0005204026820138097
577.0 0.00053839598876948
578.0 0.0005563893409998855
579.0 0.00025581014142517233
580.0 1.6751821284299862e-10
581.0 0.0001991258386624395
582.0 0.0004430207354744198
583.0 0.0004966920187143842
584.0 0.0005503632110048784
585.0 0.0006865835075586801
586.0 0.000822803849587217
587.0 0.0007056908088998171
588.0 0.0005885776317882119
589.0 0.0006380940249073319
590.0 0.000687610418026452
591.0 0.00082761725934688
592.0 0.0009676243280409835
593.0 0.0005962317572993925
594.0 0.00022483914108306635
595.0 0.000550991398995393
596.0 0.0008771435204835143
597.0 0.0007597438070661156
598.0 0.0006423441391234519
599.0 0.0006323647539829835
600.0 0.0006223851869435748
601.0 0.0004713101589004509
602.0 0.00032023508538259193
603.0 0.00027122705432702787
604.0 0.00022221888684725855
605.0 0.00016761636061346508
606.0 0.00011301377753625275
607.0 0.00035847988328896463
608.0 0.0006039458185114199
609.0 0.0005710750883736182
610.0 0.0005382040853874059
611.0 0.0006804913482483244
612.0 0.000822778747533448
613.0 0.0005577420779445674
614.0 0.00029270559025462717
615.0 1.6751821284299862e-10
616.0 1.6751821284299862e-10
617.0 1.6751821284299862e-10
618.0 0.0001892126647362602
619.0 0.0003401554067750112
620.0 0.0004910981715511298
621.0 0.0005580496235779719
622.0 0.000625001030130079
623.0 0.000518963406648254
624.0 0.0004129258286411641
625.0 0.0004530212208919693
626.0 0.0004931166586175095
627.0 0.00042283641050744336
628.0 0.00035255613966000965
629.0 0.00045621322897204664
630.0 0.0005598704319709213
631.0 0.0005266866537567694
632.0 0.0004935028755426174
633.0 0.00041590333239582833
634.0 0.0003383037210369366
635.0 0.0003538945520631387
636.0 0.0003694853148772381
637.0 0.0004081992756255204
638.0 0.00044691314542433247
639.0 0.0006205829322425416
640.0 0.0007942526281112805
641.0 0.0006245061740628444
642.0 0.00045475967453967314
643.0 0.0005592873549176147
644.0 0.0006638150352955563
645.0 0.0006471848337241681
646.0 0.0006305547685769852
647.0 0.0007783922228554729
648.0 0.0009262300409318414
649.0 0.0007847924280213192
650.0 0.0006433548605855322
651.0 0.0009176969797408674
652.0 0.001192039235320408
653.0 0.0012400451851135585
654.0 0.001288051043957239
655.0 0.0018008720871875994
656.0 0.00231369322136743
657.0 0.003291774191893637
658.0 0.004269854252925143
659.0 0.006838505942141637
660.0 0.042688363464549184
661.0 0.07482904475182295
662.0 0.09589627734385431
663.0 0.11179167777299881
664.0 0.10333386017009616
665.0 0.07968419813551009
666.0 0.13486255193129182
667.0 0.186702492646873
668.0 0.19169141305610538
669.0 0.25380400475114584
670.0 0.3363428171724081
671.0 0.43095299042761326
672.0 0.704793818295002
673.0 1.1023390106856823
674.0 1.7074281349778175
675.0 2.499724365770817
676.0 3.542673960328102
677.0 4.820626229047775
678.0 6.15897923707962
679.0 7.549065351486206
680.0 9.38636064529419
681.0 11.374437063932419
682.0 13.851813971996307
683.0 16.639496386051178
684.0 19.62553560733795
685.0 22.53430485725403
686.0 25.474396347999573
687.0 28.696611523628235
688.0 31.818348169326782
689.0 35.00252664089203
690.0 38.59356343746185
691.0 42.50379502773285
692.0 47.26215898990631
693.0 52.257442474365234
694.0 58.046650886535645
695.0 63.60785365104675
696.0 69.91920471191406
697.0 75.4952073097229
698.0 81.71177506446838
699.0 86.42928004264832
700.0 90.17651677131653
701.0 93.21215748786926
702.0 95.38949131965637
703.0 96.55774235725403
704.0 97.13371396064758
705.0 97.64899611473083
706.0 97.68418073654175
707.0 97.90576696395874
708.0 97.95147180557251
709.0 97.98566102981567
710.0 97.70752787590027
711.0 97.88725972175598
712.0 97.8212296962738
713.0 97.8528380393982
714.0 97.91917204856873
715.0 97.9909360408783
716.0 97.83584475517273
717.0 98.089599609375
718.0 98.12865257263184
719.0 98.1110692024231
720.0 98.35918545722961
721.0 98.35423827171326
722.0 98.05943965911865
723.0 97.79720306396484
724.0 97.4439024925232
725.0 97.16482162475586
726.0 96.85313105583191
727.0 96.5923011302948
728.0 96.25769257545471
729.0 96.09283804893494
730.0 96.06057405471802
731.0 96.04436159133911
732.0 96.11614942550659
733.0 96.45884037017822
734.0 96.89033031463623
735.0 97.0285177230835
736.0 97.52126932144165
737.0 97.84082770347595
738.0 98.19704294204712
739.0 98.48955273628235
740.0 98.58734607696533
741.0 98.47426414489746
742.0 98.78075122833252
743.0 98.64545464515686
744.0 98.46813082695007
745.0 98.43379855155945
746.0 98.4415054321289
747.0 98.623526096344
748.0 98.49485754966736
749.0 98.44946265220642
750.0 98.36348295211792
751.0 98.29557538032532
752.0 98.24990034103394
753.0 98.40363264083862
754.0 98.36159944534302
755.0 98.47080111503601
756.0 98.55394959449768
757.0 98.56356978416443
758.0 98.69636297225952
759.0 98.66446256637573
760.0 98.53712916374207
761.0 98.41398596763611
762.0 98.5042929649353
763.0 98.47767949104309
764.0 98.32319617271423
765.0 98.30775260925293
766.0 98.30674529075623
767.0 98.1361985206604
768.0 98.18670153617859
769.0 98.23530912399292
770.0 98.02870750427246
771.0 98.00994396209717
772.0 98.04686903953552
773.0 98.00845384597778
774.0 97.92289733886719
775.0 98.01989197731018
776.0 97.8430688381195
777.0 97.93768525123596
778.0 97.87559509277344
779.0 97.9435920715332
780.0 97.80125021934509
781.0 98.036789894104
782.0 97.88991808891296
783.0 97.97775149345398
784.0 97.82787561416626
785.0 98.06649088859558
786.0 98.2087790966034
787.0 97.95546531677246
788.0 98.07938933372498
789.0 98.06421995162964
790.0 98.11939001083374
791.0 98.12630414962769
792.0 97.97636866569519
793.0 97.958242893219
794.0 97.89104461669922
795.0 97.81392812728882
796.0 97.93298840522766
797.0 97.9457676410675
798.0 97.9752779006958
799.0 97.7796733379364
800.0 97.63815402984619
801.0 97.68823385238647
802.0 97.61804938316345
803.0 97.35637307167053
804.0 97.20261096954346
805.0 96.88942432403564
806.0 96.65505886077881
807.0 96.0533618927002
808.0 95.34097909927368
809.0 94.42962408065796
810.0 93.32766532897949
811.0 91.81587100028992
812.0 89.86794352531433
813.0 87.63509392738342
814.0 84.85526442527771
815.0 81.57328963279724
816.0 78.13148498535156
817.0 74.01796579360962
818.0 69.25867199897766
819.0 64.98344540596008
820.0 59.92637872695923
821.0 55.27176260948181
822.0 50.801271200180054
823.0 46.09549343585968
824.0 41.50481820106506
825.0 37.199339270591736
826.0 32.80420005321503
827.0 28.19514572620392
828.0 24.028123915195465
829.0 19.815722107887268
830.0 15.462298691272736
831.0 12.013605237007141
832.0 8.572258800268173
833.0 5.813164263963699
834.0 3.729362040758133
835.0 2.3168498650193214
836.0 1.3690554536879063
837.0 0.7952607236802578
838.0 0.43970970436930656
839.0 0.2908996306359768
840.0 0.1472054049372673
841.0 0.05981051945127547
842.0 0.07990286103449762
843.0 0.05145317409187555
844.0 0.014985291636548936
845.0 1.6751821284299862e-10
846.0 1.6751821284299862e-10
847.0 0.00818838452687487
848.0 1.6751821284299862e-10
849.0 1.6751821284299862e-10
850.0 0.011669929517665878
851.0 1.6751821284299862e-10
852.0 0.001173010969068855
853.0 0.0012895594409201294
854.0 0.0014061080946703441
855.0 0.0010879589353862684
856.0 0.0007698099580011331
857.0 0.0008849241567077115
858.0 0.0010000381735153496
859.0 0.0006448012300097616
860.0 0.0002895641955547035
861.0 0.00025201186417689314
862.0 0.00021445946458698018
863.0 0.0001387082193105016
864.0 6.295703087744187e-05
865.0 1.3616703142815823e-05
866.0 1.6751821284299862e-10
867.0 1.0478574807848418e-05
868.0 5.6680801208131015e-05
869.0 1.6751821284299862e-10
870.0 1.6751821284299862e-10
871.0 4.7971843741834164e-05
872.0 0.00029940583772258833
873.0 0.00024221408239100128
874.0 0.00018502231569073047
875.0 0.00020414229311427334
876.0 0.00022326230464386754
877.0 1.6751821284299862e-10
878.0 1.6751821284299862e-10
879.0 6.384337325471279e-05
880.0 0.0004922968400933314
881.0 0.00021728135379817104
882.0 1.6751821284299862e-10
883.0 0.00010130835335075972
884.0 0.0002603508619358763
885.0 0.00010338425227018888
886.0 1.6751821284299862e-10
887.0 6.645816483796807e-05
888.0 0.00018649869844011846
889.0 5.966063554296852e-05
890.0 1.6751821284299862e-10
891.0 4.269010673851881e-05
892.0 0.00015255760672516772
893.0 0.00018477908270142507
894.0 0.00021700054730899865
895.0 1.6751821284299862e-10
