lsstCam/transmission_filter_detector/r01_s11/i_39/19700101T000000.ecsv
# %ECSV 1.0
# ---
# datatype:
# - {name: wavelength, unit: nm, datatype: float32}
# - {name: efficiency, unit: '%', datatype: float64}
# meta: !!omap
# - {MODE: DETECTOR}
# - {TYPE: transmission_filter_detector}
# - {CALIBDATE: '1970-01-01T00:00:00'}
# - {INSTRUME: LSSTCam}
# - {OBSTYPE: transmission_filter_detector}
# - {CALIBCLS: lsst.ip.isr.IntermediateFilterDetectorTransmissionCurve}
# - {SOURCE: Materion (DM-46256)}
# - {DETECTOR: 4}
# - {FILTER: i_39}
# - {CALIB_ID: 'calibDate=1970-01-01T00:00:00 filter=i_39 detector=4'}
# - {DATE: '2025-04-02T15:59:46.497359'}
# - {CALIB_CREATION_DATE: '2025-04-02'}
# - {CALIB_CREATION_TIME: '15:59:46'}
# - __serialized_columns__:
#     efficiency:
#       __class__: astropy.units.quantity.Quantity
#       unit: !astropy.units.Unit {unit: '%'}
#       value: !astropy.table.SerializedColumn {name: efficiency}
#     wavelength:
#       __class__: astropy.units.quantity.Quantity
#       unit: !astropy.units.Unit {unit: nm}
#       value: !astropy.table.SerializedColumn {name: wavelength}
# schema: astropy-2.0
wavelength efficiency
[from data line 597]
897.0 1.6751821284299862e-10
898.0 1.6751821284299862e-10
899.0 1.6751821284299862e-10
900.0 1.6751821284299862e-10
901.0 1.6751821284299862e-10
902.0 1.6751821284299862e-10
903.0 1.6751821284299862e-10
904.0 1.6751821284299862e-10
905.0 1.6751821284299862e-10
906.0 1.6751821284299862e-10
907.0 2.3867420395617955e-05
908.0 0.00020975244297005702
909.0 1.6751821284299862e-10
910.0 1.6751821284299862e-10
911.0 1.6751821284299862e-10
912.0 0.0001831266786211927
913.0 0.00010766362947833841
914.0 3.220060023068072e-05
915.0 1.6751821284299862e-10
916.0 1.6751821284299862e-10
917.0 1.6751821284299862e-10
918.0 1.6751821284299862e-10
919.0 1.6751821284299862e-10
920.0 0.00010411108632979449
921.0 1.6751821284299862e-10
922.0 1.6751821284299862e-10
923.0 1.6751821284299862e-10
924.0 1.6751821284299862e-10
925.0 7.71189093029534e-05
926.0 0.00034389015581837157
927.0 1.2598042076206184e-05
928.0 1.6751821284299862e-10
929.0 1.6751821284299862e-10
930.0 0.00013425965335045476
931.0 0.00013370309943638858
932.0 0.00013314652278495487
933.0 0.00014123301070867456
934.0 0.00014931954410712933
935.0 1.6751821284299862e-10
936.0 1.6751821284299862e-10
937.0 1.6751821284299862e-10
938.0 1.6751821284299862e-10
939.0 1.6751821284299862e-10
940.0 1.6751821284299862e-10
941.0 1.6751821284299862e-10
942.0 5.629877932733507e-05
943.0 1.6751821284299862e-10
944.0 1.6751821284299862e-10
945.0 1.6751821284299862e-10
946.0 1.6751821284299862e-10
947.0 1.6751821284299862e-10
948.0 1.6751821284299862e-10
949.0 1.6751821284299862e-10
950.0 1.6751821284299862e-10
951.0 1.6751821284299862e-10
952.0 1.6751821284299862e-10
953.0 1.6751821284299862e-10
954.0 1.6751821284299862e-10
955.0 0.00014642962469224585
956.0 0.00042135161493206397
957.0 0.0003377948132765596
958.0 0.0002542379661463201
959.0 0.0002720088559726719
960.0 0.0002897797685363912
961.0 0.00028864233172498643
962.0 0.0002875049176509492
963.0 0.00014274631894295453
964.0 1.6751821284299862e-10
965.0 1.6751821284299862e-10
966.0 1.6751821284299862e-10
967.0 1.6751821284299862e-10
968.0 1.6751821284299862e-10
969.0 1.6751821284299862e-10
970.0 2.4651484409332625e-05
971.0 1.6751821284299862e-10
972.0 1.6751821284299862e-10
973.0 1.6751821284299862e-10
974.0 1.6751821284299862e-10
975.0 1.6751821284299862e-10
976.0 1.6751821284299862e-10
977.0 1.6751821284299862e-10
978.0 1.6751821284299862e-10
979.0 1.6751821284299862e-10
980.0 1.6751821284299862e-10
981.0 1.6751821284299862e-10
982.0 1.6751821284299862e-10
983.0 1.6751821284299862e-10
984.0 1.6751821284299862e-10
985.0 0.00011792451459768927
986.0 0.00034695679005380953
987.0 5.850681077390618e-05
988.0 1.6751821284299862e-10
989.0 1.6751821284299862e-10
990.0 1.6751821284299862e-10
991.0 1.6751821284299862e-10
992.0 1.6751821284299862e-10
993.0 1.6751821284299862e-10
994.0 9.051167353391065e-05
995.0 1.6751821284299862e-10
996.0 1.6751821284299862e-10
997.0 7.216285098365915e-05
998.0 0.00032156717679754365
999.0 0.0002984450020449003
1000.0 0.00027532280455488944
1001.0 6.393814828697941e-05
1002.0 1.6751821284299862e-10
1003.0 4.348220272731851e-05
1004.0 0.00023441098164767027
1005.0 1.6751821284299862e-10
1006.0 1.6751821284299862e-10
1007.0 1.6751821284299862e-10
1008.0 0.00011755608966268483
1009.0 4.859057298745029e-05
1010.0 1.6751821284299862e-10
1011.0 4.5362935452430975e-05
1012.0 0.00011110082596132997
1013.0 0.0003323805231048027
1014.0 0.0005536602657230105
1015.0 0.0004332604476076085
1016.0 0.00031286069770430913
1017.0 0.0003956064119847724
1018.0 0.0004783522854268085
1019.0 0.0003945097887481097
1020.0 0.0003106672465946758
1021.0 0.00018210419057140825
1022.0 5.3541128863798804e-05
1023.0 0.00044688881644106004
1024.0 0.0008402366802329198
1025.0 0.000667854146740865
1026.0 0.0004954716587235453
1027.0 0.00046779769036220387
1028.0 0.00044012376747559756
1029.0 0.0007049410669424105
1030.0 0.0009697583664092235
1031.0 0.0017110931366914883
1032.0 0.0024524277250748128
1033.0 0.0025291048586950637
1034.0 0.002605781082820613
1035.0 0.0031689938623458147
1036.0 0.003732206459972076
1037.0 0.0038006925024092197
1038.0 0.003869178908644244
1039.0 0.0030940085707698017
1040.0 0.0023188387785921805
1041.0 0.0017519745597383007
1042.0 0.0011851104318338912
1043.0 0.0019138680727337487
1044.0 0.0026426258045830764
1045.0 0.0031376377592096105
1046.0 0.0036326506233308464
1047.0 0.0034682459954638034
1048.0 0.0033038413675967604
1049.0 0.002862575274775736
1050.0 0.0024213086362578906
1051.0 0.0026809682822204195
1052.0 0.002940628291980829
1053.0 0.0019093668015557341
1054.0 0.0008781053111306392
1055.0 0.0007403848485409981
1056.0 0.0006026643404766219
1057.0 0.0008310970770253334
1058.0 0.0010595299499982502
1059.0 0.0010263875083182938
1060.0 0.0009932454304362182
1061.0 0.0017405676771886647
1062.0 0.0024878896510927007
1063.0 0.002666503678483423
1064.0 0.0028451175239752047
1065.0 0.0031660085369367152
1066.0 0.003486899731797166
1067.0 0.004603515480994247
1068.0 0.005720131593989208
1069.0 0.004521711161942221
1070.0 0.003323290729895234
1071.0 0.0030137700377963483
1072.0 0.0027042493456974626
1073.0 0.0027250982384430245
1074.0 0.0027459467673907056
1075.0 0.002739616684266366
1076.0 0.002733286419243086
1077.0 0.0018512950191507116
1078.0 0.0009693032552604564
1079.0 0.001437556420569308
1080.0 0.0019058097677771002
1081.0 0.0011781189641624223
1082.0 0.0004504280241235392
1083.0 0.00019970611901953816
1084.0 1.6751821284299862e-10
1085.0 0.0003788495405387948
1086.0 0.000808715594757814
1087.0 0.0011441555216151755
1088.0 0.0014795956303714775
1089.0 1.6751821284299862e-10
1090.0 1.6751821284299862e-10
1091.0 1.6751821284299862e-10
1092.0 1.6751821284299862e-10
1093.0 1.6751821284299862e-10
1094.0 0.00046593736442446243
1095.0 0.00012797075896742172
1096.0 1.6751821284299862e-10
1097.0 1.6751821284299862e-10
1098.0 1.6751821284299862e-10
1099.0 1.6751821284299862e-10
1100.0 1.6751821284299862e-10
