lsstCam/transmission_filter_detector/r20_s20/u_24/19700101T000000.ecsv
# %ECSV 1.0
# ---
# datatype:
# - {name: wavelength, unit: nm, datatype: float32}
# - {name: efficiency, unit: '%', datatype: float64}
# meta: !!omap
# - {MODE: DETECTOR}
# - {TYPE: transmission_filter_detector}
# - {CALIBDATE: '1970-01-01T00:00:00'}
# - {INSTRUME: LSSTCam}
# - {OBSTYPE: transmission_filter_detector}
# - {CALIBCLS: lsst.ip.isr.IntermediateFilterDetectorTransmissionCurve}
# - {SOURCE: Materion (DM-46256)}
# - {DETECTOR: 78}
# - {FILTER: u_24}
# - {CALIB_ID: 'calibDate=1970-01-01T00:00:00 filter=u_24 detector=78'}
# - {DATE: '2025-04-02T15:59:40.110147'}
# - {CALIB_CREATION_DATE: '2025-04-02'}
# - {CALIB_CREATION_TIME: '15:59:40'}
# - __serialized_columns__:
#     efficiency:
#       __class__: astropy.units.quantity.Quantity
#       unit: !astropy.units.Unit {unit: '%'}
#       value: !astropy.table.SerializedColumn {name: efficiency}
#     wavelength:
#       __class__: astropy.units.quantity.Quantity
#       unit: !astropy.units.Unit {unit: nm}
#       value: !astropy.table.SerializedColumn {name: wavelength}
# schema: astropy-2.0
wavelength efficiency
295.0 1.6961226260298057e-10
296.0 1.6961226260298057e-10
297.0 1.6961226260298057e-10
298.0 1.6961226260298057e-10
299.0 1.6961226260298057e-10
300.0 1.6961226260298057e-10
301.0 1.6961226260298057e-10
302.0 1.6961226260298057e-10
303.0 1.6961226260298057e-10
304.0 0.39363629184663296
305.0 1.0961211286485195
306.0 2.8592418879270554
307.0 5.0795841962099075
308.0 7.508838176727295
309.0 11.18941530585289
310.0 15.00057727098465
311.0 18.820665776729584
312.0 22.55907952785492
313.0 25.408628582954407
314.0 28.17152738571167
315.0 30.714577436447144
316.0 32.91718065738678
317.0 36.22186481952667
318.0 40.04645645618439
319.0 44.702959060668945
320.0 51.02794170379639
321.0 56.4075767993927
322.0 62.33572959899902
323.0 67.14274287223816
324.0 70.72795629501343
325.0 73.25209975242615
326.0 75.46162009239197
327.0 76.92025303840637
328.0 78.57916951179504
329.0 80.01901507377625
330.0 81.05100393295288
331.0 81.3556969165802
332.0 81.55543208122253
333.0 81.6793441772461
334.0 81.73168897628784
335.0 82.10564255714417
336.0 82.58761167526245
337.0 83.31212997436523
338.0 84.21159386634827
339.0 84.65973138809204
340.0 85.00661253929138
341.0 85.39277911186218
342.0 85.6567919254303
343.0 85.6321930885315
344.0 85.78886985778809
345.0 86.26856803894043
346.0 86.70653104782104
347.0 87.06076741218567
348.0 87.24462985992432
349.0 87.4057948589325
350.0 87.43628263473511
351.0 87.5636637210846
352.0 87.55731582641602
353.0 87.53596544265747
354.0 87.512868642807
355.0 87.69188523292542
356.0 87.72510290145874
357.0 87.51501441001892
358.0 87.09048628807068
359.0 86.83816194534302
360.0 86.7440938949585
361.0 86.45219802856445
362.0 86.36009693145752
363.0 86.61237955093384
364.0 86.84943914413452
365.0 87.23515272140503
366.0 87.51458525657654
367.0 87.61271834373474
368.0 87.58571743965149
369.0 87.6674473285675
370.0 87.57578134536743
371.0 87.57789731025696
372.0 87.72538304328918
373.0 87.98685073852539
374.0 88.03158402442932
375.0 88.34729790687561
376.0 88.62062096595764
377.0 88.74898552894592
378.0 88.72014284133911
379.0 88.16158175468445
380.0 87.20125555992126
381.0 85.58160662651062
382.0 83.59267711639404
383.0 81.57644867897034
384.0 79.4581651687622
385.0 76.86745524406433
386.0 74.0249514579773
387.0 70.23358941078186
388.0 66.31057858467102
389.0 61.64358854293823
390.0 57.33489394187927
391.0 53.06171178817749
392.0 48.84002208709717
393.0 45.33700942993164
394.0 41.70887768268585
395.0 37.48232126235962
396.0 32.63557851314545
397.0 26.090818643569946
398.0 19.216381013393402
399.0 12.382907420396805
400.0 6.83266818523407
401.0 3.093378059566021
402.0 1.0560919530689716
403.0 0.3347438294440508
404.0 0.13632391346618533
405.0 0.02117208205163479
406.0 0.03446362679824233
407.0 0.008899328531697392
408.0 1.6961226260298057e-10
409.0 1.6961226260298057e-10
410.0 1.6961226260298057e-10
411.0 1.6961226260298057e-10
412.0 1.6961226260298057e-10
413.0 1.6961226260298057e-10
414.0 1.6961226260298057e-10
415.0 1.6961226260298057e-10
416.0 1.6961226260298057e-10
417.0 1.6961226260298057e-10
418.0 1.6961226260298057e-10
419.0 1.6961226260298057e-10
420.0 1.6961226260298057e-10
421.0 1.6961226260298057e-10
422.0 1.6961226260298057e-10
423.0 1.6961226260298057e-10
424.0 1.6961226260298057e-10
425.0 1.6961226260298057e-10
426.0 1.6961226260298057e-10
427.0 1.6961226260298057e-10
428.0 1.6961226260298057e-10
429.0 1.6961226260298057e-10
430.0 1.6961226260298057e-10
431.0 1.6961226260298057e-10
432.0 1.6961226260298057e-10
433.0 1.6961226260298057e-10
434.0 1.6961226260298057e-10
435.0 0.0010787688552227337
436.0 0.0023055858036968857
437.0 0.0011228527000639588
438.0 1.6961226260298057e-10
439.0 0.0001784834580575989
440.0 0.0004168474788457388
441.0 1.6961226260298057e-10
442.0 1.6961226260298057e-10
443.0 1.6961226260298057e-10
444.0 1.6961226260298057e-10
445.0 1.6961226260298057e-10
446.0 1.6961226260298057e-10
447.0 0.00020937914086971432
448.0 0.0005259221779851941
449.0 1.6961226260298057e-10
450.0 1.6961226260298057e-10
451.0 1.6961226260298057e-10
452.0 1.6961226260298057e-10
453.0 0.000222173457586905
454.0 0.0005528031579160597
455.0 0.00036265225844545057
456.0 0.0001725013248687901
457.0 1.6961226260298057e-10
458.0 1.6961226260298057e-10
459.0 1.6961226260298057e-10
460.0 1.6961226260298057e-10
461.0 1.6961226260298057e-10
462.0 1.6961226260298057e-10
463.0 1.6961226260298057e-10
464.0 1.6961226260298057e-10
465.0 0.00036563365028996486
466.0 0.0008866944881447125
467.0 0.0008266012628155295
468.0 0.0007665085831831675
469.0 0.0004880416781816166
470.0 0.0002095746367558604
471.0 9.444054853702255e-05
472.0 1.6961226260298057e-10
473.0 1.6961226260298057e-10
474.0 1.6961226260298057e-10
475.0 0.00010930539247056004
476.0 0.001017735030472977
477.0 0.0004686063221015502
478.0 1.6961226260298057e-10
479.0 1.6961226260298057e-10
480.0 1.6961226260298057e-10
481.0 1.6961226260298057e-10
482.0 1.6961226260298057e-10
483.0 1.6961226260298057e-10
484.0 1.6961226260298057e-10
485.0 1.6961226260298057e-10
486.0 1.6961226260298057e-10
487.0 1.6961226260298057e-10
488.0 0.0001673346446295909
489.0 1.6961226260298057e-10
490.0 1.6961226260298057e-10
491.0 1.6961226260298057e-10
492.0 1.6961226260298057e-10
493.0 1.6961226260298057e-10
494.0 1.6961226260298057e-10
495.0 1.6961226260298057e-10
496.0 1.6961226260298057e-10
497.0 1.6961226260298057e-10
498.0 1.6961226260298057e-10
499.0 1.6961226260298057e-10
500.0 1.6961226260298057e-10
501.0 1.6961226260298057e-10
502.0 1.6961226260298057e-10
503.0 1.6961226260298057e-10
504.0 1.6961226260298057e-10
505.0 1.6961226260298057e-10
506.0 1.6961226260298057e-10
507.0 9.064858090823691e-05
508.0 0.0002242702066723723
509.0 0.00016063455632320256
510.0 9.699882639324642e-05
511.0 0.0005479169431055197
512.0 0.0009988350029743742
513.0 0.00013331052741705207
514.0 1.6961226260298057e-10
515.0 1.6961226260298057e-10
516.0 0.00010648234365362441
517.0 1.6961226260298057e-10
518.0 1.6961226260298057e-10
519.0 1.6961226260298057e-10
520.0 1.6961226260298057e-10
521.0 1.6961226260298057e-10
522.0 1.6961226260298057e-10
523.0 1.6961226260298057e-10
524.0 1.6961226260298057e-10
525.0 1.6961226260298057e-10
526.0 1.6961226260298057e-10
527.0 1.6961226260298057e-10
528.0 1.6961226260298057e-10
529.0 1.6961226260298057e-10
530.0 1.6961226260298057e-10
531.0 1.6961226260298057e-10
532.0 1.6961226260298057e-10
533.0 1.6961226260298057e-10
534.0 6.206800549080072e-05
535.0 1.6961226260298057e-10
536.0 1.6961226260298057e-10
537.0 1.6961226260298057e-10
538.0 1.6961226260298057e-10
539.0 1.6961226260298057e-10
540.0 1.6961226260298057e-10
541.0 1.6961226260298057e-10
542.0 1.6961226260298057e-10
543.0 1.6961226260298057e-10
544.0 1.6961226260298057e-10
545.0 1.6961226260298057e-10
546.0 6.942909180907009e-05
547.0 1.6961226260298057e-10
548.0 1.6961226260298057e-10
549.0 1.6961226260298057e-10
550.0 1.6961226260298057e-10
551.0 4.45320125663784e-05
552.0 0.00026967684334522346
553.0 1.6961226260298057e-10
554.0 1.6961226260298057e-10
555.0 1.6961226260298057e-10
556.0 1.6961226260298057e-10
557.0 1.6961226260298057e-10
558.0 1.6961226260298057e-10
559.0 1.6961226260298057e-10
560.0 1.6961226260298057e-10
561.0 1.6961226260298057e-10
562.0 1.6961226260298057e-10
563.0 1.6961226260298057e-10
564.0 1.6961226260298057e-10
565.0 1.6961226260298057e-10
566.0 1.6961226260298057e-10
567.0 1.6961226260298057e-10
568.0 1.6961226260298057e-10
569.0 1.4836376749371993e-05
570.0 0.00013050315601503826
571.0 0.00020487059373408556
572.0 0.00027923811103391927
573.0 0.00027663309083436616
574.0 0.0002740281615842832
575.0 0.0002664912472027936
576.0 0.00025895442377077416
577.0 0.0001472303210903192
578.0 3.5506221252035175e-05
579.0 0.0002807642658808618
580.0 0.0005260223588265944
581.0 0.0008218498805945273
582.0 0.0011176774933119304
583.0 0.0014363597983901855
584.0 0.0017550419215695001
585.0 0.001378337310597999
586.0 0.0010016326086770277
587.0 0.0008978144251159392
588.0 0.0007939962415548507
589.0 0.0008624130714451894
590.0 0.0009308297194365878
591.0 0.000765456206863746
592.0 0.0006000826488161692
593.0 0.0006128213499323465
594.0 0.0006255600510485237
595.0 0.0006456700702983653
596.0 0.000665780135022942
597.0 0.0010360874512116425
598.0 0.001406394767400343
599.0 0.0016396981664001942
600.0 0.0018730017472989857
601.0 0.001980696470127441
602.0 0.0020883913748548366
603.0 0.001978551154024899
604.0 0.0018687111150939018
605.0 0.001753357173583936
606.0 0.0016380034139729105
607.0 0.0011822901797131635
608.0 0.0007265769454534166
609.0 0.0006065050911274739
610.0 0.0004864331003773259
611.0 0.000283230565401027
612.0 8.002796789696731e-05
613.0 0.000415995509683853
614.0 0.000751962988942978
615.0 0.0007442478363373084
616.0 0.0007365327292063739
617.0 0.000644049396214541
618.0 0.0005515661541721784
619.0 0.00037597926620946964
620.0 0.00020039237824676093
621.0 0.0004752426320919767
622.0 0.0007500927495129872
623.0 0.000739277265893179
624.0 0.0007284617822733708
625.0 0.0008302134119730908
626.0 0.0009319653145212214
627.0 0.0011008341061824467
628.0 0.0012697030797426123
629.0 0.0012045725270581897
630.0 0.001139441883424297
631.0 0.001656176391406916
632.0 0.002172910717490595
633.0 0.0023210975996335037
634.0 0.002469284117978532
635.0 0.0027061698347097263
636.0 0.0029430553695419803
637.0 0.0024284961909870617
638.0 0.0019139368305332027
639.0 0.001825304570957087
640.0 0.0017366723113809712
641.0 0.0014892133549437858
642.0 0.0012417545804055408
643.0 0.0009504420631856192
644.0 0.0006591294095414924
645.0 0.0003044513277927763
646.0 1.6961226260298057e-10
647.0 0.00026454047201696085
648.0 0.0005793077889393317
649.0 0.0002444762685627211
650.0 1.6961226260298057e-10
651.0 0.0002937277940873173
652.0 0.0006778110218874644
653.0 0.0010307220691174734
654.0 0.0013836331163474824
655.0 0.001662163413129747
656.0 0.0019406936189625412
657.0 0.0025501023628748953
658.0 0.00315951147058513
659.0 0.003546675725374371
660.0 0.00393383925256785
661.0 0.0037686906580347568
662.0 0.0036035409721080214
663.0 0.0029812357752234675
664.0 0.0023589303964399733
665.0 0.0018481001461623237
666.0 0.0013372700777836144
667.0 0.001071182396117365
668.0 0.0008050947144511156
669.0 0.0009453929123992566
670.0 0.0010856911103473976
671.0 0.0007315453331102617
672.0 0.0003773994194489205
673.0 0.00048496904128114693
674.0 0.0005925386176386382
675.0 0.0009330105967819691
676.0 0.0012734824849758297
677.0 0.001520402202004334
678.0 0.0017673219190328382
679.0 0.002129579479515087
680.0 0.0024918370399973355
681.0 0.0037997222534613684
682.0 0.005107608376420103
683.0 0.006678068893961608
684.0 0.008248529047705233
685.0 0.008583804446971044
686.0 0.0089190827566199
687.0 0.00798408582340926
688.0 0.007049088890198618
689.0 0.006046141061233357
690.0 0.005043195415055379
691.0 0.0043133419239893556
692.0 0.003583488432923332
693.0 0.0030863582651363686
694.0 0.0025892280973494053
695.0 0.00201661041501211
696.0 0.0014439929145737551
697.0 0.0011119604096165858
698.0 0.0007799277227604762
699.0 0.0007202084816526622
700.0 0.0006604891041206429
701.0 0.0004986362910130993
702.0 0.0003367834551681881
703.0 0.0003872723027598113
704.0 0.0004377612185635371
705.0 0.000579969218961196
706.0 0.0007221773103083251
707.0 0.0007627868399140425
708.0 0.0008033960511966143
709.0 0.0008829993930703495
710.0 0.0009626025530451443
711.0 0.0008387604793824721
712.0 0.0007149185876187403
713.0 0.0005877385774510913
714.0 0.0004605586582329124
715.0 0.0005462675289891195
716.0 0.0006319763087958563
717.0 0.0006549917998199817
718.0 0.000678007245369372
719.0 0.0006476648195530288
720.0 0.0006173222573124804
721.0 0.00031992103686206974
722.0 2.251985335988138e-05
723.0 0.0001593166075508634
724.0 0.0002961133986900677
725.0 0.00022829649424238596
726.0 0.000160479601163388
727.0 0.0001271517135137401
728.0 9.382388839185296e-05
729.0 0.00016648086784698535
730.0 0.00023913785298645962
731.0 0.00025958615879062563
732.0 0.0002800344873321592
733.0 7.377919359896623e-05
734.0 1.6961226260298057e-10
735.0 0.00014034106925464584
736.0 0.000413158159062732
737.0 0.00028970300718356157
738.0 0.00016624783256702358
739.0 0.000644721922071767
740.0 0.0011231959433644079
741.0 0.0013108179700793698
742.0 0.001498439542046981
743.0 0.0022101037757238373
744.0 0.002921768100350164
745.0 0.003323312193970196
746.0 0.003724856287590228
747.0 0.003964864299632609
748.0 0.004204871947877109
749.0 0.00373569164366927
750.0 0.0032665120670571923
751.0 0.003109839599346742
752.0 0.0029531674954341725
753.0 0.002569142270658631
754.0 0.0021851172277820297
755.0 0.0023113783754524775
756.0 0.0024376389774261042
757.0 0.0019867951777996495
758.0 0.0015359511962742545
759.0 0.0013893278264731634
760.0 0.0012427044566720724
761.0 0.0012405897905409802
762.0 0.0012384752153593581
763.0 0.0007976183951541316
764.0 0.00035676157494890504
765.0 0.00042332226257713046
766.0 0.0004898829502053559
767.0 0.0006305922397586983
768.0 0.0007713016202615108
769.0 0.0008203960533137433
770.0 0.0008694906682649162
771.0 0.0006838508397777332
772.0 0.0004982110112905502
773.0 0.0004003679805464344
774.0 0.0003025248588528484
775.0 0.00040642380554345436
776.0 0.0005103227977087954
777.0 0.0004496198016568087
778.0 0.0003889167601300869
779.0 0.0006081873380026082
780.0 0.0008274579158751294
781.0 0.0007833006748114713
782.0 0.0007391435246972833
783.0 0.0008088697541097645
784.0 0.0008785958925727755
785.0 0.0012519077245087828
786.0 0.0016252193745458499
787.0 0.0011121594070573337
788.0 0.0005990992121951422
789.0 0.0005843136477778899
790.0 0.0005695279469364323
791.0 0.000718079991202103
792.0 0.0008666320354677737
793.0 0.00046822424337733537
794.0 6.981636602176877e-05
795.0 0.00018827147414413048
796.0 0.0003067266106882016
797.0 0.0004189946594124194
798.0 0.0005312627763487399
799.0 0.00031873394163994817
800.0 0.00010620503871905385
801.0 2.0976889913981722e-05
802.0 1.6961226260298057e-10
803.0 1.6961226260298057e-10
804.0 1.6961226260298057e-10
805.0 6.0314954453133396e-05
806.0 0.0001917191866596113
807.0 9.339387361251283e-05
808.0 1.6961226260298057e-10
809.0 0.0003342488298585522
810.0 0.0006734290764143225
811.0 0.00036186866054777056
812.0 5.03085061609454e-05
813.0 0.00023049435640132288
814.0 0.00041068033169722185
815.0 0.000410995380661916
816.0 0.0004113104751013452
817.0 0.00047946205086191185
818.0 0.0005476135811477434
819.0 0.0006050874162610853
820.0 0.0006625613423238974
821.0 0.0004168788109382149
822.0 0.00017119635913331877
823.0 0.00019992007764813025
824.0 0.00022864383026899304
825.0 1.6961226260298057e-10
826.0 1.6961226260298057e-10
827.0 1.6961226260298057e-10
828.0 0.0001943146116900607
829.0 1.6961226260298057e-10
830.0 1.6961226260298057e-10
831.0 1.6961226260298057e-10
832.0 1.6961226260298057e-10
833.0 1.6961226260298057e-10
834.0 1.6961226260298057e-10
835.0 1.6961226260298057e-10
836.0 0.0001283641154259385
837.0 1.6961226260298057e-10
838.0 1.6961226260298057e-10
839.0 1.6961226260298057e-10
840.0 1.6961226260298057e-10
841.0 1.6961226260298057e-10
842.0 1.6961226260298057e-10
843.0 1.6961226260298057e-10
844.0 1.6961226260298057e-10
845.0 3.430657784520008e-05
846.0 0.00026340158001403324
847.0 0.0001296173991249816
848.0 1.6961226260298057e-10
849.0 0.00016107186411318253
850.0 0.0003263105782025377
851.0 0.0003966185431636404
852.0 0.0004669264399126405
853.0 0.0003719550022651674
854.0 0.00027698351914295927
855.0 0.00023977188448043307
856.0 0.00020256022708053933
857.0 0.0004677415745391045
858.0 0.000732922853785567
859.0 0.0010469255357747898
860.0 0.0013609283996629529
861.0 0.0013607127584691625
862.0 0.0013604972082248423
863.0 0.001512876679043984
864.0 0.0016652560589136556
865.0 0.0018851744243875146
866.0 0.0021050922441645525
867.0 0.00229715442401357
868.0 0.0024892166038625874
869.0 0.0023537344532087445
870.0 0.0022182523025549017
871.0 0.002120414501405321
872.0 0.0020225765183568
873.0 0.002427883737254888
874.0 0.0028331909561529756
875.0 0.0030055472961976193
