lsstCam/transmission_filter_detector/r20_s20/u_24/19700101T000000.ecsv
# %ECSV 1.0
# ---
# datatype:
# - {name: wavelength, unit: nm, datatype: float32}
# - {name: efficiency, unit: '%', datatype: float64}
# meta: !!omap
# - {MODE: DETECTOR}
# - {TYPE: transmission_filter_detector}
# - {CALIBDATE: '1970-01-01T00:00:00'}
# - {INSTRUME: LSSTCam}
# - {OBSTYPE: transmission_filter_detector}
# - {CALIBCLS: lsst.ip.isr.IntermediateFilterDetectorTransmissionCurve}
# - {SOURCE: Materion (DM-46256)}
# - {DETECTOR: 78}
# - {FILTER: u_24}
# - {CALIB_ID: 'calibDate=1970-01-01T00:00:00 filter=u_24 detector=78'}
# - {DATE: '2025-04-02T15:59:40.110147'}
# - {CALIB_CREATION_DATE: '2025-04-02'}
# - {CALIB_CREATION_TIME: '15:59:40'}
# - __serialized_columns__:
#     efficiency:
#       __class__: astropy.units.quantity.Quantity
#       unit: !astropy.units.Unit {unit: '%'}
#       value: !astropy.table.SerializedColumn {name: efficiency}
#     wavelength:
#       __class__: astropy.units.quantity.Quantity
#       unit: !astropy.units.Unit {unit: nm}
#       value: !astropy.table.SerializedColumn {name: wavelength}
# schema: astropy-2.0
wavelength efficiency
[from data line 582]
877.0 0.003067585566896014
878.0 0.002957267497549765
879.0 0.00301529453281546
880.0 0.0030733215680811554
881.0 0.0032265481422655284
882.0 0.0033797747164499015
883.0 0.003225012551411055
884.0 0.0030702507501700893
885.0 0.0031180647056316957
886.0 0.0031658790248911828
887.0 0.0028508722607512027
888.0 0.002535865678510163
889.0 0.002630632843647618
890.0 0.0027254000087850727
891.0 0.0027312587917549536
892.0 0.002737117392825894
893.0 0.002920697988884058
894.0 0.0031042785849422216
895.0 0.003392840881133452
896.0 0.003681403541122563
897.0 0.004266542964614928
898.0 0.004851682751905173
899.0 0.0050309612561250106
900.0 0.005210239760344848
901.0 0.005139500353834592
902.0 0.005068761311122216
903.0 0.005096119275549427
904.0 0.005123476512380876
905.0 0.005255417272564955
906.0 0.005387357305153273
907.0 0.00552226192667149
908.0 0.005657166911987588
909.0 0.005808316564070992
910.0 0.0059594662161543965
911.0 0.005972581129753962
912.0 0.0059856964071514085
913.0 0.005811302617075853
914.0 0.005636909190798178
915.0 0.005238563244347461
916.0 0.004840217297896743
917.0 0.004690271089202724
918.0 0.004540325244306587
919.0 0.004601430555339903
920.0 0.004662535502575338
921.0 0.005020625758334063
922.0 0.005378716377890669
923.0 0.005977229739073664
924.0 0.006575742736458778
925.0 0.00714073539711535
926.0 0.007705728785367683
927.0 0.008243666525231674
928.0 0.008781603537499905
929.0 0.008576291293138638
930.0 0.008370977593585849
931.0 0.007957040361361578
932.0 0.007543100946350023
933.0 0.007298387208720669
934.0 0.007053674198687077
935.0 0.006985728396102786
936.0 0.006917783321114257
937.0 0.0067613662395160645
938.0 0.0066049498855136335
939.0 0.006777732050977647
940.0 0.0069505134888459
941.0 0.005829837391502224
942.0 0.004709160566562787
943.0 0.004413015631143935
944.0 0.004116871059522964
945.0 0.0037641464587068185
946.0 0.003411421857890673
947.0 0.0028043024940416217
948.0 0.00219718294829363
949.0 0.001932699524331838
950.0 0.0016682155546732247
951.0 0.0016788575521786697
952.0 0.001689499185886234
953.0 0.0019627092115115374
954.0 0.002235919237136841
955.0 0.0023626234906259924
956.0 0.002489327198418323
957.0 0.0029467622880474664
958.0 0.0034041971957776695
959.0 0.0037706122384406626
960.0 0.004137027281103656
961.0 0.004926214751321822
962.0 0.005715401857742108
963.0 0.00569270814594347
964.0 0.005670014434144832
965.0 0.005639141090796329
966.0 0.005608268111245707
967.0 0.005273800707072951
968.0 0.0049393340304959565
969.0 0.005101051283418201
970.0 0.005262768536340445
971.0 0.005174678153707646
972.0 0.005086587771074846
973.0 0.004771344174514525
974.0 0.004456100577954203
975.0 0.0045853354095015675
976.0 0.004714570241048932
977.0 0.004132511094212532
978.0 0.0035504523111740127
979.0 0.0035315017157699913
980.0 0.0035125514841638505
981.0 0.003605291203712113
982.0 0.0036980312870582566
983.0 0.0037747457099612802
984.0 0.0038514594052685425
985.0 0.00396373616240453
986.0 0.0040760136471362785
987.0 0.004697650365415029
988.0 0.005319287811289541
989.0 0.006082677646190859
990.0 0.006846067117294297
991.0 0.007633063069079071
992.0 0.008420059748459607
993.0 0.008833448373479769
994.0 0.009246834815712646
995.0 0.008891758625395596
996.0 0.0085366795246955
997.0 0.00769372854847461
998.0 0.006850777572253719
999.0 0.006727896106895059
1000.0 0.006605013186344877
1001.0 0.006311123433988541
1002.0 0.0060172340454300866
1003.0 0.0056735887483228
1004.0 0.005329943815013394
1005.0 0.005164731555851176
1006.0 0.004999518932891078
1007.0 0.005251902621239424
1008.0 0.005504287037183531
1009.0 0.005032884291722439
1010.0 0.004561482273857109
1011.0 0.0040632181480759755
1012.0 0.0035649543860927224
1013.0 0.0031951316486811265
1014.0 0.0028253087293705903
1015.0 0.0027292000595480204
1016.0 0.0026330910259275697
1017.0 0.002393881732132286
1018.0 0.0021546726202359423
1019.0 0.0018972685211338103
1020.0 0.0016398644220316783
1021.0 0.0021081184968352318
1022.0 0.0025763725716387853
1023.0 0.002403413236606866
1024.0 0.0022304540834738873
1025.0 0.0018509399524191394
1026.0 0.001471426003263332
1027.0 0.0018086764612235129
1028.0 0.002145926555385813
1029.0 0.002049339673249051
1030.0 0.0019527527911122888
1031.0 0.0021986568754073232
1032.0 0.0024445607778034173
1033.0 0.002107793989125639
1034.0 0.001771027200447861
1035.0 0.0019451261323411018
1036.0 0.0021192247004364617
1037.0 0.0023241434973897412
1038.0 0.0025290626581409015
1039.0 0.002316366408194881
1040.0 0.00210366997634992
1041.0 0.0021528070647036657
1042.0 0.0022019443349563517
1043.0 0.0025966957764467224
1044.0 0.0029914473998360336
1045.0 0.002534517443564255
1046.0 0.0020775876691914164
1047.0 0.0022803000319981948
1048.0 0.002483012758602854
1049.0 0.002201788629463408
1050.0 0.0019205645003239624
1051.0 0.0019480274204397574
1052.0 0.001975490158656612
1053.0 0.0016129044524859637
1054.0 0.0012503187463153154
1055.0 0.0013903558283345774
1056.0 0.0015303929103538394
1057.0 0.0009943414625013247
1058.0 0.0004582898327498697
1059.0 0.0012086440619896166
1060.0 0.0019589986550272442
1061.0 0.0016396841601817869
1062.0 0.0013203696653363295
1063.0 0.0012513156434579287
1064.0 0.0011822616215795279
1065.0 0.0011450472811702639
1066.0 0.0011078331226599403
1067.0 0.001624763353902381
1068.0 0.002141693767043762
1069.0 0.002626007335493341
1070.0 0.0031103209039429203
1071.0 0.0033192376577062532
1072.0 0.0035281540476717055
1073.0 0.0032917698263190687
1074.0 0.003055385241168551
1075.0 0.0032700219890102744
1076.0 0.003484658373054117
1077.0 0.003486848800093867
1078.0 0.003489038863335736
1079.0 0.004507580160861835
1080.0 0.0055261203669942915
1081.0 0.005753291770815849
1082.0 0.005980464993626811
1083.0 0.005059183968114667
1084.0 0.004137903306400403
1085.0 0.003959446257795207
1086.0 0.003780988117796369
1087.0 0.00513625236635562
1088.0 0.006491516251116991
1089.0 0.006583308277186006
1090.0 0.006675100303255022
1091.0 0.003801719140028581
1092.0 0.0009283377949032001
1093.0 0.0026520971005083993
1094.0 0.004375854405225255
1095.0 0.004152761539444327
1096.0 0.003929668309865519
1097.0 0.0026825102395378053
1098.0 0.0014353519873111509
1099.0 0.001949769284692593
1100.0 0.0024641869458719157
