lsstcam/qe_curves/r21_s00/19700101T000000.ecsv
# %ECSV 0.9
# ---
# datatype:
# - {name: amp_name, datatype: string}
# - {name: wavelength, unit: nm, datatype: float32}
# - {name: efficiency, unit: '%', datatype: float32}
# meta: !!omap
# - {MODE: AMP}
# - {TYPE: QE}
# - {CALIBDATE: '1970-01-01T00:00:00'}
# - {INSTRUME: LSSTCAM}
# - {OBSTYPE: qe_curves}
# - {DETECTOR: 81}
# - {PICKLEFILE: RaftRun10722.p}
# - {CALIB_ID: 'raftName=R21 detectorName=S00 detector=81 calibDate=1970-01-01T00:00:00 ccd=81 ccdnum=81 filter=None'}
# - {DATE: '2020-01-13T16:41:36.230027'}
# - {CALIB_CREATION_DATE: '2020-01-13'}
# - {CALIB_CREATION_TIME: '16:41:36'}
# - __serialized_columns__:
#     efficiency:
#       __class__: astropy.units.quantity.Quantity
#       unit: !astropy.units.Unit {unit: '%'}
#       value: !astropy.table.SerializedColumn {name: efficiency}
#     wavelength:
#       __class__: astropy.units.quantity.Quantity
#       unit: !astropy.units.Unit {unit: nm}
#       value: !astropy.table.SerializedColumn {name: wavelength}
# schema: astropy-2.0
amp_name wavelength efficiency
C13 349.982 70.12712
C13 450.035 86.557976
C13 500.018 91.03962
C13 619.997 97.20336
C13 750.022 97.88322
C13 869.967 90.84887
C13 999.976 26.910666
C16 349.982 67.79116
C16 450.035 85.79704
C16 500.018 90.53063
C16 619.997 96.80932
C16 750.022 97.42505
C16 869.967 90.25125
C16 999.976 26.541748
C02 349.982 65.539795
C02 450.035 85.75932
C02 500.018 90.76881
C02 619.997 97.26008
C02 750.022 97.47603
C02 869.967 90.13201
C02 999.976 26.567574
C12 349.982 70.80097
C12 450.035 86.91137
C12 500.018 91.3352
C12 619.997 97.49543
C12 750.022 98.15186
C12 869.967 91.101135
C12 999.976 27.046606
C00 349.982 63.413162
C00 450.035 85.20128
C00 500.018 90.46836
C00 619.997 97.105675
C00 750.022 97.1387
C00 869.967 89.82898
C00 999.976 26.829205
C06 349.982 69.00245
C06 450.035 86.66808
C06 500.018 91.31639
C06 619.997 97.607086
C06 750.022 97.57473
C06 869.967 89.95774
C06 999.976 26.464632
C04 349.982 67.05075
C04 450.035 85.72475
C04 500.018 90.50519
C04 619.997 96.852684
C04 750.022 96.9742
C04 869.967 89.54121
C04 999.976 26.364244
C15 349.982 68.362526
C15 450.035 85.930046
C15 500.018 90.58219
C15 619.997 96.8215
C15 750.022 97.511
C15 869.967 90.38556
C15 999.976 26.584352
C03 349.982 66.803215
C03 450.035 86.16261
C03 500.018 91.05816
C03 619.997 97.48251
C03 750.022 97.65775
C03 869.967 90.23786
C03 999.976 26.626083
C05 349.982 68.177444
C05 450.035 86.56662
C05 500.018 91.31589
C05 619.997 97.665215
C05 750.022 97.708885
C05 869.967 90.152054
C05 999.976 26.559
C14 349.982 69.38785
C14 450.035 86.35287
C14 500.018 90.917694
C14 619.997 97.127014
C14 750.022 97.83287
C14 869.967 90.75517
C14 999.976 26.718449
C17 349.982 67.0527
C17 450.035 85.66286
C17 500.018 90.50545
C17 619.997 96.84079
C17 750.022 97.30324
C17 869.967 90.09268
C17 999.976 26.671669
C10 349.982 71.843254
C10 450.035 87.101006
C10 500.018 91.407234
C10 619.997 97.50618
C10 750.022 98.0846
C10 869.967 90.97052
C10 999.976 27.03297
C11 349.982 71.38049
C11 450.035 86.93467
C11 500.018 91.27454
C11 619.997 97.39395
C11 750.022 98.01368
C11 869.967 90.9485
C11 999.976 27.036722
C01 349.982 64.41655
C01 450.035 85.25364
C01 500.018 90.36713
C01 619.997 96.89683
C01 750.022 97.06769
C01 869.967 89.7885
C01 999.976 26.68561
C07 349.982 69.37229
C07 450.035 86.61792
C07 500.018 91.2225
C07 619.997 97.47336
C07 750.022 97.358154
C07 869.967 89.711716
C07 999.976 26.401037
