lsstCam/transmission_filter_detector/r33_s00/i_39/19700101T000000.ecsv
# %ECSV 1.0
# ---
# datatype:
# - {name: wavelength, unit: nm, datatype: float32}
# - {name: efficiency, unit: '%', datatype: float64}
# meta: !!omap
# - {MODE: DETECTOR}
# - {TYPE: transmission_filter_detector}
# - {CALIBDATE: '1970-01-01T00:00:00'}
# - {INSTRUME: LSSTCam}
# - {OBSTYPE: transmission_filter_detector}
# - {CALIBCLS: lsst.ip.isr.IntermediateFilterDetectorTransmissionCurve}
# - {SOURCE: Materion (DM-46256)}
# - {DETECTOR: 144}
# - {FILTER: i_39}
# - {CALIB_ID: 'calibDate=1970-01-01T00:00:00 filter=i_39 detector=144'}
# - {DATE: '2025-04-02T15:59:47.146537'}
# - {CALIB_CREATION_DATE: '2025-04-02'}
# - {CALIB_CREATION_TIME: '15:59:47'}
# - __serialized_columns__:
#     efficiency:
#       __class__: astropy.units.quantity.Quantity
#       unit: !astropy.units.Unit {unit: '%'}
#       value: !astropy.table.SerializedColumn {name: efficiency}
#     wavelength:
#       __class__: astropy.units.quantity.Quantity
#       unit: !astropy.units.Unit {unit: nm}
#       value: !astropy.table.SerializedColumn {name: wavelength}
# schema: astropy-2.0
wavelength efficiency
300.0 1.5745304365877288e-10
301.0 1.5745304365877288e-10
302.0 1.5745304365877288e-10
303.0 1.5745304365877288e-10
304.0 1.5745304365877288e-10
305.0 1.5745304365877288e-10
306.0 0.006783402932342142
307.0 0.007327691128011793
308.0 0.007871980051277205
309.0 0.0068479836045298725
310.0 0.0058239886129740626
311.0 0.0027287142074783333
312.0 1.5745304365877288e-10
313.0 1.5745304365877288e-10
314.0 1.5745304365877288e-10
315.0 1.5745304365877288e-10
316.0 0.006012669473420829
317.0 0.0029679227736778557
318.0 1.5745304365877288e-10
319.0 0.0017996806491282769
320.0 0.003676185224321671
321.0 0.0024539753212593496
322.0 0.0012317633263592143
323.0 0.002227625373052433
324.0 0.00322348641930148
325.0 0.000266324718722899
326.0 1.5745304365877288e-10
327.0 1.5745304365877288e-10
328.0 1.5745304365877288e-10
329.0 0.0006355644472932909
330.0 0.0030630049877800047
331.0 0.003299783929833211
332.0 0.003536562144290656
333.0 0.0034433003747835755
334.0 0.0033500382414786145
335.0 0.0015906840417301282
336.0 1.5745304365877288e-10
337.0 1.5745304365877288e-10
338.0 1.5745304365877288e-10
339.0 0.00041696589505590964
340.0 0.0008541349416191224
341.0 0.0005569928362092469
342.0 0.0002598508899609442
343.0 0.0008179164069588296
344.0 0.0013759820831182878
345.0 0.0006719038992741844
346.0 1.5745304365877288e-10
347.0 1.5745304365877288e-10
348.0 1.5745304365877288e-10
349.0 1.5745304365877288e-10
350.0 0.0009370397492602933
351.0 1.5745304365877288e-10
352.0 1.5745304365877288e-10
353.0 1.5745304365877288e-10
354.0 1.5745304365877288e-10
355.0 1.5745304365877288e-10
356.0 0.0010900539564318024
357.0 0.0010668961294868495
358.0 0.0010437383934913669
359.0 0.0004537965651252307
360.0 1.5745304365877288e-10
361.0 1.5745304365877288e-10
362.0 1.5745304365877288e-10
363.0 1.5745304365877288e-10
364.0 1.5745304365877288e-10
365.0 1.5745304365877288e-10
366.0 2.6640341843631177e-05
367.0 6.643632559644175e-05
368.0 0.00010623210755511536
369.0 0.00019099154542345786
370.0 0.0002757509719231166
371.0 0.00023419349872710882
372.0 0.00019263584363216069
373.0 0.00030077264909778023
374.0 0.0004089092726644594
375.0 0.0003803309482464101
376.0 0.0003517525556162582
377.0 0.0001592728722243919
378.0 1.5745304365877288e-10
379.0 0.0002668213937795372
380.0 0.0005668493940902408
381.0 4.6529305564035894e-05
382.0 1.5745304365877288e-10
383.0 1.5745304365877288e-10
384.0 0.00016799917830212507
385.0 0.00011816865708169644
386.0 6.833820407337043e-05
387.0 1.5745304365877288e-10
388.0 1.5745304365877288e-10
389.0 1.5745304365877288e-10
390.0 1.5745304365877288e-10
391.0 1.5745304365877288e-10
392.0 1.5745304365877288e-10
393.0 8.700393294702735e-06
394.0 8.325303042511223e-05
395.0 0.0003532334631017875
396.0 0.0006232138275663601
397.0 0.0009636244612920564
398.0 0.0013040350495430175
399.0 0.0014825587641098537
400.0 0.00166108256962616
401.0 0.0032629021006869152
402.0 0.00486472126794979
403.0 0.005617363058263436
404.0 0.006370004848577082
405.0 0.004723965321318246
406.0 0.0030779257940594107
407.0 0.003953952545998618
408.0 0.004829978934139945
409.0 0.004950176298734732
410.0 0.005070373299531639
411.0 0.0061629340052604675
412.0 0.0072554947109892964
413.0 0.006251822196645662
414.0 0.005248148590908386
415.0 0.003375076994416304
416.0 0.0015020051250758115
417.0 0.0034233722544740885
418.0 0.005344738019630313
419.0 0.004172229819232598
420.0 0.0029997197998454794
421.0 0.004011309647466987
422.0 0.005022899495088495
423.0 0.004971278031007387
424.0 0.004919656930724159
425.0 0.0054534430091734976
426.0 0.005987229451420717
427.0 0.005894422065466642
428.0 0.005801614679512568
429.0 0.004691889262176119
430.0 0.0035821638448396698
431.0 0.0034960085031343624
432.0 0.0034098535252269357
433.0 0.0026512672775425017
434.0 0.001892681211757008
435.0 0.0017610580471227877
436.0 0.001629434700589627
437.0 0.001889124177978374
438.0 0.0021488138372660615
439.0 0.0017983102225116454
440.0 0.0014478066077572294
441.0 0.0017326525266980752
442.0 0.002017498445638921
443.0 0.002226275137218181
444.0 0.002435051828797441
445.0 0.0016320595022989437
446.0 0.0008290673576993868
447.0 0.0004257654381945031
448.0 2.2463481741397118e-05
449.0 0.0002719257508942974
450.0 0.0005213880285737105
451.0 0.0007141271908039926
452.0 0.0009068662620848045
453.0 0.0012470367437344976
454.0 0.0015872070434852503
455.0 0.0016679219697834924
456.0 0.0017486370779806748
457.0 0.0010424396350572351
458.0 0.0003362422603458981
459.0 0.0006582857167813927
460.0 0.0009803291504795197
461.0 0.0007017653388174949
462.0 0.0004232016181049403
463.0 0.00042661940824473277
464.0 0.00043003724385926034
465.0 0.00036102792364545166
466.0 0.00029201862616901053
467.0 0.00048732695177022833
468.0 0.0006826353910582839
469.0 0.0006453526566474466
470.0 0.0006080699677113444
471.0 0.0005617021997750271
472.0 0.0005153347046871204
473.0 0.0007017416010057786
474.0 0.0008881484063749667
475.0 0.0004311189059080789
476.0 1.5745304365877288e-10
477.0 7.621475788255339e-05
478.0 0.00017834003074312932
479.0 0.0010140710401174147
480.0 0.0018498021745472215
481.0 0.0024635070076328702
482.0 0.0030772120226174593
483.0 0.004435691880644299
484.0 0.005794171738671139
485.0 0.007298730633920059
486.0 0.008803288073977455
487.0 0.011117698159068823
488.0 0.013432106061372906
489.0 0.016064992814790457
490.0 0.018697878113016486
491.0 0.021012192883063108
492.0 0.023326509108301252
493.0 0.02465879952069372
494.0 0.025991088477894664
495.0 0.023505280842073262
496.0 0.02101947320625186
497.0 0.017238564032595605
498.0 0.013457657769322395
499.0 0.009571568079991266
500.0 0.005685479482053779
501.0 0.003912181273335591
502.0 0.002138883246516343
503.0 0.0021343448679544963
504.0 0.0021298061255947687
505.0 0.0021849016775377095
506.0 0.00223999704758171
507.0 0.002171252708649263
508.0 0.0021025083697168157
509.0 0.002170547486457508
510.0 0.002238586785097141
511.0 0.0019527265976648778
512.0 0.0016668667740304954
513.0 0.0017537407984491438
514.0 0.0018406150047667325
515.0 0.0021026042304583825
516.0 0.0023645934561500326
517.0 0.0024381311959587038
518.0 0.0025116691176663153
519.0 0.0022650128812529147
520.0 0.0020183564629405737
521.0 0.0017573356672073714
522.0 0.0014963146895752288
523.0 0.0013886640772398096
524.0 0.00128101328300545
525.0 0.0017823676898842677
526.0 0.0022837220967630856
527.0 0.002545084680605214
528.0 0.0028064470825484022
529.0 0.002639141894178465
530.0 0.002471836342010647
531.0 0.0021757316062576137
532.0 0.0018796272343024611
533.0 0.0016886413504835218
534.0 0.001497655739512993
535.0 0.001769291702657938
536.0 0.002040927756752353
537.0 0.002785159449558705
538.0 0.0035293913242639974
539.0 0.004161941251368262
540.0 0.004794491542270407
541.0 0.00520100693393033
542.0 0.005607522689388134
543.0 0.005345433237380348
544.0 0.005083344149170443
545.0 0.00403370831918437
546.0 0.0029840724891982973
547.0 0.0023301538021769375
548.0 0.001676235297054518
549.0 0.0015347533917520195
550.0 0.0013932715773989912
551.0 0.0015452988009201363
552.0 0.0016973259334918112
553.0 0.0016902537026908249
554.0 0.0016831818356877193
555.0 0.0011100747542514
556.0 0.0005369676273403456
557.0 0.0007527193702117074
558.0 0.0009684710676083341
559.0 0.0008016055289772339
560.0 0.0006347400812956039
561.0 0.0011336945135553833
562.0 0.0016326492186635733
563.0 0.0015454372260137461
564.0 0.0014582251424144488
565.0 0.0013744998796028085
566.0 0.0012907746167911682
567.0 0.0010466288586030714
568.0 0.0008024831004149746
569.0 0.0008144614184857346
570.0 0.000826439918455435
571.0 0.000695095468472573
572.0 0.0005637509275402408
573.0 0.0006766212663933402
574.0 0.0007894916052464396
575.0 0.000729194425730384
576.0 0.0006688972916890634
577.0 0.0005558741122513311
578.0 0.00044285097828833386
579.0 0.000518773094881908
580.0 0.0005946953478996875
581.0 0.00045789424802933354
582.0 0.00032109321637108224
583.0 0.0004926968813379062
584.0 0.0006643005235673627
585.0 0.0006507560101454146
586.0 0.0006372114967234666
587.0 0.0005333589797373861
588.0 0.00042950646275130566
589.0 0.0006023959031153936
590.0 0.0007752852980047464
591.0 0.0006233823114598636
592.0 0.0004714792339655105
593.0 0.0005147441243025241
594.0 0.0005580090146395378
595.0 0.00045089414015819784
596.0 0.00034377919746475527
597.0 0.0004059694674651837
598.0 0.0004681597147282446
599.0 0.0004172731678409036
600.0 0.0003663866891656653
601.0 0.0003482465899651288
602.0 0.00033010646802722476
603.0 0.00022608969629800413
604.0 0.0001220728790940484
605.0 0.00019893134322046535
606.0 0.00027578978460951475
607.0 0.0002895228590205079
608.0 0.00030325600164360367
609.0 0.0003602601509555825
610.0 0.00041726430026756134
611.0 0.00046921404646127485
612.0 0.0005211636562307831
613.0 0.0005130169483891223
614.0 0.0005048701950727263
615.0 0.00035533500977180665
616.0 0.00020579982447088696
617.0 0.0002848156555046444
618.0 0.00036383146380103426
619.0 0.00031767081054567825
620.0 0.00027151015729032224
621.0 0.00012597535032909946
622.0 1.5745304365877288e-10
623.0 0.00019918134057661518
624.0 0.0004179221377853537
625.0 0.0003238860244891839
626.0 0.00022984993393038167
627.0 0.0003400735295144841
628.0 0.000450297102361219
629.0 0.00035240814213466365
630.0 0.00025451915917074075
631.0 0.0003336837153256056
632.0 0.0004128481123188976
633.0 0.0003754482577278395
634.0 0.0003380482894499437
635.0 0.00037729339510406135
636.0 0.00041653847802081145
637.0 0.0004901910415355815
638.0 0.0005638435141008813
639.0 0.0005873238478670828
640.0 0.0006108042271080194
641.0 0.0006356868198054144
642.0 0.0006605694579775445
643.0 0.0007304417977138655
644.0 0.0008003141374501865
645.0 0.0007228555205074372
646.0 0.0006453969490394229
647.0 0.0006050942829460837
648.0 0.0005647915259032743
649.0 0.0006129553639766527
650.0 0.0006611192929995013
651.0 0.0008176130904757883
652.0 0.0009741068424773403
653.0 0.0009329583917860873
654.0 0.0008918100320443045
655.0 0.001342133055004524
656.0 0.0017924559870152734
657.0 0.002856167520803865
658.0 0.003919878872693516
659.0 0.006442369340220466
660.0 0.049710978055372834
661.0 0.13003956992179155
662.0 0.0944151368457824
663.0 0.1327766221947968
664.0 0.09541953331790864
665.0 0.08834266336634755
666.0 0.20032967440783978
667.0 0.21446587052196264
668.0 0.19835620187222958
669.0 0.3166779177263379
670.0 0.48817889764904976
671.0 0.7288387510925531
672.0 1.2492208741605282
673.0 1.8306072801351547
674.0 2.71211676299572
675.0 3.728572651743889
676.0 4.851000010967255
677.0 6.203164532780647
678.0 7.602642476558685
679.0 9.236027300357819
680.0 11.367423087358475
681.0 13.650445640087128
682.0 16.181592643260956
683.0 18.989291787147522
684.0 21.943718194961548
685.0 24.904127418994904
686.0 27.944669127464294
687.0 31.289854645729065
688.0 34.70074236392975
689.0 38.34715187549591
690.0 42.53273010253906
691.0 47.16552495956421
692.0 52.41933465003967
693.0 58.00185203552246
694.0 64.07831311225891
695.0 69.782954454422
696.0 75.91009736061096
697.0 81.26821517944336
698.0 86.65220141410828
699.0 90.47844409942627
700.0 93.21092367172241
701.0 95.27949690818787
702.0 96.61400318145752
703.0 97.28374481201172
704.0 97.49718904495239
705.0 97.82006740570068
706.0 97.74690866470337
707.0 97.89596199989319
708.0 97.84546494483948
709.0 97.87865877151489
710.0 97.71097898483276
711.0 98.01450967788696
712.0 97.91824221611023
713.0 98.02291989326477
714.0 98.11250567436218
715.0 98.13922643661499
716.0 97.98381924629211
717.0 98.10423851013184
718.0 98.09845685958862
719.0 98.03998470306396
720.0 98.224538564682
721.0 98.04370999336243
722.0 97.68123626708984
723.0 97.50100374221802
724.0 97.22595810890198
725.0 97.02840447425842
726.0 96.8407690525055
727.0 96.64973616600037
728.0 96.51560187339783
729.0 96.29379510879517
730.0 96.44527435302734
731.0 96.55998349189758
732.0 96.50405645370483
733.0 96.90558314323425
734.0 97.27866053581238
735.0 97.41926789283752
736.0 97.77665138244629
737.0 98.10335636138916
738.0 98.35376143455505
739.0 98.67704510688782
740.0 98.73244166374207
741.0 98.56027960777283
742.0 98.9324688911438
743.0 98.74054193496704
744.0 98.53011965751648
745.0 98.55608940124512
746.0 98.46183061599731
747.0 98.71184229850769
748.0 98.60202670097351
749.0 98.49745631217957
750.0 98.52650761604309
751.0 98.44051003456116
752.0 98.30116033554077
753.0 98.5882043838501
754.0 98.458731174469
755.0 98.50457906723022
756.0 98.54175448417664
757.0 98.59408140182495
758.0 98.65593314170837
759.0 98.67912530899048
760.0 98.59782457351685
761.0 98.55377078056335
762.0 98.69899153709412
763.0 98.64085912704468
764.0 98.56321215629578
765.0 98.42252731323242
766.0 98.47765564918518
767.0 98.27610850334167
768.0 98.24593663215637
769.0 98.16148281097412
770.0 97.9371964931488
771.0 97.92786240577698
772.0 97.98449873924255
773.0 97.90340065956116
774.0 97.69084453582764
775.0 97.77002930641174
776.0 97.75057435035706
777.0 97.92940020561218
778.0 97.95818328857422
779.0 98.1019139289856
780.0 97.94278144836426
781.0 98.43478202819824
782.0 98.21117520332336
783.0 98.37522506713867
784.0 98.41312170028687
785.0 98.50189685821533
786.0 98.63539338111877
787.0 98.38676452636719
788.0 98.42374920845032
789.0 98.48850965499878
790.0 98.46534729003906
791.0 98.46693277359009
792.0 98.31777215003967
793.0 98.13504219055176
794.0 97.98879027366638
795.0 97.95199036598206
796.0 97.8999376296997
797.0 97.98755645751953
798.0 97.86146283149719
799.0 97.73666262626648
800.0 97.4878191947937
801.0 97.5477397441864
802.0 97.20020294189453
803.0 96.82874083518982
804.0 96.22048139572144
805.0 95.33238410949707
806.0 94.37136054039001
807.0 93.04323196411133
808.0 91.16615653038025
809.0 89.29607272148132
810.0 87.09149360656738
811.0 84.32255387306213
812.0 81.18975758552551
813.0 77.659010887146
814.0 73.62046241760254
815.0 69.29629445075989
816.0 64.98108506202698
817.0 60.286539793014526
818.0 55.42251467704773
819.0 51.259130239486694
820.0 46.47515118122101
821.0 41.934219002723694
822.0 37.46217489242554
823.0 32.928839325904846
824.0 28.371506929397583
825.0 24.242480099201202
826.0 19.890472292900085
827.0 15.492527186870575
828.0 11.71790435910225
829.0 8.347180485725403
830.0 5.414621904492378
831.0 3.526587411761284
832.0 2.113819867372513
833.0 1.1663330718874931
834.0 0.7009191904217005
835.0 0.3628258826211095
836.0 0.24157334119081497
837.0 0.1968209631741047
838.0 0.062386359786614776
839.0 0.05882262485101819
840.0 0.011284883657936007
841.0 1.5745304365877288e-10
842.0 1.5745304365877288e-10
843.0 1.5745304365877288e-10
844.0 0.02273536374559626
845.0 1.5745304365877288e-10
846.0 1.5745304365877288e-10
847.0 1.5745304365877288e-10
848.0 0.011108166654594243
849.0 1.5745304365877288e-10
850.0 0.009070990927284583
851.0 0.002276505074405577
852.0 0.002906080953835044
853.0 0.0021893283701501787
854.0 0.0014725759683642536
855.0 0.0006616768132516881
856.0 1.5745304365877288e-10
857.0 1.5745304365877288e-10
858.0 1.5745304365877288e-10
859.0 1.5745304365877288e-10
860.0 1.5745304365877288e-10
861.0 1.5745304365877288e-10
862.0 1.5745304365877288e-10
863.0 1.5745304365877288e-10
864.0 1.5745304365877288e-10
865.0 1.5745304365877288e-10
866.0 1.5745304365877288e-10
867.0 1.5745304365877288e-10
868.0 1.5745304365877288e-10
869.0 1.5745304365877288e-10
870.0 0.00012905550192954252
871.0 0.00013850171853846405
872.0 0.00014794790104133426
873.0 8.177401582543098e-05
874.0 1.5600113556502038e-05
875.0 1.5745304365877288e-10
876.0 1.5745304365877288e-10
877.0 1.5745304365877288e-10
878.0 1.8408123025892564e-05
879.0 8.244033438131737e-05
880.0 0.00014647262105427217
881.0 0.00011675351743178908
882.0 8.703443654667353e-05
883.0 1.5745304365877288e-10
884.0 1.5745304365877288e-10
885.0 1.5745304365877288e-10
886.0 1.5260555130680586e-05
887.0 1.5745304365877288e-10
888.0 1.5745304365877288e-10
889.0 1.5745304365877288e-10
890.0 0.0001166704009847308
891.0 0.0001290900172534748
892.0 0.00014150959941616748
893.0 2.297574610565789e-05
894.0 1.5745304365877288e-10
