lsstCam/transmission_filter_detector/r33_s00/i_39/19700101T000000.ecsv
# %ECSV 1.0
# ---
# datatype:
# - {name: wavelength, unit: nm, datatype: float32}
# - {name: efficiency, unit: '%', datatype: float64}
# meta: !!omap
# - {MODE: DETECTOR}
# - {TYPE: transmission_filter_detector}
# - {CALIBDATE: '1970-01-01T00:00:00'}
# - {INSTRUME: LSSTCam}
# - {OBSTYPE: transmission_filter_detector}
# - {CALIBCLS: lsst.ip.isr.IntermediateFilterDetectorTransmissionCurve}
# - {SOURCE: Materion (DM-46256)}
# - {DETECTOR: 144}
# - {FILTER: i_39}
# - {CALIB_ID: 'calibDate=1970-01-01T00:00:00 filter=i_39 detector=144'}
# - {DATE: '2025-04-02T15:59:47.146537'}
# - {CALIB_CREATION_DATE: '2025-04-02'}
# - {CALIB_CREATION_TIME: '15:59:47'}
# - __serialized_columns__:
#     efficiency:
#       __class__: astropy.units.quantity.Quantity
#       unit: !astropy.units.Unit {unit: '%'}
#       value: !astropy.table.SerializedColumn {name: efficiency}
#     wavelength:
#       __class__: astropy.units.quantity.Quantity
#       unit: !astropy.units.Unit {unit: nm}
#       value: !astropy.table.SerializedColumn {name: wavelength}
# schema: astropy-2.0
wavelength efficiency
[from data line 596]
896.0 1.5745304365877288e-10
897.0 1.5745304365877288e-10
898.0 1.5745304365877288e-10
899.0 1.5745304365877288e-10
900.0 1.5745304365877288e-10
901.0 1.5745304365877288e-10
902.0 1.5745304365877288e-10
903.0 1.5745304365877288e-10
904.0 1.5745304365877288e-10
905.0 1.5745304365877288e-10
906.0 4.1884959500748664e-05
907.0 1.5745304365877288e-10
908.0 1.5745304365877288e-10
909.0 3.314496552775381e-05
910.0 0.00015730588529550005
911.0 0.00010187902717007091
912.0 4.645216336029989e-05
913.0 1.2701187301900063e-05
914.0 1.5745304365877288e-10
915.0 1.5745304365877288e-10
916.0 1.5132984287902218e-05
917.0 1.5745304365877288e-10
918.0 1.5745304365877288e-10
919.0 1.5745304365877288e-10
920.0 1.5745304365877288e-10
921.0 1.5745304365877288e-10
922.0 1.5745304365877288e-10
923.0 1.3614918259463593e-05
924.0 5.785843768535415e-05
925.0 5.2959074992031674e-05
926.0 4.805974072041863e-05
927.0 1.5745304365877288e-10
928.0 1.5745304365877288e-10
929.0 1.5745304365877288e-10
930.0 7.59027102503751e-05
931.0 1.5745304365877288e-10
932.0 1.5745304365877288e-10
933.0 1.5745304365877288e-10
934.0 1.5745304365877288e-10
935.0 1.5745304365877288e-10
936.0 1.5745304365877288e-10
937.0 1.5745304365877288e-10
938.0 1.5745304365877288e-10
939.0 1.5745304365877288e-10
940.0 1.5745304365877288e-10
941.0 1.5745304365877288e-10
942.0 1.9727222877463646e-05
943.0 0.00013561855212174123
944.0 0.0002515098913136171
945.0 2.0830061941978784e-05
946.0 1.5745304365877288e-10
947.0 1.5745304365877288e-10
948.0 0.00015022455954749603
949.0 0.00011409091484892997
950.0 7.795732130944089e-05
951.0 3.893350424277742e-05
952.0 1.5745304365877288e-10
953.0 1.5745304365877288e-10
954.0 1.5745304365877288e-10
955.0 1.5745304365877288e-10
956.0 1.5745304365877288e-10
957.0 1.5745304365877288e-10
958.0 1.5745304365877288e-10
959.0 3.219855102543079e-05
960.0 0.00012990202549190144
961.0 8.467823136015795e-05
962.0 3.945443722841446e-05
963.0 0.00019336387140356237
964.0 0.0003472733396847616
965.0 0.00030024591524124844
966.0 0.0002532185362724704
967.0 1.5745304365877288e-10
968.0 1.5745304365877288e-10
969.0 1.5745304365877288e-10
970.0 1.5745304365877288e-10
971.0 3.3951522482311702e-06
972.0 7.423131478390133e-05
973.0 0.0001008947947411798
974.0 0.00012755828038280015
975.0 1.751421621065674e-05
976.0 1.5745304365877288e-10
977.0 1.5745304365877288e-10
978.0 8.487901936859998e-05
979.0 4.41121557059887e-05
980.0 3.345254739883785e-06
981.0 1.5745304365877288e-10
982.0 1.5745304365877288e-10
983.0 1.5745304365877288e-10
984.0 1.5745304365877288e-10
985.0 4.6922642127356085e-05
986.0 0.0001611021389180678
987.0 6.2746005369263e-05
988.0 1.5745304365877288e-10
989.0 1.5745304365877288e-10
990.0 1.5745304365877288e-10
991.0 0.00013509558129953803
992.0 0.0003098823526670458
993.0 0.00016516808045707876
994.0 2.0453785509744193e-05
995.0 7.017431471467717e-05
996.0 0.00011989483255092637
997.0 7.872509399931005e-05
998.0 3.755530997295864e-05
999.0 0.00013684478972209035
1000.0 0.00023613422399648698
1001.0 0.0003640420572992298
1002.0 0.0004919499133393401
1003.0 0.00033902556424436625
1004.0 0.00018610119241202483
1005.0 0.00015792267049619113
1006.0 0.00012974409173693857
1007.0 4.675877676163509e-05
1008.0 1.5745304365877288e-10
1009.0 0.00016807940710350522
1010.0 0.0003723853296833113
1011.0 0.0002591128122730879
1012.0 0.0001458403062315483
1013.0 0.00021724197267758427
1014.0 0.000288643650492304
1015.0 0.00028210299660713645
1016.0 0.0002755624109340715
1017.0 0.0001924465095726191
1018.0 0.00010933061957985046
1019.0 5.3528088983512134e-05
1020.0 1.5745304365877288e-10
1021.0 7.500086667278083e-05
1022.0 0.00015227617495838786
1023.0 9.835725904849824e-05
1024.0 4.4438360191634274e-05
1025.0 0.00015239157846735907
1026.0 0.0002603448592708446
1027.0 0.0004147161689616041
1028.0 0.0005690874331776286
1029.0 0.0008948166396294255
1030.0 0.0012205458006064873
1031.0 0.0016938776752795093
1032.0 0.0021672090952051803
1033.0 0.002331532414245885
1034.0 0.0024958562789834104
1035.0 0.002931708331743721
1036.0 0.003367560202605091
1037.0 0.0032637020922265947
1038.0 0.003159844345645979
1039.0 0.003112115155090578
1040.0 0.0030643859645351768
1041.0 0.002967344335047528
1042.0 0.0028703030693577603
1043.0 0.0030866751330904663
1044.0 0.003303047560621053
1045.0 0.003105073483311571
1046.0 0.0029070994060020894
1047.0 0.003039568036911078
1048.0 0.003172037031617947
1049.0 0.0027755580958910286
1050.0 0.0023790791601641104
1051.0 0.002084251718770247
1052.0 0.0017894240954774432
1053.0 0.0015535279089817777
1054.0 0.001317631540587172
1055.0 0.0008326123861479573
1056.0 0.0003475931862340076
1057.0 0.0005156253337190719
1058.0 0.0006836575266788714
1059.0 0.0011846710549434647
1060.0 0.001685684583208058
1061.0 0.001315530425927136
1062.0 0.0009453764505451545
1063.0 0.0018425222151563503
1064.0 0.0027396683435654268
1065.0 0.0032430809369543567
1066.0 0.003746493166545406
1067.0 0.004189848550595343
1068.0 0.00463320393464528
1069.0 0.004353039912530221
1070.0 0.004072875526617281
1071.0 0.0038227022741921246
1072.0 0.003572529021766968
1073.0 0.003366385499248281
1074.0 0.0031602427043253556
1075.0 0.003033925349882338
1076.0 0.0029076083592372015
1077.0 0.0029871485821786337
1078.0 0.003066688805120066
1079.0 0.002831560959748458
1080.0 0.0025964331143768504
1081.0 0.0018085220290231518
1082.0 0.0010206115803157445
1083.0 0.0008423931831202935
1084.0 0.0006641750587732531
1085.0 0.0006069358732929686
1086.0 0.0005496968697116245
1087.0 0.0007581802037748275
1088.0 0.0009666635378380306
1089.0 0.00037042111671325983
1090.0 1.5745304365877288e-10
1091.0 1.5745304365877288e-10
1092.0 0.0001899281869555125
1093.0 0.0005823448191222269
1094.0 0.0009747611329657957
1095.0 0.00028370875497785164
1096.0 1.5745304365877288e-10
1097.0 1.5745304365877288e-10
1098.0 1.5745304365877288e-10
1099.0 0.0008373054697585758
1100.0 0.0022522599465446547
