lsstCam/transmission_filter_detector/r40_sg0/i_39/19700101T000000.ecsv
# %ECSV 1.0
# ---
# datatype:
# - {name: wavelength, unit: nm, datatype: float32}
# - {name: efficiency, unit: '%', datatype: float64}
# meta: !!omap
# - {MODE: DETECTOR}
# - {TYPE: transmission_filter_detector}
# - {CALIBDATE: '1970-01-01T00:00:00'}
# - {INSTRUME: LSSTCam}
# - {OBSTYPE: transmission_filter_detector}
# - {CALIBCLS: lsst.ip.isr.IntermediateFilterDetectorTransmissionCurve}
# - {SOURCE: Materion (DM-46256)}
# - {DETECTOR: 197}
# - {FILTER: i_39}
# - {CALIB_ID: 'calibDate=1970-01-01T00:00:00 filter=i_39 detector=197'}
# - {DATE: '2025-04-02T15:59:47.392372'}
# - {CALIB_CREATION_DATE: '2025-04-02'}
# - {CALIB_CREATION_TIME: '15:59:47'}
# - __serialized_columns__:
#     efficiency:
#       __class__: astropy.units.quantity.Quantity
#       unit: !astropy.units.Unit {unit: '%'}
#       value: !astropy.table.SerializedColumn {name: efficiency}
#     wavelength:
#       __class__: astropy.units.quantity.Quantity
#       unit: !astropy.units.Unit {unit: nm}
#       value: !astropy.table.SerializedColumn {name: wavelength}
# schema: astropy-2.0
wavelength efficiency
[from data line 597]
897.0 0.00021267346710374113
898.0 0.00015062404372656601
899.0 8.301195748572354e-05
900.0 1.5399903929846914e-05
901.0 4.0145576463146426e-05
902.0 6.48912362066767e-05
903.0 1.6608260990438883e-10
904.0 1.6608260990438883e-10
905.0 1.6608260990438883e-10
906.0 8.748390314394783e-05
907.0 1.6608260990438883e-10
908.0 1.6608260990438883e-10
909.0 1.6608260990438883e-10
910.0 1.6608260990438883e-10
911.0 1.6608260990438883e-10
912.0 1.6608260990438883e-10
913.0 1.6608260990438883e-10
914.0 3.7589398971249466e-05
915.0 6.152379228296923e-05
916.0 8.545816854166333e-05
917.0 1.76154813402718e-05
918.0 1.6608260990438883e-10
919.0 4.015663179757212e-06
920.0 5.825856419505726e-05
921.0 1.6608260990438883e-10
922.0 1.6608260990438883e-10
923.0 1.6608260990438883e-10
924.0 0.0001365744651593559
925.0 9.294771530221624e-05
926.0 4.932094270770904e-05
927.0 1.6608260990438883e-10
928.0 1.6608260990438883e-10
929.0 1.6608260990438883e-10
930.0 6.179837441777636e-05
931.0 2.430653367468949e-06
932.0 1.6608260990438883e-10
933.0 1.6608260990438883e-10
934.0 1.6608260990438883e-10
935.0 1.6608260990438883e-10
936.0 1.6608260990438883e-10
937.0 1.6608260990438883e-10
938.0 1.6608260990438883e-10
939.0 2.9462003681146598e-05
940.0 0.00010881544767471496
941.0 0.00013234139260021038
942.0 0.00015586732615702203
943.0 5.442100814434525e-05
944.0 1.6608260990438883e-10
945.0 1.6608260990438883e-10
946.0 1.6608260990438883e-10
947.0 1.6608260990438883e-10
948.0 1.6608260990438883e-10
949.0 8.990553368448673e-06
950.0 3.123065823729121e-05
951.0 2.6046663492707012e-05
952.0 2.0862634642071498e-05
953.0 1.6608260990438883e-10
954.0 1.6608260990438883e-10
955.0 2.045416493956509e-05
956.0 0.0001932183067765436
957.0 0.00012463442544685677
958.0 5.6050566854537465e-05
959.0 0.00018842450799638755
960.0 0.00032079840366350254
961.0 0.00022466422251454787
962.0 0.0001285300413655932
963.0 0.00016109283933474217
964.0 0.00019365563730389113
965.0 4.423115456120286e-05
966.0 1.6608260990438883e-10
967.0 1.6608260990438883e-10
968.0 1.6608260990438883e-10
969.0 1.6608260990438883e-10
970.0 1.6608260990438883e-10
971.0 1.6608260990438883e-10
972.0 1.6608260990438883e-10
973.0 1.6608260990438883e-10
974.0 4.617878914814355e-05
975.0 0.00010675988733055419
976.0 0.00016734103382987087
977.0 8.161309210663603e-05
978.0 1.6608260990438883e-10
979.0 3.0174038556651794e-05
980.0 6.446290967687673e-05
981.0 6.344039888972475e-05
982.0 6.241788810257276e-05
983.0 9.930140265623777e-06
984.0 1.6608260990438883e-10
985.0 1.6608260990438883e-10
986.0 1.6608260990438883e-10
987.0 1.6608260990438883e-10
988.0 1.6608260990438883e-10
989.0 1.6608260990438883e-10
990.0 4.499790122736158e-05
991.0 1.6608260990438883e-10
992.0 1.6608260990438883e-10
993.0 8.09890138953051e-05
994.0 0.00022060271476220805
995.0 0.0002957418473670259
996.0 0.00037088095723447623
997.0 0.00016018473161238944
998.0 1.6608260990438883e-10
999.0 1.6608260990438883e-10
1000.0 1.6608260990438883e-10
1001.0 3.904802952092723e-05
1002.0 8.590191669100022e-05
1003.0 0.00020325144305388676
1004.0 0.0003206009751011152
1005.0 0.0002446623966534389
1006.0 0.00016872387504918152
1007.0 0.00023108407276595244
1008.0 0.0002934444182756124
1009.0 0.00022071214971219888
1010.0 0.0001479798584114178
1011.0 0.00016817126606838428
1012.0 0.000188362662356667
1013.0 0.00017898112218972528
1014.0 0.00016959960476015112
1015.0 5.5242674079636345e-05
1016.0 1.6608260990438883e-10
1017.0 0.0001857917709457979
1018.0 0.00043069767343695275
1019.0 0.0002560845359766972
1020.0 8.147135872604849e-05
1021.0 1.6608260990438883e-10
1022.0 1.6608260990438883e-10
1023.0 1.6608260990438883e-10
1024.0 0.00011547678013812401
1025.0 0.0001346063072560355
1026.0 0.00015373581163657946
1027.0 0.0003078066583839245
1028.0 0.0004618773800757481
1029.0 0.0006398075129254721
1030.0 0.0008177375093509909
1031.0 0.0011360204553056974
1032.0 0.0014543033103109337
1033.0 0.001899853305076249
1034.0 0.0023454029360436834
1035.0 0.002593936733319424
1036.0 0.002842470166797284
1037.0 0.0031205505365505815
1038.0 0.0033986310882028192
1039.0 0.003257536081946455
1040.0 0.0031164410756900907
1041.0 0.002980716817546636
1042.0 0.0028449921956053004
1043.0 0.00271983772108797
1044.0 0.0025946832465706393
1045.0 0.0028746804673573934
1046.0 0.0031546776881441474
1047.0 0.003128496973658912
1048.0 0.003102316622971557
1049.0 0.0029938348234281875
1050.0 0.0028853526600869372
1051.0 0.0025601457309676334
1052.0 0.0022349388018483296
1053.0 0.0021757279682788067
1054.0 0.002116516770911403
1055.0 0.0015786899894010276
1056.0 0.001040863116941182
1057.0 0.001108732794818934
1058.0 0.0011766026545956265
1059.0 0.0007647053280379623
1060.0 0.00035280806969240075
1061.0 0.0005437332220026292
1062.0 0.0007346585334744304
1063.0 0.0012270362276467495
1064.0 0.0017194135580211878
1065.0 0.0024709910576348193
1066.0 0.003222568557248451
1067.0 0.003787276364164427
1068.0 0.0043519848986761644
1069.0 0.004224602525937371
1070.0 0.004097220880794339
1071.0 0.004343458203948103
1072.0 0.004589696254697628
1073.0 0.003515344360494055
1074.0 0.0024409926481894217
1075.0 0.0028662601835094392
1076.0 0.0032915275369305164
1077.0 0.003435268808971159
1078.0 0.0035790097172139212
1079.0 0.0028220143576618284
1080.0 0.002065018816210795
1081.0 0.0018779703168547712
1082.0 0.0016909218174987473
1083.0 0.001766808782122098
1084.0 0.001842695928644389
1085.0 0.0013139690054231323
1086.0 0.0007852422641008161
1087.0 0.0005592071374849183
1088.0 0.00033317223824269604
1089.0 1.6608260990438883e-10
1090.0 1.6608260990438883e-10
1091.0 0.00017670331544650253
1092.0 0.0012791000699508004
1093.0 0.0006034178113623057
1094.0 1.6608260990438883e-10
1095.0 1.6608260990438883e-10
1096.0 1.6608260990438883e-10
1097.0 1.6608260990438883e-10
1098.0 1.6608260990438883e-10
1099.0 0.00014443717191170435
1100.0 0.0013132704225427005
