lsstCam/transmission_filter_detector/r40_sg0/i_39/19700101T000000.ecsv
# %ECSV 1.0
# ---
# datatype:
# - {name: wavelength, unit: nm, datatype: float32}
# - {name: efficiency, unit: '%', datatype: float64}
# meta: !!omap
# - {MODE: DETECTOR}
# - {TYPE: transmission_filter_detector}
# - {CALIBDATE: '1970-01-01T00:00:00'}
# - {INSTRUME: LSSTCam}
# - {OBSTYPE: transmission_filter_detector}
# - {CALIBCLS: lsst.ip.isr.IntermediateFilterDetectorTransmissionCurve}
# - {SOURCE: Materion (DM-46256)}
# - {DETECTOR: 197}
# - {FILTER: i_39}
# - {CALIB_ID: 'calibDate=1970-01-01T00:00:00 filter=i_39 detector=197'}
# - {DATE: '2025-04-02T15:59:47.392372'}
# - {CALIB_CREATION_DATE: '2025-04-02'}
# - {CALIB_CREATION_TIME: '15:59:47'}
# - __serialized_columns__:
#     efficiency:
#       __class__: astropy.units.quantity.Quantity
#       unit: !astropy.units.Unit {unit: '%'}
#       value: !astropy.table.SerializedColumn {name: efficiency}
#     wavelength:
#       __class__: astropy.units.quantity.Quantity
#       unit: !astropy.units.Unit {unit: nm}
#       value: !astropy.table.SerializedColumn {name: wavelength}
# schema: astropy-2.0
wavelength efficiency
300.0 0.045583274913951755
301.0 0.01942733215400949
302.0 1.6608260990438883e-10
303.0 0.004435190567164682
304.0 0.015598985191900283
305.0 0.01337306312052533
306.0 0.011147138138767332
307.0 0.007935626490507275
308.0 0.004724110476672649
309.0 1.6608260990438883e-10
310.0 1.6608260990438883e-10
311.0 1.6608260990438883e-10
312.0 1.6608260990438883e-10
313.0 1.6608260990438883e-10
314.0 1.6608260990438883e-10
315.0 1.6608260990438883e-10
316.0 1.6608260990438883e-10
317.0 0.0014926697076589335
318.0 0.0030599567253375426
319.0 0.0029503753466997296
320.0 0.0028407925128703937
321.0 0.002283471985720098
322.0 0.0017261500033782795
323.0 0.001355492349830456
324.0 0.0009848340596363414
325.0 0.0023878821593825705
326.0 0.0037909307138761505
327.0 0.0013464059520629235
328.0 1.6608260990438883e-10
329.0 1.6608260990438883e-10
330.0 1.6608260990438883e-10
331.0 0.00025156880383292446
332.0 0.0018649541743798181
333.0 0.0008184792932297569
334.0 1.6608260990438883e-10
335.0 0.0011218208783247974
336.0 0.0024716375264688395
337.0 0.0026768273528432474
338.0 0.0028820168154197745
339.0 0.0010715634743974078
340.0 1.6608260990438883e-10
341.0 0.0001893447347356414
342.0 0.0011175790859851986
343.0 0.00048137535486603156
344.0 1.6608260990438883e-10
345.0 0.0005084305939817568
346.0 0.0011716893823177088
347.0 0.0007283160812221467
348.0 0.00028494250727817416
349.0 1.6608260990438883e-10
350.0 1.6608260990438883e-10
351.0 1.6608260990438883e-10
352.0 7.478457746401546e-05
353.0 8.134289686267948e-06
354.0 1.6608260990438883e-10
355.0 0.0008625675945950206
356.0 0.0017836511688074097
357.0 0.0005172059445612831
358.0 1.6608260990438883e-10
359.0 1.6608260990438883e-10
360.0 6.133861916168826e-05
361.0 0.000932541661313735
362.0 0.0018037444533547387
363.0 0.0009055777809408028
364.0 7.411129843148956e-06
365.0 0.0006515330824186094
366.0 0.0012956551472598221
367.0 0.0009917995157593396
368.0 0.0006879439297335921
369.0 1.6608260990438883e-10
370.0 1.6608260990438883e-10
371.0 1.6608260990438883e-10
372.0 0.00040534941945225
373.0 0.00046713175834156573
374.0 0.0005289140062814113
375.0 0.0004095016720384592
376.0 0.0002900893605328747
377.0 1.6608260990438883e-10
378.0 1.6608260990438883e-10
379.0 1.6608260990438883e-10
380.0 0.00015977965404090355
381.0 1.6608260990438883e-10
382.0 1.6608260990438883e-10
383.0 1.6608260990438883e-10
384.0 0.00011756558251363458
385.0 0.00015255856169460458
386.0 0.0001875514044513693
387.0 0.000255612712862785
388.0 0.0003236738393752603
389.0 0.00013257484852147172
390.0 1.6608260990438883e-10
391.0 1.6608260990438883e-10
392.0 1.6608260990438883e-10
393.0 0.00021113246475579217
394.0 0.0009505665730102919
395.0 0.001260137651115656
396.0 0.0015697085473220795
397.0 0.0010034485967480578
398.0 0.00043718878259824123
399.0 0.00110357514131465
400.0 0.001769961636455264
401.0 0.0036784509575227275
402.0 0.005586941188084893
403.0 0.004247462857165374
404.0 0.0029079857995384373
405.0 0.002249309909529984
406.0 0.0015906343833194114
407.0 0.0018355773136136122
408.0 0.0020805198801099323
409.0 0.003072925755986944
410.0 0.004065331086167134
411.0 0.0028809077775804326
412.0 0.0016964842870947905
413.0 0.003755844954866916
414.0 0.005815205440740101
415.0 0.0065219101088587195
416.0 0.007228614413179457
417.0 0.007291599467862397
418.0 0.007354584522545338
419.0 0.004909297786070965
420.0 0.0024640119590912946
421.0 0.003801105049205944
422.0 0.005138199048815295
423.0 0.0052379178669070825
424.0 0.005337635229807347
425.0 0.005554374729399569
426.0 0.005771113865193911
427.0 0.005232833427726291
428.0 0.004694553354056552
429.0 0.003854801252600737
430.0 0.0030150495149428025
431.0 0.004079245627508499
432.0 0.005143441376276314
433.0 0.003923396070604213
434.0 0.002703350764932111
435.0 0.0024034487069002353
436.0 0.0021035468307673
437.0 0.0012337497537373565
438.0 0.00036395288134372095
439.0 0.0005276457159197889
440.0 0.0006913384368090192
441.0 0.000875387377163861
442.0 0.001059436453942908
443.0 0.0009369023246108554
444.0 0.0008143681952788029
445.0 0.0006316502549452707
446.0 0.00044893226913700346
447.0 8.116863341456337e-05
448.0 1.6608260990438883e-10
449.0 1.6608260990438883e-10
450.0 0.00014437382560572587
451.0 1.6608260990438883e-10
452.0 1.6608260990438883e-10
453.0 1.6608260990438883e-10
454.0 1.6608260990438883e-10
455.0 0.00030117523692752
456.0 0.0006537784429383464
457.0 0.0005281112407828914
458.0 0.0004024440386274364
459.0 0.0004307959443394793
460.0 0.00045914794100099243
461.0 0.0006674469659628812
462.0 0.0008757458999752998
463.0 0.0007533270945714321
464.0 0.0006309083801170345
465.0 0.0004307002654968528
466.0 0.00023049235551297897
467.0 0.0003650063945315196
468.0 0.0004995204108126927
469.0 0.0003979463599534938
470.0 0.00029637235456903
471.0 0.000236232222050603
472.0 0.00017609203268875717
473.0 6.572980737473699e-05
474.0 1.6608260990438883e-10
475.0 0.00010821227078849915
476.0 0.00026105697088496527
477.0 0.0005910847448831191
478.0 0.0009211124961439054
479.0 0.0006587975349248154
480.0 0.0003964825282309903
481.0 0.0009714370207802858
482.0 0.0015463916497537866
483.0 0.0024983899493236095
484.0 0.0034503878850955516
485.0 0.004152211840846576
486.0 0.0048540357965976
487.0 0.006422823935281485
488.0 0.007991612801561132
489.0 0.012598937610164285
490.0 0.0172062631463632
491.0 0.02174985420424491
492.0 0.026293451082892716
493.0 0.02951456408482045
494.0 0.032735682907514274
495.0 0.031182134989649057
496.0 0.02962858707178384
497.0 0.02410775050520897
498.0 0.018586916849017143
499.0 0.014048736193217337
500.0 0.009510558447800577
501.0 0.006405858584912494
502.0 0.0033011583582265303
503.0 0.0023379365302389488
504.0 0.0013747144294029567
505.0 0.0017018479411490262
506.0 0.0020289809981477447
507.0 0.002274103826493956
508.0 0.002519226291042287
509.0 0.0024119131921906956
510.0 0.002304599911440164
511.0 0.002110888272000011
512.0 0.0019171768144587986
513.0 0.001918808266054839
514.0 0.0019204398995498195
515.0 0.0019320146748214029
516.0 0.0019435894500929862
517.0 0.001949130637513008
518.0 0.00195467200683197
519.0 0.0016066687749116682
520.0 0.0012586658158397768
521.0 0.0014277356058300938
522.0 0.0015968056686688215
523.0 0.0016098132618935779
524.0 0.001622820673219394
525.0 0.0022149548385641538
526.0 0.002807089185807854
527.0 0.003113596176262945
528.0 0.0034201035305159166
529.0 0.003479816223261878
530.0 0.00353952927980572
531.0 0.0034266035072505474
532.0 0.0033136784622911364
533.0 0.0026198033083346672
534.0 0.001925928154378198
535.0 0.0017668591681285761
536.0 0.0016077899999800138
537.0 0.0020523311832221225
538.0 0.0024968725483631715
539.0 0.003072393883485347
540.0 0.0036479155824054033
541.0 0.0044080865336582065
542.0 0.00516825748491101
543.0 0.0051476541557349265
544.0 0.005127051190356724
545.0 0.004665464439312927
546.0 0.004203878052067012
547.0 0.003249286237405613
548.0 0.002294694058946334
549.0 0.0019237326341681182
550.0 0.001552771391288843
551.0 0.0016201262042159215
552.0 0.0016874811990419403
553.0 0.0018285330952494405
554.0 0.001969585173355881
555.0 0.001718160456221085
556.0 0.0014667360119346995
557.0 0.001100616282201372
558.0 0.0007344965069933096
559.0 0.000515214969709632
560.0 0.000295933500638057
561.0 0.0004380544396553887
562.0 0.000580175446884823
563.0 0.0010577085049590096
564.0 0.0015352414266089909
565.0 0.0015660125427530147
566.0 0.0015967836588970385
567.0 0.001681447793089319
568.0 0.0017661119272815995
569.0 0.0013799295629723929
570.0 0.0009937471986631863
571.0 0.0006519406269944739
572.0 0.0003101341008004965
573.0 0.0003643097443273291
574.0 0.00041848538785416167
575.0 0.000419936804973986
576.0 0.00042138822209381033
577.0 0.0004504084699874511
578.0 0.0004794286724063568
579.0 0.000414706346418825
580.0 0.00034998399769392563
581.0 0.00036955971154384315
582.0 0.0003891354936058633
583.0 0.00042342840060882736
584.0 0.0004577213076117914
585.0 0.0005522544597624801
586.0 0.0006467874300142284
587.0 0.0006058995040802984
588.0 0.0005650115326716332
589.0 0.000640813959762454
590.0 0.0007166164778027451
591.0 0.0006181319804454688
592.0 0.0005196473011892522
593.0 0.0005773481007054215
594.0 0.0006350489911710611
595.0 0.0004535530024440959
596.0 0.00027205696824239567
597.0 0.00026370389605290256
598.0 0.00025535082386340946
599.0 0.0002746839982137317
600.0 0.00029401728625089163
601.0 0.0003359815082148998
602.0 0.0003779458438657457
603.0 0.00032759505756985163
604.0 0.00027724431674869265
605.0 0.00035195773762097815
606.0 0.00042667111301852856
607.0 0.00033311043807771057
608.0 0.0002395496721874224
609.0 0.00033043427265511127
610.0 0.0004213190095470054
611.0 0.0003425692739256192
612.0 0.0002638195837789681
613.0 0.00016863173186720815
614.0 7.344395953623462e-05
615.0 0.0001959179598998162
616.0 0.0003183919943694491
617.0 0.0003216541927031358
618.0 0.0003249165047236602
619.0 0.00018240103827338316
620.0 3.988566845691821e-05
621.0 0.00016278230532407179
622.0 0.0002856789706129348
623.0 0.00030161540962581057
624.0 0.00031755193958815653
625.0 0.0003871111857733922
626.0 0.000456670477433363
627.0 0.00039464580368075985
628.0 0.00033262119814025937
629.0 0.00034574363780848216
630.0 0.0003588660547393374
631.0 0.0003921923962479923
632.0 0.000425518646807177
633.0 0.00036170176826999523
634.0 0.0002978849579449161
635.0 0.0003520559630487696
636.0 0.0004062269908899907
637.0 0.0002911630417656852
638.0 0.0001760990471666446
639.0 0.0003035496092707035
640.0 0.00043100012590002734
641.0 0.00043326872400939465
642.0 0.00043553727664402686
643.0 0.00039134829421527684
644.0 0.0003471591980996891
645.0 0.0005190161118662218
646.0 0.0006908730938448571
647.0 0.0007706823453190736
648.0 0.0008504914148943499
649.0 0.0008335558050021064
650.0 0.0008166201041603927
651.0 0.0008674598575453274
652.0 0.0009182996109302621
653.0 0.0008614020771346986
654.0 0.0008045047252380755
655.0 0.0009270765076507814
656.0 0.001049648108164547
657.0 0.0017327738532912917
658.0 0.0024158995074685663
659.0 0.004182643897365779
660.0 0.031170540023595095
661.0 0.06969653186388314
662.0 0.056970666628330946
663.0 0.10028155520558357
664.0 0.08313559810630977
665.0 0.07574986084364355
666.0 0.12849628692492843
667.0 0.15865624882280827
668.0 0.21899566054344177
669.0 0.2495097229257226
670.0 0.2906642621383071
671.0 0.4397823940962553
672.0 0.6524670869112015
673.0 1.061389409005642
674.0 1.6638534143567085
675.0 2.458169125020504
676.0 3.454507887363434
677.0 4.701041057705879
678.0 6.078032031655312
679.0 7.43059515953064
680.0 9.250473976135254
681.0 11.183702945709229
682.0 13.657741248607635
683.0 16.400010883808136
684.0 19.40953880548477
685.0 22.335857152938843
686.0 25.33300518989563
687.0 28.5679429769516
688.0 31.789061427116394
689.0 35.01288890838623
690.0 38.62544596195221
691.0 42.48834550380707
692.0 47.13706970214844
693.0 52.134132385253906
694.0 57.70487189292908
695.0 63.36298584938049
696.0 69.61122751235962
697.0 75.21809339523315
698.0 81.37442469596863
699.0 86.11292839050293
700.0 89.9851143360138
701.0 93.15614700317383
702.0 95.38035988807678
703.0 96.70961499214172
704.0 97.3412811756134
705.0 97.81582355499268
706.0 97.89899587631226
707.0 98.16262125968933
708.0 98.21469187736511
709.0 98.2232928276062
710.0 97.96826839447021
711.0 98.1746256351471
712.0 98.00384640693665
713.0 98.11896681785583
714.0 98.18970561027527
715.0 98.27062487602234
716.0 98.15294742584229
717.0 98.3094871044159
718.0 98.43672513961792
719.0 98.38590621948242
720.0 98.66992831230164
721.0 98.58937859535217
722.0 98.33709001541138
723.0 98.0682373046875
724.0 97.71481156349182
725.0 97.40750789642334
726.0 97.13593125343323
727.0 96.8228816986084
728.0 96.57513499259949
729.0 96.3549256324768
730.0 96.35115265846252
731.0 96.42072319984436
732.0 96.36979699134827
733.0 96.64515256881714
734.0 97.03222513198853
735.0 97.28835225105286
736.0 97.73083925247192
737.0 98.07375073432922
738.0 98.33303093910217
739.0 98.77490401268005
740.0 98.89904260635376
741.0 98.74408841133118
742.0 99.06348586082458
743.0 98.88637065887451
744.0 98.6360251903534
745.0 98.63872528076172
746.0 98.57944846153259
747.0 98.92210960388184
748.0 98.80988597869873
749.0 98.70921969413757
750.0 98.71649742126465
751.0 98.52513074874878
752.0 98.46639037132263
753.0 98.74788522720337
754.0 98.5694944858551
755.0 98.68720769882202
756.0 98.68741035461426
757.0 98.79198670387268
758.0 98.91605377197266
759.0 98.91073703765869
760.0 98.79587888717651
761.0 98.69489073753357
762.0 98.80342483520508
763.0 98.743337392807
764.0 98.57175946235657
765.0 98.53918552398682
766.0 98.62189888954163
767.0 98.43688011169434
768.0 98.4244167804718
769.0 98.55034947395325
770.0 98.26276302337646
771.0 98.33765625953674
772.0 98.34816455841064
773.0 98.31831455230713
774.0 98.02403450012207
775.0 98.18180799484253
776.0 98.09593558311462
777.0 98.12372326850891
778.0 98.14221858978271
779.0 98.20778965950012
780.0 97.9765772819519
781.0 98.3009397983551
782.0 98.26869368553162
783.0 98.1738030910492
784.0 98.15616011619568
785.0 98.3372688293457
786.0 98.44764471054077
787.0 98.21346998214722
788.0 98.35845828056335
789.0 98.36095571517944
790.0 98.33934307098389
791.0 98.39677214622498
792.0 98.23893308639526
793.0 98.22733998298645
794.0 98.19552898406982
795.0 98.11358451843262
796.0 98.16505908966064
797.0 98.14713597297668
798.0 98.20818901062012
799.0 98.07027578353882
800.0 97.83797860145569
801.0 97.94584512710571
802.0 97.89147973060608
803.0 97.64999151229858
804.0 97.38907217979431
805.0 97.1622884273529
806.0 96.84237837791443
807.0 96.30132913589478
808.0 95.49193978309631
809.0 94.46271061897278
810.0 93.30753087997437
811.0 91.77177548408508
812.0 89.79376554489136
813.0 87.40290999412537
814.0 84.60189700126648
815.0 81.34769201278687
816.0 77.84595489501953
817.0 73.72750639915466
818.0 68.94625425338745
819.0 64.71405625343323
820.0 59.67397093772888
821.0 55.10476231575012
822.0 50.64771771430969
823.0 45.96967697143555
824.0 41.29590690135956
825.0 36.99665069580078
826.0 32.465675473213196
827.0 27.77809500694275
828.0 23.544101417064667
829.0 19.31849718093872
830.0 14.993506669998169
831.0 11.618387699127197
832.0 8.255358040332794
833.0 5.615633726119995
834.0 3.62820141017437
835.0 2.2272545844316483
836.0 1.3229084201157093
837.0 0.7470898795872927
838.0 0.39925500750541687
839.0 0.2513269195333123
840.0 0.13418379239737988
841.0 0.09678947972133756
842.0 0.044210252235643566
843.0 0.021211575949564576
844.0 0.007692854705965146
845.0 0.002413361653452739
846.0 0.0008076640369836241
847.0 1.6608260990438883e-10
848.0 1.6608260990438883e-10
849.0 1.6608260990438883e-10
850.0 1.6608260990438883e-10
851.0 0.0019678975149872713
852.0 0.0029621567591675557
853.0 0.0018693333913688548
854.0 0.000776510114519624
855.0 0.0005884932306798873
856.0 0.0004004762558906805
857.0 0.0005518204488907941
858.0 0.0007031646873656427
859.0 0.00036989433738199295
860.0 3.662404424176202e-05
861.0 1.2021376960547059e-05
862.0 1.6608260990438883e-10
863.0 5.823700917062524e-05
864.0 0.00012905544508612365
865.0 0.00010808640809045755
866.0 8.711738246347522e-05
867.0 8.044711563570672e-06
868.0 1.6608260990438883e-10
869.0 8.308017385161293e-07
870.0 7.268961326190038e-05
871.0 1.6608260990438883e-10
872.0 1.6608260990438883e-10
873.0 2.4988273139570083e-05
874.0 0.00012527158332886756
875.0 0.00011277408020760049
876.0 0.00010027657708633342
877.0 0.00010259918781230226
878.0 0.00010492182127563865
879.0 9.635496098781005e-05
880.0 8.778816322774219e-05
881.0 0.00014120969353825785
882.0 0.00019463125227048295
883.0 8.673932825331576e-05
884.0 1.6608260990438883e-10
885.0 6.036145236976154e-05
886.0 0.00014187543229127186
887.0 0.0001198607606056612
888.0 9.784605481399922e-05
889.0 0.00010476932175151887
890.0 0.00011169254321430344
891.0 1.6608260990438883e-10
892.0 1.6608260990438883e-10
893.0 5.342149052012246e-05
894.0 0.0002208402520409436
895.0 0.00024778159968263935
