lsstCam/transmission_filter_detector/r21_s10/z_20/19700101T000000.ecsv
# %ECSV 1.0
# ---
# datatype:
# - {name: wavelength, unit: nm, datatype: float32}
# - {name: efficiency, unit: '%', datatype: float64}
# meta: !!omap
# - {MODE: DETECTOR}
# - {TYPE: transmission_filter_detector}
# - {CALIBDATE: '1970-01-01T00:00:00'}
# - {INSTRUME: LSSTCam}
# - {OBSTYPE: transmission_filter_detector}
# - {CALIBCLS: lsst.ip.isr.IntermediateFilterDetectorTransmissionCurve}
# - {SOURCE: Materion (DM-46256)}
# - {DETECTOR: 84}
# - {FILTER: z_20}
# - {CALIB_ID: 'calibDate=1970-01-01T00:00:00 filter=z_20 detector=84'}
# - {DATE: '2025-04-02T15:59:49.028490'}
# - {CALIB_CREATION_DATE: '2025-04-02'}
# - {CALIB_CREATION_TIME: '15:59:49'}
# - __serialized_columns__:
#     efficiency:
#       __class__: astropy.units.quantity.Quantity
#       unit: !astropy.units.Unit {unit: '%'}
#       value: !astropy.table.SerializedColumn {name: efficiency}
#     wavelength:
#       __class__: astropy.units.quantity.Quantity
#       unit: !astropy.units.Unit {unit: nm}
#       value: !astropy.table.SerializedColumn {name: wavelength}
# schema: astropy-2.0
wavelength efficiency
[from data line 597]
897.0 99.38100576400757
898.0 98.7844467163086
899.0 98.61181974411011
900.0 98.8316535949707
901.0 99.32841658592224
902.0 99.38386082649231
903.0 99.08235669136047
904.0 97.80870079994202
905.0 98.87909293174744
906.0 98.17942976951599
907.0 98.72785806655884
908.0 98.21704030036926
909.0 98.32951426506042
910.0 97.91485667228699
911.0 97.127765417099
912.0 96.08672857284546
913.0 95.21454572677612
914.0 92.7013635635376
915.0 90.73390364646912
916.0 88.6212408542633
917.0 87.07559704780579
918.0 83.60961079597473
919.0 82.46062397956848
920.0 79.82226014137268
921.0 76.09703540802002
922.0 72.00613021850586
923.0 66.48225784301758
924.0 60.89475154876709
925.0 55.527305603027344
926.0 49.60068166255951
927.0 42.65938699245453
928.0 36.7568701505661
929.0 30.472993850708008
930.0 24.803851544857025
931.0 19.613057374954224
932.0 14.11113291978836
933.0 9.682337939739227
934.0 6.344320625066757
935.0 3.9712514728307724
936.0 2.2315362468361855
937.0 1.3737625442445278
938.0 0.7840954698622227
939.0 0.5543686915189028
940.0 0.4178317729383707
941.0 0.2630189526826143
942.0 0.07757170242257416
943.0 0.11537142563611269
944.0 0.08391558658331633
945.0 0.0958362827077508
946.0 0.04608981835190207
947.0 0.003220125290681608
948.0 1.5917230641177005e-10
949.0 0.07147947908379138
950.0 1.5917230641177005e-10
951.0 1.5917230641177005e-10
952.0 1.5917230641177005e-10
953.0 1.5917230641177005e-10
954.0 1.5917230641177005e-10
955.0 1.5917230641177005e-10
956.0 0.11153505183756351
957.0 0.01772295217961073
958.0 1.5917230641177005e-10
959.0 0.0544772541616112
960.0 1.5917230641177005e-10
961.0 1.5917230641177005e-10
962.0 0.0383986858651042
963.0 0.019164534751325846
964.0 0.09182715439237654
965.0 1.5917230641177005e-10
966.0 1.5917230641177005e-10
967.0 1.5917230641177005e-10
968.0 0.024968551588244736
969.0 1.5917230641177005e-10
970.0 1.5917230641177005e-10
971.0 1.5917230641177005e-10
972.0 1.5917230641177005e-10
973.0 1.5917230641177005e-10
974.0 1.5917230641177005e-10
975.0 1.5917230641177005e-10
976.0 0.006447433406719938
977.0 0.006445038161473349
978.0 0.006442644371418282
979.0 0.006239179492695257
980.0 0.00603571388637647
981.0 0.00587983631703537
982.0 0.005723958383896388
983.0 0.005699752000509761
984.0 0.005675545980921015
985.0 0.005384331234381534
986.0 0.0050931161240441725
987.0 0.005121375943417661
988.0 0.005149635762791149
989.0 0.005023561971029267
990.0 0.004897488543065265
991.0 0.004914729288429953
992.0 0.004931970397592522
993.0 0.004889858610113151
994.0 0.0048477468226337805
995.0 0.004750329026137479
996.0 0.004652911229641177
997.0 0.004544878902379423
998.0 0.00443684657511767
999.0 0.004379071469884366
1000.0 0.004321296364651062
1001.0 0.0043598167394520715
1002.0 0.004398336750455201
1003.0 0.004403570346767083
1004.0 0.004408803943078965
1005.0 0.004389147215988487
1006.0 0.004369490488898009
1007.0 0.004386454020277597
1008.0 0.004403417551657185
1009.0 0.004413126589497551
1010.0 0.004422835627337918
1011.0 0.004508454003371298
1012.0 0.004594072379404679
1013.0 0.004458201874513179
1014.0 0.004322331369621679
1015.0 0.0044773489207727835
1016.0 0.004632366471923888
1017.0 0.004679210906033404
1018.0 0.00472605497634504
1019.0 0.004644509681384079
1020.0 0.004562964386423118
1021.0 0.004700669524027035
1022.0 0.004838375025428832
1023.0 0.00470358609163668
1024.0 0.0045687971578445286
1025.0 0.004713136877398938
1026.0 0.004857476596953347
1027.0 0.004904312299913727
1028.0 0.004951148002874106
1029.0 0.004790859020431526
1030.0 0.0046305704017868266
1031.0 0.004811800317838788
1032.0 0.00499303059768863
1033.0 0.00498179579153657
1034.0 0.004970560985384509
1035.0 0.005129214696353301
1036.0 0.005287868043524213
1037.0 0.005474391582538374
1038.0 0.005660915121552534
1039.0 0.005602220699074678
1040.0 0.00554352554900106
1041.0 0.005659069574903697
1042.0 0.005774613237008452
1043.0 0.00558443607587833
1044.0 0.005394258550950326
1045.0 0.005874095222679898
1046.0 0.0063539315306115896
1047.0 0.006239707727218047
1048.0 0.006125483196228743
1049.0 0.006202869553817436
1050.0 0.006280255183810368
1051.0 0.006529041274916381
1052.0 0.006777827366022393
1053.0 0.006927162030478939
1054.0 0.007076497422531247
1055.0 0.007432923302985728
1056.0 0.00778934991103597
1057.0 0.007659697439521551
1058.0 0.007530044968007132
1059.0 0.007761707092868164
1060.0 0.007993368490133435
1061.0 0.008518808317603543
1062.0 0.00904424741747789
1063.0 0.00918238511076197
1064.0 0.00932052280404605
1065.0 0.00947402004385367
1066.0 0.009627520194044337
1067.0 0.009766199218574911
1068.0 0.009904878970701247
1069.0 0.010506445687497035
1070.0 0.011108012404292822
1071.0 0.010895322338910773
1072.0 0.010682632273528725
1073.0 0.01086025295080617
1074.0 0.011037874355679378
1075.0 0.011578293924685568
1076.0 0.012118715676479042
1077.0 0.012372575292829424
1078.0 0.012626434909179807
1079.0 0.01323245232924819
1080.0 0.013838469749316573
1081.0 0.01407442323397845
1082.0 0.014310376718640327
1083.0 0.014307670062407851
1084.0 0.014304963406175375
1085.0 0.014725096116308123
1086.0 0.015145227371249348
1087.0 0.015651248395442963
1088.0 0.016157269419636577
1089.0 0.016962405061349273
1090.0 0.017767540703061968
1091.0 0.017548896721564233
1092.0 0.0173302527400665
1093.0 0.01795059652067721
1094.0 0.018570937390904874
1095.0 0.019592215539887547
1096.0 0.02061349368887022
1097.0 0.02072576025966555
1098.0 0.020838026830460876
1099.0 0.021849398035556078
1100.0 0.02286076487507671
1101.0 0.023789099941495806
1102.0 0.0247174350079149
1103.0 0.02570537617430091
1104.0 0.026693317340686917
1105.0 0.02666957734618336
1106.0 0.026645840262062848
1107.0 0.027750933077186346
1108.0 0.028856025892309844
1109.0 0.029496016213670373
1110.0 0.03013600071426481
1111.0 0.030516835977323353
1112.0 0.030897677061147988
1113.0 0.03187194233760238
1114.0 0.03284621052443981
1115.0 0.03345957666169852
1116.0 0.03407294279895723
1117.0 0.035117240622639656
1118.0 0.03616153553593904
1119.0 0.03936123393941671
1120.0 0.04256093525327742
1121.0 0.04354305856395513
1122.0 0.04452518769539893
1123.0 0.04427923704497516
1124.0 0.04403328930493444
1125.0 0.04503377131186426
1126.0 0.04603425622917712
1127.0 0.05018834490329027
1128.0 0.054342427756637335
1129.0 0.05516178207471967
1130.0 0.055981136392802
1131.0 0.05821186932735145
1132.0 0.06044259062036872
1133.0 0.06251827580854297
1134.0 0.06459396099671721
1135.0 0.06637200713157654
1136.0 0.06815005326643586
1137.0 0.07426298107020557
1138.0 0.08037592051550746
1139.0 0.08340321364812553
1140.0 0.08643050095997751
1141.0 0.09737734799273312
1142.0 0.10832418920472264
1143.0 0.13288423651829362
1144.0 0.1574442721903324
1145.0 0.30760501977056265
1146.0 0.4577658139169216
1147.0 0.9750139899551868
1148.0 1.492262165993452
1149.0 1.6718938946723938
1150.0 1.8515266478061676
