lsstCam/transmission_filter_detector/r21_s10/z_20/19700101T000000.ecsv
# %ECSV 1.0
# ---
# datatype:
# - {name: wavelength, unit: nm, datatype: float32}
# - {name: efficiency, unit: '%', datatype: float64}
# meta: !!omap
# - {MODE: DETECTOR}
# - {TYPE: transmission_filter_detector}
# - {CALIBDATE: '1970-01-01T00:00:00'}
# - {INSTRUME: LSSTCam}
# - {OBSTYPE: transmission_filter_detector}
# - {CALIBCLS: lsst.ip.isr.IntermediateFilterDetectorTransmissionCurve}
# - {SOURCE: Materion (DM-46256)}
# - {DETECTOR: 84}
# - {FILTER: z_20}
# - {CALIB_ID: 'calibDate=1970-01-01T00:00:00 filter=z_20 detector=84'}
# - {DATE: '2025-04-02T15:59:49.028490'}
# - {CALIB_CREATION_DATE: '2025-04-02'}
# - {CALIB_CREATION_TIME: '15:59:49'}
# - __serialized_columns__:
#     efficiency:
#       __class__: astropy.units.quantity.Quantity
#       unit: !astropy.units.Unit {unit: '%'}
#       value: !astropy.table.SerializedColumn {name: efficiency}
#     wavelength:
#       __class__: astropy.units.quantity.Quantity
#       unit: !astropy.units.Unit {unit: nm}
#       value: !astropy.table.SerializedColumn {name: wavelength}
# schema: astropy-2.0
wavelength efficiency
300.0 0.5975999403744936
301.0 0.44328789226710796
302.0 0.2889759140089154
303.0 0.26502138935029507
304.0 0.24106688797473907
305.0 0.21014150697737932
306.0 0.17921612598001957
307.0 0.15961992321535945
308.0 0.14002370880916715
309.0 0.1350250211544335
310.0 0.130026345141232
311.0 0.12077890569344163
312.0 0.11153146624565125
313.0 0.10645014699548483
314.0 0.10136880446225405
315.0 0.091645895736292
316.0 0.08192298701032996
317.0 0.07325907936319709
318.0 0.0645951833575964
319.0 0.0682044425047934
320.0 0.0718137074727565
321.0 0.06550491671077907
322.0 0.059196120128035545
323.0 0.05595105467364192
324.0 0.052705983398482203
325.0 0.04685182648245245
326.0 0.0409976695664227
327.0 0.04036308091599494
328.0 0.03972848935518414
329.0 0.036219143657945096
330.0 0.032709797960706055
331.0 0.0298050552373752
332.0 0.026900312514044344
333.0 0.026021996745839715
334.0 0.02514367806725204
335.0 0.024178788589779288
336.0 0.023213899112306535
337.0 0.023438424977939576
338.0 0.02366294793318957
339.0 0.021850314806215465
340.0 0.020037683134432882
341.0 0.018647671095095575
342.0 0.01725766051094979
343.0 0.015496650303248316
344.0 0.013735641550738364
345.0 0.01352398976450786
346.0 0.013312337978277355
347.0 0.012782170961145312
348.0 0.012252003944013268
349.0 0.013423543714452535
350.0 0.014595083484891802
351.0 0.013312716328073293
352.0 0.012030348443659022
353.0 0.012894172687083483
354.0 0.013757997658103704
355.0 0.011624830221990123
356.0 0.009491662058280781
357.0 0.01003430297714658
358.0 0.010576946078799665
359.0 0.010214712528977543
360.0 0.009852478979155421
361.0 0.008996755059342831
362.0 0.008141032594721764
363.0 0.008193626126740128
364.0 0.008246219658758491
365.0 0.008552534563932568
366.0 0.008858850924298167
367.0 0.008599240391049534
368.0 0.008339630585396662
369.0 0.008532143692718819
370.0 0.008724656072445214
371.0 0.008068040915532038
372.0 0.0074114250310231
373.0 0.006584012589883059
374.0 0.005756601603934541
375.0 0.005954121661488898
376.0 0.006151641719043255
377.0 0.0067634027800522745
378.0 0.007375163841061294
379.0 0.006269135337788612
380.0 0.005163106834515929
381.0 0.004248942423146218
382.0 0.0033347783755743876
383.0 0.004311447992222384
384.0 0.00528811797266826
385.0 0.004951040682499297
386.0 0.004613963756128214
387.0 0.0051857190555892885
388.0 0.005757474718848243
389.0 0.005149875869392417
390.0 0.004542277383734472
391.0 0.004340097802923992
392.0 0.004137917858315632
393.0 0.00463723590655718
394.0 0.005136553954798728
395.0 0.004440250631887466
396.0 0.003743947308976203
397.0 0.00384529193979688
398.0 0.003946636570617557
399.0 0.00393686568713747
400.0 0.003927094803657383
401.0 0.004487695332500152
402.0 0.005048295861342922
403.0 0.004876866296399385
404.0 0.004705437095253728
405.0 0.004380393875180744
406.0 0.004055350655107759
407.0 0.003014794310729485
408.0 0.0019742386939469725
409.0 0.0028146610929979943
410.0 0.0036550838558468968
411.0 0.003931468745577149
412.0 0.004207853635307401
413.0 0.004241257192916237
414.0 0.004274660750525072
415.0 0.003580774864531122
416.0 0.0028868887966382317
417.0 0.003346702578710392
418.0 0.003806516542681493
419.0 0.003230095171602443
420.0 0.002653674346220214
421.0 0.003322817792650312
422.0 0.003991961420979351
423.0 0.0037037545553175732
424.0 0.003415548417251557
425.0 0.0026586110834614374
426.0 0.001901673931570258
427.0 0.0023890477677923627
428.0 0.0028764212402165867
429.0 0.0024466355171171017
430.0 0.0020168501578154974
431.0 0.0013999323527968954
432.0 0.0007830143658793531
433.0 0.0011404172255424783
434.0 0.0014978199942561332
435.0 0.0016523743397556245
436.0 0.0018069289581035264
437.0 0.0018332957552047446
438.0 0.0018596627342049032
439.0 0.0022199836166691966
440.0 0.0025803046810324304
441.0 0.0022252766939345747
442.0 0.0018702490706345998
443.0 0.002446237158437725
444.0 0.003022225428139791
445.0 0.003054147236980498
446.0 0.0030860690458212048
447.0 0.002474880966474302
448.0 0.0018636932509252802
449.0 0.0022944419470150024
450.0 0.0027251910069026053
451.0 0.0023523267373093404
452.0 0.0019794624677160755
453.0 0.0017829375792643987
454.0 0.0015864128727116622
455.0 0.002155280344595667
456.0 0.0027241478164796717
457.0 0.002027769915002864
458.0 0.0013313921044755261
459.0 0.0014774472219869494
460.0 0.001623502430447843
461.0 0.0012762433470925316
462.0 0.00092898408183828
463.0 0.0015137250557017978
464.0 0.002098466211464256
465.0 0.001975620398297906
466.0 0.0018527747670304962
467.0 0.0018465081666363403
468.0 0.0018402415662421845
469.0 0.0015606721717631444
470.0 0.0012811026863346342
471.0 0.0012872238585259765
472.0 0.0012933450307173189
473.0 0.0013247302376839798
474.0 0.0013561152627517004
475.0 0.001303448425460374
476.0 0.0012507815881690476
477.0 0.0013472087630361784
478.0 0.0014436356650548987
479.0 0.0018044702301267534
480.0 0.002165304795198608
481.0 0.001592985245224554
482.0 0.0010206660590483807
483.0 0.0008593330676376354
484.0 0.0006980001217016252
485.0 0.0009796575795917306
486.0 0.001261314992007101
487.0 0.0012680328836722765
488.0 0.0012747505934385117
489.0 0.0017532271158415824
490.0 0.0022317037291941233
491.0 0.002108251464960631
492.0 0.0019847992007271387
493.0 0.0021387755623436533
494.0 0.002292752469656989
495.0 0.0018086013369611464
496.0 0.0013244501133158337
497.0 0.0012436782526492607
498.0 0.0011629064829321578
499.0 0.0011503837413329165
500.0 0.001137860908784205
501.0 0.0009767570190888364
502.0 0.0008156530384439975
503.0 0.001154165693151299
504.0 0.0014926784388080705
505.0 0.001876176793302875
506.0 0.0022596752387471497
507.0 0.0019704308215295896
508.0 0.0016811858586152084
509.0 0.001638496178202331
510.0 0.0015958064977894537
511.0 0.0013993378161103465
512.0 0.0012028691344312392
513.0 0.0014178610399540048
514.0 0.0016328533092746511
515.0 0.0012420303391991183
516.0 0.000851207641971996
517.0 0.0011218813597224653
518.0 0.0013925552593718749
519.0 0.0012876311302534305
520.0 0.0011827068192360457
521.0 0.0014919984096195549
522.0 0.0018012899090535939
523.0 0.001398932363372296
524.0 0.0009965747267415281
525.0 0.0008378341590287164
526.0 0.0006790936822653748
527.0 0.0010299192581442185
528.0 0.0013807449249725323
529.0 0.0012606893506017514
530.0 0.00114063359433203
531.0 0.0012721182429231703
532.0 0.0014036028005648404
533.0 0.0009226841029885691
534.0 0.0004417654054122977
535.0 0.000947701573750237
536.0 0.0014536379239871167
537.0 0.0016075091480161063
538.0 0.001761380372045096
539.0 0.001467816127842525
540.0 0.0011742517926904839
541.0 0.0011256965080974624
542.0 0.0010771412235044409
543.0 0.0012168148714408744
544.0 0.0013564884284278378
545.0 0.0010413159543531947
546.0 0.0007261433438543463
547.0 0.0012454240277293138
548.0 0.0017647043932811357
549.0 0.001582802360644564
550.0 0.0014008998732606415
551.0 0.0015597313904436305
552.0 0.0017185629985760897
553.0 0.0017842963643488474
554.0 0.0018500293663237244
555.0 0.0014230819942895323
556.0 0.0009961344403563999
557.0 0.0013135316294210497
558.0 0.0016309288184856996
559.0 0.0015033634554129094
560.0 0.0013757979104411788
561.0 0.0013517381376004778
562.0 0.0013276782738103066
563.0 0.0011616123629210051
564.0 0.0009955462701327633
565.0 0.0015182814422587398
566.0 0.002041016887233127
567.0 0.0023000449800747447
568.0 0.002559072891017422
569.0 0.002556683830334805
570.0 0.002554294769652188
571.0 0.002439562558720354
572.0 0.002324829802091699
573.0 0.0018694390746532008
574.0 0.0014140485291136429
575.0 0.0018645829186425544
576.0 0.0023151174900704063
577.0 0.0020864665202680044
578.0 0.0018578160961624235
579.0 0.00185785538633354
580.0 0.0018578944946057163
581.0 0.0017225404008058831
582.0 0.0015871861251071095
583.0 0.0020875741029158235
584.0 0.002587961898825597
585.0 0.0025244293283321895
586.0 0.0024608965759398416
587.0 0.001948754652403295
588.0 0.0014366125469678082
589.0 0.0018505726984585635
590.0 0.002264532849949319
591.0 0.0018447819456923753
592.0 0.0014250309504859615
593.0 0.0011293723218841478
594.0 0.000833713602332864
595.0 0.0011302780876576435
596.0 0.0014268424820329528
597.0 0.001188028181786649
598.0 0.0009492139724898152
599.0 0.0009605621016817167
600.0 0.0009719103218230885
601.0 0.0008301100024254993
602.0 0.0006883095011289697
603.0 0.0011065323633374646
604.0 0.0015247551345964894
605.0 0.0011998116860922892
606.0 0.0008748680556891486
607.0 0.0009075300113181584
608.0 0.0009401920578966383
609.0 0.00101556661320501
610.0 0.0010909408956649713
611.0 0.0008761536264501046
612.0 0.0006613662208110327
613.0 0.0007056546110106865
614.0 0.0007499429557356052
615.0 0.0010707892215577886
616.0 0.001391635487379972
617.0 0.0017990860214922577
618.0 0.002206536737503484
619.0 0.0019310640709591098
620.0 0.0016555914044147357
621.0 0.0017696127542876638
622.0 0.0018836337403627113
623.0 0.0016836633221828379
624.0 0.0014836929040029645
625.0 0.0015207016986096278
626.0 0.0015577108570141718
627.0 0.0017855179976322688
628.0 0.002013325683947187
629.0 0.0020458295693970285
630.0 0.0020783336367458105
631.0 0.0021718440621043555
632.0 0.0022653544874629006
633.0 0.002448122722853441
634.0 0.002630890958243981
635.0 0.005513030555448495
636.0 0.008395170152653009
637.0 0.015425329911522567
638.0 0.022455489670392126
639.0 0.02010504831559956
640.0 0.01775460987119004
641.0 0.015169537800829858
642.0 0.012584470096044242
643.0 0.009696550841908902
644.0 0.0068086315877735615
645.0 0.006574383587576449
646.0 0.006340135587379336
647.0 0.006057217251509428
648.0 0.0057742992794374
649.0 0.004512397208600305
650.0 0.003250495865358971
651.0 0.0035387107345741242
652.0 0.003826925967587158
653.0 0.0030836810765322298
654.0 0.002340436003578361
655.0 0.0024319992007804103
656.0 0.0025235627617803402
657.0 0.002654914351296611
658.0 0.002786265395116061
659.0 0.0025375127734150738
660.0 0.0022887601517140865
661.0 0.002336640318389982
662.0 0.0023845201212679967
663.0 0.001968246760952752
664.0 0.0015519735825364478
665.0 0.0017817552361520939
666.0 0.0020115367078687996
667.0 0.0023007070922176354
668.0 0.002589877294667531
669.0 0.0018471588191459887
670.0 0.0011044404345739167
671.0 0.0010488567568245344
672.0 0.0009932729881256819
673.0 0.0013279694940138143
674.0 0.0016626659999019466
675.0 0.001711458753561601
676.0 0.001760251325322315
677.0 0.0017980752090807073
678.0 0.0018358990928390995
679.0 0.0014985916095611174
680.0 0.001161283944384195
681.0 0.0012682853594014887
682.0 0.0013752868653682526
683.0 0.0022493903088616207
684.0 0.0031234940252033994
685.0 0.0027700300051947124
686.0 0.002416566348983906
687.0 0.001850460103014484
688.0 0.0012843535841966514
689.0 0.0016166542991413735
690.0 0.0019489549231366254
691.0 0.002175549707317259
692.0 0.002402144491497893
693.0 0.0027940517611568794
694.0 0.003185959212714806
695.0 0.003147192910546437
696.0 0.0031084266083780676
697.0 0.0034577144106151536
698.0 0.0038070022128522396
699.0 0.005336747926776297
700.0 0.006866493640700355
701.0 0.006985189247643575
702.0 0.007103885582182556
703.0 0.006192639557411894
704.0 0.005281393896439113
705.0 0.00465616540168412
706.0 0.004030936906929128
707.0 0.003738198211067356
708.0 0.0034454595152055845
709.0 0.0038312933611450717
710.0 0.004217127207084559
711.0 0.003957153603550978
712.0 0.003697180363815278
713.0 0.00287178554572165
714.0 0.0020463907276280224
715.0 0.002217872861365322
716.0 0.0023893548132036813
717.0 0.002123914055118803
718.0 0.0018584732970339246
719.0 0.0015729745427961461
720.0 0.0012874753338110168
721.0 0.0010881861271627713
722.0 0.0008888966476661153
723.0 0.000985966016742168
724.0 0.0010830352948687505
725.0 0.0013203130947658792
726.0 0.001557590985612478
727.0 0.0014671127246401738
728.0 0.0013766342817689292
729.0 0.001479339880461339
730.0 0.0015820452972548082
731.0 0.001470592906116508
732.0 0.0013591403330792673
733.0 0.0015254923710017465
734.0 0.0016918444089242257
735.0 0.001495708420407027
736.0 0.0012995721590414178
737.0 0.0013009939721086994
738.0 0.0013024156032770406
739.0 0.0014784954146307427
740.0 0.0016545749531360343
741.0 0.0014200057194102556
742.0 0.001185436576633947
743.0 0.0016830907043186016
744.0 0.002180744741053786
745.0 0.0016848542145453393
746.0 0.001188963415188482
747.0 0.0013567048881668597
748.0 0.0015244464520947076
749.0 0.002284136826347094
750.0 0.0030438273824984208
751.0 0.002998759373440407
752.0 0.0029536911824834533
753.0 0.002961590507766232
754.0 0.00296948965115007
755.0 0.0021784067939734086
756.0 0.0013873237548978068
757.0 0.0020613973902072757
758.0 0.002735471207415685
759.0 0.0028043135898769833
760.0 0.0028731559723382816
761.0 0.004378562152851373
762.0 0.005883969788555987
763.0 0.005704685463570058
764.0 0.005525402957573533
765.0 0.0053582032705890015
766.0 0.005191005038795993
767.0 0.00454467699455563
768.0 0.0038983496779110283
769.0 0.004012765930383466
770.0 0.0041271829104516655
771.0 0.004376608922029845
772.0 0.004626034933608025
773.0 0.004047100446769036
774.0 0.0034681655961321667
775.0 1.5917230641177005e-10
776.0 1.5917230641177005e-10
777.0 0.022918989998288453
778.0 0.02576015831436962
779.0 0.038332591066136956
780.0 0.02357996127102524
781.0 1.5917230641177005e-10
782.0 0.06638186168856919
783.0 0.03434579411987215
784.0 0.07510053692385554
785.0 1.5917230641177005e-10
786.0 0.0642567581962794
787.0 1.5917230641177005e-10
788.0 1.5917230641177005e-10
789.0 1.5917230641177005e-10
790.0 0.09199806372635067
791.0 0.015586765948683023
792.0 0.08331628050655127
793.0 0.04679066187236458
794.0 1.5917230641177005e-10
795.0 0.025446648942306638
796.0 0.11069688480347395
797.0 0.14708165545016527
798.0 0.08486701408401132
799.0 0.1370214973576367
800.0 0.15580460894852877
801.0 0.3090684534981847
802.0 0.5315237678587437
803.0 0.8673696778714657
804.0 1.4528576284646988
805.0 2.047324925661087
806.0 3.4456171095371246
807.0 4.901954531669617
808.0 6.956762075424194
809.0 9.228792786598206
810.0 12.260722368955612
811.0 15.234586596488953
812.0 18.570156395435333
813.0 21.42561674118042
814.0 24.155104160308838
815.0 27.81948149204254
816.0 32.348182797431946
817.0 37.93505132198334
818.0 43.19860637187958
819.0 48.83432388305664
820.0 56.21936917304993
821.0 63.9563262462616
822.0 70.60152888298035
823.0 76.50465965270996
824.0 82.37001895904541
825.0 87.43550777435303
826.0 91.04079008102417
827.0 94.18096542358398
828.0 97.07269072532654
829.0 98.46794009208679
830.0 98.24008345603943
831.0 99.0894615650177
832.0 98.84905219078064
833.0 99.89438652992249
834.0 98.46522808074951
835.0 99.73023533821106
836.0 99.29668307304382
837.0 99.25100207328796
838.0 98.44388365745544
839.0 98.7417221069336
840.0 98.90137910842896
841.0 99.63327050209045
842.0 99.77282881736755
843.0 99.90712404251099
844.0 98.56640696525574
845.0 98.80519509315491
846.0 99.41949248313904
847.0 98.68063926696777
848.0 99.99054074287415
849.0 99.06924366950989
850.0 98.32014441490173
851.0 99.30554628372192
852.0 99.32387471199036
853.0 98.64309430122375
854.0 99.84889626502991
855.0 98.51552844047546
856.0 99.07482266426086
857.0 98.25643301010132
858.0 98.72319102287292
859.0 99.42567348480225
860.0 98.48236441612244
861.0 98.93779754638672
862.0 98.952716588974
863.0 98.45600724220276
864.0 99.30735230445862
865.0 99.94462132453918
866.0 98.8108217716217
867.0 99.37700033187866
868.0 99.45114850997925
869.0 98.96664619445801
870.0 98.01186919212341
871.0 99.00943040847778
872.0 99.31669235229492
873.0 99.26984310150146
874.0 99.7236967086792
875.0 99.09726977348328
876.0 99.04852509498596
877.0 99.61840510368347
878.0 98.98043274879456
879.0 99.04293417930603
880.0 98.55547547340393
881.0 99.98942017555237
882.0 99.00003671646118
883.0 99.37976598739624
884.0 99.36605095863342
885.0 99.12541508674622
886.0 98.93385767936707
887.0 98.70295524597168
888.0 99.05257225036621
889.0 99.59434270858765
890.0 98.36605191230774
891.0 99.4378387928009
892.0 98.99275302886963
893.0 98.8591194152832
894.0 98.29267859458923
895.0 99.62749481201172
