lsstCam/transmission_filter_detector/r13_s00/r_57/19700101T000000.ecsv
# %ECSV 1.0
# ---
# datatype:
# - {name: wavelength, unit: nm, datatype: float32}
# - {name: efficiency, unit: '%', datatype: float64}
# meta: !!omap
# - {MODE: DETECTOR}
# - {TYPE: transmission_filter_detector}
# - {CALIBDATE: '1970-01-01T00:00:00'}
# - {INSTRUME: LSSTCam}
# - {OBSTYPE: transmission_filter_detector}
# - {CALIBCLS: lsst.ip.isr.IntermediateFilterDetectorTransmissionCurve}
# - {SOURCE: Materion (DM-46256)}
# - {DETECTOR: 54}
# - {FILTER: r_57}
# - {CALIB_ID: 'calibDate=1970-01-01T00:00:00 filter=r_57 detector=54'}
# - {DATE: '2025-04-02T15:59:44.433866'}
# - {CALIB_CREATION_DATE: '2025-04-02'}
# - {CALIB_CREATION_TIME: '15:59:44'}
# - __serialized_columns__:
#     efficiency:
#       __class__: astropy.units.quantity.Quantity
#       unit: !astropy.units.Unit {unit: '%'}
#       value: !astropy.table.SerializedColumn {name: efficiency}
#     wavelength:
#       __class__: astropy.units.quantity.Quantity
#       unit: !astropy.units.Unit {unit: nm}
#       value: !astropy.table.SerializedColumn {name: wavelength}
# schema: astropy-2.0
wavelength efficiency
300.0 0.0020502207917161286
301.0 0.005841318125021644
302.0 0.00963241618592292
303.0 0.011960512347286567
304.0 0.014288609963841736
305.0 0.0125753169413656
306.0 0.010862026101676747
307.0 0.0093875452876091
308.0 0.007913065928732976
309.0 0.007228076719911769
310.0 0.006543087511090562
311.0 0.0059455036534927785
312.0 0.0053479183407034725
313.0 0.004721809818875045
314.0 0.004095700569450855
315.0 0.003808801557170227
316.0 0.0035219018172938377
317.0 0.0035084383853245527
318.0 0.003494974589557387
319.0 0.003246722189942375
320.0 0.0029984701541252434
321.0 0.0028510679840110242
322.0 0.0027036659957957454
323.0 0.002607407805044204
324.0 0.002511149250494782
325.0 0.002442803634039592
326.0 0.0023744576537865214
327.0 0.002371709342696704
328.0 0.002368960667809006
329.0 0.0023563876311527565
330.0 0.0023438147763954476
331.0 0.002282823152199853
332.0 0.002221831528004259
333.0 0.0019981482182629406
334.0 0.0017744649085216224
335.0 0.0015379657270386815
336.0 0.0013014665455557406
337.0 0.0012178732504253276
338.0 0.0011342799552949145
339.0 0.0010138851394003723
340.0 0.00089349032350583
341.0 0.0008982651706901379
342.0 0.0009030400178744458
343.0 0.0008144147614075337
344.0 0.000725789732314297
345.0 0.0007523497515649069
346.0 0.0007789099072397221
347.0 0.0007865004590712488
348.0 0.0007940910109027755
349.0 0.0007951898624014575
350.0 0.0057099929108517244
351.0 0.005704857539967634
352.0 0.005699721805285662
353.0 0.004785935743711889
354.0 0.0038721504097338766
355.0 0.004646833258448169
356.0 0.005421516834758222
357.0 0.006793318607378751
358.0 0.008165121107595041
359.0 0.006053728429833427
360.0 0.003942335388273932
361.0 0.002756467438302934
362.0 0.0015705991245340556
363.0 0.0024860135454218835
364.0 0.0034014279663097113
365.0 0.003540550824254751
366.0 0.0036796740459976718
367.0 0.003225954424124211
368.0 0.0027722342565539293
369.0 0.002262981070089154
370.0 0.001753728065523319
371.0 0.0020505771317402832
372.0 0.002347426561755128
373.0 0.002775652137643192
374.0 0.0032038777135312557
375.0 0.002931108065240551
376.0 0.002658338962646667
377.0 0.0011547804206202272
378.0 1.589319821582169e-10
379.0 0.0005923371190874605
380.0 0.0015334522686316632
381.0 0.0025411760361748748
382.0 0.0035489003494149074
383.0 0.0033948839700315148
384.0 0.003240867954446003
385.0 0.0043511128751561046
386.0 0.005461357432068326
387.0 0.004859297041548416
388.0 0.004257236287230626
389.0 0.00354961994162295
390.0 0.0028420026865205728
391.0 0.002136349576176144
392.0 0.0014306964658317156
393.0 0.0015095552043931093
394.0 0.0015884137610555626
395.0 0.001190153034258401
396.0 0.0007918923984107096
397.0 0.0007637527232873254
398.0 0.0007356134119618218
399.0 0.0005765436981164385
400.0 0.0004174735295237042
401.0 0.00014418960745388176
402.0 1.589319821582169e-10
403.0 8.630382239971368e-05
404.0 0.0003017026756424457
405.0 0.0007396643468382536
406.0 0.0011776257451856509
407.0 0.0017199452486238442
408.0 0.002262264388264157
409.0 0.0018385306248092093
410.0 0.0014147968613542616
411.0 0.0010003320312534925
412.0 0.0005858671556779882
413.0 0.0006815179403929505
414.0 0.0007771686796331778
415.0 0.0007900326636445243
416.0 0.0008028969205042813
417.0 0.0013423996279016137
418.0 0.001881902790046297
419.0 0.002288652103743516
420.0 0.002695401599339675
421.0 0.004070100112585351
422.0 0.005444798443932086
423.0 0.008267034718301147
424.0 0.011089269537478685
425.0 0.015260586224030703
426.0 0.019431898545008153
427.0 0.02010942407650873
428.0 0.020786952518392354
429.0 0.015895202523097396
430.0 0.011003451800206676
431.0 0.007825760258128867
432.0 0.0046480668970616534
433.0 0.0036805249692406505
434.0 0.0027129828595207073
435.0 0.0022152224119054154
436.0 0.0017174614185933024
437.0 0.0014580245988327079
438.0 0.0011985880519205239
439.0 0.000991145134321414
440.0 0.0007837021257728338
441.0 0.0011005643500539009
442.0 0.0014174264833854977
443.0 0.0017318974641966633
444.0 0.002046368535957299
445.0 0.0019650729882414453
446.0 0.001883777258626651
447.0 0.0016351137674064375
448.0 0.0013864506399841048
449.0 0.0012907546988571994
450.0 0.0011950583029829431
451.0 0.0013893903087591752
452.0 0.0015837224054848775
453.0 0.0015556968719465658
454.0 0.001527671338408254
455.0 0.0013904688785260078
456.0 0.001253266691492172
457.0 0.000924061987461755
458.0 0.0005948573743808083
459.0 0.0007937755071907304
460.0 0.0009926936400006525
461.0 0.0015876677935011685
462.0 0.0021826415832038037
463.0 0.0028685293727903627
464.0 0.0035544169804779813
465.0 0.004585113492794335
466.0 0.0056158100051106885
467.0 0.006241544906515628
468.0 0.006867281626909971
469.0 0.005911274274694733
470.0 0.004955268377671018
471.0 0.0037759524275315925
472.0 0.002596636477392167
473.0 0.0021405183360911906
474.0 0.001684400012891274
475.0 0.0013884541658626404
476.0 0.0010925085916824173
477.0 0.0008815420187602285
478.0 0.0006705753094138345
479.0 0.0008909569260140415
480.0 0.0011113384971395135
481.0 0.0008542178875359241
482.0 0.00059709741435654
483.0 0.0006399407084245468
484.0 0.0006827838205936132
485.0 0.0006243554253160255
486.0 0.0005659268936142325
487.0 0.0005716548912459984
488.0 0.0005773827524535591
489.0 0.0006036504601070192
490.0 0.0006299181222857442
491.0 0.0007525989985879278
492.0 0.0008752797839406412
493.0 0.0009694917025626637
494.0 0.0010637037121341564
495.0 0.0009514284101896919
496.0 0.0008391529263462871
497.0 0.0010998509424098302
498.0 0.0013605487765744328
499.0 0.0013377217328525148
500.0 0.0013148948710295372
501.0 0.0014924025890650228
502.0 0.0016699104889994487
503.0 0.0020262708858354017
504.0 0.0023826312826713547
505.0 0.002831801066349726
506.0 0.0032809708500280976
507.0 0.003934506457881071
508.0 0.004588041338138282
509.0 0.005134494494996034
510.0 0.005680946560460143
511.0 0.005045588477514684
512.0 0.004410229666973464
513.0 0.0037890495150350034
514.0 0.0031678697268944234
515.0 0.0029716951758018695
516.0 0.002775520806608256
517.0 0.002526288699300494
518.0 0.002277056591992732
519.0 0.05984837771393359
520.0 0.06047003553248942
521.0 0.07148730219341815
522.0 0.0892271869815886
523.0 0.0714438094291836
524.0 0.10532285086810589
525.0 0.0825167924631387
526.0 0.10699887061491609
527.0 0.08964739390648901
528.0 0.07378110894933343
529.0 0.1406561816111207
530.0 0.15207452233880758
531.0 0.1776234363205731
532.0 0.2383922692388296
533.0 0.28002066537737846
534.0 0.38056152407079935
535.0 0.4445916973054409
536.0 0.5865328013896942
537.0 0.8474252186715603
538.0 1.28260999917984
539.0 2.0216504111886024
540.0 3.3393677324056625
541.0 4.965462163090706
542.0 7.255462557077408
543.0 10.157953202724457
544.0 13.775396347045898
545.0 17.73843616247177
546.0 22.575099766254425
547.0 28.649070858955383
548.0 36.32340729236603
549.0 44.19278800487518
550.0 51.294487714767456
551.0 58.786529302597046
552.0 64.58383798599243
553.0 69.89394426345825
554.0 73.84429574012756
555.0 78.05629372596741
556.0 82.04385042190552
557.0 84.91750359535217
558.0 88.26649785041809
559.0 91.40641689300537
560.0 92.2336757183075
561.0 94.17818188667297
562.0 94.9481189250946
563.0 94.81999278068542
564.0 95.33928036689758
565.0 95.12121677398682
566.0 95.63978910446167
567.0 95.01331448554993
568.0 95.52675485610962
569.0 96.11086249351501
570.0 95.24486064910889
571.0 96.50059342384338
572.0 96.39478325843811
573.0 96.34014964103699
574.0 96.88513278961182
575.0 96.68673276901245
576.0 97.20656871795654
577.0 96.81929349899292
578.0 96.72046303749084
579.0 96.87618613243103
580.0 96.29990458488464
581.0 96.41758799552917
582.0 96.40144109725952
583.0 96.5154230594635
584.0 95.99997401237488
585.0 96.06538414955139
586.0 96.23594284057617
587.0 95.87860703468323
588.0 96.25709056854248
589.0 97.07830548286438
590.0 96.31847739219666
591.0 95.71349024772644
592.0 95.79115509986877
593.0 95.41082978248596
594.0 95.2718198299408
595.0 96.0493803024292
596.0 96.59181833267212
597.0 96.82570099830627
598.0 96.58371210098267
599.0 96.44909501075745
600.0 96.68219685554504
601.0 95.63235640525818
602.0 96.455317735672
603.0 95.99212408065796
604.0 96.15328311920166
605.0 96.46718502044678
606.0 95.81018090248108
607.0 95.85838913917542
608.0 96.08986973762512
609.0 95.28692960739136
610.0 95.66165804862976
611.0 95.66860795021057
612.0 95.54736018180847
613.0 96.69824838638306
614.0 96.39495015144348
615.0 95.92136740684509
616.0 96.29642963409424
617.0 95.87271213531494
618.0 95.84951400756836
619.0 96.71809077262878
620.0 96.07895016670227
621.0 95.35336494445801
622.0 96.36838436126709
623.0 96.29772305488586
624.0 96.39396071434021
625.0 96.57429456710815
626.0 95.80729007720947
627.0 94.90291476249695
628.0 96.96083664894104
629.0 95.1636254787445
630.0 95.94281911849976
631.0 95.86655497550964
632.0 96.71902060508728
633.0 96.19279503822327
634.0 95.44380307197571
635.0 95.98886966705322
636.0 95.66909670829773
637.0 95.21186947822571
638.0 95.5325722694397
639.0 95.15683650970459
640.0 95.3484296798706
641.0 95.7570493221283
642.0 95.7549512386322
643.0 95.7934021949768
644.0 95.6503689289093
645.0 96.03164196014404
646.0 95.98081707954407
647.0 97.10407853126526
648.0 96.18006348609924
649.0 95.84525227546692
650.0 95.85922956466675
651.0 96.85636758804321
652.0 96.82241678237915
653.0 95.84068059921265
654.0 96.36443853378296
655.0 96.37752175331116
656.0 95.58848738670349
657.0 95.70008516311646
658.0 96.0856020450592
659.0 96.24592065811157
660.0 95.39814591407776
661.0 95.40008902549744
662.0 95.55243849754333
663.0 95.68905234336853
664.0 95.24711966514587
665.0 95.18257975578308
666.0 95.15008926391602
667.0 95.6133782863617
668.0 94.91807818412781
669.0 95.5473244190216
670.0 95.3676164150238
671.0 95.52134275436401
672.0 95.17003893852234
673.0 95.16594409942627
674.0 94.67619061470032
675.0 95.62280178070068
676.0 94.9284315109253
677.0 93.76561641693115
678.0 93.32365989685059
679.0 92.58749485015869
680.0 91.37434363365173
681.0 90.13152718544006
682.0 88.18360567092896
683.0 85.54943799972534
684.0 82.24582076072693
685.0 78.70882153511047
686.0 74.75220561027527
687.0 70.41085362434387
688.0 65.8358633518219
689.0 61.2933874130249
690.0 56.10573887825012
691.0 52.09868550300598
692.0 47.40220606327057
693.0 42.98495054244995
694.0 38.00383508205414
695.0 33.018624782562256
696.0 27.652350068092346
697.0 22.56590873003006
698.0 16.930921375751495
699.0 12.468624860048294
700.0 8.823370933532715
701.0 5.631168559193611
702.0 3.5440683364868164
703.0 2.06327922642231
704.0 1.2326487340033054
705.0 0.694991834461689
706.0 0.4462221171706915
707.0 0.3075383836403489
708.0 0.19925199449062347
709.0 0.14936316292732954
710.0 0.11209700023755431
711.0 0.1066790078766644
712.0 0.09538275189697742
713.0 0.05478407838381827
714.0 0.08442382677458227
715.0 0.08280713809654117
716.0 0.012097951548639685
717.0 1.589319821582169e-10
718.0 0.05458478117361665
719.0 0.05307571846060455
720.0 1.589319821582169e-10
721.0 0.004503344462136738
722.0 0.004227328099659644
723.0 0.003951312100980431
724.0 0.0036843430279986933
725.0 0.0034173743188148364
726.0 0.0031744370062369853
727.0 0.002931499511760194
728.0 0.0027725163818104193
729.0 0.0026135330699617043
730.0 0.00245116443693405
731.0 0.002288796349603217
732.0 0.0022866906874696724
733.0 0.002284585207235068
734.0 0.002190495615650434
735.0 0.0020964060240658
736.0 0.0018720033040153794
737.0 0.0016476007658638991
738.0 0.0016222616977756843
739.0 0.001596922447788529
740.0 0.001598864037077874
741.0 0.0016008058082661591
742.0 0.0014607477169192862
743.0 0.0013206897165218834
744.0 0.0013970099644211587
745.0 0.0014733299394720234
746.0 0.0014301802366389893
747.0 0.0013870305338059552
748.0 0.001221592629008228
749.0 0.0010561547242105007
750.0 0.0010488302905287128
751.0 0.0010415063115942758
752.0 0.0010961149200738873
753.0 0.001150723528553499
754.0 0.0011311957678117324
755.0 0.0011116683708678465
756.0 0.0010791729437187314
757.0 0.001046677334670676
758.0 0.0011068296771554742
759.0 0.0011669819286908023
760.0 0.0011228219591430388
761.0 0.001078662353393156
762.0 0.001081837763194926
763.0 0.0010850135367945768
764.0 0.0010579125046206173
765.0 0.001030811654345598
766.0 0.0008487929335387889
767.0 0.0006667742127319798
768.0 0.0006587959887838224
769.0 0.0006508176738861948
770.0 0.0007538182671851246
771.0 0.0008568190423829947
772.0 0.0007761143933748826
773.0 0.0006954095624678303
774.0 0.0008066464943112805
775.0 0.0009178833352052607
776.0 0.0008653069016872905
777.0 0.0008127305591187906
778.0 0.0008645953130326234
779.0 0.0009164601578959264
780.0 0.0007815701792424079
781.0 0.0006466802915383596
782.0 0.0007243553682201309
783.0 0.000802030353952432
784.0 0.0008900141438061837
785.0 0.000977997751760995
786.0 0.0008196654562198091
787.0 0.0006613331606786232
788.0 0.0006622132787015289
789.0 0.0006630935786233749
790.0 0.0006908644991199253
791.0 0.0007186353741417406
792.0 0.0007356930382229621
793.0 0.0007527507023041835
794.0 0.0008147439075401053
795.0 0.0008767367944528814
796.0 0.000739627148504951
797.0 0.0006025173661328154
798.0 0.0007384999662463088
799.0 0.0008744825208850671
800.0 0.0008157831871358212
801.0 0.0007570836260128999
802.0 0.0006490480700449552
803.0 0.0005410121957538649
804.0 0.0006730106633767718
805.0 0.0008050091309996787
806.0 0.000694002301315777
807.0 0.0005829955171066104
808.0 0.0007157702384574804
809.0 0.0008485448233841453
810.0 0.0007510598607041175
811.0 0.00065357507992303
812.0 0.0006496288733615074
813.0 0.0006456826667999849
814.0 0.0005427006726677064
815.0 0.000439718724010163
816.0 0.0005921890988247469
817.0 0.0007446595191140659
818.0 0.0006957022833375959
819.0 0.0006467450475611258
820.0 0.0005083716587250819
821.0 0.00036999826988903806
822.0 0.0003972895683546085
823.0 0.0004245809577696491
824.0 0.0004837222604692215
825.0 0.0005428635631687939
826.0 0.0005785233952337876
827.0 0.0006141832272987813
828.0 0.00045516339923779014
829.0 0.00029614359391416656
830.0 0.00017848064999270719
831.0 6.08177117555897e-05
832.0 4.531133299678913e-05
833.0 2.980495708015951e-05
834.0 1.0186600007955349e-05
835.0 1.589319821582169e-10
836.0 0.00029422933494061
837.0 0.0005978906301606912
838.0 0.0007691515747865196
839.0 0.0009404126103618182
840.0 0.0012654262718569953
841.0 0.001590439751453232
842.0 0.0020297698938520625
843.0 0.002469100036250893
844.0 0.002308068906131666
845.0 0.0021470379579113796
846.0 0.0020334889995865524
847.0 0.0019199400412617251
848.0 0.0019185828932677396
849.0 0.0019172253814758733
850.0 0.0017144267985713668
851.0 0.0015116282156668603
852.0 0.0013586001841758844
853.0 0.001205571970785968
854.0 0.001035629156831419
855.0 0.0008656860700284597
856.0 0.0007078887392708566
857.0 0.0005500914994627237
858.0 0.0005892520675843116
859.0 0.0006284125447564293
860.0 0.0005084650183562189
861.0 0.0003885174010065384
862.0 0.0003969651515944861
863.0 0.00040541285670769867
864.0 0.00029725329113716725
865.0 0.00018909377104137093
866.0 0.00014114051509750425
867.0 9.318724210061191e-05
868.0 0.00013432977539196145
869.0 0.00017547229163028533
870.0 5.484463372340542e-05
871.0 1.589319821582169e-10
872.0 1.589319821582169e-10
873.0 1.589319821582169e-10
874.0 1.589319821582169e-10
875.0 1.589319821582169e-10
876.0 1.589319821582169e-10
877.0 2.044805995637944e-05
878.0 0.00012411757097652298
879.0 0.0002277870635225554
880.0 0.00019713838810275774
881.0 0.000166489667208225
882.0 0.0001690104454610264
883.0 0.0001715312578198791
884.0 2.310138143002405e-05
885.0 1.589319821582169e-10
886.0 1.589319821582169e-10
887.0 2.1132994731942745e-05
888.0 0.00010835532293640426
889.0 0.00019557762698241277
890.0 0.00017665454379311996
891.0 0.0001577314378664596
892.0 3.138202373520471e-05
893.0 1.589319821582169e-10
894.0 1.589319821582169e-10
895.0 5.301932901602413e-05
896.0 7.045267125249666e-05
897.0 8.788606464804616e-05
898.0 0.0001007865307656175
899.0 0.00011368699688318884
900.0 5.863757905899547e-05
901.0 3.5881502213896965e-06
