lsstCam/transmission_filter_detector/r13_s00/r_57/19700101T000000.ecsv
# %ECSV 1.0
# ---
# datatype:
# - {name: wavelength, unit: nm, datatype: float32}
# - {name: efficiency, unit: '%', datatype: float64}
# meta: !!omap
# - {MODE: DETECTOR}
# - {TYPE: transmission_filter_detector}
# - {CALIBDATE: '1970-01-01T00:00:00'}
# - {INSTRUME: LSSTCam}
# - {OBSTYPE: transmission_filter_detector}
# - {CALIBCLS: lsst.ip.isr.IntermediateFilterDetectorTransmissionCurve}
# - {SOURCE: Materion (DM-46256)}
# - {DETECTOR: 54}
# - {FILTER: r_57}
# - {CALIB_ID: 'calibDate=1970-01-01T00:00:00 filter=r_57 detector=54'}
# - {DATE: '2025-04-02T15:59:44.433866'}
# - {CALIB_CREATION_DATE: '2025-04-02'}
# - {CALIB_CREATION_TIME: '15:59:44'}
# - __serialized_columns__:
#     efficiency:
#       __class__: astropy.units.quantity.Quantity
#       unit: !astropy.units.Unit {unit: '%'}
#       value: !astropy.table.SerializedColumn {name: efficiency}
#     wavelength:
#       __class__: astropy.units.quantity.Quantity
#       unit: !astropy.units.Unit {unit: nm}
#       value: !astropy.table.SerializedColumn {name: wavelength}
# schema: astropy-2.0
wavelength efficiency
[from data line 603]
903.0 1.589319821582169e-10
904.0 1.589319821582169e-10
905.0 2.0661455835124798e-05
906.0 1.589319821582169e-10
907.0 1.589319821582169e-10
908.0 1.589319821582169e-10
909.0 1.589319821582169e-10
910.0 1.589319821582169e-10
911.0 1.589319821582169e-10
912.0 1.589319821582169e-10
913.0 1.589319821582169e-10
914.0 1.589319821582169e-10
915.0 4.9435396931585274e-05
916.0 4.606224734970965e-06
917.0 1.589319821582169e-10
918.0 5.668094331667817e-05
919.0 0.00015358476730398252
920.0 3.854835028960224e-05
921.0 1.589319821582169e-10
922.0 7.368547585429042e-05
923.0 0.0002238590468550683
924.0 0.00024605276394140674
925.0 0.00026824645829037763
926.0 0.0002024450395765598
927.0 0.00013664360949405818
928.0 0.00015705463738413528
929.0 0.0001774656539055286
930.0 0.00024098446829157183
931.0 0.0003045033054149826
932.0 0.0001391203909406613
933.0 1.589319821582169e-10
934.0 0.00013123922144586686
935.0 0.00028874087547592353
936.0 0.00025100353013840504
937.0 0.00021326618480088655
938.0 0.00023611862616235157
939.0 0.00025897109026118414
940.0 0.0002666882437551976
941.0 0.0002744053972492111
942.0 0.00036526930671243463
943.0 0.0004561331934382906
944.0 0.0003385514219189645
945.0 0.00022096967313700588
946.0 0.0002938863644885714
947.0 0.0003668030331027694
948.0 0.0004600532520271372
949.0 0.0005533035164262401
950.0 0.0005256173608358949
951.0 0.0004979312052455498
952.0 0.0006812743322370807
953.0 0.0008646175956528168
954.0 0.0011497285413497593
955.0 0.0014348397598951124
956.0 0.0014827440281806048
957.0 0.0015306482964660972
958.0 0.0017064681742340326
959.0 0.0018822884157998487
960.0 0.0020003755707875825
961.0 0.0021184632714721374
962.0 0.002273021345899906
963.0 0.002427579602226615
964.0 0.002462332668073941
965.0 0.002497085188224446
966.0 0.0024808050511637703
967.0 0.002464524732204154
968.0 0.0024162469344446436
969.0 0.002367969136685133
970.0 0.0024663379008416086
971.0 0.0025647066649980843
972.0 0.0026184839953202754
973.0 0.002672260961844586
974.0 0.002908988608396612
975.0 0.0031457158911507577
976.0 0.003217275661882013
977.0 0.003288835068815388
978.0 0.0031865420169197023
979.0 0.003084248965024017
980.0 0.0029737029763055034
981.0 0.0028631568056880496
982.0 0.002988854430441279
983.0 0.0031145522370934486
984.0 0.003053418913623318
985.0 0.002992285772052128
986.0 0.0028987557016080245
987.0 0.0028052258130628616
988.0 0.002608964678074699
989.0 0.0024127037249854766
990.0 0.002440895332256332
991.0 0.002469087121426128
992.0 0.0025238035959773697
993.0 0.0025785206162254326
994.0 0.0026764028007164598
995.0 0.002774284621409606
996.0 0.002817125823639799
997.0 0.0028599670258699916
998.0 0.003020484837179538
999.0 0.0031810028303880244
1000.0 0.0032856780308065936
1001.0 0.0033903535950230435
1002.0 0.0036053032090421766
1003.0 0.0038202528230613098
1004.0 0.003942880357499234
1005.0 0.004065507528139278
1006.0 0.0042520478018559515
1007.0 0.0044385884393705055
1008.0 0.004368779627839103
1009.0 0.004298970816307701
1010.0 0.004277345578884706
1011.0 0.004255720341461711
1012.0 0.004225434531690553
1013.0 0.004195148721919395
1014.0 0.003935391214326955
1015.0 0.003675633342936635
1016.0 0.0035179604310542345
1017.0 0.0033602878829697147
1018.0 0.0029813563742209226
1019.0 0.002602425229270011
1020.0 0.002206850149377715
1021.0 0.0018112752513843589
1022.0 0.0015930547306197695
1023.0 0.0013748337551078293
1024.0 0.001448638522560941
1025.0 0.0015224432900140528
1026.0 0.001363428782497067
1027.0 0.0012044140021316707
1028.0 0.0011352805813658051
1029.0 0.0010661471605999395
1030.0 0.000988232932286337
1031.0 0.0009103180673264433
1032.0 0.0009117220542975701
1033.0 0.0009131258593697567
1034.0 0.000857673876453191
1035.0 0.0008022218025871553
1036.0 0.0008494638677802868
1037.0 0.0008967056601250079
1038.0 0.0007948458005557768
1039.0 0.0006929860319360159
1040.0 0.0007386348897853168
1041.0 0.0007842836566851474
1042.0 0.0009070519809029065
1043.0 0.0010298198503733147
1044.0 0.0009400490853295196
1045.0 0.0008502786840836052
1046.0 0.000811132304079365
1047.0 0.000771986015024595
1048.0 0.0006913405286468333
1049.0 0.0006106950422690716
1050.0 0.0006438197488023434
1051.0 0.0006769444553356152
1052.0 0.0009572857379680499
1053.0 0.0012376265658531338
1054.0 0.0009770566975930706
1055.0 0.0007164867383835372
1056.0 0.0007967692909005564
1057.0 0.0008770521162659861
1058.0 0.0008361864274775144
1059.0 0.0007953210115374532
1060.0 0.0011309491128486115
1061.0 0.001466576759412419
1062.0 0.001578427509230096
1063.0 0.0016902780771488324
1064.0 0.0011742694368876982
1065.0 0.0006582606147276238
1066.0 0.0011055087270506192
1067.0 0.0015527568393736146
1068.0 0.0017600203136680648
1069.0 0.0019672836060635746
1070.0 0.0013384855265030637
1071.0 0.0007096873559930827
1072.0 0.0011057100891775917
1073.0 0.0015017329133115709
1074.0 0.002195458182541188
1075.0 0.002889183087972924
1076.0 0.003117036249022931
1077.0 0.003344889046275057
1078.0 0.003913496402674355
1079.0 0.004482104122871533
1080.0 0.004425070073921233
1081.0 0.004368035661173053
1082.0 0.004139402881264687
1083.0 0.00391077010135632
1084.0 0.004223798532621004
1085.0 0.004536827327683568
1086.0 0.004700952194980346
1087.0 0.004865077426075004
1088.0 0.004816376531380229
1089.0 0.004767675636685453
1090.0 0.004710946086561307
1091.0 0.0046542161726392806
1092.0 0.004151814937358722
1093.0 0.003649413338280283
1094.0 0.004159186210017651
1095.0 0.004668958354159258
1096.0 0.0036071061913389713
1097.0 0.002545253846619744
1098.0 0.0018683465896174312
1099.0 0.001191439605463529
1100.0 0.0014963339708629064
1101.0 0.0018012280634138733
