lsstCam/transmission_filter_detector/r22_s22/i_39/19700101T000000.ecsv
# %ECSV 1.0
# ---
# datatype:
# - {name: wavelength, unit: nm, datatype: float32}
# - {name: efficiency, unit: '%', datatype: float64}
# meta: !!omap
# - {MODE: DETECTOR}
# - {TYPE: transmission_filter_detector}
# - {CALIBDATE: '1970-01-01T00:00:00'}
# - {INSTRUME: LSSTCam}
# - {OBSTYPE: transmission_filter_detector}
# - {CALIBCLS: lsst.ip.isr.IntermediateFilterDetectorTransmissionCurve}
# - {SOURCE: Materion (DM-46256)}
# - {DETECTOR: 98}
# - {FILTER: i_39}
# - {CALIB_ID: 'calibDate=1970-01-01T00:00:00 filter=i_39 detector=98'}
# - {DATE: '2025-04-02T15:59:46.934679'}
# - {CALIB_CREATION_DATE: '2025-04-02'}
# - {CALIB_CREATION_TIME: '15:59:46'}
# - __serialized_columns__:
#     efficiency:
#       __class__: astropy.units.quantity.Quantity
#       unit: !astropy.units.Unit {unit: '%'}
#       value: !astropy.table.SerializedColumn {name: efficiency}
#     wavelength:
#       __class__: astropy.units.quantity.Quantity
#       unit: !astropy.units.Unit {unit: nm}
#       value: !astropy.table.SerializedColumn {name: wavelength}
# schema: astropy-2.0
wavelength efficiency
300.0 0.006647472037002444
301.0 1.575696496024237e-10
302.0 1.575696496024237e-10
303.0 0.003957502849516459
304.0 0.02142676239600405
305.0 0.010520948126213625
306.0 1.575696496024237e-10
307.0 1.575696496024237e-10
308.0 1.575696496024237e-10
309.0 1.575696496024237e-10
310.0 0.0014181789993017446
311.0 0.002189458427892532
312.0 0.0029607419492094778
313.0 1.575696496024237e-10
314.0 1.575696496024237e-10
315.0 1.575696496024237e-10
316.0 0.0004066102974320529
317.0 0.00032898547033255454
318.0 0.000251361052505672
319.0 0.0011945033293159213
320.0 0.0021376465156208724
321.0 0.003523676423355937
322.0 0.004909706331091002
323.0 0.004133593392907642
324.0 0.0033574797271285206
325.0 0.0008271425940620247
326.0 1.575696496024237e-10
327.0 1.575696496024237e-10
328.0 1.575696496024237e-10
329.0 1.575696496024237e-10
330.0 1.575696496024237e-10
331.0 0.0015339495803345926
332.0 0.003951272810809314
333.0 0.0028415481210686266
334.0 0.0017318232494289987
335.0 0.0013058152035227977
336.0 0.0008798071576165967
337.0 0.0011229381016164552
338.0 0.001366068590868963
339.0 0.001906669422169216
340.0 0.002447270162519999
341.0 0.0012893989151052665
342.0 0.00013152763358448283
343.0 0.0005768286428065039
344.0 0.0010221298907708842
345.0 0.00028220615604368504
346.0 1.575696496024237e-10
347.0 1.575696496024237e-10
348.0 1.575696496024237e-10
349.0 1.575696496024237e-10
350.0 0.0016070880519691855
351.0 0.0006822171599196736
352.0 1.575696496024237e-10
353.0 1.575696496024237e-10
354.0 1.575696496024237e-10
355.0 1.575696496024237e-10
356.0 0.00041762477849260904
357.0 0.0009051995220943354
358.0 0.0013927742656960618
359.0 0.0005205683009990025
360.0 1.575696496024237e-10
361.0 0.0003055932438655873
362.0 0.0009628241969039664
363.0 0.00024312569166795583
364.0 1.575696496024237e-10
365.0 1.575696496024237e-10
366.0 2.1159813456961274e-05
367.0 1.575696496024237e-10
368.0 1.575696496024237e-10
369.0 0.0004108919711143244
370.0 0.0009602458703739103
371.0 0.0007837240445951466
372.0 0.0006072024461900583
373.0 0.0005978800345474156
374.0 0.0005885575774300378
375.0 0.0003007235363838845
376.0 1.288940723043197e-05
377.0 1.575696496024237e-10
378.0 1.575696496024237e-10
379.0 1.575696496024237e-10
380.0 1.575696496024237e-10
381.0 1.575696496024237e-10
382.0 1.575696496024237e-10
383.0 0.0003650493226814433
384.0 0.0010635354556143284
385.0 0.0007402933988487348
386.0 0.0004170513420831412
387.0 1.5126697405776213e-05
388.0 1.575696496024237e-10
389.0 1.575696496024237e-10
390.0 1.575696496024237e-10
391.0 0.0003452826831562561
392.0 0.0007082094725774368
393.0 0.0002918571226473432
394.0 1.575696496024237e-10
395.0 0.00018294385881745256
396.0 0.0004903828539681854
397.0 0.0006778849183319835
398.0 0.0008653869372210465
399.0 0.001072663417289732
400.0 0.0012799398973584175
401.0 0.002286440576426685
402.0 0.003292940527899191
403.0 0.005008781226933934
404.0 0.006724622653564438
405.0 0.004494723179959692
406.0 0.0022648238882538863
407.0 0.002528549521230161
408.0 0.0027922744266106747
409.0 0.002646171924425289
410.0 0.0025000696041388437
411.0 0.0045234239223646
412.0 0.006546777876792476
413.0 0.004852936399402097
414.0 0.0031590945582138374
415.0 0.003239620491513051
416.0 0.003320146061014384
417.0 0.0038258931454038247
418.0 0.004331639502197504
419.0 0.003586032471503131
420.0 0.002840424895111937
421.0 0.00387773870897945
422.0 0.004915053068543784
423.0 0.004861960769630969
424.0 0.004808869198313914
425.0 0.0056343207688769326
426.0 0.006459771248046309
427.0 0.005506495290319435
428.0 0.004553219332592562
429.0 0.004209018879919313
430.0 0.0038648191548418254
431.0 0.003547891537891701
432.0 0.0032309639209415764
433.0 0.0028916098017361946
434.0 0.0025522558644297533
435.0 0.0024045015379670076
436.0 0.0022567470296053216
437.0 0.0019603308828664012
438.0 0.0016639145542285405
439.0 0.0017475877029937692
440.0 0.0018312608517589979
441.0 0.001629706093808636
442.0 0.0014281515177572146
443.0 0.001347959550912492
444.0 0.0012677675840677693
445.0 0.0010495540664123837
446.0 0.0008313407306559384
447.0 0.00038657717595924623
448.0 1.575696496024237e-10
449.0 1.575696496024237e-10
450.0 1.575696496024237e-10
451.0 4.487717149004311e-05
452.0 0.00038761936593800783
453.0 0.0011398404240026139
454.0 0.00189206148206722
455.0 0.0016939999113674276
456.0 0.0014959386135160457
457.0 0.0009007549124362413
458.0 0.0003055712340938044
459.0 0.00034484316984162433
460.0 0.00038411508285207674
461.0 0.0006809515525674215
462.0 0.0009777881132322364
463.0 0.0008546664503228385
464.0 0.0007315448783629108
465.0 0.00043451204874145333
466.0 0.00013747925322604715
467.0 0.00032190698675549356
468.0 0.0005063347543909913
469.0 0.0003739284693438094
470.0 0.00024152225250873016
471.0 0.00046836166802677326
472.0 0.0006952013336558593
473.0 0.0007908527550171129
474.0 0.0008865042218531016
475.0 0.0008614729267719667
476.0 0.0008364415407413617
477.0 0.0007716394065937493
478.0 0.0007068371360219317
479.0 0.0013838236554875039
480.0 0.002060810220427811
481.0 0.0025797731723287143
482.0 0.0030987361242296174
483.0 0.004833499406231567
484.0 0.006568263052031398
485.0 0.00811989011708647
486.0 0.009671517182141542
487.0 0.011819547216873616
488.0 0.013967575796414167
489.0 0.01673077349551022
490.0 0.01949396973941475
491.0 0.02181749587180093
492.0 0.024141020548995584
493.0 0.025088933762162924
494.0 0.026036848430521786
495.0 0.023044047702569515
496.0 0.02005124551942572
497.0 0.0158965282025747
498.0 0.011741812340915203
499.0 0.008126268221531063
500.0 0.004510723374551162
501.0 0.0032694701076252386
502.0 0.0020282161131035537
503.0 0.002094698174914811
504.0 0.0021611800548271276
505.0 0.0020042882169946097
506.0 0.0018473961972631514
507.0 0.002085413143504411
508.0 0.002323430271644611
509.0 0.0022593945686821826
510.0 0.0021953588657197542
511.0 0.0019676443116622977
512.0 0.0017399301214027219
513.0 0.0018983904737979174
514.0 0.0020568511899909936
515.0 0.002159384894184768
516.0 0.002261918598378543
517.0 0.002504773328837473
518.0 0.002747628059296403
519.0 0.0023780168703524396
520.0 0.002008405681408476
521.0 0.001736978447297588
522.0 0.0014655510312877595
523.0 0.0013574718650488649
524.0 0.0012493926988099702
525.0 0.0020183708329568617
526.0 0.0027873489671037532
527.0 0.0026974059437634423
528.0 0.0026074629204231314
529.0 0.002253335333080031
530.0 0.0018992073819390498
531.0 0.001673453880357556
532.0 0.001447700742573943
533.0 0.0015943285688990727
534.0 0.0017409563952242024
535.0 0.0019376044292584993
536.0 0.002134252463292796
537.0 0.0027885798772331327
538.0 0.003442907109274529
539.0 0.004088958667125553
540.0 0.004735010588774458
541.0 0.005294903166941367
542.0 0.005854795745108277
543.0 0.005337391849025153
544.0 0.004819987589144148
545.0 0.0036795743653783575
546.0 0.002539161141612567
547.0 0.0021318743165466003
548.0 0.001724587673379574
549.0 0.0016215855794143863
550.0 0.0015185839401965495
551.0 0.0015262030501617119
552.0 0.0015338224329752848
553.0 0.001343777148576919
554.0 0.0011537319551280234
555.0 0.0008008684744709171
556.0 0.0004480049483390758
557.0 0.0006870026027172571
558.0 0.0009260003025701735
559.0 0.0006088772806833731
560.0 0.00029175428153394023
561.0 0.0009060901902557816
562.0 0.0015204262126644608
563.0 0.001643485484237317
564.0 0.001766544664860703
565.0 0.0014291455045167822
566.0 0.0010917465260718018
567.0 0.0008856092790665571
568.0 0.0006794722594349878
569.0 0.0007065407316986239
570.0 0.000733609249436995
571.0 0.0005440435415948741
572.0 0.00035447769732854795
573.0 0.00046713848860235885
574.0 0.0005797992798761697
575.0 0.00046089026000117883
576.0 0.00034198126286355546
577.0 0.0003398179615032859
578.0 0.0003376546828803839
579.0 0.0003078644112974871
580.0 0.00027807418518932536
581.0 0.00036072647162654903
582.0 0.0004433787580637727
583.0 0.0004958469162374968
584.0 0.0005483150744112208
585.0 0.0005655011591443326
586.0 0.0005826874712511199
587.0 0.0005913580025662668
588.0 0.0006000284429319436
589.0 0.0006235573437152198
590.0 0.000647086289973231
591.0 0.0007190539690782316
592.0 0.0007910216481832322
593.0 0.00061146884036134
594.0 0.0004319159870647127
595.0 0.00044930070544069167
596.0 0.00046668542381667066
597.0 0.0005243397936283145
598.0 0.0005819941634399584
599.0 0.0004645164153771475
600.0 0.0003470386900517042
601.0 0.0003635206212493358
602.0 0.0003800025297095999
603.0 0.0002612400749057997
604.0 0.00014247754052121309
605.0 0.0002323253283975646
606.0 0.00032217312764259987
607.0 0.0003875850325130159
608.0 0.0004529970283329021
609.0 0.00045927076826046687
610.0 0.0004655444627132965
611.0 0.00047613202696084045
612.0 0.0004867195457336493
613.0 0.00035332434435986215
614.0 0.0002199291884608101
615.0 0.0002137980800398509
616.0 0.0002076669261441566
617.0 0.0003165459474985255
618.0 0.00042542501432762947
619.0 0.0004209997769066831
620.0 0.000416574675909942
621.0 0.00034021138617390534
622.0 0.0002638481191752362
623.0 0.0003930708317056997
624.0 0.0005222935669735307
625.0 0.0003587379524105927
626.0 0.0001951823833223898
627.0 0.00027851365302922204
628.0 0.0003618448772613192
629.0 0.00039148530959209893
630.0 0.0004211256509734085
631.0 0.0004409762823343044
632.0 0.00046082682274573017
633.0 0.00044987314140598755
634.0 0.00043891932364203967
635.0 0.00045001856960880104
636.0 0.0004611178610502975
637.0 0.00048582005547359586
638.0 0.000510522158947424
639.0 0.0006029324595147045
640.0 0.0006953426691325149
641.0 0.0006256867891352158
642.0 0.0005560309091379168
643.0 0.0006446111910918262
644.0 0.0007331915185204707
645.0 0.0007765112059132662
646.0 0.0008198309842555318
647.0 0.0007511497187806526
648.0 0.0006824684987805085
649.0 0.0007861682206566911
650.0 0.0008898679880076088
651.0 0.0009740825589688029
652.0 0.0010582970389805268
653.0 0.0011388584425731096
654.0 0.001219420119014103
655.0 0.0016624690033495426
656.0 0.002105517705786042
657.0 0.003101442416664213
658.0 0.0040973663999466226
659.0 0.006868685886729509
660.0 0.017461304378230125
661.0 0.1767667825333774
662.0 0.11528870090842247
663.0 0.126228213775903
664.0 0.12048188364133239
665.0 0.1667733769863844
666.0 0.14344084775075316
667.0 0.24771373718976974
668.0 0.2454603323712945
669.0 0.3303289180621505
670.0 0.5851219408214092
671.0 0.8481170982122421
672.0 1.3905915431678295
673.0 2.0839424803853035
674.0 2.989008277654648
675.0 4.032335430383682
676.0 5.171796306967735
677.0 6.583722680807114
678.0 8.092550188302994
679.0 9.778282791376114
680.0 12.000442296266556
681.0 14.345517754554749
682.0 16.91262274980545
683.0 19.78871375322342
684.0 22.843243181705475
685.0 25.771135091781616
686.0 28.7418395280838
687.0 32.173922657966614
688.0 35.73692739009857
689.0 39.5067572593689
690.0 43.8017874956131
691.0 48.63786697387695
692.0 54.10357713699341
693.0 59.82123017311096
694.0 66.07999801635742
695.0 71.75179719924927
696.0 77.92140245437622
697.0 83.1343948841095
698.0 88.18243741989136
699.0 91.73938632011414
700.0 94.08300518989563
701.0 95.77451944351196
702.0 96.82323336601257
703.0 97.28897213935852
704.0 97.48507142066956
705.0 97.81857132911682
706.0 97.69531488418579
707.0 97.85164594650269
708.0 97.75713682174683
709.0 97.92981147766113
710.0 97.6759135723114
711.0 98.00235033035278
712.0 97.83354997634888
713.0 97.95422554016113
714.0 98.08431267738342
715.0 98.12918305397034
716.0 97.93279767036438
717.0 98.09921383857727
718.0 98.08329343795776
719.0 97.95990586280823
720.0 98.09297323226929
721.0 97.9687511920929
722.0 97.58204817771912
723.0 97.31810092926025
724.0 97.05849289894104
725.0 96.93112373352051
726.0 96.78042531013489
727.0 96.58036828041077
728.0 96.46124243736267
729.0 96.29790782928467
730.0 96.53627276420593
731.0 96.56105637550354
732.0 96.6434895992279
733.0 97.10703492164612
734.0 97.44591116905212
735.0 97.62994050979614
736.0 97.9676604270935
737.0 98.22528958320618
738.0 98.39405417442322
739.0 98.66589903831482
740.0 98.69556427001953
741.0 98.66060614585876
742.0 98.86143207550049
743.0 98.66856932640076
744.0 98.52007031440735
745.0 98.54663014411926
746.0 98.49042296409607
747.0 98.70809316635132
748.0 98.59755635261536
749.0 98.50412011146545
750.0 98.4225332736969
751.0 98.42750430107117
752.0 98.35153222084045
753.0 98.57377409934998
754.0 98.44134449958801
755.0 98.56982827186584
756.0 98.56603741645813
757.0 98.61794710159302
758.0 98.67973327636719
759.0 98.6767590045929
760.0 98.63172769546509
761.0 98.55480790138245
762.0 98.71094226837158
763.0 98.62145185470581
764.0 98.57407212257385
765.0 98.42954874038696
766.0 98.39898943901062
767.0 98.23115468025208
768.0 98.24351072311401
769.0 98.09467792510986
770.0 97.91992902755737
771.0 97.86691665649414
772.0 97.88327217102051
773.0 97.94834852218628
774.0 97.7032482624054
775.0 97.77240753173828
776.0 97.79293537139893
777.0 97.96246290206909
778.0 98.00127148628235
779.0 98.09141159057617
780.0 97.96961545944214
781.0 98.48141670227051
782.0 98.31971526145935
783.0 98.4934151172638
784.0 98.42047095298767
785.0 98.59492778778076
786.0 98.6490547657013
787.0 98.38650822639465
788.0 98.40054512023926
789.0 98.55799078941345
790.0 98.46732020378113
791.0 98.44858050346375
792.0 98.25713634490967
793.0 98.14956188201904
794.0 98.06195497512817
795.0 97.92431592941284
796.0 97.8292465209961
797.0 97.891104221344
798.0 97.76353240013123
799.0 97.7238118648529
800.0 97.37775325775146
801.0 97.3719835281372
802.0 97.06892371177673
803.0 96.50465250015259
804.0 95.76200842857361
805.0 94.69341039657593
806.0 93.58410239219666
807.0 91.93134307861328
808.0 89.90883231163025
809.0 87.66781687736511
810.0 85.16348004341125
811.0 81.93708062171936
812.0 78.46523523330688
813.0 74.52785968780518
814.0 70.30605673789978
815.0 65.81693887710571
816.0 61.411428451538086
817.0 56.722599267959595
818.0 52.038246393203735
819.0 47.8822261095047
820.0 43.01060736179352
821.0 38.56929838657379
822.0 34.056222438812256
823.0 29.459908604621887
824.0 24.86308366060257
825.0 20.59725672006607
826.0 16.28432422876358
827.0 12.04615831375122
828.0 8.596690744161606
829.0 5.722150206565857
830.0 3.412802144885063
831.0 2.1180029958486557
832.0 1.2090779840946198
833.0 0.6547664292156696
834.0 0.3882595105096698
835.0 0.20808200351893902
836.0 0.11751280399039388
837.0 0.06892614183016121
838.0 0.058608659310266376
839.0 0.03155827580485493
840.0 0.013150126324035227
841.0 1.575696496024237e-10
842.0 1.575696496024237e-10
843.0 1.575696496024237e-10
844.0 0.0038481066439999267
845.0 1.575696496024237e-10
846.0 0.0009160150511888787
847.0 1.575696496024237e-10
848.0 1.575696496024237e-10
849.0 1.575696496024237e-10
850.0 0.002006004797294736
851.0 1.575696496024237e-10
852.0 0.00048051510930235963
853.0 0.0004164934125583386
854.0 0.00035247180676378775
855.0 0.00019541339497664012
856.0 3.835513382455247e-05
857.0 1.575696496024237e-10
858.0 1.575696496024237e-10
859.0 1.575696496024237e-10
860.0 1.575696496024237e-10
861.0 1.575696496024237e-10
862.0 6.827591505498276e-05
863.0 1.575696496024237e-10
864.0 1.575696496024237e-10
865.0 1.575696496024237e-10
866.0 1.575696496024237e-10
867.0 1.575696496024237e-10
868.0 1.575696496024237e-10
869.0 1.575696496024237e-10
870.0 1.575696496024237e-10
871.0 1.575696496024237e-10
872.0 1.575696496024237e-10
873.0 4.0267838130603195e-05
874.0 0.00012045726407450275
875.0 2.3027060080949013e-05
876.0 1.575696496024237e-10
877.0 6.343021663468562e-07
878.0 7.567177249256929e-05
879.0 7.420730412377452e-05
880.0 7.274291533576616e-05
881.0 7.130303742997057e-05
882.0 6.986321636759385e-05
883.0 3.092483211730723e-05
884.0 1.575696496024237e-10
885.0 1.575696496024237e-10
886.0 1.575696496024237e-10
887.0 1.575696496024237e-10
888.0 1.575696496024237e-10
889.0 1.575696496024237e-10
890.0 1.575696496024237e-10
891.0 1.2763275769600568e-06
892.0 9.475026558902755e-05
893.0 1.575696496024237e-10
894.0 1.575696496024237e-10
895.0 1.575696496024237e-10
896.0 1.575696496024237e-10
897.0 1.575696496024237e-10
