lsstCam/transmission_filter_detector/r22_s22/i_39/19700101T000000.ecsv
# %ECSV 1.0
# ---
# datatype:
# - {name: wavelength, unit: nm, datatype: float32}
# - {name: efficiency, unit: '%', datatype: float64}
# meta: !!omap
# - {MODE: DETECTOR}
# - {TYPE: transmission_filter_detector}
# - {CALIBDATE: '1970-01-01T00:00:00'}
# - {INSTRUME: LSSTCam}
# - {OBSTYPE: transmission_filter_detector}
# - {CALIBCLS: lsst.ip.isr.IntermediateFilterDetectorTransmissionCurve}
# - {SOURCE: Materion (DM-46256)}
# - {DETECTOR: 98}
# - {FILTER: i_39}
# - {CALIB_ID: 'calibDate=1970-01-01T00:00:00 filter=i_39 detector=98'}
# - {DATE: '2025-04-02T15:59:46.934679'}
# - {CALIB_CREATION_DATE: '2025-04-02'}
# - {CALIB_CREATION_TIME: '15:59:46'}
# - __serialized_columns__:
#     efficiency:
#       __class__: astropy.units.quantity.Quantity
#       unit: !astropy.units.Unit {unit: '%'}
#       value: !astropy.table.SerializedColumn {name: efficiency}
#     wavelength:
#       __class__: astropy.units.quantity.Quantity
#       unit: !astropy.units.Unit {unit: nm}
#       value: !astropy.table.SerializedColumn {name: wavelength}
# schema: astropy-2.0
wavelength efficiency
[from data line 599]
899.0 1.575696496024237e-10
900.0 1.575696496024237e-10
901.0 1.575696496024237e-10
902.0 1.575696496024237e-10
903.0 1.575696496024237e-10
904.0 1.575696496024237e-10
905.0 1.5714510581688046e-06
906.0 0.00011814121307907044
907.0 9.938954690369428e-05
908.0 8.063786935963435e-05
909.0 0.0001370888185192598
910.0 0.0001935397449415177
911.0 0.00016771090258771437
912.0 0.00014188206023391103
913.0 0.0001090692421712447
914.0 7.625639568686893e-05
915.0 6.726277774760092e-05
916.0 5.8269216651751776e-05
917.0 1.575696496024237e-10
918.0 1.575696496024237e-10
919.0 1.575696496024237e-10
920.0 1.2513692126958631e-05
921.0 5.2159521146677434e-05
922.0 9.180531606034492e-05
923.0 4.37301764577569e-05
924.0 1.575696496024237e-10
925.0 0.00011256291827521636
926.0 0.00022947081106394762
927.0 1.2673922356043477e-05
928.0 1.575696496024237e-10
929.0 1.575696496024237e-10
930.0 8.534839821550122e-05
931.0 0.00010735656132965232
932.0 0.000129364696022094
933.0 4.1379746562597575e-05
934.0 1.575696496024237e-10
935.0 1.575696496024237e-10
936.0 1.1386858034256875e-05
937.0 1.575696496024237e-10
938.0 1.575696496024237e-10
939.0 1.575696496024237e-10
940.0 1.575696496024237e-10
941.0 1.575696496024237e-10
942.0 1.575696496024237e-10
943.0 1.575696496024237e-10
944.0 6.579826390407106e-05
945.0 1.575696496024237e-10
946.0 1.575696496024237e-10
947.0 1.575696496024237e-10
948.0 1.575696496024237e-10
949.0 1.575696496024237e-10
950.0 1.575696496024237e-10
951.0 1.575696496024237e-10
952.0 8.459614946332294e-05
953.0 4.634865149455436e-05
954.0 8.101184079123414e-06
955.0 1.575696496024237e-10
956.0 1.575696496024237e-10
957.0 3.545829656559363e-05
958.0 9.05224737834942e-05
959.0 9.790405783860479e-05
960.0 0.00010528565326239914
961.0 5.00047917739721e-05
962.0 1.575696496024237e-10
963.0 8.582570671933354e-05
964.0 0.00017692751725917333
965.0 0.00020415779999893857
966.0 0.00023138807137002004
967.0 4.025973794341553e-05
968.0 1.575696496024237e-10
969.0 1.575696496024237e-10
970.0 0.00010376913905929541
971.0 1.575696496024237e-10
972.0 1.575696496024237e-10
973.0 2.2708843694374536e-07
974.0 0.00013937741414338234
975.0 1.575696496024237e-10
976.0 1.575696496024237e-10
977.0 1.575696496024237e-10
978.0 1.575696496024237e-10
979.0 1.575696496024237e-10
980.0 1.575696496024237e-10
981.0 1.575696496024237e-10
982.0 1.575696496024237e-10
983.0 1.575696496024237e-10
984.0 1.575696496024237e-10
985.0 1.575696496024237e-10
986.0 5.52038557088963e-05
987.0 1.575696496024237e-10
988.0 1.575696496024237e-10
989.0 1.575696496024237e-10
990.0 1.575696496024237e-10
991.0 1.0062408506428255e-05
992.0 2.8668617346738756e-05
993.0 1.575696496024237e-10
994.0 1.575696496024237e-10
995.0 5.706729666599131e-06
996.0 0.00012410537237883545
997.0 0.00019544982023944613
998.0 0.00026679419988795416
999.0 0.00027438168217486236
1000.0 0.0002819690735123004
1001.0 0.00033689225347188767
1002.0 0.0003918154106941074
1003.0 0.00020532868347800104
1004.0 1.8841936366698064e-05
1005.0 1.575696496024237e-10
1006.0 1.575696496024237e-10
1007.0 7.049840746731206e-05
1008.0 0.00021092489532748004
1009.0 0.00024534494968975196
1010.0 0.0002797649813146563
1011.0 0.00015481940636163927
1012.0 2.9873828566451266e-05
1013.0 9.071688964468194e-05
1014.0 0.0001515599365120579
1015.0 0.0001763884597494325
1016.0 0.00020121701709285844
1017.0 0.00023013299141894095
1018.0 0.0002590490339571261
1019.0 0.00020042079995619133
1020.0 0.00014179253184920526
1021.0 0.0002019726252910914
1022.0 0.0002621527301016613
1023.0 0.0002822372152877506
1024.0 0.0003023217232112074
1025.0 0.0003871480657835491
1026.0 0.00047197445383062586
1027.0 0.00040984728002513293
1028.0 0.00034772008348227246
1029.0 0.0008366532711079344
1030.0 0.0013255864359962288
1031.0 0.0016825471902848221
1032.0 0.0020395074898260646
1033.0 0.0023175918613560498
1034.0 0.0025956760509870946
1035.0 0.0032043069950304925
1036.0 0.003812938302871771
1037.0 0.0035826582461595535
1038.0 0.0033523785532452166
1039.0 0.00313920718326699
1040.0 0.002926035813288763
1041.0 0.003096349973930046
1042.0 0.0032666644983692095
1043.0 0.003365381053299643
1044.0 0.0034640979720279574
1045.0 0.002995535032823682
1046.0 0.0025269720936194062
1047.0 0.002698508797038812
1048.0 0.002870045318559278
1049.0 0.0024862752979970537
1050.0 0.0021025052774348296
1051.0 0.0019389190129004419
1052.0 0.0017753329302649945
1053.0 0.0015631130736437626
1054.0 0.0013508932170225307
1055.0 0.000948369506659219
1056.0 0.0005458457053464372
1057.0 0.0006330497853923589
1058.0 0.000720254047337221
1059.0 0.0009220754691341426
1060.0 0.001123896799981594
1061.0 0.0013413447049970273
1062.0 0.0015587926100124605
1063.0 0.0022221252947929315
1064.0 0.002885457797674462
1065.0 0.0033822463592514396
1066.0 0.0038790352846262977
1067.0 0.004578377775033005
1068.0 0.005277720993035473
1069.0 0.004683158113039099
1070.0 0.004088595233042724
1071.0 0.004072258161613718
1072.0 0.00405592072638683
1073.0 0.0037413115933304653
1074.0 0.003426702824071981
1075.0 0.003227826891816221
1076.0 0.003028951323358342
1077.0 0.0025125034881057218
1078.0 0.0019960556528531015
1079.0 0.0018822922356775962
1080.0 0.0017685288185020909
1081.0 0.0013290386959852185
1082.0 0.0008895485734683461
1083.0 0.0005671801773132756
1084.0 0.00024481173568347003
1085.0 0.0004111684120289283
1086.0 0.0005775252702733269
1087.0 6.087419706091168e-05
1088.0 1.575696496024237e-10
1089.0 1.575696496024237e-10
1090.0 1.575696496024237e-10
1091.0 1.575696496024237e-10
1092.0 5.198976893439067e-06
1093.0 0.00015248751878971234
1094.0 0.0002997760930156801
1095.0 1.575696496024237e-10
1096.0 1.575696496024237e-10
1097.0 1.575696496024237e-10
1098.0 1.575696496024237e-10
1099.0 0.0011830990843009204
1100.0 0.0029021866794209927
