lsstCam/transmission_filter_detector/r42_s01/g_6/19700101T000000.ecsv
# %ECSV 1.0
# ---
# datatype:
# - {name: wavelength, unit: nm, datatype: float32}
# - {name: efficiency, unit: '%', datatype: float64}
# meta: !!omap
# - {MODE: DETECTOR}
# - {TYPE: transmission_filter_detector}
# - {CALIBDATE: '1970-01-01T00:00:00'}
# - {INSTRUME: LSSTCam}
# - {OBSTYPE: transmission_filter_detector}
# - {CALIBCLS: lsst.ip.isr.IntermediateFilterDetectorTransmissionCurve}
# - {SOURCE: Materion (DM-46256)}
# - {DETECTOR: 172}
# - {FILTER: g_6}
# - {CALIB_ID: 'calibDate=1970-01-01T00:00:00 filter=g_6 detector=172'}
# - {DATE: '2025-04-02T15:59:42.823020'}
# - {CALIB_CREATION_DATE: '2025-04-02'}
# - {CALIB_CREATION_TIME: '15:59:42'}
# - __serialized_columns__:
#     efficiency:
#       __class__: astropy.units.quantity.Quantity
#       unit: !astropy.units.Unit {unit: '%'}
#       value: !astropy.table.SerializedColumn {name: efficiency}
#     wavelength:
#       __class__: astropy.units.quantity.Quantity
#       unit: !astropy.units.Unit {unit: nm}
#       value: !astropy.table.SerializedColumn {name: wavelength}
# schema: astropy-2.0
wavelength efficiency
[from data line 607]
907.0 0.00024290527562698117
908.0 0.00028335946353763575
909.0 0.0003238136287109228
910.0 0.00030988167054601945
911.0 0.00029594973511848366
912.0 0.0003086734068347141
913.0 0.00032139707855094457
914.0 0.0003958460638386896
915.0 0.00047029507186380215
916.0 0.0004188577804598026
917.0 0.00036742044358106796
918.0 0.0003697418378578732
919.0 0.0003720632321346784
920.0 0.0003881558313878486
921.0 0.0004042483851662837
922.0 0.0003760168056032853
923.0 0.00034778522604028694
924.0 0.00031834913443162804
925.0 0.00028891304282296915
926.0 0.00038423395380959846
927.0 0.0004795548647962278
928.0 0.00043113982428621966
929.0 0.00038272473830147646
930.0 0.0004513865405897377
931.0 0.000520048388352734
932.0 0.0004722862740891287
933.0 0.0004245240688760532
934.0 0.0005216729732637759
935.0 0.0006188219231262337
936.0 0.0005288209649734199
937.0 0.00043882009777007625
938.0 0.00048706533561926335
939.0 0.0005353106189431855
940.0 0.0004991263267584145
941.0 0.0004629419436241733
942.0 0.0005335477908374742
943.0 0.000604153638050775
944.0 0.000596270001551602
945.0 0.0005883862741029589
946.0 0.0007339703188335989
947.0 0.0008795543180895038
948.0 0.0007821633516869042
949.0 0.0006847722943348344
950.0 0.0006887071322125848
951.0 0.0006926419246156001
952.0 0.00067979658524564
953.0 0.0006669512004009448
954.0 0.00074458207564021
955.0 0.0008222131327784155
956.0 0.0007536178600275889
957.0 0.0006850227237009676
958.0 0.0006799707080062944
959.0 0.0006749186923116213
960.0 0.0006227339326869696
961.0 0.0005705491275875829
962.0 0.0005418486580310855
963.0 0.000513148142999853
964.0 0.0005149092885403661
965.0 0.000516670343131409
966.0 0.0005149417120264843
967.0 0.0005132130354468245
968.0 0.000569194389754557
969.0 0.0006251758350117598
970.0 0.0006026506071066251
971.0 0.0005801254701509606
972.0 0.0006035173100826796
973.0 0.0006269092409638688
974.0 0.0006391011538653402
975.0 0.0006512931122415466
976.0 0.0007321003977267537
977.0 0.0008129076377372257
978.0 0.0008674128366692457
979.0 0.0009219179446517956
980.0 0.0008882866495696362
981.0 0.0008546555363864172
982.0 0.0009681481060397346
983.0 0.0010816406756930519
984.0 0.0012085492926416919
985.0 0.0013354579095903318
986.0 0.001348361274722265
987.0 0.0013612649127026089
988.0 0.001313435859628953
989.0 0.0012656064427574165
990.0 0.00133169160108082
991.0 0.001397776577505283
992.0 0.0013527337614505086
993.0 0.001307690854446264
994.0 0.0013993467291584238
995.0 0.0014910025129211135
996.0 0.0013809130905428901
997.0 0.001270823850063607
998.0 0.001279157277167542
999.0 0.0012874907042714767
1000.0 0.0012358804269752
1001.0 0.0011842701496789232
1002.0 0.0011469644960016012
1003.0 0.0011096588423242792
1004.0 0.0012501855053415056
1005.0 0.001390712168358732
1006.0 0.0013402895092440303
1007.0 0.0012898668501293287
1008.0 0.0013542437955038622
1009.0 0.0014186206499289256
1010.0 0.0014433914657274727
1011.0 0.0014681624634249602
1012.0 0.0014466240827459842
1013.0 0.0014250854292185977
1014.0 0.0015551053365925327
1015.0 0.0016851257896632887
1016.0 0.001831442023103591
1017.0 0.0019777584384428337
1018.0 0.002153514105884824
1019.0 0.002329269773326814
1020.0 0.0024307460989803076
1021.0 0.0025322226065327413
1022.0 0.0028289028705330566
1023.0 0.003125583316432312
1024.0 0.003231881055398844
1025.0 0.0033381795219611377
1026.0 0.003653663588920608
1027.0 0.003969147292082198
1028.0 0.004093268944416195
1029.0 0.004217390596750192
1030.0 0.004338369399192743
1031.0 0.004459348565433174
1032.0 0.004615511716110632
1033.0 0.004771674866788089
1034.0 0.00494079249619972
1035.0 0.00510991012561135
1036.0 0.005166807022760622
1037.0 0.005223703192314133
1038.0 0.00518709966854658
1039.0 0.005150495417183265
1040.0 0.005494095967151225
1041.0 0.005837696517119184
1042.0 0.005909752871957608
1043.0 0.005981809590593912
1044.0 0.006235389446374029
1045.0 0.006488969665952027
1046.0 0.006855368701508269
1047.0 0.007221767737064511
1048.0 0.007744055619696155
1049.0 0.0082663435023278
1050.0 0.009259704529540613
1051.0 0.010253064829157665
1052.0 0.011862155952258036
1053.0 0.013471247802954167
1054.0 0.016008126840461046
1055.0 0.0185450044227764
1056.0 0.022211481700651348
1057.0 0.025877950247377157
1058.0 0.031424761982634664
1059.0 0.036971570807509124
1060.0 0.04406035295687616
1061.0 0.051149126375094056
1062.0 0.05947215249761939
1063.0 0.06779517862014472
1064.0 0.0770901853684336
1065.0 0.08638519793748856
1066.0 0.09517843718640506
1067.0 0.10397167643532157
1068.0 0.11285344371572137
1069.0 0.12173524592071772
1070.0 0.13097013579681516
1071.0 0.14020504895597696
1072.0 0.149434432387352
1073.0 0.15866381581872702
1074.0 0.16833157278597355
1075.0 0.1779993181116879
1076.0 0.18748195143416524
1077.0 0.19696459639817476
1078.0 0.20556943491101265
1079.0 0.2141742967069149
1080.0 0.2248201984912157
1081.0 0.23546605370938778
1082.0 0.24754314217716455
1083.0 0.25962020736187696
1084.0 0.27825855650007725
1085.0 0.2968968590721488
1086.0 0.32565309666097164
1087.0 0.35440928768366575
1088.0 0.39765280671417713
1089.0 0.4408962558954954
1090.0 0.4882762208580971
1091.0 0.5356561858206987
1092.0 0.6028186064213514
1093.0 0.6699810270220041
1094.0 0.7588467560708523
1095.0 0.8477125316858292
1096.0 0.9153520688414574
1097.0 0.9829915128648281
1098.0 1.0512406006455421
1099.0 1.1194897815585136
1100.0 1.2222600169479847
1101.0 1.3250304386019707
