lsstCam/transmission_filter_detector/r42_s01/g_6/19700101T000000.ecsv
# %ECSV 1.0
# ---
# datatype:
# - {name: wavelength, unit: nm, datatype: float32}
# - {name: efficiency, unit: '%', datatype: float64}
# meta: !!omap
# - {MODE: DETECTOR}
# - {TYPE: transmission_filter_detector}
# - {CALIBDATE: '1970-01-01T00:00:00'}
# - {INSTRUME: LSSTCam}
# - {OBSTYPE: transmission_filter_detector}
# - {CALIBCLS: lsst.ip.isr.IntermediateFilterDetectorTransmissionCurve}
# - {SOURCE: Materion (DM-46256)}
# - {DETECTOR: 172}
# - {FILTER: g_6}
# - {CALIB_ID: 'calibDate=1970-01-01T00:00:00 filter=g_6 detector=172'}
# - {DATE: '2025-04-02T15:59:42.823020'}
# - {CALIB_CREATION_DATE: '2025-04-02'}
# - {CALIB_CREATION_TIME: '15:59:42'}
# - __serialized_columns__:
#     efficiency:
#       __class__: astropy.units.quantity.Quantity
#       unit: !astropy.units.Unit {unit: '%'}
#       value: !astropy.table.SerializedColumn {name: efficiency}
#     wavelength:
#       __class__: astropy.units.quantity.Quantity
#       unit: !astropy.units.Unit {unit: nm}
#       value: !astropy.table.SerializedColumn {name: wavelength}
# schema: astropy-2.0
wavelength efficiency
300.0 0.33251624554395676
301.0 0.285338400863111
302.0 0.23816057946532965
303.0 0.23129333276301622
304.0 0.22442613262683153
305.0 0.2215233165770769
306.0 0.21862052381038666
307.0 0.2133835107088089
308.0 0.20814647432416677
309.0 0.19765372853726149
310.0 0.18716095946729183
311.0 0.18639982445165515
312.0 0.18563867779448628
313.0 0.1884207595139742
314.0 0.19120285287499428
315.0 0.1833246322348714
316.0 0.17544645816087723
317.0 0.17273793928325176
318.0 0.1700294204056263
319.0 0.1581774209626019
320.0 0.1463254215195775
321.0 0.13534447643905878
322.0 0.12436353135854006
323.0 0.11210620868951082
324.0 0.09984889766201377
325.0 0.0907340319827199
326.0 0.08161917212419212
327.0 0.07473441655747592
328.0 0.06784966099075973
329.0 0.06336479564197361
330.0 0.0588799302931875
331.0 0.05426314892247319
332.0 0.049646367551758885
333.0 0.04606213478837162
334.0 0.04247790202498436
335.0 0.04116192285437137
336.0 0.03984594077337533
337.0 0.03995841252617538
338.0 0.04007088718935847
339.0 0.03986579831689596
340.0 0.03966070362366736
341.0 0.03745487774722278
342.0 0.03524905478116125
343.0 0.03214014577679336
344.0 0.029031233862042427
345.0 0.02560456341598183
346.0 0.022177888604346663
347.0 0.02037928206846118
348.0 0.018580679898150265
349.0 0.016990271979011595
350.0 0.07533971220254898
351.0 1.001168880611658
352.0 0.2805831376463175
353.0 0.8071663789451122
354.0 0.16190842725336552
355.0 0.6006408948451281
356.0 0.2168423729017377
357.0 1.0845103301107883
358.0 0.06666427943855524
359.0 0.9113902226090431
360.0 0.14090366894379258
361.0 0.6747822277247906
362.0 0.14562085270881653
363.0 0.7367373909801245
364.0 0.11464908020570874
365.0 0.8605060167610645
366.0 0.14431806048378348
367.0 0.7802389562129974
368.0 0.09564992506057024
369.0 0.6544048897922039
370.0 0.09850696660578251
371.0 0.529066938906908
372.0 0.07026958046481013
373.0 0.6825098302215338
374.0 0.09428058401681483
375.0 0.5080630071461201
376.0 0.12242740485817194
377.0 0.5175741855055094
378.0 0.11484655551612377
379.0 0.6027242634445429
380.0 0.136566034052521
381.0 0.5596743430942297
382.0 0.5568766500800848
383.0 0.5468130111694336
384.0 0.5948313977569342
385.0 0.5559539888054132
386.0 0.5860925652086735
387.0 0.7318170741200447
388.0 0.8438093587756157
389.0 1.130221039056778
390.0 1.57815832644701
391.0 2.4223124608397484
392.0 3.8613636046648026
393.0 6.191477179527283
394.0 9.366974979639053
395.0 13.650038838386536
396.0 19.111470878124237
397.0 25.97423493862152
398.0 34.20505225658417
399.0 43.274080753326416
400.0 52.53596305847168
401.0 61.75915002822876
402.0 70.34921646118164
403.0 77.81493663787842
404.0 83.42427015304565
405.0 87.6918375492096
406.0 90.15030264854431
407.0 92.23350882530212
408.0 93.41123700141907
409.0 94.12306547164917
410.0 94.38346028327942
411.0 94.22056078910828
412.0 93.93797516822815
413.0 93.70690584182739
414.0 93.4952974319458
415.0 93.58750581741333
416.0 93.90881657600403
417.0 94.21712756156921
418.0 94.71358060836792
419.0 95.30426859855652
420.0 95.84130644798279
421.0 96.44601941108704
422.0 96.53282761573792
423.0 96.82793617248535
424.0 96.62749171257019
425.0 96.62727117538452
426.0 96.58183455467224
427.0 96.59491181373596
428.0 96.41847610473633
429.0 96.17255330085754
430.0 96.08873128890991
431.0 96.1085557937622
432.0 96.17174863815308
433.0 96.22566103935242
434.0 96.25217914581299
435.0 96.42989039421082
436.0 96.55537009239197
437.0 96.51819467544556
438.0 96.60022854804993
439.0 96.68967723846436
440.0 96.61056399345398
441.0 96.71927094459534
442.0 96.787428855896
443.0 96.7599868774414
444.0 96.69353365898132
445.0 96.44150733947754
446.0 96.31904363632202
447.0 96.0811197757721
448.0 96.10375165939331
449.0 96.20798230171204
450.0 96.41855955123901
451.0 96.6259241104126
452.0 96.83977365493774
453.0 96.9400405883789
454.0 97.01765775680542
455.0 97.26114273071289
456.0 97.41928577423096
457.0 97.58482575416565
458.0 97.52100706100464
459.0 97.57879972457886
460.0 97.58275151252747
461.0 97.75853157043457
462.0 97.68617749214172
463.0 97.63455986976624
464.0 97.72050976753235
465.0 97.68405556678772
466.0 97.64806032180786
467.0 97.70094752311707
468.0 97.68112301826477
469.0 97.7608859539032
470.0 97.56371974945068
471.0 97.4558413028717
472.0 97.49825596809387
473.0 97.43502736091614
474.0 97.26188778877258
475.0 97.38672375679016
476.0 97.32617735862732
477.0 97.34233021736145
478.0 97.45225310325623
479.0 97.46981859207153
480.0 97.59008884429932
481.0 97.70671129226685
482.0 97.91207909584045
483.0 97.76538014411926
484.0 97.96897172927856
485.0 97.99356460571289
486.0 98.02204966545105
487.0 98.10857772827148
488.0 98.07195663452148
489.0 98.18940758705139
490.0 98.15897345542908
491.0 98.14486503601074
492.0 98.07595610618591
493.0 98.0988621711731
494.0 98.04162979125977
495.0 98.08862805366516
496.0 97.93831706047058
497.0 97.84517288208008
498.0 97.66741394996643
499.0 97.70933389663696
500.0 97.65642881393433
501.0 97.58923649787903
502.0 97.57093787193298
503.0 97.63944149017334
504.0 97.48013615608215
505.0 97.47681617736816
506.0 97.54960536956787
507.0 97.49707579612732
508.0 97.4988579750061
509.0 97.51424789428711
510.0 97.44030237197876
511.0 97.39964008331299
512.0 97.34117388725281
513.0 97.38488793373108
514.0 97.3755419254303
515.0 97.39915132522583
516.0 97.48320579528809
517.0 97.44042158126831
518.0 97.59081602096558
519.0 97.58903980255127
520.0 97.62293696403503
521.0 97.77556657791138
522.0 97.76954054832458
523.0 97.76288866996765
524.0 97.7570652961731
525.0 97.75269627571106
526.0 97.88223505020142
527.0 97.81977534294128
528.0 97.89546132087708
529.0 98.07552099227905
530.0 98.00784587860107
531.0 98.17471504211426
532.0 98.06023240089417
533.0 98.05373549461365
534.0 98.12648892402649
535.0 97.92508482933044
536.0 97.66845703125
537.0 97.19529747962952
538.0 96.49596810340881
539.0 95.31437754631042
540.0 93.79057884216309
541.0 91.39177203178406
542.0 88.82036805152893
543.0 85.38093566894531
544.0 80.97432851791382
545.0 77.00956463813782
546.0 72.08216190338135
547.0 67.48104095458984
548.0 62.804025411605835
549.0 58.535587787628174
550.0 55.143165588378906
551.0 51.854753494262695
552.0 49.40546751022339
553.0 46.934908628463745
554.0 44.22771334648132
555.0 41.28690958023071
556.0 37.32663094997406
557.0 32.69122540950775
558.0 27.456369996070862
559.0 22.12899625301361
560.0 16.805386543273926
561.0 11.771158874034882
562.0 7.7871814370155334
563.0 4.722029343247414
564.0 2.644635923206806
565.0 0.821157917380333
566.0 0.7005613762885332
567.0 0.2946385182440281
568.0 0.20598103292286396
569.0 0.09222821681760252
570.0 0.09373920620419085
571.0 0.04067773697897792
572.0 0.05838825018145144
573.0 0.021240439673420042
574.0 0.033331464510411024
575.0 0.014805019600316882
576.0 0.035249488428235054
577.0 0.012210564455017447
578.0 0.035372431739233434
579.0 0.007945862307678908
580.0 0.03747662121895701
581.0 0.012024742318317294
582.0 0.03743644629139453
583.0 0.006546750955749303
584.0 0.022864376660436392
585.0 0.0038084195693954825
586.0 0.024520172155462205
587.0 0.00732767439330928
588.0 0.02380231599090621
589.0 0.006558249151566997
590.0 0.025392239331267774
591.0 0.00449295730504673
592.0 0.02099257690133527
593.0 0.004979898585588671
594.0 0.01740875595714897
595.0 0.0020176197722321376
596.0 0.009886676707537845
597.0 0.004499790156842209
598.0 0.018452820950187743
599.0 0.005681511174771003
600.0 0.01177521189674735
601.0 0.002299296647834126
602.0 0.002334314376639668
603.0 0.0023693319235462695
604.0 0.002196002060372848
605.0 0.0020226720153004862
606.0 0.0020018289433210157
607.0 0.001980986235139426
608.0 0.002009013951465022
609.0 0.002037041667790618
610.0 0.0020599025447154418
611.0 0.0020827634216402657
612.0 0.002016878170252312
613.0 0.0019509929188643582
614.0 0.0018674696548259817
615.0 0.0017839465726865456
616.0 0.0017518334061605856
617.0 0.001719720421533566
618.0 0.0017019239749060944
619.0 0.0016841275282786228
620.0 0.0016168110960279591
621.0 0.0015494946637772955
622.0 0.0015369878383353353
623.0 0.0015244812857417855
624.0 0.001525411607872229
625.0 0.0015263420209521428
626.0 0.0014520066542900167
627.0 0.001377671469526831
628.0 0.0014303351235867012
629.0 0.0014829986866971012
630.0 0.001475298540754011
631.0 0.0014675983038614504
632.0 0.0014684123016195372
633.0 0.0014692264812765643
634.0 0.0013143211617716588
635.0 0.0011594157513172831
636.0 0.0012618705113709439
637.0 0.001364325453323545
638.0 0.0012686586160270963
639.0 0.0011729917787306476
640.0 0.0012583737770910375
641.0 0.0013437559573503677
642.0 0.001282947778236121
643.0 0.0012221396900713444
644.0 0.0012272210369701497
645.0 0.001232302838616306
646.0 0.0012410234376147855
647.0 0.001249744036613265
648.0 0.0013281854990054853
649.0 0.0014066270523471758
650.0 0.0012193233487778343
651.0 0.0010320198271074332
652.0 0.001165169396699639
653.0 0.001298319057241315
654.0 0.0011655020898615476
655.0 0.0010326852134312503
656.0 0.0010662009117368143
657.0 0.0010997167009918485
658.0 0.0011100984920631163
659.0 0.001120480283134384
660.0 0.0011007802640961017
661.0 0.0010810798812599387
662.0 0.0011847161658806726
663.0 0.0012883524505014066
664.0 0.0012218471965752542
665.0 0.0011553419426491018
666.0 0.001159738894784823
667.0 0.001164135665021604
668.0 0.001170152063423302
669.0 0.0011761687346734107
670.0 0.0010516449947317597
671.0 0.0009271213457395788
672.0 0.0009578250683262013
673.0 0.000988528972811764
674.0 0.0010231607120658737
675.0 0.0010577926332189236
676.0 0.0010805058082041796
677.0 0.0011032188012904953
678.0 0.0010710480637499131
679.0 0.0010388770533609204
680.0 0.0010380877029092517
681.0 0.0010372986253059935
682.0 0.0009928037798090372
683.0 0.0009483092071604915
684.0 0.0009538382983009797
685.0 0.000959367480390938
686.0 0.0010216247574135195
687.0 0.001083882034436101
688.0 0.001041619816533057
689.0 0.0009993575076805428
690.0 0.0010022594324254896
691.0 0.0010051613571704365
692.0 0.0010081294931296725
693.0 0.0010110976290889084
694.0 0.0010145948181161657
695.0 0.001018092007143423
696.0 0.0010442010534461588
697.0 0.0010703100997488946
698.0 0.0010568204743321985
699.0 0.0010433308489155024
700.0 0.001058803445630474
701.0 0.001074275769497035
702.0 0.0010935468708339613
703.0 0.0011128177902719472
704.0 0.001136514765676111
705.0 0.0011602117410802748
706.0 0.0010595695130177774
707.0 0.0009589272849552799
708.0 0.001057707140716957
709.0 0.0011564871783775743
710.0 0.0011324868864903692
711.0 0.0011084865946031641
712.0 0.0011248564078414347
713.0 0.001141226130130235
714.0 0.001251144931302406
715.0 0.0013610635505756363
716.0 0.0013950889297120739
717.0 0.0014291146726463921
718.0 0.0015357814845629036
719.0 0.0016424486602772959
720.0 0.0013476759704644792
721.0 0.0010529030987527221
722.0 0.0012113624507037457
723.0 0.0013698218936042394
724.0 0.0014420166735362727
725.0 0.0015142112715693656
726.0 0.0015792740668985061
727.0 0.0016443367712781765
728.0 0.0016893243810045533
729.0 0.0017343121726298705
730.0 0.0017618613128433935
731.0 0.0017894104530569166
732.0 0.0017463027688791044
733.0 0.0017031952666002326
734.0 0.0015958146832417697
735.0 0.0014884345546306577
736.0 0.0012866384167864453
737.0 0.0010848421879927628
738.0 0.0009928305189532693
739.0 0.0009008188499137759
740.0 0.0010260324415867217
741.0 0.0011512461242091376
742.0 0.0011110372724942863
743.0 0.0010708288755267859
744.0 0.0009635054084355943
745.0 0.0008561821232433431
746.0 0.0007953157364681829
747.0 0.0007344493951677578
748.0 0.0007861282938392833
749.0 0.0008378073289350141
750.0 0.0008160443940141704
751.0 0.0007942815500427969
752.0 0.0008345853530045133
753.0 0.0008748891559662297
754.0 0.0007960330549394712
755.0 0.0007171768174885074
756.0 0.0008060412255872507
757.0 0.0008949055882112589
758.0 0.0008299675755552016
759.0 0.0007650297447980847
760.0 0.0008139357305481099
761.0 0.0008628418981970754
762.0 0.0008093228643701877
763.0 0.0007558036486443598
764.0 0.000653532515570987
765.0 0.0005512613370228792
766.0 0.0005589041847997578
767.0 0.0005665470325766364
768.0 0.0005657488600263605
769.0 0.0005649506420013495
770.0 0.0005233117008174304
771.0 0.0004816728051082464
772.0 0.0005176613740331959
773.0 0.0005536498974834103
774.0 0.0006054831374058267
775.0 0.0006573164228029782
776.0 0.0005712609890906606
777.0 0.0004852054189541377
778.0 0.0005676852197211701
779.0 0.0006501651114376727
780.0 0.0006352267064357875
781.0 0.0006202884378581075
782.0 0.0005600189069809858
783.0 0.000499749376103864
784.0 0.000483215171698248
785.0 0.00046668101276736706
786.0 0.0005066028279543389
787.0 0.0005465247340907808
788.0 0.0005222062100074254
789.0 0.0004978875494998647
790.0 0.00038233142731769476
791.0 0.0002667753506102599
792.0 0.0002863367399186245
793.0 0.00030589815196435666
794.0 0.00029754173738183454
795.0 0.0002891853227993124
796.0 0.00037586703456327086
797.0 0.00046254881453933194
798.0 0.00046343188842001837
799.0 0.0004643150077754399
800.0 0.0003723037707459298
801.0 0.00028029255645378726
802.0 0.00033689409519865876
803.0 0.0003934956566808978
804.0 0.0003930269940610742
805.0 0.00039255833144125063
806.0 0.00047606522457499523
807.0 0.0005595721177087398
808.0 0.0005113032329973066
809.0 0.0004630343482858734
810.0 0.000458592148788739
811.0 0.0004541499038168695
812.0 0.0003324501221868559
813.0 0.00021075031781947473
814.0 0.0002668521801751922
815.0 0.0003229540652682772
816.0 0.0003718646667039138
817.0 0.00042077526813955046
818.0 0.0004896045084024081
819.0 0.0005584337486652657
820.0 0.0004253424776834436
821.0 0.0002922512521763565
822.0 0.00041373723433935083
823.0 0.0005352232165023452
824.0 0.00032244402063952293
825.0 0.00010966481340801693
826.0 0.0003192484882674762
827.0 0.0005288321517582517
828.0 0.0004866621111432323
829.0 0.00044449202505347785
830.0 0.00031842855605646037
831.0 0.00019236508705944289
832.0 0.00034056561162287835
833.0 0.0004887661816610489
834.0 0.0005040734322392382
835.0 0.0005193808192416327
836.0 0.00048557139962213114
837.0 0.00045176198000262957
838.0 0.0004877928859059466
839.0 0.0005238237918092636
840.0 0.0004551860911305994
841.0 0.0003865484814014053
842.0 0.00041704838622536045
843.0 0.0004475482000998454
844.0 0.0004505337983573554
845.0 0.0004535194420896005
846.0 0.00039633891901758034
847.0 0.00033915837320819264
848.0 0.0004083310614078073
849.0 0.00047750377234478947
850.0 0.0004529535090114223
851.0 0.00042840338210226037
852.0 0.0002810817022691481
853.0 0.00013376004517340334
854.0 0.0001968515562111861
855.0 0.0002599430899863364
856.0 0.0003287620984337991
857.0 0.0003975811068812618
858.0 0.0004664189873437863
859.0 0.0005352568678063108
860.0 0.000471515386379906
861.0 0.0004077738594787661
862.0 0.0003572982450350537
863.0 0.00030682260785397375
864.0 0.0003344971673868713
865.0 0.0003621717041824013
866.0 0.000308606649923604
867.0 0.0002550415501900716
868.0 0.000293542439067096
869.0 0.0003320432824693853
870.0 0.0003731917104232707
871.0 0.0004143401383771561
872.0 0.00042522115109022707
873.0 0.0004361022092780331
874.0 0.00046790905798843596
875.0 0.0004997159521735739
876.0 0.000455619374406524
877.0 0.0004115229330636794
878.0 0.0005440612312668236
879.0 0.0006765994385204976
880.0 0.0006308813681243919
881.0 0.0005851630703546107
882.0 0.0005947476893197745
883.0 0.0006043321718607331
884.0 0.0005106720891490113
885.0 0.00041701200643728953
886.0 0.00046307504817377776
887.0 0.0005091379989607958
888.0 0.0005639692517434014
889.0 0.0006188004135765368
890.0 0.0005667916866514133
891.0 0.0005147829142515548
892.0 0.0004991872629034333
893.0 0.00048359152060584165
894.0 0.0005378403784561669
895.0 0.0005920892363064922
896.0 0.000562731202080613
897.0 0.0005333732588042039
898.0 0.0005097765551909106
899.0 0.0004861798970523523
900.0 0.00037414292819448747
901.0 0.00026210598207399016
902.0 0.0003292606152172084
903.0 0.0003964152256230591
904.0 0.00030508936106343754
905.0 0.00021376354197855107
