lsstCam/transmission_filter_detector/r41_s20/g_6/19700101T000000.ecsv
# %ECSV 1.0
# ---
# datatype:
# - {name: wavelength, unit: nm, datatype: float32}
# - {name: efficiency, unit: '%', datatype: float64}
# meta: !!omap
# - {MODE: DETECTOR}
# - {TYPE: transmission_filter_detector}
# - {CALIBDATE: '1970-01-01T00:00:00'}
# - {INSTRUME: LSSTCam}
# - {OBSTYPE: transmission_filter_detector}
# - {CALIBCLS: lsst.ip.isr.IntermediateFilterDetectorTransmissionCurve}
# - {SOURCE: Materion (DM-46256)}
# - {DETECTOR: 168}
# - {FILTER: g_6}
# - {CALIB_ID: 'calibDate=1970-01-01T00:00:00 filter=g_6 detector=168'}
# - {DATE: '2025-04-02T15:59:42.804780'}
# - {CALIB_CREATION_DATE: '2025-04-02'}
# - {CALIB_CREATION_TIME: '15:59:42'}
# - __serialized_columns__:
#     efficiency:
#       __class__: astropy.units.quantity.Quantity
#       unit: !astropy.units.Unit {unit: '%'}
#       value: !astropy.table.SerializedColumn {name: efficiency}
#     wavelength:
#       __class__: astropy.units.quantity.Quantity
#       unit: !astropy.units.Unit {unit: nm}
#       value: !astropy.table.SerializedColumn {name: wavelength}
# schema: astropy-2.0
wavelength efficiency
300.0 0.3606712445616722
301.0 0.30153291299939156
302.0 0.2423945814371109
303.0 0.23004026152193546
304.0 0.2176859648898244
305.0 0.22101253271102905
306.0 0.22433912381529808
307.0 0.20987363532185555
308.0 0.19540817011147738
309.0 0.19026710651814938
310.0 0.1851260312832892
311.0 0.18328424775972962
312.0 0.18144246423617005
313.0 0.18111285753548145
314.0 0.18078323919326067
315.0 0.18089038785547018
316.0 0.18099751323461533
317.0 0.1765144756063819
318.0 0.17203142633661628
319.0 0.15760663663968444
320.0 0.14318183530122042
321.0 0.13353078393265605
322.0 0.12387970928102732
323.0 0.10828833328559995
324.0 0.09269695146940649
325.0 0.08263697964139283
326.0 0.07257700781337917
327.0 0.06835885578766465
328.0 0.06414070376195014
329.0 0.058630312560126185
330.0 0.053119921358302236
331.0 0.04992487374693155
332.0 0.046729823225177824
333.0 0.045195603161118925
334.0 0.043661383097060025
335.0 0.041382183553650975
336.0 0.039102984010241926
337.0 0.03940440365113318
338.0 0.03970582620240748
339.0 0.03917607537005097
340.0 0.038646324537694454
341.0 0.03704224363900721
342.0 0.03543816565070301
343.0 0.03210507857147604
344.0 0.02877199149224907
345.0 0.025410923990420997
346.0 0.02204985066782683
347.0 0.020597627735696733
348.0 0.01914540189318359
349.0 0.01705009490251541
350.0 0.8058524690568447
351.0 0.5575440358370543
352.0 0.5657654255628586
353.0 0.6026641465723515
354.0 0.6824060343205929
355.0 0.88510662317276
356.0 0.6242258939892054
357.0 0.8456586860120296
358.0 0.47739269211888313
359.0 0.8915322832763195
360.0 0.4252124112099409
361.0 0.6429907865822315
362.0 0.5409677512943745
363.0 0.7091354113072157
364.0 0.37861603777855635
365.0 0.7267178501933813
366.0 0.502856308594346
367.0 0.6072540767490864
368.0 0.4235196392983198
369.0 0.579014839604497
370.0 0.4053560085594654
371.0 0.45928494073450565
372.0 0.45296032913029194
373.0 0.5850724875926971
374.0 0.4223383963108063
375.0 0.47234571538865566
376.0 0.3617373760789633
377.0 0.5573726259171963
378.0 0.38740390446037054
379.0 0.47470112331211567
380.0 0.31093452125787735
381.0 0.4640737548470497
382.0 0.5101384129375219
383.0 0.5621731281280518
384.0 0.5530820693820715
385.0 0.5355948582291603
386.0 0.7265007123351097
387.0 0.8375056087970734
388.0 1.0284160263836384
389.0 1.5484659932553768
390.0 2.245941385626793
391.0 3.499504178762436
392.0 5.475733429193497
393.0 8.728870749473572
394.0 13.000430166721344
395.0 18.51136088371277
396.0 25.26608109474182
397.0 33.528801798820496
398.0 42.780449986457825
399.0 52.49667763710022
400.0 61.84070110321045
401.0 70.23962140083313
402.0 77.55023241043091
403.0 83.18997621536255
404.0 87.11633086204529
405.0 89.9242103099823
406.0 91.45625829696655
407.0 92.53852367401123
408.0 93.20397973060608
409.0 93.40042471885681
410.0 93.32972168922424
411.0 93.11879277229309
412.0 92.74323582649231
413.0 92.55524277687073
414.0 92.50580072402954
415.0 92.77790188789368
416.0 93.29551458358765
417.0 93.68829131126404
418.0 94.23617124557495
419.0 94.71259713172913
420.0 95.13698220252991
421.0 95.64193487167358
422.0 95.6724762916565
423.0 95.7198977470398
424.0 95.55910229682922
425.0 95.46748399734497
426.0 95.38223147392273
427.0 95.40283679962158
428.0 95.2072262763977
429.0 95.09790539741516
430.0 95.09307146072388
431.0 95.23523449897766
432.0 95.29382586479187
433.0 95.35624980926514
434.0 95.40408849716187
435.0 95.44478058815002
436.0 95.48346400260925
437.0 95.47988772392273
438.0 95.61624526977539
439.0 95.73005437850952
440.0 95.75446844100952
441.0 95.88600397109985
442.0 95.78285217285156
443.0 95.64006924629211
444.0 95.49298882484436
445.0 95.2004075050354
446.0 95.161372423172
447.0 95.02944350242615
448.0 95.18989324569702
449.0 95.43639421463013
450.0 95.78563570976257
451.0 95.94624638557434
452.0 96.17024660110474
453.0 96.14896774291992
454.0 96.26746773719788
455.0 96.4917242527008
456.0 96.56786322593689
457.0 96.7370092868805
458.0 96.76223993301392
459.0 96.66566252708435
460.0 96.75821661949158
461.0 96.80486917495728
462.0 96.68408632278442
463.0 96.58722877502441
464.0 96.70243859291077
465.0 96.57678008079529
466.0 96.57227993011475
467.0 96.54037952423096
468.0 96.60777449607849
469.0 96.62195444107056
470.0 96.4636504650116
471.0 96.32107615470886
472.0 96.36427164077759
473.0 96.25957012176514
474.0 96.1626648902893
475.0 96.25584483146667
476.0 96.35564088821411
477.0 96.44488096237183
478.0 96.57289981842041
479.0 96.60671353340149
480.0 96.78444862365723
481.0 96.81178331375122
482.0 97.02313542366028
483.0 96.94164395332336
484.0 97.11315035820007
485.0 97.09665775299072
486.0 97.12907671928406
487.0 97.181236743927
488.0 97.12285995483398
489.0 97.25133180618286
490.0 97.25035429000854
491.0 97.36288189888
492.0 97.2554087638855
493.0 97.30004668235779
494.0 97.29467034339905
495.0 97.3022997379303
496.0 97.13584780693054
497.0 97.04403281211853
498.0 96.81781530380249
499.0 96.92489504814148
500.0 96.86551690101624
501.0 96.86802625656128
502.0 96.7961847782135
503.0 96.96165919303894
504.0 96.79524302482605
505.0 96.81127071380615
506.0 96.81551456451416
507.0 96.83502912521362
508.0 96.77397012710571
509.0 96.74232602119446
510.0 96.72583341598511
511.0 96.69238924980164
512.0 96.62823677062988
513.0 96.75728678703308
514.0 96.72349691390991
515.0 96.76124453544617
516.0 96.92159295082092
517.0 96.8854546546936
518.0 96.95229530334473
519.0 96.91094756126404
520.0 96.9463586807251
521.0 97.05505967140198
522.0 97.0055341720581
523.0 96.96706533432007
524.0 97.05168008804321
525.0 96.97160720825195
526.0 97.01780676841736
527.0 97.0388412475586
528.0 97.09659814834595
529.0 97.17008471488953
530.0 97.18827605247498
531.0 97.30606079101562
532.0 97.08917737007141
533.0 97.06365466117859
534.0 96.97505235671997
535.0 96.62562012672424
536.0 95.9627091884613
537.0 95.09650468826294
538.0 93.86515021324158
539.0 91.78090691566467
540.0 89.48656916618347
541.0 86.00095510482788
542.0 82.57524967193604
543.0 78.16171646118164
544.0 72.9490578174591
545.0 68.4785008430481
546.0 63.49896192550659
547.0 59.27818417549133
548.0 55.375105142593384
549.0 52.18893885612488
550.0 49.75754916667938
551.0 47.305938601493835
552.0 45.06666362285614
553.0 42.24316477775574
554.0 38.519009947776794
555.0 34.287530183792114
556.0 28.914079070091248
557.0 23.215125501155853
558.0 17.654122412204742
559.0 12.739397585391998
560.0 8.600087463855743
561.0 5.215553566813469
562.0 2.9954155907034874
563.0 1.5997521579265594
564.0 0.8138296194374561
565.0 0.37713199853897095
566.0 0.22194222547113895
567.0 0.12491024099290371
568.0 0.09717242210172117
569.0 0.06263579707592726
570.0 0.058993190759792924
571.0 0.04359513986855745
572.0 0.03568152023945004
573.0 0.03088971716351807
574.0 0.03881732118315995
575.0 0.03233871539123356
576.0 0.02402460522716865
577.0 0.024194740399252623
578.0 0.02333082229597494
579.0 0.016500550555065274
580.0 0.035009405110031366
581.0 0.023489912564400584
582.0 0.033668417017906904
583.0 0.014834068133495748
584.0 0.029344187350943685
585.0 0.0094569732027594
586.0 0.011454780906205997
587.0 0.00721895121387206
588.0 0.019474566215649247
589.0 0.007203950372058898
590.0 0.015316058124881238
591.0 0.00769464677432552
592.0 0.013400604075286537
593.0 0.008374232129426673
594.0 0.009486835187999532
595.0 0.010855095752049237
596.0 0.01526644773548469
597.0 0.005039968164055608
598.0 0.016584913828410208
599.0 2.672510650281179e-10
600.0 0.00029173581879149424
601.0 0.002143091296602506
602.0 0.0020841796867898665
603.0 0.0020252678950782865
604.0 0.0020205570763209835
605.0 0.0020158458937657997
606.0 0.001960668305400759
607.0 0.0019054907170357183
608.0 0.001887568760139402
609.0 0.001869646985142026
610.0 0.0018079765141010284
611.0 0.0017463062249589711
612.0 0.0018008900951826945
613.0 0.001855474511103239
614.0 0.001753764991008211
615.0 0.001652055470913183
616.0 0.0016560803487664089
617.0 0.0016601050447206944
618.0 0.001538722608529497
619.0 0.0014173398085404187
620.0 0.0014232353350962512
621.0 0.0014291307707026135
622.0 0.001441729000362102
623.0 0.001454327502870001
624.0 0.0013849514289177023
625.0 0.0013155756278138142
626.0 0.0013974326066090725
627.0 0.0014792899492022116
628.0 0.0013545291949412785
629.0 0.0012297688044782262
630.0 0.0013064708582533058
631.0 0.0013831730939273257
632.0 0.001315323152084602
633.0 0.0012474733921408188
634.0 0.0011825873116322327
635.0 0.001117701322073117
636.0 0.0012001357390545309
637.0 0.0012825703379348852
638.0 0.0011428863217588514
639.0 0.0010032023965322878
640.0 0.0011875318705278914
641.0 0.0013718615264224354
642.0 0.0012557784430100583
643.0 0.0011396959052945022
644.0 0.0011135402019135654
645.0 0.001087384680431569
646.0 0.0011315947631374002
647.0 0.0011758048458432313
648.0 0.001152514960267581
649.0 0.001129225165641401
650.0 0.0010300459507561754
651.0 0.0009308669177698903
652.0 0.0010775166629173327
653.0 0.001224166317115305
654.0 0.0010736776857811492
655.0 0.0009231887815985829
656.0 0.0009578688150213566
657.0 0.0009925488484441303
658.0 0.0010138565812667366
659.0 0.0010351642231398728
660.0 0.0010593770639388822
661.0 0.0010835899956873618
662.0 0.0011325209015922155
663.0 0.0011814520803454798
664.0 0.001055285338225076
665.0 0.0009291181413573213
666.0 0.0009158959983324166
667.0 0.0009026735824591015
668.0 0.000877652746567037
669.0 0.0008526318197255023
670.0 0.0009554073585604783
671.0 0.0010581828973954543
672.0 0.0010969779395963997
673.0 0.0011357734365446959
674.0 0.0010747152373369318
675.0 0.0010136570381291676
676.0 0.0010479649063199759
677.0 0.0010822725926118437
678.0 0.0010177082003792748
679.0 0.000953143899096176
680.0 0.00104924947663676
681.0 0.0011453553270257544
682.0 0.001012986740533961
683.0 0.0008806186087895185
684.0 0.0008345563401235268
685.0 0.0007884941624070052
686.0 0.0008475431059196126
687.0 0.0009065919584827498
688.0 0.0008865423296811059
689.0 0.0008664924280310515
690.0 0.0008975035598268732
691.0 0.0009285146006732248
692.0 0.000895852645044215
693.0 0.0008631907803646754
694.0 0.0008997114491648972
695.0 0.0009362320270156488
696.0 0.0009686154044175055
697.0 0.001000998690869892
698.0 0.0010182944606640376
699.0 0.0010355902304581832
700.0 0.0009978256457543466
701.0 0.0009600609701010399
702.0 0.0009505834896117449
703.0 0.0009411061910213903
704.0 0.0009448845958104357
705.0 0.0009486632734478917
706.0 0.0009381073141412344
707.0 0.0009275511729356367
708.0 0.0010277630281052552
709.0 0.001127975065173814
710.0 0.0010633676538418513
711.0 0.0009987600606109481
712.0 0.001047563273459673
713.0 0.001096366577257868
714.0 0.0011798680134234019
715.0 0.0012633691767405253
716.0 0.001352941217191983
717.0 0.0014425131666939706
718.0 0.0014736033335793763
719.0 0.0015046935004647821
720.0 0.0012733305993606336
721.0 0.0010419677892059553
722.0 0.0010996257515216712
723.0 0.001157283713837387
724.0 0.0012131628864153754
725.0 0.001269042149942834
726.0 0.0012365650036372244
727.0 0.0012040877663821448
728.0 0.0013686529200640507
729.0 0.0015332179827964865
730.0 0.0016448218957521021
731.0 0.0017564256268087775
732.0 0.0016488296751049347
733.0 0.001541233723401092
734.0 0.0015430221537826583
735.0 0.0015448109479621053
736.0 0.0014252842447604053
737.0 0.0013057575415587053
738.0 0.0011916936273337342
739.0 0.001077629713108763
740.0 0.00116987403089297
741.0 0.001262118348677177
742.0 0.0013804042282572482
743.0 0.0014986901987867896
744.0 0.0013128924365446437
745.0 0.0011270949471509084
746.0 0.0011305805855954532
747.0 0.001134066314989468
748.0 0.001045493900164729
749.0 0.0009569215762894601
750.0 0.0009064430742000695
751.0 0.000855964572110679
752.0 0.0007898527655925136
753.0 0.000723740868124878
754.0 0.0007141795776988147
755.0 0.0007046184236969566
756.0 0.0006585955816262867
757.0 0.000612572830505087
758.0 0.0006399683570634807
759.0 0.0006673640200460795
760.0 0.00061918935898575
761.0 0.0005710146979254205
762.0 0.0005274876002658857
763.0 0.0004839602752326755
764.0 0.0004605254616762977
765.0 0.00043709060264518484
766.0 0.0005266240350465523
767.0 0.0006161576493468601
768.0 0.0005967312517896062
769.0 0.0005773048542323522
770.0 0.0006191598004079424
771.0 0.0006610146101593273
772.0 0.0006039035724825226
773.0 0.0005467925348057179
774.0 0.0005775526460638503
775.0 0.0006083128937461879
776.0 0.0006286187272053212
777.0 0.0006489246061391896
778.0 0.0006431175279431045
779.0 0.0006373103587975493
780.0 0.0006858406777610071
781.0 0.0007343709967244649
782.0 0.0006995924650254892
783.0 0.0006648138423770433
784.0 0.000613064230492455
785.0 0.0005613146640826017
786.0 0.0005832655460835667
787.0 0.0006052166554582072
788.0 0.0005503751708602067
789.0 0.000495533595312736
790.0 0.000347442573911394
791.0 0.00019935152977268444
792.0 0.0002310565605512238
793.0 0.0002627615913297632
794.0 0.0003063924850721378
795.0 0.00035002335607714485
796.0 0.0003838412339973729
797.0 0.00041765915739233606
798.0 0.00041042676457436755
799.0 0.00040319437175639905
800.0 0.0003197254045517184
801.0 0.00023625643734703772
802.0 0.00025892816211126046
803.0 0.00028159986413811566
804.0 0.0004244086539983982
805.0 0.0005672175120707834
806.0 0.00034097624848072883
807.0 0.00011473495078462292
808.0 0.0003297189095974318
809.0 0.0005447027888294542
810.0 0.0004910885763820261
811.0 0.00043747431845986284
812.0 0.00034636466352822026
813.0 0.00025525494038447505
814.0 0.000459503735328326
815.0 0.0006637524620600743
816.0 0.00041832558963506017
817.0 0.0001728987285787298
818.0 0.00023360692011920037
819.0 0.00029431514576572226
820.0 0.0002901841980929021
821.0 0.0002860532504200819
822.0 0.00041055982364923693
823.0 0.0005350663741410244
824.0 0.0003630295395851135
825.0 0.00019099268229183508
826.0 0.00027116502678836696
827.0 0.00035133737128489884
828.0 0.00031981301162886666
829.0 0.00028828867471020203
830.0 0.0003921426923625404
831.0 0.0004959966645401437
832.0 0.00044681996769213583
833.0 0.000397643270844128
834.0 0.00051909473768319
835.0 0.0006405463409464573
836.0 0.0004476291906030383
837.0 0.00025471199478488415
838.0 0.00030149335543683264
839.0 0.0003482747615635162
840.0 0.0003921706593246199
841.0 0.0004360666480351938
842.0 0.000388799844586174
843.0 0.00034153310934925685
844.0 0.0002952979912151932
845.0 0.00024906294129323214
846.0 0.000276948503596941
847.0 0.00030483404316328233
848.0 0.00044344428715703543
849.0 0.0005820544629386859
850.0 0.0005687503744411515
851.0 0.0005554464678425575
852.0 0.0003670246314868564
853.0 0.00017860285197457415
854.0 0.0002163525095966179
855.0 0.0002541021785873454
856.0 0.00029439147510856856
857.0 0.00033468079436715925
858.0 0.0003729953732545255
859.0 0.00041130997487925924
860.0 0.00039689684854238294
861.0 0.00038248367673077155
862.0 0.0003296637714811368
863.0 0.0002768438434941345
864.0 0.0003031088908755919
865.0 0.0003293739382570493
866.0 0.00032656134862918407
867.0 0.0003237487362639513
868.0 0.00035777704852080205
869.0 0.0003918053607776528
870.0 0.00031835820664127823
871.0 0.00024491105250490364
872.0 0.00037470335882971995
873.0 0.0005044957106292713
874.0 0.000433148852607701
875.0 0.0003618020400608657
876.0 0.00031121483061724575
877.0 0.0002606275756988907
878.0 0.0003420649591134861
879.0 0.0004235022970533464
880.0 0.0005211099050939083
881.0 0.0006187173767102649
882.0 0.00065111530602735
883.0 0.0006835130534454947
884.0 0.0005990349563944619
885.0 0.0005145568593434291
886.0 0.00046093746277620085
887.0 0.0004073181116837077
888.0 0.0005766858976130607
889.0 0.0007460535925929435
890.0 0.0007170337084971834
891.0 0.0006880137334519532
892.0 0.0005859263637830736
893.0 0.0004838389031647239
894.0 0.00048241759031952824
895.0 0.0004809962774743326
896.0 0.0005047449121775571
897.0 0.0005284935923555167
898.0 0.0004555693521979265
899.0 0.00038264511204033624
900.0 0.00038782636693213135
901.0 0.00039300766729866154
902.0 0.0003320637461001752
903.0 0.0002711198476390564
904.0 0.00029216432722023455
905.0 0.0003132088068014127
