lsstCam/transmission_filter_detector/r41_s20/g_6/19700101T000000.ecsv
# %ECSV 1.0
# ---
# datatype:
# - {name: wavelength, unit: nm, datatype: float32}
# - {name: efficiency, unit: '%', datatype: float64}
# meta: !!omap
# - {MODE: DETECTOR}
# - {TYPE: transmission_filter_detector}
# - {CALIBDATE: '1970-01-01T00:00:00'}
# - {INSTRUME: LSSTCam}
# - {OBSTYPE: transmission_filter_detector}
# - {CALIBCLS: lsst.ip.isr.IntermediateFilterDetectorTransmissionCurve}
# - {SOURCE: Materion (DM-46256)}
# - {DETECTOR: 168}
# - {FILTER: g_6}
# - {CALIB_ID: 'calibDate=1970-01-01T00:00:00 filter=g_6 detector=168'}
# - {DATE: '2025-04-02T15:59:42.804780'}
# - {CALIB_CREATION_DATE: '2025-04-02'}
# - {CALIB_CREATION_TIME: '15:59:42'}
# - __serialized_columns__:
#     efficiency:
#       __class__: astropy.units.quantity.Quantity
#       unit: !astropy.units.Unit {unit: '%'}
#       value: !astropy.table.SerializedColumn {name: efficiency}
#     wavelength:
#       __class__: astropy.units.quantity.Quantity
#       unit: !astropy.units.Unit {unit: nm}
#       value: !astropy.table.SerializedColumn {name: wavelength}
# schema: astropy-2.0
wavelength efficiency
[from data line 607]
907.0 0.00032598879897705046
908.0 0.0002882958824557136
909.0 0.0002506029659343767
910.0 0.00033151281968457624
911.0 0.0004124227416468784
912.0 0.00037512133985728724
913.0 0.0003378200062797987
914.0 0.0003371944785612868
915.0 0.0003365689735801425
916.0 0.00036473754789767554
917.0 0.0003929060767404735
918.0 0.0003297756620668224
919.0 0.00026664522465580376
920.0 0.0002661167172846035
921.0 0.00026558816443866817
922.0 0.00037883810364292003
923.0 0.0004920879746350693
924.0 0.0003933347670681542
925.0 0.0002945815595012391
926.0 0.0004505322067416273
927.0 0.0006064828085072804
928.0 0.000553426070837304
929.0 0.0005003691967431223
930.0 0.00046656773520226125
931.0 0.0004327663191361353
932.0 0.000468324606117676
933.0 0.0005038828021497466
934.0 0.0004918988906865707
935.0 0.00047991507017286494
936.0 0.00040981390156957787
937.0 0.00033971282391576096
938.0 0.0005560491899814224
939.0 0.0007723855560470838
940.0 0.0006511786068585934
941.0 0.0005299715212458977
942.0 0.0005271176632959396
943.0 0.0005242638053459814
944.0 0.0006246115844987798
945.0 0.0007249593636515783
946.0 0.0007744592949165963
947.0 0.000823959089757409
948.0 0.0007433146038238192
949.0 0.0006626700724154944
950.0 0.0006372315056069056
951.0 0.0006117927568993764
952.0 0.0006035413207428064
953.0 0.0005952898845862364
954.0 0.0007295229806913994
955.0 0.000863756395119708
956.0 0.0008055208127188962
957.0 0.00074728554864123
958.0 0.0008026857358345296
959.0 0.000858085786603624
960.0 0.0006953933279874036
961.0 0.000532700778421713
962.0 0.0005999842414894374
963.0 0.0006672675681329565
964.0 0.0005530497674044454
965.0 0.0004388319212011993
966.0 0.0005470657015393954
967.0 0.0006552993909281213
968.0 0.0006725949333485914
969.0 0.0006898904302943265
970.0 0.0006950345778022893
971.0 0.0007001786343607819
972.0 0.0006959794973226963
973.0 0.000691780542183551
974.0 0.0006704562565573724
975.0 0.0006491319709311938
976.0 0.0007901333447080106
977.0 0.000931134582060622
978.0 0.0009596877134754322
979.0 0.000988240662991302
980.0 0.0009077722097572405
981.0 0.0008273038474726491
982.0 0.0010574241059657652
983.0 0.0012875444554083515
984.0 0.0014294246284407564
985.0 0.0015713045286247507
986.0 0.00156766200234415
987.0 0.0015640194760635495
988.0 0.0015686842743889429
989.0 0.0015733488908153959
990.0 0.0017350703274132684
991.0 0.0018967914002132602
992.0 0.0019184106349712238
993.0 0.001940029687830247
994.0 0.0018176800949731842
995.0 0.0016953299564193003
996.0 0.0016259717085631564
997.0 0.0015566138245048933
998.0 0.0015474446627194993
999.0 0.001538275864731986
1000.0 0.0014752684364793822
1001.0 0.0014122612810751889
1002.0 0.0013220344953879248
1003.0 0.0012318078915996011
1004.0 0.0013868132555217016
1005.0 0.0015418188922922127
1006.0 0.0014653975085821003
1007.0 0.0013889761248719878
1008.0 0.0013104634490446188
1009.0 0.0012319510460656602
1010.0 0.0013164062693249434
1011.0 0.0014008617654326372
1012.0 0.0012514278751041275
1013.0 0.0011019938028766774
1014.0 0.0011942232049477752
1015.0 0.0012864531527156942
1016.0 0.0015255792277457658
1017.0 0.0017647051208768971
1018.0 0.001971501660591457
1019.0 0.0021782978365081362
1020.0 0.002269619290018454
1021.0 0.0023609403797308914
1022.0 0.00262595549429534
1023.0 0.002890970245061908
1024.0 0.003030576044693589
1025.0 0.00317018166242633
1026.0 0.003305663267383352
1027.0 0.0034411452361382544
1028.0 0.0035572225897340104
1029.0 0.0036732999433297664
1030.0 0.003859990101773292
1031.0 0.0040466798964189366
1032.0 0.004283797898096964
1033.0 0.004520915899774991
1034.0 0.004607587106875144
1035.0 0.004694258313975297
1036.0 0.004799790985998698
1037.0 0.004905323658022098
1038.0 0.004928658017888665
1039.0 0.004951992741553113
1040.0 0.005015510760131292
1041.0 0.00507902805111371
1042.0 0.005375359978643246
1043.0 0.0056716915423749015
1044.0 0.00596998434048146
1045.0 0.006268276774790138
1046.0 0.006420099089154974
1047.0 0.006571922131115571
1048.0 0.006912532990099862
1049.0 0.007253143849084154
1050.0 0.008143950253725052
1051.0 0.009034757385961711
1052.0 0.010365826892666519
1053.0 0.011696899309754372
1054.0 0.0133949113660492
1055.0 0.015092921967152506
1056.0 0.018119982269126922
1057.0 0.021147039660718292
1058.0 0.025210273452103138
1059.0 0.029273508698679507
1060.0 0.0357008510036394
1061.0 0.04212819330859929
1062.0 0.05014165071770549
1063.0 0.05815511103719473
1064.0 0.06762972916476429
1065.0 0.07710435311309993
1066.0 0.08718225872144103
1067.0 0.09726017597131431
1068.0 0.10698772966861725
1069.0 0.11671531246975064
1070.0 0.12599204201251268
1071.0 0.1352687831968069
1072.0 0.14554475201293826
1073.0 0.1558207324706018
1074.0 0.16520887147635221
1075.0 0.17459698719903827
1076.0 0.18434341764077544
1077.0 0.1940898015163839
1078.0 0.20271448884159327
1079.0 0.21133918780833483
1080.0 0.2207369077950716
1081.0 0.230134604498744
1082.0 0.23948252201080322
1083.0 0.24883043952286243
1084.0 0.26203489396721125
1085.0 0.2752393251284957
1086.0 0.29561291448771954
1087.0 0.315986480563879
1088.0 0.35182805731892586
1089.0 0.38766954094171524
1090.0 0.43373964726924896
1091.0 0.4798096138983965
1092.0 0.5302608478814363
1093.0 0.5807120818644762
1094.0 0.6688150111585855
1095.0 0.7569179404526949
1096.0 0.8624067530035973
1097.0 0.9678955189883709
1098.0 1.0296089574694633
1099.0 1.0913221165537834
1100.0 1.1852029711008072
1101.0 1.2790841050446033
