lsstCam/transmission_sensor/r02_s01/19700101T000000.ecsv
# %ECSV 1.0
# ---
# datatype:
# - {name: amp_name, datatype: string}
# - {name: wavelength, unit: nm, datatype: float32}
# - {name: efficiency, unit: '%', datatype: float64}
# meta: !!omap
# - {MODE: AMP}
# - {TYPE: transmission_sensor}
# - {CALIBDATE: '1970-01-01T00:00:00'}
# - {INSTRUME: LSSTCam}
# - {OBSTYPE: transmission_sensor}
# - {DETECTOR: 10}
# - {PARQUETFILE: qe_raft_allvalues_nircorrected_20230725_adjust.parquet}
# - {CORRFILE: qe_corr_factor_bydetnum.parquet}
# - {CALIBCLS: lsst.ip.isr.IntermediateSensorTransmissionCurve}
# - {CALIB_ID: 'raftName=R02 detectorName=S01 detector=10 calibDate=1970-01-01T00:00:00 ccd=10 ccdnum=10 filter=None'}
# - {DATE: '2025-03-03T21:56:47.428872'}
# - {CALIB_CREATION_DATE: '2025-03-03'}
# - {CALIB_CREATION_TIME: '21:56:47'}
# - __serialized_columns__:
#     efficiency:
#       __class__: astropy.units.quantity.Quantity
#       unit: !astropy.units.Unit {unit: '%'}
#       value: !astropy.table.SerializedColumn {name: efficiency}
#     wavelength:
#       __class__: astropy.units.quantity.Quantity
#       unit: !astropy.units.Unit {unit: nm}
#       value: !astropy.table.SerializedColumn {name: wavelength}
# schema: astropy-2.0
amp_name wavelength efficiency
C00 319.994 47.382004392207115
C00 324.969 49.64625981309633
C00 349.982 59.69614309396994
C00 374.975 75.05161070832483
C00 400.019 85.07152953994007
C00 424.965 85.53327915753404
C00 450.035 84.16495203126371
C00 475.003 83.35577892858281
C00 500.018 83.33057490216211
C00 525.002 83.98850864943829
C00 550.029 85.62162622271143
C00 575.023 87.596848372873
C00 599.982 89.67059189975171
C00 619.997 90.96985680228441
C00 624.979 91.24359061350103
C00 650.012 92.78088425635771
C00 675.004 94.08511853883589
C00 700.03 95.15917326980302
C00 725.012 95.85403543685749
C00 750.022 97.70673273744605
C00 774.987 98.78748169430304
C00 799.976 99.53039639771097
C00 824.988 98.22590376826317
C00 850.022 97.46749584511696
C00 869.967 95.47067132922912
C00 875.002 94.30952327573138
C00 899.999 87.35669206926961
C00 919.999 78.61444337290108
C00 925.012 75.76800685514301
C00 949.965 61.79925839176489
C00 975.002 47.48940834561577
C00 999.976 30.970224404947285
C00 1025.028 15.004324692749123
C00 1050.014 6.168254254978868
C00 1075.002 0.9308357891716982
C00 1099.99 0.09235667186035029
C01 319.994 47.060620761972054
C01 324.969 49.2560457115523
C01 349.982 59.140993448409986
C01 374.975 74.82149954277635
C01 400.019 85.1923827326507
C01 424.965 85.76323075583656
C01 450.035 84.34643317899717
C01 475.003 83.39573152759397
C01 500.018 83.25660408600127
C01 525.002 83.86320277072147
C01 550.029 85.4752042784465
C01 575.023 87.46661110641213
C01 599.982 89.55792222722651
C01 619.997 90.86424608078268
C01 624.979 91.14889885068682
C01 650.012 92.69807645414706
C01 675.004 94.01913368341312
C01 700.03 95.10763304935938
C01 725.012 95.81730457652658
C01 750.022 97.68532793116715
C01 774.987 98.77967809613178
C01 799.976 99.5397880699015
C01 824.988 98.2492309799338
C01 850.022 97.51409707937627
C01 869.967 95.4857390363115
C01 875.002 94.3063623245734
C01 899.999 87.32360086183454
C01 919.999 78.66986639632964
C01 925.012 75.86762240726098
C01 949.965 61.92829130544081
C01 975.002 47.423058765059395
C01 999.976 30.93036868604974
C01 1025.028 15.083692301121374
C01 1050.014 6.179203607427533
C01 1075.002 0.9306317409344196
C01 1099.99 0.09233642638170277
C02 319.994 46.91137599714177
C02 324.969 49.05453507523128
C02 349.982 58.829974090721755
C02 374.975 74.85608004450701
C02 400.019 85.56689465734867
C02 424.965 86.24211485627004
C02 450.035 84.79339623179925
C02 475.003 83.76927845037592
C02 500.018 83.55837614186437
C02 525.002 84.11298629816419
C02 550.029 85.69299837229526
C02 575.023 87.66423134130795
C02 599.982 89.7523131250018
C02 619.997 91.05926005066122
C02 624.979 91.33948292988003
C02 650.012 92.9013347317333
C02 675.004 94.23423792940149
C02 700.03 95.33811653848176
C02 725.012 96.06765798699057
C02 750.022 97.95979879109127
C02 774.987 99.0766175439745
C02 799.976 99.85703814862228
C02 824.988 98.566519050856
C02 850.022 97.83423456540481
C02 869.967 95.77259535389788
C02 875.002 94.56960268975837
C02 899.999 87.49812183826822
C02 919.999 78.90286496918588
C02 925.012 76.12467004361481
C02 949.965 62.21988904976416
C02 975.002 47.53819413145661
C02 999.976 30.921609584012824
C02 1025.028 15.126846692907034
C02 1050.014 6.179962026748339
C02 1075.002 0.9332464066426257
C02 1099.99 0.09259585111122696
C03 319.994 46.49171414027865
C03 324.969 48.577140269093384
C03 349.982 58.18466895119692
C03 374.975 74.40965648096505
C03 400.019 85.37286088626672
C03 424.965 86.15130589644076
C03 450.035 84.69130358814883
C03 475.003 83.6082599023262
C03 500.018 83.33357628607413
C03 525.002 83.84667616310465
C03 550.029 85.39187218385628
C03 575.023 87.33671576976403
C03 599.982 89.40175908251801
C03 619.997 90.69584184877729
C03 624.979 90.97617870460036
C03 650.012 92.52818292784609
C03 675.004 93.86407991098602
C03 700.03 94.97398408321118
C03 725.012 95.7175978431252
C03 750.022 97.62124268581529
C03 774.987 98.7531671379823
C03 799.976 99.54664946147759
C03 824.988 98.26255104575095
C03 850.022 97.53522074336468
C03 869.967 95.4672064404598
C03 875.002 94.25625820934336
C03 899.999 87.16630554952377
C03 919.999 78.59559164255747
C03 925.012 75.82162144978408
C03 949.965 61.9709641460735
C03 975.002 47.32092812920755
C03 999.976 30.72671908878889
C03 1025.028 15.03507842999195
C03 1050.014 6.123665182687162
C03 1075.002 0.9300208728750093
C03 1099.99 0.09227581661404104
C04 319.994 46.406896550612984
C04 324.969 48.44585441787338
C04 349.982 57.961214019336865
C04 374.975 74.47095309873285
C04 400.019 85.771414276022
C04 424.965 86.67232334824679
C04 450.035 85.22255613901686
C04 475.003 84.09326074718797
C04 500.018 83.77177073878894
C04 525.002 84.23117243833528
C04 550.029 85.7407925616791
C04 575.023 87.64676252709596
C04 599.982 89.68300775117511
C04 619.997 90.96158210081556
C04 624.979 91.24697191942722
C04 650.012 92.7939079830038
C04 675.004 94.14380129314611
C04 700.03 95.26899352722187
C04 725.012 96.03544819862839
C04 750.022 97.97102928583044
C04 774.987 99.14084715969176
C04 799.976 99.95878126401966
C04 824.988 98.67098240787492
C04 850.022 97.95076424559407
C04 869.967 95.86132993952974
C04 875.002 94.63540518261433
C04 899.999 87.4931220645616
C04 919.999 78.86216012458665
C04 925.012 76.06417886051709
C04 949.965 62.138627530151226
C04 975.002 47.47501689971864
C04 999.976 30.806875035340564
C04 1025.028 15.041468718270455
C04 1050.014 6.103434335432083
C04 1075.002 0.9333529493710708
C04 1099.99 0.0926064221828645
C05 319.994 46.06617868907631
C05 324.969 48.042240466889226
C05 349.982 57.43044396942684
C05 374.975 74.11720771132994
C05 400.019 85.68631934328599
C05 424.965 86.72638625086459
C05 450.035 85.27931648793535
C05 475.003 84.12051635248524
C05 500.018 83.75573043135026
C05 525.002 84.18449521967312
C05 550.029 85.64657190216248
C05 575.023 87.49269655190572
C05 599.982 89.49314552380885
C05 619.997 90.7654739555362
C05 624.979 91.03612279999767
C05 650.012 92.58346917934955
C05 675.004 93.92323376859383
C05 700.03 95.07131250480379
C05 725.012 95.86284962758646
C05 750.022 97.82712242529936
C05 774.987 99.023527241713
C05 799.976 99.85361885049467
C05 824.988 98.59627454300657
C05 850.022 97.86650514128925
C05 869.967 95.78443372385973
C05 875.002 94.55271135700794
C05 899.999 87.40542086680831
C05 919.999 78.74661064319397
C05 925.012 75.92926855328182
C05 949.965 62.02342377779146
C05 975.002 47.43723745462859
C05 999.976 30.767325153664437
C05 1025.028 14.98482519537134
C05 1050.014 6.06960085536181
C05 1075.002 0.9319817146845895
C05 1099.99 0.09247036953699923
C06 319.994 46.33481014764249
C06 324.969 48.30635465270681
C06 349.982 57.68795890985812
C06 374.975 74.71981721490124
C06 400.019 86.64876818336764
C06 424.965 87.80278889987936
C06 450.035 86.36957869202739
C06 475.003 85.19666065453036
C06 500.018 84.80334259013048
C06 525.002 85.17296111928582
C06 550.029 86.58307966711592
C06 575.023 88.3987117760011
C06 599.982 90.3848528848502
C06 619.997 91.64756169117851
C06 624.979 91.92667519811592
C06 650.012 93.48157442710969
C06 675.004 94.84553245021695
C06 700.03 96.01554028508536
C06 725.012 96.83823861147108
C06 750.022 98.85627037419044
C06 774.987 100.10065174255472
C06 799.976 100.9690926794477
C06 824.988 99.7011865399654
C06 850.022 98.9815990482281
C06 869.967 96.87511384216738
C06 875.002 95.63881721426486
C06 899.999 88.3837884392841
C06 919.999 79.58401195152847
C06 925.012 76.73453605765695
C06 949.965 62.70795586528037
C06 975.002 47.95919331380964
C06 999.976 31.083070741209067
C06 1025.028 15.134861147796158
C06 1050.014 6.1307075121225045
C06 1075.002 0.9417859174123412
C06 1099.99 0.0934431335247108
C07 319.994 45.651645779404625
C07 324.969 47.57702596052594
C07 349.982 56.79032476539555
C07 374.975 73.76106121679742
C07 400.019 85.73206955223353
C07 424.965 86.95647462109221
C07 450.035 85.58812469950105
C07 475.003 84.47481642602884
C07 500.018 84.08265332455207
C07 525.002 84.37297453090778
C07 550.029 85.65856983937029
C07 575.023 87.37463958521947
C07 599.982 89.29966643886759
C07 619.997 90.53563633383791
C07 624.979 90.81059349394019
C07 650.012 92.342317480069
C07 675.004 93.70243829083304
C07 700.03 94.86894324473072
C07 725.012 95.71588819406139
C07 750.022 97.75202703997657
C07 774.987 99.01531332776644
C07 799.976 99.90208170262345
C07 824.988 98.66210742962367
C07 850.022 97.94910778561226
C07 869.967 95.87692193899169
C07 875.002 94.64915076108736
C07 899.999 87.30586610221262
C07 919.999 78.57504546003062
C07 925.012 75.78012636739535
C07 949.965 62.11050190344149
C07 975.002 47.40641058239803
C07 999.976 30.622441893556932
C07 1025.028 14.8647138003934
C07 1050.014 6.033305955542168
C07 1075.002 0.931265680307648
C07 1099.99 0.09239932526392636
C10 319.994 47.93760994418408
C10 324.969 50.277781381946724
C10 349.982 60.49321188127908
C10 374.975 75.95987507074415
C10 400.019 85.82596347881794
C10 424.965 86.11290337924746
C10 450.035 84.76690047053035
C10 475.003 83.97252912952189
C10 500.018 83.9466716372368
C10 525.002 84.56371057890665
C10 550.029 86.16901786074183
C10 575.023 88.16846383852752
C10 599.982 90.2366529055589
C10 619.997 91.48544896772795
C10 624.979 91.80610314769578
C10 650.012 93.29703870638224
C10 675.004 94.63174273439763
C10 700.03 95.56029493237416
C10 725.012 95.97297382261665
C10 750.022 97.46210095251561
C10 774.987 98.193640790819
C10 799.976 98.82569425048925
C10 824.988 97.47801208646946
C10 850.022 96.57814400056353
C10 869.967 94.34265247536787
C10 875.002 93.2346099210122
C10 899.999 86.74771507274065
C10 919.999 78.87162778118002
C10 925.012 76.25432982861413
C10 949.965 62.12056983681725
C10 975.002 47.04165885424433
C10 999.976 30.83625820391724
C10 1025.028 14.98163100103712
C10 1050.014 6.157003339431449
C10 1075.002 0.9285084113269726
C10 1099.99 0.09212575156871469
C11 319.994 47.50464321838439
C11 324.969 49.75915743883002
C11 349.982 59.88093716166704
C11 374.975 75.65046658239604
C11 400.019 85.78224205342613
C11 424.965 86.18995156372314
C11 450.035 84.7709960298432
C11 475.003 83.86529234179946
C11 500.018 83.74544214320628
C11 525.002 84.36156167360181
C11 550.029 85.95446830089415
C11 575.023 87.92545811981776
C11 599.982 89.98174802936505
C11 619.997 91.2556493382311
C11 624.979 91.54063643950772
C11 650.012 93.06324229729621
C11 675.004 94.3670966577602
C11 700.03 95.32889963041775
C11 725.012 95.74718616958954
C11 750.022 97.24645721726709
C11 774.987 97.97256417076773
C11 799.976 98.59004382197402
C11 824.988 97.30383303984854
C11 850.022 96.42257353419714
C11 869.967 94.20405692459504
C11 875.002 93.03829661784516
C11 899.999 86.4158076027128
C11 919.999 78.76844096212876
C11 925.012 76.21470396253517
C11 949.965 62.410746672807576
C11 975.002 47.138550365520636
C11 999.976 30.853105845636044
C11 1025.028 15.029886795668181
C11 1050.014 6.157325798240984
C11 1075.002 0.9264540066829371
C11 1099.99 0.09192191542727626
C12 319.994 47.15219336504983
C12 324.969 49.34402805159608
C12 349.982 59.3036380626804
C12 374.975 75.4133876471075
C12 400.019 85.93038124519515
C12 424.965 86.46946018955529
C12 450.035 85.04518574747684
C12 475.003 84.0787021356046
C12 500.018 83.89109664500256
C12 525.002 84.45933080473087
C12 550.029 86.01998965145962
C12 575.023 87.96544871103035
C12 599.982 90.00351756077755
C12 619.997 91.26189525614421
C12 624.979 91.55314347221451
C12 650.012 93.06627407496937
C12 675.004 94.38432232188312
C12 700.03 95.3518545185145
C12 725.012 95.78358269854797
C12 750.022 97.29865850201541
C12 774.987 98.0390049326075
C12 799.976 98.68402133140157
C12 824.988 97.41945090720377
C12 850.022 96.57559852306852
C12 869.967 94.38323574492257
C12 875.002 93.21782496642572
C12 899.999 86.50891888994802
C12 919.999 78.88127020189991
C12 925.012 76.35313234762175
C12 949.965 62.63767029265709
C12 975.002 47.33995842289782
C12 999.976 30.96019066455279
C12 1025.028 15.077203233119182
C12 1050.014 6.179959177333234
C12 1075.002 0.9269511894346518
C12 1099.99 0.09197124544314897
C13 319.994 46.80829175703433
C13 324.969 48.930794475212885
C13 349.982 58.6942849433574
C13 374.975 75.09504339298587
C13 400.019 86.02982203318659
C13 424.965 86.74130198914129
C13 450.035 85.3085704830272
C13 475.003 84.26444600833715
C13 500.018 84.00414623954194
C13 525.002 84.5090701948273
C13 550.029 86.0319040058243
C13 575.023 87.95154356531135
C13 599.982 89.98233310926688
C13 619.997 91.24576376742213
C13 624.979 91.53430693875148
C13 650.012 93.05948106935583
C13 675.004 94.38823551862917
C13 700.03 95.37553885687848
C13 725.012 95.82583002652477
C13 750.022 97.36082894041581
C13 774.987 98.12477612652876
C13 799.976 98.78896339015833
C13 824.988 97.54820647780934
C13 850.022 96.73113099723348
C13 869.967 94.5813118862354
C13 875.002 93.42442655773675
C13 899.999 86.70875786940664
C13 919.999 79.04028276171476
C13 925.012 76.50451607339188
C13 949.965 62.752083807227365
C13 975.002 47.43255681541389
C13 999.976 30.970019247059625
C13 1025.028 15.071654472102084
C13 1050.014 6.178912967086686
C13 1075.002 0.9275432704866559
C13 1099.99 0.09202999118119513
C14 319.994 46.46990661666472
C14 324.969 48.52127273690823
C14 349.982 58.09139429749561
C14 374.975 74.69030487283975
C14 400.019 85.97792468604962
C14 424.965 86.86077986416059
C14 450.035 85.43983353892635
C14 475.003 84.35251952966433
C14 500.018 84.03782252687884
C14 525.002 84.48286317428916
C14 550.029 85.94807801261565
C14 575.023 87.82540945660364
C14 599.982 89.83683057627627
C14 619.997 91.09687233006503
C14 624.979 91.38476203552999
C14 650.012 92.91587054799582
C14 675.004 94.25175993269546
C14 700.03 95.2604984709848
C14 725.012 95.73616843117831
C14 750.022 97.2957482993868
C14 774.987 98.08735380813204
C14 799.976 98.7724367825415
C14 824.988 97.54923226724763
C14 850.022 96.7512288717836
C14 869.967 94.64238814923496
C14 875.002 93.48681735090538
C14 899.999 86.77551016729805
C14 919.999 79.04184804041319
C14 925.012 76.48710044826187
C14 949.965 62.67219760530576
C14 975.002 47.397300052498
C14 999.976 30.949889079138305
C14 1025.028 15.02568960721653
C14 1050.014 6.149332239062638
C14 1075.002 0.9269229992311361
C14 1099.99 0.09196844843705397
C15 319.994 46.22840538913113
C15 324.969 48.21479344728945
C15 349.982 57.661846869823535
C15 374.975 74.43245940025614
C15 400.019 85.99301518845284
C15 424.965 87.02983756203035
C15 450.035 85.59608026647797
C15 475.003 84.47519634804303
C15 500.018 84.11612445400132
C15 525.002 84.52696452169518
C15 550.029 85.93081435629132
C15 575.023 87.75497951361496
C15 599.982 89.75501057130248
C15 619.997 91.04265745864156
C15 624.979 91.30105761736587
C15 650.012 92.86537891231131
C15 675.004 94.18340436390422
C15 700.03 95.2333112516501
C15 725.012 95.73277192837155
C15 750.022 97.33231199403147
C15 774.987 98.15263960704871
C15 799.976 98.83275320151272
C15 824.988 97.64110500871661
C15 850.022 96.8434663383862
C15 869.967 94.74950336191284
C15 875.002 93.57604583515567
C15 899.999 86.83312913996858
C15 919.999 79.0807520546652
C15 925.012 76.49772306777834
C15 949.965 62.56953887785421
C15 975.002 47.42163785672636
C15 999.976 30.987740709411046
C15 1025.028 14.972639196766519
C15 1050.014 6.140684264214869
C15 1075.002 0.9272710521648848
C15 1099.99 0.09200298192939085
C16 319.994 45.90438130089752
C16 324.969 47.87482783134085
C16 349.982 57.167648112998464
C16 374.975 74.03690739441288
C16 400.019 85.81954279677831
C16 424.965 86.92272234935248
C16 450.035 85.54025452571437
C16 475.003 84.4039989625857
C16 500.018 84.00737557666247
C16 525.002 84.33365260244015
C16 550.029 85.68831013464029
C16 575.023 87.49489250114769
C16 599.982 89.47154315808258
C16 619.997 90.71533944654502
C16 624.979 91.00656486729447
C16 650.012 92.53449723172176
C16 675.004 93.89208016343107
C16 700.03 94.92460181980807
C16 725.012 95.45179680356466
C16 750.022 97.07254411605611
C16 774.987 97.93629681529411
C16 799.976 98.66478208060349
C16 824.988 97.45431255122492
C16 850.022 96.6969380159573
C16 869.967 94.5855290205928
C16 875.002 93.43143991811851
C16 899.999 86.62021324478188
C16 919.999 78.83979791483203
C16 925.012 76.2886291880543
C16 949.965 62.380060371722266
C16 975.002 47.317440445117384
C16 999.976 30.86149642331921
C16 1025.028 14.890514304376357
C16 1050.014 6.116722107878025
C16 1075.002 0.924795901184107
C16 1099.99 0.09175739972295255
C17 319.994 45.77681868541648
C17 324.969 47.71987663785758
C17 349.982 56.94743011669922
C17 374.975 73.93181336685043
C17 400.019 85.87158451428067
C17 424.965 87.049601105208
C17 450.035 85.69467002915766
C17 475.003 84.59247067538007
C17 500.018 84.19602965202363
C17 525.002 84.46390506578159
C17 550.029 85.72881741979215
C17 575.023 87.4697264669284
C17 599.982 89.41159906268527
C17 619.997 90.64678631830638
C17 624.979 90.93436448771972
C17 650.012 92.46170417380489
C17 675.004 93.82278238804466
C17 700.03 94.87024257801922
C17 725.012 95.42925982968352
C17 750.022 97.09169218557078
C17 774.987 97.9911043650597
C17 799.976 98.74616897448111
C17 824.988 97.55260597473354
C17 850.022 96.8022827920491
C17 869.967 94.68560047912779
C17 875.002 93.50595782197976
C17 899.999 86.46720345279107
C17 919.999 78.6838779202126
C17 925.012 76.17390793665254
C17 949.965 62.52576046416026
C17 975.002 47.443563156164686
C17 999.976 30.77730000614673
C17 1025.028 14.83909565897725
C17 1050.014 6.083299418485583
C17 1075.002 0.9249779856874301
C17 1099.99 0.09177546598009467
