lsstCam/transmission_sensor/r02_s01/19700101T000000.ecsv
# %ECSV 1.0
# ---
# datatype:
# - {name: amp_name, datatype: string}
# - {name: wavelength, unit: nm, datatype: float32}
# - {name: efficiency, unit: '%', datatype: float64}
# meta: !!omap
# - {MODE: AMP}
# - {TYPE: transmission_sensor}
# - {CALIBDATE: '1970-01-01T00:00:00'}
# - {INSTRUME: LSSTCAM}
# - {OBSTYPE: transmission_sensor}
# - {DETECTOR: 10}
# - {PARQUETFILE: qe_raft_allvalues_nircorrected_20230725.parquet}
# - {CALIBCLS: lsst.ip.isr.IntermediateSensorTransmissionCurve}
# - {CALIB_ID: 'raftName=R02 detectorName=S01 detector=10 calibDate=1970-01-01T00:00:00 ccd=10 ccdnum=10 filter=None'}
# - {DATE: '2023-08-02T16:57:55.504452'}
# - {CALIB_CREATION_DATE: '2023-08-02'}
# - {CALIB_CREATION_TIME: '16:57:55'}
# - __serialized_columns__:
#     efficiency:
#       __class__: astropy.units.quantity.Quantity
#       unit: !astropy.units.Unit {unit: '%'}
#       value: !astropy.table.SerializedColumn {name: efficiency}
#     wavelength:
#       __class__: astropy.units.quantity.Quantity
#       unit: !astropy.units.Unit {unit: nm}
#       value: !astropy.table.SerializedColumn {name: wavelength}
# schema: astropy-2.0
amp_name wavelength efficiency
C00 319.994 47.57502746582031
C00 324.969 49.848506927490234
C00 349.982 59.9393310546875
C00 374.975 75.35735321044922
C00 400.019 85.4180908203125
C00 424.965 85.88172149658203
C00 450.035 84.50782012939453
C00 475.003 83.69535064697266
C00 500.018 83.6700439453125
C00 525.002 84.33065795898438
C00 550.029 85.97042846679688
C00 575.023 87.95369720458984
C00 599.982 90.035888671875
C00 619.997 91.34044647216797
C00 624.979 91.61529541015625
C00 650.012 93.15885162353516
C00 675.004 94.46839904785156
C00 700.03 95.54682922363281
C00 725.012 96.24452209472656
C00 750.022 98.10476684570312
C00 774.987 99.1899185180664
C00 799.976 99.93585968017578
C00 824.988 98.62605285644531
C00 850.022 97.86455535888672
C00 869.967 95.8595962524414
C00 875.002 94.69371795654297
C00 899.999 87.71256256103516
C00 919.999 78.93470001220703
C00 925.012 76.07666778564453
C00 949.965 62.0510139465332
C00 975.002 47.68286895751953
C00 999.976 31.096389770507812
C00 1025.028 15.065448760986328
C00 1050.014 6.193382263183594
C00 1075.002 0.93462779390767
C00 1099.99 0.09273291108661026
C01 319.994 47.25233459472656
C01 324.969 49.456703186035156
C01 349.982 59.381919860839844
C01 374.975 75.12630462646484
C01 400.019 85.53943634033203
C01 424.965 86.11260986328125
C01 450.035 84.6900405883789
C01 475.003 83.73546600341797
C01 500.018 83.59577178955078
C01 525.002 84.20484161376953
C01 550.029 85.82341003417969
C01 575.023 87.82292938232422
C01 599.982 89.92276000976562
C01 619.997 91.23440551757812
C01 624.979 91.52021789550781
C01 650.012 93.0757064819336
C01 675.004 94.40214538574219
C01 700.03 95.49507904052734
C01 725.012 96.2076416015625
C01 750.022 98.0832748413086
C01 774.987 99.18208312988281
C01 799.976 99.9452896118164
C01 824.988 98.64947509765625
C01 850.022 97.91134643554688
C01 869.967 95.87472534179688
C01 875.002 94.69054412841797
C01 899.999 87.67933654785156
C01 919.999 78.99034881591797
C01 925.012 76.17668914794922
C01 949.965 62.180572509765625
C01 975.002 47.616249084472656
C01 999.976 31.056371688842773
C01 1025.028 15.145139694213867
C01 1050.014 6.204376220703125
C01 1075.002 0.9344229144261579
C01 1099.99 0.09271258313267353
C02 319.994 47.102481842041016
C02 324.969 49.254371643066406
C02 349.982 59.06963348388672
C02 374.975 75.16102600097656
C02 400.019 85.91547393798828
C02 424.965 86.59344482421875
C02 450.035 85.13882446289062
C02 475.003 84.11053466796875
C02 500.018 83.89877319335938
C02 525.002 84.45564270019531
C02 550.029 86.0420913696289
C02 575.023 88.02135467529297
C02 599.982 90.1179428100586
C02 619.997 91.43021392822266
C02 624.979 91.71157836914062
C02 650.012 93.27979278564453
C02 675.004 94.61812591552734
C02 700.03 95.72650146484375
C02 725.012 96.45901489257812
C02 750.022 98.3588638305664
C02 774.987 99.48023223876953
C02 799.976 100.26383209228516
C02 824.988 98.96805572509766
C02 850.022 98.2327880859375
C02 869.967 96.16275024414062
C02 875.002 94.9548568725586
C02 899.999 87.85456848144531
C02 919.999 79.22429656982422
C02 925.012 76.43478393554688
C02 949.965 62.473358154296875
C02 975.002 47.73185348510742
C02 999.976 31.047576904296875
C02 1025.028 15.188469886779785
C02 1050.014 6.205137729644775
C02 1075.002 0.9370482316637356
C02 1099.99 0.09297306469715662
C03 319.994 46.68111038208008
C03 324.969 48.77503204345703
C03 349.982 58.42169952392578
C03 374.975 74.71278381347656
C03 400.019 85.72064971923828
C03 424.965 86.50226593017578
C03 450.035 85.03631591796875
C03 475.003 83.94886016845703
C03 500.018 83.67305755615234
C03 525.002 84.18824768066406
C03 550.029 85.73973846435547
C03 575.023 87.6925048828125
C03 599.982 89.76596069335938
C03 619.997 91.06531524658203
C03 624.979 91.34679412841797
C03 650.012 92.90512084960938
C03 675.004 94.2464599609375
C03 700.03 95.36088562011719
C03 725.012 96.10752868652344
C03 750.022 98.01892852783203
C03 774.987 99.15546417236328
C03 799.976 99.95217895507812
C03 824.988 98.66284942626953
C03 850.022 97.93255615234375
C03 869.967 95.85611724853516
C03 875.002 94.6402359008789
C03 899.999 87.52140045166016
C03 919.999 78.915771484375
C03 925.012 76.13050079345703
C03 949.965 62.223419189453125
C03 975.002 47.513702392578125
C03 999.976 30.851892471313477
C03 1025.028 15.096327781677246
C03 1050.014 6.148611545562744
C03 1075.002 0.9338095578348269
C03 1099.99 0.09265172645516079
C04 319.994 46.595947265625
C04 324.969 48.643211364746094
C04 349.982 58.19733428955078
C04 374.975 74.77433013916016
C04 400.019 86.1208267211914
C04 424.965 87.02540588378906
C04 450.035 85.56973266601562
C04 475.003 84.43583679199219
C04 500.018 84.113037109375
C04 525.002 84.57431030273438
C04 550.029 86.09008026123047
C04 575.023 88.00381469726562
C04 599.982 90.04835510253906
C04 619.997 91.33213806152344
C04 624.979 91.61869049072266
C04 650.012 93.17192840576172
C04 675.004 94.5273208618164
C04 700.03 95.65709686279297
C04 725.012 96.42667388916016
C04 750.022 98.3701400756836
C04 774.987 99.54472351074219
C04 799.976 100.3659896850586
C04 824.988 99.07294464111328
C04 850.022 98.34979248046875
C04 869.967 96.25184631347656
C04 875.002 95.02092742919922
C04 899.999 87.84954833984375
C04 919.999 79.18342590332031
C04 925.012 76.3740463256836
C04 949.965 62.39176559448242
C04 975.002 47.668418884277344
C04 999.976 30.932374954223633
C04 1025.028 15.102744102478027
C04 1050.014 6.128298282623291
C04 1075.002 0.9371552084220446
C04 1099.99 0.0929836788328385
C05 319.994 46.253841400146484
C05 324.969 48.237953186035156
C05 349.982 57.66440200805664
C05 374.975 74.41914367675781
C05 400.019 86.03538513183594
C05 424.965 87.0796890258789
C05 450.035 85.62672424316406
C05 475.003 84.46320343017578
C05 500.018 84.09693145751953
C05 525.002 84.5274429321289
C05 550.029 85.99547576904297
C05 575.023 87.84912109375
C05 599.982 89.85771942138672
C05 619.997 91.1352310180664
C05 624.979 91.406982421875
C05 650.012 92.96063232421875
C05 675.004 94.30585479736328
C05 700.03 95.45861053466797
C05 725.012 96.25337219238281
C05 750.022 98.22564697265625
C05 774.987 99.42692565917969
C05 799.976 100.2603988647461
C05 824.988 98.99793243408203
C05 850.022 98.26519012451172
C05 869.967 96.17463684082031
C05 875.002 94.93789672851562
C05 899.999 87.76148986816406
C05 919.999 79.0674057006836
C05 925.012 76.23858642578125
C05 949.965 62.276092529296875
C05 975.002 47.63048553466797
C05 999.976 30.892663955688477
C05 1025.028 15.045869827270508
C05 1050.014 6.094326972961426
C05 1075.002 0.9357783876499338
C05 1099.99 0.09284707194068892
C06 319.994 46.52356719970703
C06 324.969 48.503143310546875
C06 349.982 57.92296600341797
C06 374.975 75.02420806884766
C06 400.019 87.00175476074219
C06 424.965 88.16047668457031
C06 450.035 86.72142791748047
C06 475.003 85.54373168945312
C06 500.018 85.14881134033203
C06 525.002 85.51993560791016
C06 550.029 86.93579864501953
C06 575.023 88.75882720947266
C06 599.982 90.75305938720703
C06 619.997 92.02091217041016
C06 624.979 92.30116271972656
C06 650.012 93.86239624023438
C06 675.004 95.2319107055664
C06 700.03 96.40668487548828
C06 725.012 97.23273468017578
C06 750.022 99.25898742675781
C06 774.987 100.50843811035156
C06 799.976 101.38041687011719
C06 824.988 100.10734558105469
C06 850.022 99.38482666015625
C06 869.967 97.26976013183594
C06 875.002 96.02842712402344
C06 899.999 88.74384307861328
C06 919.999 79.90821838378906
C06 925.012 77.04713439941406
C06 949.965 62.96341323852539
C06 975.002 48.15456771850586
C06 999.976 31.20969581604004
C06 1025.028 15.196516990661621
C06 1050.014 6.155682563781738
C06 1075.002 0.9456225303795726
C06 1099.99 0.0938237987386956
C07 319.994 45.83761978149414
C07 324.969 47.770843505859375
C07 349.982 57.02167510986328
C07 374.975 74.0615463256836
C07 400.019 86.0813217163086
C07 424.965 87.31071472167969
C07 450.035 85.9367904663086
C07 475.003 84.8189468383789
C07 500.018 84.42518615722656
C07 525.002 84.71669006347656
C07 550.029 86.00752258300781
C07 575.023 87.73058319091797
C07 599.982 89.6634521484375
C07 619.997 90.90445709228516
C07 624.979 91.18053436279297
C07 650.012 92.71849822998047
C07 675.004 94.08415985107422
C07 700.03 95.25541687011719
C07 725.012 96.1058120727539
C07 750.022 98.1502456665039
C07 774.987 99.4186782836914
C07 799.976 100.3090591430664
C07 824.988 99.06403350830078
C07 850.022 98.34812927246094
C07 869.967 96.26750183105469
C07 875.002 95.03472900390625
C07 899.999 87.66152954101562
C07 919.999 78.8951416015625
C07 925.012 76.08883666992188
C07 949.965 62.363525390625
C07 975.002 47.59953308105469
C07 999.976 30.747190475463867
C07 1025.028 14.92526912689209
C07 1050.014 6.057884216308594
C07 1075.002 0.9350594363183801
C07 1099.99 0.09277573825005916
C10 319.994 48.132896423339844
C10 324.969 50.482601165771484
C10 349.982 60.739646911621094
C10 374.975 76.26931762695312
C10 400.019 86.17559814453125
C10 424.965 86.46370697021484
C10 450.035 85.11222076416016
C10 475.003 84.31461334228516
C10 500.018 84.28865051269531
C10 525.002 84.908203125
C10 550.029 86.52005004882812
C10 575.023 88.52764129638672
C10 599.982 90.60425567626953
C10 619.997 91.85813903808594
C10 624.979 92.18009948730469
C10 650.012 93.67710876464844
C10 675.004 95.01725006103516
C10 700.03 95.9495849609375
C10 725.012 96.36394500732422
C10 750.022 97.85913848876953
C10 774.987 98.59365844726562
C10 799.976 99.22828674316406
C10 824.988 97.87511444091797
C10 850.022 96.9715805053711
C10 869.967 94.72698211669922
C10 875.002 93.61442565917969
C10 899.999 87.10110473632812
C10 919.999 79.19293212890625
C10 925.012 76.56497192382812
C10 949.965 62.373634338378906
C10 975.002 47.23329544067383
C10 999.976 30.961877822875977
C10 1025.028 15.042662620544434
C10 1050.014 6.1820855140686035
C10 1075.002 0.9322909348763461
C10 1099.99 0.09250105008035056
C11 319.994 47.69816589355469
C11 324.969 49.96186447143555
C11 349.982 60.1248779296875
C11 374.975 75.95864868164062
C11 400.019 86.13169860839844
C11 424.965 86.54106903076172
C11 450.035 85.1163330078125
C11 475.003 84.20693969726562
C11 500.018 84.08660125732422
C11 525.002 84.70523071289062
C11 550.029 86.30462646484375
C11 575.023 88.28364562988281
C11 599.982 90.34831237792969
C11 619.997 91.62740325927734
C11 624.979 91.9135513305664
C11 650.012 93.4423599243164
C11 675.004 94.75152587890625
C11 700.03 95.71724700927734
C11 725.012 96.13723754882812
C11 750.022 97.64261627197266
C11 774.987 98.3716812133789
C11 799.976 98.9916763305664
C11 824.988 97.70022583007812
C11 850.022 96.81537628173828
C11 869.967 94.58782196044922
C11 875.002 93.41731262207031
C11 899.999 86.7678451538086
C11 919.999 79.08932495117188
C11 925.012 76.52518463134766
C11 949.965 62.66499328613281
C11 975.002 47.33058166503906
C11 999.976 30.97879409790039
C11 1025.028 15.09111499786377
C11 1050.014 6.182409286499023
C11 1075.002 0.9302281610739366
C11 1099.99 0.09229638355870684
C12 319.994 47.34428024291992
C12 324.969 49.5450439453125
C12 349.982 59.54522705078125
C12 374.975 75.7206039428711
C12 400.019 86.28044128417969
C12 424.965 86.82171630859375
C12 450.035 85.39163970947266
C12 475.003 84.42121887207031
C12 500.018 84.23284912109375
C12 525.002 84.80339813232422
C12 550.029 86.37041473388672
C12 575.023 88.32379913330078
C12 599.982 90.37017059326172
C12 619.997 91.63367462158203
C12 624.979 91.92610931396484
C12 650.012 93.44540405273438
C12 675.004 94.7688217163086
C12 700.03 95.74029541015625
C12 725.012 96.17378234863281
C12 750.022 97.69503021240234
C12 774.987 98.43839263916016
C12 799.976 99.0860366821289
C12 824.988 97.81631469726562
C12 850.022 96.96902465820312
C12 869.967 94.76773071289062
C12 875.002 93.59757232666016
C12 899.999 86.86133575439453
C12 919.999 79.2026138305664
C12 925.012 76.66417694091797
C12 949.965 62.89284133911133
C12 975.002 47.53281021118164
C12 999.976 31.086315155029297
C12 1025.028 15.13862419128418
C12 1050.014 6.205134868621826
C12 1075.002 0.9307273692305305
C12 1099.99 0.09234591453339097
C13 319.994 46.99897766113281
C13 324.969 49.130126953125
C13 349.982 58.93339157104492
C13 374.975 75.40096282958984
C13 400.019 86.38028717041016
C13 424.965 87.09466552734375
C13 450.035 85.65609741210938
C13 475.003 84.60771942138672
C13 500.018 84.34635925292969
C13 525.002 84.85334014892578
C13 550.029 86.38237762451172
C13 575.023 88.3098373413086
C13 599.982 90.3488998413086
C13 619.997 91.61747741699219
C13 624.979 91.90719604492188
C13 650.012 93.43858337402344
C13 675.004 94.77275085449219
C13 700.03 95.76407623291016
C13 725.012 96.21620178222656
C13 750.022 97.75745391845703
C13 774.987 98.5245132446289
C13 799.976 99.19140625
C13 824.988 97.94559478759766
C13 850.022 97.12519073486328
C13 869.967 94.96661376953125
C13 875.002 93.80501556396484
C13 899.999 87.0619888305664
C13 919.999 79.36227416992188
C13 925.012 76.81617736816406
C13 949.965 63.007720947265625
C13 975.002 47.62578582763672
C13 999.976 31.09618377685547
C13 1025.028 15.133052825927734
C13 1050.014 6.204084396362305
C13 1075.002 0.9313218622806329
C13 1099.99 0.09240489958767259
C14 319.994 46.65921401977539
C14 324.969 48.718936920166016
C14 349.982 58.32804489135742
C14 374.975 74.99457550048828
C14 400.019 86.32817840576172
C14 424.965 87.21463012695312
C14 450.035 85.78789520263672
C14 475.003 84.69615173339844
C14 500.018 84.38017272949219
C14 525.002 84.8270263671875
C14 550.029 86.29821014404297
C14 575.023 88.18318939208984
C14 599.982 90.20280456542969
C14 619.997 91.46797943115234
C14 624.979 91.75704193115234
C14 650.012 93.29438781738281
C14 675.004 94.6357192993164
C14 700.03 95.64856719970703
C14 725.012 96.12617492675781
C14 750.022 97.69210815429688
C14 774.987 98.4869384765625
C14 799.976 99.17481231689453
C14 824.988 97.94662475585938
C14 850.022 97.14537048339844
C14 869.967 95.02793884277344
C14 875.002 93.86766052246094
C14 899.999 87.12901306152344
C14 919.999 79.36384582519531
C14 925.012 76.79869079589844
C14 949.965 62.92750930786133
C14 975.002 47.59038543701172
C14 999.976 31.075971603393555
C14 1025.028 15.08690071105957
C14 1050.014 6.174383163452148
C14 1075.002 0.9306990641867965
C14 1099.99 0.092343106132955
C15 319.994 46.41672897338867
C15 324.969 48.41120910644531
C15 349.982 57.89674758911133
C15 374.975 74.73567962646484
C15 400.019 86.34333038330078
C15 424.965 87.3843765258789
C15 450.035 85.94477844238281
C15 475.003 84.81932830810547
C15 500.018 84.45879364013672
C15 525.002 84.87130737304688
C15 550.029 86.28087615966797
C15 575.023 88.11247253417969
C15 599.982 90.12065124511719
C15 619.997 91.41354370117188
C15 624.979 91.6729965209961
C15 650.012 93.24369049072266
C15 675.004 94.56708526611328
C15 700.03 95.62126922607422
C15 725.012 96.12276458740234
C15 750.022 97.72882080078125
C15 774.987 98.552490234375
C15 799.976 99.2353744506836
C15 824.988 98.03887176513672
C15 850.022 97.23798370361328
C15 869.967 95.13549041748047
C15 875.002 93.9572525024414
C15 899.999 87.1868667602539
C15 919.999 79.40290832519531
C15 925.012 76.80935668945312
C15 949.965 62.824432373046875
C15 975.002 47.61482238769531
C15 999.976 31.113977432250977
C15 1025.028 15.033634185791016
C15 1050.014 6.1656999588012695
C15 1075.002 0.9310485350058355
C15 1099.99 0.0923777803065678
C16 319.994 46.09138488769531
C16 324.969 48.06985855102539
C16 349.982 57.400535583496094
C16 374.975 74.33851623535156
C16 400.019 86.16915130615234
C16 424.965 87.27682495117188
C16 450.035 85.88872528076172
C16 475.003 84.74784088134766
C16 500.018 84.34960174560547
C16 525.002 84.67720794677734
C16 550.029 86.03738403320312
C16 575.023 87.85132598876953
C16 599.982 89.83602905273438
C16 619.997 91.08489227294922
C16 624.979 91.37730407714844
C16 650.012 92.91146087646484
C16 675.004 94.27457427978516
C16 700.03 95.3113021850586
C16 725.012 95.84064483642578
C16 750.022 97.4679946899414
C16 774.987 98.33526611328125
C16 799.976 99.06671905517578
C16 824.988 97.851318359375
C16 850.022 97.09085845947266
C16 869.967 94.9708480834961
C16 875.002 93.81205749511719
C16 899.999 86.97308349609375
C16 919.999 79.16097259521484
C16 925.012 76.59941101074219
C16 949.965 62.63418197631836
C16 975.002 47.51020050048828
C16 999.976 30.987218856811523
C16 1025.028 14.95117473602295
C16 1050.014 6.1416401863098145
C16 1075.002 0.9285633008456714
C16 1099.99 0.09213119765633403
C17 319.994 45.96330261230469
C17 324.969 47.914276123046875
C17 349.982 57.179420471191406
C17 374.975 74.23299407958984
C17 400.019 86.22140502929688
C17 424.965 87.40422058105469
C17 450.035 86.04376983642578
C17 475.003 84.93708038330078
C17 500.018 84.53902435302734
C17 525.002 84.80799102783203
C17 550.029 86.07805633544922
C17 575.023 87.82605743408203
C17 599.982 89.77584075927734
C17 619.997 91.01605987548828
C17 624.979 91.3048095703125
C17 650.012 92.83837127685547
C17 675.004 94.20499420166016
C17 700.03 95.25672149658203
C17 725.012 95.8180160522461
C17 750.022 97.48722076416016
C17 774.987 98.39029693603516
C17 799.976 99.1484375
C17 824.988 97.95001220703125
C17 850.022 97.1966323852539
C17 869.967 95.07132720947266
C17 875.002 93.88687896728516
C17 899.999 86.81945037841797
C17 919.999 79.0044174194336
C17 925.012 76.48422241210938
C17 949.965 62.78047561645508
C17 975.002 47.636837005615234
C17 999.976 30.902679443359375
C17 1025.028 14.89954662322998
C17 1050.014 6.108081340789795
C17 1075.002 0.9287461271181733
C17 1099.99 0.09214933751113262
