lsstcam/qe_curve/r03_s10/19700101T000000.ecsv
# %ECSV 0.9
# ---
# datatype:
# - {name: amp_name, datatype: string}
# - {name: wavelength, unit: nm, datatype: float32}
# - {name: efficiency, unit: '%', datatype: float32}
# meta: !!omap
# - {MODE: AMP}
# - {TYPE: QE}
# - {CALIBDATE: '1970-01-01T00:00:00'}
# - {INSTRUME: LSSTCAM}
# - {OBSTYPE: qe_curve}
# - {DETECTOR: 21}
# - {PICKLEFILE: RaftRun11166.p}
# - {CALIB_ID: 'raftName=R03 detectorName=S10 detector=21 calibDate=1970-01-01T00:00:00 ccd=21 ccdnum=21 filter=None'}
# - {DATE: '2020-01-23T22:57:43.972495'}
# - {CALIB_CREATION_DATE: '2020-01-23'}
# - {CALIB_CREATION_TIME: '22:57:43'}
# - __serialized_columns__:
#     efficiency:
#       __class__: astropy.units.quantity.Quantity
#       unit: !astropy.units.Unit {unit: '%'}
#       value: !astropy.table.SerializedColumn {name: efficiency}
#     wavelength:
#       __class__: astropy.units.quantity.Quantity
#       unit: !astropy.units.Unit {unit: nm}
#       value: !astropy.table.SerializedColumn {name: wavelength}
# schema: astropy-2.0
amp_name wavelength efficiency
C02 349.982 53.554977
C02 450.035 86.85436
C02 500.018 85.94062
C02 619.997 91.071144
C02 750.022 97.64197
C02 869.967 95.804306
C02 999.976 31.136168
C15 349.982 53.25739
C15 450.035 86.53982
C15 500.018 85.554794
C15 619.997 90.65378
C15 750.022 97.24198
C15 869.967 95.15761
C15 999.976 31.22074
C06 349.982 52.68125
C06 450.035 87.60769
C06 500.018 86.51794
C06 619.997 91.19095
C06 750.022 97.61037
C06 869.967 95.71438
C06 999.976 31.10854
C04 349.982 52.952843
C04 450.035 86.90631
C04 500.018 85.90277
C04 619.997 90.823586
C04 750.022 97.36487
C04 869.967 95.524704
C04 999.976 31.03786
C07 349.982 52.32382
C07 450.035 87.450005
C07 500.018 86.36524
C07 619.997 90.89567
C07 750.022 97.229126
C07 869.967 95.34389
C07 999.976 31.073269
C05 349.982 52.6656
C05 450.035 87.05432
C05 500.018 86.00762
C05 619.997 90.79732
C05 750.022 97.26681
C05 869.967 95.38854
C05 999.976 30.98235
C01 349.982 53.665203
C01 450.035 86.80888
C01 500.018 85.95838
C01 619.997 91.080055
C01 750.022 97.52124
C01 869.967 95.62161
C01 999.976 31.020403
C11 349.982 52.29324
C11 450.035 87.01322
C11 500.018 85.82584
C11 619.997 90.58419
C11 750.022 97.07313
C11 869.967 95.08482
C11 999.976 31.282831
C13 349.982 52.788216
C13 450.035 86.829704
C13 500.018 85.740776
C13 619.997 90.68113
C13 750.022 97.27132
C13 869.967 95.22756
C13 999.976 31.333977
C00 349.982 53.65461
C00 450.035 86.7681
C00 500.018 85.98462
C00 619.997 90.99219
C00 750.022 97.14302
C00 869.967 95.132935
C00 999.976 30.836613
C17 349.982 53.36559
C17 450.035 86.53849
C17 500.018 85.688675
C17 619.997 90.652016
C17 750.022 96.847275
C17 869.967 94.745575
C17 999.976 30.837093
C10 349.982 52.042366
C10 450.035 87.01884
C10 500.018 85.8321
C10 619.997 90.496765
C10 750.022 96.94477
C10 869.967 95.00636
C10 999.976 31.239246
C14 349.982 53.140366
C14 450.035 86.84254
C14 500.018 85.810265
C14 619.997 90.82155
C14 750.022 97.435555
C14 869.967 95.357346
C14 999.976 31.35621
C16 349.982 53.45913
C16 450.035 86.61074
C16 500.018 85.694145
C16 619.997 90.82505
C16 750.022 97.32103
C16 869.967 95.2189
C16 999.976 31.146254
C03 349.982 53.307205
C03 450.035 86.91968
C03 500.018 85.9588
C03 619.997 90.99948
C03 750.022 97.58427
C03 869.967 95.76241
C03 999.976 31.146679
C12 349.982 52.58293
C12 450.035 87.02517
C12 500.018 85.88358
C12 619.997 90.74986
C12 750.022 97.30404
C12 869.967 95.30038
C12 999.976 31.372435
