lsstCam/transmission_filter_detector/r20_s21/i_39/19700101T000000.ecsv
# %ECSV 1.0
# ---
# datatype:
# - {name: wavelength, unit: nm, datatype: float32}
# - {name: efficiency, unit: '%', datatype: float64}
# meta: !!omap
# - {MODE: DETECTOR}
# - {TYPE: transmission_filter_detector}
# - {CALIBDATE: '1970-01-01T00:00:00'}
# - {INSTRUME: LSSTCam}
# - {OBSTYPE: transmission_filter_detector}
# - {CALIBCLS: lsst.ip.isr.IntermediateFilterDetectorTransmissionCurve}
# - {SOURCE: Materion (DM-46256)}
# - {DETECTOR: 79}
# - {FILTER: i_39}
# - {CALIB_ID: 'calibDate=1970-01-01T00:00:00 filter=i_39 detector=79'}
# - {DATE: '2025-04-02T15:59:46.846722'}
# - {CALIB_CREATION_DATE: '2025-04-02'}
# - {CALIB_CREATION_TIME: '15:59:46'}
# - __serialized_columns__:
#     efficiency:
#       __class__: astropy.units.quantity.Quantity
#       unit: !astropy.units.Unit {unit: '%'}
#       value: !astropy.table.SerializedColumn {name: efficiency}
#     wavelength:
#       __class__: astropy.units.quantity.Quantity
#       unit: !astropy.units.Unit {unit: nm}
#       value: !astropy.table.SerializedColumn {name: wavelength}
# schema: astropy-2.0
wavelength efficiency
[from data line 597]
897.0 1.6283992383681056e-10
898.0 1.6283992383681056e-10
899.0 1.6283992383681056e-10
900.0 1.6283992383681056e-10
901.0 1.6283992383681056e-10
902.0 1.6283992383681056e-10
903.0 1.6283992383681056e-10
904.0 1.5039553602491651e-05
905.0 7.327157049985544e-05
906.0 0.00013150360018698848
907.0 6.063307864678791e-05
908.0 1.6283992383681056e-10
909.0 4.555516497362078e-06
910.0 1.9348475177594082e-05
911.0 3.282620468780806e-05
912.0 4.630390435522713e-05
913.0 5.5523133823953685e-05
914.0 6.474236329268024e-05
915.0 7.362568794633262e-05
916.0 8.250905807472009e-05
917.0 1.6283992383681056e-10
918.0 1.6283992383681056e-10
919.0 1.6283992383681056e-10
920.0 7.096432455000468e-05
921.0 3.856107184674329e-05
922.0 6.157806353712658e-06
923.0 4.107135964659392e-06
924.0 2.0564771219255817e-06
925.0 0.0001240725168827339
926.0 0.0002460885980326566
927.0 4.7901164634822635e-05
928.0 1.6283992383681056e-10
929.0 1.6283992383681056e-10
930.0 0.00011720059092112933
931.0 0.0001469188873670646
932.0 0.0001766371724443161
933.0 3.370606123098696e-05
934.0 1.6283992383681056e-10
935.0 1.6283992383681056e-10
936.0 1.6283992383681056e-10
937.0 1.6283992383681056e-10
938.0 1.6283992383681056e-10
939.0 1.6283992383681056e-10
940.0 1.6283992383681056e-10
941.0 1.6283992383681056e-10
942.0 2.7704226113201003e-05
943.0 4.540239899597509e-05
944.0 6.310062303782615e-05
945.0 1.6283992383681056e-10
946.0 1.6283992383681056e-10
947.0 1.6283992383681056e-10
948.0 1.6283992383681056e-10
949.0 1.6283992383681056e-10
950.0 1.6283992383681056e-10
951.0 1.6283992383681056e-10
952.0 1.6283992383681056e-10
953.0 1.4850382967779296e-05
954.0 4.157601267706923e-05
955.0 1.7623155201818008e-05
956.0 1.6283992383681056e-10
957.0 7.139132662814518e-06
958.0 2.0607906492386974e-05
959.0 3.1154488056017726e-05
960.0 4.170107956724678e-05
961.0 6.804551730965613e-05
962.0 9.438994084121077e-05
963.0 0.000150879122884362
964.0 0.00020736833903356455
965.0 0.0001581643232384522
966.0 0.00010896031881202362
967.0 1.6283992383681056e-10
968.0 1.6283992383681056e-10
969.0 1.6283992383681056e-10
970.0 0.0001338677066087257
971.0 1.0211216050493022e-05
972.0 1.6283992383681056e-10
973.0 1.6283992383681056e-10
974.0 8.762384027249936e-05
975.0 1.6283992383681056e-10
976.0 1.6283992383681056e-10
977.0 1.6283992383681056e-10
978.0 8.074316610873211e-05
979.0 1.6283992383681056e-10
980.0 1.6283992383681056e-10
981.0 1.6283992383681056e-10
982.0 0.00013008917676415876
983.0 1.6283992383681056e-10
984.0 1.6283992383681056e-10
985.0 1.6283992383681056e-10
986.0 0.00016161826579264016
987.0 1.6283992383681056e-10
988.0 1.6283992383681056e-10
989.0 1.6283992383681056e-10
990.0 1.6283992383681056e-10
991.0 1.6283992383681056e-10
992.0 1.6283992383681056e-10
993.0 1.6283992383681056e-10
994.0 1.6283992383681056e-10
995.0 1.6283992383681056e-10
996.0 6.533153396048874e-05
997.0 9.701889212010428e-05
998.0 0.0001287062218580104
999.0 0.00016072635844466276
1000.0 0.00019274646092526382
1001.0 0.00021413791273516836
1002.0 0.0002355293190703378
1003.0 0.00018243490558234043
1004.0 0.00012934044661960797
1005.0 8.929721957429138e-05
1006.0 4.9253924316872144e-05
1007.0 3.9963560993783176e-05
1008.0 3.0673223250232695e-05
1009.0 0.00012657270644922392
1010.0 0.0002224721811217023
1011.0 0.00023014265480014728
1012.0 0.00023781310574122472
1013.0 0.000222251696868625
1014.0 0.00020669026525865775
1015.0 0.0002709019327085116
1016.0 0.00033511364563310053
1017.0 0.00026442073703947244
1018.0 0.00019372787392057944
1019.0 0.000141166424327821
1020.0 8.860496905072068e-05
1021.0 0.00023989796318346635
1022.0 0.00039119090615713503
1023.0 0.00038056477933423594
1024.0 0.00036993865251133684
1025.0 0.0003504529104247922
1026.0 0.0003309671683382476
1027.0 0.0003102081564065884
1028.0 0.0002894490990001941
1029.0 0.0007546188044216251
1030.0 0.001219788464368321
1031.0 0.0016199781384784728
1032.0 0.0020201670849928632
1033.0 0.0023831897124182433
1034.0 0.0027462119760457426
1035.0 0.00315453544317279
1036.0 0.0035628589102998376
1037.0 0.003488178481347859
1038.0 0.0034134980523958802
1039.0 0.0030217624953365885
1040.0 0.002630027120176237
1041.0 0.0022391042875824496
1042.0 0.0018481816368876025
1043.0 0.0022515205273521133
1044.0 0.0026548595997155644
1045.0 0.0029594069928862154
1046.0 0.003263954567955807
1047.0 0.0033950997021747753
1048.0 0.0035262448363937438
1049.0 0.00298175509669818
1050.0 0.0024372651751036756
1051.0 0.0023279901142814197
1052.0 0.0022187154172570445
1053.0 0.0020192012016195804
1054.0 0.001819686804083176
1055.0 0.0012966367648914456
1056.0 0.0007735866347502451
1057.0 0.000643861130811274
1058.0 0.0005141357632965082
1059.0 0.0009021301593747921
1060.0 0.0012901246009278111
1061.0 0.0014111367818259168
1062.0 0.001532149144622963
1063.0 0.0021031217329436913
1064.0 0.00267409450316336
1065.0 0.003148509858874604
1066.0 0.003622925214585848
1067.0 0.004185360012343153
1068.0 0.00474779553769622
1069.0 0.004352168980403803
1070.0 0.003956542423111387
1071.0 0.003593356814235449
1072.0 0.0032301708415616304
1073.0 0.002747450525930617
1074.0 0.0022647302102996036
1075.0 0.002506460623408202
1076.0 0.0027481910365168005
1077.0 0.002629527989483904
1078.0 0.0025108647605520673
1079.0 0.0021724015823565423
1080.0 0.0018339385860599577
1081.0 0.0014321016351459548
1082.0 0.0010302650480298325
1083.0 0.0007271554750332143
1084.0 0.0004240459020365961
1085.0 0.00035111304441670654
1086.0 0.0002781803004836547
1087.0 1.6283992383681056e-10
1088.0 1.6283992383681056e-10
1089.0 1.6283992383681056e-10
1090.0 1.6283992383681056e-10
1091.0 1.6283992383681056e-10
1092.0 0.00018892301341111306
1093.0 4.140338489833084e-05
1094.0 1.6283992383681056e-10
1095.0 1.6283992383681056e-10
1096.0 1.6283992383681056e-10
1097.0 1.6283992383681056e-10
1098.0 1.6283992383681056e-10
1099.0 0.00027888017939403653
1100.0 0.0013447891433315817
