lsstCam/transmission_filter_detector/r20_s21/i_39/19700101T000000.ecsv
# %ECSV 1.0
# ---
# datatype:
# - {name: wavelength, unit: nm, datatype: float32}
# - {name: efficiency, unit: '%', datatype: float64}
# meta: !!omap
# - {MODE: DETECTOR}
# - {TYPE: transmission_filter_detector}
# - {CALIBDATE: '1970-01-01T00:00:00'}
# - {INSTRUME: LSSTCam}
# - {OBSTYPE: transmission_filter_detector}
# - {CALIBCLS: lsst.ip.isr.IntermediateFilterDetectorTransmissionCurve}
# - {SOURCE: Materion (DM-46256)}
# - {DETECTOR: 79}
# - {FILTER: i_39}
# - {CALIB_ID: 'calibDate=1970-01-01T00:00:00 filter=i_39 detector=79'}
# - {DATE: '2025-04-02T15:59:46.846722'}
# - {CALIB_CREATION_DATE: '2025-04-02'}
# - {CALIB_CREATION_TIME: '15:59:46'}
# - __serialized_columns__:
#     efficiency:
#       __class__: astropy.units.quantity.Quantity
#       unit: !astropy.units.Unit {unit: '%'}
#       value: !astropy.table.SerializedColumn {name: efficiency}
#     wavelength:
#       __class__: astropy.units.quantity.Quantity
#       unit: !astropy.units.Unit {unit: nm}
#       value: !astropy.table.SerializedColumn {name: wavelength}
# schema: astropy-2.0
wavelength efficiency
300.0 0.011645028280327097
301.0 0.00173025928233983
302.0 1.6283992383681056e-10
303.0 0.011593561066547409
304.0 0.031371612567454576
305.0 0.011694685963448137
306.0 1.6283992383681056e-10
307.0 1.6283992383681056e-10
308.0 1.6283992383681056e-10
309.0 1.6283992383681056e-10
310.0 0.0015011453797342256
311.0 0.0009590095942257904
312.0 0.00041687540033308323
313.0 1.6283992383681056e-10
314.0 1.6283992383681056e-10
315.0 1.6283992383681056e-10
316.0 1.6283992383681056e-10
317.0 1.6283992383681056e-10
318.0 1.6283992383681056e-10
319.0 1.6283992383681056e-10
320.0 0.00042772576307470445
321.0 0.00116469282147591
322.0 0.0019016582882613875
323.0 1.6283992383681056e-10
324.0 1.6283992383681056e-10
325.0 1.6283992383681056e-10
326.0 1.6283992383681056e-10
327.0 1.6283992383681056e-10
328.0 0.001668906224949751
329.0 0.0016151328964042477
330.0 0.0015613601135555655
331.0 0.002982958721986506
332.0 0.004404558058013208
333.0 0.0033779921068344265
334.0 0.002351425246160943
335.0 0.0015526389688602649
336.0 0.000753852327761706
337.0 0.0017837366613093764
338.0 0.002813620085362345
339.0 0.0017672155081527308
340.0 0.0007208109764178516
341.0 0.0009339151802123524
342.0 0.001147019247582648
343.0 0.0007880599696363788
344.0 0.00042910082811431494
345.0 1.6283992383681056e-10
346.0 1.6283992383681056e-10
347.0 1.6283992383681056e-10
348.0 1.6283992383681056e-10
349.0 1.6283992383681056e-10
350.0 0.001275719750992721
351.0 0.0005263692855805857
352.0 1.6283992383681056e-10
353.0 1.6283992383681056e-10
354.0 1.6283992383681056e-10
355.0 1.6283992383681056e-10
356.0 6.341140306176385e-05
357.0 0.0009157068234344479
358.0 0.0017680022210697643
359.0 0.0008581259862694424
360.0 1.6283992383681056e-10
361.0 3.7459938084793976e-05
362.0 0.00012667037481151056
363.0 1.6283992383681056e-10
364.0 1.6283992383681056e-10
365.0 0.00019708011222974164
366.0 0.0005829529982293025
367.0 0.0006861057499918388
368.0 0.000789258410804905
369.0 0.0008358516424777918
370.0 0.0008824447832012083
371.0 0.0007122085662558675
372.0 0.0005419723493105266
373.0 0.0005465701178763993
374.0 0.0005511677045433316
375.0 0.00034961378787556896
376.0 0.00014805971204623347
377.0 1.6283992383681056e-10
378.0 1.6283992383681056e-10
379.0 1.6283992383681056e-10
380.0 1.6283992383681056e-10
381.0 1.6283992383681056e-10
382.0 1.6283992383681056e-10
383.0 0.0002865830765585997
384.0 0.0007994372936082073
385.0 0.0006494286935776472
386.0 0.0004994203663954977
387.0 0.00029959956009406596
388.0 9.977849231290747e-05
389.0 0.0004600572083290899
390.0 0.0008203357538150158
391.0 0.0007480064596165903
392.0 0.0006756771199434297
393.0 0.0002666342197699123
394.0 1.6283992383681056e-10
395.0 0.0005370739017962478
396.0 0.0012165564839961007
397.0 0.0012552676707855426
398.0 0.0012939789485244546
399.0 0.0013477621905622073
400.0 0.00140154543259996
401.0 0.0027266469260212034
402.0 0.004051747600897215
403.0 0.004580016684485599
404.0 0.0051082857680739835
405.0 0.004090651782462373
406.0 0.0030730177968507633
407.0 0.0014415711120818742
408.0 1.6283992383681056e-10
409.0 0.0006309230684564682
410.0 0.001451722073397832
411.0 0.00409534914069809
412.0 0.006738975935149938
413.0 0.006249995203688741
414.0 0.005761014472227544
415.0 0.005447158764582127
416.0 0.005133303420734592
417.0 0.004824023199034855
418.0 0.004514742613537237
419.0 0.004305356560507789
420.0 0.004095970871276222
421.0 0.004876859748037532
422.0 0.005657748624798842
423.0 0.0051029644964728504
424.0 0.0045481810957426205
425.0 0.004937883204547688
426.0 0.0053275849495548755
427.0 0.005356232941267081
428.0 0.005384880932979286
429.0 0.004908913979306817
430.0 0.00443294775323011
431.0 0.003976109292125329
432.0 0.003519270831020549
433.0 0.003596728856791742
434.0 0.003674187246360816
435.0 0.0029057406209176406
436.0 0.002137293995474465
437.0 0.0016866919395397417
438.0 0.001236089701706078
439.0 0.0015487779819522984
440.0 0.0018614660802995786
441.0 0.002164811303373426
442.0 0.002468156526447274
443.0 0.001939287903951481
444.0 0.0014104194633546285
445.0 0.0013269072951516137
446.0 0.0012433953997970093
447.0 0.0007105542408680776
448.0 0.00017771308193914592
449.0 0.00013708566939385491
450.0 9.645816589909373e-05
451.0 0.00020712152490887092
452.0 0.00031778490665601566
453.0 0.0008667615475133061
454.0 0.0014157380974211264
455.0 0.0013951034816273022
456.0 0.001374468865833478
457.0 0.0004453208475752035
458.0 1.6283992383681056e-10
459.0 5.37768471531308e-05
460.0 0.0005913809218327515
461.0 0.0006299351298366673
462.0 0.000668489246891113
463.0 0.0006943563221284421
464.0 0.000720223260941566
465.0 0.0005424004939413862
466.0 0.00036457781789067667
467.0 0.0003446166601861478
468.0 0.0003246554570068838
469.0 0.00037424388210638426
470.0 0.00042383226173114963
471.0 0.00045550700633611996
472.0 0.00048718188736529555
473.0 0.0006490931355074281
474.0 0.0008110044291242957
475.0 0.0007322480996663217
476.0 0.0006534917702083476
477.0 0.0006061422482162016
478.0 0.0005587925897998502
479.0 0.001163380056823371
480.0 0.0017679678421700373
481.0 0.002293454781465698
482.0 0.0028189417207613587
483.0 0.004317530692787841
484.0 0.005816119664814323
485.0 0.006083029802539386
486.0 0.006349939212668687
487.0 0.009360635158373043
488.0 0.012371328193694353
489.0 0.015350425383076072
490.0 0.01832952257245779
491.0 0.021242545335553586
492.0 0.02415556664345786
493.0 0.026480588712729514
494.0 0.02880561223719269
495.0 0.026731868274509907
496.0 0.024658124311827123
497.0 0.019730748317670077
498.0 0.014803375233896077
499.0 0.010420013859402388
500.0 0.006036654667695984
501.0 0.004258589979144745
502.0 0.002480524926795624
503.0 0.0024000055418582633
504.0 0.002319485975021962
505.0 0.0019924000298487954
506.0 0.0016653139027766883
507.0 0.00197096960619092
508.0 0.0022766254915040918
509.0 0.0025577481210348196
510.0 0.002838870932464488
511.0 0.0024505474357283674
512.0 0.002062223938992247
513.0 0.0019349783542566001
514.0 0.0018077327695209533
515.0 0.002002530345635023
516.0 0.0021973279217490926
517.0 0.0021960180674795993
518.0 0.0021947080313111655
519.0 0.0020398356355144642
520.0 0.001884963239717763
521.0 0.001829022221500054
522.0 0.0017730808394844644
523.0 0.0017588521586731076
524.0 0.0017446234778617509
525.0 0.002241523725388106
526.0 0.0027384237910155207
527.0 0.0026599516786518507
528.0 0.002581479748187121
529.0 0.0028906913939863443
530.0 0.003199903221684508
531.0 0.002926783599832561
532.0 0.002653664159879554
533.0 0.002249702265544329
534.0 0.0018457403712091036
535.0 0.0019095694369752891
536.0 0.0019733983208425343
537.0 0.002431336724839639
538.0 0.002889274946937803
539.0 0.0035262812161818147
540.0 0.0041632876673247665
541.0 0.004593139965436421
542.0 0.005022992627345957
543.0 0.005270074325380847
544.0 0.0055171563872136176
545.0 0.004550788798951544
546.0 0.00358442121068947
547.0 0.0028019287128699943
548.0 0.002019436033151578
549.0 0.0017257731087738648
550.0 0.0014321105481940322
551.0 0.0014389417628990486
552.0 0.0014457730685535353
553.0 0.0015696434275014326
554.0 0.0016935136954998598
555.0 0.001228324617841281
556.0 0.0007631355401827022
557.0 0.0008675537173985504
558.0 0.0009719718946143985
559.0 0.0005747929662902607
560.0 0.00017761400386007153
561.0 0.0007916702998045366
562.0 0.001405726834491361
563.0 0.0014474137060460635
564.0 0.001489100577600766
565.0 0.0013174559171602596
566.0 0.0011458114386186935
567.0 0.0012760540812450927
568.0 0.0014062966329220217
569.0 0.0010265607670589816
570.0 0.0006468249921454117
571.0 0.0005088345915282844
572.0 0.00037084407722431934
573.0 0.0004769697625306435
574.0 0.0005830954250996001
575.0 0.0005082160896563437
576.0 0.00043333679968782235
577.0 0.0005066096946393372
578.0 0.0005798825441161171
579.0 0.00038843877518957015
580.0 0.00019699509721249342
581.0 0.0004711640485766111
582.0 0.0007453329999407288
583.0 0.0006183738605614053
584.0 0.0004914145392831415
585.0 0.0006812287665525218
586.0 0.0008710431757208426
587.0 0.0006958200174267404
588.0 0.0005205967227084329
589.0 0.000639651534584118
590.0 0.0007587063919345383
591.0 0.0007519630344177131
592.0 0.0007452198133250931
593.0 0.0006360204224620247
594.0 0.0005268210315989563
595.0 0.0004624866051017307
596.0 0.00039815213312976994
597.0 0.0004725920007331297
598.0 0.0005470319138112245
599.0 0.0004221624749334296
600.0 0.0002972930133182672
601.0 0.00033117973998741945
602.0 0.0003650664439192042
603.0 0.0001804337330213457
604.0 1.6283992383681056e-10
605.0 4.5721554897681926e-05
606.0 9.564214451529551e-05
607.0 0.00024422652131761424
608.0 0.00039281094359466806
609.0 0.00032734365049691405
610.0 0.00026187631192442495
611.0 0.0004411662303027697
612.0 0.0006204561032063793
613.0 0.0004789817012351705
614.0 0.0003375073447386967
615.0 0.0003459353138168808
616.0 0.00035436326015769737
617.0 0.00038518733163073193
618.0 0.00041601142584113404
619.0 0.00046104601096885744
620.0 0.000506080687046051
621.0 0.0004102912498638034
622.0 0.00031450185815629084
623.0 0.00042060469240823295
624.0 0.0005267075721349102
625.0 0.0004012336376035819
626.0 0.0002757597940217238
627.0 0.00029369641652010614
628.0 0.00031163301628112094
629.0 0.00035858022329193773
630.0 0.00040552740756538697
631.0 0.0004995691142539727
632.0 0.0005936107754678233
633.0 0.0004790649200003827
634.0 0.00036451897358347196
635.0 0.00047321300371550024
636.0 0.0005819069883727934
637.0 0.0005748434887209442
638.0 0.0005677798981196247
639.0 0.0006423289505619323
640.0 0.0007168779575295048
641.0 0.000595781102674664
642.0 0.0004746842932945583
643.0 0.0006221423518582014
644.0 0.0007696005013713147
645.0 0.0007806441317370627
646.0 0.0007916877621028107
647.0 0.0007024108072073432
648.0 0.0006131338523118757
649.0 0.0007299961453099968
650.0 0.0008468584383081179
651.0 0.0009172544196189847
652.0 0.0009876504918793216
653.0 0.0010651159755070694
654.0 0.0011425817319832277
655.0 0.001578451701789163
656.0 0.002014321398746688
657.0 0.002970344758068677
658.0 0.003926367571693845
659.0 0.006515133281936869
660.0 0.07328058709390461
661.0 0.09695765911601484
662.0 0.10340316221117973
663.0 0.12393855722621083
664.0 0.09317279909737408
665.0 0.1269170083105564
666.0 0.1204096945002675
667.0 0.1384597853757441
668.0 0.1744006760418415
669.0 0.23709305096417665
670.0 0.2948964247480035
671.0 0.48029557801783085
672.0 0.6979374215006828
673.0 1.1100399307906628
674.0 1.7327286303043365
675.0 2.5747328996658325
676.0 3.577907383441925
677.0 4.826082289218903
678.0 6.137123331427574
679.0 7.515870034694672
680.0 9.275893867015839
681.0 11.213354021310806
682.0 13.680097460746765
683.0 16.37638956308365
684.0 19.397996366024017
685.0 22.26131558418274
686.0 25.237366557121277
687.0 28.45398485660553
688.0 31.62311017513275
689.0 34.850749373435974
690.0 38.47162425518036
691.0 42.47129261493683
692.0 47.14763164520264
693.0 52.16283202171326
694.0 57.92970061302185
695.0 63.53045105934143
696.0 69.79701519012451
697.0 75.39652585983276
698.0 81.65842890739441
699.0 86.4168643951416
700.0 90.18046259880066
701.0 93.285071849823
702.0 95.4980194568634
703.0 96.71280980110168
704.0 97.36855626106262
705.0 97.86386489868164
706.0 97.90880084037781
707.0 98.10541272163391
708.0 98.13758134841919
709.0 98.18461537361145
710.0 97.9296088218689
711.0 98.11341166496277
712.0 97.98877835273743
713.0 98.09918999671936
714.0 98.20287823677063
715.0 98.28101992607117
716.0 98.086017370224
717.0 98.32739233970642
718.0 98.33269119262695
719.0 98.27605485916138
720.0 98.62194657325745
721.0 98.50868582725525
722.0 98.19582104682922
723.0 98.02425503730774
724.0 97.65183925628662
725.0 97.36917018890381
726.0 97.1599280834198
727.0 96.8077540397644
728.0 96.57741785049438
729.0 96.3553249835968
730.0 96.33185267448425
731.0 96.37584090232849
732.0 96.34111523628235
733.0 96.61429524421692
734.0 96.98711633682251
735.0 97.18551635742188
736.0 97.63363599777222
737.0 97.99116849899292
738.0 98.31628799438477
739.0 98.67503046989441
740.0 98.83778691291809
741.0 98.73844981193542
742.0 99.01917576789856
743.0 98.83963465690613
744.0 98.66682291030884
745.0 98.6322820186615
746.0 98.60816597938538
747.0 98.84532690048218
748.0 98.69627356529236
749.0 98.62090349197388
750.0 98.64288568496704
751.0 98.50196838378906
752.0 98.39405417442322
753.0 98.66833686828613
754.0 98.53917956352234
755.0 98.67539405822754
756.0 98.72119426727295
757.0 98.69112968444824
758.0 98.8200306892395
759.0 98.86367917060852
760.0 98.74233603477478
761.0 98.66494536399841
762.0 98.71336221694946
763.0 98.65743517875671
764.0 98.52776527404785
765.0 98.52455258369446
766.0 98.58980178833008
767.0 98.3931303024292
768.0 98.45566749572754
769.0 98.53084683418274
770.0 98.25575351715088
771.0 98.3050286769867
772.0 98.3198344707489
773.0 98.18860292434692
774.0 98.02818894386292
775.0 98.17684292793274
776.0 98.061603307724
777.0 98.0057954788208
778.0 98.05695414543152
779.0 98.08375239372253
780.0 97.9535162448883
781.0 98.24411273002625
782.0 98.15784692764282
783.0 98.19225072860718
784.0 98.22990894317627
785.0 98.31947088241577
786.0 98.48796725273132
787.0 98.21316003799438
788.0 98.34411144256592
789.0 98.41607809066772
790.0 98.39208126068115
791.0 98.43823313713074
792.0 98.23513627052307
793.0 98.23364615440369
794.0 98.14891815185547
795.0 98.0466902256012
796.0 98.1195330619812
797.0 98.17209243774414
798.0 98.11310768127441
799.0 97.95004725456238
800.0 97.83962368965149
801.0 97.84467220306396
802.0 97.73924946784973
803.0 97.62540459632874
804.0 97.37659692764282
805.0 97.07476496696472
806.0 96.71542048454285
807.0 96.02485299110413
808.0 95.18190026283264
809.0 94.20830607414246
810.0 92.9284155368805
811.0 91.32272601127625
812.0 89.19782042503357
813.0 86.678147315979
814.0 83.93434286117554
815.0 80.48267960548401
816.0 76.93568468093872
817.0 72.71069884300232
818.0 67.93983578681946
819.0 63.59402537345886
820.0 58.55744481086731
821.0 54.04258966445923
822.0 49.50343668460846
823.0 45.029520988464355
824.0 40.325766801834106
825.0 35.994887351989746
826.0 31.578627228736877
827.0 26.942715048789978
828.0 22.775813937187195
829.0 18.528035283088684
830.0 14.193610846996307
831.0 10.870804637670517
832.0 7.577835023403168
833.0 4.987704381346703
834.0 3.1375862658023834
835.0 1.9514037296175957
836.0 1.1531928554177284
837.0 0.6417514756321907
838.0 0.3810836933553219
839.0 0.2314012497663498
840.0 0.11366400867700577
841.0 0.07886991370469332
842.0 0.02949075133074075
843.0 0.016252520435955375
844.0 0.03806397144217044
845.0 1.6283992383681056e-10
846.0 1.6283992383681056e-10
847.0 1.6283992383681056e-10
848.0 1.6283992383681056e-10
849.0 1.6283992383681056e-10
850.0 1.6283992383681056e-10
851.0 0.0004311037173465593
852.0 0.0012916785635752603
853.0 0.0011411928426241502
854.0 0.00099070712167304
855.0 0.00043711502257792745
856.0 1.6283992383681056e-10
857.0 1.6283992383681056e-10
858.0 1.6283992383681056e-10
859.0 1.6283992383681056e-10
860.0 1.6283992383681056e-10
861.0 1.6283992383681056e-10
862.0 1.6283992383681056e-10
863.0 7.917981292848708e-05
864.0 0.0001633475449125399
865.0 1.6931392110564047e-05
866.0 1.6283992383681056e-10
867.0 1.6283992383681056e-10
868.0 1.6283992383681056e-10
869.0 1.6283992383681056e-10
870.0 1.6283992383681056e-10
871.0 2.6940605835079623e-05
872.0 0.00011702097708621295
873.0 5.928111477260245e-05
874.0 1.5412695120176068e-06
875.0 1.6283992383681056e-10
876.0 1.6283992383681056e-10
877.0 1.6283992383681056e-10
878.0 5.836802188241563e-05
879.0 8.97871473171108e-05
880.0 0.00012120635801693425
881.0 6.269772825362452e-05
882.0 4.189161728618274e-06
883.0 1.6283992383681056e-10
884.0 1.6283992383681056e-10
885.0 1.6283992383681056e-10
886.0 1.6283992383681056e-10
887.0 1.6283992383681056e-10
888.0 1.6283992383681056e-10
889.0 1.6283992383681056e-10
890.0 1.6283992383681056e-10
891.0 1.8434886328577704e-05
892.0 8.34964396290161e-05
893.0 6.776210881298539e-06
894.0 1.6283992383681056e-10
895.0 1.6283992383681056e-10
