lsstCam/transmission_filter_detector/r30_s00/y_10/19700101T000000.ecsv
# %ECSV 1.0
# ---
# datatype:
# - {name: wavelength, unit: nm, datatype: float32}
# - {name: efficiency, unit: '%', datatype: float64}
# meta: !!omap
# - {MODE: DETECTOR}
# - {TYPE: transmission_filter_detector}
# - {CALIBDATE: '1970-01-01T00:00:00'}
# - {INSTRUME: LSSTCam}
# - {OBSTYPE: transmission_filter_detector}
# - {CALIBCLS: lsst.ip.isr.IntermediateFilterDetectorTransmissionCurve}
# - {SOURCE: Materion (DM-46256)}
# - {DETECTOR: 117}
# - {FILTER: y_10}
# - {CALIB_ID: 'calibDate=1970-01-01T00:00:00 filter=y_10 detector=117'}
# - {DATE: '2025-04-02T15:59:51.285390'}
# - {CALIB_CREATION_DATE: '2025-04-02'}
# - {CALIB_CREATION_TIME: '15:59:51'}
# - __serialized_columns__:
#     efficiency:
#       __class__: astropy.units.quantity.Quantity
#       unit: !astropy.units.Unit {unit: '%'}
#       value: !astropy.table.SerializedColumn {name: efficiency}
#     wavelength:
#       __class__: astropy.units.quantity.Quantity
#       unit: !astropy.units.Unit {unit: nm}
#       value: !astropy.table.SerializedColumn {name: wavelength}
# schema: astropy-2.0
wavelength efficiency
300.0 0.025208183797076344
301.0 0.017781194765120745
302.0 0.010354201367590576
303.0 0.009336269431514665
304.0 0.008318336040247232
305.0 0.007764550537103787
306.0 0.007210761395981535
307.0 0.010548235150054097
308.0 0.013885708176530898
309.0 0.011353319860063493
310.0 0.008820935181574896
311.0 0.006717289943480864
312.0 0.004613645069184713
313.0 0.0046746634325245395
314.0 0.004735682159662247
315.0 0.0034440148738212883
316.0 0.0021523474060813896
317.0 0.0011201923371118028
318.0 8.8037313616951e-05
319.0 0.0006465413662226638
320.0 0.001205045100505231
321.0 0.0013969713108963333
322.0 0.0015888972484390251
323.0 0.0039670088881393895
324.0 0.006345120345940813
325.0 0.004060985156684183
326.0 0.0017768499674275517
327.0 0.0025453849957557395
328.0 0.003313919296488166
329.0 0.0036295779864303768
330.0 0.003945235948776826
331.0 0.003149654367007315
332.0 0.002354073330934625
333.0 0.0033822001569205895
334.0 0.0044103268010076135
335.0 0.0035506589483702555
336.0 0.0026909901862381957
337.0 0.0019796301785390824
338.0 0.0012682702617894392
339.0 0.0013659592696058098
340.0 0.0014636481864727102
341.0 0.0013449374819174409
342.0 0.0012262266864127014
343.0 0.0010577211469353642
344.0 0.0008892155165085569
345.0 0.001078395598597126
346.0 0.0012675756806856953
347.0 0.0012718991456495132
348.0 0.0012762227925122716
349.0 0.001186959707411006
350.0 0.0010976966223097406
351.0 0.001378728666168172
352.0 0.0016597607100266032
353.0 0.0013415391549642663
354.0 0.0010233175089524593
355.0 0.0013069517990516033
356.0 0.0015905861801002175
357.0 0.0016214567949646153
358.0 0.0016523275917279534
359.0 0.0015049798093969002
360.0 0.001357632027065847
361.0 0.0011875517884618603
362.0 0.0010174716408073436
363.0 0.0010996530363627244
364.0 0.0011818342500191648
365.0 0.001393788534187479
366.0 0.0016057429093052633
367.0 0.0018487669876776636
368.0 0.002091790702252183
369.0 0.0017795529856812209
370.0 0.0014673155419586692
371.0 0.001536432682769373
372.0 0.001605549914529547
373.0 0.0017300975741818547
374.0 0.001854645051935222
375.0 0.0028148731871624477
376.0 0.003775101504288614
377.0 0.003929585000150837
378.0 0.00408406849601306
379.0 0.003624501550802961
380.0 0.0031649346055928618
381.0 0.002530112942622509
382.0 0.001895291279652156
383.0 0.0014320295122161042
384.0 0.0009687675628811121
385.0 0.0009400727321917657
386.0 0.0009113781743508298
387.0 0.0006442324774980079
388.0 0.00037708682611992117
389.0 0.0004085307864443166
390.0 0.0004399746103445068
391.0 0.000420429796577082
392.0 0.00040088493733492214
393.0 0.000545367493032245
394.0 0.0006898499123053625
395.0 0.0006550802936544642
396.0 0.0006203106750035658
397.0 0.0007696121429034974
398.0 0.0009189137017528992
399.0 0.0010754112736321986
400.0 0.001231908845511498
401.0 0.0014027631550561637
402.0 0.0015736173736513592
403.0 0.001575278292875737
404.0 0.001576938848302234
405.0 0.0017417291019228287
406.0 0.0019065193555434234
407.0 0.001795928255887702
408.0 0.0016853369743330404
409.0 0.0013850521099811886
410.0 0.0010847670637303963
411.0 0.0012189946573926136
412.0 0.0013532220691558905
413.0 0.000915202599571785
414.0 0.00047718340283608995
415.0 8.476158086523355e-05
416.0 1.7137079515866516e-10
417.0 1.7137079515866516e-10
418.0 1.7137079515866516e-10
419.0 1.7137079515866516e-10
420.0 1.7137079515866516e-10
421.0 0.0004244756382831838
422.0 0.0008777875336818397
423.0 0.0005570546818489674
424.0 0.0002363218300160952
425.0 0.000343459214491304
426.0 0.0004505967353907181
427.0 0.0005687385964847635
428.0 0.0006868804121040739
429.0 0.0003584261094147223
430.0 2.997193178089219e-05
431.0 1.7137079515866516e-10
432.0 1.7137079515866516e-10
433.0 1.7137079515866516e-10
434.0 1.7137079515866516e-10
435.0 2.3694357764725282e-05
436.0 0.0004441865257831523
437.0 0.0002726585762502509
438.0 0.00010113078587892232
439.0 0.00010156443295272766
440.0 0.00010199808002653299
441.0 1.7137079515866516e-10
442.0 1.7137079515866516e-10
443.0 0.0001295766878683935
444.0 0.0005003610112908063
445.0 0.0003712663556143525
446.0 0.0002421715635136934
447.0 0.00039040814954205416
448.0 0.00053864478104515
449.0 0.00014112757753537153
450.0 1.7137079515866516e-10
451.0 1.7137079515866516e-10
452.0 0.00021896796624787385
453.0 8.416758987550566e-05
454.0 1.7137079515866516e-10
455.0 0.0005028947725804755
456.0 0.0010564222066022921
457.0 0.0004534380877885269
458.0 1.7137079515866516e-10
459.0 1.7137079515866516e-10
460.0 1.7137079515866516e-10
461.0 1.7137079515866516e-10
462.0 0.00031686829515820136
463.0 0.0006095268872741144
464.0 0.0009021855476021301
465.0 0.0006712320555379847
466.0 0.0004402785634738393
467.0 0.0007356129117397359
468.0 0.0010309471690561622
469.0 0.0014994844605098478
470.0 0.001968022115761414
471.0 0.002269553078804165
472.0 0.0025710838599479757
473.0 0.002635716555232648
474.0 0.00270034925051732
475.0 0.002777254303509835
476.0 0.0028541595384012908
477.0 0.0029304179406608455
478.0 0.0030066765248193406
479.0 0.003020467011083383
480.0 0.0030342573154484853
481.0 0.0034959830372827128
482.0 0.0039577083953190595
483.0 0.003866144470521249
484.0 0.0037745805457234383
485.0 0.003515689240884967
486.0 0.003256797936046496
487.0 0.0031157997000264004
488.0 0.002974802009703126
489.0 0.002441983269818593
490.0 0.0019091648937319405
491.0 0.0018171409465139732
492.0 0.0017251169992960058
493.0 0.0017774018488125876
494.0 0.0018296863345312886
495.0 0.0019387545762583613
496.0 0.0020478226360864937
497.0 0.0019547107513062656
498.0 0.0018615990484249778
499.0 0.0019364579202374443
500.0 0.0020113169739488512
501.0 0.0022574155082111247
502.0 0.002503514042473398
503.0 0.0022883405108586885
504.0 0.002073166979243979
505.0 0.002341538856853731
506.0 0.002609911098261364
507.0 0.002283005233039148
508.0 0.001956099549715873
509.0 0.0019106360923615284
510.0 0.0018651724531082436
511.0 0.00171302799572004
512.0 0.0015608839021297172
513.0 0.0018472101146471687
514.0 0.0021335365090635605
515.0 0.0017569194824318402
516.0 0.0013803026376990601
517.0 0.001524442996014841
518.0 0.0016685837181285024
519.0 0.0013736032087763306
520.0 0.0010786228813230991
521.0 0.0014392377124750055
522.0 0.0017998523617279716
523.0 0.0017046788343577646
524.0 0.0016095051250886172
525.0 0.001963780596270226
526.0 0.002318056249350775
527.0 0.002413056427030824
528.0 0.0025080567866098136
529.0 0.0026795263693202287
530.0 0.002850996133929584
531.0 0.0026463992981007323
532.0 0.002441802826069761
533.0 0.00228360131586669
534.0 0.0021253999875625595
535.0 0.0017393133020959795
536.0 0.0013532266166293994
537.0 0.0017444659533794038
538.0 0.0021357058358262293
539.0 0.0026335988877690397
540.0 0.0031314921216107905
541.0 0.0035207762266509235
542.0 0.003910059967893176
543.0 0.004344422268331982
544.0 0.004778783841175027
545.0 0.004712969530373812
546.0 0.0046471548557747155
547.0 0.004143040132476017
548.0 0.003638925409177318
549.0 0.0029145834560040385
550.0 0.002190241684729699
551.0 0.0024787177608232014
552.0 0.0027671936550177634
553.0 0.0027688132831826806
554.0 0.002770433093246538
555.0 0.0033805350540205836
556.0 0.003990637196693569
557.0 0.004086165790795349
558.0 0.004181694384897128
559.0 0.003848099004244432
560.0 0.0035145039873896167
561.0 0.003564495636965148
562.0 0.0036144876503385603
563.0 0.0035252418456366286
564.0 0.0034359964047325775
565.0 0.003685543197207153
566.0 0.003935089989681728
567.0 0.004228763282299042
568.0 0.004522436938714236
569.0 0.00555108163098339
570.0 0.006579725595656782
571.0 0.007049427949823439
572.0 0.007519130303990096
573.0 0.007296159310499206
574.0 0.007073187589412555
575.0 0.006739337550243363
576.0 0.006405486783478409
577.0 0.005916701047681272
578.0 0.005427915675682016
579.0 0.005283046266413294
580.0 0.0051381772209424525
581.0 0.006241704249987379
582.0 0.0073452305514365435
583.0 0.008780387724982575
584.0 0.010215545626124367
585.0 0.010568923607934266
586.0 0.010922301589744166
587.0 0.011042014375561848
588.0 0.011161729344166815
589.0 0.010829147504409775
590.0 0.010496569302631542
591.0 0.009517110447632149
592.0 0.008537650865036994
593.0 0.007278862904058769
594.0 0.00602007785346359
595.0 0.005687990415026434
596.0 0.0053559044317808
597.0 0.0056668992328923196
598.0 0.00597789439780172
599.0 0.007082794763846323
600.0 0.008187694766093045
601.0 0.009271063754567876
602.0 0.010354432743042707
603.0 0.010608219599816948
604.0 0.01086200718418695
605.0 0.011061432451242581
606.0 0.011260856263106689
607.0 0.009756705549079925
608.0 0.008252555562648922
609.0 0.006618638144573197
610.0 0.0049847218178911135
611.0 0.004180602991255
612.0 0.0033764845284167677
613.0 0.003401070716790855
614.0 0.003425656905164942
615.0 0.004428406464285217
616.0 0.005431155659607612
617.0 0.006476042472058907
618.0 0.007520928193116561
619.0 0.008827639248920605
620.0 0.010134349577128887
621.0 0.010275969543727115
622.0 0.010417592420708388
623.0 0.010893880244111642
624.0 0.011370166612323374
625.0 0.01011019412544556
626.0 0.008850220910971984
627.0 0.007181643013609573
628.0 0.0055130672990344465
629.0 0.004471433931030333
630.0 0.003429800199228339
631.0 0.002855774619092699
632.0 0.0022817490389570594
633.0 0.0025744904633029364
634.0 0.0028672315238509327
635.0 0.0033697022445267066
636.0 0.0038721729652024806
637.0 0.004181267286185175
638.0 0.0044903619709657505
639.0 0.004917912883684039
640.0 0.005345463796402328
641.0 0.005559697456192225
642.0 0.005773931115982123
643.0 0.005625077392323874
644.0 0.0054762233048677444
645.0 0.004788638761965558
646.0 0.004101054219063371
647.0 0.0034848151699407026
648.0 0.002868576120818034
649.0 0.0023298844098462723
650.0 0.0017911928807734512
651.0 0.0015920511941658333
652.0 0.0013929091437603347
653.0 0.0015007118236098904
654.0 0.0016085145034594461
655.0 0.0015006594367150683
656.0 0.0013928042790212203
657.0 0.00149237548612291
658.0 0.0015919466022751294
659.0 0.0017251590179512277
660.0 0.0018583712517283857
661.0 0.001853806861618068
662.0 0.0018492428353056312
663.0 0.0017935080904862843
664.0 0.0017377735275658779
665.0 0.002455015419400297
666.0 0.003172257129335776
667.0 0.00392003457818646
668.0 0.004667812390835024
669.0 0.0052517778385663405
670.0 0.005835741831106134
671.0 0.006470613880082965
672.0 0.007105485565261915
673.0 0.007568269211333245
674.0 0.008031052129808813
675.0 0.007946648838697001
676.0 0.00786224554758519
677.0 0.006429615314118564
678.0 0.004996982534066774
679.0 0.0033631236874498427
680.0 0.0017292632037424482
681.0 0.0011472511687316
682.0 0.000565239224670222
683.0 0.0005869813321623951
684.0 0.000608723348705098
685.0 0.0004038497536384966
686.0 0.00019897597667295486
687.0 0.0001363002297694038
688.0 7.362439191638259e-05
689.0 1.7137079515866516e-10
690.0 1.7137079515866516e-10
691.0 1.7137079515866516e-10
692.0 9.056024623532721e-05
693.0 0.0001694758793746587
694.0 0.00024839155230438337
695.0 0.00024467924504278926
696.0 0.0002409669150438276
697.0 0.00037248144053592114
698.0 0.0005039959887653822
699.0 0.0003972314516431652
700.0 0.000290467073682521
701.0 0.0003703241418406833
702.0 0.00045018123273621313
703.0 0.0003019848691110383
704.0 0.0001537887214908551
705.0 0.00012068857131453115
706.0 8.758844387557474e-05
707.0 0.00016077117379609263
708.0 0.00023395396056002937
709.0 0.0004583478130371077
710.0 0.000682741665514186
711.0 0.0005066607172921067
712.0 0.0003305797235952923
713.0 5.161493277228146e-05
714.0 1.7137079515866516e-10
715.0 1.7137079515866516e-10
716.0 0.0001455642404835089
717.0 3.604030140991199e-06
718.0 1.7137079515866516e-10
719.0 0.00013864652146367007
720.0 0.00041564940147509333
721.0 0.0006562705948454095
722.0 0.000896891924639931
723.0 0.000657922191749094
724.0 0.00041895245885825716
725.0 1.7137079515866516e-10
726.0 1.7137079515866516e-10
727.0 1.7137079515866516e-10
728.0 0.00011718556152118254
729.0 0.0005237191544438247
730.0 0.0009302528269472532
731.0 0.000463670767203439
732.0 1.7137079515866516e-10
733.0 0.00022254582745517837
734.0 0.0004480028565012617
735.0 0.00030602050173911266
736.0 0.00016403821518906625
737.0 0.00018622658899403177
738.0 0.00020841494006162975
739.0 0.0002238841261714697
740.0 0.000239353244069207
741.0 0.000301139061775757
742.0 0.00036292478853283683
743.0 0.00021096063846925972
744.0 5.899640882489621e-05
745.0 0.0003661501068563666
746.0 0.0006733035661454778
747.0 0.0006837838100182125
748.0 0.0006942639629414771
749.0 0.00013266649148135912
750.0 1.7137079515866516e-10
751.0 0.00019617141333583277
752.0 0.0008212737157009542
753.0 0.0005331549800757784
754.0 0.00024503613076376496
755.0 0.00032944419672276126
756.0 0.0004138522854191251
757.0 0.00042285400922992267
758.0 0.0004318557785154553
759.0 0.0002181976924475748
760.0 4.539599629538316e-06
761.0 0.00035054551972280024
762.0 0.0006965514785406413
763.0 0.0007498550075979438
764.0 0.0008031585821299814
765.0 0.0007651314263057429
766.0 0.0007271044069057098
767.0 0.0008605962648289278
768.0 0.000994088168226881
769.0 0.0007909160558483563
770.0 0.0005877437615708914
771.0 0.0007565427495137556
772.0 0.0009253417374566197
773.0 0.0006326767106656916
774.0 0.0003400115474505583
775.0 5.503475222212728e-05
776.0 1.7137079515866516e-10
777.0 8.70398423558072e-05
778.0 0.00040402178456133697
779.0 0.0006707933152938494
780.0 0.0009375650734000374
781.0 0.0007307770829356741
782.0 0.000523989137946046
783.0 0.0006465185379056493
784.0 0.0007690478923905175
785.0 0.0005453816356748575
786.0 0.00032171535622183
787.0 0.0003219365453333012
788.0 0.0003221577117074048
789.0 0.00026015216008090647
790.0 0.00019814647203020286
791.0 0.0006334922545647714
792.0 0.0010688379006751347
793.0 0.0010300808753527235
794.0 0.0009913239409797825
795.0 0.0007979722795425914
796.0 0.0006046207545296056
797.0 0.0007401188668154646
798.0 0.0008756168426771183
799.0 0.0003055101615245803
800.0 1.7137079515866516e-10
801.0 0.0002781473085633479
802.0 0.0008208912731788587
803.0 0.0006392430805135518
804.0 0.00045759493332298007
805.0 0.0004895915026281727
806.0 0.0005215878900344251
807.0 0.00012848084907091106
808.0 1.7137079515866516e-10
809.0 0.00026738341603049776
810.0 0.0007993932740646414
811.0 0.0006579089586011833
812.0 0.0005164246886124602
813.0 0.0005695795607607579
814.0 0.0006227344329090556
815.0 0.0006327036771835992
816.0 0.000642673012407613
817.0 0.0009124943062488455
818.0 0.0011823157365142833
819.0 0.001096958112611901
820.0 0.0010116004887095187
821.0 0.0008631270247860812
822.0 0.0007146535608626436
823.0 0.0005117793079989497
824.0 0.0003089050778726232
825.0 0.0007088792244758224
826.0 0.001108853302866919
827.0 0.0010184460734308232
828.0 0.0009280385711463168
829.0 0.000580006144446088
830.0 0.00023197385417006444
831.0 0.00039857031879364513
832.0 0.0005651669653161662
833.0 0.0009473158570472151
834.0 0.0013294647942529991
835.0 0.0008823113603284582
836.0 0.0004351578809291823
837.0 0.0005206910373090068
838.0 0.0006062242391635664
839.0 0.0004794525466422783
840.0 0.00035268094507046044
841.0 0.00071417462095269
842.0 0.0010756682058854494
843.0 0.0009670947292761412
844.0 0.0008585211617173627
845.0 0.0007504923814849462
846.0 0.0006424636012525298
847.0 0.0009756374311109539
848.0 0.0013088114428683184
849.0 0.0009768227755557746
850.0 0.000644834244667436
851.0 0.0011140565220557619
852.0 0.0015832787539693527
853.0 0.0012968022019776981
854.0 0.0010103255590365734
855.0 0.0008127155524562113
856.0 0.0006151055458758492
857.0 0.0008251005965576041
858.0 0.0010350958291382995
859.0 0.001037884157994995
860.0 0.0010406723959022202
861.0 0.001252812671737047
862.0 0.0014649528566224035
863.0 0.0013910473171563353
864.0 0.0013171417776902672
865.0 0.001887904727482237
866.0 0.0024586675863247365
867.0 0.0026044035621453077
868.0 0.002750139174167998
869.0 0.0028287166060181335
870.0 0.0029072938559693284
871.0 0.003245038169552572
872.0 0.0035827823012368754
873.0 0.0030129134756862186
874.0 0.002443044832034502
875.0 0.0020504383428487927
