lsstCam/transmission_filter_detector/r30_s00/y_10/19700101T000000.ecsv
# %ECSV 1.0
# ---
# datatype:
# - {name: wavelength, unit: nm, datatype: float32}
# - {name: efficiency, unit: '%', datatype: float64}
# meta: !!omap
# - {MODE: DETECTOR}
# - {TYPE: transmission_filter_detector}
# - {CALIBDATE: '1970-01-01T00:00:00'}
# - {INSTRUME: LSSTCam}
# - {OBSTYPE: transmission_filter_detector}
# - {CALIBCLS: lsst.ip.isr.IntermediateFilterDetectorTransmissionCurve}
# - {SOURCE: Materion (DM-46256)}
# - {DETECTOR: 117}
# - {FILTER: y_10}
# - {CALIB_ID: 'calibDate=1970-01-01T00:00:00 filter=y_10 detector=117'}
# - {DATE: '2025-04-02T15:59:51.285390'}
# - {CALIB_CREATION_DATE: '2025-04-02'}
# - {CALIB_CREATION_TIME: '15:59:51'}
# - __serialized_columns__:
#     efficiency:
#       __class__: astropy.units.quantity.Quantity
#       unit: !astropy.units.Unit {unit: '%'}
#       value: !astropy.table.SerializedColumn {name: efficiency}
#     wavelength:
#       __class__: astropy.units.quantity.Quantity
#       unit: !astropy.units.Unit {unit: nm}
#       value: !astropy.table.SerializedColumn {name: wavelength}
# schema: astropy-2.0
wavelength efficiency
[from data line 577]
877.0 0.0018339509551879019
878.0 0.002010070238611661
879.0 0.0017460570234106854
880.0 0.05391578306443989
881.0 0.08193064713850617
882.0 0.054552743677049875
883.0 0.08667688816785812
884.0 0.05824221880175173
885.0 0.08479435928165913
886.0 0.05994921084493399
887.0 0.0945627863984555
888.0 0.06292755715548992
889.0 0.0864227069541812
890.0 0.06147666717879474
891.0 0.09744692360982299
892.0 0.06168520776554942
893.0 0.10938310297206044
894.0 0.06306766881607473
895.0 0.10982636595144868
896.0 0.06963194464333355
897.0 0.11274998541921377
898.0 0.07601298857480288
899.0 0.11758488835766912
900.0 0.07578922086395323
901.0 0.11347677791491151
902.0 0.14138853875920177
903.0 0.1299579394981265
904.0 0.13518992345780134
905.0 0.1437944476492703
906.0 0.1656912500038743
907.0 0.21909575443714857
908.0 0.2496561035513878
909.0 0.3110052552074194
910.0 0.3977464511990547
911.0 0.5178024526685476
912.0 0.7030709180980921
913.0 1.0244551114737988
914.0 1.4428145252168179
915.0 2.1444570273160934
916.0 3.097212314605713
917.0 4.304230213165283
918.0 5.860298126935959
919.0 7.529900968074799
920.0 10.005120933055878
921.0 12.75646835565567
922.0 15.487340092658997
923.0 18.61596554517746
924.0 21.971841156482697
925.0 25.6351500749588
926.0 30.201897025108337
927.0 35.425639152526855
928.0 40.43785035610199
929.0 46.28899097442627
930.0 52.04111933708191
931.0 58.27174782752991
932.0 64.77055549621582
933.0 71.03556394577026
934.0 76.37923955917358
935.0 80.7877779006958
936.0 84.75880026817322
937.0 87.98987865447998
938.0 90.53729176521301
939.0 92.24762320518494
940.0 93.4015154838562
941.0 94.17625069618225
942.0 94.70324516296387
943.0 95.1428771018982
944.0 95.64408659934998
945.0 95.92228531837463
946.0 96.31803035736084
947.0 96.53967022895813
948.0 96.81305289268494
949.0 96.8191385269165
950.0 96.98484539985657
951.0 96.96369767189026
952.0 96.96338772773743
953.0 97.03726172447205
954.0 97.00106978416443
955.0 96.98548913002014
956.0 97.14495539665222
957.0 97.31006026268005
958.0 97.49510884284973
959.0 97.66912460327148
960.0 97.82139658927917
961.0 97.99031615257263
962.0 98.14324378967285
963.0 98.26120138168335
964.0 98.39330911636353
965.0 98.47387671470642
966.0 98.57219457626343
967.0 98.68625998497009
968.0 98.71019721031189
969.0 98.68484735488892
970.0 98.75020980834961
971.0 98.79476428031921
972.0 98.78846406936646
973.0 98.87576103210449
974.0 98.87802004814148
975.0 98.90698790550232
976.0 98.94174337387085
977.0 98.90851378440857
978.0 99.00033473968506
979.0 98.98761510848999
980.0 98.97658824920654
981.0 98.93590807914734
982.0 98.87756109237671
983.0 98.9287793636322
984.0 98.86932969093323
985.0 98.87619614601135
986.0 98.75380992889404
987.0 98.83520603179932
988.0 98.65472316741943
989.0 98.68362545967102
990.0 98.60250353813171
991.0 98.60003590583801
992.0 98.59333038330078
993.0 98.52837324142456
994.0 98.4613835811615
995.0 98.47880005836487
996.0 98.43660593032837
997.0 98.5588788986206
998.0 98.5680878162384
999.0 98.63516688346863
1000.0 98.63029718399048
1001.0 98.62248301506042
1002.0 98.79465699195862
1003.0 98.77278208732605
1004.0 98.87619614601135
1005.0 98.90679717063904
1006.0 99.00743365287781
1007.0 99.0203857421875
1008.0 99.0078330039978
1009.0 98.98547530174255
1010.0 99.00221824645996
1011.0 99.06454086303711
1012.0 98.96065592765808
1013.0 98.98860454559326
1014.0 98.9748477935791
1015.0 98.92339706420898
1016.0 98.89779686927795
1017.0 98.91610145568848
1018.0 98.93306493759155
1019.0 98.79874587059021
1020.0 98.83898496627808
1021.0 98.97716045379639
1022.0 98.82555603981018
1023.0 98.86861443519592
1024.0 98.81603121757507
1025.0 98.84632229804993
1026.0 98.83815050125122
1027.0 98.95399808883667
1028.0 98.88695478439331
1029.0 98.96421432495117
1030.0 98.9811897277832
1031.0 98.98738861083984
1032.0 99.01613593101501
1033.0 98.91075491905212
1034.0 99.01751279830933
1035.0 99.07091856002808
1036.0 99.0183174610138
1037.0 99.078369140625
1038.0 99.0278422832489
1039.0 98.95792603492737
1040.0 98.87418150901794
1041.0 98.94197583198547
1042.0 98.93922209739685
1043.0 98.80496263504028
1044.0 98.8977313041687
1045.0 98.5785722732544
1046.0 98.77424240112305
1047.0 98.7086296081543
1048.0 98.74592423439026
1049.0 98.62258434295654
1050.0 98.61666560173035
1051.0 98.60764741897583
1052.0 98.53038191795349
1053.0 98.38643670082092
1054.0 98.66960644721985
1055.0 98.72616529464722
1056.0 98.6793577671051
1057.0 98.7033486366272
1058.0 98.48079681396484
1059.0 98.59912395477295
1060.0 98.61593246459961
1061.0 98.66074919700623
1062.0 98.70354533195496
1063.0 98.67693781852722
1064.0 98.87517094612122
1065.0 98.81012439727783
1066.0 98.73176217079163
1067.0 98.82699251174927
1068.0 98.80515933036804
1069.0 98.67855310440063
1070.0 99.12294745445251
1071.0 98.75826239585876
1072.0 98.99476170539856
1073.0 98.98915886878967
1074.0 98.58852028846741
1075.0 98.62045049667358
1076.0 98.49777221679688
1077.0 98.81489872932434
1078.0 98.91534447669983
1079.0 98.56976270675659
1080.0 99.26685094833374
1081.0 98.30208420753479
1082.0 98.6281156539917
1083.0 98.50826263427734
1084.0 98.81103038787842
1085.0 98.84555339813232
1086.0 98.52526187896729
1087.0 98.65864515304565
1088.0 98.39285016059875
1089.0 98.3015775680542
1090.0 98.58521819114685
1091.0 98.58573079109192
1092.0 98.58964085578918
1093.0 98.39588403701782
1094.0 98.30940365791321
1095.0 98.16654920578003
1096.0 98.35602045059204
1097.0 98.30529689788818
1098.0 97.70911931991577
1099.0 98.40383529663086
1100.0 98.08802008628845
