lsstCam/transmission_filter_detector/r10_s02/u_24/19700101T000000.ecsv
# %ECSV 1.0
# ---
# datatype:
# - {name: wavelength, unit: nm, datatype: float32}
# - {name: efficiency, unit: '%', datatype: float64}
# meta: !!omap
# - {MODE: DETECTOR}
# - {TYPE: transmission_filter_detector}
# - {CALIBDATE: '1970-01-01T00:00:00'}
# - {INSTRUME: LSSTCam}
# - {OBSTYPE: transmission_filter_detector}
# - {CALIBCLS: lsst.ip.isr.IntermediateFilterDetectorTransmissionCurve}
# - {SOURCE: Materion (DM-46256)}
# - {DETECTOR: 29}
# - {FILTER: u_24}
# - {CALIB_ID: 'calibDate=1970-01-01T00:00:00 filter=u_24 detector=29'}
# - {DATE: '2025-04-02T15:59:39.883008'}
# - {CALIB_CREATION_DATE: '2025-04-02'}
# - {CALIB_CREATION_TIME: '15:59:39'}
# - __serialized_columns__:
#     efficiency:
#       __class__: astropy.units.quantity.Quantity
#       unit: !astropy.units.Unit {unit: '%'}
#       value: !astropy.table.SerializedColumn {name: efficiency}
#     wavelength:
#       __class__: astropy.units.quantity.Quantity
#       unit: !astropy.units.Unit {unit: nm}
#       value: !astropy.table.SerializedColumn {name: wavelength}
# schema: astropy-2.0
wavelength efficiency
[from data line 587]
882.0 0.0031718525860924274
883.0 0.0029099517632857896
884.0 0.002648051486175973
885.0 0.0026385749151813798
886.0 0.002629098526085727
887.0 0.0024710059733479284
888.0 0.00231291360250907
889.0 0.0022085947421146557
890.0 0.002104275881720241
891.0 0.0022894490030012093
892.0 0.002474622306181118
893.0 0.0024959379516076297
894.0 0.002517253415135201
895.0 0.0029753020498901606
896.0 0.0034333505027461797
897.0 0.003899341754731722
898.0 0.004365333006717265
899.0 0.004421860285219736
900.0 0.004478387199924327
901.0 0.004408413951750845
902.0 0.004338441431173123
903.0 0.004647532114177011
904.0 0.004956622433383018
905.0 0.00509139099449385
906.0 0.005226159191806801
907.0 0.005560767749557272
908.0 0.0058953763073077425
909.0 0.005877144576516002
910.0 0.005858912845724262
911.0 0.006012014273437671
912.0 0.006165116064948961
913.0 0.005911710468353704
914.0 0.005658304507960565
915.0 0.00518436572747305
916.0 0.004710426946985535
917.0 0.0041863586375257
918.0 0.0036622903280658647
919.0 0.004160482421866618
920.0 0.004658674151869491
921.0 0.004669433837989345
922.0 0.0046801935241092
923.0 0.005743496149079874
924.0 0.006806797318859026
925.0 0.006932516407687217
926.0 0.00705823622411117
927.0 0.007658575486857444
928.0 0.008258911839220673
929.0 0.00821681460365653
930.0 0.008174717368092388
931.0 0.007470101991202682
932.0 0.006765485159121454
933.0 0.0067877364926971495
934.0 0.006809987826272845
935.0 0.0067124397901352495
936.0 0.006614892481593415
937.0 0.006826707976870239
938.0 0.007038524927338585
939.0 0.006862600275781006
940.0 0.0066866748966276646
941.0 0.006023963578627445
942.0 0.005361250805435702
943.0 0.004343424006947316
944.0 0.003325597572256811
945.0 0.0023936163415783085
946.0 0.0014616353837482166
947.0 0.0016561898519285023
948.0 0.001850744229159318
949.0 0.0016847710867295973
950.0 0.0015187979442998767
951.0 0.0013625827705254778
952.0 0.001206367596751079
953.0 0.0012066049748682417
954.0 0.0012068425348843448
955.0 0.002003278859774582
956.0 0.0027997153665637597
957.0 0.002901984589698259
958.0 0.003004253449034877
959.0 0.0033574960980331525
960.0 0.0037107380194356665
961.0 0.004244873707648367
962.0 0.004779009032063186
963.0 0.004859697219217196
964.0 0.004940385770169087
965.0 0.004846805313718505
966.0 0.004753225221065804
967.0 0.004772535612573847
968.0 0.004791846731677651
969.0 0.004759596777148545
970.0 0.004727346822619438
971.0 0.0046061115426709875
972.0 0.004484876626520418
973.0 0.004370623719296418
974.0 0.004256370084476657
975.0 0.004202228956273757
976.0 0.004148087464272976
977.0 0.0038581380067626014
978.0 0.0035681878216564655
979.0 0.003350733095430769
980.0 0.003133278005407192
981.0 0.0028754542654496618
982.0 0.002617630161694251
983.0 0.0029433425879688002
984.0 0.0032690546504454687
985.0 0.0035891906009055674
986.0 0.003909326551365666
987.0 0.004328714203438722
988.0 0.004748101491713896
989.0 0.005695926665794104
990.0 0.006643751112278551
991.0 0.007004960934864357
992.0 0.007366170757450163
993.0 0.00776578817749396
994.0 0.008165404869941995
995.0 0.007687983452342451
996.0 0.0072105598519556224
997.0 0.006806513556512073
998.0 0.006402470171451569
999.0 0.00643714374746196
1000.0 0.006471814413089305
1001.0 0.006102882980485447
1002.0 0.005733950456487946
1003.0 0.005022383265895769
1004.0 0.004310815711505711
1005.0 0.004789165177498944
1006.0 0.005267513915896416
1007.0 0.0050770857342286035
1008.0 0.004886655005975626
1009.0 0.004240226189722307
1010.0 0.003593798101064749
1011.0 0.003605484016588889
1012.0 0.0036171702959109098
1013.0 0.003236523480154574
1014.0 0.0028558770281961188
1015.0 0.0023886712369858287
1016.0 0.0019214652638765983
1017.0 0.0019425575374043547
1018.0 0.0019636494471342303
1019.0 0.0016828551451908424
1020.0 0.001402060570399044
1021.0 0.0014722659216204192
1022.0 0.0015424711818923242
1023.0 0.0013993183529237285
1024.0 0.0012561653420561925
1025.0 0.0012459248864615802
1026.0 0.0012356844308669679
1027.0 0.0013245812624518294
1028.0 0.0014134778211882804
1029.0 0.0015451192666660063
1030.0 0.0016767608030932024
1031.0 0.002096823482133914
1032.0 0.002516886161174625
1033.0 0.002543521077313926
1034.0 0.002570155993453227
1035.0 0.0026825648092199117
1036.0 0.0027949732611887157
1037.0 0.0028996273613302037
1038.0 0.0030042818252695724
1039.0 0.002691270856303163
1040.0 0.002378260251134634
1041.0 0.001994622653000988
1042.0 0.0016109854186652228
1043.0 0.0016644959032419138
1044.0 0.001718006569717545
1045.0 0.001475876706535928
1046.0 0.0012337470252532512
1047.0 0.0019393281036172993
1048.0 0.002644909363880288
1049.0 0.002002479595830664
1050.0 0.001360049191134749
1051.0 0.00159423998411512
1052.0 0.0018284303223481402
1053.0 0.001421331035089679
1054.0 0.0010142315659322776
1055.0 0.00107389350887388
1056.0 0.001133555815613363
1057.0 0.0015407875253004022
1058.0 0.0019480195987853222
1059.0 0.0011294401701889
1060.0 0.00031086105991562363
1061.0 0.0011958599316130858
1062.0 0.002080858757835813
1063.0 0.0020368774130474776
1064.0 0.001992895886360202
1065.0 0.0012827111277147196
1066.0 0.0005725265509681776
1067.0 0.0007988153811311349
1068.0 0.001025103574647801
1069.0 0.0019092207367066294
1070.0 0.002793337444018107
1071.0 0.0014156192264636047
1072.0 3.7901116911598365e-05
1073.0 0.000932200055103749
1074.0 0.0018264991012983955
1075.0 0.003102545451838523
1076.0 0.00437859162047971
1077.0 0.00521223628311418
1078.0 0.0060458809457486495
1079.0 0.006478866998804733
1080.0 0.00691184977767989
1081.0 0.005033770139561966
1082.0 0.003155690137646161
1083.0 0.002353057971049566
1084.0 0.0015504256225540303
1085.0 0.003179836494382471
1086.0 0.00480924645671621
1087.0 0.004397395605337806
1088.0 0.003985544390161522
1089.0 0.005734605656471103
1090.0 0.007483667286578566
1091.0 0.004366617213236168
1092.0 0.0012495674127421807
1093.0 0.001347802572126966
1094.0 0.0014460378224612214
1095.0 0.0024566212232457474
1096.0 0.003467204442131333
1097.0 0.0024068467610049993
1098.0 0.0013464889889291953
1099.0 0.002406163366686087
1100.0 0.0034658376534935087
