lsstCam/transmission_filter_detector/r10_s02/u_24/19700101T000000.ecsv
# %ECSV 1.0
# ---
# datatype:
# - {name: wavelength, unit: nm, datatype: float32}
# - {name: efficiency, unit: '%', datatype: float64}
# meta: !!omap
# - {MODE: DETECTOR}
# - {TYPE: transmission_filter_detector}
# - {CALIBDATE: '1970-01-01T00:00:00'}
# - {INSTRUME: LSSTCam}
# - {OBSTYPE: transmission_filter_detector}
# - {CALIBCLS: lsst.ip.isr.IntermediateFilterDetectorTransmissionCurve}
# - {SOURCE: Materion (DM-46256)}
# - {DETECTOR: 29}
# - {FILTER: u_24}
# - {CALIB_ID: 'calibDate=1970-01-01T00:00:00 filter=u_24 detector=29'}
# - {DATE: '2025-04-02T15:59:39.883008'}
# - {CALIB_CREATION_DATE: '2025-04-02'}
# - {CALIB_CREATION_TIME: '15:59:39'}
# - __serialized_columns__:
#     efficiency:
#       __class__: astropy.units.quantity.Quantity
#       unit: !astropy.units.Unit {unit: '%'}
#       value: !astropy.table.SerializedColumn {name: efficiency}
#     wavelength:
#       __class__: astropy.units.quantity.Quantity
#       unit: !astropy.units.Unit {unit: nm}
#       value: !astropy.table.SerializedColumn {name: wavelength}
# schema: astropy-2.0
wavelength efficiency
295.0 1.671346437984167e-10
296.0 1.671346437984167e-10
297.0 1.671346437984167e-10
298.0 1.671346437984167e-10
299.0 1.671346437984167e-10
300.0 1.671346437984167e-10
301.0 1.671346437984167e-10
302.0 0.002713842513912823
303.0 1.671346437984167e-10
304.0 0.29399741906672716
305.0 1.0787353850901127
306.0 2.3590102791786194
307.0 4.367575421929359
308.0 6.926421076059341
309.0 10.361447930335999
310.0 14.013969898223877
311.0 17.943592369556427
312.0 21.623679995536804
313.0 24.64241236448288
314.0 27.335286140441895
315.0 29.790031909942627
316.0 32.052016258239746
317.0 34.92497503757477
318.0 38.48203718662262
319.0 42.988595366477966
320.0 48.829516768455505
321.0 54.47500944137573
322.0 60.29462218284607
323.0 65.43679237365723
324.0 69.43899989128113
325.0 71.99800610542297
326.0 74.27892684936523
327.0 75.95349550247192
328.0 77.5130569934845
329.0 78.9262056350708
330.0 80.11102676391602
331.0 80.4970920085907
332.0 80.70468306541443
333.0 80.99742531776428
334.0 80.90129494667053
335.0 81.16562366485596
336.0 81.57672882080078
337.0 82.26237893104553
338.0 83.04989337921143
339.0 83.54780673980713
340.0 83.93509984016418
341.0 84.37167406082153
342.0 84.57770943641663
343.0 84.5988929271698
344.0 84.89362001419067
345.0 85.29723286628723
346.0 85.73951125144958
347.0 85.97258925437927
348.0 86.26587390899658
349.0 86.44900321960449
350.0 86.48709058761597
351.0 86.63623332977295
352.0 86.58745288848877
353.0 86.58695816993713
354.0 86.47841215133667
355.0 86.71596050262451
356.0 86.85964941978455
357.0 86.65560483932495
358.0 86.38247847557068
359.0 86.10429763793945
360.0 85.85413694381714
361.0 85.61112880706787
362.0 85.52361726760864
363.0 85.71699857711792
364.0 85.82689166069031
365.0 86.19058728218079
366.0 86.54922842979431
367.0 86.6098940372467
368.0 86.68049573898315
369.0 86.73846125602722
370.0 86.62228584289551
371.0 86.53988838195801
372.0 86.6281509399414
373.0 86.83721423149109
374.0 86.8451476097107
375.0 87.14257478713989
376.0 87.31992840766907
377.0 87.47659921646118
378.0 87.44574785232544
379.0 87.00031042098999
380.0 86.13556623458862
381.0 84.67475175857544
382.0 82.76622295379639
383.0 80.73344230651855
384.0 78.63766551017761
385.0 76.16782784461975
386.0 73.47291111946106
387.0 69.86443400382996
388.0 66.17345809936523
389.0 61.75096035003662
390.0 57.50884413719177
391.0 53.24966907501221
392.0 48.87114465236664
393.0 45.32855451107025
394.0 41.83570444583893
395.0 37.90665864944458
396.0 33.45087170600891
397.0 27.46458649635315
398.0 20.778588950634003
399.0 13.955464959144592
400.0 8.123018592596054
401.0 3.9720673114061356
402.0 1.4635375700891018
403.0 0.44585466384887695
404.0 0.1521352445706725
405.0 0.11229027295485139
406.0 0.05004726117476821
407.0 0.01371182152070105
408.0 1.671346437984167e-10
409.0 1.671346437984167e-10
410.0 1.671346437984167e-10
411.0 1.671346437984167e-10
412.0 1.671346437984167e-10
413.0 1.671346437984167e-10
414.0 1.671346437984167e-10
415.0 1.671346437984167e-10
416.0 1.671346437984167e-10
417.0 1.671346437984167e-10
418.0 1.671346437984167e-10
419.0 1.671346437984167e-10
420.0 1.671346437984167e-10
421.0 1.671346437984167e-10
422.0 1.671346437984167e-10
423.0 1.671346437984167e-10
424.0 1.671346437984167e-10
425.0 1.671346437984167e-10
426.0 1.671346437984167e-10
427.0 1.671346437984167e-10
428.0 1.671346437984167e-10
429.0 0.00015535025568169658
430.0 0.0027829475584439933
431.0 0.0015456373148481362
432.0 0.00030832736683805706
433.0 0.0006988166205701418
434.0 0.001089306351786945
435.0 0.0008228072147176135
436.0 0.0005563087597693084
437.0 1.671346437984167e-10
438.0 1.671346437984167e-10
439.0 1.671346437984167e-10
440.0 0.0013554611541621853
441.0 1.671346437984167e-10
442.0 1.671346437984167e-10
443.0 1.671346437984167e-10
444.0 1.671346437984167e-10
445.0 1.671346437984167e-10
446.0 1.671346437984167e-10
447.0 1.671346437984167e-10
448.0 0.00028174574708828004
449.0 0.0005607678303931607
450.0 0.0008397895726375282
451.0 0.00024858043161657406
452.0 1.671346437984167e-10
453.0 1.671346437984167e-10
454.0 1.671346437984167e-10
455.0 1.671346437984167e-10
456.0 1.671346437984167e-10
457.0 0.0002951574515464017
458.0 0.001036851517710602
459.0 3.6694652294499974e-05
460.0 1.671346437984167e-10
461.0 1.671346437984167e-10
462.0 1.671346437984167e-10
463.0 1.671346437984167e-10
464.0 1.671346437984167e-10
465.0 1.671346437984167e-10
466.0 0.0005831284397572745
467.0 1.671346437984167e-10
468.0 1.671346437984167e-10
469.0 1.671346437984167e-10
470.0 0.00023849659100960707
471.0 1.671346437984167e-10
472.0 1.671346437984167e-10
473.0 1.671346437984167e-10
474.0 1.671346437984167e-10
475.0 1.671346437984167e-10
476.0 1.671346437984167e-10
477.0 1.671346437984167e-10
478.0 1.671346437984167e-10
479.0 1.671346437984167e-10
480.0 1.671346437984167e-10
481.0 0.000530996067027445
482.0 0.0015045439795358106
483.0 0.0006425741503335303
484.0 1.671346437984167e-10
485.0 1.671346437984167e-10
486.0 1.671346437984167e-10
487.0 1.671346437984167e-10
488.0 1.671346437984167e-10
489.0 1.671346437984167e-10
490.0 1.671346437984167e-10
491.0 1.671346437984167e-10
492.0 1.671346437984167e-10
493.0 1.671346437984167e-10
494.0 1.671346437984167e-10
495.0 1.671346437984167e-10
496.0 0.0003061217967115226
497.0 0.0001653401568546542
498.0 2.455808498780243e-05
499.0 1.671346437984167e-10
500.0 1.671346437984167e-10
501.0 1.671346437984167e-10
502.0 1.671346437984167e-10
503.0 1.671346437984167e-10
504.0 1.671346437984167e-10
505.0 1.671346437984167e-10
506.0 0.00020192503598082112
507.0 1.671346437984167e-10
508.0 1.671346437984167e-10
509.0 1.671346437984167e-10
510.0 1.671346437984167e-10
511.0 0.00017230737512363703
512.0 0.000693102492732578
513.0 0.00045084052544552833
514.0 0.00020857837625953835
515.0 0.00033648191219981527
516.0 0.00046438558456429746
517.0 1.671346437984167e-10
518.0 1.671346437984167e-10
519.0 1.671346437984167e-10
520.0 0.0002259994971609558
521.0 0.0005628244252875447
522.0 0.0008996492397272959
523.0 0.00018571237205833313
524.0 1.671346437984167e-10
525.0 1.671346437984167e-10
526.0 1.671346437984167e-10
527.0 1.671346437984167e-10
528.0 1.671346437984167e-10
529.0 1.671346437984167e-10
530.0 1.671346437984167e-10
531.0 1.671346437984167e-10
532.0 0.00012646290770135238
533.0 1.671346437984167e-10
534.0 1.671346437984167e-10
535.0 1.671346437984167e-10
536.0 0.00018236023606732488
537.0 1.671346437984167e-10
538.0 1.671346437984167e-10
539.0 1.671346437984167e-10
540.0 1.671346437984167e-10
541.0 1.671346437984167e-10
542.0 1.671346437984167e-10
543.0 1.671346437984167e-10
544.0 1.671346437984167e-10
545.0 1.671346437984167e-10
546.0 1.671346437984167e-10
547.0 0.00010330780924050487
548.0 0.0006324380592559464
549.0 1.315600286488916e-05
550.0 1.671346437984167e-10
551.0 1.671346437984167e-10
552.0 1.671346437984167e-10
553.0 1.671346437984167e-10
554.0 1.671346437984167e-10
555.0 1.671346437984167e-10
556.0 1.671346437984167e-10
557.0 1.671346437984167e-10
558.0 1.671346437984167e-10
559.0 1.671346437984167e-10
560.0 0.0005524080734176096
561.0 0.00011196518698852742
562.0 1.671346437984167e-10
563.0 1.671346437984167e-10
564.0 1.671346437984167e-10
565.0 1.671346437984167e-10
566.0 1.671346437984167e-10
567.0 1.671346437984167e-10
568.0 1.671346437984167e-10
569.0 9.325967766926624e-05
570.0 0.0004635531240637647
571.0 0.00041667185541882645
572.0 0.000369790745935461
573.0 0.0003260145149397431
574.0 0.00028223862500453833
575.0 0.00022579711185244378
576.0 0.00016935571238718694
577.0 0.00019418209831201239
578.0 0.00021900846149947029
579.0 0.0003840419594780542
580.0 0.000549075411981903
581.0 0.0008161151527019683
582.0 0.0010831551662704442
583.0 0.0013629867680720054
584.0 0.0016428188246209174
585.0 0.0011703609743562993
586.0 0.0006979027148190653
587.0 0.0009591288289811928
588.0 0.0012203550795675255
589.0 0.0010916238352365326
590.0 0.0009628924090065993
591.0 0.0009948890692612622
592.0 0.001026885729515925
593.0 0.0008395932127314154
594.0 0.0006523005140479654
595.0 0.0007815556273271795
596.0 0.000910810376808513
597.0 0.0011772146535804495
598.0 0.0014436187484534457
599.0 0.0018443828594172373
600.0 0.0022451467884820886
601.0 0.0022859736418467946
602.0 0.002326800677110441
603.0 0.001954157414729707
604.0 0.001581514698045794
605.0 0.0013740522263105959
606.0 0.0011665899364743382
607.0 0.001166381025541341
608.0 0.0011661722055578139
609.0 0.0006923383807588834
610.0 0.0002185045104852179
611.0 0.0005366264304029755
612.0 0.0008547483957954682
613.0 0.0007050128715491155
614.0 0.0005552774837269681
615.0 0.0007561793154309271
616.0 0.0009570811926096212
617.0 0.0007999720764928497
618.0 0.0006428631422750186
619.0 0.00047669318519183435
620.0 0.0003105233872702229
621.0 0.0004175553385721287
622.0 0.0005245872671366669
623.0 0.0004941961833537789
624.0 0.0004638050995708909
625.0 0.0006203081284184009
626.0 0.0007768111572659109
627.0 0.0008413855539401993
628.0 0.0009059601325134281
629.0 0.0009199396117764991
630.0 0.0009339191819890402
631.0 0.0014797599760640878
632.0 0.0020256004063412547
633.0 0.00196768141904613
634.0 0.001909762249852065
635.0 0.002285555274283979
636.0 0.0026613484806148335
637.0 0.0024159451641025953
638.0 0.002170541301893536
639.0 0.0017093685528379865
640.0 0.0012481955309340265
641.0 0.0010508422747079749
642.0 0.0008534890184819233
643.0 0.0007498457762267208
644.0 0.0006462024884967832
645.0 0.0004746666036226088
646.0 0.00030313062779896427
647.0 0.00014496296216748306
648.0 1.671346437984167e-10
649.0 2.754988237541056e-06
650.0 1.8714577265654952e-05
651.0 0.000486160251966794
652.0 0.000953606104303617
653.0 0.0013337934433366172
654.0 0.0017139804185717367
655.0 0.0016725183741073124
656.0 0.0016310565115418285
657.0 0.0025998353521572426
658.0 0.0035686145565705374
659.0 0.00396942523366306
660.0 0.0043702355469577014
661.0 0.004203852586215362
662.0 0.004037469989270903
663.0 0.0031911185942590237
664.0 0.002344767199247144
665.0 0.002011262586165685
666.0 0.001677757791185286
667.0 0.001478455578762805
668.0 0.001279153184441384
669.0 0.0010654440302459989
670.0 0.000851734967000084
671.0 0.0005987556050968124
672.0 0.0003457760840319679
673.0 0.0002726664661167888
674.0 0.0001995568027268746
675.0 0.0005991321813780814
676.0 0.000998707673716126
677.0 0.0016521489669685252
678.0 0.002305590533069335
679.0 0.002393385329924058
680.0 0.002481179944879841
681.0 0.0035405366361374035
682.0 0.004599893509293906
683.0 0.006155198207125068
684.0 0.00771050326875411
685.0 0.0081524187407922
686.0 0.008594336395617574
687.0 0.007853809802327305
688.0 0.007113282481441274
689.0 0.005746663737227209
690.0 0.004380045720608905
691.0 0.003949925667257048
692.0 0.0035198052501073107
693.0 0.003049900260521099
694.0 0.002579995089035947
695.0 0.0022675812942907214
696.0 0.0019551678633433767
697.0 0.0014650952834927011
698.0 0.0009750227945914958
699.0 0.0007316740720852977
700.0 0.0004883253495790996
701.0 0.0003280089231338934
702.0 0.00016769265585026005
703.0 0.0005048981165600708
704.0 0.0008421037819061894
705.0 0.0008220608833653387
706.0 0.0008020182576728985
707.0 0.000821888170321472
708.0 0.000841757810121635
709.0 0.0006131126156105893
710.0 0.0003844672846753383
711.0 0.0005970082384010311
712.0 0.0008095491466519888
713.0 0.0008616266313765664
714.0 0.0009137041161011439
715.0 0.0008086639354587533
716.0 0.0007036238912405679
717.0 0.0006768774710508296
718.0 0.0006501310508610914
719.0 0.000494494815939106
720.0 0.00033885853554238565
721.0 0.00033739113405317767
722.0 0.0003359237325639697
723.0 0.0004347465164755704
724.0 0.0005335693003871711
725.0 0.0003264370207034517
726.0 0.00011930471828236477
727.0 0.00024932230644481024
728.0 0.00037933996281935833
729.0 0.00027358869374438655
730.0 0.00016783748151283362
731.0 0.00023059933482727502
732.0 0.00029336117677303264
733.0 0.00021478533653862542
734.0 0.0001362095304102695
735.0 0.00040054283090285026
736.0 0.0006648761427641148
737.0 0.0006566747742908774
738.0 0.0006484733603429049
739.0 0.0005454411166283535
740.0 0.00044240882743906695
741.0 0.0009770529686647933
742.0 0.0015116971553652547
743.0 0.0020734802092192695
744.0 0.0026352628992754035
745.0 0.0032272098906105384
746.0 0.0038191570638446137
747.0 0.0041988783777924255
748.0 0.004578599691740237
749.0 0.003990290497313254
750.0 0.0034019820304820314
751.0 0.003218163692508824
752.0 0.003034345354535617
753.0 0.002429264895909
754.0 0.0018241840734845027
755.0 0.002096285061270464
756.0 0.002368386230955366
757.0 0.0019716086171683855
758.0 0.0015748308214824647
759.0 0.001387316206091782
760.0 0.0011998014997516293
761.0 0.001170948235085234
762.0 0.001142095061368309
763.0 0.0008789427738520317
764.0 0.0006157904408610193
765.0 0.0006916754500707611
766.0 0.0007675604138057679
767.0 0.0007416823336825473
768.0 0.0007158040716603864
769.0 0.0006712020422128262
770.0 0.0006265997853915906
771.0 0.0004378951416583732
772.0 0.0002491904069756856
773.0 0.0002894362069127965
774.0 0.00032968196137517225
775.0 0.0004194117536826525
776.0 0.0005091415914648678
777.0 0.0006210098035808187
778.0 0.0007328777883230941
779.0 0.0008931258889788296
780.0 0.0010533737622608896
781.0 0.0010451108209963422
782.0 0.0010368477887823246
783.0 0.0009428776138520334
784.0 0.000848907347972272
785.0 0.0011532394637470134
786.0 0.001457571215723874
787.0 0.0012635609891731292
788.0 0.0010695507626223844
789.0 0.0009334601600130554
790.0 0.0007973697393026669
791.0 0.0007185241884144489
792.0 0.0006396785465767607
793.0 0.00017358049717586255
794.0 1.671346437984167e-10
795.0 3.9077704627743515e-05
796.0 0.0003706729330588132
797.0 0.0004050750703754602
798.0 0.0004394772076921072
799.0 0.00018695634480536683
800.0 1.671346437984167e-10
801.0 1.671346437984167e-10
802.0 1.671346437984167e-10
803.0 2.152530669263797e-05
804.0 0.00010856788321689237
805.0 1.671346437984167e-10
806.0 1.671346437984167e-10
807.0 1.671346437984167e-10
808.0 1.2792236248060362e-05
809.0 0.0002413814627288957
810.0 0.0004699708370026201
811.0 7.675107553950511e-05
812.0 1.671346437984167e-10
813.0 0.00011742363312805537
814.0 0.0005513159067049855
815.0 0.0003627232217695564
816.0 0.00017413057094017859
817.0 0.00013005806067667436
818.0 8.598562999395654e-05
819.0 0.00010183757694903761
820.0 0.00011768954664148623
821.0 1.671346437984167e-10
822.0 1.671346437984167e-10
823.0 1.671346437984167e-10
824.0 3.653622684396396e-05
825.0 1.671346437984167e-10
826.0 1.671346437984167e-10
827.0 0.00021436660517792916
828.0 0.0006712287358823232
829.0 0.00033048479508579476
830.0 1.671346437984167e-10
831.0 1.671346437984167e-10
832.0 1.671346437984167e-10
833.0 1.671346437984167e-10
834.0 1.671346437984167e-10
835.0 1.671346437984167e-10
836.0 3.917312767498515e-05
837.0 1.671346437984167e-10
838.0 1.671346437984167e-10
839.0 1.671346437984167e-10
840.0 1.671346437984167e-10
841.0 1.671346437984167e-10
842.0 1.671346437984167e-10
843.0 1.671346437984167e-10
844.0 1.671346437984167e-10
845.0 1.409002159391548e-06
846.0 0.0002094576757372124
847.0 0.00019678618627949618
848.0 0.00018411463997836108
849.0 0.00025428671506233513
850.0 0.00032445864235342015
851.0 0.00012744789046337246
852.0 1.671346437984167e-10
853.0 0.0001182072651317867
854.0 0.0003059772780034109
855.0 0.00029918710424681194
856.0 0.0002923967940660077
857.0 0.0004872546469414374
858.0 0.0006821123406552942
859.0 0.0007618751624249853
860.0 0.0008416379387199413
861.0 0.0009133770618063863
862.0 0.0009851161848928314
863.0 0.0013804516129312105
864.0 0.0017757869500201195
865.0 0.002146673432434909
866.0 0.0025175599148496985
867.0 0.002263732130813878
868.0 0.002009904528676998
869.0 0.0019197279470972717
870.0 0.0018295510017196648
871.0 0.0018432685465086251
872.0 0.0018569860912975855
873.0 0.0018484488464309834
874.0 0.001839911419665441
875.0 0.002178388058382552
876.0 0.0025168648789986037
877.0 0.002549790769990068
878.0 0.0025827172066783533
879.0 0.002665756437636446
880.0 0.0027487962142913602
