lsstCam/transmission_filter_detector/r32_s12/y_10/19700101T000000.ecsv
# %ECSV 1.0
# ---
# datatype:
# - {name: wavelength, unit: nm, datatype: float32}
# - {name: efficiency, unit: '%', datatype: float64}
# meta: !!omap
# - {MODE: DETECTOR}
# - {TYPE: transmission_filter_detector}
# - {CALIBDATE: '1970-01-01T00:00:00'}
# - {INSTRUME: LSSTCam}
# - {OBSTYPE: transmission_filter_detector}
# - {CALIBCLS: lsst.ip.isr.IntermediateFilterDetectorTransmissionCurve}
# - {SOURCE: Materion (DM-46256)}
# - {DETECTOR: 140}
# - {FILTER: y_10}
# - {CALIB_ID: 'calibDate=1970-01-01T00:00:00 filter=y_10 detector=140'}
# - {DATE: '2025-04-02T15:59:51.393159'}
# - {CALIB_CREATION_DATE: '2025-04-02'}
# - {CALIB_CREATION_TIME: '15:59:51'}
# - __serialized_columns__:
#     efficiency:
#       __class__: astropy.units.quantity.Quantity
#       unit: !astropy.units.Unit {unit: '%'}
#       value: !astropy.table.SerializedColumn {name: efficiency}
#     wavelength:
#       __class__: astropy.units.quantity.Quantity
#       unit: !astropy.units.Unit {unit: nm}
#       value: !astropy.table.SerializedColumn {name: wavelength}
# schema: astropy-2.0
wavelength efficiency
300.0 0.02124161837855354
301.0 0.024951633531600237
302.0 0.02866164140868932
303.0 0.020981374836992472
304.0 0.013301106810104102
305.0 0.011593682575039566
306.0 0.009886254701996222
307.0 0.010444549116073176
308.0 0.011002842802554369
309.0 0.009837190009420738
310.0 0.008671538671478629
311.0 0.006029663200024515
312.0 0.0033877877285704017
313.0 0.005381269147619605
314.0 0.007374749839073047
315.0 0.0042853393097175285
316.0 0.001195927234221017
317.0 0.002154577668989077
318.0 0.003113227285211906
319.0 0.0012617232641787268
320.0 1.5750015224316738e-10
321.0 0.0005518576926988317
322.0 0.0016934975064941682
323.0 0.0030216851882869378
324.0 0.004349872688180767
325.0 0.0031266725272871554
326.0 0.0019034727301914245
327.0 0.0027616899387794547
328.0 0.003619906783569604
329.0 0.003826709507848136
330.0 0.004033512232126668
331.0 0.0033786785934353247
332.0 0.002723844772845041
333.0 0.002730627420532983
334.0 0.0027374098863219842
335.0 0.002367921842960641
336.0 0.001998433072003536
337.0 0.002046616282314062
338.0 0.0020947996745235287
339.0 0.0018058188288705423
340.0 0.0015168381651164964
341.0 0.0013510039934772067
342.0 0.0011851697308884468
343.0 0.0010996910532412585
344.0 0.0010142124665435404
345.0 0.001132766919909045
346.0 0.0012513215551734902
347.0 0.0013133862921677064
348.0 0.0013754510291619226
349.0 0.001013071414490696
350.0 0.0006506919362436747
351.0 0.0009369576218887232
352.0 0.0012232232620590366
353.0 0.001235094532603398
354.0 0.001246965621248819
355.0 0.0015900746802799404
356.0 0.0019331837393110618
357.0 0.0016780357327661477
358.0 0.0014228881809685845
359.0 0.0010828694030351471
360.0 0.0007428506251017097
361.0 0.0008039090971578844
362.0 0.000864967569214059
363.0 0.0008641703061584849
364.0 0.0008633729521534406
365.0 0.0012740615602524485
366.0 0.0016847501683514565
367.0 0.0018951237507280894
368.0 0.002105497333104722
369.0 0.0018058470232062973
370.0 0.0015061970771057531
371.0 0.001454611265216954
372.0 0.0014030255442776252
373.0 0.0016851430700626224
374.0 0.0019672605048981495
375.0 0.002864242014766205
376.0 0.003761223706533201
377.0 0.003957584340241738
378.0 0.004153944973950274
379.0 0.003724766429513693
380.0 0.0032955878850771114
381.0 0.002484193282725755
382.0 0.0016727986803743988
383.0 0.0012914497347082943
384.0 0.0009101005161937792
385.0 0.0008929086106945761
386.0 0.0008757165232964326
387.0 0.0006833135103079258
388.0 0.0004909104518446838
389.0 0.0005046566457167501
390.0 0.0005184029760130215
391.0 0.0005136197614774574
392.0 0.0005088365469418932
393.0 0.0006047690021659946
394.0 0.0007007013664406259
395.0 0.0006494797162304167
396.0 0.0005982579750707373
397.0 0.0006876928182464326
398.0 0.0007771276614221279
399.0 0.0009465334187552799
400.0 0.0011159390851389617
401.0 0.0014136576282908209
402.0 0.0017113759895437397
403.0 0.0018124110283679329
404.0 0.001913446067192126
405.0 0.0018278484276379459
406.0 0.0017422507880837657
407.0 0.001606999103387352
408.0 0.0014717472367919981
409.0 0.001288797921006335
410.0 0.0011058484233217314
411.0 0.0009151814083452336
412.0 0.0007245141659950605
413.0 0.0005765456080553122
414.0 0.00042857727748923935
415.0 0.0006356293397402624
416.0 0.0008426813110418152
417.0 0.0002673524022611673
418.0 1.5750015224316738e-10
419.0 1.5750015224316738e-10
420.0 0.00025445708615734475
421.0 0.0001522015509181074
422.0 4.994621463083604e-05
423.0 0.00016360172594431788
424.0 0.000277257322522928
425.0 1.5750015224316738e-10
426.0 1.5750015224316738e-10
427.0 0.0002817139829858206
428.0 0.0010009243851527572
429.0 0.0003787725290749222
430.0 1.5750015224316738e-10
431.0 1.5750015224316738e-10
432.0 0.00013941480574430898
433.0 1.5750015224316738e-10
434.0 1.5750015224316738e-10
435.0 0.00013924089898864622
436.0 0.0005100678208691534
437.0 0.00022496435576613294
438.0 1.5750015224316738e-10
439.0 9.566078915668186e-05
440.0 0.00025146066491288366
441.0 0.00017235453242392396
442.0 9.324847951575066e-05
443.0 0.00039721207940601744
444.0 0.0007011756224528654
445.0 0.0004729552074422827
446.0 0.0002447346787448623
447.0 0.000259277521763579
448.0 0.00027382052394386847
449.0 7.430357982229907e-05
450.0 1.5750015224316738e-10
451.0 8.096039323390869e-05
452.0 0.0002871343212973443
453.0 0.00019690687622642145
454.0 0.0001066792719939258
455.0 0.0005065151071903529
456.0 0.0009063508514373098
457.0 0.0003635102075350005
458.0 1.5750015224316738e-10
459.0 1.5750015224316738e-10
460.0 1.5750015224316738e-10
461.0 1.5750015224316738e-10
462.0 0.0002921594386862125
463.0 0.00043317540985299274
464.0 0.0005741913355450379
465.0 0.0006283902621362358
466.0 0.000682589279676904
467.0 0.0008493666427966673
468.0 0.0010161441423406359
469.0 0.001410336062690476
470.0 0.0018045278920908459
471.0 0.0018814947907230817
472.0 0.001958461507456377
473.0 0.002041881816694513
474.0 0.0021253024897305295
475.0 0.0024258035409729928
476.0 0.0027263049560133368
477.0 0.0030589508241973817
478.0 0.0033915970561793074
479.0 0.003614832166931592
480.0 0.003838067641481757
481.0 0.00422619232267607
482.0 0.004614317003870383
483.0 0.004374367927084677
484.0 0.004134418850298971
485.0 0.0038523521652678028
486.0 0.0035702858440345153
487.0 0.0033397132938262075
488.0 0.0031091407436178997
489.0 0.0027499034331412986
490.0 0.0023906661226646975
491.0 0.0020510025933617726
492.0 0.001711339245957788
493.0 0.0015819634427316487
494.0 0.0014525873666570988
495.0 0.001648563556955196
496.0 0.001844539656303823
497.0 0.0019140090444125235
498.0 0.001983478432521224
499.0 0.002125796163454652
500.0 0.0022681138943880796
501.0 0.0025406594431842677
502.0 0.0028132053557783365
503.0 0.002788384153973311
504.0 0.002763562952168286
505.0 0.0025775007088668644
506.0 0.0023914386474643834
507.0 0.0022898824681760743
508.0 0.0021883262888877653
509.0 0.002095449781336356
510.0 0.0020025730918860063
511.0 0.001850240005296655
512.0 0.0016979069187073037
513.0 0.0019259161490481347
514.0 0.002153925561287906
515.0 0.0018801532860379666
516.0 0.0016063811926869676
517.0 0.001613515087228734
518.0 0.001620649163669441
519.0 0.0014798140000493731
520.0 0.0013389788364293054
521.0 0.0013329927242011763
522.0 0.0013270066119730473
523.0 0.0015343408449552953
524.0 0.001741674896038603
525.0 0.0019365246771485545
526.0 0.0021313742763595656
527.0 0.002217360815848224
528.0 0.002303347355336882
529.0 0.0024372426196350716
530.0 0.002571137883933261
531.0 0.0023240247173816897
532.0 0.0020769117327290587
533.0 0.0020127145035075955
534.0 0.0019485174561850727
535.0 0.0018120963432011195
536.0 0.0016756750483182259
537.0 0.0018336942957830615
538.0 0.0019917137251468375
539.0 0.002559196036600042
540.0 0.003126677984255366
541.0 0.0035408891562838107
542.0 0.003955100692110136
543.0 0.00440779076598119
544.0 0.004860480839852244
545.0 0.004791401806869544
546.0 0.0047223227738868445
547.0 0.004153964255237952
548.0 0.0035856057365890592
549.0 0.0030720078939339146
550.0 0.00255841005127877
551.0 0.0026230773073621094
552.0 0.0026877449272433296
553.0 0.002793633393594064
554.0 0.0028995220418437384
555.0 0.003498923615552485
556.0 0.0040983246435644105
557.0 0.004328984141466208
558.0 0.004559643639368005
559.0 0.004152519613853656
560.0 0.0037453955883393064
561.0 0.0038675385440001264
562.0 0.003989681499660946
563.0 0.0034990556741831824
564.0 0.003008430212503299
565.0 0.003213784657418728
566.0 0.003419138738536276
567.0 0.0039070993807399645
568.0 0.004395060386741534
569.0 0.0050296053814236075
570.0 0.005664150376105681
571.0 0.00603257431066595
572.0 0.006400998972821981
573.0 0.0064000210841186345
574.0 0.006399044650606811
575.0 0.006258999201236293
576.0 0.006118953751865774
577.0 0.005784776294603944
578.0 0.005450598837342113
579.0 0.005503328793565743
580.0 0.005556058385991491
581.0 0.006334196223178878
582.0 0.007112333696568385
583.0 0.00838527485029772
584.0 0.009658217459218577
585.0 0.010233493230771273
586.0 0.010808769729919732
587.0 0.010666328307706863
588.0 0.010523888340685517
589.0 0.01024606972350739
590.0 0.009968252561520785
591.0 0.009313277405453846
592.0 0.008658301521791145
593.0 0.00764054202591069
594.0 0.006622782530030236
595.0 0.005935864101047628
596.0 0.0052489471272565424
597.0 0.005684163625119254
598.0 0.0061193801229819655
599.0 0.007121473754523322
600.0 0.00812356811366044
601.0 0.009424462768947706
602.0 0.010725357424234971
603.0 0.010832845873665065
604.0 0.01094033577828668
605.0 0.01065534379449673
606.0 0.01037035181070678
607.0 0.00931926115299575
608.0 0.008268170495284721
609.0 0.006784604920540005
610.0 0.005301038618199527
611.0 0.00431429325544741
612.0 0.003327547528897412
613.0 0.003295349233667366
614.0 0.0032631505746394396
615.0 0.004259221532265656
616.0 0.00525529176229611
617.0 0.006799380207667127
618.0 0.008343467197846621
619.0 0.00965466897469014
620.0 0.010965870023937896
621.0 0.011022898252122104
622.0 0.011079926480306312
623.0 0.011199386790394783
624.0 0.01131884491769597
625.0 0.010369911615271121
626.0 0.009420976130058989
627.0 0.0077404838521033525
628.0 0.0060599912103498355
629.0 0.004903455555904657
630.0 0.003746919901459478
631.0 0.0030630326364189386
632.0 0.00237914573517628
633.0 0.002443237099214457
634.0 0.0025073282813536935
635.0 0.002764861892501358
636.0 0.0030223955036490224
637.0 0.003586810635169968
638.0 0.004151225584791973
639.0 0.004716162220574915
640.0 0.005281099220155738
641.0 0.005324317316990346
642.0 0.005367535413824953
643.0 0.005589273132500239
644.0 0.005811010123579763
645.0 0.004982690734323114
646.0 0.004154370981268585
647.0 0.0037072990380693227
648.0 0.003260227822465822
649.0 0.002615055382193532
650.0 0.001969883123820182
651.0 0.0017893138647195883
652.0 0.0016087446056189947
653.0 0.0015329913367168047
654.0 0.001457238249713555
655.0 0.0014081513654673472
656.0 0.0013590644812211394
657.0 0.0013843145097780507
658.0 0.001409564538334962
659.0 0.0014587442819902208
660.0 0.0015079241165949497
661.0 0.0014812724657531362
662.0 0.0014546207239618525
663.0 0.0016446430890937336
664.0 0.001834665090427734
665.0 0.002505002157704439
666.0 0.003175339224981144
667.0 0.003964724601246417
668.0 0.0047541107051074505
669.0 0.0056851149565773085
670.0 0.0066161192080471665
671.0 0.007099188951542601
672.0 0.007582257967442274
673.0 0.007526424451498315
674.0 0.0074705894803628325
675.0 0.007182118861237541
676.0 0.006893648242112249
677.0 0.005782136213383637
678.0 0.004670623820857145
679.0 0.0034614899050211534
680.0 0.002252355989185162
681.0 0.00139648227559519
682.0 0.0005406089712778339
683.0 0.00044242206058697775
684.0 0.00034423524084559176
685.0 0.0003348893415022758
686.0 0.0003255433739468572
687.0 0.00022517767774843378
688.0 0.0001248118906005402
689.0 0.0002888593144234619
690.0 0.000452906670034281
691.0 0.00027031510398956016
692.0 8.772344699536916e-05
693.0 0.0001976080056920182
694.0 0.00030749256438866723
695.0 0.00017164963992399862
696.0 3.580673535452661e-05
697.0 0.0002333576276214444
698.0 0.0004309085852582939
699.0 0.0002995648401338258
700.0 0.00016822123143356293
701.0 0.00016814209402582492
702.0 0.00016806294524940313
703.0 9.863513241725741e-05
704.0 2.9207353691163007e-05
705.0 0.00014878199863233021
706.0 0.0002683566208361299
707.0 0.0004135642484470736
708.0 0.0005587718987953849
709.0 0.0006466744707722683
710.0 0.0007345772246480919
711.0 0.0006137766831670888
712.0 0.0004929761416860856
713.0 0.0002640429556777235
714.0 3.5109695772916893e-05
715.0 0.00010762446436274331
716.0 0.00018013918179349275
717.0 0.00016514926528543583
718.0 0.0001501593487773789
719.0 0.00025526931040076306
720.0 0.0003603794084483525
721.0 0.0004794066171598388
722.0 0.0005984340532450005
723.0 0.00047704447752039414
724.0 0.00035565481084631756
725.0 0.0002898858156186179
726.0 0.0002241168203909183
727.0 0.0002469250375725096
728.0 0.0002697334366530413
729.0 0.0003820269739662763
730.0 0.0004943203293805709
731.0 0.000304654327010212
732.0 0.00011498832463985309
733.0 0.00031906399726722157
734.0 0.0005231398517935304
735.0 0.0002823509930749424
736.0 4.156223383233737e-05
737.0 4.664269965815038e-05
738.0 5.172319106350187e-05
739.0 0.00015843966139073018
740.0 0.0002651561317179585
741.0 0.0002906760528276209
742.0 0.00031619597393728327
743.0 0.00037223514937068103
744.0 0.0004282741883798735
745.0 0.0005539781795960153
746.0 0.0006796818979637465
747.0 0.00044076668928028084
748.0 0.00020185134417260997
749.0 0.00022512622308568098
750.0 0.00024840112473611953
751.0 0.00037261390843923436
752.0 0.0004968267148797167
753.0 0.000289649096885114
754.0 8.24715243652463e-05
755.0 0.000503903538628947
756.0 0.0009253355528926477
757.0 0.0006028590632922715
758.0 0.0002803826646413654
759.0 0.00023467505343433004
760.0 0.00018896740812124335
761.0 0.0004755462668981636
762.0 0.0007621251370437676
763.0 0.0006984567335166503
764.0 0.0006347881935653277
765.0 0.0005526045697479276
766.0 0.0004704209459305275
767.0 0.0005460661668621469
768.0 0.0006217115242179716
769.0 0.0005597099971055286
770.0 0.0004977083790436154
771.0 0.0007018673841230338
772.0 0.0009060264346771874
773.0 0.0005683085419150302
774.0 0.00023059062641550554
775.0 0.000312333031615708
776.0 0.00039407555050274823
777.0 0.00023445038550562458
778.0 7.482517503376585e-05
779.0 0.0005339772087609163
780.0 0.000993129378912272
781.0 0.0008288020580948796
782.0 0.0006644746918027522
783.0 0.000744355338611058
784.0 0.0008242360308940988
785.0 0.0006689236215606797
786.0 0.0005136110303283203
787.0 0.00024251676222775131
788.0 1.5750015224316738e-10
789.0 0.0002286766402903595
790.0 0.0004859308319282718
791.0 0.0006304637736320728
792.0 0.0007749965334369335
793.0 0.0008541959687136114
794.0 0.000933395313040819
795.0 0.000716803151590284
796.0 0.000500211035614484
797.0 0.0005921554929955164
798.0 0.0006840998594270786
799.0 0.0004138059011893347
800.0 0.0001435120907444798
801.0 0.000510895597471972
802.0 0.0008782792065176181
803.0 0.000833869580674218
804.0 0.0007894599548308179
805.0 0.0006363825832522707
806.0 0.00048330516619898845
807.0 0.00031256527108780574
808.0 0.00014182537597662304
809.0 0.000449780009148526
810.0 0.000757734642320429
811.0 0.0006832566668890649
812.0 0.0006087786459829658
813.0 0.0007676408131374046
814.0 0.0009265027983929031
815.0 0.0008098011676338501
816.0 0.0006930995368747972
817.0 0.0008354747478733771
818.0 0.0009778501407708973
819.0 0.0009085661986318883
820.0 0.0008392822564928792
821.0 0.0009055354894371703
822.0 0.0009717887223814614
823.0 0.0008797826012596488
824.0 0.0007877765710873064
825.0 0.0009533396223559976
826.0 0.0011189028555236291
827.0 0.0007437778549501672
828.0 0.0003686526042656624
829.0 0.0004987153261026833
830.0 0.0006287779797276016
831.0 0.0006635337285842979
832.0 0.0006982898412388749
833.0 0.0009385658813698683
834.0 0.0011788420124503318
835.0 0.0010912830475717783
836.0 0.0010037239007942844
837.0 0.000734934792490094
838.0 0.0004661458660848439
839.0 0.00042649417082429864
840.0 0.0003868424755637534
841.0 0.0008255341526819393
842.0 0.0012642258298001252
843.0 0.0011203700523765292
844.0 0.000976514184003463
845.0 0.0008478701602143701
846.0 0.000719226000001072
847.0 0.0009814833902055398
848.0 0.0012437407349352725
849.0 0.0009884138307825197
850.0 0.0007330867902055616
851.0 0.0006890887107147137
852.0 0.000645090722173336
853.0 0.0007863517566875089
854.0 0.0009276128366764169
855.0 0.0008690290997037664
856.0 0.0008104453627311159
857.0 0.0009934836270986125
858.0 0.001176521891466109
859.0 0.0008109785085252952
860.0 0.0004454353984328918
861.0 0.0009462183697905857
862.0 0.0014470012501988094
863.0 0.0014495209143206012
864.0 0.0014520404874929227
865.0 0.001871448512247298
866.0 0.002290856537001673
867.0 0.0026148982215090655
868.0 0.002938939906016458
869.0 0.00286177200905513
870.0 0.002784603930194862
871.0 0.00317999001708813
872.0 0.003575376103981398
873.0 0.002920388760685455
874.0 0.002265401417389512
875.0 0.002104139275616035
876.0 0.001942876770044677
