lsstCam/transmission_filter_detector/r32_s12/y_10/19700101T000000.ecsv
# %ECSV 1.0
# ---
# datatype:
# - {name: wavelength, unit: nm, datatype: float32}
# - {name: efficiency, unit: '%', datatype: float64}
# meta: !!omap
# - {MODE: DETECTOR}
# - {TYPE: transmission_filter_detector}
# - {CALIBDATE: '1970-01-01T00:00:00'}
# - {INSTRUME: LSSTCam}
# - {OBSTYPE: transmission_filter_detector}
# - {CALIBCLS: lsst.ip.isr.IntermediateFilterDetectorTransmissionCurve}
# - {SOURCE: Materion (DM-46256)}
# - {DETECTOR: 140}
# - {FILTER: y_10}
# - {CALIB_ID: 'calibDate=1970-01-01T00:00:00 filter=y_10 detector=140'}
# - {DATE: '2025-04-02T15:59:51.393159'}
# - {CALIB_CREATION_DATE: '2025-04-02'}
# - {CALIB_CREATION_TIME: '15:59:51'}
# - __serialized_columns__:
#     efficiency:
#       __class__: astropy.units.quantity.Quantity
#       unit: !astropy.units.Unit {unit: '%'}
#       value: !astropy.table.SerializedColumn {name: efficiency}
#     wavelength:
#       __class__: astropy.units.quantity.Quantity
#       unit: !astropy.units.Unit {unit: nm}
#       value: !astropy.table.SerializedColumn {name: wavelength}
# schema: astropy-2.0
wavelength efficiency
[from data line 578]
878.0 0.0024318516807397828
879.0 0.0018941696907859296
880.0 0.035928169381804764
881.0 0.10139136575162411
882.0 0.036116375122219324
883.0 0.1042804098688066
884.0 0.034714798675850034
885.0 0.10028241667896509
886.0 0.034218255314044654
887.0 0.10639544343575835
888.0 0.04378815065138042
889.0 0.11073494097217917
890.0 0.04343161126598716
891.0 0.10329104261472821
892.0 0.035665847826749086
893.0 0.10473893489688635
894.0 0.05070504266768694
895.0 0.11929417960345745
896.0 0.060437829233706
897.0 0.13422451447695494
898.0 0.05907205049879849
899.0 0.14218240976333618
900.0 0.08046682341955602
901.0 0.14260753523558378
902.0 0.1755842473357916
903.0 0.18699865322560072
904.0 0.22706093732267618
905.0 0.28153941966593266
906.0 0.3545951098203659
907.0 0.4467261955142021
908.0 0.6078491453081369
909.0 0.837215781211853
910.0 1.2048964388668537
911.0 1.7101123929023743
912.0 2.5143124163150787
913.0 3.6929264664649963
914.0 5.0865136086940765
915.0 7.074316591024399
916.0 9.4092458486557
917.0 11.912120133638382
918.0 14.739990234375
919.0 17.41243004798889
920.0 20.992925763130188
921.0 24.783526360988617
922.0 28.601273894309998
923.0 33.17916393280029
924.0 38.12414109706879
925.0 43.57377290725708
926.0 50.02096891403198
927.0 56.85710906982422
928.0 62.852948904037476
929.0 69.22740936279297
930.0 74.72510933876038
931.0 80.1015317440033
932.0 84.93885397911072
933.0 88.94293308258057
934.0 91.77928566932678
935.0 93.75467300415039
936.0 95.16947269439697
937.0 96.16672992706299
938.0 96.79744243621826
939.0 97.05642461776733
940.0 97.29602336883545
941.0 97.45440483093262
942.0 97.5884199142456
943.0 97.61147499084473
944.0 97.87207841873169
945.0 97.79033064842224
946.0 97.8663682937622
947.0 97.77334928512573
948.0 97.95640110969543
949.0 97.87359833717346
950.0 98.0239987373352
951.0 98.0634093284607
952.0 98.09267520904541
953.0 98.32133650779724
954.0 98.4059989452362
955.0 98.47949147224426
956.0 98.65722060203552
957.0 98.81032109260559
958.0 98.93968105316162
959.0 98.94366264343262
960.0 99.05725121498108
961.0 99.07845258712769
962.0 99.13094639778137
963.0 99.1632342338562
964.0 99.19458031654358
965.0 99.19204115867615
966.0 99.27608370780945
967.0 99.33745861053467
968.0 99.32537078857422
969.0 99.30788278579712
970.0 99.38175082206726
971.0 99.41136240959167
972.0 99.45893883705139
973.0 99.54093098640442
974.0 99.54333305358887
975.0 99.48747754096985
976.0 99.55811500549316
977.0 99.49589967727661
978.0 99.57445859909058
979.0 99.48236346244812
980.0 99.44657683372498
981.0 99.35808777809143
982.0 99.31346774101257
983.0 99.32302236557007
984.0 99.27109479904175
985.0 99.3159294128418
986.0 99.17007088661194
987.0 99.26408529281616
988.0 99.15876984596252
989.0 99.15490746498108
990.0 99.14891123771667
991.0 99.16907548904419
992.0 99.27750825881958
993.0 99.2068350315094
994.0 99.2049515247345
995.0 99.24604892730713
996.0 99.22486543655396
997.0 99.37049150466919
998.0 99.41752552986145
999.0 99.40133690834045
1000.0 99.46126937866211
1001.0 99.4007408618927
1002.0 99.51204657554626
1003.0 99.51476454734802
1004.0 99.58428144454956
1005.0 99.47356581687927
1006.0 99.61463212966919
1007.0 99.58736896514893
1008.0 99.53508973121643
1009.0 99.49674010276794
1010.0 99.56235885620117
1011.0 99.52329397201538
1012.0 99.46326613426208
1013.0 99.4568407535553
1014.0 99.42142963409424
1015.0 99.40553307533264
1016.0 99.37764406204224
1017.0 99.43926334381104
1018.0 99.4979977607727
1019.0 99.41103458404541
1020.0 99.45375323295593
1021.0 99.59457516670227
1022.0 99.46452975273132
1023.0 99.52826499938965
1024.0 99.51092600822449
1025.0 99.53102469444275
1026.0 99.59102272987366
1027.0 99.68677759170532
1028.0 99.57932233810425
1029.0 99.68422055244446
1030.0 99.74837899208069
1031.0 99.66678619384766
1032.0 99.69865679740906
1033.0 99.66935515403748
1034.0 99.69435334205627
1035.0 99.74617958068848
1036.0 99.63631629943848
1037.0 99.67367649078369
1038.0 99.63303208351135
1039.0 99.50997829437256
1040.0 99.45226311683655
1041.0 99.58997368812561
1042.0 99.49610233306885
1043.0 99.52723979949951
1044.0 99.56555962562561
1045.0 99.23937320709229
1046.0 99.45477843284607
1047.0 99.43540096282959
1048.0 99.47150349617004
1049.0 99.39999580383301
1050.0 99.34809803962708
1051.0 99.35457110404968
1052.0 99.32577013969421
1053.0 99.2208182811737
1054.0 99.46669936180115
1055.0 99.55476522445679
1056.0 99.35863614082336
1057.0 99.4902491569519
1058.0 99.28233027458191
1059.0 99.29874539375305
1060.0 99.45184588432312
1061.0 99.36141967773438
1062.0 99.36985373497009
1063.0 99.27617907524109
1064.0 99.3837058544159
1065.0 99.34653639793396
1066.0 99.35028553009033
1067.0 99.52081441879272
1068.0 99.41385984420776
1069.0 99.1507351398468
1070.0 99.58027005195618
1071.0 99.37750101089478
1072.0 99.44190382957458
1073.0 99.56902265548706
1074.0 99.10115599632263
1075.0 99.16257858276367
1076.0 99.043869972229
1077.0 99.37524795532227
1078.0 99.41409230232239
1079.0 99.12364482879639
1080.0 99.86076354980469
1081.0 99.07435178756714
1082.0 99.19772148132324
1083.0 98.93347024917603
1084.0 99.43211674690247
1085.0 99.2205262184143
1086.0 99.14931654930115
1087.0 99.23459887504578
1088.0 98.97198677062988
1089.0 98.83296489715576
1090.0 99.01793003082275
1091.0 99.07996654510498
1092.0 98.84486198425293
1093.0 98.96455407142639
1094.0 98.74435067176819
1095.0 98.63578677177429
1096.0 98.72105717658997
1097.0 98.69622588157654
1098.0 97.91972637176514
1099.0 98.78262877464294
1100.0 98.13693165779114
