lsstCam/transmission_sensor/r23_s11/19700101T000000.ecsv
# %ECSV 1.0
# ---
# datatype:
# - {name: amp_name, datatype: string}
# - {name: wavelength, unit: nm, datatype: float32}
# - {name: efficiency, unit: '%', datatype: float64}
# meta: !!omap
# - {MODE: AMP}
# - {TYPE: transmission_sensor}
# - {CALIBDATE: '1970-01-01T00:00:00'}
# - {INSTRUME: LSSTCam}
# - {OBSTYPE: transmission_sensor}
# - {DETECTOR: 103}
# - {PARQUETFILE: qe_raft_allvalues_nircorrected_20230725_adjust.parquet}
# - {CORRFILE: qe_corr_factor_bydetnum.parquet}
# - {CALIBCLS: lsst.ip.isr.IntermediateSensorTransmissionCurve}
# - {CALIB_ID: 'raftName=R23 detectorName=S11 detector=103 calibDate=1970-01-01T00:00:00 ccd=103 ccdnum=103 filter=None'}
# - {DATE: '2025-03-03T21:56:47.956415'}
# - {CALIB_CREATION_DATE: '2025-03-03'}
# - {CALIB_CREATION_TIME: '21:56:47'}
# - __serialized_columns__:
#     efficiency:
#       __class__: astropy.units.quantity.Quantity
#       unit: !astropy.units.Unit {unit: '%'}
#       value: !astropy.table.SerializedColumn {name: efficiency}
#     wavelength:
#       __class__: astropy.units.quantity.Quantity
#       unit: !astropy.units.Unit {unit: nm}
#       value: !astropy.table.SerializedColumn {name: wavelength}
# schema: astropy-2.0
amp_name wavelength efficiency
C00 319.994 45.1680295015481
C00 324.969 49.87859648122802
C00 349.982 63.223515693640195
C00 374.975 66.90500421946004
C00 400.019 79.65570099109262
C00 424.965 85.9134399718469
C00 450.035 89.68585841810997
C00 475.003 93.79644230825137
C00 500.018 95.71855573488098
C00 525.002 98.26393295290012
C00 550.029 98.83469803193341
C00 575.023 99.97349380205578
C00 599.982 99.67032237917161
C00 619.997 99.80176502212002
C00 624.979 100.55897541845185
C00 650.012 99.9382847168413
C00 675.004 98.44983292878281
C00 700.03 97.88141819444316
C00 725.012 96.48562068102306
C00 750.022 96.72236798328444
C00 774.987 95.52107301456036
C00 799.976 94.63083003622265
C00 824.988 93.80329363984198
C00 850.022 90.75578755253575
C00 869.967 87.59909796908556
C00 875.002 86.5606603812085
C00 899.999 79.81507125922425
C00 919.999 71.87846416590182
C00 925.012 69.11348333632782
C00 949.965 56.047417928172194
C00 975.002 42.1780492527484
C00 999.976 25.697866229836695
C00 1025.028 11.112943369364912
C00 1050.014 3.8868786966702094
C00 1075.002 0.9214692410012151
C00 1099.99 0.09142733155574592
C01 319.994 45.552522082745625
C01 324.969 50.31187407654855
C01 349.982 63.832381703564955
C01 374.975 67.45594498589766
C01 400.019 80.05135002871991
C01 424.965 86.21496768961853
C01 450.035 89.93630838355256
C01 475.003 94.02169135558997
C01 500.018 95.9252170888908
C01 525.002 98.46345110244889
C01 550.029 99.02765672276203
C01 575.023 100.16426344635602
C01 599.982 99.86007814929026
C01 619.997 99.98879408515947
C01 624.979 100.75050546838827
C01 650.012 100.12628156887223
C01 675.004 98.63332879391679
C01 700.03 98.060958414096
C01 725.012 96.65331700682758
C01 750.022 96.87210644669118
C01 774.987 95.65368314899058
C01 799.976 94.74822437706432
C01 824.988 93.90774572313863
C01 850.022 90.88016379967324
C01 869.967 87.59716239110257
C01 875.002 86.49366787657483
C01 899.999 79.82333586997704
C01 919.999 72.1359498036953
C01 925.012 69.25962715490898
C01 949.965 55.89633915382089
C01 975.002 41.82001725151682
C01 999.976 25.42271460251588
C01 1025.028 10.96210654226148
C01 1050.014 3.8869175810493317
C01 1075.002 0.922895792378912
C01 1099.99 0.0915688726728952
C02 319.994 45.91299275861848
C02 324.969 50.71077212007587
C02 349.982 64.34504871964835
C02 374.975 67.91304862448506
C02 400.019 80.35849245881523
C02 424.965 86.44592361966095
C02 450.035 90.12266153047095
C02 475.003 94.18408020367127
C02 500.018 96.06877245596296
C02 525.002 98.59977877554486
C02 550.029 99.1528010564007
C02 575.023 100.28450738811709
C02 599.982 99.97622819000001
C02 619.997 100.10215597186989
C02 624.979 100.85971968799228
C02 650.012 100.23647125833276
C02 675.004 98.73660570486662
C02 700.03 98.16087878703564
C02 725.012 96.74091727228816
C02 750.022 96.94751717937788
C02 774.987 95.71547570801121
C02 799.976 94.80315024276433
C02 824.988 93.96028283981993
C02 850.022 90.85043117121222
C02 869.967 87.65451541014633
C02 875.002 86.56042995525816
C02 899.999 79.69359837906127
C02 919.999 71.92238335203979
C02 925.012 69.09096304011297
C02 949.965 55.9908176338996
C02 975.002 41.78276505620917
C02 999.976 25.337222734501076
C02 1025.028 10.841796353039667
C02 1050.014 3.836892107226914
C02 1075.002 0.9236142269918017
C02 1099.99 0.09164015509517379
C03 319.994 45.98410988776354
C03 324.969 50.778809222351164
C03 349.982 64.37645193624944
C03 374.975 67.9329113414058
C03 400.019 80.31965032445012
C03 424.965 86.3695220553877
C03 450.035 90.02496092751976
C03 475.003 94.07359096047529
C03 500.018 95.94238382219237
C03 525.002 98.45309729641286
C03 550.029 99.00062007792019
C03 575.023 100.12268692404668
C03 599.982 99.80443028227914
C03 619.997 99.92900623190694
C03 624.979 100.68310587790896
C03 650.012 100.05209977458743
C03 675.004 98.55479963003526
C03 700.03 97.97432593762693
C03 725.012 96.5534888042681
C03 750.022 96.75247697413104
C03 774.987 95.51351504338867
C03 799.976 94.59724929439068
C03 824.988 93.76089526497637
C03 850.022 90.6384700203442
C03 869.967 87.41558674222156
C03 875.002 86.33511178013445
C03 899.999 79.54930564894796
C03 919.999 71.70453097770763
C03 925.012 68.88165946853906
C03 949.965 55.8344429031226
C03 975.002 41.66503659773948
C03 999.976 25.3041239669486
C03 1025.028 10.796492690983307
C03 1050.014 3.8059665444187423
C03 1075.002 0.9217560887097584
C03 1099.99 0.09145579232186601
C04 319.994 46.22932534370052
C04 324.969 51.04657569796305
C04 349.982 64.70098768516418
C04 374.975 68.23403197333181
C04 400.019 80.51482110440216
C04 424.965 86.51232469768871
C04 450.035 90.13533495774057
C04 475.003 94.16225886617251
C04 500.018 96.01738746903344
C04 525.002 98.52044312083709
C04 550.029 99.05992403667697
C04 575.023 100.17559272224855
C04 599.982 99.8511913884715
C04 619.997 99.97225718278887
C04 624.979 100.72515861384903
C04 650.012 100.09102639846768
C04 675.004 98.58962467199915
C04 700.03 98.00536431313996
C04 725.012 96.58850586785728
C04 750.022 96.78958323300347
C04 774.987 95.5553450342434
C04 799.976 94.64050792613763
C04 824.988 93.79062789343737
C04 850.022 90.68702844894935
C04 869.967 87.41831344930078
C04 875.002 86.3395897244364
C04 899.999 79.5621864595729
C04 919.999 71.6859586461089
C04 925.012 68.84555940298318
C04 949.965 55.82618597323482
C04 975.002 41.58289742730236
C04 999.976 25.346745086899563
C04 1025.028 10.783829824903085
C04 1050.014 3.7954800034342324
C04 1075.002 0.9221095981683355
C04 1099.99 0.09149086720558357
C05 319.994 46.579661118190195
C05 324.969 51.432423951835176
C05 349.982 65.18614952364
C05 374.975 68.68032095398247
C05 400.019 80.87032994147734
C05 424.965 86.81786182699655
C05 450.035 90.4171535758917
C05 475.003 94.42901530803533
C05 500.018 96.2753109161326
C05 525.002 98.77539407317664
C05 550.029 99.30786235926067
C05 575.023 100.42095027418826
C05 599.982 100.09313863634594
C05 619.997 100.20908129370036
C05 624.979 100.96407192004376
C05 650.012 100.3271592315281
C05 675.004 98.81823793821295
C05 700.03 98.23694239324836
C05 725.012 96.82086739619687
C05 750.022 97.03564742452427
C05 774.987 95.80860619628034
C05 799.976 94.89137265829086
C05 824.988 94.02801270749475
C05 850.022 90.92621826628451
C05 869.967 87.60915222138613
C05 875.002 86.507347497161
C05 899.999 79.68583302453425
C05 919.999 71.82903011868531
C05 925.012 68.97144878052801
C05 949.965 55.814368962414036
C05 975.002 41.56793894269171
C05 999.976 25.366932320367052
C05 1025.028 10.809147876198518
C05 1050.014 3.806390672183617
C05 1075.002 0.9244538393256757
C05 1099.99 0.09172346065960477
C06 319.994 47.06521468078162
C06 324.969 51.96717729526024
C06 349.982 65.86325617876287
C06 374.975 69.38792832406754
C06 400.019 81.64847069496656
C06 424.965 87.6234770346333
C06 450.035 91.23859904631794
C06 475.003 95.28173726078997
C06 500.018 97.13876303730885
C06 525.002 99.65459964849228
C06 550.029 100.1892032150496
C06 575.023 101.30623141372828
C06 599.982 100.97489425884552
C06 619.997 101.0919045564366
C06 624.979 101.85358521620536
C06 650.012 101.20708680815486
C06 675.004 99.68625249320625
C06 700.03 99.1004559613447
C06 725.012 97.68716911829254
C06 750.022 97.92424669774944
C06 774.987 96.70435635483157
C06 799.976 95.77829750294343
C06 824.988 94.88770888568018
C06 850.022 91.74198757746697
C06 869.967 88.36309056922289
C06 875.002 87.24206063987303
C06 899.999 80.2638027549487
C06 919.999 72.3505454912624
C06 925.012 69.47334722386474
C06 949.965 56.16917884077313
C06 975.002 41.80801974036825
C06 999.976 25.48412695871842
C06 1025.028 10.866799488869612
C06 1050.014 3.8336707044355225
C06 1075.002 0.9329194804386335
C06 1099.99 0.09256341379360777
C07 319.994 46.820141320847355
C07 324.969 51.68922599264259
C07 349.982 65.46633979840861
C07 374.975 68.92231428704697
C07 400.019 80.98501293696982
C07 424.965 86.85967645612126
C07 450.035 90.41623955295529
C07 475.003 94.40406785847672
C07 500.018 96.2281504049596
C07 525.002 98.71140478676261
C07 550.029 99.22758963902145
C07 575.023 100.33086908932884
C07 599.982 99.99436271229308
C07 619.997 100.10311607999638
C07 624.979 100.85683168274781
C07 650.012 100.21156989396422
C07 675.004 98.70337060196019
C07 700.03 98.12527797770555
C07 725.012 96.74445815105864
C07 750.022 97.00405602673038
C07 774.987 95.8175006379641
C07 799.976 94.90191848595218
C07 824.988 94.00406377038769
C07 850.022 90.87218338092589
C07 869.967 87.46918381827452
C07 875.002 86.34414447738844
C07 899.999 79.42539793457621
C07 919.999 71.54518375217104
C07 925.012 68.66157964335346
C07 949.965 55.46553095660168
C07 975.002 41.29048689629984
C07 999.976 25.188315724731883
C07 1025.028 10.76274201001295
C07 1050.014 3.804944509318098
C07 1075.002 0.9241528686433732
C07 1099.99 0.0916935986250028
C10 319.994 43.71657644025188
C10 324.969 48.273733503049385
C10 349.982 61.1735273858602
C10 374.975 65.15806828115655
C10 400.019 78.67521552973025
C10 424.965 85.34916522374864
C10 450.035 89.35411417738158
C10 475.003 93.61573459711671
C10 500.018 95.6392200801732
C10 525.002 98.25486185132108
C10 550.029 98.87873243104657
C10 575.023 100.05533341875744
C10 599.982 99.78492856601396
C10 619.997 99.93282362181785
C10 624.979 100.69461949456178
C10 650.012 100.09498204394879
C10 675.004 98.61701463663154
C10 700.03 98.06079711593075
C10 725.012 96.66453875060995
C10 750.022 96.90451969704134
C10 774.987 95.71075965689391
C10 799.976 94.8337584898367
C10 824.988 94.02108456725402
C10 850.022 91.03209899047337
C10 869.967 87.87896564752369
C10 875.002 86.81876816906795
C10 899.999 80.25299577787698
C10 919.999 72.35874865509508
C10 925.012 69.4850912664679
C10 949.965 56.38771865252383
C10 975.002 42.063093586548
C10 999.976 25.61663148125473
C10 1025.028 11.024928337193701
C10 1050.014 3.868339008747768
C10 1075.002 0.9232045913547826
C10 1099.99 0.09159951142359328
C11 319.994 44.155822067686636
C11 324.969 48.76494402272207
C11 349.982 61.84232334504021
C11 374.975 65.72191290081413
C11 400.019 78.98266519442605
C11 424.965 85.51398122517371
C11 450.035 89.43390300312505
C11 475.003 93.64405394641554
C11 500.018 95.63451170992091
C11 525.002 98.22948427332182
C11 550.029 98.83919901883039
C11 575.023 100.00694396918254
C11 599.982 99.729380550248
C11 619.997 99.87798224563298
C11 624.979 100.63832643488966
C11 650.012 100.03258269659223
C11 675.004 98.5545077571648
C11 700.03 97.9917538203389
C11 725.012 96.58855195304736
C11 750.022 96.81070561178615
C11 774.987 95.60014751985773
C11 799.976 94.71400612343636
C11 824.988 93.89253761041509
C11 850.022 90.90838329772691
C11 869.967 87.68490091213334
C11 875.002 86.60958749133422
C11 899.999 80.14223770440556
C11 919.999 72.28602622516254
C11 925.012 69.36939439679385
C11 949.965 56.11159155534651
C11 975.002 41.934581193601616
C11 999.976 25.509283711848603
C11 1025.028 10.957206150383897
C11 1050.014 3.8741373417506475
C11 1075.002 0.9223108295682287
C11 1099.99 0.09151083320021348
C12 319.994 44.56708246345059
C12 324.969 49.233768661317605
C12 349.982 62.50277020395229
C12 374.975 66.2749505434
C12 400.019 79.2804523309369
C12 424.965 85.66717607783579
C12 450.035 89.5102508013432
C12 475.003 93.67426278850729
C12 500.018 95.63531051988215
C12 525.002 98.21353879755713
C12 550.029 98.81409795197153
C12 575.023 99.97847100258349
C12 599.982 99.6968751295177
C12 619.997 99.84448599331614
C12 624.979 100.60687329266598
C12 650.012 100.00192068346477
C12 675.004 98.5271024308024
C12 700.03 97.95876450511285
C12 725.012 96.54989415944253
C12 750.022 96.76204733193585
C12 774.987 95.54072066726077
C12 799.976 94.64790459914407
C12 824.988 93.82103643801943
C12 850.022 90.82730408666143
C12 869.967 87.62388412047892
C12 875.002 86.50209378549287
C12 899.999 79.9091848982149
C12 919.999 72.24617021661587
C12 925.012 69.39426503770234
C12 949.965 56.04900402679715
C12 975.002 41.64177893848348
C12 999.976 25.32488918550824
C12 1025.028 10.853440544397687
C12 1050.014 3.8569658079084483
C12 1075.002 0.9218472647479602
C12 1099.99 0.0914648387246147
C13 319.994 45.00565601519681
C13 324.969 49.71004757940718
C13 349.982 63.070201787570426
C13 374.975 66.82138264207563
C13 400.019 79.7453136431863
C13 424.965 86.08568336973845
C13 450.035 89.90461713451351
C13 475.003 94.05786054893093
C13 500.018 96.00628861909126
C13 525.002 98.5777039695007
C13 550.029 99.16855451054009
C13 575.023 100.32608391042645
C13 599.982 100.03555519135183
C13 619.997 100.17824262067765
C13 624.979 100.94069136694759
C13 650.012 100.32876453231559
C13 675.004 98.84158008698407
C13 700.03 98.26881030218267
C13 725.012 96.85072291849808
C13 750.022 97.05965012768641
C13 774.987 95.82754720939965
C13 799.976 94.92466152725237
C13 824.988 94.08853792378841
C13 850.022 91.06226942824006
C13 869.967 87.85834252496676
C13 875.002 86.75317358186643
C13 899.999 80.0160641348553
C13 919.999 72.33820234118829
C13 925.012 69.51162865508398
C13 949.965 56.21479933851123
C13 975.002 41.68563667770136
C13 999.976 25.322235446646634
C13 1025.028 10.838546387031514
C13 1050.014 3.8474309741043173
C13 1075.002 0.9246825120280955
C13 1099.99 0.09174614935506156
C14 319.994 45.37624239029032
C14 324.969 50.115512762519664
C14 349.982 63.54212949563077
C14 374.975 67.24508987959135
C14 400.019 80.04307773710211
C14 424.965 86.31382042232151
C14 450.035 90.08913455469407
C14 475.003 94.21755341339308
C14 500.018 96.14984398616343
C14 525.002 98.70789463145218
C14 550.029 99.28534974391083
C14 575.023 100.4357743436612
C14 599.982 100.14213487425677
C14 619.997 100.27353143201512
C14 624.979 101.03569598627962
C14 650.012 100.418845717175
C14 675.004 98.92256712766941
C14 700.03 98.35010457746849
C14 725.012 96.92863761317867
C14 750.022 97.13735743901167
C14 774.987 95.90617622452633
C14 799.976 95.00018747291425
C14 824.988 94.16576902148293
C14 850.022 91.09237073822165
C14 869.967 87.93211723340593
C14 875.002 86.83201766121346
C14 899.999 80.00334462239562
C14 919.999 72.2407705685125
C14 925.012 69.38606187386965
C14 949.965 56.21972277298384
C14 975.002 41.756726923818874
C14 999.976 25.378169425879445
C14 1025.028 10.832366171021324
C14 1050.014 3.8365728712748575
C14 1075.002 0.925422825768629
C14 1099.99 0.09181960260428505
C15 319.994 45.477545318932094
C15 324.969 50.220129984414065
C15 349.982 63.65702755534358
C15 374.975 67.28841763912341
C15 400.019 79.89187990934312
C15 424.965 86.06209543328694
C15 450.035 89.77634668881501
C15 475.003 93.8622365979432
C15 500.018 95.76648433255515
C15 525.002 98.30239872487965
C15 550.029 98.86549830063109
C15 575.023 100.00106810744846
C15 599.982 99.69754336477374
C15 619.997 99.82757272855996
C15 624.979 100.58774025792137
C15 650.012 99.96777155762193
C15 675.004 98.47686957362465
C15 700.03 97.90636564400177
C15 725.012 96.49988404735014
C15 750.022 96.71593909926949
C15 774.987 95.50005816788784
C15 799.976 94.60211128194321
C15 824.988 93.76726270207122
C15 850.022 90.67758866584974
C15 869.967 87.54240550443284
C15 875.002 86.46121622189962
C15 899.999 79.5912662145079
C15 919.999 71.74367266580822
C15 925.012 68.91626944628261
C15 949.965 55.99313341470069
C15 975.002 41.56368758390764
C15 999.976 25.253382252463826
C15 1025.028 10.766376979379826
C15 1050.014 3.811338589413462
C15 1075.002 0.9214079937953744
C15 1099.99 0.09142125466424907
C16 319.994 45.74204358648142
C16 324.969 50.51208350394839
C16 349.982 64.01369236260304
C16 374.975 67.64876542115607
C16 400.019 80.23276437943566
C16 424.965 86.38094350166038
C16 450.035 90.08641552847986
C16 475.003 94.16997813550945
C16 500.018 96.06960198938424
C16 525.002 98.60394180438131
C16 550.029 99.16367716125754
C16 575.023 100.30191222823403
C16 599.982 99.99430126537298
C16 619.997 100.12646590963251
C16 624.979 100.88430613689533
C16 650.012 100.25942936385329
C16 675.004 98.76219066622122
C16 700.03 98.19184803476357
C16 725.012 96.79417639028057
C16 750.022 97.03428791141717
C16 774.987 95.83211732408172
C16 799.976 94.934116672082
C16 824.988 94.09656442772584
C16 850.022 90.98095211035921
C16 869.967 87.80595134472068
C16 875.002 86.72674372536054
C16 899.999 79.86598003252304
C16 919.999 71.90557761939377
C16 925.012 69.04485480744661
C16 949.965 56.09299618115273
C16 975.002 41.682633459481714
C16 999.976 25.34143760917635
C16 1025.028 10.798671176322303
C16 1050.014 3.8334570803773795
C16 1075.002 0.9244408867526223
C16 1099.99 0.0917221755172057
C17 319.994 45.91105718063548
C17 324.969 50.692606874322756
C17 349.982 64.20828323724669
C17 374.975 67.79996324891506
C17 400.019 80.28948756754845
C17 424.965 86.38855523888716
C17 450.035 90.0656387886227
C17 475.003 94.13147395920485
C17 500.018 96.01555942316061
C17 525.002 98.53874662216042
C17 550.029 99.0893417496725
C17 575.023 100.21825992738958
C17 599.982 99.90443514473391
C17 619.997 100.02786664547493
C17 624.979 100.78647495923893
C17 650.012 100.1589559686328
C17 675.004 98.66251608096195
C17 700.03 98.09466204976816
C17 725.012 96.71569331158912
C17 750.022 96.98420867153966
C17 774.987 95.80749247085362
C17 799.976 94.91742615241118
C17 824.988 94.07946682220937
C17 850.022 90.96150416014912
C17 869.967 87.7748207988275
C17 875.002 86.69167289571627
C17 899.999 79.85077960066451
C17 919.999 71.81492036965848
C17 925.012 68.92560169727206
C17 949.965 56.051304445868205
C17 975.002 41.65299684183335
C17 999.976 25.36473943340616
C17 1025.028 10.827835420772438
C17 1050.014 3.85584104123827
C17 1075.002 0.9239637836692884
C17 1099.99 0.0916748377875829
