lsstCam/transmission_sensor/r23_s11/19700101T000000.ecsv
# %ECSV 1.0
# ---
# datatype:
# - {name: amp_name, datatype: string}
# - {name: wavelength, unit: nm, datatype: float32}
# - {name: efficiency, unit: '%', datatype: float64}
# meta: !!omap
# - {MODE: AMP}
# - {TYPE: transmission_sensor}
# - {CALIBDATE: '1970-01-01T00:00:00'}
# - {INSTRUME: LSSTCAM}
# - {OBSTYPE: transmission_sensor}
# - {DETECTOR: 103}
# - {PARQUETFILE: qe_raft_allvalues_nircorrected_20230725.parquet}
# - {CALIBCLS: lsst.ip.isr.IntermediateSensorTransmissionCurve}
# - {CALIB_ID: 'raftName=R23 detectorName=S11 detector=103 calibDate=1970-01-01T00:00:00 ccd=103 ccdnum=103 filter=None'}
# - {DATE: '2024-01-18T22:42:25.339777'}
# - {CALIB_CREATION_DATE: '2024-01-18'}
# - {CALIB_CREATION_TIME: '22:42:25'}
# - __serialized_columns__:
#     efficiency:
#       __class__: astropy.units.quantity.Quantity
#       unit: !astropy.units.Unit {unit: '%'}
#       value: !astropy.table.SerializedColumn {name: efficiency}
#     wavelength:
#       __class__: astropy.units.quantity.Quantity
#       unit: !astropy.units.Unit {unit: nm}
#       value: !astropy.table.SerializedColumn {name: wavelength}
# schema: astropy-2.0
amp_name wavelength efficiency
C00 319.994 44.865352630615234
C00 324.969 49.54435348510742
C00 349.982 62.79984664916992
C00 374.975 66.4566650390625
C00 400.019 79.12191772460938
C00 424.965 85.33772277832031
C00 450.035 89.0848617553711
C00 475.003 93.16790008544922
C00 500.018 95.07713317871094
C00 525.002 97.60545349121094
C00 550.029 98.17239379882812
C00 575.023 99.30355834960938
C00 599.982 99.0024185180664
C00 619.997 99.13298034667969
C00 624.979 99.88511657714844
C00 650.012 99.26858520507812
C00 675.004 97.79010772705078
C00 700.03 97.22550201416016
C00 725.012 95.83905792236328
C00 750.022 96.07421875
C00 774.987 94.88097381591797
C00 799.976 93.99669647216797
C00 824.988 93.1747055053711
C00 850.022 90.14762115478516
C00 869.967 87.0120849609375
C00 875.002 85.98060607910156
C00 899.999 79.28022003173828
C00 919.999 71.39679718017578
C00 925.012 68.65034484863281
C00 949.965 55.671836853027344
C00 975.002 41.895408630371094
C00 999.976 25.52566146850586
C00 1025.028 11.038474082946777
C00 1050.014 3.8608322143554688
C00 1075.002 0.9152943551448912
C00 1099.99 0.09081466505383252
C01 319.994 45.24726867675781
C01 324.969 49.974727630615234
C01 349.982 63.404632568359375
C01 374.975 67.00391387939453
C01 400.019 79.5149154663086
C01 424.965 85.6372299194336
C01 450.035 89.33363342285156
C01 475.003 93.39163970947266
C01 500.018 95.28240966796875
C01 525.002 97.80363464355469
C01 550.029 98.36405944824219
C01 575.023 99.49304962158203
C01 599.982 99.19090270996094
C01 619.997 99.31875610351562
C01 624.979 100.07536315917969
C01 650.012 99.455322265625
C01 675.004 97.97237396240234
C01 700.03 97.40383911132812
C01 725.012 96.00563049316406
C01 750.022 96.22295379638672
C01 774.987 95.0126953125
C01 799.976 94.1133041381836
C01 824.988 93.27845764160156
C01 850.022 90.27116394042969
C01 869.967 87.01016235351562
C01 875.002 85.9140625
C01 899.999 79.2884292602539
C01 919.999 71.65255737304688
C01 925.012 68.7955093383789
C01 949.965 55.52177047729492
C01 975.002 41.53977584838867
C01 999.976 25.25235366821289
C01 1025.028 10.88864803314209
C01 1050.014 3.860870838165283
C01 1075.002 0.9167113470152995
C01 1099.99 0.09095525768545076
C02 319.994 45.605323791503906
C02 324.969 50.37095260620117
C02 349.982 63.91386413574219
C02 374.975 67.45795440673828
C02 400.019 79.81999969482422
C02 424.965 85.86663818359375
C02 450.035 89.51873779296875
C02 475.003 93.55294036865234
C02 500.018 95.42500305175781
C02 525.002 97.93904876708984
C02 550.029 98.48836517333984
C02 575.023 99.61248779296875
C02 599.982 99.3062744140625
C02 619.997 99.43135833740234
C02 624.979 100.18384552001953
C02 650.012 99.56477355957031
C02 675.004 98.07495880126953
C02 700.03 97.50308990478516
C02 725.012 96.09264373779297
C02 750.022 96.29785919189453
C02 774.987 95.0740737915039
C02 799.976 94.16786193847656
C02 824.988 93.33064270019531
C02 850.022 90.24163055419922
C02 869.967 87.06713104248047
C02 875.002 85.98037719726562
C02 899.999 79.15956115722656
C02 919.999 71.44042205810547
C02 925.012 68.62797546386719
C02 949.965 55.61561584472656
C02 975.002 41.50277328491211
C02 999.976 25.167434692382812
C02 1025.028 10.769144058227539
C02 1050.014 3.811180591583252
C02 1075.002 0.9174249673039206
C02 1099.99 0.09102606243489825
C03 319.994 45.67596435546875
C03 324.969 50.438533782958984
C03 349.982 63.9450569152832
C03 374.975 67.4776840209961
C03 400.019 79.78141784667969
C03 424.965 85.7907485961914
C03 450.035 89.42169189453125
C03 475.003 93.44319152832031
C03 500.018 95.2994613647461
C03 525.002 97.79335021972656
C03 550.029 98.33720397949219
C03 575.023 99.45175170898438
C03 599.982 99.13562774658203
C03 619.997 99.25936889648438
C03 624.979 100.00841522216797
C03 650.012 99.38163757324219
C03 675.004 97.89437103271484
C03 700.03 97.31778717041016
C03 725.012 95.9064712524414
C03 750.022 96.1041259765625
C03 774.987 94.87346649169922
C03 799.976 93.96334075927734
C03 824.988 93.1325912475586
C03 850.022 90.03108978271484
C03 869.967 86.82980346679688
C03 875.002 85.7565689086914
C03 899.999 79.0162353515625
C03 919.999 71.22402954101562
C03 925.012 68.42007446289062
C03 949.965 55.460289001464844
C03 975.002 41.385833740234375
C03 999.976 25.134557723999023
C03 1025.028 10.724143981933594
C03 1050.014 3.7804622650146484
C03 1075.002 0.9155792806494373
C03 1099.99 0.0908429351006379
C04 319.994 45.91953659057617
C04 324.969 50.704505920410156
C04 349.982 64.26741790771484
C04 374.975 67.77678680419922
C04 400.019 79.97528076171875
C04 424.965 85.9325942993164
C04 450.035 89.53132629394531
C04 475.003 93.53126525878906
C04 500.018 95.37396240234375
C04 525.002 97.86024475097656
C04 550.029 98.39611053466797
C04 575.023 99.50430297851562
C04 599.982 99.18207550048828
C04 619.997 99.30233001708984
C04 624.979 100.05018615722656
C04 650.012 99.42030334472656
C04 675.004 97.92896270751953
C04 700.03 97.34861755371094
C04 725.012 95.94125366210938
C04 750.022 96.14098358154297
C04 774.987 94.9150161743164
C04 799.976 94.00630950927734
C04 824.988 93.16212463378906
C04 850.022 90.0793228149414
C04 869.967 86.83251190185547
C04 875.002 85.76101684570312
C04 899.999 79.0290298461914
C04 919.999 71.20558166503906
C04 925.012 68.38421630859375
C04 949.965 55.45208740234375
C04 975.002 41.30424499511719
C04 999.976 25.17689323425293
C04 1025.028 10.711565971374512
C04 1050.014 3.7700459957122803
C04 1075.002 0.9159304211949147
C04 1099.99 0.09087777494297399
C05 319.994 46.26752471923828
C05 324.969 51.0877685546875
C05 349.982 64.74932861328125
C05 374.975 68.22008514404297
C05 400.019 80.32840728759766
C05 424.965 86.236083984375
C05 450.035 89.8112564086914
C05 475.003 93.79623413085938
C05 500.018 95.63015747070312
C05 525.002 98.11348724365234
C05 550.029 98.64238739013672
C05 575.023 99.74801635742188
C05 599.982 99.42240142822266
C05 619.997 99.53756713867188
C05 624.979 100.2874984741211
C05 650.012 99.65485382080078
C05 675.004 98.15604400634766
C05 700.03 97.57864379882812
C05 725.012 96.17205810546875
C05 750.022 96.3853988647461
C05 774.987 95.16658020019531
C05 799.976 94.2554931640625
C05 824.988 93.39791870117188
C05 850.022 90.31690979003906
C05 869.967 87.0220718383789
C05 875.002 85.92765045166016
C05 899.999 79.15184783935547
C05 919.999 71.34769439697266
C05 925.012 68.50926208496094
C05 949.965 55.44034957885742
C05 975.002 41.28938674926758
C05 999.976 25.196945190429688
C05 1025.028 10.736714363098145
C05 1050.014 3.780883550643921
C05 1075.002 0.9182589532857749
C05 1099.99 0.09110880975785066
C06 319.994 46.74982452392578
C06 324.969 51.61893844604492
C06 349.982 65.4218978881836
C06 374.975 68.9229507446289
C06 400.019 81.10133361816406
C06 424.965 87.03630065917969
C06 450.035 90.627197265625
C06 475.003 94.64324188232422
C06 500.018 96.48782348632812
C06 525.002 98.98680114746094
C06 550.029 99.517822265625
C06 575.023 100.62736511230469
C06 599.982 100.29824829101562
C06 619.997 100.41447448730469
C06 624.979 101.17105102539062
C06 650.012 100.52888488769531
C06 675.004 99.01824188232422
C06 700.03 98.43637084960938
C06 725.012 97.03255462646484
C06 750.022 97.2680435180664
C06 774.987 96.05632781982422
C06 799.976 95.136474609375
C06 824.988 94.2518539428711
C06 850.022 91.12721252441406
C06 869.967 87.77095794677734
C06 875.002 86.65744018554688
C06 899.999 79.72594451904297
C06 919.999 71.86571502685547
C06 925.012 69.00779724121094
C06 949.965 55.792781829833984
C06 975.002 41.52785873413086
C06 999.976 25.3133544921875
C06 1025.028 10.79397964477539
C06 1050.014 3.80798077583313
C06 1075.002 0.9266678650308415
C06 1099.99 0.0919431342560877
C07 319.994 46.50639343261719
C07 324.969 51.34284973144531
C07 349.982 65.02764129638672
C07 374.975 68.46045684814453
C07 400.019 80.44232177734375
C07 424.965 86.27761840820312
C07 450.035 89.81034851074219
C07 475.003 93.77145385742188
C07 500.018 95.58331298828125
C07 525.002 98.0499267578125
C07 550.029 98.56265258789062
C07 575.023 99.65853881835938
C07 599.982 99.32428741455078
C07 619.997 99.43231201171875
C07 624.979 100.18097686767578
C07 650.012 99.5400390625
C07 675.004 98.04194641113281
C07 700.03 97.46772766113281
C07 725.012 96.09616088867188
C07 750.022 96.35401916503906
C07 774.987 95.1754150390625
C07 799.976 94.2659683227539
C07 824.988 93.37413024902344
C07 850.022 90.26323699951172
C07 869.967 86.88304138183594
C07 875.002 85.76554107666016
C07 899.999 78.89315795898438
C07 919.999 71.06575012207031
C07 925.012 68.20146942138672
C07 949.965 55.093849182128906
C07 975.002 41.0137939453125
C07 999.976 25.0195255279541
C07 1025.028 10.690619468688965
C07 1050.014 3.779447078704834
C07 1075.002 0.9179599994473633
C07 1099.99 0.0910791478326467
C10 319.994 43.42362594604492
C10 324.969 47.95024490356445
C10 349.982 60.76359558105469
C10 374.975 64.721435546875
C10 400.019 78.14800262451172
C10 424.965 84.77722930908203
C10 450.035 88.75534057617188
C10 475.003 92.9884033203125
C10 500.018 94.99832916259766
C10 525.002 97.59644317626953
C10 550.029 98.21613311767578
C10 575.023 99.38484954833984
C10 599.982 99.11625671386719
C10 619.997 99.2631607055664
C10 624.979 100.01985168457031
C10 650.012 99.42423248291016
C10 675.004 97.95616912841797
C10 700.03 97.40367889404297
C10 725.012 96.01677703857422
C10 750.022 96.2551498413086
C10 774.987 95.06938934326172
C10 799.976 94.1982650756836
C10 824.988 93.39103698730469
C10 850.022 90.42208099365234
C10 869.967 87.29007720947266
C10 875.002 86.23698425292969
C10 899.999 79.7152099609375
C10 919.999 71.87386322021484
C10 925.012 69.01946258544922
C10 949.965 56.009857177734375
C10 975.002 41.78122329711914
C10 999.976 25.444971084594727
C10 1025.028 10.951048851013184
C10 1050.014 3.842416763305664
C10 1075.002 0.9170180766888607
C10 1099.99 0.09098569112187474
C11 319.994 43.859928131103516
C11 324.969 48.43816375732422
C11 349.982 61.42790985107422
C11 374.975 65.28150177001953
C11 400.019 78.4533920288086
C11 424.965 84.9409408569336
C11 450.035 88.8345947265625
C11 475.003 93.01653289794922
C11 500.018 94.99365234375
C11 525.002 97.57123565673828
C11 550.029 98.17686462402344
C11 575.023 99.33678436279297
C11 599.982 99.06108093261719
C11 619.997 99.20868682861328
C11 624.979 99.96393585205078
C11 650.012 99.36225128173828
C11 675.004 97.89408111572266
C11 700.03 97.33509826660156
C11 725.012 95.94129943847656
C11 750.022 96.1619644165039
C11 774.987 94.95951843261719
C11 799.976 94.07931518554688
C11 824.988 93.26335144042969
C11 850.022 90.2991943359375
C11 869.967 87.0973129272461
C11 875.002 86.02920532226562
C11 899.999 79.60519409179688
C11 919.999 71.80162811279297
C11 925.012 68.904541015625
C11 949.965 55.73558044433594
C11 975.002 41.65357208251953
C11 999.976 25.338342666625977
C11 1025.028 10.883780479431152
C11 1050.014 3.8481762409210205
C11 1075.002 0.9161303041168884
C11 1099.99 0.09089760714286355
C12 319.994 44.2684326171875
C12 324.969 48.903846740722656
C12 349.982 62.08393096923828
C12 374.975 65.8308334350586
C12 400.019 78.74918365478516
C12 424.965 85.09310913085938
C12 450.035 88.91043090820312
C12 475.003 93.04653930664062
C12 500.018 94.99444580078125
C12 525.002 97.5553970336914
C12 550.029 98.15193176269531
C12 575.023 99.30850219726562
C12 599.982 99.02879333496094
C12 619.997 99.1754150390625
C12 624.979 99.93269348144531
C12 650.012 99.33179473876953
C12 675.004 97.86685943603516
C12 700.03 97.30233001708984
C12 725.012 95.90290069580078
C12 750.022 96.11363220214844
C12 774.987 94.9004898071289
C12 799.976 94.01365661621094
C12 824.988 93.19232940673828
C12 850.022 90.21865844726562
C12 869.967 87.03670501708984
C12 875.002 85.92243194580078
C12 899.999 79.37370300292969
C12 919.999 71.76203918457031
C12 925.012 68.92924499511719
C12 949.965 55.67341232299805
C12 975.002 41.36273193359375
C12 999.976 25.155183792114258
C12 1025.028 10.780710220336914
C12 1050.014 3.8311197757720947
C12 1075.002 0.9156698457050868
C12 1099.99 0.09085192088225903
C13 319.994 44.70406723022461
C13 324.969 49.37693405151367
C13 349.982 62.647560119628906
C13 374.975 66.37360382080078
C13 400.019 79.21092987060547
C13 424.965 85.5088119506836
C13 450.035 89.30215454101562
C13 475.003 93.42756652832031
C13 500.018 95.3629379272461
C13 525.002 97.91712188720703
C13 550.029 98.50401306152344
C13 575.023 99.6537857055664
C13 599.982 99.36520385742188
C13 619.997 99.5069351196289
C13 624.979 100.26427459716797
C13 650.012 99.65644836425781
C13 675.004 98.17922973632812
C13 700.03 97.61029815673828
C13 725.012 96.20171356201172
C13 750.022 96.40924072265625
C13 774.987 95.18539428710938
C13 799.976 94.28855895996094
C13 824.988 93.45803833007812
C13 850.022 90.4520492553711
C13 869.967 87.26959228515625
C13 875.002 86.17182922363281
C13 899.999 79.47986602783203
C13 919.999 71.85345458984375
C13 925.012 69.04582214355469
C13 949.965 55.838096618652344
C13 975.002 41.40629577636719
C13 999.976 25.15254783630371
C13 1025.028 10.765915870666504
C13 1050.014 3.8216488361358643
C13 1075.002 0.9184860936225192
C13 1099.99 0.09113134641339289
C14 319.994 45.07217025756836
C14 324.969 49.77968215942383
C14 349.982 63.11632537841797
C14 374.975 66.79447174072266
C14 400.019 79.50669860839844
C14 424.965 85.73542022705078
C14 450.035 89.48543548583984
C14 475.003 93.58618927001953
C14 500.018 95.50553131103516
C14 525.002 98.04644012451172
C14 550.029 98.62002563476562
C14 575.023 99.76274108886719
C14 599.982 99.4710693359375
C14 619.997 99.6015853881836
C14 624.979 100.358642578125
C14 650.012 99.74592590332031
C14 675.004 98.25967407226562
C14 700.03 97.69104766845703
C14 725.012 96.27910614013672
C14 750.022 96.4864273071289
C14 774.987 95.26349639892578
C14 799.976 94.36357879638672
C14 824.988 93.53475189208984
C14 850.022 90.48194885253906
C14 869.967 87.3428726196289
C14 875.002 86.2501449584961
C14 899.999 79.46723175048828
C14 919.999 71.75667572021484
C14 925.012 68.92109680175781
C14 949.965 55.842987060546875
C14 975.002 41.47690963745117
C14 999.976 25.208106994628906
C14 1025.028 10.759777069091797
C14 1050.014 3.810863494873047
C14 1075.002 0.9192214464238893
C14 1099.99 0.0912043074427901
C15 319.994 45.172794342041016
C15 324.969 49.88359832763672
C15 349.982 63.23045349121094
C15 374.975 66.83750915527344
C15 400.019 79.35651397705078
C15 424.965 85.48538208007812
C15 450.035 89.17474365234375
C15 475.003 93.2332534790039
C15 500.018 95.12474060058594
C15 525.002 97.64366149902344
C15 550.029 98.20298767089844
C15 575.023 99.33094787597656
C15 599.982 99.02945709228516
C15 619.997 99.15861511230469
C15 624.979 99.91368865966797
C15 650.012 99.2978744506836
C15 675.004 97.81696319580078
C15 700.03 97.25028228759766
C15 725.012 95.85322570800781
C15 750.022 96.06783294677734
C15 774.987 94.86009979248047
C15 799.976 93.96817016601562
C15 824.988 93.138916015625
C15 850.022 90.0699462890625
C15 869.967 86.95577239990234
C15 875.002 85.88182830810547
C15 899.999 79.05791473388672
C15 919.999 71.26290893554688
C15 925.012 68.45445251464844
C15 949.965 55.617916107177734
C15 975.002 41.28516387939453
C15 999.976 25.084156036376953
C15 1025.028 10.694230079650879
C15 1050.014 3.7857983112335205
C15 1075.002 0.9152335183645843
C15 1099.99 0.09080862888438007
C16 319.994 45.43552017211914
C16 324.969 50.1735954284668
C16 349.982 63.5847282409668
C16 374.975 67.19544219970703
C16 400.019 79.69511413574219
C16 424.965 85.80209350585938
C16 450.035 89.48273468017578
C16 475.003 93.53893280029297
C16 500.018 95.42582702636719
C16 525.002 97.94318389892578
C16 550.029 98.4991683959961
C16 575.023 99.62977600097656
C16 599.982 99.32422637939453
C16 619.997 99.45550537109375
C16 624.979 100.20826721191406
C16 650.012 99.58757781982422
C16 675.004 98.10037231445312
C16 700.03 97.53385162353516
C16 725.012 96.14554595947266
C16 750.022 96.38404846191406
C16 774.987 95.18993377685547
C16 799.976 94.2979507446289
C16 824.988 93.46601104736328
C16 850.022 90.37127685546875
C16 869.967 87.2175521850586
C16 875.002 86.14557647705078
C16 899.999 79.3307876586914
C16 919.999 71.4237289428711
C16 925.012 68.5821762084961
C16 949.965 55.71710968017578
C16 975.002 41.40331268310547
C16 999.976 25.171621322631836
C16 1025.028 10.72630786895752
C16 1050.014 3.8077685832977295
C16 1075.002 0.9182460875096069
C16 1099.99 0.09110753322735882
C17 319.994 45.60340118408203
C17 324.969 50.352909088134766
C17 349.982 63.77801513671875
C17 374.975 67.34562683105469
C17 400.019 79.75145721435547
C17 424.965 85.80965423583984
C17 450.035 89.46209716796875
C17 475.003 93.50068664550781
C17 500.018 95.37214660644531
C17 525.002 97.87842559814453
C17 550.029 98.42533111572266
C17 575.023 99.54668426513672
C17 599.982 99.2349624633789
C17 619.997 99.3575668334961
C17 624.979 100.11109161376953
C17 650.012 99.48777770996094
C17 675.004 98.0013656616211
C17 700.03 97.43731689453125
C17 725.012 96.06758880615234
C17 750.022 96.33430480957031
C17 774.987 95.16547393798828
C17 799.976 94.2813720703125
C17 824.988 93.44902801513672
C17 850.022 90.35195922851562
C17 869.967 87.18663024902344
C17 875.002 86.1107406616211
C17 899.999 79.31568908691406
C17 919.999 71.33367919921875
C17 925.012 68.4637222290039
C17 949.965 55.675697326660156
C17 975.002 41.37387466430664
C17 999.976 25.194766998291016
C17 1025.028 10.755276679992676
C17 1050.014 3.830002546310425
C17 1075.002 0.9177721815564107
C17 1099.99 0.09106051271405113
