lsstCam/transmission_filter_detector/r41_s12/i_39/19700101T000000.ecsv
# %ECSV 1.0
# ---
# datatype:
# - {name: wavelength, unit: nm, datatype: float32}
# - {name: efficiency, unit: '%', datatype: float64}
# meta: !!omap
# - {MODE: DETECTOR}
# - {TYPE: transmission_filter_detector}
# - {CALIBDATE: '1970-01-01T00:00:00'}
# - {INSTRUME: LSSTCam}
# - {OBSTYPE: transmission_filter_detector}
# - {CALIBCLS: lsst.ip.isr.IntermediateFilterDetectorTransmissionCurve}
# - {SOURCE: Materion (DM-46256)}
# - {DETECTOR: 167}
# - {FILTER: i_39}
# - {CALIB_ID: 'calibDate=1970-01-01T00:00:00 filter=i_39 detector=167'}
# - {DATE: '2025-04-02T15:59:47.252731'}
# - {CALIB_CREATION_DATE: '2025-04-02'}
# - {CALIB_CREATION_TIME: '15:59:47'}
# - __serialized_columns__:
#     efficiency:
#       __class__: astropy.units.quantity.Quantity
#       unit: !astropy.units.Unit {unit: '%'}
#       value: !astropy.table.SerializedColumn {name: efficiency}
#     wavelength:
#       __class__: astropy.units.quantity.Quantity
#       unit: !astropy.units.Unit {unit: nm}
#       value: !astropy.table.SerializedColumn {name: wavelength}
# schema: astropy-2.0
wavelength efficiency
[from data line 597]
897.0 0.00013937122957941028
898.0 0.000181869881998864
899.0 9.102149078898947e-05
900.0 1.7307938415811464e-07
901.0 3.865170867811685e-05
902.0 7.713032914580253e-05
903.0 1.6572204762990705e-10
904.0 1.6572204762990705e-10
905.0 1.6572204762990705e-10
906.0 7.390075325020007e-05
907.0 1.2352309397556382e-05
908.0 1.6572204762990705e-10
909.0 1.6572204762990705e-10
910.0 1.6572204762990705e-10
911.0 1.6572204762990705e-10
912.0 1.6572204762990705e-10
913.0 2.780125996082461e-06
914.0 2.2534635490956134e-05
915.0 1.6572204762990705e-10
916.0 1.6572204762990705e-10
917.0 1.6572204762990705e-10
918.0 3.104066763626179e-05
919.0 1.1049677084429277e-05
920.0 1.6572204762990705e-10
921.0 9.259798261496144e-07
922.0 1.0793227289696006e-05
923.0 6.635986551373207e-05
924.0 0.00012192648455311428
925.0 5.1644809673234704e-05
926.0 1.6572204762990705e-10
927.0 1.6572204762990705e-10
928.0 1.6572204762990705e-10
929.0 4.323526638927433e-05
930.0 0.00024841278900566977
931.0 2.2246653941238037e-05
932.0 1.6572204762990705e-10
933.0 1.6572204762990705e-10
934.0 1.6572204762990705e-10
935.0 1.6572204762990705e-10
936.0 1.6572204762990705e-10
937.0 1.6572204762990705e-10
938.0 1.6572204762990705e-10
939.0 6.791230475755583e-05
940.0 0.00023584125301567838
941.0 0.00025692734197946265
942.0 0.00027801349915534956
943.0 8.229887384914036e-05
944.0 1.6572204762990705e-10
945.0 8.209502766476362e-05
946.0 0.00027760577268054476
947.0 0.00017886573004943784
948.0 8.012573289306602e-05
949.0 1.6572204762990705e-10
950.0 1.6572204762990705e-10
951.0 1.6572204762990705e-10
952.0 1.6572204762990705e-10
953.0 1.6572204762990705e-10
954.0 1.6572204762990705e-10
955.0 1.6572204762990705e-10
956.0 0.000136203368583665
957.0 0.00016156460560523556
958.0 0.00018692591083890875
959.0 0.0001372521296616469
960.0 8.757835985306883e-05
961.0 0.00016460276128782425
962.0 0.00024162713998521212
963.0 0.00018442996179146576
964.0 0.00012723277222903562
965.0 1.2168686680524843e-05
966.0 1.6572204762990705e-10
967.0 2.7286577619634045e-05
968.0 0.00015746857116027968
969.0 0.00010499990139578586
970.0 5.253126573734335e-05
971.0 5.312184043759771e-05
972.0 5.3712415137852076e-05
973.0 2.1353309875848936e-05
974.0 1.6572204762990705e-10
975.0 8.763026926317252e-05
976.0 0.00018626633391249925
977.0 6.31991042610025e-05
978.0 1.6572204762990705e-10
979.0 1.8171812143918942e-05
980.0 9.62117610470159e-05
981.0 6.787537927266385e-05
982.0 3.953900602482463e-05
983.0 8.107360827125376e-05
984.0 0.00012260820767551195
985.0 9.303511205871473e-05
986.0 6.346196528284054e-05
987.0 1.562644769137478e-05
988.0 1.6572204762990705e-10
989.0 3.935764425477828e-05
990.0 0.00011092437262050225
991.0 7.195586135821941e-05
992.0 3.298736714896222e-05
993.0 2.998988009039749e-05
994.0 2.6992378820978047e-05
995.0 0.0001027609300763288
996.0 0.00017852945575214108
997.0 9.776324532140279e-05
998.0 1.699703489066451e-05
999.0 1.7935172991201398e-05
1000.0 1.887328409111433e-05
1001.0 4.226750718316907e-05
1002.0 6.566174306499306e-05
1003.0 6.80528842167405e-05
1004.0 7.044404810585547e-05
1005.0 0.00020326642697909847
1006.0 0.0003360888740644441
1007.0 0.00031098009003471816
1008.0 0.0002858713514797273
1009.0 0.00019852161585731665
1010.0 0.00011117188023490598
1011.0 0.00018183563952334225
1012.0 0.00025249946702388115
1013.0 0.00017508929204268497
1014.0 9.767916253622388e-05
1015.0 0.00018103922911905102
1016.0 0.0002643993184392457
1017.0 0.00038839398257550783
1018.0 0.0005123886694491375
1019.0 0.0003709854354383424
1020.0 0.00022958217869017972
1021.0 0.0001398837866872782
1022.0 5.0185315103590256e-05
1023.0 0.00016373228390875738
1024.0 0.0002772791731331381
1025.0 0.0001890700559670222
1026.0 0.00010086099564432516
1027.0 0.0003246123242206522
1028.0 0.0005483635504788253
1029.0 0.0007793937584210653
1030.0 0.001010423875413835
1031.0 0.0011088370229117572
1032.0 0.0012072502613591496
1033.0 0.0014872320207359735
1034.0 0.0017672135072643869
1035.0 0.0021565974748227745
1036.0 0.0025459810785832815
1037.0 0.0028356645998428576
1038.0 0.0031253479392034933
1039.0 0.0033605709177209064
1040.0 0.0035957938962383196
1041.0 0.0034610755392350256
1042.0 0.0033263571822317317
1043.0 0.0033047504985006526
1044.0 0.0032831438147695735
1045.0 0.0033411921322112903
1046.0 0.003399240449653007
1047.0 0.0031755425879964605
1048.0 0.002951844726339914
1049.0 0.0028922682759002782
1050.0 0.002832691461662762
1051.0 0.0026364530640421435
1052.0 0.0024402148483204655
1053.0 0.0023798975234967656
1054.0 0.002319580380572006
1055.0 0.0019425329810474068
1056.0 0.0015654853996238671
1057.0 0.0013220632354205009
1058.0 0.0010786408893181942
1059.0 0.0008890451681509148
1060.0 0.0006994491286604898
1061.0 0.0009929610314429738
1062.0 0.0012864729797001928
1063.0 0.0014544361874868628
1064.0 0.0016223993952735327
1065.0 0.002134102578565944
1066.0 0.0026458059437572956
1067.0 0.003023015597136691
1068.0 0.0034002256143139675
1069.0 0.0033763823012122884
1070.0 0.0033525386243127286
1071.0 0.0034096538001904264
1072.0 0.003466768976068124
1073.0 0.0029407039619400166
1074.0 0.002414638947811909
1075.0 0.0027118045181850903
1076.0 0.003008969906659331
1077.0 0.0033094303944380954
1078.0 0.0036098903365200385
1079.0 0.0032521176763111725
1080.0 0.002894344652304426
1081.0 0.0019006503862328827
1082.0 0.00090695630206028
1083.0 0.0012457312550395727
1084.0 0.001584506026119925
1085.0 0.0010875317457248457
1086.0 0.0005905575562792365
1087.0 0.0005853402853972511
1088.0 0.0005801230599900009
1089.0 0.0004650955361285014
1090.0 0.00035006864891329315
1091.0 0.001388070813845843
1092.0 0.0024260727514047176
1093.0 0.0014433713658945635
1094.0 0.0004606700258591445
1095.0 0.00021484456738107838
1096.0 1.6572204762990705e-10
1097.0 1.6572204762990705e-10
1098.0 1.6572204762990705e-10
1099.0 1.6572204762990705e-10
1100.0 1.6572204762990705e-10
