lsstCam/transmission_filter_detector/r41_s12/i_39/19700101T000000.ecsv
# %ECSV 1.0
# ---
# datatype:
# - {name: wavelength, unit: nm, datatype: float32}
# - {name: efficiency, unit: '%', datatype: float64}
# meta: !!omap
# - {MODE: DETECTOR}
# - {TYPE: transmission_filter_detector}
# - {CALIBDATE: '1970-01-01T00:00:00'}
# - {INSTRUME: LSSTCam}
# - {OBSTYPE: transmission_filter_detector}
# - {CALIBCLS: lsst.ip.isr.IntermediateFilterDetectorTransmissionCurve}
# - {SOURCE: Materion (DM-46256)}
# - {DETECTOR: 167}
# - {FILTER: i_39}
# - {CALIB_ID: 'calibDate=1970-01-01T00:00:00 filter=i_39 detector=167'}
# - {DATE: '2025-04-02T15:59:47.252731'}
# - {CALIB_CREATION_DATE: '2025-04-02'}
# - {CALIB_CREATION_TIME: '15:59:47'}
# - __serialized_columns__:
#     efficiency:
#       __class__: astropy.units.quantity.Quantity
#       unit: !astropy.units.Unit {unit: '%'}
#       value: !astropy.table.SerializedColumn {name: efficiency}
#     wavelength:
#       __class__: astropy.units.quantity.Quantity
#       unit: !astropy.units.Unit {unit: nm}
#       value: !astropy.table.SerializedColumn {name: wavelength}
# schema: astropy-2.0
wavelength efficiency
300.0 0.08088266476988792
301.0 0.03264709084760398
302.0 1.6572204762990705e-10
303.0 1.6572204762990705e-10
304.0 0.001542175596114248
305.0 0.00035364321320230374
306.0 1.6572204762990705e-10
307.0 0.00908816437004134
308.0 0.01901122013805434
309.0 0.0050466725951991975
310.0 1.6572204762990705e-10
311.0 1.6572204762990705e-10
312.0 1.6572204762990705e-10
313.0 0.002182924981752876
314.0 0.006489602674264461
315.0 0.009126796794589609
316.0 0.011763990187318996
317.0 0.006006772673572414
318.0 0.0002495568651283975
319.0 0.0012501950550358742
320.0 0.002250833495054394
321.0 0.0009353500900033396
322.0 1.6572204762990705e-10
323.0 0.0022361005903803743
324.0 0.004852336132898927
325.0 0.0028608512366190553
326.0 0.0008693670679349452
327.0 0.0023594697267981246
328.0 0.0038495727494591847
329.0 0.0008972096111392602
330.0 1.6572204762990705e-10
331.0 1.6572204762990705e-10
332.0 0.0019075725504080765
333.0 0.0017483467672718689
334.0 0.0015891202565398999
335.0 0.0005357163445296464
336.0 1.6572204762990705e-10
337.0 0.0014112437384028453
338.0 0.003340175317134708
339.0 0.001046646139002405
340.0 1.6572204762990705e-10
341.0 1.6572204762990705e-10
342.0 0.00019538447304512374
343.0 0.0014590466889785603
344.0 0.002722708450164646
345.0 0.0013015208423894364
346.0 1.6572204762990705e-10
347.0 1.6572204762990705e-10
348.0 1.6572204762990705e-10
349.0 1.6572204762990705e-10
350.0 0.00016549118981856736
351.0 1.2029742890717898e-05
352.0 1.6572204762990705e-10
353.0 1.6572204762990705e-10
354.0 1.6572204762990705e-10
355.0 0.00042419751480338164
356.0 0.0011136825378343929
357.0 0.00043977943278150633
358.0 1.6572204762990705e-10
359.0 1.6572204762990705e-10
360.0 1.6572204762990705e-10
361.0 0.00041307266656076536
362.0 0.0009150876394414809
363.0 0.0008239772796514444
364.0 0.000732866919861408
365.0 0.0005896564744034549
366.0 0.0004464459834707668
367.0 0.0003562573283488746
368.0 0.000266068741439085
369.0 0.00022008493942848872
370.0 0.00017410126247341395
371.0 0.0003274260507168947
372.0 0.0004807506684301188
373.0 0.0007163413556554588
374.0 0.000951932179305004
375.0 0.0007496959369746037
376.0 0.0005474597855936736
377.0 0.00046069185373198707
378.0 0.00037392387639556546
379.0 0.00014640274912380846
380.0 1.6572204762990705e-10
381.0 1.6572204762990705e-10
382.0 1.6572204762990705e-10
383.0 1.6572204762990705e-10
384.0 1.6572204762990705e-10
385.0 1.6572204762990705e-10
386.0 0.00031987030979507836
387.0 8.37389336538763e-05
388.0 1.6572204762990705e-10
389.0 0.0001509701974100608
390.0 0.0004543325303529855
391.0 0.0005482589585881215
392.0 0.0006421852049243171
393.0 0.0009089986633625813
394.0 0.0011758116670534946
395.0 0.0011505894690344576
396.0 0.0011253669072175398
397.0 0.0014719736100232694
398.0 0.001818580312828999
399.0 0.00213521379919257
400.0 0.002451847103657201
401.0 0.00429685169365257
402.0 0.006141857011243701
403.0 0.004210602855891921
404.0 0.002279349064338021
405.0 0.0005244547992333537
406.0 1.6572204762990705e-10
407.0 0.0004268355496606091
408.0 0.002084110747091472
409.0 0.003328331877128221
410.0 0.004572552643367089
411.0 0.004346919740783051
412.0 0.004121286474401131
413.0 0.0049187892727786675
414.0 0.005716291343560442
415.0 0.0056955799664137885
416.0 0.0056748674978734925
417.0 0.006414641393348575
418.0 0.007154416380217299
419.0 0.005604547550319694
420.0 0.004054681267007254
421.0 0.004698110933532007
422.0 0.005341542055248283
423.0 0.004993649054085836
424.0 0.004645754961529747
425.0 0.004885595262749121
426.0 0.0051254355639684945
427.0 0.004121046731597744
428.0 0.003116658263024874
429.0 0.0025059493054868653
430.0 0.0018952403479488567
431.0 0.0034004984627244994
432.0 0.0049057562137022614
433.0 0.004445993909030221
434.0 0.003986231604358181
435.0 0.002893690725613851
436.0 0.0018011500287684612
437.0 0.0020688186850748025
438.0 0.002336487523280084
439.0 0.0017686763385427184
440.0 0.001200865244754823
441.0 0.0010819793715199921
442.0 0.0009630934982851613
443.0 0.0009418968147656415
444.0 0.0009207000402966514
445.0 0.0006334876161417924
446.0 0.0003462751692495658
447.0 0.00016717486914785695
448.0 1.6572204762990705e-10
449.0 0.0004086028638994321
450.0 0.0008291313861263916
451.0 0.0004901865395368077
452.0 0.00015124170431590755
453.0 1.6572204762990705e-10
454.0 1.6572204762990705e-10
455.0 1.6572204762990705e-10
456.0 0.000252112863563525
457.0 8.048236281865684e-05
458.0 1.6572204762990705e-10
459.0 1.6572204762990705e-10
460.0 1.6572204762990705e-10
461.0 0.0003324042154417839
462.0 0.0007838179044483695
463.0 0.00038217240216908976
464.0 1.6572204762990705e-10
465.0 1.6572204762990705e-10
466.0 1.6572204762990705e-10
467.0 0.0003803533672908088
468.0 0.0008506887752446346
469.0 0.00047508992793154903
470.0 9.9491103355831e-05
471.0 0.0002536711690481752
472.0 0.000407851257477887
473.0 3.736647897767398e-05
474.0 1.6572204762990705e-10
475.0 1.6572204762990705e-10
476.0 1.9688185659560986e-05
477.0 0.00032956936593109276
478.0 0.0006394505817297613
479.0 0.000410496249969583
480.0 0.00018154206600229372
481.0 0.0005314104782883078
482.0 0.0008812788109935354
483.0 0.0015386571249109693
484.0 0.0021960351659799926
485.0 0.0030758808861719444
486.0 0.003955726788262837
487.0 0.005812034214613959
488.0 0.007668341277167201
489.0 0.013045973901171237
490.0 0.018423607980366796
491.0 0.023331375268753618
492.0 0.028239144012331963
493.0 0.031077733729034662
494.0 0.03391632344573736
495.0 0.032172471401281655
496.0 0.030428622267208993
497.0 0.02527853357605636
498.0 0.020128446340095252
499.0 0.015130337851587683
500.0 0.01013223227346316
501.0 0.0066979431721847504
502.0 0.0032636547985021025
503.0 0.0023541913833469152
504.0 0.001444727968191728
505.0 0.001902472104120534
506.0 0.00236021624004934
507.0 0.0025777459086384624
508.0 0.0027952757591265254
509.0 0.0027015423256671056
510.0 0.002607809074106626
511.0 0.002292554563609883
512.0 0.001977300416911021
513.0 0.0017927217413671315
514.0 0.0016081434296211228
515.0 0.0014755823940504342
516.0 0.0013430214494292159
517.0 0.0016272388165816665
518.0 0.0019114564565825276
519.0 0.0016119805877679028
520.0 0.0013125049918016884
521.0 0.0013747030607191846
522.0 0.0014369012205861509
523.0 0.0017097398085752502
524.0 0.0019825783965643495
525.0 0.0024949986254796386
526.0 0.0030074192181928083
527.0 0.003753358032554388
528.0 0.004499296846915968
529.0 0.004271793659427203
530.0 0.004044289744342677
531.0 0.0038172282074810937
532.0 0.00359016667061951
533.0 0.0030779698136029765
534.0 0.0025657731384853832
535.0 0.002066043634840753
536.0 0.0015663139492971823
537.0 0.001828345557441935
538.0 0.0020903771655866876
539.0 0.0028207750801811926
540.0 0.0035511729947756976
541.0 0.0042754596506711096
542.0 0.004999745942768641
543.0 0.004962835373589769
544.0 0.0049259244406130165
545.0 0.004859060936723836
546.0 0.004792197069036774
547.0 0.0038615053199464455
548.0 0.0029308128432603553
549.0 0.0025282321075792424
550.0 0.00212565155379707
551.0 0.0022485395675175823
552.0 0.0023714275812380947
553.0 0.002303570909134578
554.0 0.002235714237031061
555.0 0.0018605289369588718
556.0 0.0014853437278361525
557.0 0.001201139730255818
558.0 0.0009169357326754835
559.0 0.0007226477919175522
560.0 0.0005283598966343561
561.0 0.0005542211511055939
562.0 0.0005800824055768317
563.0 0.0009358206625620369
564.0 0.0012915587831230368
565.0 0.0014921037291060202
566.0 0.0016926485841395333
567.0 0.0016640929970890284
568.0 0.001635537228139583
569.0 0.001457360394852003
570.0 0.0012791832887160126
571.0 0.0009314327144238632
572.0 0.0005836821401317138
573.0 0.0005149151547811925
574.0 0.0004461480784812011
575.0 0.0004252655799064087
576.0 0.00040438308133161627
577.0 0.0005397303539211862
578.0 0.0006750776265107561
579.0 0.0005494564447872108
580.0 0.0004238351721141953
581.0 0.00040726499719312415
582.0 0.000390694822272053
583.0 0.00039101096263038926
584.0 0.00039132710298872553
585.0 0.00043902441575482953
586.0 0.00048672168304619845
587.0 0.000609962216913118
588.0 0.0007332027507800376
589.0 0.0007918065421108622
590.0 0.0008504102879669517
591.0 0.0007565752184746088
592.0 0.0006627401035075309
593.0 0.0006253080755413976
594.0 0.0005878761385247344
595.0 0.0004899446139461361
596.0 0.0003920129074685974
597.0 0.00034691017845034366
598.0 0.0003018073812199873
599.0 0.00022047340735298349
600.0 0.00013913945622334722
601.0 0.0003423448333705892
602.0 0.0005455502105178311
603.0 0.00034004533517872915
604.0 0.00013454049394567846
605.0 0.00027883263555850135
606.0 0.00042312476580264047
607.0 0.0002905768042182899
608.0 0.0001580287403157854
609.0 0.00032392970297223656
610.0 0.000489830699734739
611.0 0.0004753967459691921
612.0 0.0004609628376783803
613.0 0.0003519160600262694
614.0 0.00024286935058626113
615.0 0.0002972330548800528
616.0 0.00035159680464857956
617.0 0.0004248601726430934
618.0 0.0004981236088497099
619.0 0.0005083116320747649
620.0 0.0005184997462492902
621.0 0.00040449572225043084
622.0 0.0002904916982515715
623.0 0.00027605167360889027
624.0 0.0002616117853904143
625.0 0.0002508043735360843
626.0 0.00023999700715648942
627.0 0.0002891061512855231
628.0 0.00033821534088929184
629.0 0.000353337873093551
630.0 0.0003684604052978102
631.0 0.0003306750386400381
632.0 0.0002928896265075309
633.0 0.0001791784029592236
634.0 6.546718509525817e-05
635.0 0.0002184695176765672
636.0 0.0003714719014169532
637.0 0.00024349603791051777
638.0 0.00011552024261618499
639.0 0.0003793350288106012
640.0 0.0006431497240555473
641.0 0.0005240913196757901
642.0 0.00040503277887182776
643.0 0.00037202103158051614
644.0 0.0003390091706023668
645.0 0.0004901674401480705
646.0 0.0006413257779058767
647.0 0.0006487319751613541
648.0 0.0006561381724168314
649.0 0.0006430744178942405
650.0 0.0006300104814727092
651.0 0.0006783384378650226
652.0 0.0007266663033078657
653.0 0.0008329951015184633
654.0 0.0009393241271027364
655.0 0.0008673287993588019
656.0 0.0007953332897159271
657.0 0.0012870904356532265
658.0 0.0017788475815905258
659.0 0.0032719159207772464
660.0 0.04025857197120786
661.0 0.08571732323616743
662.0 0.10649542091414332
663.0 0.11721205664798617
664.0 0.11429329169914126
665.0 0.10580304078757763
666.0 0.13754571555182338
667.0 0.15810367185622454
668.0 0.17063901759684086
669.0 0.24922217708081007
670.0 0.2913869684562087
671.0 0.4362200852483511
672.0 0.6828594487160444
673.0 1.0892054066061974
674.0 1.6780361533164978
675.0 2.5052284821867943
676.0 3.5102199763059616
677.0 4.829202219843864
678.0 6.146465614438057
679.0 7.523071765899658
680.0 9.319622069597244
681.0 11.315041035413742
682.0 13.782815635204315
683.0 16.568836569786072
684.0 19.54784095287323
685.0 22.458182275295258
686.0 25.492015480995178
687.0 28.71130406856537
688.0 31.951650977134705
689.0 35.1717472076416
690.0 38.782066106796265
691.0 42.69700348377228
692.0 47.36405611038208
693.0 52.382200956344604
694.0 57.98627734184265
695.0 63.6446475982666
696.0 69.81059312820435
697.0 75.50538778305054
698.0 81.56926035881042
699.0 86.28138899803162
700.0 90.13195633888245
701.0 93.28733682632446
702.0 95.46091556549072
703.0 96.68344855308533
704.0 97.33919501304626
705.0 97.80712127685547
706.0 97.93850183486938
707.0 98.07906150817871
708.0 98.1489896774292
709.0 98.18426966667175
710.0 97.96664118766785
711.0 98.11151623725891
712.0 98.00506830215454
713.0 98.10315370559692
714.0 98.15277457237244
715.0 98.20980429649353
716.0 98.09542894363403
717.0 98.35373163223267
718.0 98.35630655288696
719.0 98.35420846939087
720.0 98.62509369850159
721.0 98.51173758506775
722.0 98.31830263137817
723.0 98.09443950653076
724.0 97.76938557624817
725.0 97.42255210876465
726.0 97.14085459709167
727.0 96.8457281589508
728.0 96.55524492263794
729.0 96.38223052024841
730.0 96.33809924125671
731.0 96.31590843200684
732.0 96.33336663246155
733.0 96.64093852043152
734.0 97.01254367828369
735.0 97.22898006439209
736.0 97.67066836357117
737.0 98.05527925491333
738.0 98.34691286087036
739.0 98.74718189239502
740.0 98.88063669204712
741.0 98.69429469108582
742.0 99.04090762138367
743.0 98.87633323669434
744.0 98.61794710159302
745.0 98.70465993881226
746.0 98.67916107177734
747.0 98.97023439407349
748.0 98.77973198890686
749.0 98.64588975906372
750.0 98.68473410606384
751.0 98.51899743080139
752.0 98.4887421131134
753.0 98.64983558654785
754.0 98.6025333404541
755.0 98.73998761177063
756.0 98.70362877845764
757.0 98.75755310058594
758.0 98.86149168014526
759.0 98.9601194858551
760.0 98.82351756095886
761.0 98.71191382408142
762.0 98.77811074256897
763.0 98.74709248542786
764.0 98.59755635261536
765.0 98.52549433708191
766.0 98.67634773254395
767.0 98.47476482391357
768.0 98.48219156265259
769.0 98.51016998291016
770.0 98.29801321029663
771.0 98.33986163139343
772.0 98.35339784622192
773.0 98.24553728103638
774.0 98.10911417007446
775.0 98.17746877670288
776.0 98.05397391319275
777.0 98.17453622817993
778.0 98.10203313827515
779.0 98.16274046897888
780.0 98.02478551864624
781.0 98.33447337150574
782.0 98.20870161056519
783.0 98.24531078338623
784.0 98.1698751449585
785.0 98.3312726020813
786.0 98.42998385429382
787.0 98.2651948928833
788.0 98.37339520454407
789.0 98.39987754821777
790.0 98.42178225517273
791.0 98.42177629470825
792.0 98.3161211013794
793.0 98.27789664268494
794.0 98.24354648590088
795.0 98.13403487205505
796.0 98.13032746315002
797.0 98.18561673164368
798.0 98.22262525558472
799.0 98.06152582168579
800.0 97.83709049224854
801.0 97.85904288291931
802.0 97.91558980941772
803.0 97.67270684242249
804.0 97.51532077789307
805.0 97.16067910194397
806.0 96.80590629577637
807.0 96.23433351516724
808.0 95.3412413597107
809.0 94.4589912891388
810.0 93.22504997253418
811.0 91.5830135345459
812.0 89.62474465370178
813.0 87.16712594032288
814.0 84.38777923583984
815.0 81.01553320884705
816.0 77.5173008441925
817.0 73.32481145858765
818.0 68.58833432197571
819.0 64.2861545085907
820.0 59.28964614868164
821.0 54.708755016326904
822.0 50.18169283866882
823.0 45.537227392196655
824.0 40.84663391113281
825.0 36.49541735649109
826.0 32.02459514141083
827.0 27.368995547294617
828.0 23.12004417181015
829.0 18.929652869701385
830.0 14.595606923103333
831.0 11.258924007415771
832.0 7.936739921569824
833.0 5.336266756057739
834.0 3.398393467068672
835.0 2.058321051299572
836.0 1.2108308263123035
837.0 0.7155139930546284
838.0 0.4225178621709347
839.0 0.24233898147940636
840.0 0.15943835023790598
841.0 0.07290894282050431
842.0 0.07242971914820373
843.0 0.011659988376777619
844.0 1.6572204762990705e-10
845.0 0.011302954953862354
846.0 1.6572204762990705e-10
847.0 1.6572204762990705e-10
848.0 1.6572204762990705e-10
849.0 1.6572204762990705e-10
850.0 1.6572204762990705e-10
851.0 0.0030798390071140602
852.0 0.003161144195473753
853.0 0.002479072099959012
854.0 0.001797000368242152
855.0 0.0011613463357207365
856.0 0.0005256924850982614
857.0 0.0004584203452395741
858.0 0.0003911481599061517
859.0 0.00032623231618345017
860.0 0.0002613164497233811
861.0 0.00021530120193347102
862.0 0.00016928580635067192
863.0 0.00020848819985985756
864.0 0.0002476907184245647
865.0 0.0001682662514213007
866.0 8.884180147106235e-05
867.0 1.6572204762990705e-10
868.0 1.6572204762990705e-10
869.0 9.501163589220596e-06
870.0 0.00011208356909264694
871.0 8.329735692313989e-05
872.0 5.451113338494906e-05
873.0 6.508131491500535e-05
874.0 7.56514737076941e-05
875.0 3.0156931529745634e-05
876.0 1.6572204762990705e-10
877.0 0.00010752235084510176
878.0 0.00023038235212879954
879.0 0.00015304609632948996
880.0 7.5709908742283e-05
881.0 0.00019575834357965505
882.0 0.00031580680115439463
883.0 0.000281732377516164
884.0 0.0002476579538779333
885.0 0.00015339578567363787
886.0 5.913357767894922e-05
887.0 1.6572204762990705e-10
888.0 1.6572204762990705e-10
889.0 1.6572204762990705e-10
890.0 1.6572204762990705e-10
891.0 1.6572204762990705e-10
892.0 1.6572204762990705e-10
893.0 6.754817594156748e-07
894.0 4.501016803715174e-05
895.0 7.094135980878491e-05
