lsstCam/transmission_filter_detector/r32_s10/g_6/19700101T000000.ecsv
# %ECSV 1.0
# ---
# datatype:
# - {name: wavelength, unit: nm, datatype: float32}
# - {name: efficiency, unit: '%', datatype: float64}
# meta: !!omap
# - {MODE: DETECTOR}
# - {TYPE: transmission_filter_detector}
# - {CALIBDATE: '1970-01-01T00:00:00'}
# - {INSTRUME: LSSTCam}
# - {OBSTYPE: transmission_filter_detector}
# - {CALIBCLS: lsst.ip.isr.IntermediateFilterDetectorTransmissionCurve}
# - {SOURCE: Materion (DM-46256)}
# - {DETECTOR: 138}
# - {FILTER: g_6}
# - {CALIB_ID: 'calibDate=1970-01-01T00:00:00 filter=g_6 detector=138'}
# - {DATE: '2025-04-02T15:59:42.666339'}
# - {CALIB_CREATION_DATE: '2025-04-02'}
# - {CALIB_CREATION_TIME: '15:59:42'}
# - __serialized_columns__:
#     efficiency:
#       __class__: astropy.units.quantity.Quantity
#       unit: !astropy.units.Unit {unit: '%'}
#       value: !astropy.table.SerializedColumn {name: efficiency}
#     wavelength:
#       __class__: astropy.units.quantity.Quantity
#       unit: !astropy.units.Unit {unit: nm}
#       value: !astropy.table.SerializedColumn {name: wavelength}
# schema: astropy-2.0
wavelength efficiency
[from data line 607]
907.0 0.00031409126677317545
908.0 0.00039198985177790746
909.0 0.0004698883913079044
910.0 0.0004367327164800372
911.0 0.0004035769961774349
912.0 0.00040506574805476703
913.0 0.00040655449993209913
914.0 0.00041545458770997357
915.0 0.000424354675487848
916.0 0.00038764869714214
917.0 0.0003509428097459022
918.0 0.0004396902113512624
919.0 0.0005284377493808279
920.0 0.00046032737373025157
921.0 0.00039221699807967525
922.0 0.0003831074991467176
923.0 0.00037399804568849504
924.0 0.00043621184886433184
925.0 0.0004984256520401686
926.0 0.0004622442247637082
927.0 0.00042606275201251265
928.0 0.000526152462043683
929.0 0.0006262422175495885
930.0 0.0005688370947609656
931.0 0.0005114321538712829
932.0 0.0004903331046079984
933.0 0.00046923414629418403
934.0 0.0006314717666100478
935.0 0.0007937093869259115
936.0 0.000649297271593241
937.0 0.0005048851107858354
938.0 0.0004701579655375099
939.0 0.0004354309567133896
940.0 0.0005666000561177498
941.0 0.0006977691555221099
942.0 0.0007049877694953466
943.0 0.0007122063834685832
944.0 0.0006205078079801751
945.0 0.0005288091870170319
946.0 0.0007648950486327522
947.0 0.0010009808647737373
948.0 0.0008880606401362456
949.0 0.000775140415498754
950.0 0.000649302910460392
951.0 0.0005234653599472949
952.0 0.0007577082214993425
953.0 0.000991951128526125
954.0 0.0010557212590356357
955.0 0.0011194912985956762
956.0 0.0009081230018637143
957.0 0.0006967546141822822
958.0 0.000706010860085371
959.0 0.0007152670605137246
960.0 0.0007533389634772902
961.0 0.0007914107300166506
962.0 0.0007572521099064033
963.0 0.0007230933533719508
964.0 0.0007012716650933726
965.0 0.000679449794915854
966.0 0.0006985698746575508
967.0 0.0007176899543992477
968.0 0.0007153327260311926
969.0 0.0007129755886126077
970.0 0.0007129312962206313
971.0 0.000712887003828655
972.0 0.0006834572104708059
973.0 0.0006540273716382217
974.0 0.0007270667538250564
975.0 0.0008001061360118911
976.0 0.0007978537723829504
977.0 0.0007956014997034799
978.0 0.0008347023140231613
979.0 0.0008738031283428427
980.0 0.0009093618245969992
981.0 0.0009449204299016856
982.0 0.0010193818525294773
983.0 0.001093843275157269
984.0 0.0011866889508382883
985.0 0.0012795344446203671
986.0 0.001280113519896986
987.0 0.0012806925951736048
988.0 0.0012040640285704285
989.0 0.0011274351891188417
990.0 0.0012420679922797717
991.0 0.0013567007044912316
992.0 0.0013048475921095815
993.0 0.0012529943887784611
994.0 0.0012901972695544828
995.0 0.001327400423178915
996.0 0.0013018036952416878
997.0 0.0012762067854055203
998.0 0.001200755013996968
999.0 0.001125303424487356
1000.0 0.0012185783816676121
1001.0 0.0013118530659994576
1002.0 0.0013242540262581315
1003.0 0.0013366549865168054
1004.0 0.0013110634426993784
1005.0 0.0012854720807808917
1006.0 0.0013866485460312106
1007.0 0.001487824829382589
1008.0 0.001446132046112325
1009.0 0.001404439262842061
1010.0 0.0014512096640828531
1011.0 0.0014979803381720558
1012.0 0.0015977459042915143
1013.0 0.0016975111066130921
1014.0 0.001986063944059424
1015.0 0.0022746165996068157
1016.0 0.0023948434318299405
1017.0 0.0025150702640530653
1018.0 0.00269957981799962
1019.0 0.0028840893719461747
1020.0 0.0031552604923490435
1021.0 0.0034264317946508527
1022.0 0.0036289893614593893
1023.0 0.003831546928267926
1024.0 0.003913467298843898
1025.0 0.0039953880332177505
1026.0 0.004323726534494199
1027.0 0.004652065399568528
1028.0 0.004769196311826818
1029.0 0.004886327951680869
1030.0 0.004967236964148469
1031.0 0.00504814597661607
1032.0 0.005228690861258656
1033.0 0.005409236109699123
1034.0 0.005486748705152422
1035.0 0.005564261300605722
1036.0 0.005793351010652259
1037.0 0.006022440720698796
1038.0 0.005959720510873012
1039.0 0.005896999937249348
1040.0 0.0060477323131635785
1041.0 0.0061984646890778095
1042.0 0.0062927399994805455
1043.0 0.006387016037479043
1044.0 0.006910021329531446
1045.0 0.007433027349179611
1046.0 0.008070497278822586
1047.0 0.008707967208465561
1048.0 0.009749508899403736
1049.0 0.01079105059034191
1050.0 0.012586289085447788
1051.0 0.014381526852957904
1052.0 0.01726757182041183
1053.0 0.020153615332674235
1054.0 0.024751349701546133
1055.0 0.02934907970484346
1056.0 0.035016308538615704
1057.0 0.04068352864123881
1058.0 0.04824002680834383
1059.0 0.055796519154682755
1060.0 0.06442276644520462
1061.0 0.07304902537725866
1062.0 0.08160155266523361
1063.0 0.09015407413244247
1064.0 0.09851857321336865
1065.0 0.10688304901123047
1066.0 0.11474955826997757
1067.0 0.12261605588719249
1068.0 0.1310279476456344
1069.0 0.13943982776254416
1070.0 0.14850737061351538
1071.0 0.15757489018142223
1072.0 0.16653415514156222
1073.0 0.17549340846017003
1074.0 0.18453450175002217
1075.0 0.19357558339834213
1076.0 0.2034240635111928
1077.0 0.2132725901901722
1078.0 0.2232731319963932
1079.0 0.2332736738026142
1080.0 0.24741371162235737
1081.0 0.2615537494421005
1082.0 0.28180095832794905
1083.0 0.30204819049686193
1084.0 0.3382259514182806
1085.0 0.37440371233969927
1086.0 0.4145380575209856
1087.0 0.4546724259853363
1088.0 0.5057410802692175
1089.0 0.55680968798697
1090.0 0.6335707381367683
1091.0 0.7103318348526955
1092.0 0.7799763232469559
1093.0 0.8496209979057312
1094.0 0.9042187593877316
1095.0 0.9588167071342468
1096.0 1.0218149982392788
1097.0 1.0848131030797958
1098.0 1.1929145082831383
1099.0 1.3010160997509956
1100.0 1.4714189805090427
1101.0 1.6418220475316048
