lsstCam/transmission_filter_detector/r32_s10/g_6/19700101T000000.ecsv
# %ECSV 1.0
# ---
# datatype:
# - {name: wavelength, unit: nm, datatype: float32}
# - {name: efficiency, unit: '%', datatype: float64}
# meta: !!omap
# - {MODE: DETECTOR}
# - {TYPE: transmission_filter_detector}
# - {CALIBDATE: '1970-01-01T00:00:00'}
# - {INSTRUME: LSSTCam}
# - {OBSTYPE: transmission_filter_detector}
# - {CALIBCLS: lsst.ip.isr.IntermediateFilterDetectorTransmissionCurve}
# - {SOURCE: Materion (DM-46256)}
# - {DETECTOR: 138}
# - {FILTER: g_6}
# - {CALIB_ID: 'calibDate=1970-01-01T00:00:00 filter=g_6 detector=138'}
# - {DATE: '2025-04-02T15:59:42.666339'}
# - {CALIB_CREATION_DATE: '2025-04-02'}
# - {CALIB_CREATION_TIME: '15:59:42'}
# - __serialized_columns__:
#     efficiency:
#       __class__: astropy.units.quantity.Quantity
#       unit: !astropy.units.Unit {unit: '%'}
#       value: !astropy.table.SerializedColumn {name: efficiency}
#     wavelength:
#       __class__: astropy.units.quantity.Quantity
#       unit: !astropy.units.Unit {unit: nm}
#       value: !astropy.table.SerializedColumn {name: wavelength}
# schema: astropy-2.0
wavelength efficiency
300.0 0.34259986132383347
301.0 0.3036565613001585
302.0 0.26471323799341917
303.0 0.25004942435771227
304.0 0.23538563400506973
305.0 0.23089186288416386
306.0 0.22639806848019361
307.0 0.21769879385828972
308.0 0.20899951923638582
309.0 0.20466018468141556
310.0 0.2003208501264453
311.0 0.19752050284296274
312.0 0.19472013227641582
313.0 0.19006887450814247
314.0 0.18541761673986912
315.0 0.18181982450187206
316.0 0.178222032263875
317.0 0.17471698811277747
318.0 0.17121194396167994
319.0 0.15968747902661562
320.0 0.14816300245001912
321.0 0.13765807962045074
322.0 0.12715314514935017
323.0 0.1140196225605905
324.0 0.10088609997183084
325.0 0.09009423083625734
326.0 0.07930236170068383
327.0 0.07254403899423778
328.0 0.06578571628779173
329.0 0.0625777174718678
330.0 0.05936971865594387
331.0 0.05490012117661536
332.0 0.050430523697286844
333.0 0.047185656148940325
334.0 0.04394078569021076
335.0 0.04208760801702738
336.0 0.040234430343843997
337.0 0.040244628326036036
338.0 0.040254826308228076
339.0 0.039664426003582776
340.0 0.03907402278855443
341.0 0.03741172549780458
342.0 0.035749428207054734
343.0 0.03280551754869521
344.0 0.02986160689033568
345.0 0.026184107991866767
346.0 0.022506614914163947
347.0 0.02046216541202739
348.0 0.018417714454699308
349.0 0.01718015264486894
350.0 0.22769023198634386
351.0 1.3391206040978432
352.0 0.3517228877171874
353.0 0.9616900235414505
354.0 0.24881670251488686
355.0 0.8437636308372021
356.0 0.28140030335634947
357.0 1.1339878663420677
358.0 0.29450219590216875
359.0 0.7629526779055595
360.0 0.3333959961310029
361.0 0.7705033756792545
362.0 0.25431064423173666
363.0 0.8344224654138088
364.0 0.3014321206137538
365.0 0.8151049725711346
366.0 0.2599241677671671
367.0 0.7736220024526119
368.0 0.20594678353518248
369.0 0.5606630817055702
370.0 0.21745003759860992
371.0 0.6092994939535856
372.0 0.20008988212794065
373.0 0.6987772881984711
374.0 0.23907562717795372
375.0 0.6054713390767574
376.0 0.23966885637491941
377.0 0.5490489769726992
378.0 0.19886961672455072
379.0 0.5642246454954147
380.0 0.24785641580820084
381.0 0.529154296964407
382.0 0.5551349371671677
383.0 0.5438034888356924
384.0 0.5278007593005896
385.0 0.6509849801659584
386.0 0.6281407084316015
387.0 0.7319303695112467
388.0 0.9082564152777195
389.0 1.1851608753204346
390.0 1.7447680234909058
391.0 2.6057805866003036
392.0 4.123435914516449
393.0 6.578120589256287
394.0 9.925873577594757
395.0 14.565759897232056
396.0 20.216695964336395
397.0 27.34084725379944
398.0 35.78001856803894
399.0 45.00020146369934
400.0 54.51236963272095
401.0 63.62510323524475
402.0 72.14570045471191
403.0 79.51348423957825
404.0 84.96269583702087
405.0 89.1116201877594
406.0 91.59525632858276
407.0 93.52459907531738
408.0 94.63340640068054
409.0 95.25253772735596
410.0 95.41657567024231
411.0 95.26776671409607
412.0 94.91292834281921
413.0 94.72008347511292
414.0 94.54728364944458
415.0 94.64848637580872
416.0 95.02150416374207
417.0 95.39068341255188
418.0 95.88918685913086
419.0 96.47572040557861
420.0 97.03629612922668
421.0 97.58272767066956
422.0 97.72562980651855
423.0 97.94421792030334
424.0 97.74513244628906
425.0 97.67414927482605
426.0 97.58204817771912
427.0 97.61947393417358
428.0 97.3704993724823
429.0 97.23300337791443
430.0 97.06991314888
431.0 97.03792929649353
432.0 97.09157347679138
433.0 97.15465307235718
434.0 97.25678563117981
435.0 97.38757610321045
436.0 97.45184779167175
437.0 97.4332332611084
438.0 97.56193161010742
439.0 97.61483669281006
440.0 97.5479006767273
441.0 97.6604700088501
442.0 97.70155549049377
443.0 97.63688445091248
444.0 97.56023287773132
445.0 97.3570168018341
446.0 97.24072813987732
447.0 97.04602360725403
448.0 97.09686636924744
449.0 97.30798602104187
450.0 97.5628912448883
451.0 97.74455428123474
452.0 97.9762077331543
453.0 98.06324243545532
454.0 98.10231924057007
455.0 98.35508465766907
456.0 98.37928414344788
457.0 98.56046438217163
458.0 98.58465790748596
459.0 98.60225915908813
460.0 98.67992401123047
461.0 98.84227514266968
462.0 98.77937436103821
463.0 98.65307211875916
464.0 98.79847168922424
465.0 98.72022271156311
466.0 98.72519373893738
467.0 98.70744347572327
468.0 98.74565005302429
469.0 98.78778457641602
470.0 98.65204691886902
471.0 98.51292371749878
472.0 98.56663346290588
473.0 98.46646785736084
474.0 98.26563596725464
475.0 98.37933778762817
476.0 98.38610887527466
477.0 98.39696288108826
478.0 98.44831824302673
479.0 98.43718409538269
480.0 98.57726097106934
481.0 98.66611361503601
482.0 98.85783195495605
483.0 98.7476646900177
484.0 98.94125461578369
485.0 98.96879196166992
486.0 98.9892303943634
487.0 98.985755443573
488.0 98.99021983146667
489.0 99.08594489097595
490.0 99.02195334434509
491.0 99.05986785888672
492.0 98.95597100257874
493.0 98.96787405014038
494.0 98.8697350025177
495.0 98.95411133766174
496.0 98.78470301628113
497.0 98.71291518211365
498.0 98.50538372993469
499.0 98.55806231498718
500.0 98.48603010177612
501.0 98.46875667572021
502.0 98.32567572593689
503.0 98.49621653556824
504.0 98.31499457359314
505.0 98.34545850753784
506.0 98.41304421424866
507.0 98.37760329246521
508.0 98.3579158782959
509.0 98.31679463386536
510.0 98.2934296131134
511.0 98.26261401176453
512.0 98.21184873580933
513.0 98.26730489730835
514.0 98.26303720474243
515.0 98.27884435653687
516.0 98.36292266845703
517.0 98.36223721504211
518.0 98.45778346061707
519.0 98.44464063644409
520.0 98.51513504981995
521.0 98.64179491996765
522.0 98.66989850997925
523.0 98.65186214447021
524.0 98.66034388542175
525.0 98.65942597389221
526.0 98.80839586257935
527.0 98.7581193447113
528.0 98.87871146202087
529.0 98.9625871181488
530.0 98.9411473274231
531.0 99.08917546272278
532.0 98.94720911979675
533.0 98.97004961967468
534.0 99.00655746459961
535.0 98.77732992172241
536.0 98.4626829624176
537.0 97.89403676986694
538.0 97.07783460617065
539.0 95.71930766105652
540.0 93.96775960922241
541.0 91.31017923355103
542.0 88.44616413116455
543.0 84.74457859992981
544.0 80.10727763175964
545.0 76.02022290229797
546.0 70.98166346549988
547.0 66.37675762176514
548.0 61.76169514656067
549.0 57.60884881019592
550.0 54.31377291679382
551.0 51.16221904754639
552.0 48.75146746635437
553.0 46.20272219181061
554.0 43.326395750045776
555.0 40.16079306602478
556.0 35.90752184391022
557.0 31.01719319820404
558.0 25.659814476966858
559.0 20.349159836769104
560.0 15.206339955329895
561.0 10.417982935905457
562.0 6.7313052713871
563.0 4.008035734295845
564.0 2.2116880863904953
565.0 0.9005961939692497
566.0 0.5717212799936533
567.0 0.26565801817923784
568.0 0.184340076521039
569.0 0.08407349232584238
570.0 0.09487926727160811
571.0 0.04670604248531163
572.0 0.062761694425717
573.0 0.0283810863038525
574.0 0.05933699430897832
575.0 0.019332878582645208
576.0 0.04667206376325339
577.0 0.018931068188976496
578.0 0.02689625252969563
579.0 0.017847304116003215
580.0 0.037560900091193616
581.0 0.01649004261707887
582.0 0.02603377215564251
583.0 0.017490242316853255
584.0 0.020284160564187914
585.0 0.010688596375985071
586.0 0.016183416300918907
587.0 0.007958061178214848
588.0 0.023917634098324925
589.0 0.013140591909177601
590.0 0.018406077288091183
591.0 0.008624370821053162
592.0 0.017972300702240318
593.0 0.00645355976303108
594.0 0.027650105766952038
595.0 0.008944785804487765
596.0 0.009444018360227346
597.0 0.006839098932687193
598.0 0.02326421526959166
599.0 0.004865386290475726
600.0 0.016245491860900074
601.0 0.0022115273168310523
602.0 0.0021736957933171652
603.0 0.002135864087904338
604.0 0.001987530959013384
605.0 0.0018391976482234895
606.0 0.0019300636267871596
607.0 0.0020209294234518893
608.0 0.0019852264813380316
609.0 0.0019495233573252335
610.0 0.0019944453015341423
611.0 0.00203936670004623
612.0 0.0018937596905743703
613.0 0.0017481524992035702
614.0 0.001717258601274807
615.0 0.0016863648852449842
616.0 0.0015217029613268096
617.0 0.001357041037408635
618.0 0.001512015842308756
619.0 0.001666990647208877
620.0 0.0015477095075766556
621.0 0.001428428276994964
622.0 0.0014791987268836237
623.0 0.0015299690858228132
624.0 0.0015523582987952977
625.0 0.001574747875565663
626.0 0.0015088317923073191
627.0 0.0014429157999984454
628.0 0.0015242016161209904
629.0 0.0016054873412940651
630.0 0.0015120423995540477
631.0 0.0014185974578140303
632.0 0.0013896161362936255
633.0 0.0013606349057226907
634.0 0.001400486144120805
635.0 0.0014403375644178595
636.0 0.0014321346498036291
637.0 0.0014239315532904584
638.0 0.0013384742487687618
639.0 0.0012530169442470651
640.0 0.0013376570677792188
641.0 0.0014222973732103128
642.0 0.001354092819383368
643.0 0.0012858884474553633
644.0 0.0012107091606594622
645.0 0.0011355301467119716
646.0 0.001218575198436156
647.0 0.0013016202501603402
648.0 0.001256135874427855
649.0 0.00121065158964484
650.0 0.0011575619282666594
651.0 0.0011044721759390086
652.0 0.0011345136954332702
653.0 0.001164555305877002
654.0 0.0011384381650714204
655.0 0.001112321115215309
656.0 0.0011176088264619466
657.0 0.0011228967196075246
658.0 0.001120598244597204
659.0 0.0011182999514858238
660.0 0.001033001626637997
661.0 0.0009477033017901704
662.0 0.0009816136298468336
663.0 0.001015523957903497
664.0 0.0010952800039376598
665.0 0.0011750359590223525
666.0 0.0011427391655161045
667.0 0.001110442553908797
668.0 0.0011540721970959567
669.0 0.0011977018402831163
670.0 0.0011423234354879241
671.0 0.001086945030692732
672.0 0.0010918583029706497
673.0 0.001096771848096978
674.0 0.0011265799912507646
675.0 0.0011563881344045512
676.0 0.0011621234989434015
677.0 0.0011678583177854307
678.0 0.0011254353012191132
679.0 0.0010830122846527956
680.0 0.0010293217201251537
681.0 0.0009756312465469819
682.0 0.0010039880180556793
683.0 0.0010323450624127872
684.0 0.0009987155863200314
685.0 0.0009650860192778055
686.0 0.0010013566679845098
687.0 0.0010376273166912142
688.0 0.0010297254448232707
689.0 0.001021823482005857
690.0 0.0010960252438962925
691.0 0.0011702270057867281
692.0 0.0010795965863508172
693.0 0.0009889661669149064
694.0 0.0010003125680668745
695.0 0.0010116589692188427
696.0 0.0010921921784756705
697.0 0.0011727255696314387
698.0 0.0012071267519786488
699.0 0.0012415277524269186
700.0 0.0012874864296463784
701.0 0.0013334448340174276
702.0 0.0012871145372628234
703.0 0.001240784149558749
704.0 0.0012346255971351638
705.0 0.001228466680913698
706.0 0.0011014158189937007
707.0 0.0009743649570737034
708.0 0.0010379884770372882
709.0 0.0011016121788998134
710.0 0.0011568900845304597
711.0 0.001212167990161106
712.0 0.0012777649317285977
713.0 0.0013433616913971491
714.0 0.0013730475075135473
715.0 0.0014027333236299455
716.0 0.0014548337276210077
717.0 0.0015069344044604804
718.0 0.0017759433831088245
719.0 0.0020449524527066387
720.0 0.0017019141523633152
721.0 0.001358875488222111
722.0 0.0015231828001560643
723.0 0.001687490293988958
724.0 0.0017856074919109233
725.0 0.0018837243260350078
726.0 0.0019431967302807607
727.0 0.002002668770728633
728.0 0.0020889314328087494
729.0 0.0021751937310909852
730.0 0.002155276160920039
731.0 0.0021353587726480328
732.0 0.0019611452444223687
733.0 0.001786931898095645
734.0 0.0015717338101239875
735.0 0.0013565354493039194
736.0 0.001175721536128549
737.0 0.000994907441054238
738.0 0.0009397085705131758
739.0 0.0008845095180731732
740.0 0.000869971790962154
741.0 0.0008554338819521945
742.0 0.000903561340237502
743.0 0.0009516888894722797
744.0 0.000908362926566042
745.0 0.0008650369636598043
746.0 0.00071969693635765
747.0 0.0005743568181060255
748.0 0.000648021477900329
749.0 0.0007216860467451625
750.0 0.0008164388418663293
751.0 0.0009111917279369663
752.0 0.0009336022230854724
753.0 0.0009560128091834486
754.0 0.0007900873242761008
755.0 0.0006241616119950777
756.0 0.0006994901013968047
757.0 0.0007748184543743264
758.0 0.0009108926860790234
759.0 0.0010469672815816011
760.0 0.0009787409908312839
761.0 0.0009105146091314964
762.0 0.0008088939466688316
763.0 0.000707273329680902
764.0 0.0007547883342340356
765.0 0.0008023033842619043
766.0 0.0007853253919165581
767.0 0.000768347399571212
768.0 0.0007508474027417833
769.0 0.0007333474968618248
770.0 0.0006998255685175536
771.0 0.0006663037311227527
772.0 0.0006823453077231534
773.0 0.0006983867933740839
774.0 0.0006090671377023682
775.0 0.0005197473910811823
776.0 0.0005614062047243351
777.0 0.0006030648819432827
778.0 0.0005557205440709367
779.0 0.0005083762516733259
780.0 0.0006032713827153202
781.0 0.0006981665592320496
782.0 0.0005439563210529741
783.0 0.00038974612834863365
784.0 0.00037998463540134253
785.0 0.00037022321066615405
786.0 0.0003702616595546715
787.0 0.00037030015391792404
788.0 0.0004017137143819127
789.0 0.00043312729758326896
790.0 0.00048112065087480005
791.0 0.0005291140041663311
792.0 0.00040691925278224517
793.0 0.00028472447866079165
794.0 0.0003122861926385667
795.0 0.00033984788387897424
796.0 0.0003222563464078121
797.0 0.00030466480893664993
798.0 0.00033878800422826316
799.0 0.0003729111540451413
800.0 0.00044902599256602116
801.0 0.0005251408765616361
802.0 0.0005778689683211269
803.0 0.0006305971965048229
804.0 0.0006319789008557564
805.0 0.0006333606052066898
806.0 0.0005036499715060927
807.0 0.0003739392923307605
808.0 0.00041539337871654425
809.0 0.00045684755605179816
810.0 0.0003909859060513554
811.0 0.0003251242787882802
812.0 0.0003919163646060042
813.0 0.00045870847316109575
814.0 0.0004914609235129319
815.0 0.000524213328390033
816.0 0.0006242671133804834
817.0 0.0007243208983709337
818.0 0.0005084861186333001
819.0 0.0002926512934209313
820.0 0.0003876057689922163
821.0 0.00048256024456350133
822.0 0.0004919633283861913
823.0 0.0005013663667341461
824.0 0.00047448775148950517
825.0 0.0004476091362448642
826.0 0.00047171447477012407
827.0 0.000495819858770119
828.0 0.0004340011855674675
829.0 0.0003721824896274484
830.0 0.00034120653253921773
831.0 0.000310230529976252
832.0 0.00040340391933568753
833.0 0.0004965772859577555
834.0 0.00045128144847694784
835.0 0.0004059855655214051
836.0 0.0004446160346560646
837.0 0.000483246458315989
838.0 0.0005327765393303707
839.0 0.0005823066658194875
840.0 0.0006030348231433891
841.0 0.0006237630259420257
842.0 0.0005697874257748481
843.0 0.0005158117801329354
844.0 0.0005909638730372535
845.0 0.0006661158295173664
846.0 0.0004290536253392929
847.0 0.00019199130747438176
848.0 0.00028829078928538365
849.0 0.0003845902938337531
850.0 0.00033608757803449407
851.0 0.00028758490770997014
852.0 0.000267442533186113
853.0 0.00024730011318752076
854.0 0.00029708990041399375
855.0 0.00034687964216573164
856.0 0.00034997476632270264
857.0 0.0003530699132170412
858.0 0.00039242090679181274
859.0 0.00043177196857868694
860.0 0.00045625852180819493
861.0 0.0004807450750377029
862.0 0.00047984126467781607
863.0 0.00047893740884319413
864.0 0.000386557576348423
865.0 0.0002941777211162844
866.0 0.0004439842996362131
867.0 0.0005937908099440392
868.0 0.0005136525942361914
869.0 0.0004335143330536084
870.0 0.00039715114326099865
871.0 0.00036078804441785906
872.0 0.00045003016566624865
873.0 0.0005392722869146382
874.0 0.0006274434781516902
875.0 0.0007156146239140071
876.0 0.0005959083864581771
877.0 0.00047620214900234714
878.0 0.0005278976004774449
879.0 0.0005795930519525427
880.0 0.0006596343155251816
881.0 0.0007396755790978204
882.0 0.0005817893452331191
883.0 0.00042390311136841774
884.0 0.0004757325768878218
885.0 0.0005275619969324907
886.0 0.000561596471015946
887.0 0.0005956309905741364
888.0 0.0005653655989590334
889.0 0.0005351002073439304
890.0 0.0005221908850217005
891.0 0.0005092815172247356
892.0 0.0004928804628434591
893.0 0.0004764794539369177
894.0 0.00040770200939732604
895.0 0.0003389245421203668
896.0 0.00040246427488455083
897.0 0.0004660040303861024
898.0 0.0004451575932762353
899.0 0.0004243111106916331
900.0 0.0003904171535396017
901.0 0.0003565231736502028
902.0 0.0004323872872191714
903.0 0.0005082513780507725
904.0 0.0004727893156086793
905.0 0.000437327162217116
