lsstCam/transmission_filter_detector/r22_s12/z_20/19700101T000000.ecsv
# %ECSV 1.0
# ---
# datatype:
# - {name: wavelength, unit: nm, datatype: float32}
# - {name: efficiency, unit: '%', datatype: float64}
# meta: !!omap
# - {MODE: DETECTOR}
# - {TYPE: transmission_filter_detector}
# - {CALIBDATE: '1970-01-01T00:00:00'}
# - {INSTRUME: LSSTCam}
# - {OBSTYPE: transmission_filter_detector}
# - {CALIBCLS: lsst.ip.isr.IntermediateFilterDetectorTransmissionCurve}
# - {SOURCE: Materion (DM-46256)}
# - {DETECTOR: 95}
# - {FILTER: z_20}
# - {CALIB_ID: 'calibDate=1970-01-01T00:00:00 filter=z_20 detector=95'}
# - {DATE: '2025-04-02T15:59:49.079180'}
# - {CALIB_CREATION_DATE: '2025-04-02'}
# - {CALIB_CREATION_TIME: '15:59:49'}
# - __serialized_columns__:
#     efficiency:
#       __class__: astropy.units.quantity.Quantity
#       unit: !astropy.units.Unit {unit: '%'}
#       value: !astropy.table.SerializedColumn {name: efficiency}
#     wavelength:
#       __class__: astropy.units.quantity.Quantity
#       unit: !astropy.units.Unit {unit: nm}
#       value: !astropy.table.SerializedColumn {name: wavelength}
# schema: astropy-2.0
wavelength efficiency
[from data line 597]
897.0 99.61174130439758
898.0 99.45456385612488
899.0 98.84395003318787
900.0 99.06902313232422
901.0 99.64872598648071
902.0 99.36726689338684
903.0 99.16315078735352
904.0 98.02283048629761
905.0 98.92565608024597
906.0 98.6154317855835
907.0 99.12505745887756
908.0 98.22509288787842
909.0 98.38711619377136
910.0 98.17065596580505
911.0 97.35939502716064
912.0 96.28569483757019
913.0 95.17148733139038
914.0 93.13406348228455
915.0 91.08596444129944
916.0 88.9336347579956
917.0 87.31359839439392
918.0 83.85799527168274
919.0 82.92312026023865
920.0 79.71709370613098
921.0 76.41947865486145
922.0 72.15854525566101
923.0 66.61287546157837
924.0 61.09274625778198
925.0 55.618876218795776
926.0 49.777039885520935
927.0 42.81790554523468
928.0 37.04619109630585
929.0 30.651134252548218
930.0 25.0818133354187
931.0 19.81150656938553
932.0 14.266122877597809
933.0 9.753503650426865
934.0 6.456945836544037
935.0 4.0654923766851425
936.0 2.336733229458332
937.0 1.5030168928205967
938.0 0.9263277985155582
939.0 0.5463556852191687
940.0 0.42868470773100853
941.0 0.1541588339023292
942.0 0.07329814834520221
943.0 0.253149657510221
944.0 0.1009211759082973
945.0 0.004686382817453705
946.0 0.13269662158563733
947.0 0.14548712642863393
948.0 0.07643072749488056
949.0 0.022567388077732176
950.0 0.05991811631247401
951.0 1.5786067114956226e-10
952.0 1.5786067114956226e-10
953.0 0.08916376391425729
954.0 0.11175755644217134
955.0 0.07071110885590315
956.0 1.5786067114956226e-10
957.0 1.5786067114956226e-10
958.0 0.031051435507833958
959.0 0.010741339065134525
960.0 1.5786067114956226e-10
961.0 0.03298797819297761
962.0 0.051293481374159455
963.0 0.007155587809393182
964.0 0.020588375627994537
965.0 0.024901112192310393
966.0 0.023256169515661895
967.0 1.5786067114956226e-10
968.0 0.016921639326028526
969.0 0.006534359999932349
970.0 1.5786067114956226e-10
971.0 1.5786067114956226e-10
972.0 1.5786067114956226e-10
973.0 1.5786067114956226e-10
974.0 0.06824146257713437
975.0 1.5786067114956226e-10
976.0 0.006808274338254705
977.0 0.006701584788970649
978.0 0.006594896694878116
979.0 0.0064485648181289434
980.0 0.006302232213784009
981.0 0.0060822647355962545
982.0 0.005862296893610619
983.0 0.005827037966810167
984.0 0.005791779767605476
985.0 0.005520395279745571
986.0 0.005249010428087786
987.0 0.005300323027768172
988.0 0.00535163635504432
989.0 0.005203749969950877
990.0 0.005055864676251076
991.0 0.005108340701553971
992.0 0.005160817090654746
993.0 0.005137492917128839
994.0 0.0051141687436029315
995.0 0.005017953662900254
996.0 0.004921738582197577
997.0 0.004731864100904204
998.0 0.00454198925581295
999.0 0.004552312020678073
1000.0 0.004562634785543196
1001.0 0.004582514520734549
1002.0 0.004602394255925901
1003.0 0.004623085260391235
1004.0 0.004643776992452331
1005.0 0.004627547605196014
1006.0 0.004611318217939697
1007.0 0.004598245504894294
1008.0 0.0045851727918488905
1009.0 0.00465270277345553
1010.0 0.00472023239126429
1011.0 0.004760046795126982
1012.0 0.004799861562787555
1013.0 0.004723016900243238
1014.0 0.004646171873901039
1015.0 0.004698200791608542
1016.0 0.004750229345518164
1017.0 0.004884341615252197
1018.0 0.005018453884986229
1019.0 0.004942312807543203
1020.0 0.004866171730100177
1021.0 0.004919474667985924
1022.0 0.004972777969669551
1023.0 0.00490243146487046
1024.0 0.004832084596273489
1025.0 0.004906683170702308
1026.0 0.004981281381333247
1027.0 0.005011727262171917
1028.0 0.0050421731430105865
1029.0 0.004954940231982619
1030.0 0.004867707320954651
1031.0 0.005038166273152456
1032.0 0.005208625225350261
1033.0 0.005207785943639465
1034.0 0.00520694738952443
1035.0 0.005383247116697021
1036.0 0.005559547207667492
1037.0 0.0057342414947925135
1038.0 0.005908935418119654
1039.0 0.005880016396986321
1040.0 0.005851096648257226
1041.0 0.006085139466449618
1042.0 0.0063191815570462495
1043.0 0.0060221689636819065
1044.0 0.005725155278923921
1045.0 0.006188432598719373
1046.0 0.006651709554716945
1047.0 0.006474450492532924
1048.0 0.00629718997515738
1049.0 0.006378805119311437
1050.0 0.006460420991061255
1051.0 0.006710954039590433
1052.0 0.006961487088119611
1053.0 0.0071649068559054285
1054.0 0.007368327351287007
1055.0 0.007898895273683593
1056.0 0.008429465378867462
1057.0 0.008263885683845729
1058.0 0.008098305988823995
1059.0 0.008299572073156014
1060.0 0.00850083670229651
1061.0 0.009020493598654866
1062.0 0.00954014976741746
1063.0 0.009605453669792041
1064.0 0.009670758299762383
1065.0 0.009883199527394027
1066.0 0.010095642210217193
1067.0 0.010127927089342847
1068.0 0.010160212696064264
1069.0 0.011029974120901898
1070.0 0.011899734090548009
1071.0 0.011404321412555873
1072.0 0.0109089094621595
1073.0 0.011296533193672076
1074.0 0.011684156925184652
1075.0 0.01218235120177269
1076.0 0.012680547661148012
1077.0 0.012774349306710064
1078.0 0.012868149497080594
1079.0 0.0139875992317684
1080.0 0.015107050421647727
1081.0 0.0152419728692621
1082.0 0.015376895316876471
1083.0 0.01515164622105658
1084.0 0.014926398580428213
1085.0 0.01544238330097869
1086.0 0.015958368021529168
1087.0 0.016445085930172354
1088.0 0.016931806749198586
1089.0 0.01779238664312288
1090.0 0.018652969447430223
1091.0 0.018272049783263355
1092.0 0.017891127208713442
1093.0 0.018617295427247882
1094.0 0.019343459280207753
1095.0 0.020503983250819147
1096.0 0.021664505766239017
1097.0 0.02198566508013755
1098.0 0.022306825849227607
1099.0 0.0235934930969961
1100.0 0.024880157434381545
1101.0 0.02529578923713416
1102.0 0.025711421039886773
1103.0 0.02649678790476173
1104.0 0.027282157680019736
1105.0 0.027548865182325244
1106.0 0.027815575595013797
1107.0 0.028918770840391517
1108.0 0.030021966085769236
1109.0 0.030863090069033206
1110.0 0.031704214052297175
1111.0 0.03164032241329551
1112.0 0.031576433684676886
1113.0 0.03289362939540297
1114.0 0.034210828016512096
1115.0 0.034236974897794425
1116.0 0.03426311886869371
1117.0 0.03588071558624506
1118.0 0.03749831230379641
1119.0 0.04084092506673187
1120.0 0.04418353782966733
1121.0 0.04565995768643916
1122.0 0.04713637463282794
1123.0 0.04721280129160732
1124.0 0.0472892279503867
1125.0 0.047837890451774
1126.0 0.0483865529531613
1127.0 0.05317344330251217
1128.0 0.057960336562246084
1129.0 0.059257104294374585
1130.0 0.060553866205736995
1131.0 0.0608786242082715
1132.0 0.06120338221080601
1133.0 0.0646731408778578
1134.0 0.0681428995449096
1135.0 0.06788390455767512
1136.0 0.06762491539120674
1137.0 0.0753670814447105
1138.0 0.08310925913974643
1139.0 0.08581876754760742
1140.0 0.08852827595546842
1141.0 0.10043814545497298
1142.0 0.11234799167141318
1143.0 0.13602779945358634
1144.0 0.15970757231116295
1145.0 0.3067947458475828
1146.0 0.4538819659501314
1147.0 0.9582972154021263
1148.0 1.46271251142025
1149.0 1.6476057469844818
1150.0 1.8325001001358032
