lsstCam/transmission_filter_detector/r22_s12/z_20/19700101T000000.ecsv
# %ECSV 1.0
# ---
# datatype:
# - {name: wavelength, unit: nm, datatype: float32}
# - {name: efficiency, unit: '%', datatype: float64}
# meta: !!omap
# - {MODE: DETECTOR}
# - {TYPE: transmission_filter_detector}
# - {CALIBDATE: '1970-01-01T00:00:00'}
# - {INSTRUME: LSSTCam}
# - {OBSTYPE: transmission_filter_detector}
# - {CALIBCLS: lsst.ip.isr.IntermediateFilterDetectorTransmissionCurve}
# - {SOURCE: Materion (DM-46256)}
# - {DETECTOR: 95}
# - {FILTER: z_20}
# - {CALIB_ID: 'calibDate=1970-01-01T00:00:00 filter=z_20 detector=95'}
# - {DATE: '2025-04-02T15:59:49.079180'}
# - {CALIB_CREATION_DATE: '2025-04-02'}
# - {CALIB_CREATION_TIME: '15:59:49'}
# - __serialized_columns__:
#     efficiency:
#       __class__: astropy.units.quantity.Quantity
#       unit: !astropy.units.Unit {unit: '%'}
#       value: !astropy.table.SerializedColumn {name: efficiency}
#     wavelength:
#       __class__: astropy.units.quantity.Quantity
#       unit: !astropy.units.Unit {unit: nm}
#       value: !astropy.table.SerializedColumn {name: wavelength}
# schema: astropy-2.0
wavelength efficiency
300.0 0.6172699853777885
301.0 0.4596641752868891
302.0 0.3020584350451827
303.0 0.2697698073461652
304.0 0.23748117964714766
305.0 0.2072684234008193
306.0 0.1770556322298944
307.0 0.15933819813653827
308.0 0.14162077568471432
309.0 0.13774223625659943
310.0 0.13386369682848454
311.0 0.123533234000206
312.0 0.113202806096524
313.0 0.10570304002612829
314.0 0.09820327395573258
315.0 0.08766699465923011
316.0 0.07713070954196155
317.0 0.07175381761044264
318.0 0.06637693732045591
319.0 0.06959643797017634
320.0 0.07281593861989677
321.0 0.06741044344380498
322.0 0.06200495408847928
323.0 0.05763230146840215
324.0 0.053259648848325014
325.0 0.04735837283078581
326.0 0.04145709390286356
327.0 0.041109841549769044
328.0 0.04076259210705757
329.0 0.0379094883101061
330.0 0.03505638742353767
331.0 0.030983207398094237
332.0 0.026910030283033848
333.0 0.025824428303167224
334.0 0.024738823412917554
335.0 0.023989571491256356
336.0 0.023240316659212112
337.0 0.023757257440593094
338.0 0.02427419531159103
339.0 0.022481853375211358
340.0 0.020689515804406255
341.0 0.019353016978129745
342.0 0.01801652106223628
343.0 0.016052203136496246
344.0 0.014087885210756212
345.0 0.014185009058564901
346.0 0.014282129995990545
347.0 0.013130047591403127
348.0 0.011977963731624186
349.0 0.013117566413711756
350.0 0.014257169095799327
351.0 0.013340839359443635
352.0 0.01242450816789642
353.0 0.013062643120065331
354.0 0.013700779527425766
355.0 0.011635443661361933
356.0 0.0095701077952981
357.0 0.01000311749521643
358.0 0.010436126467538998
359.0 0.010214322537649423
360.0 0.009992520062951371
361.0 0.009241606312571093
362.0 0.008490695472573861
363.0 0.008557498949812725
364.0 0.00862430315464735
365.0 0.008895010978449136
366.0 0.009165720257442445
367.0 0.009010748181026429
368.0 0.008855776832206175
369.0 0.00895128323463723
370.0 0.009046788909472525
371.0 0.00817886320874095
372.0 0.007310936780413613
373.0 0.006638433842454106
374.0 0.005965931268292479
375.0 0.0062225270085036755
376.0 0.00647912165732123
377.0 0.006725130515405908
378.0 0.006971137918299064
379.0 0.006081209357944317
380.0 0.00519128043379169
381.0 0.0042705461964942515
382.0 0.0033498119591968134
383.0 0.004263684604666196
384.0 0.005177557613933459
385.0 0.0047715195250930265
386.0 0.004365481800050475
387.0 0.005200844316277653
388.0 0.006036207560100593
389.0 0.005314907321007922
390.0 0.004593607809511013
391.0 0.0043924377678195015
392.0 0.00419126772612799
393.0 0.004698647171608172
394.0 0.005206026980886236
395.0 0.0044807038648286834
396.0 0.003755380748771131
397.0 0.0038610975025221705
398.0 0.003966813892475329
399.0 0.003945796561310999
400.0 0.0039247795939445496
401.0 0.004491436993703246
402.0 0.005058094757259823
403.0 0.004911140422336757
404.0 0.00476418572361581
405.0 0.004537376298685558
406.0 0.004310567237553187
407.0 0.003172966535203159
408.0 0.0020353661966510117
409.0 0.0029781353077851236
410.0 0.0039209044189192355
411.0 0.004332392563810572
412.0 0.004743880708701909
413.0 0.004339454244473018
414.0 0.003935027780244127
415.0 0.0034630418667802587
416.0 0.002991056135215331
417.0 0.003543104321579449
418.0 0.0040951523260446265
419.0 0.003643939271569252
420.0 0.0031927262170938775
421.0 0.003607065082178451
422.0 0.004021404674858786
423.0 0.003995747829321772
424.0 0.003970091347582638
425.0 0.0029495944545487873
426.0 0.0019290977434138767
427.0 0.0024549130102968775
428.0 0.002980728277179878
429.0 0.0025128645575023256
430.0 0.0020450012016226538
431.0 0.0013649399079440627
432.0 0.0006848785233160015
433.0 0.001021139178192243
434.0 0.0013573997421190143
435.0 0.0016270567357423715
436.0 0.0018967139112646692
437.0 0.0017777156244846992
438.0 0.0016587173377047293
439.0 0.0022280062694335356
440.0 0.0027972955649602227
441.0 0.002288314681209158
442.0 0.001779333979357034
443.0 0.002356391996727325
444.0 0.002933450014097616
445.0 0.0031220053642755374
446.0 0.003310560714453459
447.0 0.0025345212634420022
448.0 0.0017584821762284264
449.0 0.0023143451471696608
450.0 0.002870208118110895
451.0 0.002415378730802331
452.0 0.001960549343493767
453.0 0.001811398396966979
454.0 0.0016622478142380714
455.0 0.002240243884443771
456.0 0.0028182403184473515
457.0 0.0020922858311678283
458.0 0.0013663316167367157
459.0 0.001373080158373341
460.0 0.001379828609060496
461.0 0.0012274444088689052
462.0 0.0010750602086773142
463.0 0.001610615618119482
464.0 0.0021461710275616497
465.0 0.002023324850597419
466.0 0.0019004788555321284
467.0 0.0018178745449404232
468.0 0.0017352700524497777
469.0 0.0014829584870312829
470.0 0.0012306471944611985
471.0 0.001333945147052873
472.0 0.0014372430996445473
473.0 0.0014161991202854551
474.0 0.0013951548680779524
475.0 0.0012108986993553117
476.0 0.001026642530632671
477.0 0.00109733209683327
478.0 0.001168021572084399
479.0 0.0017361695427098311
480.0 0.002304317422385793
481.0 0.0016234698705375195
482.0 0.0009426223186892457
483.0 0.0008345352398464456
484.0 0.0007264482519531157
485.0 0.0008287848686450161
486.0 0.0009311213943874463
487.0 0.001111574692913564
488.0 0.0012920281733386219
489.0 0.0017887590729515068
490.0 0.0022854897906654514
491.0 0.002191997737099882
492.0 0.0020985055016353726
493.0 0.002190138002333697
494.0 0.002281770866829902
495.0 0.001743886423355434
496.0 0.0012060019798809662
497.0 0.0012633484402613249
498.0 0.0013206950825406238
499.0 0.0012477349628170487
500.0 0.0011747746611945331
501.0 0.0009418106856173836
502.0 0.0007088465736160288
503.0 0.0011624899343587458
504.0 0.001616133340576198
505.0 0.001991190765693318
506.0 0.0023662481908104382
507.0 0.0021405025108833797
508.0 0.0019147568309563212
509.0 0.0016682775822118856
510.0 0.0014217986063158605
511.0 0.0012468111890484579
512.0 0.0010718237717810553
513.0 0.0014218009710020851
514.0 0.0017717784430715255
515.0 0.001232283921126509
516.0 0.000692789581080433
517.0 0.0010501168617338408
518.0 0.0014074440514377784
519.0 0.001306494596065022
520.0 0.0012055446859449148
521.0 0.0017032301911967807
522.0 0.0022009156964486465
523.0 0.0015368741514976136
524.0 0.000872832697496051
525.0 0.0007349433872150257
526.0 0.0005970541224087356
527.0 0.0009007188054965809
528.0 0.0012043838069075719
529.0 0.0011367193110345397
530.0 0.0010690546332625672
531.0 0.0012749974303005729
532.0 0.0014809401363891084
533.0 0.0008989597517938819
534.0 0.00031697945814812556
535.0 0.0009110634891840164
536.0 0.0015051475202199072
537.0 0.001619919748918619
538.0 0.0017346917957183905
539.0 0.001404851718689315
540.0 0.0010750110959634185
541.0 0.0011085127880505752
542.0 0.001142014571087202
543.0 0.0012684220564551651
544.0 0.001394829450873658
545.0 0.001062989394995384
546.0 0.0007311492936423747
547.0 0.0012000808055745438
548.0 0.0016690120901330374
549.0 0.0015328887457144447
550.0 0.001396765401295852
551.0 0.0016247811799985357
552.0 0.0018527965949033387
553.0 0.0017494909116066992
554.0 0.001646184864512179
555.0 0.0011767519936256576
556.0 0.0007073187134665204
557.0 0.0011486489711387549
558.0 0.0015899791833362542
559.0 0.0015329296729760244
560.0 0.001475879798817914
561.0 0.0013448607205646113
562.0 0.001213841369462898
563.0 0.0010416578334115911
564.0 0.0008694742973602843
565.0 0.0014642054338764865
566.0 0.0020589364794432186
567.0 0.002477481211826671
568.0 0.002896025762311183
569.0 0.0025716279196785763
570.0 0.00224723025894491
571.0 0.0021654917873092927
572.0 0.0020837527699768543
573.0 0.0016486450476804748
574.0 0.0012135372344346251
575.0 0.001808483648346737
576.0 0.0024034299713093787
577.0 0.002165997648262419
578.0 0.0019285660528112203
579.0 0.0018655720850802027
580.0 0.0018025777535513043
581.0 0.0016554418834857643
582.0 0.0015083058315212838
583.0 0.002030992072832305
584.0 0.0025536784960422665
585.0 0.002570113974798005
586.0 0.0025865492716548033
587.0 0.0021278417989378795
588.0 0.001669133962423075
589.0 0.001982562207558658
590.0 0.0022959908164921217
591.0 0.001720384716463741
592.0 0.0011447787073848303
593.0 0.0010036378625954967
594.0 0.0008624969268566929
595.0 0.0011923481906706002
596.0 0.0015221994544845074
597.0 0.0012128052730986383
598.0 0.0009034113645611797
599.0 0.0008844079275149852
600.0 0.0008654045814182609
601.0 0.000758282021706691
602.0 0.0006511593255709158
603.0 0.0010878909051825758
604.0 0.0015246221664710902
605.0 0.0012344966307864524
606.0 0.0009443710041523445
607.0 0.0008782784789218567
608.0 0.0008121859536913689
609.0 0.0010043519068858586
610.0 0.0011965177691308782
611.0 0.0008499755494995043
612.0 0.0005034333298681304
613.0 0.0004967575023329118
614.0 0.0004900816293229582
615.0 0.0008172577508958057
616.0 0.001144433826993918
617.0 0.0016707153918105178
618.0 0.0021969970475765876
619.0 0.0019537863408913836
620.0 0.0017105754523072392
621.0 0.001832214002206456
622.0 0.001953852188307792
623.0 0.0017457361536798999
624.0 0.0015376201190520078
625.0 0.0015528916264884174
626.0 0.0015681633158237673
627.0 0.00183989559445763
628.0 0.002111628054990433
629.0 0.0020950565158273093
630.0 0.0020784853404620662
631.0 0.002155132642656099
632.0 0.0022317797629511915
633.0 0.0024112156097544357
634.0 0.00259065145655768
635.0 0.005446527939056978
636.0 0.008302404603455216
637.0 0.015479716239497066
638.0 0.022657027875538915
639.0 0.020195907563902438
640.0 0.017734785797074437
641.0 0.015173139399848878
642.0 0.012611495913006365
643.0 0.00976848605205305
644.0 0.006925475463503972
645.0 0.006596923776669428
646.0 0.006268372817430645
647.0 0.006050265801604837
648.0 0.005832158785779029
649.0 0.00448812497779727
650.0 0.003144091897411272
651.0 0.003513185220072046
652.0 0.00388227854273282
653.0 0.003109810859314166
654.0 0.0023373433577944525
655.0 0.0024775365091045387
656.0 0.0026177300242125057
657.0 0.002703787322388962
658.0 0.002789844074868597
659.0 0.0025815266781137325
660.0 0.0023732090994599275
661.0 0.002391377347521484
662.0 0.0024095454136841
663.0 0.002003522058657836
664.0 0.0015974987036315724
665.0 0.0018623817595653236
666.0 0.002127264997398015
667.0 0.0023940991013660096
668.0 0.0026609333872329444
669.0 0.0019369846995687112
670.0 0.0012130361028539483
671.0 0.001064164734998485
672.0 0.0009152934580924921
673.0 0.001313787197432248
674.0 0.0017122811186709441
675.0 0.0016898022295208648
676.0 0.001667323158471845
677.0 0.0018545817511039786
678.0 0.002041840343736112
679.0 0.0015407918908749707
680.0 0.0010397433470643591
681.0 0.0011629884284047876
682.0 0.0012862333278462756
683.0 0.002317069811397232
684.0 0.0033479063858976588
685.0 0.0028745886083925143
686.0 0.002401271376584191
687.0 0.0018197948520537466
688.0 0.0012383183275233023
689.0 0.0015656702089472674
690.0 0.0018930219084722921
691.0 0.002163347744499333
692.0 0.0024336735805263743
693.0 0.0028918886528117582
694.0 0.003350104088895023
695.0 0.0031668001611251384
696.0 0.002983496233355254
697.0 0.003256864511058666
698.0 0.0035302331525599584
699.0 0.0051126826292602345
700.0 0.006695132469758391
701.0 0.006994387513259426
702.0 0.007293641829164699
703.0 0.006403868610505015
704.0 0.00551409502804745
705.0 0.004868726682616398
706.0 0.004223357609589584
707.0 0.0038232312363106757
708.0 0.0034231048630317673
709.0 0.00394075432268437
710.0 0.004458403782336973
711.0 0.0041622770368121564
712.0 0.003866150655085221
713.0 0.0031121155188884586
714.0 0.0023580803826916963
715.0 0.0023608587071066722
716.0 0.0023636366677237675
717.0 0.0022118942069937475
718.0 0.0020601512005669065
719.0 0.0016877113012014888
720.0 0.0013152709470887203
721.0 0.001105132650991436
722.0 0.0008949940820457414
723.0 0.0009316308023699094
724.0 0.000968267340795137
725.0 0.001324004460911965
726.0 0.0016797419448266737
727.0 0.001534569491923321
728.0 0.0013893970390199684
729.0 0.0013783913345832843
730.0 0.0013673857210960705
731.0 0.0014160827959130984
732.0 0.001464779779780656
733.0 0.0015988340237527154
734.0 0.0017328884496237151
735.0 0.0013295133612700738
736.0 0.0009261380000680219
737.0 0.0010700049642764498
738.0 0.0012138715646869969
739.0 0.0014928370546840597
740.0 0.001771802271832712
741.0 0.0015310284652514383
742.0 0.0012902546586701646
743.0 0.0017082466001738794
744.0 0.0021262387235765345
745.0 0.001659483132243622
746.0 0.0011927274499612395
747.0 0.0014141851352178492
748.0 0.001635642911423929
749.0 0.002319133454875555
750.0 0.003002624180226121
751.0 0.003102799746557139
752.0 0.0032029751309892163
753.0 0.0030094415706116706
754.0 0.002815908010234125
755.0 0.002073603172902949
756.0 0.0013312984265212435
757.0 0.002109234264935367
758.0 0.0028871701942989603
759.0 0.0029185903258621693
760.0 0.002950010275526438
761.0 0.004331602394813672
762.0 0.0057131939684040844
763.0 0.00546732590009924
764.0 0.005221457831794396
765.0 0.005253967174212448
766.0 0.005286477608024143
767.0 0.004503926902543753
768.0 0.003721376197063364
769.0 0.0038201433198992163
770.0 0.003918910806532949
771.0 0.004121699384995736
772.0 0.004324487963458523
773.0 0.0038392292481148615
774.0 0.0033539705327712
775.0 0.07887813844718039
776.0 0.11858079815283418
777.0 1.5786067114956226e-10
778.0 1.5786067114956226e-10
779.0 0.00961545592872426
780.0 0.014415824261959642
781.0 1.5786067114956226e-10
782.0 1.5786067114956226e-10
783.0 1.5786067114956226e-10
784.0 0.026866767439059913
785.0 0.0438092538388446
786.0 0.018674801685847342
787.0 0.12034055544063449
788.0 1.5786067114956226e-10
789.0 1.5786067114956226e-10
790.0 0.021317544451449066
791.0 0.05372533341869712
792.0 0.12390563497319818
793.0 0.061515922425314784
794.0 0.010588723671389744
795.0 1.5786067114956226e-10
796.0 1.5786067114956226e-10
797.0 0.17741115298122168
798.0 0.07945226971060038
799.0 1.5786067114956226e-10
800.0 0.1091927639208734
801.0 0.18551419489085674
802.0 0.22061592899262905
803.0 0.496344780549407
804.0 0.8850143291056156
805.0 1.2882478535175323
806.0 2.2398170083761215
807.0 3.4058399498462677
808.0 5.139918252825737
809.0 7.156381011009216
810.0 9.490589052438736
811.0 12.442771345376968
812.0 15.725657343864441
813.0 19.00240331888199
814.0 21.410685777664185
815.0 24.43581223487854
816.0 28.24525535106659
817.0 32.969024777412415
818.0 38.238340616226196
819.0 43.250611424446106
820.0 50.04778504371643
821.0 57.43308067321777
822.0 64.05442953109741
823.0 70.77292203903198
824.0 77.35995650291443
825.0 82.72022604942322
826.0 87.46245503425598
827.0 91.51285290718079
828.0 95.25132775306702
829.0 97.1408486366272
830.0 98.46603870391846
831.0 99.251389503479
832.0 99.19331073760986
833.0 99.86346364021301
834.0 98.67774844169617
835.0 99.8648464679718
836.0 99.63318705558777
837.0 99.4525671005249
838.0 98.79447221755981
839.0 98.70513677597046
840.0 99.28935766220093
841.0 100.29447078704834
842.0 99.88691806793213
843.0 99.94951486587524
844.0 98.72820377349854
845.0 99.23794865608215
846.0 99.09375309944153
847.0 99.20225739479065
848.0 100.37178993225098
849.0 99.0030586719513
850.0 98.40148091316223
851.0 99.32299852371216
852.0 99.65062141418457
853.0 99.15750026702881
854.0 99.7829020023346
855.0 98.53012561798096
856.0 99.13495779037476
857.0 98.34480285644531
858.0 98.76298308372498
859.0 99.32388663291931
860.0 98.98574948310852
861.0 98.9372968673706
862.0 98.9993691444397
863.0 98.77607822418213
864.0 99.56324100494385
865.0 99.96853470802307
866.0 98.95256161689758
867.0 99.31972622871399
868.0 99.82483983039856
869.0 98.80900979042053
870.0 98.53776693344116
871.0 99.18352961540222
872.0 99.43073987960815
873.0 99.55989718437195
874.0 100.29551982879639
875.0 99.51717257499695
876.0 99.33615922927856
877.0 99.52906966209412
878.0 99.2132306098938
879.0 99.17505979537964
880.0 99.03767108917236
881.0 100.01784563064575
882.0 99.14646744728088
883.0 99.50708746910095
884.0 99.45986866950989
885.0 99.25171732902527
886.0 98.97733926773071
887.0 98.99157881736755
888.0 99.5278000831604
889.0 99.8430073261261
890.0 98.78541231155396
891.0 99.61860775947571
892.0 99.332195520401
893.0 99.13790225982666
894.0 98.6006498336792
895.0 100.05974769592285
