lsstCam/transmission_filter_detector/r02_s20/r_57/19700101T000000.ecsv
# %ECSV 1.0
# ---
# datatype:
# - {name: wavelength, unit: nm, datatype: float32}
# - {name: efficiency, unit: '%', datatype: float64}
# meta: !!omap
# - {MODE: DETECTOR}
# - {TYPE: transmission_filter_detector}
# - {CALIBDATE: '1970-01-01T00:00:00'}
# - {INSTRUME: LSSTCam}
# - {OBSTYPE: transmission_filter_detector}
# - {CALIBCLS: lsst.ip.isr.IntermediateFilterDetectorTransmissionCurve}
# - {SOURCE: Materion (DM-46256)}
# - {DETECTOR: 15}
# - {FILTER: r_57}
# - {CALIB_ID: 'calibDate=1970-01-01T00:00:00 filter=r_57 detector=15'}
# - {DATE: '2025-04-02T15:59:44.254503'}
# - {CALIB_CREATION_DATE: '2025-04-02'}
# - {CALIB_CREATION_TIME: '15:59:44'}
# - __serialized_columns__:
#     efficiency:
#       __class__: astropy.units.quantity.Quantity
#       unit: !astropy.units.Unit {unit: '%'}
#       value: !astropy.table.SerializedColumn {name: efficiency}
#     wavelength:
#       __class__: astropy.units.quantity.Quantity
#       unit: !astropy.units.Unit {unit: nm}
#       value: !astropy.table.SerializedColumn {name: wavelength}
# schema: astropy-2.0
wavelength efficiency
300.0 0.0019571392840589397
301.0 0.0059601992688840255
302.0 0.009963260527001694
303.0 0.012924800103064626
304.0 0.01588634040672332
305.0 0.013760321598965675
306.0 0.011634304246399552
307.0 0.010477929026819766
308.0 0.009321554534835741
309.0 0.00814108134363778
310.0 0.0069606059696525335
311.0 0.006026416303939186
312.0 0.005092225546832196
313.0 0.004848673415835947
314.0 0.004605123103829101
315.0 0.00467782883788459
316.0 0.004750534208142199
317.0 0.00446242411271669
318.0 0.0041743136534933
319.0 0.0040619172068545595
320.0 0.003949519668822177
321.0 0.003622471558628604
322.0 0.00329542308463715
323.0 0.003074728374485858
324.0 0.002854033482435625
325.0 0.0026797428290592507
326.0 0.0025054512661881745
327.0 0.002519440204196144
328.0 0.0025334293241030537
329.0 0.0025510340492473915
330.0 0.0025686389562906697
331.0 0.0023526859877165407
332.0 0.0021367328372434713
333.0 0.0019288190742372535
334.0 0.0017209053112310357
335.0 0.0015904868632787839
336.0 0.0014600683243770618
337.0 0.0012680398867814802
338.0 0.0010760115401353687
339.0 0.0009835625860432629
340.0 0.0008911135410016868
341.0 0.0008683513442520052
342.0 0.0008455891475023236
343.0 0.0008720368896319997
344.0 0.0008984847227111459
345.0 0.0009054066140379291
346.0 0.0009123286872636527
347.0 0.0008660721505293623
348.0 0.0008198157956940122
349.0 0.0008299415640067309
350.0 0.005735944796469994
351.0 0.005544625309994444
352.0 0.005353306187316775
353.0 0.0050581922550918534
354.0 0.004763079050462693
355.0 0.004820531830773689
356.0 0.004877985338680446
357.0 0.006462658348027617
358.0 0.00804733281256631
359.0 0.0058581070334184915
360.0 0.003668881254270673
361.0 0.002568778108980041
362.0 0.0014686747817904688
363.0 0.0027092739401268773
364.0 0.003949872916564345
365.0 0.003915164779755287
366.0 0.003880457006744109
367.0 0.0031466202926822007
368.0 0.002412783032923471
369.0 0.0018996241124114022
370.0 0.0013864653737982735
371.0 0.001753331525833346
372.0 0.0021201976778684184
373.0 0.0026707275537773967
374.0 0.0032212570658884943
375.0 0.003043771175725851
376.0 0.0028662858312600292
377.0 0.0012277262612769846
378.0 1.613631971097984e-10
379.0 0.0007800998901075218
380.0 0.0019710329070221633
381.0 0.0027001924536307342
382.0 0.003429352364037186
383.0 0.0032692001695977524
384.0 0.0031090483389561996
385.0 0.004038249971927144
386.0 0.0049674505135044456
387.0 0.004540738882496953
388.0 0.0041140272514894605
389.0 0.0035808367101708427
390.0 0.0030476459869532846
391.0 0.0021813133571413346
392.0 0.001314981000177795
393.0 0.001474267992307432
394.0 0.0016335547115886584
395.0 0.0011670517778838985
396.0 0.0007005488896538736
397.0 0.0006421254965971457
398.0 0.0005837024218635634
399.0 0.0005940876690146979
400.0 0.0006044723704690114
401.0 0.00015482627304663765
402.0 1.613631971097984e-10
403.0 1.613631971097984e-10
404.0 0.00012566713394335238
405.0 0.0006508452770503936
406.0 0.001176023215521127
407.0 0.0017043532352545299
408.0 0.0022326832549879327
409.0 0.0018813796486938372
410.0 0.0015300758605008014
411.0 0.001166394395113457
412.0 0.0008027129297261126
413.0 0.0007181934051914141
414.0 0.0006336738806567155
415.0 0.0006635889803874306
416.0 0.0006935043529665563
417.0 0.0012967849215783644
418.0 0.0019000659449375235
419.0 0.002214878441009205
420.0 0.002529690937080886
421.0 0.004049176277476363
422.0 0.0055686610721750185
423.0 0.008618801803095266
424.0 0.011668942170217633
425.0 0.015838858962524682
426.0 0.020008772844448686
427.0 0.020560971461236477
428.0 0.021113172988407314
429.0 0.01613348285900429
430.0 0.011153792002005503
431.0 0.007914371963124722
432.0 0.004674950469052419
433.0 0.0037680354580515996
434.0 0.0028611202651518397
435.0 0.0022403281036531553
436.0 0.0016195357602555305
437.0 0.0014370714779943228
438.0 0.0012546073776320554
439.0 0.0010062730325444136
440.0 0.0007579387784062419
441.0 0.001063945092028007
442.0 0.0013699513147003017
443.0 0.0017015483535942622
444.0 0.002033145574387163
445.0 0.0019078701370744966
446.0 0.00178259451786289
447.0 0.0016060948837548494
448.0 0.0014295955224952195
449.0 0.0013246247362985741
450.0 0.0012196534044051077
451.0 0.0013918209333496634
452.0 0.0015639885532436892
453.0 0.0015834972145967185
454.0 0.0016030060578486882
455.0 0.0013911807400290854
456.0 0.0011793557860073633
457.0 0.0008500162039126735
458.0 0.0005206768946663942
459.0 0.0007418746463372372
460.0 0.00096307230705861
461.0 0.0016315683751599863
462.0 0.002300064079463482
463.0 0.0029234479370643385
464.0 0.003546831794665195
465.0 0.004622965570888482
466.0 0.005699098983313888
467.0 0.006350495095830411
468.0 0.007001892663538456
469.0 0.006013375968905166
470.0 0.0050248607294633985
471.0 0.0037983088986948133
472.0 0.002571756522229407
473.0 0.0021699583157896996
474.0 0.0017681599274510518
475.0 0.0014278451999416575
476.0 0.0010875307452806737
477.0 0.0008921586413634941
478.0 0.0006967864919715794
479.0 0.0008978149708127603
480.0 0.001098843313229736
481.0 0.000815017210697988
482.0 0.0005311912900651805
483.0 0.0005973516181256855
484.0 0.0006635117642872501
485.0 0.0006449085049098358
486.0 0.0006263051091082161
487.0 0.0006369851234921953
488.0 0.0006476650469267042
489.0 0.0006068094080546871
490.0 0.0005659536782331998
491.0 0.0007235471002786653
492.0 0.000881140567798866
493.0 0.0009950609637598973
494.0 0.0011089813597209286
495.0 0.0009560009857523255
496.0 0.0008030204298847821
497.0 0.0010775436749099754
498.0 0.0013520666470867582
499.0 0.0013033824870944954
500.0 0.001254698509001173
501.0 0.001414432335877791
502.0 0.0015741665265522897
503.0 0.0019837658328469843
504.0 0.002393365139141679
505.0 0.0029296183129190467
506.0 0.0034658714866964146
507.0 0.004106456617591903
508.0 0.00474704138468951
509.0 0.00519767236255575
510.0 0.005648302612826228
511.0 0.00506208416481968
512.0 0.004475864989217371
513.0 0.003801774073508568
514.0 0.0031276827940018848
515.0 0.0029453125534928404
516.0 0.002762942312983796
517.0 0.00256093408097513
518.0 0.002358925667067524
519.0 0.06806712481193244
520.0 0.08733514114283025
521.0 0.10053088190034032
522.0 0.172548892442137
523.0 0.05843589315190911
524.0 0.0697561539709568
525.0 0.10120415827259421
526.0 0.10685238521546125
527.0 0.051384628750383854
528.0 0.09264408145099878
529.0 0.09963558986783028
530.0 0.21999315358698368
531.0 0.06573357968591154
532.0 0.28184051625430584
533.0 0.3080583643168211
534.0 0.3396668704226613
535.0 0.4676620475947857
536.0 0.6145734805613756
537.0 0.9741182439029217
538.0 1.50420181453228
539.0 2.26447694003582
540.0 3.6993954330682755
541.0 5.48640750348568
542.0 7.874558120965958
543.0 11.054859310388565
544.0 14.697426557540894
545.0 18.871885538101196
546.0 23.94532710313797
547.0 30.39209544658661
548.0 38.1811797618866
549.0 46.26879096031189
550.0 53.11024785041809
551.0 60.7088565826416
552.0 66.10701084136963
553.0 71.41630053520203
554.0 75.29796361923218
555.0 79.24075126647949
556.0 83.08095335960388
557.0 85.98894476890564
558.0 89.00973200798035
559.0 91.89260601997375
560.0 92.50945448875427
561.0 94.34142708778381
562.0 94.88984942436218
563.0 95.05721926689148
564.0 95.52276134490967
565.0 95.23091316223145
566.0 95.52251696586609
567.0 94.93861198425293
568.0 95.86501717567444
569.0 96.5125560760498
570.0 95.90601921081543
571.0 96.4976966381073
572.0 96.3701605796814
573.0 96.75095081329346
574.0 97.19880819320679
575.0 96.55797481536865
576.0 97.3696768283844
577.0 96.76478505134583
578.0 96.84199690818787
579.0 96.94439768791199
580.0 96.40197157859802
581.0 96.48086428642273
582.0 96.21974229812622
583.0 96.32891416549683
584.0 96.11509442329407
585.0 96.20155692100525
586.0 96.49651646614075
587.0 96.15501761436462
588.0 96.38887047767639
589.0 97.15686440467834
590.0 96.56618237495422
591.0 95.81947922706604
592.0 95.72665095329285
593.0 95.57154178619385
594.0 95.73429822921753
595.0 96.12004160881042
596.0 96.66374325752258
597.0 97.14991450309753
598.0 96.30168676376343
599.0 96.52116298675537
600.0 96.69703841209412
601.0 95.71419358253479
602.0 96.24956250190735
603.0 96.2450385093689
604.0 96.0351824760437
605.0 96.31065130233765
606.0 95.85655331611633
607.0 96.13184928894043
608.0 96.26908898353577
609.0 95.49857974052429
610.0 95.91708183288574
611.0 95.754075050354
612.0 95.78999876976013
613.0 96.85938954353333
614.0 96.42366766929626
615.0 96.18868827819824
616.0 96.1551308631897
617.0 96.38912081718445
618.0 96.26834988594055
619.0 96.82791233062744
620.0 95.68932056427002
621.0 95.13871669769287
622.0 96.50906324386597
623.0 96.58631682395935
624.0 96.2527871131897
625.0 96.76106572151184
626.0 96.24564051628113
627.0 94.84994411468506
628.0 97.06108570098877
629.0 95.10741233825684
630.0 96.4162290096283
631.0 95.87322473526001
632.0 96.84249758720398
633.0 96.50655388832092
634.0 95.50549983978271
635.0 96.14235758781433
636.0 95.733243227005
637.0 95.63119411468506
638.0 95.40990591049194
639.0 95.27466297149658
640.0 95.61983346939087
641.0 95.33621668815613
642.0 95.63060998916626
643.0 95.87457180023193
644.0 96.15391492843628
645.0 96.197909116745
646.0 96.10422253608704
647.0 96.9662606716156
648.0 96.21881246566772
649.0 95.31497955322266
650.0 96.16656303405762
651.0 96.81846499443054
652.0 97.02098369598389
653.0 95.66958546638489
654.0 96.44887447357178
655.0 96.57874703407288
656.0 95.44936418533325
657.0 95.92676758766174
658.0 96.07938528060913
659.0 96.04790806770325
660.0 95.22000551223755
661.0 95.79787254333496
662.0 95.68819403648376
663.0 95.7384467124939
664.0 94.9577808380127
665.0 95.28856873512268
666.0 95.64614295959473
667.0 95.55214047431946
668.0 95.00304460525513
669.0 95.41714787483215
670.0 95.23476958274841
671.0 95.43272256851196
672.0 94.96238827705383
673.0 95.26223540306091
674.0 95.00362873077393
675.0 95.56924104690552
676.0 94.77152824401855
677.0 94.21995282173157
678.0 93.70346665382385
679.0 92.52185225486755
680.0 91.70271158218384
681.0 90.09983539581299
682.0 88.42568397521973
683.0 86.07923984527588
684.0 82.53017663955688
685.0 79.1883647441864
686.0 75.55096745491028
687.0 70.76601982116699
688.0 66.47072434425354
689.0 61.84225678443909
690.0 56.77829384803772
691.0 52.73851752281189
692.0 48.04264008998871
693.0 43.87202858924866
694.0 38.83835971355438
695.0 33.67703557014465
696.0 28.429651260375977
697.0 23.277252912521362
698.0 17.471840977668762
699.0 12.726867198944092
700.0 9.09159705042839
701.0 5.754826217889786
702.0 3.634876385331154
703.0 2.127419039607048
704.0 1.2947732582688332
705.0 0.6799034308642149
706.0 0.46365344896912575
707.0 0.32751678954809904
708.0 0.19669635221362114
709.0 0.13380527961999178
710.0 0.1258081290870905
711.0 0.09458876447752118
712.0 0.053817598382011056
713.0 0.07968519348651171
714.0 0.05261093028821051
715.0 0.0501488393638283
716.0 0.08234717533923686
717.0 0.01965612027561292
718.0 0.05699267494492233
719.0 0.030007344321347773
720.0 1.613631971097984e-10
721.0 0.004513560998020694
722.0 0.00426803671871312
723.0 0.004022512803203426
724.0 0.003720919994520955
725.0 0.0034193268220406026
726.0 0.003173499499098398
727.0 0.0029276725399540737
728.0 0.00281597222056007
729.0 0.002704271537368186
730.0 0.002480591501807794
731.0 0.0022569116481463425
732.0 0.002257288542750757
733.0 0.002257665437355172
734.0 0.0021160343749215826
735.0 0.0019744033124879934
736.0 0.0018012320651905611
737.0 0.0016280608178931288
738.0 0.0016690892152837478
739.0 0.0017101176126743667
740.0 0.0016532187146367505
741.0 0.0015963198165991344
742.0 0.0014736537195858546
743.0 0.001350987713522045
744.0 0.001415935912518762
745.0 0.0014808838386670686
746.0 0.0014051664038561285
747.0 0.001329448787146248
748.0 0.0011720520888047758
749.0 0.0010146553904633038
750.0 0.0010143031431653071
751.0 0.0010139509868167806
752.0 0.0010742994163592812
753.0 0.0011346476640028413
754.0 0.0011766076568164863
755.0 0.001218568013428012
756.0 0.0011343398000462912
757.0 0.0010501111319172196
758.0 0.0010844410098798107
759.0 0.0011187705240445212
760.0 0.0011099969924543984
761.0 0.0011012235518137459
762.0 0.0011306981832603924
763.0 0.0011601730875554495
764.0 0.0010773306712508202
765.0 0.0009944882549461909
766.0 0.0008145543688442558
767.0 0.0006346205736917909
768.0 0.0006316249255178263
769.0 0.0006286290044954512
770.0 0.0007755270416964777
771.0 0.0009224251698469743
772.0 0.0008173878995876294
773.0 0.0007123504474293441
774.0 0.0008152812370099127
775.0 0.0009182120265904814
776.0 0.0009162076821667142
777.0 0.000914203337742947
778.0 0.0008623735084256623
779.0 0.0008105437700578477
780.0 0.0007223851753224153
781.0 0.0006342267170111882
782.0 0.0007495526460843394
783.0 0.0008648785296827555
784.0 0.0008764713129494339
785.0 0.0008880637324182317
786.0 0.000796924541646149
787.0 0.0007057853508740664
788.0 0.0006826046046626288
789.0 0.0006594238584511913
790.0 0.0007077929694787599
791.0 0.0007561619895568583
792.0 0.0007916008144093212
793.0 0.000827039639261784
794.0 0.000835429091239348
795.0 0.000843817997520091
796.0 0.000667252425046172
797.0 0.0004906866706733126
798.0 0.0006811459570599254
799.0 0.000871605152497068
800.0 0.0008153967428370379
801.0 0.0007591880148538621
802.0 0.0006182251127029303
803.0 0.00047726193770358805
804.0 0.0006178493094921578
805.0 0.0007584367267554626
806.0 0.0007140422894735821
807.0 0.0006696479886159068
808.0 0.0007769586773065384
809.0 0.0008842694114719052
810.0 0.000769678626966197
811.0 0.0006550880698341643
812.0 0.0006979830232012318
813.0 0.0007408779765682993
814.0 0.0006063027285563294
815.0 0.0004717274805443594
816.0 0.000604751767241396
817.0 0.0007377761903626379
818.0 0.000705100819686777
819.0 0.0006724254944856511
820.0 0.0005045916623203084
821.0 0.0003367578756297007
822.0 0.00039155333979579154
823.0 0.00044634884943661746
824.0 0.0004849418473895639
825.0 0.0005235348908172455
826.0 0.0005941455128777307
827.0 0.0006647561349382158
828.0 0.0005421346941147931
829.0 0.0004195134351903107
830.0 0.00025259992071369197
831.0 8.568644602746645e-05
832.0 6.6704814116747e-05
833.0 4.7723159468660015e-05
834.0 1.613631971097984e-10
835.0 1.613631971097984e-10
836.0 0.0002793572548398515
837.0 0.0006098604899307247
838.0 0.0007641942829650361
839.0 0.0009185280759993475
840.0 0.0012134665666962974
841.0 0.001508404966443777
842.0 0.001993891055462882
843.0 0.002479377326380927
844.0 0.0023765605874359608
845.0 0.0022737438484909944
846.0 0.0022493348296848126
847.0 0.00222492544708075
848.0 0.0022456151782535017
849.0 0.002266304727527313
850.0 0.0019513583538355306
851.0 0.0016364121620426886
852.0 0.001453137883800082
853.0 0.0012698632417595945
854.0 0.001088515273295343
855.0 0.0009071672138816211
856.0 0.0006398022378562018
857.0 0.0003724373982549878
858.0 0.0005040390078647761
859.0 0.0006356405719998293
860.0 0.000500962596561294
861.0 0.00036628453017328866
862.0 0.0004135566996410489
863.0 0.00046082891458354425
864.0 0.00033427481866965536
865.0 0.00020772081370523665
866.0 0.00012936307030031458
867.0 5.1005275736315525e-05
868.0 0.00011415153267080314
869.0 0.00017729776118358131
870.0 8.453083069070999e-05
871.0 1.613631971097984e-10
872.0 1.613631971097984e-10
873.0 1.613631971097984e-10
874.0 1.613631971097984e-10
875.0 1.613631971097984e-10
876.0 1.613631971097984e-10
877.0 5.088659804641793e-05
878.0 0.00015203870589175494
879.0 0.0002531907966840663
880.0 0.000196188716472534
881.0 0.0001391866362610017
882.0 0.00012475913990783738
883.0 0.00011033168902940815
884.0 1.613631971097984e-10
885.0 1.613631971097984e-10
886.0 1.613631971097984e-10
887.0 8.732398555366672e-05
888.0 0.00016025105651351623
889.0 0.00023317813884204952
890.0 0.00019624276319518685
891.0 0.00015930736481095664
892.0 4.1273392525909e-05
893.0 1.613631971097984e-10
894.0 1.613631971097984e-10
895.0 4.751693438720395e-06
896.0 6.488272674687323e-05
897.0 0.00012501380979301757
898.0 7.1773155241317e-05
899.0 1.8532497847445484e-05
900.0 2.1260176197301917e-05
901.0 2.398783749413269e-05
