lsstCam/transmission_filter_detector/r02_s20/r_57/19700101T000000.ecsv
# %ECSV 1.0
# ---
# datatype:
# - {name: wavelength, unit: nm, datatype: float32}
# - {name: efficiency, unit: '%', datatype: float64}
# meta: !!omap
# - {MODE: DETECTOR}
# - {TYPE: transmission_filter_detector}
# - {CALIBDATE: '1970-01-01T00:00:00'}
# - {INSTRUME: LSSTCam}
# - {OBSTYPE: transmission_filter_detector}
# - {CALIBCLS: lsst.ip.isr.IntermediateFilterDetectorTransmissionCurve}
# - {SOURCE: Materion (DM-46256)}
# - {DETECTOR: 15}
# - {FILTER: r_57}
# - {CALIB_ID: 'calibDate=1970-01-01T00:00:00 filter=r_57 detector=15'}
# - {DATE: '2025-04-02T15:59:44.254503'}
# - {CALIB_CREATION_DATE: '2025-04-02'}
# - {CALIB_CREATION_TIME: '15:59:44'}
# - __serialized_columns__:
#     efficiency:
#       __class__: astropy.units.quantity.Quantity
#       unit: !astropy.units.Unit {unit: '%'}
#       value: !astropy.table.SerializedColumn {name: efficiency}
#     wavelength:
#       __class__: astropy.units.quantity.Quantity
#       unit: !astropy.units.Unit {unit: nm}
#       value: !astropy.table.SerializedColumn {name: wavelength}
# schema: astropy-2.0
wavelength efficiency
[from data line 603]
903.0 1.613631971097984e-10
904.0 1.613631971097984e-10
905.0 7.692254371249874e-05
906.0 1.613631971097984e-10
907.0 1.613631971097984e-10
908.0 1.613631971097984e-10
909.0 1.613631971097984e-10
910.0 1.613631971097984e-10
911.0 1.613631971097984e-10
912.0 1.613631971097984e-10
913.0 1.613631971097984e-10
914.0 1.613631971097984e-10
915.0 0.00010610768867991283
916.0 7.207930252661754e-05
917.0 3.8050936268518853e-05
918.0 0.00010703200814532465
919.0 0.00017601303170522442
920.0 7.94943389337277e-05
921.0 1.613631971097984e-10
922.0 8.487555192004947e-05
923.0 0.0001867754804152355
924.0 0.000186896158993477
925.0 0.00018701684894040227
926.0 0.0001544997985547525
927.0 0.0001219827481691027
928.0 0.00017090034134525922
929.0 0.0002198179117840482
930.0 0.00019916478777304292
931.0 0.00017851166376203764
932.0 4.72084224156788e-05
933.0 1.613631971097984e-10
934.0 5.8998472241000854e-05
935.0 0.00020209167814755347
936.0 0.0002452894250382087
937.0 0.00028848714919149643
938.0 0.0003409741339055472
939.0 0.0003934611413569655
940.0 0.00035323569136380684
941.0 0.00031301024137064815
942.0 0.0003962978098570602
943.0 0.00047958537834347226
944.0 0.00036517189982987475
945.0 0.0002507585122657474
946.0 0.00025899905722326366
947.0 0.0002672395567060448
948.0 0.0004166479811829049
949.0 0.0005660564966092352
950.0 0.000534481341674109
951.0 0.0005029061412642477
952.0 0.0006708255114062922
953.0 0.000838745017972542
954.0 0.001125976905314019
955.0 0.0014132091564533766
956.0 0.001478659669373883
957.0 0.0015441102732438594
958.0 0.0016762858649599366
959.0 0.0018084618204738945
960.0 0.001939484900503885
961.0 0.0020705083443317562
962.0 0.002243431663373485
963.0 0.002416355346213095
964.0 0.00244340790231945
965.0 0.002470459912728984
966.0 0.00245260580413742
967.0 0.0024347515136469156
968.0 0.0023970165784703568
969.0 0.0023592820070916787
970.0 0.0024528570065740496
971.0 0.002546432369854301
972.0 0.002592153941805009
973.0 0.0026378751499578357
974.0 0.002884609784814529
975.0 0.0031313444196712226
976.0 0.0032007206755224615
977.0 0.003270096203777939
978.0 0.0031886556826066226
979.0 0.003107215161435306
980.0 0.0030052462534513324
981.0 0.002903277527366299
982.0 0.0029880318834329955
983.0 0.0030727860576007515
984.0 0.0030463599614449777
985.0 0.0030199336833902635
986.0 0.0029307502700248733
987.0 0.0028415664928616025
988.0 0.002624783701321576
989.0 0.00240800127357943
990.0 0.002425695311103482
991.0 0.0024433893486275338
992.0 0.0025283648938057013
993.0 0.002613340620882809
994.0 0.0026687328499974683
995.0 0.0027241247153142467
996.0 0.002784311436698772
997.0 0.002844497976184357
998.0 0.0029829354389221407
999.0 0.003121372719760984
1000.0 0.0032624073355691507
1001.0 0.0034034419513773173
1002.0 0.003623784868977964
1003.0 0.00384412742278073
1004.0 0.003976273364969529
1005.0 0.004108418943360448
1006.0 0.004306927803554572
1007.0 0.004505437391344458
1008.0 0.004417763921082951
1009.0 0.004330090450821444
1010.0 0.004292648736736737
1011.0 0.004255207386449911
1012.0 0.004256954707670957
1013.0 0.004258702392689884
1014.0 0.004013049328932539
1015.0 0.0037673962651751935
1016.0 0.0036083307350054383
1017.0 0.003449265204835683
1018.0 0.0030585906642954797
1019.0 0.002667916487553157
1020.0 0.002206171120633371
1021.0 0.0017444257537135854
1022.0 0.0015523031834163703
1023.0 0.001360180067422334
1024.0 0.0014172704140946735
1025.0 0.0014743609426659532
1026.0 0.001346222597931046
1027.0 0.0012180840712971985
1028.0 0.0011706652003340423
1029.0 0.0011232460565224756
1030.0 0.0010287188160873484
1031.0 0.00093419093900593
1032.0 0.00093336502686725
1033.0 0.0009325388418801595
1034.0 0.0008351669748662971
1035.0 0.0007377949714282295
1036.0 0.000893745254870737
1037.0 0.001049695310939569
1038.0 0.0009275900083594024
1039.0 0.0008054848876781762
1040.0 0.0008724076906219125
1041.0 0.000939330584515119
1042.0 0.0009830002454691567
1043.0 0.0010266695426253136
1044.0 0.0009300065357820131
1045.0 0.0008333438927365933
1046.0 0.0008770337444730103
1047.0 0.0009207238690578379
1048.0 0.0007758438187011052
1049.0 0.0006309639047685778
1050.0 0.0006757166374882217
1051.0 0.0007204693702078657
1052.0 0.0010400856808701064
1053.0 0.0013597016732092015
1054.0 0.0012331448488112073
1055.0 0.0011065880244132131
1056.0 0.0010746243788162246
1057.0 0.0010426609151181765
1058.0 0.0008545083801436704
1059.0 0.0006663559815933695
1060.0 0.001001367490971461
1061.0 0.0013363785001274664
1062.0 0.0014128316252026707
1063.0 0.0014892845683789346
1064.0 0.0011747051757993177
1065.0 0.00086012541942182
1066.0 0.0011642502613540273
1067.0 0.0014683751942357048
1068.0 0.0016814763512229547
1069.0 0.0018945771444123238
1070.0 0.0012324748240644112
1071.0 0.0005703725037164986
1072.0 0.0011007457942469046
1073.0 0.0016311192666762508
1074.0 0.0023319324100157246
1075.0 0.003032745371456258
1076.0 0.003402999573154375
1077.0 0.003773253774852492
1078.0 0.004041211286676116
1079.0 0.004309168798499741
1080.0 0.0042410774767631665
1081.0 0.004172985791228712
1082.0 0.0038399546610889956
1083.0 0.0035069235309492797
1084.0 0.004214518776279874
1085.0 0.004922113657812588
1086.0 0.005020494063501246
1087.0 0.005118874105392024
1088.0 0.005098525070934556
1089.0 0.005078176036477089
1090.0 0.004799757516593672
1091.0 0.004521338632912375
1092.0 0.004072442970937118
1093.0 0.00362354694516398
1094.0 0.0040063408960122615
1095.0 0.004389134846860543
1096.0 0.003672815000754781
1097.0 0.0029564951546490192
1098.0 0.002335458339075558
1099.0 0.0017144220691989176
1100.0 0.001886103200376965
1101.0 0.002057783967757132
