ts8/transmission_sensor/rtm-009_s01/19700101T000000.ecsv
# %ECSV 0.9
# ---
# datatype:
# - {name: amp_name, datatype: string}
# - {name: wavelength, unit: nm, datatype: float32}
# - {name: efficiency, unit: '%', datatype: float32}
# meta: !!omap
# - {MODE: AMP}
# - {TYPE: transmission_sensor}
# - {CALIBDATE: '1970-01-01T00:00:00'}
# - {INSTRUME: TS8}
# - {OBSTYPE: transmission_sensor}
# - {DETECTOR: 199}
# - {CALIBCLS: lsst.ip.isr.IntermediateSensorTransmissionCurve}
# - {PICKLEFILE: RaftRun11415.p}
# - {CALIB_ID: 'raftName=RTM-009 detectorName=S01 detector=199 calibDate=1970-01-01T00:00:00 ccd=199 ccdnum=199 filter=None'}
# - {DATE: '2020-07-23T19:15:33.742199'}
# - {CALIB_CREATION_DATE: '2020-07-23'}
# - {CALIB_CREATION_TIME: '19:15:33'}
# - __serialized_columns__:
#     efficiency:
#       __class__: astropy.units.quantity.Quantity
#       unit: !astropy.units.Unit {unit: '%'}
#       value: !astropy.table.SerializedColumn {name: efficiency}
#     wavelength:
#       __class__: astropy.units.quantity.Quantity
#       unit: !astropy.units.Unit {unit: nm}
#       value: !astropy.table.SerializedColumn {name: wavelength}
# schema: astropy-2.0
amp_name wavelength efficiency
C12 319.994 39.05722
C12 324.969 44.076714
C12 349.982 67.59076
C12 374.975 75.77767
C12 400.019 83.92258
C12 424.965 85.69971
C12 450.035 88.18879
C12 475.003 89.78807
C12 500.018 91.90429
C12 525.002 94.654945
C12 550.029 95.83575
C12 575.023 96.92872
C12 599.982 97.81798
C12 619.997 98.866264
C12 624.979 98.5732
C12 650.012 98.98702
C12 675.004 99.35132
C12 700.03 99.14719
C12 725.012 98.70513
C12 750.022 98.799194
C12 774.987 98.32487
C12 799.976 97.892654
C12 824.988 95.86072
C12 850.022 93.675934
C12 869.967 90.87462
C12 875.002 89.54874
C12 899.999 82.84782
C12 919.999 73.84129
C12 925.012 71.46344
C12 949.965 57.727066
C12 975.002 42.29475
C12 999.976 25.810598
C12 1025.028 10.996805
C12 1050.014 3.8915644
C12 1075.002 2.1371694
C12 1099.99 1.5924783
C16 319.994 40.18697
C16 324.969 45.35607
C16 349.982 69.42171
C16 374.975 77.326614
C16 400.019 84.907906
C16 424.965 86.416885
C16 450.035 88.78369
C16 475.003 90.314735
C16 500.018 92.388115
C16 525.002 95.11356
C16 550.029 96.270706
C16 575.023 97.338264
C16 599.982 98.21037
C16 619.997 99.23925
C16 624.979 98.94771
C16 650.012 99.346405
C16 675.004 99.69156
C16 700.03 99.48626
C16 725.012 99.05488
C16 750.022 99.18166
C16 774.987 98.739685
C16 799.976 98.339195
C16 824.988 96.34089
C16 850.022 94.20745
C16 869.967 91.44254
C16 875.002 90.11696
C16 899.999 83.78571
C16 919.999 74.545135
C16 925.012 72.06061
C16 949.965 58.145653
C16 975.002 42.428402
C16 999.976 25.960543
C16 1025.028 11.096693
C16 1050.014 4.0164447
C16 1075.002 2.2306075
C16 1099.99 1.6185386
C13 319.994 39.32786
C13 324.969 44.38355
C13 349.982 68.026764
C13 374.975 76.14949
C13 400.019 84.17107
C13 424.965 85.88236
C13 450.035 88.33965
C13 475.003 89.91926
C13 500.018 92.02664
C13 525.002 94.772575
C13 550.029 95.94789
C13 575.023 97.03498
C13 599.982 97.9202
C13 619.997 98.9616
C13 624.979 98.6699
C13 650.012 99.07889
C13 675.004 99.43706
C13 700.03 99.230934
C13 725.012 98.78125
C13 750.022 98.873955
C13 774.987 98.39537
C13 799.976 97.96829
C13 824.988 95.94101
C13 850.022 93.77045
C13 869.967 90.94764
C13 875.002 89.60095
C13 899.999 82.93919
C13 919.999 73.986496
C13 925.012 71.60387
C13 949.965 57.85839
C13 975.002 42.217484
C13 999.976 25.768648
C13 1025.028 10.971623
C13 1050.014 3.9124205
C13 1075.002 2.159668
C13 1099.99 1.6021353
C03 319.994 40.14268
C03 324.969 45.30874
C03 349.982 69.6784
C03 374.975 77.83305
C03 400.019 85.003296
C03 424.965 86.2659
C03 450.035 88.47981
C03 475.003 89.90405
C03 500.018 91.91285
C03 525.002 94.5947
C03 550.029 95.73231
C03 575.023 96.79348
C03 599.982 97.66288
C03 619.997 98.69809
C03 624.979 98.407394
C03 650.012 98.81375
C03 675.004 99.18875
C03 700.03 99.08218
C03 725.012 98.921074
C03 750.022 99.37153
C03 774.987 99.23765
C03 799.976 98.940506
C03 824.988 96.839066
C03 850.022 94.66739
C03 869.967 91.767
C03 875.002 90.42299
C03 899.999 83.55498
C03 919.999 74.07708
C03 925.012 71.64387
C03 949.965 58.207367
C03 975.002 42.90696
C03 999.976 26.102732
C03 1025.028 11.142738
C03 1050.014 3.9523091
C03 1075.002 2.158633
C03 1099.99 1.6053449
C07 319.994 40.866547
C07 324.969 46.128952
C07 349.982 70.76945
C07 374.975 78.55355
C07 400.019 85.3163
C07 424.965 86.41126
C07 450.035 88.55156
C07 475.003 89.93965
C07 500.018 91.92036
C07 525.002 94.58143
C07 550.029 95.69493
C07 575.023 96.73737
C07 599.982 97.59065
C07 619.997 98.60956
C07 624.979 98.31485
C07 650.012 98.706116
C07 675.004 99.06655
C07 700.03 98.96821
C07 725.012 98.8373
C07 750.022 99.34594
C07 774.987 99.26989
C07 799.976 99.00923
C07 824.988 96.93693
C07 850.022 94.83217
C07 869.967 92.043884
C07 875.002 90.714165
C07 899.999 84.20678
C07 919.999 74.10831
C07 925.012 71.5628
C07 949.965 58.399204
C07 975.002 42.871407
C07 999.976 26.195377
C07 1025.028 11.226494
C07 1050.014 4.1021314
C07 1075.002 2.2480476
C07 1099.99 1.6225636
C15 319.994 39.865547
C15 324.969 44.993034
C15 349.982 68.90991
C15 374.975 76.867424
C15 400.019 84.537285
C15 424.965 86.083405
C15 450.035 88.46447
C15 475.003 89.99575
C15 500.018 92.07095
C15 525.002 94.79343
C15 550.029 95.95201
C15 575.023 97.02406
C15 599.982 97.89851
C15 619.997 98.93172
C15 624.979 98.637276
C15 650.012 99.03816
C15 675.004 99.389595
C15 700.03 99.18039
C15 725.012 98.74385
C15 750.022 98.84994
C15 774.987 98.39074
C15 799.976 97.975105
C15 824.988 95.970474
C15 850.022 93.837204
C15 869.967 91.00519
C15 875.002 89.66286
C15 899.999 83.256424
C15 919.999 74.153076
C15 925.012 71.79079
C15 949.965 57.922867
C15 975.002 42.176075
C15 999.976 25.802416
C15 1025.028 10.987276
C15 1050.014 3.9583547
C15 1075.002 2.1990085
C15 1099.99 1.6104289
C17 319.994 40.092068
C17 324.969 45.248672
C17 349.982 69.23385
C17 374.975 77.06927
C17 400.019 84.54756
C17 424.965 86.01179
C17 450.035 88.34994
C17 475.003 89.85582
C17 500.018 91.909195
C17 525.002 94.61962
C17 550.029 95.76502
C17 575.023 96.82721
C17 599.982 97.68847
C17 619.997 98.71225
C17 624.979 98.421364
C17 650.012 98.8134
C17 675.004 99.15907
C17 700.03 98.9557
C17 725.012 98.54818
C17 750.022 98.70534
C17 774.987 98.29074
C17 799.976 97.91298
C17 824.988 95.93467
C17 850.022 93.84825
C17 869.967 91.14041
C17 875.002 89.84489
C17 899.999 83.57533
C17 919.999 74.34683
C17 925.012 71.85438
C17 949.965 57.93541
C17 975.002 42.386578
C17 999.976 25.949465
C17 1025.028 11.14677
C17 1050.014 4.062129
C17 1075.002 2.238677
C17 1099.99 1.6114738
C02 319.994 39.861378
C02 324.969 44.988293
C02 349.982 69.21773
C02 374.975 77.46357
C02 400.019 84.79172
C02 424.965 86.123474
C02 450.035 88.369194
C02 475.003 89.81241
C02 500.018 91.82813
C02 525.002 94.51864
C02 550.029 95.66127
C02 575.023 96.72632
C02 599.982 97.60166
C02 619.997 98.6393
C02 624.979 98.35014
C02 650.012 98.75974
C02 675.004 99.138504
C02 700.03 99.03657
C02 725.012 98.87534
C02 750.022 99.326385
C02 774.987 99.19192
C02 799.976 98.88774
C02 824.988 96.785324
C02 850.022 94.60245
C02 869.967 91.65247
C02 875.002 90.298515
C02 899.999 83.43491
C02 919.999 73.930275
C02 925.012 71.47421
C02 949.965 57.976067
C02 975.002 42.83412
C02 999.976 26.071386
C02 1025.028 11.126061
C02 1050.014 3.9306738
C02 1075.002 2.138899
C02 1099.99 1.594317
C11 319.994 38.817085
C11 324.969 43.804443
C11 349.982 67.17716
C11 374.975 75.41649
C11 400.019 83.71836
C11 424.965 85.5695
C11 450.035 88.09742
C11 475.003 89.71814
C11 500.018 91.84916
C11 525.002 94.60894
C11 550.029 95.79557
C11 575.023 96.89323
C11 599.982 97.78628
C11 619.997 98.83508
C11 624.979 98.54441
C11 650.012 98.9607
C11 675.004 99.325066
C11 700.03 99.12844
C11 725.012 98.69286
C11 750.022 98.795334
C11 774.987 98.329575
C11 799.976 97.89797
C11 824.988 95.870255
C11 850.022 93.65605
C11 869.967 90.792656
C11 875.002 89.48799
C11 899.999 82.85419
C11 919.999 73.7332
C11 925.012 71.31258
C11 949.965 57.470825
C11 975.002 42.376488
C11 999.976 25.820456
C11 1025.028 11.081604
C11 1050.014 3.8897336
C11 1075.002 2.1263366
C11 1099.99 1.5824596
C04 319.994 40.334667
C04 324.969 45.52719
C04 349.982 69.97162
C04 374.975 78.011925
C04 400.019 85.02204
C04 424.965 86.21625
C04 450.035 88.395294
C04 475.003 89.80346
C04 500.018 91.798836
C04 525.002 94.46783
C04 550.029 95.59433
C04 575.023 96.649506
C04 599.982 97.51526
C04 619.997 98.54304
C04 624.979 98.24932
C04 650.012 98.650215
C04 675.004 99.0192
C04 700.03 98.91387
C04 725.012 98.756744
C04 750.022 99.20979
C04 774.987 99.08315
C04 799.976 98.78687
C04 824.988 96.69206
C04 850.022 94.5319
C04 869.967 91.66179
C04 875.002 90.30901
C04 899.999 83.4801
C04 919.999 73.98714
C04 925.012 71.561035
C04 949.965 58.23019
C04 975.002 42.816456
C04 999.976 26.0677
C04 1025.028 11.098627
C04 1050.014 3.947039
C04 1075.002 2.1618152
C04 1099.99 1.6062353
C10 319.994 38.528175
C10 324.969 43.476242
C10 349.982 66.688126
C10 374.975 75.006134
C10 400.019 83.5419
C10 424.965 85.50264
C10 450.035 88.07938
C10 475.003 89.72745
C10 500.018 91.878235
C10 525.002 94.65447
C10 550.029 95.85629
C10 575.023 96.962326
C10 599.982 97.86408
C10 619.997 98.91461
C10 624.979 98.62847
C10 650.012 99.051216
C10 675.004 99.4204
C10 700.03 99.227066
C10 725.012 98.80381
C10 750.022 98.9207
C10 774.987 98.471825
C10 799.976 98.04374
C10 824.988 96.001396
C10 850.022 93.79505
C10 869.967 90.841194
C10 875.002 89.52862
C10 899.999 82.948105
C10 919.999 73.844315
C10 925.012 71.38869
C10 949.965 57.374733
C10 975.002 42.44878
C10 999.976 25.79486
C10 1025.028 11.133349
C10 1050.014 3.9223762
C10 1075.002 2.1238425
C10 1099.99 1.5771335
C00 319.994 39.303566
C00 324.969 44.355537
C00 349.982 68.21237
C00 374.975 76.51393
C00 400.019 84.1721
C00 424.965 85.67479
C00 450.035 88.00461
C00 475.003 89.49238
C00 500.018 91.54104
C00 525.002 94.24144
C00 550.029 95.39442
C00 575.023 96.46782
C00 599.982 97.34819
C00 619.997 98.3857
C00 624.979 98.097
C00 650.012 98.51101
C00 675.004 98.88489
C00 700.03 98.78779
C00 725.012 98.63604
C00 750.022 99.08652
C00 774.987 98.95618
C00 799.976 98.63891
C00 824.988 96.50814
C00 850.022 94.312004
C00 869.967 91.2899
C00 875.002 89.9211
C00 899.999 82.91406
C00 919.999 73.4937
C00 925.012 71.04972
C00 949.965 57.424553
C00 975.002 42.51096
C00 999.976 25.796167
C00 1025.028 11.060164
C00 1050.014 3.9252176
C00 1075.002 2.1286318
C00 1099.99 1.5788758
C05 319.994 40.649006
C05 324.969 45.884655
C05 349.982 70.4648
C05 374.975 78.41575
C05 400.019 85.34073
C05 424.965 86.495575
C05 450.035 88.663376
C05 475.003 90.06565
C05 500.018 92.05643
C05 525.002 94.72706
C05 550.029 95.8537
C05 575.023 96.905365
C05 599.982 97.76703
C05 619.997 98.79358
C05 624.979 98.49778
C05 650.012 98.89802
C05 675.004 99.26159
C05 700.03 99.15514
C05 725.012 99.00624
C05 750.022 99.47433
C05 774.987 99.35378
C05 799.976 99.06659
C05 824.988 96.96341
C05 850.022 94.81307
C05 869.967 91.980965
C05 875.002 90.60547
C05 899.999 83.7665
C05 919.999 74.22464
C05 925.012 71.79526
C05 949.965 58.546223
C05 975.002 42.84112
C05 999.976 26.055834
C05 1025.028 11.067112
C05 1050.014 3.9790006
C05 1075.002 2.1883013
C05 1099.99 1.6175705
C06 319.994 40.681377
C06 324.969 45.919716
C06 349.982 70.48708
C06 374.975 78.33981
C06 400.019 85.172905
C06 424.965 86.298225
C06 450.035 88.4506
C06 475.003 89.84353
C06 500.018 91.82847
C06 525.002 94.48942
C06 550.029 95.60752
C06 575.023 96.653145
C06 599.982 97.507095
C06 619.997 98.52645
C06 624.979 98.23486
C06 650.012 98.62803
C06 675.004 98.98915
C06 700.03 98.88494
C06 725.012 98.74381
C06 750.022 99.23121
C06 774.987 99.12905
C06 799.976 98.85229
C06 824.988 96.76269
C06 850.022 94.64023
C06 869.967 91.80164
C06 875.002 90.435844
C06 899.999 83.80627
C06 919.999 74.02204
C06 925.012 71.544106
C06 949.965 58.420757
C06 975.002 42.660625
C06 999.976 25.998981
C06 1025.028 11.068137
C06 1050.014 4.018936
C06 1075.002 2.2194636
C06 1099.99 1.6168596
C01 319.994 39.61143
C01 324.969 44.703964
C01 349.982 68.77909
C01 374.975 77.08334
C01 400.019 84.57421
C01 424.965 85.98407
C01 450.035 88.266235
C01 475.003 89.73261
C01 500.018 91.7616
C01 525.002 94.458374
C01 550.029 95.60471
C01 575.023 96.67675
C01 599.982 97.55445
C01 619.997 98.59233
C01 624.979 98.30477
C01 650.012 98.71697
C01 675.004 99.09503
C01 700.03 98.997765
C01 725.012 98.84121
C01 750.022 99.29123
C01 774.987 99.15575
C01 799.976 98.84624
C01 824.988 96.72546
C01 850.022 94.53195
C01 869.967 91.55013
C01 875.002 90.17708
C01 899.999 83.246506
C01 919.999 73.7529
C01 925.012 71.30022
C01 949.965 57.71244
C01 975.002 42.68515
C01 999.976 25.963509
C01 1025.028 11.096641
C01 1050.014 3.9289455
C01 1075.002 2.134739
C01 1099.99 1.5862504
C14 319.994 39.700935
C14 324.969 44.805492
C14 349.982 68.64375
C14 374.975 76.68571
C14 400.019 84.51275
C14 424.965 86.1276
C14 450.035 88.53689
C14 475.003 90.08941
C14 500.018 92.17983
C14 525.002 94.91032
C14 550.029 96.0797
C14 575.023 97.15865
C14 599.982 98.03771
C14 619.997 99.07556
C14 624.979 98.78238
C14 650.012 99.18871
C14 675.004 99.543365
C14 700.03 99.331726
C14 725.012 98.885315
C14 750.022 98.979
C14 774.987 98.50704
C14 799.976 98.08104
C14 824.988 96.06108
C14 850.022 93.90902
C14 869.967 91.07677
C14 875.002 89.706726
C14 899.999 83.22237
C14 919.999 74.20364
C14 925.012 71.77673
C14 949.965 58.039433
C14 975.002 42.184757
C14 999.976 25.81221
C14 1025.028 10.993087
C14 1050.014 3.945318
C14 1075.002 2.1839235
C14 1099.99 1.6095842
