lsstCam/transmission_sensor/r02_s02/19700101T000000.ecsv
# %ECSV 1.0
# ---
# datatype:
# - {name: amp_name, datatype: string}
# - {name: wavelength, unit: nm, datatype: float32}
# - {name: efficiency, unit: '%', datatype: float64}
# meta: !!omap
# - {MODE: AMP}
# - {TYPE: transmission_sensor}
# - {CALIBDATE: '1970-01-01T00:00:00'}
# - {INSTRUME: LSSTCAM}
# - {OBSTYPE: transmission_sensor}
# - {DETECTOR: 11}
# - {PARQUETFILE: qe_raft_allvalues_nircorrected_20230725.parquet}
# - {CALIBCLS: lsst.ip.isr.IntermediateSensorTransmissionCurve}
# - {CALIB_ID: 'raftName=R02 detectorName=S02 detector=11 calibDate=1970-01-01T00:00:00 ccd=11 ccdnum=11 filter=None'}
# - {DATE: '2023-08-02T16:57:55.508204'}
# - {CALIB_CREATION_DATE: '2023-08-02'}
# - {CALIB_CREATION_TIME: '16:57:55'}
# - __serialized_columns__:
#     efficiency:
#       __class__: astropy.units.quantity.Quantity
#       unit: !astropy.units.Unit {unit: '%'}
#       value: !astropy.table.SerializedColumn {name: efficiency}
#     wavelength:
#       __class__: astropy.units.quantity.Quantity
#       unit: !astropy.units.Unit {unit: nm}
#       value: !astropy.table.SerializedColumn {name: wavelength}
# schema: astropy-2.0
amp_name wavelength efficiency
C00 319.994 56.39333724975586
C00 324.969 59.685890197753906
C00 349.982 71.7608413696289
C00 374.975 81.78585052490234
C00 400.019 86.79512023925781
C00 424.965 85.45885467529297
C00 450.035 83.89163208007812
C00 475.003 83.4325942993164
C00 500.018 83.87528991699219
C00 525.002 84.92451477050781
C00 550.029 86.8284912109375
C00 575.023 88.87722778320312
C00 599.982 90.84999084472656
C00 619.997 92.01057434082031
C00 624.979 92.24866485595703
C00 650.012 93.60096740722656
C00 675.004 94.72618103027344
C00 700.03 95.60365295410156
C00 725.012 96.1673583984375
C00 750.022 97.926025390625
C00 774.987 98.88870239257812
C00 799.976 99.49746704101562
C00 824.988 98.01783752441406
C00 850.022 97.16647338867188
C00 869.967 95.10687255859375
C00 875.002 93.91688537597656
C00 899.999 86.8910903930664
C00 919.999 78.5020523071289
C00 925.012 75.83197784423828
C00 949.965 62.4905891418457
C00 975.002 48.147918701171875
C00 999.976 31.58466148376465
C00 1025.028 15.786656379699707
C00 1050.014 6.5893168449401855
C00 1075.002 0.9329259914028852
C00 1099.99 0.09256405980549934
C01 319.994 56.204627990722656
C01 324.969 59.465736389160156
C01 349.982 71.5436019897461
C01 374.975 81.90239715576172
C01 400.019 87.04305267333984
C01 424.965 85.67951965332031
C01 450.035 84.01850891113281
C01 475.003 83.44021606445312
C01 500.018 83.79695892333984
C01 525.002 84.83562469482422
C01 550.029 86.76396942138672
C01 575.023 88.84210968017578
C01 599.982 90.84148406982422
C01 619.997 92.01493072509766
C01 624.979 92.2579116821289
C01 650.012 93.62789916992188
C01 675.004 94.77146911621094
C01 700.03 95.67497253417969
C01 725.012 96.2825927734375
C01 750.022 98.09769439697266
C01 774.987 99.11387634277344
C01 799.976 99.75559997558594
C01 824.988 98.27678680419922
C01 850.022 97.46087646484375
C01 869.967 95.42102813720703
C01 875.002 94.23858642578125
C01 899.999 87.27678680419922
C01 919.999 78.787109375
C01 925.012 76.0848388671875
C01 949.965 62.55685806274414
C01 975.002 48.27105712890625
C01 999.976 31.7607364654541
C01 1025.028 15.904549598693848
C01 1050.014 6.664851665496826
C01 1075.002 0.9345609821413509
C01 1099.99 0.09272628208453478
C02 319.994 55.656150817871094
C02 324.969 58.877193450927734
C02 349.982 70.9794921875
C02 374.975 81.78483581542969
C02 400.019 87.10668182373047
C02 424.965 85.74777221679688
C02 450.035 84.0289306640625
C02 475.003 83.38536071777344
C02 500.018 83.69070434570312
C02 525.002 84.6957015991211
C02 550.029 86.59632110595703
C02 575.023 88.66236877441406
C02 599.982 90.65670776367188
C02 619.997 91.83407592773438
C02 624.979 92.07937622070312
C02 650.012 93.45692443847656
C02 675.004 94.61461639404297
C02 700.03 95.54615783691406
C02 725.012 96.1972885131836
C02 750.022 98.06563568115234
C02 774.987 99.13492584228516
C02 799.976 99.80972290039062
C02 824.988 98.349609375
C02 850.022 97.55365753173828
C02 869.967 95.53217315673828
C02 875.002 94.351806640625
C02 899.999 87.37506866455078
C02 919.999 78.87062072753906
C02 925.012 76.16468811035156
C02 949.965 62.667179107666016
C02 975.002 48.350460052490234
C02 999.976 31.8240966796875
C02 1025.028 15.934504508972168
C02 1050.014 6.670706272125244
C02 1075.002 0.9342550810308748
C02 1099.99 0.09269593085737893
C03 319.994 55.10762405395508
C03 324.969 58.27609634399414
C03 349.982 70.3976058959961
C03 374.975 81.70865631103516
C03 400.019 87.32441711425781
C03 424.965 86.04144287109375
C03 450.035 84.36214447021484
C03 475.003 83.78321075439453
C03 500.018 84.10511016845703
C03 525.002 85.05874633789062
C03 550.029 86.88667297363281
C03 575.023 88.83570098876953
C03 599.982 90.7417984008789
C03 619.997 91.86727142333984
C03 624.979 92.10853576660156
C03 650.012 93.46495056152344
C03 675.004 94.62861633300781
C03 700.03 95.58301544189453
C03 725.012 96.28031921386719
C03 750.022 98.20510864257812
C03 774.987 99.33778381347656
C03 799.976 100.05791473388672
C03 824.988 98.61296844482422
C03 850.022 97.8505630493164
C03 869.967 95.84056091308594
C03 875.002 94.65505981445312
C03 899.999 87.62948608398438
C03 919.999 79.0960922241211
C03 925.012 76.38359832763672
C03 949.965 62.89111328125
C03 975.002 48.49190139770508
C03 999.976 31.90871238708496
C03 1025.028 15.96247673034668
C03 1050.014 6.675283432006836
C03 1075.002 0.9355832804938017
C03 1099.99 0.09282771358789875
C04 319.994 54.806724548339844
C04 324.969 57.94191360473633
C04 349.982 70.05516052246094
C04 374.975 81.64677429199219
C04 400.019 87.33810424804688
C04 424.965 86.0130386352539
C04 450.035 84.22061920166016
C04 475.003 83.49478912353516
C04 500.018 83.72330474853516
C04 525.002 84.65673065185547
C04 550.029 86.50421142578125
C04 575.023 88.52314758300781
C04 599.982 90.48804473876953
C04 619.997 91.65087890625
C04 624.979 91.89997863769531
C04 650.012 93.28059387207031
C04 675.004 94.46034240722656
C04 700.03 95.43444061279297
C04 725.012 96.16703033447266
C04 750.022 98.13505554199219
C04 774.987 99.30306243896484
C04 799.976 100.03724670410156
C04 824.988 98.59818267822266
C04 850.022 97.85372161865234
C04 869.967 95.85350799560547
C04 875.002 94.66941833496094
C04 899.999 87.63520050048828
C04 919.999 79.05537414550781
C04 925.012 76.33164978027344
C04 949.965 62.897300720214844
C04 975.002 48.502681732177734
C04 999.976 31.918283462524414
C04 1025.028 15.976637840270996
C04 1050.014 6.66294002532959
C04 1075.002 0.934915554154822
C04 1099.99 0.09276146239397276
C05 319.994 54.456336975097656
C05 324.969 57.570068359375
C05 349.982 69.77151489257812
C05 374.975 81.67604064941406
C05 400.019 87.4944076538086
C05 424.965 86.15556335449219
C05 450.035 84.28462982177734
C05 475.003 83.46468353271484
C05 500.018 83.63504791259766
C05 525.002 84.56724548339844
C05 550.029 86.42768096923828
C05 575.023 88.47842407226562
C05 599.982 90.47208404541016
C05 619.997 91.65899658203125
C05 624.979 91.9053955078125
C05 650.012 93.30680847167969
C05 675.004 94.50011444091797
C05 700.03 95.49246978759766
C05 725.012 96.2555923461914
C05 750.022 98.25592041015625
C05 774.987 99.44602966308594
C05 799.976 100.19647216796875
C05 824.988 98.76551818847656
C05 850.022 98.03837585449219
C05 869.967 96.05540466308594
C05 875.002 94.87666320800781
C05 899.999 87.84992980957031
C05 919.999 79.18179321289062
C05 925.012 76.42998504638672
C05 949.965 63.00394058227539
C05 975.002 48.616519927978516
C05 999.976 31.99361228942871
C05 1025.028 16.024791717529297
C05 1050.014 6.665017127990723
C05 1075.002 0.9360668068341453
C05 1099.99 0.09287568862718112
C06 319.994 54.217166900634766
C06 324.969 57.328285217285156
C06 349.982 69.6514892578125
C06 374.975 81.92831420898438
C06 400.019 87.93138885498047
C06 424.965 86.59282684326172
C06 450.035 84.69419860839844
C06 475.003 83.83334350585938
C06 500.018 83.96987915039062
C06 525.002 84.87053680419922
C06 550.029 86.71595764160156
C06 575.023 88.7679443359375
C06 599.982 90.76811981201172
C06 619.997 91.96255493164062
C06 624.979 92.21417999267578
C06 650.012 93.62471771240234
C06 675.004 94.83342742919922
C06 700.03 95.83610534667969
C06 725.012 96.60199737548828
C06 750.022 98.6180648803711
C06 774.987 99.80066680908203
C06 799.976 100.56626892089844
C06 824.988 99.1449203491211
C06 850.022 98.45073699951172
C06 869.967 96.49504852294922
C06 875.002 95.33811950683594
C06 899.999 88.39278411865234
C06 919.999 79.60084533691406
C06 925.012 76.80175018310547
C06 949.965 63.22270202636719
C06 975.002 48.85800552368164
C06 999.976 32.20087432861328
C06 1025.028 16.131502151489258
C06 1050.014 6.703702449798584
C06 1075.002 0.9395169523620668
C06 1099.99 0.09321800889687794
C07 319.994 54.103023529052734
C07 324.969 57.192081451416016
C07 349.982 69.5327377319336
C07 374.975 82.14107513427734
C07 400.019 88.31476593017578
C07 424.965 87.01451873779297
C07 450.035 85.10900115966797
C07 475.003 84.2403793334961
C07 500.018 84.35297393798828
C07 525.002 85.20406341552734
C07 550.029 87.01811218261719
C07 575.023 89.05476379394531
C07 599.982 91.04890441894531
C07 619.997 92.23861694335938
C07 624.979 92.49051666259766
C07 650.012 93.90253448486328
C07 675.004 95.11372375488281
C07 700.03 96.11131286621094
C07 725.012 96.84333038330078
C07 750.022 98.8097915649414
C07 774.987 99.94452667236328
C07 799.976 100.69316864013672
C07 824.988 99.30018615722656
C07 850.022 98.63648223876953
C07 869.967 96.73506164550781
C07 875.002 95.60993957519531
C07 899.999 88.8073501586914
C07 919.999 79.97799682617188
C07 925.012 77.14300537109375
C07 949.965 63.38793182373047
C07 975.002 49.084014892578125
C07 999.976 32.390411376953125
C07 1025.028 16.208148956298828
C07 1050.014 6.774605751037598
C07 1075.002 0.941343956061402
C07 1099.99 0.09339928252549216
C10 319.994 56.71371078491211
C10 324.969 60.019256591796875
C10 349.982 72.14773559570312
C10 374.975 82.16533660888672
C10 400.019 87.10266876220703
C10 424.965 85.71763610839844
C10 450.035 84.07831573486328
C10 475.003 83.57586669921875
C10 500.018 83.99666595458984
C10 525.002 85.04842376708984
C10 550.029 86.96995544433594
C10 575.023 89.05510711669922
C10 599.982 91.07270050048828
C10 619.997 92.26427459716797
C10 624.979 92.50003814697266
C10 650.012 93.88248443603516
C10 675.004 94.9908447265625
C10 700.03 95.78956604003906
C10 725.012 96.07588958740234
C10 750.022 97.48777770996094
C10 774.987 98.10234069824219
C10 799.976 98.55719757080078
C10 824.988 97.14493560791016
C10 850.022 96.1937255859375
C10 869.967 94.1337890625
C10 875.002 92.95514678955078
C10 899.999 85.96955108642578
C10 919.999 78.20687866210938
C10 925.012 75.69044494628906
C10 949.965 62.46668243408203
C10 975.002 47.41587448120117
C10 999.976 30.937105178833008
C10 1025.028 15.315704345703125
C10 1050.014 6.413389682769775
C10 1075.002 0.9287540761354256
C10 1099.99 0.09215012620532179
C11 319.994 56.402923583984375
C11 324.969 59.67226791381836
C11 349.982 71.80146789550781
C11 374.975 82.21687316894531
C11 400.019 87.32115173339844
C11 424.965 85.92964172363281
C11 450.035 84.2125244140625
C11 475.003 83.60404968261719
C11 500.018 83.93800354003906
C11 525.002 84.96930694580078
C11 550.029 86.89542388916016
C11 575.023 89.00067901611328
C11 599.982 91.03641510009766
C11 619.997 92.24736785888672
C11 624.979 92.48233795166016
C11 650.012 93.8841323852539
C11 675.004 95.00773620605469
C11 700.03 95.83531188964844
C11 725.012 96.17475128173828
C11 750.022 97.65156555175781
C11 774.987 98.33064270019531
C11 799.976 98.81916809082031
C11 824.988 97.41203308105469
C11 850.022 96.49264526367188
C11 869.967 94.43797302246094
C11 875.002 93.26055908203125
C11 899.999 86.42044067382812
C11 919.999 78.59239196777344
C11 925.012 76.02405548095703
C11 949.965 62.58856964111328
C11 975.002 47.52587127685547
C11 999.976 31.11328887939453
C11 1025.028 15.429831504821777
C11 1050.014 6.476078510284424
C11 1075.002 0.9303138552203043
C11 1099.99 0.09230488605318385
C12 319.994 55.94070053100586
C12 324.969 59.169097900390625
C12 349.982 71.35116577148438
C12 374.975 82.266845703125
C12 400.019 87.60372161865234
C12 424.965 86.23383331298828
C12 450.035 84.47056579589844
C12 475.003 83.81394958496094
C12 500.018 84.10957336425781
C12 525.002 85.10690307617188
C12 550.029 87.00981903076172
C12 575.023 89.10006713867188
C12 599.982 91.13148498535156
C12 619.997 92.33979797363281
C12 624.979 92.57735443115234
C12 650.012 93.98555755615234
C12 675.004 95.12615966796875
C12 700.03 95.98370361328125
C12 725.012 96.37705993652344
C12 750.022 97.92816925048828
C12 774.987 98.67594909667969
C12 799.976 99.20967864990234
C12 824.988 97.80821228027344
C12 850.022 96.91613006591797
C12 869.967 94.85121154785156
C12 875.002 93.67176055908203
C12 899.999 86.8033676147461
C12 919.999 78.9214859008789
C12 925.012 76.34690856933594
C12 949.965 62.94697570800781
C12 975.002 47.82280731201172
C12 999.976 31.28274154663086
C12 1025.028 15.521451950073242
C12 1050.014 6.486189365386963
C12 1075.002 0.9329483855203385
C12 1099.99 0.09256628172926
C13 319.994 55.41361618041992
C13 324.969 58.59748077392578
C13 349.982 70.788818359375
C13 374.975 82.12715911865234
C13 400.019 87.647705078125
C13 424.965 86.29393005371094
C13 450.035 84.49234008789062
C13 475.003 83.78600311279297
C13 500.018 84.03763580322266
C13 525.002 84.98384857177734
C13 550.029 86.85203552246094
C13 575.023 88.92753601074219
C13 599.982 90.95026397705078
C13 619.997 92.1603012084961
C13 624.979 92.40003967285156
C13 650.012 93.8138656616211
C13 675.004 94.96634674072266
C13 700.03 95.84772491455078
C13 725.012 96.29336547851562
C13 750.022 97.91189575195312
C13 774.987 98.72636413574219
C13 799.976 99.2948226928711
C13 824.988 97.89791870117188
C13 850.022 97.03022766113281
C13 869.967 94.94447326660156
C13 875.002 93.74992370605469
C13 899.999 86.82647705078125
C13 919.999 78.92997741699219
C13 925.012 76.3640365600586
C13 949.965 63.097938537597656
C13 975.002 47.9482536315918
C13 999.976 31.290266036987305
C13 1025.028 15.528410911560059
C13 1050.014 6.4510908126831055
C13 1075.002 0.9327927242685413
C13 1099.99 0.09255083716285974
C14 319.994 54.843360900878906
C14 324.969 57.97340774536133
C14 349.982 70.11774444580078
C14 374.975 81.79086303710938
C14 400.019 87.46463775634766
C14 424.965 86.11897277832031
C14 450.035 84.27098846435547
C14 475.003 83.50411224365234
C14 500.018 83.7010498046875
C14 525.002 84.61538696289062
C14 550.029 86.46973419189453
C14 575.023 88.5401611328125
C14 599.982 90.56608581542969
C14 619.997 91.77778625488281
C14 624.979 92.01905059814453
C14 650.012 93.43743133544922
C14 675.004 94.60143280029297
C14 700.03 95.50330352783203
C14 725.012 95.99685668945312
C14 750.022 97.66960906982422
C14 774.987 98.541748046875
C14 799.976 99.14027404785156
C14 824.988 97.75067901611328
C14 850.022 96.90658569335938
C14 869.967 94.80593872070312
C14 875.002 93.6016845703125
C14 899.999 86.60535430908203
C14 919.999 78.73788452148438
C14 925.012 76.19927978515625
C14 949.965 63.11813735961914
C14 975.002 47.97734451293945
C14 999.976 31.262859344482422
C14 1025.028 15.517430305480957
C14 1050.014 6.444066524505615
C14 1075.002 0.9304839444009251
C14 1099.99 0.09232176214542732
C15 319.994 54.59154510498047
C15 324.969 57.706424713134766
C15 349.982 69.94512939453125
C15 374.975 81.97073364257812
C15 400.019 87.7903823852539
C15 424.965 86.45082092285156
C15 450.035 84.55511474609375
C15 475.003 83.73200988769531
C15 500.018 83.88430786132812
C15 525.002 84.78486633300781
C15 550.029 86.62998962402344
C15 575.023 88.69570922851562
C15 599.982 90.72467041015625
C15 619.997 91.94731903076172
C15 624.979 92.18448638916016
C15 650.012 93.61864471435547
C15 675.004 94.78963470458984
C15 700.03 95.71829223632812
C15 725.012 96.251220703125
C15 750.022 97.97648620605469
C15 774.987 98.89142608642578
C15 799.976 99.51507568359375
C15 824.988 98.13036346435547
C15 850.022 97.28008270263672
C15 869.967 95.16000366210938
C15 875.002 93.93693542480469
C15 899.999 86.86518859863281
C15 919.999 79.00944519042969
C15 925.012 76.47077178955078
C15 949.965 63.407470703125
C15 975.002 48.20480728149414
C15 999.976 31.420787811279297
C15 1025.028 15.54096794128418
C15 1050.014 6.48000431060791
C15 1075.002 0.9334071352029965
C15 1099.99 0.09261179845132865
C16 319.994 54.24559020996094
C16 324.969 57.33865737915039
C16 349.982 69.6275405883789
C16 374.975 81.97371673583984
C16 400.019 87.94461059570312
C16 424.965 86.62149810791016
C16 450.035 84.7081069946289
C16 475.003 83.85708618164062
C16 500.018 83.97743225097656
C16 525.002 84.85088348388672
C16 550.029 86.66349029541016
C16 575.023 88.70976257324219
C16 599.982 90.72964477539062
C16 619.997 91.94895935058594
C16 624.979 92.18529510498047
C16 650.012 93.62354278564453
C16 675.004 94.79789733886719
C16 700.03 95.7396469116211
C16 725.012 96.28782653808594
C16 750.022 98.02454376220703
C16 774.987 98.94300842285156
C16 799.976 99.57975769042969
C16 824.988 98.20496368408203
C16 850.022 97.36709594726562
C16 869.967 95.25028991699219
C16 875.002 94.03858947753906
C16 899.999 87.06188201904297
C16 919.999 79.25750732421875
C16 925.012 76.7095718383789
C16 949.965 63.51637649536133
C16 975.002 48.29412841796875
C16 999.976 31.55526351928711
C16 1025.028 15.561767578125
C16 1050.014 6.5296220779418945
C16 1075.002 0.9338649288913528
C16 1099.99 0.09265722032052094
C17 319.994 54.302734375
C17 324.969 57.39176940917969
C17 349.982 69.76461029052734
C17 374.975 82.49919128417969
C17 400.019 88.686279296875
C17 424.965 87.40319061279297
C17 450.035 85.50029754638672
C17 475.003 84.67359161376953
C17 500.018 84.79471588134766
C17 525.002 85.62394714355469
C17 550.029 87.3906021118164
C17 575.023 89.39639282226562
C17 599.982 91.38111114501953
C17 619.997 92.57551574707031
C17 624.979 92.81724548339844
C17 650.012 94.24105834960938
C17 675.004 95.42273712158203
C17 700.03 96.35525512695312
C17 725.012 96.86846923828125
C17 750.022 98.56446838378906
C17 774.987 99.44073486328125
C17 799.976 100.07011413574219
C17 824.988 98.693603515625
C17 850.022 97.85572814941406
C17 869.967 95.76265716552734
C17 875.002 94.5937728881836
C17 899.999 87.89784240722656
C17 919.999 80.06109619140625
C17 925.012 77.45951080322266
C17 949.965 63.74826431274414
C17 975.002 48.47953796386719
C17 999.976 31.80897331237793
C17 1025.028 15.693757057189941
C17 1050.014 6.670556545257568
C17 1075.002 0.9390091494344343
C17 1099.99 0.0931676251569072
