lsstCam/transmission_sensor/r02_s02/19700101T000000.ecsv
# %ECSV 1.0
# ---
# datatype:
# - {name: amp_name, datatype: string}
# - {name: wavelength, unit: nm, datatype: float32}
# - {name: efficiency, unit: '%', datatype: float64}
# meta: !!omap
# - {MODE: AMP}
# - {TYPE: transmission_sensor}
# - {CALIBDATE: '1970-01-01T00:00:00'}
# - {INSTRUME: LSSTCam}
# - {OBSTYPE: transmission_sensor}
# - {DETECTOR: 11}
# - {PARQUETFILE: qe_raft_allvalues_nircorrected_20230725_adjust.parquet}
# - {CORRFILE: qe_corr_factor_bydetnum.parquet}
# - {CALIBCLS: lsst.ip.isr.IntermediateSensorTransmissionCurve}
# - {CALIB_ID: 'raftName=R02 detectorName=S02 detector=11 calibDate=1970-01-01T00:00:00 ccd=11 ccdnum=11 filter=None'}
# - {DATE: '2025-03-03T21:56:47.434520'}
# - {CALIB_CREATION_DATE: '2025-03-03'}
# - {CALIB_CREATION_TIME: '21:56:47'}
# - __serialized_columns__:
#     efficiency:
#       __class__: astropy.units.quantity.Quantity
#       unit: !astropy.units.Unit {unit: '%'}
#       value: !astropy.table.SerializedColumn {name: efficiency}
#     wavelength:
#       __class__: astropy.units.quantity.Quantity
#       unit: !astropy.units.Unit {unit: nm}
#       value: !astropy.table.SerializedColumn {name: wavelength}
# schema: astropy-2.0
amp_name wavelength efficiency
C00 319.994 56.018241747989535
C00 324.969 59.28889455919214
C00 349.982 71.28353021704534
C00 374.975 81.24185887382912
C00 400.019 86.21780985535862
C00 424.965 84.89043234850573
C00 450.035 83.33363400151595
C00 475.003 82.87764947163637
C00 500.018 83.31740053694232
C00 525.002 84.35964656029664
C00 550.029 86.25095886284933
C00 575.023 88.28606843749364
C00 599.982 90.24570983276152
C00 619.997 91.3985738061237
C00 624.979 91.63508068238397
C00 650.012 92.9783885078801
C00 675.004 94.09611786790737
C00 700.03 94.96775336162501
C00 725.012 95.52770936698813
C00 750.022 97.2746787347745
C00 774.987 98.23095257226358
C00 799.976 98.83566807425224
C00 824.988 97.36588018793937
C00 850.022 96.52017882856858
C00 869.967 94.47427725880156
C00 875.002 93.29220517504406
C00 899.999 86.31314167182538
C00 919.999 77.97990256150526
C00 925.012 75.32758787253927
C00 949.965 62.07493828603587
C00 975.002 47.82766690184609
C00 999.976 31.37457878561003
C00 1025.028 15.68165277316139
C00 1050.014 6.5454885625793855
C00 1075.002 0.9267207132632655
C00 1099.99 0.09194837780915815
C01 319.994 55.830787672594276
C01 324.969 59.070205084991905
C01 349.982 71.06773578648057
C01 374.975 81.357630304654
C01 400.019 86.46409318787474
C01 424.965 85.1096295921394
C01 450.035 83.45966692208532
C01 475.003 82.88522054124844
C01 500.018 83.23959055525346
C01 525.002 84.27134772941547
C01 550.029 86.18686623451168
C01 575.023 88.25118391955131
C01 599.982 90.23725963995125
C01 619.997 91.40290121428035
C01 624.979 91.64426600407549
C01 650.012 93.00514113623909
C01 675.004 94.1411047239807
C01 700.03 95.03859856556264
C01 725.012 95.64217727031223
C01 750.022 97.4452058992803
C01 774.987 98.45462879701911
C01 799.976 99.09208405949241
C01 824.988 97.6231070885434
C01 850.022 96.8126237076384
C01 869.967 94.78634325821737
C01 875.002 93.61176645758934
C01 899.999 86.69627265597836
C01 919.999 78.26306359645616
C01 925.012 75.57876701183156
C01 949.965 62.14076642482514
C01 975.002 47.949986284767895
C01 999.976 31.54948261948617
C01 1025.028 15.798761835404218
C01 1050.014 6.620520969680833
C01 1075.002 0.9283448289994466
C01 1099.99 0.09210952108045757
C02 319.994 55.28595864915879
C02 324.969 58.485576790217266
C02 349.982 70.50737811275965
C02 374.975 81.2408509136105
C02 400.019 86.52729911436593
C02 424.965 85.17742817947635
C02 450.035 83.47001935560894
C02 475.003 82.83073006025663
C02 500.018 83.13404272093176
C02 525.002 84.13235532032093
C02 550.029 86.02033301763908
C02 575.023 88.07263854518608
C02 599.982 90.05371235773418
C02 619.997 91.2232493572691
C02 624.979 91.4669180561354
C02 650.012 92.83530362872497
C02 675.004 93.98529529439648
C02 700.03 94.91064066833513
C02 725.012 95.55744040411344
C02 750.022 97.41336041929037
C02 774.987 98.47553828756938
C02 799.976 99.14584699025123
C02 824.988 97.6954452861883
C02 850.022 96.90478764913232
C02 869.967 94.89674900607393
C02 875.002 93.72423359777272
C02 899.999 86.793900802868
C02 919.999 78.34601948031379
C02 925.012 75.65808514452422
C02 949.965 62.25035367866958
C02 975.002 48.02886106653734
C02 999.976 31.61242139862619
C02 1025.028 15.828517503136359
C02 1050.014 6.626336634889608
C02 1075.002 0.928040962564273
C02 1099.99 0.09207937173191601
C03 319.994 54.74108036450961
C03 324.969 57.88847782973025
C03 349.982 69.92936218859215
C03 374.975 81.16517811073105
C03 400.019 86.74358615706764
C03 424.965 85.46914550831316
C03 450.035 83.80101681837907
C03 475.003 83.22593383108833
C03 500.018 83.54569215848838
C03 525.002 84.49298529778896
C03 550.029 86.30875363448266
C03 575.023 88.24481785501263
C03 599.982 90.1382370217817
C03 619.997 91.25622405584981
C03 624.979 91.49588364978639
C03 650.012 92.84327636669485
C03 675.004 93.9992021139542
C03 700.03 94.94725311808081
C03 725.012 95.63991883313065
C03 750.022 97.55190568813755
C03 774.987 98.67704696616342
C03 799.976 99.39238799680818
C03 824.988 97.95705264548681
C03 850.022 97.19971832483152
C03 869.967 95.20308554740494
C03 875.002 94.02546970882452
C03 899.999 87.04662598640539
C03 919.999 78.56999127235147
C03 925.012 75.87553929905802
C03 949.965 62.47279837308281
C03 975.002 48.169361626635684
C03 999.976 31.696474291819502
C03 1025.028 15.856303669651844
C03 1050.014 6.630883350180293
C03 1075.002 0.9293603276210751
C03 1099.99 0.09221027792077614
C04 319.994 54.442182266446125
C04 324.969 57.55651787863105
C04 349.982 69.589194561427
C04 374.975 81.10370769469148
C04 400.019 86.75718225204668
C04 424.965 85.44093020083994
C04 450.035 83.66043289314986
C04 475.003 82.93943061225463
C04 500.018 83.16642628494817
C04 525.002 84.09364358500713
C04 550.029 85.92883599719205
C04 575.023 87.93434337173149
C04 599.982 89.88617118064296
C04 619.997 91.04127085524193
C04 624.979 91.28871372094187
C04 650.012 92.66014591013212
C04 675.004 93.83204744792424
C04 700.03 94.79966652185905
C04 725.012 95.52738348511294
C04 750.022 97.48231853981116
C04 774.987 98.64255653793063
C04 799.976 99.37185743867094
C04 824.988 97.94236522515828
C04 850.022 97.2028558852113
C04 869.967 95.21594651350273
C04 875.002 94.03973272485047
C04 899.999 87.05230239395239
C04 919.999 78.52954402658607
C04 925.012 75.8239362830534
C04 949.965 62.47894465682194
C04 975.002 48.18007025662754
C04 999.976 31.70598170606209
C04 1025.028 15.870370588154058
C04 1050.014 6.618622044626103
C04 1075.002 0.9286970426072302
C04 1099.99 0.09214446739104987
C05 319.994 54.09412526644198
C05 324.969 57.187145930394706
C05 349.982 69.30743557640427
C05 374.975 81.13277938941812
C05 400.019 86.91244601895616
C05 424.965 85.58250692899126
C05 450.035 83.72401775205407
C05 475.003 82.90952526621933
C05 500.018 83.07875648187262
C05 525.002 84.00475361956165
C05 550.029 85.85281457649263
C05 575.023 87.8899173356294
C05 599.982 89.87031664848234
C05 619.997 91.04933453699093
C05 624.979 91.2940945612067
C05 650.012 92.68618614555461
C05 675.004 93.87155494130538
C05 700.03 94.85730972052716
C05 725.012 95.61535643411891
C05 750.022 97.60237948555138
C05 774.987 98.78457282768106
C05 799.976 99.53002382786413
C05 824.988 98.10858771745221
C05 850.022 97.3862819090562
C05 869.967 95.41650028241598
C05 875.002 94.24559912619421
C05 899.999 87.26560344923952
C05 919.999 78.65512222825981
C05 925.012 75.92161748048085
C05 949.965 62.584875212880775
C05 975.002 48.29315126732
C05 999.976 31.78080948966051
C05 1025.028 15.918204173980197
C05 1050.014 6.620685331614979
C05 1075.002 0.9298406378269587
C05 1099.99 0.09225793385815198
C06 319.994 53.85654601145286
C06 324.969 56.94697098837643
C06 349.982 69.18820828197268
C06 374.975 81.38337497279436
C06 400.019 87.34652067671512
C06 424.965 86.01686199673584
C06 450.035 84.13086232661364
C06 475.003 83.27573312880699
C06 500.018 83.41136061807394
C06 525.002 84.30602762385476
C06 550.029 86.13917380100939
C06 575.023 88.1775118798126
C06 599.982 90.16438335827986
C06 619.997 91.35087379397314
C06 624.979 91.60082519224726
C06 650.012 93.00198083991452
C06 675.004 94.20265092650288
C06 700.03 95.1986596168209
C06 725.012 95.95945737973116
C06 750.022 97.96211518252471
C06 774.987 99.1368511347662
C06 799.976 99.89736090904258
C06 824.988 98.48546631679041
C06 850.022 97.79590026887904
C06 869.967 95.85321988841778
C06 875.002 94.70398608757232
C06 899.999 87.80484700890713
C06 919.999 79.07138706260697
C06 925.012 76.29090985291046
C06 949.965 62.80218158377349
C06 975.002 48.533030642056126
C06 999.976 31.986692942962836
C06 1025.028 16.02420483253544
C06 1050.014 6.659113341284525
C06 1075.002 0.9332678350043998
C06 1099.99 0.09259797721359636
C07 319.994 53.743161854829985
C07 324.969 56.8116731703088
C07 349.982 69.07024662180056
C07 374.975 81.59472073683033
C07 400.019 87.72734775179696
C07 424.965 86.43574904338108
C07 450.035 84.5429058538798
C07 475.003 83.68006159214413
C07 500.018 83.79190728317015
C07 525.002 84.63733581120357
C07 550.029 86.4393185867117
C07 575.023 88.46242358251163
C07 599.982 90.44330035020498
C07 619.997 91.62509960262511
C07 624.979 91.87532383223659
C07 650.012 93.27794973766636
C07 675.004 94.48108288493934
C07 700.03 95.47203661686771
C07 725.012 96.19918518150209
C07 750.022 98.15256661330693
C07 774.987 99.27975412636309
C07 799.976 100.02341656555673
C07 824.988 98.6396993875365
C07 850.022 97.98041003942517
C07 869.967 96.09163658403968
C07 875.002 94.97399816779154
C07 899.999 88.21665559807722
C07 919.999 79.44602996070839
C07 925.012 76.62989521094698
C07 949.965 62.966312369147566
C07 975.002 48.75753672879616
C07 999.976 32.17496930169434
C07 1025.028 16.10034182762083
C07 1050.014 6.729545035226432
C07 1075.002 0.9350826865435198
C07 1099.99 0.09277804511603799
C10 319.994 56.336484345737524
C10 324.969 59.62004359492748
C10 349.982 71.6678510489752
C10 374.975 81.61882083829819
C10 400.019 86.52331274538099
C10 424.965 85.14749251884803
C10 450.035 83.5190759457981
C10 475.003 83.0199689073172
C10 500.018 83.43796925211598
C10 525.002 84.48273138669273
C10 550.029 86.39148215889247
C10 575.023 88.46276462168335
C10 599.982 90.46693815412895
C10 619.997 91.65058659672461
C10 624.979 91.88478198526549
C10 650.012 93.25803305003821
C10 675.004 94.35902117605838
C10 700.03 95.15242986243287
C10 725.012 95.43684895299498
C10 750.022 96.83934602140432
C10 774.987 97.44982129607084
C10 799.976 97.90165272670376
C10 824.988 96.49878430452965
C10 850.022 95.55390117537586
C10 869.967 93.50766614508538
C10 875.002 92.336863511291
C10 899.999 85.39773190575603
C10 919.999 77.68669223896116
C10 925.012 75.1869963686618
C10 949.965 62.05119059171211
C10 975.002 47.10049181194281
C10 999.976 30.7313296465417
C10 1025.028 15.213833236692263
C10 1050.014 6.370731565013286
C10 1075.002 0.9225765471365182
C10 1099.99 0.09153719745322945
C11 319.994 56.02776431952865
C11 324.969 59.27536288272331
C11 349.982 71.32388651903163
C11 374.975 81.67001460729675
C11 400.019 86.74034249561221
C11 424.965 85.35808799670622
C11 450.035 83.65239194734565
C11 475.003 83.04796443399088
C11 500.018 83.37969702564226
C11 525.002 84.40414080423307
C11 550.029 86.31744634403725
C11 575.023 88.40869854499412
C11 599.982 90.4308941030028
C11 619.997 91.63379231217971
C11 624.979 91.86719952130152
C11 650.012 93.25967003806244
C11 675.004 94.37580030330676
C11 700.03 95.19787143740183
C11 725.012 95.5350530771524
C11 750.022 97.0020444422572
C11 774.987 97.67660476661311
C11 799.976 98.16188077201889
C11 824.988 96.76410520147573
C11 850.022 95.85083261421579
C11 869.967 93.80982685122494
C11 875.002 92.64024437980046
C11 899.999 85.84562243929358
C11 919.999 78.06964133555589
C11 925.012 75.51838792114147
C11 949.965 62.17226707631922
C11 975.002 47.20975697323619
C11 999.976 30.90634147615555
C11 1025.028 15.327201288687583
C11 1050.014 6.433003423106395
C11 1075.002 0.9241259514830498
C11 1099.99 0.09169092792908379
C12 319.994 55.56861570400038
C12 324.969 58.77553966198182
C12 349.982 70.87657954141014
C12 374.975 81.71965475340195
C12 400.019 87.02103289123025
C12 424.965 85.66025628149404
C12 450.035 83.90871698880669
C12 475.003 83.25646820492922
C12 500.018 83.55012566772068
C12 525.002 84.5408217256082
C12 550.029 86.43108059605272
C12 575.023 88.5074255958815
C12 599.982 90.52533163897485
C12 619.997 91.72560763585368
C12 624.979 91.96158400673572
C12 650.012 93.36042058803532
C12 675.004 94.49343608160369
C12 700.03 95.34527614606534
C12 725.012 95.73601609307171
C12 750.022 97.27680833493565
C12 774.987 98.01961438687587
C12 799.976 98.54979388322414
C12 824.988 97.1576492483384
C12 850.022 96.2715006432022
C12 869.967 94.22031675559774
C12 875.002 93.04871078508775
C12 899.999 86.22600237412806
C12 919.999 78.39654632826544
C12 925.012 75.83909357957407
C12 949.965 62.52828923564498
C12 975.002 47.50471796352843
C12 999.976 31.074667043341723
C12 1025.028 15.418212328314915
C12 1050.014 6.443047026713404
C12 1075.002 0.9267429584281451
C12 1099.99 0.09195058495398128
C13 319.994 55.04503721028687
C13 324.969 58.207724598372735
C13 349.982 70.31797253543735
C13 374.975 81.58089728240347
C13 400.019 87.06472379845107
C13 424.965 85.7199532938407
C13 450.035 83.93034645094168
C13 475.003 83.22870761635161
C13 500.018 83.47866659327399
C13 525.002 84.41858570781726
C13 550.029 86.27434657138073
C13 575.023 88.33604204412228
C13 599.982 90.3453160068471
C13 619.997 91.54730477823277
C13 624.979 91.78544864251728
C13 650.012 93.18987068758476
C13 675.004 94.33468613649445
C13 700.03 95.2102018981214
C13 725.012 95.65287832165583
C13 750.022 97.26064307819635
C13 774.987 98.06969409458017
C13 799.976 98.63437159780948
C13 824.988 97.24675899458342
C13 850.022 96.38483932793551
C13 869.967 94.31295815193207
C13 875.002 93.12635403651488
C13 899.999 86.2489580997086
C13 919.999 78.4049813637792
C13 925.012 75.85610764491852
C13 949.965 62.67824794877223
C13 975.002 47.62932988754899
C13 999.976 31.08214148518848
C13 1025.028 15.425125002859373
C13 1050.014 6.408181929057249
C13 1075.002 0.9265883325439676
C13 1099.99 0.09193524311580507
C14 319.994 54.47857493539225
C14 324.969 57.58780253864971
C14 349.982 69.65136221310654
C14 374.975 81.24683804573617
C14 400.019 86.88287413344433
C14 424.965 85.5461597319347
C14 450.035 83.7104671289646
C14 475.003 82.94869172042876
C14 500.018 83.14431936797278
C14 525.002 84.05257489008437
C14 550.029 85.8945880857036
C14 575.023 87.95124375735203
C14 599.982 89.96369317369793
C14 619.997 91.16733409040435
C14 624.979 91.40699368434092
C14 650.012 92.81594018241982
C14 675.004 93.97219939020262
C14 700.03 94.86807140105684
C14 725.012 95.35834173566617
C14 750.022 97.01996794539289
C14 774.987 97.88630596397658
C14 799.976 98.48085091999987
C14 824.988 97.10049866180722
C14 850.022 96.26201975422852
C14 869.967 94.1753450568209
C14 875.002 92.97910090081658
C14 899.999 86.02930613717932
C14 919.999 78.21416615788047
C14 925.012 75.69244673573658
C14 949.965 62.69831242004147
C14 975.002 47.65822727336565
C14 999.976 31.05491708597529
C14 1025.028 15.414217433350686
C14 1050.014 6.401204362337062
C14 1075.002 0.9242949093299055
C14 1099.99 0.09170769177143044
C15 319.994 54.22843407091163
C15 324.969 57.32259532142755
C15 349.982 69.47989529621645
C15 374.975 81.42551225712182
C15 400.019 87.2064520995676
C15 424.965 85.87580061666623
C15 450.035 83.99270356882772
C15 475.003 83.17507352261322
C15 500.018 83.32635849918603
C15 525.002 84.22092698253945
C15 550.029 86.05377759241193
C15 575.023 88.10575723808374
C15 599.982 90.12122295643725
C15 619.997 91.33573923339725
C15 624.979 91.57132909321803
C15 650.012 92.99594823589929
C15 675.004 94.15914948548857
C15 700.03 95.08163013038481
C15 725.012 95.61101386866574
C15 750.022 97.32480391436836
C15 774.987 98.23365814969252
C15 799.976 98.85315959443709
C15 824.988 97.47765767113106
C15 850.022 96.63303247981322
C15 869.967 94.52705496528654
C15 875.002 93.31212186267221
C15 899.999 86.28741216098155
C15 919.999 78.48392056405885
C15 925.012 75.9621329340806
C15 949.965 62.98572128734229
C15 975.002 47.88417709259928
C15 999.976 31.211795104964228
C15 1025.028 15.437598510564852
C15 1050.014 6.436903111301853
C15 1075.002 0.9271986567761811
C15 1099.99 0.09199579892543194
C16 319.994 53.88478026554674
C16 324.969 56.95727416068635
C16 349.982 69.1644189050835
C16 374.975 81.42847550859162
C16 400.019 87.35965447415028
C16 424.965 86.04534255689818
C16 450.035 84.14467820239223
C16 475.003 83.29931788219315
C16 500.018 83.41886347985168
C16 525.002 84.28650502593614
C16 550.029 86.08705543692307
C16 575.023 88.11971710817927
C16 599.982 90.12616423510299
C16 619.997 91.33736864277323
C16 624.979 91.57213242993363
C16 650.012 93.00081372808243
C16 675.004 94.1673571615545
C16 700.03 95.10284276686549
C16 725.012 95.64737622301882
C16 750.022 97.3725418197602
C16 774.987 98.28489739058064
C16 799.976 98.91741137438821
C16 824.988 97.55176169382061
C16 850.022 96.71946696322235
C16 869.967 94.61674068879934
C16 875.002 93.41309977209292
C16 899.999 86.48279729178124
C16 919.999 78.73033273359538
C16 925.012 76.19934462462909
C16 949.965 63.09390270193444
C16 975.002 47.97290411710715
C16 999.976 31.34537635920089
C16 1025.028 15.45825980038459
C16 1050.014 6.486190850262942
C16 1075.002 0.9276534054886304
C16 1099.99 0.09204091867491211
C17 319.994 53.941544341016645
C17 324.969 57.01003292055068
C17 349.982 69.30057689972867
C17 374.975 81.95045490752219
C17 400.019 88.09639002883397
C17 424.965 86.82183570035559
C17 450.035 84.93159956585586
C17 475.003 84.11039239766247
C17 500.018 84.23071101744355
C17 525.002 85.0544267182111
C17 550.029 86.80933093072605
C17 575.023 88.80178029431292
C17 599.982 90.77329743140474
C17 619.997 91.95975755250498
C17 624.979 92.19987944398544
C17 650.012 93.6142219396257
C17 675.004 94.7880408754277
C17 700.03 95.71435631634367
C17 725.012 96.22415682751989
C17 750.022 97.90887517849586
C17 774.987 98.77931324578839
C17 799.976 99.40450625537646
C17 824.988 98.03715137895028
C17 850.022 97.20484906970377
C17 869.967 95.12569997001866
C17 875.002 93.96459042734925
C17 899.999 87.31319736031442
C17 919.999 79.52857659755995
C17 925.012 76.94429543402698
C17 949.965 63.32424813715907
C17 975.002 48.15708042712981
C17 999.976 31.59739862311214
C17 1025.028 15.58937136261942
C17 1050.014 6.626187903917499
C17 1075.002 0.9327634096848896
C17 1099.99 0.09254792859680057
