lsstCam/transmission_filter_detector/r23_s00/i_39/19700101T000000.ecsv
# %ECSV 1.0
# ---
# datatype:
# - {name: wavelength, unit: nm, datatype: float32}
# - {name: efficiency, unit: '%', datatype: float64}
# meta: !!omap
# - {MODE: DETECTOR}
# - {TYPE: transmission_filter_detector}
# - {CALIBDATE: '1970-01-01T00:00:00'}
# - {INSTRUME: LSSTCam}
# - {OBSTYPE: transmission_filter_detector}
# - {CALIBCLS: lsst.ip.isr.IntermediateFilterDetectorTransmissionCurve}
# - {SOURCE: Materion (DM-46256)}
# - {DETECTOR: 99}
# - {FILTER: i_39}
# - {CALIB_ID: 'calibDate=1970-01-01T00:00:00 filter=i_39 detector=99'}
# - {DATE: '2025-04-02T15:59:46.939248'}
# - {CALIB_CREATION_DATE: '2025-04-02'}
# - {CALIB_CREATION_TIME: '15:59:46'}
# - __serialized_columns__:
#     efficiency:
#       __class__: astropy.units.quantity.Quantity
#       unit: !astropy.units.Unit {unit: '%'}
#       value: !astropy.table.SerializedColumn {name: efficiency}
#     wavelength:
#       __class__: astropy.units.quantity.Quantity
#       unit: !astropy.units.Unit {unit: nm}
#       value: !astropy.table.SerializedColumn {name: wavelength}
# schema: astropy-2.0
wavelength efficiency
[from data line 596]
896.0 1.5792300193245845e-10
897.0 1.5792300193245845e-10
898.0 1.5792300193245845e-10
899.0 1.5792300193245845e-10
900.0 1.5792300193245845e-10
901.0 1.5792300193245845e-10
902.0 1.5792300193245845e-10
903.0 1.5792300193245845e-10
904.0 1.5792300193245845e-10
905.0 1.5792300193245845e-10
906.0 1.5792300193245845e-10
907.0 4.512548912316561e-05
908.0 0.00015066591458889889
909.0 1.5792300193245845e-10
910.0 1.5792300193245845e-10
911.0 1.5792300193245845e-10
912.0 3.203067819868011e-05
913.0 5.985510256323323e-05
914.0 8.76795297699573e-05
915.0 1.5792300193245845e-10
916.0 1.5792300193245845e-10
917.0 1.5792300193245845e-10
918.0 1.5792300193245845e-10
919.0 1.5792300193245845e-10
920.0 1.3575295554346667e-05
921.0 1.5792300193245845e-10
922.0 1.5792300193245845e-10
923.0 1.5792300193245845e-10
924.0 1.5792300193245845e-10
925.0 9.18000182537071e-05
926.0 0.00021970415673422394
927.0 1.5792300193245845e-10
928.0 1.5792300193245845e-10
929.0 1.5792300193245845e-10
930.0 0.0001987128371183644
931.0 0.00017628233308641938
932.0 0.0001538518176857906
933.0 0.00013039816622040235
934.0 0.00010694453749238164
935.0 1.5792300193245845e-10
936.0 1.5792300193245845e-10
937.0 1.5792300193245845e-10
938.0 1.5792300193245845e-10
939.0 1.5792300193245845e-10
940.0 1.5792300193245845e-10
941.0 1.5792300193245845e-10
942.0 1.5792300193245845e-10
943.0 1.5792300193245845e-10
944.0 1.5792300193245845e-10
945.0 1.5792300193245845e-10
946.0 1.5792300193245845e-10
947.0 1.5792300193245845e-10
948.0 1.5792300193245845e-10
949.0 1.5792300193245845e-10
950.0 1.5792300193245845e-10
951.0 1.5792300193245845e-10
952.0 1.5792300193245845e-10
953.0 1.5792300193245845e-10
954.0 1.5792300193245845e-10
955.0 1.5792300193245845e-10
956.0 0.0001327906034020998
957.0 0.00012402525726429303
958.0 0.0001152598542830674
959.0 0.0001300283088312426
960.0 0.00014479676337941783
961.0 0.00013370732858675183
962.0 0.00012261789379408583
963.0 5.332095156518335e-05
964.0 1.5792300193245845e-10
965.0 1.5792300193245845e-10
966.0 1.5792300193245845e-10
967.0 1.5792300193245845e-10
968.0 1.5792300193245845e-10
969.0 1.5792300193245845e-10
970.0 1.5792300193245845e-10
971.0 1.5792300193245845e-10
972.0 1.5792300193245845e-10
973.0 1.5792300193245845e-10
974.0 2.4900234052438464e-05
975.0 1.5792300193245845e-10
976.0 1.5792300193245845e-10
977.0 1.5792300193245845e-10
978.0 1.5792300193245845e-10
979.0 1.5792300193245845e-10
980.0 1.5792300193245845e-10
981.0 1.5792300193245845e-10
982.0 1.5792300193245845e-10
983.0 1.5792300193245845e-10
984.0 1.5792300193245845e-10
985.0 9.964596756617539e-05
986.0 0.00023286306713998783
987.0 3.295669728231587e-05
988.0 1.5792300193245845e-10
989.0 1.5792300193245845e-10
990.0 1.5792300193245845e-10
991.0 1.5792300193245845e-10
992.0 1.5792300193245845e-10
993.0 1.5792300193245845e-10
994.0 6.6580668089955e-06
995.0 1.5792300193245845e-10
996.0 1.5792300193245845e-10
997.0 9.230031849938314e-06
998.0 0.00030464034352917224
999.0 0.00032683092285878956
1000.0 0.00034902143397630425
1001.0 0.00021725795704696793
1002.0 8.549443464289652e-05
1003.0 8.964955213741632e-05
1004.0 9.380467531627801e-05
1005.0 1.2781011093920824e-05
1006.0 1.5792300193245845e-10
1007.0 5.5369434903695947e-05
1008.0 0.00017898159967444371
1009.0 0.00014882868981658248
1010.0 0.00011867574585266993
1011.0 0.00015956698007357772
1012.0 0.0002004581801884342
1013.0 0.00031651550216338364
1014.0 0.0004325728696130682
1015.0 0.0003622907115641283
1016.0 0.00029200862172729103
1017.0 0.00038793291423644405
1018.0 0.0004838573204324348
1019.0 0.0003811639317063964
1020.0 0.0002784704292935203
1021.0 0.0002538749185987399
1022.0 0.00022927938516659196
1023.0 0.00045770752876705956
1024.0 0.0006861357178422622
1025.0 0.0005912836513743969
1026.0 0.0004964315849065315
1027.0 0.0004231002094456926
1028.0 0.00034976885672222124
1029.0 0.0007847081178624649
1030.0 0.0012196473107906058
1031.0 0.0017849784853751771
1032.0 0.0023503092961618677
1033.0 0.002535593739594333
1034.0 0.0027208774554310367
1035.0 0.0033582564356038347
1036.0 0.003995635051978752
1037.0 0.00396647556044627
1038.0 0.003937316068913788
1039.0 0.003439844658714719
1040.0 0.0029423732485156506
1041.0 0.0028098294933442958
1042.0 0.0026772861019708216
1043.0 0.003169347473885864
1044.0 0.0036614088458009064
1045.0 0.0033181881008204073
1046.0 0.002974967719637789
1047.0 0.0026512841941439547
1048.0 0.002327601032448001
1049.0 0.0020417748601175845
1050.0 0.001755948869686108
1051.0 0.0018555250790086575
1052.0 0.0019551014702301472
1053.0 0.0013449598554871045
1054.0 0.0007348181043198565
1055.0 0.0006369046786858235
1056.0 0.0005389912075770553
1057.0 0.0007069475486787269
1058.0 0.000874904162628809
1059.0 0.0009367407074023504
1060.0 0.0009985775250243023
1061.0 0.0015885902030277066
1062.0 0.00217860251723323
1063.0 0.0025153878596029244
1064.0 0.0028521730200736783
1065.0 0.0031426410714630038
1066.0 0.0034331096685491502
1067.0 0.004190235995338298
1068.0 0.004947361958329566
1069.0 0.003972583726863377
1070.0 0.0029978054953971878
1071.0 0.0031506369850831106
1072.0 0.0033034681109711528
1073.0 0.0035088061849819496
1074.0 0.0037141442589927465
1075.0 0.003544805440469645
1076.0 0.0033754666219465435
1077.0 0.002822740134433843
1078.0 0.002270013101224322
1079.0 0.002197419416916091
1080.0 0.002124826096405741
1081.0 0.0012890594916825648
1082.0 0.00045329297790885903
1083.0 1.5792300193245845e-10
1084.0 1.5792300193245845e-10
1085.0 0.0004990977231500437
1086.0 0.001576605427544564
1087.0 0.0010809403647726867
1088.0 0.0005852754838997498
1089.0 1.5792300193245845e-10
1090.0 1.5792300193245845e-10
1091.0 1.5792300193245845e-10
1092.0 1.5792300193245845e-10
1093.0 1.5792300193245845e-10
1094.0 0.0005442014298751019
1095.0 0.00017450139466745895
1096.0 1.5792300193245845e-10
1097.0 1.5792300193245845e-10
1098.0 1.5792300193245845e-10
1099.0 1.5792300193245845e-10
1100.0 1.5792300193245845e-10
