lsstCam/transmission_filter_detector/r23_s00/i_39/19700101T000000.ecsv
# %ECSV 1.0
# ---
# datatype:
# - {name: wavelength, unit: nm, datatype: float32}
# - {name: efficiency, unit: '%', datatype: float64}
# meta: !!omap
# - {MODE: DETECTOR}
# - {TYPE: transmission_filter_detector}
# - {CALIBDATE: '1970-01-01T00:00:00'}
# - {INSTRUME: LSSTCam}
# - {OBSTYPE: transmission_filter_detector}
# - {CALIBCLS: lsst.ip.isr.IntermediateFilterDetectorTransmissionCurve}
# - {SOURCE: Materion (DM-46256)}
# - {DETECTOR: 99}
# - {FILTER: i_39}
# - {CALIB_ID: 'calibDate=1970-01-01T00:00:00 filter=i_39 detector=99'}
# - {DATE: '2025-04-02T15:59:46.939248'}
# - {CALIB_CREATION_DATE: '2025-04-02'}
# - {CALIB_CREATION_TIME: '15:59:46'}
# - __serialized_columns__:
#     efficiency:
#       __class__: astropy.units.quantity.Quantity
#       unit: !astropy.units.Unit {unit: '%'}
#       value: !astropy.table.SerializedColumn {name: efficiency}
#     wavelength:
#       __class__: astropy.units.quantity.Quantity
#       unit: !astropy.units.Unit {unit: nm}
#       value: !astropy.table.SerializedColumn {name: wavelength}
# schema: astropy-2.0
wavelength efficiency
300.0 0.07567926659248769
301.0 0.032256924896501005
302.0 1.5792300193245845e-10
303.0 0.01447584800189361
304.0 0.04011709243059158
305.0 0.03255796036683023
306.0 0.024998831213451922
307.0 0.0068009911046829075
308.0 1.5792300193245845e-10
309.0 1.5792300193245845e-10
310.0 1.5792300193245845e-10
311.0 1.5792300193245845e-10
312.0 0.002858131847460754
313.0 1.5792300193245845e-10
314.0 1.5792300193245845e-10
315.0 1.5792300193245845e-10
316.0 1.5792300193245845e-10
317.0 1.5792300193245845e-10
318.0 1.5792300193245845e-10
319.0 1.5792300193245845e-10
320.0 1.5792300193245845e-10
321.0 1.5792300193245845e-10
322.0 0.0014680017557111569
323.0 1.5792300193245845e-10
324.0 1.5792300193245845e-10
325.0 1.5792300193245845e-10
326.0 1.5792300193245845e-10
327.0 1.637615709704221e-07
328.0 0.0029926037313998677
329.0 0.0017368305634590797
330.0 0.0004810574864677619
331.0 0.0013791751371172722
332.0 0.0022772932425141335
333.0 0.0018472686861059628
334.0 0.0014172445844451431
335.0 0.0016235499060712755
336.0 0.0018298556824447587
337.0 0.0025562107111909427
338.0 0.003282565376139246
339.0 0.0028860731617896818
340.0 0.0024895814931369387
341.0 1.5792300193245845e-10
342.0 1.5792300193245845e-10
343.0 1.5792300193245845e-10
344.0 1.5792300193245845e-10
345.0 1.5792300193245845e-10
346.0 0.00017366484144076821
347.0 1.5792300193245845e-10
348.0 1.5792300193245845e-10
349.0 1.5792300193245845e-10
350.0 1.5792300193245845e-10
351.0 1.5792300193245845e-10
352.0 3.754573754122248e-05
353.0 1.5792300193245845e-10
354.0 1.5792300193245845e-10
355.0 1.5792300193245845e-10
356.0 0.00024331698114110623
357.0 0.0007528177320637042
358.0 0.001262318437511567
359.0 0.0012271907507965807
360.0 0.0011920626093342435
361.0 0.0010868522622331511
362.0 0.000981642006081529
363.0 0.0005723881713493029
364.0 0.00016313442756654695
365.0 0.0007575541530968621
366.0 0.0013519743333745282
367.0 0.0007264569376275176
368.0 0.00010093959872392588
369.0 0.0005746329406974837
370.0 0.0010483263395144604
371.0 0.0011002339306287467
372.0 0.0011521416126925033
373.0 0.00104280125015066
374.0 0.0009334608876088168
375.0 0.00021819298581249313
376.0 1.5792300193245845e-10
377.0 1.5792300193245845e-10
378.0 9.258944828616222e-05
379.0 1.5792300193245845e-10
380.0 1.5792300193245845e-10
381.0 1.5792300193245845e-10
382.0 1.5792300193245845e-10
383.0 0.00014814604583079927
384.0 0.0014093509889789857
385.0 0.0010078884770337027
386.0 0.0006064257831894793
387.0 1.5792300193245845e-10
388.0 1.5792300193245845e-10
389.0 1.5792300193245845e-10
390.0 1.5792300193245845e-10
391.0 1.5792300193245845e-10
392.0 1.5792300193245845e-10
393.0 1.5792300193245845e-10
394.0 0.0003378964947842178
395.0 1.5792300193245845e-10
396.0 1.5792300193245845e-10
397.0 1.5792300193245845e-10
398.0 1.5792300193245845e-10
399.0 1.5792300193245845e-10
400.0 1.5792300193245845e-10
401.0 0.001997327672143001
402.0 0.004005887240055017
403.0 0.003834501330857165
404.0 0.0036631161492550746
405.0 0.0038691283407388255
406.0 0.004075140168424696
407.0 0.002106645843014121
408.0 0.00013814851627103053
409.0 0.00045775600483466405
410.0 0.0007773615834594239
411.0 0.00284904981526779
412.0 0.004920738501823507
413.0 0.004181072654318996
414.0 0.0034414078982081264
415.0 0.0032390460546594113
416.0 0.003036684211110696
417.0 0.0022856103896629065
418.0 0.0015345363863161765
419.0 0.0035232205846114084
420.0 0.0055119046010077
421.0 0.004787528087035753
422.0 0.004063151573063806
423.0 0.004945641558151692
424.0 0.005828131179441698
425.0 0.004593435369315557
426.0 0.003358738831593655
427.0 0.003682747410493903
428.0 0.004006755989394151
429.0 0.0045927194150863215
430.0 0.005178683568374254
431.0 0.004024041845696047
432.0 0.0028694008506136015
433.0 0.0031163213861873373
434.0 0.0033632426493568346
435.0 0.0024167455194401555
436.0 0.001470248207624536
437.0 0.0013049097105977125
438.0 0.0011395713045203593
439.0 0.0016676849554642104
440.0 0.002195798879256472
441.0 0.0006066851710784249
442.0 1.5792300193245845e-10
443.0 1.5792300193245845e-10
444.0 1.5792300193245845e-10
445.0 1.5792300193245845e-10
446.0 1.5792300193245845e-10
447.0 0.00010951655440294417
448.0 0.0003575741402528365
449.0 1.5792300193245845e-10
450.0 1.5792300193245845e-10
451.0 0.00014843898270555655
452.0 0.001021395200950792
453.0 0.0013873102034267504
454.0 0.0017532256606500596
455.0 0.001601560870767571
456.0 0.0014498961718345527
457.0 0.0011047611224057619
458.0 0.0007596259365527658
459.0 0.00036287165130488575
460.0 1.5792300193245845e-10
461.0 0.00026089085167768644
462.0 0.0005556644737225724
463.0 0.0002666101181603153
464.0 1.5792300193245845e-10
465.0 0.0002173347411371651
466.0 0.0004571136742015369
467.0 0.0006897508228576044
468.0 0.0009223879715136718
469.0 0.0005803585281682899
470.0 0.00023832919850974577
471.0 0.0003413673994145938
472.0 0.0004444056685315445
473.0 0.0008072746823017951
474.0 0.001170143877970986
475.0 0.0007614075457240688
476.0 0.000352671486325562
477.0 0.0007743372407276183
478.0 0.0011960029951296747
479.0 0.0012099032574042212
480.0 0.0012238034287292976
481.0 0.0024947723431978375
482.0 0.0037657402572222054
483.0 0.005452796176541597
484.0 0.007139852095860988
485.0 0.008481036638841033
486.0 0.009822222637012601
487.0 0.012080035958206281
488.0 0.014337849279399961
489.0 0.01743978791637346
490.0 0.020541723642963916
491.0 0.02250467805424705
492.0 0.024467631010338664
493.0 0.02537415421102196
494.0 0.026280683232471347
495.0 0.022981576330494136
496.0 0.019682465062942356
497.0 0.01585765858180821
498.0 0.012032849917886779
499.0 0.008581837028032169
500.0 0.005130823046783917
501.0 0.0038323705666698515
502.0 0.0025339186322526075
503.0 0.002454619243508205
504.0 0.002375319854763802
505.0 0.00214903357118601
506.0 0.0019227474695071578
507.0 0.00177477140823612
508.0 0.001626794801268261
509.0 0.0017600215869606473
510.0 0.0018932483726530336
511.0 0.0015051041373226326
512.0 0.0011169599019922316
513.0 0.0015535708371317014
514.0 0.001990181772271171
515.0 0.0024925624529714696
516.0 0.0029949433155707084
517.0 0.0025089972041314468
518.0 0.0020230512745911255
519.0 0.002099240191455465
520.0 0.002175429108319804
521.0 0.001707076262391638
522.0 0.0012387235074129421
523.0 0.0012841909665439744
524.0 0.0013296586985234171
525.0 0.0019395323761273175
526.0 0.0025494058718322776
527.0 0.002515123378543649
528.0 0.0024808410671539605
529.0 0.002030474024650175
530.0 0.0015801069821463898
531.0 0.0014323804862215184
532.0 0.0012846542631450575
533.0 0.0014483711311186198
534.0 0.0016120880900416523
535.0 0.0017189009668072686
536.0 0.0018257136616739444
537.0 0.002586978007457219
538.0 0.0033482421713415533
539.0 0.00396821487811394
540.0 0.004588187584886327
541.0 0.005314679583534598
542.0 0.006041171582182869
543.0 0.005093788786325604
544.0 0.004146405990468338
545.0 0.003230605580029078
546.0 0.0023148057152866386
547.0 0.0019257386156823486
548.0 0.0015366715160780586
549.0 0.0017720516552799381
550.0 0.002007431976380758
551.0 0.0017320857295999303
552.0 0.0014567394828191027
553.0 0.001408606749464525
554.0 0.0013604740161099471
555.0 0.0010822731383086648
556.0 0.0008040721695579123
557.0 0.0007358160928561119
558.0 0.0006675599706795765
559.0 0.0003149944632241386
560.0 1.5792300193245845e-10
561.0 0.0006876154202473117
562.0 0.001412801975675393
563.0 0.0016154368495335802
564.0 0.001818071905290708
565.0 0.0014520410331897438
566.0 0.0010860105248866603
567.0 0.000733913975636824
568.0 0.00038181765376066323
569.0 0.00048052097554318607
570.0 0.0005792241609015036
571.0 0.0004729641204903601
572.0 0.0003667040346044814
573.0 0.00036232090678822715
574.0 0.0003579378471840755
575.0 0.00042302999645471573
576.0 0.0004881221229879884
577.0 0.0004912019448966021
578.0 0.0004942818122799508
579.0 0.00026188256470049964
580.0 2.9483339858416002e-05
581.0 0.00012517740515249898
582.0 0.0002208714931839495
583.0 0.0004088087734999135
584.0 0.0005967459856037749
585.0 0.0006884295544296037
586.0 0.0007801132596796378
587.0 0.0008330254786415026
588.0 0.0008859376066538971
589.0 0.0006727846084686462
590.0 0.0004596315193339251
591.0 0.0006441826371883508
592.0 0.0008287338459922466
593.0 0.0005883805897610728
594.0 0.0003480272198430612
595.0 0.0006200190000527073
596.0 0.0008920106665755156
597.0 0.0007090552571753506
598.0 0.0005260998932499206
599.0 0.0004948830792272929
600.0 0.0004636661742551951
601.0 0.00042211595427943394
602.0 0.0003805657343036728
603.0 0.0002928649337263778
604.0 0.0002051640421996126
605.0 0.00022731674107490107
606.0 0.00024946943995018955
607.0 0.0004221654307912104
608.0 0.000594861330682761
609.0 0.000560319631404127
610.0 0.0005257777047518175
611.0 0.0006582758487638785
612.0 0.0007907739927759394
613.0 0.0004990884463040857
614.0 0.00020740296804433456
615.0 1.5792300193245845e-10
616.0 1.5792300193245845e-10
617.0 1.5792300193245845e-10
618.0 0.0001586331904945837
619.0 0.0002531074414946488
620.0 0.0003475817948128679
621.0 0.0005124315975990612
622.0 0.0006772813321731519
623.0 0.0005750586751673836
624.0 0.00047283601816161536
625.0 0.0003570948365450022
626.0 0.00024135372314049164
627.0 0.00023222651179821696
628.0 0.00022309927771857474
629.0 0.0004135775270697195
630.0 0.0006040557764208643
631.0 0.0005378143669076962
632.0 0.0004715729119197931
633.0 0.00040619029277877416
634.0 0.00034080758268828504
635.0 0.0003487988124106778
636.0 0.00035678995118360035
637.0 0.00035063185350736603
638.0 0.000344473642144294
639.0 0.0006088157078920631
640.0 0.0008731576599529944
641.0 0.0006552046670549316
642.0 0.00043725158320739865
643.0 0.0006815409960836405
644.0 0.0009258304089598823
645.0 0.000806992466095835
646.0 0.0006881545687065227
647.0 0.0007854213436075952
648.0 0.0008826884368318133
649.0 0.0008002848517207894
650.0 0.0007178812211350305
651.0 0.0009185614544549026
652.0 0.0011192418241989799
653.0 0.0012238811905262992
654.0 0.0013285204659041483
655.0 0.0019167217033100314
656.0 0.002504922667867504
657.0 0.0035117620427627116
658.0 0.004518599962466396
659.0 0.007260245183715597
660.0 0.08631336386315525
661.0 0.12361014960333705
662.0 0.09072110988199711
663.0 0.10935916798189282
664.0 0.10874628787860274
665.0 0.18634346779435873
666.0 0.18843910656869411
667.0 0.22095951717346907
668.0 0.23872677702456713
669.0 0.3887375118210912
670.0 0.5797826685011387
671.0 0.8455748669803143
672.0 1.3448729179799557
673.0 2.022770792245865
674.0 2.8614960610866547
675.0 3.9369232952594757
676.0 5.051144957542419
677.0 6.459634751081467
678.0 7.955749332904816
679.0 9.570018202066422
680.0 11.74343228340149
681.0 14.044700562953949
682.0 16.612456738948822
683.0 19.482004642486572
684.0 22.53883183002472
685.0 25.42661726474762
686.0 28.43521237373352
687.0 31.79350197315216
688.0 35.301023721694946
689.0 39.01785910129547
690.0 43.323975801467896
691.0 48.03022742271423
692.0 53.50804924964905
693.0 59.1271698474884
694.0 65.31902551651001
695.0 71.1580216884613
696.0 77.30650305747986
697.0 82.56738781929016
698.0 87.76810765266418
699.0 91.38166308403015
700.0 93.92715096473694
701.0 95.67818641662598
702.0 96.79845571517944
703.0 97.29728698730469
704.0 97.44393825531006
705.0 97.75996804237366
706.0 97.73541688919067
707.0 97.73142337799072
708.0 97.84701466560364
709.0 97.97889590263367
710.0 97.68826365470886
711.0 98.00685048103333
712.0 97.856605052948
713.0 98.02248477935791
714.0 98.03119897842407
715.0 98.17975163459778
716.0 97.96469807624817
717.0 98.1207013130188
718.0 98.16454648971558
719.0 98.02094101905823
720.0 98.1382966041565
721.0 97.97984957695007
722.0 97.62302041053772
723.0 97.39109873771667
724.0 97.10924625396729
725.0 96.94857597351074
726.0 96.79645895957947
727.0 96.54409885406494
728.0 96.4949905872345
729.0 96.24220728874207
730.0 96.4404046535492
731.0 96.4950442314148
732.0 96.60584926605225
733.0 97.0110833644867
734.0 97.3451316356659
735.0 97.49645590782166
736.0 97.84708023071289
737.0 98.1574535369873
738.0 98.41172695159912
739.0 98.636394739151
740.0 98.69613647460938
741.0 98.56313467025757
742.0 98.9435613155365
743.0 98.73637557029724
744.0 98.54519963264465
745.0 98.51464033126831
746.0 98.51452708244324
747.0 98.65593910217285
748.0 98.56909513473511
749.0 98.48686456680298
750.0 98.35716485977173
751.0 98.40570092201233
752.0 98.29862713813782
753.0 98.51462841033936
754.0 98.42230081558228
755.0 98.59025478363037
756.0 98.56240749359131
757.0 98.66753220558167
758.0 98.64039421081543
759.0 98.76053929328918
760.0 98.65026473999023
761.0 98.58123064041138
762.0 98.68045449256897
763.0 98.58912825584412
764.0 98.47972393035889
765.0 98.50248098373413
766.0 98.44437837600708
767.0 98.1766402721405
768.0 98.23147058486938
769.0 98.21337461471558
770.0 97.94178605079651
771.0 97.96311855316162
772.0 97.94096350669861
773.0 97.77758717536926
774.0 97.71389961242676
775.0 97.79257774353027
776.0 97.73447513580322
777.0 97.91181087493896
778.0 97.90454506874084
779.0 98.04739356040955
780.0 98.03088903427124
781.0 98.40580821037292
782.0 98.33642840385437
783.0 98.47901463508606
784.0 98.44133257865906
785.0 98.51431846618652
786.0 98.6396849155426
787.0 98.43593239784241
788.0 98.46543073654175
789.0 98.56118559837341
790.0 98.42637777328491
791.0 98.40652346611023
792.0 98.31234812736511
793.0 98.25284481048584
794.0 98.09158444404602
795.0 97.90337681770325
796.0 97.89831638336182
797.0 97.91141748428345
798.0 97.7979302406311
799.0 97.67724871635437
800.0 97.42467999458313
801.0 97.42472171783447
802.0 97.10726141929626
803.0 96.66019678115845
804.0 96.01061344146729
805.0 95.04377245903015
806.0 94.08043622970581
807.0 92.42896437644958
808.0 90.65811038017273
809.0 88.55068683624268
810.0 86.09089255332947
811.0 83.13632607460022
812.0 79.71668243408203
813.0 75.91813802719116
814.0 71.68141007423401
815.0 67.28408932685852
816.0 62.91468143463135
817.0 58.12346935272217
818.0 53.36257219314575
819.0 49.23056960105896
820.0 44.49599087238312
821.0 40.05471467971802
822.0 35.62205135822296
823.0 30.98357319831848
824.0 26.363003253936768
825.0 22.179727256298065
826.0 17.808230221271515
827.0 13.414198160171509
828.0 9.80878472328186
829.0 6.744999438524246
830.0 4.127705842256546
831.0 2.5798333808779716
832.0 1.5133698470890522
833.0 0.8431309834122658
834.0 0.48321192152798176
835.0 0.25460419710725546
836.0 0.17488840967416763
837.0 0.1256146701052785
838.0 0.033844521385617554
839.0 0.04504817770794034
840.0 0.030317693017423153
841.0 0.018117850413545966
842.0 0.0010587347787804902
843.0 1.5792300193245845e-10
844.0 1.5792300193245845e-10
845.0 1.5792300193245845e-10
846.0 1.5792300193245845e-10
847.0 1.5792300193245845e-10
848.0 1.5792300193245845e-10
849.0 1.5792300193245845e-10
850.0 1.5792300193245845e-10
851.0 1.5792300193245845e-10
852.0 0.00043914415073231794
853.0 0.0008564439667679835
854.0 0.0012737439647025894
855.0 0.0009850212336459663
856.0 0.0006962985480640782
857.0 0.0007426680440403288
858.0 0.000789037312642904
859.0 0.00044273533603700344
860.0 9.64332684816327e-05
861.0 0.00019130420696455985
862.0 0.00028617500902328175
863.0 9.387391628479236e-05
864.0 1.5792300193245845e-10
865.0 1.5792300193245845e-10
866.0 1.5792300193245845e-10
867.0 8.56002344562512e-06
868.0 5.421230184765591e-05
869.0 1.5792300193245845e-10
870.0 1.5792300193245845e-10
871.0 4.6236181105996366e-06
872.0 0.0001641808808017231
873.0 0.00020425243292265804
874.0 0.0002443239736749092
875.0 0.0002466751539031975
876.0 0.00024902637960622087
877.0 1.5792300193245845e-10
878.0 1.5792300193245845e-10
879.0 2.0112136667194136e-05
880.0 0.00038239822970354
881.0 0.00013714040960621787
882.0 1.5792300193245845e-10
883.0 8.983000725493184e-05
884.0 0.00028777737952623283
885.0 0.00014328762745208223
886.0 1.5792300193245845e-10
887.0 3.001059383223037e-05
888.0 6.122333502389665e-05
889.0 1.5792300193245845e-10
890.0 1.5792300193245845e-10
891.0 4.897146936855279e-05
892.0 0.00016560575204493944
893.0 0.00022803922092862194
894.0 0.000290472712549672
