lsstcam/qe_curve/r01_s00/19700101T000000.ecsv
# %ECSV 0.9
# ---
# datatype:
# - {name: amp_name, datatype: string}
# - {name: wavelength, unit: nm, datatype: float32}
# - {name: efficiency, unit: '%', datatype: float32}
# meta: !!omap
# - {MODE: AMP}
# - {TYPE: QE}
# - {CALIBDATE: '1970-01-01T00:00:00'}
# - {INSTRUME: LSSTCAM}
# - {OBSTYPE: qe_curve}
# - {DETECTOR: 0}
# - {PICKLEFILE: RaftRun10861.p}
# - {CALIB_ID: 'raftName=R01 detectorName=S00 detector=0 calibDate=1970-01-01T00:00:00 ccd=0 ccdnum=0 filter=None'}
# - {DATE: '2020-01-03T18:08:37.733663'}
# - {CALIB_CREATION_DATE: '2020-01-03'}
# - {CALIB_CREATION_TIME: '18:08:37'}
# - __serialized_columns__:
#     efficiency:
#       __class__: astropy.units.quantity.Quantity
#       unit: !astropy.units.Unit {unit: '%'}
#       value: !astropy.table.SerializedColumn {name: efficiency}
#     wavelength:
#       __class__: astropy.units.quantity.Quantity
#       unit: !astropy.units.Unit {unit: nm}
#       value: !astropy.table.SerializedColumn {name: wavelength}
# schema: astropy-2.0
amp_name wavelength efficiency
C13 319.994 48.28666
C13 324.969 50.306423
C13 349.982 60.62138
C13 374.975 74.52493
C13 400.019 84.14579
C13 424.965 84.73537
C13 450.035 83.997665
C13 475.003 83.86152
C13 500.018 84.28003
C13 525.002 85.193405
C13 550.029 86.77411
C13 575.023 88.49148
C13 599.982 90.616295
C13 619.997 91.5078
C13 624.979 91.84873
C13 650.012 93.33113
C13 675.004 94.52523
C13 700.03 95.30317
C13 725.012 96.201355
C13 750.022 97.789185
C13 774.987 99.23302
C13 799.976 99.51949
C13 824.988 98.44117
C13 850.022 97.00101
C13 869.967 94.41966
C13 875.002 93.37495
C13 899.999 86.08256
C13 919.999 77.27509
C13 925.012 74.516754
C13 949.965 61.963356
C13 975.002 47.56805
C13 999.976 30.514019
C13 1025.028 14.729049
C13 1050.014 5.7858024
C13 1075.002 3.2904267
C13 1099.99 2.2744064
C12 319.994 48.123837
C12 324.969 50.12221
C12 349.982 60.41977
C12 374.975 74.49127
C12 400.019 84.28247
C12 424.965 84.89616
C12 450.035 84.121086
C12 475.003 83.91985
C12 500.018 84.295395
C12 525.002 85.19553
C12 550.029 86.796394
C12 575.023 88.540344
C12 599.982 90.6869
C12 619.997 91.595314
C12 624.979 91.938515
C12 650.012 93.443085
C12 675.004 94.657074
C12 700.03 95.43062
C12 725.012 96.33497
C12 750.022 97.92334
C12 774.987 99.370636
C12 799.976 99.6682
C12 824.988 98.59072
C12 850.022 97.15434
C12 869.967 94.61347
C12 875.002 93.56871
C12 899.999 86.247925
C12 919.999 77.488174
C12 925.012 74.7436
C12 949.965 62.14487
C12 975.002 47.63172
C12 999.976 30.534918
C12 1025.028 14.805648
C12 1050.014 5.83887
C12 1075.002 3.329883
C12 1099.99 2.2930195
C06 319.994 48.125004
C06 324.969 50.127354
C06 349.982 60.428688
C06 374.975 74.64319
C06 400.019 84.62551
C06 424.965 85.285446
C06 450.035 84.4476
C06 475.003 84.15202
C06 500.018 84.4839
C06 525.002 85.40682
C06 550.029 87.0891
C06 575.023 88.93682
C06 599.982 91.169426
C06 619.997 92.11439
C06 624.979 92.46937
C06 650.012 93.99697
C06 675.004 95.213005
C06 700.03 95.934364
C06 725.012 96.58367
C06 750.022 97.8415
C06 774.987 98.97258
C06 799.976 99.1426
C06 824.988 98.18143
C06 850.022 96.71655
C06 869.967 94.04993
C06 875.002 93.03092
C06 899.999 86.23755
C06 919.999 78.27875
C06 925.012 75.63143
C06 949.965 62.560715
C06 975.002 47.701286
C06 999.976 30.789352
C06 1025.028 14.914312
C06 1050.014 6.0568843
C06 1075.002 3.4118397
C06 1099.99 2.3487504
C10 319.994 47.600533
C10 324.969 49.54532
C10 349.982 59.77504
C10 374.975 74.14064
C10 400.019 84.27536
C10 424.965 84.95525
C10 450.035 84.13348
C10 475.003 83.85631
C10 500.018 84.18234
C10 525.002 85.04657
C10 550.029 86.643036
C10 575.023 88.39961
C10 599.982 90.56065
C10 619.997 91.484116
C10 624.979 91.82863
C10 650.012 93.37297
C10 675.004 94.61441
C10 700.03 95.386604
C10 725.012 96.29864
C10 750.022 97.88285
C10 774.987 99.335365
C10 799.976 99.68067
C10 824.988 98.62873
C10 850.022 97.32626
C10 869.967 94.952545
C10 875.002 93.920845
C10 899.999 86.77689
C10 919.999 78.06964
C10 925.012 75.29817
C10 949.965 62.35072
C10 975.002 47.88568
C10 999.976 30.953438
C10 1025.028 15.033201
C10 1050.014 6.031117
C10 1075.002 3.3936827
C10 1099.99 2.3193095
C07 319.994 47.81782
C07 324.969 49.79568
C07 349.982 60.07066
C07 374.975 74.37386
C07 400.019 84.499664
C07 424.965 85.19103
C07 450.035 84.35803
C07 475.003 84.051605
C07 500.018 84.37473
C07 525.002 85.27427
C07 550.029 86.9309
C07 575.023 88.7618
C07 599.982 90.98221
C07 619.997 91.92934
C07 624.979 92.28324
C07 650.012 93.82576
C07 675.004 95.04273
C07 700.03 95.76833
C07 725.012 96.409065
C07 750.022 97.654785
C07 774.987 98.770805
C07 799.976 98.95266
C07 824.988 97.984886
C07 850.022 96.50685
C07 869.967 93.94618
C07 875.002 92.9512
C07 899.999 86.347534
C07 919.999 78.35222
C07 925.012 75.65395
C07 949.965 62.329964
C07 975.002 47.65656
C07 999.976 30.58276
C07 1025.028 15.001606
C07 1050.014 6.148237
C07 1075.002 3.395823
C07 1099.99 2.3195107
C16 319.994 49.13243
C16 324.969 51.231617
C16 349.982 61.713924
C16 374.975 74.966705
C16 400.019 84.0846
C16 424.965 84.54314
C16 450.035 83.90258
C16 475.003 83.94181
C16 500.018 84.52052
C16 525.002 85.53035
C16 550.029 87.159584
C16 575.023 88.88646
C16 599.982 91.00067
C16 619.997 91.87039
C16 624.979 92.20625
C16 650.012 93.681496
C16 675.004 94.849815
C16 700.03 95.53944
C16 725.012 96.36059
C16 750.022 97.86051
C16 774.987 99.22024
C16 799.976 99.48083
C16 824.988 98.38601
C16 850.022 96.99043
C16 869.967 94.483246
C16 875.002 93.438126
C16 899.999 86.28231
C16 919.999 77.56549
C16 925.012 74.831825
C16 949.965 62.30385
C16 975.002 47.865765
C16 999.976 30.717718
C16 1025.028 14.839985
C16 1050.014 5.882267
C16 1075.002 3.315819
C16 1099.99 2.2958436
C03 319.994 48.88478
C03 324.969 50.97597
C03 349.982 61.421734
C03 374.975 75.15209
C03 400.019 84.61039
C03 424.965 85.18008
C03 450.035 84.460976
C03 475.003 84.36255
C03 500.018 84.83149
C03 525.002 85.808525
C03 550.029 87.46821
C03 575.023 89.23403
C03 599.982 91.389145
C03 619.997 92.287415
C03 624.979 92.62629
C03 650.012 94.0952
C03 675.004 95.27252
C03 700.03 96.00711
C03 725.012 96.694664
C03 750.022 98.02768
C03 774.987 99.22645
C03 799.976 99.38955
C03 824.988 98.41676
C03 850.022 97.00437
C03 869.967 94.36526
C03 875.002 93.35253
C03 899.999 86.37026
C03 919.999 78.17948
C03 925.012 75.506485
C03 949.965 62.63731
C03 975.002 47.679764
C03 999.976 30.862015
C03 1025.028 14.9038725
C03 1050.014 5.877172
C03 1075.002 3.3530211
C03 1099.99 2.3262756
C05 319.994 48.265
C05 324.969 50.297096
C05 349.982 60.606537
C05 374.975 74.628105
C05 400.019 84.4162
C05 424.965 85.04054
C05 450.035 84.215416
C05 475.003 83.947495
C05 500.018 84.311264
C05 525.002 85.25951
C05 550.029 86.95773
C05 575.023 88.81261
C05 599.982 91.0418
C05 619.997 91.985435
C05 624.979 92.33824
C05 650.012 93.84007
C05 675.004 95.05105
C05 700.03 95.78485
C05 725.012 96.44646
C05 750.022 97.73101
C05 774.987 98.88309
C05 799.976 99.036064
C05 824.988 98.09106
C05 850.022 96.64688
C05 869.967 93.97446
C05 875.002 92.96483
C05 899.999 86.07517
C05 919.999 78.05492
C05 925.012 75.42531
C05 949.965 62.543514
C05 975.002 47.64042
C05 999.976 30.802137
C05 1025.028 14.871363
C05 1050.014 5.9466124
C05 1075.002 3.3822978
C05 1099.99 2.3417392
C04 319.994 48.592533
C04 324.969 50.655693
C04 349.982 61.031113
C04 374.975 74.9287
C04 400.019 84.56192
C04 424.965 85.17039
C04 450.035 84.40972
C04 475.003 84.23682
C04 500.018 84.66135
C04 525.002 85.62947
C04 550.029 87.307045
C04 575.023 89.11055
C04 599.982 91.29484
C04 619.997 92.21276
C04 624.979 92.562874
C04 650.012 94.042206
C04 675.004 95.23659
C04 700.03 95.98432
C04 725.012 96.66783
C04 750.022 97.98254
C04 774.987 99.174934
C04 799.976 99.33563
C04 824.988 98.38679
C04 850.022 96.96526
C04 869.967 94.29517
C04 875.002 93.28366
C04 899.999 86.3254
C04 919.999 78.2086
C04 925.012 75.5602
C04 949.965 62.698956
C04 975.002 47.723846
C04 999.976 30.875849
C04 1025.028 14.903108
C04 1050.014 5.8863626
C04 1075.002 3.358496
C04 1099.99 2.329856
C15 319.994 48.764027
C15 324.969 50.827908
C15 349.982 61.229683
C15 374.975 74.738335
C15 400.019 84.0589
C15 424.965 84.57661
C15 450.035 83.90532
C15 475.003 83.87414
C15 500.018 84.39332
C15 525.002 85.36459
C15 550.029 86.9772
C15 575.023 88.697
C15 599.982 90.81514
C15 619.997 91.6908
C15 624.979 92.029655
C15 650.012 93.509476
C15 675.004 94.68638
C15 700.03 95.41651
C15 725.012 96.28583
C15 750.022 97.84154
C15 774.987 99.25492
C15 799.976 99.53248
C15 824.988 98.43848
C15 850.022 97.02414
C15 869.967 94.48866
C15 875.002 93.43715
C15 899.999 86.20726
C15 919.999 77.41459
C15 925.012 74.66725
C15 949.965 62.145283
C15 975.002 47.74133
C15 999.976 30.646408
C15 1025.028 14.811111
C15 1050.014 5.8378773
C15 1075.002 3.3039353
C15 1099.99 2.2879078
C14 319.994 48.639328
C14 324.969 50.681534
C14 349.982 61.073425
C14 374.975 74.798004
C14 400.019 84.29198
C14 424.965 84.83767
C14 450.035 84.12037
C14 475.003 84.0213
C14 500.018 84.48192
C14 525.002 85.43259
C14 550.029 87.04671
C14 575.023 88.7834
C14 599.982 90.91981
C14 619.997 91.81061
C14 624.979 92.15295
C14 650.012 93.64769
C14 675.004 94.83807
C14 700.03 95.59189
C14 725.012 96.48834
C14 750.022 98.070496
C14 774.987 99.513275
C14 799.976 99.80287
C14 824.988 98.70276
C14 850.022 97.26139
C14 869.967 94.68156
C14 875.002 93.62416
C14 899.999 86.336006
C14 919.999 77.48097
C14 925.012 74.706276
C14 949.965 62.12636
C14 975.002 47.737675
C14 999.976 30.640717
C14 1025.028 14.778454
C14 1050.014 5.8184857
C14 1075.002 3.2996721
C14 1099.99 2.2829309
C17 319.994 49.609848
C17 324.969 51.776104
C17 349.982 62.348885
C17 374.975 75.24255
C17 400.019 84.03162
C17 424.965 84.41834
C17 450.035 83.82275
C17 475.003 83.95719
C17 500.018 84.611694
C17 525.002 85.65899
C17 550.029 87.3005
C17 575.023 88.998314
C17 599.982 91.07487
C17 619.997 91.91491
C17 624.979 92.24572
C17 650.012 93.68289
C17 675.004 94.82974
C17 700.03 95.494965
C17 725.012 96.23193
C17 750.022 97.62827
C17 774.987 98.88317
C17 799.976 99.08316
C17 824.988 98.01894
C17 850.022 96.60967
C17 869.967 94.0307
C17 875.002 92.9949
C17 899.999 85.87946
C17 919.999 77.31219
C17 925.012 74.61177
C17 949.965 62.122387
C17 975.002 47.701183
C17 999.976 30.57565
C17 1025.028 14.764562
C17 1050.014 5.8997583
C17 1075.002 3.3090446
C17 1099.99 2.295374
C11 319.994 47.978485
C11 324.969 49.946877
C11 349.982 60.234196
C11 374.975 74.4834
C11 400.019 84.46836
C11 424.965 85.11107
C11 450.035 84.313866
C11 475.003 84.07567
C11 500.018 84.41781
C11 525.002 85.29728
C11 550.029 86.88893
C11 575.023 88.63252
C11 599.982 90.7839
C11 619.997 91.695656
C11 624.979 92.04049
C11 650.012 93.57107
C11 675.004 94.80785
C11 700.03 95.56219
C11 725.012 96.46878
C11 750.022 98.052414
C11 774.987 99.50271
C11 799.976 99.83478
C11 824.988 98.75073
C11 850.022 97.37677
C11 869.967 94.93841
C11 875.002 93.88851
C11 899.999 86.621124
C11 919.999 77.909615
C11 925.012 75.15772
C11 949.965 62.395657
C11 975.002 47.83934
C11 999.976 30.737446
C11 1025.028 14.95599
C11 1050.014 5.946515
C11 1075.002 3.3787045
C11 1099.99 2.3191543
C01 319.994 49.369022
C01 324.969 51.504444
C01 349.982 62.009678
C01 374.975 75.28324
C01 400.019 84.40254
C01 424.965 84.86852
C01 450.035 84.1928
C01 475.003 84.18004
C01 500.018 84.74671
C01 525.002 85.778244
C01 550.029 87.46238
C01 575.023 89.251
C01 599.982 91.41992
C01 619.997 92.32369
C01 624.979 92.66636
C01 650.012 94.13369
C01 675.004 95.296455
C01 700.03 95.98156
C01 725.012 96.6225
C01 750.022 97.89294
C01 774.987 99.03675
C01 799.976 99.17907
C01 824.988 98.175156
C01 850.022 96.75173
C01 869.967 94.1684
C01 875.002 93.1556
C01 899.999 86.202446
C01 919.999 78.00344
C01 925.012 75.323715
C01 949.965 62.452103
C01 975.002 47.53557
C01 999.976 30.755272
C01 1025.028 14.836161
C01 1050.014 5.859676
C01 1075.002 3.320214
C01 1099.99 2.3099325
C02 319.994 49.053307
C02 324.969 51.15043
C02 349.982 61.594772
C02 374.975 75.113464
C02 400.019 84.44225
C02 424.965 84.96491
C02 450.035 84.2547
C02 475.003 84.178764
C02 500.018 84.688034
C02 525.002 85.685936
C02 550.029 87.35442
C02 575.023 89.14703
C02 599.982 91.323555
C02 619.997 92.23464
C02 624.979 92.5786
C02 650.012 94.05696
C02 675.004 95.23835
C02 700.03 95.941605
C02 725.012 96.61655
C02 750.022 97.93334
C02 774.987 99.116974
C02 799.976 99.280045
C02 824.988 98.28005
C02 850.022 96.85725
C02 869.967 94.25903
C02 875.002 93.24257
C02 899.999 86.274734
C02 919.999 78.040276
C02 925.012 75.357765
C02 949.965 62.502903
C02 975.002 47.592087
C02 999.976 30.820768
C02 1025.028 14.872534
C02 1050.014 5.8851686
C02 1075.002 3.3442037
C02 1099.99 2.321405
C00 319.994 49.82159
C00 324.969 52.00698
C00 349.982 62.591366
C00 374.975 75.56494
C00 400.019 84.42761
C00 424.965 84.82687
C00 450.035 84.16501
C00 475.003 84.22047
C00 500.018 84.84
C00 525.002 85.91506
C00 550.029 87.62124
C00 575.023 89.40587
C00 599.982 91.55562
C00 619.997 92.44807
C00 624.979 92.7892
C00 650.012 94.23512
C00 675.004 95.374596
C00 700.03 96.04181
C00 725.012 96.60582
C00 750.022 97.78319
C00 774.987 98.83424
C00 799.976 98.921555
C00 824.988 97.94439
C00 850.022 96.50593
C00 869.967 93.8737
C00 875.002 92.85937
C00 899.999 85.869774
C00 919.999 77.79859
C00 925.012 75.172844
C00 949.965 62.372623
C00 975.002 47.39281
C00 999.976 30.55042
C00 1025.028 14.74856
C00 1050.014 5.8079224
C00 1075.002 3.288832
C00 1099.99 2.3025997
