lsstCam/transmission_filter_detector/r22_s20/z_20/19700101T000000.ecsv
# %ECSV 1.0
# ---
# datatype:
# - {name: wavelength, unit: nm, datatype: float32}
# - {name: efficiency, unit: '%', datatype: float64}
# meta: !!omap
# - {MODE: DETECTOR}
# - {TYPE: transmission_filter_detector}
# - {CALIBDATE: '1970-01-01T00:00:00'}
# - {INSTRUME: LSSTCam}
# - {OBSTYPE: transmission_filter_detector}
# - {CALIBCLS: lsst.ip.isr.IntermediateFilterDetectorTransmissionCurve}
# - {SOURCE: Materion (DM-46256)}
# - {DETECTOR: 96}
# - {FILTER: z_20}
# - {CALIB_ID: 'calibDate=1970-01-01T00:00:00 filter=z_20 detector=96'}
# - {DATE: '2025-04-02T15:59:49.084028'}
# - {CALIB_CREATION_DATE: '2025-04-02'}
# - {CALIB_CREATION_TIME: '15:59:49'}
# - __serialized_columns__:
#     efficiency:
#       __class__: astropy.units.quantity.Quantity
#       unit: !astropy.units.Unit {unit: '%'}
#       value: !astropy.table.SerializedColumn {name: efficiency}
#     wavelength:
#       __class__: astropy.units.quantity.Quantity
#       unit: !astropy.units.Unit {unit: nm}
#       value: !astropy.table.SerializedColumn {name: wavelength}
# schema: astropy-2.0
wavelength efficiency
300.0 0.4242883063852787
301.0 0.35154579672962427
302.0 0.27880328707396984
303.0 0.2509760670363903
304.0 0.2231488237157464
305.0 0.19543408416211605
306.0 0.1677193446084857
307.0 0.14982924330979586
308.0 0.13193914201110601
309.0 0.13402695767581463
310.0 0.13611476169899106
311.0 0.12537763686850667
312.0 0.11464051203802228
313.0 0.11197952553629875
314.0 0.10931851575151086
315.0 0.09543977212160826
316.0 0.08156102267093956
317.0 0.07248459733091295
318.0 0.06340817199088633
319.0 0.06747420993633568
320.0 0.07154025370255113
321.0 0.06517584552057087
322.0 0.05881143733859062
323.0 0.05701385671272874
324.0 0.055216276086866856
325.0 0.04758164577651769
326.0 0.03994701546616852
327.0 0.04001505731139332
328.0 0.040083102067001164
329.0 0.03634768654592335
330.0 0.032612273935228586
331.0 0.031116156606003642
332.0 0.029620039276778698
333.0 0.02891404728870839
334.0 0.02820805530063808
335.0 0.02748437982518226
336.0 0.026760701439343393
337.0 0.02420360833639279
338.0 0.021646513778250664
339.0 0.019951697322539985
340.0 0.018256880866829306
341.0 0.018071265367325395
342.0 0.017885648412629962
343.0 0.016524517559446394
344.0 0.01516338816145435
345.0 0.013973552267998457
346.0 0.012783714919351041
347.0 0.013252020289655775
348.0 0.013720324204768986
349.0 0.014131126226857305
350.0 0.0145419267937541
351.0 0.013427052181214094
352.0 0.012312177568674088
353.0 0.013874551223125309
354.0 0.01543692487757653
355.0 0.0129634965560399
356.0 0.010490066051715985
357.0 0.01070072321454063
358.0 0.010911379649769515
359.0 0.010405250213807449
360.0 0.009899122233036906
361.0 0.009168499673251063
362.0 0.008437878568656743
363.0 0.008078857354121283
364.0 0.007719836139585823
365.0 0.00784853909863159
366.0 0.00797724278527312
367.0 0.008222300675697625
368.0 0.008467359293717891
369.0 0.008534679363947362
370.0 0.00860199797898531
371.0 0.008043376146815717
372.0 0.007484752131858841
373.0 0.006721353565808386
374.0 0.005957954272162169
375.0 0.005969314952380955
376.0 0.0059806752688018605
377.0 0.006620719796046615
378.0 0.007260763959493488
379.0 0.006354623474180698
380.0 0.005448481897474267
381.0 0.004942738451063633
382.0 0.004436994640855119
383.0 0.004747613274957985
384.0 0.0050582322728587314
385.0 0.004873708530794829
386.0 0.004689184424933046
387.0 0.004852846905123442
388.0 0.005016509385313839
389.0 0.004787982470588759
390.0 0.0045594555558636785
391.0 0.004244478259352036
392.0 0.003929501326638274
393.0 0.004439418262336403
394.0 0.004949335561832413
395.0 0.004498589260037988
396.0 0.0040478433220414445
397.0 0.004141703539062291
398.0 0.004235563756083138
399.0 0.004278066990082152
400.0 0.0043205709516769275
401.0 0.004704079037765041
402.0 0.0050875871238531545
403.0 0.004962986713508144
404.0 0.004838386666961014
405.0 0.004152567271376029
406.0 0.0034667482395889238
407.0 0.003241499507566914
408.0 0.0030162518669385463
409.0 0.003211895455024205
410.0 0.003407539043109864
411.0 0.0035283232136862352
412.0 0.0036491073842626065
413.0 0.0036889188777422532
414.0 0.0037287300074240193
415.0 0.0035661149013321847
416.0 0.00340349979524035
417.0 0.003464704059297219
418.0 0.003525907959556207
419.0 0.003216502591385506
420.0 0.0029070974051137455
421.0 0.00356993950845208
422.0 0.004232781793689355
423.0 0.003963015842600726
424.0 0.0036932495277142152
425.0 0.0030707058613188565
426.0 0.0024481620130245574
427.0 0.0025303970687673427
428.0 0.002612632124510128
429.0 0.002527155083953403
430.0 0.002441678225295618
431.0 0.001751648960635066
432.0 0.0010616193321766332
433.0 0.0015945792256388813
434.0 0.0021275391191011295
435.0 0.0020149875126662664
436.0 0.0019024355424335226
437.0 0.001887081452878192
438.0 0.0018717273633228615
439.0 0.002282674722664524
440.0 0.002693622445804067
441.0 0.002557321568019688
442.0 0.0024210206902353093
443.0 0.002780500471999403
444.0 0.003139979889965616
445.0 0.003207606278010644
446.0 0.003275232666055672
447.0 0.0026662044547265396
448.0 0.002057176607195288
449.0 0.00201519451366039
450.0 0.001973212420125492
451.0 0.0019966671970905736
452.0 0.0020201219740556553
453.0 0.0017404081518179737
454.0 0.001460694329580292
455.0 0.0017690088498056866
456.0 0.0020773235519300215
457.0 0.0017567104805493727
458.0 0.0014360976820171345
459.0 0.0018069837096845731
460.0 0.0021778696464025415
461.0 0.0017023779946612194
462.0 0.0012268863429198973
463.0 0.001541021811135579
464.0 0.0018551574612502009
465.0 0.001721734952297993
466.0 0.0015883128071436659
467.0 0.0016879846953088418
468.0 0.001787656219676137
469.0 0.001481701747252373
470.0 0.0011757474567275494
471.0 0.0011079035175498575
472.0 0.0010400595783721656
473.0 0.001169868392025819
474.0 0.0012996771147300024
475.0 0.0013121832125762012
476.0 0.0013246894013718702
477.0 0.0014251077118387911
478.0 0.001525525931356242
479.0 0.001666620846663136
480.0 0.0018077160348184407
481.0 0.001522446018498158
482.0 0.0012371761840768158
483.0 0.001012986740533961
484.0 0.0007887972060416359
485.0 0.001069756854121806
486.0 0.0013507165022019763
487.0 0.0014664014997833874
488.0 0.001582086770213209
489.0 0.0018372857084614225
490.0 0.0020924844648106955
491.0 0.0019241764675825834
492.0 0.0017558686522534117
493.0 0.001979496119020041
494.0 0.002203123949584551
495.0 0.0018100738088833168
496.0 0.0014170233043842018
497.0 0.0013534247955249157
498.0 0.0012898262866656296
499.0 0.0011543419532245025
500.0 0.0010188576197833754
501.0 0.0010007901437347755
502.0 0.0009827227586356457
503.0 0.0012223063095007092
504.0 0.0014618899513152428
505.0 0.0018265727703692392
506.0 0.0021912555894232355
507.0 0.001703404814179521
508.0 0.001215553766087396
509.0 0.0014629710676672403
510.0 0.0017103884601965547
511.0 0.0016494959709234536
512.0 0.0015886034816503525
513.0 0.0014204299986886326
514.0 0.0012522567885753233
515.0 0.001125856397266034
516.0 0.0009994561878556851
517.0 0.0012780112228938378
518.0 0.001556566530780401
519.0 0.0014183649909682572
520.0 0.001280163269257173
521.0 0.0013843206943420228
522.0 0.0014884779375279322
523.0 0.0013335004950931761
524.0 0.0011785228707594797
525.0 0.000945606007007882
526.0 0.000712689006832079
527.0 0.0009587991371518001
528.0 0.0012049093129462563
529.0 0.0013410541214398108
530.0 0.001477198748034425
531.0 0.0014520703189191408
532.0 0.0014269419807533268
533.0 0.0010566766832198482
534.0 0.0006864114766358398
535.0 0.0009186985153064597
536.0 0.0011509854630276095
537.0 0.00137254619403393
538.0 0.0015941070159897208
539.0 0.00146401225720183
540.0 0.0013339171346160583
541.0 0.0011714881111402065
542.0 0.0010090590876643546
543.0 0.0011060957149311434
544.0 0.001203132160298992
545.0 0.0011520812222443055
546.0 0.0011010302841896191
547.0 0.001496428649261361
548.0 0.0018918270143331029
549.0 0.0016991893062368035
550.0 0.0015065513252920937
551.0 0.0017348889741697349
552.0 0.001963227077794727
553.0 0.002087571920128539
554.0 0.002211916944361292
555.0 0.0016398762454628013
556.0 0.0010678352737159003
557.0 0.001238707591255661
558.0 0.0014095800906943623
559.0 0.0011972224456258118
560.0 0.0009848648005572613
561.0 0.0011893975170096382
562.0 0.001393930142512545
563.0 0.0013840902283845935
564.0 0.001374250314256642
565.0 0.0017947741071111523
566.0 0.002215298081864603
567.0 0.00235055158555042
568.0 0.002485805089236237
569.0 0.002498658432159573
570.0 0.0025115123207797296
571.0 0.002293833313160576
572.0 0.0020761543055414222
573.0 0.001755433731887024
574.0 0.0014347132491820958
575.0 0.001785153835953679
576.0 0.002135594331775792
577.0 0.0020989369659218937
578.0 0.002062279781966936
579.0 0.002056727862509433
580.0 0.00205117576115299
581.0 0.0019157547285431065
582.0 0.0017803335140342824
583.0 0.0021913288946961984
584.0 0.0026023242753581144
585.0 0.0025465560611337423
586.0 0.0024907874831114896
587.0 0.0019675047951750457
588.0 0.0014442219253396615
589.0 0.0014975629710534122
590.0 0.0015509041986661032
591.0 0.0015602601706632413
592.0 0.0015696161426603794
593.0 0.001238724962604465
594.0 0.0009078337825485505
595.0 0.0010956717233057134
596.0 0.001283509573113406
597.0 0.0010412447409180459
598.0 0.0007989798177732155
599.0 0.00100430643215077
600.0 0.0012096329555788543
601.0 0.0011581621038203593
602.0 0.0011066911611123942
603.0 0.0014587138139177114
604.0 0.0018107364667230286
605.0 0.0015148648344620597
606.0 0.001218993384100031
607.0 0.0011578435078263283
608.0 0.0010966937225020956
609.0 0.0011948265637329314
610.0 0.0012929594049637672
611.0 0.0010032600584963802
612.0 0.0007135608029784635
613.0 0.0008468434316455387
614.0 0.0009801260603126138
615.0 0.0011341440767864697
616.0 0.0012881620023108553
617.0 0.0014863308933854569
618.0 0.0016844998754095286
619.0 0.0016425476133008488
620.0 0.0016005953511921689
621.0 0.001853860703704413
622.0 0.0021071256924187765
623.0 0.0017105910956161097
624.0 0.0013140562259650324
625.0 0.001359828092972748
626.0 0.0014056002328288741
627.0 0.001560670898470562
628.0 0.0017157419279101305
629.0 0.0018968681615660898
630.0 0.002077994395222049
631.0 0.0023417680495185778
632.0 0.0026055417038151063
633.0 0.0028383850803948008
634.0 0.003071228275075555
635.0 0.0058632082073017955
636.0 0.008655188139528036
637.0 0.015419394185300916
638.0 0.022183598775882274
639.0 0.020196297555230558
640.0 0.018208997789770365
641.0 0.015440280549228191
642.0 0.01267156476387754
643.0 0.009527758084004745
644.0 0.006383951404131949
645.0 0.006532409315695986
646.0 0.006680867227260023
647.0 0.006448927888413891
648.0 0.006216988549567759
649.0 0.004836999869439751
650.0 0.0034570115531096235
651.0 0.003524104249663651
652.0 0.003591197310015559
653.0 0.0030364401027327403
654.0 0.0024816825316520408
655.0 0.0024237611796706915
656.0 0.0023658394638914615
657.0 0.0025108311092481017
658.0 0.0026558223908068612
659.0 0.0021441441276692785
660.0 0.0016324655007338151
661.0 0.0018837889001588337
662.0 0.002135112117684912
663.0 0.0019244058421463706
664.0 0.0017137001123046502
665.0 0.0018196506061940454
666.0 0.001925601281982381
667.0 0.0022113370505394414
668.0 0.0024970730009954423
669.0 0.0019667686501634307
670.0 0.001436464208381949
671.0 0.0012994116332265548
672.0 0.0011623588761722203
673.0 0.0012942293324158527
674.0 0.001426099788659485
675.0 0.001434823661838891
676.0 0.0014435471712204162
677.0 0.001554620757815428
678.0 0.0016656944353599101
679.0 0.0014819924217590597
680.0 0.0012982904991076794
681.0 0.0015030610484245699
682.0 0.0017078315067919903
683.0 0.0022175669073476456
684.0 0.0027273024898022413
685.0 0.0026205672838841565
686.0 0.002513832259865012
687.0 0.0018828593965736218
688.0 0.001251886260433821
689.0 0.0017994871086557396
690.0 0.002347087865928188
691.0 0.0023145958039094694
692.0 0.002282103923789691
693.0 0.002549512282712385
694.0 0.0028169210054329596
695.0 0.0030128519938443787
696.0 0.0032087828003568575
697.0 0.0036498200643109158
698.0 0.004090857328264974
699.0 0.005394981417339295
700.0 0.0066991051426157355
701.0 0.007054302841424942
702.0 0.007409499812638387
703.0 0.006404331361409277
704.0 0.005399162182584405
705.0 0.004701329453382641
706.0 0.004003497815574519
707.0 0.0036290493881097063
708.0 0.0032546005968470126
709.0 0.0038341557228704914
710.0 0.0044137104850960895
711.0 0.004080752478330396
712.0 0.003747794107766822
713.0 0.0028891125111840665
714.0 0.0020304307327023707
715.0 0.00220342608372448
716.0 0.002376421252847649
717.0 0.001976589555852115
718.0 0.0015767576769576408
719.0 0.0015397128663607873
720.0 0.0015026678738649935
721.0 0.0011932400411751587
722.0 0.0008838122084853239
723.0 0.0013157706234778743
724.0 0.0017477288565714844
725.0 0.0015332723705796525
726.0 0.0013188158845878206
727.0 0.0011597611774050165
728.0 0.0010007065611716826
729.0 0.0013318435776454862
730.0 0.0016629805031698197
731.0 0.0014073747479415033
732.0 0.001151769083662657
733.0 0.0015366422303486615
734.0 0.0019215154679841362
735.0 0.0017571857824805193
736.0 0.001592855915077962
737.0 0.0014329552868730389
738.0 0.0012730544767691754
739.0 0.0015920764781185426
740.0 0.0019110986613668501
741.0 0.001674055602052249
742.0 0.0014370128155860584
743.0 0.0018108388758264482
744.0 0.002184665027016308
745.0 0.0018828663087333553
746.0 0.0015810677723493427
747.0 0.0017898648366099223
748.0 0.001998661900870502
749.0 0.002634106385812629
750.0 0.003269550870754756
751.0 0.002900900835811626
752.0 0.0025322509827674367
753.0 0.00286780468741199
754.0 0.003203358210157603
755.0 0.0024310467779287137
756.0 0.0016587355275987647
757.0 0.002082373612211086
758.0 0.002506011696823407
759.0 0.002736207898124121
760.0 0.0029664040994248353
761.0 0.004553407779894769
762.0 0.006140412006061524
763.0 0.006080576713429764
764.0 0.006020739965606481
765.0 0.0054121657740324736
766.0 0.004803592310054228
767.0 0.004568007352645509
768.0 0.004332423122832552
769.0 0.004740787699120119
770.0 0.0051491526392055675
771.0 0.005036365837440826
772.0 0.004923579399473965
773.0 0.004466858445084654
774.0 0.004010137126897462
775.0 0.00586070709687192
776.0 1.5728710651627398e-10
777.0 1.5728710651627398e-10
778.0 0.00042996271076845005
779.0 1.5728710651627398e-10
780.0 0.033910092315636575
781.0 1.5728710651627398e-10
782.0 0.021749963343609124
783.0 0.13746957993134856
784.0 0.004934895332553424
785.0 1.5728710651627398e-10
786.0 0.12610602425411344
787.0 1.5728710651627398e-10
788.0 0.006620461499551311
789.0 0.17299683531746268
790.0 1.5728710651627398e-10
791.0 0.054783030645921826
792.0 0.22691639605909586
793.0 0.054972380166873336
794.0 0.06289520533755422
795.0 0.004884658119408414
796.0 0.0698462303262204
797.0 0.03534461429808289
798.0 0.052379374392330647
799.0 0.06545194191858172
800.0 0.06972771370783448
801.0 0.1722940127365291
802.0 0.39268541149795055
803.0 0.5486614070832729
804.0 0.8976014330983162
805.0 1.4684558846056461
806.0 2.281775325536728
807.0 3.4628111869096756
808.0 5.152027681469917
809.0 7.276587188243866
810.0 9.532502293586731
811.0 12.55570501089096
812.0 15.823446214199066
813.0 18.88090819120407
814.0 21.40026092529297
815.0 24.47352558374405
816.0 28.20998728275299
817.0 32.9371839761734
818.0 38.12149167060852
819.0 43.172404170036316
820.0 50.10718107223511
821.0 57.0661187171936
822.0 64.11022543907166
823.0 70.49233913421631
824.0 77.15150713920593
825.0 82.611483335495
826.0 87.37908601760864
827.0 91.63170456886292
828.0 95.27992010116577
829.0 97.01728820800781
830.0 97.89149165153503
831.0 99.07423853874207
832.0 98.75897169113159
833.0 99.82582330703735
834.0 98.65332841873169
835.0 99.3863046169281
836.0 99.51776266098022
837.0 99.65863227844238
838.0 98.34439754486084
839.0 98.7434446811676
840.0 99.06346201896667
841.0 100.12506246566772
842.0 99.8993992805481
843.0 99.91215467453003
844.0 98.52614998817444
845.0 98.9730179309845
846.0 99.22903180122375
847.0 99.1887629032135
848.0 99.9548077583313
849.0 98.97639751434326
850.0 98.40053915977478
851.0 99.13228750228882
852.0 99.58510994911194
853.0 98.97899031639099
854.0 99.71845149993896
855.0 99.04158115386963
856.0 99.0193247795105
857.0 98.57177734375
858.0 98.62591624259949
859.0 99.25270080566406
860.0 98.65316152572632
861.0 99.40415620803833
862.0 99.08010959625244
863.0 98.6598789691925
864.0 99.31296706199646
865.0 99.64262843132019
866.0 99.07736778259277
867.0 99.52166676521301
868.0 100.06332397460938
869.0 98.85026812553406
870.0 98.61512780189514
871.0 99.25588369369507
872.0 99.48263168334961
873.0 99.37551021575928
874.0 100.00314712524414
875.0 99.57528114318848
876.0 99.2917537689209
877.0 99.5856523513794
878.0 99.2807686328888
879.0 99.10849928855896
880.0 98.88549447059631
881.0 100.26363134384155
882.0 99.16129112243652
883.0 99.27964210510254
884.0 99.56896305084229
885.0 99.358069896698
886.0 99.074387550354
887.0 98.94177913665771
888.0 99.68854188919067
889.0 99.67213869094849
890.0 98.85870814323425
891.0 99.5574414730072
892.0 98.96973371505737
893.0 99.08714890480042
894.0 98.70423674583435
895.0 99.9690294265747
