lsstCam/transmission_filter_detector/r22_s20/z_20/19700101T000000.ecsv
# %ECSV 1.0
# ---
# datatype:
# - {name: wavelength, unit: nm, datatype: float32}
# - {name: efficiency, unit: '%', datatype: float64}
# meta: !!omap
# - {MODE: DETECTOR}
# - {TYPE: transmission_filter_detector}
# - {CALIBDATE: '1970-01-01T00:00:00'}
# - {INSTRUME: LSSTCam}
# - {OBSTYPE: transmission_filter_detector}
# - {CALIBCLS: lsst.ip.isr.IntermediateFilterDetectorTransmissionCurve}
# - {SOURCE: Materion (DM-46256)}
# - {DETECTOR: 96}
# - {FILTER: z_20}
# - {CALIB_ID: 'calibDate=1970-01-01T00:00:00 filter=z_20 detector=96'}
# - {DATE: '2025-04-02T15:59:49.084028'}
# - {CALIB_CREATION_DATE: '2025-04-02'}
# - {CALIB_CREATION_TIME: '15:59:49'}
# - __serialized_columns__:
#     efficiency:
#       __class__: astropy.units.quantity.Quantity
#       unit: !astropy.units.Unit {unit: '%'}
#       value: !astropy.table.SerializedColumn {name: efficiency}
#     wavelength:
#       __class__: astropy.units.quantity.Quantity
#       unit: !astropy.units.Unit {unit: nm}
#       value: !astropy.table.SerializedColumn {name: wavelength}
# schema: astropy-2.0
wavelength efficiency
[from data line 597]
897.0 99.4752824306488
898.0 99.07243847846985
899.0 98.9184558391571
900.0 99.1209864616394
901.0 99.74806904792786
902.0 99.44874048233032
903.0 99.1484522819519
904.0 98.040372133255
905.0 98.77575635910034
906.0 98.3862578868866
907.0 99.11049604415894
908.0 98.43267798423767
909.0 98.49350452423096
910.0 98.37653040885925
911.0 97.56184220314026
912.0 96.39755487442017
913.0 95.25116086006165
914.0 93.26738715171814
915.0 91.09801054000854
916.0 89.06663060188293
917.0 87.37038969993591
918.0 83.83642435073853
919.0 82.77533650398254
920.0 79.5665979385376
921.0 76.41459107398987
922.0 72.2418487071991
923.0 66.72921180725098
924.0 61.27682328224182
925.0 55.90866208076477
926.0 50.01183748245239
927.0 43.12085807323456
928.0 37.16425001621246
929.0 30.952855944633484
930.0 25.149336457252502
931.0 20.01606822013855
932.0 14.404882490634918
933.0 9.813828766345978
934.0 6.566905975341797
935.0 4.172725230455399
936.0 2.3365790024399757
937.0 1.4803200028836727
938.0 0.8879217319190502
939.0 0.4883144982159138
940.0 0.30858719255775213
941.0 0.12382176937535405
942.0 0.03107154043391347
943.0 1.5728710651627398e-10
944.0 0.11059156386181712
945.0 1.5728710651627398e-10
946.0 0.028531407588161528
947.0 0.03204655076842755
948.0 0.08427885477431118
949.0 1.5728710651627398e-10
950.0 0.006953637057449669
951.0 1.5728710651627398e-10
952.0 1.5728710651627398e-10
953.0 1.5728710651627398e-10
954.0 0.08021076209843159
955.0 0.03430864016991109
956.0 0.024084729375317693
957.0 0.02148708008462563
958.0 1.5728710651627398e-10
959.0 0.045905381557531655
960.0 1.5728710651627398e-10
961.0 0.004288145282771438
962.0 1.5728710651627398e-10
963.0 1.5728710651627398e-10
964.0 1.5728710651627398e-10
965.0 0.01890128623927012
966.0 1.5728710651627398e-10
967.0 1.5728710651627398e-10
968.0 0.03266081621404737
969.0 0.00171683950611623
970.0 1.5728710651627398e-10
971.0 0.03435069811530411
972.0 0.053395493887364864
973.0 0.01810005633160472
974.0 1.5728710651627398e-10
975.0 0.025943113723769784
976.0 0.006741023389622569
977.0 0.006734415364917368
978.0 0.006727808067807928
979.0 0.006445137842092663
980.0 0.006162467616377398
981.0 0.006041501910658553
982.0 0.005920536204939708
983.0 0.005870547465747222
984.0 0.005820558362756856
985.0 0.0055910084483912215
986.0 0.005361457806429826
987.0 0.0053701631259173155
988.0 0.0053788680816069245
989.0 0.00521094880241435
990.0 0.005043029523221776
991.0 0.0050474081945139915
992.0 0.005051786502008326
993.0 0.0049230573495151475
994.0 0.004794327833224088
995.0 0.00483104886370711
996.0 0.004867769530392252
997.0 0.004720030483440496
998.0 0.0045722910726908594
999.0 0.004509345308179036
1000.0 0.00444639845227357
1001.0 0.004455656744539738
1002.0 0.004464914673008025
1003.0 0.004514012471190654
1004.0 0.0045631106331711635
1005.0 0.004615130819729529
1006.0 0.0046671506424900144
1007.0 0.0045754382881568745
1008.0 0.004483725206227973
1009.0 0.00447502861788962
1010.0 0.004466332029551268
1011.0 0.004560673551168293
1012.0 0.004655015072785318
1013.0 0.00459766379208304
1014.0 0.004540312147582881
1015.0 0.004628368697012775
1016.0 0.004716425246442668
1017.0 0.0047192617785185575
1018.0 0.004722097946796566
1019.0 0.004646238085115328
1020.0 0.004570378223434091
1021.0 0.0046581841161241755
1022.0 0.004745990372612141
1023.0 0.004759690273203887
1024.0 0.004773390537593514
1025.0 0.004778705624630675
1026.0 0.004784020711667836
1027.0 0.004925850225845352
1028.0 0.005067679376224987
1029.0 0.00497627115692012
1030.0 0.004884862937615253
1031.0 0.004969263318344019
1032.0 0.005053664062870666
1033.0 0.005214324482949451
1034.0 0.0053749852668261155
1035.0 0.005369491555029526
1036.0 0.005363998207030818
1037.0 0.005508949470822699
1038.0 0.005653900734614581
1039.0 0.005726853123633191
1040.0 0.00579980514885392
1041.0 0.0058607438404578716
1042.0 0.005921682168263942
1043.0 0.005933517240919173
1044.0 0.005945351222180761
1045.0 0.006191034481162205
1046.0 0.006436717376345769
1047.0 0.006517229485325515
1048.0 0.006597740139113739
1049.0 0.006605618546018377
1050.0 0.006613496225327253
1051.0 0.006928000948391855
1052.0 0.007242504943860695
1053.0 0.007456767343683168
1054.0 0.007671030471101403
1055.0 0.007710232603130862
1056.0 0.007749436190351844
1057.0 0.007929364801384509
1058.0 0.008109295595204458
1059.0 0.008260789036285132
1060.0 0.008412282477365807
1061.0 0.008929088653530926
1062.0 0.009445895557291806
1063.0 0.009742131078382954
1064.0 0.010038368054665625
1065.0 0.010037022730102763
1066.0 0.010035678133135661
1067.0 0.009927643986884505
1068.0 0.009819609113037586
1069.0 0.010546999692451209
1070.0 0.011274388816673309
1071.0 0.011199002619832754
1072.0 0.011123615695396438
1073.0 0.011597945558605716
1074.0 0.012072275421814993
1075.0 0.012021106522297487
1076.0 0.011969939805567265
1077.0 0.012984206841792911
1078.0 0.013998472422827035
1079.0 0.014003274554852396
1080.0 0.014008075231686234
1081.0 0.014699125313200057
1082.0 0.015390172484330833
1083.0 0.015594283468089998
1084.0 0.015798395907040685
1085.0 0.015813390200491995
1086.0 0.01582838303875178
1087.0 0.016193407645914704
1088.0 0.016558432253077626
1089.0 0.016907890676520765
1090.0 0.017257350555155426
1091.0 0.01685610186541453
1092.0 0.01645485172048211
1093.0 0.017764390213415027
1094.0 0.01907392725115642
1095.0 0.020626443438231945
1096.0 0.022178958170115948
1097.0 0.022341164003591985
1098.0 0.0225033683818765
1099.0 0.023018546926323324
1100.0 0.023533724015578628
1101.0 0.023984929430298507
1102.0 0.024436134845018387
1103.0 0.0253643054747954
1104.0 0.02629247901495546
1105.0 0.026629591593518853
1106.0 0.026966704172082245
1107.0 0.02811213198583573
1108.0 0.029257559799589217
1109.0 0.029666718910448253
1110.0 0.03007587802130729
1111.0 0.030535721452906728
1112.0 0.03099556779488921
1113.0 0.03254301263950765
1114.0 0.034090454573743045
1115.0 0.034481563488952816
1116.0 0.03487266949377954
1117.0 0.03624902747105807
1118.0 0.037625382537953556
1119.0 0.03902333846781403
1120.0 0.0404212943976745
1121.0 0.04190510371699929
1122.0 0.043388913036324084
1123.0 0.043995914165861905
1124.0 0.044602915295399725
1125.0 0.046052923426032066
1126.0 0.04750292864628136
1127.0 0.051111611537635326
1128.0 0.0547202886082232
1129.0 0.057370198192074895
1130.0 0.06002011359669268
1131.0 0.06257633212953806
1132.0 0.06513255648314953
1133.0 0.0661717145703733
1134.0 0.06721088429912925
1135.0 0.07026339881122112
1136.0 0.07331591914407909
1137.0 0.07940364303067327
1138.0 0.08549138437956572
1139.0 0.08844900876283646
1140.0 0.0914066331461072
1141.0 0.1040518400259316
1142.0 0.11669701198115945
1143.0 0.1442141830921173
1144.0 0.17173135420307517
1145.0 0.33159502781927586
1146.0 0.49145868979394436
1147.0 1.0087795555591583
1148.0 1.5261003747582436
1149.0 1.6619406640529633
1150.0 1.7977818846702576
