lsstcam/qe_curves/r33_s12/19700101T000000.ecsv
# %ECSV 0.9
# ---
# datatype:
# - {name: amp_name, datatype: string}
# - {name: wavelength, unit: nm, datatype: float32}
# - {name: efficiency, unit: '%', datatype: float32}
# meta: !!omap
# - {MODE: AMP}
# - {TYPE: QE}
# - {CALIBDATE: '1970-01-01T00:00:00'}
# - {INSTRUME: LSSTCAM}
# - {OBSTYPE: qe_curves}
# - {DETECTOR: 149}
# - {PICKLEFILE: RaftRun12139.p}
# - {CALIB_ID: 'raftName=R33 detectorName=S12 detector=149 calibDate=1970-01-01T00:00:00 ccd=149 ccdnum=149 filter=None'}
# - {DATE: '2020-01-23T15:34:31.941424'}
# - {CALIB_CREATION_DATE: '2020-01-23'}
# - {CALIB_CREATION_TIME: '15:34:31'}
# - __serialized_columns__:
#     efficiency:
#       __class__: astropy.units.quantity.Quantity
#       unit: !astropy.units.Unit {unit: '%'}
#       value: !astropy.table.SerializedColumn {name: efficiency}
#     wavelength:
#       __class__: astropy.units.quantity.Quantity
#       unit: !astropy.units.Unit {unit: nm}
#       value: !astropy.table.SerializedColumn {name: wavelength}
# schema: astropy-2.0
amp_name wavelength efficiency
C03 319.994 42.557144
C03 324.969 48.031254
C03 349.982 73.99052
C03 374.975 81.84396
C03 400.019 86.972244
C03 424.965 87.6166
C03 450.035 89.33428
C03 475.003 91.08532
C03 500.018 92.57114
C03 525.002 94.05102
C03 550.029 95.521736
C03 575.023 97.07561
C03 599.982 98.203125
C03 619.997 98.17458
C03 624.979 98.65386
C03 650.012 99.09254
C03 675.004 99.13999
C03 700.03 98.69957
C03 725.012 98.69718
C03 750.022 98.45764
C03 774.987 98.76805
C03 799.976 98.288216
C03 824.988 96.36204
C03 850.022 94.23016
C03 869.967 90.928635
C03 875.002 90.07129
C03 899.999 82.86783
C03 919.999 74.7779
C03 925.012 72.01374
C03 949.965 59.285145
C03 975.002 44.015656
C03 999.976 26.876503
C03 1025.028 11.844605
C03 1050.014 4.251551
C03 1075.002 2.3093574
C03 1099.99 1.8166324
C14 319.994 43.162605
C14 324.969 48.715816
C14 349.982 74.89972
C14 374.975 82.52071
C14 400.019 87.370964
C14 424.965 87.90943
C14 450.035 89.58097
C14 475.003 91.30985
C14 500.018 92.78231
C14 525.002 94.248924
C14 550.029 95.70587
C14 575.023 97.24807
C14 599.982 98.363976
C14 619.997 98.32556
C14 624.979 98.80199
C14 650.012 99.22877
C14 675.004 99.26647
C14 700.03 98.82179
C14 725.012 98.82066
C14 750.022 98.583206
C14 774.987 98.898346
C14 799.976 98.417755
C14 824.988 96.51472
C14 850.022 94.40722
C14 869.967 91.062874
C14 875.002 90.242744
C14 899.999 83.198746
C14 919.999 75.02817
C14 925.012 72.272026
C14 949.965 59.273697
C14 975.002 44.374702
C14 999.976 27.285372
C14 1025.028 11.955597
C14 1050.014 4.269454
C14 1075.002 2.3081744
C14 1099.99 1.8278488
C07 319.994 42.23422
C07 324.969 47.66613
C07 349.982 73.503525
C07 374.975 81.489586
C07 400.019 86.71102
C07 424.965 87.391335
C07 450.035 89.11975
C07 475.003 90.8672
C07 500.018 92.36111
C07 525.002 93.83865
C07 550.029 95.31344
C07 575.023 96.86757
C07 599.982 97.99919
C07 619.997 97.97895
C07 624.979 98.45788
C07 650.012 98.9014
C07 675.004 98.957886
C07 700.03 98.537506
C07 725.012 98.56545
C07 750.022 98.35862
C07 774.987 98.69464
C07 799.976 98.201164
C07 824.988 96.24542
C07 850.022 94.104546
C07 869.967 90.69914
C07 875.002 89.8606
C07 899.999 82.612144
C07 919.999 74.42606
C07 925.012 71.68053
C07 949.965 58.86956
C07 975.002 43.616276
C07 999.976 26.603134
C07 1025.028 11.689716
C07 1050.014 4.240186
C07 1075.002 2.3575757
C07 1099.99 1.8375405
C10 319.994 42.790142
C10 324.969 48.29751
C10 349.982 74.370834
C10 374.975 82.10052
C10 400.019 87.03337
C10 424.965 87.60276
C10 450.035 89.28526
C10 475.003 91.01097
C10 500.018 92.485214
C10 525.002 93.95633
C10 550.029 95.41822
C10 575.023 96.96434
C10 599.982 98.08879
C10 619.997 98.05826
C10 624.979 98.536606
C10 650.012 98.97211
C10 675.004 99.02148
C10 700.03 98.59983
C10 725.012 98.63253
C10 750.022 98.43095
C10 774.987 98.77305
C10 799.976 98.29904
C10 824.988 96.39116
C10 850.022 94.30881
C10 869.967 91.01258
C10 875.002 90.164536
C10 899.999 82.82672
C10 919.999 74.7472
C10 925.012 72.10325
C10 949.965 59.634933
C10 975.002 44.155792
C10 999.976 26.945652
C10 1025.028 11.811323
C10 1050.014 4.3044295
C10 1075.002 2.3911564
C10 1099.99 1.8533404
C16 319.994 43.445526
C16 324.969 49.0325
C16 349.982 75.351524
C16 374.975 82.93602
C16 400.019 87.674736
C16 424.965 88.15908
C16 450.035 89.80295
C16 475.003 91.518715
C16 500.018 92.983955
C16 525.002 94.4417
C16 550.029 95.89864
C16 575.023 97.43485
C16 599.982 98.54653
C16 619.997 98.50348
C16 624.979 98.98055
C16 650.012 99.405525
C16 675.004 99.434006
C16 700.03 98.95805
C16 725.012 98.869385
C16 750.022 98.52042
C16 774.987 98.73303
C16 799.976 98.21424
C16 824.988 96.34264
C16 850.022 94.19893
C16 869.967 90.98103
C16 875.002 90.16764
C16 899.999 83.38365
C16 919.999 74.914635
C16 925.012 72.04866
C16 949.965 59.514584
C16 975.002 44.431206
C16 999.976 27.299438
C16 1025.028 11.983281
C16 1050.014 4.2491546
C16 1075.002 2.3052092
C16 1099.99 1.8327452
C12 319.994 43.019794
C12 324.969 48.55432
C12 349.982 74.69246
C12 374.975 82.344955
C12 400.019 87.22138
C12 424.965 87.772575
C12 450.035 89.45164
C12 475.003 91.1744
C12 500.018 92.64817
C12 525.002 94.11297
C12 550.029 95.57613
C12 575.023 97.11743
C12 599.982 98.234924
C12 619.997 98.19846
C12 624.979 98.6766
C12 650.012 99.10622
C12 675.004 99.15454
C12 700.03 98.73652
C12 725.012 98.80362
C12 750.022 98.65336
C12 774.987 99.05075
C12 799.976 98.6042
C12 824.988 96.679886
C12 850.022 94.588104
C12 869.967 91.28849
C12 875.002 90.42738
C12 899.999 83.038345
C12 919.999 74.95628
C12 925.012 72.236565
C12 949.965 59.54353
C12 975.002 44.32766
C12 999.976 27.017319
C12 1025.028 11.799422
C12 1050.014 4.259346
C12 1075.002 2.3543391
C12 1099.99 1.836656
C17 319.994 43.38573
C17 324.969 48.968765
C17 349.982 75.28988
C17 374.975 82.90695
C17 400.019 87.6263
C17 424.965 88.093925
C17 450.035 89.731415
C17 475.003 91.44263
C17 500.018 92.90419
C17 525.002 94.364426
C17 550.029 95.8193
C17 575.023 97.35708
C17 599.982 98.4687
C17 619.997 98.4295
C17 624.979 98.904884
C17 650.012 99.325386
C17 675.004 99.35277
C17 700.03 98.86322
C17 725.012 98.74278
C17 750.022 98.34711
C17 774.987 98.508545
C17 799.976 97.97984
C17 824.988 96.11866
C17 850.022 93.97322
C17 869.967 90.800224
C17 875.002 90.00577
C17 899.999 83.28554
C17 919.999 74.858604
C17 925.012 72.05499
C17 949.965 59.443848
C17 975.002 44.18998
C17 999.976 27.296408
C17 1025.028 11.962177
C17 1050.014 4.2529993
C17 1075.002 2.3052204
C17 1099.99 1.8283675
C05 319.994 42.432076
C05 324.969 47.889515
C05 349.982 73.85149
C05 374.975 81.82656
C05 400.019 87.0006
C05 424.965 87.6573
C05 450.035 89.37541
C05 475.003 91.12302
C05 500.018 92.61325
C05 525.002 94.09505
C05 550.029 95.567795
C05 575.023 97.12794
C05 599.982 98.263466
C05 619.997 98.24016
C05 624.979 98.719086
C05 650.012 99.16474
C05 675.004 99.222176
C05 700.03 98.81293
C05 725.012 98.87929
C05 750.022 98.73098
C05 774.987 99.125725
C05 799.976 98.67041
C05 824.988 96.73772
C05 850.022 94.60313
C05 869.967 91.25161
C05 875.002 90.431465
C05 899.999 83.18229
C05 919.999 74.86375
C05 925.012 72.087395
C05 949.965 59.205544
C05 975.002 44.176308
C05 999.976 26.848036
C05 1025.028 11.746415
C05 1050.014 4.232354
C05 1075.002 2.3511286
C05 1099.99 1.836201
C04 319.994 42.57741
C04 324.969 48.05423
C04 349.982 74.043625
C04 374.975 81.941216
C04 400.019 87.08082
C04 424.965 87.7296
C04 450.035 89.44828
C04 475.003 91.196434
C04 500.018 92.688416
C04 525.002 94.16583
C04 550.029 95.64366
C04 575.023 97.19528
C04 599.982 98.32941
C04 619.997 98.30162
C04 624.979 98.77896
C04 650.012 99.220764
C04 675.004 99.2719
C04 700.03 98.84657
C04 725.012 98.88386
C04 750.022 98.6955
C04 774.987 99.056984
C04 799.976 98.58927
C04 824.988 96.66331
C04 850.022 94.516624
C04 869.967 91.21937
C04 875.002 90.39112
C04 899.999 83.03545
C04 919.999 74.898285
C04 925.012 72.16638
C04 949.965 59.41341
C04 975.002 44.136974
C04 999.976 26.867624
C04 1025.028 11.781342
C04 1050.014 4.2460246
C04 1075.002 2.3448644
C04 1099.99 1.8287438
C06 319.994 42.235596
C06 324.969 47.669884
C06 349.982 73.54066
C06 374.975 81.548584
C06 400.019 86.77431
C06 424.965 87.45198
C06 450.035 89.17686
C06 475.003 90.92676
C06 500.018 92.41394
C06 525.002 93.89609
C06 550.029 95.372475
C06 575.023 96.93426
C06 599.982 98.06946
C06 619.997 98.04401
C06 624.979 98.53205
C06 650.012 98.97672
C06 675.004 99.03811
C06 700.03 98.62949
C06 725.012 98.70156
C06 750.022 98.55524
C06 774.987 98.95016
C06 799.976 98.48689
C06 824.988 96.539116
C06 850.022 94.41166
C06 869.967 90.98479
C06 875.002 90.1505
C06 899.999 82.94888
C06 919.999 74.681335
C06 925.012 71.90474
C06 949.965 59.01257
C06 975.002 43.89141
C06 999.976 26.780031
C06 1025.028 11.706621
C06 1050.014 4.2201943
C06 1075.002 2.3501706
C06 1099.99 1.8358712
C11 319.994 42.961227
C11 324.969 48.48945
C11 349.982 74.61569
C11 374.975 82.32204
C11 400.019 87.277504
C11 424.965 87.8569
C11 450.035 89.54569
C11 475.003 91.278244
C11 500.018 92.75424
C11 525.002 94.227
C11 550.029 95.68948
C11 575.023 97.2366
C11 599.982 98.35737
C11 619.997 98.32604
C11 624.979 98.80668
C11 650.012 99.23629
C11 675.004 99.28671
C11 700.03 98.86982
C11 725.012 98.945305
C11 750.022 98.79308
C11 774.987 99.190544
C11 799.976 98.74249
C11 824.988 96.81377
C11 850.022 94.73199
C11 869.967 91.42234
C11 875.002 90.56317
C11 899.999 83.16885
C11 919.999 75.00224
C11 925.012 72.302734
C11 949.965 59.69594
C11 975.002 44.36761
C11 999.976 26.994568
C11 1025.028 11.772635
C11 1050.014 4.26334
C11 1075.002 2.3742254
C11 1099.99 1.8476095
C01 319.994 43.01025
C01 324.969 48.543297
C01 349.982 74.65047
C01 374.975 82.35611
C01 400.019 87.38718
C01 424.965 87.99578
C01 450.035 89.70703
C01 475.003 91.45795
C01 500.018 92.94277
C01 525.002 94.42088
C01 550.029 95.88639
C01 575.023 97.43908
C01 599.982 98.558624
C01 619.997 98.52137
C01 624.979 99.00209
C01 650.012 99.42975
C01 675.004 99.463234
C01 700.03 98.98465
C01 725.012 98.89358
C01 750.022 98.53866
C01 774.987 98.74021
C01 799.976 98.21553
C01 824.988 96.313324
C01 850.022 94.1465
C01 869.967 90.83922
C01 875.002 90.034294
C01 899.999 83.18189
C01 919.999 74.77685
C01 925.012 71.95721
C01 949.965 59.211647
C01 975.002 44.164986
C01 999.976 27.109543
C01 1025.028 11.9825
C01 1050.014 4.2261734
C01 1075.002 2.2839677
C01 1099.99 1.8205065
C15 319.994 43.273907
C15 324.969 48.840454
C15 349.982 75.05593
C15 374.975 82.63481
C15 400.019 87.44212
C15 424.965 87.961395
C15 450.035 89.62977
C15 475.003 91.352974
C15 500.018 92.81905
C15 525.002 94.28251
C15 550.029 95.73877
C15 575.023 97.278175
C15 599.982 98.39029
C15 619.997 98.34766
C15 624.979 98.82488
C15 650.012 99.24703
C15 675.004 99.27904
C15 700.03 98.81694
C15 725.012 98.77244
C15 750.022 98.478386
C15 774.987 98.73664
C15 799.976 98.24095
C15 824.988 96.3507
C15 850.022 94.20601
C15 869.967 90.94866
C15 875.002 90.18036
C15 899.999 83.1741
C15 919.999 74.82848
C15 925.012 72.13887
C15 949.965 59.193825
C15 975.002 44.392216
C15 999.976 27.418968
C15 1025.028 12.050391
C15 1050.014 4.258389
C15 1075.002 2.3070643
C15 1099.99 1.8343319
C13 319.994 43.07909
C13 324.969 48.62247
C13 349.982 74.778915
C13 374.975 82.4033
C13 400.019 87.24575
C13 424.965 87.78228
C13 450.035 89.45425
C13 475.003 91.176155
C13 500.018 92.645645
C13 525.002 94.11184
C13 550.029 95.57019
C13 575.023 97.11162
C13 599.982 98.22556
C13 619.997 98.18782
C13 624.979 98.667404
C13 650.012 99.09342
C13 675.004 99.13778
C13 700.03 98.70591
C13 725.012 98.74706
C13 750.022 98.55982
C13 774.987 98.928024
C13 799.976 98.46433
C13 824.988 96.5506
C13 850.022 94.46394
C13 869.967 91.13094
C13 875.002 90.24374
C13 899.999 83.05752
C13 919.999 75.009224
C13 925.012 72.206795
C13 949.965 59.43169
C13 975.002 44.28606
C13 999.976 27.067205
C13 1025.028 11.838842
C13 1050.014 4.2735853
C13 1075.002 2.330336
C13 1099.99 1.8299663
C00 319.994 43.010014
C00 324.969 48.545124
C00 349.982 74.64147
C00 374.975 82.321815
C00 400.019 87.35136
C00 424.965 87.95825
C00 450.035 89.67461
C00 475.003 91.43039
C00 500.018 92.92087
C00 525.002 94.402016
C00 550.029 95.86793
C00 575.023 97.42135
C00 599.982 98.54015
C00 619.997 98.502365
C00 624.979 98.98166
C00 650.012 99.40718
C00 675.004 99.43422
C00 700.03 98.94336
C00 725.012 98.816895
C00 750.022 98.413376
C00 774.987 98.56602
C00 799.976 98.024536
C00 824.988 96.13625
C00 850.022 93.968254
C00 869.967 90.75272
C00 875.002 89.97418
C00 899.999 83.1007
C00 919.999 74.60744
C00 925.012 71.91099
C00 949.965 59.317333
C00 975.002 44.20897
C00 999.976 27.123013
C00 1025.028 11.970719
C00 1050.014 4.222251
C00 1075.002 2.2883697
C00 1099.99 1.8223342
C02 319.994 42.81311
C02 324.969 48.319405
C02 349.982 74.35665
C02 374.975 82.126236
C02 400.019 87.21242
C02 424.965 87.84699
C02 450.035 89.56296
C02 475.003 91.31592
C02 500.018 92.80487
C02 525.002 94.28218
C02 550.029 95.75221
C02 575.023 97.30466
C02 599.982 98.4273
C02 619.997 98.39193
C02 624.979 98.87414
C02 650.012 99.30801
C02 675.004 99.34639
C02 700.03 98.88455
C02 725.012 98.83667
C02 750.022 98.53871
C02 774.987 98.79249
C02 799.976 98.285965
C02 824.988 96.37303
C02 850.022 94.23181
C02 869.967 90.86776
C02 875.002 90.03539
C02 899.999 83.06967
C02 919.999 74.814674
C02 925.012 72.01887
C02 949.965 59.17296
C02 975.002 44.04534
C02 999.976 27.020273
C02 1025.028 11.9164095
C02 1050.014 4.245966
C02 1075.002 2.285979
C02 1099.99 1.815818
