lsstCam/transmission_filter_detector/r14_s12/u_24/19700101T000000.ecsv
# %ECSV 1.0
# ---
# datatype:
# - {name: wavelength, unit: nm, datatype: float32}
# - {name: efficiency, unit: '%', datatype: float64}
# meta: !!omap
# - {MODE: DETECTOR}
# - {TYPE: transmission_filter_detector}
# - {CALIBDATE: '1970-01-01T00:00:00'}
# - {INSTRUME: LSSTCam}
# - {OBSTYPE: transmission_filter_detector}
# - {CALIBCLS: lsst.ip.isr.IntermediateFilterDetectorTransmissionCurve}
# - {SOURCE: Materion (DM-46256)}
# - {DETECTOR: 68}
# - {FILTER: u_24}
# - {CALIB_ID: 'calibDate=1970-01-01T00:00:00 filter=u_24 detector=68'}
# - {DATE: '2025-04-02T15:59:40.064158'}
# - {CALIB_CREATION_DATE: '2025-04-02'}
# - {CALIB_CREATION_TIME: '15:59:40'}
# - __serialized_columns__:
#     efficiency:
#       __class__: astropy.units.quantity.Quantity
#       unit: !astropy.units.Unit {unit: '%'}
#       value: !astropy.table.SerializedColumn {name: efficiency}
#     wavelength:
#       __class__: astropy.units.quantity.Quantity
#       unit: !astropy.units.Unit {unit: nm}
#       value: !astropy.table.SerializedColumn {name: wavelength}
# schema: astropy-2.0
wavelength efficiency
[from data line 587]
882.0 0.003103193375864066
883.0 0.0028960233976249583
884.0 0.0026888539650826715
885.0 0.002688046333787497
886.0 0.0026872390662902035
887.0 0.002444302117510233
888.0 0.0022013655325281434
889.0 0.00220253350562416
890.0 0.002203701478720177
891.0 0.00249883141805185
892.0 0.0027939615392824635
893.0 0.0026047886422020383
894.0 0.0024156153813237324
895.0 0.0027921161745325662
896.0 0.0031686166039435193
897.0 0.0037087804230395705
898.0 0.004248944242135622
899.0 0.004225484008202329
900.0 0.004202023410471156
901.0 0.004243802686687559
902.0 0.0042855819629039615
903.0 0.004708207052317448
904.0 0.005130832141730934
905.0 0.005127980693941936
906.0 0.005125129246152937
907.0 0.00557820858375635
908.0 0.006031288285157643
909.0 0.005995636820443906
910.0 0.00595998608332593
911.0 0.005999626591801643
912.0 0.0060392674640752375
913.0 0.00586760688747745
914.0 0.005695945583283901
915.0 0.005142893496667966
916.0 0.004589841046254151
917.0 0.004057016849401407
918.0 0.0035241926525486633
919.0 0.003972214835812338
920.0 0.004420237382873893
921.0 0.004528134377324022
922.0 0.004636031371774152
923.0 0.0056145538110286
924.0 0.006593074795091525
925.0 0.006752828630851582
926.0 0.006912582466611639
927.0 0.007338873547269031
928.0 0.0077651617175433785
929.0 0.007798874867148697
930.0 0.007832587289158255
931.0 0.00725114659871906
932.0 0.006669704453088343
933.0 0.006688858411507681
934.0 0.00670801309752278
935.0 0.006788666360080242
936.0 0.006869321077829227
937.0 0.007094648026395589
938.0 0.0073199786129407585
939.0 0.007285468018380925
940.0 0.007250957423821092
941.0 0.0063845262047834694
942.0 0.005518094258150086
943.0 0.004569578595692292
944.0 0.0036210636608302593
945.0 0.0027964932087343186
946.0 0.001971923302335199
947.0 0.0017229916920769028
948.0 0.0014740604456164874
949.0 0.0014116128113528248
950.0 0.0013491649951902218
951.0 0.0014943329915695358
952.0 0.0016395009879488498
953.0 0.0015589641407132149
954.0 0.0014784274753765203
955.0 0.002118628253811039
956.0 0.0027588290322455578
957.0 0.0027788259103544988
958.0 0.0027988220608676784
959.0 0.0031456707802135497
960.0 0.0034925189538626
961.0 0.0038179001421667635
962.0 0.004143280602875166
963.0 0.0043198866478633136
964.0 0.004496493056649342
965.0 0.004537867062026635
966.0 0.004579241431201808
967.0 0.0046726832806598395
968.0 0.004766125493915752
969.0 0.004609255483956076
970.0 0.0044523858377942815
971.0 0.004715147224487737
972.0 0.004977907883585431
973.0 0.004890355921816081
974.0 0.0048028032324509695
975.0 0.004452253051567823
976.0 0.004101702506886795
977.0 0.003819572157226503
978.0 0.0035374418075662106
979.0 0.0033888183679664508
980.0 0.003240194928366691
981.0 0.003153049328830093
982.0 0.0030659037292934954
983.0 0.003144179208902642
984.0 0.003222454688511789
985.0 0.003487883077468723
986.0 0.0037533114664256573
987.0 0.004139130032854155
988.0 0.004524948599282652
989.0 0.0055467076890636235
990.0 0.0065684660512488335
991.0 0.006829197081970051
992.0 0.0070899266574997455
993.0 0.00766109224059619
994.0 0.008232256368501112
995.0 0.007570788147859275
996.0 0.006909317016834393
997.0 0.0066623098973650485
998.0 0.006415304960682988
999.0 0.006247573037398979
1000.0 0.006079841477912851
1001.0 0.005534147567232139
1002.0 0.004988453292753547
1003.0 0.004683749284595251
1004.0 0.004379044912639074
1005.0 0.004623563290806487
1006.0 0.004868080577580258
1007.0 0.0049178510380443186
1008.0 0.004967619315721095
1009.0 0.004411492409417406
1010.0 0.0038553662307094783
1011.0 0.0038593789213337004
1012.0 0.0038633919757558033
1013.0 0.0032964810088742524
1014.0 0.0027295704057905823
1015.0 0.0023826896722312085
1016.0 0.002035809120570775
1017.0 0.0017153566659544595
1018.0 0.0013949041203886736
1019.0 0.001229489589604782
1020.0 0.00106407496787142
1021.0 0.001015989255392924
1022.0 0.0009679037248133682
1023.0 0.0010079858839162625
1024.0 0.001048068133968627
1025.0 0.0012950617929163855
1026.0 0.001542055542813614
1027.0 0.0013859451428288594
1028.0 0.0012298344699956942
1029.0 0.0012897991837235168
1030.0 0.0013497641702997498
1031.0 0.002079083424177952
1032.0 0.002808403041854035
1033.0 0.002542244692449458
1034.0 0.002276086524943821
1035.0 0.0025885014110826887
1036.0 0.002900916115322616
1037.0 0.0028761707653757185
1038.0 0.0028514255973277614
1039.0 0.002535090607125312
1040.0 0.002218755798821803
1041.0 0.0016593203326920047
1042.0 0.0010998849575116765
1043.0 0.0013215299077273812
1044.0 0.0015431747669936158
1045.0 0.0013635961295221932
1046.0 0.0011840174011013005
1047.0 0.0016129593859659508
1048.0 0.0020419016436790116
1049.0 0.0016280324416584335
1050.0 0.0012141626939410344
1051.0 0.0012868032172264066
1052.0 0.0013594434676633682
1053.0 0.0010728625056799501
1054.0 0.0007862812708481215
1055.0 0.00033953297133848537
1056.0 1.951905000477372e-10
1057.0 0.0006417300937755499
1058.0 0.00139067524287384
1059.0 0.0009207505172525998
1060.0 0.0004508259280555649
1061.0 0.0015551859178231098
1062.0 0.0026595458621159196
1063.0 0.0023895088816061616
1064.0 0.002119471537298523
1065.0 0.0011611505215114448
1066.0 0.00020282959667383693
1067.0 0.0007142425602069125
1068.0 0.0012256547051947564
1069.0 0.002110475725203287
1070.0 0.0029952963814139366
1071.0 0.0017685835700831376
1072.0 0.0005418708951765439
1073.0 0.0008306707059091423
1074.0 0.0011194705621164758
1075.0 0.0028814551114919595
1076.0 0.004643439388019033
1077.0 0.005187718124943785
1078.0 0.005731996861868538
1079.0 0.006135937292128801
1080.0 0.0065398751758039
1081.0 0.0048523652367293835
1082.0 0.003164855297654867
1083.0 0.002753287299128715
1084.0 0.0023417193006025627
1085.0 0.0028518108592834324
1086.0 0.0033619020541664213
1087.0 0.0036778834328288212
1088.0 0.0039938644476933405
1089.0 0.005516209421330132
1090.0 0.007038554758764803
1091.0 0.004902996079181321
1092.0 0.0027674377633957192
1093.0 0.0018673195882001892
1094.0 0.0009672015039541293
1095.0 0.0009503458386461716
1096.0 0.0009334902642876841
1097.0 0.0016016387235140428
1098.0 0.0022697877284372225
1099.0 0.002359351856284775
1100.0 0.002448916347930208
