lsstCam/transmission_filter_detector/r14_s12/u_24/19700101T000000.ecsv
# %ECSV 1.0
# ---
# datatype:
# - {name: wavelength, unit: nm, datatype: float32}
# - {name: efficiency, unit: '%', datatype: float64}
# meta: !!omap
# - {MODE: DETECTOR}
# - {TYPE: transmission_filter_detector}
# - {CALIBDATE: '1970-01-01T00:00:00'}
# - {INSTRUME: LSSTCam}
# - {OBSTYPE: transmission_filter_detector}
# - {CALIBCLS: lsst.ip.isr.IntermediateFilterDetectorTransmissionCurve}
# - {SOURCE: Materion (DM-46256)}
# - {DETECTOR: 68}
# - {FILTER: u_24}
# - {CALIB_ID: 'calibDate=1970-01-01T00:00:00 filter=u_24 detector=68'}
# - {DATE: '2025-04-02T15:59:40.064158'}
# - {CALIB_CREATION_DATE: '2025-04-02'}
# - {CALIB_CREATION_TIME: '15:59:40'}
# - __serialized_columns__:
#     efficiency:
#       __class__: astropy.units.quantity.Quantity
#       unit: !astropy.units.Unit {unit: '%'}
#       value: !astropy.table.SerializedColumn {name: efficiency}
#     wavelength:
#       __class__: astropy.units.quantity.Quantity
#       unit: !astropy.units.Unit {unit: nm}
#       value: !astropy.table.SerializedColumn {name: wavelength}
# schema: astropy-2.0
wavelength efficiency
295.0 1.951905000477372e-10
296.0 1.951905000477372e-10
297.0 1.951905000477372e-10
298.0 1.951905000477372e-10
299.0 1.951905000477372e-10
300.0 1.951905000477372e-10
301.0 1.951905000477372e-10
302.0 1.951905000477372e-10
303.0 0.13462088536471128
304.0 0.6662982515990734
305.0 1.8904639407992363
306.0 3.3440757542848587
307.0 5.742356926202774
308.0 8.661770075559616
309.0 12.576016783714294
310.0 16.33763611316681
311.0 20.04826068878174
312.0 23.702242970466614
313.0 26.43411159515381
314.0 29.084527492523193
315.0 31.807228922843933
316.0 34.16837751865387
317.0 37.74864673614502
318.0 41.948866844177246
319.0 47.290441393852234
320.0 53.63660454750061
321.0 59.20145511627197
322.0 64.72047567367554
323.0 69.01691555976868
324.0 72.18412756919861
325.0 74.62459206581116
326.0 76.56190991401672
327.0 78.18856239318848
328.0 79.82268929481506
329.0 80.87373971939087
330.0 81.72118067741394
331.0 82.08240270614624
332.0 82.17104077339172
333.0 82.43095874786377
334.0 82.44843482971191
335.0 83.04711580276489
336.0 83.68453979492188
337.0 84.42568778991699
338.0 85.19955277442932
339.0 85.70951223373413
340.0 85.87414026260376
341.0 86.34318113327026
342.0 86.56932711601257
343.0 86.44632697105408
344.0 86.72943711280823
345.0 87.28257417678833
346.0 87.57890462875366
347.0 87.95188665390015
348.0 88.11407089233398
349.0 88.28577399253845
350.0 88.31393718719482
351.0 88.45887780189514
352.0 88.36449980735779
353.0 88.41514587402344
354.0 88.36615085601807
355.0 88.39342594146729
356.0 88.41089606285095
357.0 88.20431232452393
358.0 87.76232600212097
359.0 87.4907374382019
360.0 87.34928965568542
361.0 87.21593618392944
362.0 87.0786190032959
363.0 87.37510442733765
364.0 87.63030767440796
365.0 88.07392716407776
366.0 88.30388188362122
367.0 88.38021159172058
368.0 88.39338421821594
369.0 88.56542706489563
370.0 88.48618268966675
371.0 88.50160241127014
372.0 88.712078332901
373.0 88.9651358127594
374.0 89.05003666877747
375.0 89.3958032131195
376.0 89.59082365036011
377.0 89.66742157936096
378.0 89.51007127761841
379.0 88.7705385684967
380.0 87.65783309936523
381.0 85.86065173149109
382.0 83.86462926864624
383.0 81.80001974105835
384.0 79.55281138420105
385.0 76.86099410057068
386.0 73.8490879535675
387.0 69.76355910301208
388.0 65.57456254959106
389.0 60.87201237678528
390.0 56.546300649642944
391.0 52.3486852645874
392.0 48.27280044555664
393.0 44.72518265247345
394.0 40.93599319458008
395.0 36.151114106178284
396.0 30.549514293670654
397.0 23.30164909362793
398.0 16.293412446975708
399.0 9.823773056268692
400.0 4.936816170811653
401.0 1.9292021170258522
402.0 0.619552144780755
403.0 0.22442289628088474
404.0 0.07039179909043014
405.0 0.045584546751342714
406.0 0.02384672698099166
407.0 0.018771248869597912
408.0 1.951905000477372e-10
409.0 1.951905000477372e-10
410.0 1.951905000477372e-10
411.0 1.951905000477372e-10
412.0 1.951905000477372e-10
413.0 1.951905000477372e-10
414.0 1.951905000477372e-10
415.0 1.951905000477372e-10
416.0 1.951905000477372e-10
417.0 1.951905000477372e-10
418.0 1.951905000477372e-10
419.0 1.951905000477372e-10
420.0 1.951905000477372e-10
421.0 1.951905000477372e-10
422.0 1.951905000477372e-10
423.0 1.951905000477372e-10
424.0 1.951905000477372e-10
425.0 1.951905000477372e-10
426.0 1.951905000477372e-10
427.0 1.951905000477372e-10
428.0 0.0019666447769850492
429.0 0.0022853899281471968
430.0 0.0026041350793093443
431.0 0.0011112141692137811
432.0 1.951905000477372e-10
433.0 0.0004104614163225051
434.0 0.0012026298463752028
435.0 0.0010920193744823337
436.0 0.000981409630185226
437.0 1.951905000477372e-10
438.0 1.951905000477372e-10
439.0 0.0001429103008376842
440.0 0.0016960015273070894
441.0 1.951905000477372e-10
442.0 1.951905000477372e-10
443.0 1.951905000477372e-10
444.0 0.0006757582468708279
445.0 0.0004991870355297578
446.0 0.0003226166199965519
447.0 1.951905000477372e-10
448.0 1.951905000477372e-10
449.0 0.0003364122221682919
450.0 0.0010695206583477557
451.0 1.951905000477372e-10
452.0 1.951905000477372e-10
453.0 1.951905000477372e-10
454.0 1.951905000477372e-10
455.0 1.951905000477372e-10
456.0 1.951905000477372e-10
457.0 1.951905000477372e-10
458.0 1.951905000477372e-10
459.0 1.951905000477372e-10
460.0 1.951905000477372e-10
461.0 1.951905000477372e-10
462.0 8.733572940400336e-05
463.0 1.951905000477372e-10
464.0 1.951905000477372e-10
465.0 1.951905000477372e-10
466.0 1.951905000477372e-10
467.0 1.951905000477372e-10
468.0 1.951905000477372e-10
469.0 1.951905000477372e-10
470.0 0.00022622457436227705
471.0 0.00010430172778796987
472.0 1.951905000477372e-10
473.0 1.951905000477372e-10
474.0 1.951905000477372e-10
475.0 1.951905000477372e-10
476.0 0.0004537325366982259
477.0 0.0006033758381818188
478.0 0.000753019230614882
479.0 0.00028358963390928693
480.0 1.951905000477372e-10
481.0 0.00019402289126446703
482.0 0.0005738854724768316
483.0 0.00044568801058630925
484.0 0.0003174905259584193
485.0 1.951905000477372e-10
486.0 1.951905000477372e-10
487.0 1.951905000477372e-10
488.0 1.951905000477372e-10
489.0 1.951905000477372e-10
490.0 1.951905000477372e-10
491.0 1.951905000477372e-10
492.0 1.951905000477372e-10
493.0 1.951905000477372e-10
494.0 1.951905000477372e-10
495.0 0.00018145323110729805
496.0 0.0010861198461498134
497.0 0.0005205740762903588
498.0 1.951905000477372e-10
499.0 5.584417408499576e-05
500.0 0.0001566605419611733
501.0 1.951905000477372e-10
502.0 1.951905000477372e-10
503.0 1.951905000477372e-10
504.0 1.951905000477372e-10
505.0 1.951905000477372e-10
506.0 1.951905000477372e-10
507.0 1.951905000477372e-10
508.0 1.951905000477372e-10
509.0 1.951905000477372e-10
510.0 1.951905000477372e-10
511.0 0.00024125561139953788
512.0 0.0007676411769352853
513.0 0.0006226944606169127
514.0 0.0004777474714501295
515.0 0.0004348582024249481
516.0 0.00039196902434923686
517.0 0.00010598071185086155
518.0 1.951905000477372e-10
519.0 0.00015865186924202135
520.0 0.0004973113391315565
521.0 0.0004473559329198906
522.0 0.0003974004357587546
523.0 0.00012637458439712645
524.0 1.951905000477372e-10
525.0 1.951905000477372e-10
526.0 1.951905000477372e-10
527.0 1.951905000477372e-10
528.0 1.951905000477372e-10
529.0 1.951905000477372e-10
530.0 1.951905000477372e-10
531.0 8.43158147745271e-05
532.0 0.0005273795977700502
533.0 0.00015795051240274915
534.0 1.951905000477372e-10
535.0 1.951905000477372e-10
536.0 1.951905000477372e-10
537.0 1.951905000477372e-10
538.0 1.951905000477372e-10
539.0 1.951905000477372e-10
540.0 1.2189428844067152e-05
541.0 1.951905000477372e-10
542.0 1.951905000477372e-10
543.0 1.951905000477372e-10
544.0 1.951905000477372e-10
545.0 1.951905000477372e-10
546.0 1.951905000477372e-10
547.0 2.2460574200522387e-05
548.0 0.0003244546633140999
549.0 1.951905000477372e-10
550.0 1.951905000477372e-10
551.0 1.951905000477372e-10
552.0 1.951905000477372e-10
553.0 1.951905000477372e-10
554.0 1.951905000477372e-10
555.0 1.951905000477372e-10
556.0 1.951905000477372e-10
557.0 1.951905000477372e-10
558.0 1.951905000477372e-10
559.0 1.951905000477372e-10
560.0 0.0001580144839863351
561.0 1.951905000477372e-10
562.0 1.951905000477372e-10
563.0 1.951905000477372e-10
564.0 1.951905000477372e-10
565.0 1.951905000477372e-10
566.0 1.951905000477372e-10
567.0 1.951905000477372e-10
568.0 1.951905000477372e-10
569.0 0.0001804993189580273
570.0 0.0004893050572718494
571.0 0.00045831111492589116
572.0 0.0004273173999536084
573.0 0.0004327621354605071
574.0 0.00043820723476528656
575.0 0.00016915535070438636
576.0 1.951905000477372e-10
577.0 0.00010303864428351517
578.0 0.00030597366276197135
579.0 0.0004784840712090954
580.0 0.0006509945706056897
581.0 0.0009084771591005847
582.0 0.0011659601113933604
583.0 0.0013612684597319458
584.0 0.0015565770809189416
585.0 0.0013247633432911243
586.0 0.0010929493328148965
587.0 0.001023013101075776
588.0 0.0009530769602861255
589.0 0.0009605234481568914
590.0 0.0009679696631792467
591.0 0.0010074189049191773
592.0 0.0010468680557096377
593.0 0.0007585194907733239
594.0 0.0004701706529885996
595.0 0.0005851094556419412
596.0 0.0007000480763963424
597.0 0.0010372366887168027
598.0 0.0013744251191383228
599.0 0.0018828823158401065
600.0 0.00239133933064295
601.0 0.0025039755200850777
602.0 0.0026166115276282653
603.0 0.002121616853401065
604.0 0.0016266223610728048
605.0 0.001241740301338723
606.0 0.0008568580597057007
607.0 0.0008949518814915791
608.0 0.0009330457032774575
609.0 0.0006402822691597976
610.0 0.00034751892599160783
611.0 0.0005579515800491208
612.0 0.000768384325056104
613.0 0.0007982375791470986
614.0 0.0008280908332380932
615.0 0.0008591245205025189
616.0 0.0008901582987164147
617.0 0.0007232477400975768
618.0 0.0005563373633776791
619.0 0.0003748789822566323
620.0 0.0001934206693476881
621.0 0.0003797640374614275
622.0 0.0005661073828377994
623.0 0.0005559842065849807
624.0 0.000545860984857427
625.0 0.0008105583219730761
626.0 0.0010752556590887252
627.0 0.000987758357950952
628.0 0.0009002610568131786
629.0 0.0011247389011259656
630.0 0.0013492167454387527
631.0 0.001774773045326583
632.0 0.0022003292542649433
633.0 0.0021996593204676174
634.0 0.002198989204771351
635.0 0.002337589467060752
636.0 0.002476189547451213
637.0 0.0021434039808809757
638.0 0.0018106180505128577
639.0 0.0012554995009850245
640.0 0.0007003807695582509
641.0 0.0008999114470498171
642.0 0.0010994421245413832
643.0 0.0007979098882060498
644.0 0.0004963776973454515
645.0 0.0005279751803755062
646.0 0.0005595726179308258
647.0 0.00031754543670103885
648.0 7.551841463282472e-05
649.0 1.4864610875520157e-05
650.0 1.951905000477372e-10
651.0 0.00043533627831493504
652.0 0.0009164617949863896
653.0 0.0012870663340436295
654.0 0.001657670691201929
655.0 0.0016603809854132123
656.0 0.001663091461523436
657.0 0.0026191051802015863
658.0 0.0035751192626776174
659.0 0.003924275733879767
660.0 0.004273431841284037
661.0 0.004196669033262879
662.0 0.00411990586144384
663.0 0.0029496946808649227
664.0 0.0017794840459828265
665.0 0.0016037911336752586
666.0 0.0014280977666203398
667.0 0.00147141472552903
668.0 0.0015147315025387798
669.0 0.0010558341273281258
670.0 0.0005969367975922069
671.0 0.0006046162070560968
672.0 0.0006122955710452516
673.0 0.0005030851752962917
674.0 0.00039387477954733185
675.0 0.0007547570021415595
676.0 0.0011156392247357871
677.0 0.0017378326447214931
678.0 0.0023600263375556096
679.0 0.0025686502340249717
680.0 0.0027772739485953934
681.0 0.0037386194890132174
682.0 0.004699965211329982
683.0 0.006455175025621429
684.0 0.008210385567508638
685.0 0.008487048762617633
686.0 0.008763715595705435
687.0 0.007828498200979084
688.0 0.006893280806252733
689.0 0.0053683292208006606
690.0 0.0038433776353485882
691.0 0.0034981214412255213
692.0 0.0031528652471024543
693.0 0.0029182678190409206
694.0 0.0026836705728783272
695.0 0.002319737723155413
696.0 0.0019558050553314388
697.0 0.001371943380945595
698.0 0.0007880817065597512
699.0 0.000626532801106805
700.0 0.0004649838501791237
701.0 0.0005135560058988631
702.0 0.0005621282070933376
703.0 0.0006899802883708617
704.0 0.000817832460597856
705.0 0.0008588430318923201
706.0 0.0008998536941362545
707.0 0.0008741424608160742
708.0 0.0008484309546474833
709.0 0.0006514674169011414
710.0 0.00045450365178112406
711.0 0.0006606572242162656
712.0 0.0008668108421261422
713.0 0.000912196992430836
714.0 0.0009575832336849999
715.0 0.0007436581199726788
716.0 0.0005297329153108876
717.0 0.0005105298896523891
718.0 0.0004913267275696853
719.0 0.0004239969712216407
720.0 0.00035666719213622855
721.0 0.00036225160329195205
722.0 0.000367835991710308
723.0 0.00039420765460818075
724.0 0.0004205793175060535
725.0 0.00023200602754513966
726.0 4.343265231909754e-05
727.0 0.0002572423454694217
728.0 0.00047105208977882285
729.0 0.00041187672650266904
730.0 0.0003527013404891477
731.0 0.0002425719003440463
732.0 0.00013244243746157736
733.0 0.00011528707091201795
734.0 9.813173846850987e-05
735.0 0.00030455246360361343
736.0 0.0005109732683195034
737.0 0.00064257656049449
738.0 0.0007741798981442116
739.0 0.0006183582172525348
740.0 0.00046253639993665274
741.0 0.0009363933713757433
742.0 0.0014102505701885093
743.0 0.002183401556976605
744.0 0.002956552452815231
745.0 0.0034980901546077803
746.0 0.0040396273107035086
747.0 0.004265241659595631
748.0 0.004490855644689873
749.0 0.003925286000594497
750.0 0.0033597167202970013
751.0 0.002907962516474072
752.0 0.002456208494550083
753.0 0.0020641837181756273
754.0 0.001672158578003291
755.0 0.0020347120880614966
756.0 0.0023972661438165233
757.0 0.002001416578423232
758.0 0.001605566831131
759.0 0.0013398931514529977
760.0 0.0010742193808255251
761.0 0.001344838528893888
762.0 0.001615457767911721
763.0 0.001218060697283363
764.0 0.0008206633538065944
765.0 0.0007820355676813051
766.0 0.0007434077360812807
767.0 0.0005988440079818247
768.0 0.00045428014345816337
769.0 0.0005722963578591589
770.0 0.0006903123903612141
771.0 0.0006379180831572739
772.0 0.0005855235031049233
773.0 0.0004274479124433128
774.0 0.00026937216262012953
775.0 0.0003798608759097988
776.0 0.0004903495209873654
777.0 0.0004732278739538742
778.0 0.0004561061359709129
779.0 0.0008811376574158203
780.0 0.0013061691788607277
781.0 0.0012341992260189727
782.0 0.001162229455076158
783.0 0.0009830263479670975
784.0 0.0008038233318075072
785.0 0.0011613488823059015
786.0 0.0015188741599558853
787.0 0.0011603115126490593
788.0 0.0008017485924938228
789.0 0.0009167654752673116
790.0 0.0010317822670913301
791.0 0.000833122157928301
792.0 0.0006344620487652719
793.0 0.0001384443976348848
794.0 1.951905000477372e-10
795.0 1.951905000477372e-10
796.0 1.951905000477372e-10
797.0 0.00028372921860864153
798.0 0.0005955781034572283
799.0 0.00028604097224160796
800.0 1.951905000477372e-10
801.0 1.951905000477372e-10
802.0 1.951905000477372e-10
803.0 1.951905000477372e-10
804.0 5.814136017079363e-06
805.0 6.960548830647895e-05
806.0 0.00013339675888346392
807.0 7.201296625680698e-05
808.0 1.0629192104261165e-05
809.0 0.00028872652819700306
810.0 0.0005668239737133263
811.0 0.00016510191471752478
812.0 1.951905000477372e-10
813.0 0.00022584174530493328
814.0 0.0006883036803628784
815.0 0.0006204535111464793
816.0 0.0005526034783542855
817.0 0.0004441409600985935
818.0 0.00033567846458026906
819.0 7.679693680984201e-05
820.0 1.951905000477372e-10
821.0 1.951905000477372e-10
822.0 1.951905000477372e-10
823.0 1.951905000477372e-10
824.0 1.951905000477372e-10
825.0 1.951905000477372e-10
826.0 1.951905000477372e-10
827.0 2.5813557158471667e-05
828.0 0.0005148662239662372
829.0 0.00041749103729671333
830.0 0.00032011623716243776
831.0 1.951905000477372e-10
832.0 1.951905000477372e-10
833.0 1.951905000477372e-10
834.0 1.951905000477372e-10
835.0 1.951905000477372e-10
836.0 0.00024240719085355522
837.0 1.951905000477372e-10
838.0 1.951905000477372e-10
839.0 1.951905000477372e-10
840.0 1.951905000477372e-10
841.0 1.951905000477372e-10
842.0 8.29316036288219e-05
843.0 0.00013599651538243052
844.0 0.00018906138166130404
845.0 0.0002365354930589092
846.0 0.00028400957035046304
847.0 0.00033997746413660934
848.0 0.0003959453351853881
849.0 0.000491465561935911
850.0 0.0005869856977369636
851.0 0.00029005516353208805
852.0 1.951905000477372e-10
853.0 0.00022199844806891633
854.0 0.00045087203943694476
855.0 0.0002823172508215066
856.0 0.00011376242810001713
857.0 0.0004415800049173413
858.0 0.000769397502153879
859.0 0.0008994092240754981
860.0 0.0010294205821992364
861.0 0.0010418751116958447
862.0 0.0010543294592935126
863.0 0.001368017456115922
864.0 0.0016817055438878015
865.0 0.0019735516616492532
866.0 0.0022653975975117646
867.0 0.0021381645638030022
868.0 0.0020109318938921206
869.0 0.0018966511561302468
870.0 0.001782370418368373
871.0 0.001731665906845592
872.0 0.0016809612134238705
873.0 0.0018655164240044542
874.0 0.002050071270787157
875.0 0.0022605989215662703
876.0 0.002471126754244324
877.0 0.0025687348170322366
878.0 0.00266634324361803
879.0 0.002838042564690113
880.0 0.0030097426133579575
