lsstCam/transmission_filter_detector/r24_s11/y_10/19700101T000000.ecsv
# %ECSV 1.0
# ---
# datatype:
# - {name: wavelength, unit: nm, datatype: float32}
# - {name: efficiency, unit: '%', datatype: float64}
# meta: !!omap
# - {MODE: DETECTOR}
# - {TYPE: transmission_filter_detector}
# - {CALIBDATE: '1970-01-01T00:00:00'}
# - {INSTRUME: LSSTCam}
# - {OBSTYPE: transmission_filter_detector}
# - {CALIBCLS: lsst.ip.isr.IntermediateFilterDetectorTransmissionCurve}
# - {SOURCE: Materion (DM-46256)}
# - {DETECTOR: 112}
# - {FILTER: y_10}
# - {CALIB_ID: 'calibDate=1970-01-01T00:00:00 filter=y_10 detector=112'}
# - {DATE: '2025-04-02T15:59:51.262442'}
# - {CALIB_CREATION_DATE: '2025-04-02'}
# - {CALIB_CREATION_TIME: '15:59:51'}
# - __serialized_columns__:
#     efficiency:
#       __class__: astropy.units.quantity.Quantity
#       unit: !astropy.units.Unit {unit: '%'}
#       value: !astropy.table.SerializedColumn {name: efficiency}
#     wavelength:
#       __class__: astropy.units.quantity.Quantity
#       unit: !astropy.units.Unit {unit: nm}
#       value: !astropy.table.SerializedColumn {name: wavelength}
# schema: astropy-2.0
wavelength efficiency
300.0 0.28223239351063967
301.0 0.15482602175325155
302.0 0.027419638354331255
303.0 0.02433355839457363
304.0 0.02124748280039057
305.0 0.013533933088183403
306.0 0.0058203786466037855
307.0 0.011655553680611774
308.0 0.01749072689563036
309.0 0.013377281720750034
310.0 0.009263835818273947
311.0 0.007907248073024675
312.0 0.0065506596001796424
313.0 0.004322709719417617
314.0 0.0020947591110598296
315.0 0.002699589458643459
316.0 0.0033044205338228494
317.0 0.0033345233532600105
318.0 0.003364623262314126
319.0 0.0022368105419445783
320.0 0.0011089972758782096
321.0 0.0023915465135360137
322.0 0.0036740955692948774
323.0 0.0035252982343081385
324.0 0.0033765008993213996
325.0 0.001951920785359107
326.0 0.0005273403985484038
327.0 0.0010317793567082845
328.0 0.0015362184058176354
329.0 0.002758753726084251
330.0 0.0039812890463508666
331.0 0.0029976154110045172
332.0 0.0020139419575571083
333.0 0.0022736499886377715
334.0 0.0025333580197184347
335.0 0.002652755210874602
336.0 0.002772152038232889
337.0 0.0027383770429878496
338.0 0.00270460204774281
339.0 0.0018530092347646132
340.0 0.0010014165127358865
341.0 0.000712834707883303
342.0 0.0004242526301823091
343.0 0.0008581864676671103
344.0 0.0012921203051519115
345.0 0.001599648931005504
346.0 0.001907177829707507
347.0 0.0018594926586956717
348.0 0.001811807305784896
349.0 0.001386067015118897
350.0 0.0009603264516044874
351.0 0.001284149766433984
352.0 0.0016079728084150702
353.0 0.00131137203425169
354.0 0.0010147712600883096
355.0 0.0012696769772446714
356.0 0.0015245826944010332
357.0 0.0012562588381115347
358.0 0.0009879347999230959
359.0 0.0010674797522369772
360.0 0.0011470246136013884
361.0 0.0010952268894470762
362.0 0.0010434288924443536
363.0 0.0010273192856402602
364.0 0.0010112094059877563
365.0 0.0012459054232749622
366.0 0.0014806017134105787
367.0 0.0018628135876497254
368.0 0.0022450250980909914
369.0 0.0017555008525960147
370.0 0.001265976516151568
371.0 0.001408256957802223
372.0 0.001550537308503408
373.0 0.0019313420125399716
374.0 0.0023121468984754756
375.0 0.003263544203946367
376.0 0.004214941873215139
377.0 0.004221489143674262
378.0 0.004228036414133385
379.0 0.003777120218728669
380.0 0.0033262036595260724
381.0 0.002340310857107397
382.0 0.0013544178727897815
383.0 0.0012809454347006977
384.0 0.0012074728147126734
385.0 0.0009462356501899194
386.0 0.0006849985311419005
387.0 0.0007157680101954611
388.0 0.0007465375347237568
389.0 0.0006545901669596788
390.0 0.0005626427991956007
391.0 0.0005114435680297902
392.0 0.0004602443368639797
393.0 0.0006225953256944194
394.0 0.0007849463145248592
395.0 0.0007268937679327792
396.0 0.0006688412213406991
397.0 0.0008266581062343903
398.0 0.0009844749001786113
399.0 0.0011729076504707336
400.0 0.0013613405826617964
401.0 0.001502112627349561
402.0 0.0016428850358352065
403.0 0.0017550806660437956
404.0 0.0018672764781513251
405.0 0.0018443808585288934
406.0 0.001821485420805402
407.0 0.0016102547306218185
408.0 0.0013990240404382348
409.0 0.0011371766959200613
410.0 0.0008753293514018878
411.0 0.0007380032002402004
412.0 0.0006006771400279831
413.0 0.0008148933375196066
414.0 0.0010291094440617599
415.0 0.0011612062735366635
416.0 0.0012933031030115671
417.0 0.000701274984749034
418.0 0.00010924692332991981
419.0 1.6397474740872942e-10
420.0 1.6397474740872942e-10
421.0 0.00011721414239218575
422.0 0.0008615694241598248
423.0 0.0010272387953591533
424.0 0.0011929080756090116
425.0 0.0002667029093572637
426.0 1.6397474740872942e-10
427.0 1.6397474740872942e-10
428.0 0.0003190328243363183
429.0 1.6397474740872942e-10
430.0 1.6397474740872942e-10
431.0 8.070993544606608e-05
432.0 0.0006344464964058716
433.0 0.00010814759434651933
434.0 1.6397474740872942e-10
435.0 1.6397474740872942e-10
436.0 0.00015261925909726415
437.0 2.078915173342466e-05
438.0 1.6397474740872942e-10
439.0 1.6397474740872942e-10
440.0 1.6397474740872942e-10
441.0 1.6397474740872942e-10
442.0 1.6397474740872942e-10
443.0 1.6397474740872942e-10
444.0 1.6397474740872942e-10
445.0 1.6397474740872942e-10
446.0 0.00022995379822532414
447.0 0.000473302134196274
448.0 0.0007166504929045914
449.0 0.0003527234412104008
450.0 1.6397474740872942e-10
451.0 1.6397474740872942e-10
452.0 1.6397474740872942e-10
453.0 1.6397474740872942e-10
454.0 3.544475646322098e-05
455.0 1.6397474740872942e-10
456.0 1.6397474740872942e-10
457.0 1.6397474740872942e-10
458.0 1.6397474740872942e-10
459.0 1.6397474740872942e-10
460.0 1.6397474740872942e-10
461.0 0.0002043990207312163
462.0 0.0004938312940794276
463.0 0.0006773515451641288
464.0 0.000860871841723565
465.0 0.0006991809641476721
466.0 0.0005374901320465142
467.0 0.0009567924280418083
468.0 0.001376094496663427
469.0 0.0015412748325616121
470.0 0.0017064548956113867
471.0 0.002038829552475363
472.0 0.0023712038455414586
473.0 0.002515424603188876
474.0 0.002659644997038413
475.0 0.0027085667170467786
476.0 0.0027574884370551445
477.0 0.002895250690926332
478.0 0.0030330129447975196
479.0 0.003451383236097172
480.0 0.003869753345497884
481.0 0.0040376959077548236
482.0 0.0042056381062138826
483.0 0.0038174588553374633
484.0 0.003429279604461044
485.0 0.003399029083084315
486.0 0.003368778561707586
487.0 0.0029789864129270427
488.0 0.002589194082247559
489.0 0.0022745425667380914
490.0 0.0019598914150265045
491.0 0.0016541231161681935
492.0 0.001348355090158293
493.0 0.0013553017197409645
494.0 0.001362248440273106
495.0 0.0015655890820198692
496.0 0.0017689293599687517
497.0 0.0021112240574439056
498.0 0.002453518936818
499.0 0.0024345043129869737
500.0 0.0024154898710548878
501.0 0.0025992228984250687
502.0 0.00278295610769419
503.0 0.0027131154638482258
504.0 0.0026432748200022615
505.0 0.0030403192795347422
506.0 0.0034373635571682826
507.0 0.0025661771360319108
508.0 0.001694990169198718
509.0 0.0018180495317210443
510.0 0.00194110853044549
511.0 0.001698059895716142
512.0 0.0014550111700373236
513.0 0.001876961687230505
514.0 0.0022989121134742163
515.0 0.0018554999769548886
516.0 0.0014120878404355608
517.0 0.001305209571000887
518.0 0.0011983313015662134
519.0 0.0012960902495251503
520.0 0.0013938491974840872
521.0 0.0016235408111242577
522.0 0.0018532320609665476
523.0 0.0018108332369592972
524.0 0.0017684342310531065
525.0 0.002144545942428522
526.0 0.002520658017601818
527.0 0.002358150413783733
528.0 0.0021956431737635285
529.0 0.0022196099962457083
530.0 0.0022435770006268285
531.0 0.0022251355403568596
532.0 0.00220669371628901
533.0 0.0021607454982586205
534.0 0.0021147969164303504
535.0 0.0020039306036778726
536.0 0.001893063927127514
537.0 0.002348302041355055
538.0 0.0028035401555825956
539.0 0.0033001433621393517
540.0 0.0037967463867971674
541.0 0.003690629091579467
542.0 0.003584511432563886
543.0 0.0039034381188685074
544.0 0.004222364077577367
545.0 0.004751587039208971
546.0 0.005280809637042694
547.0 0.004502237061387859
548.0 0.0037236648495309055
549.0 0.003075368658755906
550.0 0.002427072831778787
551.0 0.0024092656531138346
552.0 0.0023914582925499417
553.0 0.0029316650397959165
554.0 0.0034718712413450703
555.0 0.0038054149626987055
556.0 0.004138958684052341
557.0 0.0037756384699605405
558.0 0.0034123178920708597
559.0 0.003565859515219927
560.0 0.0037194015021668747
561.0 0.003809865302173421
562.0 0.003900328738382086
563.0 0.0036096953408559784
564.0 0.0033190619433298707
565.0 0.0038348476664396003
566.0 0.004350633753347211
567.0 0.004342229294707067
568.0 0.004333824472269043
569.0 0.005064262586529367
570.0 0.00579470070078969
571.0 0.006013809615978971
572.0 0.006232918531168252
573.0 0.006494808621937409
574.0 0.006756698712706566
575.0 0.006736526120221242
576.0 0.006716352800140157
577.0 0.006030187068972737
578.0 0.005344020974007435
579.0 0.005750964555772953
580.0 0.00615790777374059
581.0 0.0070673704613000154
582.0 0.007976833148859441
583.0 0.008650177187519148
584.0 0.009323520498583093
585.0 0.009628454427001998
586.0 0.009933388355420902
587.0 0.01020828349282965
588.0 0.010483177902642637
589.0 0.010591484897304326
590.0 0.01069979480234906
591.0 0.009961646719602868
592.0 0.009223497181665152
593.0 0.007685158198000863
594.0 0.00614682212471962
595.0 0.005771795258624479
596.0 0.0053967691201251
597.0 0.005872706606169231
598.0 0.0063486440922133625
599.0 0.0073663293733261526
600.0 0.008384013926843181
601.0 0.008937055827118456
602.0 0.009490095544606447
603.0 0.01023077275021933
604.0 0.010971451411023736
605.0 0.01122944668168202
606.0 0.011487441224744543
607.0 0.009996606240747496
608.0 0.008505773439537734
609.0 0.006761906115571037
610.0 0.005018040610593744
611.0 0.004160352546023205
612.0 0.0033026644814526662
613.0 0.0036628785892389715
614.0 0.004023091969429515
615.0 0.004783349140780047
616.0 0.005543605948332697
617.0 0.006759730604244396
618.0 0.007975854532560334
619.0 0.009121934999711812
620.0 0.01026801546686329
621.0 0.011029853340005502
622.0 0.011791690485551953
623.0 0.01212806673720479
624.0 0.012464440078474581
625.0 0.010883446520892903
626.0 0.009302451508119702
627.0 0.007611486944369972
628.0 0.005920523108216003
629.0 0.004742298187920824
630.0 0.0035640736314235255
631.0 0.0031538995244773105
632.0 0.0027437254175310954
633.0 0.0028163427487015724
634.0 0.002888959897973109
635.0 0.0032060772355180234
636.0 0.0035231943911639974
637.0 0.003914445551345125
638.0 0.004305696711526252
639.0 0.004440227712620981
640.0 0.004574758349917829
641.0 0.0050835416914196685
642.0 0.005592325032921508
643.0 0.0055692227761028334
644.0 0.0055461197916883975
645.0 0.005368197162169963
646.0 0.005190274168853648
647.0 0.004150863969698548
648.0 0.0031114541343413293
649.0 0.0022941572751733474
650.0 0.001476860597904306
651.0 0.0015477369743166491
652.0 0.0016186135326279327
653.0 0.00154337703861529
654.0 0.001468140362703707
655.0 0.0014051915059098974
656.0 0.0013422425581666175
657.0 0.0013510225471691228
658.0 0.0013598025361716282
659.0 0.0017369193301419728
660.0 0.0021140362150617875
661.0 0.001994604645005893
662.0 0.0018751732568489388
663.0 0.0022168911527842283
664.0 0.002558609594416339
665.0 0.0031130723073147237
666.0 0.003667534838314168
667.0 0.004325570262153633
668.0 0.004983604958397336
669.0 0.005222147592576221
670.0 0.005460686952574179
671.0 0.006244320684345439
672.0 0.007027955143712461
673.0 0.007813450793037191
674.0 0.008598946442361921
675.0 0.008254853310063481
676.0 0.007910760905360803
677.0 0.006237205525394529
678.0 0.004563648326438852
679.0 0.0031131090509006754
680.0 0.0016625694115646183
681.0 0.0010137504432350397
682.0 0.00036493145216809353
683.0 0.0005393769697548123
684.0 0.0007138225555536337
685.0 0.0004813066880160477
686.0 0.0002487907295289915
687.0 0.00016469331285406952
688.0 8.059592460085696e-05
689.0 8.939896929405222e-05
690.0 9.82020083029056e-05
691.0 0.0002302945631527109
692.0 0.0003623871180025162
693.0 0.00032311584163835505
694.0 0.0002838445652741939
695.0 0.00029065090529911686
696.0 0.0002974572225866723
697.0 0.000363564072358713
698.0 0.0004296708993933862
699.0 0.00031372981084132334
700.0 0.00019778860860242276
701.0 0.00013826229405822232
702.0 7.873595677665435e-05
703.0 4.3371005631342996e-05
704.0 8.006141882788143e-06
705.0 0.00011999420621577883
706.0 0.00023198215330921812
707.0 0.00021534399365918944
708.0 0.00019870574305969058
709.0 0.0003110874331468949
710.0 0.0004234691004967317
711.0 0.0004272468231647508
712.0 0.00043102454583276995
713.0 0.00016817050436657155
714.0 1.6397474740872942e-10
715.0 0.00016682398609191296
716.0 0.00042833144107135013
717.0 0.00030958804018155206
718.0 0.00019084457107965136
719.0 0.0003973055299866246
720.0 0.0006037665116309654
721.0 0.0007514063781854929
722.0 0.0008990463356894907
723.0 0.0005684411007678136
724.0 0.00023783595679560676
725.0 9.049006166605977e-05
726.0 1.6397474740872942e-10
727.0 0.00012155661579527077
728.0 0.0002999690423166612
729.0 0.00035217924505559495
730.0 0.00040438958421873394
731.0 0.00045296928874449804
732.0 0.0005015492661186727
733.0 0.00034320951272093225
734.0 0.0001848699753281835
735.0 0.00012030988045808044
736.0 5.574996748691774e-05
737.0 0.00022017482024239143
738.0 0.0003845997980533866
739.0 0.00038994357964838855
740.0 0.0003952871793444501
741.0 0.0004307755261834245
742.0 0.000466263918497134
743.0 0.0001847250018727209
744.0 1.6397474740872942e-10
745.0 0.0002077927547361469
746.0 0.0005123994924360886
747.0 0.00038702846723026596
748.0 0.00026165741928707575
749.0 0.00010544324595684884
750.0 1.6397474740872942e-10
751.0 0.00029686627840419533
752.0 0.000644503370494931
753.0 0.0006930723884579493
754.0 0.0007416412699967623
755.0 0.00013025144198763883
756.0 1.6397474740872942e-10
757.0 1.6397474740872942e-10
758.0 1.6397474740872942e-10
759.0 0.000238518350670347
760.0 0.0005292430159897776
761.0 0.00044412599891074933
762.0 0.0003590089136196184
763.0 0.0002876031430787407
764.0 0.00021619739527523052
765.0 0.0004024527697765734
766.0 0.0005887080533284461
767.0 0.00040039908526523504
768.0 0.00021209013993939152
769.0 3.342646266446536e-05
770.0 1.6397474740872942e-10
771.0 1.6397474740872942e-10
772.0 4.570686940041924e-05
773.0 0.0003503111202007858
774.0 0.0006549152203660924
775.0 0.0004147033905610442
776.0 0.00017449146980652586
777.0 0.0003332594360472285
778.0 0.0004920274932374014
779.0 0.0005456171948026167
780.0 0.0005992069873173023
781.0 0.0006782857781217899
782.0 0.0007573646144010127
783.0 0.0006801688869018108
784.0 0.0006029731594026089
785.0 0.0005932734438829357
786.0 0.0005835735464643221
787.0 0.0005775415957032237
788.0 0.0005715095539926551
789.0 0.0004202279342280235
790.0 0.0002689462689886568
791.0 0.0004511202405410586
792.0 0.0006332941211439902
793.0 0.0006401005521183833
794.0 0.0006469069830927765
795.0 0.000729863904780359
796.0 0.0008128207809932064
797.0 0.0006486886377388146
798.0 0.00048455649448442273
799.0 0.0004634180641005514
800.0 0.0004422796337166801
801.0 0.00032876387194846757
802.0 0.00021524813291762257
803.0 0.0005481904281623429
804.0 0.0008811327461444307
805.0 0.0008626599992567208
806.0 0.0008441869795206003
807.0 0.0006780152034480125
808.0 0.0005118432909512194
809.0 0.0002838843329300289
810.0 5.592532943410333e-05
811.0 0.00042247720557497814
812.0 0.0007890289452916477
813.0 0.0008594515747972764
814.0 0.0009298742043029051
815.0 0.0008283882380055729
816.0 0.0007269019533850951
817.0 0.0009396564564667642
818.0 0.0011524110959726386
819.0 0.0010977879355777986
820.0 0.0010431647751829587
821.0 0.0006228991423995467
822.0 0.0002026335096161347
823.0 0.00026656719001039164
824.0 0.00033050096135411877
825.0 0.0005660590886691352
826.0 0.0008016171705094166
827.0 0.0010241546988254413
828.0 0.001246692227141466
829.0 0.0006830332495155744
830.0 0.00011937420367758023
831.0 4.934165076520003e-05
832.0 1.6397474740872942e-10
833.0 0.00038748066799598746
834.0 0.0007956519766594283
835.0 0.0003227932438676362
836.0 1.6397474740872942e-10
837.0 2.430050756174751e-05
838.0 0.00019866663478751434
839.0 0.00039546002881252207
840.0 0.0005922534455748973
841.0 0.0008474031346850097
842.0 0.001102552778320387
843.0 0.000794425250205677
844.0 0.00048629744924255647
845.0 0.0007304505288630025
846.0 0.0009746036994329188
847.0 0.001036995672620833
848.0 0.001099387645808747
849.0 0.0008814806278678589
850.0 0.0006635733370785601
851.0 0.0010255902452627197
852.0 0.0013876069715479389
853.0 0.000874603574629873
854.0 0.0003616003823481151
855.0 0.0002805176336551085
856.0 0.00019943495317420457
857.0 0.000705590218785801
858.0 0.0012117454389226623
859.0 0.001001378313958412
860.0 0.0007910110070952214
861.0 0.0012068074283888564
862.0 0.0016226040315814316
863.0 0.0016696481907274574
864.0 0.0017166923498734832
865.0 0.0019014667486771941
866.0 0.0020862413293798454
867.0 0.002619018232508097
868.0 0.003151794953737408
869.0 0.003092614861088805
870.0 0.003033434404642321
871.0 0.0034221240639453754
872.0 0.003810813359450549
873.0 0.0029336539228097536
874.0 0.002056494849966839
