lsstCam/transmission_filter_detector/r24_s11/y_10/19700101T000000.ecsv
# %ECSV 1.0
# ---
# datatype:
# - {name: wavelength, unit: nm, datatype: float32}
# - {name: efficiency, unit: '%', datatype: float64}
# meta: !!omap
# - {MODE: DETECTOR}
# - {TYPE: transmission_filter_detector}
# - {CALIBDATE: '1970-01-01T00:00:00'}
# - {INSTRUME: LSSTCam}
# - {OBSTYPE: transmission_filter_detector}
# - {CALIBCLS: lsst.ip.isr.IntermediateFilterDetectorTransmissionCurve}
# - {SOURCE: Materion (DM-46256)}
# - {DETECTOR: 112}
# - {FILTER: y_10}
# - {CALIB_ID: 'calibDate=1970-01-01T00:00:00 filter=y_10 detector=112'}
# - {DATE: '2025-04-02T15:59:51.262442'}
# - {CALIB_CREATION_DATE: '2025-04-02'}
# - {CALIB_CREATION_TIME: '15:59:51'}
# - __serialized_columns__:
#     efficiency:
#       __class__: astropy.units.quantity.Quantity
#       unit: !astropy.units.Unit {unit: '%'}
#       value: !astropy.table.SerializedColumn {name: efficiency}
#     wavelength:
#       __class__: astropy.units.quantity.Quantity
#       unit: !astropy.units.Unit {unit: nm}
#       value: !astropy.table.SerializedColumn {name: wavelength}
# schema: astropy-2.0
wavelength efficiency
[from data line 576]
876.0 0.0022214353521121666
877.0 0.0017585593013791367
878.0 0.0012956834325450473
879.0 0.0018312204701942392
880.0 0.060670520178973675
881.0 0.0946814485359937
882.0 0.06627719849348068
883.0 0.10046166134998202
884.0 0.05762335495091975
885.0 0.09343919809907675
886.0 0.07002886268310249
887.0 0.1016222988255322
888.0 0.06365185836330056
889.0 0.09066938073374331
890.0 0.06605412345379591
891.0 0.1030689338222146
892.0 0.0682343845255673
893.0 0.10872780112549663
894.0 0.07426770171150565
895.0 0.10222510900348425
896.0 0.06989686517044902
897.0 0.11833036551252007
898.0 0.0784212606959045
899.0 0.1152466400526464
900.0 0.09374853689223528
901.0 0.1210877439007163
902.0 0.1514351461082697
903.0 0.1445454778149724
904.0 0.1632003579288721
905.0 0.21404123399406672
906.0 0.24620501790195704
907.0 0.31209324952214956
908.0 0.37573790177702904
909.0 0.49611981958150864
910.0 0.6942904088646173
911.0 0.9695344604551792
912.0 1.4171439222991467
913.0 2.1236903965473175
914.0 2.988472580909729
915.0 4.351527988910675
916.0 6.057992577552795
917.0 8.032840490341187
918.0 10.415047407150269
919.0 12.777267396450043
920.0 15.994146466255188
921.0 19.30929273366928
922.0 22.540859878063202
923.0 26.305055618286133
924.0 30.367547273635864
925.0 34.9335640668869
926.0 40.589118003845215
927.0 46.846070885658264
928.0 52.57415771484375
929.0 58.93526077270508
930.0 64.85530734062195
931.0 70.81629037857056
932.0 76.54571533203125
933.0 81.70119524002075
934.0 85.67869067192078
935.0 88.72785568237305
936.0 91.17229580879211
937.0 93.01977157592773
938.0 94.31083798408508
939.0 95.06117701530457
940.0 95.55947184562683
941.0 95.89564800262451
942.0 96.22273445129395
943.0 96.4020311832428
944.0 96.79318070411682
945.0 96.86411619186401
946.0 97.03088402748108
947.0 97.08673357963562
948.0 97.15583324432373
949.0 97.09071516990662
950.0 97.18046188354492
951.0 97.21497297286987
952.0 97.25720286369324
953.0 97.3696768283844
954.0 97.46456742286682
955.0 97.51952290534973
956.0 97.71369099617004
957.0 97.9465663433075
958.0 98.13854098320007
959.0 98.25024008750916
960.0 98.40204119682312
961.0 98.47467541694641
962.0 98.56354594230652
963.0 98.61188530921936
964.0 98.68482947349548
965.0 98.67688417434692
966.0 98.76256585121155
967.0 98.87170791625977
968.0 98.84663224220276
969.0 98.84310364723206
970.0 98.87466430664062
971.0 98.92252087593079
972.0 98.95729422569275
973.0 99.05527234077454
974.0 99.05633330345154
975.0 99.08336997032166
976.0 99.10008907318115
977.0 99.06426072120667
978.0 99.11861419677734
979.0 99.09986853599548
980.0 99.07510876655579
981.0 99.03370141983032
982.0 98.96349310874939
983.0 99.01121854782104
984.0 98.94959926605225
985.0 98.94013404846191
986.0 98.81913661956787
987.0 98.87287020683289
988.0 98.74439835548401
989.0 98.72596859931946
990.0 98.71010184288025
991.0 98.68056178092957
992.0 98.76309037208557
993.0 98.7047791481018
994.0 98.67791533470154
995.0 98.71634244918823
996.0 98.67433309555054
997.0 98.79226684570312
998.0 98.81976246833801
999.0 98.86512160301208
1000.0 98.91290068626404
1001.0 98.87875318527222
1002.0 99.01278614997864
1003.0 99.03091192245483
1004.0 99.10620450973511
1005.0 99.06070828437805
1006.0 99.18592572212219
1007.0 99.17619824409485
1008.0 99.160635471344
1009.0 99.09165501594543
1010.0 99.15884733200073
1011.0 99.16118383407593
1012.0 99.07603859901428
1013.0 99.0418791770935
1014.0 99.04818534851074
1015.0 99.02937412261963
1016.0 99.00140762329102
1017.0 99.0355908870697
1018.0 99.02002215385437
1019.0 98.94886016845703
1020.0 99.00832772254944
1021.0 99.09780025482178
1022.0 98.99052381515503
1023.0 99.00723695755005
1024.0 99.01195168495178
1025.0 98.96508455276489
1026.0 99.0485668182373
1027.0 99.11566972732544
1028.0 99.08686876296997
1029.0 99.15657043457031
1030.0 99.1730272769928
1031.0 99.12468194961548
1032.0 99.19508099555969
1033.0 99.12647008895874
1034.0 99.16784763336182
1035.0 99.23604726791382
1036.0 99.16456937789917
1037.0 99.14814829826355
1038.0 99.12746548652649
1039.0 99.07185435295105
1040.0 98.99144768714905
1041.0 99.0843415260315
1042.0 99.02910590171814
1043.0 98.98245334625244
1044.0 99.07526969909668
1045.0 98.74752759933472
1046.0 98.96296858787537
1047.0 98.87427091598511
1048.0 98.93860816955566
1049.0 98.80374670028687
1050.0 98.83565902709961
1051.0 98.82088899612427
1052.0 98.8166868686676
1053.0 98.71177077293396
1054.0 98.85236024856567
1055.0 99.06336665153503
1056.0 98.95142912864685
1057.0 98.96459579467773
1058.0 98.82748126983643
1059.0 98.87293577194214
1060.0 98.99172782897949
1061.0 98.9330530166626
1062.0 98.92873167991638
1063.0 98.87151718139648
1064.0 99.13823008537292
1065.0 98.91839623451233
1066.0 99.07237887382507
1067.0 98.95960688591003
1068.0 99.03088808059692
1069.0 98.80121946334839
1070.0 99.23874735832214
1071.0 98.97987842559814
1072.0 99.08531308174133
1073.0 99.1676390171051
1074.0 98.8318145275116
1075.0 98.7740159034729
1076.0 98.59992861747742
1077.0 98.82469773292542
1078.0 99.04196262359619
1079.0 98.70682954788208
1080.0 99.34609532356262
1081.0 98.7049400806427
1082.0 98.61658215522766
1083.0 98.71192574501038
1084.0 98.87053966522217
1085.0 98.96921515464783
1086.0 98.68635535240173
1087.0 98.83381724357605
1088.0 98.57566356658936
1089.0 98.48896265029907
1090.0 98.89649152755737
1091.0 98.58711957931519
1092.0 98.59958291053772
1093.0 98.50307106971741
1094.0 98.46786856651306
1095.0 98.29846024513245
1096.0 98.53208661079407
1097.0 98.4251320362091
1098.0 97.88817167282104
1099.0 98.64490628242493
1100.0 98.27811121940613
