lsstCam/transmission_filter_detector/r13_s22/y_10/19700101T000000.ecsv
# %ECSV 1.0
# ---
# datatype:
# - {name: wavelength, unit: nm, datatype: float32}
# - {name: efficiency, unit: '%', datatype: float64}
# meta: !!omap
# - {MODE: DETECTOR}
# - {TYPE: transmission_filter_detector}
# - {CALIBDATE: '1970-01-01T00:00:00'}
# - {INSTRUME: LSSTCam}
# - {OBSTYPE: transmission_filter_detector}
# - {CALIBCLS: lsst.ip.isr.IntermediateFilterDetectorTransmissionCurve}
# - {SOURCE: Materion (DM-46256)}
# - {DETECTOR: 62}
# - {FILTER: y_10}
# - {CALIB_ID: 'calibDate=1970-01-01T00:00:00 filter=y_10 detector=62'}
# - {DATE: '2025-04-02T15:59:51.028458'}
# - {CALIB_CREATION_DATE: '2025-04-02'}
# - {CALIB_CREATION_TIME: '15:59:51'}
# - __serialized_columns__:
#     efficiency:
#       __class__: astropy.units.quantity.Quantity
#       unit: !astropy.units.Unit {unit: '%'}
#       value: !astropy.table.SerializedColumn {name: efficiency}
#     wavelength:
#       __class__: astropy.units.quantity.Quantity
#       unit: !astropy.units.Unit {unit: nm}
#       value: !astropy.table.SerializedColumn {name: wavelength}
# schema: astropy-2.0
wavelength efficiency
300.0 0.5372106563299894
301.0 0.28951435815542936
302.0 0.041818030877038836
303.0 0.03577032184693962
304.0 0.02972261281684041
305.0 0.020060414681211114
306.0 0.010398210724815726
307.0 0.017653964459896088
308.0 0.024909715284593403
309.0 0.018115008424501866
310.0 0.01132029719883576
311.0 0.010149709123652428
312.0 0.008979119593277574
313.0 0.007833561539882794
314.0 0.0066880034864880145
315.0 0.006510038656415418
316.0 0.006332076736725867
317.0 0.0062098602938931435
318.0 0.006087639485485852
319.0 0.0026260429876856506
320.0 1.5958125662920986e-10
321.0 0.0018926966731669381
322.0 0.00462094867543783
323.0 0.0034952601708937436
324.0 0.0023695718482485972
325.0 0.001322590105701238
326.0 0.00027560809030546807
327.0 0.0011705065844580531
328.0 0.0020654051695601083
329.0 0.003414122329559177
330.0 0.004762839671457186
331.0 0.0042237374145770445
332.0 0.0036846344301011413
333.0 0.0027850837795995176
334.0 0.0018855325834010728
335.0 0.002027720256592147
336.0 0.0021699084754800424
337.0 0.0025934161385521293
338.0 0.003016923255927395
339.0 0.0014336900676426012
340.0 1.5958125662920986e-10
341.0 1.5958125662920986e-10
342.0 1.5958125662920986e-10
343.0 0.0003760625077120494
344.0 0.001023350159812253
345.0 0.0012583439456648193
346.0 0.001493338368163677
347.0 0.001511667505837977
348.0 0.0015299963706638664
349.0 0.001390027318848297
350.0 0.0012500579032348469
351.0 0.0015776022337377071
352.0 0.0019051460185437463
353.0 0.001556045754114166
354.0 0.0012069455806340557
355.0 0.0012361013432382606
356.0 0.0012652571058424655
357.0 0.0011145282769575715
358.0 0.0009637992661737371
359.0 0.0010132228453585412
360.0 0.0010626464245433453
361.0 0.0013556409612647258
362.0 0.0016486352251376957
363.0 0.0012468168279156089
364.0 0.0008449979759461712
365.0 0.0011783326044678688
366.0 0.0015116678696358576
367.0 0.002054113065241836
368.0 0.0025965582608478144
369.0 0.0021685757019440643
370.0 0.001740593506838195
371.0 0.0016426063666585833
372.0 0.0015446190445800312
373.0 0.0019762910596909933
374.0 0.0024079630748019554
375.0 0.003313251363579184
376.0 0.004218539470457472
377.0 0.004217667810735293
378.0 0.0042167961510131136
379.0 0.0036570792872225866
380.0 0.0030973624234320596
381.0 0.0021506359189515933
382.0 0.0012039090506732464
383.0 0.0011583596460695844
384.0 0.0011128098776680417
385.0 0.0008698931196704507
386.0 0.0006269764526223298
387.0 0.0006866477178846253
388.0 0.0007463191195711261
389.0 0.0005847647571499692
390.0 0.00042321057662775274
391.0 0.0005107741799292853
392.0 0.000598337828705553
393.0 0.0006135508556326386
394.0 0.0006287640644586645
395.0 0.000530097850059974
396.0 0.0004314317266107537
397.0 0.0007170418030000292
398.0 0.0010026517884398345
399.0 0.0012458128367143217
400.0 0.0014889739759382792
401.0 0.0016872978449100628
402.0 0.0018856220776797272
403.0 0.001896735921036452
404.0 0.0019078499462921172
405.0 0.0018373533748672344
406.0 0.0017668571672402322
407.0 0.001448677994630998
408.0 0.0011304990039207041
409.0 0.00090610474217101
410.0 0.0006817102530476404
411.0 0.0006607065188291017
412.0 0.000639702830085298
413.0 0.0009291380592912901
414.0 0.0012185730156488717
415.0 0.0017311382180196233
416.0 0.0022437036022893153
417.0 0.0010121586456079967
418.0 1.5958125662920986e-10
419.0 1.5958125662920986e-10
420.0 1.5958125662920986e-10
421.0 1.5958125662920986e-10
422.0 0.0008041775799938478
423.0 0.0006862518603156786
424.0 0.0005683259587385692
425.0 1.5958125662920986e-10
426.0 1.5958125662920986e-10
427.0 1.5958125662920986e-10
428.0 0.00016596607110841433
429.0 1.5958125662920986e-10
430.0 1.5958125662920986e-10
431.0 0.0002983499371111975
432.0 0.0014305800505098887
433.0 0.0010630138604028616
434.0 0.0006954482614673907
435.0 0.00014507090781989973
436.0 1.5958125662920986e-10
437.0 1.5958125662920986e-10
438.0 1.5958125662920986e-10
439.0 1.5958125662920986e-10
440.0 1.5958125662920986e-10
441.0 1.5958125662920986e-10
442.0 1.5958125662920986e-10
443.0 1.5958125662920986e-10
444.0 0.00020628910988307325
445.0 0.00021704986465920229
446.0 0.00022781059669796377
447.0 0.0006741961897205329
448.0 0.001120581782743102
449.0 0.000911515235202387
450.0 0.0007024485967122018
451.0 0.0004145180355408229
452.0 0.0001265875766875979
453.0 1.5958125662920986e-10
454.0 1.5958125662920986e-10
455.0 1.5958125662920986e-10
456.0 0.00011127051493531326
457.0 0.00011985672472292208
458.0 0.00012844287766711204
459.0 0.00014082634152146056
460.0 0.00015320978263844154
461.0 0.0002694264139790903
462.0 0.00038564303395105526
463.0 0.0005239858182903845
464.0 0.0006623286935791839
465.0 0.0006789824965380831
466.0 0.0006956364359211875
467.0 0.0011232144061068539
468.0 0.0015507923308177851
469.0 0.0016282421711366624
470.0 0.001705691647657659
471.0 0.0016124733519973233
472.0 0.0015192549653875176
473.0 0.002050453440460842
474.0 0.0025816518245846964
475.0 0.0026499204977881163
476.0 0.0027181891709915362
477.0 0.003175798337906599
478.0 0.0036334073229227215
479.0 0.004273467129678465
480.0 0.004913526572636329
481.0 0.004892360448138788
482.0 0.004871194323641248
483.0 0.00423735509684775
484.0 0.0036035158700542524
485.0 0.0037945319490972906
486.0 0.003985548028140329
487.0 0.00334676296915859
488.0 0.0027079777282779105
489.0 0.0024977693101391196
490.0 0.00228756143769715
491.0 0.001829565007938072
492.0 0.0013715685781789944
493.0 0.0011109049410151783
494.0 0.0008502418495481834
495.0 0.0011642558092717081
496.0 0.0014782699508941732
497.0 0.0018305523553863168
498.0 0.0021828353055752814
499.0 0.0022795109543949366
500.0 0.002376186785113532
501.0 0.002498267713235691
502.0 0.0026203488232567906
503.0 0.0027745052648242563
504.0 0.0029286615244927816
505.0 0.0032902502425713465
506.0 0.0036518391425488517
507.0 0.0027347445211489685
508.0 0.0018176493540522642
509.0 0.0019343151507200673
510.0 0.0020509805835899897
511.0 0.0021616991944028996
512.0 0.0022724178052158095
513.0 0.0019641916878754273
514.0 0.0016559659343329258
515.0 0.0015553854609606788
516.0 0.0014548048056894913
517.0 0.0014435980119742453
518.0 0.001432390581612708
519.0 0.0014059065506444313
520.0 0.0013794221558782738
521.0 0.001637333662074525
522.0 0.0018952448954223655
523.0 0.0016843618141137995
524.0 0.0014734788237547036
525.0 0.0021104446204844862
526.0 0.0027474112357595004
527.0 0.0025389239453943446
528.0 0.002330436836928129
529.0 0.00245960818574531
530.0 0.00258877917076461
531.0 0.0025045945221791044
532.0 0.0024204093278967775
533.0 0.002487979509169236
534.0 0.002555549144744873
535.0 0.002223495721409563
536.0 0.0018914419342763722
537.0 0.0023171505745267496
538.0 0.002742859214777127
539.0 0.003335782457725145
540.0 0.003928705336875282
541.0 0.0039498801925219595
542.0 0.003971054684370756
543.0 0.0042220850446028635
544.0 0.004473115404834971
545.0 0.004953916868544184
546.0 0.0054347183322533965
547.0 0.004472754517337307
548.0 0.003510790702421218
549.0 0.0029872910090489313
550.0 0.002463790588080883
551.0 0.002552121804910712
552.0 0.0026404528398416005
553.0 0.0031196574127534404
554.0 0.0035988614399684593
555.0 0.0038373469578800723
556.0 0.004075832475791685
557.0 0.003688037031679414
558.0 0.003300241587567143
559.0 0.003297657167422585
560.0 0.003295073111075908
561.0 0.003468288923613727
562.0 0.0036415047361515462
563.0 0.0035815948649542406
564.0 0.0035216846299590543
565.0 0.003916177593055181
566.0 0.004310670919949189
567.0 0.0044341239117784426
568.0 0.004557576539809816
569.0 0.005038811650592834
570.0 0.005520047125173733
571.0 0.005647973375744186
572.0 0.00577589962631464
573.0 0.006233093881746754
574.0 0.0066902888647746295
575.0 0.006519404996652156
576.0 0.006348521128529683
577.0 0.005761940701631829
578.0 0.005175361002329737
579.0 0.005998916458338499
580.0 0.006822472641943023
581.0 0.007241228013299406
582.0 0.007659981929464266
583.0 0.008551200880901888
584.0 0.009442416921956465
585.0 0.009680270159151405
586.0 0.009918124123942107
587.0 0.009906454215524718
588.0 0.00989477994153276
589.0 0.010422914783703163
590.0 0.01095105180866085
591.0 0.010185164865106344
592.0 0.009419277921551839
593.0 0.007607905718032271
594.0 0.005796534969704226
595.0 0.005552307266043499
596.0 0.0053080795623827726
597.0 0.005915620204177685
598.0 0.006523160845972598
599.0 0.007381805335171521
600.0 0.008240448369178921
601.0 0.00893379037734121
602.0 0.009627130930311978
603.0 0.010602068505249918
604.0 0.01157700753537938
605.0 0.011521531268954277
606.0 0.011466055730124936
607.0 0.009931762178894132
608.0 0.008397471538046375
609.0 0.006697034405078739
610.0 0.0049965990911005065
611.0 0.004215064109303057
612.0 0.003433528763707727
613.0 0.003820714118774049
614.0 0.004207898746244609
615.0 0.0048882848204812035
616.0 0.005568671622313559
617.0 0.006946562643861398
618.0 0.008324453665409237
619.0 0.009258909994969144
620.0 0.010193367052124813
621.0 0.011265461944276467
622.0 0.01233755610883236
623.0 0.012310022430028766
624.0 0.01228248729603365
625.0 0.01070316502591595
626.0 0.009123839845415205
627.0 0.007323260069824755
628.0 0.005522678839042783
629.0 0.004586659269989468
630.0 0.003650640428531915
631.0 0.0030850558687234297
632.0 0.002519470945117064
633.0 0.0027292755476082675
634.0 0.002939080150099471
635.0 0.0029956785510876216
636.0 0.0030522762244800106
637.0 0.003677445783978328
638.0 0.004302614979678765
639.0 0.0045834440243197605
640.0 0.004864272705162875
641.0 0.005340979259926826
642.0 0.0058176854508928955
643.0 0.005760010390076786
644.0 0.005702334965462796
645.0 0.005209793016547337
646.0 0.0047172503400361165
647.0 0.0038527250580955297
648.0 0.0029882001399528235
649.0 0.002280366425111424
650.0 0.0015725323464721441
651.0 0.0016305008102790453
652.0 0.0016884698197827674
653.0 0.001551208333694376
654.0 0.0014139468476059847
655.0 0.0014418802493310068
656.0 0.0014698138329549693
657.0 0.001380122012051288
658.0 0.0012904303730465472
659.0 0.001777691431925632
660.0 0.002264952490804717
661.0 0.0019651608454296365
662.0 0.0016653692000545561
663.0 0.002355047035962343
664.0 0.0030447248718701303
665.0 0.0036378827644512057
666.0 0.00423103992943652
667.0 0.004885518865194172
668.0 0.005539996345760301
669.0 0.005635060006170534
670.0 0.00573012039239984
671.0 0.006328879680950195
672.0 0.00692763933329843
673.0 0.007614700734848157
674.0 0.008301762863993645
675.0 0.007880009070504457
676.0 0.007458256732206792
677.0 0.005934604268986732
678.0 0.004410952533362433
679.0 0.0029096110665705055
680.0 0.0014082706911722198
681.0 0.0005730981683882419
682.0 1.5958125662920986e-10
683.0 0.0001173221789940726
684.0 0.0004967188488080865
685.0 0.0003219451173208654
686.0 0.0001471713062528579
687.0 0.00025385006665601395
688.0 0.0003605288156904862
689.0 0.0003484269655018579
690.0 0.0003363251607879647
691.0 0.0003918191396223847
692.0 0.0004473131411941722
693.0 0.00037645829706889344
694.0 0.00030560343020624714
695.0 0.0004117607204534579
696.0 0.0005179179879633011
697.0 0.0005315631824487355
698.0 0.0005452082859846996
699.0 0.0004333978267823113
700.0 0.00032158711746888
701.0 0.000261802460954641
702.0 0.00020201789538987214
703.0 0.00035680677683558315
704.0 0.0005115956810186617
705.0 0.0005083338237454882
706.0 0.0005050717845733743
707.0 0.00012702753338089678
708.0 1.5958125662920986e-10
709.0 1.5958125662920986e-10
710.0 0.000208665665013541
711.0 0.0003516800916258944
712.0 0.0004946945409756154
713.0 0.00025333517896797275
714.0 1.1975870961578039e-05
715.0 0.00023714637791272253
716.0 0.00046231684791564476
717.0 0.00033462868032074766
718.0 0.00020694055820058566
719.0 0.00040446520870318636
720.0 0.0006019899046805222
721.0 0.0004884755526290974
722.0 0.0003749613142645103
723.0 0.00035185096294299
724.0 0.0003287407025709399
725.0 0.0004832772901863791
726.0 0.0006378141279128613
727.0 0.0002560793291195296
728.0 1.5958125662920986e-10
729.0 8.814563443593215e-05
730.0 0.00030194657938409364
731.0 0.0005778942067991011
732.0 0.0008538420843251515
733.0 0.0003183133458151133
734.0 1.5958125662920986e-10
735.0 1.5958125662920986e-10
736.0 1.5958125662920986e-10
737.0 0.00045172168938734103
738.0 0.0010708748050092254
739.0 0.0006962847692193463
740.0 0.00032169450605579186
741.0 0.00018137779989046976
742.0 4.106112214685709e-05
743.0 1.5958125662920986e-10
744.0 1.5958125662920986e-10
745.0 0.00027056312319473363
746.0 0.0006365839908539783
747.0 0.0003002413222930045
748.0 1.5958125662920986e-10
749.0 1.5958125662920986e-10
750.0 1.5958125662920986e-10
751.0 1.5958125662920986e-10
752.0 6.731169719387253e-05
753.0 0.00023163222522271099
754.0 0.00039595274756720755
755.0 1.5958125662920986e-10
756.0 1.5958125662920986e-10
757.0 1.5958125662920986e-10
758.0 1.5958125662920986e-10
759.0 0.00016508741964571527
760.0 0.0006322296030703001
761.0 0.0002873392304536537
762.0 1.5958125662920986e-10
763.0 1.5958125662920986e-10
764.0 1.5958125662920986e-10
765.0 0.0001588963073118066
766.0 0.0004418451226229081
767.0 4.899007421954593e-05
768.0 1.5958125662920986e-10
769.0 1.5958125662920986e-10
770.0 1.5958125662920986e-10
771.0 1.5958125662920986e-10
772.0 1.5958125662920986e-10
773.0 0.0001608544494047237
774.0 0.0006562784164998448
775.0 0.00035466227927827276
776.0 5.304602836986305e-05
777.0 0.0001516168254056538
778.0 0.0002501876451788121
779.0 0.000417508817918133
780.0 0.0005848299224453513
781.0 0.0006319418844213942
782.0 0.0006790538463974372
783.0 0.0005550068181037204
784.0 0.0004309598352847388
785.0 0.00032135596939042443
786.0 0.00021175178517296445
787.0 0.0005942918505752459
788.0 0.0009768317795533221
789.0 0.0007395944521704223
790.0 0.0005023572157369927
791.0 0.0004644836280931486
792.0 0.00042660985855036415
793.0 0.0005188537670619553
794.0 0.0006110973572504008
795.0 0.0008232684194808826
796.0 0.001035439345287159
797.0 0.0005652196705341339
798.0 9.5000132205314e-05
799.0 0.0004723463916889159
800.0 0.0008496926966472529
801.0 0.0005103204330225708
802.0 0.0001709481352918374
803.0 0.00034562967812235
804.0 0.0005203111868468113
805.0 0.0007255172477016458
806.0 0.0009307232176070102
807.0 0.0005689916633855319
808.0 0.00020726008642668603
809.0 1.5958125662920986e-10
810.0 1.5958125662920986e-10
811.0 0.00020892052816634532
812.0 0.0006472336281149182
813.0 0.0008835782864480279
814.0 0.0011199227628821973
815.0 0.0011007317880284972
816.0 0.001081540176528506
817.0 0.0009318306183558889
818.0 0.0007821211511327419
819.0 0.000832077694212785
820.0 0.0008820343282422982
821.0 0.0009026368388731498
822.0 0.0009232392585545313
823.0 0.0008008803888515104
824.0 0.0006785217919969
825.0 0.0007337569513765629
826.0 0.0007889922017056961
827.0 0.0008039469321374781
828.0 0.0008189018444682006
829.0 0.00038148914427438285
830.0 1.5958125662920986e-10
831.0 1.5958125662920986e-10
832.0 1.3419388267266186e-05
833.0 0.00037216625514702173
834.0 0.0007309130523935892
835.0 0.00013227561339590466
836.0 1.5958125662920986e-10
837.0 1.5958125662920986e-10
838.0 2.5652610702309175e-05
839.0 0.0003753424152819207
840.0 0.0007250322596519254
841.0 0.0009906936611514539
842.0 0.0012563551536004525
843.0 0.0009749482160259504
844.0 0.0006935410510777729
845.0 0.0006553164439537795
846.0 0.000617091745880316
847.0 0.0008424489351455122
848.0 0.0010678061698854435
849.0 0.0008665229870530311
850.0 0.0006652393494732678
851.0 0.001053477535606362
852.0 0.0014417156307899859
853.0 0.0006717264113831334
854.0 1.5958125662920986e-10
855.0 1.5958125662920986e-10
856.0 1.5958125662920986e-10
857.0 0.00039927645048010163
858.0 0.0014833552086201962
859.0 0.0012891224287159275
860.0 0.0010948893759632483
861.0 0.001347042325505754
862.0 0.0015991954569472
863.0 0.0017789679986890405
864.0 0.0019587403585319407
865.0 0.001981985587917734
866.0 0.002005231181101408
867.0 0.0027615509679890238
868.0 0.0035178705729776993
869.0 0.003159585321554914
870.0 0.0028012998882331885
871.0 0.003321288386359811
872.0 0.0038412767025874928
873.0 0.002820967165462207
874.0 0.001800657992134802
