lsstCam/transmission_filter_detector/r13_s22/y_10/19700101T000000.ecsv
# %ECSV 1.0
# ---
# datatype:
# - {name: wavelength, unit: nm, datatype: float32}
# - {name: efficiency, unit: '%', datatype: float64}
# meta: !!omap
# - {MODE: DETECTOR}
# - {TYPE: transmission_filter_detector}
# - {CALIBDATE: '1970-01-01T00:00:00'}
# - {INSTRUME: LSSTCam}
# - {OBSTYPE: transmission_filter_detector}
# - {CALIBCLS: lsst.ip.isr.IntermediateFilterDetectorTransmissionCurve}
# - {SOURCE: Materion (DM-46256)}
# - {DETECTOR: 62}
# - {FILTER: y_10}
# - {CALIB_ID: 'calibDate=1970-01-01T00:00:00 filter=y_10 detector=62'}
# - {DATE: '2025-04-02T15:59:51.028458'}
# - {CALIB_CREATION_DATE: '2025-04-02'}
# - {CALIB_CREATION_TIME: '15:59:51'}
# - __serialized_columns__:
#     efficiency:
#       __class__: astropy.units.quantity.Quantity
#       unit: !astropy.units.Unit {unit: '%'}
#       value: !astropy.table.SerializedColumn {name: efficiency}
#     wavelength:
#       __class__: astropy.units.quantity.Quantity
#       unit: !astropy.units.Unit {unit: nm}
#       value: !astropy.table.SerializedColumn {name: wavelength}
# schema: astropy-2.0
wavelength efficiency
[from data line 576]
876.0 0.0032222662412095815
877.0 0.0021655174350598827
878.0 0.0011087688108091243
879.0 0.001974659062398132
880.0 0.08831371087580919
881.0 0.09687566198408604
882.0 0.05939118564128876
883.0 0.09964011842384934
884.0 0.07084548124112189
885.0 0.0922752427868545
886.0 0.07693041698075831
887.0 0.09911471279338002
888.0 0.06651681032963097
889.0 0.1094544306397438
890.0 0.07194726495072246
891.0 0.10083012748509645
892.0 0.07071449654176831
893.0 0.10553046595305204
894.0 0.07443332578986883
895.0 0.1047115889377892
896.0 0.0909360300283879
897.0 0.11191769735887647
898.0 0.10446831583976746
899.0 0.13352250680327415
900.0 0.11657947907224298
901.0 0.15075384872034192
902.0 0.1587567967362702
903.0 0.17750238766893744
904.0 0.2086825668811798
905.0 0.25430130772292614
906.0 0.326609774492681
907.0 0.39893812499940395
908.0 0.5390684586018324
909.0 0.7369962520897388
910.0 1.0425269603729248
911.0 1.4889158308506012
912.0 2.206302247941494
913.0 3.2614875584840775
914.0 4.525464028120041
915.0 6.380036473274231
916.0 8.573686331510544
917.0 10.993799567222595
918.0 13.739174604415894
919.0 16.338783502578735
920.0 19.82785314321518
921.0 23.459771275520325
922.0 27.093833684921265
923.0 31.433048844337463
924.0 36.14199161529541
925.0 41.401904821395874
926.0 47.647824883461
927.0 54.3965220451355
928.0 60.282689332962036
929.0 66.69421195983887
930.0 72.28915095329285
931.0 77.79836654663086
932.0 82.80918002128601
933.0 87.08805441856384
934.0 90.20525813102722
935.0 92.41085052490234
936.0 94.09970045089722
937.0 95.28796672821045
938.0 96.0348904132843
939.0 96.42078280448914
940.0 96.71415686607361
941.0 96.9713568687439
942.0 97.1425473690033
943.0 97.22633361816406
944.0 97.47703075408936
945.0 97.46421575546265
946.0 97.48126268386841
947.0 97.47586846351624
948.0 97.63226509094238
949.0 97.4849283695221
950.0 97.65206575393677
951.0 97.7152168750763
952.0 97.75546193122864
953.0 97.93380498886108
954.0 98.05750250816345
955.0 98.08754920959473
956.0 98.28805327415466
957.0 98.4994888305664
958.0 98.64635467529297
959.0 98.72472882270813
960.0 98.79404306411743
961.0 98.84934425354004
962.0 98.93826842308044
963.0 98.93825054168701
964.0 98.93646836280823
965.0 98.97099137306213
966.0 99.03470277786255
967.0 99.11377429962158
968.0 99.06461834907532
969.0 99.08002614974976
970.0 99.14606809616089
971.0 99.18894171714783
972.0 99.20868873596191
973.0 99.34108257293701
974.0 99.32532906532288
975.0 99.30437207221985
976.0 99.34472441673279
977.0 99.33106899261475
978.0 99.38857555389404
979.0 99.31447505950928
980.0 99.28593635559082
981.0 99.2085337638855
982.0 99.13989305496216
983.0 99.16916489601135
984.0 99.10423159599304
985.0 99.10939931869507
986.0 99.00482892990112
987.0 99.07444715499878
988.0 98.97180795669556
989.0 98.98515343666077
990.0 98.9384412765503
991.0 98.9505410194397
992.0 99.06461834907532
993.0 99.0021288394928
994.0 98.98892045021057
995.0 99.01905059814453
996.0 99.02554750442505
997.0 99.13772344589233
998.0 99.15881156921387
999.0 99.21703934669495
1000.0 99.26946759223938
1001.0 99.20337796211243
1002.0 99.28445816040039
1003.0 99.31166172027588
1004.0 99.40006732940674
1005.0 99.2936909198761
1006.0 99.41765666007996
1007.0 99.38818216323853
1008.0 99.36253428459167
1009.0 99.31958317756653
1010.0 99.38324689865112
1011.0 99.37253594398499
1012.0 99.24485683441162
1013.0 99.25046563148499
1014.0 99.2193341255188
1015.0 99.20285940170288
1016.0 99.1855800151825
1017.0 99.20853972434998
1018.0 99.25302863121033
1019.0 99.20809268951416
1020.0 99.2333471775055
1021.0 99.4055986404419
1022.0 99.27713871002197
1023.0 99.26918148994446
1024.0 99.28820729255676
1025.0 99.27448034286499
1026.0 99.35952425003052
1027.0 99.47959184646606
1028.0 99.37863349914551
1029.0 99.48101043701172
1030.0 99.49851036071777
1031.0 99.43135976791382
1032.0 99.4543969631195
1033.0 99.42286610603333
1034.0 99.48108792304993
1035.0 99.49164986610413
1036.0 99.41238164901733
1037.0 99.44431185722351
1038.0 99.393630027771
1039.0 99.43102598190308
1040.0 99.25845861434937
1041.0 99.40108060836792
1042.0 99.34797286987305
1043.0 99.27135705947876
1044.0 99.35380816459656
1045.0 99.08328056335449
1046.0 99.29542541503906
1047.0 99.1944968700409
1048.0 99.26302433013916
1049.0 99.19695854187012
1050.0 99.15353059768677
1051.0 99.12320971488953
1052.0 99.13412928581238
1053.0 99.0562915802002
1054.0 99.2529034614563
1055.0 99.3976891040802
1056.0 99.18274879455566
1057.0 99.28516149520874
1058.0 99.13238286972046
1059.0 99.1154670715332
1060.0 99.31104183197021
1061.0 99.16529655456543
1062.0 99.16473031044006
1063.0 99.0866482257843
1064.0 99.2719054222107
1065.0 99.14950728416443
1066.0 99.18142557144165
1067.0 99.28139448165894
1068.0 99.20264482498169
1069.0 98.9758312702179
1070.0 99.44404363632202
1071.0 99.13014769554138
1072.0 99.24371838569641
1073.0 99.24070835113525
1074.0 99.06989336013794
1075.0 98.91937971115112
1076.0 98.8202691078186
1077.0 99.21000599861145
1078.0 99.37174320220947
1079.0 98.91789555549622
1080.0 99.56096410751343
1081.0 98.88890385627747
1082.0 98.89050722122192
1083.0 98.75265955924988
1084.0 99.19753074645996
1085.0 99.09362196922302
1086.0 98.81054162979126
1087.0 99.01353716850281
1088.0 98.79921078681946
1089.0 98.81182909011841
1090.0 98.82200956344604
1091.0 98.98027181625366
1092.0 99.01477694511414
1093.0 98.7796425819397
1094.0 98.86747002601624
1095.0 98.6983060836792
1096.0 98.78928065299988
1097.0 98.25503826141357
1098.0 98.01504015922546
1099.0 98.50817918777466
1100.0 98.10659289360046
