lsstCam/transmission_filter_detector/r32_s22/g_6/19700101T000000.ecsv
# %ECSV 1.0
# ---
# datatype:
# - {name: wavelength, unit: nm, datatype: float32}
# - {name: efficiency, unit: '%', datatype: float64}
# meta: !!omap
# - {MODE: DETECTOR}
# - {TYPE: transmission_filter_detector}
# - {CALIBDATE: '1970-01-01T00:00:00'}
# - {INSTRUME: LSSTCam}
# - {OBSTYPE: transmission_filter_detector}
# - {CALIBCLS: lsst.ip.isr.IntermediateFilterDetectorTransmissionCurve}
# - {SOURCE: Materion (DM-46256)}
# - {DETECTOR: 143}
# - {FILTER: g_6}
# - {CALIB_ID: 'calibDate=1970-01-01T00:00:00 filter=g_6 detector=143'}
# - {DATE: '2025-04-02T15:59:42.689456'}
# - {CALIB_CREATION_DATE: '2025-04-02'}
# - {CALIB_CREATION_TIME: '15:59:42'}
# - __serialized_columns__:
#     efficiency:
#       __class__: astropy.units.quantity.Quantity
#       unit: !astropy.units.Unit {unit: '%'}
#       value: !astropy.table.SerializedColumn {name: efficiency}
#     wavelength:
#       __class__: astropy.units.quantity.Quantity
#       unit: !astropy.units.Unit {unit: nm}
#       value: !astropy.table.SerializedColumn {name: wavelength}
# schema: astropy-2.0
wavelength efficiency
300.0 0.34188413992524147
301.0 0.2961385529488325
302.0 0.2503929892554879
303.0 0.24148670490831137
304.0 0.2325804904103279
305.0 0.2253930550068617
306.0 0.21820564288645983
307.0 0.21400479599833488
308.0 0.20980392582714558
309.0 0.20075924694538116
310.0 0.19171452149748802
311.0 0.1923293457366526
312.0 0.19294415833428502
313.0 0.19049003021791577
314.0 0.1880359137430787
315.0 0.1821981160901487
316.0 0.17636034172028303
317.0 0.17359131015837193
318.0 0.170822290237993
319.0 0.15865733148530126
320.0 0.1464923727326095
321.0 0.13732478255406022
322.0 0.12815719237551093
323.0 0.1148144481703639
324.0 0.10147171560674906
325.0 0.09056631242856383
326.0 0.07966090342961252
327.0 0.07392295519821346
328.0 0.06818500114604831
329.0 0.06294370396062732
330.0 0.05770240677520633
331.0 0.054055609507486224
332.0 0.05040880641900003
333.0 0.0468835438368842
334.0 0.04335827543400228
335.0 0.04164357669651508
336.0 0.03992887504864484
337.0 0.04019812622573227
338.0 0.04046737449243665
339.0 0.039794231997802854
340.0 0.03912108368240297
341.0 0.03731120959855616
342.0 0.03550133260432631
343.0 0.03249033179599792
344.0 0.029479330987669528
345.0 0.02591739466879517
346.0 0.02235545834992081
347.0 0.020475038036238402
348.0 0.018594619177747518
349.0 0.01732039963826537
350.0 0.30850006733089685
351.0 1.1695793829858303
352.0 0.5489175207912922
353.0 0.7866059429943562
354.0 0.42365859262645245
355.0 0.8563953451812267
356.0 0.4626738838851452
357.0 1.090062502771616
358.0 0.25808378122746944
359.0 0.8132581599056721
360.0 0.2768611302599311
361.0 0.7750310003757477
362.0 0.19247658783569932
363.0 0.8651837706565857
364.0 0.21691718138754368
365.0 0.8081769570708275
366.0 0.24645172525197268
367.0 0.7884826511144638
368.0 0.22551610600203276
369.0 0.591446366161108
370.0 0.22376328706741333
371.0 0.6017634179443121
372.0 0.23370315320789814
373.0 0.6697096396237612
374.0 0.2699453616514802
375.0 0.5851578898727894
376.0 0.23972773924469948
377.0 0.5196528043597937
378.0 0.20537376403808594
379.0 0.537689495831728
380.0 0.2593293320387602
381.0 0.48746606335043907
382.0 0.5791483446955681
383.0 0.5233463831245899
384.0 0.615184847265482
385.0 0.584511598572135
386.0 0.583619624376297
387.0 0.695051858201623
388.0 0.8581106550991535
389.0 1.159253902733326
390.0 1.6098590567708015
391.0 2.4807533249258995
392.0 3.943391516804695
393.0 6.286083161830902
394.0 9.484278410673141
395.0 13.927978277206421
396.0 19.427332282066345
397.0 26.426777243614197
398.0 34.69062149524689
399.0 43.790680170059204
400.0 53.17191481590271
401.0 62.32272386550903
402.0 70.88822722434998
403.0 78.3513605594635
404.0 83.95333290100098
405.0 88.22762370109558
406.0 90.73103070259094
407.0 92.7606463432312
408.0 93.88095140457153
409.0 94.59604620933533
410.0 94.8621153831482
411.0 94.69559788703918
412.0 94.3689227104187
413.0 94.13471221923828
414.0 93.9876914024353
415.0 94.08437609672546
416.0 94.39243674278259
417.0 94.77623701095581
418.0 95.21768093109131
419.0 95.80487608909607
420.0 96.3346540927887
421.0 96.92292809486389
422.0 97.06467986106873
423.0 97.31764197349548
424.0 97.07809090614319
425.0 97.06262946128845
426.0 97.04082608222961
427.0 97.05228805541992
428.0 96.83791995048523
429.0 96.67338132858276
430.0 96.53419256210327
431.0 96.48611545562744
432.0 96.58116102218628
433.0 96.64600491523743
434.0 96.71681523323059
435.0 96.84537053108215
436.0 96.92471623420715
437.0 96.94015383720398
438.0 96.97728753089905
439.0 97.06494808197021
440.0 97.0324456691742
441.0 97.1465528011322
442.0 97.20447659492493
443.0 97.15428948402405
444.0 97.12282419204712
445.0 96.83550596237183
446.0 96.74862027168274
447.0 96.53290510177612
448.0 96.55559659004211
449.0 96.69780135154724
450.0 96.94607257843018
451.0 97.12887406349182
452.0 97.32585549354553
453.0 97.40322232246399
454.0 97.48677015304565
455.0 97.75071144104004
456.0 97.8553056716919
457.0 98.01931381225586
458.0 97.98896908760071
459.0 98.055899143219
460.0 98.07024002075195
461.0 98.24347496032715
462.0 98.13017249107361
463.0 98.11269044876099
464.0 98.22261333465576
465.0 98.12065362930298
466.0 98.16356301307678
467.0 98.16985726356506
468.0 98.15127849578857
469.0 98.23368787765503
470.0 98.07034134864807
471.0 97.94943332672119
472.0 98.04736375808716
473.0 97.92488217353821
474.0 97.72467017173767
475.0 97.8342056274414
476.0 97.80440926551819
477.0 97.82550930976868
478.0 97.91119694709778
479.0 97.88472652435303
480.0 98.06908965110779
481.0 98.15453886985779
482.0 98.33866953849792
483.0 98.2235848903656
484.0 98.41892123222351
485.0 98.47331643104553
486.0 98.44916462898254
487.0 98.47719073295593
488.0 98.49727749824524
489.0 98.60283136367798
490.0 98.57008457183838
491.0 98.5756516456604
492.0 98.46197962760925
493.0 98.49616885185242
494.0 98.4129786491394
495.0 98.51564168930054
496.0 98.31914901733398
497.0 98.22703003883362
498.0 98.04989695549011
499.0 98.10214042663574
500.0 98.05840849876404
501.0 98.00896048545837
502.0 97.89778590202332
503.0 98.02643656730652
504.0 97.86216616630554
505.0 97.85834550857544
506.0 97.89981245994568
507.0 97.8783130645752
508.0 97.87656664848328
509.0 97.86460995674133
510.0 97.84830212593079
511.0 97.79271483421326
512.0 97.70063161849976
513.0 97.76540994644165
514.0 97.74287939071655
515.0 97.77404069900513
516.0 97.87107706069946
517.0 97.8634774684906
518.0 97.95513153076172
519.0 97.94029593467712
520.0 97.99148440361023
521.0 98.154217004776
522.0 98.17918539047241
523.0 98.14851880073547
524.0 98.20955991744995
525.0 98.14347624778748
526.0 98.29179048538208
527.0 98.2532262802124
528.0 98.336660861969
529.0 98.46338033676147
530.0 98.43255281448364
531.0 98.61124753952026
532.0 98.4622597694397
533.0 98.45808744430542
534.0 98.51999878883362
535.0 98.31583499908447
536.0 98.00476431846619
537.0 97.54716157913208
538.0 96.81395888328552
539.0 95.54601311683655
540.0 93.9643919467926
541.0 91.45321249961853
542.0 88.76717686653137
543.0 85.25988459587097
544.0 80.76519966125488
545.0 76.756751537323
546.0 71.82929515838623
547.0 67.19019412994385
548.0 62.566107511520386
549.0 58.29656720161438
550.0 54.92846965789795
551.0 51.67827606201172
552.0 49.227941036224365
553.0 46.72068953514099
554.0 43.94117295742035
555.0 40.894195437431335
556.0 36.862221360206604
557.0 32.1553498506546
558.0 26.888999342918396
559.0 21.585144102573395
560.0 16.32862687110901
561.0 11.379857361316681
562.0 7.473959773778915
563.0 4.507005959749222
564.0 2.51973420381546
565.0 1.0150954127311707
566.0 0.6655389908701181
567.0 0.2991142217069864
568.0 0.20157548133283854
569.0 0.10084962705150247
570.0 0.09192010620608926
571.0 0.047516197082586586
572.0 0.05806699045933783
573.0 0.02683329803403467
574.0 0.04524073447100818
575.0 0.024189564283005893
576.0 0.04066126130055636
577.0 0.01775686687324196
578.0 0.03773646603804082
579.0 0.015404851001221687
580.0 0.03036314155906439
581.0 0.016353826504200697
582.0 0.036620127502828836
583.0 0.01668274198891595
584.0 0.02160801232093945
585.0 0.006171896529849619
586.0 0.02349251590203494
587.0 0.011030848691007122
588.0 0.02320889907423407
589.0 0.012710706505458802
590.0 0.025356351397931576
591.0 0.011556358367670327
592.0 0.018654674931894988
593.0 0.009564506763126701
594.0 0.024162206682376564
595.0 0.003566265877452679
596.0 0.011067076411563903
597.0 0.006380530976457521
598.0 0.02498208195902407
599.0 0.0074960466008633375
600.0 0.01768275396898389
601.0 0.002294933801749721
602.0 0.0022182368411449715
603.0 0.002141539880540222
604.0 0.0021258263586787507
605.0 0.0021101128368172795
606.0 0.0020365177988423966
607.0 0.0019629225789685734
608.0 0.001995907041418832
609.0 0.0020288915038690902
610.0 0.002020578358497005
611.0 0.002012264849327039
612.0 0.001931294536916539
613.0 0.0018503242245060392
614.0 0.0018647198885446414
615.0 0.0018791155525832437
616.0 0.0016939948181970976
617.0 0.0015088740838109516
618.0 0.00163062122737756
619.0 0.0017523685528431088
620.0 0.001613927452126518
621.0 0.0014754860785615165
622.0 0.0015450174032594077
623.0 0.0016145486370078288
624.0 0.0016239937394857407
625.0 0.0016334392057615332
626.0 0.001510729271103628
627.0 0.001388019518344663
628.0 0.0014430558621825185
629.0 0.0014980921150709037
630.0 0.0014590515093004797
631.0 0.0014200109035300557
632.0 0.001414314829162322
633.0 0.0014086186638451181
634.0 0.001447002614440862
635.0 0.0014853863831376657
636.0 0.0014683687368233223
637.0 0.0014513509995595086
638.0 0.0013534846402762923
639.0 0.0012556180990941357
640.0 0.0012759935088979546
641.0 0.0012963688277523033
642.0 0.0012542930562631227
643.0 0.001212217284773942
644.0 0.0011616740266617853
645.0 0.001111131041398039
646.0 0.0011697635272867046
647.0 0.0012283960131753702
648.0 0.0012700408660748508
649.0 0.0013116858099238016
650.0 0.0012501909623097163
651.0 0.001188696114695631
652.0 0.0012063890608260408
653.0 0.0012240820979059208
654.0 0.0012350410543149337
655.0 0.0012460001016734168
656.0 0.0012333745871728752
657.0 0.0012207491636218037
658.0 0.0011770684068324044
659.0 0.0011333876500430051
660.0 0.001080514175555436
661.0 0.0010276402463205159
662.0 0.001032049931382062
663.0 0.0010364594345446676
664.0 0.001121715467888862
665.0 0.0012069715012330562
666.0 0.0011925248145416845
667.0 0.0011780779459513724
668.0 0.0012031354344799183
669.0 0.001228192741109524
670.0 0.0011736651686078403
671.0 0.0011191375051566865
672.0 0.0010246540114167146
673.0 0.0009301706995756831
674.0 0.001026629161060555
675.0 0.0011230876225454267
676.0 0.0010602067959553096
677.0 0.0009973257874662522
678.0 0.000973879468801897
679.0 0.0009504331501375418
680.0 0.0009681158189778216
681.0 0.0009857988516159821
682.0 0.0009815350495046005
683.0 0.0009772717021405697
684.0 0.0008926120244723279
685.0 0.0008079522558546159
686.0 0.0008839321708364878
687.0 0.0009599119948688895
688.0 0.0009792659511731472
689.0 0.000998619907477405
690.0 0.0010688098882383201
691.0 0.0011389998689992353
692.0 0.001066468576027546
693.0 0.000993937374005327
694.0 0.00102945323305903
695.0 0.0010649691830622032
696.0 0.0010666663001757115
697.0 0.0010683635991881602
698.0 0.0011010691196133848
699.0 0.0011337746400386095
700.0 0.0011620685654634144
701.0 0.001190362308989279
702.0 0.0012274050277483184
703.0 0.0012644475646084175
704.0 0.0012350092220003717
705.0 0.0012055706065439153
706.0 0.0011140387869090773
707.0 0.0010225069672742393
708.0 0.0010553984793659765
709.0 0.001088290082407184
710.0 0.0011259223356319126
711.0 0.0011635545888566412
712.0 0.0012283172509341966
713.0 0.0012930797311128117
714.0 0.001327992413280299
715.0 0.0013629051863972563
716.0 0.0014060682588024065
717.0 0.0014492316950054374
718.0 0.0015655177776352502
719.0 0.0016818039512145333
720.0 0.0014526252925861627
721.0 0.0012234462701599114
722.0 0.001331684961769497
723.0 0.001439923835278023
724.0 0.0015366345905931666
725.0 0.00163334516400937
726.0 0.0017286873116972856
727.0 0.001824029823183082
728.0 0.0018390073819318786
729.0 0.0018539854863774963
730.0 0.0019202127077733167
731.0 0.0019864401110680774
732.0 0.0018284859834238887
733.0 0.0016705322195775807
734.0 0.0015625349988113157
735.0 0.0014545380508934613
736.0 0.0012722221072181128
737.0 0.001089906072593294
738.0 0.0010340671906305943
739.0 0.0009782283996173646
740.0 0.0009118632988247555
741.0 0.0008454982889816165
742.0 0.0008841227099765092
743.0 0.0009227472219208721
744.0 0.0008640986379759852
745.0 0.0008054502359300386
746.0 0.000712009295966709
747.0 0.0006185684014781145
748.0 0.0006761273198208073
749.0 0.000733686192688765
750.0 0.0008134445124596823
751.0 0.0008932028322305996
752.0 0.0009277868230128661
753.0 0.0009623708137951326
754.0 0.0008664608685649
755.0 0.0007705506504862569
756.0 0.0008090537448879331
757.0 0.0008475567483401392
758.0 0.0008366624570044223
759.0 0.000825768438517116
760.0 0.0009098846021515783
761.0 0.0009940007657860406
762.0 0.0008702525519765913
763.0 0.0007465043836418772
764.0 0.0006515094810310984
765.0 0.0005565147148445249
766.0 0.0006406059583241586
767.0 0.0007246971563290572
768.0 0.000656700240142527
769.0 0.0005887033239559969
770.0 0.0005719543878512923
771.0 0.0005552054972213227
772.0 0.0005676046839653281
773.0 0.0005800038252345985
774.0 0.0005932603471592302
775.0 0.0006065168690838618
776.0 0.0006098102858231869
777.0 0.0006131034297141014
778.0 0.0005731471446779324
779.0 0.0005331908596417634
780.0 0.0006293661499512382
781.0 0.0007255413947859779
782.0 0.000633975287200883
783.0 0.0005424092250905233
784.0 0.0004222450570523506
785.0 0.0003020809117515455
786.0 0.00037563613659585826
787.0 0.00044919142965227365
788.0 0.00045308670451049693
789.0 0.0004569819338939851
790.0 0.00042729257074825
791.0 0.00039760325307725
792.0 0.00044077187340008095
793.0 0.00048394044824817684
794.0 0.0004044169600092573
795.0 0.00032489340355823515
796.0 0.0003973412276536692
797.0 0.00046978921091067605
798.0 0.0003703875563587644
799.0 0.0002709859018068528
800.0 0.00035005828067369293
801.0 0.0004291307050152682
802.0 0.0005147852334630443
803.0 0.0006004398983350256
804.0 0.0005416277417680249
805.0 0.00048281563067575917
806.0 0.0005326685368345352
807.0 0.0005825214429933112
808.0 0.0005083039013697999
809.0 0.0004340863142715534
810.0 0.0003472641083135386
811.0 0.00026044187961815624
812.0 0.0002853924115697737
813.0 0.0003103429889961262
814.0 0.00042155747905781027
815.0 0.0005327719463821268
816.0 0.0006006862349750008
817.0 0.00066860056904261
818.0 0.0005626271558867302
819.0 0.00045665374273085035
820.0 0.00048024980969785247
821.0 0.0005038459676143248
822.0 0.00048150641305255704
823.0 0.0004591668130160542
824.0 0.00048137731027964037
825.0 0.0005035878530179616
826.0 0.0005468835752253653
827.0 0.0005901792974327691
828.0 0.00047927014747983776
829.0 0.00036836099752690643
830.0 0.0003276180677858065
831.0 0.00028687509256997146
832.0 0.00035542848308978137
833.0 0.0004239818736095913
834.0 0.00043511072362889536
835.0 0.00044623957364819944
836.0 0.00045090901039657183
837.0 0.0004555784471449442
838.0 0.0004679817266151076
839.0 0.000480385006085271
840.0 0.0004111507678317139
841.0 0.00034191652957815677
842.0 0.0004686566626332933
843.0 0.0005953967047389597
844.0 0.0006101310191297671
845.0 0.0006248653789953096
846.0 0.0004594076472130837
847.0 0.00029394989269349026
848.0 0.000293669677375874
849.0 0.0002933894620582578
850.0 0.00023901270651549567
851.0 0.00018463598507878487
852.0 0.00017191996448673308
853.0 0.00015920393252599752
854.0 0.00021533949166041566
855.0 0.0002714750507948338
856.0 0.0003600552190619055
857.0 0.00044863545554107986
858.0 0.0004385674401419237
859.0 0.0004284994247427676
860.0 0.0004836622338189045
861.0 0.0005388249974203063
862.0 0.00043108348108944483
863.0 0.00032334201023331843
864.0 0.00028591450700332643
865.0 0.000248487026510702
866.0 0.0003519931169648771
867.0 0.0004554991392069496
868.0 0.00044482681005320046
869.0 0.0004341544354247162
870.0 0.0004471438387554372
871.0 0.0004601332875608932
872.0 0.0004020327196485596
873.0 0.0003439322426856961
874.0 0.00046773920985287987
875.0 0.0005915461770200636
876.0 0.0004351001734903548
877.0 0.00027865421543538105
878.0 0.0004240703674440738
879.0 0.0005694864285032963
880.0 0.0006059709448891226
881.0 0.0006424553703254787
882.0 0.0005421232344815508
883.0 0.0004417910986376228
884.0 0.0004974190687789815
885.0 0.0005530470389203401
886.0 0.000543831629329361
887.0 0.0005346161287889117
888.0 0.0004967474524164572
889.0 0.00045887877604400273
890.0 0.0005032416538597317
891.0 0.0005476045316754607
892.0 0.0005240102382231271
893.0 0.0005004158538213233
894.0 0.0005267544565867865
895.0 0.0005530929684027797
896.0 0.0005299654276313959
897.0 0.0005068378868600121
898.0 0.0004772804913955042
899.0 0.00044772309593099635
900.0 0.00032115576686919667
901.0 0.00019458846054476453
902.0 0.00038821576708869543
903.0 0.0005818430054205237
904.0 0.0005065961431682808
905.0 0.00043134928091603797
906.0 0.0003692346126626944
