lsstCam/transmission_filter_detector/r32_s22/g_6/19700101T000000.ecsv
# %ECSV 1.0
# ---
# datatype:
# - {name: wavelength, unit: nm, datatype: float32}
# - {name: efficiency, unit: '%', datatype: float64}
# meta: !!omap
# - {MODE: DETECTOR}
# - {TYPE: transmission_filter_detector}
# - {CALIBDATE: '1970-01-01T00:00:00'}
# - {INSTRUME: LSSTCam}
# - {OBSTYPE: transmission_filter_detector}
# - {CALIBCLS: lsst.ip.isr.IntermediateFilterDetectorTransmissionCurve}
# - {SOURCE: Materion (DM-46256)}
# - {DETECTOR: 143}
# - {FILTER: g_6}
# - {CALIB_ID: 'calibDate=1970-01-01T00:00:00 filter=g_6 detector=143'}
# - {DATE: '2025-04-02T15:59:42.689456'}
# - {CALIB_CREATION_DATE: '2025-04-02'}
# - {CALIB_CREATION_TIME: '15:59:42'}
# - __serialized_columns__:
#     efficiency:
#       __class__: astropy.units.quantity.Quantity
#       unit: !astropy.units.Unit {unit: '%'}
#       value: !astropy.table.SerializedColumn {name: efficiency}
#     wavelength:
#       __class__: astropy.units.quantity.Quantity
#       unit: !astropy.units.Unit {unit: nm}
#       value: !astropy.table.SerializedColumn {name: wavelength}
# schema: astropy-2.0
wavelength efficiency
[from data line 608]
908.0 0.0003379729378139018
909.0 0.00036882588574371766
910.0 0.0003529983132466441
911.0 0.0003371707634869381
912.0 0.00037452498418133473
913.0 0.000411879273087834
914.0 0.00046286518227134366
915.0 0.0005138511369295884
916.0 0.00035734669836529065
917.0 0.00020084232801309554
918.0 0.0003064231805183226
919.0 0.00041200405576091725
920.0 0.0004189386800135253
921.0 0.00042587334974086843
922.0 0.00038302559914882295
923.0 0.00034017784855677746
924.0 0.0003667942564788973
925.0 0.00039341066440101713
926.0 0.0003556750925781671
927.0 0.0003179394980179495
928.0 0.000391695675716619
929.0 0.00046545183067792095
930.0 0.000473103091280791
931.0 0.000480754351883661
932.0 0.0004677291144616902
933.0 0.0004547037860902492
934.0 0.000548481875739526
935.0 0.0006422598744393326
936.0 0.0006482579919975251
937.0 0.0006542561550304526
938.0 0.0005478066213981947
939.0 0.0004413571787154069
940.0 0.0005245899501460372
941.0 0.0006078226306271972
942.0 0.0006824966476415284
943.0 0.0007571707101305947
944.0 0.0006488400231319247
945.0 0.0005405092451837845
946.0 0.0008280901965918019
947.0 0.0011156711479998194
948.0 0.0009490404409007169
949.0 0.0007824095519026741
950.0 0.0006898430456203641
951.0 0.0005972765393380541
952.0 0.0007813478987372946
953.0 0.0009654193490860052
954.0 0.0009937863069353625
955.0 0.0010221532647847198
956.0 0.0008249724487541243
957.0 0.000627791678198264
958.0 0.000635668129689293
959.0 0.0006435444902308518
960.0 0.0007185587492131162
961.0 0.0007935729627206456
962.0 0.0007493889825127553
963.0 0.0007052049113553949
964.0 0.0006258610937948106
965.0 0.000546517139810021
966.0 0.0005476719707075972
967.0 0.0005488268016051734
968.0 0.0006329988536890596
969.0 0.0007171709057729458
970.0 0.0006772387678211089
971.0 0.0006373065389198018
972.0 0.0006692237548122648
973.0 0.0007011409252299927
974.0 0.0006564413524756674
975.0 0.000611741779721342
976.0 0.0007195017133199144
977.0 0.0008272616469184868
978.0 0.000826630275696516
979.0 0.0008259987225756049
980.0 0.0008260080903710332
981.0 0.0008260176400654018
982.0 0.0009118336492974777
983.0 0.0009976495675800834
984.0 0.0011342403013259172
985.0 0.001270830944122281
986.0 0.0012675890502578113
987.0 0.0012643471563933417
988.0 0.0012403174878272694
989.0 0.0012162877283117268
990.0 0.0012590826372615993
991.0 0.0013018775462114718
992.0 0.001284837708226405
993.0 0.001267797688342398
994.0 0.0013396072063187603
995.0 0.001411416906194063
996.0 0.0013578967809735332
997.0 0.001304376473854063
998.0 0.0013000005310459528
999.0 0.001295624770136783
1000.0 0.0012593777682923246
1001.0 0.001223130584548926
1002.0 0.0011999058187939227
1003.0 0.001176680871139979
1004.0 0.0012630352102860343
1005.0 0.0013493895494320896
1006.0 0.0013625426618091296
1007.0 0.00137569595608511
1008.0 0.0013554432371165603
1009.0 0.0013351903362490702
1010.0 0.0014046790056454483
1011.0 0.0014741678569407668
1012.0 0.001473277461627731
1013.0 0.0014723867934662849
1014.0 0.0017425867554266006
1015.0 0.002012786535487976
1016.0 0.0021249186829663813
1017.0 0.0022370508304447867
1018.0 0.0024827822926454246
1019.0 0.0027285143005428836
1020.0 0.002818257416947745
1021.0 0.0029080008971504867
1022.0 0.0031861061870586127
1023.0 0.0034642114769667387
1024.0 0.0036403773265192285
1025.0 0.0038165431760717183
1026.0 0.004111163798370399
1027.0 0.004405784420669079
1028.0 0.004496174369705841
1029.0 0.0045865650463383645
1030.0 0.0047329816879937425
1031.0 0.004879398693447001
1032.0 0.004945991167915054
1033.0 0.005012583642383106
1034.0 0.0051169758080504835
1035.0 0.005221368337515742
1036.0 0.0054065167205408216
1037.0 0.0055916651035659015
1038.0 0.0055773947678972036
1039.0 0.005563124068430625
1040.0 0.0057835044572129846
1041.0 0.006003884845995344
1042.0 0.006095136632211506
1043.0 0.006186389509821311
1044.0 0.006458959251176566
1045.0 0.0067315297201275826
1046.0 0.007334612746490166
1047.0 0.007937694317661226
1048.0 0.008640141459181905
1049.0 0.009342589328298345
1050.0 0.010806160571519285
1051.0 0.012269729631952941
1052.0 0.014605620526708663
1053.0 0.016941511421464384
1054.0 0.02044928405666724
1055.0 0.023957053781487048
1056.0 0.028728952747769654
1057.0 0.03350084298290312
1058.0 0.040188676211982965
1059.0 0.046876512351445854
1060.0 0.054903223644942045
1061.0 0.0629299262072891
1062.0 0.07148139411583543
1063.0 0.08003286202438176
1064.0 0.08882888942025602
1065.0 0.09762492263689637
1066.0 0.10556206107139587
1067.0 0.11349921114742756
1068.0 0.12185833184048533
1069.0 0.13021747581660748
1070.0 0.13958470663055778
1071.0 0.1489519141614437
1072.0 0.15784937422722578
1073.0 0.16674683429300785
1074.0 0.17650413792580366
1075.0 0.1862614299170673
1076.0 0.1955656334757805
1077.0 0.20486984867602587
1078.0 0.21424181759357452
1079.0 0.22361378651112318
1080.0 0.23616719990968704
1081.0 0.24872059002518654
1082.0 0.2648393390700221
1083.0 0.2809580881148577
1084.0 0.3083940129727125
1085.0 0.33582989126443863
1086.0 0.3721853718161583
1087.0 0.40854080580174923
1088.0 0.45648226514458656
1089.0 0.5044237710535526
1090.0 0.5644666496664286
1091.0 0.6245096679776907
1092.0 0.6992353592067957
1093.0 0.7739612367004156
1094.0 0.8481918834149837
1095.0 0.9224227629601955
1096.0 0.9745072573423386
1097.0 1.0265916585922241
1098.0 1.110136043280363
1099.0 1.193680614233017
1100.0 1.3240115717053413
1101.0 1.4543425291776657
