ts8/qe_curve/rtm-017_s22/19700101T000000.ecsv
# %ECSV 0.9
# ---
# datatype:
# - {name: amp_name, datatype: string}
# - {name: wavelength, unit: nm, datatype: float32}
# - {name: efficiency, unit: '%', datatype: float32}
# meta: !!omap
# - {MODE: AMP}
# - {TYPE: QE}
# - {CALIBDATE: '1970-01-01T00:00:00'}
# - {INSTRUME: TS8}
# - {OBSTYPE: qe_curve}
# - {DETECTOR: 215}
# - {PICKLEFILE: RaftRun11166.p}
# - {CALIB_ID: 'raftName=RTM-017 detectorName=S22 detector=215 calibDate=1970-01-01T00:00:00 ccd=215 ccdnum=215 filter=None'}
# - {DATE: '2020-01-23T22:57:44.147179'}
# - {CALIB_CREATION_DATE: '2020-01-23'}
# - {CALIB_CREATION_TIME: '22:57:44'}
# - __serialized_columns__:
#     efficiency:
#       __class__: astropy.units.quantity.Quantity
#       unit: !astropy.units.Unit {unit: '%'}
#       value: !astropy.table.SerializedColumn {name: efficiency}
#     wavelength:
#       __class__: astropy.units.quantity.Quantity
#       unit: !astropy.units.Unit {unit: nm}
#       value: !astropy.table.SerializedColumn {name: wavelength}
# schema: astropy-2.0
amp_name wavelength efficiency
C02 349.982 49.72488
C02 450.035 89.19695
C02 500.018 88.21209
C02 619.997 91.27722
C02 750.022 98.112854
C02 869.967 96.83789
C02 999.976 31.517834
C15 349.982 50.122177
C15 450.035 89.155525
C15 500.018 88.18656
C15 619.997 91.349686
C15 750.022 97.59897
C15 869.967 95.7692
C15 999.976 31.130259
C06 349.982 48.4184
C06 450.035 89.63573
C06 500.018 88.70316
C06 619.997 91.038216
C06 750.022 97.985664
C06 869.967 97.05796
C06 999.976 31.578524
C04 349.982 48.974365
C04 450.035 89.27467
C04 500.018 88.31539
C04 619.997 90.980865
C04 750.022 97.928566
C04 869.967 96.875404
C04 999.976 31.510447
C07 349.982 47.791534
C07 450.035 89.1311
C07 500.018 88.23346
C07 619.997 90.37368
C07 750.022 97.14174
C07 869.967 96.22236
C07 999.976 31.377491
C05 349.982 48.790367
C05 450.035 89.611786
C05 500.018 88.67267
C05 619.997 91.13489
C05 750.022 98.10875
C05 869.967 97.12732
C05 999.976 31.570797
C01 349.982 50.197308
C01 450.035 89.20917
C01 500.018 88.24969
C01 619.997 91.37061
C01 750.022 98.10505
C01 869.967 96.72599
C01 999.976 31.461084
C11 349.982 48.88577
C11 450.035 90.09901
C11 500.018 89.10156
C11 619.997 91.85002
C11 750.022 98.44929
C11 869.967 97.094154
C11 999.976 31.575102
C13 349.982 49.47604
C13 450.035 89.41986
C13 500.018 88.42907
C13 619.997 91.34469
C13 750.022 97.81697
C13 869.967 96.22119
C13 999.976 31.222866
C00 349.982 50.646236
C00 450.035 89.323746
C00 500.018 88.40229
C00 619.997 91.714264
C00 750.022 98.40632
C00 869.967 96.95107
C00 999.976 31.467348
C17 349.982 50.856777
C17 450.035 88.95614
C17 500.018 88.030426
C17 619.997 91.55593
C17 750.022 97.622284
C17 869.967 95.61608
C17 999.976 30.97937
C10 349.982 48.104664
C10 450.035 89.554
C10 500.018 88.609505
C10 619.997 91.06688
C10 750.022 97.453384
C10 869.967 96.081894
C10 999.976 31.324438
C14 349.982 49.72858
C14 450.035 89.18074
C14 500.018 88.20248
C14 619.997 91.21899
C14 750.022 97.58515
C14 869.967 95.84874
C14 999.976 31.117685
C16 349.982 50.606792
C16 450.035 89.21277
C16 500.018 88.24886
C16 619.997 91.57647
C16 750.022 97.73205
C16 869.967 95.78908
C16 999.976 31.08479
C03 349.982 49.35776
C03 450.035 89.29364
C03 500.018 88.31683
C03 619.997 91.21852
C03 750.022 98.13044
C03 869.967 96.93527
C03 999.976 31.504694
C12 349.982 48.94367
C12 450.035 89.245026
C12 500.018 88.25592
C12 619.997 91.09387
C12 750.022 97.637184
C12 869.967 96.192154
C12 999.976 31.224457
