lsstcam/qe_curves/r12_s02/19700101T000000.ecsv
# %ECSV 0.9
# ---
# datatype:
# - {name: amp_name, datatype: string}
# - {name: wavelength, unit: nm, datatype: float32}
# - {name: efficiency, unit: '%', datatype: float32}
# meta: !!omap
# - {MODE: AMP}
# - {TYPE: QE}
# - {CALIBDATE: '1970-01-01T00:00:00'}
# - {INSTRUME: LSSTCAM}
# - {OBSTYPE: qe_curves}
# - {DETECTOR: 47}
# - {PICKLEFILE: RaftRun11415.p}
# - {CALIB_ID: 'raftName=R12 detectorName=S02 detector=47 calibDate=1970-01-01T00:00:00 ccd=47 ccdnum=47 filter=None'}
# - {DATE: '2020-01-22T23:03:46.156218'}
# - {CALIB_CREATION_DATE: '2020-01-22'}
# - {CALIB_CREATION_TIME: '23:03:46'}
# - __serialized_columns__:
#     efficiency:
#       __class__: astropy.units.quantity.Quantity
#       unit: !astropy.units.Unit {unit: '%'}
#       value: !astropy.table.SerializedColumn {name: efficiency}
#     wavelength:
#       __class__: astropy.units.quantity.Quantity
#       unit: !astropy.units.Unit {unit: nm}
#       value: !astropy.table.SerializedColumn {name: wavelength}
# schema: astropy-2.0
amp_name wavelength efficiency
C02 319.994 42.309856
C02 324.969 47.717945
C02 349.982 71.76354
C02 374.975 77.79957
C02 400.019 84.74732
C02 424.965 86.223816
C02 450.035 88.67395
C02 475.003 90.27172
C02 500.018 92.383545
C02 525.002 95.10894
C02 550.029 96.23265
C02 575.023 97.238365
C02 599.982 98.036224
C02 619.997 98.99893
C02 624.979 98.69218
C02 650.012 99.00225
C02 675.004 99.27835
C02 700.03 99.04049
C02 725.012 98.67644
C02 750.022 98.91744
C02 774.987 98.592606
C02 799.976 98.22804
C02 824.988 96.1586
C02 850.022 94.075066
C02 869.967 91.15272
C02 875.002 89.8431
C02 899.999 82.91426
C02 919.999 73.576256
C02 925.012 71.35413
C02 949.965 57.903088
C02 975.002 43.0175
C02 999.976 25.816147
C02 1025.028 11.053119
C02 1050.014 3.8994212
C02 1075.002 2.136759
C02 1099.99 1.5812116
C05 319.994 42.6911
C05 324.969 48.15605
C05 349.982 72.68086
C05 374.975 78.77102
C05 400.019 85.19716
C05 424.965 86.384254
C05 450.035 88.670364
C05 475.003 90.17054
C05 500.018 92.22302
C05 525.002 94.90671
C05 550.029 96.011856
C05 575.023 97.013145
C05 599.982 97.80691
C05 619.997 98.77178
C05 624.979 98.46558
C05 650.012 98.78365
C05 675.004 99.068756
C05 700.03 98.87767
C05 725.012 98.61941
C05 750.022 98.99645
C05 774.987 98.79932
C05 799.976 98.48046
C05 824.988 96.40467
C05 850.022 94.26095
C05 869.967 91.380104
C05 875.002 90.08412
C05 899.999 83.35425
C05 919.999 73.49945
C05 925.012 71.14146
C05 949.965 57.798107
C05 975.002 43.103302
C05 999.976 26.077526
C05 1025.028 11.152382
C05 1050.014 3.892609
C05 1075.002 2.1115015
C05 1099.99 1.5850316
C10 319.994 43.538246
C10 324.969 49.11705
C10 349.982 73.94053
C10 374.975 79.642624
C10 400.019 85.56587
C10 424.965 86.53336
C10 450.035 88.722435
C10 475.003 90.17299
C10 500.018 92.19056
C10 525.002 94.84689
C10 550.029 95.92579
C10 575.023 96.901634
C10 599.982 97.6759
C10 619.997 98.62092
C10 624.979 98.30708
C10 650.012 98.60953
C10 675.004 98.891846
C10 700.03 98.7567
C10 725.012 98.6554
C10 750.022 99.22375
C10 774.987 99.18321
C10 799.976 98.92612
C10 824.988 96.83501
C10 850.022 94.785675
C10 869.967 91.92781
C10 875.002 90.583435
C10 899.999 83.63519
C10 919.999 73.665535
C10 925.012 71.33236
C10 949.965 58.25433
C10 975.002 43.47019
C10 999.976 26.34467
C10 1025.028 11.287869
C10 1050.014 4.010433
C10 1075.002 2.1552587
C10 1099.99 1.6072044
C01 319.994 42.252605
C01 324.969 47.6523
C01 349.982 71.583984
C01 374.975 77.59614
C01 400.019 84.74259
C01 424.965 86.32378
C01 450.035 88.83758
C01 475.003 90.47466
C01 500.018 92.617226
C01 525.002 95.36065
C01 550.029 96.49289
C01 575.023 97.508026
C01 599.982 98.30524
C01 619.997 99.27127
C01 624.979 98.9644
C01 650.012 99.275505
C01 675.004 99.546486
C01 700.03 99.29389
C01 725.012 98.88538
C01 750.022 99.07481
C01 774.987 98.70018
C01 799.976 98.31479
C01 824.988 96.26953
C01 850.022 94.1666
C01 869.967 91.207184
C01 875.002 89.916794
C01 899.999 83.12553
C01 919.999 73.851715
C01 925.012 71.58658
C01 949.965 57.876717
C01 975.002 43.064682
C01 999.976 25.885038
C01 1025.028 11.094062
C01 1050.014 3.9295146
C01 1075.002 2.1596513
C01 1099.99 1.5782452
C14 319.994 43.36093
C14 324.969 48.905125
C14 349.982 73.388565
C14 374.975 79.051674
C14 400.019 85.36114
C14 424.965 86.54054
C14 450.035 88.8449
C14 475.003 90.35906
C14 500.018 92.41429
C14 525.002 95.093666
C14 550.029 96.180374
C14 575.023 97.15788
C14 599.982 97.92715
C14 619.997 98.87125
C14 624.979 98.55784
C14 650.012 98.85021
C14 675.004 99.123276
C14 700.03 98.983345
C14 725.012 98.88993
C14 750.022 99.484406
C14 774.987 99.49416
C14 799.976 99.251854
C14 824.988 97.151306
C14 850.022 95.13316
C14 869.967 92.19947
C14 875.002 90.81329
C14 899.999 83.7343
C14 919.999 74.105034
C14 925.012 71.530846
C14 949.965 58.637875
C14 975.002 43.880234
C14 999.976 26.126307
C14 1025.028 11.232648
C14 1050.014 3.957646
C14 1075.002 2.1719453
C14 1099.99 1.606614
C16 319.994 43.20865
C16 324.969 48.727203
C16 349.982 72.98176
C16 374.975 78.57337
C16 400.019 85.10102
C16 424.965 86.413414
C16 450.035 88.790504
C16 475.003 90.34882
C16 500.018 92.43697
C16 525.002 95.1326
C16 550.029 96.22884
C16 575.023 97.20465
C16 599.982 97.97165
C16 619.997 98.91422
C16 624.979 98.60056
C16 650.012 98.8906
C16 675.004 99.15136
C16 700.03 98.983444
C16 725.012 98.83197
C16 750.022 99.34
C16 774.987 99.27792
C16 799.976 99.01345
C16 824.988 96.94383
C16 850.022 94.90899
C16 869.967 91.968025
C16 875.002 90.65878
C16 899.999 83.65663
C16 919.999 73.951355
C16 925.012 71.665504
C16 949.965 58.455578
C16 975.002 43.80541
C16 999.976 26.327866
C16 1025.028 11.242043
C16 1050.014 3.9830334
C16 1075.002 2.1843405
C16 1099.99 1.5995233
C12 319.994 43.360256
C12 324.969 48.91108
C12 349.982 73.53495
C12 374.975 79.18943
C12 400.019 85.222885
C12 424.965 86.26707
C12 450.035 88.48662
C12 475.003 89.951324
C12 500.018 91.97721
C12 525.002 94.62957
C12 550.029 95.70543
C12 575.023 96.67712
C12 599.982 97.44429
C12 619.997 98.38573
C12 624.979 98.07665
C12 650.012 98.374626
C12 675.004 98.652176
C12 700.03 98.52955
C12 725.012 98.480125
C12 750.022 99.12036
C12 774.987 99.16776
C12 799.976 98.94421
C12 824.988 96.84074
C12 850.022 94.81828
C12 869.967 91.93659
C12 875.002 90.60001
C12 899.999 83.3548
C12 919.999 73.41869
C12 925.012 71.161804
C12 949.965 58.280064
C12 975.002 43.58738
C12 999.976 26.247158
C12 1025.028 11.192033
C12 1050.014 3.9104135
C12 1075.002 2.13
C12 1099.99 1.6015255
C13 319.994 43.387882
C13 324.969 48.939137
C13 349.982 73.50901
C13 374.975 79.181526
C13 400.019 85.38045
C13 424.965 86.50042
C13 450.035 88.77298
C13 475.003 90.26216
C13 500.018 92.30917
C13 525.002 94.97985
C13 550.029 96.06427
C13 575.023 97.038956
C13 599.982 97.80966
C13 619.997 98.75287
C13 624.979 98.43842
C13 650.012 98.73578
C13 675.004 99.013916
C13 700.03 98.88268
C13 725.012 98.82115
C13 750.022 99.444336
C13 774.987 99.48042
C13 799.976 99.251526
C13 824.988 97.14074
C13 850.022 95.13978
C13 869.967 92.22842
C13 875.002 90.85709
C13 899.999 83.60566
C13 919.999 73.76209
C13 925.012 71.5036
C13 949.965 58.621475
C13 975.002 43.62684
C13 999.976 26.273325
C13 1025.028 11.220401
C13 1050.014 3.9322724
C13 1075.002 2.1491513
C13 1099.99 1.6069072
C15 319.994 43.413563
C15 324.969 48.95962
C15 349.982 73.37942
C15 374.975 79.006
C15 400.019 85.42365
C15 424.965 86.66667
C15 450.035 89.0115
C15 475.003 90.548
C15 500.018 92.62178
C15 525.002 95.31501
C15 550.029 96.40622
C15 575.023 97.383705
C15 599.982 98.1497
C15 619.997 99.09476
C15 624.979 98.77984
C15 650.012 99.071365
C15 675.004 99.34001
C15 700.03 99.18171
C15 725.012 99.05972
C15 750.022 99.61283
C15 774.987 99.58402
C15 799.976 99.331055
C15 824.988 97.24035
C15 850.022 95.20989
C15 869.967 92.245674
C15 875.002 90.91616
C15 899.999 83.80764
C15 919.999 74.1677
C15 925.012 71.866356
C15 949.965 58.542526
C15 975.002 43.90127
C15 999.976 26.416338
C15 1025.028 11.255315
C15 1050.014 3.974915
C15 1075.002 2.1839857
C15 1099.99 1.603156
C11 319.994 43.56817
C11 324.969 49.14676
C11 349.982 73.94773
C11 374.975 79.643585
C11 400.019 85.63005
C11 424.965 86.6299
C11 450.035 88.840385
C11 475.003 90.29463
C11 500.018 92.32017
C11 525.002 94.98372
C11 550.029 96.06478
C11 575.023 97.0419
C11 599.982 97.811874
C11 619.997 98.757866
C11 624.979 98.44486
C11 650.012 98.744156
C11 675.004 99.02805
C11 700.03 98.90645
C11 725.012 98.850784
C11 750.022 99.48339
C11 774.987 99.50995
C11 799.976 99.27666
C11 824.988 97.17234
C11 850.022 95.12227
C11 869.967 92.250534
C11 875.002 90.91865
C11 899.999 83.79105
C11 919.999 73.72999
C11 925.012 71.41227
C11 949.965 58.409416
C11 975.002 43.706554
C11 999.976 26.384632
C11 1025.028 11.250593
C11 1050.014 3.946553
C11 1075.002 2.1386726
C11 1099.99 1.6060764
C17 319.994 43.048122
C17 324.969 48.55322
C17 349.982 72.70068
C17 374.975 78.27466
C17 400.019 84.927124
C17 424.965 86.31049
C17 450.035 88.7308
C17 475.003 90.32202
C17 500.018 92.42787
C17 525.002 95.14112
C17 550.029 96.245346
C17 575.023 97.22521
C17 599.982 98.000984
C17 619.997 98.94064
C17 624.979 98.62758
C17 650.012 98.91344
C17 675.004 99.174675
C17 700.03 98.9915
C17 725.012 98.807884
C17 750.022 99.282715
C17 774.987 99.18689
C17 799.976 98.9113
C17 824.988 96.84817
C17 850.022 94.81914
C17 869.967 91.90392
C17 875.002 90.581245
C17 899.999 83.64668
C17 919.999 74.030266
C17 925.012 71.71206
C17 949.965 58.399467
C17 975.002 43.854755
C17 999.976 26.374826
C17 1025.028 11.2586565
C17 1050.014 4.0037527
C17 1075.002 2.1817546
C17 1099.99 1.5936848
C04 319.994 42.487892
C04 324.969 47.925045
C04 349.982 72.24062
C04 374.975 78.30274
C04 400.019 84.90348
C04 424.965 86.19215
C04 450.035 88.53397
C04 475.003 90.06069
C04 500.018 92.13472
C04 525.002 94.8303
C04 550.029 95.9374
C04 575.023 96.937645
C04 599.982 97.73073
C04 619.997 98.695404
C04 624.979 98.3911
C04 650.012 98.70455
C04 675.004 98.98841
C04 700.03 98.78293
C04 725.012 98.50023
C04 750.022 98.84638
C04 774.987 98.61751
C04 799.976 98.292404
C04 824.988 96.22185
C04 850.022 94.11181
C04 869.967 91.2443
C04 875.002 89.953705
C04 899.999 83.162964
C04 919.999 73.417305
C04 925.012 71.09375
C04 949.965 57.846863
C04 975.002 43.078163
C04 999.976 25.983177
C04 1025.028 11.11141
C04 1050.014 3.8911173
C04 1075.002 2.1133711
C04 1099.99 1.5852945
C07 319.994 42.98813
C07 324.969 48.498924
C07 349.982 73.32342
C07 374.975 79.45904
C07 400.019 85.65905
C07 424.965 86.71175
C07 450.035 88.92976
C07 475.003 90.39081
C07 500.018 92.42229
C07 525.002 95.10115
C07 550.029 96.199936
C07 575.023 97.20179
C07 599.982 97.996895
C07 619.997 98.96256
C07 624.979 98.65685
C07 650.012 98.97797
C07 675.004 99.26615
C07 700.03 99.066025
C07 725.012 98.764046
C07 750.022 99.08106
C07 774.987 98.81267
C07 799.976 98.453156
C07 824.988 96.377266
C07 850.022 94.17027
C07 869.967 91.28229
C07 875.002 89.99143
C07 899.999 83.45798
C07 919.999 73.59723
C07 925.012 71.15402
C07 949.965 57.59656
C07 975.002 42.792233
C07 999.976 26.040125
C07 1025.028 11.2340555
C07 1050.014 3.9403198
C07 1075.002 2.1245716
C07 1099.99 1.5839528
C00 319.994 42.035275
C00 324.969 47.411182
C00 349.982 71.1695
C00 374.975 77.13803
C00 400.019 84.46389
C00 424.965 86.1545
C00 450.035 88.728806
C00 475.003 90.40962
C00 500.018 92.5802
C00 525.002 95.343155
C00 550.029 96.4883
C00 575.023 97.5083
C00 599.982 98.311165
C00 619.997 99.27945
C00 624.979 98.96649
C00 650.012 99.276924
C00 675.004 99.54952
C00 700.03 99.27763
C00 725.012 98.83598
C00 750.022 98.97453
C00 774.987 98.55534
C00 799.976 98.15547
C00 824.988 96.122795
C00 850.022 94.00927
C00 869.967 91.08899
C00 875.002 89.80355
C00 899.999 83.05399
C00 919.999 73.902565
C00 925.012 71.653824
C00 949.965 57.845615
C00 975.002 43.012367
C00 999.976 25.875637
C00 1025.028 11.130737
C00 1050.014 3.9585128
C00 1075.002 2.163575
C00 1099.99 1.5718453
C06 319.994 42.840816
C06 324.969 48.328632
C06 349.982 73.010666
C06 374.975 79.130325
C06 400.019 85.4237
C06 424.965 86.53372
C06 450.035 88.7799
C06 475.003 90.25697
C06 500.018 92.29612
C06 525.002 94.97581
C06 550.029 96.07612
C06 575.023 97.07758
C06 599.982 97.86944
C06 619.997 98.83713
C06 624.979 98.53127
C06 650.012 98.84901
C06 675.004 99.13837
C06 700.03 98.95174
C06 725.012 98.69383
C06 750.022 99.070854
C06 774.987 98.86775
C06 799.976 98.53744
C06 824.988 96.46205
C06 850.022 94.27727
C06 869.967 91.366165
C06 875.002 90.06872
C06 899.999 83.47609
C06 919.999 73.57801
C06 925.012 71.16562
C06 949.965 57.62453
C06 975.002 42.967136
C06 999.976 26.096708
C06 1025.028 11.190151
C06 1050.014 3.904035
C06 1075.002 2.1126099
C06 1099.99 1.5824734
C03 319.994 42.37299
C03 324.969 47.791996
C03 349.982 71.95669
C03 374.975 78.01015
C03 400.019 84.78688
C03 424.965 86.169365
C03 450.035 88.56552
C03 475.003 90.129265
C03 500.018 92.22321
C03 525.002 94.92986
C03 550.029 96.04716
C03 575.023 97.048386
C03 599.982 97.84259
C03 619.997 98.80543
C03 624.979 98.50019
C03 650.012 98.81316
C03 675.004 99.09158
C03 700.03 98.87565
C03 725.012 98.551125
C03 750.022 98.84689
C03 774.987 98.57242
C03 799.976 98.23243
C03 824.988 96.15779
C03 850.022 94.06991
C03 869.967 91.176926
C03 875.002 89.8701
C03 899.999 82.99999
C03 919.999 73.431435
C03 925.012 71.174126
C03 949.965 57.876076
C03 975.002 43.011482
C03 999.976 25.88663
C03 1025.028 11.057685
C03 1050.014 3.890011
C03 1075.002 2.1210377
C03 1099.99 1.5838597
