lsstCam/transmission_filter_detector/r43_s20/y_10/19700101T000000.ecsv
# %ECSV 1.0
# ---
# datatype:
# - {name: wavelength, unit: nm, datatype: float32}
# - {name: efficiency, unit: '%', datatype: float64}
# meta: !!omap
# - {MODE: DETECTOR}
# - {TYPE: transmission_filter_detector}
# - {CALIBDATE: '1970-01-01T00:00:00'}
# - {INSTRUME: LSSTCam}
# - {OBSTYPE: transmission_filter_detector}
# - {CALIBCLS: lsst.ip.isr.IntermediateFilterDetectorTransmissionCurve}
# - {SOURCE: Materion (DM-46256)}
# - {DETECTOR: 186}
# - {FILTER: y_10}
# - {CALIB_ID: 'calibDate=1970-01-01T00:00:00 filter=y_10 detector=186'}
# - {DATE: '2025-04-02T15:59:51.603253'}
# - {CALIB_CREATION_DATE: '2025-04-02'}
# - {CALIB_CREATION_TIME: '15:59:51'}
# - __serialized_columns__:
#     efficiency:
#       __class__: astropy.units.quantity.Quantity
#       unit: !astropy.units.Unit {unit: '%'}
#       value: !astropy.table.SerializedColumn {name: efficiency}
#     wavelength:
#       __class__: astropy.units.quantity.Quantity
#       unit: !astropy.units.Unit {unit: nm}
#       value: !astropy.table.SerializedColumn {name: wavelength}
# schema: astropy-2.0
wavelength efficiency
[from data line 576]
876.0 0.0017553489669808187
877.0 0.001283385427086614
878.0 0.000811421614343999
879.0 0.0011263014130236115
880.0 0.0442218326497823
881.0 0.08269017562270164
882.0 0.06398963159881532
883.0 0.09376968955621123
884.0 0.042110582580789924
885.0 0.08816880290396512
886.0 0.05358250346034765
887.0 0.08550117490813136
888.0 0.06033377139829099
889.0 0.09575202711857855
890.0 0.04316499107517302
891.0 0.08950677001848817
892.0 0.0593945209402591
893.0 0.08326087845489383
894.0 0.04897096659988165
895.0 0.09214857709594071
896.0 0.0649475899990648
897.0 0.0793845159932971
898.0 0.05729887052439153
899.0 0.10214244248345494
900.0 0.06851058569736779
901.0 0.1176899648271501
902.0 0.1294950139708817
903.0 0.14679745072498918
904.0 0.12958848383277655
905.0 0.1499849371612072
906.0 0.17061805119737983
907.0 0.23038280196487904
908.0 0.2578835468739271
909.0 0.3278129268437624
910.0 0.41687535122036934
911.0 0.5582839250564575
912.0 0.7719353307038546
913.0 1.135951280593872
914.0 1.5963263809680939
915.0 2.375101111829281
916.0 3.4158457070589066
917.0 4.6974919736385345
918.0 6.32825642824173
919.0 8.067718893289566
920.0 10.631237924098969
921.0 13.434329628944397
922.0 16.184745728969574
923.0 19.31120455265045
924.0 22.656352818012238
925.0 26.3045072555542
926.0 30.909249186515808
927.0 36.1629992723465
928.0 41.25310182571411
929.0 47.062209248542786
930.0 52.75143384933472
931.0 58.87395143508911
932.0 65.28414487838745
933.0 71.45528197288513
934.0 76.71340703964233
935.0 81.05552792549133
936.0 84.97143387794495
937.0 88.12132477760315
938.0 90.59967994689941
939.0 92.31548309326172
940.0 93.40877532958984
941.0 94.14799213409424
942.0 94.71610188484192
943.0 95.08566856384277
944.0 95.59885263442993
945.0 95.95093131065369
946.0 96.26861810684204
947.0 96.46697640419006
948.0 96.81883454322815
949.0 96.82689309120178
950.0 96.88911437988281
951.0 96.9646155834198
952.0 96.88096046447754
953.0 96.98837995529175
954.0 96.99455499649048
955.0 96.90535068511963
956.0 97.10947871208191
957.0 97.26372361183167
958.0 97.43013978004456
959.0 97.60723114013672
960.0 97.74801135063171
961.0 97.9271948337555
962.0 98.08033108711243
963.0 98.23886156082153
964.0 98.3323872089386
965.0 98.42759370803833
966.0 98.57459664344788
967.0 98.66136908531189
968.0 98.65220189094543
969.0 98.67486357688904
970.0 98.70790839195251
971.0 98.77713322639465
972.0 98.80295395851135
973.0 98.85088205337524
974.0 98.86980652809143
975.0 98.8080382347107
976.0 98.90289902687073
977.0 98.85463118553162
978.0 98.97458553314209
979.0 98.95393252372742
980.0 98.920738697052
981.0 98.87322187423706
982.0 98.84200692176819
983.0 98.87710809707642
984.0 98.84245991706848
985.0 98.83238673210144
986.0 98.73100519180298
987.0 98.80624413490295
988.0 98.65357279777527
989.0 98.62966537475586
990.0 98.54357838630676
991.0 98.58190417289734
992.0 98.59601855278015
993.0 98.50142002105713
994.0 98.4290361404419
995.0 98.42275381088257
996.0 98.416006565094
997.0 98.49632978439331
998.0 98.520028591156
999.0 98.5663115978241
1000.0 98.60243797302246
1001.0 98.60895276069641
1002.0 98.70606064796448
1003.0 98.75617027282715
1004.0 98.83900284767151
1005.0 98.80189299583435
1006.0 98.99226427078247
1007.0 98.98203611373901
1008.0 98.98497462272644
1009.0 98.99433851242065
1010.0 98.98441433906555
1011.0 99.05397295951843
1012.0 98.97136688232422
1013.0 98.99382591247559
1014.0 98.93854856491089
1015.0 98.92486333847046
1016.0 98.87381196022034
1017.0 98.89566898345947
1018.0 98.93788695335388
1019.0 98.83537888526917
1020.0 98.84264469146729
1021.0 98.94658923149109
1022.0 98.8253653049469
1023.0 98.85885119438171
1024.0 98.79418611526489
1025.0 98.77676963806152
1026.0 98.80500435829163
1027.0 98.90844821929932
1028.0 98.82810711860657
1029.0 98.93698692321777
1030.0 98.9892303943634
1031.0 98.98494482040405
1032.0 98.95774722099304
1033.0 98.920077085495
1034.0 98.98096323013306
1035.0 99.00354743003845
1036.0 98.95778894424438
1037.0 98.95627498626709
1038.0 98.92963767051697
1039.0 98.89588356018066
1040.0 98.82827997207642
1041.0 98.90944957733154
1042.0 98.85022640228271
1043.0 98.70930910110474
1044.0 98.84654879570007
1045.0 98.56556057929993
1046.0 98.76212477684021
1047.0 98.59369993209839
1048.0 98.68171215057373
1049.0 98.5980749130249
1050.0 98.58812093734741
1051.0 98.51652979850769
1052.0 98.49050045013428
1053.0 98.3753502368927
1054.0 98.59833717346191
1055.0 98.56408834457397
1056.0 98.5718309879303
1057.0 98.71743321418762
1058.0 98.53339791297913
1059.0 98.49181771278381
1060.0 98.64600896835327
1061.0 98.67072701454163
1062.0 98.54346513748169
1063.0 98.53540062904358
1064.0 98.77763390541077
1065.0 98.63398671150208
1066.0 98.76331686973572
1067.0 98.71808290481567
1068.0 98.84482622146606
1069.0 98.50839972496033
1070.0 99.00158047676086
1071.0 98.79265427589417
1072.0 98.8750159740448
1073.0 98.86732697486877
1074.0 98.59728813171387
1075.0 98.64991903305054
1076.0 98.29233884811401
1077.0 98.74671697616577
1078.0 99.01580810546875
1079.0 98.45299124717712
1080.0 99.31938052177429
1081.0 98.54961633682251
1082.0 98.55837225914001
1083.0 98.29379320144653
1084.0 98.90456199645996
1085.0 98.61391186714172
1086.0 98.44779372215271
1087.0 98.62412214279175
1088.0 98.51710796356201
1089.0 98.23949933052063
1090.0 98.43026399612427
1091.0 98.46854209899902
1092.0 98.54307770729065
1093.0 98.51909875869751
1094.0 98.24813604354858
1095.0 98.0950117111206
1096.0 98.2848048210144
1097.0 98.18640351295471
1098.0 97.66278266906738
1099.0 98.17219376564026
1100.0 98.07371497154236
