lsstCam/transmission_filter_detector/r43_s20/y_10/19700101T000000.ecsv
# %ECSV 1.0
# ---
# datatype:
# - {name: wavelength, unit: nm, datatype: float32}
# - {name: efficiency, unit: '%', datatype: float64}
# meta: !!omap
# - {MODE: DETECTOR}
# - {TYPE: transmission_filter_detector}
# - {CALIBDATE: '1970-01-01T00:00:00'}
# - {INSTRUME: LSSTCam}
# - {OBSTYPE: transmission_filter_detector}
# - {CALIBCLS: lsst.ip.isr.IntermediateFilterDetectorTransmissionCurve}
# - {SOURCE: Materion (DM-46256)}
# - {DETECTOR: 186}
# - {FILTER: y_10}
# - {CALIB_ID: 'calibDate=1970-01-01T00:00:00 filter=y_10 detector=186'}
# - {DATE: '2025-04-02T15:59:51.603253'}
# - {CALIB_CREATION_DATE: '2025-04-02'}
# - {CALIB_CREATION_TIME: '15:59:51'}
# - __serialized_columns__:
#     efficiency:
#       __class__: astropy.units.quantity.Quantity
#       unit: !astropy.units.Unit {unit: '%'}
#       value: !astropy.table.SerializedColumn {name: efficiency}
#     wavelength:
#       __class__: astropy.units.quantity.Quantity
#       unit: !astropy.units.Unit {unit: nm}
#       value: !astropy.table.SerializedColumn {name: wavelength}
# schema: astropy-2.0
wavelength efficiency
300.0 0.023760054318699986
301.0 0.025503398501314223
302.0 0.02724674704950303
303.0 0.02117865369655192
304.0 0.015110558888409287
305.0 0.012392702046781778
306.0 0.009674848115537316
307.0 0.010607126023387536
308.0 0.01153940538642928
309.0 0.011237871513003483
310.0 0.010936337639577687
311.0 0.008245182107202709
312.0 0.005554025119636208
313.0 0.004406852895044722
314.0 0.0032596792152617127
315.0 0.00303512151731411
316.0 0.0028105634555686265
317.0 0.00304521727230167
318.0 0.003279870725236833
319.0 0.0022637015717918985
320.0 0.0012475322364480235
321.0 0.0030589948437409475
322.0 0.004870457996730693
323.0 0.0031637275242246687
324.0 0.001456997688364936
325.0 0.001989480915653985
326.0 0.0025219640519935638
327.0 0.0020026378479087725
328.0 0.0014833118257229216
329.0 0.002372672679484822
330.0 0.0032620337151456624
331.0 0.0026986848752130754
332.0 0.0021353360352804884
333.0 0.0020348386897239834
334.0 0.0019343413441674784
335.0 0.0015750172678963281
336.0 0.0012156928278272972
337.0 0.0012052131751261186
338.0 0.00119473352242494
339.0 0.0012847356629208662
340.0 0.0013747378034167923
341.0 0.001943501047207974
342.0 0.0025122642909991555
343.0 0.0019946546672144905
344.0 0.0014770450434298255
345.0 0.000980725872068433
346.0 0.00048440665523230564
347.0 0.0007108583758963505
348.0 0.0009373098691867199
349.0 0.0008941230589698534
350.0 0.0008509361578035168
351.0 0.0008976919161796104
352.0 0.0009444477655051742
353.0 0.0011938477655348834
354.0 0.0014432476746151224
355.0 0.0018290753359906375
356.0 0.0022149029973661527
357.0 0.0018573411580291577
358.0 0.0014997793186921626
359.0 0.0011735438420146238
360.0 0.0008473082743876148
361.0 0.0008897091902326792
362.0 0.0009321100151282735
363.0 0.0007779758561810013
364.0 0.000623841651758994
365.0 0.0010740133802755736
366.0 0.0015241851542668883
367.0 0.0020115485312999226
368.0 0.002498911999282427
369.0 0.0022107784388936125
370.0 0.0019226446966058575
371.0 0.0018845586964744143
372.0 0.0018464726963429712
373.0 0.0021456902686622925
374.0 0.002444907477183733
375.0 0.002870513708330691
376.0 0.003296120121376589
377.0 0.0038833033613627777
378.0 0.004470486237551086
379.0 0.004206709854770452
380.0 0.003942933471989818
381.0 0.003110102261416614
382.0 0.0022772712327423505
383.0 0.001788344707165379
384.0 0.0012994182725378778
385.0 0.0010863936950045172
386.0 0.0008733690265216865
387.0 0.0008492247616231907
388.0 0.0008250803148257546
389.0 0.0007206725513242418
390.0 0.0006162646968732588
391.0 0.0006384759217326064
392.0 0.000660687192066689
393.0 0.0006991232567088446
394.0 0.0007375591849267948
395.0 0.0008124220585159492
396.0 0.0008872850230545737
397.0 0.0008980496204458177
398.0 0.0009088143997360021
399.0 0.0010506359103601426
400.0 0.0011924575119337533
401.0 0.001423623052687617
402.0 0.0016547883205930702
403.0 0.0017511198166175745
404.0 0.0018474514945410192
405.0 0.0018757102225208655
406.0 0.0019039687686017714
407.0 0.001833783244364895
408.0 0.001763597538229078
409.0 0.0017242758985958062
410.0 0.001684954077063594
411.0 0.001337712637905497
412.0 0.00099047110779793
413.0 0.0008208132385334466
414.0 0.0006511550054710824
415.0 0.0005376352874009172
416.0 0.0004241155238560168
417.0 5.842255745847069e-05
418.0 1.7204597121955878e-10
419.0 4.054255953178654e-05
420.0 0.00038835555642435793
421.0 0.00011433542113081785
422.0 1.7204597121955878e-10
423.0 5.358608632377582e-05
424.0 0.00026685668217396596
425.0 1.7204597121955878e-10
426.0 1.7204597121955878e-10
427.0 1.7204597121955878e-10
428.0 0.00014447352896240773
429.0 1.7204597121955878e-10
430.0 1.7204597121955878e-10
431.0 1.7204597121955878e-10
432.0 1.7204597121955878e-10
433.0 1.7204597121955878e-10
434.0 1.7204597121955878e-10
435.0 1.7204597121955878e-10
436.0 0.0002505501242922037
437.0 1.7204597121955878e-10
438.0 1.7204597121955878e-10
439.0 1.7204597121955878e-10
440.0 0.0005359418992156861
441.0 1.7204597121955878e-10
442.0 1.7204597121955878e-10
443.0 1.7204597121955878e-10
444.0 0.00041841581150947604
445.0 0.0006248608769965358
446.0 0.0008313059879583307
447.0 0.00042158962969551794
448.0 1.1873276406504374e-05
449.0 1.7204597121955878e-10
450.0 1.7204597121955878e-10
451.0 1.7204597121955878e-10
452.0 1.7204597121955878e-10
453.0 1.7204597121955878e-10
454.0 1.7204597121955878e-10
455.0 1.7204597121955878e-10
456.0 1.0616792422979415e-05
457.0 3.496547265058325e-05
458.0 5.931412943027681e-05
459.0 0.00027257758574705804
460.0 0.0004858410193264717
461.0 0.0003679384235510952
462.0 0.00025003573682624847
463.0 0.0003912463853339432
464.0 0.0005324570338416379
465.0 0.0005251290531305131
466.0 0.0005178011633688584
467.0 0.0005552392394747585
468.0 0.0005926772701059235
469.0 0.0008221031748689711
470.0 0.0010515291251067538
471.0 0.0012233849702170119
472.0 0.0013952409972262103
473.0 0.0019436820366536267
474.0 0.0024921231670305133
475.0 0.002550203316786792
476.0 0.0026082836484420113
477.0 0.002370399670326151
478.0 0.0021325156922102906
479.0 0.002286466769874096
480.0 0.0024404178475379013
481.0 0.002619838596729096
482.0 0.0027992597097181715
483.0 0.0030835373763693497
484.0 0.0033678148611215875
485.0 0.002575971302576363
486.0 0.0017841277440311387
487.0 0.0017565964299137704
488.0 0.0017290649338974617
489.0 0.0017458545698900707
490.0 0.0017626442058826797
491.0 0.0016116498954943381
492.0 0.0014606554032070562
493.0 0.0014409537470783107
494.0 0.0014212519090506248
495.0 0.0014303998796094675
496.0 0.00143954775921884
497.0 0.0013909275367041118
498.0 0.0013423071322904434
499.0 0.0015874404198257253
500.0 0.0018325734345125966
501.0 0.0017969969121622853
502.0 0.001761420389811974
503.0 0.001898821210488677
504.0 0.00203622203116538
505.0 0.0019238015738665126
506.0 0.0018113811165676452
507.0 0.0018185666704084724
508.0 0.0018257525880471803
509.0 0.0018216491298517212
510.0 0.0018175458535552025
511.0 0.001676452848187182
512.0 0.001535360024718102
513.0 0.0017375177776557393
514.0 0.0019396755305933766
515.0 0.0019146267732139677
516.0 0.0018895778339356184
517.0 0.0014560801901097875
518.0 0.0010225823643850163
519.0 0.0010281718459737021
520.0 0.0010337611456634477
521.0 0.0011374249879736453
522.0 0.0012410890121827833
523.0 0.001353809147985885
524.0 0.0014665291018900461
525.0 0.001913738924486097
526.0 0.0023609487470821477
527.0 0.002631405914144125
528.0 0.002901863081206102
529.0 0.0028111389838159084
530.0 0.002720414886425715
531.0 0.0025142269805655815
532.0 0.0023080392566043884
533.0 0.0020325620425865054
534.0 0.0017570850104675628
535.0 0.0018010872736340389
536.0 0.0018450893549015746
537.0 0.001803291706892196
538.0 0.0017614940588828176
539.0 0.0026795001758728176
540.0 0.003597505929064937
541.0 0.00400621174776461
542.0 0.004414917202666402
543.0 0.004400028774398379
544.0 0.004385140346130356
545.0 0.004311110023991205
546.0 0.004237079701852053
547.0 0.0038182803109521046
548.0 0.003399480920052156
549.0 0.003115590152447112
550.0 0.002831699384842068
551.0 0.002472859159752261
552.0 0.002114019116561394
553.0 0.0022856524083181284
554.0 0.0024572860638727434
555.0 0.0030337536372826435
556.0 0.003610221028793603
557.0 0.004111101225134917
558.0 0.004611981057678349
559.0 0.004741849261336029
560.0 0.004871717101195827
561.0 0.004449695552466437
562.0 0.004027674367534928
563.0 0.0037840331060579047
564.0 0.003540392208378762
565.0 0.0038505524571519345
566.0 0.004160712342127226
567.0 0.004708024789579213
568.0 0.005255336509435438
569.0 0.006108950037742034
570.0 0.006962563202250749
571.0 0.007440746412612498
572.0 0.007918929622974247
573.0 0.007941285730339587
574.0 0.007963641837704927
575.0 0.007303931488422677
576.0 0.0066442218667361885
577.0 0.005978898843750358
578.0 0.0053135772759560496
579.0 0.005019647869630717
580.0 0.004725718099507503
581.0 0.005581654841080308
582.0 0.006437592674046755
583.0 0.007712798105785623
584.0 0.008988004992716014
585.0 0.01037980109686032
586.0 0.011771599383791909
587.0 0.011558318510651588
588.0 0.011345039092702791
589.0 0.01070984362741001
590.0 0.010074650344904512
591.0 0.009411339124199003
592.0 0.008748027903493494
593.0 0.007746197661617771
594.0 0.006744364509359002
595.0 0.005837298522237688
596.0 0.00493023035232909
597.0 0.005226242501521483
598.0 0.005522254286915995
599.0 0.006596415187232196
600.0 0.007670576451346278
601.0 0.008689643436810002
602.0 0.009708709694677964
603.0 0.010362701868871227
604.0 0.011016694770660251
605.0 0.010640254186000675
606.0 0.010263815056532621
607.0 0.009805044828681275
608.0 0.009346273873234168
609.0 0.007980513328220695
610.0 0.006614752783207223
611.0 0.00521017936989665
612.0 0.003805605956586078
613.0 0.003706795905600302
614.0 0.0036079862184124067
615.0 0.003741070759133436
616.0 0.0038741556636523455
617.0 0.005134880484547466
618.0 0.0063956053054425865
619.0 0.007476780592696741
620.0 0.008557955879950896
621.0 0.009426805627299473
622.0 0.010295654647052288
623.0 0.010529221617616713
624.0 0.010762786405393854
625.0 0.010099461360368878
626.0 0.009436132677365094
627.0 0.008121482824208215
628.0 0.006806833698647097
629.0 0.005734017759095877
630.0 0.004661200728151016
631.0 0.0036885958252241835
632.0 0.0027159901947015896
633.0 0.002839934495568741
634.0 0.0029638787964358926
635.0 0.003049679617106449
636.0 0.0031354811653727666
637.0 0.0038365884392987937
638.0 0.004537695713224821
639.0 0.005118047556607053
640.0 0.005698399763787165
641.0 0.005899905590922572
642.0 0.006101411418057978
643.0 0.0059756453993031755
644.0 0.005849879016750492
645.0 0.005297537791193463
646.0 0.004745196929434314
647.0 0.00415285030612722
648.0 0.0035605033190222457
649.0 0.0028678188755293377
650.0 0.0021751347958343104
651.0 0.002164647594327107
652.0 0.002154160392819904
653.0 0.0019047751266043633
654.0 0.0016553900422877632
655.0 0.0020808482076972723
656.0 0.0025063065550057217
657.0 0.0020503177438513376
658.0 0.0015943291145958938
659.0 0.0014997734979260713
660.0 0.0014052180631551892
661.0 0.0016929923731368035
662.0 0.0019807670469162986
663.0 0.002135434806405101
664.0 0.0022901027477928437
665.0 0.0024242966901510954
666.0 0.0025584909963072278
667.0 0.0028559270504047163
668.0 0.003153363286401145
669.0 0.004304226240492426
670.0 0.005455088466987945
671.0 0.006185304664541036
672.0 0.006915520498296246
673.0 0.007222620479296893
674.0 0.007529719005106017
675.0 0.007535919576184824
676.0 0.00754211941966787
677.0 0.006973768176976591
678.0 0.006405414751498029
679.0 0.0053353967814473435
680.0 0.004265377720003016
681.0 0.0028378528440953232
682.0 0.0014103270586929284
683.0 0.0009778801540960558
684.0 0.000545433158549713
685.0 0.00046576187742175534
686.0 0.00038609045986959245
687.0 0.0003089839538006345
688.0 0.0002318774932064116
689.0 0.0002888097469622153
690.0 0.00034574200071801897
691.0 0.00028394556466082577
692.0 0.00022214896944205975
693.0 0.00029598113542306237
694.0 0.0003698132104545948
695.0 0.00025894923965097405
696.0 0.00014808539390287478
697.0 0.0002929865331680048
698.0 0.0004378877747512888
699.0 0.00020370021047710907
700.0 1.7204597121955878e-10
701.0 1.7204597121955878e-10
702.0 1.7204597121955878e-10
703.0 1.7204597121955878e-10
704.0 0.0002679304998309817
705.0 0.00017185385559059796
706.0 7.577727387797495e-05
707.0 3.317792618418025e-05
708.0 1.7204597121955878e-10
709.0 0.00028375020519888494
710.0 0.0005769218205387006
711.0 0.00020894974568363978
712.0 1.7204597121955878e-10
713.0 5.283238806441659e-05
714.0 0.0002646871053002542
715.0 0.0002827597654686542
716.0 0.0003008323574249516
717.0 0.00022242563773033908
718.0 0.0001440188839296752
719.0 1.6609773467735067e-05
720.0 1.7204597121955878e-10
721.0 0.00024256041797343642
722.0 0.00059592011893983
723.0 0.00048660954234946985
724.0 0.0003772989202843746
725.0 0.00040724612517806236
726.0 0.000437193284597015
727.0 0.0005597775725618703
728.0 0.0006823616331530502
729.0 0.0004740046279039234
730.0 0.00026564746349322377
731.0 0.0002449016392347403
732.0 0.00022415563307731645
733.0 0.00020375002804939868
734.0 0.00018334457081436994
735.0 0.00039744472815073095
736.0 0.0006115449195931433
737.0 0.0005557851636694977
738.0 0.0005000254077458521
739.0 0.0005129770215717144
740.0 0.0005259286353975767
741.0 0.0003698266937135486
742.0 0.0002137248202416231
743.0 0.00030397391128644813
744.0 0.0003942230705433758
745.0 0.00042756273614941165
746.0 0.0004609024017554475
747.0 0.0002594599891381222
748.0 5.80176447328995e-05
749.0 0.0001734553052301635
750.0 0.0002888929202526924
751.0 0.00019917240479117027
752.0 0.00010945194617306697
753.0 0.00014514040458379895
754.0 0.00018082885162584716
755.0 0.00025825286229519406
756.0 0.0003356768502271734
757.0 0.00023599482119607273
758.0 0.00013631264437208301
759.0 0.0003028785613423679
760.0 0.0004694445578934392
761.0 0.00033301885196124204
762.0 0.00019659296413010452
763.0 0.0003091778353336849
764.0 0.00042176257011306006
765.0 0.0003828957233054098
766.0 0.0003440289447098621
767.0 0.0003580106294975849
768.0 0.00037199240523477783
769.0 0.0003863974598061759
770.0 0.0004008025825896766
771.0 0.00035545058381103445
772.0 0.00031009856229502475
773.0 0.00032249399737338535
774.0 0.00033488938697701087
775.0 0.0005038618382968707
776.0 0.0006728344487783033
777.0 0.0004901800821244251
778.0 0.0003075256472584442
779.0 0.0006072046744520776
780.0 0.0009068838153325487
781.0 0.0008017777872737497
782.0 0.0006966717592149507
783.0 0.0005879101991013158
784.0 0.000479148684462416
785.0 0.0003884017132804729
786.0 0.0002976546284116921
787.0 0.0007045848633424612
788.0 0.0011115149391116574
789.0 0.0006954382115509361
790.0 0.0002793612338791718
791.0 0.0006192979526531417
792.0 0.0009592346941644792
793.0 0.0007274978543136967
794.0 0.0004957609689881792
795.0 0.0005610514563159086
796.0 0.0006263418981689028
797.0 0.00044597077248909045
798.0 0.0002655997832334833
799.0 0.0004179241841484327
800.0 0.0005702487214875873
801.0 0.0006056123311282136
802.0 0.0006409759862435749
803.0 0.000557052908334299
804.0 0.0004731298304250231
805.0 0.0005361894636735087
806.0 0.0005992490059725242
807.0 0.0009171518286166247
808.0 0.0012350546057859901
809.0 0.0009219949788530357
810.0 0.0006089355338190217
811.0 0.0004456067927094409
812.0 0.00028227827897353563
813.0 0.00041801404222496785
814.0 0.0005537498964258702
815.0 0.0004365845597931184
816.0 0.00031941924589773407
817.0 0.000478454103358672
818.0 0.0006374893928295933
819.0 0.0006894460511830403
820.0 0.0007414026185870171
821.0 0.0006282160029513761
822.0 0.0005150293873157352
823.0 0.0003202062998752808
824.0 0.00012538337159639923
825.0 0.0001777040210981795
826.0 0.0002300246705999598
827.0 0.0005688065812137211
828.0 0.0009075884008780122
829.0 0.0010967721209453885
830.0 0.0012859555681643542
831.0 0.0009995952495955862
832.0 0.0007132351584004937
833.0 0.0008694754797033966
834.0 0.0010257159374305047
835.0 0.0006989531357248779
836.0 0.00037219042496872135
837.0 0.0006527406640088884
838.0 0.000933290630200645
839.0 0.0007422246198984794
840.0 0.0005511584731721086
841.0 0.0005624723144137533
842.0 0.0005737861101806629
843.0 0.0005911274911341025
844.0 0.0006084691449359525
845.0 0.0009772022167453542
846.0 0.0013459355614031665
847.0 0.0009922420758812223
848.0 0.0006385487722582184
849.0 0.0008334404810739215
850.0 0.0010283320989401545
851.0 0.000953996459429618
852.0 0.0008796610018180218
853.0 0.0006907146598678082
854.0 0.0005017684543418
855.0 0.0006593205398530699
856.0 0.0008168725798896048
857.0 0.001003795023279963
858.0 0.0011907171938219108
859.0 0.0012492118912632577
860.0 0.0013077066796540748
861.0 0.0011984523553110193
862.0 0.0010891982128669042
863.0 0.0012891953701910097
864.0 0.001489192436565645
865.0 0.0016755790056777187
866.0 0.0018619650290929712
867.0 0.0018436930986354128
868.0 0.001825420986278914
869.0 0.0018750053641269915
870.0 0.0019245895600761287
871.0 0.0023886495910119265
872.0 0.0028527101676445454
873.0 0.00267494597210316
874.0 0.0024971817765617743
