lsstCam/transmission_filter_detector/r42_s01/i_39/19700101T000000.ecsv
# %ECSV 1.0
# ---
# datatype:
# - {name: wavelength, unit: nm, datatype: float32}
# - {name: efficiency, unit: '%', datatype: float64}
# meta: !!omap
# - {MODE: DETECTOR}
# - {TYPE: transmission_filter_detector}
# - {CALIBDATE: '1970-01-01T00:00:00'}
# - {INSTRUME: LSSTCam}
# - {OBSTYPE: transmission_filter_detector}
# - {CALIBCLS: lsst.ip.isr.IntermediateFilterDetectorTransmissionCurve}
# - {SOURCE: Materion (DM-46256)}
# - {DETECTOR: 172}
# - {FILTER: i_39}
# - {CALIB_ID: 'calibDate=1970-01-01T00:00:00 filter=i_39 detector=172'}
# - {DATE: '2025-04-02T15:59:47.275461'}
# - {CALIB_CREATION_DATE: '2025-04-02'}
# - {CALIB_CREATION_TIME: '15:59:47'}
# - __serialized_columns__:
#     efficiency:
#       __class__: astropy.units.quantity.Quantity
#       unit: !astropy.units.Unit {unit: '%'}
#       value: !astropy.table.SerializedColumn {name: efficiency}
#     wavelength:
#       __class__: astropy.units.quantity.Quantity
#       unit: !astropy.units.Unit {unit: nm}
#       value: !astropy.table.SerializedColumn {name: wavelength}
# schema: astropy-2.0
wavelength efficiency
[from data line 597]
897.0 9.345139346805809e-05
898.0 0.00015108574871192104
899.0 9.546276942273835e-05
900.0 3.9839764554017165e-05
901.0 0.00016507632381035364
902.0 0.0002903128688558354
903.0 8.017746608857124e-05
904.0 1.6066321450319831e-10
905.0 1.6066321450319831e-10
906.0 1.6066321450319831e-10
907.0 1.6066321450319831e-10
908.0 1.6066321450319831e-10
909.0 1.6066321450319831e-10
910.0 1.6066321450319831e-10
911.0 1.6066321450319831e-10
912.0 1.6066321450319831e-10
913.0 7.6293366646496e-05
914.0 0.00020402660538820783
915.0 0.0001533352133264998
916.0 0.00010264382126479177
917.0 4.293704947144761e-06
918.0 1.6066321450319831e-10
919.0 1.6066321450319831e-10
920.0 1.6066321450319831e-10
921.0 1.6066321450319831e-10
922.0 1.6066321450319831e-10
923.0 4.295167457257776e-05
924.0 0.00031628276246919995
925.0 0.00020924273940181592
926.0 0.00010220267085969681
927.0 1.7473473690188257e-05
928.0 1.6066321450319831e-10
929.0 4.438944074536266e-05
930.0 0.0001560345708639943
931.0 3.208774899121636e-05
932.0 1.6066321450319831e-10
933.0 1.6066321450319831e-10
934.0 1.6066321450319831e-10
935.0 1.6066321450319831e-10
936.0 1.6066321450319831e-10
937.0 1.6066321450319831e-10
938.0 1.6066321450319831e-10
939.0 1.6066321450319831e-10
940.0 1.6066321450319831e-10
941.0 2.8558187636917864e-05
942.0 0.00011388659686417668
943.0 1.6066321450319831e-10
944.0 1.6066321450319831e-10
945.0 1.6066321450319831e-10
946.0 0.00012736379630950978
947.0 1.6066321450319831e-10
948.0 1.6066321450319831e-10
949.0 1.6066321450319831e-10
950.0 0.00012328827097007888
951.0 7.352768989221659e-05
952.0 2.3767107393268816e-05
953.0 1.6066321450319831e-10
954.0 1.6066321450319831e-10
955.0 0.00016227056676143548
956.0 0.0003587918172343052
957.0 0.0002756411504378775
958.0 0.00019249052911618492
959.0 0.0002699380274862051
960.0 0.00034738550311885774
961.0 0.00017321567611361388
962.0 1.6066321450319831e-10
963.0 5.5315365443675546e-05
964.0 0.00011158488177898107
965.0 0.00011360266398696695
966.0 0.00011562044619495282
967.0 6.803457495152543e-05
968.0 2.0448703708098037e-05
969.0 2.276178889815128e-06
970.0 1.6066321450319831e-10
971.0 1.6066321450319831e-10
972.0 1.6066321450319831e-10
973.0 1.6066321450319831e-10
974.0 1.6066321450319831e-10
975.0 3.7670398000955174e-05
976.0 0.0001878156695056532
977.0 9.451148912376084e-05
978.0 1.2073098965004192e-06
979.0 6.78947969845467e-05
980.0 0.00013458227385854116
981.0 0.0001410659592693264
982.0 0.00014754964468011167
983.0 9.513385066384217e-05
984.0 4.271809928013681e-05
985.0 1.6066321450319831e-10
986.0 1.6066321450319831e-10
987.0 1.6066321450319831e-10
988.0 1.6066321450319831e-10
989.0 1.6066321450319831e-10
990.0 1.9695082187354274e-05
991.0 1.2507534563610534e-05
992.0 5.320021045918111e-06
993.0 4.701721252331481e-05
994.0 8.871437557900208e-05
995.0 0.0001825166009439272
996.0 0.000276318792202801
997.0 0.00010097228368977085
998.0 1.6066321450319831e-10
999.0 1.6066321450319831e-10
1000.0 1.6066321450319831e-10
1001.0 1.0328844979312635e-05
1002.0 0.00013393009794526733
1003.0 0.00019333549516886706
1004.0 0.0002527409606045694
1005.0 0.00022087024262873456
1006.0 0.00018899961560236989
1007.0 0.00016560917401875486
1008.0 0.0001422188688593451
1009.0 4.9573486649023835e-05
1010.0 1.6066321450319831e-10
1011.0 0.000136678397666401
1012.0 0.0003164286908940994
1013.0 0.0002279809223182383
1014.0 0.00013953317647974472
1015.0 0.00011176758789588348
1016.0 8.400203341807355e-05
1017.0 0.0003158794697810663
1018.0 0.0005477568265632726
1019.0 0.00035355512864043703
1020.0 0.00015935345345496899
1021.0 0.00015188426232271013
1022.0 0.0001444150598217675
1023.0 0.0001726715026961756
1024.0 0.00020092786598979728
1025.0 0.0003224352440156508
1026.0 0.0004439425993041368
1027.0 0.0004643606644094689
1028.0 0.00048477868404006585
1029.0 0.000676607805871754
1030.0 0.0008684368367539719
1031.0 0.0010991202543664258
1032.0 0.0013298036719788797
1033.0 0.00168942533491645
1034.0 0.0020490466340561397
1035.0 0.0023425938707077876
1036.0 0.0026361405616626143
1037.0 0.0028450460376916453
1038.0 0.0030539515137206763
1039.0 0.003243587343604304
1040.0 0.0034332231734879315
1041.0 0.003357252717250958
1042.0 0.0032812822610139847
1043.0 0.003273681431892328
1044.0 0.0032660806027706712
1045.0 0.003408940028748475
1046.0 0.0035517998185241595
1047.0 0.0031336487154476345
1048.0 0.0027154972485732287
1049.0 0.0027841881092172116
1050.0 0.002852878787962254
1051.0 0.002434572161291726
1052.0 0.0020162658984190784
1053.0 0.0020639125068555586
1054.0 0.002111559297190979
1055.0 0.0016152231182786636
1056.0 0.001118886848416878
1057.0 0.0011384208846720867
1058.0 0.0011579549209272955
1059.0 0.0009560564649291337
1060.0 0.0007541580089309718
1061.0 0.0008285274816444144
1062.0 0.0009028970453073271
1063.0 0.0012745750609610695
1064.0 0.001646253076614812
1065.0 0.002415427479718346
1066.0 0.0031846018828218803
1067.0 0.003597551040002145
1068.0 0.004010501288576052
1069.0 0.004052648364449851
1070.0 0.004094796531717293
1071.0 0.004008303949376568
1072.0 0.003921812094631605
1073.0 0.00360207304765936
1074.0 0.0032823343644849956
1075.0 0.003438253406784497
1076.0 0.0035941728128818795
1077.0 0.003910359009751119
1078.0 0.004226544842822477
1079.0 0.003629179991548881
1080.0 0.003031814776477404
1081.0 0.0025584668037481606
1082.0 0.002085118649119977
1083.0 0.0019159286239300855
1084.0 0.001746738598740194
1085.0 0.0010767987987492234
1086.0 0.00040685918065719306
1087.0 0.0002978169277412235
1088.0 0.00018877481124945916
1089.0 1.6066321450319831e-10
1090.0 1.6066321450319831e-10
1091.0 1.6066321450319831e-10
1092.0 0.001193695698020747
1093.0 0.0013305416359798983
1094.0 0.0014673873920401093
1095.0 0.0004252214239386376
1096.0 1.6066321450319831e-10
1097.0 1.6066321450319831e-10
1098.0 1.6066321450319831e-10
1099.0 0.0007838809324312024
1100.0 0.0019389317458262667
