lsstCam/transmission_filter_detector/r42_s01/i_39/19700101T000000.ecsv
# %ECSV 1.0
# ---
# datatype:
# - {name: wavelength, unit: nm, datatype: float32}
# - {name: efficiency, unit: '%', datatype: float64}
# meta: !!omap
# - {MODE: DETECTOR}
# - {TYPE: transmission_filter_detector}
# - {CALIBDATE: '1970-01-01T00:00:00'}
# - {INSTRUME: LSSTCam}
# - {OBSTYPE: transmission_filter_detector}
# - {CALIBCLS: lsst.ip.isr.IntermediateFilterDetectorTransmissionCurve}
# - {SOURCE: Materion (DM-46256)}
# - {DETECTOR: 172}
# - {FILTER: i_39}
# - {CALIB_ID: 'calibDate=1970-01-01T00:00:00 filter=i_39 detector=172'}
# - {DATE: '2025-04-02T15:59:47.275461'}
# - {CALIB_CREATION_DATE: '2025-04-02'}
# - {CALIB_CREATION_TIME: '15:59:47'}
# - __serialized_columns__:
#     efficiency:
#       __class__: astropy.units.quantity.Quantity
#       unit: !astropy.units.Unit {unit: '%'}
#       value: !astropy.table.SerializedColumn {name: efficiency}
#     wavelength:
#       __class__: astropy.units.quantity.Quantity
#       unit: !astropy.units.Unit {unit: nm}
#       value: !astropy.table.SerializedColumn {name: wavelength}
# schema: astropy-2.0
wavelength efficiency
300.0 0.07020103512331843
301.0 0.03617257461883128
302.0 0.0021441235730890185
303.0 0.006911743548698723
304.0 0.011679364979499951
305.0 0.009028406930156052
306.0 0.006377444515237585
307.0 0.013128134014550596
308.0 0.0198788198758848
309.0 0.003333328277221881
310.0 1.6066321450319831e-10
311.0 1.6066321450319831e-10
312.0 1.6066321450319831e-10
313.0 1.6066321450319831e-10
314.0 1.6066321450319831e-10
315.0 0.00198202451429097
316.0 0.010603291593724862
317.0 0.005534336742130108
318.0 0.0004653819814848248
319.0 0.0018880331481341273
320.0 0.0033106825867434964
321.0 0.002168125683965627
322.0 0.0010255686902382877
323.0 0.0013796261555398814
324.0 0.0017336848031845875
325.0 0.0012051732483087108
326.0 0.0006766623300791252
327.0 0.0011845968401758
328.0 0.0016925318050198257
329.0 0.0009979618880606722
330.0 0.0003033919711015187
331.0 0.0008486482329317369
332.0 0.0013939038581156638
333.0 0.0010748661225079559
334.0 0.000755827886678162
335.0 0.001676494321145583
336.0 0.0025971594368456863
337.0 0.0029901295420131646
338.0 0.003383099101483822
339.0 0.0010327487871109042
340.0 1.6066321450319831e-10
341.0 4.5175198692959384e-05
342.0 0.0014079516404308379
343.0 0.0014372452824318316
344.0 0.0014665390153822955
345.0 0.0014148525224300101
346.0 0.001363165665679844
347.0 0.0010073482371808495
348.0 0.0006515306267829146
349.0 0.00016177226598301786
350.0 1.6066321450319831e-10
351.0 1.6066321450319831e-10
352.0 1.6066321450319831e-10
353.0 1.6066321450319831e-10
354.0 1.6066321450319831e-10
355.0 0.0004105438620172208
356.0 0.0016076764950412326
357.0 7.97097641225264e-05
358.0 1.6066321450319831e-10
359.0 1.6066321450319831e-10
360.0 1.6066321450319831e-10
361.0 0.0003609642817536951
362.0 0.001036099547491176
363.0 0.000761314822739223
364.0 0.0004865299615630647
365.0 0.0002982409796459251
366.0 0.00010995211141562322
367.0 1.6066321450319831e-10
368.0 1.6066321450319831e-10
369.0 1.6066321450319831e-10
370.0 1.6066321450319831e-10
371.0 1.6066321450319831e-10
372.0 0.00033831440759968245
373.0 0.0005258683813735843
374.0 0.0007134222869353835
375.0 0.00042835904423554894
376.0 0.0001432960175407061
377.0 0.00018296190091859899
378.0 0.00022262768197833793
379.0 0.00017134369727500598
380.0 0.00012005963299088762
381.0 1.6066321450319831e-10
382.0 1.6066321450319831e-10
383.0 1.6066321450319831e-10
384.0 1.6066321450319831e-10
385.0 1.6066321450319831e-10
386.0 0.00024944754386524437
387.0 0.00018968514723383123
388.0 0.00012992251186005888
389.0 0.0002074767053272808
390.0 0.0002850305463653058
391.0 0.0007957840352901258
392.0 0.0013065374332654756
393.0 0.001306735157413641
394.0 0.0013069329725112766
395.0 0.001267887455469463
396.0 0.001228841665579239
397.0 0.0004339922725193901
398.0 1.6066321450319831e-10
399.0 0.0005946978944848524
400.0 0.001550252636661753
401.0 0.00563572502869647
402.0 0.00972119887592271
403.0 0.008147209155140445
404.0 0.006573220161953941
405.0 0.004483673183131032
406.0 0.0023941262043081224
407.0 0.0028479218599386513
408.0 0.003301717879367061
409.0 0.003802698847721331
410.0 0.004303679088479839
411.0 0.002386241794738453
412.0 0.0004688045464718016
413.0 0.0025240995455533266
414.0 0.004579394226311706
415.0 0.005535782838705927
416.0 0.006492169632110745
417.0 0.006598867184948176
418.0 0.006705565465381369
419.0 0.0048719230107963085
420.0 0.00303828164760489
421.0 0.004237692701281048
422.0 0.005437104846350849
423.0 0.005281042467686348
424.0 0.0051249789976282045
425.0 0.005080352639197372
426.0 0.005035726280766539
427.0 0.005172434248379432
428.0 0.005309143307385966
429.0 0.003917149660992436
430.0 0.002525157105992548
431.0 0.0034593394957482815
432.0 0.004393521885504015
433.0 0.003712437319336459
434.0 0.0030313527531689033
435.0 0.0024551603928557597
436.0 0.0018789682144415565
437.0 0.0016001014955691062
438.0 0.0013212346857471857
439.0 0.0013695060260943137
440.0 0.0014177773664414417
441.0 0.0015372948837466538
442.0 0.001656812492001336
443.0 0.0013239205145509914
444.0 0.0009910284461511765
445.0 0.001062479987012921
446.0 0.001133931345975725
447.0 0.0007965660188347101
448.0 0.00045920082811790053
449.0 0.00048410502131446265
450.0 0.0005090092145110248
451.0 0.0004750056177726947
452.0 0.00044100220293330494
453.0 1.6066321450319831e-10
454.0 1.6066321450319831e-10
455.0 1.6066321450319831e-10
456.0 0.00027751523248298327
457.0 0.0003292305564173148
458.0 0.00038094553929113317
459.0 0.0006774037046852754
460.0 0.000973862006503623
461.0 0.0011581600119825453
462.0 0.0013424578355625272
463.0 0.0008946169145929161
464.0 0.00044677631194645073
465.0 0.0002241424681415083
466.0 1.5086847326983843e-06
467.0 0.00036041021758137504
468.0 0.000719311719876714
469.0 0.0006341352673189249
470.0 0.0005489587238116655
471.0 0.0002960845222332864
472.0 4.3210349076616694e-05
473.0 7.890608912930475e-05
474.0 0.00011460172117949696
475.0 0.00011759391327359481
476.0 0.00012058603715559002
477.0 0.00041167086237692274
478.0 0.0007027556875982555
479.0 0.0004649750280805165
480.0 0.00022719439130014507
481.0 0.0005961662736808648
482.0 0.0009651382242736872
483.0 0.002217351720901206
484.0 0.003469565126579255
485.0 0.0046705343265784904
486.0 0.005871503162779845
487.0 0.007543565152445808
488.0 0.00921562677831389
489.0 0.013480355846695602
490.0 0.017745085642673075
491.0 0.021440933051053435
492.0 0.025136780459433794
493.0 0.027822956326417625
494.0 0.03050912928301841
495.0 0.028894442948512733
496.0 0.0272797595243901
497.0 0.023273573606275022
498.0 0.019267389143351465
499.0 0.01445107045583427
500.0 0.009634751768317074
501.0 0.006548537203343585
502.0 0.003462322274572216
503.0 0.0023398135454044677
504.0 0.0012173047252872493
505.0 0.001648013130761683
506.0 0.002078721263387706
507.0 0.002389892324572429
508.0 0.0027010630219592713
509.0 0.0024025956008699723
510.0 0.0021041278159827925
511.0 0.0019524177332641557
512.0 0.0018007074686465785
513.0 0.0019805542251560837
514.0 0.002160400981665589
515.0 0.001954482650035061
516.0 0.001748564318404533
517.0 0.0018108779840986244
518.0 0.0018731918316916563
519.0 0.0017573229342815466
520.0 0.0016414542187703773
521.0 0.0016140822481247596
522.0 0.0015867104593780823
523.0 0.0017732290871208534
524.0 0.0019597473510657437
525.0 0.002514016341592651
526.0 0.0030682855140184984
527.0 0.0031808591302251443
528.0 0.0032934323826339096
529.0 0.0029501368771889247
530.0 0.002606841007946059
531.0 0.0025691195332910866
532.0 0.0025313982405350544
533.0 0.0021834868675796315
534.0 0.0018355753127252683
535.0 0.0017174681488540955
536.0 0.001599360621185042
537.0 0.0020755926016136073
538.0 0.002551824763941113
539.0 0.003173626828356646
540.0 0.0037954290746711195
541.0 0.004695169263868593
542.0 0.005594909453066066
543.0 0.005326097380020656
544.0 0.0050572853069752455
545.0 0.004343623368185945
546.0 0.0036299610655987635
547.0 0.0029184251616243273
548.0 0.0022068890757509507
549.0 0.002014015626627952
550.0 0.0018211425413028337
551.0 0.0018774986529024318
552.0 0.0019338549464009702
553.0 0.0018545008060755208
554.0 0.0017751466657500714
555.0 0.001502660506957909
556.0 0.0012301741662668064
557.0 0.0009928496183420066
558.0 0.0007555248430435313
559.0 0.0006170844244479667
560.0 0.00047864418775134254
561.0 0.0006902474069647724
562.0 0.0009018505807034671
563.0 0.0011454319064796437
564.0 0.0013890130503568798
565.0 0.0016277073882520199
566.0 0.0018664013623492792
567.0 0.0016385245544370264
568.0 0.0014106475646258332
569.0 0.001209675428981427
570.0 0.0010087033842864912
571.0 0.0006459413270931691
572.0 0.00028317929263721453
573.0 0.0002532983671699185
574.0 0.0002234174189652549
575.0 0.0004948871719534509
576.0 0.0007663568794669118
577.0 0.0006121694241301157
578.0 0.0004579820142680546
579.0 0.00037657289340131683
580.0 0.0002951637497972115
581.0 0.00037844895359739894
582.0 0.000461734225609689
583.0 0.0004957640612701653
584.0 0.0005297938514559064
585.0 0.0004544799594441429
586.0 0.00037916590827080654
587.0 0.0003497942770991358
588.0 0.0003204226231900975
589.0 0.0005632318334392039
590.0 0.0008060411346377805
591.0 0.0005975409294478595
592.0 0.0003890406787832035
593.0 0.00039139026739576366
594.0 0.000393739946957794
595.0 0.0002768719468804193
596.0 0.00016000396954041207
597.0 0.0003105616542598
598.0 0.00046111936171655543
599.0 0.00042270266931154765
600.0 0.00038428606785601005
601.0 0.00038200587368919514
602.0 0.00037972579320921795
603.0 0.00038752477848902345
604.0 0.00039532383198093157
605.0 0.00037427721508720424
606.0 0.0003532305527187418
607.0 0.00024236730951088248
608.0 0.00013150405493433936
609.0 0.0002968078888443415
610.0 0.00046211184780986514
611.0 0.0004503454874793533
612.0 0.0004385791271488415
613.0 0.00034832632991310675
614.0 0.00025807366910157725
615.0 0.00019030208022741135
616.0 0.00012253057093403186
617.0 0.0002775361281237565
618.0 0.00043254176489426754
619.0 0.0002820170493578189
620.0 0.0001314924020334729
621.0 0.0002622412694108789
622.0 0.0003929901595256524
623.0 0.0003460583229752956
624.0 0.0002991265546370414
625.0 0.0003801948878390249
626.0 0.0004612631983036408
627.0 0.0004629434442904312
628.0 0.0004646236902772216
629.0 0.00041917278394976165
630.0 0.00037372185488493415
631.0 0.000494420419272501
632.0 0.0006151189154479653
633.0 0.00047481621550105046
634.0 0.0003345135382915032
635.0 0.00036158046441414626
636.0 0.00038864741327415686
637.0 0.0003124201384707703
638.0 0.00023619284093001625
639.0 0.00044444841478252783
640.0 0.0006527039204229368
641.0 0.0005777119895356009
642.0 0.0005027199676987948
643.0 0.0004033779532619519
644.0 0.0003040358251382713
645.0 0.0004723156052932609
646.0 0.0006405954536603531
647.0 0.0007165160241129342
648.0 0.0007924365490907803
649.0 0.0007916669346741401
650.0 0.0007908971383585595
651.0 0.0007915334208519198
652.0 0.00079216961239581
653.0 0.0008242997864726931
654.0 0.0008564302333979867
655.0 0.000987667135632364
656.0 0.0011189039469172712
657.0 0.0017119720723712817
658.0 0.0023050404706737027
659.0 0.004094801624887623
660.0 0.021699562785215676
661.0 0.10486934334039688
662.0 0.11060721008107066
663.0 0.08347336552105844
664.0 0.12900257715955377
665.0 0.1065935823135078
666.0 0.16583770047873259
667.0 0.21218897309154272
668.0 0.2295584650710225
669.0 0.2562635578215122
670.0 0.39041340351104736
671.0 0.5465440452098846
672.0 0.8170521818101406
673.0 1.3301999308168888
674.0 1.9619207829236984
675.0 2.8892070055007935
676.0 3.8979820907115936
677.0 5.273176357150078
678.0 6.560494750738144
679.0 7.937132567167282
680.0 9.786994010210037
681.0 11.854854971170425
682.0 14.39104825258255
683.0 17.12775081396103
684.0 20.105960965156555
685.0 23.016013205051422
686.0 26.10759437084198
687.0 29.283717274665833
688.0 32.622915506362915
689.0 35.93819737434387
690.0 39.749252796173096
691.0 43.82084310054779
692.0 48.67653846740723
693.0 53.887104988098145
694.0 59.6793532371521
695.0 65.31045436859131
696.0 71.54714465141296
697.0 77.10675001144409
698.0 83.08372497558594
699.0 87.67627477645874
700.0 91.091787815094
701.0 93.91320943832397
702.0 95.82962393760681
703.0 96.89664840698242
704.0 97.40946292877197
705.0 97.79373407363892
706.0 97.82583713531494
707.0 97.96193838119507
708.0 98.04757237434387
709.0 98.12374711036682
710.0 97.85674810409546
711.0 98.12232851982117
712.0 97.93257117271423
713.0 98.06270003318787
714.0 98.06803464889526
715.0 98.19862246513367
716.0 98.02645444869995
717.0 98.26618432998657
718.0 98.31019043922424
719.0 98.23338985443115
720.0 98.51773381233215
721.0 98.41285943984985
722.0 98.20078015327454
723.0 97.89426922798157
724.0 97.58121371269226
725.0 97.29607701301575
726.0 97.08973169326782
727.0 96.7465877532959
728.0 96.54819369316101
729.0 96.40011191368103
730.0 96.35644555091858
731.0 96.34746313095093
732.0 96.4392364025116
733.0 96.67637348175049
734.0 96.9797432422638
735.0 97.195965051651
736.0 97.65982031822205
737.0 98.03942441940308
738.0 98.25266599655151
739.0 98.6643135547638
740.0 98.77472519874573
741.0 98.64094853401184
742.0 98.93601536750793
743.0 98.8212525844574
744.0 98.69341254234314
745.0 98.6875832080841
746.0 98.68420362472534
747.0 98.87397289276123
748.0 98.77960681915283
749.0 98.59580397605896
750.0 98.58947396278381
751.0 98.42222332954407
752.0 98.45327734947205
753.0 98.6415684223175
754.0 98.5472559928894
755.0 98.66685271263123
756.0 98.61167669296265
757.0 98.69385957717896
758.0 98.77925515174866
759.0 98.90475273132324
760.0 98.73432517051697
761.0 98.6741304397583
762.0 98.69101047515869
763.0 98.67148399353027
764.0 98.62837195396423
765.0 98.56987595558167
766.0 98.66287112236023
767.0 98.44827651977539
768.0 98.46288561820984
769.0 98.45786690711975
770.0 98.17966222763062
771.0 98.19779992103577
772.0 98.22274446487427
773.0 98.12185168266296
774.0 97.97292947769165
775.0 98.00807237625122
776.0 97.85683155059814
777.0 97.97196984291077
778.0 97.95786142349243
779.0 98.0951726436615
780.0 97.99366593360901
781.0 98.2775866985321
782.0 98.2453465461731
783.0 98.34445714950562
784.0 98.29174876213074
785.0 98.42122197151184
786.0 98.5080361366272
787.0 98.39260578155518
788.0 98.46222400665283
789.0 98.52147698402405
790.0 98.45021367073059
791.0 98.42960834503174
792.0 98.32838177680969
793.0 98.2760488986969
794.0 98.27213287353516
795.0 98.02772998809814
796.0 98.02957773208618
797.0 98.09585213661194
798.0 98.05214405059814
799.0 97.9289174079895
800.0 97.72542715072632
801.0 97.7410078048706
802.0 97.62644171714783
803.0 97.36977815628052
804.0 97.20977544784546
805.0 96.71489000320435
806.0 96.20810151100159
807.0 95.31235694885254
808.0 94.17853355407715
809.0 92.87049770355225
810.0 91.316819190979
811.0 89.31823372840881
812.0 86.95017695426941
813.0 84.16730165481567
814.0 80.79521656036377
815.0 77.13024020195007
816.0 73.20299744606018
817.0 68.69912147521973
818.0 63.81251811981201
819.0 59.44909453392029
820.0 54.52384948730469
821.0 50.0819206237793
822.0 45.63148319721222
823.0 40.99623262882233
824.0 36.366575956344604
825.0 32.099732756614685
826.0 27.712547779083252
827.0 23.090925812721252
828.0 18.887101113796234
829.0 14.779917895793915
830.0 10.704326629638672
831.0 7.800276577472687
832.0 5.069214478135109
833.0 3.1882282346487045
834.0 1.9103879109025002
835.0 1.1244590394198895
836.0 0.6537046749144793
837.0 0.38091097958385944
838.0 0.21126428619027138
839.0 0.11372030712664127
840.0 0.07517198100686073
841.0 0.017588493938092142
842.0 0.04847225500270724
843.0 0.011450597230577841
844.0 0.007088878192007542
845.0 0.019343069288879633
846.0 1.6066321450319831e-10
847.0 1.6066321450319831e-10
848.0 1.6066321450319831e-10
849.0 1.6066321450319831e-10
850.0 1.6066321450319831e-10
851.0 0.0017929060049937107
852.0 0.0025674820790300146
853.0 0.001761008934408892
854.0 0.0009545360626361798
855.0 0.0006483093329734402
856.0 0.00034208267152280314
857.0 0.00035580476378527237
858.0 0.00036952692425984424
859.0 0.0003565002316463506
860.0 0.0003434735617702245
861.0 0.0002537893124099355
862.0 0.00016410477883255226
863.0 0.00014108330788076273
864.0 0.0001180618824037083
865.0 0.00013185490388423204
866.0 0.00014564793673343956
867.0 2.9768804665764037e-05
868.0 1.6066321450319831e-10
869.0 1.3532290665807523e-05
870.0 0.000113174985472142
871.0 1.6066321450319831e-10
872.0 1.6066321450319831e-10
873.0 1.6066321450319831e-10
874.0 0.00013240968428362976
875.0 7.887306310294662e-05
876.0 2.5336430553579703e-05
877.0 1.6066321450319831e-10
878.0 1.6066321450319831e-10
879.0 1.6066321450319831e-10
880.0 0.00010264207048749086
881.0 0.00017592016092748963
882.0 0.00024919827410485595
883.0 0.00012681870202868595
884.0 4.4391260445308944e-06
885.0 0.0001202310386361205
886.0 0.00023602290184498997
887.0 0.0002057922984022298
888.0 0.0001755616949594696
889.0 0.00016764327028795378
890.0 0.00015972489109117305
891.0 2.8241507266102417e-05
892.0 1.6066321450319831e-10
893.0 1.6066321450319831e-10
894.0 4.803486604032514e-05
895.0 4.192595781660202e-05
