lsstCam/transmission_filter_detector/r33_s01/g_6/19700101T000000.ecsv
# %ECSV 1.0
# ---
# datatype:
# - {name: wavelength, unit: nm, datatype: float32}
# - {name: efficiency, unit: '%', datatype: float64}
# meta: !!omap
# - {MODE: DETECTOR}
# - {TYPE: transmission_filter_detector}
# - {CALIBDATE: '1970-01-01T00:00:00'}
# - {INSTRUME: LSSTCam}
# - {OBSTYPE: transmission_filter_detector}
# - {CALIBCLS: lsst.ip.isr.IntermediateFilterDetectorTransmissionCurve}
# - {SOURCE: Materion (DM-46256)}
# - {DETECTOR: 145}
# - {FILTER: g_6}
# - {CALIB_ID: 'calibDate=1970-01-01T00:00:00 filter=g_6 detector=145'}
# - {DATE: '2025-04-02T15:59:42.698584'}
# - {CALIB_CREATION_DATE: '2025-04-02'}
# - {CALIB_CREATION_TIME: '15:59:42'}
# - __serialized_columns__:
#     efficiency:
#       __class__: astropy.units.quantity.Quantity
#       unit: !astropy.units.Unit {unit: '%'}
#       value: !astropy.table.SerializedColumn {name: efficiency}
#     wavelength:
#       __class__: astropy.units.quantity.Quantity
#       unit: !astropy.units.Unit {unit: nm}
#       value: !astropy.table.SerializedColumn {name: wavelength}
# schema: astropy-2.0
wavelength efficiency
300.0 0.37517258897423744
301.0 0.31705042347311974
302.0 0.25892825797200203
303.0 0.24992437101900578
304.0 0.24092053063213825
305.0 0.23156926035881042
306.0 0.2222179900854826
307.0 0.21994763519614935
308.0 0.2176772803068161
309.0 0.2069641137495637
310.0 0.19625092390924692
311.0 0.19796551205217838
312.0 0.1996800536289811
313.0 0.18935285042971373
314.0 0.17902565887197852
315.0 0.1768571208231151
316.0 0.17468859441578388
317.0 0.1732588862068951
318.0 0.17182917799800634
319.0 0.16125788679346442
320.0 0.15068658394739032
321.0 0.14023163821548223
322.0 0.12977669248357415
323.0 0.1154931727796793
324.0 0.10120965307578444
325.0 0.09015561663545668
326.0 0.07910158601589501
327.0 0.07169751334004104
328.0 0.06429344066418707
329.0 0.06197064649313688
330.0 0.05964785814285278
331.0 0.05518245161511004
332.0 0.050717045087367296
333.0 0.047490320866927505
334.0 0.04426359955687076
335.0 0.042054904042743146
336.0 0.039846208528615534
337.0 0.04035030142404139
338.0 0.0408543914090842
339.0 0.04031971038784832
340.0 0.039785029366612434
341.0 0.03751408657990396
342.0 0.035243143793195486
343.0 0.032646176987327635
344.0 0.03004921309184283
345.0 0.02646328939590603
346.0 0.02287736424477771
347.0 0.02090169000439346
348.0 0.018926015764009207
349.0 0.017418670176994056
350.0 0.7390188053250313
351.0 1.0166927240788937
352.0 0.8293479681015015
353.0 0.8723538368940353
354.0 0.8233001455664635
355.0 0.9714988060295582
356.0 0.7850483991205692
357.0 1.0641932487487793
358.0 0.7721852976828814
359.0 0.9511839598417282
360.0 0.590868154540658
361.0 0.9073162451386452
362.0 0.48249345272779465
363.0 0.8062507025897503
364.0 0.5113461520522833
365.0 0.7988251745700836
366.0 0.6443490739911795
367.0 0.7448562420904636
368.0 0.4830889403820038
369.0 0.640327762812376
370.0 0.4613349214196205
371.0 0.5418495275080204
372.0 0.4313163459300995
373.0 0.6890250369906425
374.0 0.4768531769514084
375.0 0.6389021873474121
376.0 0.3451148746535182
377.0 0.48669525422155857
378.0 0.3703906899318099
379.0 0.5329511594027281
380.0 0.4468676168471575
381.0 0.5321421194821596
382.0 0.5576043389737606
383.0 0.5379343405365944
384.0 0.5915564019232988
385.0 0.5289152264595032
386.0 0.6082285195589066
387.0 0.6904263515025377
388.0 0.9275123476982117
389.0 1.157012116163969
390.0 1.6910601407289505
391.0 2.5453580543398857
392.0 4.091007262468338
393.0 6.487204879522324
394.0 9.772112965583801
395.0 14.361703395843506
396.0 19.99036967754364
397.0 27.165618538856506
398.0 35.56331694126129
399.0 44.75377798080444
400.0 54.219961166381836
401.0 63.355886936187744
402.0 71.82809710502625
403.0 79.20721173286438
404.0 84.73722338676453
405.0 88.85189294815063
406.0 91.25175476074219
407.0 93.17098259925842
408.0 94.36655044555664
409.0 94.96228694915771
410.0 95.18985152244568
411.0 95.01590728759766
412.0 94.61894631385803
413.0 94.414883852005
414.0 94.27233934402466
415.0 94.38757300376892
416.0 94.71370577812195
417.0 95.022714138031
418.0 95.57383060455322
419.0 96.08290195465088
420.0 96.65431380271912
421.0 97.35243320465088
422.0 97.47188091278076
423.0 97.59604930877686
424.0 97.43301272392273
425.0 97.33279943466187
426.0 97.3354697227478
427.0 97.35080003738403
428.0 97.17521667480469
429.0 96.9438374042511
430.0 96.72449231147766
431.0 96.77878022193909
432.0 96.79887890815735
433.0 96.88366651535034
434.0 96.98575735092163
435.0 97.12439179420471
436.0 97.21236228942871
437.0 97.13582992553711
438.0 97.24385738372803
439.0 97.35764861106873
440.0 97.27906584739685
441.0 97.44950532913208
442.0 97.398841381073
443.0 97.41830825805664
444.0 97.3836898803711
445.0 97.11878895759583
446.0 97.0320463180542
447.0 96.79181575775146
448.0 96.83570265769958
449.0 97.00976610183716
450.0 97.30178117752075
451.0 97.4995493888855
452.0 97.68536686897278
453.0 97.79009222984314
454.0 97.81303405761719
455.0 98.04570078849792
456.0 98.1069266796112
457.0 98.30331802368164
458.0 98.28131198883057
459.0 98.40536713600159
460.0 98.35118651390076
461.0 98.5558569431305
462.0 98.46907258033752
463.0 98.43633770942688
464.0 98.53273034095764
465.0 98.4423577785492
466.0 98.43850135803223
467.0 98.4492838382721
468.0 98.4742522239685
469.0 98.50148558616638
470.0 98.40346574783325
471.0 98.28259348869324
472.0 98.36663603782654
473.0 98.22139143943787
474.0 98.02530407905579
475.0 98.11278581619263
476.0 98.08528423309326
477.0 98.12046885490417
478.0 98.27812910079956
479.0 98.1604814529419
480.0 98.34365248680115
481.0 98.43335151672363
482.0 98.6341118812561
483.0 98.51751327514648
484.0 98.67722392082214
485.0 98.73126149177551
486.0 98.74021410942078
487.0 98.79709482192993
488.0 98.7175464630127
489.0 98.88675808906555
490.0 98.7829864025116
491.0 98.82240295410156
492.0 98.67364764213562
493.0 98.6745297908783
494.0 98.6352801322937
495.0 98.71917963027954
496.0 98.5348105430603
497.0 98.46080541610718
498.0 98.28601479530334
499.0 98.33606481552124
500.0 98.28687310218811
501.0 98.18383455276489
502.0 98.12329411506653
503.0 98.29089045524597
504.0 98.13721776008606
505.0 98.08318614959717
506.0 98.16955924034119
507.0 98.10401201248169
508.0 98.0907142162323
509.0 98.11978340148926
510.0 98.07301163673401
511.0 98.01076650619507
512.0 97.9719877243042
513.0 98.01834225654602
514.0 98.02547097206116
515.0 98.02875518798828
516.0 98.13276529312134
517.0 98.15090894699097
518.0 98.16890358924866
519.0 98.17531704902649
520.0 98.25916886329651
521.0 98.39980602264404
522.0 98.4050989151001
523.0 98.39829802513123
524.0 98.4273612499237
525.0 98.43939542770386
526.0 98.50454330444336
527.0 98.4667718410492
528.0 98.61930012702942
529.0 98.69223237037659
530.0 98.7658679485321
531.0 98.8635778427124
532.0 98.70064854621887
533.0 98.69474172592163
534.0 98.73087406158447
535.0 98.59173893928528
536.0 98.1766402721405
537.0 97.70404100418091
538.0 96.9436764717102
539.0 95.60356736183167
540.0 93.87363195419312
541.0 91.27304553985596
542.0 88.4831964969635
543.0 84.8423957824707
544.0 80.21149039268494
545.0 76.12118721008301
546.0 71.12703323364258
547.0 66.42822623252869
548.0 61.809325218200684
549.0 57.657986879348755
550.0 54.382675886154175
551.0 51.19097828865051
552.0 48.83135259151459
553.0 46.37618660926819
554.0 43.52525472640991
555.0 40.368688106536865
556.0 36.18199825286865
557.0 31.290709972381592
558.0 25.899216532707214
559.0 20.54532915353775
560.0 15.291506052017212
561.0 10.482273995876312
562.0 6.755891442298889
563.0 4.01589535176754
564.0 2.205369435250759
565.0 1.083876844495535
566.0 0.5710479337722063
567.0 0.29558371752500534
568.0 0.17605838365852833
569.0 0.10993963805958629
570.0 0.07548602297902107
571.0 0.05801954539492726
572.0 0.059404101921245456
573.0 0.03909010556526482
574.0 0.0541682995390147
575.0 0.03243327664677054
576.0 0.04084068932570517
577.0 0.021778697555419058
578.0 0.03544380306266248
579.0 0.019962080114055425
580.0 0.025026287767104805
581.0 0.0257797131780535
582.0 0.04157884977757931
583.0 0.024145079078152776
584.0 0.027067886549048126
585.0 0.016799736476968974
586.0 0.03258158976677805
587.0 0.017000404477585107
588.0 0.026373277069069445
589.0 0.017222409951500595
590.0 0.022854738926980644
591.0 0.009641997894505039
592.0 0.02970081113744527
593.0 0.013692057109437883
594.0 0.013932636647950858
595.0 0.008255840657511726
596.0 0.021980363817419857
597.0 0.014309553080238402
598.0 0.017292916891165078
599.0 0.009698264329927042
600.0 0.01197675519506447
601.0 0.0023380071070278063
602.0 0.0022880434698890895
603.0 0.0022380792870535515
604.0 0.001957844324351754
605.0 0.0016776091797510162
606.0 0.0017990845663007349
607.0 0.001920560134749394
608.0 0.0018347171135246754
609.0 0.0017488740922999568
610.0 0.001927242919919081
611.0 0.002105611565639265
612.0 0.0018967602954944596
613.0 0.0016879084796528332
614.0 0.001599865936441347
615.0 0.0015118235751288012
616.0 0.0014569410268450156
617.0 0.0014020582966622896
618.0 0.0015750645616208203
619.0 0.0017480706446804106
620.0 0.0016576177586102858
621.0 0.0015671646906412207
622.0 0.001523436003481038
623.0 0.0014797070434724446
624.0 0.0014790855857427232
625.0 0.0014784644918108825
626.0 0.0015453751984750852
627.0 0.0016122859960887581
628.0 0.001540471384942066
629.0 0.0014686566828459036
630.0 0.0014346940588438883
631.0 0.001400731343892403
632.0 0.0013146627679816447
633.0 0.0012285945558687672
634.0 0.0013507867151929531
635.0 0.0014729787835676689
636.0 0.0013943655176262837
637.0 0.0013157522516848985
638.0 0.0011886095308000222
639.0 0.001061466900864616
640.0 0.0012176622476545162
641.0 0.0013738575944444165
642.0 0.001306399099121336
643.0 0.0012389406947477255
644.0 0.0011191847079317085
645.0 0.000999428903014632
646.0 0.001207924015034223
647.0 0.0014164190361043438
648.0 0.001415238239133032
649.0 0.0014140572602627799
650.0 0.0013048590517428238
651.0 0.0011956607522733975
652.0 0.0011559290214790963
653.0 0.0011161974725837354
654.0 0.0010324299182684626
655.0 0.0009486625458521303
656.0 0.0009904650141834281
657.0 0.0010322676644136664
658.0 0.0010871491213038098
659.0 0.0011420307600928936
660.0 0.0011428603102103807
661.0 0.0011436898603278678
662.0 0.001099640030588489
663.0 0.00105559010989964
664.0 0.0010494994057808071
665.0 0.0010434088835609145
666.0 0.0010406773071736097
667.0 0.0010379454579378944
668.0 0.001102993428503396
669.0 0.0011680412171699572
670.0 0.0011691282452375162
671.0 0.0011702150004566647
672.0 0.0012099399100407027
673.0 0.001249665001523681
674.0 0.0011662831639114302
675.0 0.0010829014172486495
676.0 0.001086797328753164
677.0 0.0010906930583587382
678.0 0.001005859212455107
679.0 0.0009210254575009458
680.0 0.0008995652933663223
681.0 0.0008781054020801093
682.0 0.000914287466002861
683.0 0.0009504697118245531
684.0 0.0009676627087173983
685.0 0.0009848557965597138
686.0 0.0009788550414668862
687.0 0.0009728543773235288
688.0 0.001044410964823328
689.0 0.001115967461373657
690.0 0.0011070536857005209
691.0 0.001098140000976855
692.0 0.0010874588042497635
693.0 0.0010767776984721422
694.0 0.0011389548490114976
695.0 0.0012011319086013827
696.0 0.0011947618077101652
697.0 0.0011883917068189476
698.0 0.0011635716873570345
699.0 0.0011387513040972408
700.0 0.0011491483746794984
701.0 0.0011595451724133454
702.0 0.0012812640306947287
703.0 0.0014029827070771717
704.0 0.0012666017937590368
705.0 0.0011302206985419616
706.0 0.0011162086593685672
707.0 0.0011021965292457025
708.0 0.001093975060939556
709.0 0.0010857536835828796
710.0 0.0011186593837919645
711.0 0.00115156535684946
712.0 0.0012674109711952042
713.0 0.001383256403642008
714.0 0.0012987337868253235
715.0 0.0012142111700086389
716.0 0.0014392839148058556
717.0 0.0016643565686536022
718.0 0.001824197534006089
719.0 0.0019840388631564565
720.0 0.0017717693481245078
721.0 0.0015594996511936188
722.0 0.001620002876734361
723.0 0.0016805061022751033
724.0 0.001749581133481115
725.0 0.0018186561646871269
726.0 0.001947482451214455
727.0 0.002076308555842843
728.0 0.002126479012076743
729.0 0.0021766492864117026
730.0 0.0021786410798085853
731.0 0.0021806330551044084
732.0 0.0019358229110366665
733.0 0.0016910133126657456
734.0 0.001418419742549304
735.0 0.0011458258086349815
736.0 0.0011279575119260699
737.0 0.0011100893061666284
738.0 0.0010936584658338688
739.0 0.0010772280802484602
740.0 0.0008983627594716381
741.0 0.000719497393220081
742.0 0.0008706682820047718
743.0 0.0010218392162641976
744.0 0.0009586003216099925
745.0 0.0008953612450568471
746.0 0.0006855938408989459
747.0 0.00047582634579157457
748.0 0.0007016148629190866
749.0 0.0009274033800465986
750.0 0.0009031112313095946
751.0 0.0008788191735220607
752.0 0.0007699956768192351
753.0 0.0006611721346416743
754.0 0.0006906889666424831
755.0 0.0007202057531685568
756.0 0.0007469698175555095
757.0 0.0007737337000435218
758.0 0.0007980205737112556
759.0 0.0008223077202273998
760.0 0.0008472271474602167
761.0 0.0008721463927940931
762.0 0.0007612319677718915
763.0 0.0006503176791738952
764.0 0.0007088210168149089
765.0 0.000767324490880128
766.0 0.0008070595868048258
767.0 0.0008467947736789938
768.0 0.0006982143531786278
769.0 0.0005496339781529969
770.0 0.0006354421657306375
771.0 0.0007212504442577483
772.0 0.0006293722890404752
773.0 0.000537494133823202
774.0 0.000494991854793625
775.0 0.000452489621238783
776.0 0.0005427662017609691
777.0 0.0006330426913336851
778.0 0.0005826688720844686
779.0 0.0005322950528352521
780.0 0.0005504739419848192
781.0 0.0005686527401849162
782.0 0.0005608981155091897
783.0 0.0005531434908334631
784.0 0.0004587486728269141
785.0 0.00036435378660826245
786.0 0.0003426896682867664
787.0 0.00032102554996527033
788.0 0.00030895316740497947
789.0 0.0002968808303194237
790.0 0.0004396801614348078
791.0 0.0005824794698128244
792.0 0.0004995859853806905
793.0 0.0004166925009485567
794.0 0.0003417679408812546
795.0 0.0002668433126018499
796.0 0.0003308069835838978
797.0 0.0003947706773033133
798.0 0.0003898820978065487
799.0 0.0003849935637845192
800.0 0.00046275149543362204
801.0 0.000540509518032195
802.0 0.00048053270802483894
803.0 0.000420555988966953
804.0 0.0005331693046173314
805.0 0.0006457825747929746
806.0 0.0005456500275613507
807.0 0.00044551738938025665
808.0 0.0004644086857297225
809.0 0.0004833000730286585
810.0 0.0003491699089863687
811.0 0.0002150397676814464
812.0 0.0003235724761907477
813.0 0.0004321053438616218
814.0 0.0004321326741774101
815.0 0.00043216000449319836
816.0 0.000506729611515766
817.0 0.0005812992185383337
818.0 0.00045189390220912173
819.0 0.00032248860861727735
820.0 0.00036438711958908243
821.0 0.00040628565329825506
822.0 0.0004673452622228069
823.0 0.0005284047801978886
824.0 0.00041913112909242045
825.0 0.0003098573870374821
826.0 0.0003982103862654185
827.0 0.00048656347644282505
828.0 0.00035087466585537186
829.0 0.0002151858780052862
830.0 0.0003762030019061058
831.0 0.0005372200575948227
832.0 0.0005122590209793998
833.0 0.00048729798436397687
834.0 0.0004017066203232389
835.0 0.0003161152335451334
836.0 0.00040532804632675834
837.0 0.0004945408363710158
838.0 0.0006708697128487984
839.0 0.000847198589326581
840.0 0.0006777853741368745
841.0 0.000508372204421903
842.0 0.000441949214291526
843.0 0.0003755261332116788
844.0 0.0004224133590469137
845.0 0.0004693004484579433
846.0 0.0003485149363768869
847.0 0.00022772931060899282
848.0 0.0003400785544727114
849.0 0.00045242777559906244
850.0 0.0004460309810383478
851.0 0.000439634095528163
852.0 0.0003427248202569899
853.0 0.0002458154995110817
854.0 0.0004009395979664987
855.0 0.0005560636509471806
856.0 0.00046061068132985383
857.0 0.00036515773444989463
858.0 0.000412953477280098
859.0 0.00046074924284766894
860.0 0.00045178812797530554
861.0 0.00044282701310294215
862.0 0.0005908999355597189
863.0 0.0007389727670670254
864.0 0.0005867178970220266
865.0 0.0004344629360275576
866.0 0.0005701747795683332
867.0 0.0007058865776343737
868.0 0.000552761730432394
869.0 0.00039963692870514933
870.0 0.000414762280342984
871.0 0.0004298877229302889
872.0 0.0005469639745570021
873.0 0.0006640403171331855
874.0 0.0006134621344244806
875.0 0.0005628840426652459
876.0 0.00043043019104516134
877.0 0.00029797640763717936
878.0 0.0005005632829124806
879.0 0.0007031501354504144
880.0 0.0007789060873619746
881.0 0.0008546622666472103
882.0 0.0006792207386752125
883.0 0.0005037792107032146
884.0 0.0005571495421463624
885.0 0.0006105197371653048
886.0 0.0006022574325470487
887.0 0.0005939952188782627
888.0 0.0005527092980628368
889.0 0.0005114233317726757
890.0 0.0004767287009599386
891.0 0.0004420341156219365
892.0 0.0005340193183656083
893.0 0.0006260047030082205
894.0 0.0004993833954358706
895.0 0.00037276220155035844
896.0 0.00047449539124500006
897.0 0.0005762286036770092
898.0 0.00044800390242016874
899.0 0.00031977929211279843
900.0 0.00035823145481117535
901.0 0.00039668370845902245
902.0 0.00039435713006241713
903.0 0.000392030642615282
904.0 0.0004087518846063176
905.0 0.00042547308112261817
906.0 0.00042683541323640384
