lsstCam/transmission_filter_detector/r33_s01/g_6/19700101T000000.ecsv
# %ECSV 1.0
# ---
# datatype:
# - {name: wavelength, unit: nm, datatype: float32}
# - {name: efficiency, unit: '%', datatype: float64}
# meta: !!omap
# - {MODE: DETECTOR}
# - {TYPE: transmission_filter_detector}
# - {CALIBDATE: '1970-01-01T00:00:00'}
# - {INSTRUME: LSSTCam}
# - {OBSTYPE: transmission_filter_detector}
# - {CALIBCLS: lsst.ip.isr.IntermediateFilterDetectorTransmissionCurve}
# - {SOURCE: Materion (DM-46256)}
# - {DETECTOR: 145}
# - {FILTER: g_6}
# - {CALIB_ID: 'calibDate=1970-01-01T00:00:00 filter=g_6 detector=145'}
# - {DATE: '2025-04-02T15:59:42.698584'}
# - {CALIB_CREATION_DATE: '2025-04-02'}
# - {CALIB_CREATION_TIME: '15:59:42'}
# - __serialized_columns__:
#     efficiency:
#       __class__: astropy.units.quantity.Quantity
#       unit: !astropy.units.Unit {unit: '%'}
#       value: !astropy.table.SerializedColumn {name: efficiency}
#     wavelength:
#       __class__: astropy.units.quantity.Quantity
#       unit: !astropy.units.Unit {unit: nm}
#       value: !astropy.table.SerializedColumn {name: wavelength}
# schema: astropy-2.0
wavelength efficiency
[from data line 608]
908.0 0.0004435200935404282
909.0 0.0004588423962559318
910.0 0.00040722693483985495
911.0 0.0003556114734237781
912.0 0.00045107790356269106
913.0 0.0005465443791763391
914.0 0.0005342373242456233
915.0 0.0005219302693149075
916.0 0.00040688332774152514
917.0 0.0002918364543802454
918.0 0.0003514337549859192
919.0 0.0004110310328542255
920.0 0.0004664661446440732
921.0 0.0005219012564339209
922.0 0.0004187348167761229
923.0 0.0003155683543809573
924.0 0.00036485457712842617
925.0 0.0004141407316637924
926.0 0.0003811383294305415
927.0 0.00034813585898518795
928.0 0.00044408097892301157
929.0 0.0005400260306487326
930.0 0.0005087250428914558
931.0 0.00047742405513417907
932.0 0.0005196378424443537
933.0 0.0005618517661787337
934.0 0.0006144828603282804
935.0 0.0006671139544778271
936.0 0.0006121546903159469
937.0 0.000557195517103537
938.0 0.00047858284233370796
939.0 0.0003999703039880842
940.0 0.0004468353381525958
941.0 0.0004937004177918425
942.0 0.0005216097179072676
943.0 0.0005495190634974279
944.0 0.0007445153642038349
945.0 0.0009395115739607718
946.0 0.0009974519343813881
947.0 0.0010553922948020045
948.0 0.0008675369826960377
949.0 0.0006796817160648061
950.0 0.0006840414243924897
951.0 0.0006884011327201733
952.0 0.0008322075700561982
953.0 0.0009760140528669581
954.0 0.0008098887519736309
955.0 0.0006437633601308335
956.0 0.000610266397416126
957.0 0.0005767694347014185
958.0 0.000664558183416375
959.0 0.0007523469321313314
960.0 0.0007689890480833128
961.0 0.000785631073085824
962.0 0.0006376951660058694
963.0 0.0004897593044006499
964.0 0.0005065504865342518
965.0 0.0005233415322436485
966.0 0.0006223232958291192
967.0 0.0007213050594145898
968.0 0.0007113570063665975
969.0 0.0007014089078438701
970.0 0.000644493093204801
971.0 0.0005875772785657318
972.0 0.0006797366950195283
973.0 0.0007718960659985896
974.0 0.0007364677912846673
975.0 0.0007010394256212749
976.0 0.0007365708370343782
977.0 0.000772101975599071
978.0 0.0007747763447696343
979.0 0.0007774507139401976
980.0 0.0008926670489017852
981.0 0.001007883474812843
982.0 0.001001310101855779
983.0 0.0009947369107976556
984.0 0.0011671682841551956
985.0 0.0013395994756137952
986.0 0.001249414708581753
987.0 0.001159230032499181
988.0 0.001210977825394366
989.0 0.0012627255273400806
990.0 0.0012538865121314302
991.0 0.0012450474969227798
992.0 0.00128198289530701
993.0 0.0013189184755901806
994.0 0.001345314103673445
995.0 0.0013717099136556499
996.0 0.0012995506040169857
997.0 0.0012273912034288514
998.0 0.0011256222023803275
999.0 0.0010238532013318036
1000.0 0.0011172962331329472
1001.0 0.0012107390830351505
1002.0 0.0012467937267501839
1003.0 0.001282848279515747
1004.0 0.0012722611245408189
1005.0 0.0012616738786164206
1006.0 0.0014370061762747355
1007.0 0.0016123383829835802
1008.0 0.0015752635590615682
1009.0 0.0015381889170384966
1010.0 0.001554750997456722
1011.0 0.0015713132597738877
1012.0 0.0016375575796701014
1013.0 0.0017038015357684344
1014.0 0.001956496271304786
1015.0 0.0022091908249421977
1016.0 0.0025656234356574714
1017.0 0.002922055864473805
1018.0 0.002981275065394584
1019.0 0.0030404942663153633
1020.0 0.003228257628506981
1021.0 0.0034160209906985983
1022.0 0.003545713479979895
1023.0 0.003675405605463311
1024.0 0.003825384919764474
1025.0 0.003975363870267756
1026.0 0.004381974213174544
1027.0 0.004788584919879213
1028.0 0.0049496276915306225
1029.0 0.0051106711907777935
1030.0 0.005030456304666586
1031.0 0.00495024178235326
1032.0 0.0052132851124042645
1033.0 0.00547632880625315
1034.0 0.005536488970392384
1035.0 0.005596649498329498
1036.0 0.0056381661124760285
1037.0 0.005679682726622559
1038.0 0.005767343827756122
1039.0 0.005855004928889684
1040.0 0.006075204510125332
1041.0 0.0062954044551588595
1042.0 0.0064145824580919
1043.0 0.006533759733429179
1044.0 0.007067215483402833
1045.0 0.007600671233376488
1046.0 0.008545525633962825
1047.0 0.009490378579357639
1048.0 0.010361050954088569
1049.0 0.011231723328819498
1050.0 0.01350051024928689
1051.0 0.01576929644215852
1052.0 0.0191212457139045
1053.0 0.02247319498565048
1054.0 0.027035418315790594
1055.0 0.031597635825164616
1056.0 0.037671002792194486
1057.0 0.04374436102807522
1058.0 0.05145393661223352
1059.0 0.05916351219639182
1060.0 0.06751806358806789
1061.0 0.07587262662127614
1062.0 0.08361293002963066
1063.0 0.091353221796453
1064.0 0.0989370746538043
1065.0 0.10652090422809124
1066.0 0.11359440395608544
1067.0 0.12066790368407965
1068.0 0.12903172755613923
1069.0 0.13739555142819881
1070.0 0.1471540192142129
1071.0 0.1569124637171626
1072.0 0.16680340049788356
1073.0 0.1766943372786045
1074.0 0.187378260307014
1075.0 0.19806220661848783
1076.0 0.20928133744746447
1077.0 0.2205005381256342
1078.0 0.23102415725588799
1079.0 0.2415477531030774
1080.0 0.2568864030763507
1081.0 0.2722250297665596
1082.0 0.2942980267107487
1083.0 0.3163710469380021
1084.0 0.357169471681118
1085.0 0.39796787314116955
1086.0 0.43537099845707417
1087.0 0.47277407720685005
1088.0 0.5264001432806253
1089.0 0.5800261627882719
1090.0 0.6640724372118711
1091.0 0.7481188047677279
1092.0 0.7978955283761024
1093.0 0.8476723916828632
1094.0 0.893837958574295
1095.0 0.9400036185979843
1096.0 0.9991196915507317
1097.0 1.0582356713712215
1098.0 1.1572247371077538
1099.0 1.2562137097120285
1100.0 1.4159009791910648
1101.0 1.5755882486701012
