lsstCam/transmission_filter_detector/r02_s00/u_24/19700101T000000.ecsv
# %ECSV 1.0
# ---
# datatype:
# - {name: wavelength, unit: nm, datatype: float32}
# - {name: efficiency, unit: '%', datatype: float64}
# meta: !!omap
# - {MODE: DETECTOR}
# - {TYPE: transmission_filter_detector}
# - {CALIBDATE: '1970-01-01T00:00:00'}
# - {INSTRUME: LSSTCam}
# - {OBSTYPE: transmission_filter_detector}
# - {CALIBCLS: lsst.ip.isr.IntermediateFilterDetectorTransmissionCurve}
# - {SOURCE: Materion (DM-46256)}
# - {DETECTOR: 9}
# - {FILTER: u_24}
# - {CALIB_ID: 'calibDate=1970-01-01T00:00:00 filter=u_24 detector=9'}
# - {DATE: '2025-04-02T15:59:39.787921'}
# - {CALIB_CREATION_DATE: '2025-04-02'}
# - {CALIB_CREATION_TIME: '15:59:39'}
# - __serialized_columns__:
#     efficiency:
#       __class__: astropy.units.quantity.Quantity
#       unit: !astropy.units.Unit {unit: '%'}
#       value: !astropy.table.SerializedColumn {name: efficiency}
#     wavelength:
#       __class__: astropy.units.quantity.Quantity
#       unit: !astropy.units.Unit {unit: nm}
#       value: !astropy.table.SerializedColumn {name: wavelength}
# schema: astropy-2.0
wavelength efficiency
[from data line 588]
883.0 0.003027647835551761
884.0 0.0026124203941435553
885.0 0.0027587011572904885
886.0 0.0029049819204374216
887.0 0.002524623414501548
888.0 0.0021442652723635547
889.0 0.0021339012164389715
890.0 0.0021235367967165075
891.0 0.002245582618343178
892.0 0.002367628439969849
893.0 0.0023844457246013917
894.0 0.0024012624635361135
895.0 0.002901821608247701
896.0 0.003402380389161408
897.0 0.0038764439523220062
898.0 0.004350507879280485
899.0 0.004521505979937501
900.0 0.004692503352998756
901.0 0.004486697798711248
902.0 0.00428089260822162
903.0 0.004661651473725215
904.0 0.005042410339228809
905.0 0.005165422044228762
906.0 0.005288433385430835
907.0 0.005656729990732856
908.0 0.006025026232236996
909.0 0.0059997215430485085
910.0 0.005974417217657901
911.0 0.006005201794323511
912.0 0.0060359863709891215
913.0 0.0058995668950956315
914.0 0.0057631474192021415
915.0 0.0051816248742397875
916.0 0.004600102693075314
917.0 0.004108386201551184
918.0 0.003616669710027054
919.0 0.003891607775585726
920.0 0.004166545477346517
921.0 0.00451032719865907
922.0 0.004854109283769503
923.0 0.005877326111658476
924.0 0.0069005414843559265
925.0 0.00698698204359971
926.0 0.007073423330439255
927.0 0.007718089909758419
928.0 0.008362752851098776
929.0 0.008162200538208708
930.0 0.007961648952914402
931.0 0.0074743409641087055
932.0 0.006987030792515725
933.0 0.006782922719139606
934.0 0.006578813918167725
935.0 0.006627480615861714
936.0 0.006676147313555703
937.0 0.007080482464516535
938.0 0.007484819070668891
939.0 0.007359628943959251
940.0 0.007234438817249611
941.0 0.006294210470514372
942.0 0.0053539813961833715
943.0 0.004475901005207561
944.0 0.003597820978029631
945.0 0.002658337871253025
946.0 0.0017188549463753588
947.0 0.0017033140466082841
948.0 0.00168777351063909
949.0 0.0014589146303478628
950.0 0.0012300556591071654
951.0 0.001118117415899178
952.0 0.0010061791726911906
953.0 0.001312093900196487
954.0 0.001618008900550194
955.0 0.002233428858744446
956.0 0.0028488488169386983
957.0 0.002853551814041566
958.0 0.002858253901649732
959.0 0.0030534796678693965
960.0 0.0032487052521901205
961.0 0.0037304071156540886
962.0 0.004212108979118057
963.0 0.0044051856093574315
964.0 0.004598262603394687
965.0 0.004797957444679923
966.0 0.00499765264976304
967.0 0.004873584475717507
968.0 0.004749517029267736
969.0 0.0046787470637355
970.0 0.0046079767344053835
971.0 0.004847409218200482
972.0 0.005086842065793462
973.0 0.004887739851255901
974.0 0.0046886372729204595
975.0 0.004441698547452688
976.0 0.004194758730591275
977.0 0.00395511815440841
978.0 0.003715476850629784
979.0 0.003351921259309165
980.0 0.0029883653041906655
981.0 0.003005001235578675
982.0 0.0030216368031688035
983.0 0.0030839029932394624
984.0 0.0031461688195122406
985.0 0.003495917917462066
986.0 0.0038456673792097718
987.0 0.004308702045818791
988.0 0.00477173671242781
989.0 0.005822988168802112
990.0 0.006874238897580653
991.0 0.0070643407525494695
992.0 0.0072544426075182855
993.0 0.007879012991907075
994.0 0.008503584103891626
995.0 0.008067669114097953
996.0 0.007631749758729711
997.0 0.0071842296165414155
998.0 0.006736710929544643
999.0 0.0064453248342033476
1000.0 0.006153940921649337
1001.0 0.005772997610620223
1002.0 0.005392056118580513
1003.0 0.004827082375413738
1004.0 0.004262108632246964
1005.0 0.004619631727109663
1006.0 0.004977153730578721
1007.0 0.004773068576469086
1008.0 0.004568980875774287
1009.0 0.004170277316006832
1010.0 0.0037715741200372577
1011.0 0.003730842945515178
1012.0 0.003690111407195218
1013.0 0.003303975609014742
1014.0 0.002917839628935326
1015.0 0.0024502120140823536
1016.0 0.0019825845811283216
1017.0 0.0019347313354955986
1018.0 0.0018868780898628756
1019.0 0.0017152711734524928
1020.0 0.00154366425704211
1021.0 0.0013544953617383726
1022.0 0.001165326375485165
1023.0 0.001167661957879318
1024.0 0.0011699975402734708
1025.0 0.0012615994819498155
1026.0 0.0013532016964745708
1027.0 0.001271398832614068
1028.0 0.0011895957868546247
1029.0 0.0013251477867015637
1030.0 0.0014607002412958536
1031.0 0.001999772575800307
1032.0 0.0025388453650521114
1033.0 0.0023838751076254994
1034.0 0.0022289048501988873
1035.0 0.002410118577245157
1036.0 0.0025913319404935464
1037.0 0.0028932261557201855
1038.0 0.0031951203709468246
1039.0 0.0029066055503790267
1040.0 0.0026180910936091095
1041.0 0.0021224970623734407
1042.0 0.0016269032130367123
1043.0 0.0016708110706531443
1044.0 0.0017147191101685166
1045.0 0.00181287632585736
1046.0 0.001911033905344084
1047.0 0.0017644282706896774
1048.0 0.001617822636035271
1049.0 0.001451267598895356
1050.0 0.0012847119251091499
1051.0 0.0012363433597784024
1052.0 0.001187974339700304
1053.0 0.0007703240953560453
1054.0 0.0003526736463754787
1055.0 0.00024280743673443794
1056.0 0.00013294153404785902
1057.0 0.0010125382686965168
1058.0 0.0018921347873401828
1059.0 0.0010118594218511134
1060.0 0.0001315841245741467
1061.0 0.0012497393072408158
1062.0 0.0023678943762206472
1063.0 0.001948156022990588
1064.0 0.0015284173059626482
1065.0 0.0010055061466118786
1066.0 0.0004825951236853143
1067.0 4.572883085529611e-05
1068.0 1.700506705934468e-10
1069.0 0.0013543380191549659
1070.0 0.003099813693552278
1071.0 0.0016516987670911476
1072.0 0.00020358402252895758
1073.0 0.0009445828254683875
1074.0 0.001685581446508877
1075.0 0.003083129195147194
1076.0 0.00448067657998763
1077.0 0.005056029476691037
1078.0 0.005631382737192325
1079.0 0.006767041486455128
1080.0 0.007902698416728526
1081.0 0.006097670484450646
1082.0 0.004292642915970646
1083.0 0.00313100972562097
1084.0 0.0019693767171702348
1085.0 0.002466902333253529
1086.0 0.0029644275855389424
1087.0 0.0028687913072644733
1088.0 0.0027731552108889446
1089.0 0.004061255094711669
1090.0 0.005349354978534393
1091.0 0.003728588853846304
1092.0 0.0021078229110571556
1093.0 0.0017737176676746458
1094.0 0.0014396126061910763
1095.0 0.001513040842837654
1096.0 0.0015864692613831721
1097.0 0.0022000365788699128
1098.0 0.002813604260154534
1099.0 0.0031478128221351653
1100.0 0.0034820208384189755
