lsstCam/transmission_filter_detector/r02_s00/u_24/19700101T000000.ecsv
# %ECSV 1.0
# ---
# datatype:
# - {name: wavelength, unit: nm, datatype: float32}
# - {name: efficiency, unit: '%', datatype: float64}
# meta: !!omap
# - {MODE: DETECTOR}
# - {TYPE: transmission_filter_detector}
# - {CALIBDATE: '1970-01-01T00:00:00'}
# - {INSTRUME: LSSTCam}
# - {OBSTYPE: transmission_filter_detector}
# - {CALIBCLS: lsst.ip.isr.IntermediateFilterDetectorTransmissionCurve}
# - {SOURCE: Materion (DM-46256)}
# - {DETECTOR: 9}
# - {FILTER: u_24}
# - {CALIB_ID: 'calibDate=1970-01-01T00:00:00 filter=u_24 detector=9'}
# - {DATE: '2025-04-02T15:59:39.787921'}
# - {CALIB_CREATION_DATE: '2025-04-02'}
# - {CALIB_CREATION_TIME: '15:59:39'}
# - __serialized_columns__:
#     efficiency:
#       __class__: astropy.units.quantity.Quantity
#       unit: !astropy.units.Unit {unit: '%'}
#       value: !astropy.table.SerializedColumn {name: efficiency}
#     wavelength:
#       __class__: astropy.units.quantity.Quantity
#       unit: !astropy.units.Unit {unit: nm}
#       value: !astropy.table.SerializedColumn {name: wavelength}
# schema: astropy-2.0
wavelength efficiency
295.0 1.700506705934468e-10
296.0 1.700506705934468e-10
297.0 1.700506705934468e-10
298.0 1.700506705934468e-10
299.0 1.700506705934468e-10
300.0 1.700506705934468e-10
301.0 1.700506705934468e-10
302.0 1.700506705934468e-10
303.0 0.050989165902137756
304.0 0.21259062923491
305.0 1.1342463083565235
306.0 2.778354287147522
307.0 4.945596680045128
308.0 7.760003954172134
309.0 11.35764867067337
310.0 15.278556942939758
311.0 19.19422149658203
312.0 22.75267392396927
313.0 25.593414902687073
314.0 28.353145718574524
315.0 30.740752816200256
316.0 33.12421441078186
317.0 36.44723296165466
318.0 40.10281264781952
319.0 45.02432346343994
320.0 51.703113317489624
321.0 57.06114172935486
322.0 62.80912756919861
323.0 67.52541661262512
324.0 70.82058191299438
325.0 73.44239950180054
326.0 75.5996584892273
327.0 77.01281905174255
328.0 78.75388264656067
329.0 80.06201386451721
330.0 80.97575902938843
331.0 81.40478134155273
332.0 81.45951628684998
333.0 81.64665699005127
334.0 81.6087543964386
335.0 82.1037232875824
336.0 82.70483613014221
337.0 83.3206832408905
338.0 84.13131833076477
339.0 84.61354374885559
340.0 84.90732312202454
341.0 85.30227541923523
342.0 85.5883538722992
343.0 85.628342628479
344.0 85.79931855201721
345.0 86.30062341690063
346.0 86.6747796535492
347.0 87.03140020370483
348.0 87.18170523643494
349.0 87.40543723106384
350.0 87.36726641654968
351.0 87.60372996330261
352.0 87.51015067100525
353.0 87.5281035900116
354.0 87.47759461402893
355.0 87.58339285850525
356.0 87.7025306224823
357.0 87.53873109817505
358.0 87.14105486869812
359.0 86.9374692440033
360.0 86.63775324821472
361.0 86.46366596221924
362.0 86.38336062431335
363.0 86.47562265396118
364.0 86.7404043674469
365.0 87.18559741973877
366.0 87.47789859771729
367.0 87.54966855049133
368.0 87.53301501274109
369.0 87.74124383926392
370.0 87.61823773384094
371.0 87.58699893951416
372.0 87.72093653678894
373.0 87.9276990890503
374.0 87.94406652450562
375.0 88.32514882087708
376.0 88.50396275520325
377.0 88.62169981002808
378.0 88.57781291007996
379.0 88.03380131721497
380.0 86.98023557662964
381.0 85.38426160812378
382.0 83.34934711456299
383.0 81.30260109901428
384.0 79.17603850364685
385.0 76.6353189945221
386.0 73.6990749835968
387.0 69.87968683242798
388.0 65.97005128860474
389.0 61.265987157821655
390.0 56.991416215896606
391.0 52.79112458229065
392.0 48.67991805076599
393.0 45.21995484828949
394.0 41.59135818481445
395.0 37.154996395111084
396.0 32.104483246803284
397.0 25.232455134391785
398.0 18.206022679805756
399.0 11.504419147968292
400.0 6.11051581799984
401.0 2.6580875739455223
402.0 0.8509633131325245
403.0 0.25450296234339476
404.0 0.10414663702249527
405.0 0.0416425900766626
406.0 1.700506705934468e-10
407.0 0.008790817082626745
408.0 1.700506705934468e-10
409.0 1.700506705934468e-10
410.0 1.700506705934468e-10
411.0 1.700506705934468e-10
412.0 1.700506705934468e-10
413.0 1.700506705934468e-10
414.0 1.700506705934468e-10
415.0 1.700506705934468e-10
416.0 1.700506705934468e-10
417.0 1.700506705934468e-10
418.0 1.700506705934468e-10
419.0 1.700506705934468e-10
420.0 1.700506705934468e-10
421.0 1.700506705934468e-10
422.0 1.700506705934468e-10
423.0 1.700506705934468e-10
424.0 1.700506705934468e-10
425.0 1.700506705934468e-10
426.0 1.700506705934468e-10
427.0 1.700506705934468e-10
428.0 0.00048192255235335324
429.0 0.001054316817317158
430.0 0.0016267105820588768
431.0 0.0005558403699978953
432.0 1.700506705934468e-10
433.0 1.700506705934468e-10
434.0 1.700506705934468e-10
435.0 1.700506705934468e-10
436.0 0.001605600118637085
437.0 1.700506705934468e-10
438.0 1.700506705934468e-10
439.0 0.0005488953775056871
440.0 0.002820184818119742
441.0 0.0005371894530981081
442.0 1.700506705934468e-10
443.0 1.700506705934468e-10
444.0 1.700506705934468e-10
445.0 1.700506705934468e-10
446.0 0.00013736250821239082
447.0 1.700506705934468e-10
448.0 1.700506705934468e-10
449.0 0.00025650515453889966
450.0 0.001481508388678776
451.0 0.0003511556542434846
452.0 1.700506705934468e-10
453.0 1.700506705934468e-10
454.0 5.954915991424059e-05
455.0 1.700506705934468e-10
456.0 1.700506705934468e-10
457.0 1.700506705934468e-10
458.0 1.700506705934468e-10
459.0 1.700506705934468e-10
460.0 1.700506705934468e-10
461.0 1.700506705934468e-10
462.0 1.700506705934468e-10
463.0 1.700506705934468e-10
464.0 1.700506705934468e-10
465.0 1.700506705934468e-10
466.0 1.700506705934468e-10
467.0 1.700506705934468e-10
468.0 1.700506705934468e-10
469.0 1.700506705934468e-10
470.0 0.0001132394686464977
471.0 6.92813728164765e-05
472.0 2.532302403324138e-05
473.0 1.700506705934468e-10
474.0 1.700506705934468e-10
475.0 8.052438715822063e-05
476.0 0.0006902137556608068
477.0 0.0007965719305502716
478.0 0.0009029301509144716
479.0 0.00039307647057285067
480.0 1.700506705934468e-10
481.0 0.00043622380871966016
482.0 0.0009892247362586204
483.0 0.0005796722689410672
484.0 0.00017011980162351392
485.0 1.700506705934468e-10
486.0 1.700506705934468e-10
487.0 1.700506705934468e-10
488.0 1.700506705934468e-10
489.0 1.700506705934468e-10
490.0 1.700506705934468e-10
491.0 1.700506705934468e-10
492.0 1.700506705934468e-10
493.0 1.700506705934468e-10
494.0 1.700506705934468e-10
495.0 4.289925925604621e-05
496.0 0.001013241217151517
497.0 0.00038888010749360546
498.0 1.700506705934468e-10
499.0 0.00019789185898844153
500.0 0.0006312653567874804
501.0 5.8438928363102605e-05
502.0 1.700506705934468e-10
503.0 1.700506705934468e-10
504.0 1.700506705934468e-10
505.0 1.700506705934468e-10
506.0 6.18537740137981e-05
507.0 1.700506705934468e-10
508.0 1.700506705934468e-10
509.0 1.700506705934468e-10
510.0 1.700506705934468e-10
511.0 0.00018849360685635475
512.0 0.00038407051761168987
513.0 0.0002028471271842136
514.0 2.162349801437813e-05
515.0 0.00039192054828163236
516.0 0.0007622175871802028
517.0 0.00017282866338064196
518.0 1.700506705934468e-10
519.0 1.700506705934468e-10
520.0 0.00026536588393355487
521.0 0.00023062366381054744
522.0 0.00019588121631386457
523.0 1.700506705934468e-10
524.0 1.700506705934468e-10
525.0 1.700506705934468e-10
526.0 1.700506705934468e-10
527.0 1.700506705934468e-10
528.0 1.700506705934468e-10
529.0 1.700506705934468e-10
530.0 1.700506705934468e-10
531.0 4.898189445157186e-05
532.0 0.00046836125875415746
533.0 1.700506705934468e-10
534.0 1.700506705934468e-10
535.0 1.700506705934468e-10
536.0 1.700506705934468e-10
537.0 1.700506705934468e-10
538.0 1.700506705934468e-10
539.0 1.700506705934468e-10
540.0 1.700506705934468e-10
541.0 1.700506705934468e-10
542.0 1.700506705934468e-10
543.0 1.700506705934468e-10
544.0 1.700506705934468e-10
545.0 1.700506705934468e-10
546.0 1.700506705934468e-10
547.0 1.700506705934468e-10
548.0 4.493915071179799e-05
549.0 1.700506705934468e-10
550.0 1.700506705934468e-10
551.0 1.700506705934468e-10
552.0 1.700506705934468e-10
553.0 1.700506705934468e-10
554.0 1.700506705934468e-10
555.0 1.700506705934468e-10
556.0 1.700506705934468e-10
557.0 1.700506705934468e-10
558.0 1.700506705934468e-10
559.0 9.673865974946239e-06
560.0 0.00012550638075481402
561.0 1.700506705934468e-10
562.0 1.700506705934468e-10
563.0 1.700506705934468e-10
564.0 1.700506705934468e-10
565.0 1.700506705934468e-10
566.0 1.700506705934468e-10
567.0 1.700506705934468e-10
568.0 1.700506705934468e-10
569.0 5.909016067562334e-05
570.0 0.00033942594654945424
571.0 0.0005915103884035489
572.0 0.0008435949894192163
573.0 0.000679035292705521
574.0 0.0005144759597897064
575.0 0.0001310514335273183
576.0 1.700506705934468e-10
577.0 1.824402460215424e-05
578.0 0.00028886097425129265
579.0 0.0004992406957171625
580.0 0.0007096204171830323
581.0 0.0009502598913968541
582.0 0.0011908995475096162
583.0 0.0014635071238444652
584.0 0.0017361151549266651
585.0 0.0014969605217629578
586.0 0.0012578052519529592
587.0 0.0010095252946484834
588.0 0.0007612452009198023
589.0 0.000847639785206411
590.0 0.0009340342330688145
591.0 0.0009813948963710573
592.0 0.0010287555596733
593.0 0.0007946403457026463
594.0 0.0005605248588835821
595.0 0.0008241729119617958
596.0 0.0010878206012421288
597.0 0.001143903409683844
598.0 0.0011999862181255594
599.0 0.0017596794350538403
600.0 0.002319372470083181
601.0 0.0024434553779428825
602.0 0.002567538103903644
603.0 0.002234062776551582
604.0 0.00190058744919952
605.0 0.0013757731721852906
606.0 0.0008509589861205313
607.0 0.0009566515473125037
608.0 0.0010623440175550058
609.0 0.000587083377467934
610.0 0.00011182278285559732
611.0 0.00037613558561133686
612.0 0.0006404484793165466
613.0 0.0006484545338025782
614.0 0.000656460633763345
615.0 0.0007024479600659106
616.0 0.0007484352863684762
617.0 0.0007291619567695307
618.0 0.0007098888545442605
619.0 0.00048573606363788713
620.0 0.0002615833636809839
621.0 0.0005667457116942387
622.0 0.0008719080142327584
623.0 0.0007310649834835203
624.0 0.000590221816310077
625.0 0.000688270120008383
626.0 0.000786318469181424
627.0 0.0007586881565657677
628.0 0.0007310577984753763
629.0 0.0009224110726790968
630.0 0.0011137644833070226
631.0 0.0016490053894813173
632.0 0.002184245931857731
633.0 0.0023355785742751323
634.0 0.002486911580490414
635.0 0.0025899566026055254
636.0 0.0026930014428216964
637.0 0.0023560018235002644
638.0 0.0020190018403809518
639.0 0.0013726871657127049
640.0 0.0007263720817718422
641.0 0.0008069130672083702
642.0 0.0008874540981196333
643.0 0.0007021139481366845
644.0 0.0005167737526790006
645.0 0.00047976236601243727
646.0 0.00044275093387113884
647.0 0.00015007606180006405
648.0 1.700506705934468e-10
649.0 3.261384051711502e-05
650.0 0.00020782638330274494
651.0 0.0006225713605090277
652.0 0.0010373165423516184
653.0 0.0013402772310655564
654.0 0.001643237737880554
655.0 0.0018178545360569842
656.0 0.001992471152334474
657.0 0.002886649781430606
658.0 0.0037808284105267376
659.0 0.004242651630192995
660.0 0.004704474486061372
661.0 0.004370191527414136
662.0 0.004035908568766899
663.0 0.002966084866784513
664.0 0.0018962615286000073
665.0 0.00157364338519983
666.0 0.001251024968951242
667.0 0.0012724266525765415
668.0 0.0012938281543029007
669.0 0.0008251040526374709
670.0 0.0003563799964467762
671.0 0.0004526770226220833
672.0 0.0005489739123731852
673.0 0.0006727723302901722
674.0 0.0007965709301060997
675.0 0.0010419328646094073
676.0 0.001287294890062185
677.0 0.0018886637917603366
678.0 0.0024900327844079584
679.0 0.0026593012080411427
680.0 0.0028285694497753866
681.0 0.003719997766893357
682.0 0.004611426265910268
683.0 0.006388020847225562
684.0 0.008164616156136617
685.0 0.008744025399209931
686.0 0.009323436097474769
687.0 0.008183097816072404
688.0 0.00704275953467004
689.0 0.005661528120981529
690.0 0.004280297071090899
691.0 0.0037059682654216886
692.0 0.003131639095954597
693.0 0.0029164457373553887
694.0 0.00270125219685724
695.0 0.002339048296562396
696.0 0.001976844941964373
697.0 0.001488466023147339
698.0 0.0010000871952797752
699.0 0.0007586391802760772
700.0 0.0005171911197976442
701.0 0.00045162355490901973
702.0 0.0003860561264446005
703.0 0.0007263000497914618
704.0 0.0010665442459867336
705.0 0.0010266159733873792
706.0 0.0009866879736364353
707.0 0.0009390450941282324
708.0 0.0008914018508221488
709.0 0.0006630445568589494
710.0 0.00043468708099680953
711.0 0.0005617097485810518
712.0 0.000688732325215824
713.0 0.0009489364856563043
714.0 0.001209140827995725
715.0 0.0008100236300379038
716.0 0.0004109063411306124
717.0 0.0005378954483603593
718.0 0.000664884464640636
719.0 0.0005534006504603894
720.0 0.0004419168362801429
721.0 0.00040165668906411156
722.0 0.00036139654184808023
723.0 0.000286520889858366
724.0 0.00021164519239391666
725.0 0.00010329473525416688
726.0 1.700506705934468e-10
727.0 0.00024561857117078034
728.0 0.0004962930233887164
729.0 0.0003020345957338577
730.0 0.00010777624765978544
731.0 0.00017352210761600873
732.0 0.00023926795620354824
733.0 0.0002174110704800114
734.0 0.00019555411654437194
735.0 0.00036959136195946485
736.0 0.00054362849368772
737.0 0.0005844444331160048
738.0 0.0006252603270695545
739.0 0.0006296731953625567
740.0 0.0006340859272313537
741.0 0.0009895145922200754
742.0 0.001344943211734062
743.0 0.0021894820747547783
744.0 0.0030340203011292033
745.0 0.0036897567042615265
746.0 0.004345492925494909
747.0 0.004622225242201239
748.0 0.004898957195109688
749.0 0.004192175038042478
750.0 0.0034853932447731495
751.0 0.0030072484150878154
752.0 0.0025291041310993023
753.0 0.0021384392312029377
754.0 0.0017477741494076326
755.0 0.0020727420633193105
756.0 0.002397710159129929
757.0 0.001990352575376164
758.0 0.0015829946278245188
759.0 0.0012623714610526804
760.0 0.0009417484761797823
761.0 0.0011571911272767466
762.0 0.0013726337783737108
763.0 0.001025502206175588
764.0 0.0006783705885027302
765.0 0.0008908852578315418
766.0 0.0011033999726350885
767.0 0.0008292233360407408
768.0 0.0005550465175474528
769.0 0.0007480224212486064
770.0 0.0009409981430508196
771.0 0.0006107141416578088
772.0 0.0002804300720526953
773.0 0.000329257841258368
774.0 0.000378085542251938
775.0 0.0004226347755320603
776.0 0.00046718382691324223
777.0 0.0005083992164145457
778.0 0.0005496143785421737
779.0 0.000822189304017229
780.0 0.001094764047593344
781.0 0.0011696441106323618
782.0 0.00124452435557032
783.0 0.0010848035344679374
784.0 0.0009250821676687337
785.0 0.001105083902075421
786.0 0.0012850851817347575
787.0 0.0008609240467194468
788.0 0.00043676291170413606
789.0 0.0007023124453553464
790.0 0.000967862069956027
791.0 0.0008754715054237749
792.0 0.0007830808499420527
793.0 0.00023270426936505828
794.0 1.700506705934468e-10
795.0 1.700506705934468e-10
796.0 0.0003168200919390074
797.0 0.0003753522150873323
798.0 0.00043388431549828965
799.0 0.0002984665798066999
800.0 0.00016304866221616976
801.0 0.00010241072914141114
802.0 4.177279890882346e-05
803.0 1.700506705934468e-10
804.0 1.700506705934468e-10
805.0 2.6944533715322905e-05
806.0 0.00025570236630301224
807.0 6.2413135992756e-05
808.0 1.700506705934468e-10
809.0 1.6201929042836127e-05
810.0 0.00016328010588040343
811.0 8.612541364527715e-05
812.0 8.97084930784331e-06
813.0 0.00019408864773140522
814.0 0.00037920649447187316
815.0 0.00039310903048317414
816.0 0.0004070116119692102
817.0 0.00033810515560617205
818.0 0.00026919867650576634
819.0 0.000204661000680062
820.0 0.00014012332485435763
821.0 1.700506705934468e-10
822.0 1.700506705934468e-10
823.0 1.700506705934468e-10
824.0 1.700506705934468e-10
825.0 1.700506705934468e-10
826.0 1.700506705934468e-10
827.0 0.00015746451254017302
828.0 0.0007713267223152798
829.0 0.0006428311735362513
830.0 0.0005143359885551035
831.0 0.0001380437765874376
832.0 1.700506705934468e-10
833.0 1.700506705934468e-10
834.0 1.700506705934468e-10
835.0 1.700506705934468e-10
836.0 1.700506705934468e-10
837.0 1.700506705934468e-10
838.0 1.700506705934468e-10
839.0 1.700506705934468e-10
840.0 1.700506705934468e-10
841.0 1.700506705934468e-10
842.0 0.00016030412552936468
843.0 1.700506705934468e-10
844.0 1.700506705934468e-10
845.0 1.700506705934468e-10
846.0 4.9473567287350306e-05
847.0 0.0002436042905173963
848.0 0.00043773502511612605
849.0 0.0005529713234864175
850.0 0.0006682076673314441
851.0 0.00044618986976274755
852.0 0.000224172072194051
853.0 0.000440657504441333
854.0 0.0006571428912138799
855.0 0.0005778383638244122
856.0 0.0004985337909602094
857.0 0.0006833989118604222
858.0 0.000868264032760635
859.0 0.0009044552825798746
860.0 0.0009406467142980546
861.0 0.0010284658856107853
862.0 0.001116284965974046
863.0 0.0011953422472288366
864.0 0.001274399346584687
865.0 0.0018377319065621123
866.0 0.0024010643755900674
867.0 0.0020944198695360683
868.0 0.0017877755453810096
869.0 0.001714482823444996
870.0 0.0016411899196100421
871.0 0.0017839920474216342
872.0 0.0019267936295364052
873.0 0.0018304743207409047
874.0 0.0017341546481475234
875.0 0.0019223482013330795
876.0 0.0021105423002154566
877.0 0.002504673830117099
878.0 0.0028988060876145028
879.0 0.002899110404541716
880.0 0.00289941508526681
881.0 0.003171144999214448
