lsstCam/transmission_filter_detector/r01_s12/i_39/19700101T000000.ecsv
# %ECSV 1.0
# ---
# datatype:
# - {name: wavelength, unit: nm, datatype: float32}
# - {name: efficiency, unit: '%', datatype: float64}
# meta: !!omap
# - {MODE: DETECTOR}
# - {TYPE: transmission_filter_detector}
# - {CALIBDATE: '1970-01-01T00:00:00'}
# - {INSTRUME: LSSTCam}
# - {OBSTYPE: transmission_filter_detector}
# - {CALIBCLS: lsst.ip.isr.IntermediateFilterDetectorTransmissionCurve}
# - {SOURCE: Materion (DM-46256)}
# - {DETECTOR: 5}
# - {FILTER: i_39}
# - {CALIB_ID: 'calibDate=1970-01-01T00:00:00 filter=i_39 detector=5'}
# - {DATE: '2025-04-02T15:59:46.501942'}
# - {CALIB_CREATION_DATE: '2025-04-02'}
# - {CALIB_CREATION_TIME: '15:59:46'}
# - __serialized_columns__:
#     efficiency:
#       __class__: astropy.units.quantity.Quantity
#       unit: !astropy.units.Unit {unit: '%'}
#       value: !astropy.table.SerializedColumn {name: efficiency}
#     wavelength:
#       __class__: astropy.units.quantity.Quantity
#       unit: !astropy.units.Unit {unit: nm}
#       value: !astropy.table.SerializedColumn {name: wavelength}
# schema: astropy-2.0
wavelength efficiency
300.0 0.08399478974752128
301.0 0.042576363193802536
302.0 0.0011579766578506678
303.0 0.022613735927734524
304.0 0.044069497380405664
305.0 0.036990761873312294
306.0 0.029912026366218925
307.0 0.00831584184197709
308.0 1.654725076578878e-10
309.0 1.654725076578878e-10
310.0 1.654725076578878e-10
311.0 1.654725076578878e-10
312.0 0.0026278825316694565
313.0 0.00014620012507293723
314.0 1.654725076578878e-10
315.0 1.654725076578878e-10
316.0 1.654725076578878e-10
317.0 1.654725076578878e-10
318.0 1.654725076578878e-10
319.0 1.654725076578878e-10
320.0 1.654725076578878e-10
321.0 1.654725076578878e-10
322.0 1.654725076578878e-10
323.0 1.654725076578878e-10
324.0 1.654725076578878e-10
325.0 1.654725076578878e-10
326.0 1.654725076578878e-10
327.0 1.654725076578878e-10
328.0 0.0027668003895087168
329.0 0.0018454187738825567
330.0 0.0009240372492058668
331.0 0.0010288911653333344
332.0 0.0011337450814608019
333.0 0.002230986501672305
334.0 0.003328228194732219
335.0 0.002597383900138084
336.0 0.0018665408788365312
337.0 0.002650379428814631
338.0 0.003434218160691671
339.0 0.0034323438740102574
340.0 0.003430470314924605
341.0 1.654725076578878e-10
342.0 1.654725076578878e-10
343.0 1.654725076578878e-10
344.0 1.654725076578878e-10
345.0 1.654725076578878e-10
346.0 1.654725076578878e-10
347.0 1.654725076578878e-10
348.0 1.654725076578878e-10
349.0 1.654725076578878e-10
350.0 1.654725076578878e-10
351.0 1.654725076578878e-10
352.0 1.654725076578878e-10
353.0 1.654725076578878e-10
354.0 1.654725076578878e-10
355.0 1.654725076578878e-10
356.0 1.654725076578878e-10
357.0 0.0003385669742783648
358.0 0.0006928529728611466
359.0 0.0010668387403711677
360.0 0.0014408240531338379
361.0 0.0009970290193450637
362.0 0.0005532340310310246
363.0 0.0004036708105559228
364.0 0.00025410768103029113
365.0 0.0011448376426415052
366.0 0.0020355681044748053
367.0 0.0012312049875617959
368.0 0.00042684182517405134
369.0 0.0009067266546480823
370.0 0.0013866115295968484
371.0 0.0012079509360773955
372.0 0.0010292903425579425
373.0 0.0007505449957534438
374.0 0.0004717996489489451
375.0 2.5757188382158347e-05
376.0 1.654725076578878e-10
377.0 1.654725076578878e-10
378.0 1.654725076578878e-10
379.0 1.654725076578878e-10
380.0 1.654725076578878e-10
381.0 1.654725076578878e-10
382.0 1.654725076578878e-10
383.0 0.00030309281555673806
384.0 0.00144458017530269
385.0 0.0009311319445259869
386.0 0.00041768362279981375
387.0 1.654725076578878e-10
388.0 1.654725076578878e-10
389.0 1.654725076578878e-10
390.0 1.654725076578878e-10
391.0 1.654725076578878e-10
392.0 1.654725076578878e-10
393.0 1.654725076578878e-10
394.0 0.00017153813587356126
395.0 1.654725076578878e-10
396.0 1.654725076578878e-10
397.0 1.654725076578878e-10
398.0 1.654725076578878e-10
399.0 1.654725076578878e-10
400.0 0.0004562017693388043
401.0 1.654725076578878e-10
402.0 1.654725076578878e-10
403.0 0.0007229883522086311
404.0 0.00276526297966484
405.0 0.004366557186585851
406.0 0.005967850665911101
407.0 0.003352851126692258
408.0 0.000737848586140899
409.0 1.654725076578878e-10
410.0 1.654725076578878e-10
411.0 0.0016652282283757813
412.0 0.004239888221491128
413.0 0.004198923488729633
414.0 0.004157960211159661
415.0 0.004408613676787354
416.0 0.004659266778617166
417.0 0.0028687354642897844
418.0 0.001078203695215052
419.0 0.0031415318517247215
420.0 0.00520485955348704
421.0 0.004569306838675402
422.0 0.003933753760065883
423.0 0.004449736661626957
424.0 0.004965719199390151
425.0 0.0037807632907060906
426.0 0.002595805926830508
427.0 0.0035389381082495674
428.0 0.004482070653466508
429.0 0.004871540659223683
430.0 0.00526101139257662
431.0 0.004339891893323511
432.0 0.003418773121666163
433.0 0.004211307168588974
434.0 0.005003840851713903
435.0 0.003290691165602766
436.0 0.0015775412975926884
437.0 0.0015678289855713956
438.0 0.0015581166735501029
439.0 0.001972523023141548
440.0 0.0023869299184298143
441.0 0.0008765015081735328
442.0 1.654725076578878e-10
443.0 1.654725076578878e-10
444.0 1.654725076578878e-10
445.0 1.654725076578878e-10
446.0 1.654725076578878e-10
447.0 4.7546439674306384e-06
448.0 0.0002837556849044631
449.0 1.654725076578878e-10
450.0 1.654725076578878e-10
451.0 1.654725076578878e-10
452.0 0.0010944966561510228
453.0 0.001776804492692463
454.0 0.002459112511132844
455.0 0.002129963286279235
456.0 0.001800813879526686
457.0 0.0013065970961179119
458.0 0.0008123801308101974
459.0 0.0004264121798769338
460.0 4.0444237470183e-05
461.0 0.00041449175114394166
462.0 0.0007885392733442131
463.0 0.00017579787936483626
464.0 1.654725076578878e-10
465.0 0.000121808739095286
466.0 0.0006805609700677451
467.0 0.0009118582056544255
468.0 0.001143155441241106
469.0 0.0007337735496548703
470.0 0.0003243916808060021
471.0 0.000465571883978555
472.0 0.0006067521553632105
473.0 0.0007380104761978146
474.0 0.0008692690244060941
475.0 0.0005112946382723749
476.0 0.00015332057046180125
477.0 0.0007356583864748245
478.0 0.0013179962479625829
479.0 0.0012862937182944734
480.0 0.0012545910976768937
481.0 0.002544132075854577
482.0 0.0038336715078912675
483.0 0.005239282108959742
484.0 0.006644891982432455
485.0 0.00651985319564119
486.0 0.006394814408849925
487.0 0.009573448915034533
488.0 0.01275208342121914
489.0 0.016321810835506767
490.0 0.01989153679460287
491.0 0.02251839468954131
492.0 0.02514525258447975
493.0 0.02765545796137303
494.0 0.030165669159032404
495.0 0.027392065385356545
496.0 0.02461845870129764
497.0 0.019337213598191738
498.0 0.014055967039894313
499.0 0.010250960622215644
500.0 0.006445954932132736
501.0 0.004550465018837713
502.0 0.00265497528744163
503.0 0.0022262933271122165
504.0 0.0017976111848838627
505.0 0.0017564560039318167
506.0 0.0017153006410808302
507.0 0.0018169906979892403
508.0 0.0019186803910997696
509.0 0.0020627423509722576
510.0 0.002206804492743686
511.0 0.0016525962564628571
512.0 0.0010983881111314986
513.0 0.0014563996955985203
514.0 0.0018144113710150123
515.0 0.002217568726337049
516.0 0.0026207264454569668
517.0 0.0023002510715741664
518.0 0.001979775697691366
519.0 0.0021176259906496853
520.0 0.0022554762836080045
521.0 0.0018019796698354185
522.0 0.0013484830560628325
523.0 0.001468196751375217
524.0 0.0015879106285865419
525.0 0.0020743062123074196
526.0 0.0025607017960282974
527.0 0.0026025942133856006
528.0 0.002644486812641844
529.0 0.0024435610612272285
530.0 0.0022426351279136725
531.0 0.002206423960160464
532.0 0.002170212974306196
533.0 0.0018935761545435525
534.0 0.0016169395166798495
535.0 0.0016506512110936455
536.0 0.0016843629055074416
537.0 0.002329393282707315
538.0 0.002974422932311427
539.0 0.003570906483219005
540.0 0.004167390216025524
541.0 0.004701856232713908
542.0 0.005236322613200173
543.0 0.004907932452624664
544.0 0.004579542655847035
545.0 0.0038196067180251703
546.0 0.003059671144001186
547.0 0.0024853994545992464
548.0 0.0019111275832983665
549.0 0.0019785251424764283
550.0 0.002045923065452371
551.0 0.001749668808770366
552.0 0.0014534148249367718
553.0 0.0016637035514577292
554.0 0.0018739923689281568
555.0 0.0015040943253552541
556.0 0.001134196099883411
557.0 0.0009236758160113823
558.0 0.0007131555776140885
559.0 0.0002635638566061971
560.0 1.654725076578878e-10
561.0 0.0005738895652029896
562.0 0.0013338070857571438
563.0 0.0014229087355488446
564.0 0.0015120104762900155
565.0 0.0012717790923488792
566.0 0.001031547708407743
567.0 0.0008537554094800726
568.0 0.0006759631105524022
569.0 0.0007107792498572962
570.0 0.0007455951617885148
571.0 0.000440249687017058
572.0 0.00013490423498296877
573.0 0.00025934768927982077
574.0 0.0003837912572635105
575.0 0.00041965622585848905
576.0 0.00045552110350399744
577.0 0.0005738153049605899
578.0 0.0006921094154677121
579.0 0.00034422682801960036
580.0 1.654725076578878e-10
581.0 0.0002172732820326928
582.0 0.0004382022780191619
583.0 0.0004932378487865208
584.0 0.0005482733286044095
585.0 0.0007062530585244531
586.0 0.000864232970343437
587.0 0.0007957864909258205
588.0 0.000727339966033469
589.0 0.0006982021204748889
590.0 0.000669064320391044
591.0 0.0008440002602583263
592.0 0.0010189364729740191
593.0 0.0006417843906092457
594.0 0.0002646322172950022
595.0 0.000525723589817062
596.0 0.0007868147804401815
597.0 0.000704680724084028
598.0 0.0006225467132026097
599.0 0.0006406477041309699
600.0 0.0006587485131603898
601.0 0.0004551579422695795
602.0 0.0002515673259040341
603.0 0.00021746527636423707
604.0 0.00018336307903155102
605.0 0.00017355761201542919
606.0 0.0001637521222619398
607.0 0.00039797428144083824
608.0 0.0006321962700894801
609.0 0.000557816747459583
610.0 0.00048343695198127534
611.0 0.0006349881914502475
612.0 0.000786539567343425
613.0 0.0005087650151835987
614.0 0.00023099062218534527
615.0 1.654725076578878e-10
616.0 1.654725076578878e-10
617.0 1.654725076578878e-10
618.0 0.00012116470315959305
619.0 0.0003134963662887458
620.0 0.0005058280748926336
621.0 0.0005931788109592162
622.0 0.0006805294106015936
623.0 0.0005232789590081666
624.0 0.00036602855288947467
625.0 0.0003995901352027431
626.0 0.00043315180846548174
627.0 0.00031709278118796647
628.0 0.00020103379938518628
629.0 0.0003916728928743396
630.0 0.0005823120773129631
631.0 0.0005360606792237377
632.0 0.0004898092356597772
633.0 0.00043696436478057876
634.0 0.00038411949390138034
635.0 0.00038202074392756913
636.0 0.0003799219257416553
637.0 0.0003807949951806222
638.0 0.0003816679509327514
639.0 0.0005877520834474126
640.0 0.0007938361704873387
641.0 0.0006172381745273015
642.0 0.0004406402240419993
643.0 0.0005952893843641505
644.0 0.0007499385901610367
645.0 0.0006965402917558094
646.0 0.0006431420843000524
647.0 0.0007859873221605085
648.0 0.0009288329238188453
649.0 0.0008074594916251954
650.0 0.0006860861049062805
651.0 0.000905575871001929
652.0 0.0011250656825723127
653.0 0.0011966820238740183
654.0 0.0012682982742262539
655.0 0.0018485909095034003
656.0 0.0024288834538310766
657.0 0.003366230521351099
658.0 0.004303576133679599
659.0 0.006931270763743669
660.0 0.042014187783934176
661.0 0.07480995845980942
662.0 0.09994797874242067
663.0 0.08719085017219186
664.0 0.096565653802827
665.0 0.10551178129389882
666.0 0.14979144325479865
667.0 0.18515270203351974
668.0 0.17026118002831936
669.0 0.25405222550034523
670.0 0.31880808528512716
671.0 0.4837833344936371
672.0 0.7532166782766581
673.0 1.182438898831606
674.0 1.8439866602420807
675.0 2.704036794602871
676.0 3.747089207172394
677.0 4.984808340668678
678.0 6.33377730846405
679.0 7.739260792732239
680.0 9.549708664417267
681.0 11.559203267097473
682.0 14.06732052564621
683.0 16.81080013513565
684.0 19.805841147899628
685.0 22.6968914270401
686.0 25.615695118904114
687.0 28.846314549446106
688.0 32.04647898674011
689.0 35.299721360206604
690.0 38.97727429866791
691.0 42.98887848854065
692.0 47.81137406826019
693.0 52.90391445159912
694.0 58.76135230064392
695.0 64.35436606407166
696.0 70.65389752388
697.0 76.20535492897034
698.0 82.31672644615173
699.0 86.92220449447632
700.0 90.61674475669861
701.0 93.52131485939026
702.0 95.61642408370972
703.0 96.73784375190735
704.0 97.2752332687378
705.0 97.70752191543579
706.0 97.76095151901245
707.0 97.91759252548218
708.0 97.96066880226135
709.0 98.05487990379333
710.0 97.83253073692322
711.0 97.99907803535461
712.0 97.89636135101318
713.0 97.91183471679688
714.0 98.0366051197052
715.0 98.06933403015137
716.0 97.92613983154297
717.0 98.17071557044983
718.0 98.19247126579285
719.0 98.1897234916687
720.0 98.41124415397644
721.0 98.35556149482727
722.0 98.07947278022766
723.0 97.86206483840942
724.0 97.5331962108612
725.0 97.21074104309082
726.0 96.92992568016052
727.0 96.72978520393372
728.0 96.3753879070282
729.0 96.18566632270813
730.0 96.17763161659241
731.0 96.16357088088989
732.0 96.19117379188538
733.0 96.49777412414551
734.0 96.9143807888031
735.0 97.0727264881134
736.0 97.51385450363159
737.0 97.92070388793945
738.0 98.21537137031555
739.0 98.57056140899658
740.0 98.65015149116516
741.0 98.55037331581116
742.0 98.84331822395325
743.0 98.6903429031372
744.0 98.54100942611694
745.0 98.46009016036987
746.0 98.48227500915527
747.0 98.70777726173401
748.0 98.5800564289093
749.0 98.51892590522766
750.0 98.44704866409302
751.0 98.3533501625061
752.0 98.27752113342285
753.0 98.43366146087646
754.0 98.38712215423584
755.0 98.54128956794739
756.0 98.5981822013855
757.0 98.58855605125427
758.0 98.75901341438293
759.0 98.78998398780823
760.0 98.62330555915833
761.0 98.50828647613525
762.0 98.61267805099487
763.0 98.52981567382812
764.0 98.42203855514526
765.0 98.3790397644043
766.0 98.43273758888245
767.0 98.24244379997253
768.0 98.26316833496094
769.0 98.33716750144958
770.0 98.0446457862854
771.0 98.05026054382324
772.0 98.08604121208191
773.0 98.05020689964294
774.0 97.92805910110474
775.0 98.00652265548706
776.0 97.85642623901367
777.0 97.94473052024841
778.0 97.85364270210266
779.0 97.96247482299805
780.0 97.88668155670166
781.0 98.11238646507263
782.0 98.04247617721558
783.0 98.08928370475769
784.0 98.0098009109497
785.0 98.20810556411743
786.0 98.29215407371521
787.0 98.0868399143219
788.0 98.15120100975037
789.0 98.22055697441101
790.0 98.23220372200012
791.0 98.27271699905396
792.0 98.11812043190002
793.0 98.05891513824463
794.0 97.96171188354492
795.0 97.88888096809387
796.0 97.95103073120117
797.0 97.97210097312927
798.0 97.95185923576355
799.0 97.80795574188232
800.0 97.64566421508789
801.0 97.69597053527832
802.0 97.61680960655212
803.0 97.38277196884155
804.0 97.18461632728577
805.0 96.84666991233826
806.0 96.58710956573486
807.0 95.86631059646606
808.0 94.99298930168152
809.0 93.9529538154602
810.0 92.72261261940002
811.0 91.04107022285461
812.0 88.92269730567932
813.0 86.46954894065857
814.0 83.60774517059326
815.0 80.15912771224976
816.0 76.59722566604614
817.0 72.39026427268982
818.0 67.5495982170105
819.0 63.252294063568115
820.0 58.2843542098999
821.0 53.68413329124451
822.0 49.224379658699036
823.0 44.61755156517029
824.0 39.98194634914398
825.0 35.67214608192444
826.0 31.28094971179962
827.0 26.67425274848938
828.0 22.51279503107071
829.0 18.38380992412567
830.0 14.173421263694763
831.0 10.873684287071228
832.0 7.617282867431641
833.0 5.093177035450935
834.0 3.237324208021164
835.0 1.9810125231742859
836.0 1.1655828915536404
837.0 0.6708623841404915
838.0 0.3830218221992254
839.0 0.2457924885675311
840.0 0.13489212142303586
841.0 0.047345986240543425
842.0 0.023316199076361954
843.0 0.04869582480750978
844.0 1.654725076578878e-10
845.0 1.654725076578878e-10
846.0 1.654725076578878e-10
847.0 1.654725076578878e-10
848.0 0.002302228494954761
849.0 1.654725076578878e-10
850.0 0.018182973144575953
851.0 1.654725076578878e-10
852.0 0.0010600902896840125
853.0 0.0011355622518749442
854.0 0.0012110343959648162
855.0 0.0010107488378707785
856.0 0.0008104634616756812
857.0 0.0009486344424658455
858.0 0.001086805059458129
859.0 0.0006559586836374365
860.0 0.00022511214865517104
861.0 0.00028053602818545187
862.0 0.0003359598167662625
863.0 0.0001710171090962831
864.0 6.074407821188288e-06
865.0 1.654725076578878e-10
866.0 1.654725076578878e-10
867.0 4.3622972611956357e-05
868.0 0.00014050572190171806
869.0 1.654725076578878e-10
870.0 1.654725076578878e-10
871.0 3.673591209008009e-05
872.0 0.00021412779460661113
873.0 0.0002080326339637395
874.0 0.00020193747332086787
875.0 0.0001904351506709645
876.0 0.00017893288486448
877.0 1.654725076578878e-10
878.0 1.654725076578878e-10
879.0 1.654725076578878e-10
880.0 0.0003922199084627209
881.0 0.00016530481161680655
882.0 1.654725076578878e-10
883.0 0.0001470096663069853
884.0 0.000355629640580446
885.0 0.0001497436187491985
886.0 1.654725076578878e-10
887.0 8.516608431818895e-05
888.0 0.00022647459445579443
889.0 7.118355256352515e-05
890.0 1.654725076578878e-10
891.0 7.147946945451622e-06
892.0 9.840331358645926e-05
893.0 0.00017103910749938223
894.0 0.00024367489004362142
895.0 1.654725076578878e-10
896.0 1.654725076578878e-10
897.0 1.654725076578878e-10
898.0 1.654725076578878e-10
