lsstCam/transmission_filter_detector/r01_s12/i_39/19700101T000000.ecsv
# %ECSV 1.0
# ---
# datatype:
# - {name: wavelength, unit: nm, datatype: float32}
# - {name: efficiency, unit: '%', datatype: float64}
# meta: !!omap
# - {MODE: DETECTOR}
# - {TYPE: transmission_filter_detector}
# - {CALIBDATE: '1970-01-01T00:00:00'}
# - {INSTRUME: LSSTCam}
# - {OBSTYPE: transmission_filter_detector}
# - {CALIBCLS: lsst.ip.isr.IntermediateFilterDetectorTransmissionCurve}
# - {SOURCE: Materion (DM-46256)}
# - {DETECTOR: 5}
# - {FILTER: i_39}
# - {CALIB_ID: 'calibDate=1970-01-01T00:00:00 filter=i_39 detector=5'}
# - {DATE: '2025-04-02T15:59:46.501942'}
# - {CALIB_CREATION_DATE: '2025-04-02'}
# - {CALIB_CREATION_TIME: '15:59:46'}
# - __serialized_columns__:
#     efficiency:
#       __class__: astropy.units.quantity.Quantity
#       unit: !astropy.units.Unit {unit: '%'}
#       value: !astropy.table.SerializedColumn {name: efficiency}
#     wavelength:
#       __class__: astropy.units.quantity.Quantity
#       unit: !astropy.units.Unit {unit: nm}
#       value: !astropy.table.SerializedColumn {name: wavelength}
# schema: astropy-2.0
wavelength efficiency
[from data line 600]
900.0 1.654725076578878e-10
901.0 1.654725076578878e-10
902.0 1.654725076578878e-10
903.0 1.654725076578878e-10
904.0 1.654725076578878e-10
905.0 1.654725076578878e-10
906.0 1.654725076578878e-10
907.0 1.654725076578878e-10
908.0 0.0001603973146302451
909.0 1.654725076578878e-10
910.0 1.654725076578878e-10
911.0 1.654725076578878e-10
912.0 8.169920988621016e-05
913.0 0.00011359530844856636
914.0 0.00014549141269526444
915.0 1.654725076578878e-10
916.0 1.654725076578878e-10
917.0 1.654725076578878e-10
918.0 1.654725076578878e-10
919.0 1.654725076578878e-10
920.0 0.0001731379484226636
921.0 2.8731594170494645e-05
922.0 1.654725076578878e-10
923.0 1.654725076578878e-10
924.0 1.654725076578878e-10
925.0 4.053134716741624e-05
926.0 0.0002674895313248271
927.0 1.654725076578878e-10
928.0 1.654725076578878e-10
929.0 1.654725076578878e-10
930.0 0.0001316145130658697
931.0 0.00014297538655227982
932.0 0.00015433622593263863
933.0 0.00013238219480626867
934.0 0.00011042817504858249
935.0 1.654725076578878e-10
936.0 1.654725076578878e-10
937.0 1.654725076578878e-10
938.0 1.654725076578878e-10
939.0 1.654725076578878e-10
940.0 1.654725076578878e-10
941.0 1.654725076578878e-10
942.0 0.0001392897047480801
943.0 1.654725076578878e-10
944.0 1.654725076578878e-10
945.0 1.654725076578878e-10
946.0 1.654725076578878e-10
947.0 1.654725076578878e-10
948.0 1.654725076578878e-10
949.0 1.654725076578878e-10
950.0 1.654725076578878e-10
951.0 1.654725076578878e-10
952.0 1.654725076578878e-10
953.0 1.654725076578878e-10
954.0 1.654725076578878e-10
955.0 0.00016808645568744396
956.0 0.00041105367927229963
957.0 0.00027846836019307375
958.0 0.00014588299563911278
959.0 0.00015625670357621857
960.0 0.00016663041151332436
961.0 0.00021360490336519433
962.0 0.00026057941795443185
963.0 0.00012256327863724437
964.0 1.654725076578878e-10
965.0 1.654725076578878e-10
966.0 1.654725076578878e-10
967.0 1.654725076578878e-10
968.0 1.654725076578878e-10
969.0 1.654725076578878e-10
970.0 1.654725076578878e-10
971.0 1.654725076578878e-10
972.0 1.654725076578878e-10
973.0 1.654725076578878e-10
974.0 1.654725076578878e-10
975.0 1.654725076578878e-10
976.0 1.654725076578878e-10
977.0 1.654725076578878e-10
978.0 1.654725076578878e-10
979.0 1.654725076578878e-10
980.0 1.654725076578878e-10
981.0 1.654725076578878e-10
982.0 1.654725076578878e-10
983.0 1.654725076578878e-10
984.0 1.654725076578878e-10
985.0 0.00011789019254138111
986.0 0.00032871389521460515
987.0 4.583199597618659e-05
988.0 1.654725076578878e-10
989.0 1.654725076578878e-10
990.0 1.654725076578878e-10
991.0 1.654725076578878e-10
992.0 1.654725076578878e-10
993.0 1.654725076578878e-10
994.0 7.43832003990974e-05
995.0 1.654725076578878e-10
996.0 1.654725076578878e-10
997.0 5.5149132549559e-05
998.0 0.0003263965481892228
999.0 0.0003311537966510514
1000.0 0.00033591099963814486
1001.0 0.00015370840174000477
1002.0 1.654725076578878e-10
1003.0 9.046692071024154e-05
1004.0 0.0002094281171594048
1005.0 1.654725076578878e-10
1006.0 1.654725076578878e-10
1007.0 1.654725076578878e-10
1008.0 0.0001545383497614239
1009.0 7.51831805700931e-05
1010.0 1.654725076578878e-10
1011.0 0.00011120247336293687
1012.0 0.00022657695808447897
1013.0 0.00033724486456776503
1014.0 0.0004479128165257862
1015.0 0.00032836228456289973
1016.0 0.0002088118208121159
1017.0 0.00030647654511994915
1018.0 0.0004041414285893552
1019.0 0.0003768449687413522
1020.0 0.0003495484634186141
1021.0 0.0002045714381893049
1022.0 5.959441295999568e-05
1023.0 0.00046770842345722485
1024.0 0.0008758225703786593
1025.0 0.0006674117685179226
1026.0 0.0004590010576066561
1027.0 0.0004211380201013526
1028.0 0.000383274937121314
1029.0 0.0007242545052577043
1030.0 0.0010652341188688297
1031.0 0.001675685416557826
1032.0 0.002286136441398412
1033.0 0.0024325765480170958
1034.0 0.002579015927040018
1035.0 0.00316368204948958
1036.0 0.0037483474443433806
1037.0 0.003797272074734792
1038.0 0.003846195977530442
1039.0 0.0031728108297102153
1040.0 0.0024994256818899885
1041.0 0.001882539436337538
1042.0 0.001265653372684028
1043.0 0.002045231121883262
1044.0 0.0028248086891835555
1045.0 0.003243095852667466
1046.0 0.0036613833799492568
1047.0 0.00342504536092747
1048.0 0.0031887073419056833
1049.0 0.0027931859222007915
1050.0 0.0023976645024959
1051.0 0.0025031295081134886
1052.0 0.002608594877528958
1053.0 0.001762048304954078
1054.0 0.0009155015504802577
1055.0 0.0008393982170673553
1056.0 0.0007632948836544529
1057.0 0.0008863314178597648
1058.0 0.0010093683158629574
1059.0 0.000992317382042529
1060.0 0.0009752668120199814
1061.0 0.0017494088751845993
1062.0 0.002523550392652396
1063.0 0.0028496107915998437
1064.0 0.003175671008648351
1065.0 0.0033944124879781157
1066.0 0.0036131543311057612
1067.0 0.0045088603656040505
1068.0 0.00540456676390022
1069.0 0.004356079443823546
1070.0 0.003307592123746872
1071.0 0.003030375773960259
1072.0 0.002753159060375765
1073.0 0.0029827295293216594
1074.0 0.0032122999982675537
1075.0 0.003105656651314348
1076.0 0.0029990134862600826
1077.0 0.0022525691747432575
1078.0 0.0015061244994285516
1079.0 0.0017590971765457653
1080.0 0.0020120702174608596
1081.0 0.0013263746950542554
1082.0 0.000640679036223446
1083.0 0.00014518169564325945
1084.0 1.654725076578878e-10
1085.0 0.0003218068286514608
1086.0 0.0009939299161487725
1087.0 0.0009664753633842338
1088.0 0.0009390209015691653
1089.0 1.654725076578878e-10
1090.0 1.654725076578878e-10
1091.0 1.654725076578878e-10
1092.0 1.654725076578878e-10
1093.0 1.654725076578878e-10
1094.0 7.350575970122009e-05
1095.0 1.654725076578878e-10
1096.0 1.654725076578878e-10
1097.0 1.654725076578878e-10
1098.0 1.654725076578878e-10
1099.0 1.654725076578878e-10
1100.0 0.00030024366424186155
