lsstcam/qe_curve/r33_s21/19700101T000000.ecsv
# %ECSV 0.9
# ---
# datatype:
# - {name: amp_name, datatype: string}
# - {name: wavelength, unit: nm, datatype: float32}
# - {name: efficiency, unit: '%', datatype: float32}
# meta: !!omap
# - {MODE: AMP}
# - {TYPE: QE}
# - {CALIBDATE: '1970-01-01T00:00:00'}
# - {INSTRUME: LSSTCAM}
# - {OBSTYPE: qe_curve}
# - {DETECTOR: 151}
# - {PICKLEFILE: RaftRun12139.p}
# - {CALIB_ID: 'raftName=R33 detectorName=S21 detector=151 calibDate=1970-01-01T00:00:00 ccd=151 ccdnum=151 filter=None'}
# - {DATE: '2020-07-23T19:16:20.759060'}
# - {CALIB_CREATION_DATE: '2020-07-23'}
# - {CALIB_CREATION_TIME: '19:16:20'}
# - __serialized_columns__:
#     efficiency:
#       __class__: astropy.units.quantity.Quantity
#       unit: !astropy.units.Unit {unit: '%'}
#       value: !astropy.table.SerializedColumn {name: efficiency}
#     wavelength:
#       __class__: astropy.units.quantity.Quantity
#       unit: !astropy.units.Unit {unit: nm}
#       value: !astropy.table.SerializedColumn {name: wavelength}
# schema: astropy-2.0
amp_name wavelength efficiency
C07 319.994 43.669968
C07 324.969 49.313892
C07 349.982 72.49117
C07 374.975 76.562546
C07 400.019 83.61966
C07 424.965 85.76156
C07 450.035 88.471664
C07 475.003 90.884705
C07 500.018 92.79942
C07 525.002 94.509186
C07 550.029 96.0702
C07 575.023 97.62533
C07 599.982 98.68767
C07 619.997 98.5748
C07 624.979 99.03242
C07 650.012 99.34922
C07 675.004 99.27961
C07 700.03 98.703575
C07 725.012 98.55961
C07 750.022 98.16983
C07 774.987 98.34171
C07 799.976 97.76137
C07 824.988 95.765976
C07 850.022 93.59522
C07 869.967 90.365654
C07 875.002 89.48053
C07 899.999 82.18777
C07 919.999 74.40581
C07 925.012 71.64634
C07 949.965 58.982826
C07 975.002 43.319023
C07 999.976 26.60673
C07 1025.028 11.717934
C07 1050.014 4.2611756
C07 1075.002 2.3459592
C07 1099.99 1.8286592
C15 319.994 42.31088
C15 324.969 47.761013
C15 349.982 69.949524
C15 374.975 74.199814
C15 400.019 82.34725
C15 424.965 85.06678
C15 450.035 88.08839
C15 475.003 90.68796
C15 500.018 92.72782
C15 525.002 94.52015
C15 550.029 96.13282
C15 575.023 97.71483
C15 599.982 98.79955
C15 619.997 98.69558
C15 624.979 99.15919
C15 650.012 99.482285
C15 675.004 99.42495
C15 700.03 98.92063
C15 725.012 98.98732
C15 750.022 98.87276
C15 774.987 99.33467
C15 799.976 98.88897
C15 824.988 96.90875
C15 850.022 94.83002
C15 869.967 91.67168
C15 875.002 90.80884
C15 899.999 83.590385
C15 919.999 74.89033
C15 925.012 71.9893
C15 949.965 59.665726
C15 975.002 44.28486
C15 999.976 27.316227
C15 1025.028 11.950897
C15 1050.014 4.3130846
C15 1075.002 2.3774288
C15 1099.99 1.8654846
C10 319.994 40.32417
C10 324.969 45.49995
C10 349.982 66.356224
C10 374.975 70.89467
C10 400.019 80.395836
C10 424.965 83.851555
C10 450.035 87.26302
C10 475.003 90.09093
C10 500.018 92.283676
C10 525.002 94.16417
C10 550.029 95.83126
C10 575.023 97.447235
C10 599.982 98.547714
C10 619.997 98.45661
C10 624.979 98.91965
C10 650.012 99.250786
C10 675.004 99.19716
C10 700.03 98.696884
C10 725.012 98.74606
C10 750.022 98.615135
C10 774.987 99.07651
C10 799.976 98.64472
C10 824.988 96.700874
C10 850.022 94.76939
C10 869.967 91.72936
C10 875.002 90.84628
C10 899.999 83.50007
C10 919.999 75.04141
C10 925.012 72.15438
C10 949.965 59.859364
C10 975.002 44.10888
C10 999.976 27.235115
C10 1025.028 12.024917
C10 1050.014 4.387157
C10 1075.002 2.4166143
C10 1099.99 1.8877912
C05 319.994 43.37808
C05 324.969 48.97584
C05 349.982 71.825485
C05 374.975 75.855865
C05 400.019 83.19706
C05 424.965 85.50704
C05 450.035 88.31681
C05 475.003 90.78727
C05 500.018 92.7391
C05 525.002 94.466606
C05 550.029 96.0353
C05 575.023 97.59285
C05 599.982 98.65413
C05 619.997 98.53858
C05 624.979 98.99453
C05 650.012 99.30715
C05 675.004 99.228386
C05 700.03 98.63941
C05 725.012 98.451324
C05 750.022 98.01088
C05 774.987 98.137
C05 799.976 97.548645
C05 824.988 95.58847
C05 850.022 93.484985
C05 869.967 90.22541
C05 875.002 89.332985
C05 899.999 82.3194
C05 919.999 74.609055
C05 925.012 71.82157
C05 949.965 59.073498
C05 975.002 43.445324
C05 999.976 26.801441
C05 1025.028 11.768397
C05 1050.014 4.269685
C05 1075.002 2.3485909
C05 1099.99 1.8364446
C00 319.994 41.825768
C00 324.969 47.20611
C00 349.982 68.84197
C00 374.975 73.01834
C00 400.019 81.55279
C00 424.965 84.51538
C00 450.035 87.67318
C00 475.003 90.353676
C00 500.018 92.43669
C00 525.002 94.24615
C00 550.029 95.86318
C00 575.023 97.43999
C00 599.982 98.51165
C00 619.997 98.40341
C00 624.979 98.85695
C00 650.012 99.1681
C00 675.004 99.08647
C00 700.03 98.49281
C00 725.012 98.30492
C00 750.022 97.859344
C00 774.987 97.9923
C00 799.976 97.426674
C00 824.988 95.51585
C00 850.022 93.41223
C00 869.967 90.36135
C00 875.002 89.54401
C00 899.999 82.57658
C00 919.999 74.16956
C00 925.012 71.406166
C00 949.965 59.399273
C00 975.002 44.043903
C00 999.976 27.138264
C00 1025.028 11.887717
C00 1050.014 4.287004
C00 1075.002 2.3473804
C00 1099.99 1.8470621
C04 319.994 43.2241
C04 324.969 48.799164
C04 349.982 71.48955
C04 374.975 75.543884
C04 400.019 83.10889
C04 424.965 85.53836
C04 450.035 88.411995
C04 475.003 90.923454
C04 500.018 92.90082
C04 525.002 94.65061
C04 550.029 96.22666
C04 575.023 97.79011
C04 599.982 98.85753
C04 619.997 98.73973
C04 624.979 99.197296
C04 650.012 99.51078
C04 675.004 99.42717
C04 700.03 98.833954
C04 725.012 98.63467
C04 750.022 98.17919
C04 774.987 98.29157
C04 799.976 97.7019
C04 824.988 95.75689
C04 850.022 93.65029
C04 869.967 90.36716
C04 875.002 89.48674
C04 899.999 82.63635
C04 919.999 74.76617
C04 925.012 71.94585
C04 949.965 59.179153
C04 975.002 43.620575
C04 999.976 26.93892
C04 1025.028 11.816948
C04 1050.014 4.2683196
C04 1075.002 2.3447204
C04 1099.99 1.8405522
C02 319.994 42.67525
C02 324.969 48.169422
C02 349.982 70.39733
C02 374.975 74.48725
C02 400.019 82.523186
C02 424.965 85.21419
C02 450.035 88.2332
C02 475.003 90.833755
C02 500.018 92.865425
C02 525.002 94.64575
C02 550.029 96.247215
C02 575.023 97.820885
C02 599.982 98.88898
C02 619.997 98.777084
C02 624.979 99.23345
C02 650.012 99.545746
C02 675.004 99.46342
C02 700.03 98.86447
C02 725.012 98.66224
C02 750.022 98.196686
C02 774.987 98.30648
C02 799.976 97.717545
C02 824.988 95.7931
C02 850.022 93.66721
C02 869.967 90.416664
C02 875.002 89.56678
C02 899.999 82.811714
C02 919.999 74.62965
C02 925.012 71.80406
C02 949.965 59.213326
C02 975.002 43.821148
C02 999.976 27.017038
C02 1025.028 11.793331
C02 1050.014 4.250409
C02 1075.002 2.3424125
C02 1099.99 1.8452009
C03 319.994 42.98061
C03 324.969 48.517654
C03 349.982 70.9798
C03 374.975 75.050835
C03 400.019 82.85991
C03 424.965 85.42336
C03 450.035 88.36859
C03 475.003 90.926476
C03 500.018 92.935745
C03 525.002 94.69548
C03 550.029 96.2886
C03 575.023 97.85605
C03 599.982 98.92283
C03 619.997 98.8062
C03 624.979 99.262535
C03 650.012 99.57861
C03 675.004 99.49142
C03 700.03 98.892876
C03 725.012 98.68935
C03 750.022 98.23016
C03 774.987 98.33519
C03 799.976 97.739555
C03 824.988 95.80476
C03 850.022 93.690475
C03 869.967 90.403305
C03 875.002 89.528854
C03 899.999 82.7598
C03 919.999 74.73948
C03 925.012 71.906685
C03 949.965 59.172825
C03 975.002 43.710056
C03 999.976 26.980652
C03 1025.028 11.822318
C03 1050.014 4.263729
C03 1075.002 2.3420448
C03 1099.99 1.8412852
C17 319.994 42.74989
C17 324.969 48.262714
C17 349.982 70.80241
C17 374.975 75.037575
C17 400.019 82.83861
C17 424.965 85.364456
C17 450.035 88.28087
C17 475.003 90.81938
C17 500.018 92.81843
C17 525.002 94.58663
C17 550.029 96.18167
C17 575.023 97.762436
C17 599.982 98.842804
C17 619.997 98.74179
C17 624.979 99.20657
C17 650.012 99.53246
C17 675.004 99.47564
C17 700.03 98.985695
C17 725.012 99.079666
C17 750.022 99.0051
C17 774.987 99.5104
C17 799.976 99.07305
C17 824.988 97.07669
C17 850.022 94.99917
C17 869.967 91.7864
C17 875.002 90.916794
C17 899.999 83.692444
C17 919.999 75.034355
C17 925.012 72.009155
C17 949.965 59.796055
C17 975.002 44.29909
C17 999.976 27.309088
C17 1025.028 12.011767
C17 1050.014 4.3535185
C17 1075.002 2.386172
C17 1099.99 1.8627354
C14 319.994 42.023705
C14 324.969 47.432487
C14 349.982 69.379845
C14 374.975 73.62945
C14 400.019 81.96957
C14 424.965 84.801834
C14 450.035 87.88134
C14 475.003 90.51528
C14 500.018 92.577774
C14 525.002 94.37919
C14 550.029 95.993805
C14 575.023 97.577835
C14 599.982 98.66005
C14 619.997 98.55802
C14 624.979 99.01896
C14 650.012 99.34031
C14 675.004 99.27911
C14 700.03 98.774124
C14 725.012 98.8276
C14 750.022 98.69889
C14 774.987 99.14588
C14 799.976 98.69939
C14 824.988 96.7306
C14 850.022 94.68795
C14 869.967 91.5355
C14 875.002 90.65144
C14 899.999 83.56388
C14 919.999 74.83498
C14 925.012 71.66522
C14 949.965 59.757923
C14 975.002 44.488594
C14 999.976 27.299974
C14 1025.028 11.906586
C14 1050.014 4.310767
C14 1075.002 2.3788211
C14 1099.99 1.8691566
C11 319.994 40.73969
C11 324.969 45.97519
C11 349.982 67.16274
C11 374.975 71.61691
C11 400.019 80.72066
C11 424.965 83.969055
C11 450.035 87.25857
C11 475.003 90.022026
C11 500.018 92.167114
C11 525.002 94.01914
C11 550.029 95.67154
C11 575.023 97.27612
C11 599.982 98.37466
C11 619.997 98.282875
C11 624.979 98.74437
C11 650.012 99.0759
C11 675.004 99.02571
C11 700.03 98.52166
C11 725.012 98.57451
C11 750.022 98.43982
C11 774.987 98.89433
C11 799.976 98.45915
C11 824.988 96.50528
C11 850.022 94.54399
C11 869.967 91.51924
C11 875.002 90.651665
C11 899.999 83.24872
C11 919.999 74.702614
C11 925.012 71.85422
C11 949.965 59.813095
C11 975.002 44.17
C11 999.976 27.145311
C11 1025.028 11.918126
C11 1050.014 4.3303256
C11 1075.002 2.3865988
C11 1099.99 1.879183
C16 319.994 42.415993
C16 324.969 47.884727
C16 349.982 70.188065
C16 374.975 74.419716
C16 400.019 82.366135
C16 424.965 84.981514
C16 450.035 87.93913
C16 475.003 90.50051
C16 500.018 92.51486
C16 525.002 94.287056
C16 550.029 95.886154
C16 575.023 97.46274
C16 599.982 98.542336
C16 619.997 98.44052
C16 624.979 98.90092
C16 650.012 99.22641
C16 675.004 99.17053
C16 700.03 98.67306
C16 725.012 98.74979
C16 750.022 98.653534
C16 774.987 99.13254
C16 799.976 98.6865
C16 824.988 96.70887
C16 850.022 94.634056
C16 869.967 91.45395
C16 875.002 90.58929
C16 899.999 83.37969
C16 919.999 74.73355
C16 925.012 71.80989
C16 949.965 59.53869
C16 975.002 44.126392
C16 999.976 27.206308
C16 1025.028 11.924022
C16 1050.014 4.313801
C16 1075.002 2.3791735
C16 1099.99 1.8620061
C06 319.994 43.630745
C06 324.969 49.265087
C06 349.982 72.33352
C06 374.975 76.37578
C06 400.019 83.55922
C06 424.965 85.77409
C06 450.035 88.532425
C06 475.003 90.97173
C06 500.018 92.90533
C06 525.002 94.62654
C06 550.029 96.19384
C06 575.023 97.7489
C06 599.982 98.81127
C06 619.997 98.69232
C06 624.979 99.155396
C06 650.012 99.469505
C06 675.004 99.39063
C06 700.03 98.80716
C06 725.012 98.638275
C06 750.022 98.21769
C06 774.987 98.361595
C06 799.976 97.77585
C06 824.988 95.79342
C06 850.022 93.65661
C06 869.967 90.394775
C06 875.002 89.50491
C06 899.999 82.36181
C06 919.999 74.61437
C06 925.012 71.83023
C06 949.965 59.07883
C06 975.002 43.393585
C06 999.976 26.744644
C06 1025.028 11.745304
C06 1050.014 4.264828
C06 1075.002 2.3477058
C06 1099.99 1.8369819
C13 319.994 41.769833
C13 324.969 47.144913
C13 349.982 68.91514
C13 374.975 73.216705
C13 400.019 81.78056
C13 424.965 84.736984
C13 450.035 87.88699
C13 475.003 90.56709
C13 500.018 92.6574
C13 525.002 94.47809
C13 550.029 96.107346
C13 575.023 97.7037
C13 599.982 98.78754
C13 619.997 98.688774
C13 624.979 99.15073
C13 650.012 99.4771
C13 675.004 99.41672
C13 700.03 98.91132
C13 725.012 98.959984
C13 750.022 98.82665
C13 774.987 99.27045
C13 799.976 98.82836
C13 824.988 96.86222
C13 850.022 94.81619
C13 869.967 91.692535
C13 875.002 90.863
C13 899.999 83.58257
C13 919.999 74.784874
C13 925.012 71.91111
C13 949.965 59.933838
C13 975.002 44.368717
C13 999.976 27.259119
C13 1025.028 11.927218
C13 1050.014 4.323229
C13 1075.002 2.3848348
C13 1099.99 1.8750993
C01 319.994 42.35966
C01 324.969 47.809498
C01 349.982 69.79672
C01 374.975 73.92892
C01 400.019 82.219894
C01 424.965 85.042694
C01 450.035 88.13088
C01 475.003 90.77111
C01 500.018 92.83256
C01 525.002 94.62969
C01 550.029 96.235435
C01 575.023 97.816414
C01 599.982 98.8842
C01 619.997 98.774666
C01 624.979 99.22988
C01 650.012 99.541084
C01 675.004 99.45956
C01 700.03 98.85957
C01 725.012 98.658646
C01 750.022 98.19916
C01 774.987 98.317566
C01 799.976 97.735596
C01 824.988 95.81972
C01 850.022 93.69231
C01 869.967 90.50119
C01 875.002 89.66949
C01 899.999 82.887314
C01 919.999 74.57519
C01 925.012 71.69626
C01 949.965 59.248665
C01 975.002 43.922256
C01 999.976 27.069002
C01 1025.028 11.823913
C01 1050.014 4.280981
C01 1075.002 2.3518455
C01 1099.99 1.8483315
C12 319.994 41.325134
C12 324.969 46.643223
C12 349.982 68.19942
C12 374.975 72.56981
C12 400.019 81.36034
C12 424.965 84.43546
C12 450.035 87.647156
C12 475.003 90.360855
C12 500.018 92.477516
C12 525.002 94.31344
C12 550.029 95.95189
C12 575.023 97.55697
C12 599.982 98.64938
C12 619.997 98.554665
C12 624.979 99.016335
C12 650.012 99.34687
C12 675.004 99.29276
C12 700.03 98.78923
C12 725.012 98.840256
C12 750.022 98.70822
C12 774.987 99.15361
C12 799.976 98.714325
C12 824.988 96.752785
C12 850.022 94.735954
C12 869.967 91.68814
C12 875.002 90.838745
C12 899.999 83.44141
C12 919.999 74.745285
C12 925.012 71.914604
C12 949.965 59.936935
C12 975.002 44.318165
C12 999.976 27.222757
C12 1025.028 11.921794
C12 1050.014 4.311805
C12 1075.002 2.3776836
C12 1099.99 1.875512
