lsstcam/qe_curve/r33_s21/19700101T000000.ecsv
# %ECSV 0.9
# ---
# datatype:
# - {name: amp_name, datatype: string}
# - {name: wavelength, unit: nm, datatype: float32}
# - {name: efficiency, unit: '%', datatype: float32}
# meta: !!omap
# - {MODE: AMP}
# - {TYPE: QE}
# - {CALIBDATE: '1970-01-01T00:00:00'}
# - {INSTRUME: LSSTCAM}
# - {OBSTYPE: qe_curve}
# - {DETECTOR: 151}
# - {PICKLEFILE: RaftRun12139.p}
# - {CALIB_ID: 'raftName=R33 detectorName=S21 detector=151 calibDate=1970-01-01T00:00:00 ccd=151 ccdnum=151 filter=None'}
# - {DATE: '2020-01-23T15:34:32.033318'}
# - {CALIB_CREATION_DATE: '2020-01-23'}
# - {CALIB_CREATION_TIME: '15:34:32'}
# - __serialized_columns__:
#     efficiency:
#       __class__: astropy.units.quantity.Quantity
#       unit: !astropy.units.Unit {unit: '%'}
#       value: !astropy.table.SerializedColumn {name: efficiency}
#     wavelength:
#       __class__: astropy.units.quantity.Quantity
#       unit: !astropy.units.Unit {unit: nm}
#       value: !astropy.table.SerializedColumn {name: wavelength}
# schema: astropy-2.0
amp_name wavelength efficiency
C03 319.994 41.769833
C03 324.969 47.144913
C03 349.982 68.91514
C03 374.975 73.216705
C03 400.019 81.78056
C03 424.965 84.736984
C03 450.035 87.88699
C03 475.003 90.56709
C03 500.018 92.6574
C03 525.002 94.47809
C03 550.029 96.107346
C03 575.023 97.7037
C03 599.982 98.78754
C03 619.997 98.688774
C03 624.979 99.15073
C03 650.012 99.4771
C03 675.004 99.41672
C03 700.03 98.91132
C03 725.012 98.959984
C03 750.022 98.82665
C03 774.987 99.27045
C03 799.976 98.82836
C03 824.988 96.86222
C03 850.022 94.81619
C03 869.967 91.692535
C03 875.002 90.863
C03 899.999 83.58257
C03 919.999 74.784874
C03 925.012 71.91111
C03 949.965 59.933838
C03 975.002 44.368717
C03 999.976 27.259119
C03 1025.028 11.927218
C03 1050.014 4.323229
C03 1075.002 2.3848348
C03 1099.99 1.8750993
C14 319.994 42.98061
C14 324.969 48.517654
C14 349.982 70.9798
C14 374.975 75.050835
C14 400.019 82.85991
C14 424.965 85.42336
C14 450.035 88.36859
C14 475.003 90.926476
C14 500.018 92.935745
C14 525.002 94.69548
C14 550.029 96.2886
C14 575.023 97.85605
C14 599.982 98.92283
C14 619.997 98.8062
C14 624.979 99.262535
C14 650.012 99.57861
C14 675.004 99.49142
C14 700.03 98.892876
C14 725.012 98.68935
C14 750.022 98.23016
C14 774.987 98.33519
C14 799.976 97.739555
C14 824.988 95.80476
C14 850.022 93.690475
C14 869.967 90.403305
C14 875.002 89.528854
C14 899.999 82.7598
C14 919.999 74.73948
C14 925.012 71.906685
C14 949.965 59.172825
C14 975.002 43.710056
C14 999.976 26.980652
C14 1025.028 11.822318
C14 1050.014 4.263729
C14 1075.002 2.3420448
C14 1099.99 1.8412852
C07 319.994 42.74989
C07 324.969 48.262714
C07 349.982 70.80241
C07 374.975 75.037575
C07 400.019 82.83861
C07 424.965 85.364456
C07 450.035 88.28087
C07 475.003 90.81938
C07 500.018 92.81843
C07 525.002 94.58663
C07 550.029 96.18167
C07 575.023 97.762436
C07 599.982 98.842804
C07 619.997 98.74179
C07 624.979 99.20657
C07 650.012 99.53246
C07 675.004 99.47564
C07 700.03 98.985695
C07 725.012 99.079666
C07 750.022 99.0051
C07 774.987 99.5104
C07 799.976 99.07305
C07 824.988 97.07669
C07 850.022 94.99917
C07 869.967 91.7864
C07 875.002 90.916794
C07 899.999 83.692444
C07 919.999 75.034355
C07 925.012 72.009155
C07 949.965 59.796055
C07 975.002 44.29909
C07 999.976 27.309088
C07 1025.028 12.011767
C07 1050.014 4.3535185
C07 1075.002 2.386172
C07 1099.99 1.8627354
C10 319.994 43.669968
C10 324.969 49.313892
C10 349.982 72.49117
C10 374.975 76.562546
C10 400.019 83.61966
C10 424.965 85.76156
C10 450.035 88.471664
C10 475.003 90.884705
C10 500.018 92.79942
C10 525.002 94.509186
C10 550.029 96.0702
C10 575.023 97.62533
C10 599.982 98.68767
C10 619.997 98.5748
C10 624.979 99.03242
C10 650.012 99.34922
C10 675.004 99.27961
C10 700.03 98.703575
C10 725.012 98.55961
C10 750.022 98.16983
C10 774.987 98.34171
C10 799.976 97.76137
C10 824.988 95.765976
C10 850.022 93.59522
C10 869.967 90.365654
C10 875.002 89.48053
C10 899.999 82.18777
C10 919.999 74.40581
C10 925.012 71.64634
C10 949.965 58.982826
C10 975.002 43.319023
C10 999.976 26.60673
C10 1025.028 11.717934
C10 1050.014 4.2611756
C10 1075.002 2.3459592
C10 1099.99 1.8286592
C16 319.994 42.35966
C16 324.969 47.809498
C16 349.982 69.79672
C16 374.975 73.92892
C16 400.019 82.219894
C16 424.965 85.042694
C16 450.035 88.13088
C16 475.003 90.77111
C16 500.018 92.83256
C16 525.002 94.62969
C16 550.029 96.235435
C16 575.023 97.816414
C16 599.982 98.8842
C16 619.997 98.774666
C16 624.979 99.22988
C16 650.012 99.541084
C16 675.004 99.45956
C16 700.03 98.85957
C16 725.012 98.658646
C16 750.022 98.19916
C16 774.987 98.317566
C16 799.976 97.735596
C16 824.988 95.81972
C16 850.022 93.69231
C16 869.967 90.50119
C16 875.002 89.66949
C16 899.999 82.887314
C16 919.999 74.57519
C16 925.012 71.69626
C16 949.965 59.248665
C16 975.002 43.922256
C16 999.976 27.069002
C16 1025.028 11.823913
C16 1050.014 4.280981
C16 1075.002 2.3518455
C16 1099.99 1.8483315
C12 319.994 43.37808
C12 324.969 48.97584
C12 349.982 71.825485
C12 374.975 75.855865
C12 400.019 83.19706
C12 424.965 85.50704
C12 450.035 88.31681
C12 475.003 90.78727
C12 500.018 92.7391
C12 525.002 94.466606
C12 550.029 96.0353
C12 575.023 97.59285
C12 599.982 98.65413
C12 619.997 98.53858
C12 624.979 98.99453
C12 650.012 99.30715
C12 675.004 99.228386
C12 700.03 98.63941
C12 725.012 98.451324
C12 750.022 98.01088
C12 774.987 98.137
C12 799.976 97.548645
C12 824.988 95.58847
C12 850.022 93.484985
C12 869.967 90.22541
C12 875.002 89.332985
C12 899.999 82.3194
C12 919.999 74.609055
C12 925.012 71.82157
C12 949.965 59.073498
C12 975.002 43.445324
C12 999.976 26.801441
C12 1025.028 11.768397
C12 1050.014 4.269685
C12 1075.002 2.3485909
C12 1099.99 1.8364446
C17 319.994 41.825768
C17 324.969 47.20611
C17 349.982 68.84197
C17 374.975 73.01834
C17 400.019 81.55279
C17 424.965 84.51538
C17 450.035 87.67318
C17 475.003 90.353676
C17 500.018 92.43669
C17 525.002 94.24615
C17 550.029 95.86318
C17 575.023 97.43999
C17 599.982 98.51165
C17 619.997 98.40341
C17 624.979 98.85695
C17 650.012 99.1681
C17 675.004 99.08647
C17 700.03 98.49281
C17 725.012 98.30492
C17 750.022 97.859344
C17 774.987 97.9923
C17 799.976 97.426674
C17 824.988 95.51585
C17 850.022 93.41223
C17 869.967 90.36135
C17 875.002 89.54401
C17 899.999 82.57658
C17 919.999 74.16956
C17 925.012 71.406166
C17 949.965 59.399273
C17 975.002 44.043903
C17 999.976 27.138264
C17 1025.028 11.887717
C17 1050.014 4.287004
C17 1075.002 2.3473804
C17 1099.99 1.8470621
C05 319.994 42.31088
C05 324.969 47.761013
C05 349.982 69.949524
C05 374.975 74.199814
C05 400.019 82.34725
C05 424.965 85.06678
C05 450.035 88.08839
C05 475.003 90.68796
C05 500.018 92.72782
C05 525.002 94.52015
C05 550.029 96.13282
C05 575.023 97.71483
C05 599.982 98.79955
C05 619.997 98.69558
C05 624.979 99.15919
C05 650.012 99.482285
C05 675.004 99.42495
C05 700.03 98.92063
C05 725.012 98.98732
C05 750.022 98.87276
C05 774.987 99.33467
C05 799.976 98.88897
C05 824.988 96.90875
C05 850.022 94.83002
C05 869.967 91.67168
C05 875.002 90.80884
C05 899.999 83.590385
C05 919.999 74.89033
C05 925.012 71.9893
C05 949.965 59.665726
C05 975.002 44.28486
C05 999.976 27.316227
C05 1025.028 11.950897
C05 1050.014 4.3130846
C05 1075.002 2.3774288
C05 1099.99 1.8654846
C04 319.994 42.023705
C04 324.969 47.432487
C04 349.982 69.379845
C04 374.975 73.62945
C04 400.019 81.96957
C04 424.965 84.801834
C04 450.035 87.88134
C04 475.003 90.51528
C04 500.018 92.577774
C04 525.002 94.37919
C04 550.029 95.993805
C04 575.023 97.577835
C04 599.982 98.66005
C04 619.997 98.55802
C04 624.979 99.01896
C04 650.012 99.34031
C04 675.004 99.27911
C04 700.03 98.774124
C04 725.012 98.8276
C04 750.022 98.69889
C04 774.987 99.14588
C04 799.976 98.69939
C04 824.988 96.7306
C04 850.022 94.68795
C04 869.967 91.5355
C04 875.002 90.65144
C04 899.999 83.56388
C04 919.999 74.83498
C04 925.012 71.66522
C04 949.965 59.757923
C04 975.002 44.488594
C04 999.976 27.299974
C04 1025.028 11.906586
C04 1050.014 4.310767
C04 1075.002 2.3788211
C04 1099.99 1.8691566
C06 319.994 42.415993
C06 324.969 47.884727
C06 349.982 70.188065
C06 374.975 74.419716
C06 400.019 82.366135
C06 424.965 84.981514
C06 450.035 87.93913
C06 475.003 90.50051
C06 500.018 92.51486
C06 525.002 94.287056
C06 550.029 95.886154
C06 575.023 97.46274
C06 599.982 98.542336
C06 619.997 98.44052
C06 624.979 98.90092
C06 650.012 99.22641
C06 675.004 99.17053
C06 700.03 98.67306
C06 725.012 98.74979
C06 750.022 98.653534
C06 774.987 99.13254
C06 799.976 98.6865
C06 824.988 96.70887
C06 850.022 94.634056
C06 869.967 91.45395
C06 875.002 90.58929
C06 899.999 83.37969
C06 919.999 74.73355
C06 925.012 71.80989
C06 949.965 59.53869
C06 975.002 44.126392
C06 999.976 27.206308
C06 1025.028 11.924022
C06 1050.014 4.313801
C06 1075.002 2.3791735
C06 1099.99 1.8620061
C11 319.994 43.630745
C11 324.969 49.265087
C11 349.982 72.33352
C11 374.975 76.37578
C11 400.019 83.55922
C11 424.965 85.77409
C11 450.035 88.532425
C11 475.003 90.97173
C11 500.018 92.90533
C11 525.002 94.62654
C11 550.029 96.19384
C11 575.023 97.7489
C11 599.982 98.81127
C11 619.997 98.69232
C11 624.979 99.155396
C11 650.012 99.469505
C11 675.004 99.39063
C11 700.03 98.80716
C11 725.012 98.638275
C11 750.022 98.21769
C11 774.987 98.361595
C11 799.976 97.77585
C11 824.988 95.79342
C11 850.022 93.65661
C11 869.967 90.394775
C11 875.002 89.50491
C11 899.999 82.36181
C11 919.999 74.61437
C11 925.012 71.83023
C11 949.965 59.07883
C11 975.002 43.393585
C11 999.976 26.744644
C11 1025.028 11.745304
C11 1050.014 4.264828
C11 1075.002 2.3477058
C11 1099.99 1.8369819
C01 319.994 40.73969
C01 324.969 45.97519
C01 349.982 67.16274
C01 374.975 71.61691
C01 400.019 80.72066
C01 424.965 83.969055
C01 450.035 87.25857
C01 475.003 90.022026
C01 500.018 92.167114
C01 525.002 94.01914
C01 550.029 95.67154
C01 575.023 97.27612
C01 599.982 98.37466
C01 619.997 98.282875
C01 624.979 98.74437
C01 650.012 99.0759
C01 675.004 99.02571
C01 700.03 98.52166
C01 725.012 98.57451
C01 750.022 98.43982
C01 774.987 98.89433
C01 799.976 98.45915
C01 824.988 96.50528
C01 850.022 94.54399
C01 869.967 91.51924
C01 875.002 90.651665
C01 899.999 83.24872
C01 919.999 74.702614
C01 925.012 71.85422
C01 949.965 59.813095
C01 975.002 44.17
C01 999.976 27.145311
C01 1025.028 11.918126
C01 1050.014 4.3303256
C01 1075.002 2.3865988
C01 1099.99 1.879183
C15 319.994 42.67525
C15 324.969 48.169422
C15 349.982 70.39733
C15 374.975 74.48725
C15 400.019 82.523186
C15 424.965 85.21419
C15 450.035 88.2332
C15 475.003 90.833755
C15 500.018 92.865425
C15 525.002 94.64575
C15 550.029 96.247215
C15 575.023 97.820885
C15 599.982 98.88898
C15 619.997 98.777084
C15 624.979 99.23345
C15 650.012 99.545746
C15 675.004 99.46342
C15 700.03 98.86447
C15 725.012 98.66224
C15 750.022 98.196686
C15 774.987 98.30648
C15 799.976 97.717545
C15 824.988 95.7931
C15 850.022 93.66721
C15 869.967 90.416664
C15 875.002 89.56678
C15 899.999 82.811714
C15 919.999 74.62965
C15 925.012 71.80406
C15 949.965 59.213326
C15 975.002 43.821148
C15 999.976 27.017038
C15 1025.028 11.793331
C15 1050.014 4.250409
C15 1075.002 2.3424125
C15 1099.99 1.8452009
C13 319.994 43.2241
C13 324.969 48.799164
C13 349.982 71.48955
C13 374.975 75.543884
C13 400.019 83.10889
C13 424.965 85.53836
C13 450.035 88.411995
C13 475.003 90.923454
C13 500.018 92.90082
C13 525.002 94.65061
C13 550.029 96.22666
C13 575.023 97.79011
C13 599.982 98.85753
C13 619.997 98.73973
C13 624.979 99.197296
C13 650.012 99.51078
C13 675.004 99.42717
C13 700.03 98.833954
C13 725.012 98.63467
C13 750.022 98.17919
C13 774.987 98.29157
C13 799.976 97.7019
C13 824.988 95.75689
C13 850.022 93.65029
C13 869.967 90.36716
C13 875.002 89.48674
C13 899.999 82.63635
C13 919.999 74.76617
C13 925.012 71.94585
C13 949.965 59.179153
C13 975.002 43.620575
C13 999.976 26.93892
C13 1025.028 11.816948
C13 1050.014 4.2683196
C13 1075.002 2.3447204
C13 1099.99 1.8405522
C00 319.994 40.32417
C00 324.969 45.49995
C00 349.982 66.356224
C00 374.975 70.89467
C00 400.019 80.395836
C00 424.965 83.851555
C00 450.035 87.26302
C00 475.003 90.09093
C00 500.018 92.283676
C00 525.002 94.16417
C00 550.029 95.83126
C00 575.023 97.447235
C00 599.982 98.547714
C00 619.997 98.45661
C00 624.979 98.91965
C00 650.012 99.250786
C00 675.004 99.19716
C00 700.03 98.696884
C00 725.012 98.74606
C00 750.022 98.615135
C00 774.987 99.07651
C00 799.976 98.64472
C00 824.988 96.700874
C00 850.022 94.76939
C00 869.967 91.72936
C00 875.002 90.84628
C00 899.999 83.50007
C00 919.999 75.04141
C00 925.012 72.15438
C00 949.965 59.859364
C00 975.002 44.10888
C00 999.976 27.235115
C00 1025.028 12.024917
C00 1050.014 4.387157
C00 1075.002 2.4166143
C00 1099.99 1.8877912
C02 319.994 41.325134
C02 324.969 46.643223
C02 349.982 68.19942
C02 374.975 72.56981
C02 400.019 81.36034
C02 424.965 84.43546
C02 450.035 87.647156
C02 475.003 90.360855
C02 500.018 92.477516
C02 525.002 94.31344
C02 550.029 95.95189
C02 575.023 97.55697
C02 599.982 98.64938
C02 619.997 98.554665
C02 624.979 99.016335
C02 650.012 99.34687
C02 675.004 99.29276
C02 700.03 98.78923
C02 725.012 98.840256
C02 750.022 98.70822
C02 774.987 99.15361
C02 799.976 98.714325
C02 824.988 96.752785
C02 850.022 94.735954
C02 869.967 91.68814
C02 875.002 90.838745
C02 899.999 83.44141
C02 919.999 74.745285
C02 925.012 71.914604
C02 949.965 59.936935
C02 975.002 44.318165
C02 999.976 27.222757
C02 1025.028 11.921794
C02 1050.014 4.311805
C02 1075.002 2.3776836
C02 1099.99 1.875512
