ts8/qe_curve/rtm-025_s01/19700101T000000.ecsv
# %ECSV 0.9
# ---
# datatype:
# - {name: amp_name, datatype: string}
# - {name: wavelength, unit: nm, datatype: float32}
# - {name: efficiency, unit: '%', datatype: float32}
# meta: !!omap
# - {MODE: AMP}
# - {TYPE: QE}
# - {CALIBDATE: '1970-01-01T00:00:00'}
# - {INSTRUME: TS8}
# - {OBSTYPE: qe_curve}
# - {DETECTOR: 181}
# - {PICKLEFILE: RaftRun10722.p}
# - {CALIB_ID: 'raftName=RTM-025 detectorName=S01 detector=181 calibDate=1970-01-01T00:00:00 ccd=181 ccdnum=181 filter=None'}
# - {DATE: '2020-07-23T19:15:50.676808'}
# - {CALIB_CREATION_DATE: '2020-07-23'}
# - {CALIB_CREATION_TIME: '19:15:50'}
# - __serialized_columns__:
#     efficiency:
#       __class__: astropy.units.quantity.Quantity
#       unit: !astropy.units.Unit {unit: '%'}
#       value: !astropy.table.SerializedColumn {name: efficiency}
#     wavelength:
#       __class__: astropy.units.quantity.Quantity
#       unit: !astropy.units.Unit {unit: nm}
#       value: !astropy.table.SerializedColumn {name: wavelength}
# schema: astropy-2.0
amp_name wavelength efficiency
C07 349.982 74.338455
C07 450.035 87.447784
C07 500.018 91.2967
C07 619.997 97.222565
C07 750.022 98.0113
C07 869.967 90.73216
C07 999.976 26.497532
C12 349.982 73.43691
C12 450.035 87.88557
C12 500.018 91.99669
C12 619.997 98.04503
C12 750.022 97.89924
C12 869.967 90.19952
C12 999.976 26.63971
C13 349.982 73.342155
C13 450.035 87.61255
C13 500.018 91.68221
C13 619.997 97.69575
C13 750.022 97.548256
C13 869.967 89.862144
C13 999.976 26.631521
C15 349.982 73.48214
C15 450.035 87.49467
C15 500.018 91.51038
C15 619.997 97.51546
C15 750.022 97.44222
C15 869.967 89.77195
C15 999.976 26.478777
C03 349.982 74.0427
C03 450.035 87.53955
C03 500.018 91.48232
C03 619.997 97.42252
C03 750.022 98.039856
C03 869.967 90.73527
C03 999.976 26.581888
C01 349.982 73.40838
C01 450.035 87.185425
C01 500.018 91.17396
C01 619.997 97.104546
C01 750.022 97.69244
C01 869.967 90.4406
C01 999.976 26.637915
C00 349.982 73.51517
C00 450.035 87.31317
C00 500.018 91.316795
C00 619.997 97.26073
C00 750.022 97.84452
C00 869.967 90.66599
C00 999.976 26.739477
C06 349.982 74.47563
C06 450.035 87.58568
C06 500.018 91.44702
C06 619.997 97.377304
C06 750.022 98.10523
C06 869.967 90.8345
C06 999.976 26.555954
C04 349.982 74.087685
C04 450.035 87.51571
C04 500.018 91.43224
C04 619.997 97.36438
C04 750.022 98.01569
C04 869.967 90.75343
C04 999.976 26.61918
C05 349.982 74.249214
C05 450.035 87.468704
C05 500.018 91.353806
C05 619.997 97.277695
C05 750.022 97.954155
C05 869.967 90.709656
C05 999.976 26.587145
C02 349.982 73.781395
C02 450.035 87.52198
C02 500.018 91.502014
C02 619.997 97.456024
C02 750.022 98.056175
C02 869.967 90.745834
C02 999.976 26.672764
C10 349.982 72.74779
C10 450.035 87.422
C10 500.018 91.575745
C10 619.997 97.60966
C10 750.022 97.48503
C10 869.967 90.00015
C10 999.976 26.68121
C14 349.982 73.33124
C14 450.035 87.5536
C14 500.018 91.598595
C14 619.997 97.61683
C14 750.022 97.50207
C14 869.967 89.811935
C14 999.976 26.521347
C11 349.982 72.916306
C11 450.035 87.51615
C11 500.018 91.63961
C11 619.997 97.67471
C11 750.022 97.53858
C11 869.967 89.95031
C11 999.976 26.690083
C16 349.982 73.68256
C16 450.035 87.55613
C16 500.018 91.54543
C16 619.997 97.54752
C16 750.022 97.53213
C16 869.967 89.86795
C16 999.976 26.472567
C17 349.982 73.53932
C17 450.035 87.41127
C17 500.018 91.384186
C17 619.997 97.38352
C17 750.022 97.43217
C17 869.967 89.80301
C17 999.976 26.444279
