lsstCam/transmission_filter_detector/r10_s12/g_6/19700101T000000.ecsv
# %ECSV 1.0
# ---
# datatype:
# - {name: wavelength, unit: nm, datatype: float32}
# - {name: efficiency, unit: '%', datatype: float64}
# meta: !!omap
# - {MODE: DETECTOR}
# - {TYPE: transmission_filter_detector}
# - {CALIBDATE: '1970-01-01T00:00:00'}
# - {INSTRUME: LSSTCam}
# - {OBSTYPE: transmission_filter_detector}
# - {CALIBCLS: lsst.ip.isr.IntermediateFilterDetectorTransmissionCurve}
# - {SOURCE: Materion (DM-46256)}
# - {DETECTOR: 32}
# - {FILTER: g_6}
# - {CALIB_ID: 'calibDate=1970-01-01T00:00:00 filter=g_6 detector=32'}
# - {DATE: '2025-04-02T15:59:42.176382'}
# - {CALIB_CREATION_DATE: '2025-04-02'}
# - {CALIB_CREATION_TIME: '15:59:42'}
# - __serialized_columns__:
#     efficiency:
#       __class__: astropy.units.quantity.Quantity
#       unit: !astropy.units.Unit {unit: '%'}
#       value: !astropy.table.SerializedColumn {name: efficiency}
#     wavelength:
#       __class__: astropy.units.quantity.Quantity
#       unit: !astropy.units.Unit {unit: nm}
#       value: !astropy.table.SerializedColumn {name: wavelength}
# schema: astropy-2.0
wavelength efficiency
300.0 0.5169370677322149
301.0 0.3793555311858654
302.0 0.24177394807338715
303.0 0.21594853606075048
304.0 0.190123135689646
305.0 0.19964154344052076
306.0 0.20915993954986334
307.0 0.21741276141256094
308.0 0.22566555999219418
309.0 0.22502632346004248
310.0 0.22438715677708387
311.0 0.21360230166465044
312.0 0.2028175164014101
313.0 0.2015810925513506
314.0 0.20034462213516235
315.0 0.1897272071801126
316.0 0.17910980386659503
317.0 0.17677389550954103
318.0 0.1744380220770836
319.0 0.1616329769603908
320.0 0.14882792020216584
321.0 0.14276353176683187
322.0 0.13669913168996572
323.0 0.1150749041698873
324.0 0.0934507348574698
325.0 0.08629175135865808
326.0 0.07913276785984635
327.0 0.07276168907992542
328.0 0.06639061612077057
329.0 0.06284993723966181
330.0 0.05930925835855305
331.0 0.05462234257720411
332.0 0.049935426795855165
333.0 0.047036263276822865
334.0 0.04413709684740752
335.0 0.04279541317373514
336.0 0.041453729500062764
337.0 0.04179119423497468
338.0 0.04212865314912051
339.0 0.04092705494258553
340.0 0.03972545964643359
341.0 0.03767833695746958
342.0 0.03563121717888862
343.0 0.032384906080551445
344.0 0.029138594982214272
345.0 0.025741010904312134
346.0 0.022343426826409996
347.0 0.02109586348524317
348.0 0.0198482972336933
349.0 0.01810313988244161
350.0 0.8376686833798885
351.0 0.94420425593853
352.0 1.048762258142233
353.0 0.8807801641523838
354.0 0.5850754678249359
355.0 0.887599028646946
356.0 0.9444785304367542
357.0 0.7235264405608177
358.0 0.3500242019072175
359.0 0.779247097671032
360.0 0.6158025935292244
361.0 0.7034028880298138
362.0 0.4236920736730099
363.0 0.6366730201989412
364.0 0.569139514118433
365.0 0.7767319213598967
366.0 0.4254135303199291
367.0 0.5658453330397606
368.0 0.41807787492871284
369.0 0.5719639826565981
370.0 0.3887337166815996
371.0 0.5646484903991222
372.0 0.4553660284727812
373.0 0.607294263318181
374.0 0.3983994945883751
375.0 0.5518363788723946
376.0 0.25160699151456356
377.0 0.5101077258586884
378.0 0.3626747755333781
379.0 0.5543041974306107
380.0 0.38906873669475317
381.0 0.512915849685669
382.0 0.5367872305214405
383.0 0.5610336549580097
384.0 0.5732109770178795
385.0 0.611473061144352
386.0 0.610224949195981
387.0 0.7658163085579872
388.0 0.946918036788702
389.0 1.161105651408434
390.0 1.6926512122154236
391.0 2.537747845053673
392.0 4.100481420755386
393.0 6.521535664796829
394.0 9.794996678829193
395.0 14.296862483024597
396.0 19.918206334114075
397.0 27.158737182617188
398.0 35.51953434944153
399.0 44.65892314910889
400.0 54.113394021987915
401.0 63.21622133255005
402.0 71.64169549942017
403.0 78.85438799858093
404.0 84.2369556427002
405.0 88.257497549057
406.0 90.52315354347229
407.0 92.27020740509033
408.0 93.32255721092224
409.0 93.7993586063385
410.0 94.01652812957764
411.0 93.89278292655945
412.0 93.56693625450134
413.0 93.35224032402039
414.0 93.15007328987122
415.0 93.33937764167786
416.0 93.67773532867432
417.0 93.95182132720947
418.0 94.45680975914001
419.0 94.97615098953247
420.0 95.56695222854614
421.0 96.07892036437988
422.0 96.302729845047
423.0 96.49384617805481
424.0 96.3513433933258
425.0 96.29363417625427
426.0 96.25568985939026
427.0 96.29560708999634
428.0 96.04345560073853
429.0 95.93537449836731
430.0 95.76417803764343
431.0 95.85241675376892
432.0 95.85010409355164
433.0 95.96025347709656
434.0 96.08344435691833
435.0 96.18513584136963
436.0 96.23186588287354
437.0 96.25810980796814
438.0 96.30316495895386
439.0 96.35603427886963
440.0 96.30109667778015
441.0 96.44734859466553
442.0 96.45425081253052
443.0 96.40898108482361
444.0 96.42438292503357
445.0 96.13370895385742
446.0 95.99839448928833
447.0 95.75631022453308
448.0 95.7308292388916
449.0 95.87160348892212
450.0 96.09631896018982
451.0 96.3275134563446
452.0 96.48469090461731
453.0 96.6225802898407
454.0 96.68576121330261
455.0 96.99875712394714
456.0 97.13898301124573
457.0 97.29507565498352
458.0 97.24583029747009
459.0 97.25461006164551
460.0 97.30530381202698
461.0 97.4109411239624
462.0 97.37322926521301
463.0 97.27423787117004
464.0 97.38524556159973
465.0 97.35897183418274
466.0 97.2842276096344
467.0 97.32899069786072
468.0 97.35035300254822
469.0 97.38763570785522
470.0 97.22127914428711
471.0 97.12217450141907
472.0 97.15811610221863
473.0 97.07772135734558
474.0 96.98938727378845
475.0 97.03320860862732
476.0 96.99893593788147
477.0 97.02178835868835
478.0 97.16799855232239
479.0 97.13665843009949
480.0 97.32083082199097
481.0 97.3663330078125
482.0 97.57789373397827
483.0 97.46997952461243
484.0 97.64755368232727
485.0 97.72244095802307
486.0 97.7537214756012
487.0 97.78869152069092
488.0 97.78668880462646
489.0 97.90745973587036
490.0 97.81426787376404
491.0 97.83997535705566
492.0 97.78485298156738
493.0 97.77321815490723
494.0 97.77024388313293
495.0 97.8176474571228
496.0 97.63651490211487
497.0 97.53643870353699
498.0 97.35628366470337
499.0 97.40121364593506
500.0 97.356778383255
501.0 97.30148911476135
502.0 97.18932509422302
503.0 97.38118648529053
504.0 97.22641110420227
505.0 97.21662998199463
506.0 97.25747108459473
507.0 97.17276692390442
508.0 97.21116423606873
509.0 97.19168543815613
510.0 97.1464216709137
511.0 97.0704734325409
512.0 97.01778888702393
513.0 97.10307717323303
514.0 97.05364108085632
515.0 97.11256623268127
516.0 97.18347787857056
517.0 97.18209505081177
518.0 97.2733199596405
519.0 97.30978608131409
520.0 97.34290838241577
521.0 97.46060967445374
522.0 97.45131731033325
523.0 97.45738506317139
524.0 97.49451279640198
525.0 97.43877649307251
526.0 97.52917289733887
527.0 97.54629135131836
528.0 97.59543538093567
529.0 97.69095182418823
530.0 97.6951539516449
531.0 97.84124493598938
532.0 97.71084785461426
533.0 97.72778153419495
534.0 97.7226734161377
535.0 97.5436806678772
536.0 97.2555160522461
537.0 96.76583409309387
538.0 96.10553979873657
539.0 94.78697776794434
540.0 93.18808913230896
541.0 90.71493744850159
542.0 88.06771636009216
543.0 84.542316198349
544.0 80.01102805137634
545.0 75.98301768302917
546.0 71.05656862258911
547.0 66.46097302436829
548.0 61.86821460723877
549.0 57.727235555648804
550.0 54.440438747406006
551.0 51.296234130859375
552.0 48.941487073898315
553.0 46.51903212070465
554.0 43.766164779663086
555.0 40.68343639373779
556.0 36.554154753685
557.0 31.721225380897522
558.0 26.346692442893982
559.0 20.947815477848053
560.0 15.708526968955994
561.0 10.778079181909561
562.0 6.986486166715622
563.0 4.140818491578102
564.0 2.2959403693675995
565.0 1.115458644926548
566.0 0.5877941381186247
567.0 0.3007575171068311
568.0 0.18859836272895336
569.0 0.11288915993645787
570.0 0.07727156626060605
571.0 0.05047546583227813
572.0 0.051485555013641715
573.0 0.034866525675170124
574.0 0.037781838909722865
575.0 0.03719722735695541
576.0 0.029061554232612252
577.0 0.032389568514190614
578.0 0.036453737993724644
579.0 0.030163524206727743
580.0 0.029234986868686974
581.0 0.024673438747413456
582.0 0.026717077707871795
583.0 0.01929482095874846
584.0 0.02282391651533544
585.0 0.013139586371835321
586.0 0.028109698905609548
587.0 0.010688463225960732
588.0 0.020733557175844908
589.0 0.008615145634394139
590.0 0.018251442816108465
591.0 0.008046113362070173
592.0 0.005315410817274824
593.0 0.01459426712244749
594.0 0.013573972682934254
595.0 0.01644698204472661
596.0 0.00866828704602085
597.0 0.016924126248341054
598.0 0.004750238804263063
599.0 0.008150155190378428
600.0 0.013063701044302434
601.0 0.002351449802517891
602.0 0.002457801383570768
603.0 0.0025641527827247046
604.0 0.0023096530640032142
605.0 0.002055152981483843
606.0 0.002046331428573467
607.0 0.0020375098756630905
608.0 0.00187759524123976
609.0 0.0017176806068164296
610.0 0.0018620874470798299
611.0 0.002006493741646409
612.0 0.001855507434811443
613.0 0.0017045213098754175
614.0 0.0017644950276007876
615.0 0.0018244692910229787
616.0 0.0019253298887633719
617.0 0.0020261903046048246
618.0 0.0018707063645706512
619.0 0.0017152222426375374
620.0 0.001714290920062922
621.0 0.001713359415589366
622.0 0.0015761885151732713
623.0 0.0014390172509592958
624.0 0.0014511179870169144
625.0 0.0014632189049734734
626.0 0.00139450721690082
627.0 0.0013257960745249875
628.0 0.001442043958377326
629.0 0.001558292206027545
630.0 0.0013963143828732427
631.0 0.0012343364687694702
632.0 0.001350960064883111
633.0 0.0014675832971988712
634.0 0.001449465980840614
635.0 0.0014313483916339464
636.0 0.0013724683412874583
637.0 0.001313588745688321
638.0 0.001208181583933765
639.0 0.001102774422179209
640.0 0.001087638611352304
641.0 0.0010725026186264586
642.0 0.0013185705938667525
643.0 0.0015646386600565165
644.0 0.0014439232472795993
645.0 0.0013232076526037417
646.0 0.0012298681212996598
647.0 0.0011365287718945183
648.0 0.0010642849701980595
649.0 0.0009920409866026603
650.0 0.00123518793770927
651.0 0.001478334434068529
652.0 0.001221964612341253
653.0 0.0009655946087150369
654.0 0.0010623356502037495
655.0 0.0011590768735914025
656.0 0.0011531301424838603
657.0 0.0011471835023257881
658.0 0.0011082329365308397
659.0 0.0010692826435843017
660.0 0.0009814601071411744
661.0 0.0008936376616475172
662.0 0.001018010425468674
663.0 0.0011423834621382412
664.0 0.0012328971024544444
665.0 0.0013234105608717073
666.0 0.0011785162314481568
667.0 0.0010336216291761957
668.0 0.0011455276762717403
669.0 0.001257433723367285
670.0 0.0012061570487276185
671.0 0.001154880374087952
672.0 0.001178440470539499
673.0 0.0012020002941426355
674.0 0.0011499570064188447
675.0 0.0010979137186950538
676.0 0.0010663702596502844
677.0 0.0010348265277571045
678.0 0.0011126136087113991
679.0 0.001190400780615164
680.0 0.0010602097972878255
681.0 0.0009300189049099572
682.0 0.0009943471923179459
683.0 0.0010586752978269942
684.0 0.0009209315066982526
685.0 0.0007831876246200409
686.0 0.0010009296602220275
687.0 0.0012186716048745438
688.0 0.0011760947927541565
689.0 0.001133517889684299
690.0 0.0010015880434366409
691.0 0.0008696581062395126
692.0 0.0009049087566381786
693.0 0.0009401594070368446
694.0 0.0010158985787711572
695.0 0.0010916376595559996
696.0 0.0011182170055690221
697.0 0.001144795987784164
698.0 0.0012625737326743547
699.0 0.0013803513866150752
700.0 0.0011734409781638533
701.0 0.0009665304787631612
702.0 0.0010738012861111201
703.0 0.0011810718206106685
704.0 0.0012052645615767688
705.0 0.0012294570296944585
706.0 0.0011754916158679407
707.0 0.0011215262929908931
708.0 0.001064791103999596
709.0 0.0010080560969072394
710.0 0.0011488864402053878
711.0 0.0012897170563519467
712.0 0.001225361120305024
713.0 0.001161005457106512
714.0 0.0012355631952232216
715.0 0.0013101212061883416
716.0 0.001517082637292333
717.0 0.0017240445231436752
718.0 0.001962360147444997
719.0 0.0022006755898473784
720.0 0.001797442018869333
721.0 0.0013942082659923472
722.0 0.0015115405403776094
723.0 0.0016288733604596928
724.0 0.0016472480638185516
725.0 0.0016656229490763508
726.0 0.0017990490960073657
727.0 0.0019324752429383807
728.0 0.0020022336684633046
729.0 0.0020719919120892882
730.0 0.002023969864239916
731.0 0.001975947634491604
732.0 0.0018629058104124852
733.0 0.0017498643501312472
734.0 0.0015402962162625045
735.0 0.0013307283552421723
736.0 0.0011584441381273791
737.0 0.0009861597391136456
738.0 0.0010516603651922196
739.0 0.0011171610822202638
740.0 0.0009448443051951472
741.0 0.0007725274372205604
742.0 0.0007481568445655284
743.0 0.0007237862064357614
744.0 0.0008663793778396212
745.0 0.0010089726856676862
746.0 0.0010088689123222139
747.0 0.0010087652299262118
748.0 0.001135444199462654
749.0 0.0012621233508980367
750.0 0.001071531187335495
751.0 0.000880939478520304
752.0 0.0008059919309744146
753.0 0.0007310445653274655
754.0 0.0008425038686254993
755.0 0.0009539632628730033
756.0 0.0009438641427550465
757.0 0.0009337649316876195
758.0 0.0008992463335744105
759.0 0.000864728008309612
760.0 0.0007123368504835526
761.0 0.0005599456017080229
762.0 0.0005953195341135142
763.0 0.0006306933300948003
764.0 0.0007251434453792172
765.0 0.0008195937880373094
766.0 0.0007588927019241964
767.0 0.0006981917067605536
768.0 0.0006302691872406285
769.0 0.0005623466677207034
770.0 0.0004392652044771239
771.0 0.0003161837412335444
772.0 0.0005372924988478189
773.0 0.0007584014838357689
774.0 0.0008545308446628042
775.0 0.0009506603419140447
776.0 0.0008611975317762699
777.0 0.0007717347216384951
778.0 0.0007171384822868276
779.0 0.0006625423338846304
780.0 0.0006157706138765207
781.0 0.0005689988483936759
782.0 0.0005927493930357741
783.0 0.0006164998012536671
784.0 0.0007481916327378713
785.0 0.0008798833732726052
786.0 0.0007248189831443597
787.0 0.0005697548658645246
788.0 0.0004036540758534102
789.0 0.00023755335405439837
790.0 0.0002363542080274783
791.0 0.0002351550392631907
792.0 0.00024321921046066564
793.0 0.00025128338165814057
794.0 0.0002691052259251592
795.0 0.0002869270929295453
796.0 0.0003766397639992647
797.0 0.0004663524123316165
798.0 0.0005023885933042038
799.0 0.0005384248197515262
800.0 0.0004993619313609088
801.0 0.0004602991793944966
802.0 0.00039158098843472544
803.0 0.000322862911161792
804.0 0.0002604559767860337
805.0 0.00019804911062237807
806.0 0.000272104853138444
807.0 0.00034616059565450996
808.0 0.00040895884012570605
809.0 0.00047175703912216704
810.0 0.0003393589167899336
811.0 0.00020696074898296501
812.0 0.00023716218038316583
813.0 0.00026736356630863156
814.0 0.000344526233675424
815.0 0.00042168894651695155
816.0 0.0005452238383440999
817.0 0.0006687586392217781
818.0 0.000449973413196858
819.0 0.00023118816443457035
820.0 0.00040131076275429223
821.0 0.0005714332473871764
822.0 0.00044757202886103187
823.0 0.0003237108330722549
824.0 0.0004017871560790809
825.0 0.00047986345634853933
826.0 0.0005832786428072723
827.0 0.0006866937837912701
828.0 0.0006651290277659427
829.0 0.0006435642262658803
830.0 0.0004947926754539367
831.0 0.00034602110190462554
832.0 0.0005012253041059012
833.0 0.0006564294380950741
834.0 0.000505493289892911
835.0 0.00035455711895338027
836.0 0.0004307711151341209
837.0 0.0005069851340522291
838.0 0.00043671084313245956
839.0 0.00036643652947532246
840.0 0.0005409965524449944
841.0 0.0007155565072025638
842.0 0.0003663785946628195
843.0 1.7200576962750347e-05
844.0 8.817361276669544e-05
845.0 0.0001591466457284696
846.0 0.00039409828787029255
847.0 0.0006290501005423721
848.0 0.0005299044914863771
849.0 0.00043075897337985225
850.0 0.0004964592790202005
851.0 0.0005621595391858136
852.0 0.0005968159257463412
853.0 0.000631471903034253
854.0 0.0005936185516475234
855.0 0.0005557650638365885
856.0 0.0005406312993727624
857.0 0.0005254976258584065
858.0 0.0005398638677434064
859.0 0.0005542300641536713
860.0 0.0005368873644329142
861.0 0.000519544619237422
862.0 0.0004979466666554799
863.0 0.00047634875954827294
864.0 0.00042667511479521636
865.0 0.00037700144730479224
866.0 0.00043215754885750357
867.0 0.00048731362767284736
868.0 0.0006313015092018759
869.0 0.0007752893907309044
870.0 0.0006436302101064939
871.0 0.000511970847583143
872.0 0.00038428570405812934
873.0 0.0002566003786341753
874.0 0.00040350519157072995
875.0 0.0005504100045072846
876.0 0.0006180498985486338
877.0 0.000685689792589983
878.0 0.0006949552243895596
879.0 0.000704220565239666
880.0 0.0006521162958961213
881.0 0.0006000123448757222
882.0 0.0005539365702134091
883.0 0.0005078610683995066
884.0 0.0005436125320557039
885.0 0.0005793641776108416
886.0 0.0006960052360227564
887.0 0.0008126465218083467
888.0 0.0006709527497150702
889.0 0.0005292590230965288
890.0 0.0005411667189036962
891.0 0.0005530745966098038
892.0 0.0005141972906130832
893.0 0.00047532007556583267
894.0 0.00045765909817419015
895.0 0.0004399982117320178
896.0 0.00026689951937441947
897.0 9.380083270116302e-05
898.0 0.0002508471425244352
899.0 0.00040789345803204924
900.0 0.00038281568777165376
901.0 0.0003577379175112583
902.0 0.0005278140633890871
903.0 0.0006978902092669159
904.0 0.00037124482332728803
905.0 4.459938338641223e-05
906.0 0.00027664420940709533
