lsstCam/transmission_filter_detector/r10_s12/g_6/19700101T000000.ecsv
# %ECSV 1.0
# ---
# datatype:
# - {name: wavelength, unit: nm, datatype: float32}
# - {name: efficiency, unit: '%', datatype: float64}
# meta: !!omap
# - {MODE: DETECTOR}
# - {TYPE: transmission_filter_detector}
# - {CALIBDATE: '1970-01-01T00:00:00'}
# - {INSTRUME: LSSTCam}
# - {OBSTYPE: transmission_filter_detector}
# - {CALIBCLS: lsst.ip.isr.IntermediateFilterDetectorTransmissionCurve}
# - {SOURCE: Materion (DM-46256)}
# - {DETECTOR: 32}
# - {FILTER: g_6}
# - {CALIB_ID: 'calibDate=1970-01-01T00:00:00 filter=g_6 detector=32'}
# - {DATE: '2025-04-02T15:59:42.176382'}
# - {CALIB_CREATION_DATE: '2025-04-02'}
# - {CALIB_CREATION_TIME: '15:59:42'}
# - __serialized_columns__:
#     efficiency:
#       __class__: astropy.units.quantity.Quantity
#       unit: !astropy.units.Unit {unit: '%'}
#       value: !astropy.table.SerializedColumn {name: efficiency}
#     wavelength:
#       __class__: astropy.units.quantity.Quantity
#       unit: !astropy.units.Unit {unit: nm}
#       value: !astropy.table.SerializedColumn {name: wavelength}
# schema: astropy-2.0
wavelength efficiency
[from data line 608]
908.0 0.000465527273263433
909.0 0.0004223656105750706
910.0 0.0003611865622588084
911.0 0.00030000753667991376
912.0 0.0004218024969304679
913.0 0.0005435975253931247
914.0 0.0003372223773112637
915.0 0.0001308472860728216
916.0 0.0001512732978881104
917.0 0.0001716992642286641
918.0 0.0001988870963032241
919.0 0.00022607493974646786
920.0 0.0002883993147406727
921.0 0.0003507237124722451
922.0 0.0005246005002845777
923.0 0.0006984773335716454
924.0 0.0005754101948696189
925.0 0.0004523429652181221
926.0 0.0005486824193212669
927.0 0.0006450219643738819
928.0 0.0005939537913945969
929.0 0.000542885663890047
930.0 0.0005027234692533966
931.0 0.00046256127461674623
932.0 0.00046569175538024865
933.0 0.00046882228161848616
934.0 0.00045427573240885977
935.0 0.0004397291831992334
936.0 0.00048656988838047255
937.0 0.0005334105480869766
938.0 0.000605257082497701
939.0 0.0006771035259589553
940.0 0.0006020120054017752
941.0 0.0005269203029456548
942.0 0.0006401319751603296
943.0 0.0007533436473750044
944.0 0.0006888726147735724
945.0 0.0006244015366974054
946.0 0.0005455986411107006
947.0 0.0004667957455239957
948.0 0.000844426904222928
949.0 0.0012220581993460655
950.0 0.0010567664503469132
951.0 0.0008914746103982907
952.0 0.0008945694389694836
953.0 0.0008976642675406765
954.0 0.0008191027518478222
955.0 0.0007405412361549679
956.0 0.0006674495125480462
957.0 0.000594357561567449
958.0 0.0007058415576466359
959.0 0.0008173255992005579
960.0 0.0006424539151339559
961.0 0.00046758218559261877
962.0 0.0005295466962706996
963.0 0.0005915111159993103
964.0 0.0006769161700503901
965.0 0.0007623209967277944
966.0 0.0007912693945399951
967.0 0.0008202177014027257
968.0 0.0007585078492411412
969.0 0.0006967979970795568
970.0 0.0007021884812274948
971.0 0.0007075790108501678
972.0 0.0007886340426921379
973.0 0.0008696892109583132
974.0 0.0008165423423633911
975.0 0.0007633957466168795
976.0 0.0007898951480456162
977.0 0.0008163948223227635
978.0 0.0008990911737782881
979.0 0.0009817874342843425
980.0 0.0010097583981405478
981.0 0.0010377294529462233
982.0 0.0009862270417215768
983.0 0.0009347245395474602
984.0 0.0009308358130510896
985.0 0.0009269473594031297
986.0 0.0010738989658420905
987.0 0.001220850390382111
988.0 0.0012675594916800037
989.0 0.0013142682291800156
990.0 0.0013913917427998967
991.0 0.0014685152564197779
992.0 0.001443968176317867
993.0 0.0014194215509633068
994.0 0.0013820249478158075
995.0 0.0013446286175167188
996.0 0.0012213135050842538
997.0 0.0010979982107528485
998.0 0.001287469785893336
999.0 0.0014769413610338233
1000.0 0.0014043030205357354
1001.0 0.0013316644981387071
1002.0 0.0012497534953581635
1003.0 0.00116784258352709
1004.0 0.0011165470823470969
1005.0 0.0010652513992681634
1006.0 0.0013706010577152483
1007.0 0.0016759508071118034
1008.0 0.0016521431462024339
1009.0 0.001628335849090945
1010.0 0.0017416279661119916
1011.0 0.0018549204469309188
1012.0 0.002019379462581128
1013.0 0.002183839023928158
1014.0 0.0021700512661482207
1015.0 0.0021562635083682835
1016.0 0.0024633778593852185
1017.0 0.0027704927560989745
1018.0 0.0030369690648512915
1019.0 0.0033034459193004295
1020.0 0.0033186730433953926
1021.0 0.0033339001674903557
1022.0 0.003649218342616223
1023.0 0.003964536881539971
1024.0 0.0041308605432277545
1025.0 0.004297183841117658
1026.0 0.004367655856185593
1027.0 0.004438127507455647
1028.0 0.004546521086012945
1029.0 0.004654914664570242
1030.0 0.004752509266836569
1031.0 0.004850103141507134
1032.0 0.005262413833406754
1033.0 0.005674724525306374
1034.0 0.005488371607498266
1035.0 0.0053020190534880385
1036.0 0.0054221105528995395
1037.0 0.00554220168851316
1038.0 0.005722892819903791
1039.0 0.005903583951294422
1040.0 0.006363561988109723
1041.0 0.006823539297329262
1042.0 0.006967109948163852
1043.0 0.007110680598998442
1044.0 0.0073244242230430245
1045.0 0.007538166391896084
1046.0 0.008610282384324819
1047.0 0.009682396921562031
1048.0 0.011080333206336945
1049.0 0.012478267308324575
1050.0 0.014942878624424338
1051.0 0.017407485574949533
1052.0 0.021112481772433966
1053.0 0.024817485245876014
1054.0 0.02966347092296928
1055.0 0.0345094536896795
1056.0 0.04127655120100826
1057.0 0.048043637070804834
1058.0 0.05585537292063236
1059.0 0.06366709712892771
1060.0 0.07106464472599328
1061.0 0.0784621573984623
1062.0 0.08551244391128421
1063.0 0.09256270132027566
1064.0 0.09802482090890408
1065.0 0.10348692303523421
1066.0 0.10880030458793044
1067.0 0.11411369778215885
1068.0 0.12075563427060843
1069.0 0.12739761732518673
1070.0 0.13750838115811348
1071.0 0.1476191566325724
1072.0 0.16087224939838052
1073.0 0.1741252839565277
1074.0 0.18823257414624095
1075.0 0.20233991090208292
1076.0 0.21584490314126015
1077.0 0.229349872097373
1078.0 0.24302571546286345
1079.0 0.2567015588283539
1080.0 0.2737990114837885
1081.0 0.29089648742228746
1082.0 0.3185155335813761
1083.0 0.3461345564574003
1084.0 0.384563859552145
1085.0 0.4229932092130184
1086.0 0.4580516368150711
1087.0 0.49311015754938126
1088.0 0.5567592568695545
1089.0 0.6204083561897278
1090.0 0.6975578144192696
1091.0 0.7747072260826826
1092.0 0.8047656156122684
1093.0 0.8348237723112106
1094.0 0.8725110441446304
1095.0 0.9101979434490204
1096.0 0.9560429491102695
1097.0 1.001888234168291
1098.0 1.025714911520481
1099.0 1.049541775137186
1100.0 1.211579516530037
1101.0 1.373616885393858
