lsstCam/transmission_sensor/r24_s10/19700101T000000.ecsv
# %ECSV 1.0
# ---
# datatype:
# - {name: amp_name, datatype: string}
# - {name: wavelength, unit: nm, datatype: float32}
# - {name: efficiency, unit: '%', datatype: float64}
# meta: !!omap
# - {MODE: AMP}
# - {TYPE: transmission_sensor}
# - {CALIBDATE: '1970-01-01T00:00:00'}
# - {INSTRUME: LSSTCam}
# - {OBSTYPE: transmission_sensor}
# - {DETECTOR: 111}
# - {PARQUETFILE: qe_raft_allvalues_nircorrected_20230725_adjust.parquet}
# - {CORRFILE: qe_corr_factor_bydetnum.parquet}
# - {CALIBCLS: lsst.ip.isr.IntermediateSensorTransmissionCurve}
# - {CALIB_ID: 'raftName=R24 detectorName=S10 detector=111 calibDate=1970-01-01T00:00:00 ccd=111 ccdnum=111 filter=None'}
# - {DATE: '2025-03-03T21:56:48.002915'}
# - {CALIB_CREATION_DATE: '2025-03-03'}
# - {CALIB_CREATION_TIME: '21:56:48'}
# - __serialized_columns__:
#     efficiency:
#       __class__: astropy.units.quantity.Quantity
#       unit: !astropy.units.Unit {unit: '%'}
#       value: !astropy.table.SerializedColumn {name: efficiency}
#     wavelength:
#       __class__: astropy.units.quantity.Quantity
#       unit: !astropy.units.Unit {unit: nm}
#       value: !astropy.table.SerializedColumn {name: wavelength}
# schema: astropy-2.0
amp_name wavelength efficiency
C00 319.994 44.05825197423549
C00 324.969 49.76703020695816
C00 349.982 74.88848716761466
C00 374.975 80.85156980784934
C00 400.019 86.5312030238873
C00 424.965 88.26310781451618
C00 450.035 90.13415063970072
C00 475.003 91.43093576723449
C00 500.018 93.78895407177593
C00 525.002 95.83937553399697
C00 550.029 96.5441821212759
C00 575.023 98.3684889941679
C00 599.982 99.03231374492871
C00 619.997 99.08601882548986
C00 624.979 99.13018720420976
C00 650.012 99.87604440229894
C00 675.004 99.57415582622485
C00 700.03 99.630069325722
C00 725.012 98.88228644745332
C00 750.022 98.95055639476882
C00 774.987 98.27543737692359
C00 799.976 97.31804573943575
C00 824.988 95.58284742437293
C00 850.022 93.40576664082279
C00 869.967 90.28125120896681
C00 875.002 88.924739429517
C00 899.999 82.1673595647735
C00 919.999 74.05404103968122
C00 925.012 71.62329010042421
C00 949.965 57.58493640181806
C00 975.002 42.699134413272965
C00 999.976 25.93972966755868
C00 1025.028 11.234820305675298
C00 1050.014 3.995758194072224
C00 1075.002 0.942697086204508
C00 1099.99 0.09353353885519602
C01 319.994 44.24320514972805
C01 324.969 49.97160698047023
C01 349.982 75.14712435553051
C01 374.975 81.04260186660692
C01 400.019 86.61421359448147
C01 424.965 88.29920667629347
C01 450.035 90.1480659714739
C01 475.003 91.43145539521943
C01 500.018 93.77161530857258
C01 525.002 95.81604576579076
C01 550.029 96.50859524589552
C01 575.023 98.3356454488845
C01 599.982 98.995435441174
C01 619.997 99.04117798702475
C01 624.979 99.08177774414219
C01 650.012 99.82667974372966
C01 675.004 99.531668596868
C01 700.03 99.59797465606394
C01 725.012 98.89981625035703
C01 750.022 99.0412085533768
C01 774.987 98.43604063221011
C01 799.976 97.50372104499563
C01 824.988 95.7477376105352
C01 850.022 93.58276110239895
C01 869.967 90.45882643123203
C01 875.002 89.10004510014211
C01 899.999 82.24444790465695
C01 919.999 74.06717692947699
C01 925.012 71.62872326950203
C01 949.965 57.621654232224486
C01 975.002 42.787501737064815
C01 999.976 25.94431844116098
C01 1025.028 11.191524023187478
C01 1050.014 3.9586728510422646
C01 1075.002 0.9435607232521708
C01 1099.99 0.09361922812965807
C02 319.994 44.45618767005532
C02 324.969 50.21096826262121
C02 349.982 75.45103031084025
C02 374.975 81.28625390042765
C02 400.019 86.76197134031675
C02 424.965 88.40244453036021
C02 450.035 90.237128679775
C02 475.003 91.50249923898394
C02 500.018 93.83259518092288
C02 525.002 95.87670469144449
C02 550.029 96.56632744333996
C02 575.023 98.38829599029974
C02 599.982 99.03941278019356
C02 619.997 99.08377984020181
C02 624.979 99.12498328277235
C02 650.012 99.86552193560391
C02 675.004 99.57168759329639
C02 700.03 99.63893356781803
C02 725.012 98.94946364768285
C02 750.022 99.10092756370483
C02 774.987 98.50829184688081
C02 799.976 97.58553188627161
C02 824.988 95.81943098928089
C02 850.022 93.66639064162223
C02 869.967 90.51910327748506
C02 875.002 89.14989117875628
C02 899.999 82.26841956625631
C02 919.999 74.13102239733247
C02 925.012 71.66489090557145
C02 949.965 57.58330874357112
C02 975.002 42.83267498460853
C02 999.976 26.044146236576562
C02 1025.028 11.241765553981361
C02 1050.014 3.948948452695424
C02 1075.002 0.9441296631065376
C02 1099.99 0.09367567781933404
C03 319.994 44.68772396608015
C03 324.969 50.47192085170525
C03 349.982 75.76885159792316
C03 374.975 81.51272764439332
C03 400.019 86.89494261334528
C03 424.965 88.48578368923897
C03 450.035 90.30695751104531
C03 475.003 91.55861141976945
C03 500.018 93.88232663571684
C03 525.002 95.91699114345337
C03 550.029 96.6023422476491
C03 575.023 98.41456012830325
C03 599.982 99.06022846594321
C03 619.997 99.0942793821328
C03 624.979 99.14002956957157
C03 650.012 99.87039726875673
C03 675.004 99.57125966436762
C03 700.03 99.63110094010386
C03 725.012 98.92357394749202
C03 750.022 99.05272442651363
C03 774.987 98.44125983682355
C03 799.976 97.5059141807556
C03 824.988 95.73632107804255
C03 850.022 93.57794690195024
C03 869.967 90.43353277490628
C03 875.002 89.07981781666952
C03 899.999 82.16804730769475
C03 919.999 73.97483597991794
C03 925.012 71.47527254059646
C03 949.965 57.45766575344784
C03 975.002 42.8797051380396
C03 999.976 26.06446712950232
C03 1025.028 11.261243006630094
C03 1050.014 3.9177354312544623
C03 1075.002 0.943670434679484
C03 1099.99 0.09363011359668628
C04 319.994 45.00721111935007
C04 324.969 50.83157219157582
C04 349.982 76.23785406227155
C04 374.975 81.87670412307973
C04 400.019 87.1703683701275
C04 424.965 88.72725022888775
C04 450.035 90.53020650486916
C04 475.003 91.78137899354842
C04 500.018 94.10227446351871
C04 525.002 96.13003097569074
C04 550.029 96.81214204656861
C04 575.023 98.62090592944051
C04 599.982 99.2609042087742
C04 619.997 99.292846046672
C04 624.979 99.33405713083054
C04 650.012 100.05970232862316
C04 675.004 99.75091339857259
C04 700.03 99.7956931043336
C04 725.012 99.0569655078613
C04 750.022 99.14783163093367
C04 774.987 98.49659257563164
C04 799.976 97.54823329517615
C04 824.988 95.76781970383553
C04 850.022 93.58034636058659
C04 869.967 90.50798476692495
C04 875.002 89.17003440476071
C04 899.999 82.12695848894441
C04 919.999 73.87225530242038
C04 925.012 71.37923306243873
C04 949.965 57.55623077644414
C04 975.002 42.94641238060627
C04 999.976 26.06252616614681
C04 1025.028 11.235512824589051
C04 1050.014 3.8724879170272386
C04 1075.002 0.9445765171858934
C04 1099.99 0.09372001427057132
C05 319.994 45.298447321732894
C05 324.969 51.15917471131643
C05 349.982 76.66578299104563
C05 374.975 82.2217065387278
C05 400.019 87.42684298863544
C05 424.965 88.95078960305612
C05 450.035 90.74352143427502
C05 475.003 91.98248266530818
C05 500.018 94.3028890736456
C05 525.002 96.33040105500119
C05 550.029 97.0057340373108
C05 575.023 98.81321413339639
C05 599.982 99.45077474615367
C05 619.997 99.47540358432222
C05 624.979 99.51570531950712
C05 650.012 100.24102957060317
C05 675.004 99.92300196064389
C05 700.03 99.95085554895427
C05 725.012 99.17819166011259
C05 750.022 99.22486647970102
C05 774.987 98.53103321280994
C05 799.976 97.5714331563861
C05 824.988 95.78168918608061
C05 850.022 93.60078760852356
C05 869.967 90.60543029727722
C05 875.002 89.23732622881045
C05 899.999 82.03138514765553
C05 919.999 73.92475301207536
C05 925.012 71.48139345259553
C05 949.965 57.74968903939609
C05 975.002 42.84565804264401
C05 999.976 25.984276304885263
C05 1025.028 11.15100927873669
C05 1050.014 3.8671956397284153
C05 1075.002 0.9453104253784244
C05 1099.99 0.09379283196720666
C06 319.994 45.46271089767803
C06 324.969 51.346332484950985
C06 349.982 76.88102360063098
C06 374.975 82.36100504663179
C06 400.019 87.49656483767356
C06 424.965 88.99565336628528
C06 450.035 90.77777867334099
C06 475.003 92.01534149376762
C06 500.018 94.33161380298957
C06 525.002 96.35380723908753
C06 550.029 97.02628226747997
C06 575.023 98.82817636272745
C06 599.982 99.46104504044425
C06 619.997 99.48251790276309
C06 624.979 99.5204431040757
C06 650.012 100.2387829437271
C06 675.004 99.91662123465234
C06 700.03 99.93354735210296
C06 725.012 99.12734453346862
C06 750.022 99.13199826056903
C06 774.987 98.39961318214822
C06 799.976 97.42726695691732
C06 824.988 95.64406418595166
C06 850.022 93.50120243352742
C06 869.967 90.49111978217844
C06 875.002 89.11657385501601
C06 899.999 81.87846932991093
C06 919.999 74.0283194544267
C06 925.012 71.60242092355846
C06 949.965 57.733251983578356
C06 975.002 42.73825170231572
C06 999.976 25.860192198716803
C06 1025.028 11.110903359244643
C06 1050.014 3.89551082771476
C06 1075.002 0.9444256753453543
C06 1099.99 0.09370504788172859
C07 319.994 45.6133380598125
C07 324.969 51.52154645651993
C07 349.982 77.07781741675096
C07 374.975 82.43169737734766
C07 400.019 87.51691438655438
C07 424.965 89.00337901176725
C07 450.035 90.78637545985654
C07 475.003 92.0258868852267
C07 500.018 94.34715679300967
C07 525.002 96.37589907003549
C07 550.029 97.0409388332905
C07 575.023 98.8421910351448
C07 599.982 99.4723469491167
C07 619.997 99.48700351492721
C07 624.979 99.52714477676382
C07 650.012 100.23934842124014
C07 675.004 99.91168476879541
C07 700.03 99.91137146368685
C07 725.012 99.07821676412775
C07 750.022 99.04907938903104
C07 774.987 98.28559304739396
C07 799.976 97.29211018971684
C07 824.988 95.53769328079925
C07 850.022 93.42458023051282
C07 869.967 90.37774918240537
C07 875.002 88.9859943990358
C07 899.999 81.90783595264804
C07 919.999 74.17239395483931
C07 925.012 71.79267354033861
C07 949.965 57.541723221599895
C07 975.002 42.62468624204829
C07 999.976 25.879363032646484
C07 1025.028 11.153455542099616
C07 1050.014 3.935297710907231
C07 1075.002 0.9436361808260411
C07 1099.99 0.09362671496081605
C10 319.994 43.18844439776808
C10 324.969 48.77739106805199
C10 349.982 73.08840412872647
C10 374.975 79.04500670232544
C10 400.019 85.5987000385605
C10 424.965 87.78582951034882
C10 450.035 89.9138971483783
C10 475.003 91.36022815334259
C10 500.018 93.80685067090431
C10 525.002 95.92122458321303
C10 550.029 96.65808763220994
C10 575.023 98.51203622500758
C10 599.982 99.18652863263567
C10 619.997 99.234250349782
C10 624.979 99.27847986120601
C10 650.012 100.02630858900277
C10 675.004 99.72654437439651
C10 700.03 99.7717061595582
C10 725.012 99.00734867688755
C10 750.022 99.06550116167274
C10 774.987 98.3877763623148
C10 799.976 97.44482732617308
C10 824.988 95.71321291588875
C10 850.022 93.61260914518094
C10 869.967 90.60709616346423
C10 875.002 89.22353316244549
C10 899.999 82.22168361396376
C10 919.999 74.40969582902056
C10 925.012 71.85240019225465
C10 949.965 57.90099630286379
C10 975.002 42.91125725494867
C10 999.976 26.057899184604437
C10 1025.028 11.27842798287468
C10 1050.014 3.994228204872081
C10 1075.002 0.9437921595727459
C10 1099.99 0.09364219102876936
C11 319.994 43.36627943402577
C11 324.969 48.97666457948246
C11 349.982 73.3485772758331
C11 374.975 79.2384152949553
C11 400.019 85.65008971795345
C11 424.965 87.769354246591
C11 450.035 89.86541127243059
C11 475.003 91.29368520491822
C11 500.018 93.72781372607734
C11 525.002 95.83262801178076
C11 550.029 96.5654639438944
C11 575.023 98.40913460081343
C11 599.982 99.0737617183157
C11 619.997 99.12162862563427
C11 624.979 99.16650767203946
C11 650.012 99.9085287929457
C11 675.004 99.61314320827138
C11 700.03 99.67270938683913
C11 725.012 98.96299690005533
C11 750.022 99.09269757341394
C11 774.987 98.4809196786153
C11 799.976 97.56372279408016
C11 824.988 95.80414781325324
C11 850.022 93.72251046399575
C11 869.967 90.75000914249875
C11 875.002 89.34602781830708
C11 899.999 82.19192727023794
C11 919.999 74.22328693101137
C11 925.012 71.8104707988228
C11 949.965 57.90782788254815
C11 975.002 42.8614073555405
C11 999.976 26.067705252423178
C11 1025.028 11.168216224546818
C11 1050.014 3.9479977913865794
C11 1075.002 0.9440512568733365
C11 1099.99 0.09366789842490615
C12 319.994 43.65597585642381
C12 324.969 49.30314760657904
C12 349.982 73.82081213191132
C12 374.975 79.65760224704157
C12 400.019 85.90698462380215
C12 424.965 87.94651682310348
C12 450.035 90.00558092136815
C12 475.003 91.40942469697558
C12 500.018 93.82989005876598
C12 525.002 95.92664246911482
C12 550.029 96.64992641621119
C12 575.023 98.490716194449
C12 599.982 99.15522104654303
C12 619.997 99.2000313186561
C12 624.979 99.24176203079959
C12 650.012 99.98336286436508
C12 675.004 99.68780152316643
C12 700.03 99.74873554598865
C12 725.012 99.0505542155177
C12 750.022 99.19242029699433
C12 774.987 98.59545179976647
C12 799.976 97.68449809263863
C12 824.988 95.91385045077969
C12 850.022 93.84058828198533
C12 869.967 90.80363780717977
C12 875.002 89.50343688980381
C12 899.999 82.35428044917963
C12 919.999 74.08648722238792
C12 925.012 71.75495466190237
C12 949.965 57.6442733327454
C12 975.002 43.099347302320915
C12 999.976 26.038267944996928
C12 1025.028 11.18594184314338
C12 1050.014 3.905251942035381
C12 1075.002 0.945001310091657
C12 1099.99 0.09376216183243198
C13 319.994 43.823957064937666
C13 324.969 49.48962527888036
C13 349.982 74.05580624651242
C13 374.975 79.83069949873068
C13 400.019 86.01344722801073
C13 424.965 88.01390798779738
C13 450.035 90.05172082979561
C13 475.003 91.44210012732269
C13 500.018 93.8507974435718
C13 525.002 95.93981656685065
C13 550.029 96.65302125935678
C13 575.023 98.48652860421744
C13 599.982 99.1458601012261
C13 619.997 99.18351784695822
C13 624.979 99.22880189752814
C13 650.012 99.96781223275694
C13 675.004 99.66350127328248
C13 700.03 99.71693125667512
C13 725.012 99.00010445145045
C13 750.022 99.12146815228598
C13 774.987 98.50849816975717
C13 799.976 97.58807653508022
C13 824.988 95.82597218862072
C13 850.022 93.73720523774632
C13 869.967 90.7724219201433
C13 875.002 89.40084092913023
C13 899.999 82.21919245627126
C13 919.999 74.13328430738457
C13 925.012 71.68349817238511
C13 949.965 57.807726900361075
C13 975.002 42.94644294695832
C13 999.976 26.003577045811173
C13 1025.028 11.17270661270344
C13 1050.014 3.905822434340538
C13 1075.002 0.94432535294809
C13 1099.99 0.09369509398563632
C14 319.994 44.08834454783392
C14 324.969 49.78797197891004
C14 349.982 74.45634772384496
C14 374.975 80.12338760283613
C14 400.019 86.15856098439323
C14 424.965 88.09984528660084
C14 450.035 90.1064957326787
C14 475.003 91.48017051880755
C14 500.018 93.87590770178522
C14 525.002 95.95829392666808
C14 550.029 96.66509496841863
C14 575.023 98.49287876385692
C14 599.982 99.14440055791546
C14 619.997 99.17926912402254
C14 624.979 99.22035794277286
C14 650.012 99.94877703701451
C14 675.004 99.64126425216224
C14 700.03 99.68362921611089
C14 725.012 98.9330800829812
C14 750.022 99.02011012887064
C14 774.987 98.37275300027963
C14 799.976 97.44547686115426
C14 824.988 95.68196646250023
C14 850.022 93.61729343863342
C14 869.967 90.60207564013915
C14 875.002 89.33505449791923
C14 899.999 82.20960226331391
C14 919.999 73.89720508728551
C14 925.012 71.70176156773816
C14 949.965 57.42178467692894
C14 975.002 42.779905998579075
C14 999.976 26.020940644175585
C14 1025.028 11.08765000691858
C14 1050.014 3.908403619491832
C14 1075.002 0.9433597207973664
C14 1099.99 0.09359928485074956
C15 319.994 44.43968948153348
C15 324.969 50.185961165845974
C15 349.982 74.99887754806235
C15 374.975 80.59090759910984
C15 400.019 86.500629030244
C15 424.965 88.38714607115654
C15 450.035 90.37327121182926
C15 475.003 91.73841034414669
C15 500.018 94.12932568508764
C15 525.002 96.2061870418365
C15 550.029 96.90841077236676
C15 575.023 98.73177008834506
C15 599.982 99.37767531521344
C15 619.997 99.40570466004814
C15 624.979 99.44505883831933
C15 650.012 100.17587739119732
C15 675.004 99.85667297668391
C15 700.03 99.8801708598264
C15 725.012 99.09975840073871
C15 750.022 99.14093127695719
C15 774.987 98.44934463694217
C15 799.976 97.50289575349012
C15 824.988 95.75005301170339
C15 850.022 93.71257639957777
C15 869.967 90.7383098712496
C15 875.002 89.36830304736736
C15 899.999 82.16124629436244
C15 919.999 74.16218479325285
C15 925.012 71.93407348494638
C15 949.965 57.722752441647366
C15 975.002 42.61489354700858
C15 999.976 26.0005509769577
C15 1025.028 11.077832476717822
C15 1050.014 3.9301296094136324
C15 1075.002 0.944510778948301
C15 1099.99 0.09371349178302989
C16 319.994 44.65235487595817
C16 324.969 50.42548292134525
C16 349.982 75.29670079931309
C16 374.975 80.81385857100113
C16 400.019 86.65631874443763
C16 424.965 88.51760326172852
C16 450.035 90.49520039017783
C16 475.003 91.85718354664553
C16 500.018 94.24822879458273
C16 525.002 96.32178898530961
C16 550.029 97.01836558229766
C16 575.023 98.83892807706289
C16 599.982 99.48251026117508
C16 619.997 99.50720787363575
C16 624.979 99.5448809025439
C16 650.012 100.26963967612693
C16 675.004 99.94399340291785
C16 700.03 99.9550737055379
C16 725.012 99.13725567312254
C16 750.022 99.13996079527944
C16 774.987 98.41374247838577
C16 799.976 97.45213268431431
C16 824.988 95.70431810744066
C16 850.022 93.69484791538571
C16 869.967 90.69064164521936
C16 875.002 89.3251509998533
C16 899.999 82.15076967719548
C16 919.999 74.33655054855225
C16 925.012 71.98828291031644
C16 949.965 57.72789140958666
C16 975.002 42.791024509139184
C16 999.976 25.914644244506302
C16 1025.028 11.106719589807074
C16 1050.014 3.947324615242487
C16 1075.002 0.9445015340651722
C16 1099.99 0.09371257451421897
C17 319.994 44.849618649741004
C17 324.969 50.6501761753037
C17 349.982 75.55107398111723
C17 374.975 80.97366710113421
C17 400.019 86.80448913602565
C17 424.965 88.67116861445432
C17 450.035 90.66362099000249
C17 475.003 92.0319619476977
C17 500.018 94.43164983167851
C17 525.002 96.5089696837082
C17 550.029 97.20807564632882
C17 575.023 99.03120571466671
C17 599.982 99.66716923552912
C17 619.997 99.68653301955614
C17 624.979 99.72794278500304
C17 650.012 100.4433253300931
C17 675.004 100.11131361406852
C17 700.03 100.10999926093015
C17 725.012 99.26304385341808
C17 750.022 99.22961954744562
C17 774.987 98.46300779631089
C17 799.976 97.4857938795152
C17 824.988 95.75169595312636
C17 850.022 93.7677639482136
C17 869.967 90.71481198810709
C17 875.002 89.34440780164815
C17 899.999 82.33364051995429
C17 919.999 74.42826488789416
C17 925.012 72.09907065334086
C17 949.965 57.768414750823965
C17 975.002 42.790172472075646
C17 999.976 25.973988817021652
C17 1025.028 11.150557469845374
C17 1050.014 3.9658167806366875
C17 1075.002 0.9453562443048427
C17 1099.99 0.0937973780789929
