lsstCam/transmission_sensor/r24_s10/19700101T000000.ecsv
# %ECSV 1.0
# ---
# datatype:
# - {name: amp_name, datatype: string}
# - {name: wavelength, unit: nm, datatype: float32}
# - {name: efficiency, unit: '%', datatype: float64}
# meta: !!omap
# - {MODE: AMP}
# - {TYPE: transmission_sensor}
# - {CALIBDATE: '1970-01-01T00:00:00'}
# - {INSTRUME: LSSTCAM}
# - {OBSTYPE: transmission_sensor}
# - {DETECTOR: 111}
# - {PARQUETFILE: qe_raft_allvalues_nircorrected_20230725.parquet}
# - {CALIBCLS: lsst.ip.isr.IntermediateSensorTransmissionCurve}
# - {CALIB_ID: 'raftName=R24 detectorName=S10 detector=111 calibDate=1970-01-01T00:00:00 ccd=111 ccdnum=111 filter=None'}
# - {DATE: '2024-01-18T22:42:25.368665'}
# - {CALIB_CREATION_DATE: '2024-01-18'}
# - {CALIB_CREATION_TIME: '22:42:25'}
# - __serialized_columns__:
#     efficiency:
#       __class__: astropy.units.quantity.Quantity
#       unit: !astropy.units.Unit {unit: '%'}
#       value: !astropy.table.SerializedColumn {name: efficiency}
#     wavelength:
#       __class__: astropy.units.quantity.Quantity
#       unit: !astropy.units.Unit {unit: nm}
#       value: !astropy.table.SerializedColumn {name: wavelength}
# schema: astropy-2.0
amp_name wavelength efficiency
C00 319.994 43.98794937133789
C00 324.969 49.687618255615234
C00 349.982 74.76898956298828
C00 374.975 80.7225570678711
C00 400.019 86.39312744140625
C00 424.965 88.12226867675781
C00 450.035 89.99032592773438
C00 475.003 91.28504180908203
C00 500.018 93.63929748535156
C00 525.002 95.68644714355469
C00 550.029 96.39012908935547
C00 575.023 98.2115249633789
C00 599.982 98.8742904663086
C00 619.997 98.92790985107422
C00 624.979 98.97200775146484
C00 650.012 99.7166748046875
C00 675.004 99.41526794433594
C00 700.03 99.4710922241211
C00 725.012 98.72450256347656
C00 750.022 98.79266357421875
C00 774.987 98.11862182617188
C00 799.976 97.16275787353516
C00 824.988 95.43032836914062
C00 850.022 93.25672149658203
C00 869.967 90.13719177246094
C00 875.002 88.78284454345703
C00 899.999 82.03624725341797
C00 919.999 73.93587493896484
C00 925.012 71.50900268554688
C00 949.965 57.49304962158203
C00 975.002 42.63100051879883
C00 999.976 25.898338317871094
C00 1025.028 11.216893196105957
C00 1050.014 3.989382266998291
C00 1075.002 0.9411928490653924
C00 1099.99 0.09338428982816724
C01 319.994 44.172607421875
C01 324.969 49.891868591308594
C01 349.982 75.02721405029297
C01 374.975 80.91328430175781
C01 400.019 86.47600555419922
C01 424.965 88.15830993652344
C01 450.035 90.00421905517578
C01 475.003 91.28556060791016
C01 500.018 93.62198638916016
C01 525.002 95.66315460205078
C01 550.029 96.35459899902344
C01 575.023 98.1787338256836
C01 599.982 98.83747100830078
C01 619.997 98.88314056396484
C01 624.979 98.92367553710938
C01 650.012 99.66738891601562
C01 675.004 99.37284851074219
C01 700.03 99.43904876708984
C01 725.012 98.74200439453125
C01 750.022 98.88317108154297
C01 774.987 98.27896881103516
C01 799.976 97.34813690185547
C01 824.988 95.59495544433594
C01 850.022 93.43343353271484
C01 869.967 90.31448364257812
C01 875.002 88.95787048339844
C01 899.999 82.11321258544922
C01 919.999 73.94898986816406
C01 925.012 71.5144271850586
C01 949.965 57.52970886230469
C01 975.002 42.7192268371582
C01 999.976 25.90291976928711
C01 1025.028 11.173666000366211
C01 1050.014 3.9523561000823975
C01 1075.002 0.9420551080299564
C01 1099.99 0.09346984237049025
C02 319.994 44.385250091552734
C02 324.969 50.1308479309082
C02 349.982 75.33063507080078
C02 374.975 81.15654754638672
C02 400.019 86.62352752685547
C02 424.965 88.26138305664062
C02 450.035 90.0931396484375
C02 475.003 91.35649108886719
C02 500.018 93.68286895751953
C02 525.002 95.72371673583984
C02 550.029 96.41223907470703
C02 575.023 98.2313003540039
C02 599.982 98.88137817382812
C02 619.997 98.92567443847656
C02 624.979 98.96681213378906
C02 650.012 99.70616912841797
C02 675.004 99.41280364990234
C02 700.03 99.47994232177734
C02 725.012 98.79157257080078
C02 750.022 98.94279479980469
C02 774.987 98.35110473632812
C02 799.976 97.42981719970703
C02 824.988 95.66653442382812
C02 850.022 93.51692962646484
C02 869.967 90.37466430664062
C02 875.002 89.00763702392578
C02 899.999 82.13714599609375
C02 919.999 74.01273345947266
C02 925.012 71.550537109375
C02 949.965 57.491424560546875
C02 975.002 42.76432800292969
C02 999.976 26.002588272094727
C02 1025.028 11.223827362060547
C02 1050.014 3.9426472187042236
C02 1075.002 0.942623140041845
C02 1099.99 0.09352620198486955
C03 319.994 44.616416931152344
C03 324.969 50.39138412475586
C03 349.982 75.64794921875
C03 374.975 81.38265991210938
C03 400.019 86.75628662109375
C03 424.965 88.34458923339844
C03 450.035 90.16285705566406
C03 475.003 91.41251373291016
C03 500.018 93.7325210571289
C03 525.002 95.7639389038086
C03 550.029 96.44819641113281
C03 575.023 98.25752258300781
C03 599.982 98.90216064453125
C03 619.997 98.9361572265625
C03 624.979 98.9818344116211
C03 650.012 99.7110366821289
C03 675.004 99.4123764038086
C03 700.03 99.47212219238281
C03 725.012 98.7657241821289
C03 750.022 98.89466857910156
C03 774.987 98.2841796875
C03 799.976 97.35032653808594
C03 824.988 95.58355712890625
C03 850.022 93.42862701416016
C03 869.967 90.28923034667969
C03 875.002 88.93767547607422
C03 899.999 82.03693389892578
C03 919.999 73.85679626464844
C03 925.012 71.36122131347656
C03 949.965 57.36598205566406
C03 975.002 42.811283111572266
C03 999.976 26.022876739501953
C03 1025.028 11.243273735046387
C03 1050.014 3.9114840030670166
C03 1075.002 0.9421646443936081
C03 1099.99 0.09348071046786278
C04 319.994 44.935394287109375
C04 324.969 50.75046157836914
C04 349.982 76.11620330810547
C04 374.975 81.74605560302734
C04 400.019 87.0312728881836
C04 424.965 88.5856704711914
C04 450.035 90.38574981689453
C04 475.003 91.63492584228516
C04 500.018 93.95211791992188
C04 525.002 95.97663879394531
C04 550.029 96.65766143798828
C04 575.023 98.46353912353516
C04 599.982 99.1025161743164
C04 619.997 99.13440704345703
C04 624.979 99.17555236816406
C04 650.012 99.90003967285156
C04 675.004 99.59174346923828
C04 700.03 99.6364517211914
C04 725.012 98.8989028930664
C04 750.022 98.9896240234375
C04 774.987 98.33942413330078
C04 799.976 97.392578125
C04 824.988 95.61500549316406
C04 850.022 93.43102264404297
C04 869.967 90.36356353759766
C04 875.002 89.02774810791016
C04 899.999 81.99591064453125
C04 919.999 73.75437927246094
C04 925.012 71.26533508300781
C04 949.965 57.46438980102539
C04 975.002 42.87788391113281
C04 999.976 26.020938873291016
C04 1025.028 11.217584609985352
C04 1050.014 3.8663086891174316
C04 1075.002 0.9430692810878079
C04 1099.99 0.09357046768958863
C05 319.994 45.226165771484375
C05 324.969 51.07754135131836
C05 349.982 76.54344940185547
C05 374.975 82.09050750732422
C05 400.019 87.28733825683594
C05 424.965 88.80885314941406
C05 450.035 90.59872436523438
C05 475.003 91.83570861816406
C05 500.018 94.15241241455078
C05 525.002 96.17668914794922
C05 550.029 96.85094451904297
C05 575.023 98.6555404663086
C05 599.982 99.29208374023438
C05 619.997 99.3166732788086
C05 624.979 99.3569107055664
C05 650.012 100.0810775756836
C05 675.004 99.76355743408203
C05 700.03 99.79136657714844
C05 725.012 99.01993560791016
C05 750.022 99.06653594970703
C05 774.987 98.37380981445312
C05 799.976 97.41574096679688
C05 824.988 95.62885284423828
C05 850.022 93.45143127441406
C05 869.967 90.46085357666016
C05 875.002 89.09493255615234
C05 899.999 81.9004898071289
C05 919.999 73.80679321289062
C05 925.012 71.3673324584961
C05 949.965 57.65753936767578
C05 975.002 42.77729034423828
C05 999.976 25.942813873291016
C05 1025.028 11.13321590423584
C05 1050.014 3.861024856567383
C05 1075.002 0.9438020182021887
C05 1099.99 0.09364316919292574
C06 319.994 45.390167236328125
C06 324.969 51.264400482177734
C06 349.982 76.75834655761719
C06 374.975 82.22958374023438
C06 400.019 87.35694885253906
C06 424.965 88.85364532470703
C06 450.035 90.63292694091797
C06 475.003 91.86851501464844
C06 500.018 94.18109130859375
C06 525.002 96.20005798339844
C06 550.029 96.8714599609375
C06 575.023 98.67047882080078
C06 599.982 99.30233764648438
C06 619.997 99.32377624511719
C06 624.979 99.36164093017578
C06 650.012 100.0788345336914
C06 675.004 99.75718688964844
C06 700.03 99.77408599853516
C06 725.012 98.96916961669922
C06 750.022 98.97381591796875
C06 774.987 98.24259948730469
C06 799.976 97.27180480957031
C06 824.988 95.49144744873047
C06 850.022 93.35200500488281
C06 869.967 90.34672546386719
C06 875.002 88.97437286376953
C06 899.999 81.74781799316406
C06 919.999 73.91019439697266
C06 925.012 71.48816680908203
C06 949.965 57.64112854003906
C06 975.002 42.6700553894043
C06 999.976 25.818927764892578
C06 1025.028 11.09317398071289
C06 1050.014 3.8892948627471924
C06 1075.002 0.9429186799416572
C06 1099.99 0.093555525182222
C07 319.994 45.54055404663086
C07 324.969 51.439334869384766
C07 349.982 76.95482635498047
C07 374.975 82.30016326904297
C07 400.019 87.37726593017578
C07 424.965 88.86135864257812
C07 450.035 90.64151000976562
C07 475.003 91.87904357910156
C07 500.018 94.19660949707031
C07 525.002 96.22211456298828
C07 550.029 96.88609313964844
C07 575.023 98.6844711303711
C07 599.982 99.3136215209961
C07 619.997 99.32825469970703
C07 624.979 99.36833190917969
C07 650.012 100.07939910888672
C07 675.004 99.75225830078125
C07 700.03 99.75194549560547
C07 725.012 98.92012023925781
C07 750.022 98.89102935791016
C07 774.987 98.1287612915039
C07 799.976 97.1368637084961
C07 824.988 95.38524627685547
C07 850.022 93.27550506591797
C07 869.967 90.23353576660156
C07 875.002 88.84400177001953
C07 899.999 81.77713775634766
C07 919.999 74.05403900146484
C07 925.012 71.67811584472656
C07 949.965 57.44990539550781
C07 975.002 42.556671142578125
C07 999.976 25.83806800842285
C07 1025.028 11.135658264160156
C07 1050.014 3.929018259048462
C07 1075.002 0.9421304451981453
C07 1099.99 0.09347731725510712
C10 319.994 43.119529724121094
C10 324.969 48.69955825805664
C10 349.982 72.9717788696289
C10 374.975 78.91887664794922
C10 400.019 85.46211242675781
C10 424.965 87.645751953125
C10 450.035 89.77042388916016
C10 475.003 91.21444702148438
C10 500.018 93.65716552734375
C10 525.002 95.7681655883789
C10 550.029 96.50385284423828
C10 575.023 98.35484313964844
C10 599.982 99.02825927734375
C10 619.997 99.0759048461914
C10 624.979 99.12006378173828
C10 650.012 99.86669921875
C10 675.004 99.56741333007812
C10 700.03 99.61250305175781
C10 725.012 98.849365234375
C10 750.022 98.90742492675781
C10 774.987 98.23078155517578
C10 799.976 97.28933715820312
C10 824.988 95.56048583984375
C10 850.022 93.4632339477539
C10 869.967 90.46251678466797
C10 875.002 89.08116149902344
C10 899.999 82.09048461914062
C10 919.999 74.29096221923828
C10 925.012 71.73774719238281
C10 949.965 57.8086051940918
C10 975.002 42.8427848815918
C10 999.976 26.016319274902344
C10 1025.028 11.260431289672852
C10 1050.014 3.9878547191619873
C10 1075.002 0.9422861750536344
C10 1099.99 0.09349276862830268
C11 319.994 43.297080993652344
C11 324.969 48.89851379394531
C11 349.982 73.23153686523438
C11 374.975 79.11197662353516
C11 400.019 85.51342010498047
C11 424.965 87.62930297851562
C11 450.035 89.72201538085938
C11 475.003 91.14801025390625
C11 500.018 93.57825469970703
C11 525.002 95.6797103881836
C11 550.029 96.411376953125
C11 575.023 98.25210571289062
C11 599.982 98.9156723022461
C11 619.997 98.96346282958984
C11 624.979 99.00827026367188
C11 650.012 99.74910736083984
C11 675.004 99.45419311523438
C11 700.03 99.51366424560547
C11 725.012 98.80508422851562
C11 750.022 98.93457794189453
C11 774.987 98.32377624511719
C11 799.976 97.40804290771484
C11 824.988 95.65127563476562
C11 850.022 93.57295989990234
C11 869.967 90.6052017211914
C11 875.002 89.20346069335938
C11 899.999 82.06077575683594
C11 919.999 74.10485076904297
C11 925.012 71.69588470458984
C11 949.965 57.815425872802734
C11 975.002 42.79301452636719
C11 999.976 26.02610969543457
C11 1025.028 11.150395393371582
C11 1050.014 3.9416980743408203
C11 1075.002 0.9425448589194241
C11 1099.99 0.09351843500381833
C12 319.994 43.5863151550293
C12 324.969 49.2244758605957
C12 349.982 73.70301818847656
C12 374.975 79.5304946899414
C12 400.019 85.76990509033203
C12 424.965 87.80618286132812
C12 450.035 89.8619613647461
C12 475.003 91.26356506347656
C12 500.018 93.68016815185547
C12 525.002 95.77357482910156
C12 550.029 96.4957046508789
C12 575.023 98.33355712890625
C12 599.982 98.99700164794922
C12 619.997 99.04174041748047
C12 624.979 99.08340454101562
C12 650.012 99.82382202148438
C12 675.004 99.52873229980469
C12 700.03 99.58956909179688
C12 725.012 98.89250183105469
C12 750.022 99.03414154052734
C12 774.987 98.43812561035156
C12 799.976 97.52862548828125
C12 824.988 95.76080322265625
C12 850.022 93.69084930419922
C12 869.967 90.65874481201172
C12 875.002 89.3606185913086
C12 899.999 82.22286987304688
C12 919.999 73.96826934814453
C12 925.012 71.64045715332031
C12 949.965 57.55229187011719
C12 975.002 43.030574798583984
C12 999.976 25.996719360351562
C12 1025.028 11.168092727661133
C12 1050.014 3.8990204334259033
C12 1075.002 0.9434933961626175
C12 1099.99 0.09361254799768473
C13 319.994 43.7540283203125
C13 324.969 49.4106559753418
C13 349.982 73.93763732910156
C13 374.975 79.70331573486328
C13 400.019 85.8761978149414
C13 424.965 87.87346649169922
C13 450.035 89.90802764892578
C13 475.003 91.29618835449219
C13 500.018 93.70104217529297
C13 525.002 95.78672790527344
C13 550.029 96.49879455566406
C13 575.023 98.32937622070312
C13 599.982 98.98765563964844
C13 619.997 99.02525329589844
C13 624.979 99.07046508789062
C13 650.012 99.80829620361328
C13 675.004 99.50447082519531
C13 700.03 99.55781555175781
C13 725.012 98.84213256835938
C13 750.022 98.96330261230469
C13 774.987 98.35131072998047
C13 799.976 97.43235778808594
C13 824.988 95.67306518554688
C13 850.022 93.58763122558594
C13 869.967 90.62757873535156
C13 875.002 89.25818634033203
C13 899.999 82.08799743652344
C13 919.999 74.0149917602539
C13 925.012 71.5691146850586
C13 949.965 57.715484619140625
C13 975.002 42.87791442871094
C13 999.976 25.96208381652832
C13 1025.028 11.154878616333008
C13 1050.014 3.899590015411377
C13 1075.002 0.9428185176262242
C13 1099.99 0.09354558716930195
C14 319.994 44.01799392700195
C14 324.969 49.708526611328125
C14 349.982 74.33753967285156
C14 374.975 79.99553680419922
C14 400.019 86.02108001708984
C14 424.965 87.95926666259766
C14 450.035 89.96271514892578
C14 475.003 91.33419799804688
C14 500.018 93.72611236572266
C14 525.002 95.80517578125
C14 550.029 96.51084899902344
C14 575.023 98.3357162475586
C14 599.982 98.98619842529297
C14 619.997 99.02101135253906
C14 624.979 99.0620346069336
C14 650.012 99.78929138183594
C14 675.004 99.48226928710938
C14 700.03 99.52456665039062
C14 725.012 98.77521514892578
C14 750.022 98.86210632324219
C14 774.987 98.21578216552734
C14 799.976 97.28998565673828
C14 824.988 95.52928924560547
C14 850.022 93.46791076660156
C14 869.967 90.45750427246094
C14 875.002 89.1925048828125
C14 899.999 82.07842254638672
C14 919.999 73.77928924560547
C14 925.012 71.58734893798828
C14 949.965 57.33015823364258
C14 975.002 42.71164321899414
C14 999.976 25.979419708251953
C14 1025.028 11.069957733154297
C14 1050.014 3.9021670818328857
C14 1075.002 0.9418544263095237
C14 1099.99 0.09344993091455142
C15 319.994 44.368778228759766
C15 324.969 50.10588073730469
C15 349.982 74.87920379638672
C15 374.975 80.46231079101562
C15 400.019 86.36260223388672
C15 424.965 88.24610900878906
C15 450.035 90.22906494140625
C15 475.003 91.59202575683594
C15 500.018 93.9791259765625
C15 525.002 96.05267333984375
C15 550.029 96.75377655029297
C15 575.023 98.57422637939453
C15 599.982 99.21910095214844
C15 619.997 99.24708557128906
C15 624.979 99.286376953125
C15 650.012 100.01602935791016
C15 675.004 99.69733428955078
C15 700.03 99.72079467773438
C15 725.012 98.9416275024414
C15 750.022 98.98273468017578
C15 774.987 98.29225158691406
C15 799.976 97.3473129272461
C15 824.988 95.5972671508789
C15 850.022 93.56304168701172
C15 869.967 90.59352111816406
C15 875.002 89.22570037841797
C15 899.999 82.03014373779297
C15 919.999 74.0438461303711
C15 925.012 71.81929016113281
C15 949.965 57.630645751953125
C15 975.002 42.54689407348633
C15 999.976 25.959062576293945
C15 1025.028 11.060155868530273
C15 1050.014 3.923858404159546
C15 1075.002 0.9430036477470057
C15 1099.99 0.09356395560981035
C16 319.994 44.58110427856445
C16 324.969 50.34502029418945
C16 349.982 75.17655181884766
C16 374.975 80.68490600585938
C16 400.019 86.5180435180664
C16 424.965 88.37635803222656
C16 450.035 90.35079956054688
C16 475.003 91.71060943603516
C16 500.018 94.09783935546875
C16 525.002 96.1680908203125
C16 550.029 96.86355590820312
C16 575.023 98.68121337890625
C16 599.982 99.32376861572266
C16 619.997 99.34842681884766
C16 624.979 99.38603973388672
C16 650.012 100.1096420288086
C16 675.004 99.78451538085938
C16 700.03 99.79557800292969
C16 725.012 98.97906494140625
C16 750.022 98.98176574707031
C16 774.987 98.25670623779297
C16 799.976 97.296630859375
C16 824.988 95.55160522460938
C16 850.022 93.54534149169922
C16 869.967 90.54592895507812
C16 875.002 89.1826171875
C16 899.999 82.01968383789062
C16 919.999 74.21793365478516
C16 925.012 71.8734130859375
C16 949.965 57.63577651977539
C16 975.002 42.72274398803711
C16 999.976 25.873292922973633
C16 1025.028 11.088996887207031
C16 1050.014 3.941025972366333
C16 1075.002 0.9429944176156957
C16 1099.99 0.09356303980466132
C17 319.994 44.778053283691406
C17 324.969 50.56935501098633
C17 349.982 75.4305191040039
C17 374.975 80.8444595336914
C17 400.019 86.66597747802734
C17 424.965 88.52967834472656
C17 450.035 90.51895141601562
C17 475.003 91.8851089477539
C17 500.018 94.28096771240234
C17 525.002 96.35497283935547
C17 550.029 97.05296325683594
C17 575.023 98.87318420410156
C17 599.982 99.50813293457031
C17 619.997 99.5274658203125
C17 624.979 99.56880950927734
C17 650.012 100.28305053710938
C17 675.004 99.95156860351562
C17 700.03 99.95025634765625
C17 725.012 99.10465240478516
C17 750.022 99.07128143310547
C17 774.987 98.30589294433594
C17 799.976 97.33023834228516
C17 824.988 95.59890747070312
C17 850.022 93.6181411743164
C17 869.967 90.57006072998047
C17 875.002 89.20184326171875
C17 899.999 82.20226287841797
C17 919.999 74.30950164794922
C17 925.012 71.98402404785156
C17 949.965 57.67623519897461
C17 975.002 42.721893310546875
C17 999.976 25.93254280090332
C17 1025.028 11.13276481628418
C17 1050.014 3.9594886302948
C17 1075.002 0.9438477640165418
C17 1099.99 0.09364770805060005
