lsstCam/transmission_filter_detector/r23_s02/z_20/19700101T000000.ecsv
# %ECSV 1.0
# ---
# datatype:
# - {name: wavelength, unit: nm, datatype: float32}
# - {name: efficiency, unit: '%', datatype: float64}
# meta: !!omap
# - {MODE: DETECTOR}
# - {TYPE: transmission_filter_detector}
# - {CALIBDATE: '1970-01-01T00:00:00'}
# - {INSTRUME: LSSTCam}
# - {OBSTYPE: transmission_filter_detector}
# - {CALIBCLS: lsst.ip.isr.IntermediateFilterDetectorTransmissionCurve}
# - {SOURCE: Materion (DM-46256)}
# - {DETECTOR: 101}
# - {FILTER: z_20}
# - {CALIB_ID: 'calibDate=1970-01-01T00:00:00 filter=z_20 detector=101'}
# - {DATE: '2025-04-02T15:59:49.107009'}
# - {CALIB_CREATION_DATE: '2025-04-02'}
# - {CALIB_CREATION_TIME: '15:59:49'}
# - __serialized_columns__:
#     efficiency:
#       __class__: astropy.units.quantity.Quantity
#       unit: !astropy.units.Unit {unit: '%'}
#       value: !astropy.table.SerializedColumn {name: efficiency}
#     wavelength:
#       __class__: astropy.units.quantity.Quantity
#       unit: !astropy.units.Unit {unit: nm}
#       value: !astropy.table.SerializedColumn {name: wavelength}
# schema: astropy-2.0
wavelength efficiency
[from data line 597]
897.0 99.42588806152344
898.0 98.92947673797607
899.0 98.74855875968933
900.0 99.06642436981201
901.0 99.367356300354
902.0 99.24969673156738
903.0 98.75985383987427
904.0 98.12878370285034
905.0 98.54745268821716
906.0 98.37971329689026
907.0 98.78506660461426
908.0 98.31045866012573
909.0 98.21479916572571
910.0 98.33067655563354
911.0 97.14360237121582
912.0 95.92574834823608
913.0 94.94536519050598
914.0 92.84665584564209
915.0 90.46235084533691
916.0 88.13146352767944
917.0 86.90749406814575
918.0 83.29684138298035
919.0 82.27468729019165
920.0 79.34849262237549
921.0 75.48285722732544
922.0 71.06893062591553
923.0 65.64440131187439
924.0 60.13858914375305
925.0 54.707902669906616
926.0 48.573267459869385
927.0 41.60347878932953
928.0 35.882362723350525
929.0 29.33356761932373
930.0 23.879271745681763
931.0 18.656794726848602
932.0 13.280439376831055
933.0 8.98020714521408
934.0 5.81040121614933
935.0 3.543158993124962
936.0 2.057315781712532
937.0 1.1921311728656292
938.0 0.6974851712584496
939.0 0.5071091931313276
940.0 0.22298223339021206
941.0 0.19573010504245758
942.0 0.11810894357040524
943.0 0.02474068896844983
944.0 0.0848103198222816
945.0 0.09143946808762848
946.0 0.011199147411389276
947.0 1.6080531003992427e-10
948.0 1.6080531003992427e-10
949.0 0.13912443537265062
950.0 1.6080531003992427e-10
951.0 0.06438913405872881
952.0 1.6080531003992427e-10
953.0 1.6080531003992427e-10
954.0 0.06241106893867254
955.0 0.0014807791558268946
956.0 1.6080531003992427e-10
957.0 0.12778257951140404
958.0 0.008655995043227449
959.0 0.04560332163237035
960.0 1.6080531003992427e-10
961.0 0.03434196405578405
962.0 1.6080531003992427e-10
963.0 1.6080531003992427e-10
964.0 1.6080531003992427e-10
965.0 1.6080531003992427e-10
966.0 0.04117990902159363
967.0 0.07658068207092583
968.0 1.6080531003992427e-10
969.0 0.08330590790137649
970.0 1.6080531003992427e-10
971.0 1.6080531003992427e-10
972.0 1.6080531003992427e-10
973.0 1.6080531003992427e-10
974.0 0.02586496702861041
975.0 1.6080531003992427e-10
976.0 0.006540726462844759
977.0 0.006464181205956265
978.0 0.006387638131855056
979.0 0.0061937011196278036
980.0 0.005999762652209029
981.0 0.005857924043084495
982.0 0.005716085797757842
983.0 0.005642325049848296
984.0 0.005568565029534511
985.0 0.005364165554055944
986.0 0.005159765714779496
987.0 0.005091548882774077
988.0 0.005023331686970778
989.0 0.004975888441549614
990.0 0.00492844519612845
991.0 0.00498556146339979
992.0 0.00504267773067113
993.0 0.004951614391757175
994.0 0.004860550325247459
995.0 0.00479035334137734
996.0 0.004720155993709341
997.0 0.004511236693360843
998.0 0.004302317029214464
999.0 0.004321506276028231
1000.0 0.0043406955228419974
1001.0 0.004438341784407385
1002.0 0.004535988409770653
1003.0 0.004506116238189861
1004.0 0.00447624443040695
1005.0 0.004399109820951708
1006.0 0.004321975211496465
1007.0 0.004354590782895684
1008.0 0.004387206354294904
1009.0 0.004443617217475548
1010.0 0.004500028080656193
1011.0 0.004551882739178836
1012.0 0.0046037373977014795
1013.0 0.004455431917449459
1014.0 0.004307126437197439
1015.0 0.004490462742978707
1016.0 0.004673798684962094
1017.0 0.004839186658500694
1018.0 0.005004574632039294
1019.0 0.004829108729609288
1020.0 0.004653642463381402
1021.0 0.0047351357352454215
1022.0 0.00481662864331156
1023.0 0.00474194748676382
1024.0 0.00466726633021608
1025.0 0.004830789839616045
1026.0 0.004994313349016011
1027.0 0.004880571214016527
1028.0 0.004766828715219162
1029.0 0.004785791315953247
1030.0 0.004804754280485213
1031.0 0.004917907790513709
1032.0 0.005031061300542206
1033.0 0.005090722697786987
1034.0 0.005150384095031768
1035.0 0.005335338209988549
1036.0 0.00552029196114745
1037.0 0.0056031145504675806
1038.0 0.0056859367759898305
1039.0 0.005575619434239343
1040.0 0.005465302092488855
1041.0 0.005744943700847216
1042.0 0.006024585309205577
1043.0 0.005685407813871279
1044.0 0.005346230682334863
1045.0 0.005843176040798426
1046.0 0.006340121035464108
1047.0 0.006208765262272209
1048.0 0.006077409125282429
1049.0 0.006167548417579383
1050.0 0.006257688073674217
1051.0 0.006521296745631844
1052.0 0.006784906145185232
1053.0 0.006907097122166306
1054.0 0.007029289554338902
1055.0 0.0076554839324671775
1056.0 0.008281680493382737
1057.0 0.007989741425262764
1058.0 0.007697803812334314
1059.0 0.007791467214701697
1060.0 0.007885129161877558
1061.0 0.00856418555486016
1062.0 0.009243241947842762
1063.0 0.009223842789651826
1064.0 0.009204444359056652
1065.0 0.00937654112931341
1066.0 0.009548642265144736
1067.0 0.009803142893360928
1068.0 0.010057645704364404
1069.0 0.010692642536014318
1070.0 0.011327640095259994
1071.0 0.011025962157873437
1072.0 0.010724286403274164
1073.0 0.010948276030831039
1074.0 0.011172264930792153
1075.0 0.0116752038593404
1076.0 0.012178145698271692
1077.0 0.012244240497238934
1078.0 0.012310335296206176
1079.0 0.013430981198325753
1080.0 0.014551628555636853
1081.0 0.014484408893622458
1082.0 0.014417190686799586
1083.0 0.014092713536228985
1084.0 0.013768236385658383
1085.0 0.014705290959682316
1086.0 0.01564234698889777
1087.0 0.015817341045476496
1088.0 0.015992335102055222
1089.0 0.017204080359078944
1090.0 0.018415824160911143
1091.0 0.018091131641995162
1092.0 0.017766434757504612
1093.0 0.01792197144823149
1094.0 0.018077506683766842
1095.0 0.019047952082473785
1096.0 0.020018400391563773
1097.0 0.020224264881107956
1098.0 0.020430130825843662
1099.0 0.022511337010655552
1100.0 0.02459254174027592
1101.0 0.02456544025335461
1102.0 0.024538335856050253
1103.0 0.02568666823208332
1104.0 0.02683500060811639
1105.0 0.027282224618829787
1106.0 0.027729448629543185
1107.0 0.028669083258137107
1108.0 0.029608720797114074
1109.0 0.030502030858770013
1110.0 0.03139534092042595
1111.0 0.03115722502116114
1112.0 0.030919112032279372
1113.0 0.032570475013926625
1114.0 0.034221840905956924
1115.0 0.033978375722654164
1116.0 0.03373491344973445
1117.0 0.03443097521085292
1118.0 0.03512703697197139
1119.0 0.0391074747312814
1120.0 0.04308790958020836
1121.0 0.04430323897395283
1122.0 0.045518571278080344
1123.0 0.044764773338101804
1124.0 0.044010975398123264
1125.0 0.04528540011961013
1126.0 0.04655982775148004
1127.0 0.050197774544358253
1128.0 0.05383571842685342
1129.0 0.05575933610089123
1130.0 0.05768295959569514
1131.0 0.06014414830133319
1132.0 0.06260533118620515
1133.0 0.06454101530835032
1134.0 0.06647669360972941
1135.0 0.06587050156667829
1136.0 0.06526430370286107
1137.0 0.07191857439465821
1138.0 0.07857285672798753
1139.0 0.0821368710603565
1140.0 0.08570085628889501
1141.0 0.09595579467713833
1142.0 0.10621071560308337
1143.0 0.128667033277452
1144.0 0.15112331602722406
1145.0 0.29913741163909435
1146.0 0.447151530534029
1147.0 0.9507146663963795
1148.0 1.45427780225873
1149.0 1.6493475064635277
1150.0 1.8444182351231575
