lsstCam/transmission_filter_detector/r23_s02/z_20/19700101T000000.ecsv
# %ECSV 1.0
# ---
# datatype:
# - {name: wavelength, unit: nm, datatype: float32}
# - {name: efficiency, unit: '%', datatype: float64}
# meta: !!omap
# - {MODE: DETECTOR}
# - {TYPE: transmission_filter_detector}
# - {CALIBDATE: '1970-01-01T00:00:00'}
# - {INSTRUME: LSSTCam}
# - {OBSTYPE: transmission_filter_detector}
# - {CALIBCLS: lsst.ip.isr.IntermediateFilterDetectorTransmissionCurve}
# - {SOURCE: Materion (DM-46256)}
# - {DETECTOR: 101}
# - {FILTER: z_20}
# - {CALIB_ID: 'calibDate=1970-01-01T00:00:00 filter=z_20 detector=101'}
# - {DATE: '2025-04-02T15:59:49.107009'}
# - {CALIB_CREATION_DATE: '2025-04-02'}
# - {CALIB_CREATION_TIME: '15:59:49'}
# - __serialized_columns__:
#     efficiency:
#       __class__: astropy.units.quantity.Quantity
#       unit: !astropy.units.Unit {unit: '%'}
#       value: !astropy.table.SerializedColumn {name: efficiency}
#     wavelength:
#       __class__: astropy.units.quantity.Quantity
#       unit: !astropy.units.Unit {unit: nm}
#       value: !astropy.table.SerializedColumn {name: wavelength}
# schema: astropy-2.0
wavelength efficiency
300.0 0.7486816495656967
301.0 0.5259546916931868
302.0 0.30322782695293427
303.0 0.28305226005613804
304.0 0.2628766931593418
305.0 0.22573911119252443
306.0 0.1886014943011105
307.0 0.17187964404001832
308.0 0.1551578170619905
309.0 0.14119584811851382
310.0 0.12723389081656933
311.0 0.12352423509582877
312.0 0.11981461429968476
313.0 0.10851268889382482
314.0 0.09721078095026314
315.0 0.09110575192607939
316.0 0.08500071708112955
317.0 0.07511020521633327
318.0 0.06521970499306917
319.0 0.06668512942269444
320.0 0.06815055385231972
321.0 0.06518388981930912
322.0 0.06221722578629851
323.0 0.0563190842512995
324.0 0.05042094853706658
325.0 0.045534680248238146
326.0 0.040648411959409714
327.0 0.0396756426198408
328.0 0.03870287328027189
329.0 0.03543784259818494
330.0 0.032172814826481044
331.0 0.028957735048606992
332.0 0.02574265527073294
333.0 0.024855960509739816
334.0 0.023969262838363647
335.0 0.02252281119581312
336.0 0.02107635809807107
337.0 0.023905000125523657
338.0 0.026733637787401676
339.0 0.023484419216401875
340.0 0.02023520355578512
341.0 0.01810480171116069
342.0 0.015974402776919305
343.0 0.014909158926457167
344.0 0.01384391653118655
345.0 0.01346663193544373
346.0 0.013089344429317862
347.0 0.01221763959620148
348.0 0.011345935490680858
349.0 0.013177946675568819
350.0 0.015009958588052541
351.0 0.013196261716075242
352.0 0.011382561206119135
353.0 0.012194345617899671
354.0 0.013006129302084446
355.0 0.010926786490017548
356.0 0.008847441495163366
357.0 0.00969124084804207
358.0 0.01053504238370806
359.0 0.010139142978005111
360.0 0.00974324211711064
361.0 0.008933756180340424
362.0 0.008124273153953254
363.0 0.008849160076351836
364.0 0.009574046998750418
365.0 0.009604031220078468
366.0 0.009634018351789564
367.0 0.008812558371573687
368.0 0.00799109911895357
369.0 0.008383749809581786
370.0 0.008776400500210002
371.0 0.008363824599655345
372.0 0.007951248699100688
373.0 0.007097230263752863
374.0 0.006243212556000799
375.0 0.006393959483830258
376.0 0.006544705684063956
377.0 0.006829242192907259
378.0 0.0071137779741548
379.0 0.00612016738159582
380.0 0.00512655678903684
381.0 0.003765181463677436
382.0 0.0024038065021159127
383.0 0.0039583850593771785
384.0 0.005512964344234206
385.0 0.0051826882554451
386.0 0.004852412166655995
387.0 0.005565416358876973
388.0 0.0062784209148958325
389.0 0.005575921022682451
390.0 0.00487342185806483
391.0 0.004548565993900411
392.0 0.004223710493533872
393.0 0.004722709491034038
394.0 0.005221708852332085
395.0 0.004364865526440553
396.0 0.00350802147295326
397.0 0.003644155731308274
398.0 0.0037802896258654073
399.0 0.003939579983125441
400.0 0.004098870704183355
401.0 0.004436732706381008
402.0 0.004774595072376542
403.0 0.004743062527268194
404.0 0.0047115299821598455
405.0 0.004178407834842801
406.0 0.003645286415121518
407.0 0.0024508603019057773
408.0 0.001256434916285798
409.0 0.0023330794647336006
410.0 0.003409724376979284
411.0 0.004059441926074214
412.0 0.004709159838967025
413.0 0.004366486973594874
414.0 0.004023813744424842
415.0 0.0034573593438835815
416.0 0.002890905125241261
417.0 0.0036000768886879086
418.0 0.004309248834033497
419.0 0.0039806949644116685
420.0 0.0036521410947898403
421.0 0.0037631994928233325
422.0 0.0038742586184525862
423.0 0.0036323726817499846
424.0 0.003390488200238906
425.0 0.0024964481781353243
426.0 0.0016024085198296234
427.0 0.001965555566130206
428.0 0.002328702794329729
429.0 0.0017838437997852452
430.0 0.0012389853509375826
431.0 0.0009270191185350996
432.0 0.0006150525678094709
433.0 0.0007759787877148483
434.0 0.0009369051440444309
435.0 0.0013454309737426229
436.0 0.0017539570762892254
437.0 0.0017863821994978935
438.0 0.0018188075046055019
439.0 0.002081885395455174
440.0 0.0023449632863048464
441.0 0.0018849881598725915
442.0 0.0014250131243898068
443.0 0.002268858406750951
444.0 0.0031127037800615653
445.0 0.0031523719371762127
446.0 0.0031920404580887407
447.0 0.0024775075871730223
448.0 0.001762974716257304
449.0 0.002366304033785127
450.0 0.0029696338970097713
451.0 0.0024035201931837946
452.0 0.0018374061255599372
453.0 0.0017967804524232633
454.0 0.0017561551430844702
455.0 0.0023940359824337065
456.0 0.0030319171855808236
457.0 0.00217019460251322
458.0 0.0013084719284961466
459.0 0.0013996023881190922
460.0 0.0014907328477420378
461.0 0.0009425904863746837
462.0 0.00039444789763365407
463.0 0.0012207794497953728
464.0 0.0020471110474318266
465.0 0.002110777495545335
466.0 0.0021744443074567243
467.0 0.0019879253159160726
468.0 0.00180140596057754
469.0 0.0015258078747137915
470.0 0.001250209788850043
471.0 0.0012666980182984844
472.0 0.0012831864296458662
473.0 0.001343884832749609
474.0 0.0014045830539544113
475.0 0.0011464599992905278
476.0 0.0008883367627277039
477.0 0.001171934673038777
478.0 0.0014555323105014395
479.0 0.0018820908735506237
480.0 0.0023086493456503376
481.0 0.001729052200971637
482.0 0.0011494551472424064
483.0 0.0008921416338125709
484.0 0.0006348281658574706
485.0 0.00105643648566911
486.0 0.0014780447600060143
487.0 0.0013282927284308244
488.0 0.0011785406059061643
489.0 0.0017180358554469422
490.0 0.00225753101403825
491.0 0.0021796431610709988
492.0 0.0021017551262048073
493.0 0.002044603752437979
494.0 0.0019874529243679717
495.0 0.0016597374269622378
496.0 0.0013320216567080934
497.0 0.0012105947462259792
498.0 0.0010891679266933352
499.0 0.0011830535186163615
500.0 0.001276939201488858
501.0 0.0008761908247834072
502.0 0.00047544231165375095
503.0 0.0011213172911084257
504.0 0.0017671922250883654
505.0 0.0019758232156164013
506.0 0.002184454206144437
507.0 0.002071942617476452
508.0 0.0019594308469095267
509.0 0.001723854620649945
510.0 0.0014882785762893036
511.0 0.0012291963685129303
512.0 0.0009701140697870869
513.0 0.0013660695003636647
514.0 0.001762025203788653
515.0 0.0012837882422900293
516.0 0.0008055518264882267
517.0 0.0009523583685222548
518.0 0.0010991648196068127
519.0 0.0011713192179740872
520.0 0.0012434733434929512
521.0 0.0016683945432305336
522.0 0.0020933159248670563
523.0 0.0014452684808929916
524.0 0.000797221036918927
525.0 0.000754101165512111
526.0 0.0007109814305295004
527.0 0.0010243312317470554
528.0 0.0013376813512877561
529.0 0.0011877259566972498
530.0 0.0010377701983088627
531.0 0.0011844934306282084
532.0 0.0013312166629475541
533.0 0.0008296547093777917
534.0 0.0003280928467574995
535.0 0.0009401513125339989
536.0 0.001552209687361028
537.0 0.0015797708329046145
538.0 0.0016073317965492606
539.0 0.001219392470375169
540.0 0.0008314527804031968
541.0 0.0009156154192169197
542.0 0.000999778239929583
543.0 0.0012926024282933213
544.0 0.0015854266166570596
545.0 0.0010850184480659664
546.0 0.0005846103704243433
547.0 0.0011991615792794619
548.0 0.00181371251528617
549.0 0.0015850617273827083
550.0 0.0013564108485297766
551.0 0.0014425433619180694
552.0 0.0015286754205590114
553.0 0.0014723169442731887
554.0 0.0014159581951389555
555.0 0.0011183001333847642
556.0 0.0008206420716305729
557.0 0.0012833650544052944
558.0 0.0017460877643316053
559.0 0.0016643705748720095
560.0 0.001582653021614533
561.0 0.0014216669114830438
562.0 0.0012606806194526143
563.0 0.0010576350177871063
564.0 0.0008545894161215983
565.0 0.0014798310985497665
566.0 0.0021050727809779346
567.0 0.0025094228476518765
568.0 0.0029137723686289974
569.0 0.0027672105716192164
570.0 0.002620648592710495
571.0 0.0025029663447639905
572.0 0.002385283551120665
573.0 0.0019263568901806138
574.0 0.0014674305020889733
575.0 0.001953853279701434
576.0 0.0024402757844654843
577.0 0.0021021372958784923
578.0 0.001763999171089381
579.0 0.0017929733076016419
580.0 0.001821947080316022
581.0 0.0016928745026234537
582.0 0.001563801743031945
583.0 0.001978138243430294
584.0 0.0023924743800307624
585.0 0.0025293125872849487
586.0 0.0026661509764380753
587.0 0.0020720888642244972
588.0 0.0014780264791625086
589.0 0.002031226540566422
590.0 0.0025844266929198056
591.0 0.001891294050437864
592.0 0.0011981611351075117
593.0 0.0009638553819968365
594.0 0.0007295495379366912
595.0 0.00115467928480939
596.0 0.001579809031682089
597.0 0.0013397572729445528
598.0 0.0010997056051564869
599.0 0.0009175280865747482
600.0 0.00073535084084142
601.0 0.00062335484471987
602.0 0.000511358803123585
603.0 0.000983979771262966
604.0 0.0014566003301297314
605.0 0.0010727396329457406
606.0 0.0006888787083880743
607.0 0.0008063624591159169
608.0 0.0009238462553184945
609.0 0.0010769408618216403
610.0 0.0012300352864258457
611.0 0.0009272733223042451
612.0 0.0006245112217584392
613.0 0.0006062933607609011
614.0 0.0005880754088138929
615.0 0.0010027866665041074
616.0 0.0014174980606185272
617.0 0.0019316734324092977
618.0 0.002445848804200068
619.0 0.0021249166820780374
620.0 0.0018039843780570664
621.0 0.0016568304999964312
622.0 0.0015096763490873855
623.0 0.0015772100596223027
624.0 0.0016447436792077497
625.0 0.0016058347682701424
626.0 0.001566925857332535
627.0 0.0018754264601739123
628.0 0.0021839276087121107
629.0 0.002056713310594205
630.0 0.0019294991943752393
631.0 0.0018475253455108032
632.0 0.0017655513147474267
633.0 0.0020468509319471195
634.0 0.0023281507310457528
635.0 0.005237240839051083
636.0 0.008146330947056413
637.0 0.015368191816378385
638.0 0.022590052685700357
639.0 0.019974361930508167
640.0 0.017358671175315976
641.0 0.014902684779372066
642.0 0.012446702749002725
643.0 0.00990341868600808
644.0 0.0073601375333964825
645.0 0.006769614265067503
646.0 0.006179092451930046
647.0 0.0058042707678396255
648.0 0.005429449083749205
649.0 0.00429533320129849
650.0 0.003161218046443537
651.0 0.0035708784707821906
652.0 0.003980538895120844
653.0 0.0032181833375943825
654.0 0.00245582741627004
655.0 0.0025730776542332023
656.0 0.002690328074095305
657.0 0.00276506307272939
658.0 0.0028397977075655945
659.0 0.0025518358597764745
660.0 0.002263874193886295
661.0 0.0024383189156651497
662.0 0.0026127638193429448
663.0 0.0019807715943898074
664.0 0.0013487797332345508
665.0 0.0017194153770105913
666.0 0.002090051202685572
667.0 0.002370786387473345
668.0 0.0026515215722611174
669.0 0.0018837698007700965
670.0 0.001116018211178016
671.0 0.0009580077858117875
672.0 0.0007999972694960888
673.0 0.001327378413407132
674.0 0.0018547596482676454
675.0 0.0018966467905556783
676.0 0.0019385339328437112
677.0 0.0019196408175048418
678.0 0.001900747520267032
679.0 0.001488302859797841
680.0 0.0010758581083791796
681.0 0.0011866897693835199
682.0 0.0012975212484889198
683.0 0.002339088860026095
684.0 0.0033806565625127405
685.0 0.0028336306058918126
686.0 0.0022866051949677058
687.0 0.0017586562535143457
688.0 0.0012307072211115155
689.0 0.0014761477359570563
690.0 0.0017215879779541865
691.0 0.0020703191694337875
692.0 0.002419050179014448
693.0 0.00281523862213362
694.0 0.003211427610949613
695.0 0.0032399027986684814
696.0 0.003268377622589469
697.0 0.0035008342820219696
698.0 0.0037332905776565894
699.0 0.005475166108226404
700.0 0.007217040547402576
701.0 0.007127560820663348
702.0 0.007038080366328359
703.0 0.006252813182072714
704.0 0.005467545634019189
705.0 0.004925245593767613
706.0 0.004382945553516038
707.0 0.004079143036506139
708.0 0.0037753397919004783
709.0 0.004086086482857354
710.0 0.00439683353761211
711.0 0.004051538780913688
712.0 0.0037062447518110275
713.0 0.0027927271730732173
714.0 0.0018792097762343474
715.0 0.0022504427761305124
716.0 0.0026216759579256177
717.0 0.00238456796068931
718.0 0.0021474595996551216
719.0 0.0016977513951133005
720.0 0.0012480428267735988
721.0 0.0011627697858784813
722.0 0.0010774963811854832
723.0 0.0009942488759406842
724.0 0.0009110012797464151
725.0 0.0012592782695719507
726.0 0.0016075555322458968
727.0 0.0015959196389303543
728.0 0.0015842835637158714
729.0 0.001585666359460447
730.0 0.0015870491552050225
731.0 0.0014121468666417059
732.0 0.0012372447599773295
733.0 0.0012576458175317384
734.0 0.0012780468750861473
735.0 0.001172163501905743
736.0 0.0010662798558769282
737.0 0.0011737320164684206
738.0 0.0012811838132620323
739.0 0.0012746521861117799
740.0 0.001268120377062587
741.0 0.0012510166015999857
742.0 0.0012339127351879142
743.0 0.0016541576769668609
744.0 0.0020744020730489865
745.0 0.0015514751794398762
746.0 0.0010285480129823554
747.0 0.0013408394806901924
748.0 0.0016531308574485593
749.0 0.00232391212193761
750.0 0.0029946935683256015
751.0 0.002994208080053795
752.0 0.0029937225917819887
753.0 0.0028878899684059434
754.0 0.0027820575269288383
755.0 0.0019512188373482786
756.0 0.001120380238717189
757.0 0.001974469705601223
758.0 0.002828558899636846
759.0 0.0028219988962518983
760.0 0.0028154385290690698
761.0 0.004435551818460226
762.0 0.006055664562154561
763.0 0.005725660230382346
764.0 0.005395656262408011
765.0 0.005308380787028
766.0 0.005221103856456466
767.0 0.004454412919585593
768.0 0.0036877216189168394
769.0 0.003528779052430764
770.0 0.0033698361221468076
771.0 0.003947542427340522
772.0 0.004525248732534237
773.0 0.0039067104808054864
774.0 0.003288171865278855
775.0 0.005202818647376262
776.0 1.6080531003992427e-10
777.0 1.6080531003992427e-10
778.0 0.015950757369864732
779.0 0.1211132388561964
780.0 0.022910378174856305
781.0 0.061034271493554115
782.0 1.6080531003992427e-10
783.0 0.03312414628453553
784.0 1.6080531003992427e-10
785.0 0.12561173643916845
786.0 0.05664812051691115
787.0 0.08649405790492892
788.0 0.04317883285693824
789.0 0.004805463686352596
790.0 0.09534109267406166
791.0 0.07423097267746925
792.0 0.034941601916216314
793.0 0.11903087142854929
794.0 1.6080531003992427e-10
795.0 0.06864559836685658
796.0 1.6080531003992427e-10
797.0 0.059534405590966344
798.0 0.0922854000236839
799.0 0.20907281432300806
800.0 0.17405138351023197
801.0 0.3413232509046793
802.0 0.4836007487028837
803.0 0.832592323422432
804.0 1.4607417397201061
805.0 2.2450145334005356
806.0 3.608096018433571
807.0 5.197703838348389
808.0 7.294464111328125
809.0 9.703632444143295
810.0 12.800876796245575
811.0 16.035690903663635
812.0 19.131268560886383
813.0 22.184883058071136
814.0 24.893231689929962
815.0 28.78236174583435
816.0 33.28368663787842
817.0 38.852259516716
818.0 44.76463496685028
819.0 50.38514733314514
820.0 57.96254873275757
821.0 65.73352217674255
822.0 72.24038243293762
823.0 77.94880270957947
824.0 83.56928825378418
825.0 88.42076063156128
826.0 92.17330813407898
827.0 95.15116810798645
828.0 97.80144095420837
829.0 98.73495101928711
830.0 99.00257587432861
831.0 99.4186282157898
832.0 98.5982894897461
833.0 99.97792840003967
834.0 98.63848090171814
835.0 99.22198057174683
836.0 99.57724213600159
837.0 98.83973598480225
838.0 97.97200560569763
839.0 98.56443405151367
840.0 99.01283383369446
841.0 99.59675669670105
842.0 99.26257729530334
843.0 99.80471730232239
844.0 98.51256012916565
845.0 98.86612296104431
846.0 98.85889291763306
847.0 99.0399420261383
848.0 100.0335693359375
849.0 98.58874082565308
850.0 98.27800393104553
851.0 98.92488718032837
852.0 99.48686957359314
853.0 98.74948263168335
854.0 99.73769783973694
855.0 98.58517050743103
856.0 98.74582290649414
857.0 97.70543575286865
858.0 98.71995449066162
859.0 99.47550296783447
860.0 99.05925393104553
861.0 98.98706078529358
862.0 98.88671040534973
863.0 98.37976098060608
864.0 99.5921790599823
865.0 99.92520809173584
866.0 98.42007756233215
867.0 99.31057691574097
868.0 99.57718849182129
869.0 99.05014038085938
870.0 98.48130941390991
871.0 98.77941012382507
872.0 99.26473498344421
873.0 99.20048713684082
874.0 99.69847202301025
875.0 98.9253282546997
876.0 99.14373755455017
877.0 99.56780672073364
878.0 99.20689463615417
879.0 98.54744076728821
880.0 98.75847101211548
881.0 100.16298294067383
882.0 98.9306092262268
883.0 99.17304515838623
884.0 99.163818359375
885.0 99.02119040489197
886.0 98.98950457572937
887.0 98.45216274261475
888.0 99.15096163749695
889.0 99.72286224365234
890.0 98.70173335075378
891.0 99.57520961761475
892.0 99.00541305541992
893.0 98.63778352737427
894.0 98.5836923122406
895.0 99.86213445663452
