lsstCam/transmission_filter_detector/r20_s20/y_10/19700101T000000.ecsv
# %ECSV 1.0
# ---
# datatype:
# - {name: wavelength, unit: nm, datatype: float32}
# - {name: efficiency, unit: '%', datatype: float64}
# meta: !!omap
# - {MODE: DETECTOR}
# - {TYPE: transmission_filter_detector}
# - {CALIBDATE: '1970-01-01T00:00:00'}
# - {INSTRUME: LSSTCam}
# - {OBSTYPE: transmission_filter_detector}
# - {CALIBCLS: lsst.ip.isr.IntermediateFilterDetectorTransmissionCurve}
# - {SOURCE: Materion (DM-46256)}
# - {DETECTOR: 78}
# - {FILTER: y_10}
# - {CALIB_ID: 'calibDate=1970-01-01T00:00:00 filter=y_10 detector=78'}
# - {DATE: '2025-04-02T15:59:51.103297'}
# - {CALIB_CREATION_DATE: '2025-04-02'}
# - {CALIB_CREATION_TIME: '15:59:51'}
# - __serialized_columns__:
#     efficiency:
#       __class__: astropy.units.quantity.Quantity
#       unit: !astropy.units.Unit {unit: '%'}
#       value: !astropy.table.SerializedColumn {name: efficiency}
#     wavelength:
#       __class__: astropy.units.quantity.Quantity
#       unit: !astropy.units.Unit {unit: nm}
#       value: !astropy.table.SerializedColumn {name: wavelength}
# schema: astropy-2.0
wavelength efficiency
300.0 0.14627684140577912
301.0 0.0797493732534349
302.0 0.013221893459558487
303.0 0.01280235155718401
304.0 0.012382809654809535
305.0 0.010192028275923803
306.0 0.008001243986655027
307.0 0.012629841512534767
308.0 0.017258437583222985
309.0 0.012798119860235602
310.0 0.008337803592439741
311.0 0.007529124559368938
312.0 0.006720444798702374
313.0 0.004033451114082709
314.0 0.0013464576113619842
315.0 0.0029606109819724225
316.0 0.004574765625875443
317.0 0.0029942273613414727
318.0 0.0014136871868686285
319.0 0.0015017913028714247
320.0 0.001589894418430049
321.0 0.001928387428051792
322.0 0.0022668797100777738
323.0 0.004109144720132463
324.0 0.005951409912086092
325.0 0.0036683075450127944
326.0 0.0013852049960405566
327.0 0.0017987731553148478
328.0 0.0022123409507912584
329.0 0.002908269743784331
330.0 0.003604197991080582
331.0 0.0030635543225798756
332.0 0.0025229108359781094
333.0 0.003298410592833534
334.0 0.004073910531587899
335.0 0.003848914639092982
336.0 0.0036239176552044228
337.0 0.0026516458092373796
338.0 0.0016793739632703364
339.0 0.0012468028216972016
340.0 0.000814231771073537
341.0 0.0008863250513968524
342.0 0.0009584180588717572
343.0 0.0010139320693269838
344.0 0.0010694459888327401
345.0 0.0013098634553898592
346.0 0.0015502810128964484
347.0 0.00158860220835777
348.0 0.0016269232219201513
349.0 0.0014021604329172987
350.0 0.0011773973710660357
351.0 0.0014694694073114078
352.0 0.0017615413526073098
353.0 0.0015486979464185424
354.0 0.0013358547221287154
355.0 0.0015152285413932987
356.0 0.0016946021787589416
357.0 0.0015825691662030295
358.0 0.001470535971748177
359.0 0.0013912273061578162
360.0 0.0013119185496179853
361.0 0.001150305433839094
362.0 0.0009886923180602025
363.0 0.0009911278539220802
364.0 0.0009935632988344878
365.0 0.0012469365174183622
366.0 0.001500309917901177
367.0 0.0018121367247658782
368.0 0.002123963349731639
369.0 0.001767821959219873
370.0 0.0014116803868091665
371.0 0.0015772146070958115
372.0 0.0017427488273824565
373.0 0.0018774098862195387
374.0 0.002012070945056621
375.0 0.0030046368920011446
376.0 0.0039972030208446085
377.0 0.0040723709389567375
378.0 0.0041475388570688665
379.0 0.003680399095173925
380.0 0.003213258969481103
381.0 0.0024033502995735034
382.0 0.0015934414477669634
383.0 0.0013606728316517547
384.0 0.0011279039426881354
385.0 0.0009754683560458943
386.0 0.0008230329513025936
387.0 0.0007279684723471291
388.0 0.0006329040843411349
389.0 0.0005958501787972637
390.0 0.0005587961823039223
391.0 0.0005005573711969191
392.0 0.000442318560089916
393.0 0.0005602048531727633
394.0 0.0006780911007808754
395.0 0.0006723973910993664
396.0 0.0006667037268925924
397.0 0.0008602358320786152
398.0 0.0010537678463151678
399.0 0.0011873460607603192
400.0 0.0013209243661549408
401.0 0.0014268073755374644
402.0 0.0015326904758694582
403.0 0.0015811496268725023
404.0 0.001629608595976606
405.0 0.0018094138795277104
406.0 0.001989219344977755
407.0 0.0017634314644965343
408.0 0.0015376437659142539
409.0 0.0012581494956975803
410.0 0.0009786549526324961
411.0 0.001048524609359447
412.0 0.0011183940841874573
413.0 0.0007797688340360764
414.0 0.0004411434474604903
415.0 0.00035527227737475187
416.0 0.0002694010163395433
417.0 3.792338816310803e-05
418.0 1.6961226260298057e-10
419.0 1.6961226260298057e-10
420.0 1.6961226260298057e-10
421.0 3.404808808227244e-05
422.0 0.0006082782874727855
423.0 0.0009358795068692416
424.0 0.0012634807717404328
425.0 0.0005885116024728632
426.0 1.6961226260298057e-10
427.0 0.00041085581869992893
428.0 0.0009081691132450942
429.0 0.000308984476760088
430.0 1.6961226260298057e-10
431.0 0.00030648782285425114
432.0 0.0009031757144839503
433.0 0.0004302447905502049
434.0 1.6961226260298057e-10
435.0 0.00011494607861095574
436.0 0.0002725784270296572
437.0 6.338596563182364e-05
438.0 1.6961226260298057e-10
439.0 1.6961226260298057e-10
440.0 1.6961226260298057e-10
441.0 1.6961226260298057e-10
442.0 1.6961226260298057e-10
443.0 1.6961226260298057e-10
444.0 0.0001227463371833437
445.0 7.371708079517703e-05
446.0 2.468772208885639e-05
447.0 0.00015073028407641686
448.0 0.000276772811957926
449.0 8.265773772109242e-05
450.0 1.6961226260298057e-10
451.0 1.6961226260298057e-10
452.0 1.6961226260298057e-10
453.0 1.6961226260298057e-10
454.0 2.987559923894878e-05
455.0 0.00027757564566854853
456.0 0.0005252755727269687
457.0 3.5080867633041635e-05
458.0 1.6961226260298057e-10
459.0 1.6961226260298057e-10
460.0 1.6961226260298057e-10
461.0 1.94380362472657e-05
462.0 0.0005748293915530667
463.0 0.0007270479727594648
464.0 0.000879266644915333
465.0 0.0005838662218593527
466.0 0.0002884658897528425
467.0 0.0008483144483761862
468.0 0.0014081629160500597
469.0 0.0015072970199980773
470.0 0.001606431214895565
471.0 0.0021848472897545435
472.0 0.002763263000815641
473.0 0.002867706280085258
474.0 0.002972149377455935
475.0 0.0029502059987862594
476.0 0.0029282624382176436
477.0 0.002896598198276479
478.0 0.0028649343221331947
479.0 0.003156311868224293
480.0 0.003447689232416451
481.0 0.003671391459647566
482.0 0.0038950933230808005
483.0 0.003671997183118947
484.0 0.0034489010431570932
485.0 0.003344364813528955
486.0 0.0032398285839008167
487.0 0.0028857648430857807
488.0 0.002531701284169685
489.0 0.0021775920686195605
490.0 0.0018234830349683762
491.0 0.0016361587768187746
492.0 0.0014488347915175837
493.0 0.001604031967872288
494.0 0.0017592290532775223
495.0 0.0017589796698302962
496.0 0.0017587299225851893
497.0 0.0018969110897160135
498.0 0.0020350922568468377
499.0 0.002086658787447959
500.0 0.0021382253180490807
501.0 0.0024247261535492726
502.0 0.002711227170948405
503.0 0.0025845347408903763
504.0 0.0024578423108323477
505.0 0.002690681503736414
506.0 0.0029235206966404803
507.0 0.0022964948584558442
508.0 0.0016694688383722678
509.0 0.001732605778670404
510.0 0.0017957425370696
511.0 0.0017957305317395367
512.0 0.0017957185264094733
513.0 0.001944006362464279
514.0 0.0020922941985190846
515.0 0.0018331211322220042
516.0 0.0015739484297228046
517.0 0.0014858663234917913
518.0 0.0013977844901091885
519.0 0.0013321087863005232
520.0 0.0012664332643907983
521.0 0.0015628113033017144
522.0 0.0018591892512631603
523.0 0.0018165485016652383
524.0 0.001773907570168376
525.0 0.0020798643163288943
526.0 0.0023858210624894127
527.0 0.0023814403903088532
528.0 0.002377059900027234
529.0 0.0024980472517199814
530.0 0.0026190349672106095
531.0 0.0025733792426763102
532.0 0.002527723518142011
533.0 0.002244834104203619
534.0 0.001961944690265227
535.0 0.001584770689078141
536.0 0.0012075965969415847
537.0 0.0017701164324535057
538.0 0.002332636540813837
539.0 0.0029133456337149255
540.0 0.003494054908514954
541.0 0.003722057954291813
542.0 0.003950060636270791
543.0 0.0043555235606618226
544.0 0.004760986121254973
545.0 0.004736064511234872
546.0 0.00471114253741689
547.0 0.004055057070218027
548.0 0.003398971603019163
549.0 0.002781184775813017
550.0 0.002163397948606871
551.0 0.0023506974685005844
552.0 0.0025379968064953573
553.0 0.002786180266411975
554.0 0.003034363908227533
555.0 0.003459510116954334
556.0 0.0038846566894790158
557.0 0.003972903868998401
558.0 0.004061150684719905
559.0 0.00372203066945076
560.0 0.0033829106541816145
561.0 0.0034362517908448353
562.0 0.0034895925637101755
563.0 0.0033864809665828943
564.0 0.003283369369455613
565.0 0.0036648347304435447
566.0 0.0040462997276335955
567.0 0.004234065636410378
568.0 0.004421831908985041
569.0 0.005576683906838298
570.0 0.006731536268489435
571.0 0.007023169018793851
572.0 0.007314802496694028
573.0 0.007208543684100732
574.0 0.007102284143911675
575.0 0.0066805143433157355
576.0 0.006258744542719796
577.0 0.005841955498908646
578.0 0.005425167182693258
579.0 0.00560467888135463
580.0 0.005784190580016002
581.0 0.006727725121891126
582.0 0.00767125966376625
583.0 0.008811720181256533
584.0 0.009952182153938338
585.0 0.01033843363984488
586.0 0.010724685853347182
587.0 0.010840901813935488
588.0 0.010957117774523795
589.0 0.010649418254615739
590.0 0.010341718734707683
591.0 0.009486847557127476
592.0 0.008631976379547268
593.0 0.007263680163305253
594.0 0.005895385766052641
595.0 0.0056089687859639525
596.0 0.0053225525334710255
597.0 0.005835595948155969
598.0 0.006348639726638794
599.0 0.007324477337533608
600.0 0.008300314948428422
601.0 0.009289664740208536
602.0 0.010279012349201366
603.0 0.010543810640228912
604.0 0.010808611841639504
605.0 0.011116631503682584
606.0 0.011424651893321425
607.0 0.009770564793143421
608.0 0.008116479875752702
609.0 0.006492886313935742
610.0 0.004869294207310304
611.0 0.0040131420973921195
612.0 0.003156989987473935
613.0 0.003439821011852473
614.0 0.0037226513086352497
615.0 0.004536099368124269
616.0 0.0053495470638154075
617.0 0.006624303932767361
618.0 0.007899058982729912
619.0 0.008975402306532487
620.0 0.01005174417514354
621.0 0.010502625082153827
622.0 0.010953507444355637
623.0 0.011276658915448934
624.0 0.011599808203754947
625.0 0.010087763075716794
626.0 0.008575717220082879
627.0 0.006972021947149187
628.0 0.005368327401811257
629.0 0.004404697028803639
630.0 0.0034410662919981405
631.0 0.002855863749573473
632.0 0.0022706613890477456
633.0 0.0025970399292418733
634.0 0.0029234182875370607
635.0 0.0033436976082157344
636.0 0.0037639765650965273
637.0 0.0041456849430687726
638.0 0.0045273936848388985
639.0 0.004798711233888753
640.0 0.005070028782938607
641.0 0.005416541898739524
642.0 0.005763054650742561
643.0 0.005487342059495859
644.0 0.005211629104451276
645.0 0.004763704419019632
646.0 0.004315779369790107
647.0 0.003482300598989241
648.0 0.002648822010087315
649.0 0.0021125091734575108
650.0 0.0015761963368277065
651.0 0.0015570522009511478
652.0 0.001537908065074589
653.0 0.0015794306818861514
654.0 0.0016209532986977138
655.0 0.001621222691028379
656.0 0.001621492083359044
657.0 0.0015531946701230481
658.0 0.0014848972568870522
659.0 0.0017752841813489795
660.0 0.0020656711058109067
661.0 0.0020280611352063715
662.0 0.001990451528399717
663.0 0.002109249180648476
664.0 0.0022280471966951154
665.0 0.002897868034779094
666.0 0.0035676890547620133
667.0 0.00432784654549323
668.0 0.005088004036224447
669.0 0.005341529686120339
670.0 0.005595053153228946
671.0 0.006199828203534707
672.0 0.006804604345234111
673.0 0.007509497663704678
674.0 0.008214390254579484
675.0 0.008082675049081445
676.0 0.007950959843583405
677.0 0.006227268750080839
678.0 0.004503575109993108
679.0 0.002961678364954423
680.0 0.0014197805285220966
681.0 0.0009439550922252238
682.0 0.00046812988330202643
683.0 0.0005315079761203378
684.0 0.0005948860234639142
685.0 0.00045882588892709464
686.0 0.0003227655042792321
687.0 0.0001951861804627697
688.0 6.760677706552087e-05
689.0 4.957948362971365e-05
690.0 3.1552215773444914e-05
691.0 0.00013897025610276614
692.0 0.00024638836748636095
693.0 0.00026970976705342764
694.0 0.0002930312120952294
695.0 0.00025768272280402016
696.0 0.0002223342335128109
697.0 0.0003627385012805462
698.0 0.0005031428372603841
699.0 0.00034985062029591063
700.0 0.00019655844880617224
701.0 0.00020916791072522756
702.0 0.00022177739538165042
703.0 0.00017028074807967641
704.0 0.00011878423720190767
705.0 0.00010677200634745532
706.0 9.475966749050713e-05
707.0 0.00010508144896448357
708.0 0.00011540322475411813
709.0 0.00039245410334842745
710.0 0.0006695049250993179
711.0 0.0004519009053183254
712.0 0.00023429681732523022
713.0 9.228629664903565e-05
714.0 1.6961226260298057e-10
715.0 3.729313675648882e-05
716.0 0.00012431041795935016
717.0 1.1007014677488769e-05
718.0 1.6961226260298057e-10
719.0 0.00021909800125285983
720.0 0.0005404925104812719
721.0 0.0006713603397656698
722.0 0.0008022282599995378
723.0 0.0006338707862596493
724.0 0.0004655132670450257
725.0 1.6961226260298057e-10
726.0 1.6961226260298057e-10
727.0 1.6961226260298057e-10
728.0 0.00037835347939108033
729.0 0.00048190772758971434
730.0 0.0005854621122125536
731.0 0.00042192004912067205
732.0 0.0002583782134024659
733.0 0.00018358580291533144
734.0 0.00010879357432713732
735.0 0.00019741792129934765
736.0 0.0002860424274331308
737.0 0.00038288990253931843
738.0 0.0004797374458576087
739.0 0.00045311899157240987
740.0 0.0004265003099135356
741.0 0.0005760261956311297
742.0 0.0007255520813487237
743.0 0.00025476745122432476
744.0 1.6961226260298057e-10
745.0 0.00029182529033278115
746.0 0.0007996676686161663
747.0 0.0005777380010840716
748.0 0.000355808174390404
749.0 7.281857961061178e-05
750.0 1.6961226260298057e-10
751.0 0.00023733282432658598
752.0 0.0006848365046607796
753.0 0.0005859898465132574
754.0 0.00048714305194152985
755.0 0.00010487802910574828
756.0 1.6961226260298057e-10
757.0 1.6961226260298057e-10
758.0 0.00023554098333988804
759.0 0.0001839491574173735
760.0 0.00013235742244432913
761.0 0.0002450208739901427
762.0 0.00035768439374805894
763.0 0.00048063398025988135
764.0 0.000603583657721174
765.0 0.0006416176347556757
766.0 0.0006796515663154423
767.0 0.00047956700655049644
768.0 0.00027948258320975583
769.0 0.00023092088667908683
770.0 0.00018235900824947748
771.0 0.00034668121315917233
772.0 0.0005110032816446619
773.0 0.00041506777961330954
774.0 0.00031913216389511945
775.0 0.0001922749561344972
776.0 6.541768584611418e-05
777.0 0.00028313820621406194
778.0 0.0005008589141652919
779.0 0.0006398034656740492
780.0 0.0007787480171828065
781.0 0.0006379872957040789
782.0 0.0004972265287506161
783.0 0.0006246268185350345
784.0 0.0007520270628447179
785.0 0.0007271900813066168
786.0 0.0007023530542937806
787.0 0.0005531921033252729
788.0 0.00040403115235676523
789.0 0.00040426343730359804
790.0 0.00040449563130096067
791.0 0.000775611351855332
792.0 0.0011467271178844385
793.0 0.0009836235221882816
794.0 0.000820520017441595
795.0 0.0008015528692340013
796.0 0.0007825858119758777
797.0 0.000743663349567214
798.0 0.0007047408416838152
799.0 0.0003476815209069173
800.0 1.6961226260298057e-10
801.0 0.0002411980631222832
802.0 0.0004917739261145471
803.0 0.0005422289632406319
804.0 0.0005926840913161868
805.0 0.0006763953933841549
806.0 0.0007601065590279177
807.0 0.0006125009349489119
808.0 0.0004648952199204359
809.0 0.00041192838580172975
810.0 0.00035896148347092094
811.0 0.0005931129635428078
812.0 0.0008272643754025921
813.0 0.0008556912689527962
814.0 0.0008841183444019407
815.0 0.0007729418939561583
816.0 0.0006617655799345812
817.0 0.0008486754268233199
818.0 0.001035585501085734
819.0 0.0010920686690951698
820.0 0.0011485516552056652
821.0 0.0008290875484817661
822.0 0.0005096233053336618
823.0 0.00044191183405928314
824.0 0.0003742004082596395
825.0 0.0005024571237299824
826.0 0.0006307137937255902
827.0 0.0009348982530354988
828.0 0.001239082575921202
829.0 0.0006575674888154026
830.0 7.605236760355183e-05
831.0 0.0003056915375054814
832.0 0.0005353309461497702
833.0 0.0008377954145544209
834.0 0.0011402598829590715
835.0 0.0006290284545684699
836.0 0.00011779684427892789
837.0 0.00024092121293506352
838.0 0.0003640455133790965
839.0 0.00044021680878358893
840.0 0.000516388172400184
841.0 0.0006707159627694637
842.0 0.0008250436621892732
843.0 0.0006137780474091414
844.0 0.00040251229620480444
845.0 0.0006929861228854861
846.0 0.0009834599040914327
847.0 0.0009699574547994416
848.0 0.0009564550055074506
849.0 0.000703982004779391
850.0 0.0004515088221523911
851.0 0.001067212360794656
852.0 0.0016829157175379805
853.0 0.001252322817890672
854.0 0.0008217299182433635
855.0 0.0005567752396018477
856.0 0.00029182067464716965
857.0 0.0008319128028233536
858.0 0.0013720050446863752
859.0 0.0010397396181360818
860.0 0.0007074742370605236
861.0 0.001087075361283496
862.0 0.0014666764400317334
863.0 0.0013216035767982248
864.0 0.0011765307135647163
865.0 0.0017683483747532591
866.0 0.0023601658540428616
867.0 0.002769484490272589
868.0 0.003178802944603376
869.0 0.002965679050248582
870.0 0.0027525551558937877
871.0 0.0031389499781653285
872.0 0.0035253448004368693
873.0 0.0028060716431355104
874.0 0.0020867984858341515
