lsstCam/transmission_filter_detector/r20_s20/y_10/19700101T000000.ecsv
# %ECSV 1.0
# ---
# datatype:
# - {name: wavelength, unit: nm, datatype: float32}
# - {name: efficiency, unit: '%', datatype: float64}
# meta: !!omap
# - {MODE: DETECTOR}
# - {TYPE: transmission_filter_detector}
# - {CALIBDATE: '1970-01-01T00:00:00'}
# - {INSTRUME: LSSTCam}
# - {OBSTYPE: transmission_filter_detector}
# - {CALIBCLS: lsst.ip.isr.IntermediateFilterDetectorTransmissionCurve}
# - {SOURCE: Materion (DM-46256)}
# - {DETECTOR: 78}
# - {FILTER: y_10}
# - {CALIB_ID: 'calibDate=1970-01-01T00:00:00 filter=y_10 detector=78'}
# - {DATE: '2025-04-02T15:59:51.103297'}
# - {CALIB_CREATION_DATE: '2025-04-02'}
# - {CALIB_CREATION_TIME: '15:59:51'}
# - __serialized_columns__:
#     efficiency:
#       __class__: astropy.units.quantity.Quantity
#       unit: !astropy.units.Unit {unit: '%'}
#       value: !astropy.table.SerializedColumn {name: efficiency}
#     wavelength:
#       __class__: astropy.units.quantity.Quantity
#       unit: !astropy.units.Unit {unit: nm}
#       value: !astropy.table.SerializedColumn {name: wavelength}
# schema: astropy-2.0
wavelength efficiency
[from data line 576]
876.0 0.0017947972082765773
877.0 0.0016666976080159657
878.0 0.001538598007755354
879.0 0.0017180782379000448
880.0 0.058223254745826125
881.0 0.07311657536774874
882.0 0.056947022676467896
883.0 0.07468328112736344
884.0 0.062235037330538034
885.0 0.07981801172718406
886.0 0.059192057233303785
887.0 0.08774856687523425
888.0 0.06825249292887747
889.0 0.08471421897411346
890.0 0.05597576382569969
891.0 0.10706784669309855
892.0 0.0690113112796098
893.0 0.10797504801303148
894.0 0.06135936127975583
895.0 0.11018174700438976
896.0 0.07239629630930722
897.0 0.12001721188426018
898.0 0.07036912720650434
899.0 0.11820095824077725
900.0 0.08326122188009322
901.0 0.1066653523594141
902.0 0.1373389968648553
903.0 0.1332081970758736
904.0 0.15263970708474517
905.0 0.14835079200565815
906.0 0.1775569748133421
907.0 0.2341677201911807
908.0 0.28150274883955717
909.0 0.35055773332715034
910.0 0.4603668116033077
911.0 0.6073242984712124
912.0 0.8589053526520729
913.0 1.2683230452239513
914.0 1.7847875133156776
915.0 2.6475878432393074
916.0 3.7916023284196854
917.0 5.181241035461426
918.0 6.947916001081467
919.0 8.773772418498993
920.0 11.439356952905655
921.0 14.347440004348755
922.0 17.148956656455994
923.0 20.36571055650711
924.0 23.789985477924347
925.0 27.54695415496826
926.0 32.287389039993286
927.0 37.669697403907776
928.0 42.75377094745636
929.0 48.61191213130951
930.0 54.30349111557007
931.0 60.35794019699097
932.0 66.57302379608154
933.0 72.55516648292542
934.0 77.59844660758972
935.0 81.74840807914734
936.0 85.47875881195068
937.0 88.5620653629303
938.0 90.95195531845093
939.0 92.58695244789124
940.0 93.68964433670044
941.0 94.43902373313904
942.0 94.94915008544922
943.0 95.34448981285095
944.0 95.8147406578064
945.0 96.0418701171875
946.0 96.3899552822113
947.0 96.62624001502991
948.0 96.87666296958923
949.0 96.89870476722717
950.0 97.0391035079956
951.0 97.03479409217834
952.0 97.05494046211243
953.0 97.15620875358582
954.0 97.12246656417847
955.0 97.12204337120056
956.0 97.28546738624573
957.0 97.42605686187744
958.0 97.60054349899292
959.0 97.772216796875
960.0 97.8938102722168
961.0 98.03207516670227
962.0 98.19389581680298
963.0 98.28975200653076
964.0 98.4370231628418
965.0 98.50924015045166
966.0 98.60988259315491
967.0 98.71577024459839
968.0 98.7389862537384
969.0 98.76471757888794
970.0 98.79552721977234
971.0 98.8186776638031
972.0 98.85551929473877
973.0 98.92614483833313
974.0 98.93127679824829
975.0 98.92772436141968
976.0 98.97937774658203
977.0 98.94285202026367
978.0 99.01833534240723
979.0 99.00329113006592
980.0 98.9988625049591
981.0 98.94191026687622
982.0 98.88538718223572
983.0 98.93090724945068
984.0 98.88432025909424
985.0 98.88865947723389
986.0 98.77630472183228
987.0 98.85374903678894
988.0 98.68507385253906
989.0 98.70414733886719
990.0 98.63282442092896
991.0 98.62471222877502
992.0 98.64789843559265
993.0 98.58041405677795
994.0 98.50039482116699
995.0 98.52489233016968
996.0 98.49840998649597
997.0 98.6032783985138
998.0 98.61637353897095
999.0 98.6731231212616
1000.0 98.6784040927887
1001.0 98.68354797363281
1002.0 98.83466362953186
1003.0 98.82919788360596
1004.0 98.93468022346497
1005.0 98.93009662628174
1006.0 99.03932213783264
1007.0 99.05729293823242
1008.0 99.03093576431274
1009.0 99.00447130203247
1010.0 99.02445077896118
1011.0 99.08222556114197
1012.0 98.99104833602905
1013.0 99.02591705322266
1014.0 98.95929098129272
1015.0 98.9479660987854
1016.0 98.90910983085632
1017.0 98.95065426826477
1018.0 98.94381165504456
1019.0 98.83028268814087
1020.0 98.8779604434967
1021.0 98.98990392684937
1022.0 98.84790182113647
1023.0 98.91833662986755
1024.0 98.85069131851196
1025.0 98.86518120765686
1026.0 98.8760232925415
1027.0 98.95442128181458
1028.0 98.93251061439514
1029.0 99.01325106620789
1030.0 99.01753664016724
1031.0 99.02945160865784
1032.0 99.01837110519409
1033.0 98.96143674850464
1034.0 99.04342293739319
1035.0 99.11156296730042
1036.0 99.03702735900879
1037.0 99.11324381828308
1038.0 99.02691841125488
1039.0 98.9450454711914
1040.0 98.88713359832764
1041.0 98.97744059562683
1042.0 98.96153807640076
1043.0 98.84568452835083
1044.0 98.94115924835205
1045.0 98.62402081489563
1046.0 98.84169697761536
1047.0 98.725426197052
1048.0 98.79823327064514
1049.0 98.65675568580627
1050.0 98.66182208061218
1051.0 98.62267971038818
1052.0 98.62405061721802
1053.0 98.47108125686646
1054.0 98.73219132423401
1055.0 98.85908961296082
1056.0 98.70068430900574
1057.0 98.7577497959137
1058.0 98.58894348144531
1059.0 98.67794513702393
1060.0 98.73612523078918
1061.0 98.72076511383057
1062.0 98.73050451278687
1063.0 98.67627620697021
1064.0 98.9205002784729
1065.0 98.84226322174072
1066.0 98.75633716583252
1067.0 98.84338974952698
1068.0 98.81231784820557
1069.0 98.71118664741516
1070.0 99.12781119346619
1071.0 98.79505038261414
1072.0 98.99706244468689
1073.0 99.00559782981873
1074.0 98.6139714717865
1075.0 98.67618680000305
1076.0 98.53821992874146
1077.0 98.8666296005249
1078.0 99.00438785552979
1079.0 98.55585098266602
1080.0 99.28203821182251
1081.0 98.42284321784973
1082.0 98.68044257164001
1083.0 98.49844574928284
1084.0 98.7641990184784
1085.0 98.85947704315186
1086.0 98.65381121635437
1087.0 98.71851205825806
1088.0 98.45669269561768
1089.0 98.48107099533081
1090.0 98.62719774246216
1091.0 98.72113466262817
1092.0 98.575758934021
1093.0 98.59241843223572
1094.0 98.27849268913269
1095.0 98.33605885505676
1096.0 98.46224784851074
1097.0 98.40056300163269
1098.0 97.77988195419312
1099.0 98.32180142402649
1100.0 98.1073796749115
