lsstCam/transmission_filter_detector/r30_s12/y_10/19700101T000000.ecsv
# %ECSV 1.0
# ---
# datatype:
# - {name: wavelength, unit: nm, datatype: float32}
# - {name: efficiency, unit: '%', datatype: float64}
# meta: !!omap
# - {MODE: DETECTOR}
# - {TYPE: transmission_filter_detector}
# - {CALIBDATE: '1970-01-01T00:00:00'}
# - {INSTRUME: LSSTCam}
# - {OBSTYPE: transmission_filter_detector}
# - {CALIBCLS: lsst.ip.isr.IntermediateFilterDetectorTransmissionCurve}
# - {SOURCE: Materion (DM-46256)}
# - {DETECTOR: 122}
# - {FILTER: y_10}
# - {CALIB_ID: 'calibDate=1970-01-01T00:00:00 filter=y_10 detector=122'}
# - {DATE: '2025-04-02T15:59:51.308649'}
# - {CALIB_CREATION_DATE: '2025-04-02'}
# - {CALIB_CREATION_TIME: '15:59:51'}
# - __serialized_columns__:
#     efficiency:
#       __class__: astropy.units.quantity.Quantity
#       unit: !astropy.units.Unit {unit: '%'}
#       value: !astropy.table.SerializedColumn {name: efficiency}
#     wavelength:
#       __class__: astropy.units.quantity.Quantity
#       unit: !astropy.units.Unit {unit: nm}
#       value: !astropy.table.SerializedColumn {name: wavelength}
# schema: astropy-2.0
wavelength efficiency
[from data line 577]
877.0 0.0023818165573175065
878.0 0.0026618541596690193
879.0 0.0019109220374957658
880.0 0.0693746900651604
881.0 0.09662606753408909
882.0 0.07474338635802269
883.0 0.1036842237226665
884.0 0.06443410529755056
885.0 0.08008863660506904
886.0 0.06913939723744988
887.0 0.09511348325759172
888.0 0.0703016179613769
889.0 0.0963816768489778
890.0 0.06798506947234273
891.0 0.09764902060851455
892.0 0.06805215962231159
893.0 0.10392703115940094
894.0 0.07245075539685786
895.0 0.1008595572784543
896.0 0.08049626485444605
897.0 0.09443294839002192
898.0 0.08834521286189556
899.0 0.12396947713568807
900.0 0.09736305219121277
901.0 0.12160643236711621
902.0 0.15114379348233342
903.0 0.150431040674448
904.0 0.17655770061537623
905.0 0.2029992640018463
906.0 0.2401579637080431
907.0 0.30507626943290234
908.0 0.37010672967880964
909.0 0.49054292030632496
910.0 0.669814320281148
911.0 0.9456438943743706
912.0 1.3795793056488037
913.0 2.031671069562435
914.0 2.898552641272545
915.0 4.236110299825668
916.0 5.916384235024452
917.0 7.888758182525635
918.0 10.271404683589935
919.0 12.620969116687775
920.0 15.903511643409729
921.0 19.251494109630585
922.0 22.478245198726654
923.0 26.23903751373291
924.0 30.303314328193665
925.0 34.874868392944336
926.0 40.50779640674591
927.0 46.818360686302185
928.0 52.558696269989014
929.0 59.008121490478516
930.0 64.93789553642273
931.0 70.97335457801819
932.0 76.78571939468384
933.0 81.91745281219482
934.0 85.94101667404175
935.0 88.93810510635376
936.0 91.38486385345459
937.0 93.2457983493805
938.0 94.53699588775635
939.0 95.27013301849365
940.0 95.78669667243958
941.0 96.12754583358765
942.0 96.37746810913086
943.0 96.57379388809204
944.0 96.9250738620758
945.0 96.96483612060547
946.0 97.12295532226562
947.0 97.14964032173157
948.0 97.28661775588989
949.0 97.16311693191528
950.0 97.28660583496094
951.0 97.28899002075195
952.0 97.34299778938293
953.0 97.49982357025146
954.0 97.55868911743164
955.0 97.63049483299255
956.0 97.84734845161438
957.0 98.04078936576843
958.0 98.1894850730896
959.0 98.33394885063171
960.0 98.45122694969177
961.0 98.55592250823975
962.0 98.64417910575867
963.0 98.69216084480286
964.0 98.725426197052
965.0 98.7683355808258
966.0 98.85327219963074
967.0 98.91955256462097
968.0 98.9423394203186
969.0 98.85809421539307
970.0 98.94962310791016
971.0 99.00780916213989
972.0 99.00265336036682
973.0 99.09703731536865
974.0 99.13066625595093
975.0 99.11783933639526
976.0 99.17231798171997
977.0 99.14239048957825
978.0 99.21478033065796
979.0 99.17955994606018
980.0 99.1514503955841
981.0 99.06418919563293
982.0 99.0170419216156
983.0 99.05365705490112
984.0 98.98642301559448
985.0 98.98625612258911
986.0 98.87809157371521
987.0 98.90792965888977
988.0 98.7874686717987
989.0 98.80237579345703
990.0 98.72565865516663
991.0 98.75069260597229
992.0 98.8348662853241
993.0 98.7366259098053
994.0 98.74566793441772
995.0 98.78044724464417
996.0 98.74731302261353
997.0 98.86026382446289
998.0 98.89326691627502
999.0 98.94610643386841
1000.0 98.96907210350037
1001.0 98.92948269844055
1002.0 99.06576871871948
1003.0 99.05899167060852
1004.0 99.1367757320404
1005.0 99.1415798664093
1006.0 99.2149293422699
1007.0 99.21866655349731
1008.0 99.19087886810303
1009.0 99.17652606964111
1010.0 99.1978406906128
1011.0 99.21402931213379
1012.0 99.11562204360962
1013.0 99.12666082382202
1014.0 99.07690286636353
1015.0 99.03338551521301
1016.0 99.02211427688599
1017.0 99.03724789619446
1018.0 99.10959601402283
1019.0 98.96931052207947
1020.0 99.05332922935486
1021.0 99.15868639945984
1022.0 99.03218746185303
1023.0 99.06863570213318
1024.0 99.0256130695343
1025.0 99.061119556427
1026.0 99.07391667366028
1027.0 99.1746723651886
1028.0 99.15519952774048
1029.0 99.23129081726074
1030.0 99.24531579017639
1031.0 99.2148220539093
1032.0 99.23011064529419
1033.0 99.21051859855652
1034.0 99.27974343299866
1035.0 99.3115484714508
1036.0 99.24401044845581
1037.0 99.28244352340698
1038.0 99.18292760848999
1039.0 99.16327595710754
1040.0 99.08296465873718
1041.0 99.15856122970581
1042.0 99.14411306381226
1043.0 99.06565546989441
1044.0 99.15823340415955
1045.0 98.85842800140381
1046.0 99.02248978614807
1047.0 98.93940687179565
1048.0 99.01773929595947
1049.0 98.93121719360352
1050.0 98.91730546951294
1051.0 98.9560604095459
1052.0 98.87692332267761
1053.0 98.73754978179932
1054.0 99.0592360496521
1055.0 99.05697703361511
1056.0 98.91067147254944
1057.0 99.06641840934753
1058.0 98.82658123970032
1059.0 98.9357054233551
1060.0 99.01177287101746
1061.0 98.99910092353821
1062.0 99.01939034461975
1063.0 99.01313781738281
1064.0 99.11031723022461
1065.0 99.03208017349243
1066.0 99.03520941734314
1067.0 99.1443395614624
1068.0 98.9450991153717
1069.0 98.81249070167542
1070.0 99.27798509597778
1071.0 98.95522594451904
1072.0 99.14316534996033
1073.0 99.2175817489624
1074.0 98.73707890510559
1075.0 98.73638153076172
1076.0 98.68199229240417
1077.0 99.06476140022278
1078.0 98.9592969417572
1079.0 98.84071350097656
1080.0 99.46926832199097
1081.0 98.61053824424744
1082.0 98.67482781410217
1083.0 98.6531674861908
1084.0 99.0246057510376
1085.0 99.0069329738617
1086.0 98.70665669441223
1087.0 98.73483777046204
1088.0 98.59474301338196
1089.0 98.47820997238159
1090.0 98.75648617744446
1091.0 98.71249198913574
1092.0 98.63656163215637
1093.0 98.68988394737244
1094.0 98.41182231903076
1095.0 98.48154187202454
1096.0 98.66783022880554
1097.0 98.42221736907959
1098.0 97.81598448753357
1099.0 98.75789880752563
1100.0 98.10781478881836
