lsstCam/transmission_filter_detector/r30_s12/y_10/19700101T000000.ecsv
# %ECSV 1.0
# ---
# datatype:
# - {name: wavelength, unit: nm, datatype: float32}
# - {name: efficiency, unit: '%', datatype: float64}
# meta: !!omap
# - {MODE: DETECTOR}
# - {TYPE: transmission_filter_detector}
# - {CALIBDATE: '1970-01-01T00:00:00'}
# - {INSTRUME: LSSTCam}
# - {OBSTYPE: transmission_filter_detector}
# - {CALIBCLS: lsst.ip.isr.IntermediateFilterDetectorTransmissionCurve}
# - {SOURCE: Materion (DM-46256)}
# - {DETECTOR: 122}
# - {FILTER: y_10}
# - {CALIB_ID: 'calibDate=1970-01-01T00:00:00 filter=y_10 detector=122'}
# - {DATE: '2025-04-02T15:59:51.308649'}
# - {CALIB_CREATION_DATE: '2025-04-02'}
# - {CALIB_CREATION_TIME: '15:59:51'}
# - __serialized_columns__:
#     efficiency:
#       __class__: astropy.units.quantity.Quantity
#       unit: !astropy.units.Unit {unit: '%'}
#       value: !astropy.table.SerializedColumn {name: efficiency}
#     wavelength:
#       __class__: astropy.units.quantity.Quantity
#       unit: !astropy.units.Unit {unit: nm}
#       value: !astropy.table.SerializedColumn {name: wavelength}
# schema: astropy-2.0
wavelength efficiency
300.0 0.020970746118109673
301.0 0.02171137311961502
302.0 0.02245199866592884
303.0 0.017975167429540306
304.0 0.013498336193151772
305.0 0.011219995212741196
306.0 0.008941651321947575
307.0 0.009104009222937748
308.0 0.00926636639633216
309.0 0.00872335149324499
310.0 0.008180338772945106
311.0 0.005052362394053489
312.0 0.001924386560858693
313.0 0.005282321581034921
314.0 0.008640255691716447
315.0 0.0052656578191090375
316.0 0.0018910590370069258
317.0 0.0026281119062332436
318.0 0.003365164593560621
319.0 0.001489045189373428
320.0 1.6236929335777806e-10
321.0 0.00028622630452446174
322.0 0.0009595277333573904
323.0 0.00281282245850889
324.0 0.004666116728913039
325.0 0.0036428187740966678
326.0 0.002619521001179237
327.0 0.003192144140484743
328.0 0.0037647670978913084
329.0 0.003953092891606502
330.0 0.004141418321523815
331.0 0.0032447151170345023
332.0 0.0023480120944441296
333.0 0.0025667442969279364
334.0 0.0027854763175128028
335.0 0.0018654905943549238
336.0 0.0009455045073991641
337.0 0.0011607469787122682
338.0 0.001375989359075902
339.0 0.0010170120731345378
340.0 0.0006580349690921139
341.0 0.001030403291224502
342.0 0.0014027714314579498
343.0 0.0011760834240703844
344.0 0.0009493954166828189
345.0 0.000802142676548101
346.0 0.0006548900273628533
347.0 0.0008842068382364232
348.0 0.0011135239219584037
349.0 0.0009914105248753913
350.0 0.0008692972187418491
351.0 0.0009401748684467748
352.0 0.0010110524272022303
353.0 0.001286336100747576
354.0 0.0015616196833434515
355.0 0.001505221825937042
356.0 0.0014488238775811624
357.0 0.0013825847418047488
358.0 0.0013163458788767457
359.0 0.0010960289728245698
360.0 0.0008757121577218641
361.0 0.0008250563041656278
362.0 0.0007744004506093916
363.0 0.0008575428182666656
364.0 0.0009406850949744694
365.0 0.0012418564438121393
366.0 0.0015430277926498093
367.0 0.0019035183868254535
368.0 0.0022640087991021574
369.0 0.001988524672924541
370.0 0.0017130410924437456
371.0 0.0015490786609007046
372.0 0.0013851163203071337
373.0 0.0016282900105579756
374.0 0.0018714632460614666
375.0 0.0027706111723091453
376.0 0.0036697594623547047
377.0 0.003941178511013277
378.0 0.00421259792346973
379.0 0.0037779587728437036
380.0 0.0033433199860155582
381.0 0.0026333049390814267
382.0 0.0019232898921472952
383.0 0.0014124775589152705
384.0 0.0009016652256832458
385.0 0.0009286125532526057
386.0 0.0009555598808219656
387.0 0.0006680947990389541
388.0 0.00038062973999331007
389.0 0.00036179678772896295
390.0 0.00034296388093935093
391.0 0.0004702931619249284
392.0 0.0005976223746984033
393.0 0.0006196261892910115
394.0 0.0006416299129341496
395.0 0.0006115649284765823
396.0 0.000581499944019015
397.0 0.000706834771335707
398.0 0.0008321695531776641
399.0 0.0009677315574663226
400.0 0.001103293561754981
401.0 0.001435563899576664
402.0 0.0017678341464488767
403.0 0.0018397920939605683
404.0 0.0019117502233712003
405.0 0.0018349695892538875
406.0 0.0017581889551365748
407.0 0.001715536018309649
408.0 0.0016728830814827234
409.0 0.0014207957974576857
410.0 0.0011687082405842375
411.0 0.0009685599252406973
412.0 0.0007684113370487466
413.0 0.0007375984296231763
414.0 0.0007067856586218113
415.0 0.00044077992242819164
416.0 0.00017477394749221276
417.0 0.00034330291782680433
418.0 0.0005118316494190367
419.0 0.00028458007363951765
420.0 5.73284182792122e-05
421.0 1.6236929335777806e-10
422.0 1.6236929335777806e-10
423.0 1.6236929335777806e-10
424.0 0.0003797470071731368
425.0 0.0003523317445797147
426.0 0.00032491664114786545
427.0 0.0006618526185775409
428.0 0.0009987883458961733
429.0 0.0004962691036780598
430.0 1.6236929335777806e-10
431.0 1.6236929335777806e-10
432.0 2.53645282555226e-06
433.0 3.628678371114802e-05
434.0 7.00370833328634e-05
435.0 0.000274691865342902
436.0 0.00047934677240846213
437.0 0.00022674437332170783
438.0 1.6236929335777806e-10
439.0 0.00039163228393590543
440.0 0.0008091225936368573
441.0 0.0006120949819887755
442.0 0.0004150676431891043
443.0 0.0005488361694006016
444.0 0.000682604695612099
445.0 0.0006147753538243705
446.0 0.0005469458756124368
447.0 0.00045802630666003097
448.0 0.00036910694234393304
449.0 0.0001320077331001812
450.0 1.6236929335777806e-10
451.0 1.69195786270393e-05
452.0 0.00013893051118429867
453.0 0.00012062110954502714
454.0 0.0001023116283249692
455.0 0.0005164020876691211
456.0 0.0009304924788011704
457.0 0.00036094033930567093
458.0 1.6236929335777806e-10
459.0 1.6236929335777806e-10
460.0 1.6236929335777806e-10
461.0 1.6236929335777806e-10
462.0 0.00017951325617104885
463.0 0.00032616003409202676
464.0 0.00047280682338168845
465.0 0.0006038726496626623
466.0 0.0007349385668931063
467.0 0.0009131257684202865
468.0 0.001091313151846407
469.0 0.0013725780263484921
470.0 0.0016538429918000475
471.0 0.0017975999071495607
472.0 0.0019413566406001337
473.0 0.002047879752353765
474.0 0.002154403227905277
475.0 0.002458060407661833
476.0 0.002761717769317329
477.0 0.002856292667274829
478.0 0.0029508673833333887
479.0 0.003474280674709007
480.0 0.003997694147983566
481.0 0.004262199945515022
482.0 0.0045267057430464774
483.0 0.004181268741376698
484.0 0.003835831012111157
485.0 0.0036938148696208373
486.0 0.003551799090928398
487.0 0.003263840699219145
488.0 0.0029758823075098917
489.0 0.002684828359633684
490.0 0.002393774593656417
491.0 0.0020133034922764637
492.0 0.0016328325727954507
493.0 0.0015257052837114315
494.0 0.0014185777217790019
495.0 0.0015507384887314402
496.0 0.0016828991647344083
497.0 0.0015675985196139663
498.0 0.0014522978744935244
499.0 0.001678740227362141
500.0 0.0019051823983318172
501.0 0.0022377354980562814
502.0 0.002570288961578626
503.0 0.0027450536435935646
504.0 0.0029198179618106224
505.0 0.002679225326573942
506.0 0.0024386326913372613
507.0 0.002243129347334616
508.0 0.0020476260033319704
509.0 0.001887505641207099
510.0 0.0017273854609811679
511.0 0.0015833187717362307
512.0 0.0014392519915418234
513.0 0.0018063356037600897
514.0 0.0021734194888267666
515.0 0.001722571141726803
516.0 0.0012717227946268395
517.0 0.0014366372852236964
518.0 0.0016015517758205533
519.0 0.0013020625374338124
520.0 0.0010025732990470715
521.0 0.0011362493751221336
522.0 0.0012699254511971958
523.0 0.0013851423318556044
524.0 0.0015003593034634832
525.0 0.0018958118744194508
526.0 0.0022912645363248885
527.0 0.002199230220867321
528.0 0.002107196269207634
529.0 0.002323438093299046
530.0 0.0025396799173904583
531.0 0.002410711022093892
532.0 0.0022817424905952066
533.0 0.0020797362594748847
534.0 0.0018777300283545628
535.0 0.0016731215509935282
536.0 0.0014685130736324936
537.0 0.0018627144527272321
538.0 0.0022569158318219706
539.0 0.002503962241462432
540.0 0.0027510088330018334
541.0 0.003356526212883182
542.0 0.00396204341086559
543.0 0.0043465384806040674
544.0 0.004731033550342545
545.0 0.004859593173023313
546.0 0.004988153159501962
547.0 0.004471188003662974
548.0 0.003954222484026104
549.0 0.003333419226692058
550.0 0.002712615969358012
551.0 0.0026951294785249047
552.0 0.002677642805792857
553.0 0.0026748733944259584
554.0 0.00267210398305906
555.0 0.0034132997825508937
556.0 0.004154495400143787
557.0 0.0041931703890440986
558.0 0.0042318457417422906
559.0 0.004009605254395865
560.0 0.0037873647670494393
561.0 0.003941299291909672
562.0 0.004095233452972025
563.0 0.003718215521075763
564.0 0.003341197589179501
565.0 0.0035397762985667214
566.0 0.003738354644156061
567.0 0.004002854257123545
568.0 0.004267354233888909
569.0 0.004866715244133957
570.0 0.005466076618176885
571.0 0.005948004400124773
572.0 0.006429931818274781
573.0 0.006512353866128251
574.0 0.006594775913981721
575.0 0.00658834760542959
576.0 0.006581919296877459
577.0 0.005916067311773077
578.0 0.005250214962870814
579.0 0.005261526894173585
580.0 0.005272838825476356
581.0 0.006092810872360133
582.0 0.006912782555446029
583.0 0.008151319343596697
584.0 0.009389857586938888
585.0 0.009857927943812683
586.0 0.010325999755878001
587.0 0.010554742766544223
588.0 0.010783487959997728
589.0 0.010750920046120882
590.0 0.010718355042627081
591.0 0.010063179797725752
592.0 0.009408005280420184
593.0 0.00822090296423994
594.0 0.007033801375655457
595.0 0.006228106212802231
596.0 0.00542241359653417
597.0 0.005755427264375612
598.0 0.006088441296014935
599.0 0.006943100015632808
600.0 0.007797758735250682
601.0 0.00877615821082145
602.0 0.009754556231200695
603.0 0.010381769243394956
604.0 0.011008982983184978
605.0 0.01104017355828546
606.0 0.011071362678194419
607.0 0.010056994506157935
608.0 0.009042627061717212
609.0 0.007213426579255611
610.0 0.005384227551985532
611.0 0.004354094926384278
612.0 0.0033239623007830232
613.0 0.0033710399293340743
614.0 0.0034181175578851253
615.0 0.004258536864654161
616.0 0.005098955807625316
617.0 0.0063352468714583665
618.0 0.007571536843897775
619.0 0.008964767766883597
620.0 0.010358000872656703
621.0 0.010725637548603117
622.0 0.011093276407336816
623.0 0.01166461588582024
624.0 0.012235953181516379
625.0 0.011230254312977195
626.0 0.01022455544443801
627.0 0.00822629954200238
628.0 0.006228044367162511
629.0 0.004893655932391994
630.0 0.003559267133823596
631.0 0.0028879696401418187
632.0 0.002216672510257922
633.0 0.002302006214449648
634.0 0.0023873399186413735
635.0 0.002794241299852729
636.0 0.003201142681064084
637.0 0.003450829171924852
638.0 0.0037005156627856195
639.0 0.004322149106883444
640.0 0.004943782550981268
641.0 0.005207645881455392
642.0 0.005471508848131634
643.0 0.00564763140573632
644.0 0.0058237535995431244
645.0 0.005212855830905028
646.0 0.004601958062266931
647.0 0.003905795165337622
648.0 0.0032096322684083134
649.0 0.002586524533398915
650.0 0.0019634167983895168
651.0 0.001746253292367328
652.0 0.0015290896044461988
653.0 0.0014847487364022527
654.0 0.0014404079593077768
655.0 0.0014255057976697572
656.0 0.0014106036360317376
657.0 0.0014763203580514528
658.0 0.0015420369891216978
659.0 0.001576450995344203
660.0 0.001610865001566708
661.0 0.0016053050785558298
662.0 0.0015997451555449516
663.0 0.0017758808098733425
664.0 0.0019520161004038528
665.0 0.0026134177460335195
666.0 0.0032748193916631863
667.0 0.003941276736441068
668.0 0.004607734445016831
669.0 0.0052004859753651544
670.0 0.005793237505713478
671.0 0.006533609121106565
672.0 0.007273979281308129
673.0 0.007746482879156247
674.0 0.008218986477004364
675.0 0.007984758849488571
676.0 0.007750533404760063
677.0 0.0065458472818136215
678.0 0.005341161522665061
679.0 0.003857952106045559
680.0 0.0023747428713249974
681.0 0.0015737536159576848
682.0 0.0007727647243882529
683.0 0.0007100851689756382
684.0 0.0006474057954619639
685.0 0.0004487558726395946
686.0 0.00025010581339302007
687.0 0.00016069026287368615
688.0 7.127458729883074e-05
689.0 0.0001501314159213507
690.0 0.0002289882331751869
691.0 0.00022986328076513018
692.0 0.00023073821466823574
693.0 0.0003227838988095755
694.0 0.0004148295374761801
695.0 0.00027994531137665035
696.0 0.00014506118759527453
697.0 0.00022546671516465722
698.0 0.00030587229957745876
699.0 0.0002784584467008244
700.0 0.00025104461656155763
701.0 0.000273484783974709
702.0 0.0002959249286504928
703.0 0.00028908859803777887
704.0 0.00028225233563716756
705.0 0.0002437138164168573
706.0 0.00020517529719654704
707.0 0.0003095423608101555
708.0 0.00041390940168639645
709.0 0.0005230590431892779
710.0 0.0006322087301668944
711.0 0.000469186943519162
712.0 0.000306165088659327
713.0 0.00013713663520320551
714.0 1.6236929335777806e-10
715.0 8.38538539937872e-05
716.0 0.00019959952624049038
717.0 0.00015835538533792715
718.0 0.0001171112103293126
719.0 0.00018330721331949462
720.0 0.0002495032731530955
721.0 0.0005196468464419013
722.0 0.0007897905561549123
723.0 0.0005011859229853144
724.0 0.00021258128981571645
725.0 0.00028095744255551836
726.0 0.0003493335725579527
727.0 0.000258805584962829
728.0 0.00016827775652927812
729.0 0.0003664146561277448
730.0 0.0005645514647767413
731.0 0.00041465191316092387
732.0 0.0002647523615451064
733.0 0.00048237907321890816
734.0 0.0007000059667916503
735.0 0.0003846840172627708
736.0 6.936214731467771e-05
737.0 0.0001385269342790707
738.0 0.00020769173261214746
739.0 0.00020922768726450158
740.0 0.00021076371012895834
741.0 0.00021151827240828425
742.0 0.00021227283468761016
743.0 0.0004225738393870415
744.0 0.0006328747986117378
745.0 0.0005812398285343079
746.0 0.0005296046310832025
747.0 0.0004399589215609012
748.0 0.00035031309835176216
749.0 0.000349982133229787
750.0 0.0003496511453704443
751.0 0.0005997184871375794
752.0 0.0008497859198541846
753.0 0.0005053133463661652
754.0 0.00016084076150946203
755.0 0.0005161502485862002
756.0 0.0008714597242942546
757.0 0.0005974533451080788
758.0 0.00032344703413400566
759.0 0.0002804009682222386
760.0 0.00023735483409836888
761.0 0.0005450763637782075
762.0 0.0008527978025085758
763.0 0.0006378154466801789
764.0 0.00042283286347810645
765.0 0.0003664956921056728
766.0 0.0003101586116827093
767.0 0.00045546730689238757
768.0 0.0006007761385262711
769.0 0.0006429596851376118
770.0 0.0006851432772236876
771.0 0.0008137167242239229
772.0 0.0009422901712241583
773.0 0.0006135983312560711
774.0 0.00028490649128798395
775.0 0.00023878508272900945
776.0 0.0001926638105942402
777.0 0.00014033115576239652
778.0 8.799835882200568e-05
779.0 0.0005331840839062352
780.0 0.0009783699169929605
781.0 0.0007698136869294103
782.0 0.0005612574113911251
783.0 0.0006293283149716444
784.0 0.0006973991276026936
785.0 0.0005506641628016951
786.0 0.00040392892515228596
787.0 0.00022925516987015726
788.0 5.458130658553273e-05
789.0 0.0003105972609773744
790.0 0.0005666131983161904
791.0 0.0006321312866930384
792.0 0.0006976492386456812
793.0 0.0008644975423521828
794.0 0.0010313458005839493
795.0 0.0008244926902989391
796.0 0.0006176395800139289
797.0 0.0005881130618945463
798.0 0.0005585863164014881
799.0 0.0005004973445466021
800.0 0.00044240846364118624
801.0 0.0006050049705663696
802.0 0.0007676017048652284
803.0 0.0008058750609052368
804.0 0.0008441484169452451
805.0 0.0007477276540157618
806.0 0.0006513067091873381
807.0 0.00029707773592235753
808.0 1.6236929335777806e-10
809.0 0.00034428192066116026
810.0 0.0007457152150891488
811.0 0.0006541307357110782
812.0 0.0005625462563330075
813.0 0.0006753028173989151
814.0 0.0007880593329900876
815.0 0.0007909948180895299
816.0 0.0007939301212900318
817.0 0.0007713257218711078
818.0 0.0007487213679269189
819.0 0.0008235067070927471
820.0 0.00089829190983437
821.0 0.001024676748784259
822.0 0.0011510614967846777
823.0 0.0009012783266371116
824.0 0.0006514952929137507
825.0 0.0008910044925869443
826.0 0.001130513828684343
827.0 0.0006015930921421386
828.0 7.267231012519915e-05
829.0 0.0002807752935041208
830.0 0.0004888783223577775
831.0 0.0005321401204128051
832.0 0.0005754021458415082
833.0 0.0008352722034032922
834.0 0.001095142124540871
835.0 0.0010687341273296624
836.0 0.001042326221067924
837.0 0.0006489914085250348
838.0 0.00025565677788108587
839.0 0.00039569881664647255
840.0 0.0005357409008865943
841.0 0.0009851121831161436
842.0 0.001434483510820428
843.0 0.0012899889043183066
844.0 0.0011454942978161853
845.0 0.0007543534138676478
846.0 0.00036321237075753743
847.0 0.0008223997610912193
848.0 0.001281587356061209
849.0 0.001070517100743018
850.0 0.0008594468454248272
851.0 0.0008098878424789291
852.0 0.0007603289304825012
853.0 0.0008628605428384617
854.0 0.0009653921551944222
855.0 0.0008539078407920897
856.0 0.0007424234809150221
857.0 0.0008865275958669372
858.0 0.0010306317562935874
859.0 0.0007940221621538512
860.0 0.0005574128408625256
861.0 0.0010601745998428669
862.0 0.001562936267873738
863.0 0.0016505204257555306
864.0 0.0017381042198394425
865.0 0.0020126190065639094
866.0 0.002287133611389436
867.0 0.0024917504561017267
868.0 0.002696366937016137
869.0 0.0028325661332928576
870.0 0.0029687649657716975
871.0 0.0032947773433988914
872.0 0.0036207897210260853
873.0 0.0029970795367262326
874.0 0.0023733697162242606
875.0 0.002237574335595127
