lsstCam/transmission_filter_detector/r30_s12/z_20/19700101T000000.ecsv
# %ECSV 1.0
# ---
# datatype:
# - {name: wavelength, unit: nm, datatype: float32}
# - {name: efficiency, unit: '%', datatype: float64}
# meta: !!omap
# - {MODE: DETECTOR}
# - {TYPE: transmission_filter_detector}
# - {CALIBDATE: '1970-01-01T00:00:00'}
# - {INSTRUME: LSSTCam}
# - {OBSTYPE: transmission_filter_detector}
# - {CALIBCLS: lsst.ip.isr.IntermediateFilterDetectorTransmissionCurve}
# - {SOURCE: Materion (DM-46256)}
# - {DETECTOR: 122}
# - {FILTER: z_20}
# - {CALIB_ID: 'calibDate=1970-01-01T00:00:00 filter=z_20 detector=122'}
# - {DATE: '2025-04-02T15:59:49.204757'}
# - {CALIB_CREATION_DATE: '2025-04-02'}
# - {CALIB_CREATION_TIME: '15:59:49'}
# - __serialized_columns__:
#     efficiency:
#       __class__: astropy.units.quantity.Quantity
#       unit: !astropy.units.Unit {unit: '%'}
#       value: !astropy.table.SerializedColumn {name: efficiency}
#     wavelength:
#       __class__: astropy.units.quantity.Quantity
#       unit: !astropy.units.Unit {unit: nm}
#       value: !astropy.table.SerializedColumn {name: wavelength}
# schema: astropy-2.0
wavelength efficiency
300.0 0.3758427919819951
301.0 0.3196274396032095
302.0 0.2634120639413595
303.0 0.24011728819459677
304.0 0.21682251244783401
305.0 0.18328208243474364
306.0 0.14974161749705672
307.0 0.15137232840061188
308.0 0.15300301602110267
309.0 0.13795767445117235
310.0 0.12291232123970985
311.0 0.11804752284660935
312.0 0.11318273609504104
313.0 0.10765099432319403
314.0 0.10211925255134702
315.0 0.08970796479843557
316.0 0.07729667704552412
317.0 0.07463786168955266
318.0 0.07197904051281512
319.0 0.06758031086064875
320.0 0.06318158702924848
321.0 0.061365857254713774
322.0 0.05955012748017907
323.0 0.05628545768558979
324.0 0.0530207937117666
325.0 0.05051632761023939
326.0 0.04801185859832913
327.0 0.04254760569892824
328.0 0.0370833498891443
329.0 0.034707863233052194
330.0 0.03233237366657704
331.0 0.03331973566673696
332.0 0.034307094756513834
333.0 0.029967149021103978
334.0 0.025627200375311077
335.0 0.025893570273183286
336.0 0.02615994308143854
337.0 0.021819054381921887
338.0 0.017478167137596756
339.0 0.018494247342459857
340.0 0.01951033336808905
341.0 0.017343764193356037
342.0 0.015177195018623024
343.0 0.015402583812829107
344.0 0.015627975517418236
345.0 0.013801328896079212
346.0 0.011974678636761382
347.0 0.01353067927993834
348.0 0.015086676285136491
349.0 0.013825247879140079
350.0 0.012563816562760621
351.0 0.012569938553497195
352.0 0.012576063454616815
353.0 0.012474939285311848
354.0 0.012373818026389927
355.0 0.011663205805234611
356.0 0.010952593584079295
357.0 0.01069787540473044
358.0 0.010443157952977344
359.0 0.010347342322347686
360.0 0.010251527419313788
361.0 0.010257626126985997
362.0 0.010263726289849728
363.0 0.009748445154400542
364.0 0.009233164018951356
365.0 0.009134011634159833
366.0 0.009034857794176787
367.0 0.008521646668668836
368.0 0.008008433360373601
369.0 0.00859168721945025
370.0 0.009174943261314183
371.0 0.008201680611819029
372.0 0.007228418689919636
373.0 0.007169457239797339
374.0 0.007110495789675042
375.0 0.0060213933466002345
376.0 0.004932290903525427
377.0 0.0047733919927850366
378.0 0.004614493082044646
379.0 0.005199847146286629
380.0 0.005785201210528612
381.0 0.005816016346216202
382.0 0.005846831118105911
383.0 0.005196403435547836
384.0 0.0045459757529897615
385.0 0.004291391087463126
386.0 0.00403680642193649
387.0 0.004447753235581331
388.0 0.004858700049226172
389.0 0.004732876186608337
390.0 0.0046070523239905015
391.0 0.004107099812244996
392.0 0.0036071469367016107
393.0 0.003740940155694261
394.0 0.0038747333746869117
395.0 0.0035645174648379907
396.0 0.0032543015549890697
397.0 0.0036214387364452705
398.0 0.0039885755541035905
399.0 0.004047528636874631
400.0 0.0041064817196456715
401.0 0.004538924986263737
402.0 0.004971368616679683
403.0 0.004312767487135716
404.0 0.0036541663575917482
405.0 0.003931605169782415
406.0 0.004209043618175201
407.0 0.00454371802334208
408.0 0.00487839279230684
409.0 0.00405375576519873
410.0 0.0032291187380906194
411.0 0.003889901199727319
412.0 0.004550683661364019
413.0 0.0046653705794597045
414.0 0.00478005749755539
415.0 0.004560167144518346
416.0 0.004340277519077063
417.0 0.0032527383154956624
418.0 0.002165199111914262
419.0 0.003007091254403349
420.0 0.003848983033094555
421.0 0.003325732541270554
422.0 0.0028024818675476126
423.0 0.003152849239995703
424.0 0.003503216794342734
425.0 0.003016744631167967
426.0 0.0025302722860942595
427.0 0.0029938824809505604
428.0 0.003457492493907921
429.0 0.003076878419960849
430.0 0.0026962647098116577
431.0 0.002030760697380174
432.0 0.0013652565030497499
433.0 0.0019157012502546422
434.0 0.002466145815560594
435.0 0.003117155938525684
436.0 0.003768166061490774
437.0 0.0032193802326219156
438.0 0.0026705942218541168
439.0 0.002305250927747693
440.0 0.001939907633641269
441.0 0.002230333848274313
442.0 0.002520760244806297
443.0 0.002399410914222244
444.0 0.0022780617655371316
445.0 0.0019757018890231848
446.0 0.0016733421944081783
447.0 0.00212415889109252
448.0 0.0025749757696758024
449.0 0.002389700966887176
450.0 0.0022044261640985496
451.0 0.002018617306021042
452.0 0.001832808629842475
453.0 0.0017441427189623937
454.0 0.001655476626183372
455.0 0.001767115645634476
456.0 0.001878755028883461
457.0 0.001598689595994074
458.0 0.0013186241631046869
459.0 0.001712396442599129
460.0 0.002106168722093571
461.0 0.0016025573131628335
462.0 0.0010989460861310363
463.0 0.001200579026772175
464.0 0.001302212149312254
465.0 0.0012276067536731716
466.0 0.0011530015399330296
467.0 0.0010236216439807322
468.0 0.0008942415661294945
469.0 0.0009648168997955509
470.0 0.0010353922334616072
471.0 0.0012267386409803294
472.0 0.0014180851394485217
473.0 0.0014238859876058996
474.0 0.0014296868357632775
475.0 0.0014595177162846085
476.0 0.0014893485058564693
477.0 0.0015099256415851414
478.0 0.001530502959212754
479.0 0.0017700342141324654
480.0 0.0020095658328500576
481.0 0.0016659045286360197
482.0 0.001322243315371452
483.0 0.0012434203199518379
484.0 0.0011645972335827537
485.0 0.001177544254460372
486.0 0.0011904913662874606
487.0 0.0011736344276869204
488.0 0.0011567777619347908
489.0 0.0013379771189647727
490.0 0.0015191765669442248
491.0 0.0015967934814398177
492.0 0.0016744104868848808
493.0 0.0017254948033951223
494.0 0.0017765794837032445
495.0 0.00170098301168764
496.0 0.0016253865396720357
497.0 0.0017921964172273874
498.0 0.0019590064766816795
499.0 0.001778051046130713
500.0 0.0015970956155797467
501.0 0.0013328441127669066
502.0 0.0010685927009035368
503.0 0.0009467767085880041
504.0 0.0008249605343735311
505.0 0.001509222602180671
506.0 0.00219348421524046
507.0 0.0015520512533839792
508.0 0.000910618018679088
509.0 0.0009903516911435872
510.0 0.0010700851817091461
511.0 0.0010651626325852703
512.0 0.0010602399015624542
513.0 0.0010827951882674824
514.0 0.0011053502930735704
515.0 0.0011299539437459316
516.0 0.0011545573215698823
517.0 0.0010643738278304227
518.0 0.0009741905159899034
519.0 0.0011707644262060057
520.0 0.0013673384273715783
521.0 0.0013831434444000479
522.0 0.0013989484614285175
523.0 0.0015695453839725815
524.0 0.0017401422155671753
525.0 0.0015543131667072885
526.0 0.0013684841178474016
527.0 0.0013135551853338256
528.0 0.0012586262528202496
529.0 0.0012375100595818367
530.0 0.001216393957292894
531.0 0.0014102300156082492
532.0 0.001604066346772015
533.0 0.0016188594599952921
534.0 0.0016336527551175095
535.0 0.0016168760339496657
536.0 0.0016000994946807623
537.0 0.001496322965977015
538.0 0.0013925468010711484
539.0 0.0012001271898043342
540.0 0.00100770757853752
541.0 0.001072989653039258
542.0 0.001138271727540996
543.0 0.0009902796591632068
544.0 0.0008422876817348879
545.0 0.0010852928426174913
546.0 0.0013282980035000946
547.0 0.0014336877029563766
548.0 0.0015390773114631884
549.0 0.0018869282939704135
550.0 0.002234779458376579
551.0 0.002127622974512633
552.0 0.0020204666725476272
553.0 0.0019522272850736044
554.0 0.001883988079498522
555.0 0.001649330988584552
556.0 0.0014146737157716416
557.0 0.0014186678527039476
558.0 0.001422662262484664
559.0 0.001337002049695002
560.0 0.00125134192785481
561.0 0.0012143465937697329
562.0 0.0011773514415835962
563.0 0.0014552620996255428
564.0 0.0017331729395664297
565.0 0.001814471215766389
566.0 0.0018957698557642289
567.0 0.002017617953242734
568.0 0.0021394656869233586
569.0 0.002363460043852683
570.0 0.002587454036984127
571.0 0.002650141323101707
572.0 0.002712828791118227
573.0 0.002246718213427812
574.0 0.001780607271939516
575.0 0.0017586535250302404
576.0 0.001736699414323084
577.0 0.0018409009499009699
578.0 0.001945102121680975
579.0 0.0019222314222133718
580.0 0.0018993605408468284
581.0 0.0021031450160080567
582.0 0.0023069293092703447
583.0 0.001965990122698713
584.0 0.0016250507542281412
585.0 0.0020049252270837314
586.0 0.002384799881838262
587.0 0.0020149434931227006
588.0 0.0016450872863060795
589.0 0.0016259065887425095
590.0 0.0016067260730778798
591.0 0.0016082680303952657
592.0 0.0016098098058137111
593.0 0.001004988189379219
594.0 0.0004001666184194619
595.0 0.0007518466190958861
596.0 0.001103526483348105
597.0 0.0008120022357616108
598.0 0.0005204778062761761
599.0 0.0008253973646787927
600.0 0.001130316832131939
601.0 0.0009391676030645613
602.0 0.0007480183285224484
603.0 0.0011888278095284477
604.0 0.0016296371541102417
605.0 0.001267427796847187
606.0 0.0009052185305336025
607.0 0.000849985644890694
608.0 0.0007947529411467258
609.0 0.0007622278644703329
610.0 0.0007297028787434101
611.0 0.001011649328575004
612.0 0.0012935957784065977
613.0 0.0013698480870516505
614.0 0.0014461010323429946
615.0 0.0014367707990459166
616.0 0.0014274405657488387
617.0 0.0016298785340040922
618.0 0.0018323167751077563
619.0 0.0016897367459023371
620.0 0.0015471565347979777
621.0 0.0014999750419519842
622.0 0.001452793731004931
623.0 0.0011466777323221322
624.0 0.000840561551740393
625.0 0.0012219786185596604
626.0 0.0016033956853789277
627.0 0.0018657139662536792
628.0 0.0021280322471284308
629.0 0.002086040512949694
630.0 0.002044048596872017
631.0 0.002401267920504324
632.0 0.0027584872441366315
633.0 0.0029834083761670627
634.0 0.003208329144399613
635.0 0.005698502718587406
636.0 0.00818867702037096
637.0 0.014969278709031641
638.0 0.02174988330807537
639.0 0.0198003719560802
640.0 0.017850864969659597
641.0 0.01561074168421328
642.0 0.013370616943575442
643.0 0.009571372356731445
644.0 0.005772127042291686
645.0 0.0061899372667539865
646.0 0.006607747491216287
647.0 0.006214562017703429
648.0 0.005821377271786332
649.0 0.0047043249651324
650.0 0.0035872730222763494
651.0 0.0036664634535554796
652.0 0.003745653521036729
653.0 0.0030871753551764414
654.0 0.0024286975531140342
655.0 0.0023286098439712077
656.0 0.002228521952929441
657.0 0.002578026214905549
658.0 0.0029275302949827164
659.0 0.002453024899295997
660.0 0.0019785196855082177
661.0 0.0024048729756032117
662.0 0.002831226447597146
663.0 0.0023975515432539396
664.0 0.001963876638910733
665.0 0.001757622703735251
666.0 0.0015513687685597688
667.0 0.0013913433576817624
668.0 0.0012313176739553455
669.0 0.0013243161447462626
670.0 0.0014173146155371796
671.0 0.0014687894690723624
672.0 0.001520264231658075
673.0 0.001527896529296413
674.0 0.0015355288269347511
675.0 0.00129565405586618
676.0 0.001055779375747079
677.0 0.0013395312635111623
678.0 0.001623283424123656
679.0 0.0016928293916862458
680.0 0.0017623759049456567
681.0 0.002045858491328545
682.0 0.0023293416234082542
683.0 0.002613645847304724
684.0 0.0028979498893022537
685.0 0.002449133353366051
686.0 0.0020003164536319673
687.0 0.002051733281405177
688.0 0.002103150291077327
689.0 0.002334650343982503
690.0 0.002566150578786619
691.0 0.0022960082787903957
692.0 0.0020258659787941724
693.0 0.0023924139895825647
694.0 0.0027589621822698973
695.0 0.0033725191315170377
696.0 0.0039860762626631185
697.0 0.0041682375012896955
698.0 0.0043503987399162725
699.0 0.005760267231380567
700.0 0.0071701331762596965
701.0 0.007177445513661951
702.0 0.007184755668276921
703.0 0.00667561762384139
704.0 0.006166479579405859
705.0 0.005005790808354504
706.0 0.0038451024011010304
707.0 0.003405384995858185
708.0 0.00296566777251428
709.0 0.003609785926528275
710.0 0.0042539042624412104
711.0 0.00407184379582759
712.0 0.0038897829654160887
713.0 0.003124986687907949
714.0 0.0023601900466019288
715.0 0.002336937359359581
716.0 0.002313684490218293
717.0 0.0019336865079822019
718.0 0.0015536887076450512
719.0 0.0015966277715051547
720.0 0.0016395670172641985
721.0 0.002072961797239259
722.0 0.0025063565772143193
723.0 0.002535288149374537
724.0 0.002564219721534755
725.0 0.0015675519534852356
726.0 0.0005708845947083319
727.0 0.0010104019565915223
728.0 0.0014499191820505075
729.0 0.0012070089724147692
730.0 0.000964098762779031
731.0 0.000632497858532588
732.0 0.0003008969315487775
733.0 0.0007957803063618485
734.0 0.0012906638403364923
735.0 0.0013232774108473677
736.0 0.0013558909813582432
737.0 0.001175281431642361
738.0 0.0009946717000275385
739.0 0.0013948487321613356
740.0 0.0017950260371435434
741.0 0.001528363827674184
742.0 0.0012617016182048246
743.0 0.001297806556976866
744.0 0.0013339114957489073
745.0 0.0016129057257785462
746.0 0.0018919001377071254
747.0 0.0019558414351195097
748.0 0.0020197829144308344
749.0 0.002647419387358241
750.0 0.003275055860285647
751.0 0.0028976903195143677
752.0 0.002520325142540969
753.0 0.0024786137146293186
754.0 0.0024369024686166085
755.0 0.002241579204564914
756.0 0.002046255576715339
757.0 0.0022459582396550104
758.0 0.0024456607206957415
759.0 0.002502115603419952
760.0 0.0025585703042452224
761.0 0.004554915358312428
762.0 0.006551259866682813
763.0 0.006142295023892075
764.0 0.005733332363888621
765.0 0.005075477383797988
766.0 0.004417623495100997
767.0 0.004338217331678607
768.0 0.004258811168256216
769.0 0.005158834392204881
770.0 0.006058858343749307
771.0 0.005189953662920743
772.0 0.00432104934589006
773.0 0.004109696965315379
774.0 0.003898344948538579
775.0 0.05301638157106936
776.0 1.6236929335777806e-10
777.0 1.6236929335777806e-10
778.0 1.6236929335777806e-10
779.0 0.014641578309237957
780.0 1.6236929335777806e-10
781.0 1.6236929335777806e-10
782.0 0.09096353314816952
783.0 1.6236929335777806e-10
784.0 1.6236929335777806e-10
785.0 0.09219633066095412
786.0 0.04821385955438018
787.0 0.061593286227434874
788.0 0.08300367626361549
789.0 0.13385210186243057
790.0 0.017044704873114824
791.0 1.6236929335777806e-10
792.0 1.6236929335777806e-10
793.0 0.04551637975964695
794.0 0.08789218263700604
795.0 0.04049322160426527
796.0 0.1778957201167941
797.0 0.09834227384999394
798.0 0.1022866927087307
799.0 0.17498916713520885
800.0 0.2569414209574461
801.0 0.4728549160063267
802.0 0.8674333803355694
803.0 1.3275726698338985
804.0 2.1714871749281883
805.0 3.390101343393326
806.0 4.7241512686014175
807.0 6.87461793422699
808.0 9.0591199696064
809.0 12.049004435539246
810.0 15.324018895626068
811.0 18.336500227451324
812.0 21.442881226539612
813.0 24.4783878326416
814.0 27.911922335624695
815.0 32.60628283023834
816.0 37.79070973396301
817.0 43.657106161117554
818.0 49.77435767650604
819.0 56.22400641441345
820.0 63.773441314697266
821.0 71.51014804840088
822.0 77.44620442390442
823.0 82.4003517627716
824.0 87.57023215293884
825.0 91.2451446056366
826.0 94.5118248462677
827.0 96.25363945960999
828.0 98.5819935798645
829.0 99.1394579410553
830.0 98.73114228248596
831.0 99.1205632686615
832.0 98.49653840065002
833.0 99.61967468261719
834.0 98.50293397903442
835.0 99.08725023269653
836.0 98.97352457046509
837.0 99.0495502948761
838.0 98.28875064849854
839.0 98.43032956123352
840.0 98.53193163871765
841.0 99.44683909416199
842.0 99.4606077671051
843.0 99.79584813117981
844.0 98.22890758514404
845.0 98.49892258644104
846.0 98.72176051139832
847.0 98.90909194946289
848.0 99.56082701683044
849.0 98.96499514579773
850.0 97.98632264137268
851.0 99.07708764076233
852.0 99.33084845542908
853.0 98.47259521484375
854.0 99.69980716705322
855.0 98.46225380897522
856.0 99.08347725868225
857.0 97.70548343658447
858.0 98.48685264587402
859.0 98.81955981254578
860.0 98.71635437011719
861.0 98.63726496696472
862.0 98.88530373573303
863.0 98.28722476959229
864.0 99.5692789554596
865.0 99.63481426239014
866.0 98.59641790390015
867.0 99.32881593704224
868.0 99.26843643188477
869.0 98.7568199634552
870.0 97.882741689682
871.0 98.77038598060608
872.0 99.20628666877747
873.0 99.1203248500824
874.0 99.7593343257904
875.0 99.05697107315063
876.0 98.92247915267944
877.0 99.54783916473389
878.0 99.33496713638306
879.0 98.55003952980042
880.0 98.94341826438904
881.0 99.62164163589478
882.0 98.88942837715149
883.0 98.70890378952026
884.0 99.04610514640808
885.0 99.01868104934692
886.0 98.78939986228943
887.0 98.97012114524841
888.0 98.8504707813263
889.0 99.48549270629883
890.0 98.22465777397156
891.0 99.34535026550293
892.0 98.79465103149414
893.0 98.9479660987854
894.0 98.30816984176636
895.0 99.17300939559937
896.0 98.98716807365417
