lsstCam/transmission_filter_detector/r30_s12/z_20/19700101T000000.ecsv
# %ECSV 1.0
# ---
# datatype:
# - {name: wavelength, unit: nm, datatype: float32}
# - {name: efficiency, unit: '%', datatype: float64}
# meta: !!omap
# - {MODE: DETECTOR}
# - {TYPE: transmission_filter_detector}
# - {CALIBDATE: '1970-01-01T00:00:00'}
# - {INSTRUME: LSSTCam}
# - {OBSTYPE: transmission_filter_detector}
# - {CALIBCLS: lsst.ip.isr.IntermediateFilterDetectorTransmissionCurve}
# - {SOURCE: Materion (DM-46256)}
# - {DETECTOR: 122}
# - {FILTER: z_20}
# - {CALIB_ID: 'calibDate=1970-01-01T00:00:00 filter=z_20 detector=122'}
# - {DATE: '2025-04-02T15:59:49.204757'}
# - {CALIB_CREATION_DATE: '2025-04-02'}
# - {CALIB_CREATION_TIME: '15:59:49'}
# - __serialized_columns__:
#     efficiency:
#       __class__: astropy.units.quantity.Quantity
#       unit: !astropy.units.Unit {unit: '%'}
#       value: !astropy.table.SerializedColumn {name: efficiency}
#     wavelength:
#       __class__: astropy.units.quantity.Quantity
#       unit: !astropy.units.Unit {unit: nm}
#       value: !astropy.table.SerializedColumn {name: wavelength}
# schema: astropy-2.0
wavelength efficiency
[from data line 598]
898.0 98.4919011592865
899.0 98.3718752861023
900.0 98.90284538269043
901.0 99.276602268219
902.0 99.18183088302612
903.0 99.01294708251953
904.0 97.97349572181702
905.0 98.63155484199524
906.0 98.02966713905334
907.0 98.88036847114563
908.0 98.24681878089905
909.0 98.19797873497009
910.0 98.3033537864685
911.0 96.84844017028809
912.0 96.09028100967407
913.0 95.19959092140198
914.0 92.95225739479065
915.0 90.51257967948914
916.0 88.27533721923828
917.0 86.79394721984863
918.0 83.07322263717651
919.0 82.15039372444153
920.0 79.52814102172852
921.0 75.4568874835968
922.0 71.10669016838074
923.0 65.47249555587769
924.0 59.88735556602478
925.0 54.35447096824646
926.0 48.358261585235596
927.0 41.29379391670227
928.0 35.2399617433548
929.0 29.107752442359924
930.0 23.374739289283752
931.0 18.2155579328537
932.0 12.838786840438843
933.0 8.45864936709404
934.0 5.449244007468224
935.0 3.304740786552429
936.0 1.8531164154410362
937.0 1.200033724308014
938.0 0.8055689744651318
939.0 0.3929322585463524
940.0 0.2853462239727378
941.0 0.23017378989607096
942.0 0.1794179785065353
943.0 0.024078323622234166
944.0 0.04448189283721149
945.0 0.021176830341573805
946.0 1.6236929335777806e-10
947.0 0.08260244503617287
948.0 1.6236929335777806e-10
949.0 0.0056741020671324804
950.0 1.6236929335777806e-10
951.0 1.6236929335777806e-10
952.0 1.6236929335777806e-10
953.0 1.6236929335777806e-10
954.0 1.6236929335777806e-10
955.0 0.00672319729346782
956.0 1.6236929335777806e-10
957.0 1.6236929335777806e-10
958.0 1.6236929335777806e-10
959.0 0.15914556570351124
960.0 0.14974054647609591
961.0 1.6236929335777806e-10
962.0 1.6236929335777806e-10
963.0 0.018886500038206577
964.0 0.029068655567243695
965.0 0.027577162836678326
966.0 0.027733028400689363
967.0 0.04557975917123258
968.0 0.05249711102806032
969.0 0.03196321486029774
970.0 1.6236929335777806e-10
971.0 0.0015569979950669222
972.0 1.6236929335777806e-10
973.0 1.6236929335777806e-10
974.0 1.6236929335777806e-10
975.0 1.6236929335777806e-10
976.0 0.006287806900218129
977.0 0.006172256689751521
978.0 0.006056706843082793
979.0 0.00591991665714886
980.0 0.005783126107417047
981.0 0.0056208686146419495
982.0 0.005458610758068971
983.0 0.005294505172059871
984.0 0.00513039885845501
985.0 0.005118346962262876
986.0 0.005106295429868624
987.0 0.005060354669694789
988.0 0.005014414273318835
989.0 0.004923165397485718
990.0 0.004831916521652602
991.0 0.004670662747230381
992.0 0.004509409336606041
993.0 0.004561499008559622
994.0 0.004613588680513203
995.0 0.004440761767909862
996.0 0.004267934855306521
997.0 0.004310960503062233
998.0 0.004353986150817946
999.0 0.004463605364435352
1000.0 0.00457322494185064
1001.0 0.004439434269443154
1002.0 0.0043056439608335495
1003.0 0.004274658931535669
1004.0 0.0042436742660356686
1005.0 0.004197920497972518
1006.0 0.004152167093707249
1007.0 0.004180606265435927
1008.0 0.004209045073366724
1009.0 0.004135063863941468
1010.0 0.004061082290718332
1011.0 0.0040388080378761515
1012.0 0.00401653342123609
1013.0 0.004132161848247051
1014.0 0.004247790275258012
1015.0 0.0041862229409161955
1016.0 0.004124655606574379
1017.0 0.00429119827458635
1018.0 0.004457741306396201
1019.0 0.004375475327833556
1020.0 0.004293209713068791
1021.0 0.004208504833513871
1022.0 0.004123799953958951
1023.0 0.004276315667084418
1024.0 0.004428831016412005
1025.0 0.004375928619992919
1026.0 0.004323026587371714
1027.0 0.0042682895582402125
1028.0 0.00421355216531083
1029.0 0.0043381824070820585
1030.0 0.004462812648853287
1031.0 0.004496858309721574
1032.0 0.004530903970589861
1033.0 0.004586395880323835
1034.0 0.004641888153855689
1035.0 0.004828054443350993
1036.0 0.005014220732846297
1037.0 0.005107701872475445
1038.0 0.005201183375902474
1039.0 0.0052191731811035424
1040.0 0.00523716262250673
1041.0 0.005101973511045799
1042.0 0.004966784763382748
1043.0 0.005314556983648799
1044.0 0.005662329203914851
1045.0 0.005903032797505148
1046.0 0.0061437363910954446
1047.0 0.006021292938385159
1048.0 0.005898850577068515
1049.0 0.006155396840767935
1050.0 0.006411943468265235
1051.0 0.006667810521321371
1052.0 0.0069236768467817456
1053.0 0.007216154335765168
1054.0 0.007508629641961306
1055.0 0.007208980969153345
1056.0 0.006909330113558099
1057.0 0.007436671148752794
1058.0 0.007964013639139012
1059.0 0.007939950592117384
1060.0 0.00791588900028728
1061.0 0.008250254904851317
1062.0 0.008584621537011117
1063.0 0.00859771971590817
1064.0 0.008610820077592507
1065.0 0.008878816879587248
1066.0 0.009146812226390466
1067.0 0.00934669587877579
1068.0 0.009546579531161115
1069.0 0.009833857620833442
1070.0 0.010121134255314246
1071.0 0.010204541467828676
1072.0 0.010287948680343106
1073.0 0.01055937318596989
1074.0 0.01083079696400091
1075.0 0.01081696100300178
1076.0 0.010803124314406887
1077.0 0.011915451614186168
1078.0 0.013027781096752733
1079.0 0.012623736984096467
1080.0 0.012219694326631725
1081.0 0.013240161933936179
1082.0 0.014260629541240633
1083.0 0.014345397357828915
1084.0 0.014430162264034152
1085.0 0.014415988698601723
1086.0 0.014401815133169293
1087.0 0.01479166530771181
1088.0 0.015181519847828895
1089.0 0.014894628839101642
1090.0 0.014607740740757436
1091.0 0.01584467536304146
1092.0 0.01708161144051701
1093.0 0.01738198334351182
1094.0 0.017682356701698154
1095.0 0.01783597399480641
1096.0 0.01798958983272314
1097.0 0.01852503773989156
1098.0 0.019060485647059977
1099.0 0.019757042173296213
1100.0 0.020453597244340926
1101.0 0.021846522577106953
1102.0 0.023239446454681456
1103.0 0.02389230503467843
1104.0 0.02454516652505845
1105.0 0.02471267944201827
1106.0 0.024880192358978093
1107.0 0.026120661641471088
1108.0 0.027361130923964083
1109.0 0.028256079531274736
1110.0 0.02915103395935148
1111.0 0.029572643688879907
1112.0 0.02999425632879138
1113.0 0.030893654911778867
1114.0 0.0317930564051494
1115.0 0.03191674768459052
1116.0 0.03204043605364859
1117.0 0.03173162986058742
1118.0 0.031422823667526245
1119.0 0.03380876732990146
1120.0 0.03619471099227667
1121.0 0.03733570338226855
1122.0 0.03847669286187738
1123.0 0.04014056466985494
1124.0 0.041804436477832496
1125.0 0.04336372367106378
1126.0 0.04492301377467811
1127.0 0.04556416824925691
1128.0 0.04620532563421875
1129.0 0.04891413263976574
1130.0 0.05162294255569577
1131.0 0.055838836124166846
1132.0 0.06005473551340401
1133.0 0.058223819360136986
1134.0 0.05639290320686996
1135.0 0.062024773797020316
1136.0 0.06765665020793676
1137.0 0.07359261508099735
1138.0 0.07952858577482402
1139.0 0.08432701579295099
1140.0 0.08912545745261014
1141.0 0.10179498931393027
1142.0 0.11446450371295214
1143.0 0.15597195597365499
1144.0 0.19747940823435783
1145.0 0.44427369721233845
1146.0 0.6910679396241903
1147.0 1.1621128767728806
1148.0 1.633157953619957
1149.0 1.6283949837088585
1150.0 1.62363201379776
