lsstCam/transmission_filter_detector/r14_s22/r_57/19700101T000000.ecsv
# %ECSV 1.0
# ---
# datatype:
# - {name: wavelength, unit: nm, datatype: float32}
# - {name: efficiency, unit: '%', datatype: float64}
# meta: !!omap
# - {MODE: DETECTOR}
# - {TYPE: transmission_filter_detector}
# - {CALIBDATE: '1970-01-01T00:00:00'}
# - {INSTRUME: LSSTCam}
# - {OBSTYPE: transmission_filter_detector}
# - {CALIBCLS: lsst.ip.isr.IntermediateFilterDetectorTransmissionCurve}
# - {SOURCE: Materion (DM-46256)}
# - {DETECTOR: 71}
# - {FILTER: r_57}
# - {CALIB_ID: 'calibDate=1970-01-01T00:00:00 filter=r_57 detector=71'}
# - {DATE: '2025-04-02T15:59:44.511602'}
# - {CALIB_CREATION_DATE: '2025-04-02'}
# - {CALIB_CREATION_TIME: '15:59:44'}
# - __serialized_columns__:
#     efficiency:
#       __class__: astropy.units.quantity.Quantity
#       unit: !astropy.units.Unit {unit: '%'}
#       value: !astropy.table.SerializedColumn {name: efficiency}
#     wavelength:
#       __class__: astropy.units.quantity.Quantity
#       unit: !astropy.units.Unit {unit: nm}
#       value: !astropy.table.SerializedColumn {name: wavelength}
# schema: astropy-2.0
wavelength efficiency
300.0 0.004185632860753685
301.0 0.009810786286834627
302.0 0.01543593971291557
303.0 0.017930417379830033
304.0 0.02042489650193602
305.0 0.01749408693285659
306.0 0.01456327736377716
307.0 0.013061720528639853
308.0 0.011560165148694068
309.0 0.010767814092105255
310.0 0.009975464490707964
311.0 0.008944672299548984
312.0 0.007913880835985765
313.0 0.007460802589775994
314.0 0.0070077236159704626
315.0 0.006418803968699649
316.0 0.005829883230035193
317.0 0.00557331986783538
318.0 0.005316756869433448
319.0 0.0049591333663556725
320.0 0.0046015094994800165
321.0 0.0045169199438532814
322.0 0.004432331115822308
323.0 0.004307151539251208
324.0 0.00418197269027587
325.0 0.004006285598734394
326.0 0.003830598870990798
327.0 0.0039505677705165
328.0 0.004070537397637963
329.0 0.00412280933232978
330.0 0.004175079811830074
331.0 0.003812240538536571
332.0 0.0034494009014451876
333.0 0.0031060473702382296
334.0 0.002762694566627033
335.0 0.002458254311932251
336.0 0.002153813693439588
337.0 0.002012797449424397
338.0 0.0018717812054092064
339.0 0.0017935355572262779
340.0 0.0017152900909422897
341.0 0.0016997069906210527
342.0 0.0016841242540976964
343.0 0.001597648770257365
344.0 0.0015111733773665037
345.0 0.001382925529469503
346.0 0.0012546778634714428
347.0 0.0012592638086061925
348.0 0.001263849662791472
349.0 0.0012338455235294532
350.0 0.005842552855028771
351.0 0.006033491808921099
352.0 0.006224431126611307
353.0 0.005686662188963965
354.0 0.005148894342710264
355.0 0.004968567009200342
356.0 0.004788240403286181
357.0 0.006677752389805391
358.0 0.008567264740122482
359.0 0.0064735038904473186
360.0 0.004379743404570036
361.0 0.002995337126776576
362.0 0.0016109308489831164
363.0 0.002613955075503327
364.0 0.0036169789382256567
365.0 0.0037664369301637635
366.0 0.003915895285899751
367.0 0.003350993574713357
368.0 0.0027860911359312013
369.0 0.0024983253751997836
370.0 0.0022105597963673063
371.0 0.002604658220661804
372.0 0.0029987570087541826
373.0 0.003261114761698991
374.0 0.003523472332744859
375.0 0.0033072814403567463
376.0 0.003091091275564395
377.0 0.0016444748325739056
378.0 0.00019785861695709173
379.0 0.0009973399755835999
380.0 0.0017968215615837835
381.0 0.0025816591005423106
382.0 0.003366497185197659
383.0 0.003718863081303425
384.0 0.004071229705004953
385.0 0.004835014988202602
386.0 0.005598799543804489
387.0 0.005005016646464355
388.0 0.004411233385326341
389.0 0.003780724000534974
390.0 0.0031502142519457266
391.0 0.002322320142411627
392.0 0.0014944261238269974
393.0 0.0015726946003269404
394.0 0.0016509626220795326
395.0 0.001310082461714046
396.0 0.0009692023922980297
397.0 0.0009473368663748261
398.0 0.0009254717042495031
399.0 0.0010031565579993185
400.0 0.0010808408660523128
401.0 0.0004808376615983434
402.0 1.729146448421759e-10
403.0 6.880885621285415e-05
404.0 0.00025678407382656587
405.0 0.0008271939805126749
406.0 0.0013976035006635357
407.0 0.0018882750737247989
408.0 0.0023789463739376515
409.0 0.0019938928744522855
410.0 0.0016088390111690387
411.0 0.0011857569916173816
412.0 0.0007626749265909893
413.0 0.0007737243322480936
414.0 0.000784773874329403
415.0 0.0007824809472367633
416.0 0.0007801883839420043
417.0 0.001326212350249989
418.0 0.0018722368622547947
419.0 0.0023328075258177705
420.0 0.002793378007481806
421.0 0.004634738070308231
422.0 0.006476097769336775
423.0 0.010015540465246886
424.0 0.013554982433561236
425.0 0.017955334624275565
426.0 0.022355682449415326
427.0 0.022563341190107167
428.0 0.02277100138599053
429.0 0.017364237282890826
430.0 0.0119574717245996
431.0 0.008687737863510847
432.0 0.005418002183432691
433.0 0.004412670023157261
434.0 0.003407337499083951
435.0 0.0026607165636960417
436.0 0.001914095446409192
437.0 0.001706331386230886
438.0 0.0014985675079515204
439.0 0.0012265316399862058
440.0 0.0009544958629703615
441.0 0.0011505673683132045
442.0 0.0013466390555549879
443.0 0.0016821031749714166
444.0 0.002017567567236256
445.0 0.0019064907974097878
446.0 0.0017954140275833197
447.0 0.0017556034435983747
448.0 0.0017157930415123701
449.0 0.0018647575416252948
450.0 0.002013721677940339
451.0 0.0020519977624644525
452.0 0.0020902738469885662
453.0 0.001812066329875961
454.0 0.0015338586308644153
455.0 0.0013933967238699552
456.0 0.0012529350897239055
457.0 0.0009246483386959881
458.0 0.0005963616331428057
459.0 0.0008465403880109079
460.0 0.001096719097404275
461.0 0.0018268372514285147
462.0 0.0025569550416548736
463.0 0.003395401654415764
464.0 0.004233847721479833
465.0 0.005339184281183407
466.0 0.00644452084088698
467.0 0.007039694901322946
468.0 0.007634869689354673
469.0 0.0064560939790681005
470.0 0.005277318996377289
471.0 0.003957370427087881
472.0 0.0026374214940005913
473.0 0.002226219658041373
474.0 0.0018150178220821545
475.0 0.0015266788977896795
476.0 0.0012383403372950852
477.0 0.0009717718967294786
478.0 0.0007052033652144019
479.0 0.0009403846888744738
480.0 0.0011755657396861352
481.0 0.0009069468433153816
482.0 0.0006383280378940981
483.0 0.0007225095941976178
484.0 0.0008066910595516674
485.0 0.0007308138719963608
486.0 0.0006549365025421139
487.0 0.0006648811449849745
488.0 0.0006748256510036299
489.0 0.0006674189535260666
490.0 0.0006600123469979735
491.0 0.000818093576526735
492.0 0.0009761749424797017
493.0 0.0010508762898098212
494.0 0.0011255776371399406
495.0 0.0010268086043652147
496.0 0.0009280394806410186
497.0 0.0011737985005311202
498.0 0.0014195574294717517
499.0 0.0014168636880640406
500.0 0.0014141700376057997
501.0 0.001621088813408278
502.0 0.0018280079530086368
503.0 0.002227494405815378
504.0 0.002626980858622119
505.0 0.0033233427529921755
506.0 0.004019705011160113
507.0 0.004645860826713033
508.0 0.005272016278468072
509.0 0.005666549986926839
510.0 0.006061082603991963
511.0 0.005416463682195172
512.0 0.004771844032802619
513.0 0.004077879202668555
514.0 0.0033839140087366104
515.0 0.0031966781534720212
516.0 0.0030094421163084917
517.0 0.002817240783770103
518.0 0.0026250394512317143
519.0 0.09062490426003933
520.0 0.1117941690608859
521.0 0.10221975389868021
522.0 0.06737883668392897
523.0 0.10924441739916801
524.0 0.11622896417975426
525.0 0.07108802092261612
526.0 0.0973508576862514
527.0 0.14028741279616952
528.0 0.16141071682795882
529.0 0.17662578029558063
530.0 0.18813853384926915
531.0 0.2072094939649105
532.0 0.3292845096439123
533.0 0.3591508138924837
534.0 0.5923699587583542
535.0 0.8326051756739616
536.0 1.341914851218462
537.0 2.0996028557419777
538.0 3.16569022834301
539.0 4.861867427825928
540.0 7.432988286018372
541.0 10.291162878274918
542.0 13.851429522037506
543.0 18.536046147346497
544.0 24.115002155303955
545.0 30.445870757102966
546.0 37.79477775096893
547.0 45.3741729259491
548.0 53.925371170043945
549.0 61.46097779273987
550.0 66.55619740486145
551.0 72.3800003528595
552.0 75.66637992858887
553.0 79.75167036056519
554.0 82.63193368911743
555.0 86.34942173957825
556.0 89.48636054992676
557.0 91.51555299758911
558.0 93.82374286651611
559.0 95.69123387336731
560.0 94.832444190979
561.0 95.72866559028625
562.0 96.03096842765808
563.0 95.30544877052307
564.0 95.92142701148987
565.0 95.5018401145935
566.0 96.20800018310547
567.0 95.96876502037048
568.0 96.48381471633911
569.0 97.4822998046875
570.0 96.58854603767395
571.0 97.76843190193176
572.0 97.24138379096985
573.0 97.13540077209473
574.0 97.35139012336731
575.0 97.03271985054016
576.0 97.57133722305298
577.0 97.33264446258545
578.0 97.35833406448364
579.0 97.27537035942078
580.0 96.80335521697998
581.0 96.57350778579712
582.0 97.09723591804504
583.0 97.13656306266785
584.0 96.46316766738892
585.0 96.86826467514038
586.0 96.91376686096191
587.0 96.69919610023499
588.0 96.91423773765564
589.0 97.48836159706116
590.0 97.04785346984863
591.0 96.23063802719116
592.0 96.46097421646118
593.0 96.06673121452332
594.0 96.54704332351685
595.0 96.87178134918213
596.0 97.02746272087097
597.0 97.70658612251282
598.0 97.09687232971191
599.0 97.17553853988647
600.0 97.5834310054779
601.0 96.43522500991821
602.0 97.09819555282593
603.0 96.60896062850952
604.0 96.7219591140747
605.0 96.59094214439392
606.0 96.22454047203064
607.0 96.37210369110107
608.0 96.46778702735901
609.0 95.96614241600037
610.0 96.1524486541748
611.0 96.2369441986084
612.0 96.08018398284912
613.0 97.25426435470581
614.0 97.20596075057983
615.0 96.48732542991638
616.0 96.69687151908875
617.0 96.77585959434509
618.0 96.70904278755188
619.0 97.39001989364624
620.0 96.5230643749237
621.0 95.73237895965576
622.0 97.03876376152039
623.0 96.8778669834137
624.0 96.51058316230774
625.0 97.10491895675659
626.0 96.25532627105713
627.0 95.47409415245056
628.0 97.46248722076416
629.0 96.146160364151
630.0 96.81059122085571
631.0 96.42216563224792
632.0 97.18575477600098
633.0 97.10536599159241
634.0 96.32327556610107
635.0 96.53674364089966
636.0 96.38625383377075
637.0 95.88634371757507
638.0 95.59537768363953
639.0 95.5492913722992
640.0 95.85718512535095
641.0 95.919930934906
642.0 96.54691815376282
643.0 96.69716358184814
644.0 96.42513990402222
645.0 96.59129977226257
646.0 96.54372930526733
647.0 97.61520028114319
648.0 96.78852558135986
649.0 95.99629640579224
650.0 96.79397344589233
651.0 96.91081643104553
652.0 97.30862379074097
653.0 96.4228630065918
654.0 96.9295859336853
655.0 96.94512486457825
656.0 96.20073437690735
657.0 95.92587351799011
658.0 96.59833312034607
659.0 96.44030928611755
660.0 96.00629806518555
661.0 95.63231468200684
662.0 96.22836112976074
663.0 96.08376026153564
664.0 95.39061188697815
665.0 95.84066271781921
666.0 95.69321274757385
667.0 95.86073160171509
668.0 95.40978670120239
669.0 95.52689790725708
670.0 95.62690854072571
671.0 95.75289487838745
672.0 95.05814909934998
673.0 95.2807366847992
674.0 94.76315379142761
675.0 95.5589234828949
676.0 94.79177594184875
677.0 93.260258436203
678.0 92.55118370056152
679.0 90.99916219711304
680.0 89.54393267631531
681.0 87.80175447463989
682.0 84.94334816932678
683.0 81.34051561355591
684.0 77.17860341072083
685.0 73.41062426567078
686.0 68.88042688369751
687.0 64.42564129829407
688.0 59.9460244178772
689.0 55.5520236492157
690.0 50.80652832984924
691.0 46.824443340301514
692.0 41.93775951862335
693.0 36.89910173416138
694.0 31.098583340644836
695.0 25.405368208885193
696.0 19.679725170135498
697.0 14.745073020458221
698.0 9.758207201957703
699.0 6.398551166057587
700.0 4.168674349784851
701.0 2.3479538038372993
702.0 1.4443580992519855
703.0 0.8049082942306995
704.0 0.5067708436399698
705.0 0.29179586563259363
706.0 0.26650510262697935
707.0 0.17839985666796565
708.0 0.12382477289065719
709.0 0.06500198505818844
710.0 0.09393702493980527
711.0 0.04985865671187639
712.0 0.06688257562927902
713.0 0.023808250261936337
714.0 0.05330176209099591
715.0 0.08760420023463666
716.0 0.05019153468310833
717.0 0.06647489499300718
718.0 0.052716973004862666
719.0 0.05186027265153825
720.0 1.729146448421759e-10
721.0 0.004045478635816835
722.0 0.0038005164242349565
723.0 0.003555554212653078
724.0 0.00328502974298317
725.0 0.003014505455212202
726.0 0.0028043546990375035
727.0 0.0025942041247617453
728.0 0.002498951471352484
729.0 0.002403698817943223
730.0 0.002214187588833738
731.0 0.0020246765416231938
732.0 0.0019839579181279987
733.0 0.0019432392946328036
734.0 0.0018675815226742998
735.0 0.0017919235688168555
736.0 0.0016012239939300343
737.0 0.0014105246009421535
738.0 0.0014391172953764908
739.0 0.0014677099898108281
740.0 0.0014209577784640715
741.0 0.0013742058399657253
742.0 0.0012669484931393526
743.0 0.0011596912372624502
744.0 0.0012312212675169576
745.0 0.0013027510249230545
746.0 0.0011933308087463956
747.0 0.0010839105016202666
748.0 0.0009875392606772948
749.0 0.000891168019734323
750.0 0.0008951617928687483
751.0 0.0008991561116999947
752.0 0.0009254558790416922
753.0 0.0009517556463833898
754.0 0.0009867669177765492
755.0 0.0010217785529675893
756.0 0.001013495148072252
757.0 0.0010052115612779744
758.0 0.0010094937351823319
759.0 0.0010137758181372192
760.0 0.0010246931196888909
761.0 0.0010356107850384433
762.0 0.0009740444511407986
763.0 0.0009124785719905049
764.0 0.0009059683179657441
765.0 0.0008994580639409833
766.0 0.0007356987680395832
767.0 0.0005719396540371235
768.0 0.0005348658305592835
769.0 0.0004977918706572382
770.0 0.0006682769708277192
771.0 0.0008387623893213458
772.0 0.0007454530077666277
773.0 0.0006521435352624394
774.0 0.0007482839919248363
775.0 0.000844424357637763
776.0 0.0008498971510562114
777.0 0.0008553699444746599
778.0 0.0008114481715892907
779.0 0.0007675265806028619
780.0 0.0006446955012506805
781.0 0.0005218645583227044
782.0 0.0006110205958975712
783.0 0.0007001766789471731
784.0 0.0007383770480373641
785.0 0.0007765772352286149
786.0 0.0006923570254002698
787.0 0.0006081368610466598
788.0 0.0005827563200000441
789.0 0.0005573760063271038
790.0 0.0006184238372952677
791.0 0.0006794715773139615
792.0 0.0007170633125497261
793.0 0.0007546550932602258
794.0 0.0007713034392509144
795.0 0.0007879514669184573
796.0 0.0006508750175271416
797.0 0.0005137985226610908
798.0 0.0006543340987263946
799.0 0.0007948696293169633
800.0 0.0007202041615528287
801.0 0.0006455384209402837
802.0 0.00055276482271438
803.0 0.00045999099711480085
804.0 0.0005760010026278906
805.0 0.0006920110536157154
806.0 0.000610082270213752
807.0 0.0005281535322865238
808.0 0.000670448343953467
809.0 0.000812743110145675
810.0 0.0007016567906248383
811.0 0.0005905706984776771
812.0 0.000633758781987126
813.0 0.0006769468654965749
814.0 0.0005231302566244267
815.0 0.00036931373870174866
816.0 0.0004858746706304373
817.0 0.0006024356935085962
818.0 0.0005675763077306328
819.0 0.0005327168764779344
820.0 0.00040490467654308304
821.0 0.00027709240839612903
822.0 0.00035238003874837887
823.0 0.00042766769183799624
824.0 0.0004775063644046895
825.0 0.0005273450369713828
826.0 0.0005410303401731653
827.0 0.0005547156433749478
828.0 0.00040362806430493947
829.0 0.00025254050797229866
830.0 0.0001653562890169269
831.0 7.817211553629022e-05
832.0 4.452301141100179e-05
833.0 1.0873898048657793e-05
834.0 1.729146448421759e-10
835.0 1.729146448421759e-10
836.0 0.00021593177734757774
837.0 0.000483824078401085
838.0 0.0006904120709805284
839.0 0.0008970001545094419
840.0 0.001411760149494512
841.0 0.001926520053530112
842.0 0.0028753449441865087
843.0 0.0038241698348429054
844.0 0.00445327241322957
845.0 0.005082374991616234
846.0 0.005123146547703072
847.0 0.005163917376194149
848.0 0.004235043888911605
849.0 0.003306170765426941
850.0 0.00240515437326394
851.0 0.0015041377082525287
852.0 0.001277399860555306
853.0 0.0010506618309591431
854.0 0.0009765510185388848
855.0 0.000902439933270216
856.0 0.0007045299298624741
857.0 0.0005066199264547322
858.0 0.0006319774456642335
859.0 0.0007573348284495296
860.0 0.0006434545412048465
861.0 0.0005295741630106932
862.0 0.0005381576556828804
863.0 0.0005467411483550677
864.0 0.00041318198782391846
865.0 0.00027962289550487185
866.0 0.00025394717795279576
867.0 0.00022827146040071966
868.0 0.00022625686142419
869.0 0.00022424226244766032
870.0 0.00011551625220818096
871.0 6.79020573102207e-06
872.0 1.729146448421759e-10
873.0 1.729146448421759e-10
874.0 1.729146448421759e-10
875.0 1.729146448421759e-10
876.0 1.729146448421759e-10
877.0 1.9229007364174322e-05
878.0 0.00017224438124685548
879.0 0.00032525972528674174
880.0 0.00020677844076999463
881.0 8.829711646285432e-05
882.0 0.00011805026360889315
883.0 0.0001478034391766414
884.0 7.396303658424586e-05
885.0 1.226643786544912e-07
886.0 0.00010145657824978116
887.0 0.00020279051113902824
888.0 0.0002470672825438669
889.0 0.0002913440766860731
890.0 0.0002310511717951158
891.0 0.00017075824416679097
892.0 2.8121231565592097e-06
893.0 1.729146448421759e-10
894.0 1.729146448421759e-10
895.0 1.729146448421759e-10
896.0 4.199978889118938e-05
897.0 0.00010811806987476302
898.0 0.00012389964467729442
899.0 0.0001396812194798258
900.0 7.638590773240139e-05
901.0 1.3090598827147915e-05
