lsstCam/transmission_filter_detector/r14_s22/r_57/19700101T000000.ecsv
# %ECSV 1.0
# ---
# datatype:
# - {name: wavelength, unit: nm, datatype: float32}
# - {name: efficiency, unit: '%', datatype: float64}
# meta: !!omap
# - {MODE: DETECTOR}
# - {TYPE: transmission_filter_detector}
# - {CALIBDATE: '1970-01-01T00:00:00'}
# - {INSTRUME: LSSTCam}
# - {OBSTYPE: transmission_filter_detector}
# - {CALIBCLS: lsst.ip.isr.IntermediateFilterDetectorTransmissionCurve}
# - {SOURCE: Materion (DM-46256)}
# - {DETECTOR: 71}
# - {FILTER: r_57}
# - {CALIB_ID: 'calibDate=1970-01-01T00:00:00 filter=r_57 detector=71'}
# - {DATE: '2025-04-02T15:59:44.511602'}
# - {CALIB_CREATION_DATE: '2025-04-02'}
# - {CALIB_CREATION_TIME: '15:59:44'}
# - __serialized_columns__:
#     efficiency:
#       __class__: astropy.units.quantity.Quantity
#       unit: !astropy.units.Unit {unit: '%'}
#       value: !astropy.table.SerializedColumn {name: efficiency}
#     wavelength:
#       __class__: astropy.units.quantity.Quantity
#       unit: !astropy.units.Unit {unit: nm}
#       value: !astropy.table.SerializedColumn {name: wavelength}
# schema: astropy-2.0
wavelength efficiency
[from data line 603]
903.0 1.729146448421759e-10
904.0 1.729146448421759e-10
905.0 5.4094664392323466e-05
906.0 1.0843343112298953e-06
907.0 1.729146448421759e-10
908.0 1.729146448421759e-10
909.0 1.729146448421759e-10
910.0 1.729146448421759e-10
911.0 1.729146448421759e-10
912.0 1.729146448421759e-10
913.0 1.729146448421759e-10
914.0 2.9856647643100587e-05
915.0 6.959292022656882e-05
916.0 4.7811835202082875e-05
917.0 2.6030772914964473e-05
918.0 0.00010866481261473382
919.0 0.00019129881820845185
920.0 9.275843240175163e-05
921.0 1.729146448421759e-10
922.0 0.00012107591373933246
923.0 0.00024793380362098105
924.0 0.00027093171865999466
925.0 0.0002939296564363758
926.0 0.00020068978301424067
927.0 0.00010744993232947309
928.0 0.00012727897455988568
929.0 0.0001471080054216145
930.0 0.00022709166387357982
931.0 0.0003070753336942289
932.0 0.00015816888208064483
933.0 9.262481626137742e-06
934.0 0.0001378067508994718
935.0 0.0002663510031197802
936.0 0.00031273630156647414
937.0 0.0003591216227505356
938.0 0.00035614773423731094
939.0 0.00035317389119882137
940.0 0.0003203442702215398
941.0 0.0002875146492442582
942.0 0.00037901011182839284
943.0 0.0004705056198872626
944.0 0.0003800747663262882
945.0 0.00028964400371478405
946.0 0.00028986730740143685
947.0 0.0002900905883507221
948.0 0.00045943261284264736
949.0 0.0006287747055466752
950.0 0.0006132921953394543
951.0 0.0005978096851322334
952.0 0.0007262805866048438
953.0 0.0008547515790269244
954.0 0.0011740142326743808
955.0 0.0014932771591702476
956.0 0.0015140925825107843
957.0 0.001534908005851321
958.0 0.0016515921743120998
959.0 0.0017682767065707594
960.0 0.0019063758372794837
961.0 0.0020444753317860886
962.0 0.0022154312318889424
963.0 0.002386387495789677
964.0 0.0023690261514275335
965.0 0.0023516644432675093
966.0 0.002326412322872784
967.0 0.0023011602024780586
968.0 0.0022683452698402107
969.0 0.002235530519101303
970.0 0.0023199097995529883
971.0 0.002404288898105733
972.0 0.002551861689426005
973.0 0.002699434116948396
974.0 0.0029508353691198863
975.0 0.0032022366212913767
976.0 0.003296789509477094
977.0 0.0033913416700670496
978.0 0.0032910447771428153
979.0 0.0031907482480164617
980.0 0.0031888797821011394
981.0 0.003187011316185817
982.0 0.0033035321393981576
983.0 0.0034200533264083788
984.0 0.0033211512345587835
985.0 0.003222249142709188
986.0 0.0031163803214440122
987.0 0.0030105116820777766
988.0 0.002815574589476455
989.0 0.002620637860673014
990.0 0.002635446799104102
991.0 0.00265025591943413
992.0 0.0026865844120038673
993.0 0.002722913086472545
994.0 0.0027657353712129407
995.0 0.0028085571102565154
996.0 0.0028893357011838816
997.0 0.0029701141102123074
998.0 0.0030640858312835917
999.0 0.003158058098051697
1000.0 0.003275068593211472
1001.0 0.003392079088371247
1002.0 0.0035978839150629938
1003.0 0.0038036887417547405
1004.0 0.003943213596357964
1005.0 0.004082737723365426
1006.0 0.004305241964175366
1007.0 0.004527746568783186
1008.0 0.004481503856368363
1009.0 0.004435260780155659
1010.0 0.004466922837309539
1011.0 0.00449858489446342
1012.0 0.004444956357474439
1013.0 0.004391327820485458
1014.0 0.004113902468816377
1015.0 0.0038364763895515352
1016.0 0.003606937752920203
1017.0 0.0033773994800867513
1018.0 0.002949810186692048
1019.0 0.0025222214389941655
1020.0 0.0021044514141976833
1021.0 0.0016866812075022608
1022.0 0.0014985022971814033
1023.0 0.0013103231140121352
1024.0 0.0013555845725932159
1025.0 0.0014008462130732369
1026.0 0.001279020307265455
1027.0 0.0011571940376597922
1028.0 0.0010609427590679843
1029.0 0.0009646912076277658
1030.0 0.0009092612344829831
1031.0 0.0008538307156413794
1032.0 0.0008580565008742269
1033.0 0.0008622820132586639
1034.0 0.0008666798748890869
1035.0 0.0008710776455700397
1036.0 0.0009351844710181467
1037.0 0.0009992911145673133
1038.0 0.0008875823368725833
1039.0 0.0007758736501273233
1040.0 0.0008463073754683137
1041.0 0.000916741100809304
1042.0 0.000977711442828877
1043.0 0.0010386815120000392
1044.0 0.0009739154847920872
1045.0 0.0009091498213820159
1046.0 0.0009107707228395157
1047.0 0.0009123917152464855
1048.0 0.0007929158527986147
1049.0 0.0006734401722496841
1050.0 0.0007448246833519079
1051.0 0.0008162092854036018
1052.0 0.0010799259143823292
1053.0 0.0013436421795631759
1054.0 0.0010990889677486848
1055.0 0.0008545357559341937
1056.0 0.0009323412086814642
1057.0 0.001010146843327675
1058.0 0.0008480946235067677
1059.0 0.0006860424946353305
1060.0 0.0011000443919328973
1061.0 0.001514045743533643
1062.0 0.0015131519830902107
1063.0 0.001512258040747838
1064.0 0.001049752700055251
1065.0 0.0005872469500900479
1066.0 0.0010652935998223256
1067.0 0.0015433402950293384
1068.0 0.0016613585103186779
1069.0 0.0017793763618101366
1070.0 0.0014313677638710942
1071.0 0.0010833589840331115
1072.0 0.0012275728295207955
1073.0 0.0013717866750084795
1074.0 0.0021505744371097535
1075.0 0.0029293621992110275
1076.0 0.00306396177620627
1077.0 0.0031985615351004526
1078.0 0.0037411151424748823
1079.0 0.004283668749849312
1080.0 0.004422952042659745
1081.0 0.0045622349716722965
1082.0 0.0043400625145295635
1083.0 0.0041178900573868304
1084.0 0.004660055856220424
1085.0 0.005202221291256137
1086.0 0.005144513852428645
1087.0 0.005086806777399033
1088.0 0.005210534072830342
1089.0 0.00533426136826165
1090.0 0.005030543616157956
1091.0 0.004726825864054263
1092.0 0.004256685497239232
1093.0 0.0037865447666263208
1094.0 0.004356741919764318
1095.0 0.004926938709104434
1096.0 0.0036193512642057613
1097.0 0.002311763455509208
1098.0 0.0019771054212469608
1099.0 0.0016424475688836537
1100.0 0.0014820167962170672
1101.0 0.0013215854778536595
