lsstCam/transmission_filter_detector/r30_s02/r_57/19700101T000000.ecsv
# %ECSV 1.0
# ---
# datatype:
# - {name: wavelength, unit: nm, datatype: float32}
# - {name: efficiency, unit: '%', datatype: float64}
# meta: !!omap
# - {MODE: DETECTOR}
# - {TYPE: transmission_filter_detector}
# - {CALIBDATE: '1970-01-01T00:00:00'}
# - {INSTRUME: LSSTCam}
# - {OBSTYPE: transmission_filter_detector}
# - {CALIBCLS: lsst.ip.isr.IntermediateFilterDetectorTransmissionCurve}
# - {SOURCE: Materion (DM-46256)}
# - {DETECTOR: 119}
# - {FILTER: r_57}
# - {CALIB_ID: 'calibDate=1970-01-01T00:00:00 filter=r_57 detector=119'}
# - {DATE: '2025-04-02T15:59:44.733460'}
# - {CALIB_CREATION_DATE: '2025-04-02'}
# - {CALIB_CREATION_TIME: '15:59:44'}
# - __serialized_columns__:
#     efficiency:
#       __class__: astropy.units.quantity.Quantity
#       unit: !astropy.units.Unit {unit: '%'}
#       value: !astropy.table.SerializedColumn {name: efficiency}
#     wavelength:
#       __class__: astropy.units.quantity.Quantity
#       unit: !astropy.units.Unit {unit: nm}
#       value: !astropy.table.SerializedColumn {name: wavelength}
# schema: astropy-2.0
wavelength efficiency
300.0 0.002085996311507188
301.0 0.005221221726969816
302.0 0.008356448233826086
303.0 0.011010726302629337
304.0 0.013665005099028349
305.0 0.012165746738901362
306.0 0.010666488378774375
307.0 0.00921497048693709
308.0 0.007763451867504045
309.0 0.00732782282284461
310.0 0.0068921930505894125
311.0 0.006127802043920383
312.0 0.005363410309655592
313.0 0.005137515108799562
314.0 0.004911619544145651
315.0 0.004856263694819063
316.0 0.004800906390300952
317.0 0.004483022712520324
318.0 0.004165137579548173
319.0 0.003985665898653679
320.0 0.003806192398769781
321.0 0.0034304513974348083
322.0 0.0030547082133125514
323.0 0.00289673225779552
324.0 0.002738756302278489
325.0 0.0026765759685076773
326.0 0.0026143950890400447
327.0 0.0025440025638090447
328.0 0.0024736100385780446
329.0 0.0024741464585531503
330.0 0.002474682878528256
331.0 0.0022518946934724227
332.0 0.0020291066903155297
333.0 0.001846504892455414
334.0 0.0016639029126963578
335.0 0.0015098630683496594
336.0 0.001355823133053491
337.0 0.001217845237988513
338.0 0.001079867342923535
339.0 0.0010398409358458593
340.0 0.0009998146197176538
341.0 0.0009760916327650193
342.0 0.0009523686458123848
343.0 0.0009182105713989586
344.0 0.0008840524969855323
345.0 0.0008796218935458455
346.0 0.0008751912901061587
347.0 0.0008846413948049303
348.0 0.0008940917723521125
349.0 0.0008624905603937805
350.0 0.00324507309414912
351.0 0.005181498636375181
352.0 0.0071179230872076005
353.0 0.007298045966308564
354.0 0.007478168845409527
355.0 0.005575490649789572
356.0 0.003672812817967497
357.0 0.0038557198422495276
358.0 0.004038627230329439
359.0 0.004119852383155376
360.0 0.004201077172183432
361.0 0.003288996231276542
362.0 0.002376915654167533
363.0 0.00252201843977673
364.0 0.0026671210434869863
365.0 0.0021936624762020074
366.0 0.0017202040908159688
367.0 0.0024255510652437806
368.0 0.0031308976758737117
369.0 0.003279070006101392
370.0 0.003427241972531192
371.0 0.0033259369956795126
372.0 0.0032246320188278332
373.0 0.0026638508643372916
374.0 0.0021030695279478095
375.0 0.0013807238246954512
376.0 0.0006583781214430928
377.0 0.0018271972294314764
378.0 0.0029960167012177408
379.0 0.002319280247320421
380.0 0.0016425443391199224
381.0 0.002083643266814761
382.0 0.00252474255830748
383.0 0.0032405583624495193
384.0 0.003956373984692618
385.0 0.0046846795157762244
386.0 0.005412985046859831
387.0 0.0048632693506078795
388.0 0.004313554018153809
389.0 0.0035486260458128527
390.0 0.002783697891572956
391.0 0.002403539838269353
392.0 0.002023382330662571
393.0 0.0019089007764705457
394.0 0.0017944195860764012
395.0 0.0013963505807623733
396.0 0.0009982816663978156
397.0 0.0008507459824613761
398.0 0.0007032106168480823
399.0 0.0006691273483738769
400.0 0.0006350441253744066
401.0 0.0006292257239692844
402.0 0.0006234072770894272
403.0 0.0006467736511694966
404.0 0.0006701401616737712
405.0 0.0011487883966765366
406.0 0.0016274367226287723
407.0 0.0016397920262534171
408.0 0.0016521471479791217
409.0 0.0010667143214959651
410.0 0.00048128172238648403
411.0 0.0006938486421859125
412.0 0.0009064156984095462
413.0 0.001231568785442505
414.0 0.0015567220543744043
415.0 0.001740208790579345
416.0 0.001923696072481107
417.0 0.001680261266301386
418.0 0.0014368265510711353
419.0 0.0020461604435695335
420.0 0.002655493881320581
421.0 0.00402110927097965
422.0 0.005386724296840839
423.0 0.008590588549850509
424.0 0.011794451711466536
425.0 0.015692526358179748
426.0 0.0195906002772972
427.0 0.019935317686758935
428.0 0.020280036551412195
429.0 0.0158161943545565
430.0 0.011352351430105045
431.0 0.007872896094340831
432.0 0.004393441122374497
433.0 0.0034917506127385423
434.0 0.002590060103102587
435.0 0.0021581508917734027
436.0 0.0017262414985452779
437.0 0.0011870947673742194
438.0 0.0006479482181021012
439.0 0.0007555932370451046
440.0 0.0008632381650386378
441.0 0.0010080941137857735
442.0 0.0011529502444318496
443.0 0.0015195380910881795
444.0 0.001886125755845569
445.0 0.0017816069885157049
446.0 0.0016770885849837214
447.0 0.0014659432963526342
448.0 0.0012547982805699576
449.0 0.0012381578926579095
450.0 0.0012215174137963913
451.0 0.0013742799637839198
452.0 0.0015270421499735676
453.0 0.0016837690054671839
454.0 0.0018404956790618598
455.0 0.0016076954125310294
456.0 0.0013748954188486096
457.0 0.0010550266779318918
458.0 0.0007351577096414985
459.0 0.0009429717465536669
460.0 0.0011507858289405704
461.0 0.001627003621251788
462.0 0.0021032214135630056
463.0 0.002950551424873993
464.0 0.0037978810723870993
465.0 0.004793803600477986
466.0 0.005789725400973111
467.0 0.00632901574135758
468.0 0.006868305354146287
469.0 0.005945519296801649
470.0 0.005022733603254892
471.0 0.003833727168967016
472.0 0.0026447205527802
473.0 0.00193626583495643
474.0 0.0012278106623853091
475.0 0.0009011923793877941
476.0 0.0005745740509155439
477.0 0.0007111780178092886
478.0 0.000847781848278828
479.0 0.0008102753781713545
480.0 0.0007727688171144109
481.0 0.0006874398877698695
482.0 0.0006021110948495334
483.0 0.0006372242751240265
484.0 0.0006723375463479897
485.0 0.0007225549325085012
486.0 0.0007727723641437478
487.0 0.0005083833912067348
488.0 0.0002439944182697218
489.0 0.0004898442966805305
490.0 0.0007356941750913393
491.0 0.0007803485459589865
492.0 0.0008250030987255741
493.0 0.0009130742910201661
494.0 0.0010011456652136985
495.0 0.0009888932254398242
496.0 0.0009766406947164796
497.0 0.0010107142770721111
498.0 0.0010447878594277427
499.0 0.0011050880857510492
500.0 0.0011653885849227663
501.0 0.0012402745596773457
502.0 0.0013151602615835145
503.0 0.001749982766341418
504.0 0.002184804907301441
505.0 0.0026489879019209184
506.0 0.003113170896540396
507.0 0.0038488040445372462
508.0 0.004584436828736216
509.0 0.004937969788443297
510.0 0.00529150347574614
511.0 0.004921321669826284
512.0 0.004551140227704309
513.0 0.0038323181797750294
514.0 0.0031134964956436306
515.0 0.002888275048462674
516.0 0.0026630536012817174
517.0 0.0027254885935690254
518.0 0.002787923403957393
519.0 1.6213762103756135e-10
520.0 0.0766571145504713
521.0 0.1485219458118081
522.0 0.13206260045990348
523.0 0.1077977241948247
524.0 0.06301503744907677
525.0 0.05609279032796621
526.0 0.07037338800728321
527.0 0.12119037564843893
528.0 0.09749418823048472
529.0 0.14106269227340817
530.0 0.17276114085689187
531.0 0.19883408676832914
532.0 0.2597265178337693
533.0 0.2537844004109502
534.0 0.3009761217981577
535.0 0.45313029550015926
536.0 0.6489967927336693
537.0 0.950302742421627
538.0 1.4444291591644287
539.0 2.334284596145153
540.0 3.687860071659088
541.0 5.463682115077972
542.0 7.925483584403992
543.0 11.018898338079453
544.0 14.743931591510773
545.0 18.849776685237885
546.0 24.09641593694687
547.0 30.387777090072632
548.0 38.19682002067566
549.0 46.380066871643066
550.0 53.18006873130798
551.0 60.940057039260864
552.0 66.17357134819031
553.0 71.08863592147827
554.0 75.42929649353027
555.0 79.20897006988525
556.0 83.17350149154663
557.0 85.63085794448853
558.0 88.7790858745575
559.0 91.76405668258667
560.0 92.86352396011353
561.0 94.59936618804932
562.0 95.48711776733398
563.0 95.28787732124329
564.0 95.58002352714539
565.0 95.08805274963379
566.0 96.123868227005
567.0 95.11939287185669
568.0 95.6587553024292
569.0 96.27900719642639
570.0 95.76751589775085
571.0 96.57673239707947
572.0 96.5322732925415
573.0 96.85136675834656
574.0 96.786367893219
575.0 96.76652550697327
576.0 97.12319374084473
577.0 97.23890423774719
578.0 97.05643653869629
579.0 97.20126986503601
580.0 96.62835597991943
581.0 96.56314849853516
582.0 96.64208889007568
583.0 96.50474190711975
584.0 95.99595665931702
585.0 96.55836820602417
586.0 96.35786414146423
587.0 96.26275897026062
588.0 96.44660353660583
589.0 97.24386930465698
590.0 96.45293354988098
591.0 95.7755982875824
592.0 96.13726139068604
593.0 95.57414054870605
594.0 95.73582410812378
595.0 96.03599905967712
596.0 97.0394492149353
597.0 97.11154699325562
598.0 96.70098423957825
599.0 96.9232976436615
600.0 96.72739505767822
601.0 96.03160619735718
602.0 96.52007818222046
603.0 96.32675051689148
604.0 96.43471240997314
605.0 96.76855206489563
606.0 96.39643430709839
607.0 96.11210823059082
608.0 96.38111591339111
609.0 95.58075070381165
610.0 95.75946927070618
611.0 95.89707255363464
612.0 95.79443335533142
613.0 96.94952368736267
614.0 96.54163122177124
615.0 96.17246985435486
616.0 96.74991369247437
617.0 96.31575345993042
618.0 96.23726010322571
619.0 96.91343903541565
620.0 95.84476351737976
621.0 95.69329023361206
622.0 96.83515429496765
623.0 96.59547209739685
624.0 96.44331932067871
625.0 96.89273834228516
626.0 96.13063335418701
627.0 95.14710307121277
628.0 96.91653847694397
629.0 95.45562863349915
630.0 96.4492678642273
631.0 95.6741452217102
632.0 96.631920337677
633.0 96.24443054199219
634.0 95.95540761947632
635.0 96.26071453094482
636.0 95.85351347923279
637.0 95.60441374778748
638.0 95.24075984954834
639.0 95.24146914482117
640.0 95.35765051841736
641.0 95.46430706977844
642.0 95.98944783210754
643.0 95.9991991519928
644.0 95.99521160125732
645.0 95.86638808250427
646.0 96.06443047523499
647.0 97.01659679412842
648.0 96.48510813713074
649.0 95.52431106567383
650.0 96.31391763687134
651.0 96.46761417388916
652.0 96.86906933784485
653.0 96.11056447029114
654.0 96.25396132469177
655.0 96.48135304450989
656.0 95.53604125976562
657.0 95.72966694831848
658.0 96.23609185218811
659.0 96.5990424156189
660.0 95.53719162940979
661.0 95.329350233078
662.0 95.71349024772644
663.0 95.36676406860352
664.0 95.69411873817444
665.0 95.30484080314636
666.0 95.33870816230774
667.0 95.64274549484253
668.0 94.98428702354431
669.0 95.49264907836914
670.0 95.19432187080383
671.0 95.64223289489746
672.0 95.37065625190735
673.0 95.09360790252686
674.0 94.95848417282104
675.0 95.59926390647888
676.0 95.20844221115112
677.0 93.99620294570923
678.0 93.45787167549133
679.0 92.66764521598816
680.0 92.30729341506958
681.0 90.64079523086548
682.0 88.41318488121033
683.0 86.16558313369751
684.0 82.76568651199341
685.0 79.46192622184753
686.0 75.72548389434814
687.0 71.2062418460846
688.0 66.7241096496582
689.0 62.483400106430054
690.0 57.215678691864014
691.0 53.186166286468506
692.0 48.38549792766571
693.0 44.22324001789093
694.0 39.27623629570007
695.0 34.1255247592926
696.0 28.91182005405426
697.0 23.639865219593048
698.0 17.84660965204239
699.0 13.106805086135864
700.0 9.364326298236847
701.0 5.974288284778595
702.0 3.7654582411050797
703.0 2.131785824894905
704.0 1.2383795343339443
705.0 0.7335961330682039
706.0 0.5078631453216076
707.0 0.2517423126846552
708.0 0.20445564296096563
709.0 0.16636818181723356
710.0 0.1388259814120829
711.0 0.08295425213873386
712.0 0.0824761635158211
713.0 0.04744623729493469
714.0 0.04781196766998619
715.0 0.04233391664456576
716.0 0.06780799012631178
717.0 0.05863209953531623
718.0 0.01107528805732727
719.0 1.6213762103756135e-10
720.0 1.6213762103756135e-10
721.0 0.004755681220558472
722.0 0.004371109753265046
723.0 0.003986538285971619
724.0 0.003747248774743639
725.0 0.0035079596273135394
726.0 0.0032299169106408954
727.0 0.0029518743758671917
728.0 0.0028084145014872774
729.0 0.002664954627107363
730.0 0.0025195600755978376
731.0 0.0023741657059872523
732.0 0.0023182725271908566
733.0 0.0022623795302934013
734.0 0.002174414294131566
735.0 0.0020864492398686707
736.0 0.0019463514036033303
737.0 0.0018062537492369302
738.0 0.001740415973472409
739.0 0.001674578379606828
740.0 0.001604847057024017
741.0 0.0015351159163401462
742.0 0.0014156651559460443
743.0 0.001296214213653002
744.0 0.0014507606465485878
745.0 0.0016053070794441737
746.0 0.0013950596439826768
747.0 0.0011848121175717097
748.0 0.001196413541038055
749.0 0.0012080149645044003
750.0 0.0011753309081541374
751.0 0.0011426472156017553
752.0 0.0011837398233183194
753.0 0.001224832703883294
754.0 0.0011953626199101564
755.0 0.0011658926268864889
756.0 0.0010730565918493085
757.0 0.0009802206477615982
758.0 0.0009757383850228507
759.0 0.0009712562132335734
760.0 0.0009268083886126988
761.0 0.0008823605639918242
762.0 0.0009175394552585203
763.0 0.0009527187103230972
764.0 0.001024044740915997
765.0 0.0010953707715088967
766.0 0.0009416553439223208
767.0 0.0007879396434873343
768.0 0.0007223775355669204
769.0 0.0006568152002728311
770.0 0.0006396367552952142
771.0 0.0006224582648428623
772.0 0.000742084876037552
773.0 0.0008617113053333014
774.0 0.0009628844964026939
775.0 0.0010640576874720864
776.0 0.00109153015728225
777.0 0.0011190030818397645
778.0 0.0009666836376709398
779.0 0.000814364648249466
780.0 0.000799910139903659
781.0 0.0007854559044062626
782.0 0.0008441691534244455
783.0 0.0009028825843415689
784.0 0.0008142258593579754
785.0 0.0007255692707985872
786.0 0.0007738321983197238
787.0 0.0008220949894166552
788.0 0.0006598442269023508
789.0 0.0004975933279638411
790.0 0.0006434763236029539
791.0 0.000789359455666272
792.0 0.000818364424048923
793.0 0.0008473693014821038
794.0 0.0008509237886755727
795.0 0.0008544783668185119
796.0 0.000687854117131792
797.0 0.0005212298674450722
798.0 0.0006408422905224143
799.0 0.0007604549864481669
800.0 0.0008343211447936483
801.0 0.0009081871212401893
802.0 0.0008702702871232759
803.0 0.0008323534530063625
804.0 0.0007425989679177292
805.0 0.0006528445283038309
806.0 0.0006683205356239341
807.0 0.0006837963155703619
808.0 0.0006478393061115639
809.0 0.0006118820692790905
810.0 0.0006291887530096574
811.0 0.0006464953457907541
812.0 0.0005556321866606595
813.0 0.00046476893658109475
814.0 0.0004434508809936233
815.0 0.0004221328708808869
816.0 0.0006179081992740976
817.0 0.0008136837095662486
818.0 0.0006457831204897957
819.0 0.00047788230403966736
820.0 0.0005108692676003557
821.0 0.0005438561402115738
822.0 0.0006174991995067103
823.0 0.0006911422588018468
824.0 0.0005715781753679039
825.0 0.0004520138645602856
826.0 0.0004518683454080019
827.0 0.00045172278078098316
828.0 0.00045249662434798665
829.0 0.00045327046791499015
830.0 0.0001994335889321519
831.0 1.6213762103756135e-10
832.0 1.6213762103756135e-10
833.0 1.6213762103756135e-10
834.0 1.6213762103756135e-10
835.0 0.00013530585647458793
836.0 0.00017405741346010473
837.0 0.00021280895907693775
838.0 0.000653580718790181
839.0 0.0010943525012407918
840.0 0.0014189455214363988
841.0 0.0017435386325814761
842.0 0.0019977627744083293
843.0 0.0022519874619320035
844.0 0.002241143010905944
845.0 0.0022302987417788245
846.0 0.002176083035010379
847.0 0.0021218669644440524
848.0 0.0021134488633833826
849.0 0.0021050307623227127
850.0 0.0019145309124724008
851.0 0.0017240308807231486
852.0 0.0015406805687234737
853.0 0.0013573301657743286
854.0 0.001082787275663577
855.0 0.000808244203653885
856.0 0.0006479141575255198
857.0 0.0004875839294982143
858.0 0.00046233967623265926
859.0 0.0004370955139165744
860.0 0.0003653363819466904
861.0 0.00029357724997680634
862.0 0.0003236181782995118
863.0 0.0003536590838848497
864.0 0.0002715345999604324
865.0 0.00018941017287943396
866.0 0.0001553592369418766
867.0 0.00012130825552958413
868.0 6.61244257571525e-05
869.0 1.0940568984096899e-05
870.0 1.6213762103756135e-10
871.0 1.6213762103756135e-10
872.0 1.6213762103756135e-10
873.0 1.6213762103756135e-10
874.0 1.6213762103756135e-10
875.0 1.6213762103756135e-10
876.0 1.6286804793708143e-05
877.0 0.00010448562761666835
878.0 0.00012251451835254556
879.0 0.00014054342045710655
880.0 0.00015811560842848849
881.0 0.00017568779639987042
882.0 0.0002016150801864569
883.0 0.0002275423639730434
884.0 9.031068088916072e-05
885.0 1.6213762103756135e-10
886.0 9.434886010240007e-05
887.0 0.00023561874513688963
888.0 0.0002174497467422043
889.0 0.00019928079382225405
890.0 0.0001386952703796851
891.0 7.810979241185123e-05
892.0 1.2343986099949689e-05
893.0 1.6213762103756135e-10
894.0 2.37209775377778e-05
895.0 0.00010086376960316557
896.0 5.0283227892578e-05
897.0 1.6213762103756135e-10
898.0 7.11464963387698e-05
899.0 0.00014259026102081407
900.0 0.0001055302050190221
