lsstCam/transmission_filter_detector/r30_s02/r_57/19700101T000000.ecsv
# %ECSV 1.0
# ---
# datatype:
# - {name: wavelength, unit: nm, datatype: float32}
# - {name: efficiency, unit: '%', datatype: float64}
# meta: !!omap
# - {MODE: DETECTOR}
# - {TYPE: transmission_filter_detector}
# - {CALIBDATE: '1970-01-01T00:00:00'}
# - {INSTRUME: LSSTCam}
# - {OBSTYPE: transmission_filter_detector}
# - {CALIBCLS: lsst.ip.isr.IntermediateFilterDetectorTransmissionCurve}
# - {SOURCE: Materion (DM-46256)}
# - {DETECTOR: 119}
# - {FILTER: r_57}
# - {CALIB_ID: 'calibDate=1970-01-01T00:00:00 filter=r_57 detector=119'}
# - {DATE: '2025-04-02T15:59:44.733460'}
# - {CALIB_CREATION_DATE: '2025-04-02'}
# - {CALIB_CREATION_TIME: '15:59:44'}
# - __serialized_columns__:
#     efficiency:
#       __class__: astropy.units.quantity.Quantity
#       unit: !astropy.units.Unit {unit: '%'}
#       value: !astropy.table.SerializedColumn {name: efficiency}
#     wavelength:
#       __class__: astropy.units.quantity.Quantity
#       unit: !astropy.units.Unit {unit: nm}
#       value: !astropy.table.SerializedColumn {name: wavelength}
# schema: astropy-2.0
wavelength efficiency
[from data line 602]
902.0 5.301661758494447e-05
903.0 3.756308046831691e-05
904.0 1.6213762103756135e-10
905.0 1.6213762103756135e-10
906.0 2.335372357720189e-05
907.0 0.00010500828011572594
908.0 0.00014878928595862817
909.0 0.0001925702918015304
910.0 8.240727424890792e-05
911.0 1.6213762103756135e-10
912.0 3.751549684238853e-05
913.0 0.00010278675972585916
914.0 7.106074804141826e-05
915.0 3.933473067263549e-05
916.0 2.6593312441036687e-05
917.0 1.3851874314241286e-05
918.0 0.00011099684797954978
919.0 0.0002081417960653198
920.0 0.0001637237005525094
921.0 0.00011930559367101523
922.0 0.00016106353086797753
923.0 0.00020282145669625606
924.0 0.00018486084627511445
925.0 0.00016690020174792153
926.0 0.00015082698610058287
927.0 0.00013475374771587667
928.0 0.00015255927792168222
929.0 0.00017036478539012023
930.0 0.00019641395283542806
931.0 0.00022246306343731703
932.0 0.00015389254031106248
933.0 8.532201150046603e-05
934.0 3.868057660838531e-05
935.0 1.6213762103756135e-10
936.0 4.2322352555856924e-05
937.0 9.260551223633229e-05
938.0 8.12080315881758e-05
939.0 6.981052251830988e-05
940.0 0.0001244262989530398
941.0 0.00017904201286000898
942.0 0.00029504603844543453
943.0 0.00041105008676822763
944.0 0.00033655310289759655
945.0 0.0002620560962895979
946.0 0.0003287700565124396
947.0 0.00039548408494738396
948.0 0.0003298100182291819
949.0 0.00026413608793518506
950.0 0.00035606267374532763
951.0 0.0004479893505049404
952.0 0.0005911907464906108
953.0 0.0007343923243752215
954.0 0.000907133289729245
955.0 0.0010798746188811492
956.0 0.0012469788998714648
957.0 0.0014140830899123102
958.0 0.0016300320567097515
959.0 0.0018459810235071927
960.0 0.0019642220649984665
961.0 0.0020824631064897403
962.0 0.0022827416614745744
963.0 0.002483020034560468
964.0 0.002453292290738318
965.0 0.002423564546916168
966.0 0.0024785640562186018
967.0 0.002533563383622095
968.0 0.0024826833396218717
969.0 0.002431803659419529
970.0 0.0024605498765595257
971.0 0.002489296457497403
972.0 0.00262416524492437
973.0 0.0027590342142502777
974.0 0.002953780858661048
975.0 0.003148527321172878
976.0 0.003124944487353787
977.0 0.0031013616535346955
978.0 0.0031228199077304453
979.0 0.0031442785257240757
980.0 0.0031212559406412765
981.0 0.0030982329917605966
982.0 0.0031303548894356936
983.0 0.00316247642331291
984.0 0.0029825798264937475
985.0 0.0028026828658767045
986.0 0.002732891334744636
987.0 0.002663099621713627
988.0 0.0025825922421063296
989.0 0.0025020854081958532
990.0 0.0025361152438563295
991.0 0.002570144715718925
992.0 0.002618066719151102
993.0 0.0026659889044822194
994.0 0.0026854158932110295
995.0 0.0027048427000408992
996.0 0.0027555130145628937
997.0 0.0028061831471859477
998.0 0.0029751578040304594
999.0 0.0031441322789760306
1000.0 0.003202144944225438
1001.0 0.003260157973272726
1002.0 0.003463559551164508
1003.0 0.0036669614928541705
1004.0 0.003686726267915219
1005.0 0.0037064910429762676
1006.0 0.003917482536053285
1007.0 0.004128474392928183
1008.0 0.0041701488953549415
1009.0 0.0042118233977817
1010.0 0.004191714833723381
1011.0 0.004171606997260824
1012.0 0.004098850695299916
1013.0 0.004026094029541127
1014.0 0.0038667792978230864
1015.0 0.003707463838509284
1016.0 0.0034283708373550326
1017.0 0.003149277836200781
1018.0 0.0028521160857053474
1019.0 0.0025549548809067346
1020.0 0.0022280559278442524
1021.0 0.0019011569747817703
1022.0 0.0016092466466943733
1023.0 0.001317336136708036
1024.0 0.001279077332583256
1025.0 0.0012408183465595357
1026.0 0.0011542574611667078
1027.0 0.00106769666672335
1028.0 0.0010108720744028687
1029.0 0.0009540475730318576
1030.0 0.0008784993951849174
1031.0 0.000802951126388507
1032.0 0.0008256528417405207
1033.0 0.0008483544661430642
1034.0 0.0006796557045163354
1035.0 0.000510956670041196
1036.0 0.0006230153758224333
1037.0 0.0007350740816036705
1038.0 0.0007672818355786148
1039.0 0.0007994895895535592
1040.0 0.0006906815997353988
1041.0 0.0005818736099172384
1042.0 0.0006605741873499937
1043.0 0.0007392746283585439
1044.0 0.000785020620241994
1045.0 0.0008307666576001793
1046.0 0.0008879635061020963
1047.0 0.0009451606274524238
1048.0 0.0008136756150634028
1049.0 0.0006821907845733222
1050.0 0.0007680230737605598
1051.0 0.0008538553629477974
1052.0 0.0009204342859447934
1053.0 0.0009870126632449683
1054.0 0.0008658551450935192
1055.0 0.0007446975359926
1056.0 0.0007621307759109186
1057.0 0.000779563924879767
1058.0 0.0008588052878621966
1059.0 0.0009380464689456858
1060.0 0.001046798479364952
1061.0 0.0011555500350368675
1062.0 0.0013379201845964417
1063.0 0.0015202901522570755
1064.0 0.001435356170986779
1065.0 0.0013504220987670124
1066.0 0.001565324782859534
1067.0 0.0017802272850531153
1068.0 0.0018839089534594677
1069.0 0.001987590076168999
1070.0 0.0019795734260696918
1071.0 0.0019715567759703845
1072.0 0.0019590612282627262
1073.0 0.0019465653167571872
1074.0 0.0021396655938588083
1075.0 0.002332765689061489
1076.0 0.002710938861127943
1077.0 0.0030891118512954563
1078.0 0.00333877578668762
1079.0 0.003588439358281903
1080.0 0.00411535074817948
1081.0 0.0046422614104812965
1082.0 0.004274196908227168
1083.0 0.0039061324059730396
1084.0 0.004200894181849435
1085.0 0.00449565559392795
1086.0 0.004278724736650474
1087.0 0.004061793151777238
1088.0 0.004020585402031429
1089.0 0.003979377652285621
1090.0 0.0032862237276276574
1091.0 0.002593069802969694
1092.0 0.003549806569935754
1093.0 0.0045065437006996945
1094.0 0.004342048487160355
1095.0 0.004177553273621015
1096.0 0.0033116117265308276
1097.0 0.0024456705432385206
1098.0 0.0031613952160114422
1099.0 0.003877119888784364
1100.0 0.0030022863938938826
1101.0 0.0021274523533065803
