ts8/transmission_sensor/rtm-025_s11/19700101T000000.ecsv
# %ECSV 0.9
# ---
# datatype:
# - {name: amp_name, datatype: string}
# - {name: wavelength, unit: nm, datatype: float32}
# - {name: efficiency, unit: '%', datatype: float32}
# meta: !!omap
# - {MODE: AMP}
# - {TYPE: transmission_sensor}
# - {CALIBDATE: '1970-01-01T00:00:00'}
# - {INSTRUME: TS8}
# - {OBSTYPE: transmission_sensor}
# - {DETECTOR: 184}
# - {CALIBCLS: lsst.ip.isr.IntermediateSensorTransmissionCurve}
# - {PICKLEFILE: RaftRun10722.p}
# - {CALIB_ID: 'raftName=RTM-025 detectorName=S11 detector=184 calibDate=1970-01-01T00:00:00 ccd=184 ccdnum=184 filter=None'}
# - {DATE: '2020-07-23T19:15:50.800823'}
# - {CALIB_CREATION_DATE: '2020-07-23'}
# - {CALIB_CREATION_TIME: '19:15:50'}
# - __serialized_columns__:
#     efficiency:
#       __class__: astropy.units.quantity.Quantity
#       unit: !astropy.units.Unit {unit: '%'}
#       value: !astropy.table.SerializedColumn {name: efficiency}
#     wavelength:
#       __class__: astropy.units.quantity.Quantity
#       unit: !astropy.units.Unit {unit: nm}
#       value: !astropy.table.SerializedColumn {name: wavelength}
# schema: astropy-2.0
amp_name wavelength efficiency
C07 349.982 78.42015
C07 450.035 88.57459
C07 500.018 92.211
C07 619.997 97.97437
C07 750.022 97.55224
C07 869.967 89.87865
C07 999.976 26.847189
C12 349.982 77.83132
C12 450.035 88.812996
C12 500.018 92.49857
C12 619.997 98.34763
C12 750.022 97.83562
C12 869.967 89.99602
C12 999.976 26.3657
C13 349.982 77.98164
C13 450.035 88.886116
C13 500.018 92.56412
C13 619.997 98.41444
C13 750.022 97.89344
C13 869.967 90.03239
C13 999.976 26.283401
C15 349.982 78.09815
C15 450.035 88.66147
C15 500.018 92.30587
C15 619.997 98.12927
C15 750.022 97.639915
C15 869.967 89.73865
C15 999.976 26.131289
C03 349.982 78.100784
C03 450.035 88.58313
C03 500.018 92.23373
C03 619.997 98.026276
C03 750.022 97.49252
C03 869.967 89.58086
C03 999.976 26.226816
C01 349.982 78.08378
C01 450.035 88.84345
C01 500.018 92.516846
C01 619.997 98.36308
C01 750.022 97.88073
C01 869.967 89.92852
C01 999.976 26.411974
C00 349.982 77.81027
C00 450.035 88.59011
C00 500.018 92.273674
C00 619.997 98.09683
C00 750.022 97.62328
C00 869.967 89.68089
C00 999.976 26.426054
C06 349.982 78.50588
C06 450.035 88.70854
C06 500.018 92.35756
C06 619.997 98.12755
C06 750.022 97.62919
C06 869.967 89.77095
C06 999.976 26.631264
C04 349.982 78.43113
C04 450.035 88.866
C04 500.018 92.525475
C04 619.997 98.32286
C04 750.022 97.78141
C04 869.967 89.8318
C04 999.976 26.383085
C05 349.982 78.35746
C05 450.035 88.60944
C05 500.018 92.241196
C05 619.997 98.0251
C05 750.022 97.52338
C05 869.967 89.573654
C05 999.976 26.360518
C02 349.982 78.238174
C02 450.035 88.8347
C02 500.018 92.49987
C02 619.997 98.31951
C02 750.022 97.80094
C02 869.967 89.87919
C02 999.976 26.30707
C10 349.982 77.35519
C10 450.035 88.59558
C10 500.018 92.302216
C10 619.997 98.156815
C10 750.022 97.689644
C10 869.967 89.86862
C10 999.976 26.272232
C14 349.982 78.16495
C14 450.035 88.953896
C14 500.018 92.625725
C14 619.997 98.47471
C14 750.022 97.959915
C14 869.967 90.02627
C14 999.976 26.177
C11 349.982 77.69868
C11 450.035 88.872795
C11 500.018 92.5697
C11 619.997 98.439896
C11 750.022 97.94156
C11 869.967 90.095985
C11 999.976 26.39847
C16 349.982 78.511826
C16 450.035 88.9675
C16 500.018 92.617714
C16 619.997 98.43809
C16 750.022 97.97797
C16 869.967 90.09679
C16 999.976 26.351902
C17 349.982 78.5941
C17 450.035 88.95113
C17 500.018 92.597946
C17 619.997 98.41086
C17 750.022 97.99048
C17 869.967 90.24888
C17 999.976 26.566376
