ts8/qe_curve/rtm-018_s22/19700101T000000.ecsv
# %ECSV 0.9
# ---
# datatype:
# - {name: amp_name, datatype: string}
# - {name: wavelength, unit: nm, datatype: float32}
# - {name: efficiency, unit: '%', datatype: float32}
# meta: !!omap
# - {MODE: AMP}
# - {TYPE: QE}
# - {CALIBDATE: '1970-01-01T00:00:00'}
# - {INSTRUME: TS8}
# - {OBSTYPE: qe_curve}
# - {DETECTOR: 224}
# - {PICKLEFILE: RaftRun12120.p}
# - {CALIB_ID: 'raftName=RTM-018 detectorName=S22 detector=224 calibDate=1970-01-01T00:00:00 ccd=224 ccdnum=224 filter=None'}
# - {DATE: '2020-07-23T19:16:33.314574'}
# - {CALIB_CREATION_DATE: '2020-07-23'}
# - {CALIB_CREATION_TIME: '19:16:33'}
# - __serialized_columns__:
#     efficiency:
#       __class__: astropy.units.quantity.Quantity
#       unit: !astropy.units.Unit {unit: '%'}
#       value: !astropy.table.SerializedColumn {name: efficiency}
#     wavelength:
#       __class__: astropy.units.quantity.Quantity
#       unit: !astropy.units.Unit {unit: nm}
#       value: !astropy.table.SerializedColumn {name: wavelength}
# schema: astropy-2.0
amp_name wavelength efficiency
C13 319.994 49.84309
C13 324.969 50.260883
C13 349.982 54.173546
C13 374.975 64.797356
C13 400.019 77.70076
C13 424.965 81.575516
C13 450.035 82.275
C13 475.003 83.95542
C13 500.018 83.375145
C13 525.002 83.83348
C13 550.029 85.531235
C13 575.023 87.67567
C13 599.982 88.68552
C13 619.997 90.14321
C13 624.979 90.47935
C13 650.012 91.643654
C13 675.004 93.28283
C13 700.03 95.295265
C13 725.012 96.6375
C13 750.022 98.33737
C13 774.987 100.501396
C13 799.976 100.6728
C13 824.988 101.12854
C13 850.022 100.81712
C13 869.967 99.62504
C13 875.002 98.73621
C13 899.999 93.6193
C13 919.999 87.04657
C13 925.012 84.621
C13 949.965 75.29205
C13 975.002 59.284187
C13 999.976 39.96721
C13 1025.028 22.007906
C13 1050.014 10.064804
C13 1075.002 6.100235
C13 1099.99 4.1881323
C10 319.994 49.973835
C10 324.969 50.533123
C10 349.982 54.85064
C10 374.975 65.233185
C10 400.019 77.63243
C10 424.965 81.248764
C10 450.035 81.92457
C10 475.003 83.699066
C10 500.018 83.255196
C10 525.002 83.85483
C10 550.029 85.67924
C10 575.023 87.9168
C10 599.982 88.98481
C10 619.997 90.46972
C10 624.979 90.81194
C10 650.012 91.99441
C10 675.004 93.63366
C10 700.03 95.605934
C10 725.012 96.83288
C10 750.022 98.38496
C10 774.987 100.3916
C10 799.976 100.48394
C10 824.988 100.91017
C10 850.022 100.53937
C10 869.967 99.30935
C10 875.002 98.43206
C10 899.999 93.430374
C10 919.999 86.86942
C10 925.012 84.40983
C10 949.965 75.037285
C10 975.002 59.336864
C10 999.976 40.084743
C10 1025.028 22.008507
C10 1050.014 10.065074
C10 1075.002 6.130832
C10 1099.99 4.1506042
C07 319.994 49.10591
C07 324.969 49.321026
C07 349.982 52.475636
C07 374.975 62.91923
C07 400.019 76.47984
C07 424.965 80.910965
C07 450.035 81.78324
C07 475.003 83.3697
C07 500.018 82.70019
C07 525.002 83.07862
C07 550.029 84.73575
C07 575.023 86.89848
C07 599.982 87.950775
C07 619.997 89.42474
C07 624.979 89.76737
C07 650.012 90.9525
C07 675.004 92.61196
C07 700.03 94.602585
C07 725.012 95.811195
C07 750.022 97.34334
C07 774.987 99.30611
C07 799.976 99.46532
C07 824.988 100.01748
C07 850.022 99.72882
C07 869.967 98.58973
C07 875.002 97.748955
C07 899.999 92.86877
C07 919.999 86.74326
C07 925.012 84.36803
C07 949.965 74.8311
C07 975.002 58.69373
C07 999.976 39.39061
C07 1025.028 21.710241
C07 1050.014 10.25474
C07 1075.002 6.173786
C07 1099.99 4.0835457
C15 319.994 49.62862
C15 324.969 49.942123
C15 349.982 53.52353
C15 374.975 64.18245
C15 400.019 77.40062
C15 424.965 81.51785
C15 450.035 82.29987
C15 475.003 83.96021
C15 500.018 83.31578
C15 525.002 83.700226
C15 550.029 85.32583
C15 575.023 87.408875
C15 599.982 88.38334
C15 619.997 89.81789
C15 624.979 90.14979
C15 650.012 91.30474
C15 675.004 92.945015
C15 700.03 94.98504
C15 725.012 96.39339
C15 750.022 98.179985
C15 774.987 100.43391
C15 799.976 100.666695
C15 824.988 101.15411
C15 850.022 100.906235
C15 869.967 99.75673
C15 875.002 98.87706
C15 899.999 93.78112
C15 919.999 87.257065
C15 925.012 84.82649
C15 949.965 75.50498
C15 975.002 59.387028
C15 999.976 40.143467
C15 1025.028 22.079386
C15 1050.014 10.1040535
C15 1075.002 6.119585
C15 1099.99 4.2044
C17 319.994 49.071686
C17 324.969 49.25277
C17 349.982 52.349064
C17 374.975 62.970276
C17 400.019 76.69144
C17 424.965 81.28352
C17 450.035 82.294334
C17 475.003 83.995926
C17 500.018 83.301994
C17 525.002 83.5971
C17 550.029 85.13749
C17 575.023 87.140205
C17 599.982 88.04577
C17 619.997 89.43519
C17 624.979 89.76197
C17 650.012 90.88854
C17 675.004 92.51879
C17 700.03 94.5582
C17 725.012 95.96119
C17 750.022 97.73608
C17 774.987 99.96043
C17 799.976 100.22689
C17 824.988 100.77898
C17 850.022 100.547455
C17 869.967 99.44541
C17 875.002 98.59316
C17 899.999 93.68681
C17 919.999 87.14547
C17 925.012 84.64689
C17 949.965 75.069664
C17 975.002 58.913673
C17 999.976 39.874073
C17 1025.028 21.9787
C17 1050.014 10.131956
C17 1075.002 6.112317
C17 1099.99 4.1386323
C01 319.994 50.173645
C01 324.969 50.72557
C01 349.982 55.104687
C01 374.975 65.71005
C01 400.019 78.205864
C01 424.965 81.65267
C01 450.035 82.141304
C01 475.003 83.781235
C01 500.018 83.27924
C01 525.002 83.86062
C01 550.029 85.68723
C01 575.023 87.97732
C01 599.982 89.09883
C01 619.997 90.62236
C01 624.979 90.9749
C01 650.012 92.16792
C01 675.004 93.81158
C01 700.03 95.71754
C01 725.012 96.73085
C01 750.022 98.00824
C01 774.987 99.712715
C01 799.976 99.687546
C01 824.988 100.12677
C01 850.022 99.68727
C01 869.967 98.50256
C01 875.002 97.65617
C01 899.999 92.82271
C01 919.999 86.59
C01 925.012 84.16517
C01 949.965 74.54417
C01 975.002 58.66778
C01 999.976 39.504807
C01 1025.028 21.801369
C01 1050.014 10.190152
C01 1075.002 6.2014894
C01 1099.99 4.159388
C12 319.994 49.9251
C12 324.969 50.389725
C12 349.982 54.452034
C12 374.975 65.03293
C12 400.019 77.77617
C12 424.965 81.54407
C12 450.035 82.21657
C12 475.003 83.91391
C12 500.018 83.36772
C12 525.002 83.87083
C12 550.029 85.60867
C12 575.023 87.78201
C12 599.982 88.81283
C12 619.997 90.27841
C12 624.979 90.6125
C12 650.012 91.78348
C12 675.004 93.41909
C12 700.03 95.41565
C12 725.012 96.71131
C12 750.022 98.358604
C12 774.987 100.46488
C12 799.976 100.60723
C12 824.988 101.04896
C12 850.022 100.7132
C12 869.967 99.50771
C12 875.002 98.62433
C12 899.999 93.56369
C12 919.999 87.01031
C12 925.012 84.57569
C12 949.965 75.20592
C12 975.002 59.20874
C12 999.976 39.96147
C12 1025.028 22.025116
C12 1050.014 10.101561
C12 1075.002 6.144395
C12 1099.99 4.2011423
C06 319.994 49.565323
C06 324.969 49.87033
C06 349.982 53.411007
C06 374.975 64.038666
C06 400.019 77.3029
C06 424.965 81.37329
C06 450.035 82.05722
C06 475.003 83.602554
C06 500.018 82.93443
C06 525.002 83.33587
C06 550.029 84.9974
C06 575.023 87.175476
C06 599.982 88.2425
C06 619.997 89.73429
C06 624.979 90.07833
C06 650.012 91.27133
C06 675.004 92.93064
C06 700.03 94.92092
C06 725.012 96.14113
C06 750.022 97.69418
C06 774.987 99.67789
C06 799.976 99.819214
C06 824.988 100.32045
C06 850.022 100.006775
C06 869.967 98.817154
C06 875.002 97.95275
C06 899.999 92.895035
C06 919.999 86.611145
C06 925.012 84.237274
C06 949.965 74.9568
C06 975.002 59.062283
C06 999.976 39.60181
C06 1025.028 21.769037
C06 1050.014 10.212744
C06 1075.002 6.1795583
C06 1099.99 4.126834
C11 319.994 50.07795
C11 324.969 50.59977
C11 349.982 54.827488
C11 374.975 65.36556
C11 400.019 77.94655
C11 424.965 81.6101
C11 450.035 82.25574
C11 475.003 83.97525
C11 500.018 83.46984
C11 525.002 84.018005
C11 550.029 85.800606
C11 575.023 88.011284
C11 599.982 89.05962
C11 619.997 90.53643
C11 624.979 90.87682
C11 650.012 92.05257
C11 675.004 93.68543
C11 700.03 95.66634
C11 725.012 96.92407
C11 750.022 98.51828
C11 774.987 100.572655
C11 799.976 100.68853
C11 824.988 101.11461
C11 850.022 100.75535
C11 869.967 99.53888
C11 875.002 98.65916
C11 899.999 93.645256
C11 919.999 87.107605
C11 925.012 84.66346
C11 949.965 75.24334
C11 975.002 59.240192
C11 999.976 40.016403
C11 1025.028 22.070848
C11 1050.014 10.140242
C11 1075.002 6.18006
C11 1099.99 4.2050433
C05 319.994 49.81806
C05 324.969 50.175053
C05 349.982 53.93028
C05 374.975 64.62374
C05 400.019 77.74352
C05 424.965 81.652016
C05 450.035 82.26918
C05 475.003 83.83137
C05 500.018 83.18509
C05 525.002 83.61498
C05 550.029 85.29879
C05 575.023 87.488495
C05 599.982 88.56176
C05 619.997 90.05484
C05 624.979 90.40155
C05 650.012 91.59607
C05 675.004 93.2548
C05 700.03 95.23438
C05 725.012 96.439476
C05 750.022 97.97783
C05 774.987 99.94534
C05 799.976 100.06542
C05 824.988 100.55285
C05 850.022 100.22367
C05 869.967 99.03556
C05 875.002 98.16338
C05 899.999 93.087006
C05 919.999 86.694435
C05 925.012 84.29495
C05 949.965 75.103516
C05 975.002 59.36963
C05 999.976 39.860775
C05 1025.028 21.85421
C05 1050.014 10.192043
C05 1075.002 6.19316
C05 1099.99 4.1574583
C00 319.994 50.16473
C00 324.969 50.761
C00 349.982 55.270073
C00 374.975 65.79735
C00 400.019 78.13121
C00 424.965 81.48496
C00 450.035 81.958534
C00 475.003 83.63818
C00 500.018 83.19914
C00 525.002 83.84093
C00 550.029 85.72346
C00 575.023 88.04589
C00 599.982 89.1749
C00 619.997 90.69851
C00 624.979 91.05142
C00 650.012 92.245865
C00 675.004 93.891174
C00 700.03 95.78511
C00 725.012 96.756836
C00 750.022 97.98029
C00 774.987 99.62668
C00 799.976 99.57018
C00 824.988 100.011185
C00 850.022 99.56104
C00 869.967 98.37335
C00 875.002 97.52681
C00 899.999 92.727905
C00 919.999 86.447586
C00 925.012 84.01383
C00 949.965 74.354675
C00 975.002 58.83709
C00 999.976 39.640938
C00 1025.028 21.80951
C00 1050.014 10.129572
C00 1075.002 6.14128
C00 1099.99 4.1299615
C04 319.994 49.939125
C04 324.969 50.338
C04 349.982 54.231205
C04 374.975 64.90896
C04 400.019 77.879234
C04 424.965 81.67264
C04 450.035 82.26619
C04 475.003 83.85128
C04 500.018 83.239586
C04 525.002 83.70078
C04 550.029 85.406105
C04 575.023 87.607765
C04 599.982 88.681305
C04 619.997 90.17912
C04 624.979 90.52406
C04 650.012 91.7138
C04 675.004 93.36435
C04 700.03 95.329254
C04 725.012 96.49384
C04 750.022 97.97475
C04 774.987 99.89014
C04 799.976 99.97695
C04 824.988 100.44904
C04 850.022 100.08653
C04 869.967 98.89309
C04 875.002 98.02375
C04 899.999 93.00196
C04 919.999 86.60666
C04 925.012 84.17638
C04 949.965 74.87371
C04 975.002 59.158573
C04 999.976 39.744408
C04 1025.028 21.823372
C04 1050.014 10.136243
C04 1075.002 6.165378
C04 1099.99 4.14926
C02 319.994 50.088036
C02 324.969 50.594032
C02 349.982 54.82742
C02 374.975 65.48517
C02 400.019 78.15576
C02 424.965 81.71726
C02 450.035 82.24261
C02 475.003 83.863686
C02 500.018 83.31993
C02 525.002 83.856094
C02 550.029 85.6325
C02 575.023 87.88531
C02 599.982 88.98918
C02 619.997 90.502815
C02 624.979 90.849396
C02 650.012 92.04258
C02 675.004 93.69326
C02 700.03 95.618675
C02 725.012 96.67821
C02 750.022 98.02819
C02 774.987 99.79738
C02 799.976 99.811966
C02 824.988 100.258026
C02 850.022 99.83817
C02 869.967 98.65298
C02 875.002 97.79866
C02 899.999 92.91596
C02 919.999 86.6362
C02 925.012 84.20237
C02 949.965 74.631165
C02 975.002 58.7094
C02 999.976 39.516243
C02 1025.028 21.791218
C02 1050.014 10.167397
C02 1075.002 6.19117
C02 1099.99 4.1529617
C03 319.994 50.004284
C03 324.969 50.470036
C03 349.982 54.584343
C03 374.975 65.280785
C03 400.019 78.09399
C03 424.965 81.7555
C03 450.035 82.302086
C03 475.003 83.904106
C03 500.018 83.32451
C03 525.002 83.82419
C03 550.029 85.55909
C03 575.023 87.78551
C03 599.982 88.87537
C03 619.997 90.38091
C03 624.979 90.728874
C03 650.012 91.92281
C03 675.004 93.57443
C03 700.03 95.51858
C03 725.012 96.62644
C03 750.022 98.05124
C03 774.987 99.89245
C03 799.976 99.94451
C03 824.988 100.399956
C03 850.022 100.00497
C03 869.967 98.8069
C03 875.002 97.95205
C03 899.999 93.004715
C03 919.999 86.66977
C03 925.012 84.22755
C03 949.965 74.7475
C03 975.002 58.92417
C03 999.976 39.620758
C03 1025.028 21.816486
C03 1050.014 10.140877
C03 1075.002 6.175058
C03 1099.99 4.151479
C14 319.994 49.737045
C14 324.969 50.10036
C14 349.982 53.845592
C14 374.975 64.490616
C14 400.019 77.54896
C14 424.965 81.54153
C14 450.035 82.27583
C14 475.003 83.94331
C14 500.018 83.32774
C14 525.002 83.75111
C14 550.029 85.40599
C14 575.023 87.518456
C14 599.982 88.51329
C14 619.997 89.95641
C14 624.979 90.2917
C14 650.012 91.453674
C14 675.004 93.091324
C14 700.03 95.117836
C14 725.012 96.49652
C14 750.022 98.24954
C14 774.987 100.46197
C14 799.976 100.66932
C14 824.988 101.13894
C14 850.022 100.859566
C14 869.967 99.68913
C14 875.002 98.80423
C14 899.999 93.67666
C14 919.999 87.12065
C14 925.012 84.70265
C14 949.965 75.41388
C14 975.002 59.36046
C14 999.976 40.03984
C14 1025.028 22.036362
C14 1050.014 10.067925
C14 1075.002 6.0954065
C14 1099.99 4.1941724
C16 319.994 49.361515
C16 324.969 49.62498
C16 349.982 53.01979
C16 374.975 63.644924
C16 400.019 77.01472
C16 424.965 81.281586
C16 450.035 82.12987
C16 475.003 83.7888
C16 500.018 83.12057
C16 525.002 83.47162
C16 550.029 85.058304
C16 575.023 87.11431
C16 599.982 88.06946
C16 619.997 89.490715
C16 624.979 89.81759
C16 650.012 90.96489
C16 675.004 92.60302
C16 700.03 94.64548
C16 725.012 96.05768
C16 750.022 97.85309
C16 774.987 100.101685
C16 799.976 100.35458
C16 824.988 100.86034
C16 850.022 100.61656
C16 869.967 99.48863
C16 875.002 98.62063
C16 899.999 93.61185
C16 919.999 87.124794
C16 925.012 84.660545
C16 949.965 75.16631
C16 975.002 58.97064
C16 999.976 39.924603
C16 1025.028 22.005627
C16 1050.014 10.1026325
C16 1075.002 6.113371
C16 1099.99 4.179042
