lsstCam/transmission_filter_detector/r14_s22/i_39/19700101T000000.ecsv
# %ECSV 1.0
# ---
# datatype:
# - {name: wavelength, unit: nm, datatype: float32}
# - {name: efficiency, unit: '%', datatype: float64}
# meta: !!omap
# - {MODE: DETECTOR}
# - {TYPE: transmission_filter_detector}
# - {CALIBDATE: '1970-01-01T00:00:00'}
# - {INSTRUME: LSSTCam}
# - {OBSTYPE: transmission_filter_detector}
# - {CALIBCLS: lsst.ip.isr.IntermediateFilterDetectorTransmissionCurve}
# - {SOURCE: Materion (DM-46256)}
# - {DETECTOR: 71}
# - {FILTER: i_39}
# - {CALIB_ID: 'calibDate=1970-01-01T00:00:00 filter=i_39 detector=71'}
# - {DATE: '2025-04-02T15:59:46.808147'}
# - {CALIB_CREATION_DATE: '2025-04-02'}
# - {CALIB_CREATION_TIME: '15:59:46'}
# - __serialized_columns__:
#     efficiency:
#       __class__: astropy.units.quantity.Quantity
#       unit: !astropy.units.Unit {unit: '%'}
#       value: !astropy.table.SerializedColumn {name: efficiency}
#     wavelength:
#       __class__: astropy.units.quantity.Quantity
#       unit: !astropy.units.Unit {unit: nm}
#       value: !astropy.table.SerializedColumn {name: wavelength}
# schema: astropy-2.0
wavelength efficiency
300.0 0.08918929961510003
301.0 0.04857491294387728
302.0 0.00796056046965532
303.0 0.020177541591692716
304.0 0.032394524896517396
305.0 0.031567696714773774
306.0 0.030740868533030152
307.0 0.004787658690474927
308.0 1.729146448421759e-10
309.0 1.729146448421759e-10
310.0 1.729146448421759e-10
311.0 1.729146448421759e-10
312.0 0.0046947428927524015
313.0 0.0015055522453621961
314.0 1.729146448421759e-10
315.0 1.729146448421759e-10
316.0 1.729146448421759e-10
317.0 1.729146448421759e-10
318.0 1.729146448421759e-10
319.0 1.729146448421759e-10
320.0 1.729146448421759e-10
321.0 1.729146448421759e-10
322.0 1.729146448421759e-10
323.0 1.729146448421759e-10
324.0 1.729146448421759e-10
325.0 1.729146448421759e-10
326.0 1.729146448421759e-10
327.0 0.0004027979684906313
328.0 0.00381678510166239
329.0 0.002009106356126722
330.0 0.00020142776975262677
331.0 0.00045389415390673093
332.0 0.0007063609245960834
333.0 0.0016530750144738704
334.0 0.0025997891498263925
335.0 0.001727180824673269
336.0 0.0008545731361664366
337.0 0.0018119879314326681
338.0 0.0027694026357494295
339.0 0.0028149279387434945
340.0 0.00286045360553544
341.0 1.729146448421759e-10
342.0 1.729146448421759e-10
343.0 1.729146448421759e-10
344.0 1.729146448421759e-10
345.0 1.729146448421759e-10
346.0 1.729146448421759e-10
347.0 1.729146448421759e-10
348.0 1.729146448421759e-10
349.0 1.729146448421759e-10
350.0 1.729146448421759e-10
351.0 9.197151484841015e-05
352.0 0.0002948065457530902
353.0 1.729146448421759e-10
354.0 1.729146448421759e-10
355.0 1.729146448421759e-10
356.0 0.000479506252304418
357.0 0.00071189178925124
358.0 0.0009442775990464725
359.0 0.0013038982615398709
360.0 0.0016635185602353886
361.0 0.0010557851055637002
362.0 0.0004480516508920118
363.0 0.0003544882929418236
364.0 0.00026092507141584065
365.0 0.0012494363545556553
366.0 0.002237948137917556
367.0 0.001321897616435308
368.0 0.0004058469585288549
369.0 0.0008408672329096589
370.0 0.001275887552765198
371.0 0.0008234524102590512
372.0 0.0003710171995408018
373.0 0.0005407027856563218
374.0 0.0007103884399839444
375.0 1.729146448421759e-10
376.0 1.729146448421759e-10
377.0 1.729146448421759e-10
378.0 0.0002881000227716868
379.0 3.9083286651475646e-05
380.0 1.729146448421759e-10
381.0 1.729146448421759e-10
382.0 1.729146448421759e-10
383.0 0.00018612291796671343
384.0 0.0013718869013246149
385.0 0.0011798217201430816
386.0 0.0009877562661131378
387.0 1.729146448421759e-10
388.0 1.729146448421759e-10
389.0 1.729146448421759e-10
390.0 1.729146448421759e-10
391.0 1.729146448421759e-10
392.0 1.729146448421759e-10
393.0 1.729146448421759e-10
394.0 0.0005566499112319434
395.0 1.729146448421759e-10
396.0 1.729146448421759e-10
397.0 1.729146448421759e-10
398.0 1.729146448421759e-10
399.0 1.729146448421759e-10
400.0 0.000501034901390085
401.0 1.729146448421759e-10
402.0 1.729146448421759e-10
403.0 1.729146448421759e-10
404.0 0.0010302080227120314
405.0 0.002425960519758519
406.0 0.003821712380158715
407.0 0.001930307553266175
408.0 3.8899642618162034e-05
409.0 1.729146448421759e-10
410.0 1.729146448421759e-10
411.0 0.002752219188550953
412.0 0.005768203845946118
413.0 0.005213430631556548
414.0 0.00465865850856062
415.0 0.00494698433612939
416.0 0.0052353097999002784
417.0 0.0027512602173374034
418.0 0.0002672110667845118
419.0 0.003190102506778203
420.0 0.006112993287388235
421.0 0.0051769602578133345
422.0 0.004240926500642672
423.0 0.004732880552182905
424.0 0.005224834239925258
425.0 0.003692871905514039
426.0 0.0021609086616081186
427.0 0.0031170307920547202
428.0 0.004073153468198143
429.0 0.004520829315879382
430.0 0.004968505891156383
431.0 0.0036747660487890244
432.0 0.002381026752118487
433.0 0.00374616683984641
434.0 0.0051113067456753924
435.0 0.003465668487478979
436.0 0.0018200302292825654
437.0 0.0015880646969890222
438.0 0.001356099164695479
439.0 0.0017629046851652674
440.0 0.0021697105694329366
441.0 0.0005610688731394475
442.0 1.729146448421759e-10
443.0 1.729146448421759e-10
444.0 1.729146448421759e-10
445.0 1.729146448421759e-10
446.0 0.00036705164347949903
447.0 0.00046123896026983857
448.0 0.0005554263225349132
449.0 1.729146448421759e-10
450.0 1.729146448421759e-10
451.0 0.00013199521617934806
452.0 0.0012184261322545353
453.0 0.0015556259313598275
454.0 0.0018928261852124706
455.0 0.0020069699530722573
456.0 0.002121113720932044
457.0 0.0014250848835217766
458.0 0.0007290559096873039
459.0 0.00048232936933345627
460.0 0.00023560285171697615
461.0 0.00048564579628873616
462.0 0.0007356887181231286
463.0 0.00033973744848481147
464.0 1.729146448421759e-10
465.0 0.00036424794416234363
466.0 0.0007847096640034579
467.0 0.0009011824658955447
468.0 0.0010176552677876316
469.0 0.0005022421191824833
470.0 1.729146448421759e-10
471.0 0.00034174045140389353
472.0 0.0006966520686546573
473.0 0.0010033665603259578
474.0 0.001310081370320404
475.0 0.0006716445113852387
476.0 3.3208058880518365e-05
477.0 0.0005665551270794822
478.0 0.0010999022379110102
479.0 0.001190857892652275
480.0 0.00128181354739354
481.0 0.0024455546736135148
482.0 0.003609294435591437
483.0 0.005024628626415506
484.0 0.006439962453441694
485.0 0.006367082096403465
486.0 0.006294201739365235
487.0 0.009196879545925185
488.0 0.012099558080080897
489.0 0.01610003673704341
490.0 0.020100515394005924
491.0 0.023973405768629164
492.0 0.027846297598443925
493.0 0.030338289798237383
494.0 0.03283028781879693
495.0 0.029314396670088172
496.0 0.025798502610996366
497.0 0.01974405167857185
498.0 0.013689597835764289
499.0 0.009810411575017497
500.0 0.005931224222877063
501.0 0.004415298462845385
502.0 0.0028993732485105284
503.0 0.002286295421072282
504.0 0.001673217411735095
505.0 0.001651467573537957
506.0 0.0016297179172397591
507.0 0.0018470836948836222
508.0 0.0020644494725274853
509.0 0.002235506872239057
510.0 0.002406564453849569
511.0 0.0018973465557792224
512.0 0.001388128748658346
513.0 0.0016203366612899117
514.0 0.0018525444829720072
515.0 0.0023639258870389313
516.0 0.0028753074730047956
517.0 0.0023664628315600567
518.0 0.0018576181901153177
519.0 0.002062302883132361
520.0 0.0022669879399472848
521.0 0.0019416329450905323
522.0 0.0016162779502337798
523.0 0.0015391293345601298
524.0 0.00146198090078542
525.0 0.0018905349861597642
526.0 0.0023190890715341084
527.0 0.0027107991627417505
528.0 0.0031025090720504522
529.0 0.003149763506371528
530.0 0.003197018668288365
531.0 0.002846735696948599
532.0 0.002496453271305654
533.0 0.002198878974013496
534.0 0.0019013044948223978
535.0 0.0017747934180079028
536.0 0.0016482823411934078
537.0 0.002270447657792829
538.0 0.0028926131562911905
539.0 0.003366479722899385
540.0 0.0038403464714065194
541.0 0.004469835039344616
542.0 0.005099323971080594
543.0 0.00514684543304611
544.0 0.005194367258809507
545.0 0.004335099583840929
546.0 0.0034758326364681125
547.0 0.00271610842901282
548.0 0.001956384403456468
549.0 0.0019483404685161076
550.0 0.0019402967154746875
551.0 0.0016411957403761335
552.0 0.0013420949471765198
553.0 0.001781437276804354
554.0 0.0022207796064321883
555.0 0.0017056709111784585
556.0 0.0011905621249752585
557.0 0.0008951660674938466
558.0 0.0005997700554871699
559.0 0.00020752447653649142
560.0 1.729146448421759e-10
561.0 0.0005783376764156856
562.0 0.0013413965461950283
563.0 0.0015007393812993541
564.0 0.00166008230735315
565.0 0.001313082339038374
566.0 0.0009660823707235977
567.0 0.0010111478331964463
568.0 0.001056213295669295
569.0 0.0009444972420169506
570.0 0.0008327809155161958
571.0 0.0005239322490524501
572.0 0.00021508351437660167
573.0 0.0002918218342529144
574.0 0.0003685602678160649
575.0 0.000358664487976057
576.0 0.000348768662661314
577.0 0.0005111212431074819
578.0 0.0006734737780789146
579.0 0.0003038447857761639
580.0 1.729146448421759e-10
581.0 0.00016971217746686307
582.0 0.00040520858419768047
583.0 0.0004538454049907159
584.0 0.0005024821348342812
585.0 0.0006331144049909199
586.0 0.0007637468115717638
587.0 0.0006622459750360576
588.0 0.0005607450930256164
589.0 0.0006455948096117936
590.0 0.0007304444807232358
591.0 0.000924427695281338
592.0 0.0011184110917383805
593.0 0.0007376946541626239
594.0 0.0003569781483747647
595.0 0.0006062344255042262
596.0 0.000855490543472115
597.0 0.0006596984349016566
598.0 0.0004639064172806684
599.0 0.0005292609785101376
600.0 0.0005946153578406665
601.0 0.0004891569460596656
602.0 0.00038369848880392965
603.0 0.00025728475065989187
604.0 0.0001308708874603326
605.0 0.00014709271454194095
606.0 0.0001633145416235493
607.0 0.0004237069333612453
608.0 0.0006840991773060523
609.0 0.0006168515938043129
610.0 0.0005496037374541629
611.0 0.0006781320280424552
612.0 0.0008066604095802177
613.0 0.00047830690164119005
614.0 0.00014995357560110278
615.0 1.729146448421759e-10
616.0 1.729146448421759e-10
617.0 1.729146448421759e-10
618.0 0.0001409779201821948
619.0 0.0002786523054965073
620.0 0.00041632670217950363
621.0 0.0005710256573365768
622.0 0.0007257245215441799
623.0 0.0005887931820325321
624.0 0.0004518618879956193
625.0 0.00043690911297744606
626.0 0.0004219563834340079
627.0 0.0003527926992319408
628.0 0.0002836290150298737
629.0 0.00042311476136092097
630.0 0.0005626005531667033
631.0 0.0004509283371589845
632.0 0.00033925609841389814
633.0 0.00038601556298090145
634.0 0.0004327750048105372
635.0 0.0004189470928395167
636.0 0.000405119089919026
637.0 0.0003463453822405427
638.0 0.00028757151540048653
639.0 0.0005747032446379308
640.0 0.0008618348147138022
641.0 0.0005948726538917981
642.0 0.00032791044759505894
643.0 0.0004905115929432213
644.0 0.0006531127382913837
645.0 0.000655210487821023
646.0 0.0006573083283001324
647.0 0.0007933336746646091
648.0 0.0009293594303017017
649.0 0.0008140675163303968
650.0 0.000698775647833827
651.0 0.0008494293069816194
652.0 0.001000083011604147
653.0 0.0011335788258293178
654.0 0.0012670746400544886
655.0 0.0017861035303212702
656.0 0.0023051323296385817
657.0 0.0032024458050727844
658.0 0.004099758371012285
659.0 0.006588776159333065
660.0 0.0630179070867598
661.0 0.10978137142956257
662.0 0.10345628252252936
663.0 0.09434635867364705
664.0 0.11189400684088469
665.0 0.10060302447527647
666.0 0.09141048067249358
667.0 0.1635703374631703
668.0 0.2212750492617488
669.0 0.21377501543611288
670.0 0.30254407320171595
671.0 0.4211100284010172
672.0 0.6912684068083763
673.0 1.1405513621866703
674.0 1.7355240881443024
675.0 2.4936094880104065
676.0 3.5687770694494247
677.0 4.873400181531906
678.0 6.203984096646309
679.0 7.673909515142441
680.0 9.52417403459549
681.0 11.57827153801918
682.0 14.182837307453156
683.0 17.04951524734497
684.0 20.15668898820877
685.0 23.12021255493164
686.0 26.156818866729736
687.0 29.36239242553711
688.0 32.56953954696655
689.0 35.69675087928772
690.0 39.271050691604614
691.0 43.11843812465668
692.0 47.819167375564575
693.0 52.87431478500366
694.0 58.57824683189392
695.0 64.1596794128418
696.0 70.38444876670837
697.0 75.95530152320862
698.0 82.04540610313416
699.0 86.66031956672668
700.0 90.41705131530762
701.0 93.27040314674377
702.0 95.42060494422913
703.0 96.51275873184204
704.0 97.08479642868042
705.0 97.55734205245972
706.0 97.66342639923096
707.0 97.85656332969666
708.0 97.87615537643433
709.0 97.98375368118286
710.0 97.68729209899902
711.0 97.88592457771301
712.0 97.7772057056427
713.0 97.8448212146759
714.0 97.92572855949402
715.0 98.04502725601196
716.0 97.88503050804138
717.0 98.05626273155212
718.0 98.12715649604797
719.0 98.13377261161804
720.0 98.3174204826355
721.0 98.29052090644836
722.0 97.97794818878174
723.0 97.76760935783386
724.0 97.43325114250183
725.0 97.1397340297699
726.0 96.77255749702454
727.0 96.54460549354553
728.0 96.22250199317932
729.0 96.00374698638916
730.0 96.09336256980896
731.0 96.09952569007874
732.0 96.17902636528015
733.0 96.55308127403259
734.0 96.93625569343567
735.0 97.19846844673157
736.0 97.57665991783142
737.0 97.95624017715454
738.0 98.26462864875793
739.0 98.58203530311584
740.0 98.67839217185974
741.0 98.49039912223816
742.0 98.7652063369751
743.0 98.58612418174744
744.0 98.47204685211182
745.0 98.40075373649597
746.0 98.35339188575745
747.0 98.6108124256134
748.0 98.47785830497742
749.0 98.39227199554443
750.0 98.44022393226624
751.0 98.32809567451477
752.0 98.25100302696228
753.0 98.44486713409424
754.0 98.42840433120728
755.0 98.48135709762573
756.0 98.5591471195221
757.0 98.56220483779907
758.0 98.67884516716003
759.0 98.6005425453186
760.0 98.49128127098083
761.0 98.43226671218872
762.0 98.47263097763062
763.0 98.40691089630127
764.0 98.28739762306213
765.0 98.19604158401489
766.0 98.25456142425537
767.0 98.08350801467896
768.0 98.15980195999146
769.0 98.1753408908844
770.0 97.99006581306458
771.0 98.07795286178589
772.0 98.10911417007446
773.0 98.03773760795593
774.0 97.90105819702148
775.0 98.06056618690491
776.0 97.9059636592865
777.0 98.00006151199341
778.0 97.9284942150116
779.0 97.8789210319519
780.0 97.84359335899353
781.0 98.03962111473083
782.0 97.84881472587585
783.0 97.92327880859375
784.0 97.90545105934143
785.0 97.96451330184937
786.0 98.08573722839355
787.0 97.83322215080261
788.0 97.94042110443115
789.0 98.05142879486084
790.0 97.96829223632812
791.0 98.01412224769592
792.0 97.89557456970215
793.0 97.88011312484741
794.0 97.84939289093018
795.0 97.76841998100281
796.0 97.86931276321411
797.0 97.95308709144592
798.0 97.96025156974792
799.0 97.83238172531128
800.0 97.66197800636292
801.0 97.6952850818634
802.0 97.65748381614685
803.0 97.40281105041504
804.0 97.28696942329407
805.0 96.98211550712585
806.0 96.76584005355835
807.0 96.15642428398132
808.0 95.43263912200928
809.0 94.62524652481079
810.0 93.58470439910889
811.0 92.15131998062134
812.0 90.2907133102417
813.0 88.04715275764465
814.0 85.32869219779968
815.0 82.10861682891846
816.0 78.75502705574036
817.0 74.64147210121155
818.0 69.85740065574646
819.0 65.65998792648315
820.0 60.5778694152832
821.0 55.887818336486816
822.0 51.309794187545776
823.0 46.61957323551178
824.0 41.91272556781769
825.0 37.63366937637329
826.0 33.08867812156677
827.0 28.452175855636597
828.0 24.234740436077118
829.0 20.05772590637207
830.0 15.716637670993805
831.0 12.260553985834122
832.0 8.796006441116333
833.0 6.073231622576714
834.0 3.9534036070108414
835.0 2.4446967989206314
836.0 1.4581799507141113
837.0 0.803335290402174
838.0 0.45456276275217533
839.0 0.2869057934731245
840.0 0.11794770834967494
841.0 0.09648871491663158
842.0 0.027413718635216355
843.0 0.0015538993466179818
844.0 0.0033674408769002184
845.0 1.729146448421759e-10
846.0 1.729146448421759e-10
847.0 1.729146448421759e-10
848.0 1.729146448421759e-10
849.0 1.729146448421759e-10
850.0 1.729146448421759e-10
851.0 1.729146448421759e-10
852.0 0.0008984834494185634
853.0 0.0009511110874882434
854.0 0.0010037389074568637
855.0 0.0009595820301910862
856.0 0.0009154250619758386
857.0 0.0009029670763993636
858.0 0.0008905087270250078
859.0 0.0004951301889377646
860.0 9.975153716368368e-05
861.0 0.00021314763216651045
862.0 0.0003265436589572346
863.0 0.00023900306587165687
864.0 0.00015146252962949802
865.0 8.736219569982495e-05
866.0 2.3261799242391135e-05
867.0 4.3468580201988516e-05
868.0 6.367532705553458e-05
869.0 1.729146448421759e-10
870.0 1.729146448421759e-10
871.0 1.7166817656288913e-05
872.0 0.0002786006234600791
873.0 0.0002479426939316909
874.0 0.00021728474166593514
875.0 0.00023384836822515354
876.0 0.00025041201752173947
877.0 1.729146448421759e-10
878.0 1.729146448421759e-10
879.0 1.9591617217429302e-06
880.0 0.0005232179773884127
881.0 0.00021749008283222793
882.0 1.729146448421759e-10
883.0 0.00010683387472454342
884.0 0.0003019055839104112
885.0 0.00016915063270062092
886.0 3.639573549207853e-05
887.0 0.0001004093064693734
888.0 0.00016442292007923243
889.0 8.789425010036211e-05
890.0 1.1365592911261047e-05
891.0 8.564455242776603e-05
892.0 0.00015992347925930517
893.0 0.000237126096180873
894.0 0.0003143287131024408
895.0 1.729146448421759e-10
896.0 1.729146448421759e-10
897.0 1.729146448421759e-10
