lsstCam/transmission_filter_detector/r14_s22/i_39/19700101T000000.ecsv
# %ECSV 1.0
# ---
# datatype:
# - {name: wavelength, unit: nm, datatype: float32}
# - {name: efficiency, unit: '%', datatype: float64}
# meta: !!omap
# - {MODE: DETECTOR}
# - {TYPE: transmission_filter_detector}
# - {CALIBDATE: '1970-01-01T00:00:00'}
# - {INSTRUME: LSSTCam}
# - {OBSTYPE: transmission_filter_detector}
# - {CALIBCLS: lsst.ip.isr.IntermediateFilterDetectorTransmissionCurve}
# - {SOURCE: Materion (DM-46256)}
# - {DETECTOR: 71}
# - {FILTER: i_39}
# - {CALIB_ID: 'calibDate=1970-01-01T00:00:00 filter=i_39 detector=71'}
# - {DATE: '2025-04-02T15:59:46.808147'}
# - {CALIB_CREATION_DATE: '2025-04-02'}
# - {CALIB_CREATION_TIME: '15:59:46'}
# - __serialized_columns__:
#     efficiency:
#       __class__: astropy.units.quantity.Quantity
#       unit: !astropy.units.Unit {unit: '%'}
#       value: !astropy.table.SerializedColumn {name: efficiency}
#     wavelength:
#       __class__: astropy.units.quantity.Quantity
#       unit: !astropy.units.Unit {unit: nm}
#       value: !astropy.table.SerializedColumn {name: wavelength}
# schema: astropy-2.0
wavelength efficiency
[from data line 599]
899.0 1.729146448421759e-10
900.0 1.729146448421759e-10
901.0 1.729146448421759e-10
902.0 1.729146448421759e-10
903.0 1.729146448421759e-10
904.0 1.729146448421759e-10
905.0 1.729146448421759e-10
906.0 1.729146448421759e-10
907.0 9.583291102899238e-05
908.0 0.00030675848847749876
909.0 2.5232509415218374e-06
910.0 1.729146448421759e-10
911.0 1.729146448421759e-10
912.0 3.802745993652934e-05
913.0 4.817146077584766e-05
914.0 5.831546445733693e-05
915.0 1.729146448421759e-10
916.0 1.729146448421759e-10
917.0 1.729146448421759e-10
918.0 1.729146448421759e-10
919.0 1.729146448421759e-10
920.0 7.576390430585889e-05
921.0 4.8278366193699185e-05
922.0 2.0792811028513825e-05
923.0 1.729146448421759e-10
924.0 1.729146448421759e-10
925.0 4.091324115051975e-05
926.0 0.00029781413104501553
927.0 1.729146448421759e-10
928.0 1.729146448421759e-10
929.0 1.729146448421759e-10
930.0 0.00023557965960208094
931.0 0.00024680609840288525
932.0 0.00025803251446632203
933.0 0.00023222180516313529
934.0 0.0002064111185973161
935.0 1.729146448421759e-10
936.0 1.729146448421759e-10
937.0 1.729146448421759e-10
938.0 1.729146448421759e-10
939.0 1.729146448421759e-10
940.0 1.729146448421759e-10
941.0 1.729146448421759e-10
942.0 1.729146448421759e-10
943.0 1.729146448421759e-10
944.0 1.729146448421759e-10
945.0 1.729146448421759e-10
946.0 1.729146448421759e-10
947.0 1.729146448421759e-10
948.0 1.729146448421759e-10
949.0 1.729146448421759e-10
950.0 1.729146448421759e-10
951.0 1.729146448421759e-10
952.0 2.970738250951399e-05
953.0 1.729146448421759e-10
954.0 1.729146448421759e-10
955.0 8.534870516996307e-05
956.0 0.0003613840135585633
957.0 0.0002703371364987106
958.0 0.00017929022533280659
959.0 0.00016114079244289314
960.0 0.00014299137092166347
961.0 0.00011926008482987527
962.0 9.552876463203575e-05
963.0 1.729146448421759e-10
964.0 1.729146448421759e-10
965.0 1.729146448421759e-10
966.0 1.729146448421759e-10
967.0 1.729146448421759e-10
968.0 1.729146448421759e-10
969.0 1.729146448421759e-10
970.0 1.729146448421759e-10
971.0 1.729146448421759e-10
972.0 1.729146448421759e-10
973.0 1.729146448421759e-10
974.0 1.729146448421759e-10
975.0 1.729146448421759e-10
976.0 1.729146448421759e-10
977.0 1.729146448421759e-10
978.0 1.729146448421759e-10
979.0 1.729146448421759e-10
980.0 1.729146448421759e-10
981.0 1.729146448421759e-10
982.0 1.729146448421759e-10
983.0 1.729146448421759e-10
984.0 1.729146448421759e-10
985.0 0.0001085793883248698
986.0 0.0002817105269059539
987.0 3.5294814892949944e-05
988.0 1.729146448421759e-10
989.0 1.729146448421759e-10
990.0 1.729146448421759e-10
991.0 1.729146448421759e-10
992.0 1.729146448421759e-10
993.0 1.729146448421759e-10
994.0 2.625160675506777e-05
995.0 1.729146448421759e-10
996.0 1.729146448421759e-10
997.0 0.00012382779459585436
998.0 0.00038873431549291126
999.0 0.0003652801751741208
1000.0 0.0003418260121179628
1001.0 0.0001300636427004065
1002.0 1.729146448421759e-10
1003.0 3.605080109991832e-05
1004.0 0.00015380041986645665
1005.0 4.5032820139567775e-05
1006.0 1.729146448421759e-10
1007.0 5.877665785192221e-05
1008.0 0.00018128811234419118
1009.0 0.00012006287306576269
1010.0 5.8837582628257223e-05
1011.0 0.0001340126004834019
1012.0 0.00020918760128552094
1013.0 0.0003660790980575257
1014.0 0.0005229706857790006
1015.0 0.0004123175131098833
1016.0 0.0003016644086528686
1017.0 0.00044483449528343044
1018.0 0.0005880047410755651
1019.0 0.0004080498456460191
1020.0 0.00022809488200437045
1021.0 0.0001905004523905518
1022.0 0.0001529060000393656
1023.0 0.0004824377356271725
1024.0 0.000811969493952347
1025.0 0.0006338381353998557
1026.0 0.0004557067768473644
1027.0 0.00035655525607580785
1028.0 0.0002574037353042513
1029.0 0.0007247814210131764
1030.0 0.0011921591067221016
1031.0 0.0017140833733719774
1032.0 0.0022360072762239724
1033.0 0.0024638206014060415
1034.0 0.002691633198992349
1035.0 0.0033376883948221803
1036.0 0.003983743590652011
1037.0 0.003893470056937076
1038.0 0.0038031968870200217
1039.0 0.00314083335979376
1040.0 0.0024784700144664384
1041.0 0.00190343453141395
1042.0 0.0013283990483614616
1043.0 0.0020401559595484287
1044.0 0.0027519128707353957
1045.0 0.0032681382435839623
1046.0 0.00378436416212935
1047.0 0.003593390283640474
1048.0 0.003402416405151598
1049.0 0.0030418153983191587
1050.0 0.0026812143914867193
1051.0 0.002763145494100172
1052.0 0.0028450767786125652
1053.0 0.0018820712284650654
1054.0 0.0009190654964186251
1055.0 0.0009091050742426887
1056.0 0.0008991445611172821
1057.0 0.0008392587005801033
1058.0 0.0007793730219418649
1059.0 0.0009716175554785877
1060.0 0.0011638624528131913
1061.0 0.0017050835595000535
1062.0 0.002246304393338505
1063.0 0.0024341656171600334
1064.0 0.0026220268409815617
1065.0 0.0030331877496792004
1066.0 0.0034443488402757794
1067.0 0.004270264253136702
1068.0 0.005096179665997624
1069.0 0.004295761027606204
1070.0 0.003495342025416903
1071.0 0.0031588031561113894
1072.0 0.0028222641049069352
1073.0 0.002687694905034732
1074.0 0.002553125705162529
1075.0 0.0025485074729658663
1076.0 0.002543889422668144
1077.0 0.0019231993064749986
1078.0 0.0013025088264839724
1079.0 0.0014234497939469293
1080.0 0.0015443909433088265
1081.0 0.0008724487997824326
1082.0 0.00020050649709446589
1083.0 2.0860909444309073e-05
1084.0 1.729146448421759e-10
1085.0 0.00040681352402316406
1086.0 0.0009724122719489969
1087.0 0.0009024952305480838
1088.0 0.000832578371046111
1089.0 1.729146448421759e-10
1090.0 1.729146448421759e-10
1091.0 1.729146448421759e-10
1092.0 1.729146448421759e-10
1093.0 1.729146448421759e-10
1094.0 0.0006529319307446713
1095.0 0.0006675531039945781
1096.0 0.0006821746410423657
1097.0 1.729146448421759e-10
1098.0 1.729146448421759e-10
1099.0 1.729146448421759e-10
1100.0 1.729146448421759e-10
