lsstCam/transmission_sensor/r31_s10/19700101T000000.ecsv
# %ECSV 1.0
# ---
# datatype:
# - {name: amp_name, datatype: string}
# - {name: wavelength, unit: nm, datatype: float32}
# - {name: efficiency, unit: '%', datatype: float64}
# meta: !!omap
# - {MODE: AMP}
# - {TYPE: transmission_sensor}
# - {CALIBDATE: '1970-01-01T00:00:00'}
# - {INSTRUME: LSSTCAM}
# - {OBSTYPE: transmission_sensor}
# - {DETECTOR: 129}
# - {PARQUETFILE: qe_raft_allvalues_nircorrected_20230725.parquet}
# - {CALIBCLS: lsst.ip.isr.IntermediateSensorTransmissionCurve}
# - {CALIB_ID: 'raftName=R31 detectorName=S10 detector=129 calibDate=1970-01-01T00:00:00 ccd=129 ccdnum=129 filter=None'}
# - {DATE: '2024-01-18T22:42:25.434069'}
# - {CALIB_CREATION_DATE: '2024-01-18'}
# - {CALIB_CREATION_TIME: '22:42:25'}
# - __serialized_columns__:
#     efficiency:
#       __class__: astropy.units.quantity.Quantity
#       unit: !astropy.units.Unit {unit: '%'}
#       value: !astropy.table.SerializedColumn {name: efficiency}
#     wavelength:
#       __class__: astropy.units.quantity.Quantity
#       unit: !astropy.units.Unit {unit: nm}
#       value: !astropy.table.SerializedColumn {name: wavelength}
# schema: astropy-2.0
amp_name wavelength efficiency
C00 319.994 39.212921142578125
C00 324.969 44.302120208740234
C00 349.982 66.06420135498047
C00 374.975 72.07344055175781
C00 400.019 81.58343505859375
C00 424.965 84.3490982055664
C00 450.035 86.60297393798828
C00 475.003 89.62789154052734
C00 500.018 91.66253662109375
C00 525.002 93.74313354492188
C00 550.029 96.55078125
C00 575.023 97.73820495605469
C00 599.982 98.20501708984375
C00 619.997 98.37216186523438
C00 624.979 99.43122100830078
C00 650.012 99.01742553710938
C00 675.004 99.54219055175781
C00 700.03 98.49283599853516
C00 725.012 98.6198501586914
C00 750.022 98.36248016357422
C00 774.987 97.87876892089844
C00 799.976 96.89366149902344
C00 824.988 95.10338592529297
C00 850.022 93.24817657470703
C00 869.967 90.13497924804688
C00 875.002 89.24490356445312
C00 899.999 82.62456512451172
C00 919.999 73.3666000366211
C00 925.012 71.00773620605469
C00 949.965 57.57963180541992
C00 975.002 42.233795166015625
C00 999.976 25.578365325927734
C00 1025.028 10.871344566345215
C00 1050.014 3.843686103820801
C00 1075.002 0.9370973292099744
C00 1099.99 0.09297793611058944
C01 319.994 39.55356216430664
C01 324.969 44.69286346435547
C01 349.982 66.7627182006836
C01 374.975 72.77978515625
C01 400.019 81.98127746582031
C01 424.965 84.57357788085938
C01 450.035 86.7270736694336
C01 475.003 89.6899642944336
C01 500.018 91.68090057373047
C01 525.002 93.73970031738281
C01 550.029 96.53360748291016
C01 575.023 97.71186065673828
C01 599.982 98.17777252197266
C01 619.997 98.33477020263672
C01 624.979 99.40204620361328
C01 650.012 98.98543548583984
C01 675.004 99.51581573486328
C01 700.03 98.48646545410156
C01 725.012 98.6784439086914
C01 750.022 98.49964904785156
C01 774.987 98.09159088134766
C01 799.976 97.12454223632812
C01 824.988 95.3250503540039
C01 850.022 93.44476318359375
C01 869.967 90.21501922607422
C01 875.002 89.3423843383789
C01 899.999 82.79949188232422
C01 919.999 73.21731567382812
C01 925.012 70.8027114868164
C01 949.965 57.39564895629883
C01 975.002 42.291934967041016
C01 999.976 25.609315872192383
C01 1025.028 10.830973625183105
C01 1050.014 3.776886463165283
C01 1075.002 0.9384033983848521
C01 1099.99 0.0931075230942597
C02 319.994 39.78815841674805
C02 324.969 44.96040344238281
C02 349.982 67.22685241699219
C02 374.975 73.23133850097656
C02 400.019 82.22920989990234
C02 424.965 84.69938659667969
C02 450.035 86.78736877441406
C02 475.003 89.71599578857422
C02 500.018 91.68013763427734
C02 525.002 93.7176284790039
C02 550.029 96.5009765625
C02 575.023 97.66991424560547
C02 599.982 98.13279724121094
C02 619.997 98.29576873779297
C02 624.979 99.35737609863281
C02 650.012 98.93981170654297
C02 675.004 99.47586059570312
C02 700.03 98.45439910888672
C02 725.012 98.65641784667969
C02 750.022 98.50235748291016
C02 774.987 98.11351776123047
C02 799.976 97.14908599853516
C02 824.988 95.32637023925781
C02 850.022 93.47264099121094
C02 869.967 90.18688201904297
C02 875.002 89.2801284790039
C02 899.999 82.71491241455078
C02 919.999 73.29224395751953
C02 925.012 70.85797119140625
C02 949.965 57.276123046875
C02 975.002 42.14209747314453
C02 999.976 25.652137756347656
C02 1025.028 10.838391304016113
C02 1050.014 3.755478620529175
C02 1075.002 0.9384289671569005
C02 1099.99 0.09311006000433279
C03 319.994 39.925662994384766
C03 324.969 45.113067626953125
C03 349.982 67.45548248291016
C03 374.975 73.4514389038086
C03 400.019 82.35008239746094
C03 424.965 84.76085662841797
C03 450.035 86.81608581542969
C03 475.003 89.7169418334961
C03 500.018 91.66732025146484
C03 525.002 93.69094848632812
C03 550.029 96.46479034423828
C03 575.023 97.62435913085938
C03 599.982 98.08116149902344
C03 619.997 98.2463150024414
C03 624.979 99.30304718017578
C03 650.012 98.88713073730469
C03 675.004 99.4156265258789
C03 700.03 98.38690185546875
C03 725.012 98.5750961303711
C03 750.022 98.40167999267578
C03 774.987 97.99459838867188
C03 799.976 97.0330810546875
C03 824.988 95.17511749267578
C03 850.022 93.36259460449219
C03 869.967 90.10308837890625
C03 875.002 89.14402770996094
C03 899.999 82.40093231201172
C03 919.999 73.19046783447266
C03 925.012 70.81863403320312
C03 949.965 57.1514892578125
C03 975.002 41.9376220703125
C03 999.976 25.58712387084961
C03 1025.028 10.847944259643555
C03 1050.014 3.753061532974243
C03 1075.002 0.937470006535448
C03 1099.99 0.0930149128124513
C04 319.994 40.21415710449219
C04 324.969 45.442691802978516
C04 349.982 68.00630187988281
C04 374.975 74.00850677490234
C04 400.019 82.742431640625
C04 424.965 85.05596923828125
C04 450.035 87.06159973144531
C04 475.003 89.93531036376953
C04 500.018 91.87010192871094
C04 525.002 93.8836669921875
C04 550.029 96.65560150146484
C04 575.023 97.81676483154297
C04 599.982 98.27410888671875
C04 619.997 98.43566131591797
C04 624.979 99.49822998046875
C04 650.012 99.07847595214844
C04 675.004 99.60773468017578
C04 700.03 98.57178497314453
C04 725.012 98.73528289794922
C04 750.022 98.5252685546875
C04 774.987 98.08728790283203
C04 799.976 97.11119079589844
C04 824.988 95.25609588623047
C04 850.022 93.41337585449219
C04 869.967 90.20109558105469
C04 875.002 89.2452163696289
C04 899.999 82.41020965576172
C04 919.999 73.24150848388672
C04 925.012 70.88059997558594
C04 949.965 57.24298095703125
C04 975.002 41.898719787597656
C04 999.976 25.586925506591797
C04 1025.028 10.882542610168457
C04 1050.014 3.764601469039917
C04 1075.002 0.9386477696638507
C04 1099.99 0.09313176938806265
C05 319.994 40.314491271972656
C05 324.969 45.55608367919922
C05 349.982 68.24761199951172
C05 374.975 74.2816162109375
C05 400.019 82.84646606445312
C05 424.965 85.06283569335938
C05 450.035 87.00993347167969
C05 475.003 89.85015869140625
C05 500.018 91.75849151611328
C05 525.002 93.76130676269531
C05 550.029 96.5210952758789
C05 575.023 97.67784881591797
C05 599.982 98.13381958007812
C05 619.997 98.2942123413086
C05 624.979 99.35365295410156
C05 650.012 98.93692016601562
C05 675.004 99.46338653564453
C05 700.03 98.42203521728516
C05 725.012 98.5545654296875
C05 750.022 98.30768585205078
C05 774.987 97.83014678955078
C05 799.976 96.84819030761719
C05 824.988 94.99019622802734
C05 850.022 93.12939453125
C05 869.967 89.98572540283203
C05 875.002 89.02957153320312
C05 899.999 82.10427856445312
C05 919.999 73.01526641845703
C05 925.012 70.73335266113281
C05 949.965 57.176700592041016
C05 975.002 41.73556900024414
C05 999.976 25.493223190307617
C05 1025.028 10.853825569152832
C05 1050.014 3.7569847106933594
C05 1075.002 0.9365752185483385
C05 1099.99 0.09292613277039513
C06 319.994 40.526607513427734
C06 324.969 45.79835891723633
C06 349.982 68.66271209716797
C06 374.975 74.76972198486328
C06 400.019 83.28692626953125
C06 424.965 85.45391845703125
C06 450.035 87.37539672851562
C06 475.003 90.20762634277344
C06 500.018 92.109375
C06 525.002 94.11177062988281
C06 550.029 96.87531280517578
C06 575.023 98.03515625
C06 599.982 98.48841857910156
C06 619.997 98.65238189697266
C06 624.979 99.71746826171875
C06 650.012 99.29999542236328
C06 675.004 99.82982635498047
C06 700.03 98.77285766601562
C06 725.012 98.87899780273438
C06 750.022 98.5964126586914
C06 774.987 98.0791015625
C06 799.976 97.0751724243164
C06 824.988 95.20767211914062
C06 850.022 93.29690551757812
C06 869.967 90.18301391601562
C06 875.002 89.222900390625
C06 899.999 82.22504425048828
C06 919.999 73.13986206054688
C06 925.012 70.87980651855469
C06 949.965 57.339256286621094
C06 975.002 41.753334045410156
C06 999.976 25.495084762573242
C06 1025.028 10.865463256835938
C06 1050.014 3.777216911315918
C06 1075.002 0.939326240100163
C06 1099.99 0.0931990866014556
C07 319.994 40.59872817993164
C07 324.969 45.885101318359375
C07 349.982 68.8268051147461
C07 374.975 74.91455078125
C07 400.019 83.31250762939453
C07 424.965 85.41942596435547
C07 450.035 87.30635833740234
C07 475.003 90.11756134033203
C07 500.018 92.00932312011719
C07 525.002 94.00191497802734
C07 550.029 96.76167297363281
C07 575.023 97.92188262939453
C07 599.982 98.37454223632812
C07 619.997 98.53312683105469
C07 624.979 99.59954833984375
C07 650.012 99.18344116210938
C07 675.004 99.7087631225586
C07 700.03 98.6457748413086
C07 725.012 98.7309799194336
C07 750.022 98.41622161865234
C07 774.987 97.86476135253906
C07 799.976 96.8393783569336
C07 824.988 94.98137664794922
C07 850.022 93.00125885009766
C07 869.967 89.94942474365234
C07 875.002 89.02608489990234
C07 899.999 81.94271850585938
C07 919.999 72.81346130371094
C07 925.012 70.50813293457031
C07 949.965 57.199317932128906
C07 975.002 41.593482971191406
C07 999.976 25.34181785583496
C07 1025.028 10.855403900146484
C07 1050.014 3.7834293842315674
C07 1075.002 0.937609864489844
C07 1099.99 0.09302878939020161
C10 319.994 37.40343475341797
C10 324.969 42.244285583496094
C10 349.982 62.912742614746094
C10 374.975 69.29025268554688
C10 400.019 80.01998901367188
C10 424.965 83.4327621459961
C10 450.035 86.02259063720703
C10 475.003 89.24237823486328
C10 500.018 91.40242004394531
C10 525.002 93.5643539428711
C10 550.029 96.43221282958984
C10 575.023 97.65644836425781
C10 599.982 98.15480041503906
C10 619.997 98.3421401977539
C10 624.979 99.41017150878906
C10 650.012 99.01487731933594
C10 675.004 99.5538101196289
C10 700.03 98.51251220703125
C10 725.012 98.63131713867188
C10 750.022 98.37393188476562
C10 774.987 97.89684295654297
C10 799.976 96.92353057861328
C10 824.988 95.15660095214844
C10 850.022 93.3542709350586
C10 869.967 90.30228424072266
C10 875.002 89.434814453125
C10 899.999 83.02706146240234
C10 919.999 73.8208999633789
C10 925.012 71.4205551147461
C10 949.965 57.805809020996094
C10 975.002 42.29204559326172
C10 999.976 25.72438621520996
C10 1025.028 10.966885566711426
C10 1050.014 3.863691568374634
C10 1075.002 0.9372064158364871
C10 1099.99 0.0929887595854562
C11 319.994 38.02569580078125
C11 324.969 42.948734283447266
C11 349.982 64.02417755126953
C11 374.975 70.33149719238281
C11 400.019 80.65486907958984
C11 424.965 83.82939910888672
C11 450.035 86.29212951660156
C11 475.003 89.43653106689453
C11 500.018 91.54988098144531
C11 525.002 93.67831420898438
C11 550.029 96.52122497558594
C11 575.023 97.72888946533203
C11 599.982 98.21742248535156
C11 619.997 98.40054321289062
C11 624.979 99.46387481689453
C11 650.012 99.06292724609375
C11 675.004 99.6017837524414
C11 700.03 98.5752944946289
C11 725.012 98.759521484375
C11 750.022 98.57926940917969
C11 774.987 98.17665100097656
C11 799.976 97.22419738769531
C11 824.988 95.43096160888672
C11 850.022 93.59871673583984
C11 869.967 90.52615356445312
C11 875.002 89.65019226074219
C11 899.999 83.0428695678711
C11 919.999 73.67408752441406
C11 925.012 71.29295349121094
C11 949.965 57.89545822143555
C11 975.002 42.3851432800293
C11 999.976 25.718353271484375
C11 1025.028 10.906490325927734
C11 1050.014 3.8269033432006836
C11 1075.002 0.9391619408310244
C11 1099.99 0.0931827849789103
C12 319.994 38.425601959228516
C12 324.969 43.403076171875
C12 349.982 64.74764251708984
C12 374.975 70.98898315429688
C12 400.019 80.93898010253906
C12 424.965 83.91217803955078
C12 450.035 86.2634506225586
C12 475.003 89.33846282958984
C12 500.018 91.40083312988281
C12 525.002 93.5004653930664
C12 550.029 96.31682586669922
C12 575.023 97.51386260986328
C12 599.982 97.992919921875
C12 619.997 98.16950225830078
C12 624.979 99.23298645019531
C12 650.012 98.8253402709961
C12 675.004 99.36502838134766
C12 700.03 98.34590148925781
C12 725.012 98.53990936279297
C12 750.022 98.37976837158203
C12 774.987 97.99459838867188
C12 799.976 97.04525756835938
C12 824.988 95.24917602539062
C12 850.022 93.37682342529297
C12 869.967 90.29785919189453
C12 875.002 89.43346405029297
C12 899.999 82.75765991210938
C12 919.999 73.323486328125
C12 925.012 70.94610595703125
C12 949.965 57.6917610168457
C12 975.002 42.32526397705078
C12 999.976 25.65643310546875
C12 1025.028 10.85129451751709
C12 1050.014 3.7796332836151123
C12 1075.002 0.9372611131978789
C12 1099.99 0.09299418660740405
C13 319.994 38.75648498535156
C13 324.969 43.7816047668457
C13 349.982 65.36871337890625
C13 374.975 71.60211944580078
C13 400.019 81.32026672363281
C13 424.965 84.15778350830078
C13 450.035 86.43812561035156
C13 475.003 89.47086334228516
C13 500.018 91.50918579101562
C13 525.002 93.59104919433594
C13 550.029 96.39985656738281
C13 575.023 97.58999633789062
C13 599.982 98.06178283691406
C13 619.997 98.23768615722656
C13 624.979 99.30400848388672
C13 650.012 98.89412689208984
C13 675.004 99.429931640625
C13 700.03 98.40921020507812
C13 725.012 98.59040832519531
C13 750.022 98.41175842285156
C13 774.987 98.0087890625
C13 799.976 97.04607391357422
C13 824.988 95.24568939208984
C13 850.022 93.36034393310547
C13 869.967 90.23941802978516
C13 875.002 89.37234497070312
C13 899.999 82.70903015136719
C13 919.999 73.2427978515625
C13 925.012 70.8125991821289
C13 949.965 57.55387878417969
C13 975.002 42.330970764160156
C13 999.976 25.663427352905273
C13 1025.028 10.834330558776855
C13 1050.014 3.7555768489837646
C13 1075.002 0.9375660595920805
C13 1099.99 0.09302444310848824
C14 319.994 39.24007797241211
C14 324.969 44.3298225402832
C14 349.982 66.24402618408203
C14 374.975 72.47978210449219
C14 400.019 81.96414947509766
C14 424.965 84.66736602783203
C14 450.035 86.87256622314453
C14 475.003 89.8711929321289
C14 500.018 91.88609313964844
C14 525.002 93.95711517333984
C14 550.029 96.76434326171875
C14 575.023 97.95063781738281
C14 599.982 98.42473602294922
C14 619.997 98.5964584350586
C14 624.979 99.66281127929688
C14 650.012 99.25587463378906
C14 675.004 99.78822326660156
C14 700.03 98.74791717529297
C14 725.012 98.9095687866211
C14 750.022 98.69664001464844
C14 774.987 98.25858306884766
C14 799.976 97.28193664550781
C14 824.988 95.47208404541016
C14 850.022 93.55240631103516
C14 869.967 90.33490753173828
C14 875.002 89.54146575927734
C14 899.999 83.04161071777344
C14 919.999 73.74618530273438
C14 925.012 70.9532241821289
C14 949.965 57.1335334777832
C14 975.002 41.95606231689453
C14 999.976 25.459739685058594
C14 1025.028 10.806356430053711
C14 1050.014 3.7605042457580566
C14 1075.002 0.9402804395145605
C14 1099.99 0.09329376139074713
C15 319.994 39.51079177856445
C15 324.969 44.637203216552734
C15 349.982 66.76669311523438
C15 374.975 73.00096130371094
C15 400.019 82.30027770996094
C15 424.965 84.88746643066406
C15 450.035 87.0315933227539
C15 475.003 89.99400329589844
C15 500.018 91.98404693603516
C15 525.002 94.04195404052734
C15 550.029 96.83866882324219
C15 575.023 98.02155303955078
C15 599.982 98.49129486083984
C15 619.997 98.66568756103516
C15 624.979 99.73383331298828
C15 650.012 99.32066345214844
C15 675.004 99.8530502319336
C15 700.03 98.80648040771484
C15 725.012 98.93616485595703
C15 750.022 98.68253326416016
C15 774.987 98.20806121826172
C15 799.976 97.2177963256836
C15 824.988 95.38577270507812
C15 850.022 93.53287506103516
C15 869.967 90.2919692993164
C15 875.002 89.36991119384766
C15 899.999 82.79188537597656
C15 919.999 73.61952209472656
C15 925.012 71.1598892211914
C15 949.965 57.41868209838867
C15 975.002 42.189876556396484
C15 999.976 25.70983123779297
C15 1025.028 10.904975891113281
C15 1050.014 3.7814226150512695
C15 1075.002 0.9401464140092484
C15 1099.99 0.09328046350323675
C16 319.994 39.604766845703125
C16 324.969 44.74681854248047
C16 349.982 66.97171783447266
C16 374.975 73.2607192993164
C16 400.019 82.4992446899414
C16 424.965 85.03925323486328
C16 450.035 87.15536499023438
C16 475.003 90.09659576416016
C16 500.018 92.0737533569336
C16 525.002 94.12535095214844
C16 550.029 96.9215087890625
C16 575.023 98.1015625
C16 599.982 98.56980895996094
C16 619.997 98.74507904052734
C16 624.979 99.81217956542969
C16 650.012 99.40148162841797
C16 675.004 99.93607330322266
C16 700.03 98.87513732910156
C16 725.012 98.97665405273438
C16 750.022 98.69121551513672
C16 774.987 98.178466796875
C16 799.976 97.16826629638672
C16 824.988 95.3291244506836
C16 850.022 93.46931457519531
C16 869.967 90.22297668457031
C16 875.002 89.29940032958984
C16 899.999 82.71011352539062
C16 919.999 73.71540069580078
C16 925.012 71.19713592529297
C16 949.965 57.26479721069336
C16 975.002 42.02708435058594
C16 999.976 25.607263565063477
C16 1025.028 10.877114295959473
C16 1050.014 3.7775583267211914
C16 1075.002 0.9402294325180716
C16 1099.99 0.09328870052341465
C17 319.994 39.79513931274414
C17 324.969 44.965240478515625
C17 349.982 67.33706665039062
C17 374.975 73.60035705566406
C17 400.019 82.6801986694336
C17 424.965 85.12678527832031
C17 450.035 87.20073699951172
C17 475.003 90.1163330078125
C17 500.018 92.0818099975586
C17 525.002 94.12200927734375
C17 550.029 96.91495513916016
C17 575.023 98.09578704833984
C17 599.982 98.56226348876953
C17 619.997 98.73306274414062
C17 624.979 99.80253601074219
C17 650.012 99.39115905761719
C17 675.004 99.92192077636719
C17 700.03 98.8559341430664
C17 725.012 98.93416595458984
C17 750.022 98.61157989501953
C17 774.987 98.06745147705078
C17 799.976 97.04658508300781
C17 824.988 95.2060546875
C17 850.022 93.3379135131836
C17 869.967 90.09512329101562
C17 875.002 89.16386413574219
C17 899.999 82.57481384277344
C17 919.999 73.70636749267578
C17 925.012 71.23027801513672
C17 949.965 57.175086975097656
C17 975.002 41.94258499145508
C17 999.976 25.585479736328125
C17 1025.028 10.92879867553711
C17 1050.014 3.795823812484741
C17 1075.002 0.9394710691327768
C17 1099.99 0.09321345640501984
