lsstCam/transmission_sensor/r31_s10/19700101T000000.ecsv
# %ECSV 1.0
# ---
# datatype:
# - {name: amp_name, datatype: string}
# - {name: wavelength, unit: nm, datatype: float32}
# - {name: efficiency, unit: '%', datatype: float64}
# meta: !!omap
# - {MODE: AMP}
# - {TYPE: transmission_sensor}
# - {CALIBDATE: '1970-01-01T00:00:00'}
# - {INSTRUME: LSSTCam}
# - {OBSTYPE: transmission_sensor}
# - {DETECTOR: 129}
# - {PARQUETFILE: qe_raft_allvalues_nircorrected_20230725_adjust.parquet}
# - {CORRFILE: qe_corr_factor_bydetnum.parquet}
# - {CALIBCLS: lsst.ip.isr.IntermediateSensorTransmissionCurve}
# - {CALIB_ID: 'raftName=R31 detectorName=S10 detector=129 calibDate=1970-01-01T00:00:00 ccd=129 ccdnum=129 filter=None'}
# - {DATE: '2025-03-03T21:56:48.109033'}
# - {CALIB_CREATION_DATE: '2025-03-03'}
# - {CALIB_CREATION_TIME: '21:56:48'}
# - __serialized_columns__:
#     efficiency:
#       __class__: astropy.units.quantity.Quantity
#       unit: !astropy.units.Unit {unit: '%'}
#       value: !astropy.table.SerializedColumn {name: efficiency}
#     wavelength:
#       __class__: astropy.units.quantity.Quantity
#       unit: !astropy.units.Unit {unit: nm}
#       value: !astropy.table.SerializedColumn {name: wavelength}
# schema: astropy-2.0
amp_name wavelength efficiency
C00 319.994 39.09672641358822
C00 324.969 44.170845294723605
C00 349.982 65.86844159649512
C00 374.975 71.85987436876849
C00 400.019 81.3416891021466
C00 424.965 84.09915710653677
C00 450.035 86.34635421180528
C00 475.003 89.36230845556354
C00 500.018 91.39092452765931
C00 525.002 93.46535627968545
C00 550.029 96.26468443460804
C00 575.023 97.44858959698628
C00 599.982 97.91401848495244
C00 619.997 98.0806679812026
C00 624.979 99.13658894719555
C00 650.012 98.72401962420304
C00 675.004 99.24722966852832
C00 700.03 98.20098453598573
C00 725.012 98.32762233101825
C00 750.022 98.07101496811416
C00 774.987 97.58873704627024
C00 799.976 96.60654866961237
C00 824.988 94.82157799485513
C00 850.022 92.97186595335585
C00 869.967 89.86789357370608
C00 875.002 88.9804553397035
C00 899.999 82.37973411797579
C00 919.999 73.14920199638915
C00 925.012 70.79732789103399
C00 949.965 57.40901330728144
C00 975.002 42.108649060075514
C00 999.976 25.502572165396682
C00 1025.028 10.839130875071122
C00 1050.014 3.8322965910749427
C00 1075.002 0.9343205462763896
C00 1099.99 0.09270242625889721
C01 319.994 39.4363580565189
C01 324.969 44.56043070987789
C01 349.982 66.5648886148756
C01 374.975 72.56412595092262
C01 400.019 81.73835263288701
C01 424.965 84.32297160937446
C01 450.035 86.47008621408777
C01 475.003 89.42419727706671
C01 500.018 91.40923406469939
C01 525.002 93.46193322539878
C01 550.029 96.24756155638734
C01 575.023 97.4223233604265
C01 599.982 97.88685464749081
C01 619.997 98.043387116627
C01 624.979 99.10750059254607
C01 650.012 98.69212436503848
C01 675.004 99.22093300481933
C01 700.03 98.1946328685871
C01 725.012 98.38604245751091
C01 750.022 98.20777739704796
C01 774.987 97.80092837810786
C01 799.976 96.83674526699791
C01 824.988 95.04258559317776
C01 850.022 93.1678700418111
C01 869.967 89.94769637930955
C01 875.002 89.07764726108329
C01 899.999 82.55414253727575
C01 919.999 73.00035998921703
C01 925.012 70.5929106958208
C01 949.965 57.225575631451946
C01 975.002 42.1666165827236
C01 999.976 25.533430999791097
C01 1025.028 10.798879560053424
C01 1050.014 3.7656948894129108
C01 1075.002 0.93562274534036
C01 1099.99 0.09283162925371866
C02 319.994 39.670259159321354
C02 324.969 44.82717792025786
C02 349.982 67.02764752049814
C02 374.975 73.0143412642813
C02 400.019 81.9855503998964
C02 424.965 84.44840753201301
C02 450.035 86.53020265414916
C02 475.003 89.45015163534704
C02 500.018 91.40847338596902
C02 525.002 93.43992678972909
C02 550.029 96.21502732708929
C02 575.023 97.38050124383058
C02 599.982 97.84201263633531
C02 619.997 98.00450121993033
C02 624.979 99.06296285288272
C02 650.012 98.64663577696217
C02 675.004 99.18109625970968
C02 700.03 98.16266154154953
C02 725.012 98.36408166256504
C02 750.022 98.21047780654078
C02 774.987 97.82279028481878
C02 799.976 96.86121630175401
C02 824.988 95.04390156738131
C02 850.022 93.19566524261894
C02 869.967 89.91964254773337
C02 875.002 89.01557587668484
C02 899.999 82.46981369322658
C02 919.999 73.07506624732699
C02 925.012 70.64800665626173
C02 949.965 57.10640389815803
C02 975.002 42.017223083471954
C02 999.976 25.576125995230118
C02 1025.028 10.806275259009478
C02 1050.014 3.744350481950742
C02 1075.002 0.9356482383476745
C02 1099.99 0.09283415864648445
C03 319.994 39.807356286896514
C03 324.969 44.97938973420554
C03 349.982 67.25560011562906
C03 374.975 73.23378947120666
C03 400.019 82.10606473114942
C03 424.965 84.50969541731918
C03 450.035 86.55883460156042
C03 475.003 89.4510948769727
C03 500.018 91.39569398329876
C03 525.002 93.41332585452793
C03 550.029 96.17894833490769
C03 575.023 97.33508111684
C03 599.982 97.79052989986364
C03 619.997 97.95519402462753
C03 624.979 99.00879492049285
C03 650.012 98.5941109106299
C03 675.004 99.12104067394672
C03 700.03 98.09536429427341
C03 725.012 98.28300091669456
C03 750.022 98.11009864128073
C03 774.987 97.70422329111551
C03 799.976 96.74555510080077
C03 824.988 94.89309700908483
C03 850.022 93.08594494254992
C03 869.967 89.83609720277649
C03 875.002 88.87987839797356
C03 899.999 82.1567639685288
C03 919.999 72.9735917046952
C03 925.012 70.60878606092369
C03 949.965 56.98213942076426
C03 975.002 41.813353576944635
C03 999.976 25.511304757221364
C03 1025.028 10.815799907562162
C03 1050.014 3.7419405566480783
C03 1075.002 0.9346921192939062
C03 1099.99 0.09273929339233809
C04 319.994 40.094995538606184
C04 324.969 45.30803717626963
C04 349.982 67.80478733859661
C04 374.975 73.78920665297595
C04 400.019 82.49725137503114
C04 424.965 84.80393355701483
C04 450.035 86.80362101699451
C04 475.003 89.66881634318011
C04 500.018 91.59787478304465
C04 525.002 93.6054733018202
C04 550.029 96.36919408537402
C04 575.023 97.52691668585281
C04 599.982 97.98290555077503
C04 619.997 98.14397927193156
C04 624.979 99.20339936008422
C04 650.012 98.7848891362075
C04 675.004 99.31257957825468
C04 700.03 98.27969957100474
C04 725.012 98.44271302292371
C04 750.022 98.23332098881389
C04 774.987 97.79663815006855
C04 799.976 96.82343338921638
C04 824.988 94.97383544952663
C04 850.022 93.13657571884355
C04 869.967 89.93381399248022
C04 875.002 88.98076721798296
C04 899.999 82.16601382189013
C04 919.999 73.02448111175717
C04 925.012 70.6705683874046
C04 949.965 57.07336001411062
C04 975.002 41.7745665684829
C04 999.976 25.511106980751467
C04 1025.028 10.850295737136175
C04 1050.014 3.7534462978691794
C04 1075.002 0.93586639250461
C04 1099.99 0.09285580370152148
C05 319.994 40.19503239843756
C05 324.969 45.421093052571344
C05 349.982 68.04538241422635
C05 374.975 74.06150681808765
C05 400.019 82.60097752670484
C05 424.965 84.8107796655882
C05 450.035 86.75210785337364
C05 475.003 89.58391699008317
C05 500.018 91.48659509157835
C05 525.002 93.48347564704295
C05 550.029 96.23508642520923
C05 575.023 97.38841230262646
C05 599.982 97.84303194583401
C05 619.997 98.00294943532036
C05 624.979 99.05925074067851
C05 650.012 98.64375280457405
C05 675.004 99.16865916246807
C05 700.03 98.1303935498071
C05 725.012 98.26253105206023
C05 750.022 98.01638302169876
C05 774.987 97.54025899078356
C05 799.976 96.56121221728213
C05 824.988 94.70872369841697
C05 850.022 92.85343588182404
C05 869.967 89.71908199368318
C05 875.002 88.76576137484297
C05 899.999 81.86098925779778
C05 919.999 72.7989094410523
C05 925.012 70.52375739244258
C05 949.965 57.00727604940944
C05 975.002 41.61189922538625
C05 999.976 25.417682320783857
C05 1025.028 10.821663789724928
C05 1050.014 3.7458521093069193
C05 1075.002 0.9337999827197656
C05 1099.99 0.09265077642104089
C06 319.994 40.406520102449576
C06 324.969 45.66265038679501
C06 349.982 68.4592524978478
C06 374.975 74.54816624941851
C06 400.019 83.0401325713239
C06 424.965 85.20070358277749
C06 450.035 87.11648817879701
C06 475.003 89.94032540241223
C06 500.018 91.83643884646429
C06 525.002 93.83290102862718
C06 550.029 96.5882543461469
C06 575.023 97.74466097242214
C06 599.982 98.19658020613686
C06 619.997 98.36005767208137
C06 624.979 99.42198800004427
C06 650.012 99.00575220557135
C06 675.004 99.53401315666633
C06 700.03 98.4801764503946
C06 725.012 98.58600207536412
C06 750.022 98.30425428042119
C06 774.987 97.78847606729164
C06 799.976 96.78752174635545
C06 824.988 94.92555517050985
C06 850.022 93.02045050386478
C06 869.967 89.91578590657039
C06 875.002 88.95851736511953
C06 899.999 81.98139709402857
C06 919.999 72.92313588450955
C06 925.012 70.66977728152501
C06 949.965 57.16935006309641
C06 975.002 41.62961162962299
C06 999.976 25.419538376885967
C06 1025.028 10.833266992908358
C06 1050.014 3.7660243583880035
C06 1075.002 0.9365428525146093
C06 1099.99 0.0929229214422626
C07 319.994 40.47842706283175
C07 324.969 45.74913575504479
C07 349.982 68.62285927917647
C07 374.975 74.69256589280525
C07 400.019 83.0656381291533
C07 424.965 85.16631329737733
C07 450.035 87.04765436048554
C07 475.003 89.85052727829166
C07 500.018 91.73668343776315
C07 525.002 93.72337089824074
C07 550.029 96.47495124925781
C07 575.023 97.63172300132364
C07 599.982 98.08304129884137
C07 619.997 98.24115597973673
C07 624.979 99.30441749547778
C07 650.012 98.88954331593224
C07 675.004 99.4133086557307
C07 700.03 98.35347019427634
C07 725.012 98.43842279488442
C07 750.022 98.12459717788165
C07 774.987 97.5747709847806
C07 799.976 96.55242637794632
C07 824.988 94.69993025229385
C07 850.022 92.72567988905786
C07 869.967 89.68288889969202
C07 875.002 88.76228507304516
C07 899.999 81.69990792985395
C07 919.999 72.59770231008129
C07 925.012 70.29920503123641
C07 949.965 57.02982637037136
C07 975.002 41.470234222035195
C07 999.976 25.266725626741295
C07 1025.028 10.823237443848386
C07 1050.014 3.7722184226621707
C07 1075.002 0.9348315628247745
C07 1099.99 0.0927531288513667
C10 319.994 37.29260184840019
C10 324.969 42.119108392618145
C10 349.982 62.72632117851714
C10 374.975 69.08493357394167
C10 400.019 79.78287582071664
C10 424.965 83.18553631063473
C10 450.035 85.76769068803577
C10 475.003 88.97793749310597
C10 500.018 91.13157872132587
C10 525.002 93.2871064327971
C10 550.029 96.14646735312074
C10 575.023 97.36707526423949
C10 599.982 97.86395061091928
C10 619.997 98.0507352731624
C10 624.979 99.11560182102455
C10 650.012 98.72147895724359
C10 675.004 99.25881480559191
C10 700.03 98.22060244044205
C10 725.012 98.33905533233576
C10 750.022 98.08243275585706
C10 774.987 97.6067575253928
C10 799.976 96.63632924190648
C10 824.988 94.87463533629867
C10 850.022 93.07764593760155
C10 869.967 90.03470281248963
C10 875.002 89.16980348926799
C10 899.999 82.78103778897147
C10 919.999 73.60215575317719
C10 925.012 71.20892354525162
C10 949.965 57.63452032029423
C10 975.002 42.1667268811395
C10 999.976 25.648160369299635
C10 1025.028 10.934388770778932
C10 1050.014 3.852242775945844
C10 1075.002 0.9344293096601896
C10 1099.99 0.09271321766191898
C11 319.994 37.91301902767987
C11 324.969 42.82146968812728
C11 349.982 63.83446273935021
C11 374.975 70.12309269158041
C11 400.019 80.4158746261967
C11 424.965 83.58099796898115
C11 450.035 86.03643087668932
C11 475.003 89.17151501641133
C11 500.018 91.2786027063324
C11 525.002 93.40072901475295
C11 550.029 96.23521574059339
C11 575.023 97.43930170968844
C11 599.982 97.9263871211083
C11 619.997 98.10896522997248
C11 624.979 99.16914599685552
C11 650.012 98.76938650368248
C11 675.004 99.30664628415778
C11 700.03 98.28319869316446
C11 725.012 98.46687978618768
C11 750.022 98.2871618293497
C11 774.987 97.88573644975716
C11 799.976 96.93610512275926
C11 824.988 95.14818301452817
C11 850.022 93.32136740281311
C11 869.967 90.25790877234303
C11 875.002 89.38454309485235
C11 899.999 82.7967990522648
C11 919.999 73.45577834509147
C11 925.012 71.08170002759671
C11 949.965 57.72390387450673
C11 975.002 42.2595487032133
C11 999.976 25.642145302239207
C11 1025.028 10.874172491634177
C11 1050.014 3.8155635607035583
C11 1075.002 0.9363790400928796
C11 1099.99 0.09290666812426994
C12 319.994 38.31174019438594
C12 324.969 43.27446528224548
C12 349.982 64.5557839522139
C12 374.975 70.77863040784142
C12 400.019 80.69914377860037
C12 424.965 83.66353161122665
C12 450.035 86.00783696321459
C12 475.003 89.07373737240917
C12 500.018 91.1299965095667
C12 525.002 93.22340719591566
C12 550.029 96.0314223019391
C12 575.023 97.22491201632005
C12 599.982 97.70254979790869
C12 619.997 97.87860889005356
C12 624.979 98.93894179268267
C12 650.012 98.53250354025697
C12 675.004 99.07059246054837
C12 700.03 98.05448541930315
C12 725.012 98.24791841364976
C12 750.022 98.08825194814442
C12 774.987 97.70422329111551
C12 799.976 96.75769553333753
C12 824.988 94.96693609344216
C12 850.022 93.10013160087136
C12 869.967 90.03029087585347
C12 875.002 89.16845708791523
C12 899.999 82.5124345224894
C12 919.999 73.10621604133577
C12 925.012 70.73588026319445
C12 949.965 57.52081026028439
C12 975.002 42.19984683305996
C12 999.976 25.580408616482117
C12 1025.028 10.819140238036914
C12 1050.014 3.7684335705543575
C12 1075.002 0.9344838449437535
C12 1099.99 0.09271862860265365
C13 319.994 38.64164275635515
C13 324.969 43.65187223092649
C13 349.982 65.1750144726742
C13 374.975 71.38994986950584
C13 400.019 81.07930058089168
C13 424.965 83.90840930810838
C13 450.035 86.18199435853353
C13 475.003 89.20574555927813
C13 500.018 91.2380281028543
C13 525.002 93.31372258157286
C13 550.029 96.11420696816562
C13 575.023 97.300820146824
C13 599.982 97.77120866011217
C13 619.997 97.94659074818702
C13 624.979 99.00975337569312
C13 650.012 98.60108633458742
C13 675.004 99.13530340014121
C13 700.03 98.11760654034951
C13 725.012 98.29826773881315
C13 750.022 98.12014720730896
C13 774.987 97.71837191550044
C13 799.976 96.75850945957903
C13 824.988 94.96345979164435
C13 850.022 93.08370094029532
C13 869.967 89.97202288510688
C13 875.002 89.10751911482504
C13 899.999 82.46394886021541
C13 919.999 73.02576665881149
C13 925.012 70.60276909216644
C13 949.965 57.38333659673769
C13 975.002 42.20553670996315
C13 999.976 25.587382138742814
C13 1025.028 10.802226546467066
C13 1050.014 3.7444484193372776
C13 1075.002 0.9347878877285682
C13 1099.99 0.0927487954484446
C14 319.994 39.12380277299585
C14 324.969 44.19846553942346
C14 349.982 66.04773357324407
C14 374.975 72.26501186056527
C14 400.019 81.72127539539014
C14 424.965 84.41648184569925
C14 450.035 86.61514764796995
C14 475.003 89.60488890267955
C14 500.018 91.61381860923326
C14 525.002 93.67870384319323
C14 550.029 96.47761362481411
C14 575.023 97.6603929826714
C14 599.982 98.1330863525126
C14 619.997 98.30429992114502
C14 624.979 99.36749297580033
C14 650.012 98.96176215459387
C14 675.004 99.49253334549907
C14 700.03 98.4553098626987
C14 725.012 98.61648247209017
C14 750.022 98.40418464523032
C14 774.987 97.96742573861194
C14 799.976 96.9936732890739
C14 824.988 95.1891835980953
C14 850.022 93.27519420387947
C14 869.967 90.06722943500039
C14 875.002 89.27613876898687
C14 899.999 82.79554393235969
C14 919.999 73.52766248511173
C14 925.012 70.74297739574882
C14 949.965 56.964236846844926
C14 975.002 41.831739181857756
C14 999.976 25.384298033004605
C14 1025.028 10.77433530996952
C14 1050.014 3.749361215374972
C14 1075.002 0.9374942244696102
C14 1099.99 0.09301731569363031
C15 319.994 39.393714406894176
C15 324.969 44.504935393103516
C15 349.982 66.56885175106085
C15 374.975 72.7846467148578
C15 400.019 82.05640762363066
C15 424.965 84.63593005262462
C15 450.035 86.77370352252893
C15 475.003 89.72733535790773
C15 500.018 91.71148215142588
C15 525.002 93.76329131801073
C15 550.029 96.55171894672706
C15 575.023 97.73109807065958
C15 599.982 98.19944796495037
C15 619.997 98.37332390913907
C15 624.979 99.43830455881077
C15 650.012 99.02635899237717
C15 675.004 99.55716821721889
C15 700.03 98.51369956204215
C15 725.012 98.64299973263098
C15 750.022 98.39011969550572
C15 774.987 97.91705359308662
C15 799.976 96.92972302821143
C15 824.988 95.10312801332817
C15 850.022 93.25572082838191
C15 869.967 90.02441843605499
C15 875.002 89.10509254967515
C15 899.999 82.54655857033394
C15 919.999 73.40137460229518
C15 925.012 70.94903005023232
C15 949.965 57.24854052232191
C15 975.002 42.06486058896158
C15 999.976 25.633648520820937
C15 1025.028 10.872662544354386
C15 1050.014 3.7702175998891856
C15 1075.002 0.9373605961052611
C15 1099.99 0.09300405721008144
C16 319.994 39.487411009507895
C16 324.969 44.614225909689885
C16 349.982 66.77326894627403
C16 374.975 73.04363500218797
C16 400.019 82.25478502972469
C16 424.965 84.78726708603236
C16 450.035 86.89710843295738
C16 475.003 89.82962382678102
C16 500.018 91.80092275654316
C16 525.002 93.84644111002783
C16 550.029 96.634313443271
C16 575.023 97.81087044911382
C16 599.982 98.27772941309307
C16 619.997 98.45248013782171
C16 624.979 99.5164186576328
C16 650.012 99.10693769028559
C16 675.004 99.6399452766581
C16 700.03 98.58215304098843
C16 725.012 98.6833689528519
C16 750.022 98.39877621945736
C16 774.987 97.88754686513545
C16 799.976 96.8803397650356
C16 824.988 95.04664761759796
C16 850.022 93.19234868335451
C16 869.967 89.95563025846734
C16 875.002 89.03479062141406
C16 899.999 82.46502902401254
C16 919.999 73.49696909834118
C16 925.012 70.98616638584915
C16 949.965 57.09511162240564
C16 975.002 41.902550764868195
C16 999.976 25.53138477400639
C16 1025.028 10.84488350796957
C16 1050.014 3.7663647621198457
C16 1075.002 0.9374433686157538
C16 1099.99 0.09301226982253098
C17 319.994 39.67721936970427
C17 324.969 44.832000623408426
C17 349.982 67.13753516988784
C17 374.975 73.3822663525882
C17 400.019 82.4352028109946
C17 424.965 84.87453975676807
C17 450.035 86.94234599705267
C17 475.003 89.84930258553577
C17 500.018 91.80895552393591
C17 525.002 93.84310933718879
C17 550.029 96.62777921297709
C17 575.023 97.8051121111249
C17 599.982 98.27020630044969
C17 619.997 98.44049944781834
C17 624.979 99.50680367848088
C17 650.012 99.09664570706364
C17 675.004 99.62583468620967
C17 700.03 98.56300675734494
C17 725.012 98.6410067543574
C17 750.022 98.31937657358101
C17 774.987 97.77686050307884
C17 799.976 96.75901911432837
C17 824.988 94.92394253160145
C17 850.022 93.06133698562233
C17 869.967 89.82815571683139
C17 875.002 88.89965604496325
C17 899.999 82.33013025796815
C17 919.999 73.48796266217356
C17 925.012 71.01921026989655
C17 949.965 57.005667213894704
C17 975.002 41.81830179208571
C17 999.976 25.50966549455741
C17 1025.028 10.89641473771029
C17 1050.014 3.7845761240612896
C17 1075.002 0.9366872523935232
C17 1099.99 0.09293724866559097
