lsstCam/transmission_filter_detector/r42_s11/u_24/19700101T000000.ecsv
# %ECSV 1.0
# ---
# datatype:
# - {name: wavelength, unit: nm, datatype: float32}
# - {name: efficiency, unit: '%', datatype: float64}
# meta: !!omap
# - {MODE: DETECTOR}
# - {TYPE: transmission_filter_detector}
# - {CALIBDATE: '1970-01-01T00:00:00'}
# - {INSTRUME: LSSTCam}
# - {OBSTYPE: transmission_filter_detector}
# - {CALIBCLS: lsst.ip.isr.IntermediateFilterDetectorTransmissionCurve}
# - {SOURCE: Materion (DM-46256)}
# - {DETECTOR: 175}
# - {FILTER: u_24}
# - {CALIB_ID: 'calibDate=1970-01-01T00:00:00 filter=u_24 detector=175'}
# - {DATE: '2025-04-02T15:59:40.561916'}
# - {CALIB_CREATION_DATE: '2025-04-02'}
# - {CALIB_CREATION_TIME: '15:59:40'}
# - __serialized_columns__:
#     efficiency:
#       __class__: astropy.units.quantity.Quantity
#       unit: !astropy.units.Unit {unit: '%'}
#       value: !astropy.table.SerializedColumn {name: efficiency}
#     wavelength:
#       __class__: astropy.units.quantity.Quantity
#       unit: !astropy.units.Unit {unit: nm}
#       value: !astropy.table.SerializedColumn {name: wavelength}
# schema: astropy-2.0
wavelength efficiency
295.0 1.6429533514911165e-10
296.0 1.6429533514911165e-10
297.0 1.6429533514911165e-10
298.0 1.6429533514911165e-10
299.0 1.6429533514911165e-10
300.0 1.6429533514911165e-10
301.0 1.6429533514911165e-10
302.0 1.6429533514911165e-10
303.0 0.11358533520251513
304.0 0.39171362295746803
305.0 0.7075521163642406
306.0 2.273113653063774
307.0 3.9476141333580017
308.0 6.356313079595566
309.0 9.578808397054672
310.0 13.314898312091827
311.0 17.020662128925323
312.0 20.71203589439392
313.0 24.07594472169876
314.0 26.87445878982544
315.0 29.312360286712646
316.0 31.642186641693115
317.0 34.189218282699585
318.0 37.44860887527466
319.0 41.61452353000641
320.0 47.260940074920654
321.0 52.93532609939575
322.0 58.777832984924316
323.0 64.14481997489929
324.0 68.3512032032013
325.0 71.15039825439453
326.0 73.49879145622253
327.0 75.32810568809509
328.0 77.03317999839783
329.0 78.38297486305237
330.0 79.5204222202301
331.0 80.1261305809021
332.0 80.43733835220337
333.0 80.53655624389648
334.0 80.42069673538208
335.0 80.77569007873535
336.0 81.03368878364563
337.0 81.66276812553406
338.0 82.55801796913147
339.0 83.13185572624207
340.0 83.39238166809082
341.0 83.92728567123413
342.0 84.19796824455261
343.0 84.11840200424194
344.0 84.40702557563782
345.0 84.83490943908691
346.0 85.09277105331421
347.0 85.52019596099854
348.0 85.71854829788208
349.0 85.92921495437622
350.0 86.02680563926697
351.0 86.15676164627075
352.0 86.12639307975769
353.0 86.0242247581482
354.0 86.04079484939575
355.0 86.20984554290771
356.0 86.32383942604065
357.0 86.2797200679779
358.0 85.89905500411987
359.0 85.63761711120605
360.0 85.44482588768005
361.0 85.1944625377655
362.0 85.00468134880066
363.0 85.16006469726562
364.0 85.26597619056702
365.0 85.67278385162354
366.0 85.90038418769836
367.0 86.0133707523346
368.0 86.04801297187805
369.0 86.22451424598694
370.0 86.05000376701355
371.0 85.90644001960754
372.0 85.94716787338257
373.0 86.20018362998962
374.0 86.17029190063477
375.0 86.54080033302307
376.0 86.6647481918335
377.0 86.77859306335449
378.0 86.8700921535492
379.0 86.47531867027283
380.0 85.63206791877747
381.0 84.21006798744202
382.0 82.32921361923218
383.0 80.30070066452026
384.0 78.22255492210388
385.0 75.74357390403748
386.0 73.14555048942566
387.0 69.55675482749939
388.0 66.09547138214111
389.0 61.72863245010376
390.0 57.525402307510376
391.0 53.18438410758972
392.0 48.73311519622803
393.0 45.062583684921265
394.0 41.72416925430298
395.0 37.87088990211487
396.0 33.82636904716492
397.0 28.392931818962097
398.0 22.164133191108704
399.0 15.303930640220642
400.0 9.351485967636108
401.0 4.871974512934685
402.0 1.9890613853931427
403.0 0.6209040991961956
404.0 0.23630836512893438
405.0 0.13245868030935526
406.0 0.03685583360493183
407.0 0.01101927409763448
408.0 1.6429533514911165e-10
409.0 1.6429533514911165e-10
410.0 1.6429533514911165e-10
411.0 1.6429533514911165e-10
412.0 1.6429533514911165e-10
413.0 1.6429533514911165e-10
414.0 1.6429533514911165e-10
415.0 1.6429533514911165e-10
416.0 1.6429533514911165e-10
417.0 1.6429533514911165e-10
418.0 1.6429533514911165e-10
419.0 1.6429533514911165e-10
420.0 1.6429533514911165e-10
421.0 1.6429533514911165e-10
422.0 1.6429533514911165e-10
423.0 1.6429533514911165e-10
424.0 1.6429533514911165e-10
425.0 1.6429533514911165e-10
426.0 1.3120840947067336e-05
427.0 1.6429533514911165e-10
428.0 1.6429533514911165e-10
429.0 1.6429533514911165e-10
430.0 1.6429533514911165e-10
431.0 1.6429533514911165e-10
432.0 1.6429533514911165e-10
433.0 1.6429533514911165e-10
434.0 0.0008096483725239523
435.0 0.0007091644874890335
436.0 0.0006086803296057042
437.0 1.6429533514911165e-10
438.0 1.6429533514911165e-10
439.0 1.6429533514911165e-10
440.0 1.6429533514911165e-10
441.0 4.409701261920418e-05
442.0 0.0008032413461478427
443.0 0.00030844385037198663
444.0 1.6429533514911165e-10
445.0 0.00010437966011522803
446.0 0.0003951131020585308
447.0 1.6429533514911165e-10
448.0 1.6429533514911165e-10
449.0 1.6429533514911165e-10
450.0 0.0009983365089283325
451.0 0.0005915348992857616
452.0 0.00018473319869372062
453.0 0.0004181513304502005
454.0 0.0006515696895803558
455.0 0.0003440477030380862
456.0 3.65258159717996e-05
457.0 1.4303249429303833e-05
458.0 1.6429533514911165e-10
459.0 1.6429533514911165e-10
460.0 1.6429533514911165e-10
461.0 1.6429533514911165e-10
462.0 1.6429533514911165e-10
463.0 1.6429533514911165e-10
464.0 1.6429533514911165e-10
465.0 1.6429533514911165e-10
466.0 1.6429533514911165e-10
467.0 0.00011203497933820472
468.0 0.0006107972694735508
469.0 8.370036539417924e-05
470.0 1.6429533514911165e-10
471.0 1.6429533514911165e-10
472.0 1.6429533514911165e-10
473.0 1.6429533514911165e-10
474.0 1.6429533514911165e-10
475.0 1.6429533514911165e-10
476.0 1.6429533514911165e-10
477.0 1.6429533514911165e-10
478.0 1.6429533514911165e-10
479.0 1.6429533514911165e-10
480.0 1.6429533514911165e-10
481.0 1.6429533514911165e-10
482.0 0.00023425911876984173
483.0 1.6429533514911165e-10
484.0 1.6429533514911165e-10
485.0 1.6429533514911165e-10
486.0 1.6429533514911165e-10
487.0 1.6429533514911165e-10
488.0 1.6429533514911165e-10
489.0 1.6429533514911165e-10
490.0 1.6429533514911165e-10
491.0 0.00020863376448687632
492.0 0.0005353712367650587
493.0 0.00046424297579505946
494.0 0.0003931148057745304
495.0 0.0002599822209958802
496.0 0.00012684961347986246
497.0 0.00011721338069037301
498.0 0.00010757722748166998
499.0 1.6429533514911165e-10
500.0 1.6429533514911165e-10
501.0 1.6429533514911165e-10
502.0 0.0002681984824448591
503.0 0.0002748312226685812
504.0 0.00028146407657914096
505.0 1.6429533514911165e-10
506.0 1.6429533514911165e-10
507.0 1.6429533514911165e-10
508.0 0.00013891684602640453
509.0 1.6429533514911165e-10
510.0 1.6429533514911165e-10
511.0 1.6429533514911165e-10
512.0 1.6429533514911165e-10
513.0 1.6429533514911165e-10
514.0 1.6429533514911165e-10
515.0 1.6429533514911165e-10
516.0 1.6429533514911165e-10
517.0 1.6429533514911165e-10
518.0 0.0001420352191416896
519.0 9.067891824088292e-05
520.0 3.9322688394349825e-05
521.0 1.6429533514911165e-10
522.0 1.6429533514911165e-10
523.0 1.6429533514911165e-10
524.0 1.6429533514911165e-10
525.0 1.6429533514911165e-10
526.0 1.6429533514911165e-10
527.0 1.6429533514911165e-10
528.0 1.6429533514911165e-10
529.0 1.6429533514911165e-10
530.0 1.6429533514911165e-10
531.0 1.6429533514911165e-10
532.0 7.236447459035844e-05
533.0 1.8283493830040243e-05
534.0 1.6429533514911165e-10
535.0 9.255772965843789e-05
536.0 0.00022091301161708543
537.0 1.6429533514911165e-10
538.0 1.6429533514911165e-10
539.0 1.6429533514911165e-10
540.0 1.6429533514911165e-10
541.0 1.6429533514911165e-10
542.0 1.6429533514911165e-10
543.0 1.6429533514911165e-10
544.0 1.6429533514911165e-10
545.0 1.6429533514911165e-10
546.0 0.0002541294634283986
547.0 1.6429533514911165e-10
548.0 1.6429533514911165e-10
549.0 1.6429533514911165e-10
550.0 1.6429533514911165e-10
551.0 1.6429533514911165e-10
552.0 1.6429533514911165e-10
553.0 1.6429533514911165e-10
554.0 1.6429533514911165e-10
555.0 1.6429533514911165e-10
556.0 1.6429533514911165e-10
557.0 1.6429533514911165e-10
558.0 1.6429533514911165e-10
559.0 1.6429533514911165e-10
560.0 1.6429533514911165e-10
561.0 1.6429533514911165e-10
562.0 1.6429533514911165e-10
563.0 1.6429533514911165e-10
564.0 7.255528089444852e-05
565.0 7.695744557167927e-05
566.0 8.135955340549117e-05
567.0 0.00020874797428405145
568.0 0.00033613634968787665
569.0 0.00028412587198545225
570.0 0.0002321153715456603
571.0 0.00029043933409411693
572.0 0.000348763273905206
573.0 0.00030761477773921797
574.0 0.000266466327047965
575.0 0.0002804590849336819
576.0 0.000294451729132561
577.0 0.00029742252536379965
578.0 0.00030039345801924355
579.0 0.0005466885340865701
580.0 0.0007929836101538967
581.0 0.0006534748536068946
582.0 0.0005139659606356872
583.0 0.00065289796111756
584.0 0.0007918299161246978
585.0 0.0007017621101113036
586.0 0.0006116943950473797
587.0 0.0006670180937362602
588.0 0.0007223417014756706
589.0 0.00047781468310859054
590.0 0.0002332875965294079
591.0 0.00044182811507198494
592.0 0.0006503685654024594
593.0 0.0006388600013451651
594.0 0.0006273513918131357
595.0 0.0008904562491807155
596.0 0.0011535610610735603
597.0 0.0015334544514189474
598.0 0.0019133478417643346
599.0 0.0019752846128540114
600.0 0.002037221383943688
601.0 0.0021958883735351264
602.0 0.0023545551812276244
603.0 0.0022411410100176
604.0 0.002127727202605456
605.0 0.0019228076780564152
606.0 0.0017178879716084339
607.0 0.0013036779819231015
608.0 0.0008894677193893585
609.0 0.0008733989488973748
610.0 0.0008573302693548612
611.0 0.00046259160626505036
612.0 6.785284654142743e-05
613.0 0.0003716849505508435
614.0 0.0006755170488759177
615.0 0.0004983808139513712
616.0 0.00032124460176419234
617.0 0.0003702317144416156
618.0 0.00041921880438167136
619.0 0.0004547898242890369
620.0 0.0004903608896711376
621.0 0.0005284579856379423
622.0 0.000566555036130012
623.0 0.0006739822765666759
624.0 0.0007814094715286046
625.0 0.0009047776075021829
626.0 0.0010281458344252314
627.0 0.001098664324672427
628.0 0.0011691828149196226
629.0 0.0014337138054543175
630.0 0.0016982447050395422
631.0 0.0018950157027575187
632.0 0.002091787064273376
633.0 0.0023623915694770403
634.0 0.002632996256579645
635.0 0.002676698932191357
636.0 0.0027204012440051883
637.0 0.0025353145247208886
638.0 0.002350227805436589
639.0 0.0020660761947510764
640.0 0.0017819244021666236
641.0 0.001568262632645201
642.0 0.0013546009540732484
643.0 0.0008701654223841615
644.0 0.00038573002711927984
645.0 0.00020076968212379143
646.0 1.5809251863174723e-05
647.0 0.00019861445252900012
648.0 0.00038141963614179986
649.0 0.000491737455377006
650.0 0.0006020552064001095
651.0 0.0009011627298605163
652.0 0.0012002703442703933
653.0 0.0012811491615138948
654.0 0.0013620278878079262
655.0 0.001789807720342651
656.0 0.0022175872800289653
657.0 0.0027812660846393555
658.0 0.003344945071148686
659.0 0.0034104181395377964
660.0 0.0034758912079269066
661.0 0.003130099503323436
662.0 0.0027843076168210246
663.0 0.002324076740478631
664.0 0.0018638453184394166
665.0 0.0016917423636186868
666.0 0.001519639408797957
667.0 0.0011523506145749707
668.0 0.0007850620932003949
669.0 0.0007466841452696826
670.0 0.0007083061063895002
671.0 0.0006052694061509101
672.0 0.0005022327968617901
673.0 0.0006608674539165804
674.0 0.0008195022928703111
675.0 0.0010317275155102834
676.0 0.001243952829099726
677.0 0.0017651576854404993
678.0 0.0022863625417812727
679.0 0.0031781670259078965
680.0 0.0040699716919334605
681.0 0.005799374412163161
682.0 0.00752877676859498
683.0 0.009134966239798814
684.0 0.01074115643859841
685.0 0.010400794417364523
686.0 0.01006043457891792
687.0 0.008898498344933614
688.0 0.007736561383353546
689.0 0.006651249714195728
690.0 0.005565938408835791
691.0 0.004653519135899842
692.0 0.003741100590559654
693.0 0.002974411654577125
694.0 0.002207723264291417
695.0 0.0017075242794817314
696.0 0.001207325840368867
697.0 0.0010480832315806765
698.0 0.0008888407137419563
699.0 0.0007250218459375901
700.0 0.0005612029326584889
701.0 0.0005818710633320734
702.0 0.0006025391485309228
703.0 0.0006470917014667066
704.0 0.0006916442544024903
705.0 0.0006407206910807872
706.0 0.0005897973096580245
707.0 0.000737057553124032
708.0 0.00088431806943845
709.0 0.0008426271961070597
710.0 0.0008009363227756694
711.0 0.0008297226486320142
712.0 0.0008585089744883589
713.0 0.0007124306193873053
714.0 0.0005663523097609868
715.0 0.0005008845619158819
716.0 0.00043541676859604195
717.0 0.0003991131507063983
718.0 0.00036280928270571167
719.0 0.0003907523478119401
720.0 0.00041869539018080104
721.0 0.00023777758997312048
722.0 5.685984660885879e-05
723.0 0.00020032462089147884
724.0 0.0003437895202296204
725.0 0.0003110729721811367
726.0 0.00027835646960738814
727.0 0.00038057037272665184
728.0 0.00048278407120960765
729.0 0.00018422397261019796
730.0 1.6429533514911165e-10
731.0 0.00016508084854649496
732.0 0.00044449793676903937
733.0 0.0004829455974686425
734.0 0.0005213931217440404
735.0 0.000411760265706107
736.0 0.0003021272959813359
737.0 0.000376233128918102
738.0 0.00045033898459223565
739.0 0.0008998105840873905
740.0 0.0013492823200067505
741.0 0.0019366068954695947
742.0 0.0025239316528313793
743.0 0.0028738681066897698
744.0 0.00322380437864922
745.0 0.0035949193261330947
746.0 0.00396603427361697
747.0 0.004088756759301759
748.0 0.004211479244986549
749.0 0.00413712696172297
750.0 0.004062775042257272
751.0 0.003944058698834851
752.0 0.003825342355412431
753.0 0.003581806959118694
754.0 0.003338271562824957
755.0 0.0029601307687698863
756.0 0.0025819899747148156
757.0 0.0019767107005463913
758.0 0.0013714312444790266
759.0 0.0012859956768807024
760.0 0.0012005602002318483
761.0 0.0009690583283372689
762.0 0.0007375565019174246
763.0 0.0006330387805064674
764.0 0.0005285211045702454
765.0 0.0005108867298986297
766.0 0.0004932524007017491
767.0 0.00041104726733465213
768.0 0.00032884220217965776
769.0 0.0004618872480932623
770.0 0.0005949323622189695
771.0 0.0006600094366149278
772.0 0.0007250865110108862
773.0 0.0008774551133683417
774.0 0.001029823579301592
775.0 0.0007418131190206623
776.0 0.0004538025223155273
777.0 0.000614615510130534
778.0 0.0007754284524708055
779.0 0.0008120900020003319
780.0 0.0008487514605803881
781.0 0.001075158616004046
782.0 0.0013015656804782338
783.0 0.0011963498764089309
784.0 0.0010911343451880384
785.0 0.0013248327377368696
786.0 0.0015585310393362306
787.0 0.0012568187230499461
788.0 0.0009551064977131318
789.0 0.001080821493815165
790.0 0.0012065364899171982
791.0 0.0010621049113979097
792.0 0.0009176735147775616
793.0 0.0007924742021714337
794.0 0.0006672745712421602
795.0 0.0005609628715319559
796.0 0.00045465117182175163
797.0 0.0003778573955059983
798.0 0.0003010637101397151
799.0 0.00026292357233614894
800.0 0.00022478343453258276
801.0 0.00015529492429777747
802.0 8.58065675402031e-05
803.0 2.5318084340142377e-05
804.0 1.6429533514911165e-10
805.0 1.6429533514911165e-10
806.0 1.6429533514911165e-10
807.0 0.00011976163705185172
808.0 0.0002988100959555595
809.0 0.0002659277697603102
810.0 0.0002330454208276933
811.0 0.00034063343719026307
812.0 0.000448221544502303
813.0 0.00032190985166380415
814.0 0.00019559818156267283
815.0 0.0002778850557660917
816.0 0.00036017179354530526
817.0 0.00013561600553657627
818.0 1.6429533514911165e-10
819.0 9.439835366720217e-05
820.0 0.000277736444331822
821.0 0.00032064092465589056
822.0 0.0003635452912931214
823.0 0.00020996849343646318
824.0 5.639180358230078e-05
825.0 0.00019299718587717507
826.0 0.0003296024260635022
827.0 2.210490208653937e-05
828.0 1.6429533514911165e-10
829.0 1.6429533514911165e-10
830.0 6.871741220493277e-05
831.0 8.629386627490021e-06
832.0 1.6429533514911165e-10
833.0 4.307962342409155e-05
834.0 0.0001376179170620162
835.0 5.860929945811222e-05
836.0 1.6429533514911165e-10
837.0 1.6429533514911165e-10
838.0 1.6429533514911165e-10
839.0 1.6429533514911165e-10
840.0 1.7699965937367779e-06
841.0 1.6429533514911165e-10
842.0 1.6429533514911165e-10
843.0 1.6429533514911165e-10
844.0 1.6429533514911165e-10
845.0 1.6429533514911165e-10
846.0 1.6429533514911165e-10
847.0 7.244456128319143e-05
848.0 0.000241233351516712
849.0 0.00023990123736439273
850.0 0.0002385690322626033
851.0 0.00020414615846675588
852.0 0.00016972320509012206
853.0 0.0005299465556163341
854.0 0.0008901700311980676
855.0 0.0008900496140995529
856.0 0.0008899294698494487
857.0 0.0008715827789274044
858.0 0.00085323599705589
859.0 0.0010405727152829058
860.0 0.0012279092516109813
861.0 0.0013386669706960674
862.0 0.0014494246897811536
863.0 0.0015622039427398704
864.0 0.0016749832866480574
865.0 0.0014601282600779086
866.0 0.0012452732335077599
867.0 0.0014226872735889629
868.0 0.0016001013136701658
869.0 0.0017695530914352275
870.0 0.00193900523299817
871.0 0.0020624653188860975
872.0 0.002185925404774025
873.0 0.002362779196118936
874.0 0.002539633169362787
875.0 0.0025127214030362666
