lsstCam/transmission_filter_detector/r42_s11/u_24/19700101T000000.ecsv
# %ECSV 1.0
# ---
# datatype:
# - {name: wavelength, unit: nm, datatype: float32}
# - {name: efficiency, unit: '%', datatype: float64}
# meta: !!omap
# - {MODE: DETECTOR}
# - {TYPE: transmission_filter_detector}
# - {CALIBDATE: '1970-01-01T00:00:00'}
# - {INSTRUME: LSSTCam}
# - {OBSTYPE: transmission_filter_detector}
# - {CALIBCLS: lsst.ip.isr.IntermediateFilterDetectorTransmissionCurve}
# - {SOURCE: Materion (DM-46256)}
# - {DETECTOR: 175}
# - {FILTER: u_24}
# - {CALIB_ID: 'calibDate=1970-01-01T00:00:00 filter=u_24 detector=175'}
# - {DATE: '2025-04-02T15:59:40.561916'}
# - {CALIB_CREATION_DATE: '2025-04-02'}
# - {CALIB_CREATION_TIME: '15:59:40'}
# - __serialized_columns__:
#     efficiency:
#       __class__: astropy.units.quantity.Quantity
#       unit: !astropy.units.Unit {unit: '%'}
#       value: !astropy.table.SerializedColumn {name: efficiency}
#     wavelength:
#       __class__: astropy.units.quantity.Quantity
#       unit: !astropy.units.Unit {unit: nm}
#       value: !astropy.table.SerializedColumn {name: wavelength}
# schema: astropy-2.0
wavelength efficiency
[from data line 582]
877.0 0.0028096717869630083
878.0 0.003133534119115211
879.0 0.0031872023100731894
880.0 0.003240870137233287
881.0 0.003125082002952695
882.0 0.0030092938686721027
883.0 0.0030652481655124575
884.0 0.0031212024623528123
885.0 0.003134792495984584
886.0 0.003148382529616356
887.0 0.0031631137971999124
888.0 0.0031778443371877074
889.0 0.0029718135920120403
890.0 0.0027657824830384925
891.0 0.0028754489903803915
892.0 0.0029851151339244097
893.0 0.0031315423257183284
894.0 0.003277969517512247
895.0 0.0030983734177425504
896.0 0.002918778045568615
897.0 0.003105726864305325
898.0 0.003292676046839915
899.0 0.0034133139706682414
900.0 0.0035339518944965675
901.0 0.0038176338421180844
902.0 0.004101315789739601
903.0 0.004492646621656604
904.0 0.004883977089775726
905.0 0.004904655725113116
906.0 0.004925334360450506
907.0 0.005290587432682514
908.0 0.0056558401411166415
909.0 0.0055096785217756405
910.0 0.00536351726623252
911.0 0.0055424021411454305
912.0 0.00572128665226046
913.0 0.005624309414997697
914.0 0.005527332177734934
915.0 0.005252946721157059
916.0 0.004978561264579184
917.0 0.005095434971735813
918.0 0.00521230831509456
919.0 0.005155820326763205
920.0 0.00509933233843185
921.0 0.004953358802595176
922.0 0.0048073852667585015
923.0 0.004834084029425867
924.0 0.0048607824282953516
925.0 0.005227831570664421
926.0 0.00559488071303349
927.0 0.006005870818626136
928.0 0.006416859832825139
929.0 0.0067012129875365645
930.0 0.006985566869843751
931.0 0.007198002276709303
932.0 0.007410438411170617
933.0 0.007455879676854238
934.0 0.007501320214942098
935.0 0.007551131420768797
936.0 0.007600941898999736
937.0 0.007281050056917593
938.0 0.006961157487239689
939.0 0.006771295011276379
940.0 0.006581433262908831
941.0 0.005843705002916977
942.0 0.005105977106723003
943.0 0.004629004251910374
944.0 0.0041520321246935055
945.0 0.0037125602830201387
946.0 0.0032730880775488913
947.0 0.002951698115793988
948.0 0.0026303079721401446
949.0 0.002254061655548867
950.0 0.0018778151570586488
951.0 0.00186265697266208
952.0 0.001847498606366571
953.0 0.0018371287296758965
954.0 0.0018267586710862815
955.0 0.0018957185602630489
956.0 0.001964678267540876
957.0 0.002041225707216654
958.0 0.002117773146892432
959.0 0.002411860987194814
960.0 0.002705948645598255
961.0 0.003201533399987966
962.0 0.0036971185181755573
963.0 0.0038541966205229983
964.0 0.00401127508666832
965.0 0.00444095567218028
966.0 0.004870636621490121
967.0 0.004915714816888794
968.0 0.004960793376085348
969.0 0.004898620682070032
970.0 0.004836448351852596
971.0 0.005064358992967755
972.0 0.005292269270285033
973.0 0.005125142706674524
974.0 0.004958015779266134
975.0 0.004685784733737819
976.0 0.004413554052007385
977.0 0.004263050141162239
978.0 0.004112546230317093
979.0 0.003836093674181029
980.0 0.0035596414818428457
981.0 0.0033949207136174664
982.0 0.003230199945392087
983.0 0.003168538387399167
984.0 0.0031068771932041273
985.0 0.0032149106118595228
986.0 0.0033229440305149183
987.0 0.0038187608879525214
988.0 0.004314577381592244
989.0 0.0046425866457866505
990.0 0.004970595546183176
991.0 0.005595580660155974
992.0 0.0062205668655224144
993.0 0.006548871897393838
994.0 0.0068771783844567835
995.0 0.007077144255163148
996.0 0.007277109398273751
997.0 0.007116729830158874
998.0 0.006956348806852475
999.0 0.006721246609231457
1000.0 0.006486144411610439
1001.0 0.006157794268801808
1002.0 0.005829444853588939
1003.0 0.005622456228593364
1004.0 0.005415466876002029
1005.0 0.00524873576068785
1006.0 0.005082005009171553
1007.0 0.004602749686455354
1008.0 0.0041234939999412745
1009.0 0.004303016248741187
1010.0 0.004482538133743219
1011.0 0.004063601954840124
1012.0 0.0036446654121391475
1013.0 0.002943257823062595
1014.0 0.002241850052087102
1015.0 0.0020430010408745147
1016.0 0.0018441520296619274
1017.0 0.0016722469808883034
1018.0 0.0015003416592662688
1019.0 0.0013561134437622968
1020.0 0.0012118851373088546
1021.0 0.0013223951100371778
1022.0 0.0014329049918160308
1023.0 0.0013378111361816991
1024.0 0.0012427171895978972
1025.0 0.0013418885828286875
1026.0 0.0014410598851100076
1027.0 0.0014128496331977658
1028.0 0.0013846395631844644
1029.0 0.0015401268683490343
1030.0 0.0016956140825641342
1031.0 0.0017146185200545006
1032.0 0.0017336231394438073
1033.0 0.0020580382624757476
1034.0 0.0023824535674066283
1035.0 0.002217651854152791
1036.0 0.0020528503227978945
1037.0 0.0024011376808630303
1038.0 0.002749425038928166
1039.0 0.0025681027182145044
1040.0 0.002386780579399783
1041.0 0.002445982136123348
1042.0 0.002505183692846913
1043.0 0.0022306623577605933
1044.0 0.0019561410226742737
1045.0 0.0020175764802843332
1046.0 0.002079012119793333
1047.0 0.0023400252757710405
1048.0 0.0026010387955466285
1049.0 0.002116046380251646
1050.0 0.0016310539649566635
1051.0 0.0017126480088336393
1052.0 0.0017942416889127344
1053.0 0.0014699836356157903
1054.0 0.0011457255823188461
1055.0 0.0012621067071449943
1056.0 0.0013784877410216723
1057.0 0.0013503864465747029
1058.0 0.0013222851521277335
1059.0 0.0012922150744998362
1060.0 0.0012621451787708793
1061.0 0.001374805924569955
1062.0 0.001487466670369031
1063.0 0.001898152731882874
1064.0 0.002308838884346187
1065.0 0.0012529581908893306
1066.0 0.00019707740648300387
1067.0 0.0011506257578730583
1068.0 0.0021041738364147022
1069.0 0.0015374545910162851
1070.0 0.0009707350727694575
1071.0 0.0016360385416192003
1072.0 0.0023013422833173536
1073.0 0.002460429459461011
1074.0 0.0026195162718067877
1075.0 0.0023895807316876017
1076.0 0.0021596455553662963
1077.0 0.003009297142853029
1078.0 0.0038589485484408215
1079.0 0.0033635304134804755
1080.0 0.0028681122785201296
1081.0 0.0028810631192754954
1082.0 0.0028940141419298016
1083.0 0.0035077395295957103
1084.0 0.0041214650991605595
1085.0 0.004611945041688159
1086.0 0.005102424984215759
1087.0 0.004849648030358367
1088.0 0.004596871076500975
1089.0 0.003243178070988506
1090.0 0.001889485247374978
1091.0 0.003800562262767926
1092.0 0.0057116390962619334
1093.0 0.0036195986467646435
1094.0 0.0015275580153684132
1095.0 0.003100195317529142
1096.0 0.00467283243779093
1097.0 0.00275014517683303
1098.0 0.0008274580068245996
1099.0 0.0036069570342078805
1100.0 0.006386455788742751
