ts8/transmission_sensor/rtm-022_s02/19700101T000000.ecsv
# %ECSV 0.9
# ---
# datatype:
# - {name: amp_name, datatype: string}
# - {name: wavelength, unit: nm, datatype: float32}
# - {name: efficiency, unit: '%', datatype: float32}
# meta: !!omap
# - {MODE: AMP}
# - {TYPE: QE}
# - {CALIBDATE: '1970-01-01T00:00:00'}
# - {INSTRUME: TS8}
# - {OBSTYPE: qe_curve}
# - {DETECTOR: 164}
# - {PICKLEFILE: RaftRun11671.p}
# - {CALIB_ID: 'raftName=RTM-022 detectorName=S02 detector=164 calibDate=1970-01-01T00:00:00 ccd=164 ccdnum=164 filter=None'}
# - {DATE: '2020-07-23T19:16:37.460761'}
# - {CALIB_CREATION_DATE: '2020-07-23'}
# - {CALIB_CREATION_TIME: '19:16:37'}
# - __serialized_columns__:
#     efficiency:
#       __class__: astropy.units.quantity.Quantity
#       unit: !astropy.units.Unit {unit: '%'}
#       value: !astropy.table.SerializedColumn {name: efficiency}
#     wavelength:
#       __class__: astropy.units.quantity.Quantity
#       unit: !astropy.units.Unit {unit: nm}
#       value: !astropy.table.SerializedColumn {name: wavelength}
# schema: astropy-2.0
amp_name wavelength efficiency
C14 319.994 44.924747
C14 324.969 45.63433
C14 349.982 51.608368
C14 374.975 68.19277
C14 400.019 83.9915
C14 424.965 88.14759
C14 450.035 88.98538
C14 475.003 87.60278
C14 500.018 86.9641
C14 525.002 86.88779
C14 550.029 87.18703
C14 575.023 88.81715
C14 599.982 89.71925
C14 619.997 90.77319
C14 624.979 90.85739
C14 650.012 91.862206
C14 675.004 92.993576
C14 700.03 94.101
C14 725.012 95.30416
C14 750.022 97.173225
C14 774.987 98.6097
C14 799.976 99.23391
C14 824.988 99.09349
C14 850.022 97.50794
C14 869.967 95.48733
C14 875.002 94.41292
C14 899.999 87.990135
C14 919.999 79.29211
C14 925.012 76.737076
C14 949.965 63.207863
C14 975.002 48.066986
C14 999.976 30.574154
C14 1025.028 14.750564
C14 1050.014 6.1286016
C14 1075.002 3.3485045
C14 1099.99 2.2740555
C03 319.994 44.942093
C03 324.969 45.708134
C03 349.982 51.899803
C03 374.975 68.51062
C03 400.019 84.09117
C03 424.965 88.07387
C03 450.035 88.847725
C03 475.003 87.47177
C03 500.018 86.861015
C03 525.002 86.809784
C03 550.029 87.134766
C03 575.023 88.782585
C03 599.982 89.69715
C03 619.997 90.75692
C03 624.979 90.84292
C03 650.012 91.8517
C03 675.004 92.99159
C03 700.03 94.17159
C03 725.012 95.57946
C03 750.022 97.70213
C03 774.987 99.37824
C03 799.976 100.09248
C03 824.988 99.88422
C03 850.022 98.24904
C03 869.967 96.07614
C03 875.002 94.945435
C03 899.999 88.41669
C03 919.999 79.65155
C03 925.012 77.090485
C03 949.965 63.78476
C03 975.002 48.41381
C03 999.976 31.191338
C03 1025.028 14.98681
C03 1050.014 6.1297812
C03 1075.002 3.2996597
C03 1099.99 2.2615297
C15 319.994 45.132496
C15 324.969 45.79246
C15 349.982 51.585724
C15 374.975 68.211174
C15 400.019 84.31916
C15 424.965 88.69737
C15 450.035 89.63123
C15 475.003 88.253105
C15 500.018 87.58309
C15 525.002 87.46478
C15 550.029 87.7237
C15 575.023 89.32673
C15 599.982 90.20641
C15 619.997 91.24793
C15 624.979 91.33243
C15 650.012 92.33073
C15 675.004 93.46553
C15 700.03 94.5897
C15 725.012 95.82135
C15 750.022 97.741394
C15 774.987 99.22434
C15 799.976 99.87961
C15 824.988 99.760735
C15 850.022 98.19702
C15 869.967 96.15525
C15 875.002 95.057945
C15 899.999 88.62814
C15 919.999 79.88168
C15 925.012 77.32786
C15 949.965 63.84669
C15 975.002 48.52113
C15 999.976 30.846779
C15 1025.028 14.872074
C15 1050.014 6.1491394
C15 1075.002 3.3760304
C15 1099.99 2.2922003
C11 319.994 45.39853
C11 324.969 46.2957
C11 349.982 53.017532
C11 374.975 69.7471
C11 400.019 84.800354
C11 424.965 88.30986
C11 450.035 88.87794
C11 475.003 87.48175
C11 500.018 86.946526
C11 525.002 87.00731
C11 550.029 87.44054
C11 575.023 89.18774
C11 599.982 90.17455
C11 619.997 91.28076
C11 624.979 91.37227
C11 650.012 92.41428
C11 675.004 93.551704
C11 700.03 94.62165
C11 725.012 95.69331
C11 750.022 97.39085
C11 774.987 98.63811
C11 799.976 99.14697
C11 824.988 98.95971
C11 850.022 97.27531
C11 869.967 95.2006
C11 875.002 94.12414
C11 899.999 87.72761
C11 919.999 79.115395
C11 925.012 76.58845
C11 949.965 62.756733
C11 975.002 47.548283
C11 999.976 30.484077
C11 1025.028 14.711138
C11 1050.014 6.136354
C11 1075.002 3.3391953
C11 1099.99 2.254603
C05 319.994 44.786915
C05 324.969 45.44159
C05 349.982 51.19691
C05 374.975 67.731575
C05 400.019 83.78945
C05 424.965 88.1803
C05 450.035 89.11808
C05 475.003 87.74122
C05 500.018 87.064865
C05 525.002 86.936745
C05 550.029 87.18387
C05 575.023 88.77765
C05 599.982 89.651665
C05 619.997 90.69065
C05 624.979 90.77097
C05 650.012 91.764366
C05 675.004 92.90023
C05 700.03 94.10377
C05 725.012 95.550255
C05 750.022 97.73743
C05 774.987 99.474335
C05 799.976 100.23386
C05 824.988 100.064064
C05 850.022 98.47615
C05 869.967 96.35531
C05 875.002 95.234436
C05 899.999 88.74651
C05 919.999 79.99285
C05 925.012 77.421646
C05 949.965 64.14374
C05 975.002 48.841274
C05 999.976 31.369379
C05 1025.028 15.055245
C05 1050.014 6.136291
C05 1075.002 3.3129141
C05 1099.99 2.2638175
C02 319.994 44.935627
C02 324.969 45.75883
C02 349.982 52.167637
C02 374.975 68.76706
C02 400.019 84.05399
C02 424.965 87.8101
C02 450.035 88.49158
C02 475.003 87.11468
C02 500.018 86.54253
C02 525.002 86.535675
C02 550.029 86.90739
C02 575.023 88.59193
C02 599.982 89.53531
C02 619.997 90.61038
C02 624.979 90.69899
C02 650.012 91.71717
C02 675.004 92.85932
C02 700.03 94.02545
C02 725.012 95.39465
C02 750.022 97.463905
C02 774.987 99.09286
C02 799.976 99.778496
C02 824.988 99.57309
C02 850.022 97.94483
C02 869.967 95.79233
C02 875.002 94.674934
C02 899.999 88.20093
C02 919.999 79.51274
C02 925.012 76.967995
C02 949.965 63.648357
C02 975.002 48.358643
C02 999.976 31.200487
C02 1025.028 15.019755
C02 1050.014 6.151697
C02 1075.002 3.3153813
C02 1099.99 2.266059
C07 319.994 44.37188
C07 324.969 44.92408
C07 349.982 50.24639
C07 374.975 66.609795
C07 400.019 83.07464
C07 424.965 87.84184
C07 450.035 88.92034
C07 475.003 87.52864
C07 500.018 86.81087
C07 525.002 86.61645
C07 550.029 86.819855
C07 575.023 88.37603
C07 599.982 89.22721
C07 619.997 90.24875
C07 624.979 90.33142
C07 650.012 91.315704
C07 675.004 92.44694
C07 700.03 93.634026
C07 725.012 95.02458
C07 750.022 97.132
C07 774.987 98.78638
C07 799.976 99.531525
C07 824.988 99.3901
C07 850.022 97.84985
C07 869.967 95.916504
C07 875.002 94.86135
C07 899.999 88.55969
C07 919.999 79.75779
C07 925.012 77.144485
C07 949.965 63.71303
C07 975.002 48.55932
C07 999.976 31.036057
C07 1025.028 14.9440365
C07 1050.014 6.1540194
C07 1075.002 3.343716
C07 1099.99 2.2743893
C13 319.994 45.25595
C13 324.969 46.027435
C13 349.982 52.265614
C13 374.975 68.9759
C13 400.019 84.62876
C13 424.965 88.59775
C13 450.035 89.34262
C13 475.003 87.9383
C13 500.018 87.32905
C13 525.002 87.30199
C13 550.029 87.655426
C13 575.023 89.34096
C13 599.982 90.278114
C13 619.997 91.358536
C13 624.979 91.44675
C13 650.012 92.46968
C13 675.004 93.60969
C13 700.03 94.71434
C13 725.012 95.88125
C13 750.022 97.70829
C13 774.987 99.09066
C13 799.976 99.67484
C13 824.988 99.50808
C13 850.022 97.85298
C13 869.967 95.78946
C13 875.002 94.70742
C13 899.999 88.22415
C13 919.999 79.46794
C13 925.012 76.90083
C13 949.965 63.182693
C13 975.002 47.961777
C13 999.976 30.582483
C13 1025.028 14.761361
C13 1050.014 6.1312313
C13 1075.002 3.345628
C13 1099.99 2.2698197
C06 319.994 44.54308
C06 324.969 45.145157
C06 349.982 50.674446
C06 374.975 67.12256
C06 400.019 83.37398
C06 424.965 87.95647
C06 450.035 88.97093
C06 475.003 87.58699
C06 500.018 86.886536
C06 525.002 86.71755
C06 550.029 86.93914
C06 575.023 88.50577
C06 599.982 89.36865
C06 619.997 90.39315
C06 624.979 90.47399
C06 650.012 91.46133
C06 675.004 92.588585
C06 700.03 93.79507
C06 725.012 95.22786
C06 750.022 97.402985
C06 774.987 99.12093
C06 799.976 99.888145
C06 824.988 99.73582
C06 850.022 98.19276
C06 869.967 96.170334
C06 875.002 95.07112
C06 899.999 88.66471
C06 919.999 79.92926
C06 925.012 77.35006
C06 949.965 64.05614
C06 975.002 48.8321
C06 999.976 31.301773
C06 1025.028 15.03838
C06 1050.014 6.142412
C06 1075.002 3.3306103
C06 1099.99 2.2685547
C17 319.994 44.606014
C17 324.969 45.156025
C17 349.982 50.470654
C17 374.975 66.88058
C17 400.019 83.40387
C17 424.965 88.19979
C17 450.035 89.294014
C17 475.003 87.91949
C17 500.018 87.20757
C17 525.002 87.01803
C17 550.029 87.21838
C17 575.023 88.76949
C17 599.982 89.60796
C17 619.997 90.625496
C17 624.979 90.704605
C17 650.012 91.687386
C17 675.004 92.80586
C17 700.03 93.92193
C17 725.012 95.10865
C17 750.022 96.962555
C17 774.987 98.3791
C17 799.976 99.03766
C17 824.988 98.967705
C17 850.022 97.44274
C17 869.967 95.43395
C17 875.002 94.3582
C17 899.999 88.08069
C17 919.999 79.733315
C17 925.012 77.25944
C17 949.965 63.790325
C17 975.002 48.121113
C17 999.976 30.78048
C17 1025.028 14.898757
C17 1050.014 6.1262217
C17 1075.002 3.3763497
C17 1099.99 2.2950132
C04 319.994 44.814167
C04 324.969 45.521744
C04 349.982 51.4835
C04 374.975 68.03405
C04 400.019 83.83021
C04 424.965 88.01574
C04 450.035 88.875465
C04 475.003 87.5019
C04 500.018 86.858604
C04 525.002 86.76761
C04 550.029 87.05144
C04 575.023 88.66274
C04 599.982 89.55157
C04 619.997 90.59667
C04 624.979 90.67938
C04 650.012 91.67666
C04 675.004 92.81272
C04 700.03 94.00265
C04 725.012 95.43203
C04 750.022 97.591095
C04 774.987 99.30618
C04 799.976 100.04503
C04 824.988 99.85916
C04 850.022 98.25558
C04 869.967 96.10797
C04 875.002 94.984566
C04 899.999 88.48404
C04 919.999 79.73307
C04 925.012 77.17231
C04 949.965 63.916954
C04 975.002 48.57191
C04 999.976 31.268318
C04 1025.028 15.012111
C04 1050.014 6.131254
C04 1075.002 3.2993538
C04 1099.99 2.2608802
C16 319.994 44.776997
C16 324.969 45.379288
C16 349.982 50.92192
C16 374.975 67.42408
C16 400.019 83.697296
C16 424.965 88.27946
C16 450.035 89.30029
C16 475.003 87.93073
C16 500.018 87.23388
C16 525.002 87.07183
C16 550.029 87.28743
C16 575.023 88.85372
C16 599.982 89.70534
C16 619.997 90.73012
C16 624.979 90.80998
C16 650.012 91.79482
C16 675.004 92.92135
C16 700.03 94.045525
C16 725.012 95.275475
C16 750.022 97.18754
C16 774.987 98.66722
C16 799.976 99.33194
C16 824.988 99.2439
C16 850.022 97.72341
C16 869.967 95.659195
C16 875.002 94.55863
C16 899.999 88.184784
C16 919.999 79.65577
C16 925.012 77.173805
C16 949.965 63.858383
C16 975.002 48.362324
C16 999.976 30.793053
C16 1025.028 14.8550825
C16 1050.014 6.123143
C16 1075.002 3.3743265
C16 1099.99 2.2901945
C12 319.994 45.208992
C12 324.969 46.040653
C12 349.982 52.503155
C12 374.975 69.18948
C12 400.019 84.52086
C12 424.965 88.248245
C12 450.035 88.9033
C12 475.003 87.502014
C12 500.018 86.92993
C12 525.002 86.94633
C12 550.029 87.341866
C12 575.023 89.05566
C12 599.982 90.01607
C12 619.997 91.10678
C12 624.979 91.1956
C12 650.012 92.22618
C12 675.004 93.36492
C12 700.03 94.449394
C12 725.012 95.56437
C12 750.022 97.322556
C12 774.987 98.635925
C12 799.976 99.18056
C12 824.988 98.9967
C12 850.022 97.324196
C12 869.967 95.25678
C12 875.002 94.17737
C12 899.999 87.73988
C12 919.999 79.047066
C12 925.012 76.49939
C12 949.965 62.747417
C12 975.002 47.58708
C12 999.976 30.421026
C12 1025.028 14.675607
C12 1050.014 6.110469
C12 1075.002 3.3316042
C12 1099.99 2.2561035
C10 319.994 45.62873
C10 324.969 46.59254
C10 349.982 53.59105
C10 374.975 70.43041
C10 400.019 85.3376
C10 424.965 88.64432
C10 450.035 89.10543
C10 475.003 87.68648
C10 500.018 87.18246
C10 525.002 87.29657
C10 550.029 87.7929
C10 575.023 89.59468
C10 599.982 90.62468
C10 619.997 91.759544
C10 624.979 91.85974
C10 650.012 92.92602
C10 675.004 94.07879
C10 700.03 95.1527
C10 725.012 96.196396
C10 750.022 97.85069
C10 774.987 99.054
C10 799.976 99.53924
C10 824.988 99.349754
C10 850.022 97.63875
C10 869.967 95.503075
C10 875.002 94.402016
C10 899.999 87.98621
C10 919.999 79.533554
C10 925.012 77.02311
C10 949.965 63.138046
C10 975.002 47.787735
C10 999.976 30.667358
C10 1025.028 14.773657
C10 1050.014 6.148885
C10 1075.002 3.328254
C10 1099.99 2.253203
C01 319.994 45.088432
C01 324.969 45.975792
C01 349.982 52.632145
C01 374.975 69.257324
C01 400.019 84.26657
C01 424.965 87.800156
C01 450.035 88.3851
C01 475.003 87.00115
C01 500.018 86.46818
C01 525.002 86.51787
C01 550.029 86.93765
C01 575.023 88.66797
C01 599.982 89.64509
C01 619.997 90.740036
C01 624.979 90.83342
C01 650.012 91.86733
C01 675.004 93.01348
C01 700.03 94.170586
C01 725.012 95.50863
C01 750.022 97.53514
C01 774.987 99.115524
C01 799.976 99.77236
C01 824.988 99.55889
C01 850.022 97.93332
C01 869.967 95.77645
C01 875.002 94.6529
C01 899.999 88.20526
C01 919.999 79.57784
C01 925.012 77.04629
C01 949.965 63.73286
C01 975.002 48.411892
C01 999.976 31.277372
C01 1025.028 15.06103
C01 1050.014 6.1736426
C01 1075.002 3.3286378
C01 1099.99 2.2741103
C00 319.994 45.150055
C00 324.969 46.102448
C00 349.982 53.01805
C00 374.975 69.71408
C00 400.019 84.53631
C00 424.965 87.8546
C00 450.035 88.32919
C00 475.003 86.91669
C00 500.018 86.41049
C00 525.002 86.51171
C00 550.029 86.992615
C00 575.023 88.77722
C00 599.982 89.80211
C00 619.997 90.92636
C00 624.979 91.02437
C00 650.012 92.0818
C00 675.004 93.24912
C00 700.03 94.40093
C00 725.012 95.721596
C00 750.022 97.71159
C00 774.987 99.2553
C00 799.976 99.88272
C00 824.988 99.65856
C00 850.022 98.00904
C00 869.967 95.750885
C00 875.002 94.58603
C00 899.999 87.96507
C00 919.999 79.41669
C00 925.012 76.92333
C00 949.965 63.794838
C00 975.002 48.328693
C00 999.976 31.139359
C00 1025.028 14.97989
C00 1050.014 6.1340694
C00 1075.002 3.2947228
C00 1099.99 2.2599742
