lsstCam/transmission_filter_detector/r30_s22/g_6/19700101T000000.ecsv
# %ECSV 1.0
# ---
# datatype:
# - {name: wavelength, unit: nm, datatype: float32}
# - {name: efficiency, unit: '%', datatype: float64}
# meta: !!omap
# - {MODE: DETECTOR}
# - {TYPE: transmission_filter_detector}
# - {CALIBDATE: '1970-01-01T00:00:00'}
# - {INSTRUME: LSSTCam}
# - {OBSTYPE: transmission_filter_detector}
# - {CALIBCLS: lsst.ip.isr.IntermediateFilterDetectorTransmissionCurve}
# - {SOURCE: Materion (DM-46256)}
# - {DETECTOR: 125}
# - {FILTER: g_6}
# - {CALIB_ID: 'calibDate=1970-01-01T00:00:00 filter=g_6 detector=125'}
# - {DATE: '2025-04-02T15:59:42.606429'}
# - {CALIB_CREATION_DATE: '2025-04-02'}
# - {CALIB_CREATION_TIME: '15:59:42'}
# - __serialized_columns__:
#     efficiency:
#       __class__: astropy.units.quantity.Quantity
#       unit: !astropy.units.Unit {unit: '%'}
#       value: !astropy.table.SerializedColumn {name: efficiency}
#     wavelength:
#       __class__: astropy.units.quantity.Quantity
#       unit: !astropy.units.Unit {unit: nm}
#       value: !astropy.table.SerializedColumn {name: wavelength}
# schema: astropy-2.0
wavelength efficiency
300.0 0.32292737159878016
301.0 0.29215270187705755
302.0 0.2613780088722706
303.0 0.240735849365592
304.0 0.22009373642504215
305.0 0.2186574274674058
306.0 0.21722111850976944
307.0 0.2073208335787058
308.0 0.1974205719307065
309.0 0.19290634663775563
310.0 0.18839210970327258
311.0 0.19290734780952334
312.0 0.19742257427424192
313.0 0.192047911696136
314.0 0.18667327240109444
315.0 0.18045062897726893
316.0 0.17422798555344343
317.0 0.17088076565414667
318.0 0.1675335573963821
319.0 0.15850327908992767
320.0 0.14947300078347325
321.0 0.13876004377380013
322.0 0.12804707512259483
323.0 0.1153885736130178
324.0 0.10273006046190858
325.0 0.09267004206776619
326.0 0.08261001203209162
327.0 0.0744513759855181
328.0 0.06629273993894458
329.0 0.06179808406159282
330.0 0.05730343400500715
331.0 0.05359991919249296
332.0 0.04989641020074487
333.0 0.047647490282543004
334.0 0.045398573274724185
335.0 0.043263580300845206
336.0 0.04112859023734927
337.0 0.04073128802701831
338.0 0.040333985816687346
339.0 0.03943614719901234
340.0 0.03853830276057124
341.0 0.03706626303028315
342.0 0.03559422621037811
343.0 0.03240751975681633
344.0 0.0292208103928715
345.0 0.02591824741102755
346.0 0.022615687339566648
347.0 0.020646987832151353
348.0 0.01867828977992758
349.0 0.017347041284665465
350.0 0.845550186932087
351.0 0.9522907435894012
352.0 0.5439008120447397
353.0 0.7089962717145681
354.0 0.5924066063016653
355.0 0.7809434086084366
356.0 0.5361656192690134
357.0 0.7583955768495798
358.0 0.4897759296000004
359.0 0.6669552065432072
360.0 0.5885255988687277
361.0 0.7133534178137779
362.0 0.5664690863341093
363.0 0.7234899792820215
364.0 0.5015229340642691
365.0 0.7827935740351677
366.0 0.5165338981896639
367.0 0.7121447939425707
368.0 0.3917246125638485
369.0 0.4644536878913641
370.0 0.45186327770352364
371.0 0.5450942553579807
372.0 0.3025434212759137
373.0 0.5588320549577475
374.0 0.3789900103583932
375.0 0.5011538974940777
376.0 0.39422735571861267
377.0 0.511545455083251
378.0 0.37232753820717335
379.0 0.4380380269140005
380.0 0.39309384301304817
381.0 0.5486299749463797
382.0 0.5783998873084784
383.0 0.5132039543241262
384.0 0.5433849524706602
385.0 0.6724608596414328
386.0 0.6303647998720407
387.0 0.6898734718561172
388.0 0.9989762678742409
389.0 1.1846613138914108
390.0 1.7589766532182693
391.0 2.717236988246441
392.0 4.230185225605965
393.0 6.714728474617004
394.0 10.216519981622696
395.0 14.92726355791092
396.0 20.698282122612
397.0 28.023013472557068
398.0 36.537715792655945
399.0 45.85859179496765
400.0 55.27231693267822
401.0 64.30718302726746
402.0 72.56696224212646
403.0 79.47736382484436
404.0 84.5730185508728
405.0 88.4287416934967
406.0 90.50357937812805
407.0 92.20784902572632
408.0 93.2430624961853
409.0 93.68147850036621
410.0 93.8349962234497
411.0 93.69652271270752
412.0 93.41527819633484
413.0 93.1719720363617
414.0 92.98084378242493
415.0 93.15701723098755
416.0 93.52381229400635
417.0 93.78154873847961
418.0 94.33633089065552
419.0 94.87321972846985
420.0 95.42831182479858
421.0 95.93379497528076
422.0 96.13950252532959
423.0 96.31567597389221
424.0 96.18887305259705
425.0 96.00920081138611
426.0 95.98904252052307
427.0 95.98399996757507
428.0 95.89307308197021
429.0 95.69476246833801
430.0 95.59736847877502
431.0 95.64648270606995
432.0 95.70163488388062
433.0 95.7999050617218
434.0 95.83868980407715
435.0 95.93834280967712
436.0 96.05815410614014
437.0 96.01577520370483
438.0 96.08772993087769
439.0 96.18059992790222
440.0 96.1647629737854
441.0 96.28528952598572
442.0 96.22661471366882
443.0 96.18663191795349
444.0 96.11634612083435
445.0 95.87623476982117
446.0 95.75971961021423
447.0 95.52478790283203
448.0 95.55877447128296
449.0 95.7275390625
450.0 95.95167636871338
451.0 96.1256206035614
452.0 96.33145332336426
453.0 96.46947979927063
454.0 96.56904935836792
455.0 96.822988986969
456.0 96.98221683502197
457.0 97.09588885307312
458.0 97.08054661750793
459.0 97.11878299713135
460.0 97.12757468223572
461.0 97.22176790237427
462.0 97.1596896648407
463.0 97.05641865730286
464.0 97.2100019454956
465.0 97.08385467529297
466.0 97.1106231212616
467.0 97.08268642425537
468.0 97.12549448013306
469.0 97.1456527709961
470.0 96.9946801662445
471.0 96.87759280204773
472.0 96.96376323699951
473.0 96.80067896842957
474.0 96.7638909816742
475.0 96.81694507598877
476.0 96.7925488948822
477.0 96.86204791069031
478.0 96.99580073356628
479.0 96.93213105201721
480.0 97.13638424873352
481.0 97.2080945968628
482.0 97.38515615463257
483.0 97.30693101882935
484.0 97.5583553314209
485.0 97.53319025039673
486.0 97.53054976463318
487.0 97.59213328361511
488.0 97.62383699417114
489.0 97.69534468650818
490.0 97.66243100166321
491.0 97.68410921096802
492.0 97.63585925102234
493.0 97.63751029968262
494.0 97.62245416641235
495.0 97.68327474594116
496.0 97.5026547908783
497.0 97.45777249336243
498.0 97.20866680145264
499.0 97.28603959083557
500.0 97.19763994216919
501.0 97.21783399581909
502.0 97.07353115081787
503.0 97.24316596984863
504.0 97.11036086082458
505.0 97.08645939826965
506.0 97.17568755149841
507.0 97.08769917488098
508.0 97.0962405204773
509.0 97.06572890281677
510.0 97.03201055526733
511.0 97.06435203552246
512.0 96.89072370529175
513.0 97.00155258178711
514.0 96.952223777771
515.0 97.015780210495
516.0 97.11182713508606
517.0 97.13491797447205
518.0 97.18061685562134
519.0 97.2017228603363
520.0 97.24149703979492
521.0 97.3732054233551
522.0 97.36085534095764
523.0 97.35789895057678
524.0 97.33825922012329
525.0 97.27986454963684
526.0 97.39426970481873
527.0 97.34979271888733
528.0 97.46536612510681
529.0 97.52821922302246
530.0 97.55698442459106
531.0 97.67357110977173
532.0 97.57151007652283
533.0 97.58795499801636
534.0 97.54554629325867
535.0 97.37812876701355
536.0 97.05222845077515
537.0 96.47969007492065
538.0 95.69140076637268
539.0 94.33056116104126
540.0 92.60253310203552
541.0 90.00639319419861
542.0 87.22939491271973
543.0 83.52486491203308
544.0 78.88538837432861
545.0 74.73778128623962
546.0 69.72671747207642
547.0 65.18038511276245
548.0 60.692018270492554
549.0 56.70444369316101
550.0 53.586238622665405
551.0 50.607651472091675
552.0 48.30413460731506
553.0 45.835381746292114
554.0 42.97953546047211
555.0 39.7335946559906
556.0 35.41119992733002
557.0 30.438819527626038
558.0 24.97333437204361
559.0 19.637510180473328
560.0 14.546206593513489
561.0 9.842237830162048
562.0 6.284087896347046
563.0 3.6666791886091232
564.0 2.0057760179042816
565.0 0.9692267514765263
566.0 0.5192853044718504
567.0 0.26566749438643456
568.0 0.16089527634903789
569.0 0.0931701622903347
570.0 0.07177763618528843
571.0 0.053510157158598304
572.0 0.057528866454958916
573.0 0.033962607267312706
574.0 0.044086380512453616
575.0 0.029061094392091036
576.0 0.03044328186661005
577.0 0.02475639630574733
578.0 0.02378027857048437
579.0 0.022504095977637917
580.0 0.0255428662057966
581.0 0.021520760492421687
582.0 0.021555554121732712
583.0 0.01746769848978147
584.0 0.025023601483553648
585.0 0.02099142875522375
586.0 0.02874787023756653
587.0 0.014808920968789607
588.0 0.017525126168038696
589.0 0.017068783927243203
590.0 0.016945999232120812
591.0 0.01655687519814819
592.0 0.015307935245800763
593.0 0.00973032001638785
594.0 0.014634878607466817
595.0 0.008355438330909237
596.0 0.018652103608474135
597.0 0.010776545968838036
598.0 1.6625933485850397e-10
599.0 0.009663067612564191
600.0 0.01740365260047838
601.0 0.0021814308638568036
602.0 0.0020658664652728476
603.0 0.0019503018847899511
604.0 0.001979367880267091
605.0 0.0020084335119463503
606.0 0.0019965598767157644
607.0 0.001984686059586238
608.0 0.001957103086169809
609.0 0.0019295197489554994
610.0 0.0019490184058668092
611.0 0.0019685168808791786
612.0 0.0018863136574509554
613.0 0.0018041107978206128
614.0 0.0018131822798750363
615.0 0.0018222539438284002
616.0 0.0016944462913670577
617.0 0.0015666386389057152
618.0 0.0015588413589284755
619.0 0.0015510444427491166
620.0 0.001447475551685784
621.0 0.001343906478723511
622.0 0.001427366350981174
623.0 0.001510826223238837
624.0 0.0015581061234115623
625.0 0.001605386205483228
626.0 0.0014899443158356007
627.0 0.0013745025171374436
628.0 0.0013963727724330965
629.0 0.001418242845829809
630.0 0.0014507044397760183
631.0 0.0014831660337222274
632.0 0.0014688721421407536
633.0 0.0014545782505592797
634.0 0.001410271943314001
635.0 0.0013659657270181924
636.0 0.0013691182175534777
637.0 0.0013722704352403525
638.0 0.0012469839020923246
639.0 0.0011216972779948264
640.0 0.0012658804735110607
641.0 0.0014100637599767651
642.0 0.0012936443454236723
643.0 0.0011772250218200497
644.0 0.0012091340067854617
645.0 0.0012410433555487543
646.0 0.0011989438462478574
647.0 0.0011568442459974904
648.0 0.0011824938155768905
649.0 0.0012081434761057608
650.0 0.0011973581422353163
651.0 0.0011865725355164614
652.0 0.0011937387171201408
653.0 0.0012009048987238202
654.0 0.0011966735655732919
655.0 0.0011924422324227635
656.0 0.0011894210729224142
657.0 0.0011863999134220649
658.0 0.0011347976396791637
659.0 0.0010831951840373222
660.0 0.0010792921784741338
661.0 0.0010753888091130648
662.0 0.0011254825039941352
663.0 0.0011755761988752056
664.0 0.0012204628546896856
665.0 0.0012653493286052253
666.0 0.0012538462215161417
667.0 0.001242343114427058
668.0 0.0011902497135451995
669.0 0.0011381560398149304
670.0 0.0012181308193248697
671.0 0.0012981057807337493
672.0 0.001135896127379965
673.0 0.0009736867468745913
674.0 0.0010564658623479772
675.0 0.0011392447959224228
676.0 0.0010589616067591123
677.0 0.0009786782356968615
678.0 0.000966800689639058
679.0 0.0009549230526317842
680.0 0.0009864808816928416
681.0 0.0010180388017033692
682.0 0.0010042216672445647
683.0 0.0009904048056341708
684.0 0.0009171440979116596
685.0 0.0008438832082902081
686.0 0.0008824405995255802
687.0 0.0009209978998114821
688.0 0.00099574463092722
689.0 0.001070491362042958
690.0 0.0011352967703714967
691.0 0.0012001022696495056
692.0 0.0011211052878934424
693.0 0.0010421084880363196
694.0 0.0009979157766792923
695.0 0.000953723065322265
696.0 0.0010452999049448408
697.0 0.001136876926466357
698.0 0.001138882180384826
699.0 0.0011408877071517054
700.0 0.0011924100363103207
701.0 0.0012439322745194659
702.0 0.0011554231605259702
703.0 0.0010669139555830043
704.0 0.0011025806998077314
705.0 0.0011382472621335182
706.0 0.0011100550182163715
707.0 0.0010818625924002845
708.0 0.001076249736797763
709.0 0.0010706367902457714
710.0 0.0011224632544326596
711.0 0.001174289263872197
712.0 0.0012040595720463898
713.0 0.0012338296983216424
714.0 0.0012962805158167612
715.0 0.0013587314242613502
716.0 0.0014071214536670595
717.0 0.0014555117559211794
718.0 0.0015235426872095559
719.0 0.0015915737094474025
720.0 0.0013919406228524167
721.0 0.0011923072634090204
722.0 0.00133761150209466
723.0 0.0014829159226792399
724.0 0.0015051327864057384
725.0 0.0015273495591827668
726.0 0.0016079620763775893
727.0 0.0016885745935724117
728.0 0.0017301024854532443
729.0 0.001771630377334077
730.0 0.0018013097360380925
731.0 0.0018309892766410485
732.0 0.0017158541595563293
733.0 0.0016007192243705504
734.0 0.0014836807167739607
735.0 0.0013666422091773711
736.0 0.0012269254511920735
737.0 0.0010872085113078356
738.0 0.0010111272786161862
739.0 0.0009350458640255965
740.0 0.0009215926183969714
741.0 0.000908139281818876
742.0 0.0009126185432251077
743.0 0.0009170978955808096
744.0 0.0009025216968439054
745.0 0.0008879456800059415
746.0 0.0008031989636947401
747.0 0.0007184522473835386
748.0 0.000753912900108844
749.0 0.0007893735528341495
750.0 0.0009012988812173717
751.0 0.001013224300550064
752.0 0.0009808420145418495
753.0 0.0009484597285336349
754.0 0.0009054657311935443
755.0 0.0008624715519545134
756.0 0.0008771172360866331
757.0 0.0008917629202187527
758.0 0.0009213064913637936
759.0 0.0009508503353572451
760.0 0.0009588131433702074
761.0 0.0009667760423326399
762.0 0.0008455902388959657
763.0 0.0007244044354592916
764.0 0.0006243609732337063
765.0 0.0005243176929070614
766.0 0.0005813007192045916
767.0 0.0006382838364515919
768.0 0.0006130116616986925
769.0 0.0005877395324205281
770.0 0.0006376794772222638
771.0 0.0006876195584482048
772.0 0.000669662995278486
773.0 0.0006517063411592972
774.0 0.0006436068360926583
775.0 0.0006355073310260195
776.0 0.0006270936864893883
777.0 0.0006186799055285519
778.0 0.0006010663582856068
779.0 0.000583452901992132
780.0 0.0006842225502623478
781.0 0.0007849922440072987
782.0 0.0006665342880296521
783.0 0.0005480764230014756
784.0 0.0004332901880843565
785.0 0.0003185040441167075
786.0 0.00038219122870941646
787.0 0.0004458784587768605
788.0 0.00045172405407356564
789.0 0.00045756969484500587
790.0 0.0003680840563902166
791.0 0.00027859855435963254
792.0 0.00024730313725740416
793.0 0.00021600772015517578
794.0 0.00024298074094986077
795.0 0.0002699537162698107
796.0 0.00034371994388493476
797.0 0.000417486262449529
798.0 0.00032979558000079123
799.0 0.000242104920289421
800.0 0.0003435840653764899
801.0 0.0004450632786756614
802.0 0.0004840484052692773
803.0 0.0005230335773376282
804.0 0.00046557961468352005
805.0 0.00040812569750414696
806.0 0.00043099284994241316
807.0 0.00045386000238067936
808.0 0.00044270532271184493
809.0 0.0004315506430430105
810.0 0.0003773703156184638
811.0 0.000323189942719182
812.0 0.0003229368303436786
813.0 0.0003226837634429103
814.0 0.00032753457617218373
815.0 0.00033238541163882473
816.0 0.00042841747927013785
817.0 0.0005244496151135536
818.0 0.0004693647952080937
819.0 0.000414280066252104
820.0 0.0003658655941762845
821.0 0.0003174512357873027
822.0 0.0003794421900238376
823.0 0.00044143312152300496
824.0 0.00043595264287432656
825.0 0.00043047220970038325
826.0 0.00046439890866167843
827.0 0.0004983256530977087
828.0 0.0004427658495842479
829.0 0.00038720600059605204
830.0 0.0003290368113084696
831.0 0.0002708675765461521
832.0 0.000283200574813236
833.0 0.0002955335276055848
834.0 0.0002957170181616675
835.0 0.00029590048598038265
836.0 0.0003637766440078849
837.0 0.0004316527338232845
838.0 0.0004544911007542396
839.0 0.0004773294222104596
840.0 0.0003699607532325899
841.0 0.00026259208425472025
842.0 0.0003926365479856031
843.0 0.0005226809662417509
844.0 0.0006272836799325887
845.0 0.0007318863936234266
846.0 0.0005820227670483291
847.0 0.00043215918594796676
848.0 0.0003669955049190321
849.0 0.00030183186936483253
850.0 0.0001836761953200039
851.0 6.552054401254281e-05
852.0 2.334719937380214e-05
853.0 1.6625933485850397e-10
854.0 7.276944984369038e-05
855.0 0.00016436504211014835
856.0 0.0002549430746512371
857.0 0.00034552115266706096
858.0 0.00041215475903300103
859.0 0.00047878838813630864
860.0 0.0004932903266308131
861.0 0.0005077922651253175
862.0 0.0004012222689198097
863.0 0.0002946522499769344
864.0 0.0002899460923799779
865.0 0.0002852399120456539
866.0 0.00036637861740018707
867.0 0.00044751727727998514
868.0 0.0004399994395498652
869.0 0.0004324815563450102
870.0 0.0005063639491709182
871.0 0.0005802463874715613
872.0 0.0004466518475965131
873.0 0.0003130573077214649
874.0 0.0005117478849570034
875.0 0.0007104384167178068
876.0 0.00059510448409128
877.0 0.0004797705514647532
878.0 0.0006053037850506371
879.0 0.000730837018636521
880.0 0.0006566342563019134
881.0 0.0005824314030178357
882.0 0.0005002657871955307
883.0 0.00041810017137322575
884.0 0.0004609612915373873
885.0 0.0005038224117015488
886.0 0.000552173332835082
887.0 0.0006005242994433502
888.0 0.0005816385510115651
889.0 0.0005627528480545152
890.0 0.0005701635473087663
891.0 0.0005775742920377525
892.0 0.0005923930075368844
893.0 0.0006072116775612812
894.0 0.0005288467036734801
895.0 0.0004504816843109438
896.0 0.0004836630523641361
897.0 0.0005168443749425933
898.0 0.000493551942781778
899.0 0.00047025946514622774
900.0 0.00038531379686901346
901.0 0.0003003681285917992
902.0 0.0004499651367950719
903.0 0.0005995620540488744
904.0 0.00047544717745040543
905.0 0.00035133230085193645
906.0 0.0003359645688760793
