lsstCam/transmission_filter_detector/r30_s22/g_6/19700101T000000.ecsv
# %ECSV 1.0
# ---
# datatype:
# - {name: wavelength, unit: nm, datatype: float32}
# - {name: efficiency, unit: '%', datatype: float64}
# meta: !!omap
# - {MODE: DETECTOR}
# - {TYPE: transmission_filter_detector}
# - {CALIBDATE: '1970-01-01T00:00:00'}
# - {INSTRUME: LSSTCam}
# - {OBSTYPE: transmission_filter_detector}
# - {CALIBCLS: lsst.ip.isr.IntermediateFilterDetectorTransmissionCurve}
# - {SOURCE: Materion (DM-46256)}
# - {DETECTOR: 125}
# - {FILTER: g_6}
# - {CALIB_ID: 'calibDate=1970-01-01T00:00:00 filter=g_6 detector=125'}
# - {DATE: '2025-04-02T15:59:42.606429'}
# - {CALIB_CREATION_DATE: '2025-04-02'}
# - {CALIB_CREATION_TIME: '15:59:42'}
# - __serialized_columns__:
#     efficiency:
#       __class__: astropy.units.quantity.Quantity
#       unit: !astropy.units.Unit {unit: '%'}
#       value: !astropy.table.SerializedColumn {name: efficiency}
#     wavelength:
#       __class__: astropy.units.quantity.Quantity
#       unit: !astropy.units.Unit {unit: nm}
#       value: !astropy.table.SerializedColumn {name: wavelength}
# schema: astropy-2.0
wavelength efficiency
[from data line 608]
908.0 0.00038420707824116107
909.0 0.00044781722863262985
910.0 0.00044470270950114354
911.0 0.00044158814489492215
912.0 0.0004716206149169011
913.0 0.0005016530849388801
914.0 0.0004636929588741623
915.0 0.0004257328328094445
916.0 0.0003522082579365815
917.0 0.00027868377401318867
918.0 0.0002677216571100871
919.0 0.0002567595629443531
920.0 0.0003165463112964062
921.0 0.00037633308238582686
922.0 0.00035243322145106504
923.0 0.0003285333605163032
924.0 0.00037777654142701067
925.0 0.0004270197223377181
926.0 0.00034255954233231023
927.0 0.00025809931685216725
928.0 0.00038558973756153136
929.0 0.0005130801582708955
930.0 0.0005037383289163699
931.0 0.0004943966359860497
932.0 0.0004413111582834972
933.0 0.00038822568058094475
934.0 0.0004909532435704023
935.0 0.0005936807610851247
936.0 0.0005800926828669617
937.0 0.0005665046501235338
938.0 0.0005408431206888054
939.0 0.0005151817731530173
940.0 0.0005736928869737312
941.0 0.0006322039553197101
942.0 0.0006611554908886319
943.0 0.0006901071174070239
944.0 0.0005571790097746998
945.0 0.0004242509021423757
946.0 0.0006356604899337981
947.0 0.0008470701686746906
948.0 0.0007749360520392656
949.0 0.0007028018899291055
950.0 0.0007601411198265851
951.0 0.0008174802132998593
952.0 0.0009064302503247745
953.0 0.00099538046924863
954.0 0.0010262291652907152
955.0 0.0010570778613328002
956.0 0.0008140677891788073
957.0 0.0005710576715500792
958.0 0.0006197392394824419
959.0 0.0006684207619400695
960.0 0.00069471689130296
961.0 0.0007210130206658505
962.0 0.0007275412372109713
963.0 0.0007340693173318869
964.0 0.0006448648491641507
965.0 0.0005556602900469443
966.0 0.0005631565272778971
967.0 0.000570652809983585
968.0 0.0005870481800229754
969.0 0.000603443641011836
970.0 0.0006495491106761619
971.0 0.0006956545803404879
972.0 0.000683496773490333
973.0 0.0006713388756907079
974.0 0.0007128090601327131
975.0 0.0007542792900494533
976.0 0.0008001782589417417
977.0 0.0008460773642582353
978.0 0.0008887709554983303
979.0 0.0009314643648394849
980.0 0.0008406444976571947
981.0 0.00074982485784858
982.0 0.0008240300303441472
983.0 0.0008982351573649794
984.0 0.001083857841877034
985.0 0.0012694805263890885
986.0 0.0012865995813626796
987.0 0.001303718727285741
988.0 0.001312587301072199
989.0 0.0013214556929597165
990.0 0.0013834999663231429
991.0 0.0014455439668381587
992.0 0.0014413374628929887
993.0 0.0014371308679983485
994.0 0.0015059037650644314
995.0 0.001574676571181044
996.0 0.001473909469495993
997.0 0.0013731420040130615
998.0 0.001364109539281344
999.0 0.001355077256448567
1000.0 0.0013565404515247792
1001.0 0.0013580036466009915
1002.0 0.0013257608770800289
1003.0 0.0012935181985085364
1004.0 0.001260590215679258
1005.0 0.00122766232379945
1006.0 0.0012319229426793754
1007.0 0.0012361837434582412
1008.0 0.0012517902177933138
1009.0 0.0012673966011789162
1010.0 0.0013827411748934537
1011.0 0.0014980860214564018
1012.0 0.0015301848179660738
1013.0 0.0015622836144757457
1014.0 0.0017902020772453398
1015.0 0.002018120721913874
1016.0 0.0020661584130721167
1017.0 0.0021141962861292996
1018.0 0.002330839379283134
1019.0 0.002547482836234849
1020.0 0.002719927579164505
1021.0 0.0028923725039931014
1022.0 0.003157764149364084
1023.0 0.0034231557947350666
1024.0 0.003542618651408702
1025.0 0.003662081144284457
1026.0 0.0038942649553064257
1027.0 0.004126448766328394
1028.0 0.00421064360125456
1029.0 0.004294838436180726
1030.0 0.00444550605607219
1031.0 0.004596173675963655
1032.0 0.004652823190554045
1033.0 0.004709472705144435
1034.0 0.004915630051982589
1035.0 0.005121787398820743
1036.0 0.00535346262040548
1037.0 0.005585138205788098
1038.0 0.005650550156133249
1039.0 0.0057159621064784005
1040.0 0.005785701432614587
1041.0 0.005855440758750774
1042.0 0.00601554311288055
1043.0 0.006175646558403969
1044.0 0.006359128019539639
1045.0 0.006542610208271071
1046.0 0.006952051626285538
1047.0 0.007361493044300005
1048.0 0.00834148086141795
1049.0 0.009321470133727416
1050.0 0.010705659951781854
1051.0 0.012089848314644769
1052.0 0.014309155812952667
1053.0 0.016528462583664805
1054.0 0.019757295376621187
1055.0 0.022986126714386046
1056.0 0.027529511135071516
1057.0 0.0320728839142248
1058.0 0.03841137804556638
1059.0 0.04474986344575882
1060.0 0.052491913083940744
1061.0 0.06023395690135658
1062.0 0.06819954724051058
1063.0 0.07616513757966459
1064.0 0.08405992412008345
1065.0 0.0919547223020345
1066.0 0.09874224197119474
1067.0 0.10552976746112108
1068.0 0.11222551111131907
1069.0 0.11892127804458141
1070.0 0.12784983264282346
1071.0 0.1367783872410655
1072.0 0.1471536699682474
1073.0 0.15752895269542933
1074.0 0.17029185546562076
1075.0 0.1830547582358122
1076.0 0.1950087142176926
1077.0 0.2069626934826374
1078.0 0.2176826586946845
1079.0 0.22840267047286034
1080.0 0.24129045195877552
1081.0 0.254178186878562
1082.0 0.2696232870221138
1083.0 0.2850683871656656
1084.0 0.3105313517153263
1085.0 0.33599426969885826
1086.0 0.37085823714733124
1087.0 0.40572211146354675
1088.0 0.4463643301278353
1089.0 0.4870065487921238
1090.0 0.5425586365163326
1091.0 0.5981108173727989
1092.0 0.6785371340811253
1093.0 0.7589636370539665
1094.0 0.8229508064687252
1095.0 0.8869381621479988
1096.0 0.927251111716032
1097.0 0.9675639681518078
1098.0 1.029527559876442
1099.0 1.0914914309978485
1100.0 1.1846695095300674
1101.0 1.2778475880622864
