lsstCam/transmission_filter_detector/r41_s11/u_24/19700101T000000.ecsv
# %ECSV 1.0
# ---
# datatype:
# - {name: wavelength, unit: nm, datatype: float32}
# - {name: efficiency, unit: '%', datatype: float64}
# meta: !!omap
# - {MODE: DETECTOR}
# - {TYPE: transmission_filter_detector}
# - {CALIBDATE: '1970-01-01T00:00:00'}
# - {INSTRUME: LSSTCam}
# - {OBSTYPE: transmission_filter_detector}
# - {CALIBCLS: lsst.ip.isr.IntermediateFilterDetectorTransmissionCurve}
# - {SOURCE: Materion (DM-46256)}
# - {DETECTOR: 166}
# - {FILTER: u_24}
# - {CALIB_ID: 'calibDate=1970-01-01T00:00:00 filter=u_24 detector=166'}
# - {DATE: '2025-04-02T15:59:40.519779'}
# - {CALIB_CREATION_DATE: '2025-04-02'}
# - {CALIB_CREATION_TIME: '15:59:40'}
# - __serialized_columns__:
#     efficiency:
#       __class__: astropy.units.quantity.Quantity
#       unit: !astropy.units.Unit {unit: '%'}
#       value: !astropy.table.SerializedColumn {name: efficiency}
#     wavelength:
#       __class__: astropy.units.quantity.Quantity
#       unit: !astropy.units.Unit {unit: nm}
#       value: !astropy.table.SerializedColumn {name: wavelength}
# schema: astropy-2.0
wavelength efficiency
[from data line 582]
877.0 0.0032637100957799703
878.0 0.003627775367931463
879.0 0.0036698795156553388
880.0 0.0037119836633792147
881.0 0.003585692320484668
882.0 0.003459401341388002
883.0 0.0033483258448541164
884.0 0.00323724998452235
885.0 0.003299720265204087
886.0 0.0033621909096837044
887.0 0.0033295749744866043
888.0 0.0032969586754916236
889.0 0.003090653262916021
890.0 0.0028843473046435975
891.0 0.0031029914680402726
892.0 0.0033216354495380074
893.0 0.0034104570659110323
894.0 0.0034992779546882957
895.0 0.0034752207284327596
896.0 0.0034511638659751043
897.0 0.0037132762372493744
898.0 0.0039753886085236445
899.0 0.004113687100470997
900.0 0.004251985956216231
901.0 0.0045622160541825
902.0 0.004872446152148768
903.0 0.0052191906434018165
904.0 0.005565935498452745
905.0 0.0055367392633343115
906.0 0.005507542664417997
907.0 0.0057678833400132135
908.0 0.0060282232880126685
909.0 0.005858278746018186
910.0 0.005688334567821585
911.0 0.005656317807734013
912.0 0.00562430068384856
913.0 0.0055881700973259285
914.0 0.005552039874601178
915.0 0.005276097363093868
916.0 0.005000154851586558
917.0 0.005014643465983681
918.0 0.005029132080380805
919.0 0.005179012441658415
920.0 0.005328893166733906
921.0 0.0052785395382670686
922.0 0.005228185546002351
923.0 0.005439533561002463
924.0 0.005650881939800456
925.0 0.006233969907043502
926.0 0.006817057874286547
927.0 0.007214915967779234
928.0 0.007612773333676159
929.0 0.0077061878982931376
930.0 0.007799602462910116
931.0 0.007973449828568846
932.0 0.008147297194227576
933.0 0.00788306788308546
934.0 0.007618839299539104
935.0 0.0075965202995575964
936.0 0.007574200571980327
937.0 0.006969265086809173
938.0 0.0063643303292337805
939.0 0.006193172885105014
940.0 0.006022015804774128
941.0 0.005568176493397914
942.0 0.0051143371820217
943.0 0.004711842848337255
944.0 0.00430934815085493
945.0 0.0037948986573610455
946.0 0.00328044880006928
947.0 0.0031324252631748095
948.0 0.0029844019081792794
949.0 0.002385790503467433
950.0 0.0017871787349577062
951.0 0.0018324732081964612
952.0 0.0018777673176373355
953.0 0.0018980748791364022
954.0 0.0019183822587365285
955.0 0.0020384368326631375
956.0 0.0021584914065897465
957.0 0.002441937613184564
958.0 0.002725383819779381
959.0 0.003069334343308583
960.0 0.0034132848668377846
961.0 0.0038581754779443145
962.0 0.004303066452848725
963.0 0.00462150237581227
964.0 0.004939938662573695
965.0 0.0053268944611772895
966.0 0.005713849895983003
967.0 0.005535452510230243
968.0 0.005357055124477483
969.0 0.005208624133956619
970.0 0.005060193143435754
971.0 0.005237166988081299
972.0 0.005414140832726844
973.0 0.00525867726537399
974.0 0.0051032133342232555
975.0 0.004711172732640989
976.0 0.004319132131058723
977.0 0.004241553324391134
978.0 0.004163974517723545
979.0 0.004001441993750632
980.0 0.0038389087421819568
981.0 0.003640227805590257
982.0 0.0034415468689985573
983.0 0.0034282307751709595
984.0 0.0034149146813433617
985.0 0.0035011897125514224
986.0 0.0035874640161637217
987.0 0.0043097919842693955
988.0 0.0050321195885771886
989.0 0.00557720304641407
990.0 0.006122286868048832
991.0 0.007138443470466882
992.0 0.008154601528076455
993.0 0.008606829214841127
994.0 0.009059057629201561
995.0 0.009105752542382106
996.0 0.00915244672796689
997.0 0.008682946645421907
998.0 0.00821344438008964
999.0 0.007551632006652653
1000.0 0.006889820360811427
1001.0 0.006251520244404674
1002.0 0.005613221583189443
1003.0 0.005318101466400549
1004.0 0.005022982077207416
1005.0 0.004783969052368775
1006.0 0.004544956391328014
1007.0 0.004319509753258899
1008.0 0.004094063115189783
1009.0 0.0042959607526427135
1010.0 0.004497858390095644
1011.0 0.0040963357605505735
1012.0 0.003694812403409742
1013.0 0.0030974722903920338
1014.0 0.0025001319954753853
1015.0 0.002299792686244473
1016.0 0.0020994533770135604
1017.0 0.001999838787014596
1018.0 0.001900224197015632
1019.0 0.0018142780390917324
1020.0 0.0017283322449657135
1021.0 0.0017733249478624202
1022.0 0.001818317650759127
1023.0 0.0018110044038621709
1024.0 0.0018036911569652148
1025.0 0.0018850108972401358
1026.0 0.0019663304556161165
1027.0 0.0020654877516790293
1028.0 0.0021646452296408825
1029.0 0.0021941596060059965
1030.0 0.002223674164270051
1031.0 0.002213698098785244
1032.0 0.0022037218514014967
1033.0 0.0024995795683935285
1034.0 0.00279543710348662
1035.0 0.0027364798370399512
1036.0 0.0026775225705932826
1037.0 0.002769847196759656
1038.0 0.0028621718229260296
1039.0 0.00290419102384476
1040.0 0.0029462102247634903
1041.0 0.002789490099530667
1042.0 0.002632769974297844
1043.0 0.002566192597441841
1044.0 0.002499615220585838
1045.0 0.0022441714463639073
1046.0 0.0019887274902430363
1047.0 0.002196848436142318
1048.0 0.0024049693820415996
1049.0 0.002265105831611436
1050.0 0.0021252419173833914
1051.0 0.0019311059077153914
1052.0 0.0017369695342495106
1053.0 0.0015512578102061525
1054.0 0.0013655462680617347
1055.0 0.001782169783837162
1056.0 0.002198793299612589
1057.0 0.0017984042642638087
1058.0 0.0013980155017634388
1059.0 0.0015649946362827905
1060.0 0.001731974225549493
1061.0 0.0018524748156778514
1062.0 0.0019729757696040906
1063.0 0.0022805465050623752
1064.0 0.00258811724052066
1065.0 0.0015380554032162763
1066.0 0.00048799329306348227
1067.0 0.0009951702850230504
1068.0 0.0015023471860331483
1069.0 0.0014723451386089437
1070.0 0.0014423428183363285
1071.0 0.0015204880583041813
1072.0 0.001598633207322564
1073.0 0.002550845601945184
1074.0 0.0035030581784667447
1075.0 0.0031807787308935076
1076.0 0.002858499647118151
1077.0 0.003377094617462717
1078.0 0.003895689224009402
1079.0 0.004390399772091769
1080.0 0.004885111047769897
1081.0 0.00457601054222323
1082.0 0.004266910764272325
1083.0 0.004492468724492937
1084.0 0.00471802668471355
1085.0 0.00515812098456081
1086.0 0.005598215648205951
1087.0 0.005798785059596412
1088.0 0.005999354470986873
1089.0 0.004857399108004756
1090.0 0.0037154448364162818
1091.0 0.0047526045818813145
1092.0 0.005789764327346347
1093.0 0.004773868568008766
1094.0 0.003757972808671184
1095.0 0.0036881952837575227
1096.0 0.003618417395045981
1097.0 0.0029914170227129944
1098.0 0.0023644164684810676
1099.0 0.004957740748068318
1100.0 0.007551064481958747
