lsstCam/transmission_filter_detector/r41_s11/u_24/19700101T000000.ecsv
# %ECSV 1.0
# ---
# datatype:
# - {name: wavelength, unit: nm, datatype: float32}
# - {name: efficiency, unit: '%', datatype: float64}
# meta: !!omap
# - {MODE: DETECTOR}
# - {TYPE: transmission_filter_detector}
# - {CALIBDATE: '1970-01-01T00:00:00'}
# - {INSTRUME: LSSTCam}
# - {OBSTYPE: transmission_filter_detector}
# - {CALIBCLS: lsst.ip.isr.IntermediateFilterDetectorTransmissionCurve}
# - {SOURCE: Materion (DM-46256)}
# - {DETECTOR: 166}
# - {FILTER: u_24}
# - {CALIB_ID: 'calibDate=1970-01-01T00:00:00 filter=u_24 detector=166'}
# - {DATE: '2025-04-02T15:59:40.519779'}
# - {CALIB_CREATION_DATE: '2025-04-02'}
# - {CALIB_CREATION_TIME: '15:59:40'}
# - __serialized_columns__:
#     efficiency:
#       __class__: astropy.units.quantity.Quantity
#       unit: !astropy.units.Unit {unit: '%'}
#       value: !astropy.table.SerializedColumn {name: efficiency}
#     wavelength:
#       __class__: astropy.units.quantity.Quantity
#       unit: !astropy.units.Unit {unit: nm}
#       value: !astropy.table.SerializedColumn {name: wavelength}
# schema: astropy-2.0
wavelength efficiency
295.0 1.6792047353303419e-10
296.0 1.6792047353303419e-10
297.0 1.6792047353303419e-10
298.0 1.6792047353303419e-10
299.0 1.6792047353303419e-10
300.0 1.6792047353303419e-10
301.0 1.6792047353303419e-10
302.0 1.6792047353303419e-10
303.0 1.6792047353303419e-10
304.0 0.28849425725638866
305.0 1.279479544609785
306.0 2.59225070476532
307.0 4.32840883731842
308.0 6.937670707702637
309.0 10.600149631500244
310.0 14.242784678936005
311.0 18.05805265903473
312.0 21.888776123523712
313.0 24.798834323883057
314.0 27.514126896858215
315.0 30.074477195739746
316.0 32.37201273441315
317.0 35.25674641132355
318.0 38.843873143196106
319.0 43.293750286102295
320.0 49.26708936691284
321.0 54.96453046798706
322.0 60.753536224365234
323.0 65.81893563270569
324.0 69.77124214172363
325.0 72.30947613716125
326.0 74.54155683517456
327.0 76.2649416923523
328.0 77.91754603385925
329.0 79.37813401222229
330.0 80.41329383850098
331.0 80.83629012107849
332.0 81.11246824264526
333.0 81.21466040611267
334.0 81.17228746414185
335.0 81.52204155921936
336.0 81.95779323577881
337.0 82.65972137451172
338.0 83.48795771598816
339.0 84.07966494560242
340.0 84.33563113212585
341.0 84.77495908737183
342.0 85.1560652256012
343.0 84.99155044555664
344.0 85.1893424987793
345.0 85.6801986694336
346.0 85.96242666244507
347.0 86.4035427570343
348.0 86.61541938781738
349.0 86.86463236808777
350.0 86.8532121181488
351.0 87.04786896705627
352.0 86.98924779891968
353.0 86.87668442726135
354.0 86.88057661056519
355.0 87.06084489822388
356.0 87.16146945953369
357.0 87.05790638923645
358.0 86.6298258304596
359.0 86.32408380508423
360.0 86.1415684223175
361.0 85.92574000358582
362.0 85.83632111549377
363.0 86.00590229034424
364.0 86.09845042228699
365.0 86.51675581932068
366.0 86.9268536567688
367.0 86.92634701728821
368.0 86.98897361755371
369.0 87.13859915733337
370.0 86.98906898498535
371.0 86.93248629570007
372.0 87.01134920120239
373.0 87.27501630783081
374.0 87.31681704521179
375.0 87.62537837028503
376.0 87.80296444892883
377.0 87.9628598690033
378.0 87.94678449630737
379.0 87.55872249603271
380.0 86.57119274139404
381.0 85.03503799438477
382.0 83.02762508392334
383.0 81.02110028266907
384.0 78.87059450149536
385.0 76.34403109550476
386.0 73.64572286605835
387.0 69.97488737106323
388.0 66.22671484947205
389.0 61.673539876937866
390.0 57.35206604003906
391.0 53.02243232727051
392.0 48.69253635406494
393.0 45.088937878608704
394.0 41.615211963653564
395.0 37.55641579627991
396.0 33.19522440433502
397.0 27.169552445411682
398.0 20.57890295982361
399.0 13.736008107662201
400.0 7.969971001148224
401.0 3.8422446697950363
402.0 1.3956785202026367
403.0 0.46276054345071316
404.0 0.169766740873456
405.0 0.06986339576542377
406.0 0.050880026537925005
407.0 0.0030813243938609958
408.0 1.6792047353303419e-10
409.0 1.6792047353303419e-10
410.0 1.6792047353303419e-10
411.0 1.6792047353303419e-10
412.0 1.6792047353303419e-10
413.0 1.6792047353303419e-10
414.0 1.6792047353303419e-10
415.0 1.6792047353303419e-10
416.0 1.6792047353303419e-10
417.0 1.6792047353303419e-10
418.0 1.6792047353303419e-10
419.0 1.6792047353303419e-10
420.0 1.6792047353303419e-10
421.0 1.6792047353303419e-10
422.0 1.6792047353303419e-10
423.0 1.6792047353303419e-10
424.0 1.6792047353303419e-10
425.0 1.6792047353303419e-10
426.0 5.9816039765792084e-05
427.0 1.6792047353303419e-10
428.0 1.6792047353303419e-10
429.0 1.6792047353303419e-10
430.0 1.6792047353303419e-10
431.0 1.6792047353303419e-10
432.0 1.6792047353303419e-10
433.0 3.0396577699320915e-05
434.0 0.0005816638804390095
435.0 0.0004766297479363857
436.0 0.00037159556995902676
437.0 1.6792047353303419e-10
438.0 1.6792047353303419e-10
439.0 1.6792047353303419e-10
440.0 1.6792047353303419e-10
441.0 1.6792047353303419e-10
442.0 1.6792047353303419e-10
443.0 1.6792047353303419e-10
444.0 1.6792047353303419e-10
445.0 1.6792047353303419e-10
446.0 1.6792047353303419e-10
447.0 1.6792047353303419e-10
448.0 1.6792047353303419e-10
449.0 0.0004675932814279804
450.0 0.0015537918443442322
451.0 0.0013297523764776997
452.0 0.0011057127267122269
453.0 0.0006374054919433547
454.0 0.00016909833675526897
455.0 1.6792047353303419e-10
456.0 1.6792047353303419e-10
457.0 1.6792047353303419e-10
458.0 0.0008305164556077216
459.0 0.0004464483481569914
460.0 6.238058176677441e-05
461.0 1.6792047353303419e-10
462.0 1.6792047353303419e-10
463.0 1.6792047353303419e-10
464.0 1.6792047353303419e-10
465.0 1.6792047353303419e-10
466.0 1.6792047353303419e-10
467.0 0.00012910493296658387
468.0 0.0004710278062702855
469.0 1.6792047353303419e-10
470.0 1.6792047353303419e-10
471.0 1.6792047353303419e-10
472.0 1.6792047353303419e-10
473.0 1.6792047353303419e-10
474.0 1.6792047353303419e-10
475.0 1.6792047353303419e-10
476.0 1.6792047353303419e-10
477.0 1.6792047353303419e-10
478.0 1.6792047353303419e-10
479.0 1.6792047353303419e-10
480.0 1.6792047353303419e-10
481.0 1.6792047353303419e-10
482.0 9.812770258577075e-05
483.0 1.6792047353303419e-10
484.0 1.6792047353303419e-10
485.0 1.6792047353303419e-10
486.0 1.6792047353303419e-10
487.0 1.6792047353303419e-10
488.0 1.6792047353303419e-10
489.0 1.6792047353303419e-10
490.0 0.00019597191567299888
491.0 0.00014228586451281444
492.0 8.859977924657869e-05
493.0 0.00017972248542719171
494.0 0.0002708452029764885
495.0 0.00015819639429537347
496.0 4.5547417926172784e-05
497.0 0.00016951778434304288
498.0 0.0002934882331828703
499.0 1.6792047353303419e-10
500.0 1.6792047353303419e-10
501.0 5.541745053960767e-05
502.0 0.0006767772902094293
503.0 0.0005048458660894539
504.0 0.00033291462386841886
505.0 8.280313181785459e-05
506.0 1.6792047353303419e-10
507.0 1.6792047353303419e-10
508.0 6.120251896390982e-05
509.0 1.6792047353303419e-10
510.0 1.6792047353303419e-10
511.0 1.6792047353303419e-10
512.0 1.6792047353303419e-10
513.0 1.6792047353303419e-10
514.0 1.6792047353303419e-10
515.0 1.6792047353303419e-10
516.0 1.6792047353303419e-10
517.0 1.6792047353303419e-10
518.0 8.788903471668164e-06
519.0 2.9789893574161397e-05
520.0 5.0790879413398216e-05
521.0 1.6792047353303419e-10
522.0 1.6792047353303419e-10
523.0 1.6792047353303419e-10
524.0 1.6792047353303419e-10
525.0 1.6792047353303419e-10
526.0 1.6792047353303419e-10
527.0 1.6792047353303419e-10
528.0 1.6792047353303419e-10
529.0 1.6792047353303419e-10
530.0 1.6792047353303419e-10
531.0 1.6792047353303419e-10
532.0 1.6792047353303419e-10
533.0 1.6792047353303419e-10
534.0 6.263549039431382e-05
535.0 2.248178816444124e-05
536.0 1.6792047353303419e-10
537.0 1.6792047353303419e-10
538.0 1.6792047353303419e-10
539.0 1.6792047353303419e-10
540.0 2.5374086476404045e-05
541.0 9.865851779977675e-05
542.0 0.0001719429860713717
543.0 1.6792047353303419e-10
544.0 1.6792047353303419e-10
545.0 1.6792047353303419e-10
546.0 1.6792047353303419e-10
547.0 1.6792047353303419e-10
548.0 1.6792047353303419e-10
549.0 1.6792047353303419e-10
550.0 1.6792047353303419e-10
551.0 1.6792047353303419e-10
552.0 1.6792047353303419e-10
553.0 1.6792047353303419e-10
554.0 1.6792047353303419e-10
555.0 1.6792047353303419e-10
556.0 1.6792047353303419e-10
557.0 1.6792047353303419e-10
558.0 8.818948913358327e-05
559.0 4.504457820075913e-05
560.0 1.8996852091390792e-06
561.0 1.6792047353303419e-10
562.0 1.6792047353303419e-10
563.0 1.6792047353303419e-10
564.0 1.6792047353303419e-10
565.0 9.523546964373963e-05
566.0 0.00031911329188005766
567.0 0.0004158803221798735
568.0 0.0005126473297423217
569.0 0.00048303604671673384
570.0 0.00045342467274167575
571.0 0.00046840527829772327
572.0 0.00048338602027797606
573.0 0.0003517851382639492
574.0 0.00022018432446202496
575.0 0.00020364957435958786
576.0 0.0001871147674137319
577.0 0.00025241620278393384
578.0 0.0003177178314217599
579.0 0.0006224149728950579
580.0 0.0009271120688936207
581.0 0.00079843839557725
582.0 0.000669764540361939
583.0 0.0007261994142027106
584.0 0.0007826342880434822
585.0 0.0007501177151425509
586.0 0.0007176013241405599
587.0 0.0006518239842989715
588.0 0.0005860465535079129
589.0 0.0006479695912275929
590.0 0.0007098924925230676
591.0 0.0007002891379670473
592.0 0.0006906857834110269
593.0 0.0006858806955278851
594.0 0.0006810756076447433
595.0 0.0009393870641360991
596.0 0.0011976986570516601
597.0 0.001609164428373333
598.0 0.002020630199695006
599.0 0.0023009841243037954
600.0 0.0025813378670136444
601.0 0.0025080722480197437
602.0 0.002434806629025843
603.0 0.0021483136151800863
604.0 0.00186182078323327
605.0 0.001522183811175637
606.0 0.0011825468391180038
607.0 0.0008995070857054088
608.0 0.0006164670139696682
609.0 0.0006569209290319122
610.0 0.0006973748440941563
611.0 0.0005070551651442656
612.0 0.0003167354634570074
613.0 0.00042951091927534435
614.0 0.000542286488780519
615.0 0.0004609316874848446
616.0 0.0003795769998760079
617.0 0.000288561318484426
618.0 0.00019754563709284412
619.0 0.00042526771721895784
620.0 0.000652989774607704
621.0 0.0005794345725007588
622.0 0.0005058792339696083
623.0 0.0006647877398791024
624.0 0.0008236960638896562
625.0 0.0010124266736966092
626.0 0.0012011573744530324
627.0 0.0012726893146464135
628.0 0.0013442210729408544
629.0 0.001597541631781496
630.0 0.0018508619177737273
631.0 0.0020451898308238015
632.0 0.002239517925772816
633.0 0.0026679696020437405
634.0 0.003096421278314665
635.0 0.0029331178666325286
636.0 0.0027698140911525115
637.0 0.0023836772015783936
638.0 0.001997539948206395
639.0 0.0016104990208987147
640.0 0.0012234580935910344
641.0 0.0011910885405086447
642.0 0.0011587188964767847
643.0 0.0006251930699363584
644.0 9.16671694994875e-05
645.0 9.203429272020003e-05
646.0 9.240134204446804e-05
647.0 0.0002495121407264378
648.0 0.00040662293940840755
649.0 0.0004755422196467407
650.0 0.0005444614544103388
651.0 0.0009152586244454142
652.0 0.00128605597637943
653.0 0.0014537913557433058
654.0 0.001621526462258771
655.0 0.0020185580069664866
656.0 0.0024155891878763214
657.0 0.003049291808565613
658.0 0.0036829944292549044
659.0 0.0037193116440903395
660.0 0.0037556288589257747
661.0 0.00323470558214467
662.0 0.0027137823053635657
663.0 0.0020943933122907765
664.0 0.0014750043192179874
665.0 0.0012548161976155825
666.0 0.0010346281669626478
667.0 0.0009263080755772535
668.0 0.0008179881660907995
669.0 0.0007080237537593348
670.0 0.000598059295953135
671.0 0.000490648926643189
672.0 0.00038323869375744835
673.0 0.0006874872724438319
674.0 0.0009917359420796856
675.0 0.001189542581414571
676.0 0.0013873492207494564
677.0 0.0018688639102037996
678.0 0.0023503785996581428
679.0 0.003164669033139944
680.0 0.003978958920924924
681.0 0.006118047167547047
682.0 0.00825713577796705
683.0 0.010165994899580255
684.0 0.012074856931576505
685.0 0.011451013415353373
686.0 0.010827173537109047
687.0 0.00905349661479704
688.0 0.007279821147676557
689.0 0.005952547144261189
690.0 0.00462527277704794
691.0 0.004053709926665761
692.0 0.0034821470762835816
693.0 0.002840394154191017
694.0 0.0021986415958963335
695.0 0.0015696674381615594
696.0 0.0009406936442246661
697.0 0.0008168775821104646
698.0 0.0006930615199962631
699.0 0.0006298416337813251
700.0 0.0005666217475663871
701.0 0.0006336631031444995
702.0 0.0007007044587226119
703.0 0.0007530557468271581
704.0 0.0008054070349317044
705.0 0.0007938911949167959
706.0 0.0007823754458513577
707.0 0.0008435968084086198
708.0 0.0009048184438142926
709.0 0.0008576213076594286
710.0 0.0008104243534035049
711.0 0.0008901038199837785
712.0 0.0009697832865640521
713.0 0.0007480865860998165
714.0 0.000526389976585051
715.0 0.0004474041816138197
716.0 0.00036841836390522076
717.0 0.0003533817107381765
718.0 0.00033834487567219185
719.0 0.00035753744214162
720.0 0.00037672991766157793
721.0 0.00023082700408849632
722.0 8.492415304317547e-05
723.0 0.0002206269073212752
724.0 0.00035632979233923834
725.0 0.00042002066038548946
726.0 0.00048371161938121077
727.0 0.000365188452633447
728.0 0.0002466651949362131
729.0 9.367680036120873e-05
730.0 1.6792047353303419e-10
731.0 0.00014827558061369928
732.0 0.00035586276680987794
733.0 0.0003602748165576486
734.0 0.0003646866844064789
735.0 0.00045172369027568493
736.0 0.0005387605597206857
737.0 0.0004931102012051269
738.0 0.00044745988816430327
739.0 0.0009507730283075944
740.0 0.0014540862139256205
741.0 0.0021202065909164958
742.0 0.002786326876957901
743.0 0.003422897498239763
744.0 0.004059468483319506
745.0 0.00448861246695742
746.0 0.0049177560867974535
747.0 0.004656533201341517
748.0 0.0043953099520877
749.0 0.00394674607377965
750.0 0.0034981821954715997
751.0 0.003382017166586593
752.0 0.003265852137701586
753.0 0.0031771989597473294
754.0 0.003088545781793073
755.0 0.0027672620490193367
756.0 0.0024459783162456006
757.0 0.0018661516151041724
758.0 0.0012863247320638038
759.0 0.0011028916560462676
760.0 0.0009194585800287314
761.0 0.0008241947398346383
762.0 0.0007289308541658102
763.0 0.0005144363512954442
764.0 0.000299942007586651
765.0 0.00042685346670623403
766.0 0.0005537648576137144
767.0 0.00044263347263040487
768.0 0.0003315020876470953
769.0 0.0004334728600952076
770.0 0.00053544372349279
771.0 0.0005862760190211702
772.0 0.0006371083145495504
773.0 0.000777187779021915
774.0 0.0009172671525448095
775.0 0.0007331109827646287
776.0 0.0005489547220349777
777.0 0.0007343899142142618
778.0 0.0009198252882924862
779.0 0.0008946417437982745
780.0 0.000869458290253533
781.0 0.0010806580576172564
782.0 0.0012918576430820394
783.0 0.001242446251126239
784.0 0.001193035041069379
785.0 0.0014033465049578808
786.0 0.0016136578778969124
787.0 0.0013195736755733378
788.0 0.0010254894732497633
789.0 0.0009038307325681672
790.0 0.000782171991886571
791.0 0.0006433318048948422
792.0 0.0005044918452767888
793.0 0.0006065579327696469
794.0 0.0007086237474140944
795.0 0.0005265665095066652
796.0 0.0003445091351750307
797.0 0.00023994473394850502
798.0 0.00013538037819671445
799.0 0.00017342413229926024
800.0 0.00021146790913917357
801.0 0.00022016211005393416
802.0 0.0002288564473929
803.0 6.30174554316909e-05
804.0 1.6792047353303419e-10
805.0 5.105083005219058e-05
806.0 0.00020492318526521558
807.0 0.000315389684146794
808.0 0.00042585611481626984
809.0 0.00027999415124213556
810.0 0.0001341321762993175
811.0 0.00021467653823492583
812.0 0.0002952208888018504
813.0 0.0002594717443571426
814.0 0.00022372259991243482
815.0 0.0003266571866333834
816.0 0.0004295916824048618
817.0 0.0002665233523657662
818.0 0.00010345499958930304
819.0 0.00016618874951745966
820.0 0.00022892247670824872
821.0 0.00035229256809543585
822.0 0.00047566259127052035
823.0 0.00031696986297902185
824.0 0.00015827725974304485
825.0 0.00014034405921847792
826.0 0.000122410858693911
827.0 1.6792047353303419e-10
828.0 1.6792047353303419e-10
829.0 1.6792047353303419e-10
830.0 0.00011308839020784944
831.0 2.2677453159758443e-05
832.0 1.6792047353303419e-10
833.0 1.6792047353303419e-10
834.0 1.6792047353303419e-10
835.0 1.6792047353303419e-10
836.0 1.6792047353303419e-10
837.0 1.6792047353303419e-10
838.0 1.6792047353303419e-10
839.0 1.6792047353303419e-10
840.0 4.8681602038413985e-05
841.0 0.00015546962686130428
842.0 0.00026225750389130553
843.0 0.00016731838741179672
844.0 7.237909471768944e-05
845.0 9.14095608095522e-05
846.0 0.00011043999847970554
847.0 0.00014326737982628401
848.0 0.00017609470432944363
849.0 0.0002000910853894311
850.0 0.0002240873754999484
851.0 0.00033287481073784875
852.0 0.00044166222323838156
853.0 0.0007426154297718313
854.0 0.001043568681780016
855.0 0.0008910087672120426
856.0 0.0007384491254924797
857.0 0.0007935139365145005
858.0 0.000848578565637581
859.0 0.001014344161376357
860.0 0.0011801095752161928
861.0 0.0014391761396836955
862.0 0.0016982427041511983
863.0 0.0018227363398182206
864.0 0.0019472303392831236
865.0 0.0019559536667657085
866.0 0.0019646769942482933
867.0 0.0020114546714466996
868.0 0.0020582321667461656
869.0 0.0021364108761190437
870.0 0.0022145895854919218
871.0 0.0023817077817511745
872.0 0.0025488256142125465
873.0 0.0027305330149829388
874.0 0.0029122405976522714
875.0 0.0029059427106403746
