lsstCam/transmission_filter_detector/r24_s00/i_39/19700101T000000.ecsv
# %ECSV 1.0
# ---
# datatype:
# - {name: wavelength, unit: nm, datatype: float32}
# - {name: efficiency, unit: '%', datatype: float64}
# meta: !!omap
# - {MODE: DETECTOR}
# - {TYPE: transmission_filter_detector}
# - {CALIBDATE: '1970-01-01T00:00:00'}
# - {INSTRUME: LSSTCam}
# - {OBSTYPE: transmission_filter_detector}
# - {CALIBCLS: lsst.ip.isr.IntermediateFilterDetectorTransmissionCurve}
# - {SOURCE: Materion (DM-46256)}
# - {DETECTOR: 108}
# - {FILTER: i_39}
# - {CALIB_ID: 'calibDate=1970-01-01T00:00:00 filter=i_39 detector=108'}
# - {DATE: '2025-04-02T15:59:46.980724'}
# - {CALIB_CREATION_DATE: '2025-04-02'}
# - {CALIB_CREATION_TIME: '15:59:46'}
# - __serialized_columns__:
#     efficiency:
#       __class__: astropy.units.quantity.Quantity
#       unit: !astropy.units.Unit {unit: '%'}
#       value: !astropy.table.SerializedColumn {name: efficiency}
#     wavelength:
#       __class__: astropy.units.quantity.Quantity
#       unit: !astropy.units.Unit {unit: nm}
#       value: !astropy.table.SerializedColumn {name: wavelength}
# schema: astropy-2.0
wavelength efficiency
[from data line 596]
896.0 1.6032320870190686e-10
897.0 1.6032320870190686e-10
898.0 1.6032320870190686e-10
899.0 1.6032320870190686e-10
900.0 1.6032320870190686e-10
901.0 1.6032320870190686e-10
902.0 1.6032320870190686e-10
903.0 1.6032320870190686e-10
904.0 1.6032320870190686e-10
905.0 1.6032320870190686e-10
906.0 1.6032320870190686e-10
907.0 2.9274056601025222e-05
908.0 0.00013697381291422062
909.0 1.6032320870190686e-10
910.0 1.6032320870190686e-10
911.0 1.6032320870190686e-10
912.0 0.00014312920484371716
913.0 0.0001077985643860302
914.0 7.246791824400134e-05
915.0 1.6032320870190686e-10
916.0 1.6032320870190686e-10
917.0 1.6032320870190686e-10
918.0 1.6032320870190686e-10
919.0 1.6032320870190686e-10
920.0 8.40304778648715e-05
921.0 4.513478302214935e-05
922.0 6.239071836944277e-06
923.0 1.6032320870190686e-10
924.0 1.6032320870190686e-10
925.0 5.254618145045242e-05
926.0 0.00023331378997681895
927.0 2.3202488819151768e-05
928.0 1.6032320870190686e-10
929.0 2.4815896892960154e-06
930.0 0.0001918719590321416
931.0 0.00014429718930841773
932.0 9.672239684732631e-05
933.0 7.247112989716697e-05
934.0 4.8219885684375186e-05
935.0 1.6032320870190686e-10
936.0 1.6032320870190686e-10
937.0 1.6032320870190686e-10
938.0 1.6032320870190686e-10
939.0 1.6032320870190686e-10
940.0 1.6032320870190686e-10
941.0 1.6032320870190686e-10
942.0 1.6032320870190686e-10
943.0 1.6032320870190686e-10
944.0 1.6032320870190686e-10
945.0 1.6032320870190686e-10
946.0 1.6032320870190686e-10
947.0 1.6032320870190686e-10
948.0 1.6032320870190686e-10
949.0 1.6032320870190686e-10
950.0 1.6032320870190686e-10
951.0 1.6032320870190686e-10
952.0 1.6032320870190686e-10
953.0 1.6032320870190686e-10
954.0 1.6032320870190686e-10
955.0 1.6032320870190686e-10
956.0 0.000249933418672299
957.0 0.00018324357142773806
958.0 0.00011655371281449334
959.0 9.508428320259554e-05
960.0 7.361489338109095e-05
961.0 3.593010262648022e-05
962.0 1.6032320870190686e-10
963.0 1.6032320870190686e-10
964.0 1.6032320870190686e-10
965.0 1.6032320870190686e-10
966.0 1.6032320870190686e-10
967.0 1.6032320870190686e-10
968.0 1.6032320870190686e-10
969.0 1.6032320870190686e-10
970.0 4.0660231093170296e-05
971.0 1.6032320870190686e-10
972.0 1.6032320870190686e-10
973.0 1.6032320870190686e-10
974.0 4.9005370783561375e-05
975.0 1.6032320870190686e-10
976.0 1.6032320870190686e-10
977.0 1.6032320870190686e-10
978.0 1.6032320870190686e-10
979.0 1.6032320870190686e-10
980.0 1.6032320870190686e-10
981.0 1.6032320870190686e-10
982.0 1.6032320870190686e-10
983.0 1.6032320870190686e-10
984.0 1.6032320870190686e-10
985.0 4.5048309971207345e-06
986.0 0.0001140902895713225
987.0 1.6032320870190686e-10
988.0 1.6032320870190686e-10
989.0 1.6032320870190686e-10
990.0 1.6032320870190686e-10
991.0 1.6032320870190686e-10
992.0 1.6032320870190686e-10
993.0 1.6032320870190686e-10
994.0 1.3387420949584339e-05
995.0 1.6032320870190686e-10
996.0 1.6032320870190686e-10
997.0 8.327189675583213e-05
998.0 0.0002953391913251835
999.0 0.0002615243829495739
1000.0 0.0002277095063618617
1001.0 0.00011929030279134167
1002.0 1.0871023903291643e-05
1003.0 8.122496524265443e-05
1004.0 0.00015157889947658987
1005.0 5.683899075847876e-05
1006.0 1.6032320870190686e-10
1007.0 0.00011366653325239895
1008.0 0.0002652340072017978
1009.0 0.00021001619643357117
1010.0 0.0001547982833471906
1011.0 0.00022320666630548658
1012.0 0.00029161501515773125
1013.0 0.0003112404101557331
1014.0 0.000330865805153735
1015.0 0.00029349605483730556
1016.0 0.00025612634999561124
1017.0 0.00031682873213867424
1018.0 0.0003775312052312074
1019.0 0.00034602562664076686
1020.0 0.0003145199571008561
1021.0 0.0002494813543307828
1022.0 0.00018444270608597435
1023.0 0.00039876008486317005
1024.0 0.0006130775091151008
1025.0 0.0005589941338257631
1026.0 0.0005049107585364254
1027.0 0.0004196156169200549
1028.0 0.00033432047530368436
1029.0 0.0008204100595321506
1030.0 0.0013064997801848222
1031.0 0.0017366966858389787
1032.0 0.0021668931367457844
1033.0 0.00243298909481382
1034.0 0.0026990845071850345
1035.0 0.0032300231396220624
1036.0 0.0037609617720590904
1037.0 0.0037569538108073175
1038.0 0.0037529458495555446
1039.0 0.0032158503017853945
1040.0 0.002678755481611006
1041.0 0.002238075467175804
1042.0 0.0017973950889427215
1043.0 0.002517421125958208
1044.0 0.003237446799175814
1045.0 0.003502680192468688
1046.0 0.0037679139495594427
1047.0 0.003236934935557656
1048.0 0.002705955739656929
1049.0 0.0024041670258156955
1050.0 0.002102378311974462
1051.0 0.0021328607545001432
1052.0 0.002163343560823705
1053.0 0.0015101474673429038
1054.0 0.000856951555761043
1055.0 0.0008383713065995835
1056.0 0.000819791057438124
1057.0 0.000793686558608897
1058.0 0.000767582514527021
1059.0 0.0008712108865438495
1060.0 0.0009748397133080289
1061.0 0.0016588248399784788
1062.0 0.0023428097847499885
1063.0 0.002799468165903818
1064.0 0.003256126365158707
1065.0 0.003317575465189293
1066.0 0.0033790242014219984
1067.0 0.004230771082802676
1068.0 0.005082518327981234
1069.0 0.004060463470523246
1070.0 0.0030384086130652577
1071.0 0.0028442786060622893
1072.0 0.0026501484171603806
1073.0 0.002853196201613173
1074.0 0.003056243804167025
1075.0 0.0033699077903293073
1076.0 0.003683571412693709
1077.0 0.002944136031146627
1078.0 0.0022047004677006043
1079.0 0.0022508387701236643
1080.0 0.0022969772544456646
1081.0 0.0016091578800114803
1082.0 0.000921338505577296
1083.0 0.0006036163085809676
1084.0 0.00028589399789780146
1085.0 0.0008158898708643392
1086.0 0.00134588608489139
1087.0 0.0009024187420436647
1088.0 0.0004589514901454095
1089.0 1.6032320870190686e-10
1090.0 1.6032320870190686e-10
1091.0 1.6032320870190686e-10
1092.0 1.6032320870190686e-10
1093.0 1.6032320870190686e-10
1094.0 1.6032320870190686e-10
1095.0 1.6032320870190686e-10
1096.0 1.6032320870190686e-10
1097.0 1.6032320870190686e-10
1098.0 1.6032320870190686e-10
1099.0 1.6032320870190686e-10
1100.0 0.000167083703672688
