lsstCam/transmission_filter_detector/r24_s00/i_39/19700101T000000.ecsv
# %ECSV 1.0
# ---
# datatype:
# - {name: wavelength, unit: nm, datatype: float32}
# - {name: efficiency, unit: '%', datatype: float64}
# meta: !!omap
# - {MODE: DETECTOR}
# - {TYPE: transmission_filter_detector}
# - {CALIBDATE: '1970-01-01T00:00:00'}
# - {INSTRUME: LSSTCam}
# - {OBSTYPE: transmission_filter_detector}
# - {CALIBCLS: lsst.ip.isr.IntermediateFilterDetectorTransmissionCurve}
# - {SOURCE: Materion (DM-46256)}
# - {DETECTOR: 108}
# - {FILTER: i_39}
# - {CALIB_ID: 'calibDate=1970-01-01T00:00:00 filter=i_39 detector=108'}
# - {DATE: '2025-04-02T15:59:46.980724'}
# - {CALIB_CREATION_DATE: '2025-04-02'}
# - {CALIB_CREATION_TIME: '15:59:46'}
# - __serialized_columns__:
#     efficiency:
#       __class__: astropy.units.quantity.Quantity
#       unit: !astropy.units.Unit {unit: '%'}
#       value: !astropy.table.SerializedColumn {name: efficiency}
#     wavelength:
#       __class__: astropy.units.quantity.Quantity
#       unit: !astropy.units.Unit {unit: nm}
#       value: !astropy.table.SerializedColumn {name: wavelength}
# schema: astropy-2.0
wavelength efficiency
300.0 0.08725041407160461
301.0 0.042497264803387225
302.0 1.6032320870190686e-10
303.0 0.016071964637376368
304.0 0.034399787546135485
305.0 0.02929342444986105
306.0 0.024187062808778137
307.0 0.008497812086716294
308.0 1.6032320870190686e-10
309.0 1.6032320870190686e-10
310.0 1.6032320870190686e-10
311.0 1.6032320870190686e-10
312.0 0.0009700696864456404
313.0 3.857641956983571e-05
314.0 1.6032320870190686e-10
315.0 1.6032320870190686e-10
316.0 1.6032320870190686e-10
317.0 1.6032320870190686e-10
318.0 0.00024663947897352045
319.0 1.6032320870190686e-10
320.0 1.6032320870190686e-10
321.0 1.6032320870190686e-10
322.0 1.6032320870190686e-10
323.0 1.6032320870190686e-10
324.0 1.6032320870190686e-10
325.0 1.6032320870190686e-10
326.0 1.6032320870190686e-10
327.0 1.6032320870190686e-10
328.0 0.0008997348231787328
329.0 0.0004614029876393033
330.0 2.3071211785463674e-05
331.0 1.6032320870190686e-10
332.0 1.6032320870190686e-10
333.0 1.6032320870190686e-10
334.0 4.758995544307254e-05
335.0 0.0004002904006483732
336.0 0.0007529908998549217
337.0 0.0011147710210934747
338.0 0.0014765503692615312
339.0 0.0024485430913046002
340.0 0.0034205364499939606
341.0 0.00012887991260868148
342.0 1.6032320870190686e-10
343.0 1.6032320870190686e-10
344.0 1.6032320870190686e-10
345.0 1.6032320870190686e-10
346.0 1.6032320870190686e-10
347.0 1.6032320870190686e-10
348.0 1.6032320870190686e-10
349.0 1.6032320870190686e-10
350.0 1.6032320870190686e-10
351.0 1.6032320870190686e-10
352.0 0.0003599200454118545
353.0 1.6032320870190686e-10
354.0 1.6032320870190686e-10
355.0 1.6032320870190686e-10
356.0 0.00032484467737958767
357.0 0.0008852821338223293
358.0 0.0014457198631134816
359.0 0.001367589084111387
360.0 0.0012894580322608817
361.0 0.0010536438821873162
362.0 0.0008178296411642805
363.0 0.0006097727691667387
364.0 0.00040171598811866716
365.0 0.0007771335731376894
366.0 0.0011525515219545923
367.0 0.000556399891138426
368.0 1.6032320870190686e-10
369.0 0.0004494044333114289
370.0 0.0009385606972500682
371.0 0.0007395163720502751
372.0 0.0005404720923252171
373.0 0.0008483681085635908
374.0 0.0011562639883777592
375.0 0.00040347836147702765
376.0 1.6032320870190686e-10
377.0 1.6032320870190686e-10
378.0 0.00012840680483350297
379.0 9.230517150626838e-06
380.0 1.6032320870190686e-10
381.0 1.6032320870190686e-10
382.0 1.6032320870190686e-10
383.0 0.00033087999327108264
384.0 0.0010359742191212717
385.0 0.0008654298653709702
386.0 0.0006948854206711985
387.0 1.6032320870190686e-10
388.0 1.6032320870190686e-10
389.0 1.6032320870190686e-10
390.0 1.6032320870190686e-10
391.0 1.6032320870190686e-10
392.0 1.6032320870190686e-10
393.0 4.55153525535934e-05
394.0 0.00039842411752033513
395.0 1.6032320870190686e-10
396.0 1.6032320870190686e-10
397.0 1.6032320870190686e-10
398.0 1.6032320870190686e-10
399.0 1.6032320870190686e-10
400.0 0.00010056209021058748
401.0 0.001203075225930661
402.0 0.0023055872588884085
403.0 0.003261560050304979
404.0 0.004217533933115192
405.0 0.0036505123716779053
406.0 0.0030834900826448575
407.0 0.0018483724488760345
408.0 0.000613252495895722
409.0 0.0002004828047574847
410.0 1.6032320870190686e-10
411.0 0.0022014663045411
412.0 0.004615221769199707
413.0 0.003964851202908903
414.0 0.0033144817280117422
415.0 0.00445000478066504
416.0 0.005585527469520457
417.0 0.003397270484128967
418.0 0.0012090132258890662
419.0 0.0027862850402016193
420.0 0.004363556581665762
421.0 0.004607151277014054
422.0 0.004850745608564466
423.0 0.00478027286590077
424.0 0.004709800123237073
425.0 0.004418767639435828
426.0 0.00412773406424094
427.0 0.004002343121101148
428.0 0.003876952177961357
429.0 0.004340103623690084
430.0 0.004803255797014572
431.0 0.003599114643293433
432.0 0.0023949742171680555
433.0 0.0027827629310195334
434.0 0.003170552008668892
435.0 0.0023272486942005344
436.0 0.001483945561631117
437.0 0.0014653176549472846
438.0 0.0014466899301623926
439.0 0.0016465317457914352
440.0 0.001846373561420478
441.0 0.0007955864930409007
442.0 1.6032320870190686e-10
443.0 1.6032320870190686e-10
444.0 0.0002071888729915372
445.0 0.00011142667517560767
446.0 1.56646734694732e-05
447.0 0.0002043657332251314
448.0 0.0003930667844542768
449.0 1.6032320870190686e-10
450.0 1.6032320870190686e-10
451.0 0.00021582334284175886
452.0 0.001051934032147983
453.0 0.0014128315342532005
454.0 0.0017737293092068285
455.0 0.0016284970115520991
456.0 0.00148326480484684
457.0 0.00100675852081622
458.0 0.0005302523277350701
459.0 0.0003237238161091227
460.0 0.0001171952135337051
461.0 0.0004283647740521701
462.0 0.0007395343345706351
463.0 0.00046706636567250825
464.0 0.00019459846498648403
465.0 0.00022101753529568668
466.0 0.0002474365828675218
467.0 0.000579573679715395
468.0 0.000911710685613798
469.0 0.0005769027211499633
470.0 0.0002420948703729664
471.0 0.00039507081055489834
472.0 0.0005480467734741978
473.0 0.0007833803465473466
474.0 0.0010187141924689058
475.0 0.0005754264748247806
476.0 0.00013213901866038213
477.0 0.0007345174708461855
478.0 0.001336895911663305
479.0 0.0013499742635758594
480.0 0.0013630524335894734
481.0 0.0025466079023317434
482.0 0.0037301619158824906
483.0 0.005088850230094977
484.0 0.006447538180509582
485.0 0.007042987999739125
486.0 0.007638437818968669
487.0 0.01084130271920003
488.0 0.01404416689183563
489.0 0.01713456877041608
490.0 0.020224970648996532
491.0 0.02221580798504874
492.0 0.024206643865909427
493.0 0.025550060672685504
494.0 0.026893478934653103
495.0 0.02429482847219333
496.0 0.02169617364415899
497.0 0.018099421868100762
498.0 0.014502668636851013
499.0 0.010380551975686103
500.0 0.006258436769712716
501.0 0.00449418839707505
502.0 0.002729939660639502
503.0 0.0024685621610842645
504.0 0.002207184297731146
505.0 0.002033823329838924
506.0 0.0018604621800477616
507.0 0.0019522436559782363
508.0 0.0020440247681108303
509.0 0.002193145155615639
510.0 0.0023422659069183283
511.0 0.001836777119024191
512.0 0.0013312885130289942
513.0 0.0016472746210638434
514.0 0.0019632607290986925
515.0 0.0024930917788879015
516.0 0.0030229230105760507
517.0 0.0024809467504383065
518.0 0.0019389706721995026
519.0 0.0019751678337343037
520.0 0.002011365177168045
521.0 0.0017026501154759899
522.0 0.0013939351447334047
523.0 0.0015795698345755227
524.0 0.0017652047972660512
525.0 0.002152492743334733
526.0 0.0025397806894034147
527.0 0.0025897426894516684
528.0 0.002639705053297803
529.0 0.002176402813347522
530.0 0.0017131003914983012
531.0 0.0017072128684958443
532.0 0.0017013257092912681
533.0 0.0017078331438824534
534.0 0.0017143405784736387
535.0 0.0018135779100703076
536.0 0.001912815059768036
537.0 0.0024411772756138816
538.0 0.002969539309560787
539.0 0.0036477442336035892
540.0 0.004325948975747451
541.0 0.004994161645299755
542.0 0.005662374314852059
543.0 0.0051793569582514465
544.0 0.004696339237852953
545.0 0.003836943506030366
546.0 0.0029775479561067186
547.0 0.0024136639694916084
548.0 0.0018497801647754386
549.0 0.0018266073311679065
550.0 0.0018034346794593148
551.0 0.0015306475688703358
552.0 0.0012578606401802972
553.0 0.0014049805940885562
554.0 0.001552100366097875
555.0 0.001170934410765767
556.0 0.0007897684554336593
557.0 0.0007899862794147339
558.0 0.0007902041943452787
559.0 0.0004235460892232368
560.0 5.688801252290432e-05
561.0 0.0007755780643492471
562.0 0.0014942683264962398
563.0 0.0015710429579485208
564.0 0.0016478177712997422
565.0 0.0014033022125659045
566.0 0.0011587866538320668
567.0 0.0009460547516937368
568.0 0.0007333228950301418
569.0 0.0007616348739247769
570.0 0.0007899467163952067
571.0 0.0005407395747170085
572.0 0.00029153247851354536
573.0 0.0003413133754293085
574.0 0.00039109431781980675
575.0 0.00036415449358173646
576.0 0.0003372146238689311
577.0 0.00044492903725767974
578.0 0.0005526434506464284
579.0 0.0003642544015747262
580.0 0.00017586530702828895
581.0 0.00025038009425770724
582.0 0.0003248949042244931
583.0 0.00047594571697118226
584.0 0.0006269965069805039
585.0 0.0006621403827011818
586.0 0.000697284394846065
587.0 0.0007723810085735749
588.0 0.0008474774404021446
589.0 0.0006842977199994493
590.0 0.0005211180450714892
591.0 0.0006993494935159106
592.0 0.0008775811693340074
593.0 0.0006147791282273829
594.0 0.0003519770643833908
595.0 0.0005917112048337003
596.0 0.0008314452315971721
597.0 0.0007091613497323124
598.0 0.0005868774678674527
599.0 0.00046289719648484606
600.0 0.00033891676594066666
601.0 0.00034233887618029257
602.0 0.00034576091820781585
603.0 0.0003204868335160427
604.0 0.0002952126351374318
605.0 0.00023624952518730424
606.0 0.00017728642660586047
607.0 0.00038678176679241005
608.0 0.0005962770046608057
609.0 0.0005583243364526425
610.0 0.0005203714408708038
611.0 0.0006624852630920941
612.0 0.0008045991307881195
613.0 0.0005576717285293853
614.0 0.0003107445081695914
615.0 0.00010926098639174597
616.0 1.6032320870190686e-10
617.0 0.00010164316108784988
618.0 0.0002955089030365343
619.0 0.0003478937060208409
620.0 0.00040027857721725013
621.0 0.0005078029971627984
622.0 0.0006153273716336116
623.0 0.000519648256158689
624.0 0.00042396918615850154
625.0 0.0003940780970879132
626.0 0.0003641869852799573
627.0 0.00028265189939702395
628.0 0.00020111676803935552
629.0 0.0003810759153566323
630.0 0.0005610350854112767
631.0 0.0005319185675034532
632.0 0.0005028020041208947
633.0 0.00048447591325384565
634.0 0.0004661497314373264
635.0 0.00045705673983320594
636.0 0.0004479636572796153
637.0 0.0004954228643327951
638.0 0.0005428820259112399
639.0 0.0007073076631058939
640.0 0.0008717332093510777
641.0 0.000675747060085996
642.0 0.0004797609562956495
643.0 0.0006551591013703728
644.0 0.0008305572919198312
645.0 0.0008196826456696726
646.0 0.0008088080903689843
647.0 0.000850803371577058
648.0 0.0008927990165830124
649.0 0.0008579033419664484
650.0 0.0008230077582993545
651.0 0.0009279358891944867
652.0 0.001032864111039089
653.0 0.001170985615317477
654.0 0.0013091070286463946
655.0 0.0018155209545511752
656.0 0.0023219346985570155
657.0 0.003392936196178198
658.0 0.004463936420506798
659.0 0.007204405847005546
660.0 0.0914451782591641
661.0 0.10816521244123578
662.0 0.08802048396319151
663.0 0.07907560793682933
664.0 0.08494574576616287
665.0 0.09282230748794973
666.0 0.14869433362036943
667.0 0.1857428695075214
668.0 0.1884731464087963
669.0 0.288976076990366
670.0 0.36578376311808825
671.0 0.594040984287858
672.0 0.9281708858907223
673.0 1.5432083047926426
674.0 2.2372914478182793
675.0 3.189527243375778
676.0 4.246343672275543
677.0 5.638541653752327
678.0 6.953789293766022
679.0 8.390381187200546
680.0 10.394076257944107
681.0 12.456253170967102
682.0 15.033945441246033
683.0 17.79879629611969
684.0 20.76934576034546
685.0 23.697668313980103
686.0 26.709318161010742
687.0 29.918673634529114
688.0 33.26021134853363
689.0 36.61498427391052
690.0 40.633466839790344
691.0 44.84723210334778
692.0 49.984559416770935
693.0 55.2373468875885
694.0 61.28920316696167
695.0 66.9271469116211
696.0 73.18062782287598
697.0 78.64302396774292
698.0 84.41469669342041
699.0 88.72397541999817
700.0 91.93434715270996
701.0 94.5195198059082
702.0 96.09920382499695
703.0 96.9686508178711
704.0 97.38304018974304
705.0 97.76360392570496
706.0 97.70599603652954
707.0 97.87110090255737
708.0 97.95010685920715
709.0 97.97407388687134
710.0 97.80681729316711
711.0 97.94176816940308
712.0 97.8586494922638
713.0 97.96988368034363
714.0 98.00777435302734
715.0 98.18596243858337
716.0 97.83329963684082
717.0 98.15117120742798
718.0 98.22960495948792
719.0 98.10020923614502
720.0 98.35703372955322
721.0 98.28683733940125
722.0 97.9707658290863
723.0 97.73926138877869
724.0 97.45413661003113
725.0 97.13895916938782
726.0 96.89655303955078
727.0 96.68663740158081
728.0 96.39601707458496
729.0 96.25152945518494
730.0 96.28494381904602
731.0 96.31502628326416
732.0 96.3922381401062
733.0 96.65096998214722
734.0 97.00531363487244
735.0 97.16790318489075
736.0 97.50054478645325
737.0 97.95148968696594
738.0 98.21710586547852
739.0 98.53041172027588
740.0 98.66201281547546
741.0 98.54088425636292
742.0 98.86389970779419
743.0 98.63033294677734
744.0 98.5299289226532
745.0 98.45861792564392
746.0 98.44291806221008
747.0 98.6881971359253
748.0 98.60135316848755
749.0 98.48079681396484
750.0 98.42208623886108
751.0 98.38104248046875
752.0 98.33526611328125
753.0 98.51545691490173
754.0 98.41595888137817
755.0 98.56741428375244
756.0 98.625648021698
757.0 98.56177568435669
758.0 98.72093796730042
759.0 98.77772927284241
760.0 98.67459535598755
761.0 98.5516905784607
762.0 98.69241118431091
763.0 98.61727952957153
764.0 98.56788516044617
765.0 98.4899640083313
766.0 98.51370453834534
767.0 98.2857346534729
768.0 98.31382036209106
769.0 98.29711318016052
770.0 98.03137183189392
771.0 98.10354113578796
772.0 98.10447096824646
773.0 97.96382784843445
774.0 97.76948094367981
775.0 97.85960912704468
776.0 97.75128960609436
777.0 97.84544706344604
778.0 97.87309169769287
779.0 97.92293906211853
780.0 97.88287281990051
781.0 98.23537468910217
782.0 98.092520236969
783.0 98.20607900619507
784.0 98.21515083312988
785.0 98.34641218185425
786.0 98.50990772247314
787.0 98.26492071151733
788.0 98.31840991973877
789.0 98.40641021728516
790.0 98.34251999855042
791.0 98.33134412765503
792.0 98.2550859451294
793.0 98.14116954803467
794.0 98.05421829223633
795.0 97.95206189155579
796.0 97.8994607925415
797.0 97.96479344367981
798.0 97.86706566810608
799.0 97.72425293922424
800.0 97.55987524986267
801.0 97.55902290344238
802.0 97.44482040405273
803.0 97.19125032424927
804.0 96.93987965583801
805.0 96.41886949539185
806.0 95.89774012565613
807.0 94.91425156593323
808.0 93.69900822639465
809.0 92.31622219085693
810.0 90.73873162269592
811.0 88.51407766342163
812.0 86.01089119911194
813.0 83.02842974662781
814.0 79.62101101875305
815.0 75.74249505996704
816.0 71.76157832145691
817.0 67.19129681587219
818.0 62.26412057876587
819.0 57.926446199417114
820.0 53.04303169250488
821.0 48.64171743392944
822.0 44.23942267894745
823.0 39.64790105819702
824.0 35.075968503952026
825.0 30.81269860267639
826.0 26.420339941978455
827.0 21.852457523345947
828.0 17.767834663391113
829.0 13.811084628105164
830.0 9.98542308807373
831.0 7.160068303346634
832.0 4.652934893965721
833.0 2.899383008480072
834.0 1.7546022310853004
835.0 1.026895921677351
836.0 0.6070817820727825
837.0 0.3534026676788926
838.0 0.22172213066369295
839.0 0.12320637470111251
840.0 0.03924307529814541
841.0 0.047380258911289275
842.0 0.0028215388738317415
843.0 0.008133231312967837
844.0 1.6032320870190686e-10
845.0 1.6032320870190686e-10
846.0 1.6032320870190686e-10
847.0 1.6032320870190686e-10
848.0 1.6032320870190686e-10
849.0 1.6032320870190686e-10
850.0 1.6032320870190686e-10
851.0 1.6032320870190686e-10
852.0 0.0003449877567618387
853.0 0.0004204902325000148
854.0 0.0004959928901371313
855.0 0.0007073725100781303
856.0 0.0009187522664433345
857.0 0.0007562163318652892
858.0 0.0005936800334893633
859.0 0.0002256971356473514
860.0 1.6032320870190686e-10
861.0 7.193694955276442e-05
862.0 0.00028615968403755687
863.0 0.00010452714604980429
864.0 1.6032320870190686e-10
865.0 1.6032320870190686e-10
866.0 4.7845020390013815e-05
867.0 9.508617040410172e-05
868.0 0.00014232725789042888
869.0 1.6032320870190686e-10
870.0 1.6032320870190686e-10
871.0 1.6032320870190686e-10
872.0 0.0001302322175433801
873.0 0.0001938435843840125
874.0 0.0002574549625933287
875.0 0.00022877429728396237
876.0 0.0002000936547119636
877.0 1.6032320870190686e-10
878.0 1.6032320870190686e-10
879.0 3.449673613431514e-05
880.0 0.00044460061872086953
881.0 0.00016990547919704113
882.0 1.6032320870190686e-10
883.0 5.537803531296959e-05
884.0 0.00021554569684667513
885.0 9.719389026940917e-05
886.0 1.6032320870190686e-10
887.0 9.708743391456665e-05
888.0 0.00021533278413699009
889.0 6.696013201690221e-05
890.0 1.6032320870190686e-10
891.0 9.391558251081733e-05
892.0 0.0002692436964935041
893.0 0.00021543398815992987
894.0 0.0001616242911950394
