lsstCam/transmission_filter_detector/r34_s01/r_57/19700101T000000.ecsv
# %ECSV 1.0
# ---
# datatype:
# - {name: wavelength, unit: nm, datatype: float32}
# - {name: efficiency, unit: '%', datatype: float64}
# meta: !!omap
# - {MODE: DETECTOR}
# - {TYPE: transmission_filter_detector}
# - {CALIBDATE: '1970-01-01T00:00:00'}
# - {INSTRUME: LSSTCam}
# - {OBSTYPE: transmission_filter_detector}
# - {CALIBCLS: lsst.ip.isr.IntermediateFilterDetectorTransmissionCurve}
# - {SOURCE: Materion (DM-46256)}
# - {DETECTOR: 154}
# - {FILTER: r_57}
# - {CALIB_ID: 'calibDate=1970-01-01T00:00:00 filter=r_57 detector=154'}
# - {DATE: '2025-04-02T15:59:44.897613'}
# - {CALIB_CREATION_DATE: '2025-04-02'}
# - {CALIB_CREATION_TIME: '15:59:44'}
# - __serialized_columns__:
#     efficiency:
#       __class__: astropy.units.quantity.Quantity
#       unit: !astropy.units.Unit {unit: '%'}
#       value: !astropy.table.SerializedColumn {name: efficiency}
#     wavelength:
#       __class__: astropy.units.quantity.Quantity
#       unit: !astropy.units.Unit {unit: nm}
#       value: !astropy.table.SerializedColumn {name: wavelength}
# schema: astropy-2.0
wavelength efficiency
[from data line 602]
902.0 1.3280559585382434e-05
903.0 4.5460313913281425e-05
904.0 2.2864307780423587e-06
905.0 1.6450073725068903e-10
906.0 0.00010540845778450603
907.0 0.00025170438675559126
908.0 0.00027084322482551215
909.0 0.00028998201742069796
910.0 0.00013041563988736016
911.0 1.6450073725068903e-10
912.0 8.015580306164338e-05
913.0 0.00018946237787531572
914.0 0.00011091677833974245
915.0 3.237117027765635e-05
916.0 4.816840259991295e-05
917.0 6.396560934263107e-05
918.0 0.00013654658914674656
919.0 0.00020912755189783638
920.0 0.00020031980056955945
921.0 0.00019151202650391497
922.0 0.00022318004084809218
923.0 0.00025484807792963693
924.0 0.0002133006319127162
925.0 0.0001717531745271117
926.0 0.00016244190419456572
927.0 0.0001531306111246522
928.0 0.0001141960183304036
929.0 7.526139711444557e-05
930.0 0.00014520504691972747
931.0 0.00021514865693461616
932.0 0.00018339172811465687
933.0 0.00015163478792601381
934.0 9.995076197810704e-05
935.0 4.826677013625158e-05
936.0 7.16115152954444e-05
937.0 9.495622066424403e-05
938.0 0.0001030911903399101
939.0 0.0001112261088564992
940.0 8.04409296506492e-05
941.0 4.965567654835468e-05
942.0 0.0001871552399279608
943.0 0.00032465482036059257
944.0 0.00022804129002906848
945.0 0.00013142777106622816
946.0 0.0003364652002346702
947.0 0.000541502640771796
948.0 0.0003503243078739615
949.0 0.00015914607729428099
950.0 0.0003275681137893116
951.0 0.0004959902526024962
952.0 0.0006094023774494417
953.0 0.0007228146387205925
954.0 0.0008511556188750546
955.0 0.0009794968718779273
956.0 0.0011366408216417767
957.0 0.001293784771405626
958.0 0.0016080353816505522
959.0 0.001922286355693359
960.0 0.002022764783760067
961.0 0.0021232432118267752
962.0 0.002289784242748283
963.0 0.0024563249098719098
964.0 0.002400695848336909
965.0 0.002345066604902968
966.0 0.002371951995883137
967.0 0.002398837204964366
968.0 0.0023389213311020285
969.0 0.0022790056391386315
970.0 0.0023325170332100242
971.0 0.0023860287910792977
972.0 0.002540986315580085
973.0 0.0026959443857776932
974.0 0.0029281412935233675
975.0 0.003160338383167982
976.0 0.0031207084248308092
977.0 0.0030810784664936364
978.0 0.0031628194847144186
979.0 0.003244560502935201
980.0 0.003225618274882436
981.0 0.0032066760468296707
982.0 0.0031955241865944117
983.0 0.003184372326359153
984.0 0.003016113623743877
985.0 0.00284785455733072
986.0 0.002769445563899353
987.0 0.002691036570467986
988.0 0.002667612352524884
989.0 0.0026441888621775433
990.0 0.0026625591999618337
991.0 0.002680929537746124
992.0 0.002661554390215315
993.0 0.002642179788381327
994.0 0.0027057836632593535
995.0 0.0027693873562384397
996.0 0.0027739919460145757
997.0 0.0027785963538917713
998.0 0.002948835026472807
999.0 0.003119073880952783
1000.0 0.0031523744837613776
1001.0 0.0031856747227720916
1002.0 0.003410766294109635
1003.0 0.0036358578654471785
1004.0 0.0037115834857104346
1005.0 0.00378730874217581
1006.0 0.003960094545618631
1007.0 0.0041328807128593326
1008.0 0.004168207669863477
1009.0 0.004203533899271861
1010.0 0.004176962829660624
1011.0 0.0041503921238472685
1012.0 0.004163112680544145
1013.0 0.004175832873443142
1014.0 0.004018077743239701
1015.0 0.0038603222492383793
1016.0 0.003487709545879625
1017.0 0.0031150964787229896
1018.0 0.002825239243975375
1019.0 0.002535382373025641
1020.0 0.002317265170859173
1021.0 0.0020991477867937647
1022.0 0.0017552221834193915
1023.0 0.0014112964890955482
1024.0 0.0013028390640101861
1025.0 0.001194381638924824
1026.0 0.0010557790119491983
1027.0 0.0009171763849735726
1028.0 0.0009015904652187601
1029.0 0.0008860045454639476
1030.0 0.0009104270247917157
1031.0 0.0009348496860184241
1032.0 0.0008768221960053779
1033.0 0.0008187947969418019
1034.0 0.0007108720637916122
1035.0 0.000602949103267747
1036.0 0.0006265770025493111
1037.0 0.0006502050382550806
1038.0 0.0006783154276490677
1039.0 0.0007064256806188496
1040.0 0.0006548337751155486
1041.0 0.0006032418696122477
1042.0 0.0006170017059048405
1043.0 0.0006307614967226982
1044.0 0.0007548328994744224
1045.0 0.0008789043931756169
1046.0 0.0009127300472755451
1047.0 0.0009465559742238838
1048.0 0.000867817198013654
1049.0 0.0007890786037023645
1050.0 0.0010124854270543437
1051.0 0.001235892250406323
1052.0 0.0010603502232697792
1053.0 0.0008848076504364144
1054.0 0.0007398758043564158
1055.0 0.0005949438218522118
1056.0 0.0006485696758318227
1057.0 0.0007021954388619633
1058.0 0.0009060122465598397
1059.0 0.0011098288268840406
1060.0 0.0011307208296784665
1061.0 0.0011516126505739521
1062.0 0.0012729905392916407
1063.0 0.001394368246110389
1064.0 0.001206097749673063
1065.0 0.0010178270713367965
1066.0 0.0013790746379527263
1067.0 0.0017403222955181263
1068.0 0.0018730712326942012
1069.0 0.002005820169870276
1070.0 0.0021472640582942404
1071.0 0.002288708128617145
1072.0 0.0021109757653903216
1073.0 0.0019332432202645577
1074.0 0.0021671014110324904
1075.0 0.0024009594199014828
1076.0 0.0026210813302895986
1077.0 0.002841203058778774
1078.0 0.003206088877050206
1079.0 0.0035709745134226978
1080.0 0.004135343260713853
1081.0 0.004699711644207127
1082.0 0.0043325107981218025
1083.0 0.003965309588238597
1084.0 0.004273077502148226
1085.0 0.0045808446884620935
1086.0 0.004458213516045362
1087.0 0.004335581979830749
1088.0 0.004191096377326176
1089.0 0.0040466111386194825
1090.0 0.003330258550704457
1091.0 0.0026139065084862523
1092.0 0.003721077155205421
1093.0 0.00482824798382353
1094.0 0.0045072603825246915
1095.0 0.004186273145023733
1096.0 0.003671892045531422
1097.0 0.0031575109460391104
1098.0 0.004008763426099904
1099.0 0.004860015542362817
1100.0 0.004120210724067874
1101.0 0.003380405541975051
