lsstCam/transmission_filter_detector/r34_s01/r_57/19700101T000000.ecsv
# %ECSV 1.0
# ---
# datatype:
# - {name: wavelength, unit: nm, datatype: float32}
# - {name: efficiency, unit: '%', datatype: float64}
# meta: !!omap
# - {MODE: DETECTOR}
# - {TYPE: transmission_filter_detector}
# - {CALIBDATE: '1970-01-01T00:00:00'}
# - {INSTRUME: LSSTCam}
# - {OBSTYPE: transmission_filter_detector}
# - {CALIBCLS: lsst.ip.isr.IntermediateFilterDetectorTransmissionCurve}
# - {SOURCE: Materion (DM-46256)}
# - {DETECTOR: 154}
# - {FILTER: r_57}
# - {CALIB_ID: 'calibDate=1970-01-01T00:00:00 filter=r_57 detector=154'}
# - {DATE: '2025-04-02T15:59:44.897613'}
# - {CALIB_CREATION_DATE: '2025-04-02'}
# - {CALIB_CREATION_TIME: '15:59:44'}
# - __serialized_columns__:
#     efficiency:
#       __class__: astropy.units.quantity.Quantity
#       unit: !astropy.units.Unit {unit: '%'}
#       value: !astropy.table.SerializedColumn {name: efficiency}
#     wavelength:
#       __class__: astropy.units.quantity.Quantity
#       unit: !astropy.units.Unit {unit: nm}
#       value: !astropy.table.SerializedColumn {name: wavelength}
# schema: astropy-2.0
wavelength efficiency
300.0 0.0025837854991550557
301.0 0.006860574649181217
302.0 0.011137363617308438
303.0 0.014128652401268482
304.0 0.017119939730037004
305.0 0.01522274105809629
306.0 0.013325542386155576
307.0 0.011780742352129892
308.0 0.01023594377329573
309.0 0.009012489317683503
310.0 0.007789035589667037
311.0 0.007152635953389108
312.0 0.0065162384998984635
313.0 0.006031175144016743
314.0 0.005546111788135022
315.0 0.005107248216518201
316.0 0.004668385008699261
317.0 0.004650903065339662
318.0 0.004633422213373706
319.0 0.0043203508539590985
320.0 0.004007280585938133
321.0 0.003968607052229345
322.0 0.003929933882318437
323.0 0.0035138764360453933
324.0 0.003097818625974469
325.0 0.002938348006864544
326.0 0.002778877387754619
327.0 0.0029204691600170918
328.0 0.003062061659875326
329.0 0.0030293034797068685
330.0 0.002996545663336292
331.0 0.0028039921744493768
332.0 0.0026114385036635213
333.0 0.0023578275431646034
334.0 0.002104216400766745
335.0 0.001926581171574071
336.0 0.0017489459423813969
337.0 0.0015756535503896885
338.0 0.00140236115839798
339.0 0.0013415684406936634
340.0 0.001280775813938817
341.0 0.0012115740901208483
342.0 0.0011423723663028795
343.0 0.001177576086774934
344.0 0.0012127798072469886
345.0 0.001181253628601553
346.0 0.0011497274499561172
347.0 0.001114549559133593
348.0 0.001079371759260539
349.0 0.0010302413102181163
350.0 0.0029048120268271305
351.0 0.005148519267095253
352.0 0.007392225961666554
353.0 0.007230818300740793
354.0 0.007069411367410794
355.0 0.00514167440996971
356.0 0.0032139378163265064
357.0 0.0034372060326859355
358.0 0.003660474976641126
359.0 0.0035780387406703085
360.0 0.003495602504699491
361.0 0.0028291429771343246
362.0 0.002162683813367039
363.0 0.002266822957608383
364.0 0.002370962465647608
365.0 0.0018557486328063533
366.0 0.0013405352547124494
367.0 0.0024539789592381567
368.0 0.0035674223909154534
369.0 0.00373289076378569
370.0 0.0038983584090601653
371.0 0.003838425618596375
372.0 0.0037784928281325847
373.0 0.002833386133715976
374.0 0.0018882788936025463
375.0 0.0010915003258560318
376.0 0.00029472157621057704
377.0 0.0016516463801963255
378.0 0.0030085713660810143
379.0 0.0024345736164832488
380.0 0.0018605760487844236
381.0 0.002110454806825146
382.0 0.002360333746764809
383.0 0.0034073334973072633
384.0 0.0044543336116475984
385.0 0.004984589395462535
386.0 0.005514845179277472
387.0 0.004909635390504263
388.0 0.0043044256017310545
389.0 0.0035524455597624183
390.0 0.0028004646082990803
391.0 0.0024280625439132564
392.0 0.0020556610252242535
393.0 0.0019471919586067088
394.0 0.0018387230738881044
395.0 0.0015890997019596398
396.0 0.0013394760571827646
397.0 0.0009613492693461012
398.0 0.000583222617933643
399.0 0.0005922791842749575
400.0 0.0006013357960910071
401.0 0.0005694311767001636
402.0 0.0005375264208851149
403.0 0.0005825167590955971
404.0 0.0006275072337302845
405.0 0.0011731200174835976
406.0 0.0017187327102874406
407.0 0.0017100568584282883
408.0 0.0017013806427712552
409.0 0.0010975340956065338
410.0 0.0004936876393912826
411.0 0.0009129679710895289
412.0 0.0013322483027877752
413.0 0.0017062817278201692
414.0 0.0020803154257009737
415.0 0.0021529813238885254
416.0 0.0022256474039750174
417.0 0.0019235236322856508
418.0 0.0016214000424952246
419.0 0.0021913883756496944
420.0 0.002761376163107343
421.0 0.004116623313166201
422.0 0.005471870463225059
423.0 0.009115270950132981
424.0 0.012758669618051499
425.0 0.016574155597481877
426.0 0.020389643032103777
427.0 0.020630433573387563
428.0 0.020871228480245918
429.0 0.01646060118218884
430.0 0.01204997388413176
431.0 0.008418358629569411
432.0 0.00478674191981554
433.0 0.003897906208294444
434.0 0.0030090701329754665
435.0 0.0024826633307384327
436.0 0.00195625707419822
437.0 0.0013247938113636337
438.0 0.0006933309578016633
439.0 0.0008321317181980703
440.0 0.000970932342170272
441.0 0.0010740287507360335
442.0 0.0011771253412007354
443.0 0.001467609945393633
444.0 0.0017580945495865308
445.0 0.001555305061629042
446.0 0.0013525158465199638
447.0 0.0012890094694739673
448.0 0.0012255032743269112
449.0 0.0013617512195196468
450.0 0.0014979991647123825
451.0 0.0016150728697539307
452.0 0.0017321459381491877
453.0 0.001854316178651061
454.0 0.0019764860553550534
455.0 0.0016960513676167466
456.0 0.0014156169527268503
457.0 0.0011554227967280895
458.0 0.0008952286407293286
459.0 0.001047239129547961
460.0 0.0011992497093160637
461.0 0.0017027186913765036
462.0 0.002206187855335884
463.0 0.0031235340429702774
464.0 0.00404087986680679
465.0 0.005123744267621078
466.0 0.0062066079408396035
467.0 0.006640242645516992
468.0 0.00707387735019438
469.0 0.006081767423893325
470.0 0.005089658225188032
471.0 0.003873312016366981
472.0 0.0026569654437480494
473.0 0.0018725162590271793
474.0 0.0010880667105084285
475.0 0.000746528394302004
476.0 0.00040498998714610934
477.0 0.000656564816381433
478.0 0.0009081396456167568
479.0 0.0008267185876320582
480.0 0.0007452975751220947
481.0 0.0006285028121055802
482.0 0.0005117081400385359
483.0 0.0006105361990194069
484.0 0.0007093643944244832
485.0 0.0007588176686113002
486.0 0.0008082710337475874
487.0 0.0005295365099300398
488.0 0.0002508020543245948
489.0 0.0005183284429222113
490.0 0.0007858548087824602
491.0 0.0008111081115202978
492.0 0.0008363615052076057
493.0 0.0008996951692097355
494.0 0.0009630287422623951
495.0 0.0010221137927146628
496.0 0.00108119857031852
497.0 0.00106453662738204
498.0 0.0010478745934960898
499.0 0.001124600112234475
500.0 0.001201325994770741
501.0 0.0012584649994096253
502.0 0.0013156038221495692
503.0 0.0017931844922713935
504.0 0.002270764707645867
505.0 0.0027509622668731026
506.0 0.003231159644201398
507.0 0.004019279731437564
508.0 0.004807400182471611
509.0 0.005136623076396063
510.0 0.0054658470617141575
511.0 0.0051012157200602815
512.0 0.004736584742204286
513.0 0.003971029946114868
514.0 0.0032054755138233304
515.0 0.0029636017643497325
516.0 0.002721728196775075
517.0 0.0028504211513791233
518.0 0.0029791139240842313
519.0 1.6450073725068903e-10
520.0 0.029813204309903085
521.0 0.08830794831737876
522.0 0.07831044495105743
523.0 0.13177974615246058
524.0 0.06387224420905113
525.0 0.10413710260763764
526.0 0.0825039460323751
527.0 0.17427693819627166
528.0 0.11670073727145791
529.0 0.1645066775381565
530.0 0.16632894985377789
531.0 0.19530768040567636
532.0 0.21287512499839067
533.0 0.3223138861358166
534.0 0.4552665166556835
535.0 0.567190395668149
536.0 0.874031987041235
537.0 1.3247611001133919
538.0 2.094467543065548
539.0 3.3491101115942
540.0 5.114009231328964
541.0 7.397190481424332
542.0 10.239111632108688
543.0 13.874626159667969
544.0 18.347345292568207
545.0 23.29794466495514
546.0 29.504546523094177
547.0 36.37542128562927
548.0 44.771599769592285
549.0 52.868473529815674
550.0 59.08016562461853
551.0 66.24464988708496
552.0 70.5937147140503
553.0 75.02533197402954
554.0 78.76427173614502
555.0 82.53083825111389
556.0 86.05467677116394
557.0 88.47900032997131
558.0 91.59607887268066
559.0 94.07394528388977
560.0 93.94153356552124
561.0 95.60579657554626
562.0 95.7757830619812
563.0 95.75848579406738
564.0 95.9786593914032
565.0 95.54779529571533
566.0 95.82741260528564
567.0 95.79437375068665
568.0 95.9934949874878
569.0 97.08722233772278
570.0 96.6434121131897
571.0 97.26563692092896
572.0 96.71030044555664
573.0 96.74538969993591
574.0 97.09159731864929
575.0 96.99788093566895
576.0 97.49348759651184
577.0 97.39386439323425
578.0 97.18724489212036
579.0 97.19368815422058
580.0 97.07962274551392
581.0 96.5006411075592
582.0 97.04264998435974
583.0 97.02494144439697
584.0 96.55677676200867
585.0 96.34485840797424
586.0 96.71269655227661
587.0 96.33455872535706
588.0 96.69166803359985
589.0 97.44274616241455
590.0 96.57339453697205
591.0 95.97344398498535
592.0 96.09044790267944
593.0 95.9722638130188
594.0 96.089106798172
595.0 96.49506211280823
596.0 97.36567735671997
597.0 97.29933738708496
598.0 97.13268876075745
599.0 97.1321165561676
600.0 97.14229702949524
601.0 96.36238217353821
602.0 97.0712959766388
603.0 96.39893770217896
604.0 96.3127076625824
605.0 97.13688492774963
606.0 96.40451669692993
607.0 96.41250967979431
608.0 96.51023745536804
609.0 95.76686024665833
610.0 96.00837230682373
611.0 96.09993100166321
612.0 95.85691690444946
613.0 96.87180519104004
614.0 96.85165286064148
615.0 96.41905426979065
616.0 96.69218063354492
617.0 96.44446969032288
618.0 96.70631289482117
619.0 97.35159873962402
620.0 96.62319421768188
621.0 95.89317440986633
622.0 96.7535138130188
623.0 96.59143090248108
624.0 96.33094668388367
625.0 96.86450362205505
626.0 96.36225700378418
627.0 95.25042772293091
628.0 97.22345471382141
629.0 95.75240015983582
630.0 96.58584594726562
631.0 96.3784396648407
632.0 97.07111716270447
633.0 96.66762948036194
634.0 95.73983550071716
635.0 96.4402437210083
636.0 96.30157947540283
637.0 95.98022699356079
638.0 95.50844430923462
639.0 95.53548097610474
640.0 95.9129273891449
641.0 95.72458267211914
642.0 96.3529646396637
643.0 95.96245288848877
644.0 96.2282657623291
645.0 96.54491543769836
646.0 96.42605185508728
647.0 97.2793698310852
648.0 96.50679230690002
649.0 95.68376541137695
650.0 96.75896763801575
651.0 97.26583957672119
652.0 97.28758335113525
653.0 96.0476279258728
654.0 96.78581953048706
655.0 96.69526815414429
656.0 95.77597975730896
657.0 96.04105353355408
658.0 96.2403655052185
659.0 96.30112648010254
660.0 95.76089978218079
661.0 95.4788327217102
662.0 95.76037526130676
663.0 96.06899619102478
664.0 95.18813490867615
665.0 95.62112092971802
666.0 95.3368604183197
667.0 95.97984552383423
668.0 94.9934720993042
669.0 95.87982892990112
670.0 95.48258185386658
671.0 95.8066999912262
672.0 95.49575448036194
673.0 95.34737467765808
674.0 94.95726227760315
675.0 95.64390182495117
676.0 94.79285478591919
677.0 94.00777816772461
678.0 93.18007230758667
679.0 92.26927757263184
680.0 91.27694964408875
681.0 89.66190814971924
682.0 87.08927035331726
683.0 84.10747647285461
684.0 80.973219871521
685.0 76.9635260105133
686.0 72.8631854057312
687.0 68.39386820793152
688.0 63.77350687980652
689.0 59.66603755950928
690.0 54.410117864608765
691.0 50.57446360588074
692.0 45.82462012767792
693.0 41.403934359550476
694.0 36.11866235733032
695.0 30.824565887451172
696.0 25.293126702308655
697.0 20.08708566427231
698.0 14.489391446113586
699.0 10.153347998857498
700.0 6.984787434339523
701.0 4.220413044095039
702.0 2.633126638829708
703.0 1.522886287420988
704.0 0.8881477639079094
705.0 0.4911651834845543
706.0 0.32660546712577343
707.0 0.18045887118205428
708.0 0.12835233937948942
709.0 0.13531678123399615
710.0 0.07288852357305586
711.0 0.07075351313687861
712.0 0.07523538661189377
713.0 0.03818821278400719
714.0 0.031284100259654224
715.0 0.03392923972569406
716.0 0.05958093097433448
717.0 0.0948381726630032
718.0 0.05526352324523032
719.0 0.025205817655660212
720.0 1.6450073725068903e-10
721.0 0.004503728632698767
722.0 0.004152827386860736
723.0 0.003801925777224824
724.0 0.0035904278774978593
725.0 0.0033789299777708948
726.0 0.0031154046155279502
727.0 0.002851879980880767
728.0 0.002673491690075025
729.0 0.0024951037630671635
730.0 0.002366084481764119
731.0 0.0022370652004610747
732.0 0.0021903233573539183
733.0 0.002143581696145702
734.0 0.002046265763055999
735.0 0.0019489498299662955
736.0 0.0018594539142213762
737.0 0.0017699581803753972
738.0 0.0017160906281787902
739.0 0.0016622228940832429
740.0 0.0016156049241544679
741.0 0.001568986954225693
742.0 0.0014237218238122296
743.0 0.0012784565114998259
744.0 0.0014468564586422872
745.0 0.0016152564057847485
746.0 0.0013597168617707212
747.0 0.001104177408706164
748.0 0.0011524860383360647
749.0 0.0012007945770164952
750.0 0.0011456385436758865
751.0 0.001090482601284748
752.0 0.001163961314887274
753.0 0.0012374403922876809
754.0 0.0011879213161591906
755.0 0.0011384024219296407
756.0 0.0010675445992092136
757.0 0.000996687049337197
758.0 0.0009614822374715004
759.0 0.0009262777894036844
760.0 0.0008554889973311219
761.0 0.0007847001143090893
762.0 0.0008448150765616447
763.0 0.0009049302207131404
764.0 0.0009251425581169315
765.0 0.0009453548045712523
766.0 0.000830765475257067
767.0 0.0007161758730944712
768.0 0.0006665433829766698
769.0 0.0006169107109599281
770.0 0.0005419163699116325
771.0 0.0004669219833886018
772.0 0.0006403875431715278
773.0 0.0008138529665302485
774.0 0.0009239764949597884
775.0 0.0010341001143387984
776.0 0.0011048093256249558
777.0 0.001175518991658464
778.0 0.0009651537766330875
779.0 0.0007547889254055917
780.0 0.0007379062026302563
781.0 0.0007210237981780665
782.0 0.0007871093657740857
783.0 0.0008531951607437804
784.0 0.0007807446309016086
785.0 0.0007082944193825824
786.0 0.0008062662345764693
787.0 0.0009042380952450912
788.0 0.0006531365670525702
789.0 0.00040203490243584383
790.0 0.0005856931238668039
791.0 0.0007693515726714395
792.0 0.0007458131676685298
793.0 0.0007222746262414148
794.0 0.0007505991561629344
795.0 0.0007789240044075996
796.0 0.0006556893367815064
797.0 0.0005324547146301484
798.0 0.0006168867457745364
799.0 0.0007013190497673349
800.0 0.0007962052222865168
801.0 0.0008910912583814934
802.0 0.0008730494300834835
803.0 0.0008550076927349437
804.0 0.0007344826371991076
805.0 0.0006139576271380065
806.0 0.000663995433569653
807.0 0.0007140329671528889
808.0 0.0006543547442561248
809.0 0.0005946762939856853
810.0 0.000615149065197329
811.0 0.000635621472611092
812.0 0.0005110999154567253
813.0 0.0003865781764034182
814.0 0.00041217717807739973
815.0 0.0004377761797513813
816.0 0.0005992859314574162
817.0 0.0007607959560118616
818.0 0.0006043279881851049
819.0 0.0004478597929846728
820.0 0.0004792643721884815
821.0 0.0005106689059175551
822.0 0.0005778084414487239
823.0 0.0006449479769798927
824.0 0.0004968751454725862
825.0 0.0003488020411168691
826.0 0.00036619551337935263
827.0 0.0003835889856418362
828.0 0.0003768919668800663
829.0 0.000370194970855664
830.0 0.00011157862900290638
831.0 1.6450073725068903e-10
832.0 1.6450073725068903e-10
833.0 1.6450073725068903e-10
834.0 1.6450073725068903e-10
835.0 0.0001925096512422897
836.0 0.00017828089085014653
837.0 0.00016405213045800338
838.0 0.0006517956535390113
839.0 0.0011395391993573867
840.0 0.0014580664355889894
841.0 0.0017765938537195325
842.0 0.0021009915144531988
843.0 0.0024253899027826265
844.0 0.0028630141969188116
845.0 0.003300638127257116
846.0 0.003601230855565518
847.0 0.0039018228562781587
848.0 0.0036191060644341633
849.0 0.003336389272590168
850.0 0.002675309769983869
851.0 0.002014229721680749
852.0 0.0016726356989238411
853.0 0.0013310419490153436
854.0 0.0011089553481724579
855.0 0.0008868688382790424
856.0 0.0006838635272288229
857.0 0.00048085794333019294
858.0 0.00047480698412982747
859.0 0.000468756024929462
860.0 0.00036487422221398447
861.0 0.00026099241949850693
862.0 0.000374152432414121
863.0 0.00048731244532973506
864.0 0.00038001539905963
865.0 0.0002727184437389951
866.0 0.00023182208224170608
867.0 0.0001909256980070495
868.0 0.0001714272002573125
869.0 0.00015192867977020796
870.0 9.287539910474152e-05
871.0 3.3822121281446016e-05
872.0 1.6450073725068903e-10
873.0 1.6450073725068903e-10
874.0 1.6450073725068903e-10
875.0 1.6450073725068903e-10
876.0 8.466844292343012e-05
877.0 0.00018892322941610473
878.0 0.00018030034425464692
879.0 0.00017167747046187287
880.0 0.00010658435485311202
881.0 4.1491242086522107e-05
882.0 0.0001271496785193449
883.0 0.00021280809505697107
884.0 0.0001216564555761579
885.0 3.0504773462780577e-05
886.0 0.00013567029100158834
887.0 0.00024083581138256704
888.0 0.0002192899955844041
889.0 0.00019774417978624115
890.0 0.00011649412954284344
891.0 3.524409635247139e-05
892.0 1.910738802735068e-05
893.0 2.970666201917993e-06
894.0 6.0917983546460164e-05
895.0 0.00011886529591720318
896.0 9.210129974235315e-05
897.0 6.5337309251845e-05
898.0 0.00012708484291579225
899.0 0.00018883234815803007
900.0 8.496658097101317e-05
