lsstCam/transmission_filter_detector/r23_s22/y_10/19700101T000000.ecsv
# %ECSV 1.0
# ---
# datatype:
# - {name: wavelength, unit: nm, datatype: float32}
# - {name: efficiency, unit: '%', datatype: float64}
# meta: !!omap
# - {MODE: DETECTOR}
# - {TYPE: transmission_filter_detector}
# - {CALIBDATE: '1970-01-01T00:00:00'}
# - {INSTRUME: LSSTCam}
# - {OBSTYPE: transmission_filter_detector}
# - {CALIBCLS: lsst.ip.isr.IntermediateFilterDetectorTransmissionCurve}
# - {SOURCE: Materion (DM-46256)}
# - {DETECTOR: 107}
# - {FILTER: y_10}
# - {CALIB_ID: 'calibDate=1970-01-01T00:00:00 filter=y_10 detector=107'}
# - {DATE: '2025-04-02T15:59:51.239033'}
# - {CALIB_CREATION_DATE: '2025-04-02'}
# - {CALIB_CREATION_TIME: '15:59:51'}
# - __serialized_columns__:
#     efficiency:
#       __class__: astropy.units.quantity.Quantity
#       unit: !astropy.units.Unit {unit: '%'}
#       value: !astropy.table.SerializedColumn {name: efficiency}
#     wavelength:
#       __class__: astropy.units.quantity.Quantity
#       unit: !astropy.units.Unit {unit: nm}
#       value: !astropy.table.SerializedColumn {name: wavelength}
# schema: astropy-2.0
wavelength efficiency
300.0 0.07936095353215933
301.0 0.05004117847420275
302.0 0.020721399050671607
303.0 0.019370840163901448
304.0 0.018020282732322812
305.0 0.013728679914493114
306.0 0.00943707418628037
307.0 0.011230202653678134
308.0 0.013023331121075898
309.0 0.011867841385537758
310.0 0.010712353832786903
311.0 0.00793399813119322
312.0 0.0051556431571953
313.0 0.0038298527215374634
314.0 0.0025040626496775076
315.0 0.0025352979719173163
316.0 0.0025665336579550058
317.0 0.002679348472156562
318.0 0.0027921620130655356
319.0 0.002548117845435627
320.0 0.002304073132108897
321.0 0.0020934807253070176
322.0 0.0018828883185051382
323.0 0.0038813221181044355
324.0 0.005879755190107971
325.0 0.0036589772207662463
326.0 0.0014381990695255809
327.0 0.0016835152564453892
328.0 0.0019288312614662573
329.0 0.0023640059225726873
330.0 0.0027991805836791173
331.0 0.002237396802229341
332.0 0.0016756132026785053
333.0 0.0025965173335862346
334.0 0.0035174212825950235
335.0 0.00350623122358229
336.0 0.0034950400731759146
337.0 0.0027892676371266134
338.0 0.0020834952010773122
339.0 0.0016194091585930437
340.0 0.0011553231161087751
341.0 0.0011671754691633396
342.0 0.0011790275493694935
343.0 0.0013440082511806395
344.0 0.0015089889529917855
345.0 0.0013839657185599208
346.0 0.001258942484128056
347.0 0.0013422317351796664
348.0 0.0014255208043323364
349.0 0.0011152197657793295
350.0 0.0008049186362768523
351.0 0.0013091076652926859
352.0 0.0018132966943085194
353.0 0.0017121075870818458
354.0 0.0016109186617541127
355.0 0.0017090311303036287
356.0 0.001807143235055264
357.0 0.0018267841369379312
358.0 0.0018464250388205983
359.0 0.0013416269212029874
360.0 0.0008368288035853766
361.0 0.0008087779860943556
362.0 0.0007807269867043942
363.0 0.000774105683376547
364.0 0.0007674843800486997
365.0 0.001110447192331776
366.0 0.001453410277463263
367.0 0.0016924617739277892
368.0 0.001931512997543905
369.0 0.0015290315786842257
370.0 0.001126549886976136
371.0 0.0012715785487671383
372.0 0.0014166072105581407
373.0 0.001741429696267005
374.0 0.002066251909127459
375.0 0.003015687434526626
376.0 0.003965122596127912
377.0 0.0040777824324322864
378.0 0.0041904422687366605
379.0 0.003720603126566857
380.0 0.003250763620599173
381.0 0.002411415880487766
382.0 0.0015720677765784785
383.0 0.001305890236835694
384.0 0.0010397126061434392
385.0 0.0008657499165565241
386.0 0.000691787226969609
387.0 0.0007389591701212339
388.0 0.000786131204222329
389.0 0.000724478013580665
390.0 0.000662824822939001
391.0 0.0006641685558861354
392.0 0.0006655121524090646
393.0 0.0007433271548507037
394.0 0.0008211420208681375
395.0 0.0007296506737475283
396.0 0.0006381591902027139
397.0 0.0008054203135543503
398.0 0.0009726813004817814
399.0 0.0010506342732696794
400.0 0.0011285871551081073
401.0 0.0013205562936491333
402.0 0.0015125255231396295
403.0 0.0016847614460857585
404.0 0.0018569971871329471
405.0 0.001857427560025826
406.0 0.0018578577510197647
407.0 0.0016188456356758252
408.0 0.0013798333384329453
409.0 0.0011801418622781057
410.0 0.000980450295173796
411.0 0.0012407405847625341
412.0 0.0015010307834018022
413.0 0.000846037164592417
414.0 0.00019104354578303173
415.0 0.0002949660029116785
416.0 0.0003988884145655902
417.0 0.00020043896711285925
418.0 1.989613274133717e-06
419.0 1.5942352689715666e-10
420.0 1.5942352689715666e-10
421.0 1.5942352689715666e-10
422.0 1.1765977347977241e-05
423.0 0.0006311175638984423
424.0 0.0012504691767389886
425.0 6.463908448495204e-05
426.0 1.5942352689715666e-10
427.0 1.5942352689715666e-10
428.0 0.0005292892637953628
429.0 1.5942352689715666e-10
430.0 1.5942352689715666e-10
431.0 1.5942352689715666e-10
432.0 0.00036975463899580063
433.0 2.9102673693159886e-05
434.0 1.5942352689715666e-10
435.0 4.326371936258511e-05
436.0 0.00039807673601899296
437.0 0.00013450563756123302
438.0 1.5942352689715666e-10
439.0 1.5942352689715666e-10
440.0 1.5942352689715666e-10
441.0 1.5942352689715666e-10
442.0 1.5942352689715666e-10
443.0 1.5942352689715666e-10
444.0 1.5942352689715666e-10
445.0 0.00013378397625274374
446.0 0.000401450188292074
447.0 0.0005791620878881076
448.0 0.0007568740784336114
449.0 0.0003036137286471785
450.0 1.5942352689715666e-10
451.0 5.3975429636921035e-05
452.0 0.000257597753261507
453.0 7.167375883909699e-05
454.0 1.5942352689715666e-10
455.0 0.00025976237338909414
456.0 0.0006337747436191421
457.0 0.00020603147277142853
458.0 1.5942352689715666e-10
459.0 1.5942352689715666e-10
460.0 1.5942352689715666e-10
461.0 0.0001766429249983048
462.0 0.0005773293196398299
463.0 0.0007041788194328547
464.0 0.0008310283192258794
465.0 0.00076869009717484
466.0 0.000706352011548006
467.0 0.0010656945960363373
468.0 0.0014250372259994037
469.0 0.0016110883734654635
470.0 0.0017971395209315233
471.0 0.0020789075279026292
472.0 0.0023606751710758545
473.0 0.0024763867259025574
474.0 0.00259209809883032
475.0 0.0028555174139910378
476.0 0.0031189367291517556
477.0 0.0030735463951714337
478.0 0.0030281558792921714
479.0 0.003479733641142957
480.0 0.003931311584892683
481.0 0.004263149821781553
482.0 0.004594988058670424
483.0 0.004177040318609215
484.0 0.0037590925785480067
485.0 0.0035553548514144495
486.0 0.0033516171242808923
487.0 0.0030277136829681695
488.0 0.0027038102416554466
489.0 0.00242563801293727
490.0 0.0021474657842190936
491.0 0.0018260667275171727
492.0 0.0015046679436636623
493.0 0.0015133823580981698
494.0 0.0015220967725326773
495.0 0.0014798378288105596
496.0 0.0014375785212905612
497.0 0.0017286129150306806
498.0 0.00201964721782133
499.0 0.0022745340174878947
500.0 0.0025294208171544597
501.0 0.0028327795007498935
502.0 0.003136138548143208
503.0 0.0030271772629930638
504.0 0.002918215795943979
505.0 0.0026520358005655
506.0 0.002385855987085961
507.0 0.0022121193978819065
508.0 0.0020383829905767925
509.0 0.001915437496791128
510.0 0.0017924918211065233
511.0 0.0018176368030253798
512.0 0.0018427817849442363
513.0 0.002116363430104684
514.0 0.0023899452571640722
515.0 0.0018817434465745464
516.0 0.0013735415450355504
517.0 0.0014602780538552906
518.0 0.0015470148355234414
519.0 0.0013780504559690598
520.0 0.0012090861673641484
521.0 0.0015612245988450013
522.0 0.0019133631212753244
523.0 0.0018908669517259113
524.0 0.001868370600277558
525.0 0.002057155143120326
526.0 0.0022459396859630942
527.0 0.002217184919572901
528.0 0.002188430335081648
529.0 0.0020903433323837817
530.0 0.001992256147786975
531.0 0.002019759085669648
532.0 0.0020472622054512613
533.0 0.0020066458091605455
534.0 0.00196602959476877
535.0 0.0017270322132389992
536.0 0.0014880349226586986
537.0 0.0020518300516414456
538.0 0.002615625453472603
539.0 0.003025026853720192
540.0 0.003434428435866721
541.0 0.0036562272725859657
542.0 0.0038780257455073297
543.0 0.00430660365964286
544.0 0.004735181573778391
545.0 0.004987626016372815
546.0 0.005240070458967239
547.0 0.00444119141320698
548.0 0.00364231200364884
549.0 0.0029521732358261943
550.0 0.0022620348318014294
551.0 0.002469710489094723
552.0 0.002677386328286957
553.0 0.002929553920694161
554.0 0.0031817216950003058
555.0 0.0037016077840235084
556.0 0.004221493873046711
557.0 0.004080862709088251
558.0 0.00394023118133191
559.0 0.0037522415368584916
560.0 0.0035642515285871923
561.0 0.0037115838495083153
562.0 0.0038589158066315576
563.0 0.003665323674795218
564.0 0.0034717322705546394
565.0 0.00365372106898576
566.0 0.0038357102312147617
567.0 0.004051496944157407
568.0 0.004267284384695813
569.0 0.004897871986031532
570.0 0.005528459223569371
571.0 0.005898191739106551
572.0 0.00626792389084585
573.0 0.0065627144067548215
574.0 0.006857505650259554
575.0 0.00656309857731685
576.0 0.006268692231969908
577.0 0.005952655192231759
578.0 0.00563661778869573
579.0 0.005969647463643923
580.0 0.006302676774794236
581.0 0.007115703192539513
582.0 0.00792872961028479
583.0 0.008679884922457859
584.0 0.009431040962226689
585.0 0.009587979729985818
586.0 0.009744919225340709
587.0 0.010228109749732539
588.0 0.010711300274124369
589.0 0.01077586057363078
590.0 0.010840423055924475
591.0 0.010077069600811228
592.0 0.009313716145697981
593.0 0.007873590220697224
594.0 0.006433462840504944
595.0 0.0059306079492671415
596.0 0.005427753058029339
597.0 0.005898168092244305
598.0 0.006368582398863509
599.0 0.007345339690800756
600.0 0.008322097710333765
601.0 0.009283999679610133
602.0 0.010245900193694979
603.0 0.010552261664997786
604.0 0.010858625319087878
605.0 0.010897206084337085
606.0 0.010935786121990532
607.0 0.009635897004045546
608.0 0.008336008613696322
609.0 0.006714500341331586
610.0 0.005092992432764731
611.0 0.00424681456934195
612.0 0.003400636342121288
613.0 0.0036584064218914136
614.0 0.003916176501661539
615.0 0.004678311961470172
616.0 0.005440447057480924
617.0 0.006850882346043363
618.0 0.008261314360424876
619.0 0.009352732740808278
620.0 0.01044415112119168
621.0 0.011104850273113698
622.0 0.011765548697439954
623.0 0.012024104944430292
624.0 0.012282657553441823
625.0 0.010721565195126459
626.0 0.009160472109215334
627.0 0.007509736315114424
628.0 0.005859001248609275
629.0 0.004692418588092551
630.0 0.0035258359275758266
631.0 0.002953978764708154
632.0 0.0023821217837394215
633.0 0.002630361632327549
634.0 0.002878601480915677
635.0 0.0031024137570057064
636.0 0.0033262262149946764
637.0 0.003750894029508345
638.0 0.004175562571617775
639.0 0.004497352711041458
640.0 0.0048191424866672605
641.0 0.005171901284484193
642.0 0.005524659718503244
643.0 0.0057249661040259525
644.0 0.005925272489548661
645.0 0.005369240898289718
646.0 0.004813208943232894
647.0 0.003954922067350708
648.0 0.0030966355552664027
649.0 0.002446975850034505
650.0 0.0017973159629036672
651.0 0.0017384747479809448
652.0 0.0016796335330582224
653.0 0.0015291920135496184
654.0 0.0013787505849904846
655.0 0.0013378814401221462
656.0 0.0012970122043043375
657.0 0.0013396124813880306
658.0 0.0013822130313201342
659.0 0.0016592395695624873
660.0 0.0019362661987543106
661.0 0.0019084880477748811
662.0 0.0018807102605933324
663.0 0.00199066344066523
664.0 0.0021006169845350087
665.0 0.0027377573132980615
666.0 0.0033748976420611143
667.0 0.00413674242736306
668.0 0.004898586485069245
669.0 0.005391598824644461
670.0 0.005884610072826035
671.0 0.0066188040364068
672.0 0.007352996908593923
673.0 0.00754395077819936
674.0 0.007734904647804797
675.0 0.007713404920650646
676.0 0.0076919051934964955
677.0 0.006148617103463039
678.0 0.004605327558238059
679.0 0.0030802355468040332
680.0 0.0015551426258753054
681.0 0.0010631101758917794
682.0 0.000571078044231399
683.0 0.0005800211056339322
684.0 0.0005889641670364654
685.0 0.00044121038627054077
686.0 0.0002934564690804109
687.0 0.0002943789922937867
688.0 0.00029530151550716255
689.0 0.00027163071081304224
690.0 0.000247959951593657
691.0 0.00018798154997057281
692.0 0.00012800308013538597
693.0 0.0002018065288211801
694.0 0.0002756100457190769
695.0 0.00025654012461018283
696.0 0.00023747029445075896
697.0 0.00027712662813428324
698.0 0.00031678303002991015
699.0 0.00012074829101038631
700.0 1.5942352689715666e-10
701.0 1.5942352689715666e-10
702.0 6.380435024766484e-05
703.0 3.62594505531888e-06
704.0 1.5942352689715666e-10
705.0 7.210226158349542e-05
706.0 0.00020075688098586397
707.0 0.0002644235337356804
708.0 0.00032809016374812927
709.0 0.0005663981028192211
710.0 0.0008047061783145182
711.0 0.0006133894203230739
712.0 0.00042207266233162954
713.0 0.00023053298718878068
714.0 3.8993300677248044e-05
715.0 0.00013082370742267813
716.0 0.00022265401184995426
717.0 8.465789846923144e-05
718.0 1.5942352689715666e-10
719.0 0.00034660006349440664
720.0 0.0007465384442184586
721.0 0.0007665227713005152
722.0 0.0007865072802815121
723.0 0.0006634677447436843
724.0 0.0005404283001553267
725.0 0.0001391558384966629
726.0 1.5942352689715666e-10
727.0 1.1775760100363186e-05
728.0 0.0002856680566765135
729.0 0.0002644122105266433
730.0 0.00024315636437677313
731.0 0.0003030561629202566
732.0 0.0003629560751505778
733.0 0.0003189876679243753
734.0 0.00027501937438501045
735.0 0.00033786429867177503
736.0 0.0004007093139080098
737.0 0.00025764552447071765
738.0 0.00011458187145763077
739.0 0.00022872939098306233
740.0 0.0003428768650337588
741.0 0.0005294180027703987
742.0 0.0007159592314565089
743.0 0.0005294980837788898
744.0 0.00034303689062653575
745.0 0.00040500476643501315
746.0 0.00046697268771822564
747.0 0.0003456362946963054
748.0 0.0002242998561996501
749.0 0.00021570915578195127
750.0 0.00020711850083898753
751.0 0.00048330225581594277
752.0 0.0007594859198434278
753.0 0.0006067506092222175
754.0 0.0004540151621768018
755.0 0.0002364110969210742
756.0 1.880696061107301e-05
757.0 0.00013404679748418857
758.0 0.0002492865178282955
759.0 0.0004998942131351214
760.0 0.0007505018402298447
761.0 0.0006257517725316575
762.0 0.0005010017503082054
763.0 0.0005408169272413943
764.0 0.0005806320586998481
765.0 0.00048605365918774623
766.0 0.00039147521420090925
767.0 0.0003521433200148749
768.0 0.00031281151677831076
769.0 0.00024805476641631685
770.0 0.00018329795921090408
771.0 0.0003445856918915524
772.0 0.0005058733677287819
773.0 0.00044170551518618595
774.0 0.00037753766264359
775.0 0.0004907932634523604
776.0 0.0006040489097358659
777.0 0.0004992355115973623
778.0 0.00039442224988306407
779.0 0.0006697060143778799
780.0 0.0009449898243474308
781.0 0.0007771386663080193
782.0 0.000609287644692813
783.0 0.0007606931831105612
784.0 0.0009120986760535743
785.0 0.0008616244485892821
786.0 0.0008111502211249899
787.0 0.0003461241021796013
788.0 1.5942352689715666e-10
789.0 0.0001028951260195754
790.0 0.0003246922915423056
791.0 0.0005429658358480083
792.0 0.0007612392892042408
793.0 0.0007139784884202527
794.0 0.0006667176421615295
795.0 0.000793946128396783
796.0 0.0009211744327330962
797.0 0.0009182847861666232
798.0 0.0009153951396001503
799.0 0.0006391219358192757
800.0 0.0003628487547757686
801.0 0.0003785304443226778
802.0 0.00039421211113221943
803.0 0.0006527220648422372
804.0 0.0009112320185522549
805.0 0.0008969873306341469
806.0 0.0008827424608170986
807.0 0.0007294353963516187
808.0 0.0005761281045124633
809.0 0.0005071385203336831
810.0 0.00043814879973069765
811.0 0.0006797859896323644
812.0 0.0009214230885845609
813.0 0.0009438921551918611
814.0 0.0009663613127486315
815.0 0.0007587736035929993
816.0 0.000551185848962632
817.0 0.0007028766503935913
818.0 0.0008545675882487558
819.0 0.0009529979251965415
820.0 0.001051428171194857
821.0 0.0007803578228049446
822.0 0.0005092875198897673
823.0 0.0005391363629314583
824.0 0.0005689852059731493
825.0 0.0006426510026358301
826.0 0.0007163167083490407
827.0 0.0008739379154576454
828.0 0.0010315589861420449
829.0 0.0007086642199283233
830.0 0.0003857694537146017
831.0 0.0003958545221394161
832.0 0.0004059398179379059
833.0 0.0005168099960428663
834.0 0.0006276801286730915
835.0 0.0005856307780049974
836.0 0.0005435811544884928
837.0 0.00029671207357750973
838.0 4.984296992915915e-05
839.0 0.00024432015379716177
840.0 0.000438797405877267
841.0 0.0007653516149730422
842.0 0.0010919057785940822
843.0 0.000927062956179725
844.0 0.0007622200428158976
845.0 0.0009193006917485036
846.0 0.0010763812497316394
847.0 0.0010145774467673618
848.0 0.0009527737347525544
849.0 0.0006734995622537099
850.0 0.00039422520785592496
851.0 0.000767697929404676
852.0 0.0011411704690544866
853.0 0.0010299634595867246
854.0 0.0009187564501189627
855.0 0.0008129402885970194
856.0 0.0007071242180245463
857.0 0.000896532856131671
858.0 0.0010859415851882659
859.0 0.0008866953066899441
860.0 0.0006874490736663574
861.0 0.0012210618479002733
862.0 0.0017546746676089242
863.0 0.0017414176909369417
864.0 0.001728160714264959
865.0 0.0019723251170944422
866.0 0.0022164895199239254
867.0 0.0025877785446937196
868.0 0.0029590673875645734
869.0 0.002890624637075234
870.0 0.002822181886585895
871.0 0.0031950319680618122
872.0 0.0035678815038409084
873.0 0.0028124739401391707
874.0 0.002057066376437433
875.0 0.0019093080481979996
