lsstCam/transmission_filter_detector/r23_s22/y_10/19700101T000000.ecsv
# %ECSV 1.0
# ---
# datatype:
# - {name: wavelength, unit: nm, datatype: float32}
# - {name: efficiency, unit: '%', datatype: float64}
# meta: !!omap
# - {MODE: DETECTOR}
# - {TYPE: transmission_filter_detector}
# - {CALIBDATE: '1970-01-01T00:00:00'}
# - {INSTRUME: LSSTCam}
# - {OBSTYPE: transmission_filter_detector}
# - {CALIBCLS: lsst.ip.isr.IntermediateFilterDetectorTransmissionCurve}
# - {SOURCE: Materion (DM-46256)}
# - {DETECTOR: 107}
# - {FILTER: y_10}
# - {CALIB_ID: 'calibDate=1970-01-01T00:00:00 filter=y_10 detector=107'}
# - {DATE: '2025-04-02T15:59:51.239033'}
# - {CALIB_CREATION_DATE: '2025-04-02'}
# - {CALIB_CREATION_TIME: '15:59:51'}
# - __serialized_columns__:
#     efficiency:
#       __class__: astropy.units.quantity.Quantity
#       unit: !astropy.units.Unit {unit: '%'}
#       value: !astropy.table.SerializedColumn {name: efficiency}
#     wavelength:
#       __class__: astropy.units.quantity.Quantity
#       unit: !astropy.units.Unit {unit: nm}
#       value: !astropy.table.SerializedColumn {name: wavelength}
# schema: astropy-2.0
wavelength efficiency
[from data line 577]
877.0 0.0018186488887295127
878.0 0.0018757480575004593
879.0 0.001771063034539111
880.0 0.07234421791508794
881.0 0.09167643147520721
882.0 0.06684986874461174
883.0 0.09730218444019556
884.0 0.07042602519504726
885.0 0.09944523917511106
886.0 0.06777468952350318
887.0 0.107821065466851
888.0 0.07109285215847194
889.0 0.10401579784229398
890.0 0.07661129930056632
891.0 0.09321162942796946
892.0 0.08336004102602601
893.0 0.10747916530817747
894.0 0.07289984496310353
895.0 0.10026298696175218
896.0 0.07556561031378806
897.0 0.12427122564986348
898.0 0.09247480775229633
899.0 0.12903737369924784
900.0 0.11587691260501742
901.0 0.1318864873610437
902.0 0.1631682040169835
903.0 0.19699104595929384
904.0 0.2110351575538516
905.0 0.26666494086384773
906.0 0.3290430177003145
907.0 0.41579268872737885
908.0 0.5793880671262741
909.0 0.7640053518116474
910.0 1.097289752215147
911.0 1.568756066262722
912.0 2.3068541660904884
913.0 3.4192178398370743
914.0 4.737137258052826
915.0 6.616419553756714
916.0 8.873385936021805
917.0 11.344727128744125
918.0 14.108625054359436
919.0 16.72113984823227
920.0 20.246095955371857
921.0 23.89223277568817
922.0 27.591341733932495
923.0 32.02347755432129
924.0 36.820146441459656
925.0 42.1301931142807
926.0 48.47638010978699
927.0 55.281442403793335
928.0 61.227017641067505
929.0 67.65058636665344
930.0 73.22068214416504
931.0 78.69331240653992
932.0 83.6268663406372
933.0 87.80372738838196
934.0 90.76935648918152
935.0 92.91168451309204
936.0 94.46653723716736
937.0 95.59822678565979
938.0 96.27472162246704
939.0 96.57883644104004
940.0 96.91334366798401
941.0 97.03298211097717
942.0 97.24336266517639
943.0 97.34328985214233
944.0 97.56539463996887
945.0 97.50649333000183
946.0 97.51843214035034
947.0 97.52943515777588
948.0 97.66587018966675
949.0 97.5333034992218
950.0 97.72550463676453
951.0 97.79337048530579
952.0 97.83710241317749
953.0 98.04763197898865
954.0 98.14620614051819
955.0 98.21305871009827
956.0 98.37621450424194
957.0 98.56487512588501
958.0 98.70786666870117
959.0 98.76575469970703
960.0 98.85246157646179
961.0 98.91204237937927
962.0 98.94265532493591
963.0 98.99000525474548
964.0 99.02459979057312
965.0 98.97997975349426
966.0 99.05298352241516
967.0 99.16113615036011
968.0 99.12245869636536
969.0 99.12270903587341
970.0 99.16866421699524
971.0 99.216228723526
972.0 99.26801323890686
973.0 99.36936497688293
974.0 99.36026334762573
975.0 99.32913184165955
976.0 99.36803579330444
977.0 99.35269951820374
978.0 99.41295385360718
979.0 99.350106716156
980.0 99.31467175483704
981.0 99.24066662788391
982.0 99.1731345653534
983.0 99.20834302902222
984.0 99.1210401058197
985.0 99.17524456977844
986.0 99.04613494873047
987.0 99.08206462860107
988.0 98.99373650550842
989.0 99.02493953704834
990.0 98.97714257240295
991.0 99.01827573776245
992.0 99.08362627029419
993.0 99.03109073638916
994.0 99.00723695755005
995.0 99.07360672950745
996.0 99.0448534488678
997.0 99.18640851974487
998.0 99.2102861404419
999.0 99.21664595603943
1000.0 99.27496910095215
1001.0 99.22358989715576
1002.0 99.35493469238281
1003.0 99.3757426738739
1004.0 99.44118857383728
1005.0 99.3565320968628
1006.0 99.46117401123047
1007.0 99.45616722106934
1008.0 99.41378831863403
1009.0 99.3542492389679
1010.0 99.37567710876465
1011.0 99.40662980079651
1012.0 99.29022789001465
1013.0 99.26899075508118
1014.0 99.26295280456543
1015.0 99.24355149269104
1016.0 99.2050290107727
1017.0 99.26956295967102
1018.0 99.2691695690155
1019.0 99.23926591873169
1020.0 99.294912815094
1021.0 99.42649006843567
1022.0 99.33308362960815
1023.0 99.33850765228271
1024.0 99.32597279548645
1025.0 99.31785464286804
1026.0 99.40261244773865
1027.0 99.46799874305725
1028.0 99.4104266166687
1029.0 99.5037317276001
1030.0 99.56045150756836
1031.0 99.48698878288269
1032.0 99.56691265106201
1033.0 99.49004650115967
1034.0 99.49221014976501
1035.0 99.61217641830444
1036.0 99.5060920715332
1037.0 99.45544004440308
1038.0 99.46929216384888
1039.0 99.41130876541138
1040.0 99.33698177337646
1041.0 99.41879510879517
1042.0 99.38308596611023
1043.0 99.31588768959045
1044.0 99.3814766407013
1045.0 99.11084175109863
1046.0 99.29125308990479
1047.0 99.21887516975403
1048.0 99.31058883666992
1049.0 99.2327094078064
1050.0 99.20032024383545
1051.0 99.21988844871521
1052.0 99.1822898387909
1053.0 99.04059171676636
1054.0 99.36326146125793
1055.0 99.4222640991211
1056.0 99.3193507194519
1057.0 99.31544661521912
1058.0 99.1284191608429
1059.0 99.15300011634827
1060.0 99.1702139377594
1061.0 99.21846389770508
1062.0 99.24500584602356
1063.0 99.17510151863098
1064.0 99.33860898017883
1065.0 99.25242066383362
1066.0 99.22851324081421
1067.0 99.34715628623962
1068.0 99.24459457397461
1069.0 99.04594421386719
1070.0 99.31625127792358
1071.0 99.19227361679077
1072.0 99.2546796798706
1073.0 99.33571219444275
1074.0 99.06226992607117
1075.0 98.96594285964966
1076.0 98.82611036300659
1077.0 99.23220872879028
1078.0 99.270761013031
1079.0 98.88869524002075
1080.0 99.63175058364868
1081.0 98.89671206474304
1082.0 99.0107536315918
1083.0 98.88739585876465
1084.0 99.2178738117218
1085.0 99.10449981689453
1086.0 99.02268052101135
1087.0 99.01291728019714
1088.0 98.81442189216614
1089.0 98.65871667861938
1090.0 98.84597063064575
1091.0 98.96590113639832
1092.0 98.91806244850159
1093.0 98.7656831741333
1094.0 98.56457710266113
1095.0 98.6437737941742
1096.0 98.71552586555481
1097.0 98.24243187904358
1098.0 97.96532988548279
1099.0 98.83653521537781
1100.0 98.41115474700928
