lsstCam/transmission_filter_detector/r02_s02/y_10/19700101T000000.ecsv
# %ECSV 1.0
# ---
# datatype:
# - {name: wavelength, unit: nm, datatype: float32}
# - {name: efficiency, unit: '%', datatype: float64}
# meta: !!omap
# - {MODE: DETECTOR}
# - {TYPE: transmission_filter_detector}
# - {CALIBDATE: '1970-01-01T00:00:00'}
# - {INSTRUME: LSSTCam}
# - {OBSTYPE: transmission_filter_detector}
# - {CALIBCLS: lsst.ip.isr.IntermediateFilterDetectorTransmissionCurve}
# - {SOURCE: Materion (DM-46256)}
# - {DETECTOR: 11}
# - {FILTER: y_10}
# - {CALIB_ID: 'calibDate=1970-01-01T00:00:00 filter=y_10 detector=11'}
# - {DATE: '2025-04-02T15:59:50.791814'}
# - {CALIB_CREATION_DATE: '2025-04-02'}
# - {CALIB_CREATION_TIME: '15:59:50'}
# - __serialized_columns__:
#     efficiency:
#       __class__: astropy.units.quantity.Quantity
#       unit: !astropy.units.Unit {unit: '%'}
#       value: !astropy.table.SerializedColumn {name: efficiency}
#     wavelength:
#       __class__: astropy.units.quantity.Quantity
#       unit: !astropy.units.Unit {unit: nm}
#       value: !astropy.table.SerializedColumn {name: wavelength}
# schema: astropy-2.0
wavelength efficiency
[from data line 575]
875.0 0.0023873142708907835
876.0 0.003259243385400623
877.0 0.002106242573063355
878.0 0.0009532421245239675
879.0 0.0017286278307437897
880.0 0.05981439026072621
881.0 0.09523575427010655
882.0 0.05769882118329406
883.0 0.09134288993664086
884.0 0.06270296289585531
885.0 0.08905684226192534
886.0 0.06497821887023747
887.0 0.10317702544853091
888.0 0.06013516103848815
889.0 0.09592607384547591
890.0 0.06327389273792505
891.0 0.09850768838077784
892.0 0.06415051757358015
893.0 0.08460288518108428
894.0 0.06609994452446699
895.0 0.10043546790257096
896.0 0.0723977223969996
897.0 0.09916508570313454
898.0 0.07146665011532605
899.0 0.11443529510870576
900.0 0.08029350428842008
901.0 0.1048992620781064
902.0 0.12179913464933634
903.0 0.1314528752118349
904.0 0.13908352702856064
905.0 0.13421211624518037
906.0 0.17798973713070154
907.0 0.21320900414139032
908.0 0.2768365666270256
909.0 0.3419498447328806
910.0 0.45567569322884083
911.0 0.6111122202128172
912.0 0.8671671152114868
913.0 1.2712047435343266
914.0 1.8079286441206932
915.0 2.6758503168821335
916.0 3.8278087973594666
917.0 5.246154963970184
918.0 7.0522695779800415
919.0 8.930430561304092
920.0 11.68423518538475
921.0 14.618128538131714
922.0 17.563137412071228
923.0 20.8367258310318
924.0 24.31953102350235
925.0 28.165996074676514
926.0 32.98753201961517
927.0 38.50274384021759
928.0 43.7341183423996
929.0 49.671921133995056
930.0 55.390357971191406
931.0 61.501312255859375
932.0 67.75820851325989
933.0 73.67546558380127
934.0 78.64242792129517
935.0 82.69591331481934
936.0 86.25337481498718
937.0 89.10099267959595
938.0 91.33191704750061
939.0 92.844557762146
940.0 93.87230277061462
941.0 94.54361200332642
942.0 95.09428143501282
943.0 95.5068826675415
944.0 95.95664143562317
945.0 96.15081548690796
946.0 96.43660187721252
947.0 96.62021994590759
948.0 96.85946106910706
949.0 96.8705415725708
950.0 96.96781039237976
951.0 97.02279567718506
952.0 96.96786999702454
953.0 97.09928631782532
954.0 97.07229137420654
955.0 97.07915186882019
956.0 97.30057120323181
957.0 97.43118286132812
958.0 97.60116934776306
959.0 97.7546215057373
960.0 97.93028831481934
961.0 98.0547845363617
962.0 98.19544553756714
963.0 98.27531576156616
964.0 98.45219254493713
965.0 98.48488569259644
966.0 98.60931038856506
967.0 98.7113356590271
968.0 98.70458841323853
969.0 98.68128299713135
970.0 98.76840710639954
971.0 98.78928661346436
972.0 98.8186776638031
973.0 98.91246557235718
974.0 98.89453649520874
975.0 98.92773628234863
976.0 98.94050359725952
977.0 98.9310622215271
978.0 98.99490475654602
979.0 98.9639163017273
980.0 98.98160696029663
981.0 98.8982617855072
982.0 98.87768626213074
983.0 98.94500374794006
984.0 98.8787591457367
985.0 98.8801896572113
986.0 98.7733006477356
987.0 98.79934191703796
988.0 98.66490364074707
989.0 98.67063164710999
990.0 98.57444167137146
991.0 98.57444167137146
992.0 98.59955310821533
993.0 98.52402210235596
994.0 98.47166538238525
995.0 98.5443115234375
996.0 98.48896861076355
997.0 98.61804842948914
998.0 98.57189655303955
999.0 98.6727774143219
1000.0 98.67724180221558
1001.0 98.66162538528442
1002.0 98.79409074783325
1003.0 98.83531928062439
1004.0 98.90828728675842
1005.0 98.91591668128967
1006.0 99.05319213867188
1007.0 99.0303635597229
1008.0 99.02355670928955
1009.0 98.97797703742981
1010.0 99.05848503112793
1011.0 99.03203248977661
1012.0 99.00434613227844
1013.0 99.02803301811218
1014.0 98.9999532699585
1015.0 98.90799522399902
1016.0 98.91826510429382
1017.0 98.93038272857666
1018.0 98.94843101501465
1019.0 98.83586764335632
1020.0 98.90709519386292
1021.0 98.957759141922
1022.0 98.82407784461975
1023.0 98.87080192565918
1024.0 98.84212017059326
1025.0 98.82168769836426
1026.0 98.86804819107056
1027.0 98.98437857627869
1028.0 98.89501333236694
1029.0 99.02293086051941
1030.0 98.99725317955017
1031.0 98.9866316318512
1032.0 99.02690052986145
1033.0 99.00604486465454
1034.0 98.99426102638245
1035.0 99.0937888622284
1036.0 98.97318482398987
1037.0 99.01328086853027
1038.0 99.01541471481323
1039.0 98.91251921653748
1040.0 98.87909293174744
1041.0 98.95989298820496
1042.0 98.9166796207428
1043.0 98.82609248161316
1044.0 98.94056916236877
1045.0 98.5996663570404
1046.0 98.79116415977478
1047.0 98.73979091644287
1048.0 98.64740371704102
1049.0 98.65524172782898
1050.0 98.61670136451721
1051.0 98.60228896141052
1052.0 98.55026006698608
1053.0 98.48209023475647
1054.0 98.70274662971497
1055.0 98.83086681365967
1056.0 98.65069389343262
1057.0 98.6776053905487
1058.0 98.5260546207428
1059.0 98.64946603775024
1060.0 98.78634810447693
1061.0 98.67804646492004
1062.0 98.7339437007904
1063.0 98.66430759429932
1064.0 98.9922285079956
1065.0 98.7980842590332
1066.0 98.85561466217041
1067.0 98.86485934257507
1068.0 98.89900088310242
1069.0 98.72971773147583
1070.0 99.05096292495728
1071.0 98.91079664230347
1072.0 98.8991379737854
1073.0 98.90923500061035
1074.0 98.66380095481873
1075.0 98.74104261398315
1076.0 98.51978421211243
1077.0 98.79751205444336
1078.0 98.97321462631226
1079.0 98.45376014709473
1080.0 99.26685690879822
1081.0 98.4721839427948
1082.0 98.53405356407166
1083.0 98.50816130638123
1084.0 98.92150163650513
1085.0 98.88386130332947
1086.0 98.70817065238953
1087.0 98.62639904022217
1088.0 98.7284004688263
1089.0 98.29545021057129
1090.0 98.45319986343384
1091.0 98.566335439682
1092.0 98.64773154258728
1093.0 98.70232343673706
1094.0 98.2735276222229
1095.0 98.37077856063843
1096.0 98.77781867980957
1097.0 98.27170372009277
1098.0 97.490394115448
1099.0 98.49666357040405
1100.0 98.01807403564453
