lsstCam/transmission_filter_detector/r02_s02/y_10/19700101T000000.ecsv
# %ECSV 1.0
# ---
# datatype:
# - {name: wavelength, unit: nm, datatype: float32}
# - {name: efficiency, unit: '%', datatype: float64}
# meta: !!omap
# - {MODE: DETECTOR}
# - {TYPE: transmission_filter_detector}
# - {CALIBDATE: '1970-01-01T00:00:00'}
# - {INSTRUME: LSSTCam}
# - {OBSTYPE: transmission_filter_detector}
# - {CALIBCLS: lsst.ip.isr.IntermediateFilterDetectorTransmissionCurve}
# - {SOURCE: Materion (DM-46256)}
# - {DETECTOR: 11}
# - {FILTER: y_10}
# - {CALIB_ID: 'calibDate=1970-01-01T00:00:00 filter=y_10 detector=11'}
# - {DATE: '2025-04-02T15:59:50.791814'}
# - {CALIB_CREATION_DATE: '2025-04-02'}
# - {CALIB_CREATION_TIME: '15:59:50'}
# - __serialized_columns__:
#     efficiency:
#       __class__: astropy.units.quantity.Quantity
#       unit: !astropy.units.Unit {unit: '%'}
#       value: !astropy.table.SerializedColumn {name: efficiency}
#     wavelength:
#       __class__: astropy.units.quantity.Quantity
#       unit: !astropy.units.Unit {unit: nm}
#       value: !astropy.table.SerializedColumn {name: wavelength}
# schema: astropy-2.0
wavelength efficiency
300.0 0.529332784935832
301.0 0.28830687515437603
302.0 0.047280959552153945
303.0 0.03763202403206378
304.0 0.027983091422356665
305.0 0.019061675993725657
306.0 0.010140259109903127
307.0 0.01717720297165215
308.0 0.024214146833401173
309.0 0.018124468624591827
310.0 0.012034787505399436
311.0 0.009904563921736553
312.0 0.007774338155286387
313.0 0.007541357626905665
314.0 0.00730837564333342
315.0 0.006458983989432454
316.0 0.005609594518318772
317.0 0.005745367525378242
318.0 0.005881135439267382
319.0 0.0035336957807885483
320.0 0.001186254758067662
321.0 0.0025074263248825446
322.0 0.003828598346444778
323.0 0.003034710061911028
324.0 0.002240821959276218
325.0 0.001175574834633153
326.0 0.00011032773272745544
327.0 0.0011295605872874148
328.0 0.002148793646483682
329.0 0.0038557711377507076
330.0 0.005562748265219852
331.0 0.004988554428564385
332.0 0.004414360228111036
333.0 0.0032343814382329583
334.0 0.0020544021026580594
335.0 0.0020771542040165514
336.0 0.0020999068510718644
337.0 0.002722763383644633
338.0 0.003345619552419521
339.0 0.0016264657460851595
340.0 1.7054660635118513e-10
341.0 1.7054660635118513e-10
342.0 1.7054660635118513e-10
343.0 0.00025550041300448356
344.0 0.0009649825187807437
345.0 0.0011824732609966304
346.0 0.0013999647308082785
347.0 0.0015861212887102738
348.0 0.0017722773918649182
349.0 0.0015063983482832555
350.0 0.001240518940903712
351.0 0.001487428198743146
352.0 0.0017343369108857587
353.0 0.0013634357856062707
354.0 0.0009925344784278423
355.0 0.0009064075129572302
356.0 0.000820280456537148
357.0 0.0006836909506091615
358.0 0.0005471012627822347
359.0 0.0006522154308186145
360.0 0.0007573296443297295
361.0 0.001123478705267189
362.0 0.0014896275388309732
363.0 0.0011472276128188241
364.0 0.0008048274139582645
365.0 0.001101173802453559
366.0 0.0013975207366456743
367.0 0.0019597991922637448
368.0 0.002522077556932345
369.0 0.0022432701371144503
370.0 0.001964462899195496
371.0 0.001927428638737183
372.0 0.0018903940144809894
373.0 0.0022957152395974845
374.0 0.002701036282815039
375.0 0.003453060708125122
376.0 0.004205085133435205
377.0 0.004086377884959802
378.0 0.003967670272686519
379.0 0.0034532200515968725
380.0 0.0029387700124061666
381.0 0.002074662006634753
382.0 0.0012105539099138696
383.0 0.0011579838428588118
384.0 0.0011054134120058734
385.0 0.0008783665180089884
386.0 0.0006513195785373682
387.0 0.000707947401679121
388.0 0.000764575361245079
389.0 0.000587915428695851
390.0 0.0004112556325708283
391.0 0.00039409824239555746
392.0 0.00037694092043238925
393.0 0.0005917091129958862
394.0 0.0008064775101956911
395.0 0.0007514117896789685
396.0 0.000696346160111716
397.0 0.0008569907549826894
398.0 0.0010176352589041926
399.0 0.0012945535672770347
400.0 0.0015714720575488172
401.0 0.0016939253328018822
402.0 0.0018163789718528278
403.0 0.0017981990822590888
404.0 0.0017800191926653497
405.0 0.0017524838767712936
406.0 0.0017249491065740585
407.0 0.0014724723769177217
408.0 0.0012199959201097954
409.0 0.0009447934644413181
410.0 0.00066959064497496
411.0 0.00028264626052987296
412.0 1.7054660635118513e-10
413.0 0.0007892370376794133
414.0 0.0016827721992740408
415.0 0.0022229014575714245
416.0 0.002763031079666689
417.0 0.001286629594687838
418.0 1.7054660635118513e-10
419.0 1.7054660635118513e-10
420.0 1.7054660635118513e-10
421.0 1.7054660635118513e-10
422.0 0.0007120168902474688
423.0 0.00045829833652533125
424.0 0.00020457937353057787
425.0 1.7054660635118513e-10
426.0 1.7054660635118513e-10
427.0 1.7054660635118513e-10
428.0 0.0003320353926028474
429.0 0.00019079047888226341
430.0 4.9545593583388836e-05
431.0 0.0005230715032666922
432.0 0.0009965976460080128
433.0 0.0007674926564504858
434.0 0.000538388258064515
435.0 0.00025937404188880464
436.0 1.7054660635118513e-10
437.0 1.7054660635118513e-10
438.0 1.7054660635118513e-10
439.0 1.7054660635118513e-10
440.0 1.7054660635118513e-10
441.0 1.7054660635118513e-10
442.0 1.7054660635118513e-10
443.0 1.7054660635118513e-10
444.0 1.7054660635118513e-10
445.0 0.00010496474942556233
446.0 0.0003596778469727724
447.0 0.0006321934051811695
448.0 0.0009047089406521991
449.0 0.0008216702553909272
450.0 0.000738631388230715
451.0 0.00023217862690216862
452.0 1.7054660635118513e-10
453.0 1.7054660635118513e-10
454.0 1.7054660635118513e-10
455.0 1.7054660635118513e-10
456.0 8.316042681144609e-05
457.0 0.00014549556226484128
458.0 0.00020783074887731345
459.0 0.00031750234938954236
460.0 0.000427174063588609
461.0 0.0003417100742808543
462.0 0.00025624608497309964
463.0 0.000366036920240731
464.0 0.0004758278009830974
465.0 0.0005054302619100781
466.0 0.0005350328592612641
467.0 0.0010240879419143312
468.0 0.0015131427062442526
469.0 0.0015436029570992105
470.0 0.001574062480358407
471.0 0.001559127304062713
472.0 0.0015441917639691383
473.0 0.002231628241133876
474.0 0.002919064718298614
475.0 0.0028627682695514522
476.0 0.002806472002703231
477.0 0.0031935142033034936
478.0 0.0035805565858026966
479.0 0.0039881702832644805
480.0 0.004395783616928384
481.0 0.00445315454271622
482.0 0.004510525104706176
483.0 0.0038392769056372344
484.0 0.0031680283427704126
485.0 0.003349854887346737
486.0 0.0035316807043273
487.0 0.0030093773602857254
488.0 0.0024870734705473296
489.0 0.0021097193894092925
490.0 0.0017323658539680764
491.0 0.0016868001694092527
492.0 0.0016412341210525483
493.0 0.001307018828811124
494.0 0.0009728036275191698
495.0 0.001115308805310633
496.0 0.0012578140740515664
497.0 0.0017818190826801583
498.0 0.002305824455106631
499.0 0.0021754252884420566
500.0 0.0020450261217774823
501.0 0.002129741187673062
502.0 0.0022144560716697015
503.0 0.0025499135517748073
504.0 0.002885371031879913
505.0 0.003269981243647635
506.0 0.003654592001112178
507.0 0.0025711633497849107
508.0 0.0014877341527608223
509.0 0.0017660606317804195
510.0 0.0020443871108000167
511.0 0.002056395896943286
512.0 0.002068404864985496
513.0 0.0019278491890872829
514.0 0.0017872936950880103
515.0 0.0015681596778449602
516.0 0.0013490257515513804
517.0 0.0014473859664576594
518.0 0.0015457459085155278
519.0 0.0015350919056800194
520.0 0.00152443744809716
521.0 0.0016067569958977401
522.0 0.0016890760889509693
523.0 0.0015466877812286839
524.0 0.0014042995644558687
525.0 0.0019532553778844886
526.0 0.0025022118279593997
527.0 0.002301847780472599
528.0 0.002101484096783679
529.0 0.0024257269615191035
530.0 0.0027499694624566473
531.0 0.0025701028789626434
532.0 0.002390235931670759
533.0 0.0025030372853507288
534.0 0.0026158380933338776
535.0 0.0021443416699185036
536.0 0.001672844882705249
537.0 0.0021790479877381586
538.0 0.0026852507289731875
539.0 0.0032479838409926742
540.0 0.0038107165892142802
541.0 0.004023086512461305
542.0 0.004235456435708329
543.0 0.0043608273699646816
544.0 0.004486197940423153
545.0 0.0046339817345142365
546.0 0.0047817655286053196
547.0 0.003966057556681335
548.0 0.003150349948555231
549.0 0.0029595183150377125
550.0 0.0027686864996212535
551.0 0.002675342147995252
552.0 0.00258199743257137
553.0 0.0031648774893255904
554.0 0.0037477570003829896
555.0 0.003644910248112865
556.0 0.00354206349584274
557.0 0.003513520277920179
558.0 0.003484977059997618
559.0 0.003360333721502684
560.0 0.0032356896554119885
561.0 0.0034379925637040287
562.0 0.0036402947444003075
563.0 0.0033872387575684115
564.0 0.0031341827707365155
565.0 0.003680470763356425
566.0 0.004226759119774215
567.0 0.0044051106669940054
568.0 0.004583462214213796
569.0 0.005294659786159173
570.0 0.006005857358104549
571.0 0.006434624083340168
572.0 0.006863390444777906
573.0 0.006885116454213858
574.0 0.006906842463649809
575.0 0.006712336471537128
576.0 0.006517830479424447
577.0 0.005718960164813325
578.0 0.004920089850202203
579.0 0.0056260436394950375
580.0 0.006331997428787872
581.0 0.006847740587545559
582.0 0.007363483018707484
583.0 0.008478055679006502
584.0 0.009592624701326713
585.0 0.010212247434537858
586.0 0.01083186871255748
587.0 0.010689727787394077
588.0 0.010547583951847628
589.0 0.010469173139426857
590.0 0.010390765964984894
591.0 0.009743889677338302
592.0 0.00909701338969171
593.0 0.007362272299360484
594.0 0.005627534483210184
595.0 0.005572165173362009
596.0 0.0055167962273117155
597.0 0.005889399835723452
598.0 0.006262002716539428
599.0 0.007430067489622161
600.0 0.008598131535109133
601.0 0.009057592978933826
602.0 0.009517052967566997
603.0 0.010446547094034031
604.0 0.011376045586075634
605.0 0.011422309034969658
606.0 0.01146857175626792
607.0 0.009808030881686136
608.0 0.008147492917487398
609.0 0.006477419083239511
610.0 0.004807345976587385
611.0 0.003944556738133542
612.0 0.0030817674996796995
613.0 0.0035750843380810693
614.0 0.004068400812684558
615.0 0.004677894685300998
616.0 0.0052873892855132
617.0 0.006509271770482883
618.0 0.007731153164058924
619.0 0.008680707833264023
620.0 0.009630263230064884
621.0 0.010805313650052994
622.0 0.011980364070041105
623.0 0.011826986155938357
624.0 0.011673607514239848
625.0 0.010183519043494016
626.0 0.008693429117556661
627.0 0.007011127308942378
628.0 0.005328822589945048
629.0 0.004313541285227984
630.0 0.003298260344308801
631.0 0.0030146438803058118
632.0 0.002731027052504942
633.0 0.002797029992507305
634.0 0.0028630331144086085
635.0 0.0030218159736250527
636.0 0.0031805986509425566
637.0 0.0039714257582090795
638.0 0.004762252501677722
639.0 0.004815425563720055
640.0 0.004868597898166627
641.0 0.0053059244237374514
642.0 0.005743251313106157
643.0 0.005419903391157277
644.0 0.005096555469208397
645.0 0.004665356391342357
646.0 0.004234157313476317
647.0 0.0036143970646662638
648.0 0.00299463645205833
649.0 0.0021804049538332038
650.0 0.0013661733646586072
651.0 0.0014404451576410793
652.0 0.001514717314421432
653.0 0.0014510190339933615
654.0 0.0013873205716663506
655.0 0.0014150854440231342
656.0 0.0014428504982788581
657.0 0.0016903393770917319
658.0 0.0019378283468540758
659.0 0.0019238828826928511
660.0 0.001909937236632686
661.0 0.0018369339159107767
662.0 0.0017639305951888673
663.0 0.002344401946174912
664.0 0.002924873842857778
665.0 0.0035143239074386656
666.0 0.0041037736082216725
667.0 0.004712532245321199
668.0 0.005321289791027084
669.0 0.005569952554651536
670.0 0.005818612407892942
671.0 0.0064129453676287085
672.0 0.007007279054960236
673.0 0.007972609455464408
674.0 0.008937939128372818
675.0 0.008376361074624583
676.0 0.007814785931259394
677.0 0.006274718907661736
678.0 0.00473465261165984
679.0 0.003104155621258542
680.0 0.001473659085604595
681.0 0.0007877034477132838
682.0 0.0001017476961351349
683.0 0.0004635971890820656
684.0 0.0008254468411905691
685.0 0.0003931491391995223
686.0 1.7054660635118513e-10
687.0 6.45902957785438e-05
688.0 0.00016832910887387698
689.0 0.000289452646029531
690.0 0.000410576285503339
691.0 0.00041485309338895604
692.0 0.00041912994674930815
693.0 0.0003403823939152062
694.0 0.00026163468191953143
695.0 0.00043161362555110827
696.0 0.0006015925464453176
697.0 0.0005634803528664634
698.0 0.0005253680228634039
699.0 0.0005542152848647675
700.0 0.0005830623194924556
701.0 0.0003325976194901159
702.0 8.213295927816944e-05
703.0 0.0001518385374765785
704.0 0.0002215441327280132
705.0 0.00037766264995298116
706.0 0.0005337809852790087
707.0 3.886697470534273e-05
708.0 1.7054660635118513e-10
709.0 1.7054660635118513e-10
710.0 1.7054660635118513e-10
711.0 0.00018783679252010188
712.0 0.0004254069608577993
713.0 0.0002549848659327836
714.0 8.456277100776788e-05
715.0 0.00024091061732178787
716.0 0.00039725841816107277
717.0 0.0002908022679548594
718.0 0.00018434611774864607
719.0 0.00034431316180416616
720.0 0.000504280069435481
721.0 0.0004008755240647588
722.0 0.0002974709786940366
723.0 0.00038913176467758603
724.0 0.00048079264161060564
725.0 0.00047688295126135927
726.0 0.00047297344281105325
727.0 0.00023444349608325865
728.0 1.7054660635118513e-10
729.0 0.00019597944174165605
730.0 0.00039604524317837786
731.0 0.0006093103820603574
732.0 0.0008225757483160123
733.0 0.00031738347843202064
734.0 1.7054660635118513e-10
735.0 1.7054660635118513e-10
736.0 1.7054660635118513e-10
737.0 0.00022280435132415732
738.0 0.0007599958280479768
739.0 0.0005336068170436192
740.0 0.00030721755592821864
741.0 0.00019950884961872362
742.0 9.180015467791236e-05
743.0 1.7054660635118513e-10
744.0 1.7054660635118513e-10
745.0 0.0002735410134846461
746.0 0.0006700708581774961
747.0 0.0003237169266867568
748.0 1.7054660635118513e-10
749.0 1.7054660635118513e-10
750.0 1.7054660635118513e-10
751.0 1.7054660635118513e-10
752.0 9.387256909576536e-05
753.0 0.0001414768348695361
754.0 0.00018908101537817856
755.0 1.7054660635118513e-10
756.0 1.7054660635118513e-10
757.0 1.7054660635118513e-10
758.0 1.7054660635118513e-10
759.0 0.00016830807680889848
760.0 0.0007256092885654652
761.0 0.00034957561183546204
762.0 1.7054660635118513e-10
763.0 1.7054660635118513e-10
764.0 1.7054660635118513e-10
765.0 1.642256250988794e-05
766.0 0.00039967767406778876
767.0 1.7054660635118513e-10
768.0 1.7054660635118513e-10
769.0 1.7054660635118513e-10
770.0 1.7054660635118513e-10
771.0 1.7054660635118513e-10
772.0 1.7054660635118513e-10
773.0 7.431533504131949e-05
774.0 0.0005468032668431988
775.0 0.0002570395508882939
776.0 1.7054660635118513e-10
777.0 0.00016106729390230612
778.0 0.00035485891203279607
779.0 0.000588345847063465
780.0 0.0008218328730436042
781.0 0.0008403900210396387
782.0 0.0008589471690356731
783.0 0.0006641315394517733
784.0 0.0004693159553426085
785.0 0.00017738803990141605
786.0 1.7054660635118513e-10
787.0 0.0005005283583159326
788.0 0.0011155968422826845
789.0 0.0010218032912234776
790.0 0.0009280098311137408
791.0 0.0006639369075855939
792.0 0.0003998637112090364
793.0 0.000595565143157728
794.0 0.0007912662113085389
795.0 0.0009283550753025338
796.0 0.0010654438483470585
797.0 0.0003754524641408352
798.0 1.7054660635118513e-10
799.0 0.00034400193271721946
800.0 0.001002542740025092
801.0 0.0006149949513201136
802.0 0.00022744709440303268
803.0 0.00045889105422247667
804.0 0.0006903349913045531
805.0 0.0009029337888932787
806.0 0.0011155325410072692
807.0 0.0006815861524955835
808.0 0.00024763976398389786
809.0 6.447505711548729e-05
810.0 1.7054660635118513e-10
811.0 9.037771633302327e-05
812.0 0.00029944508241896983
813.0 0.0007999131412361749
814.0 0.0013003811545786448
815.0 0.0011500544133014046
816.0 0.0009997271263273433
817.0 0.0009273876457882579
818.0 0.0008550482561986428
819.0 0.0008821011761028785
820.0 0.0009091540960071143
821.0 0.0008113814146781806
822.0 0.0007136086878745118
823.0 0.0007149096745706629
824.0 0.0007162108886404894
825.0 0.0006071904863347299
826.0 0.0004981701749784406
827.0 0.0005712557140213903
828.0 0.0006443413440138102
829.0 0.00038692351154168136
830.0 0.00012950572454428766
831.0 0.00016350821852029185
832.0 0.00019751093986997148
833.0 0.00035655900774145266
834.0 0.0005156070528755663
835.0 1.7054660635118513e-10
836.0 1.7054660635118513e-10
837.0 1.7054660635118513e-10
838.0 2.9841214654879877e-05
839.0 0.0004576368610287318
840.0 0.0008854325642460026
841.0 0.0011662556971714366
842.0 0.0014470787391474005
843.0 0.0010186397048528306
844.0 0.0005902001248614397
845.0 0.0005744881491409615
846.0 0.0005587760824710131
847.0 0.0007333092071348801
848.0 0.000907842240849277
849.0 0.0009877068805508316
850.0 0.001067570974555565
851.0 0.0011238670595048461
852.0 0.0011801629625551868
853.0 0.00035842244869854767
854.0 1.7054660635118513e-10
855.0 1.7054660635118513e-10
856.0 1.7054660635118513e-10
857.0 0.0002611556283227401
858.0 0.0013227904673840385
859.0 0.001246669125976041
860.0 0.0011705476936185732
861.0 0.001390016495861346
862.0 0.001609485480003059
863.0 0.0017802221918827854
864.0 0.0019509587218635716
865.0 0.0017727137674228288
866.0 0.0015944693586789072
867.0 0.002321657848369796
868.0 0.0030488463380606845
869.0 0.002942289211205207
870.0 0.0028357317205518484
871.0 0.0034822787711163983
872.0 0.004128826185478829
873.0 0.0028221053071320057
