lsstCam/transmission_filter_detector/r22_s02/z_20/19700101T000000.ecsv
# %ECSV 1.0
# ---
# datatype:
# - {name: wavelength, unit: nm, datatype: float32}
# - {name: efficiency, unit: '%', datatype: float64}
# meta: !!omap
# - {MODE: DETECTOR}
# - {TYPE: transmission_filter_detector}
# - {CALIBDATE: '1970-01-01T00:00:00'}
# - {INSTRUME: LSSTCam}
# - {OBSTYPE: transmission_filter_detector}
# - {CALIBCLS: lsst.ip.isr.IntermediateFilterDetectorTransmissionCurve}
# - {SOURCE: Materion (DM-46256)}
# - {DETECTOR: 92}
# - {FILTER: z_20}
# - {CALIB_ID: 'calibDate=1970-01-01T00:00:00 filter=z_20 detector=92'}
# - {DATE: '2025-04-02T15:59:49.065350'}
# - {CALIB_CREATION_DATE: '2025-04-02'}
# - {CALIB_CREATION_TIME: '15:59:49'}
# - __serialized_columns__:
#     efficiency:
#       __class__: astropy.units.quantity.Quantity
#       unit: !astropy.units.Unit {unit: '%'}
#       value: !astropy.table.SerializedColumn {name: efficiency}
#     wavelength:
#       __class__: astropy.units.quantity.Quantity
#       unit: !astropy.units.Unit {unit: nm}
#       value: !astropy.table.SerializedColumn {name: wavelength}
# schema: astropy-2.0
wavelength efficiency
[from data line 597]
897.0 99.40993189811707
898.0 99.48553442955017
899.0 98.6957848072052
900.0 99.07394051551819
901.0 99.39213991165161
902.0 99.45774674415588
903.0 99.0246832370758
904.0 97.98066020011902
905.0 98.85812997817993
906.0 98.36671352386475
907.0 99.08177256584167
908.0 98.40594530105591
909.0 98.14007878303528
910.0 98.17541241645813
911.0 97.23212718963623
912.0 95.92245817184448
913.0 95.26693224906921
914.0 93.00899505615234
915.0 90.71771502494812
916.0 88.92866969108582
917.0 87.2339129447937
918.0 83.6677610874176
919.0 82.93060064315796
920.0 79.63902354240417
921.0 76.1002242565155
922.0 71.90107107162476
923.0 66.31075739860535
924.0 60.705769062042236
925.0 55.35014271736145
926.0 49.3993878364563
927.0 42.46354103088379
928.0 36.60081624984741
929.0 30.20915687084198
930.0 24.806706607341766
931.0 19.511042535305023
932.0 14.038106799125671
933.0 9.53788086771965
934.0 6.305832415819168
935.0 3.820353001356125
936.0 2.3332610726356506
937.0 1.4307881705462933
938.0 0.8770080283284187
939.0 0.5031619686633348
940.0 0.43605174869298935
941.0 0.14851902378723025
942.0 0.1396820181980729
943.0 0.18573387060314417
944.0 0.270151044242084
945.0 0.09006049367599189
946.0 0.09682372328825295
947.0 0.15229929704219103
948.0 1.5800284258044028e-10
949.0 1.5800284258044028e-10
950.0 0.15959824668243527
951.0 0.01291500375373289
952.0 1.5800284258044028e-10
953.0 0.14158077538013458
954.0 0.0014080844266572967
955.0 0.017188664060086012
956.0 1.5800284258044028e-10
957.0 0.04784745688084513
958.0 1.5800284258044028e-10
959.0 1.5800284258044028e-10
960.0 1.5800284258044028e-10
961.0 1.5800284258044028e-10
962.0 0.13682179851457477
963.0 0.06203317316249013
964.0 0.02453558554407209
965.0 1.5800284258044028e-10
966.0 0.07156256469897926
967.0 1.5800284258044028e-10
968.0 0.03038592403754592
969.0 0.022536712640430778
970.0 1.5800284258044028e-10
971.0 0.009768937161425129
972.0 1.5800284258044028e-10
973.0 1.5800284258044028e-10
974.0 0.057185086188837886
975.0 0.008629707008367404
976.0 0.006696707714581862
977.0 0.006634940655203536
978.0 0.006573175051016733
979.0 0.006406683678505942
980.0 0.006240190123207867
981.0 0.006069728624424897
982.0 0.005899267489439808
983.0 0.0058247103879693896
984.0 0.005750153650296852
985.0 0.005454821803141385
986.0 0.0051594888645922765
987.0 0.005175303522264585
988.0 0.005191118179936893
989.0 0.005102745853946544
990.0 0.005014373891754076
991.0 0.005097737812320702
992.0 0.005181102096685208
993.0 0.005125490133650601
994.0 0.005069877806818113
995.0 0.005018959564040415
996.0 0.004968041321262717
997.0 0.004790678576682694
998.0 0.004613315832102671
999.0 0.004552594691631384
1000.0 0.004491873551160097
1001.0 0.004629840623238124
1002.0 0.00476780733151827
1003.0 0.00472241263196338
1004.0 0.004677017568610609
1005.0 0.004540931695373729
1006.0 0.0044048454583389685
1007.0 0.004489715865929611
1008.0 0.004574586273520254
1009.0 0.0046383298467844725
1010.0 0.004702073783846572
1011.0 0.004763932884088717
1012.0 0.0048257923481287435
1013.0 0.0046636105253128335
1014.0 0.004501427974901162
1015.0 0.004630660987459123
1016.0 0.0047598936362192035
1017.0 0.004991908281226642
1018.0 0.005223922926234081
1019.0 0.005080829942016862
1020.0 0.004937737321597524
1021.0 0.004905647438135929
1022.0 0.004873557554674335
1023.0 0.004833470666198991
1024.0 0.004793383777723648
1025.0 0.004925719986204058
1026.0 0.0050580558308865875
1027.0 0.004960957812727429
1028.0 0.004863860158366151
1029.0 0.004904162415186875
1030.0 0.00494446576340124
1031.0 0.005073744978290051
1032.0 0.005203023829380982
1033.0 0.00523753187735565
1034.0 0.00527204065292608
1035.0 0.00548316165804863
1036.0 0.00569428266317118
1037.0 0.005741142376791686
1038.0 0.005788001726614311
1039.0 0.005728639371227473
1040.0 0.005669276288244873
1041.0 0.0060340975323924795
1042.0 0.006398918776540086
1043.0 0.005912445340072736
1044.0 0.005425971903605387
1045.0 0.006145476072560996
1046.0 0.006864979513920844
1047.0 0.006553997081937268
1048.0 0.006243013922357932
1049.0 0.006376699457177892
1050.0 0.0065103842644020915
1051.0 0.0068159242800902575
1052.0 0.007121466478565708
1053.0 0.007248978363350034
1054.0 0.007376490975730121
1055.0 0.00801322385086678
1056.0 0.008649958181194961
1057.0 0.008360502397408709
1058.0 0.008071047341218218
1059.0 0.008161507139448076
1060.0 0.008251966210082173
1061.0 0.00887810456333682
1062.0 0.009504244371782988
1063.0 0.00946809523156844
1064.0 0.009431946818949655
1065.0 0.009607903484720737
1066.0 0.00978386087808758
1067.0 0.009956464054994285
1068.0 0.01012906723190099
1069.0 0.010894014849327505
1070.0 0.011658961739158258
1071.0 0.011527442984515801
1072.0 0.011395924229873344
1073.0 0.011516646191012114
1074.0 0.011637368152150884
1075.0 0.012118762970203534
1076.0 0.01260016142623499
1077.0 0.012668455019593239
1078.0 0.012736748612951487
1079.0 0.013901302008889616
1080.0 0.015065856860019267
1081.0 0.01510455331299454
1082.0 0.015143249765969813
1083.0 0.015000397979747504
1084.0 0.014857547648716718
1085.0 0.015330647875089198
1086.0 0.015803751011844724
1087.0 0.016140769002959132
1088.0 0.016477789904456586
1089.0 0.01776613644324243
1090.0 0.019054482982028276
1091.0 0.01874668669188395
1092.0 0.018438884580973536
1093.0 0.018324016127735376
1094.0 0.01820914330892265
1095.0 0.01966870331671089
1096.0 0.021128264779690653
1097.0 0.021219025074969977
1098.0 0.021309786825440824
1099.0 0.023451782180927694
1100.0 0.025593771715648472
1101.0 0.025379774160683155
1102.0 0.025165770784951746
1103.0 0.026561590493656695
1104.0 0.027957404381595552
1105.0 0.02804214891511947
1106.0 0.028126899269409478
1107.0 0.02928986505139619
1108.0 0.030452836654148996
1109.0 0.031999408383853734
1110.0 0.03354598011355847
1111.0 0.03329037281218916
1112.0 0.033034771331585944
1113.0 0.03462625900283456
1114.0 0.03621775540523231
1115.0 0.03545970830600709
1116.0 0.034701667027547956
1117.0 0.03595733433030546
1118.0 0.03721300163306296
1119.0 0.04043262742925435
1120.0 0.043652247404679656
1121.0 0.04548433353193104
1122.0 0.04731641965918243
1123.0 0.04734059330075979
1124.0 0.0473647698527202
1125.0 0.04768609069287777
1126.0 0.048007414443418384
1127.0 0.05241215112619102
1128.0 0.05681689362972975
1129.0 0.05967632168903947
1130.0 0.06253576138988137
1131.0 0.06244835094548762
1132.0 0.062360940501093864
1133.0 0.06621986976824701
1134.0 0.07007879903540015
1135.0 0.06840442074462771
1136.0 0.06673004245385528
1137.0 0.07346054771915078
1138.0 0.08019106462597847
1139.0 0.08432952454313636
1140.0 0.0884679495356977
1141.0 0.09911318775266409
1142.0 0.10975840268656611
1143.0 0.13100620126351714
1144.0 0.15225395327433944
1145.0 0.3017312381416559
1146.0 0.45120855793356895
1147.0 0.9607127867639065
1148.0 1.4702171087265015
1149.0 1.6659030690789223
1150.0 1.8615901470184326
