lsstCam/transmission_filter_detector/r22_s02/z_20/19700101T000000.ecsv
# %ECSV 1.0
# ---
# datatype:
# - {name: wavelength, unit: nm, datatype: float32}
# - {name: efficiency, unit: '%', datatype: float64}
# meta: !!omap
# - {MODE: DETECTOR}
# - {TYPE: transmission_filter_detector}
# - {CALIBDATE: '1970-01-01T00:00:00'}
# - {INSTRUME: LSSTCam}
# - {OBSTYPE: transmission_filter_detector}
# - {CALIBCLS: lsst.ip.isr.IntermediateFilterDetectorTransmissionCurve}
# - {SOURCE: Materion (DM-46256)}
# - {DETECTOR: 92}
# - {FILTER: z_20}
# - {CALIB_ID: 'calibDate=1970-01-01T00:00:00 filter=z_20 detector=92'}
# - {DATE: '2025-04-02T15:59:49.065350'}
# - {CALIB_CREATION_DATE: '2025-04-02'}
# - {CALIB_CREATION_TIME: '15:59:49'}
# - __serialized_columns__:
#     efficiency:
#       __class__: astropy.units.quantity.Quantity
#       unit: !astropy.units.Unit {unit: '%'}
#       value: !astropy.table.SerializedColumn {name: efficiency}
#     wavelength:
#       __class__: astropy.units.quantity.Quantity
#       unit: !astropy.units.Unit {unit: nm}
#       value: !astropy.table.SerializedColumn {name: wavelength}
# schema: astropy-2.0
wavelength efficiency
300.0 0.8146072737872601
301.0 0.5641973577439785
302.0 0.3137875348329544
303.0 0.2969401655718684
304.0 0.28009277302771807
305.0 0.23813557345420122
306.0 0.19617835059762
307.0 0.18099372973665595
308.0 0.1658090972341597
309.0 0.1463573076762259
310.0 0.1269055064767599
311.0 0.12636620085686445
312.0 0.12582691852003336
313.0 0.11221710592508316
314.0 0.09860730497166514
315.0 0.09465295588597655
316.0 0.09069860097952187
317.0 0.07771267555654049
318.0 0.06472675013355911
319.0 0.06569049437530339
320.0 0.06665422697551548
321.0 0.06486837519332767
322.0 0.06308252923190594
323.0 0.05696123116649687
324.0 0.05083993310108781
325.0 0.046089134411886334
326.0 0.04133833572268486
327.0 0.040502415504306555
328.0 0.039666492375545204
329.0 0.03578820906113833
330.0 0.031909928657114506
331.0 0.029087159782648087
332.0 0.026264393818564713
333.0 0.025316429673694074
334.0 0.024368464073631912
335.0 0.022793903190176934
336.0 0.021219340851530433
337.0 0.024646733072586358
338.0 0.02807411947287619
339.0 0.024227726680692285
340.0 0.020381336798891425
341.0 0.017838772328104824
342.0 0.015296207857318223
343.0 0.01504197862232104
344.0 0.014787749387323856
345.0 0.013932236470282078
346.0 0.013076720642857254
347.0 0.01224796287715435
348.0 0.01141920656664297
349.0 0.013541760563384742
350.0 0.01566431747050956
351.0 0.013501312059815973
352.0 0.01133830301114358
353.0 0.011926471051992849
354.0 0.012514639820437878
355.0 0.010646671580616385
356.0 0.008778703340794891
357.0 0.009688447607913986
358.0 0.010598194057820365
359.0 0.01030170387821272
360.0 0.010005212971009314
361.0 0.009160221088677645
362.0 0.00831523138913326
363.0 0.009170190605800599
364.0 0.010025149094872177
365.0 0.009960759780369699
366.0 0.009896373376250267
367.0 0.008843796967994422
368.0 0.007791220559738576
369.0 0.008233362314058468
370.0 0.00867550479597412
371.0 0.008418709330726415
372.0 0.008161915320670232
373.0 0.007316086703212932
374.0 0.006470260268542916
375.0 0.006657755875494331
376.0 0.006845251482445747
377.0 0.007088818529155105
378.0 0.007332384120672941
379.0 0.0062251412600744516
380.0 0.005117898399475962
381.0 0.0035844794183503836
382.0 0.002051060801022686
383.0 0.0038608013710472733
384.0 0.005670542668667622
385.0 0.005392978710005991
386.0 0.005115415115142241
387.0 0.005804558895761147
388.0 0.006493703403975815
389.0 0.0057711531553650275
390.0 0.005048603634350002
391.0 0.004700136196333915
392.0 0.00435166948591359
393.0 0.004809367237612605
394.0 0.005267065353109501
395.0 0.004450672349776141
396.0 0.0036342793464427814
397.0 0.003785751687246375
398.0 0.003937224028049968
399.0 0.004118292054045014
400.0 0.004299360443837941
401.0 0.004596089638653211
402.0 0.004892819197266363
403.0 0.00487194411107339
404.0 0.004851069024880417
405.0 0.004097615237697028
406.0 0.0033441618143115193
407.0 0.0021280260625644587
408.0 0.0009118908565142192
409.0 0.0022280491975834593
410.0 0.00354420772055164
411.0 0.0042117088014492765
412.0 0.0048792095185490325
413.0 0.004578783409669995
414.0 0.004278357300790958
415.0 0.003710715100169182
416.0 0.0031430732633452863
417.0 0.003985920557170175
418.0 0.004828768578590825
419.0 0.0043955162254860625
420.0 0.0039622642361791804
421.0 0.0040036527934717014
422.0 0.004045041714562103
423.0 0.003870602449751459
424.0 0.003696164276334457
425.0 0.0026614408852765337
426.0 0.0016267174942186102
427.0 0.0018847926185117103
428.0 0.002142868106602691
429.0 0.0015234418242471293
430.0 0.0009040159966389183
431.0 0.0007676999302930199
432.0 0.0006313837275229162
433.0 0.0006974192274356028
434.0 0.0007634548637724947
435.0 0.001233316015714081
436.0 0.0017031772586051375
437.0 0.0017974141883314587
438.0 0.0018916512999567203
439.0 0.0020777810277650133
440.0 0.002263911119371187
441.0 0.0017860542357084341
442.0 0.0013081976248940919
443.0 0.002356374534429051
444.0 0.0034045515349134803
445.0 0.00343352003255859
446.0 0.0034624888940015808
447.0 0.0027582009352045134
448.0 0.0020539127945085056
449.0 0.002531731479393784
450.0 0.0030095507099758834
451.0 0.002461315307300538
452.0 0.0019130795408273116
453.0 0.0017583750377525575
454.0 0.0016036708984756842
455.0 0.0023238131689140573
456.0 0.0030439559850492515
457.0 0.0022127109332359396
458.0 0.001381465972372098
459.0 0.0014707169611938298
460.0 0.0015599680409650318
461.0 0.0008361531399714295
462.0 0.00011233810255362187
463.0 0.001064677690010285
464.0 0.0020170175048406236
465.0 0.002203505937359296
466.0 0.0023899945517769083
467.0 0.002114604831149336
468.0 0.0018392143829260021
469.0 0.001599632014404051
470.0 0.0013600495549326297
471.0 0.0013164872143534012
472.0 0.001272924964723643
473.0 0.0012692143172898795
474.0 0.0012655036698561162
475.0 0.0010736224794527516
476.0 0.000881741289049387
477.0 0.001270831035071751
478.0 0.0016599205991951749
479.0 0.001995405546040274
480.0 0.002330890129087493
481.0 0.0017959406250156462
482.0 0.0012609910299943294
483.0 0.0009364373909193091
484.0 0.0006118837973190239
485.0 0.0012331408470345195
486.0 0.0018543978512752801
487.0 0.0014490059584204573
488.0 0.001043614338414045
489.0 0.0017349668269162066
490.0 0.0024263194063678384
491.0 0.0022910722691449337
492.0 0.0021558253138209693
493.0 0.0020045661585754715
494.0 0.001853307185228914
495.0 0.0016426178262918256
496.0 0.0014319285583042074
497.0 0.0012755559509969316
498.0 0.0011191835255885962
499.0 0.0011493305464682635
500.0 0.001179477749246871
501.0 0.0008393924872507341
502.0 0.0004993070433556568
503.0 0.0012671632248384412
504.0 0.002035019497270696
505.0 0.0022275520677794702
506.0 0.0024200846382882446
507.0 0.0023068600057740696
508.0 0.0021936353732598945
509.0 0.0018512273527448997
510.0 0.0015088197869772557
511.0 0.0012147024790465366
512.0 0.0009205852620652877
513.0 0.001341972983937012
514.0 0.001763361069606617
515.0 0.0013284836313687265
516.0 0.0008936065569287166
517.0 0.000887474470800953
518.0 0.000881342202774249
519.0 0.0011016159078280907
520.0 0.0013218893400335219
521.0 0.0016962991139735095
522.0 0.002070708796964027
523.0 0.0013475888408720493
524.0 0.0006244688847800717
525.0 0.0007173275207605911
526.0 0.0008101862476905808
527.0 0.0011190855730092153
528.0 0.0014279853530752007
529.0 0.001260807675862452
530.0 0.0010936296348518226
531.0 0.0011923818419745658
532.0 0.001291134140046779
533.0 0.0008818584319669753
534.0 0.0004725827238871716
535.0 0.00106906627479475
536.0 0.0016655498257023282
537.0 0.0016337451597792096
538.0 0.0016019403119571507
539.0 0.0011547826943569817
540.0 0.0007076247129589319
541.0 0.0008223956683650613
542.0 0.0009371666237711906
543.0 0.001307889397139661
544.0 0.0016786123524070717
545.0 0.0011381528565834742
546.0 0.0005976937245577574
547.0 0.0012235821486683562
548.0 0.0018494703908800147
549.0 0.0016882835552678443
550.0 0.001527096719655674
551.0 0.0016433945347671397
552.0 0.0017596919860807247
553.0 0.0014849165381747298
554.0 0.001210140635521384
555.0 0.0009919606782204937
556.0 0.0007737806299701333
557.0 0.0012342493391770404
558.0 0.001694717866485007
559.0 0.0016740046703489497
560.0 0.001653290746617131
561.0 0.0014688733244838659
562.0 0.0012844557204516605
563.0 0.00109214579424588
564.0 0.0008998357770906296
565.0 0.0016350424630218185
566.0 0.0023702492399024777
567.0 0.0027840822440339252
568.0 0.0031979150662664324
569.0 0.0029207665647845715
570.0 0.0026436180633027107
571.0 0.00245801275013946
572.0 0.0022724068912793882
573.0 0.0018213557268609293
574.0 0.0013703046533919405
575.0 0.0018921031369245611
576.0 0.0024139015295077115
577.0 0.002038702768913936
578.0 0.001663504372118041
579.0 0.0017333642972516827
580.0 0.0018032238585874438
581.0 0.0016585137927904725
582.0 0.0015138035450945608
583.0 0.002000268614210654
584.0 0.0024867336833267473
585.0 0.0026057188733830117
586.0 0.0027247038815403357
587.0 0.0021544388800975867
588.0 0.001584173514856957
589.0 0.0019917377358069643
590.0 0.0023993023205548525
591.0 0.0015592167983413674
592.0 0.0007191310487542069
593.0 0.0006529965958179673
594.0 0.0005868620519322576
595.0 0.0010403192391095217
596.0 0.0014937763808120508
597.0 0.001344524571322836
598.0 0.0011952729437325615
599.0 0.000944921703194268
600.0 0.0006945705081307096
601.0 0.000627691679255804
602.0 0.0005608127594314283
603.0 0.0010008741810452193
604.0 0.0014409351933863945
605.0 0.0009578640856489073
606.0 0.00047479288696195
607.0 0.0007517693120462354
608.0 0.0010287457371305209
609.0 0.0011274024473095778
610.0 0.0012260589755896945
611.0 0.0009917867828335147
612.0 0.0007575143627036596
613.0 0.0007106633802322904
614.0 0.0006638123977609212
615.0 0.0010826585821632762
616.0 0.0015015049939393066
617.0 0.0020162930013611913
618.0 0.002531081008783076
619.0 0.0021522002498386428
620.0 0.0017733191270963289
621.0 0.001562944453326054
622.0 0.0013525694157578982
623.0 0.001582223740115296
624.0 0.001811878064472694
625.0 0.0016833144400152378
626.0 0.0015547508155577816
627.0 0.0019052016796194948
628.0 0.002255653089378029
629.0 0.0020531633708742447
630.0 0.0018506736523704603
631.0 0.001680919376667589
632.0 0.0015111647371668369
633.0 0.001854870242823381
634.0 0.002198576112277806
635.0 0.005143652379047126
636.0 0.008088727918220684
637.0 0.015383493155241013
638.0 0.022678259119857103
639.0 0.01992259785765782
640.0 0.017166935140267015
641.0 0.014855498739052564
642.0 0.012544065248221159
643.0 0.009987043449655175
644.0 0.007430022378684953
645.0 0.006776075315428898
646.0 0.006122128252172843
647.0 0.00570157753827516
648.0 0.005281025732983835
649.0 0.004266837640898302
650.0 0.00325264991261065
651.0 0.0036319303035270423
652.0 0.0040112106944434345
653.0 0.0032446336263092235
654.0 0.0024780565581750125
655.0 0.0026610310669639148
656.0 0.002844006121449638
657.0 0.0028578166165971197
658.0 0.00287162656604778
659.0 0.0027143330953549594
660.0 0.002557039806561079
661.0 0.0026617353796609677
662.0 0.0027664307708619162
663.0 0.002017521546804346
664.0 0.0012686125046457164
665.0 0.0017354826923110522
666.0 0.0022023530618753284
667.0 0.0024535762349842116
668.0 0.002704799408093095
669.0 0.001939553112606518
670.0 0.0011743069080694113
671.0 0.0009294313713326119
672.0 0.0006845558345958125
673.0 0.001286216593143763
674.0 0.001887877624540124
675.0 0.0019777260604314506
676.0 0.002067574496322777
677.0 0.0019158769646310247
678.0 0.0017641790691413917
679.0 0.0014005409866513219
680.0 0.0010369027222623117
681.0 0.001213859286508523
682.0 0.0013908156688557938
683.0 0.002474568464094773
684.0 0.003558321623131633
685.0 0.0029562721465481445
686.0 0.0023542233975604177
687.0 0.0017926278815139085
688.0 0.0012310326383158099
689.0 0.0015326066204579547
690.0 0.0018341805116506293
691.0 0.002129823224095162
692.0 0.0024254657546407543
693.0 0.002745006167970132
694.0 0.00306454676319845
695.0 0.0032205996831180528
696.0 0.0033766522392397746
697.0 0.003550531982909888
698.0 0.003724412090377882
699.0 0.0054949192417552695
700.0 0.007265427120728418
701.0 0.007179724343586713
702.0 0.007094020111253485
703.0 0.006436464173020795
704.0 0.005778908234788105
705.0 0.005162649540579878
706.0 0.004546389754978009
707.0 0.0042426123400218785
708.0 0.003938834561267868
709.0 0.004268481643521227
710.0 0.004598129089572467
711.0 0.004142527905059978
712.0 0.0036869274481432512
713.0 0.002690528526727576
714.0 0.00169412942341296
715.0 0.0022203344997251406
716.0 0.002746539394138381
717.0 0.0024804623535601422
718.0 0.0022143847672850825
719.0 0.0018274937247042544
720.0 0.0014406023183255456
721.0 0.001259989494428737
722.0 0.0010793763067340478
723.0 0.0009888164640869945
724.0 0.000898256530490471
725.0 0.0012663952475122642
726.0 0.0016345340554835275
727.0 0.0016515627066837624
728.0 0.0016685909940861166
729.0 0.0017098815078497864
730.0 0.0017511720216134563
731.0 0.0014234919945010915
732.0 0.001095812058338197
733.0 0.00110641203718842
734.0 0.001117011925089173
735.0 0.001100961435440695
736.0 0.0010849106729438063
737.0 0.0012032447557430714
738.0 0.0013215786566433962
739.0 0.0012076148777850904
740.0 0.0010936509170278441
741.0 0.0011795928003266454
742.0 0.0012655345926759765
743.0 0.0016654863429721445
744.0 0.0020654380932683125
745.0 0.00149718225657125
746.0 0.0009289264198741876
747.0 0.0013315765500010457
748.0 0.0017342266801279038
749.0 0.0024158794985851273
750.0 0.0030975323170423508
751.0 0.0030819952371530235
752.0 0.003066458157263696
753.0 0.0029493616239051335
754.0 0.002832265272445511
755.0 0.0018829829059541225
756.0 0.0009337003575637937
757.0 0.0018768458176054992
758.0 0.002819991459546145
759.0 0.002738846706051845
760.0 0.002657701952557545
761.0 0.004317253842600621
762.0 0.005976805550744757
763.0 0.005594482718151994
764.0 0.00521215915796347
765.0 0.005366876212065108
766.0 0.005521592902368866
767.0 0.004575555431074463
768.0 0.0036295179597800598
769.0 0.0034675616916501895
770.0 0.0033056061511160806
771.0 0.00391935245716013
772.0 0.00453309912700206
773.0 0.003914683838956989
774.0 0.003296267823316157
775.0 1.5800284258044028e-10
776.0 0.12608072720468044
777.0 1.5800284258044028e-10
778.0 1.5800284258044028e-10
779.0 1.5800284258044028e-10
780.0 0.012878596317023039
781.0 0.012764199345838279
782.0 1.5800284258044028e-10
783.0 1.5800284258044028e-10
784.0 0.05020226817578077
785.0 0.14188733184710145
786.0 0.08454039343632758
787.0 0.0660788849927485
788.0 0.044443210936151445
789.0 1.5800284258044028e-10
790.0 0.0964915903750807
791.0 0.06422510487027466
792.0 0.16646025469526649
793.0 0.029434703174047172
794.0 0.09376736707054079
795.0 0.022732159413862973
796.0 0.03879854339174926
797.0 0.1619514310732484
798.0 0.07648940081708133
799.0 0.05252728587947786
800.0 0.16695100348442793
801.0 0.1458699582144618
802.0 0.37018852308392525
803.0 0.5091083701699972
804.0 0.8883914910256863
805.0 1.3837886974215508
806.0 2.4221887812018394
807.0 3.62929105758667
808.0 5.325575172901154
809.0 7.412993907928467
810.0 9.923195838928223
811.0 13.053609430789948
812.0 16.19209498167038
813.0 19.48057860136032
814.0 21.95839434862137
815.0 24.874384701251984
816.0 28.907346725463867
817.0 33.68269205093384
818.0 38.80071043968201
819.0 44.259560108184814
820.0 51.112085580825806
821.0 58.45353603363037
822.0 64.98989462852478
823.0 71.63429856300354
824.0 77.90532112121582
825.0 83.21731090545654
826.0 87.93922662734985
827.0 92.08039045333862
828.0 95.66369652748108
829.0 97.5419282913208
830.0 98.26387763023376
831.0 98.96359443664551
832.0 99.06114935874939
833.0 99.81909394264221
834.0 98.89556169509888
835.0 99.84068870544434
836.0 99.6504545211792
837.0 99.56485629081726
838.0 98.62025380134583
839.0 98.97506833076477
840.0 99.14196133613586
841.0 100.00752210617065
842.0 99.93225932121277
843.0 99.83181357383728
844.0 98.71824979782104
845.0 99.04342889785767
846.0 99.11434054374695
847.0 99.09273982048035
848.0 100.1975417137146
849.0 99.23322796821594
850.0 98.6250638961792
851.0 99.24780130386353
852.0 99.73486661911011
853.0 99.12073612213135
854.0 100.00712871551514
855.0 98.65843653678894
856.0 99.14520382881165
857.0 98.26281666755676
858.0 98.899906873703
859.0 99.27731156349182
860.0 98.69434237480164
861.0 99.010568857193
862.0 99.14278984069824
863.0 98.73236417770386
864.0 99.28752779960632
865.0 99.81117248535156
866.0 98.95489811897278
867.0 99.33743476867676
868.0 99.61360692977905
869.0 98.89209270477295
870.0 98.29869270324707
871.0 99.01353120803833
872.0 99.6438205242157
873.0 99.47758913040161
874.0 100.1691460609436
875.0 99.24906492233276
876.0 99.2147445678711
877.0 99.66672658920288
878.0 99.44117665290833
879.0 99.33758974075317
880.0 99.07204508781433
881.0 100.22474527359009
882.0 99.09101128578186
883.0 99.31332468986511
884.0 99.34896230697632
885.0 99.01238679885864
886.0 99.19832348823547
887.0 98.8781750202179
888.0 99.27700757980347
889.0 99.76742267608643
890.0 98.66134524345398
891.0 99.71476793289185
892.0 99.42850470542908
893.0 98.94495010375977
894.0 98.69819283485413
895.0 100.14787912368774
