lsstCam/transmission_sensor/r30_s10/19700101T000000.ecsv
# %ECSV 1.0
# ---
# datatype:
# - {name: amp_name, datatype: string}
# - {name: wavelength, unit: nm, datatype: float32}
# - {name: efficiency, unit: '%', datatype: float64}
# meta: !!omap
# - {MODE: AMP}
# - {TYPE: transmission_sensor}
# - {CALIBDATE: '1970-01-01T00:00:00'}
# - {INSTRUME: LSSTCam}
# - {OBSTYPE: transmission_sensor}
# - {DETECTOR: 120}
# - {PARQUETFILE: qe_raft_allvalues_nircorrected_20230725_adjust.parquet}
# - {CORRFILE: qe_corr_factor_bydetnum.parquet}
# - {CALIBCLS: lsst.ip.isr.IntermediateSensorTransmissionCurve}
# - {CALIB_ID: 'raftName=R30 detectorName=S10 detector=120 calibDate=1970-01-01T00:00:00 ccd=120 ccdnum=120 filter=None'}
# - {DATE: '2025-03-03T21:56:48.056728'}
# - {CALIB_CREATION_DATE: '2025-03-03'}
# - {CALIB_CREATION_TIME: '21:56:48'}
# - __serialized_columns__:
#     efficiency:
#       __class__: astropy.units.quantity.Quantity
#       unit: !astropy.units.Unit {unit: '%'}
#       value: !astropy.table.SerializedColumn {name: efficiency}
#     wavelength:
#       __class__: astropy.units.quantity.Quantity
#       unit: !astropy.units.Unit {unit: nm}
#       value: !astropy.table.SerializedColumn {name: wavelength}
# schema: astropy-2.0
amp_name wavelength efficiency
C00 319.994 43.20427021391163
C00 324.969 48.72341980049465
C00 349.982 75.1358411289419
C00 374.975 82.54292193398703
C00 400.019 86.9968542798698
C00 424.965 87.7202050721179
C00 450.035 88.54517503694755
C00 475.003 90.33317523641628
C00 500.018 92.17098364016098
C00 525.002 93.93406055392823
C00 550.029 95.36050429536662
C00 575.023 96.86701255743594
C00 599.982 98.11278549781477
C00 619.997 98.29848239251179
C00 624.979 98.35934032936477
C00 650.012 98.82372068776455
C00 675.004 99.13431025428342
C00 700.03 98.79283515052671
C00 725.012 98.31725159104191
C00 750.022 98.4698990425381
C00 774.987 98.55225791736386
C00 799.976 97.70399910644309
C00 824.988 96.20583953120972
C00 850.022 93.93625515359284
C00 869.967 90.94897529824814
C00 875.002 89.9178203929016
C00 899.999 82.96394743887284
C00 919.999 74.31133924306171
C00 925.012 71.61064647958248
C00 949.965 58.43468829500114
C00 975.002 43.217710218500955
C00 999.976 26.430085553719668
C00 1025.028 11.417809528277703
C00 1050.014 3.9618818552825927
C00 1075.002 0.9381169904631801
C00 1099.99 0.09307910596338896
C01 319.994 43.290776575166454
C01 324.969 48.822713925179755
C01 349.982 75.23975465571823
C01 374.975 82.53443512549384
C01 400.019 86.88161477720203
C01 424.965 87.56570065167475
C01 450.035 88.37172492919005
C01 475.003 90.14648846984257
C01 500.018 91.97389170874392
C01 525.002 93.72687806810924
C01 550.029 95.13766034830479
C01 575.023 96.63680979541483
C01 599.982 97.87137186128324
C01 619.997 98.05165131764736
C01 624.979 98.11234811256692
C01 650.012 98.56780427722569
C01 675.004 98.87846290457317
C01 700.03 98.55575699934658
C01 725.012 98.1404712166605
C01 750.022 98.35753707439561
C01 774.987 98.50967040638996
C01 799.976 97.69597270347396
C01 824.988 96.18350986329368
C01 850.022 93.92680149349917
C01 869.967 90.94454005836654
C01 875.002 89.90110767237887
C01 899.999 82.83232517297456
C01 919.999 74.1945266881868
C01 925.012 71.4199848786512
C01 949.965 58.372637140498355
C01 975.002 43.03721974293831
C01 999.976 26.323835468908825
C01 1025.028 11.313086455121601
C01 1050.014 3.912064299019419
C01 1075.002 0.9370459208315861
C01 1099.99 0.09297283541851366
C02 319.994 43.783759626747354
C02 324.969 49.380959459793644
C02 349.982 75.9887653825063
C02 374.975 83.13693714110629
C02 400.019 87.33206786849952
C02 424.965 87.95714510164083
C02 450.035 88.74232068234242
C02 475.003 90.50742338041546
C02 500.018 92.33097455976565
C02 525.002 94.08289431300028
C02 550.029 95.4899473084511
C02 575.023 96.98118545397301
C02 599.982 98.21305414752575
C02 619.997 98.38434034932027
C02 624.979 98.43990362264675
C02 650.012 98.88705714102196
C02 675.004 99.19158470147428
C02 700.03 98.86507277724894
C02 725.012 98.46025354680943
C02 750.022 98.68945109010303
C02 774.987 98.85351659859548
C02 799.976 98.03929710275223
C02 824.988 96.51354388977794
C02 850.022 94.28072289325581
C02 869.967 91.25783067062646
C02 875.002 90.17435067747252
C02 899.999 83.0759641028723
C02 919.999 74.46879793228415
C02 925.012 71.70304986825776
C02 949.965 58.593470650105196
C02 975.002 43.15173410690571
C02 999.976 26.36499764111455
C02 1025.028 11.331686838292907
C02 1050.014 3.9177632561467037
C02 1075.002 0.9402079458119522
C02 1099.99 0.09328656863217293
C03 319.994 43.90143927869254
C03 324.969 49.51471877466601
C03 349.982 76.12705585507778
C03 374.975 83.16984078922451
C03 400.019 87.29406906591524
C03 424.965 87.89688569196912
C03 450.035 88.66867881877188
C03 475.003 90.42378304354779
C03 500.018 92.24128756368223
C03 525.002 93.98462075389347
C03 550.029 95.38221241582521
C03 575.023 96.8654318318034
C03 599.982 98.09207492265827
C03 619.997 98.25683871286218
C03 624.979 98.31101309619115
C03 650.012 98.75058527027045
C03 675.004 99.04772332206188
C03 700.03 98.71025374636434
C03 725.012 98.28806955424304
C03 750.022 98.49714737613601
C03 774.987 98.64164564985666
C03 799.976 97.8230369546842
C03 824.988 96.29953205535232
C03 850.022 94.08880285055882
C03 869.967 91.02769696943396
C03 875.002 89.93873815054393
C03 899.999 82.90130926732688
C03 919.999 74.38584820370254
C03 925.012 71.61330915819653
C03 949.965 58.43191051500609
C03 975.002 42.97757420729864
C03 999.976 26.260464485237115
C03 1025.028 11.305848496612388
C03 1050.014 3.9105499964754986
C03 1075.002 0.9383760483878326
C03 1099.99 0.09310480945268136
C04 319.994 44.24845075887586
C04 324.969 49.90694207731027
C04 349.982 76.62908971191881
C04 374.975 83.52937146294907
C04 400.019 87.59212025532936
C04 424.965 88.17544638086545
C04 450.035 88.9481296250147
C04 475.003 90.71027038088306
C04 500.018 92.53261683244534
C04 525.002 94.28105285054805
C04 550.029 95.67319638044529
C04 575.023 97.15516502808316
C04 599.982 98.37859295369513
C04 619.997 98.53879872921102
C04 624.979 98.58627421216518
C04 650.012 99.02397407044671
C04 675.004 99.30935643452428
C04 700.03 98.95476744675777
C04 725.012 98.49763847536165
C04 750.022 98.66870982124493
C04 774.987 98.77648308099782
C04 799.976 97.94036362906095
C04 824.988 96.41978230480674
C04 850.022 94.2051626733351
C04 869.967 91.10800703967773
C04 875.002 90.01861850896525
C04 899.999 83.05805432798707
C04 919.999 74.54177988127023
C04 925.012 71.75055604491352
C04 949.965 58.42315129991118
C04 975.002 42.98337531690157
C04 999.976 26.291453613717856
C04 1025.028 11.341510741162157
C04 1050.014 3.9186219604079513
C04 1075.002 0.9400108394568704
C04 1099.99 0.0932670119206996
C05 319.994 44.556189647858375
C05 324.969 50.25753321044301
C05 349.982 76.98525942531786
C05 374.975 83.62760665492888
C05 400.019 87.59650945465857
C05 424.965 88.16896233640186
C05 450.035 88.95307898439815
C05 475.003 90.72350703969927
C05 500.018 92.54554655424553
C05 525.002 94.28991565688587
C05 550.029 95.6765189736438
C05 575.023 97.14389276616953
C05 599.982 98.35302510026
C05 619.997 98.50065413154412
C05 624.979 98.54995588974364
C05 650.012 98.96990711507335
C05 675.004 99.2431961607194
C05 700.03 98.86516485835375
C05 725.012 98.36481148167547
C05 750.022 98.49071704565021
C05 774.987 98.55038560156609
C05 799.976 97.6922127250276
C05 824.988 96.1848450393134
C05 850.022 93.97977882246563
C05 869.967 90.80689415352872
C05 875.002 89.72129629496419
C05 899.999 82.95632772744993
C05 919.999 74.43819631178614
C05 925.012 71.63207068330125
C05 949.965 58.100084743690765
C05 975.002 42.81286029435984
C05 999.976 26.23433839010407
C05 1025.028 11.354714787920418
C05 1050.014 3.9190269733923824
C05 1075.002 0.9383155408080869
C05 1099.99 0.09309880594620618
C06 319.994 44.762976952269234
C06 324.969 50.48985767458741
C06 349.982 77.20636150481374
C06 374.975 83.679103012793
C06 400.019 87.6022645237091
C06 424.965 88.17291415048322
C06 450.035 88.96301607029206
C06 475.003 90.74072620629845
C06 500.018 92.5681294451998
C06 525.002 94.30969007414348
C06 550.029 95.69338516267455
C06 575.023 97.15675342714111
C06 599.982 98.3529944065584
C06 619.997 98.4948837156428
C06 624.979 98.5438555165501
C06 650.012 98.95239635830895
C06 675.004 99.21384530856172
C06 700.03 98.81824953545384
C06 725.012 98.2833657444724
C06 750.022 98.36052203687647
C06 774.987 98.37695851408479
C06 799.976 97.50050753824183
C06 824.988 96.01319051309966
C06 850.022 93.77390849239015
C06 869.967 90.62224084468619
C06 875.002 89.56463564198341
C06 899.999 82.95186946729213
C06 919.999 74.34362134372246
C06 925.012 71.49694933542027
C06 949.965 57.90011911446113
C06 975.002 42.81208144168167
C06 999.976 26.289872888085313
C06 1025.028 11.416032171119266
C06 1050.014 3.921354419234233
C06 1075.002 0.9370756309603647
C06 1099.99 0.09297578323019692
C07 319.994 45.07398088375975
C07 324.969 50.84770786814922
C07 349.982 77.65840299516918
C07 374.975 83.98701455384703
C07 400.019 87.87999648266216
C07 424.965 88.4540991508666
C07 450.035 89.25543496546207
C07 475.003 91.0489063172415
C07 500.018 92.88588599104293
C07 525.002 94.63469800699028
C07 550.029 96.023403842308
C07 575.023 97.47968953512972
C07 599.982 98.67509411117832
C07 619.997 98.80910281237621
C07 624.979 98.85671641698758
C07 650.012 99.25408475136301
C07 675.004 99.50894222919658
C07 700.03 99.09032617988659
C07 725.012 98.52514770542318
C07 750.022 98.5591179596721
C07 774.987 98.53537638148231
C07 799.976 97.64044779727446
C07 824.988 96.17275172088189
C07 850.022 93.88867224268307
C07 869.967 90.81175910523277
C07 875.002 89.7726698780219
C07 899.999 83.15970419427018
C07 919.999 74.38147435122414
C07 925.012 71.5060193242439
C07 949.965 58.011986146665286
C07 975.002 42.90642620698332
C07 999.976 26.435921193736903
C07 1025.028 11.503912075520823
C07 1050.014 3.9315502434408742
C07 1075.002 0.9389678722273539
C07 1099.99 0.09316352967034128
C10 319.994 42.46145577813462
C10 324.969 47.881629687186674
C10 349.982 73.1921471280929
C10 374.975 80.15468337939906
C10 400.019 85.66868409753822
C10 424.965 86.9849144299463
C10 450.035 88.15209614737111
C10 475.003 90.14151609018292
C10 500.018 92.10925860623773
C10 525.002 93.94590832274692
C10 550.029 95.40234748407666
C10 575.023 96.9166442729277
C10 599.982 98.15765201613267
C10 619.997 98.3280711208569
C10 624.979 98.37983604861004
C10 650.012 98.81951565064496
C10 675.004 99.10422275328726
C10 700.03 98.73333540996965
C10 725.012 98.2266668041866
C10 750.022 98.33668070415649
C10 774.987 98.39179124538434
C10 799.976 97.53667239215534
C10 824.988 96.05801099086517
C10 850.022 93.87397763304072
C10 869.967 90.77592420861149
C10 875.002 89.69891291307033
C10 899.999 83.0181755361796
C10 919.999 74.48105239264906
C10 925.012 71.65920391551815
C10 949.965 58.15072935133541
C10 975.002 42.82359157978272
C10 999.976 26.351110659495628
C10 1025.028 11.497851028632441
C10 1050.014 4.00277977390108
C10 1075.002 0.9368481075096298
C10 1099.99 0.09295320856243651
C11 319.994 42.643703468114026
C11 324.969 48.090481143030324
C11 349.982 73.50206143317651
C11 374.975 80.38899909743495
C11 400.019 85.76015900174
C11 424.965 87.01699702154664
C11 450.035 88.14941044848086
C11 475.003 90.12323031745304
C11 500.018 92.07991542750544
C11 525.002 93.9086615158519
C11 550.029 95.35367494676
C11 575.023 96.86627590859747
C11 599.982 98.09970230750656
C11 619.997 98.26891668444289
C11 624.979 98.32435718296297
C11 650.012 98.75437594241839
C11 675.004 99.04099372798547
C11 700.03 98.68760179458147
C11 725.012 98.24269658984868
C11 750.022 98.42195548063451
C11 774.987 98.54590432113207
C11 799.976 97.7172511121101
C11 824.988 96.23679412927616
C11 850.022 94.05708090995232
C11 869.967 90.90746206683033
C11 875.002 89.83997349221147
C11 899.999 83.12781343830486
C11 919.999 74.42304129661974
C11 925.012 71.63514005346154
C11 949.965 58.087680651530526
C11 975.002 42.91348192163927
C11 999.976 26.357475765865512
C11 1025.028 11.460676160100558
C11 1050.014 3.9606433164640102
C11 1075.002 0.9376599030518272
C11 1099.99 0.09303375417035209
C12 319.994 43.0120163772097
C12 324.969 48.50917008988161
C12 349.982 74.07965550993826
C12 374.975 80.85673274273483
C12 400.019 86.04836518636503
C12 424.965 87.22563745819177
C12 450.035 88.32781758904723
C12 475.003 90.28474824871245
C12 500.018 92.22594838630623
C12 525.002 94.0460388508007
C12 550.029 95.48664773552879
C12 575.023 96.98331866623441
C12 599.982 98.2101842864259
C12 619.997 98.3705895710022
C12 624.979 98.42137997372946
C12 650.012 98.85192819953754
C12 675.004 99.13268348809848
C12 700.03 98.78126362502246
C12 725.012 98.33798518647461
C12 750.022 98.53434814247862
C12 774.987 98.66956157146441
C12 799.976 97.84655600353736
C12 824.988 96.36125708927557
C12 850.022 94.17523631427235
C12 869.967 91.00095508191251
C12 875.002 89.93714207806057
C12 899.999 83.22630952674828
C12 919.999 74.48547995910528
C12 925.012 71.63059738562433
C12 949.965 58.0753686404751
C12 975.002 42.96042026481537
C12 999.976 26.358801350103484
C12 1025.028 11.486353359847662
C12 1050.014 3.9489758731422406
C12 1075.002 0.938730548372564
C12 1099.99 0.09313998261549394
C13 319.994 43.28112340601237
C13 324.969 48.810800932245165
C13 349.982 74.45460976871824
C13 374.975 81.11769826718735
C13 400.019 86.20649146359733
C13 424.965 87.33551323650444
C13 450.035 88.41857119126134
C13 475.003 90.36132903421147
C13 500.018 92.29814764590145
C13 525.002 94.10622152621842
C13 550.029 95.53548908820426
C13 575.023 97.02559156676689
C13 599.982 98.24562016492635
C13 619.997 98.4009993558652
C13 624.979 98.4468710929106
C13 650.012 98.87087388685187
C13 675.004 99.14234433067796
C13 700.03 98.78008959093614
C13 725.012 98.31594710872379
C13 750.022 98.49565105818287
C13 774.987 98.61165790339071
C13 799.976 97.77650530305434
C13 824.988 96.29000166100464
C13 850.022 94.09523318104462
C13 869.967 90.94013551218653
C13 875.002 89.87412023524459
C13 899.999 83.17452157871894
C13 919.999 74.42719261976153
C13 925.012 71.5682277839674
C13 949.965 58.07062646357746
C13 975.002 42.91213523548144
C13 999.976 26.34961242318614
C13 1025.028 11.47149185320285
C13 1050.014 3.9330801326301397
C13 1075.002 0.9383620436999254
C13 1099.99 0.09310341992041304
C14 319.994 43.507124967626595
C14 324.969 49.064131398423996
C14 349.982 74.7660664323074
C14 374.975 81.3154961537413
C14 400.019 86.31774845848213
C14 424.965 87.42040434171243
C14 450.035 88.4933870889182
C14 475.003 90.43274560441581
C14 500.018 92.36445371478892
C14 525.002 94.16840696566572
C14 550.029 95.58994738827306
C14 575.023 97.07771714551386
C14 599.982 98.29106219014932
C14 619.997 98.43582903375898
C14 624.979 98.48330451671313
C14 650.012 98.89925788740908
C14 675.004 99.1655410956643
C14 700.03 98.78237627170556
C14 725.012 98.2898267686598
C14 750.022 98.4283474439933
C14 774.987 98.51592424809152
C14 799.976 97.66615377236681
C14 824.988 96.18360194439849
C14 850.022 93.97865082893172
C14 869.967 90.8361375777308
C14 875.002 89.81625493429789
C14 899.999 83.10331219100041
C14 919.999 74.42850477550505
C14 925.012 71.55826000437189
C14 949.965 57.869858961393454
C14 975.002 42.95278136982897
C14 999.976 26.37776046591227
C14 1025.028 11.4742159192201
C14 1050.014 3.9213227663544554
C14 1075.002 0.9377211281200085
C14 1099.99 0.09303982886537072
C15 319.994 43.938122088820606
C15 324.969 49.55230704899135
C15 349.982 75.41704914960148
C15 374.975 81.83137287000518
C15 400.019 86.72462416692903
C15 424.965 87.79297983861818
C15 450.035 88.85459824280552
C15 475.003 90.79640458100596
C15 500.018 92.7307063091645
C15 525.002 94.53596404235942
C15 550.029 95.95561680231819
C15 575.023 97.43971866221746
C15 599.982 98.64597346178265
C15 619.997 98.79090912075114
C15 624.979 98.83512339791
C15 650.012 99.24123176381683
C15 675.004 99.49697935899688
C15 700.03 99.09622704401973
C15 725.012 98.56674534452038
C15 750.022 98.6606910917012
C15 774.987 98.70260334123985
C15 799.976 97.83269779726369
C15 824.988 96.36118035502157
C15 850.022 94.11504596542923
C15 869.967 91.08463378590719
C15 875.002 89.98656661106651
C15 899.999 83.43188826665853
C15 919.999 74.71896694719788
C15 925.012 71.52722867205145
C15 949.965 58.25037261687624
C15 975.002 43.059346065081236
C15 999.976 26.313988545763372
C15 1025.028 11.497528744765612
C15 1050.014 3.9325055849032617
C15 1075.002 0.9399350682855186
C15 1099.99 0.09325949397468762
C16 319.994 44.05243694372759
C16 324.969 49.68363388801169
C16 349.982 75.51367292224714
C16 374.975 81.81208187854781
C16 400.019 86.64530396856196
C16 424.965 87.69792144475427
C16 450.035 88.75994654048785
C16 475.003 90.70153034935166
C16 500.018 92.63069088249173
C16 525.002 94.43310177486299
C16 550.029 95.8412213764445
C16 575.023 97.32043526436352
C16 599.982 98.51319250864888
C16 619.997 98.64948789061617
C16 624.979 98.69407816561966
C16 650.012 99.09323440811346
C16 675.004 99.33807039237371
C16 700.03 98.91932389483192
C16 725.012 98.3661926982476
C16 750.022 98.40852698618328
C16 774.987 98.40701532137935
C16 799.976 97.52664322515662
C16 824.988 96.07611260138543
C16 850.022 93.84054451856986
C16 869.967 90.818772616049
C16 875.002 89.77732764724013
C16 899.999 83.17484386258576
C16 919.999 74.33883312627243
C16 925.012 71.4482537778274
C16 949.965 58.15871355046484
C16 975.002 42.79318179491973
C16 999.976 26.447592473771373
C16 1025.028 11.540300417949133
C16 1050.014 3.9264642011674704
C16 1075.002 0.9375331992395234
C16 1099.99 0.09302118273449571
C17 319.994 44.35963869293206
C17 324.969 50.03335025064876
C17 349.982 75.99456649210923
C17 374.975 82.20693332939182
C17 400.019 86.97380330996607
C17 424.965 88.0002467321166
C17 450.035 89.05697716432367
C17 475.003 91.00238233903704
C17 500.018 92.93421322421656
C17 525.002 94.73912565326845
C17 550.029 96.15304636445289
C17 575.023 97.62744901464566
C17 599.982 98.82143400699513
C17 619.997 98.94902005113263
C17 624.979 98.99374077436794
C17 650.012 99.3804967614142
C17 675.004 99.61981555281135
C17 700.03 99.18849231103779
C17 725.012 98.60324782915153
C17 750.022 98.60366986754858
C17 774.987 98.56504184408143
C17 799.976 97.67158655755051
C17 824.988 96.2142572788743
C17 850.022 93.96146235603415
C17 869.967 91.02102876276075
C17 875.002 90.01971580879754
C17 899.999 83.28689889371223
C17 919.999 74.654855477975
C17 925.012 71.69413334794214
C17 949.965 58.11180590099034
C17 975.002 43.03898079406777
C17 999.976 26.555254468855946
C17 1025.028 11.579978741517996
C17 1050.014 3.946569774690033
C17 1075.002 0.9393923168037834
C17 1099.99 0.0932056426712854
