lsstCam/transmission_sensor/r30_s10/19700101T000000.ecsv
# %ECSV 1.0
# ---
# datatype:
# - {name: amp_name, datatype: string}
# - {name: wavelength, unit: nm, datatype: float32}
# - {name: efficiency, unit: '%', datatype: float64}
# meta: !!omap
# - {MODE: AMP}
# - {TYPE: transmission_sensor}
# - {CALIBDATE: '1970-01-01T00:00:00'}
# - {INSTRUME: LSSTCAM}
# - {OBSTYPE: transmission_sensor}
# - {DETECTOR: 120}
# - {PARQUETFILE: qe_raft_allvalues_nircorrected_20230725.parquet}
# - {CALIBCLS: lsst.ip.isr.IntermediateSensorTransmissionCurve}
# - {CALIB_ID: 'raftName=R30 detectorName=S10 detector=120 calibDate=1970-01-01T00:00:00 ccd=120 ccdnum=120 filter=None'}
# - {DATE: '2024-01-18T22:42:25.400931'}
# - {CALIB_CREATION_DATE: '2024-01-18'}
# - {CALIB_CREATION_TIME: '22:42:25'}
# - __serialized_columns__:
#     efficiency:
#       __class__: astropy.units.quantity.Quantity
#       unit: !astropy.units.Unit {unit: '%'}
#       value: !astropy.table.SerializedColumn {name: efficiency}
#     wavelength:
#       __class__: astropy.units.quantity.Quantity
#       unit: !astropy.units.Unit {unit: nm}
#       value: !astropy.table.SerializedColumn {name: wavelength}
# schema: astropy-2.0
amp_name wavelength efficiency
C00 319.994 42.95635986328125
C00 324.969 48.44384002685547
C00 349.982 74.70470428466797
C00 374.975 82.06928253173828
C00 400.019 86.4976577758789
C00 424.965 87.21685791015625
C00 450.035 88.03709411621094
C00 475.003 89.81483459472656
C00 500.018 91.64209747314453
C00 525.002 93.39505767822266
C00 550.029 94.81331634521484
C00 575.023 96.3111801147461
C00 599.982 97.5498046875
C00 619.997 97.73443603515625
C00 624.979 97.7949447631836
C00 650.012 98.25666046142578
C00 675.004 98.56546783447266
C00 700.03 98.2259521484375
C00 725.012 97.75309753417969
C00 750.022 97.90486907958984
C00 774.987 97.98675537109375
C00 799.976 97.14336395263672
C00 824.988 95.65380096435547
C00 850.022 93.3972396850586
C00 869.967 90.4271011352539
C00 875.002 89.40186309814453
C00 899.999 82.4878921508789
C00 919.999 73.88493347167969
C00 925.012 71.19973754882812
C00 949.965 58.09938430786133
C00 975.002 42.969722747802734
C00 999.976 26.278427124023438
C00 1025.028 11.352293014526367
C00 1050.014 3.939148187637329
C00 1075.002 0.9327339829297453
C00 1099.99 0.09254500890118895
C01 319.994 43.0423698425293
C01 324.969 48.542564392089844
C01 349.982 74.80802154541016
C01 374.975 82.06084442138672
C01 400.019 86.3830795288086
C01 424.965 87.06324005126953
C01 450.035 87.86463928222656
C01 475.003 89.62921905517578
C01 500.018 91.44613647460938
C01 525.002 93.1890640258789
C01 550.029 94.59175109863281
C01 575.023 96.0822982788086
C01 599.982 97.30977630615234
C01 619.997 97.48902130126953
C01 624.979 97.54936981201172
C01 650.012 98.00221252441406
C01 675.004 98.31108856201172
C01 700.03 97.990234375
C01 725.012 97.57733154296875
C01 750.022 97.79315185546875
C01 774.987 97.94441223144531
C01 799.976 97.13538360595703
C01 824.988 95.63159942626953
C01 850.022 93.3878402709961
C01 869.967 90.42269134521484
C01 875.002 89.38524627685547
C01 899.999 82.35702514648438
C01 919.999 73.76879119873047
C01 925.012 71.01016998291016
C01 949.965 58.037689208984375
C01 975.002 42.79026794433594
C01 999.976 26.172786712646484
C01 1025.028 11.248170852661133
C01 1050.014 3.8896164894104004
C01 1075.002 0.9316690592010124
C01 1099.99 0.0924393481471494
C02 319.994 43.53252410888672
C02 324.969 49.09760665893555
C02 349.982 75.552734375
C02 374.975 82.6598892211914
C02 400.019 86.83094787597656
C02 424.965 87.45243835449219
C02 450.035 88.23310852050781
C02 475.003 89.98808288574219
C02 500.018 91.8011703491211
C02 525.002 93.54303741455078
C02 550.029 94.9420166015625
C02 575.023 96.42469787597656
C02 599.982 97.64949798583984
C02 619.997 97.8198013305664
C02 624.979 97.87504577636719
C02 650.012 98.31963348388672
C02 675.004 98.6224136352539
C02 700.03 98.29777526855469
C02 725.012 97.89527893066406
C02 750.022 98.12316131591797
C02 774.987 98.28628540039062
C02 799.976 97.47673797607422
C02 824.988 95.9597396850586
C02 850.022 93.73973083496094
C02 869.967 90.73418426513672
C02 875.002 89.65692138671875
C02 899.999 82.5992660522461
C02 919.999 74.04148864746094
C02 925.012 71.29161071777344
C02 949.965 58.25725555419922
C02 975.002 42.90412521362305
C02 999.976 26.213712692260742
C02 1025.028 11.266664505004883
C02 1050.014 3.895282745361328
C02 1075.002 0.9348129401711289
C02 1099.99 0.09275128112878027
C03 319.994 43.64952850341797
C03 324.969 49.23059844970703
C03 349.982 75.69023132324219
C03 374.975 82.6926040649414
C03 400.019 86.79316711425781
C03 424.965 87.39252471923828
C03 450.035 88.1598892211914
C03 475.003 89.90492248535156
C03 500.018 91.71199798583984
C03 525.002 93.44532775878906
C03 550.029 94.83489990234375
C03 575.023 96.30960845947266
C03 599.982 97.52921295166016
C03 619.997 97.69303131103516
C03 624.979 97.74689483642578
C03 650.012 98.18394470214844
C03 675.004 98.47937774658203
C03 700.03 98.14384460449219
C03 725.012 97.72408294677734
C03 750.022 97.93196105957031
C03 774.987 98.07563018798828
C03 799.976 97.26171875
C03 824.988 95.74695587158203
C03 850.022 93.54891204833984
C03 869.967 90.50537109375
C03 875.002 89.42266082763672
C03 899.999 82.42561340332031
C03 919.999 73.95901489257812
C03 925.012 71.20238494873047
C03 949.965 58.096622467041016
C03 975.002 42.73096466064453
C03 999.976 26.109779357910156
C03 1025.028 11.240974426269531
C03 1050.014 3.888110876083374
C03 1075.002 0.9329915543545538
C03 1099.99 0.09257056490133245
C04 319.994 43.99454879760742
C04 324.969 49.62057113647461
C04 349.982 76.18938446044922
C04 374.975 83.0500717163086
C04 400.019 87.08950805664062
C04 424.965 87.66948699951172
C04 450.035 88.43773651123047
C04 475.003 90.18976593017578
C04 500.018 92.00165557861328
C04 525.002 93.74005889892578
C04 550.029 95.12421417236328
C04 575.023 96.5976791381836
C04 599.982 97.8140869140625
C04 619.997 97.97337341308594
C04 624.979 98.02057647705078
C04 650.012 98.45576477050781
C04 675.004 98.73950958251953
C04 700.03 98.38695526123047
C04 725.012 97.93244934082031
C04 750.022 98.1025390625
C04 774.987 98.2096939086914
C04 799.976 97.37837219238281
C04 824.988 95.86651611328125
C04 850.022 93.66460418701172
C04 869.967 90.58522033691406
C04 875.002 89.50208282470703
C04 899.999 82.58145904541016
C04 919.999 74.11405181884766
C04 925.012 71.3388442993164
C04 949.965 58.087913513183594
C04 975.002 42.736732482910156
C04 999.976 26.14059066772461
C04 1025.028 11.276432037353516
C04 1050.014 3.896136522293091
C04 1075.002 0.9346169648316934
C04 1099.99 0.09273183663564032
C05 319.994 44.30052185058594
C05 324.969 49.96915054321289
C05 349.982 76.54351043701172
C05 374.975 83.14774322509766
C05 400.019 87.0938720703125
C05 424.965 87.66304016113281
C05 450.035 88.44265747070312
C05 475.003 90.20292663574219
C05 500.018 92.01451110839844
C05 525.002 93.74887084960938
C05 550.029 95.12751770019531
C05 575.023 96.58647155761719
C05 599.982 97.78866577148438
C05 619.997 97.9354476928711
C05 624.979 97.98446655273438
C05 650.012 98.40200805664062
C05 675.004 98.6737289428711
C05 700.03 98.29786682128906
C05 725.012 97.80038452148438
C05 750.022 97.92556762695312
C05 774.987 97.98489379882812
C05 799.976 97.13164520263672
C05 824.988 95.63292694091797
C05 850.022 93.44051361083984
C05 869.967 90.28583526611328
C05 875.002 89.20646667480469
C05 899.999 82.48031616210938
C05 919.999 74.01106262207031
C05 925.012 71.22103881835938
C05 949.965 57.766700744628906
C05 975.002 42.567195892333984
C05 999.976 26.083803176879883
C05 1025.028 11.289560317993164
C05 1050.014 3.8965392112731934
C05 1075.002 0.9329313939732502
C05 1099.99 0.09256459584356772
C06 319.994 44.50612258911133
C06 324.969 50.20014190673828
C06 349.982 76.76334381103516
C06 374.975 83.19894409179688
C06 400.019 87.09959411621094
C06 424.965 87.6669692993164
C06 450.035 88.4525375366211
C06 475.003 90.22004699707031
C06 500.018 92.0369644165039
C06 525.002 93.7685317993164
C06 550.029 95.144287109375
C06 575.023 96.59925842285156
C06 599.982 97.78863525390625
C06 619.997 97.9297103881836
C06 624.979 97.97840118408203
C06 650.012 98.38459777832031
C06 675.004 98.64454650878906
C06 700.03 98.251220703125
C06 725.012 97.71940612792969
C06 750.022 97.7961196899414
C06 774.987 97.81246185302734
C06 799.976 96.9410400390625
C06 824.988 95.4622573852539
C06 850.022 93.23582458496094
C06 869.967 90.10224151611328
C06 875.002 89.05070495605469
C06 899.999 82.47588348388672
C06 919.999 73.91703033447266
C06 925.012 71.0866928100586
C06 949.965 57.5678825378418
C06 975.002 42.56642150878906
C06 999.976 26.139019012451172
C06 1025.028 11.350525856018066
C06 1050.014 3.898853302001953
C06 1075.002 0.9316985988501507
C06 1099.99 0.09244227904399938
C07 319.994 44.81534194946289
C07 324.969 50.555938720703125
C07 349.982 77.2127914428711
C07 374.975 83.50508880615234
C07 400.019 87.375732421875
C07 424.965 87.94654083251953
C07 450.035 88.74327850341797
C07 475.003 90.52645874023438
C07 500.018 92.35289764404297
C07 525.002 94.0916748046875
C07 550.029 95.472412109375
C07 575.023 96.92034149169922
C07 599.982 98.10888671875
C07 619.997 98.24212646484375
C07 624.979 98.28946685791016
C07 650.012 98.68455505371094
C07 675.004 98.93795013427734
C07 700.03 98.52173614501953
C07 725.012 97.95980072021484
C07 750.022 97.99357604980469
C07 774.987 97.969970703125
C07 799.976 97.0801773071289
C07 824.988 95.62090301513672
C07 850.022 93.34992980957031
C07 869.967 90.2906723022461
C07 875.002 89.2575454711914
C07 899.999 82.68252563476562
C07 919.999 73.95466613769531
C07 925.012 71.09571075439453
C07 949.965 57.679107666015625
C07 975.002 42.66022491455078
C07 999.976 26.284229278564453
C07 1025.028 11.437901496887207
C07 1050.014 3.9089906215667725
C07 1075.002 0.9335799822506917
C07 1099.99 0.09262894817660965
C10 319.994 42.21780776977539
C10 324.969 47.60688018798828
C10 349.982 72.77216339111328
C10 374.975 79.69474792480469
C10 400.019 85.17710876464844
C10 424.965 86.48578643798828
C10 450.035 87.64627075195312
C10 475.003 89.62427520751953
C10 500.018 91.58072662353516
C10 525.002 93.4068374633789
C10 550.029 94.85491943359375
C10 575.023 96.36052703857422
C10 599.982 97.59441375732422
C10 619.997 97.76385498046875
C10 624.979 97.81532287597656
C10 650.012 98.25247955322266
C10 675.004 98.53555297851562
C10 700.03 98.16679382324219
C10 725.012 97.66303253173828
C10 750.022 97.77241516113281
C10 774.987 97.82720947265625
C10 799.976 96.97699737548828
C10 824.988 95.50682067871094
C10 850.022 93.33531951904297
C10 869.967 90.25504302978516
C10 875.002 89.18421173095703
C10 899.999 82.54180908203125
C10 919.999 74.05367279052734
C10 925.012 71.24801635742188
C10 949.965 57.817054748535156
C10 975.002 42.57786560058594
C10 999.976 26.199905395507812
C10 1025.028 11.431875228881836
C10 1050.014 3.979811429977417
C10 1075.002 0.9314723809513478
C10 1099.99 0.09241983391190227
C11 319.994 42.399009704589844
C11 324.969 47.81453323364258
C11 349.982 73.0802993774414
C11 374.975 79.92771911621094
C11 400.019 85.26805877685547
C11 424.965 86.51768493652344
C11 450.035 87.64360046386719
C11 475.003 89.60609436035156
C11 500.018 91.55155181884766
C11 525.002 93.36980438232422
C11 550.029 94.80652618408203
C11 575.023 96.3104476928711
C11 599.982 97.53679656982422
C11 619.997 97.70503997802734
C11 624.979 97.76016235351562
C11 650.012 98.18771362304688
C11 675.004 98.47268676757812
C11 700.03 98.12132263183594
C11 725.012 97.67897033691406
C11 750.022 97.8572006225586
C11 774.987 97.98043823242188
C11 799.976 97.15653991699219
C11 824.988 95.68457794189453
C11 850.022 93.51737213134766
C11 869.967 90.38582611083984
C11 875.002 89.324462890625
C11 899.999 82.65081787109375
C11 919.999 73.9959945678711
C11 925.012 71.22409057617188
C11 949.965 57.75436782836914
C11 975.002 42.667240142822266
C11 999.976 26.206233978271484
C11 1025.028 11.394913673400879
C11 1050.014 3.9379167556762695
C11 1075.002 0.9322795183309027
C11 1099.99 0.09249991734119983
C12 319.994 42.76520919799805
C12 324.969 48.23081970214844
C12 349.982 73.65457916259766
C12 374.975 80.39276885986328
C12 400.019 85.55461120605469
C12 424.965 86.72512817382812
C12 450.035 87.82098388671875
C12 475.003 89.76668548583984
C12 500.018 91.69674682617188
C12 525.002 93.50639343261719
C12 550.029 94.93873596191406
C12 575.023 96.42681884765625
C12 599.982 97.64664459228516
C12 619.997 97.8061294555664
C12 624.979 97.85662841796875
C12 650.012 98.28470611572266
C12 675.004 98.56385040283203
C12 700.03 98.21444702148438
C12 725.012 97.77371215820312
C12 750.022 97.96894836425781
C12 774.987 98.10338592529297
C12 799.976 97.28510284423828
C12 824.988 95.8083267211914
C12 850.022 93.63484954833984
C12 869.967 90.4787826538086
C12 875.002 89.42107391357422
C12 899.999 82.74874877929688
C12 919.999 74.05807495117188
C12 925.012 71.21957397460938
C12 949.965 57.74212646484375
C12 975.002 42.71390914916992
C12 999.976 26.207551956176758
C12 1025.028 11.420443534851074
C12 1050.014 3.926316261291504
C12 1075.002 0.9333440201835158
C12 1099.99 0.09260553623707835
C13 319.994 43.032772064208984
C13 324.969 48.53071975708008
C13 349.982 74.02738189697266
C13 374.975 80.65223693847656
C13 400.019 85.71183013916016
C13 424.965 86.8343734741211
C13 450.035 87.91121673583984
C13 475.003 89.84282684326172
C13 500.018 91.7685317993164
C13 525.002 93.56623077392578
C13 550.029 94.98729705810547
C13 575.023 96.4688491821289
C13 599.982 97.68187713623047
C13 619.997 97.83636474609375
C13 624.979 97.88197326660156
C13 650.012 98.30354309082031
C13 675.004 98.57345581054688
C13 700.03 98.2132797241211
C13 725.012 97.75180053710938
C13 750.022 97.93047332763672
C13 774.987 98.04581451416016
C13 799.976 97.2154541015625
C13 824.988 95.73748016357422
C13 850.022 93.55530548095703
C13 869.967 90.4183120727539
C13 875.002 89.35841369628906
C13 899.999 82.69725799560547
C13 919.999 74.0001220703125
C13 925.012 71.15756225585938
C13 949.965 57.73741149902344
C13 975.002 42.66590118408203
C13 999.976 26.198415756225586
C13 1025.028 11.405667304992676
C13 1050.014 3.9105117321014404
C13 1075.002 0.9329776300269228
C13 1099.99 0.09256918334233691
C14 319.994 43.257476806640625
C14 324.969 48.782596588134766
C14 349.982 74.33705139160156
C14 374.975 80.8488998413086
C14 400.019 85.82244873046875
C14 424.965 86.91877746582031
C14 450.035 87.98560333251953
C14 475.003 89.91383361816406
C14 500.018 91.83445739746094
C14 525.002 93.62805938720703
C14 550.029 95.04144287109375
C14 575.023 96.52067565917969
C14 599.982 97.72705841064453
C14 619.997 97.8709945678711
C14 624.979 97.91819763183594
C14 650.012 98.3317642211914
C14 675.004 98.59651947021484
C14 700.03 98.2155532836914
C14 725.012 97.725830078125
C14 750.022 97.86355590820312
C14 774.987 97.95063018798828
C14 799.976 97.1057357788086
C14 824.988 95.6316909790039
C14 850.022 93.43939208984375
C14 869.967 90.31491088867188
C14 875.002 89.3008804321289
C14 899.999 82.62645721435547
C14 919.999 74.00142669677734
C14 925.012 71.14765167236328
C14 949.965 57.53779602050781
C14 975.002 42.70631408691406
C14 999.976 26.226402282714844
C14 1025.028 11.40837574005127
C14 1050.014 3.8988218307495117
C14 1075.002 0.9323403920836227
C14 1099.99 0.09250595717902114
C15 319.994 43.68600082397461
C15 324.969 49.26797103881836
C15 349.982 74.98429870605469
C15 374.975 81.36181640625
C15 400.019 86.22698974609375
C15 424.965 87.28921508789062
C15 450.035 88.34474182128906
C15 475.003 90.27540588378906
C15 500.018 92.1986083984375
C15 525.002 93.9935073852539
C15 550.029 95.40501403808594
C15 575.023 96.88059997558594
C15 599.982 98.0799331665039
C15 619.997 98.22403717041016
C15 624.979 98.26799774169922
C15 650.012 98.6717758178711
C15 675.004 98.92605590820312
C15 700.03 98.52760314941406
C15 725.012 98.00115966796875
C15 750.022 98.09456634521484
C15 774.987 98.13623809814453
C15 799.976 97.27132415771484
C15 824.988 95.8082504272461
C15 850.022 93.57500457763672
C15 869.967 90.56198120117188
C15 875.002 89.47021484375
C15 899.999 82.9531478881836
C15 919.999 74.29022216796875
C15 925.012 71.1167984008789
C15 949.965 57.9161262512207
C15 975.002 42.8122673034668
C15 999.976 26.162996292114258
C15 1025.028 11.431554794311523
C15 1050.014 3.909940481185913
C15 1075.002 0.9345416284427732
C15 1099.99 0.09272436182834178
C16 319.994 43.799659729003906
C16 324.969 49.39854431152344
C16 349.982 75.08036804199219
C16 374.975 81.34263610839844
C16 400.019 86.14812469482422
C16 424.965 87.1947021484375
C16 450.035 88.2506332397461
C16 475.003 90.18107604980469
C16 500.018 92.09916687011719
C16 525.002 93.8912353515625
C16 550.029 95.29127502441406
C16 575.023 96.76200103759766
C16 599.982 97.94791412353516
C16 619.997 98.08342742919922
C16 624.979 98.12776184082031
C16 650.012 98.52462768554688
C16 675.004 98.76805877685547
C16 700.03 98.35171508789062
C16 725.012 97.8017578125
C16 750.022 97.8438491821289
C16 774.987 97.84234619140625
C16 799.976 96.96702575683594
C16 824.988 95.52481842041016
C16 850.022 93.30207824707031
C16 869.967 90.29764556884766
C16 875.002 89.26217651367188
C16 899.999 82.69757843017578
C16 919.999 73.91226959228516
C16 925.012 71.03827667236328
C16 949.965 57.82499313354492
C16 975.002 42.547630310058594
C16 999.976 26.295833587646484
C16 1025.028 11.474081039428711
C16 1050.014 3.9039337635040283
C16 1075.002 0.9321535415575323
C16 1099.99 0.0924874180414785
C17 319.994 44.105098724365234
C17 324.969 49.746253967285156
C17 349.982 75.55850219726562
C17 374.975 81.73522186279297
C17 400.019 86.47473907470703
C17 424.965 87.49529266357422
C17 450.035 88.54595947265625
C17 475.003 90.4802017211914
C17 500.018 92.40094757080078
C17 525.002 94.19550323486328
C17 550.029 95.60131072998047
C17 575.023 97.06725311279297
C17 599.982 98.25438690185547
C17 619.997 98.38124084472656
C17 624.979 98.42570495605469
C17 650.012 98.81024169921875
C17 675.004 99.04818725585938
C17 700.03 98.61933898925781
C17 725.012 98.0374526977539
C17 750.022 98.03787231445312
C17 774.987 97.99946594238281
C17 799.976 97.11113739013672
C17 824.988 95.66217041015625
C17 850.022 93.42230224609375
C17 869.967 90.49874114990234
C17 875.002 89.503173828125
C17 899.999 82.80899047851562
C17 919.999 74.22647857666016
C17 925.012 71.28274536132812
C17 949.965 57.77835464477539
C17 975.002 42.79201889038086
C17 999.976 26.402877807617188
C17 1025.028 11.513531684875488
C17 1050.014 3.923923969268799
C17 1075.002 0.9340019913224074
C17 1099.99 0.0926708195290135
