lsstCam/transmission_filter_detector/r34_s02/u_24/19700101T000000.ecsv
# %ECSV 1.0
# ---
# datatype:
# - {name: wavelength, unit: nm, datatype: float32}
# - {name: efficiency, unit: '%', datatype: float64}
# meta: !!omap
# - {MODE: DETECTOR}
# - {TYPE: transmission_filter_detector}
# - {CALIBDATE: '1970-01-01T00:00:00'}
# - {INSTRUME: LSSTCam}
# - {OBSTYPE: transmission_filter_detector}
# - {CALIBCLS: lsst.ip.isr.IntermediateFilterDetectorTransmissionCurve}
# - {SOURCE: Materion (DM-46256)}
# - {DETECTOR: 155}
# - {FILTER: u_24}
# - {CALIB_ID: 'calibDate=1970-01-01T00:00:00 filter=u_24 detector=155'}
# - {DATE: '2025-04-02T15:59:40.468594'}
# - {CALIB_CREATION_DATE: '2025-04-02'}
# - {CALIB_CREATION_TIME: '15:59:40'}
# - __serialized_columns__:
#     efficiency:
#       __class__: astropy.units.quantity.Quantity
#       unit: !astropy.units.Unit {unit: '%'}
#       value: !astropy.table.SerializedColumn {name: efficiency}
#     wavelength:
#       __class__: astropy.units.quantity.Quantity
#       unit: !astropy.units.Unit {unit: nm}
#       value: !astropy.table.SerializedColumn {name: wavelength}
# schema: astropy-2.0
wavelength efficiency
[from data line 581]
876.0 0.0025794630346354097
877.0 0.002731532003963366
878.0 0.0028836013370892033
879.0 0.002930988193838857
880.0 0.002978375050588511
881.0 0.0033142972824862227
882.0 0.0036502195143839344
883.0 0.003275871858932078
884.0 0.0029015242034802213
885.0 0.00277708750218153
886.0 0.002652650982781779
887.0 0.0024286602638312615
888.0 0.002204669544880744
889.0 0.0022692840502713807
890.0 0.0023338985556620173
891.0 0.00257528754445957
892.0 0.002816676897055004
893.0 0.00297177757602185
894.0 0.0031268784368876368
895.0 0.003326804653625004
896.0 0.003526731234160252
897.0 0.003664821633719839
898.0 0.0038029120332794264
899.0 0.0038405265513574705
900.0 0.003878140705637634
901.0 0.003893587563652545
902.0 0.003909034057869576
903.0 0.0041498467908240855
904.0 0.004390659159980714
905.0 0.004937095582135953
906.0 0.005483531640493311
907.0 0.005532576687983237
908.0 0.005581621735473163
909.0 0.005859063458046876
910.0 0.006136504816822708
911.0 0.006114263669587672
912.0 0.006092022522352636
913.0 0.005677473018295132
914.0 0.005262923514237627
915.0 0.00479486734548118
916.0 0.004326810812926851
917.0 0.004175628419034183
918.0 0.004024446025141515
919.0 0.004121038364246488
920.0 0.00421763033955358
921.0 0.0046531517000403255
922.0 0.005088673060527071
923.0 0.0054569380154134706
924.0 0.005825202606501989
925.0 0.00627699846518226
926.0 0.00672879396006465
927.0 0.006985696381889284
928.0 0.007242598803713918
929.0 0.007504427776439115
930.0 0.0077662574767600745
931.0 0.007437343447236344
932.0 0.007108427962521091
933.0 0.007274592644535005
934.0 0.007440756598953158
935.0 0.007165421993704513
936.0 0.006890088116051629
937.0 0.006864417809993029
938.0 0.006838746048742905
939.0 0.006759190000593662
940.0 0.006679631042061374
941.0 0.005747135946876369
942.0 0.0048146404878934845
943.0 0.004231251296005212
944.0 0.0036478617403190583
945.0 0.0033780383091652766
946.0 0.0031082152418093756
947.0 0.002365119507885538
948.0 0.0016220239558606409
949.0 0.001506249827798456
950.0 0.001390475699736271
951.0 0.0012785854778485373
952.0 0.001166694983112393
953.0 0.0014000704140926246
954.0 0.001633445754123386
955.0 0.0019575551050365902
956.0 0.002281664092151914
957.0 0.002477939779055305
958.0 0.002674215647857636
959.0 0.0029350847398745827
960.0 0.0031959534680936486
961.0 0.003986783849541098
962.0 0.004777614230988547
963.0 0.004580830136546865
964.0 0.004384046042105183
965.0 0.004471177817322314
966.0 0.004558310320135206
967.0 0.004535793050308712
968.0 0.004513276144280098
969.0 0.004636735684471205
970.0 0.004760195224662311
971.0 0.004805247954209335
972.0 0.004850300319958478
973.0 0.004648440153687261
974.0 0.004446579623618163
975.0 0.004584875932778232
976.0 0.00472317187814042
977.0 0.004111654925509356
978.0 0.0035001376090804115
979.0 0.0032763375202193856
980.0 0.0030525377951562405
981.0 0.003059289520024322
982.0 0.003066040517296642
983.0 0.003129618926323019
984.0 0.003193196971551515
985.0 0.0034097240131814033
986.0 0.003626251418609172
987.0 0.0039197122532641515
988.0 0.004213173451717012
989.0 0.004675348463933915
990.0 0.0051375231123529375
991.0 0.006029715950717218
992.0 0.006921908789081499
993.0 0.007520511280745268
994.0 0.008119112317217514
995.0 0.008011688623810187
996.0 0.00790426493040286
997.0 0.007621089753229171
998.0 0.0073379153036512434
999.0 0.006871737423352897
1000.0 0.0064055588154587895
1001.0 0.00613550073467195
1002.0 0.005865441198693588
1003.0 0.005526177483261563
1004.0 0.005186914131627418
1005.0 0.004905484092887491
1006.0 0.004624054054147564
1007.0 0.00481635688629467
1008.0 0.005008661901229061
1009.0 0.0045182270696386695
1010.0 0.00402779332944192
1011.0 0.0035693788959179074
1012.0 0.0031109648261917755
1013.0 0.002878229133784771
1014.0 0.0026454934413777664
1015.0 0.002310562013008166
1016.0 0.0019756305846385658
1017.0 0.0017425621990696527
1018.0 0.0015094941772986203
1019.0 0.001160635565611301
1020.0 0.0008117769539239816
1021.0 0.0011815285688498989
1022.0 0.0015512803656747565
1023.0 0.0014615527106798254
1024.0 0.0013718251466343645
1025.0 0.0012133936252212152
1026.0 0.0010549623766564764
1027.0 0.0013858304555469658
1028.0 0.0017166983525385149
1029.0 0.0017052205294021405
1030.0 0.0016937427062657662
1031.0 0.0018147102309740148
1032.0 0.0019356775737833232
1033.0 0.0022069823899073526
1034.0 0.0024782870241324417
1035.0 0.0020498508092714474
1036.0 0.0016214142306125723
1037.0 0.0021772924810647964
1038.0 0.0027331707315170206
1039.0 0.002401441815891303
1040.0 0.002069712536467705
1041.0 0.0018908453057520092
1042.0 0.0017119782569352537
1043.0 0.001980545675905887
1044.0 0.0022491130948765203
1045.0 0.0022996995539870113
1046.0 0.002350285831198562
1047.0 0.0020960147594450973
1048.0 0.001841743323893752
1049.0 0.0018190539776696824
1050.0 0.0017963646314456128
1051.0 0.0018481277948012576
1052.0 0.0018998911400558427
1053.0 0.001998709012696054
1054.0 0.0020975272491341457
1055.0 0.001535613409942016
1056.0 0.0009736997526488267
1057.0 0.000755601649871096
1058.0 0.0005375034561438952
1059.0 0.001024393077386776
1060.0 0.0015112829714780673
1061.0 0.0013260186278785113
1062.0 0.0011407545571273658
1063.0 0.0009071714885067195
1064.0 0.0006735884653608082
1065.0 0.001073624207492685
1066.0 0.0014736601769982371
1067.0 0.0012694304132310208
1068.0 0.0010652007404132746
1069.0 0.0014369506061484572
1070.0 0.0018087004718836397
1071.0 0.0022028538296581246
1072.0 0.0025970071874326095
1073.0 0.0027794547349913046
1074.0 0.0029619021006510593
1075.0 0.002630398557812441
1076.0 0.0022988946511759423
1077.0 0.00244845577981323
1078.0 0.0025980167265515774
1079.0 0.00384406594093889
1080.0 0.005090114427730441
1081.0 0.004833687853533775
1082.0 0.00457726237073075
1083.0 0.004589642048813403
1084.0 0.004602022090693936
1085.0 0.005089244950795546
1086.0 0.005576468538492918
1087.0 0.005260721081867814
1088.0 0.0049449743528384715
1089.0 0.005963528019492514
1090.0 0.0069820802309550345
1091.0 0.005556115502258763
1092.0 0.00413015040976461
1093.0 0.004957306737196632
1094.0 0.00578446124563925
1095.0 0.005593952664639801
1096.0 0.00540344299224671
1097.0 0.005358594353310764
1098.0 0.005313745714374818
1099.0 0.003701539390021935
1100.0 0.0020893332475679927
