lsstCam/transmission_filter_detector/r34_s02/u_24/19700101T000000.ecsv
# %ECSV 1.0
# ---
# datatype:
# - {name: wavelength, unit: nm, datatype: float32}
# - {name: efficiency, unit: '%', datatype: float64}
# meta: !!omap
# - {MODE: DETECTOR}
# - {TYPE: transmission_filter_detector}
# - {CALIBDATE: '1970-01-01T00:00:00'}
# - {INSTRUME: LSSTCam}
# - {OBSTYPE: transmission_filter_detector}
# - {CALIBCLS: lsst.ip.isr.IntermediateFilterDetectorTransmissionCurve}
# - {SOURCE: Materion (DM-46256)}
# - {DETECTOR: 155}
# - {FILTER: u_24}
# - {CALIB_ID: 'calibDate=1970-01-01T00:00:00 filter=u_24 detector=155'}
# - {DATE: '2025-04-02T15:59:40.468594'}
# - {CALIB_CREATION_DATE: '2025-04-02'}
# - {CALIB_CREATION_TIME: '15:59:40'}
# - __serialized_columns__:
#     efficiency:
#       __class__: astropy.units.quantity.Quantity
#       unit: !astropy.units.Unit {unit: '%'}
#       value: !astropy.table.SerializedColumn {name: efficiency}
#     wavelength:
#       __class__: astropy.units.quantity.Quantity
#       unit: !astropy.units.Unit {unit: nm}
#       value: !astropy.table.SerializedColumn {name: wavelength}
# schema: astropy-2.0
wavelength efficiency
295.0 1.7150305698168666e-10
296.0 1.7150305698168666e-10
297.0 1.7150305698168666e-10
298.0 1.7150305698168666e-10
299.0 1.7150305698168666e-10
300.0 1.7150305698168666e-10
301.0 1.7150305698168666e-10
302.0 1.7150305698168666e-10
303.0 1.7150305698168666e-10
304.0 0.6861625239253044
305.0 1.5219148248434067
306.0 3.1694848090410233
307.0 5.372478440403938
308.0 8.107531070709229
309.0 11.94101944565773
310.0 15.944349765777588
311.0 19.728681445121765
312.0 23.18006306886673
313.0 26.038670539855957
314.0 28.61861288547516
315.0 31.38425350189209
316.0 33.78477096557617
317.0 37.32386827468872
318.0 41.26105010509491
319.0 46.39195799827576
320.0 52.62812376022339
321.0 58.06570053100586
322.0 63.70124816894531
323.0 68.27558875083923
324.0 71.4215874671936
325.0 73.87252449989319
326.0 76.1096715927124
327.0 77.68919467926025
328.0 79.17587757110596
329.0 80.41843771934509
330.0 81.2752366065979
331.0 81.59807920455933
332.0 81.74083232879639
333.0 82.02036023139954
334.0 81.99855089187622
335.0 82.55597352981567
336.0 83.12934637069702
337.0 83.83150696754456
338.0 84.6077024936676
339.0 85.03572940826416
340.0 85.34051775932312
341.0 85.78346967697144
342.0 85.97394227981567
343.0 86.06226444244385
344.0 86.26452088356018
345.0 86.7004930973053
346.0 87.05376386642456
347.0 87.42600083351135
348.0 87.63137459754944
349.0 87.74473071098328
350.0 87.77921199798584
351.0 88.00690770149231
352.0 87.8840446472168
353.0 87.90117502212524
354.0 87.83973455429077
355.0 87.91699409484863
356.0 87.97059655189514
357.0 87.8013014793396
358.0 87.32534646987915
359.0 87.06245422363281
360.0 86.89846396446228
361.0 86.75587773323059
362.0 86.70405149459839
363.0 86.9509756565094
364.0 87.1829092502594
365.0 87.5254213809967
366.0 87.82327771186829
367.0 87.85797357559204
368.0 87.87694573402405
369.0 88.05181980133057
370.0 87.9908561706543
371.0 88.01483511924744
372.0 88.1757915019989
373.0 88.46113085746765
374.0 88.46701383590698
375.0 88.81223201751709
376.0 89.04173970222473
377.0 89.02401924133301
378.0 88.86719942092896
379.0 88.23376297950745
380.0 87.11824417114258
381.0 85.42225956916809
382.0 83.43526721000671
383.0 81.34905099868774
384.0 79.13496494293213
385.0 76.38485431671143
386.0 73.36764335632324
387.0 69.44640278816223
388.0 65.45352935791016
389.0 60.75941324234009
390.0 56.48535490036011
391.0 52.2313117980957
392.0 48.10062050819397
393.0 44.43848729133606
394.0 40.604475140571594
395.0 35.96879243850708
396.0 30.69922626018524
397.0 23.825696110725403
398.0 17.045176029205322
399.0 10.645773261785507
400.0 5.640067905187607
401.0 2.3704761639237404
402.0 0.7524315733462572
403.0 0.25171705055981874
404.0 0.0920657126698643
405.0 0.029604064184240997
406.0 0.02919559774454683
407.0 0.010089296119986102
408.0 1.7150305698168666e-10
409.0 1.7150305698168666e-10
410.0 1.7150305698168666e-10
411.0 1.7150305698168666e-10
412.0 1.7150305698168666e-10
413.0 1.7150305698168666e-10
414.0 1.7150305698168666e-10
415.0 1.7150305698168666e-10
416.0 1.7150305698168666e-10
417.0 1.7150305698168666e-10
418.0 1.7150305698168666e-10
419.0 1.7150305698168666e-10
420.0 1.7150305698168666e-10
421.0 1.7150305698168666e-10
422.0 1.7150305698168666e-10
423.0 1.7150305698168666e-10
424.0 1.7150305698168666e-10
425.0 1.7150305698168666e-10
426.0 1.7150305698168666e-10
427.0 1.7150305698168666e-10
428.0 1.7150305698168666e-10
429.0 1.7150305698168666e-10
430.0 1.7150305698168666e-10
431.0 1.7150305698168666e-10
432.0 1.7150305698168666e-10
433.0 1.7150305698168666e-10
434.0 0.0005457657152874162
435.0 0.001498927485954482
436.0 0.002452089211146813
437.0 0.0012510974556789733
438.0 5.010551262785157e-05
439.0 1.7150305698168666e-10
440.0 1.7150305698168666e-10
441.0 1.7150305698168666e-10
442.0 1.7150305698168666e-10
443.0 1.7150305698168666e-10
444.0 1.7150305698168666e-10
445.0 1.7150305698168666e-10
446.0 0.0004881911081611179
447.0 8.974401453087921e-05
448.0 1.7150305698168666e-10
449.0 0.000515863393957261
450.0 0.0013404297533270437
451.0 0.0003726921477209544
452.0 1.7150305698168666e-10
453.0 0.0004282225745555479
454.0 0.0014514910617435817
455.0 1.7150305698168666e-10
456.0 1.7150305698168666e-10
457.0 1.7150305698168666e-10
458.0 0.000255907707469305
459.0 2.7314865747030126e-05
460.0 1.7150305698168666e-10
461.0 1.7150305698168666e-10
462.0 1.7150305698168666e-10
463.0 0.0001689997475295968
464.0 0.00042290939745726064
465.0 5.8243432476956514e-05
466.0 1.7150305698168666e-10
467.0 1.7150305698168666e-10
468.0 0.00025753424779395573
469.0 0.00013980633184473845
470.0 2.2078413053350232e-05
471.0 1.7150305698168666e-10
472.0 1.7150305698168666e-10
473.0 1.7150305698168666e-10
474.0 1.7150305698168666e-10
475.0 1.7150305698168666e-10
476.0 1.7150305698168666e-10
477.0 1.7150305698168666e-10
478.0 1.7150305698168666e-10
479.0 1.7150305698168666e-10
480.0 1.7150305698168666e-10
481.0 1.7150305698168666e-10
482.0 1.7150305698168666e-10
483.0 1.7150305698168666e-10
484.0 1.7150305698168666e-10
485.0 1.7150305698168666e-10
486.0 1.7150305698168666e-10
487.0 1.7150305698168666e-10
488.0 1.7150305698168666e-10
489.0 1.7150305698168666e-10
490.0 1.7150305698168666e-10
491.0 1.7150305698168666e-10
492.0 1.7150305698168666e-10
493.0 1.7150305698168666e-10
494.0 1.7150305698168666e-10
495.0 1.7150305698168666e-10
496.0 1.7150305698168666e-10
497.0 1.7150305698168666e-10
498.0 1.7150305698168666e-10
499.0 1.7150305698168666e-10
500.0 1.7150305698168666e-10
501.0 1.7150305698168666e-10
502.0 0.00047859489313850645
503.0 0.00040298732528754044
504.0 0.00032737971196183935
505.0 1.7150305698168666e-10
506.0 1.7150305698168666e-10
507.0 1.7150305698168666e-10
508.0 1.7150305698168666e-10
509.0 1.7150305698168666e-10
510.0 1.7150305698168666e-10
511.0 1.7150305698168666e-10
512.0 1.7150305698168666e-10
513.0 1.7150305698168666e-10
514.0 1.7150305698168666e-10
515.0 1.7150305698168666e-10
516.0 1.7150305698168666e-10
517.0 1.7150305698168666e-10
518.0 1.7150305698168666e-10
519.0 1.7150305698168666e-10
520.0 1.7150305698168666e-10
521.0 1.7150305698168666e-10
522.0 1.7150305698168666e-10
523.0 1.7150305698168666e-10
524.0 1.7150305698168666e-10
525.0 1.7150305698168666e-10
526.0 1.7150305698168666e-10
527.0 1.7150305698168666e-10
528.0 1.7150305698168666e-10
529.0 1.7150305698168666e-10
530.0 1.7150305698168666e-10
531.0 1.7150305698168666e-10
532.0 1.7150305698168666e-10
533.0 1.7150305698168666e-10
534.0 0.00012063369467796292
535.0 1.7150305698168666e-10
536.0 1.7150305698168666e-10
537.0 1.7150305698168666e-10
538.0 1.7150305698168666e-10
539.0 1.7150305698168666e-10
540.0 1.7150305698168666e-10
541.0 0.00011582859542613733
542.0 0.00024137159471138148
543.0 1.7150305698168666e-10
544.0 1.7150305698168666e-10
545.0 1.7150305698168666e-10
546.0 0.00032390876185672823
547.0 2.438884791899909e-05
548.0 1.7150305698168666e-10
549.0 1.7150305698168666e-10
550.0 1.7150305698168666e-10
551.0 1.7150305698168666e-10
552.0 1.7150305698168666e-10
553.0 1.7150305698168666e-10
554.0 1.7150305698168666e-10
555.0 1.7150305698168666e-10
556.0 1.7150305698168666e-10
557.0 1.7150305698168666e-10
558.0 1.7150305698168666e-10
559.0 1.7150305698168666e-10
560.0 1.7150305698168666e-10
561.0 1.7150305698168666e-10
562.0 5.105588911646919e-05
563.0 1.7150305698168666e-10
564.0 1.7150305698168666e-10
565.0 3.5723113001040474e-05
566.0 0.00018647461956788902
567.0 1.7150305698168666e-10
568.0 1.7150305698168666e-10
569.0 2.2074958394568966e-05
570.0 0.0003060564267798327
571.0 0.0002906761210397235
572.0 0.00027529581529961433
573.0 0.00037324591630749637
574.0 0.0004711960173153784
575.0 0.00031561273772240384
576.0 0.00016002951497284812
577.0 0.00023674072053836426
578.0 0.0003134519602099317
579.0 0.0007667055797355715
580.0 0.001219959267473314
581.0 0.0014543938050337601
582.0 0.0016888283425942063
583.0 0.0016722935470170341
584.0 0.0016557589333388023
585.0 0.0013419229617284145
586.0 0.0010280869901180267
587.0 0.0006601479526580079
588.0 0.0002922089379353565
589.0 0.0006117209977674065
590.0 0.0009312329893873539
591.0 0.0008049933967413381
592.0 0.0006787538495700574
593.0 0.0007620470569236204
594.0 0.0008453402188024484
595.0 0.0007207460839708801
596.0 0.0005961521310382523
597.0 0.000874537363415584
598.0 0.0011529225048434455
599.0 0.0016330248399754055
600.0 0.0021131272660568357
601.0 0.0024090990336844698
602.0 0.002705070801312104
603.0 0.0023259417503140867
604.0 0.0019468130631139502
605.0 0.0016536085240659304
606.0 0.0013604042578663211
607.0 0.0011088136488979217
608.0 0.0008572228580305818
609.0 0.0006908252089488087
610.0 0.0005244274234428303
611.0 0.0004863472895522136
612.0 0.0004482671556615969
613.0 0.000614701230006176
614.0 0.0007811352588760201
615.0 0.0007699317393417004
616.0 0.0007587280833831755
617.0 0.0005775480076408712
618.0 0.0003963678864238318
619.0 0.00042773863242473453
620.0 0.0004591092874761671
621.0 0.000616705438005738
622.0 0.0007743014975858387
623.0 0.0007469297997886315
624.0 0.0007195580110419542
625.0 0.000919000285648508
626.0 0.0011184423783561215
627.0 0.0011527954484336078
628.0 0.0011871485185110942
629.0 0.0012271166269783862
630.0 0.001267084644496208
631.0 0.0016384814443881623
632.0 0.0020098786990274675
633.0 0.002531693098717369
634.0 0.0030535073165083304
635.0 0.002958600271085743
636.0 0.0028636934075620957
637.0 0.0021494392058230005
638.0 0.0014351850040839054
639.0 0.0014018312867847271
640.0 0.0013684778423339594
641.0 0.0013879959624318872
642.0 0.001407514082529815
643.0 0.0011154210369568318
644.0 0.0008233279004343785
645.0 0.0003079881480516633
646.0 1.7150305698168666e-10
647.0 1.3481002270054887e-05
648.0 0.0002343136884519481
649.0 0.00016776592701717163
650.0 0.00010121807463292498
651.0 0.0004591452125168871
652.0 0.0008170723958755843
653.0 0.0012249084647919517
654.0 0.001632744533708319
655.0 0.0018870554413297214
656.0 0.002141366530850064
657.0 0.0025758125048014335
658.0 0.0030102582968538627
659.0 0.0033734588214429095
660.0 0.003736658618436195
661.0 0.0034982949728146195
662.0 0.003259931327193044
663.0 0.0026164865630562417
664.0 0.0019730417989194393
665.0 0.0015144899407459889
666.0 0.0010559379916230682
667.0 0.0010561106137174647
668.0 0.0010562830539129209
669.0 0.0009812532880459912
670.0 0.0009062235221790615
671.0 0.0007478447969333502
672.0 0.0005894661171623738
673.0 0.0007020848897809628
674.0 0.0008147037078742869
675.0 0.0009518286788079422
676.0 0.0010889536497415975
677.0 0.001384015104122227
678.0 0.001679076740401797
679.0 0.002107068030454684
680.0 0.0025350595024065115
681.0 0.0037571728171315044
682.0 0.004979285586159676
683.0 0.00669724031467922
684.0 0.008415195043198764
685.0 0.009300545207224786
686.0 0.010185897554038092
687.0 0.008689012611284852
688.0 0.007192129123723134
689.0 0.005734235674026422
690.0 0.00427634222432971
691.0 0.003878507050103508
692.0 0.0034806722396751866
693.0 0.003145088703604415
694.0 0.002809504985634703
695.0 0.0021390807887655683
696.0 0.0014686565918964334
697.0 0.0012432718904165085
698.0 0.0010178870979871135
699.0 0.0007826572073099669
700.0 0.0005474270437844098
701.0 0.0005248009529168485
702.0 0.0005021747256250819
703.0 0.00047617922973586246
704.0 0.0004501836883719079
705.0 0.0006824118372605881
706.0 0.0009146399861492682
707.0 0.0009878344826574903
708.0 0.0010610287063173018
709.0 0.001048169633577345
710.0 0.0010353103789384477
711.0 0.0008368724593310617
712.0 0.0006384343578247353
713.0 0.0005289187356538605
714.0 0.00041940311348298565
715.0 0.00044946223169972654
716.0 0.00047952134991646744
717.0 0.0006010933702782495
718.0 0.0007226653906400315
719.0 0.0005551716185436817
720.0 0.00038767775549786165
721.0 6.243089956115e-05
722.0 1.7150305698168666e-10
723.0 1.7150305698168666e-10
724.0 0.00016035190810725908
725.0 0.0002644221012815251
726.0 0.00036849212392553454
727.0 0.0002858047082554549
728.0 0.00020311704247433227
729.0 0.00018285512624061084
730.0 0.00016259310768873547
731.0 0.00022766689653508365
732.0 0.0002927407422248507
733.0 0.00015029944506750326
734.0 7.858242412339678e-06
735.0 7.989526693563676e-05
736.0 0.00015193235185506637
737.0 0.00016017902453313582
738.0 0.00016842567447383772
739.0 0.0003583528496164945
740.0 0.0005482799679157324
741.0 0.0010196693438047078
742.0 0.001491058719693683
743.0 0.00226574920816347
744.0 0.003040439696633257
745.0 0.003821908467216417
746.0 0.004603376874001697
747.0 0.004481282303459011
748.0 0.004359187732916325
749.0 0.003968993405578658
750.0 0.0035787994420388713
751.0 0.003100749381701462
752.0 0.002622698593768291
753.0 0.0023484331904910505
754.0 0.002074167423415929
755.0 0.002108469925587997
756.0 0.002142772063962184
757.0 0.0018639484551385976
758.0 0.0015851248463150114
759.0 0.001360739133815514
760.0 0.0011363534213160165
761.0 0.001002143653749954
762.0 0.0008679338861838914
763.0 0.0007123051091184607
764.0 0.0005566764230025001
765.0 0.00044171238187118433
766.0 0.00032674838621460367
767.0 0.0005413594408310018
768.0 0.0007559705863968702
769.0 0.0006852410024293931
770.0 0.0006145116458355915
771.0 0.000571693635720294
772.0 0.0005288756710797315
773.0 0.0005855278232047567
774.0 0.000642180020804517
775.0 0.0006005672730680089
776.0 0.000558954570806236
777.0 0.0004892754986940417
778.0 0.00041959656300605275
779.0 0.000628336465524626
780.0 0.0008370763680431992
781.0 0.0009555207725497894
782.0 0.0010739652680058498
783.0 0.0010325452421966475
784.0 0.0009911253073369153
785.0 0.0010800518793985248
786.0 0.001168978360510664
787.0 0.0010030477824329864
788.0 0.0008371173862542491
789.0 0.0009289523404731881
790.0 0.0010207871127931867
791.0 0.0008563756637158804
792.0 0.0006919641236891039
793.0 0.0005613133453152841
794.0 0.0004306625669414643
795.0 0.0003967940756410826
796.0 0.0003629255843407009
797.0 0.00047640191951359157
798.0 0.0005898780273128068
799.0 0.0002089307827191078
800.0 1.7150305698168666e-10
801.0 1.7244053651666036e-05
802.0 0.00020650466012739344
803.0 0.00021900182218814734
804.0 0.00023149882508732844
805.0 0.00030438784506259253
806.0 0.0003772769105125917
807.0 0.00036771914437849773
808.0 0.0003581614009817713
809.0 0.00031055444651428843
810.0 0.00026294742383470293
811.0 0.00026003949642472435
812.0 0.0002571316372268484
813.0 6.12270298461226e-05
814.0 1.7150305698168666e-10
815.0 0.00011595802789088339
816.0 0.0003665936219476862
817.0 0.0004887497198069468
818.0 0.0006109057721914724
819.0 0.0005441502253233921
820.0 0.0004773947239300469
821.0 1.836795178178363e-05
822.0 1.7150305698168666e-10
823.0 1.7150305698168666e-10
824.0 8.603792878147942e-06
825.0 1.7150305698168666e-10
826.0 1.7150305698168666e-10
827.0 1.7150305698168666e-10
828.0 2.8846613986388547e-05
829.0 1.7150305698168666e-10
830.0 1.7150305698168666e-10
831.0 1.7150305698168666e-10
832.0 1.7150305698168666e-10
833.0 1.7150305698168666e-10
834.0 1.7150305698168666e-10
835.0 0.00016244690641542547
836.0 0.00048263509597745724
837.0 0.00019138637981086504
838.0 1.7150305698168666e-10
839.0 1.7150305698168666e-10
840.0 1.7150305698168666e-10
841.0 1.7150305698168666e-10
842.0 1.7150305698168666e-10
843.0 1.7150305698168666e-10
844.0 1.7150305698168666e-10
845.0 0.00010454342600496602
846.0 0.00029254608762130374
847.0 0.0002316642394362134
848.0 0.00017078235714507173
849.0 0.0002708043666643789
850.0 0.00037082659218867775
851.0 0.000333742673319648
852.0 0.0002966590272990288
853.0 0.00016531885194126517
854.0 3.3978653846133966e-05
855.0 2.0171843573280057e-05
856.0 6.365159777033114e-06
857.0 0.0003610273324738955
858.0 0.0007156895208026981
859.0 0.0010470888810232282
860.0 0.0013784881957690232
861.0 0.0013146601304470096
862.0 0.0012508321560744662
863.0 0.0014194024515745696
864.0 0.0015879728380241431
865.0 0.0015355512005044147
866.0 0.0014831292901362758
867.0 0.001632942985452246
868.0 0.0017827565898187459
869.0 0.0018734963305178098
870.0 0.001964236253115814
871.0 0.0016995058103930205
872.0 0.0014347752767207567
873.0 0.0017270842363359407
874.0 0.0020193931050016545
