lsstCam/transmission_filter_detector/r21_s21/r_57/19700101T000000.ecsv
# %ECSV 1.0
# ---
# datatype:
# - {name: wavelength, unit: nm, datatype: float32}
# - {name: efficiency, unit: '%', datatype: float64}
# meta: !!omap
# - {MODE: DETECTOR}
# - {TYPE: transmission_filter_detector}
# - {CALIBDATE: '1970-01-01T00:00:00'}
# - {INSTRUME: LSSTCam}
# - {OBSTYPE: transmission_filter_detector}
# - {CALIBCLS: lsst.ip.isr.IntermediateFilterDetectorTransmissionCurve}
# - {SOURCE: Materion (DM-46256)}
# - {DETECTOR: 88}
# - {FILTER: r_57}
# - {CALIB_ID: 'calibDate=1970-01-01T00:00:00 filter=r_57 detector=88'}
# - {DATE: '2025-04-02T15:59:44.590008'}
# - {CALIB_CREATION_DATE: '2025-04-02'}
# - {CALIB_CREATION_TIME: '15:59:44'}
# - __serialized_columns__:
#     efficiency:
#       __class__: astropy.units.quantity.Quantity
#       unit: !astropy.units.Unit {unit: '%'}
#       value: !astropy.table.SerializedColumn {name: efficiency}
#     wavelength:
#       __class__: astropy.units.quantity.Quantity
#       unit: !astropy.units.Unit {unit: nm}
#       value: !astropy.table.SerializedColumn {name: wavelength}
# schema: astropy-2.0
wavelength efficiency
[from data line 602]
902.0 1.5789806528249128e-10
903.0 1.5789806528249128e-10
904.0 1.5789806528249128e-10
905.0 1.5789806528249128e-10
906.0 3.081834734075528e-05
907.0 6.200222628649499e-05
908.0 5.026939788876916e-05
909.0 3.853657233321428e-05
910.0 1.5789806528249128e-10
911.0 1.5789806528249128e-10
912.0 1.5789806528249128e-10
913.0 3.37001864636477e-05
914.0 5.551177082452341e-05
915.0 7.732334097454441e-05
916.0 3.998257795956306e-05
917.0 2.64181760911697e-06
918.0 0.00010441815447848057
919.0 0.00020619447695935378
920.0 0.0001327195491285238
921.0 5.924460424466815e-05
922.0 0.00013866975905330037
923.0 0.00021809491954627447
924.0 0.0001911668505272246
925.0 0.0001642387928768585
926.0 0.0001359283601232164
927.0 0.00010761791600089055
928.0 0.00012102536857128143
929.0 0.00013443282114167232
930.0 0.00016893518477445468
931.0 0.0002034375256698695
932.0 9.06758657492901e-05
933.0 1.5789806528249128e-10
934.0 6.326238803922024e-05
935.0 0.00014861054751236225
936.0 0.00015208668173727347
937.0 0.00015556280459350091
938.0 0.00017007944279612275
939.0 0.00018459608099874458
940.0 0.00019844283087877557
941.0 0.0002122895239153877
942.0 0.0002885575213440461
943.0 0.0003648255187727045
944.0 0.00035083080547337886
945.0 0.0003368360921740532
946.0 0.0003995161023340188
947.0 0.0004621961579687195
948.0 0.00044145726860733703
949.0 0.00042071851567015983
950.0 0.00046722293518541846
951.0 0.0005137274001754122
952.0 0.0006582680725841783
953.0 0.0008028089723666199
954.0 0.001067538596544182
955.0 0.0013322684935701545
956.0 0.0014172248484101146
957.0 0.0015021810213511344
958.0 0.0016641468391753733
959.0 0.0018261129298480228
960.0 0.0019647221051855013
961.0 0.00210333146242192
962.0 0.0022731775970896706
963.0 0.0024430235498584807
964.0 0.0024869050321285613
965.0 0.0025307863324997015
966.0 0.0025632638426031917
967.0 0.0025957411708077416
968.0 0.0025855049898382276
969.0 0.002575268990767654
970.0 0.0026126632292289287
971.0 0.0026500574676902033
972.0 0.002701729681575671
973.0 0.0027534015316632576
974.0 0.002927324931079056
975.0 0.003101248512393795
976.0 0.00310465729853604
977.0 0.0031080664484761655
978.0 0.0030804105335846543
979.0 0.003052754618693143
980.0 0.003014139292645268
981.0 0.0029755236027995124
982.0 0.002988143387483433
983.0 0.0030007633540662937
984.0 0.0029251250452944078
985.0 0.0028494865546235815
986.0 0.0027690599381458014
987.0 0.002688633139769081
988.0 0.002562166628194973
989.0 0.0024357006623176858
990.0 0.002454178138577845
991.0 0.0024726552510401234
992.0 0.0025183433535858057
993.0 0.002564031819929369
994.0 0.0026227582566207275
995.0 0.0026814843295142055
996.0 0.0027837919333251193
997.0 0.002886099537136033
998.0 0.0030220753615139984
999.0 0.0031580511858919635
1000.0 0.0032510419259779155
1001.0 0.0033440330298617482
1002.0 0.0035668908822117373
1003.0 0.003789749098359607
1004.0 0.0038480979128507897
1005.0 0.003906446727341972
1006.0 0.004095864278497174
1007.0 0.004285282193450257
1008.0 0.004225199154461734
1009.0 0.00416511575167533
1010.0 0.0041902683733496815
1011.0 0.004215420995024033
1012.0 0.0041267125197919086
1013.0 0.004038004408357665
1014.0 0.003778562677325681
1015.0 0.0035191209462936968
1016.0 0.0032686737540643662
1017.0 0.0030182269256329164
1018.0 0.0027293284801999107
1019.0 0.0024404303985647857
1020.0 0.002145647522411309
1021.0 0.0018508650100557134
1022.0 0.001621576666366309
1023.0 0.001392288049828494
1024.0 0.0014034920241101645
1025.0 0.0014146960893413052
1026.0 0.001278059517062502
1027.0 0.001141423035733169
1028.0 0.001059733494912507
1029.0 0.000978043863142375
1030.0 0.000924666255741613
1031.0 0.0008712883754924405
1032.0 0.0008344378329638857
1033.0 0.0007975870175869204
1034.0 0.0007087838639563415
1035.0 0.0006199804829520872
1036.0 0.000736975471227197
1037.0 0.0008539703230781015
1038.0 0.0007608831765537616
1039.0 0.0006677960300294217
1040.0 0.0006571629910467891
1041.0 0.0006465299520641565
1042.0 0.0007233090400404762
1043.0 0.0008000879461178556
1044.0 0.000814125087345019
1045.0 0.0008281623195216525
1046.0 0.0007889001608418766
1047.0 0.0007496382295357762
1048.0 0.0007261151040438563
1049.0 0.0007025920240266714
1050.0 0.0007770393494865857
1051.0 0.0008514865839970298
1052.0 0.0009558910278428812
1053.0 0.0010602949259919114
1054.0 0.0009117165063798893
1055.0 0.0007631379048689269
1056.0 0.0008863275070325471
1057.0 0.0010095172001456376
1058.0 0.0009285726264351979
1059.0 0.0008476281436742283
1060.0 0.0011117600479337852
1061.0 0.0013758916793449316
1062.0 0.0014271963664214127
1063.0 0.0014785007806494832
1064.0 0.0012190515917609446
1065.0 0.0009596022209734656
1066.0 0.0013641179066326004
1067.0 0.0017686335922917351
1068.0 0.0018003078366746195
1069.0 0.0018319817172596231
1070.0 0.0016897178284125403
1071.0 0.0015474539395654574
1072.0 0.0015413579603773542
1073.0 0.001535261981189251
1074.0 0.0020828396372962743
1075.0 0.0026304172934032977
1076.0 0.002871289871109184
1077.0 0.00311216244881507
1078.0 0.003448487404966727
1079.0 0.003784811997320503
1080.0 0.003951314283767715
1081.0 0.004117816570214927
1082.0 0.004033356890431605
1083.0 0.003948897210648283
1084.0 0.00431586304330267
1085.0 0.0046828281483612955
1086.0 0.004628654642147012
1087.0 0.004574480772134848
1088.0 0.004465175879886374
1089.0 0.0043558709876379
1090.0 0.0035970522731076926
1091.0 0.002838233376678545
1092.0 0.003365733937243931
1093.0 0.0038932343159103766
1094.0 0.003900868250639178
1095.0 0.003908502185367979
1096.0 0.0034089120163116604
1097.0 0.002909321483457461
1098.0 0.0030789415177423507
1099.0 0.003248562279623002
1100.0 0.002721569580899086
1101.0 0.0021945767002762295
