lsstCam/transmission_filter_detector/r21_s21/r_57/19700101T000000.ecsv
# %ECSV 1.0
# ---
# datatype:
# - {name: wavelength, unit: nm, datatype: float32}
# - {name: efficiency, unit: '%', datatype: float64}
# meta: !!omap
# - {MODE: DETECTOR}
# - {TYPE: transmission_filter_detector}
# - {CALIBDATE: '1970-01-01T00:00:00'}
# - {INSTRUME: LSSTCam}
# - {OBSTYPE: transmission_filter_detector}
# - {CALIBCLS: lsst.ip.isr.IntermediateFilterDetectorTransmissionCurve}
# - {SOURCE: Materion (DM-46256)}
# - {DETECTOR: 88}
# - {FILTER: r_57}
# - {CALIB_ID: 'calibDate=1970-01-01T00:00:00 filter=r_57 detector=88'}
# - {DATE: '2025-04-02T15:59:44.590008'}
# - {CALIB_CREATION_DATE: '2025-04-02'}
# - {CALIB_CREATION_TIME: '15:59:44'}
# - __serialized_columns__:
#     efficiency:
#       __class__: astropy.units.quantity.Quantity
#       unit: !astropy.units.Unit {unit: '%'}
#       value: !astropy.table.SerializedColumn {name: efficiency}
#     wavelength:
#       __class__: astropy.units.quantity.Quantity
#       unit: !astropy.units.Unit {unit: nm}
#       value: !astropy.table.SerializedColumn {name: wavelength}
# schema: astropy-2.0
wavelength efficiency
300.0 0.0015871188224991783
301.0 0.0046360393753275275
302.0 0.007684959564357996
303.0 0.010281088179908693
304.0 0.012877218250650913
305.0 0.011268899834249169
306.0 0.009660580690251663
307.0 0.008774743764661252
308.0 0.00788890611147508
309.0 0.006942550680832937
310.0 0.0059961952501907945
311.0 0.005532723662327044
312.0 0.005069253165856935
313.0 0.005092337596579455
314.0 0.005115422391099855
315.0 0.004795065979124047
316.0 0.004474710294744
317.0 0.004028474722872488
318.0 0.003582238423405215
319.0 0.0033505384635645896
320.0 0.003118837412330322
321.0 0.003023216595465783
322.0 0.002927595232904423
323.0 0.0027250074708717875
324.0 0.0025224200726370327
325.0 0.00225133426283719
326.0 0.0019802482711384073
327.0 0.0021257097614579834
328.0 0.002271171069878619
329.0 0.002236926229670644
330.0 0.0022026813894626684
331.0 0.0020203031454002485
332.0 0.0018379245375399478
333.0 0.0016837590010254644
334.0 0.001529593464510981
335.0 0.0014318973626359366
336.0 0.0013342012607608922
337.0 0.0012001396498817485
338.0 0.001066078129952075
339.0 0.0009969149687094614
340.0 0.0009277517165173776
341.0 0.000932461171032628
342.0 0.0009371708074468188
343.0 0.0008419062396569643
344.0 0.0007466414444934344
345.0 0.0007539691068814136
346.0 0.0007612967692693928
347.0 0.0007510260275012115
348.0 0.0007407554676319705
349.0 0.000730010606275755
350.0 0.004148510925006121
351.0 0.005486176087288186
352.0 0.006823840521974489
353.0 0.006470423977589235
354.0 0.00611700743320398
355.0 0.0050806345825549215
356.0 0.004044262095703743
357.0 0.004844139039050788
358.0 0.005644016709993593
359.0 0.004892246215604246
360.0 0.004140475721214898
361.0 0.0029223763704067096
362.0 0.001704277383396402
363.0 0.002513819526939187
364.0 0.0033233616704819724
365.0 0.002977598524012137
366.0 0.0026318355594412424
367.0 0.0027635309379547834
368.0 0.002895225952670444
369.0 0.0029153592549846508
370.0 0.002935492193500977
371.0 0.0029217002520454116
372.0 0.0029079084924887866
373.0 0.002886373840738088
374.0 0.002864839007088449
375.0 0.002305940870428458
376.0 0.0017470427337684669
377.0 0.0014061737601878121
378.0 0.0010653048775566276
379.0 0.0014171595466905273
380.0 0.0017690144886728376
381.0 0.0022048838218324818
382.0 0.0026407535187900066
383.0 0.0031128289265325293
384.0 0.0035849046980729327
385.0 0.004309426367399283
386.0 0.005033947672927752
387.0 0.004581706161843613
388.0 0.004129464286961593
389.0 0.0034365708415862173
390.0 0.0027436768505140208
391.0 0.0022357835405273363
392.0 0.0017278905943385325
393.0 0.0015966614228091203
394.0 0.001465432251279708
395.0 0.0011735753105313051
396.0 0.0008817184607323725
397.0 0.0007771010132273659
398.0 0.0006724837930960348
399.0 0.0005861198587808758
400.0 0.0004997557425667765
401.0 0.00041761786633287556
402.0 0.00033547967177582905
403.0 0.00038869716263434384
404.0 0.0004419147899170639
405.0 0.000804208502813708
406.0 0.0011665019883366767
407.0 0.0014345730960485525
408.0 0.0017026439309120178
409.0 0.0013101371223456226
410.0 0.0009176301318802871
411.0 0.0008028704542084597
412.0 0.0006881107310618972
413.0 0.0009455990948481485
414.0 0.0012030874131596647
415.0 0.0011986529898422305
416.0 0.001194218930322677
417.0 0.0013133208085491788
418.0 0.0014324231415230315
419.0 0.002037860576820094
420.0 0.0026432977392687462
421.0 0.003952203769586049
422.0 0.0052611096180044115
423.0 0.008199383592000231
424.0 0.01113765756599605
425.0 0.014941902190912515
426.0 0.018746143905445933
427.0 0.01926898257806897
428.0 0.019791824161075056
429.0 0.015341455582529306
430.0 0.010891086276387796
431.0 0.0076452328357845545
432.0 0.004399378303787671
433.0 0.0034334956581005827
434.0 0.0024676126486156136
435.0 0.0020126248273300007
436.0 0.0015576368241454475
437.0 0.0012397901627991814
438.0 0.0009219436833518557
439.0 0.0008721791346033569
440.0 0.000822414494905388
441.0 0.0010006174306909088
442.0 0.0011788204574258998
443.0 0.0015459549103979953
444.0 0.0019130891814711504
445.0 0.0017896547433338128
446.0 0.0016662203051964752
447.0 0.0015508609067182988
448.0 0.0014355016901390627
449.0 0.001326714027527487
450.0 0.0012179261830169708
451.0 0.001357645305688493
452.0 0.0014973644283600152
453.0 0.0015828527466510423
454.0 0.0016683410649420694
455.0 0.0014752826245967299
456.0 0.001282224548049271
457.0 0.0009401787792739924
458.0 0.0005981330559734488
459.0 0.0008016190804482903
460.0 0.001005105150397867
461.0 0.0015556650396320038
462.0 0.0021062247469672
463.0 0.0028199367079650983
464.0 0.003533648487064056
465.0 0.00446397352789063
466.0 0.005394297841121443
467.0 0.00600177409069147
468.0 0.006609249976463616
469.0 0.005733894431614317
470.0 0.004858539250562899
471.0 0.003727080184035003
472.0 0.002595621299406048
473.0 0.0020042090909555554
474.0 0.0014127966096566524
475.0 0.0010960030522255693
476.0 0.0007792097676428966
477.0 0.0007567090960947098
478.0 0.0007342083790717879
479.0 0.0008531866114935838
480.0 0.0009721647984406445
481.0 0.0007543184892710997
482.0 0.000536472271051025
483.0 0.0006225957804417703
484.0 0.0007087192443577806
485.0 0.0006874358405184466
486.0 0.0006661524366791127
487.0 0.0005381059054343496
488.0 0.0004100593287148513
489.0 0.0005077671630715486
490.0 0.0006054749974282458
491.0 0.0007245679171319352
492.0 0.0008436608368356247
493.0 0.000915674081625184
494.0 0.0009876873264147434
495.0 0.0009305646926804911
496.0 0.0008734419679967687
497.0 0.0010190196917392313
498.0 0.0011645973245322239
499.0 0.0012180138583062217
500.0 0.0012714305739791598
501.0 0.0013355530427361373
502.0 0.0013996755114931148
503.0 0.0017829068383434787
504.0 0.002166137892345432
505.0 0.002627757021400612
506.0 0.003089376332354732
507.0 0.0037585072277579457
508.0 0.0044276381231611595
509.0 0.0048484336730325595
510.0 0.005269228495308198
511.0 0.004791789979208261
512.0 0.004314351099310443
513.0 0.0036743815144291148
514.0 0.0030344117476488464
515.0 0.002820751069521066
516.0 0.0026070905732922256
517.0 0.00257811407209374
518.0 0.0025491373889963143
519.0 0.0413789035519585
520.0 0.09377053938806057
521.0 0.09223200031556189
522.0 0.15147851081565022
523.0 0.1214096206240356
524.0 0.11881554964929819
525.0 0.0693592824973166
526.0 0.08572337101213634
527.0 0.06273931940086186
528.0 0.1323653617873788
529.0 0.09977119043469429
530.0 0.16606138087809086
531.0 0.13235360383987427
532.0 0.2189497696235776
533.0 0.20762239582836628
534.0 0.3160211257636547
535.0 0.37067304365336895
536.0 0.4874193575233221
537.0 0.7023743353784084
538.0 1.042650267481804
539.0 1.6510987654328346
540.0 2.6813985779881477
541.0 4.076782241463661
542.0 6.123366951942444
543.0 8.793529868125916
544.0 12.038334459066391
545.0 15.720392763614655
546.0 20.084024965763092
547.0 25.66763460636139
548.0 32.745835185050964
549.0 40.55365324020386
550.0 47.60049283504486
551.0 55.60373067855835
552.0 61.6619348526001
553.0 67.16635227203369
554.0 72.20602631568909
555.0 76.2486457824707
556.0 80.0877034664154
557.0 83.1451952457428
558.0 86.6981029510498
559.0 89.95200991630554
560.0 91.00959300994873
561.0 93.39603781700134
562.0 94.39422488212585
563.0 94.54953074455261
564.0 94.7722852230072
565.0 94.57637071609497
566.0 95.30525207519531
567.0 94.42263841629028
568.0 95.04963159561157
569.0 95.57042717933655
570.0 94.95543241500854
571.0 96.29746079444885
572.0 95.97638845443726
573.0 96.28122448921204
574.0 96.27861976623535
575.0 96.26851677894592
576.0 96.58310413360596
577.0 96.70135974884033
578.0 96.43024206161499
579.0 96.43288254737854
580.0 96.11384868621826
581.0 95.78375816345215
582.0 96.00036144256592
583.0 96.04392647743225
584.0 95.42962312698364
585.0 95.89009284973145
586.0 95.60062885284424
587.0 95.44551372528076
588.0 95.88436484336853
589.0 96.4951753616333
590.0 95.83489894866943
591.0 95.13338804244995
592.0 95.80710530281067
593.0 94.88729238510132
594.0 95.4016625881195
595.0 95.82393169403076
596.0 96.55359387397766
597.0 96.30410671234131
598.0 96.26166820526123
599.0 96.20937705039978
600.0 96.08635902404785
601.0 95.28909921646118
602.0 95.9887444972992
603.0 95.61230540275574
604.0 95.91658115386963
605.0 96.13654017448425
606.0 95.80040574073792
607.0 95.77319622039795
608.0 95.99607586860657
609.0 95.29728293418884
610.0 95.4521656036377
611.0 95.39658427238464
612.0 95.34386992454529
613.0 96.23230695724487
614.0 96.37037515640259
615.0 95.84603905677795
616.0 96.10670804977417
617.0 95.76355218887329
618.0 95.74992656707764
619.0 96.46406769752502
620.0 95.59844732284546
621.0 95.1440155506134
622.0 95.77801823616028
623.0 95.9180235862732
624.0 95.9200918674469
625.0 96.20420336723328
626.0 95.63960433006287
627.0 94.65456008911133
628.0 96.72691822052002
629.0 95.08554935455322
630.0 95.65770626068115
631.0 95.54079174995422
632.0 96.24408483505249
633.0 95.82224488258362
634.0 95.54741978645325
635.0 95.52472233772278
636.0 95.67879438400269
637.0 95.08836269378662
638.0 94.98862624168396
639.0 94.88795399665833
640.0 95.01423835754395
641.0 95.12971639633179
642.0 95.45361399650574
643.0 95.52612900733948
644.0 95.54429054260254
645.0 95.43588757514954
646.0 95.34900784492493
647.0 96.54428958892822
648.0 96.13985419273376
649.0 95.10362148284912
650.0 95.8502471446991
651.0 96.27914428710938
652.0 96.37095332145691
653.0 95.5228865146637
654.0 95.80457806587219
655.0 96.0296630859375
656.0 95.28564214706421
657.0 95.27665972709656
658.0 95.87323665618896
659.0 95.92750668525696
660.0 94.87795829772949
661.0 94.84243392944336
662.0 95.39524912834167
663.0 95.35399079322815
664.0 95.43784856796265
665.0 94.94687914848328
666.0 95.08127570152283
667.0 95.25271654129028
668.0 94.63720917701721
669.0 95.2690839767456
670.0 95.13512253761292
671.0 95.22914290428162
672.0 94.95552778244019
673.0 94.85851526260376
674.0 94.4595992565155
675.0 95.25038599967957
676.0 94.64558959007263
677.0 93.66922974586487
678.0 92.79831051826477
679.0 92.27185845375061
680.0 91.3657009601593
681.0 89.91142511367798
682.0 87.99578547477722
683.0 85.33406853675842
684.0 81.68523907661438
685.0 77.93036699295044
686.0 74.28141832351685
687.0 69.46614980697632
688.0 64.94735479354858
689.0 60.56162118911743
690.0 55.13426065444946
691.0 51.13321542739868
692.0 46.35424613952637
693.0 42.088720202445984
694.0 37.17755377292633
695.0 32.03970789909363
696.0 27.01200842857361
697.0 21.971209347248077
698.0 16.41046851873398
699.0 11.974402517080307
700.0 8.47846046090126
701.0 5.3419288247823715
702.0 3.3726032823324203
703.0 1.9516950473189354
704.0 1.144438236951828
705.0 0.6478524301201105
706.0 0.4772505257278681
707.0 0.2567209769040346
708.0 0.18241220386698842
709.0 0.18301205709576607
710.0 0.12799428077414632
711.0 0.0512259837705642
712.0 0.09282418177463114
713.0 0.06811122293584049
714.0 0.06658625788986683
715.0 0.05548624903894961
716.0 0.07307985797524452
717.0 0.09178741602227092
718.0 0.059636839432641864
719.0 0.035163978463970125
720.0 1.5789806528249128e-10
721.0 0.004671380156651139
722.0 0.0043371815991122276
723.0 0.004002983041573316
724.0 0.003719478627317585
725.0 0.003435974576859735
726.0 0.0032059022487374023
727.0 0.0029758299206150696
728.0 0.002804405812639743
729.0 0.0026329817046644166
730.0 0.0024692393708392046
731.0 0.002305497218912933
732.0 0.0022738402549293824
733.0 0.002242183472844772
734.0 0.0021350539100239985
735.0 0.0020279241653042845
736.0 0.0019043191059608944
737.0 0.0017807142285164446
738.0 0.0017304684661212377
739.0 0.0016802223399281502
740.0 0.0016251298802671954
741.0 0.001570037602505181
742.0 0.001422269724571379
743.0 0.0012745017556881066
744.0 0.0014202103557181545
745.0 0.0015659186828997917
746.0 0.0014245329111872707
747.0 0.0012831469575758092
748.0 0.0012313807019381784
749.0 0.0011796142644016072
750.0 0.0011358647498127539
751.0 0.001092115508072311
752.0 0.0011388188795535825
753.0 0.0011855223419843242
754.0 0.0011582796105358284
755.0 0.0011310369700368028
756.0 0.0010446350643178448
757.0 0.0009582331585988868
758.0 0.0009933167348208372
759.0 0.0010284002200933173
760.0 0.000999097574094776
761.0 0.000969795019045705
762.0 0.0009868705092230812
763.0 0.001003946363198338
764.0 0.001002313456410775
765.0 0.0010006805496232118
766.0 0.0008887387593858875
767.0 0.0007767966963001527
768.0 0.0007025521426839987
769.0 0.0006283073162194341
770.0 0.0006761021722923033
771.0 0.0007238970283651724
772.0 0.0007702750735916197
773.0 0.0008166528459696565
774.0 0.0008951272320700809
775.0 0.0009736015272210352
776.0 0.0009946182217390742
777.0 0.0010156350981560536
778.0 0.000898347298061708
779.0 0.0007810597708157729
780.0 0.0007449205895682098
781.0 0.0007087816356943222
782.0 0.0007794802513672039
783.0 0.0008501789125148207
784.0 0.0008322478606714867
785.0 0.0008143168997776229
786.0 0.0007990704034455121
787.0 0.0007838239980628714
788.0 0.0006821900115028257
789.0 0.0005805560249427799
790.0 0.0007003338851063745
791.0 0.0008201119271689095
792.0 0.0008219416486099362
793.0 0.0008237712791014928
794.0 0.0008427758075413294
795.0 0.0008617802450316958
796.0 0.000728211534806178
797.0 0.0005946428245806601
798.0 0.0007416505923174554
799.0 0.0008886585419531912
800.0 0.0008545917808078229
801.0 0.0008205248377635144
802.0 0.0007672483661735896
803.0 0.0007139717581594596
804.0 0.0007067466867738403
805.0 0.0006995216608629562
806.0 0.00065454978539492
807.0 0.0006095778189774137
808.0 0.0006688107532681897
809.0 0.0007280435056600254
810.0 0.0007117383574950509
811.0 0.0006954332093300764
812.0 0.000643863177174353
813.0 0.0005922931450186297
814.0 0.0005225305358180776
815.0 0.0004527679266175255
816.0 0.0005884529855393339
817.0 0.0007241381808853475
818.0 0.0006379510523402132
819.0 0.0005517638328456087
820.0 0.0005346798388927709
821.0 0.0005175957994651981
822.0 0.0005214508291828679
823.0 0.0005253059043752728
824.0 0.0004828600594919408
825.0 0.0004404140781844035
826.0 0.00047917210395098664
827.0 0.0005179300387680996
828.0 0.00043711138459912036
829.0 0.0003562927304301411
830.0 0.00019786602933891118
831.0 3.943929698380089e-05
832.0 1.5789806528249128e-10
833.0 1.5789806528249128e-10
834.0 1.5789806528249128e-10
835.0 8.173075229933602e-05
836.0 0.00023756215341563802
837.0 0.0003933936113753589
838.0 0.0006896887043694733
839.0 0.0009859838428383227
840.0 0.001325493121839827
841.0 0.0016650024917908013
842.0 0.0020011821106891148
843.0 0.0023373619114863686
844.0 0.0021757534341304563
845.0 0.002014144956774544
846.0 0.0017660659068496898
847.0 0.001517986584076425
848.0 0.0014245287275116425
849.0 0.0013310705071489792
850.0 0.0012861143659392837
851.0 0.001241158133780118
852.0 0.0011663360055536032
853.0 0.001091513786377618
854.0 0.0009512923497823067
855.0 0.000811070731288055
856.0 0.0006433608177758288
857.0 0.0004756507223646622
858.0 0.0005078181402495829
859.0 0.0005399855581345037
860.0 0.00042384253902127966
861.0 0.0003076994744333206
862.0 0.00035211287467973307
863.0 0.00039652627492614556
864.0 0.00028941608434251975
865.0 0.00018230597333968035
866.0 0.00013578580819739727
867.0 8.9265603264721e-05
868.0 9.521119181954418e-05
869.0 0.00010115675195265794
870.0 5.196670258555969e-05
871.0 2.7766553500896407e-06
872.0 1.5789806528249128e-10
873.0 1.5789806528249128e-10
874.0 1.5789806528249128e-10
875.0 1.5789806528249128e-10
876.0 1.5789806528249128e-10
877.0 7.46253704164701e-05
878.0 0.00013197304724599235
879.0 0.0001893207240755146
880.0 0.00016040316950238775
881.0 0.00013148560356057715
882.0 0.00017042998479155358
883.0 0.00020937438875989756
884.0 8.562648758925206e-05
885.0 1.5789806528249128e-10
886.0 5.5545399391121464e-05
887.0 0.00014921220099495258
888.0 0.00018260384422319476
889.0 0.00021599551018880447
890.0 0.00017612711644687806
891.0 0.0001362587454423192
892.0 2.996948182953929e-05
893.0 1.5789806528249128e-10
894.0 1.5789806528249128e-10
895.0 4.211169084555877e-05
896.0 2.3414567351665028e-05
897.0 4.717470147852509e-06
898.0 8.071626211858529e-05
899.0 0.00015671503206249326
900.0 9.356302825835883e-05
