lsstCam/transmission_filter_detector/r32_s12/i_39/19700101T000000.ecsv
# %ECSV 1.0
# ---
# datatype:
# - {name: wavelength, unit: nm, datatype: float32}
# - {name: efficiency, unit: '%', datatype: float64}
# meta: !!omap
# - {MODE: DETECTOR}
# - {TYPE: transmission_filter_detector}
# - {CALIBDATE: '1970-01-01T00:00:00'}
# - {INSTRUME: LSSTCam}
# - {OBSTYPE: transmission_filter_detector}
# - {CALIBCLS: lsst.ip.isr.IntermediateFilterDetectorTransmissionCurve}
# - {SOURCE: Materion (DM-46256)}
# - {DETECTOR: 140}
# - {FILTER: i_39}
# - {CALIB_ID: 'calibDate=1970-01-01T00:00:00 filter=i_39 detector=140'}
# - {DATE: '2025-04-02T15:59:47.127847'}
# - {CALIB_CREATION_DATE: '2025-04-02'}
# - {CALIB_CREATION_TIME: '15:59:47'}
# - __serialized_columns__:
#     efficiency:
#       __class__: astropy.units.quantity.Quantity
#       unit: !astropy.units.Unit {unit: '%'}
#       value: !astropy.table.SerializedColumn {name: efficiency}
#     wavelength:
#       __class__: astropy.units.quantity.Quantity
#       unit: !astropy.units.Unit {unit: nm}
#       value: !astropy.table.SerializedColumn {name: wavelength}
# schema: astropy-2.0
wavelength efficiency
[from data line 597]
897.0 1.5750015224316738e-10
898.0 1.1379670894484661e-05
899.0 1.5750015224316738e-10
900.0 1.5750015224316738e-10
901.0 1.5750015224316738e-10
902.0 1.5750015224316738e-10
903.0 1.5750015224316738e-10
904.0 1.5750015224316738e-10
905.0 1.5750015224316738e-10
906.0 8.704844134399536e-06
907.0 1.5750015224316738e-10
908.0 1.5750015224316738e-10
909.0 1.5750015224316738e-10
910.0 4.697743634096696e-05
911.0 1.0086315782587008e-06
912.0 1.5750015224316738e-10
913.0 1.5750015224316738e-10
914.0 1.5750015224316738e-10
915.0 1.5750015224316738e-10
916.0 1.5750015224316738e-10
917.0 1.5750015224316738e-10
918.0 1.5750015224316738e-10
919.0 1.5750015224316738e-10
920.0 3.753675343887153e-05
921.0 1.5750015224316738e-10
922.0 1.5750015224316738e-10
923.0 1.5750015224316738e-10
924.0 0.00015018247268017149
925.0 7.056403319438687e-05
926.0 1.5750015224316738e-10
927.0 1.5750015224316738e-10
928.0 1.5750015224316738e-10
929.0 1.5750015224316738e-10
930.0 1.5750015224316738e-10
931.0 1.5750015224316738e-10
932.0 1.5750015224316738e-10
933.0 1.5750015224316738e-10
934.0 1.5750015224316738e-10
935.0 1.5750015224316738e-10
936.0 1.5750015224316738e-10
937.0 5.851570250570148e-06
938.0 7.59921420012688e-05
939.0 1.5750015224316738e-10
940.0 1.5750015224316738e-10
941.0 1.5750015224316738e-10
942.0 8.553011525691545e-05
943.0 0.00011049203294533072
944.0 0.0001354539449494041
945.0 2.3654358471958403e-05
946.0 1.5750015224316738e-10
947.0 0.00011758608025047579
948.0 0.00032331738566426793
949.0 0.00021913413092988776
950.0 0.00011495088756419136
951.0 8.40403629354114e-05
952.0 5.312981556926388e-05
953.0 2.855027503301244e-06
954.0 1.5750015224316738e-10
955.0 2.3381955926993214e-06
956.0 5.209617484069895e-05
957.0 0.00012052279316776549
958.0 0.00018894943423219956
959.0 0.0002141317281711963
960.0 0.0002393139993728255
961.0 0.00012699977105512517
962.0 1.4685511473544466e-05
963.0 0.0001454759512853343
964.0 0.00027626645078271395
965.0 0.00010582850791251985
966.0 1.5750015224316738e-10
967.0 1.5750015224316738e-10
968.0 1.5750015224316738e-10
969.0 1.5750015224316738e-10
970.0 2.984049842780223e-05
971.0 1.3681946597898786e-05
972.0 1.5750015224316738e-10
973.0 2.2149297507212395e-06
974.0 6.906491734071096e-06
975.0 5.979213142381923e-05
976.0 0.00011267777608736651
977.0 6.642351877417241e-05
978.0 2.0169261460978305e-05
979.0 2.1850053144589765e-05
980.0 2.3530816406491795e-05
981.0 1.5750015224316738e-10
982.0 1.5750015224316738e-10
983.0 1.5750015224316738e-10
984.0 1.5750015224316738e-10
985.0 1.5750015224316738e-10
986.0 1.5750015224316738e-10
987.0 1.5750015224316738e-10
988.0 1.5750015224316738e-10
989.0 2.7097226507066807e-05
990.0 0.00010366651395088411
991.0 0.00015676282600907143
992.0 0.00020985914943594253
993.0 0.00015798057120264275
994.0 0.00010610199296934297
995.0 0.00013646842944581294
996.0 0.00016683485455359914
997.0 0.00015044306564959697
998.0 0.00013405125400822726
999.0 0.00013168040595701314
1000.0 0.00012930951243106392
1001.0 0.0002210472985098022
1002.0 0.00031278509595722426
1003.0 0.0002927363993876497
1004.0 0.0002726877028180752
1005.0 0.00021951334474579198
1006.0 0.000166338975304825
1007.0 0.00011188618600499467
1008.0 5.7433391020822455e-05
1009.0 0.0001834598720051872
1010.0 0.0003094862904617912
1011.0 0.00021193952761677792
1012.0 0.00011439284435255104
1013.0 0.0001380249500471109
1014.0 0.00016165707847903832
1015.0 0.00012642960882658372
1016.0 9.12021846488642e-05
1017.0 0.00019660774341900833
1018.0 0.00030201333629520377
1019.0 0.000136595417643548
1020.0 1.5750015224316738e-10
1021.0 8.411622616222303e-05
1022.0 0.00019705491922650253
1023.0 0.0001517213263468875
1024.0 0.00010638774483595625
1025.0 0.00016838019973874907
1026.0 0.00023037271148496075
1027.0 0.0004206885478197364
1028.0 0.0006110043614171445
1029.0 0.0009045243132277392
1030.0 0.001198044355987804
1031.0 0.0015772393453516997
1032.0 0.0019564342437661253
1033.0 0.002272476012876723
1034.0 0.00258851741818944
1035.0 0.0029506929422495887
1036.0 0.0033128686482086778
1037.0 0.0033468018955318257
1038.0 0.0033807355066528544
1039.0 0.0031259070965461433
1040.0 0.002871078504540492
1041.0 0.0028334883609204553
1042.0 0.0027958982173004188
1043.0 0.003126969386357814
1044.0 0.0034580407373141497
1045.0 0.003309152089059353
1046.0 0.0031602641684003174
1047.0 0.0031285522709367797
1048.0 0.0030968407372711226
1049.0 0.0026643074306775816
1050.0 0.0022317741240840405
1051.0 0.0020295219655963592
1052.0 0.0018272696252097376
1053.0 0.0015732230167486705
1054.0 0.0013191765901865438
1055.0 0.000928967710933648
1056.0 0.0005387587407312822
1057.0 0.0010241939889965579
1058.0 0.0015096293282113038
1059.0 0.001278705349250231
1060.0 0.0010477816431375686
1061.0 0.0009964323908207007
1062.0 0.0009450832294533029
1063.0 0.0017155081877717748
1064.0 0.0024859331460902467
1065.0 0.0028118567570345476
1066.0 0.0031377807317767292
1067.0 0.003767495945794508
1068.0 0.004397211523610167
1069.0 0.004144752892898396
1070.0 0.003892294262186624
1071.0 0.004233919025864452
1072.0 0.004575544153340161
1073.0 0.0036801131500396878
1074.0 0.002784682328638155
1075.0 0.002764623422990553
1076.0 0.0027445646992418915
1077.0 0.0029995715522090904
1078.0 0.0032545784051762894
1079.0 0.0029576525776064955
1080.0 0.002660726931935642
1081.0 0.0019464941942715086
1082.0 0.0012322617294557858
1083.0 0.0013688106264453381
1084.0 0.0015053595234348904
1085.0 0.000905980596144218
1086.0 0.0003066017825403833
1087.0 0.0007242254469019827
1088.0 0.00114184931589989
1089.0 0.0003832373749901308
1090.0 1.5750015224316738e-10
1091.0 1.5750015224316738e-10
1092.0 0.00016033521887948154
1093.0 0.00027221633445151383
1094.0 0.0003840971658064518
1095.0 5.1689698921109084e-05
1096.0 1.5750015224316738e-10
1097.0 1.5750015224316738e-10
1098.0 1.5750015224316738e-10
1099.0 0.00045280339691089466
1100.0 0.0018665608877199702
