lsstCam/transmission_filter_detector/r32_s12/i_39/19700101T000000.ecsv
# %ECSV 1.0
# ---
# datatype:
# - {name: wavelength, unit: nm, datatype: float32}
# - {name: efficiency, unit: '%', datatype: float64}
# meta: !!omap
# - {MODE: DETECTOR}
# - {TYPE: transmission_filter_detector}
# - {CALIBDATE: '1970-01-01T00:00:00'}
# - {INSTRUME: LSSTCam}
# - {OBSTYPE: transmission_filter_detector}
# - {CALIBCLS: lsst.ip.isr.IntermediateFilterDetectorTransmissionCurve}
# - {SOURCE: Materion (DM-46256)}
# - {DETECTOR: 140}
# - {FILTER: i_39}
# - {CALIB_ID: 'calibDate=1970-01-01T00:00:00 filter=i_39 detector=140'}
# - {DATE: '2025-04-02T15:59:47.127847'}
# - {CALIB_CREATION_DATE: '2025-04-02'}
# - {CALIB_CREATION_TIME: '15:59:47'}
# - __serialized_columns__:
#     efficiency:
#       __class__: astropy.units.quantity.Quantity
#       unit: !astropy.units.Unit {unit: '%'}
#       value: !astropy.table.SerializedColumn {name: efficiency}
#     wavelength:
#       __class__: astropy.units.quantity.Quantity
#       unit: !astropy.units.Unit {unit: nm}
#       value: !astropy.table.SerializedColumn {name: wavelength}
# schema: astropy-2.0
wavelength efficiency
300.0 1.5750015224316738e-10
301.0 3.525568956774805e-05
302.0 0.02425254788249731
303.0 0.015826555318199098
304.0 0.007400562026305124
305.0 0.011446520511526614
306.0 0.015492478269152343
307.0 0.012373729259707034
308.0 0.009254976612282917
309.0 0.007406908844131976
310.0 0.005558842167374678
311.0 0.0014875162378302775
312.0 1.5750015224316738e-10
313.0 1.5750015224316738e-10
314.0 1.5750015224316738e-10
315.0 1.5750015224316738e-10
316.0 0.000768118115956895
317.0 0.0002662703536771005
318.0 1.5750015224316738e-10
319.0 0.0025440713216084987
320.0 0.005323717778082937
321.0 0.0015692941815359518
322.0 1.5750015224316738e-10
323.0 1.5750015224316738e-10
324.0 0.0018138911400455981
325.0 0.0013850760296918452
326.0 0.0009562615559843834
327.0 1.5750015224316738e-10
328.0 1.5750015224316738e-10
329.0 0.001670500569161959
330.0 0.004515313048614189
331.0 0.004138244185014628
332.0 0.0037611742300214246
333.0 0.0018957818610942923
334.0 3.0389830385502137e-05
335.0 0.00013811821872877772
336.0 0.0002458467179167201
337.0 0.0009198063708026893
338.0 0.0015937661373754963
339.0 0.0007458944764948683
340.0 1.5750015224316738e-10
341.0 0.0001679353772487957
342.0 0.0004378481662570266
343.0 6.315540304058231e-05
344.0 1.5750015224316738e-10
345.0 6.742615710209066e-05
346.0 0.0004463895493245218
347.0 8.847737831274571e-05
348.0 1.5750015224316738e-10
349.0 0.00040495142457075417
350.0 0.0010793377441586927
351.0 1.5750015224316738e-10
352.0 1.5750015224316738e-10
353.0 1.5750015224316738e-10
354.0 1.5750015224316738e-10
355.0 0.0001975364511963562
356.0 0.0010065166861750185
357.0 0.0002596020976852742
358.0 1.5750015224316738e-10
359.0 1.5750015224316738e-10
360.0 0.0002612918251543306
361.0 1.5750015224316738e-10
362.0 1.5750015224316738e-10
363.0 1.5750015224316738e-10
364.0 1.5750015224316738e-10
365.0 1.5750015224316738e-10
366.0 1.5750015224316738e-10
367.0 0.0002697185209399322
368.0 0.0008899573913367931
369.0 0.00035314319575263653
370.0 1.5750015224316738e-10
371.0 1.5750015224316738e-10
372.0 0.00016772103208495537
373.0 1.1376217656788867e-05
374.0 1.5750015224316738e-10
375.0 0.00010374213843533653
376.0 0.00035245307117293123
377.0 0.0003837567419395782
378.0 0.0004150604127062252
379.0 0.00043579798330029007
380.0 0.0004565353719954146
381.0 0.0002838407908711815
382.0 0.00011114609606011072
383.0 0.00011193925502084312
384.0 0.00011273234576947289
385.0 0.000179067160388513
386.0 0.0002454020659570233
387.0 3.0427472097471764e-05
388.0 1.5750015224316738e-10
389.0 1.5750015224316738e-10
390.0 1.5750015224316738e-10
391.0 1.5750015224316738e-10
392.0 1.5750015224316738e-10
393.0 1.5750015224316738e-10
394.0 1.5750015224316738e-10
395.0 0.00023404475086863386
396.0 0.0005034219611843582
397.0 0.0005755174242949579
398.0 0.0006476128874055576
399.0 0.0011194642866030335
400.0 0.001591315412952099
401.0 0.0025232859115931205
402.0 0.003455255864537321
403.0 0.003251298767281696
404.0 0.0030473411243292503
405.0 0.002768724334600847
406.0 0.0024901077267713845
407.0 0.0033602907933527604
408.0 0.004230473859934136
409.0 0.004090435686521232
410.0 0.003950397513108328
411.0 0.00470378108730074
412.0 0.005457164661493152
413.0 0.004961339800502174
414.0 0.004465514211915433
415.0 0.003209382339264266
416.0 0.0019532502847141586
417.0 0.003639099304564297
418.0 0.005324947414919734
419.0 0.004368179361335933
420.0 0.0034114102163584903
421.0 0.003680002555483952
422.0 0.003948594894609414
423.0 0.004567180440062657
424.0 0.005185766349313781
425.0 0.005079031689092517
426.0 0.004972297028871253
427.0 0.00542663037776947
428.0 0.005880964090465568
429.0 0.005050528488936834
430.0 0.004220093251205981
431.0 0.003968553210143
432.0 0.0037170124414842576
433.0 0.002617718928377144
434.0 0.0015184253243205603
435.0 0.0012782440535374917
436.0 0.001038062691804953
437.0 0.0012288054676901083
438.0 0.0014195482435752638
439.0 0.0012038753993692808
440.0 0.0009882024642138276
441.0 0.0010030851626652293
442.0 0.0010179677701671608
443.0 0.001747285932651721
444.0 0.002476604095136281
445.0 0.001135917136707576
446.0 1.5750015224316738e-10
447.0 1.5750015224316738e-10
448.0 7.587308914480673e-05
449.0 0.00028459253371693194
450.0 0.0004933119271299802
451.0 0.000662291813569027
452.0 0.0008312717000080738
453.0 0.0008753471774980426
454.0 0.000919422473089071
455.0 0.0011293157513136975
456.0 0.001339208938588854
457.0 0.0007997872671694495
458.0 0.00026036550480057485
459.0 0.0004565077233564807
460.0 0.0006526498964376515
461.0 0.0004502375304582529
462.0 0.000247825278165692
463.0 0.00036171286410535686
464.0 0.00047560047278238926
465.0 0.0004007510142400861
466.0 0.00032590182854619343
467.0 0.00030035625968594104
468.0 0.0002748105998762185
469.0 0.0005665342087013414
470.0 0.0008582580449001398
471.0 0.0006174245299916947
472.0 0.0003765914016184979
473.0 0.000614954115008004
474.0 0.0008533168511348777
475.0 0.0005550829882849939
476.0 0.00025684901174827246
477.0 0.00031052773010742385
478.0 0.0003642063347797375
479.0 0.0010485470738785807
480.0 0.001732887903926894
481.0 0.001983812944672536
482.0 0.002234737985418178
483.0 0.0036456589441513643
484.0 0.00505657953908667
485.0 0.00671050074743107
486.0 0.008364420500583947
487.0 0.01040161369019188
488.0 0.01243880542460829
489.0 0.01524079852970317
490.0 0.018042790179606527
491.0 0.020851477165706456
492.0 0.02366016706218943
493.0 0.02521327114664018
494.0 0.026766376686282456
495.0 0.024502637097612023
496.0 0.022238893143367022
497.0 0.0185564233106561
498.0 0.014873953477945179
499.0 0.010555981134530157
500.0 0.006238008791115135
501.0 0.004351137613411993
502.0 0.002464264980517328
503.0 0.0020428953575901687
504.0 0.0016215257346630096
505.0 0.00177672591235023
506.0 0.0019319259081385098
507.0 0.00191387898667017
508.0 0.0018958318833028898
509.0 0.0019353228708496317
510.0 0.0019748138583963737
511.0 0.0017766755263437517
512.0 0.00157853737619007
513.0 0.0016729698472772725
514.0 0.001767402318364475
515.0 0.0021106468921061605
516.0 0.0024538912839489058
517.0 0.002521717397030443
518.0 0.002589543873909861
519.0 0.0021691061192541383
520.0 0.0017486687283962965
521.0 0.0016890588085516356
522.0 0.001629449070605915
523.0 0.0017045596905518323
524.0 0.00177967049239669
525.0 0.0019924267689930275
526.0 0.0022051832274883054
527.0 0.002592290547909215
528.0 0.0029793978683301248
529.0 0.0026341933335061185
530.0 0.0022889884348842315
531.0 0.001974897713807877
532.0 0.0016608073565294035
533.0 0.001554560731165111
534.0 0.0014483141967502888
535.0 0.0017483849660493433
536.0 0.0020484554624999873
537.0 0.0025686505978228524
538.0 0.003088845551246777
539.0 0.003936036955565214
540.0 0.004783228359883651
541.0 0.005217426951276138
542.0 0.005651625542668626
543.0 0.00521554502483923
544.0 0.004779464507009834
545.0 0.0038611739000771195
546.0 0.0029428831112454645
547.0 0.002350871181988623
548.0 0.0017588594346307218
549.0 0.0016918394976528361
550.0 0.0016248201063717715
551.0 0.001667856668063905
552.0 0.0017108930478570983
553.0 0.0016982885426841676
554.0 0.001685684037511237
555.0 0.0011396272384445183
556.0 0.0005935704848525347
557.0 0.0005901362783333752
558.0 0.0005867019808647456
559.0 0.0006801458766858559
560.0 0.0007735898179817013
561.0 0.0010290103091392666
562.0 0.001284430891246302
563.0 0.0015734047337900847
564.0 0.0018623783034854569
565.0 0.0016222154954448342
566.0 0.0013820525964547414
567.0 0.001039883318298962
568.0 0.0006977140856179176
569.0 0.0007378102054644842
570.0 0.000777906461735256
571.0 0.0006176551323733293
572.0 0.0004574036665871972
573.0 0.00048779752432892565
574.0 0.0005181912456464488
575.0 0.0005090168997412547
576.0 0.0004998425538360607
577.0 0.00043838954297825694
578.0 0.0003769365775951883
579.0 0.0004165635800745804
580.0 0.0004561906280287076
581.0 0.0004145669663557783
582.0 0.00037294335015758406
583.0 0.00042270226003893185
584.0 0.00047246112444554456
585.0 0.0005227620476944139
586.0 0.0005730629254685482
587.0 0.00048303641051461454
588.0 0.000393009941035416
589.0 0.0006174902409838978
590.0 0.0008419705409323797
591.0 0.0005783213055110537
592.0 0.0003146720928270952
593.0 0.0005119706202094676
594.0 0.0007092692158039426
595.0 0.0005248347406450193
596.0 0.00034040026548609603
597.0 0.00038378975659725256
598.0 0.0004271792931831442
599.0 0.0003824257873930037
600.0 0.00033767234981496586
601.0 0.0003931168066628743
602.0 0.00044856133172288537
603.0 0.00031108120310818776
604.0 0.00017360108586217393
605.0 0.00022576086848857813
606.0 0.00027792059427156346
607.0 0.00031738491088617593
608.0 0.00035684925023815595
609.0 0.00037167451409914065
610.0 0.00038649982343486045
611.0 0.000403763760914444
612.0 0.00042102765291929245
613.0 0.0004084119154867949
614.0 0.00039579622352903243
615.0 0.00039121655390772503
616.0 0.0003866369297611527
617.0 0.00031577942536387127
618.0 0.0002449218982292223
619.0 0.00018395350025457446
620.0 0.00012298509091124288
621.0 0.00015936885802148026
622.0 0.00019575265923776897
623.0 0.0002651809609233169
624.0 0.0003346092626088648
625.0 0.00037903921565884957
626.0 0.0004234691914462019
627.0 0.00043702448238036595
628.0 0.00045057972783979494
629.0 0.00039463589018851053
630.0 0.0003386920297998586
631.0 0.0003070952288908302
632.0 0.00027549824608286144
633.0 0.00030796370538155315
634.0 0.00034042916468024487
635.0 0.000443856515630614
636.0 0.0005472838893183507
637.0 0.00047249113777070306
638.0 0.00039769829527358525
639.0 0.00044407265704649035
640.0 0.0004904470188193955
641.0 0.0005744539066654397
642.0 0.0006584608399862191
643.0 0.0005955764663667651
644.0 0.0005326919108483708
645.0 0.0006631317319261143
646.0 0.0007935715984785929
647.0 0.0007627060767845251
648.0 0.0007318403731915168
649.0 0.0007332514087465825
650.0 0.0007346624443016481
651.0 0.0007748465577606112
652.0 0.0008150305802701041
653.0 0.0007973565516294912
654.0 0.0007796826139383484
655.0 0.0011558799087652005
656.0 0.0015320772945415229
657.0 0.0025562398150213994
658.0 0.0035804019717033952
659.0 0.005803423482575454
660.0 0.024523073807358742
661.0 0.10546117555350065
662.0 0.10317398700863123
663.0 0.12183630606159568
664.0 0.11821100488305092
665.0 0.14080815017223358
666.0 0.1572014531120658
667.0 0.1996782375499606
668.0 0.22564968094229698
669.0 0.3070720937103033
670.0 0.43328930623829365
671.0 0.6603945046663284
672.0 1.127383578568697
673.0 1.7184516414999962
674.0 2.563401497900486
675.0 3.5289589315652847
676.0 4.655016213655472
677.0 6.00861944258213
678.0 7.392636686563492
679.0 8.941841125488281
680.0 11.056775599718094
681.0 13.225781917572021
682.0 15.854677557945251
683.0 18.632331490516663
684.0 21.61121517419815
685.0 24.55790489912033
686.0 27.566632628440857
687.0 30.879956483840942
688.0 34.285762906074524
689.0 37.86330223083496
690.0 41.95745885372162
691.0 46.46099805831909
692.0 51.66614651679993
693.0 57.18618035316467
694.0 63.30547332763672
695.0 68.9501404762268
696.0 75.17240643501282
697.0 80.5232584476471
698.0 85.99246144294739
699.0 89.99131917953491
700.0 92.81783103942871
701.0 94.99343037605286
702.0 96.39286994934082
703.0 97.13046550750732
704.0 97.40158319473267
705.0 97.74934649467468
706.0 97.67338037490845
707.0 97.81845808029175
708.0 97.81127572059631
709.0 97.85882830619812
710.0 97.69396781921387
711.0 97.89901375770569
712.0 97.8531539440155
713.0 97.9293942451477
714.0 98.01537990570068
715.0 98.07924032211304
716.0 97.90253043174744
717.0 98.07873964309692
718.0 98.1359601020813
719.0 98.02742004394531
720.0 98.22220802307129
721.0 98.09876680374146
722.0 97.71195650100708
723.0 97.52185344696045
724.0 97.18798995018005
725.0 97.0485270023346
726.0 96.80020809173584
727.0 96.61906361579895
728.0 96.40448689460754
729.0 96.2294340133667
730.0 96.33352160453796
731.0 96.4451014995575
732.0 96.49425745010376
733.0 96.80392146110535
734.0 97.17084765434265
735.0 97.32125401496887
736.0 97.71058559417725
737.0 98.06358218193054
738.0 98.25353622436523
739.0 98.62882494926453
740.0 98.65725636482239
741.0 98.54379892349243
742.0 98.82436990737915
743.0 98.66694808006287
744.0 98.53986501693726
745.0 98.53615164756775
746.0 98.474782705307
747.0 98.7024188041687
748.0 98.57172966003418
749.0 98.47720861434937
750.0 98.43648076057434
751.0 98.38282465934753
752.0 98.27907681465149
753.0 98.50624799728394
754.0 98.41254949569702
755.0 98.51038455963135
756.0 98.50704669952393
757.0 98.56723546981812
758.0 98.71701002120972
759.0 98.68154525756836
760.0 98.58580231666565
761.0 98.55184555053711
762.0 98.6372172832489
763.0 98.57066869735718
764.0 98.52553009986877
765.0 98.40461611747742
766.0 98.51409196853638
767.0 98.27637076377869
768.0 98.24545979499817
769.0 98.19849729537964
770.0 97.92346954345703
771.0 97.95015454292297
772.0 97.95453548431396
773.0 97.90143370628357
774.0 97.71847724914551
775.0 97.7925956249237
776.0 97.7285623550415
777.0 97.82451391220093
778.0 97.85348773002625
779.0 97.98453450202942
780.0 97.89993166923523
781.0 98.35841059684753
782.0 98.21186661720276
783.0 98.33205342292786
784.0 98.27820062637329
785.0 98.4329104423523
786.0 98.53343963623047
787.0 98.30458164215088
788.0 98.38188290596008
789.0 98.47875237464905
790.0 98.39287996292114
791.0 98.42777252197266
792.0 98.22245836257935
793.0 98.11506271362305
794.0 98.02459478378296
795.0 97.94287085533142
796.0 97.90340662002563
797.0 97.94379472732544
798.0 97.79059886932373
799.0 97.72132635116577
800.0 97.50155806541443
801.0 97.49010801315308
802.0 97.25154042243958
803.0 96.87637686729431
804.0 96.43388390541077
805.0 95.54344415664673
806.0 94.750314950943
807.0 93.41227412223816
808.0 91.70382618904114
809.0 89.87592458724976
810.0 87.80760169029236
811.0 85.0861132144928
812.0 82.00235366821289
813.0 78.54189872741699
814.0 74.62775111198425
815.0 70.40477991104126
816.0 66.07624292373657
817.0 61.44261360168457
818.0 56.53390884399414
819.0 52.37451791763306
820.0 47.53414690494537
821.0 43.109774589538574
822.0 38.6497437953949
823.0 34.068432450294495
824.0 29.464808106422424
825.0 25.235673785209656
826.0 20.849235355854034
827.0 16.415786743164062
828.0 12.52358853816986
829.0 9.019989520311356
830.0 5.930110812187195
831.0 3.9414770901203156
832.0 2.3317506536841393
833.0 1.3198291882872581
834.0 0.809018686413765
835.0 0.4521206486970186
836.0 0.2596876351162791
837.0 0.208317581564188
838.0 0.0739388051442802
839.0 0.02727766113821417
840.0 0.005365403922041878
841.0 1.5750015224316738e-10
842.0 1.5750015224316738e-10
843.0 1.5750015224316738e-10
844.0 1.5750015224316738e-10
845.0 1.5750015224316738e-10
846.0 0.009261800005333498
847.0 1.5750015224316738e-10
848.0 0.010302251030225307
849.0 1.5750015224316738e-10
850.0 1.5750015224316738e-10
851.0 0.002145855614799075
852.0 0.0034339336707489565
853.0 0.0018973010810441338
854.0 0.00036066851407667855
855.0 0.00037988497751939576
856.0 0.00039910141822474543
857.0 0.0004433976300788345
858.0 0.00048769384193292353
859.0 0.00022426511350204237
860.0 1.5750015224316738e-10
861.0 1.5750015224316738e-10
862.0 1.5750015224316738e-10
863.0 1.5750015224316738e-10
864.0 1.5750015224316738e-10
865.0 2.7088896104032756e-05
866.0 0.00010835333341674414
867.0 8.73431176273698e-06
868.0 1.5750015224316738e-10
869.0 3.14000374146417e-05
870.0 0.00015368475487775868
871.0 0.00017318940308541642
872.0 0.0001926940285557066
873.0 5.07995025600394e-05
874.0 1.5750015224316738e-10
875.0 1.5750015224316738e-10
876.0 1.5750015224316738e-10
877.0 1.5750015224316738e-10
878.0 1.5750015224316738e-10
879.0 1.5750015224316738e-10
880.0 5.9577303090918576e-05
881.0 5.6930991831904976e-05
882.0 5.428470331025892e-05
883.0 1.5750015224316738e-10
884.0 1.5750015224316738e-10
885.0 1.5750015224316738e-10
886.0 0.00015859048971833545
887.0 6.295164212133386e-05
888.0 1.5750015224316738e-10
889.0 1.3685811950381321e-05
890.0 6.00588577981398e-05
891.0 2.997737613696927e-07
892.0 1.5750015224316738e-10
893.0 4.845833601052618e-06
894.0 6.915093422321661e-05
895.0 3.955992866622182e-06
