lsstcam/qe_curve/r01_s22/19700101T000000.ecsv
# %ECSV 0.9
# ---
# datatype:
# - {name: amp_name, datatype: string}
# - {name: wavelength, unit: nm, datatype: float32}
# - {name: efficiency, unit: '%', datatype: float32}
# meta: !!omap
# - {MODE: AMP}
# - {TYPE: QE}
# - {CALIBDATE: '1970-01-01T00:00:00'}
# - {INSTRUME: LSSTCAM}
# - {OBSTYPE: qe_curve}
# - {DETECTOR: 8}
# - {PICKLEFILE: RaftRun10861.p}
# - {CALIB_ID: 'raftName=R01 detectorName=S22 detector=8 calibDate=1970-01-01T00:00:00 ccd=8 ccdnum=8 filter=None'}
# - {DATE: '2020-07-23T19:15:12.883796'}
# - {CALIB_CREATION_DATE: '2020-07-23'}
# - {CALIB_CREATION_TIME: '19:15:12'}
# - __serialized_columns__:
#     efficiency:
#       __class__: astropy.units.quantity.Quantity
#       unit: !astropy.units.Unit {unit: '%'}
#       value: !astropy.table.SerializedColumn {name: efficiency}
#     wavelength:
#       __class__: astropy.units.quantity.Quantity
#       unit: !astropy.units.Unit {unit: nm}
#       value: !astropy.table.SerializedColumn {name: wavelength}
# schema: astropy-2.0
amp_name wavelength efficiency
C00 319.994 47.08019
C00 324.969 48.178337
C00 349.982 55.45169
C00 374.975 71.426704
C00 400.019 85.002945
C00 424.965 87.634476
C00 450.035 87.29681
C00 475.003 86.80897
C00 500.018 86.53627
C00 525.002 86.758675
C00 550.029 87.6677
C00 575.023 88.705765
C00 599.982 90.29544
C00 619.997 90.91732
C00 624.979 91.20969
C00 650.012 92.53412
C00 675.004 93.6392
C00 700.03 94.592735
C00 725.012 95.42373
C00 750.022 96.937744
C00 774.987 98.36888
C00 799.976 98.86759
C00 824.988 98.35326
C00 850.022 97.56034
C00 869.967 95.53808
C00 875.002 94.66696
C00 899.999 88.16734
C00 919.999 79.75449
C00 925.012 76.89531
C00 949.965 62.43392
C00 975.002 47.30674
C00 999.976 31.109997
C00 1025.028 15.200288
C00 1050.014 6.149098
C00 1075.002 3.374591
C00 1099.99 2.2959378
C13 319.994 46.67043
C13 324.969 47.60852
C13 349.982 54.326817
C13 374.975 70.37124
C13 400.019 84.563194
C13 424.965 87.645676
C13 450.035 87.434326
C13 475.003 86.86469
C13 500.018 86.45182
C13 525.002 86.53785
C13 550.029 87.35958
C13 575.023 88.3401
C13 599.982 89.88747
C13 619.997 90.483025
C13 624.979 90.76696
C13 650.012 92.06405
C13 675.004 93.22194
C13 700.03 94.25193
C13 725.012 95.416626
C13 750.022 97.3817
C13 774.987 99.273224
C13 799.976 99.98642
C13 824.988 99.4759
C13 850.022 98.7961
C13 869.967 96.671425
C13 875.002 95.76371
C13 899.999 88.76282
C13 919.999 80.12848
C13 925.012 77.274185
C13 949.965 63.712624
C13 975.002 48.612606
C13 999.976 31.298237
C13 1025.028 15.4029455
C13 1050.014 6.1421375
C13 1075.002 3.4801173
C13 1099.99 2.3894994
C15 319.994 46.21376
C15 324.969 47.03635
C15 349.982 53.25234
C15 374.975 69.12556
C15 400.019 83.702095
C15 424.965 87.13644
C15 450.035 87.07666
C15 475.003 86.54019
C15 500.018 86.08737
C15 525.002 86.10142
C15 550.029 86.826035
C15 575.023 87.71262
C15 599.982 89.19271
C15 619.997 89.75077
C15 624.979 90.03241
C15 650.012 91.304855
C15 675.004 92.4502
C15 700.03 93.50725
C15 725.012 94.72397
C15 750.022 96.75526
C15 774.987 98.71342
C15 799.976 99.479866
C15 824.988 99.01289
C15 850.022 98.397064
C15 869.967 96.36062
C15 875.002 95.47522
C15 899.999 88.51794
C15 919.999 79.83104
C15 925.012 76.96763
C15 949.965 63.572826
C15 975.002 48.531387
C15 999.976 31.248394
C15 1025.028 15.361793
C15 1050.014 6.1251683
C15 1075.002 3.4786758
C15 1099.99 2.3828723
C10 319.994 47.1094
C10 324.969 48.17773
C10 349.982 55.311646
C10 374.975 71.25191
C10 400.019 84.91423
C10 424.965 87.61395
C10 450.035 87.307274
C10 475.003 86.82683
C10 500.018 86.545715
C10 525.002 86.75055
C10 550.029 87.63031
C10 575.023 88.63777
C10 599.982 90.21186
C10 619.997 90.82239
C10 624.979 91.11382
C10 650.012 92.42745
C10 675.004 93.57861
C10 700.03 94.58129
C10 725.012 95.65239
C10 750.022 97.487305
C10 774.987 99.25141
C10 799.976 99.88553
C10 824.988 99.3366
C10 850.022 98.549446
C10 869.967 96.383766
C10 875.002 95.48263
C10 899.999 88.56935
C10 919.999 79.94478
C10 925.012 77.06711
C10 949.965 63.29861
C10 975.002 48.161224
C10 999.976 31.026257
C10 1025.028 15.277478
C10 1050.014 6.1320996
C10 1075.002 3.4559088
C10 1099.99 2.3650455
C06 319.994 46.32778
C06 324.969 47.1415
C06 349.982 53.41743
C06 374.975 69.45273
C06 400.019 84.07684
C06 424.965 87.4809
C06 450.035 87.32893
C06 475.003 86.67375
C06 500.018 86.16014
C06 525.002 86.18563
C06 550.029 86.97176
C06 575.023 87.92076
C06 599.982 89.43297
C06 619.997 90.00573
C06 624.979 90.28935
C06 650.012 91.56415
C06 675.004 92.729774
C06 700.03 93.7068
C06 725.012 94.729996
C06 750.022 96.525375
C06 774.987 98.229065
C06 799.976 98.876724
C06 824.988 98.42527
C06 850.022 97.77369
C06 869.967 95.76057
C06 875.002 94.87377
C06 899.999 88.06433
C06 919.999 79.62647
C06 925.012 76.84122
C06 949.965 62.966927
C06 975.002 47.5952
C06 999.976 31.092989
C06 1025.028 15.207391
C06 1050.014 6.1002545
C06 1075.002 3.3541882
C06 1099.99 2.2950852
C11 319.994 47.25009
C11 324.969 48.343258
C11 349.982 55.62916
C11 374.975 71.74948
C11 400.019 85.414795
C11 424.965 88.02669
C11 450.035 87.56081
C11 475.003 86.88009
C11 500.018 86.48039
C11 525.002 86.680504
C11 550.029 87.66445
C11 575.023 88.78978
C11 599.982 90.44089
C11 619.997 91.08065
C11 624.979 91.377785
C11 650.012 92.70797
C11 675.004 93.86466
C11 700.03 94.86516
C11 725.012 95.95245
C11 750.022 97.81051
C11 774.987 99.590324
C11 799.976 100.22292
C11 824.988 99.66073
C11 850.022 98.88134
C11 869.967 96.6669
C11 875.002 95.74214
C11 899.999 88.66921
C11 919.999 80.102585
C11 925.012 77.267494
C11 949.965 63.659977
C11 975.002 48.461655
C11 999.976 31.19509
C11 1025.028 15.370463
C11 1050.014 6.1665797
C11 1075.002 3.4959774
C11 1099.99 2.3871446
C16 319.994 46.396294
C16 324.969 47.18775
C16 349.982 53.288654
C16 374.975 69.200455
C16 400.019 83.96659
C16 424.965 87.50729
C16 450.035 87.48488
C16 475.003 86.94791
C16 500.018 86.47996
C16 525.002 86.46994
C16 550.029 87.159546
C16 575.023 88.01726
C16 599.982 89.481094
C16 619.997 90.033226
C16 624.979 90.31144
C16 650.012 91.58144
C16 675.004 92.73783
C16 700.03 93.79735
C16 725.012 95.01345
C16 750.022 97.0519
C16 774.987 99.00761
C16 799.976 99.78034
C16 824.988 99.33037
C16 850.022 98.72876
C16 869.967 96.713356
C16 875.002 95.82919
C16 899.999 88.866295
C16 919.999 80.1656
C16 925.012 77.29891
C16 949.965 63.885433
C16 975.002 48.741413
C16 999.976 31.379683
C16 1025.028 15.417361
C16 1050.014 6.156719
C16 1075.002 3.4951684
C16 1099.99 2.3914747
C04 319.994 46.68264
C04 324.969 47.636482
C04 349.982 54.43422
C04 374.975 70.63116
C04 400.019 84.947205
C04 424.965 87.98399
C04 450.035 87.63281
C04 475.003 86.87735
C04 500.018 86.35913
C04 525.002 86.469406
C04 550.029 87.382126
C04 575.023 88.454735
C04 599.982 90.063095
C04 619.997 90.68826
C04 624.979 90.97923
C04 650.012 92.294235
C04 675.004 93.430374
C04 700.03 94.42388
C04 725.012 95.41618
C04 750.022 97.15226
C04 774.987 98.80716
C04 799.976 99.41082
C04 824.988 98.90419
C04 850.022 98.16254
C04 869.967 96.09016
C04 875.002 95.19219
C04 899.999 88.412544
C04 919.999 79.9593
C04 925.012 77.15491
C04 949.965 63.18199
C04 975.002 47.69099
C04 999.976 31.163794
C04 1025.028 15.264985
C04 1050.014 6.092242
C04 1075.002 3.3553174
C04 1099.99 2.299809
C02 319.994 46.89545
C02 324.969 47.924244
C02 349.982 54.978737
C02 374.975 71.112656
C02 400.019 85.08857
C02 424.965 87.93355
C02 450.035 87.58003
C02 475.003 86.936005
C02 500.018 86.52396
C02 525.002 86.687
C02 550.029 87.61765
C02 575.023 88.70411
C02 599.982 90.32641
C02 619.997 90.956566
C02 624.979 91.253044
C02 650.012 92.56912
C02 675.004 93.697876
C02 700.03 94.660255
C02 725.012 95.563774
C02 750.022 97.18319
C02 774.987 98.71662
C02 799.976 99.25698
C02 824.988 98.74684
C02 850.022 97.962364
C02 869.967 95.88873
C02 875.002 95.008064
C02 899.999 88.39541
C02 919.999 80.018776
C02 925.012 77.21054
C02 949.965 63.069866
C02 975.002 47.659187
C02 999.976 31.218248
C02 1025.028 15.30619
C02 1050.014 6.12923
C02 1075.002 3.3786204
C02 1099.99 2.3085325
C05 319.994 46.58159
C05 324.969 47.455067
C05 349.982 53.976635
C05 374.975 70.125404
C05 400.019 84.64864
C05 424.965 87.9054
C05 450.035 87.68706
C05 475.003 87.00651
C05 500.018 86.49354
C05 525.002 86.5532
C05 550.029 87.38175
C05 575.023 88.3755
C05 599.982 89.926926
C05 619.997 90.52081
C05 624.979 90.80764
C05 650.012 92.10568
C05 675.004 93.23593
C05 700.03 94.24722
C05 725.012 95.2734
C05 750.022 97.059204
C05 774.987 98.761826
C05 799.976 99.40556
C05 824.988 98.92208
C05 850.022 98.22563
C05 869.967 96.187035
C05 875.002 95.282326
C05 899.999 88.460815
C05 919.999 79.95987
C05 925.012 77.14992
C05 949.965 63.198875
C05 975.002 47.752556
C05 999.976 31.220793
C05 1025.028 15.255873
C05 1050.014 6.099252
C05 1075.002 3.3550937
C05 1099.99 2.297046
C03 319.994 46.86445
C03 324.969 47.832027
C03 349.982 54.680153
C03 374.975 70.84285
C03 400.019 85.06386
C03 424.965 88.0981
C03 450.035 87.82874
C03 475.003 87.20698
C03 500.018 86.77745
C03 525.002 86.88911
C03 550.029 87.76288
C03 575.023 88.78953
C03 599.982 90.37486
C03 619.997 90.98681
C03 624.979 91.27914
C03 650.012 92.5833
C03 675.004 93.72337
C03 700.03 94.70471
C03 725.012 95.65677
C03 750.022 97.350586
C03 774.987 98.962074
C03 799.976 99.54497
C03 824.988 99.050575
C03 850.022 98.29171
C03 869.967 96.21628
C03 875.002 95.33196
C03 899.999 88.637215
C03 919.999 80.22056
C03 925.012 77.406166
C03 949.965 63.33704
C03 975.002 47.83211
C03 999.976 31.266247
C03 1025.028 15.327967
C03 1050.014 6.1132946
C03 1075.002 3.3680282
C03 1099.99 2.309376
C12 319.994 47.04659
C12 324.969 48.08426
C12 349.982 55.173733
C12 374.975 71.34457
C12 400.019 85.30302
C12 424.965 88.108986
C12 450.035 87.71152
C12 475.003 87.01571
C12 500.018 86.57716
C12 525.002 86.73414
C12 550.029 87.68473
C12 575.023 88.78555
C12 599.982 90.41855
C12 619.997 91.05517
C12 624.979 91.347275
C12 650.012 92.67167
C12 675.004 93.83278
C12 700.03 94.849945
C12 725.012 95.97191
C12 750.022 97.88349
C12 774.987 99.71819
C12 799.976 100.384445
C12 824.988 99.83901
C12 850.022 99.09648
C12 869.967 96.9091
C12 875.002 95.9848
C12 899.999 88.914116
C12 919.999 80.31578
C12 925.012 77.475945
C12 949.965 63.915424
C12 975.002 48.69856
C12 999.976 31.372225
C12 1025.028 15.459905
C12 1050.014 6.194063
C12 1075.002 3.5144446
C12 1099.99 2.4012642
C01 319.994 47.14554
C01 324.969 48.20614
C01 349.982 55.371857
C01 374.975 71.47063
C01 400.019 85.30572
C01 424.965 88.07535
C01 450.035 87.7419
C01 475.003 87.16527
C01 500.018 86.818146
C01 525.002 87.006676
C01 550.029 87.935165
C01 575.023 89.00468
C01 599.982 90.61935
C01 619.997 91.24489
C01 624.979 91.54157
C01 650.012 92.865845
C01 675.004 93.98512
C01 700.03 94.94641
C01 725.012 95.81082
C01 750.022 97.38063
C01 774.987 98.86262
C01 799.976 99.378944
C01 824.988 98.864555
C01 850.022 98.073715
C01 869.967 96.01281
C01 875.002 95.139465
C01 899.999 88.58148
C01 919.999 80.16136
C01 925.012 77.32175
C01 949.965 62.97569
C01 975.002 47.635925
C01 999.976 31.279097
C01 1025.028 15.332248
C01 1050.014 6.1586523
C01 1075.002 3.3940861
C01 1099.99 2.3161113
C07 319.994 46.455395
C07 324.969 47.287643
C07 349.982 53.654186
C07 374.975 69.83367
C07 400.019 84.54456
C07 424.965 87.89632
C07 450.035 87.64648
C07 475.003 86.8669
C07 500.018 86.281364
C07 525.002 86.319725
C07 550.029 87.15926
C07 575.023 88.155014
C07 599.982 89.70408
C07 619.997 90.2962
C07 624.979 90.58121
C07 650.012 91.86853
C07 675.004 93.00883
C07 700.03 94.00923
C07 725.012 95.00454
C07 750.022 96.735565
C07 774.987 98.383125
C07 799.976 99.01506
C07 824.988 98.57852
C07 850.022 97.93979
C07 869.967 95.93982
C07 875.002 95.04433
C07 899.999 88.208565
C07 919.999 79.837006
C07 925.012 77.084274
C07 949.965 63.31788
C07 975.002 47.846745
C07 999.976 31.154018
C07 1025.028 15.249895
C07 1050.014 6.1767206
C07 1075.002 3.4057624
C07 1099.99 2.317089
C17 319.994 46.33218
C17 324.969 47.08077
C17 349.982 53.023247
C17 374.975 68.93169
C17 400.019 83.873314
C17 424.965 87.53976
C17 450.035 87.56748
C17 475.003 87.04554
C17 500.018 86.56168
C17 525.002 86.525696
C17 550.029 87.186806
C17 575.023 88.01855
C17 599.982 89.45852
C17 619.997 90.000404
C17 624.979 90.277
C17 650.012 91.537025
C17 675.004 92.69946
C17 700.03 93.74178
C17 725.012 94.93113
C17 750.022 96.91815
C17 774.987 98.82236
C17 799.976 99.580444
C17 824.988 99.16045
C17 850.022 98.56816
C17 869.967 96.5493
C17 875.002 95.66198
C17 899.999 88.69002
C17 919.999 80.11674
C17 925.012 77.30778
C17 949.965 64.05551
C17 975.002 48.74251
C17 999.976 31.362854
C17 1025.028 15.393491
C17 1050.014 6.188765
C17 1075.002 3.5109522
C17 1099.99 2.399135
C14 319.994 46.63106
C14 324.969 47.548454
C14 349.982 54.19675
C14 374.975 70.315155
C14 400.019 84.6604
C14 424.965 87.80121
C14 450.035 87.55944
C14 475.003 86.91162
C14 500.018 86.435005
C14 525.002 86.497696
C14 550.029 87.32288
C14 575.023 88.31898
C14 599.982 89.87332
C14 619.997 90.46943
C14 624.979 90.75839
C14 650.012 92.0581
C14 675.004 93.216934
C14 700.03 94.26254
C14 725.012 95.453896
C14 750.022 97.46153
C14 774.987 99.38826
C14 799.976 100.12974
C14 824.988 99.62496
C14 850.022 98.970924
C14 869.967 96.877495
C14 875.002 95.97747
C14 899.999 88.96585
C14 919.999 80.25792
C14 925.012 77.38298
C14 949.965 63.841686
C14 975.002 48.741806
C14 999.976 31.383978
C14 1025.028 15.448012
C14 1050.014 6.1566954
C14 1075.002 3.4937043
C14 1099.99 2.3974118
