lsstcam/qe_curve/r24_s02/19700101T000000.ecsv
# %ECSV 0.9
# ---
# datatype:
# - {name: amp_name, datatype: string}
# - {name: wavelength, unit: nm, datatype: float32}
# - {name: efficiency, unit: '%', datatype: float32}
# meta: !!omap
# - {MODE: AMP}
# - {TYPE: QE}
# - {CALIBDATE: '1970-01-01T00:00:00'}
# - {INSTRUME: LSSTCAM}
# - {OBSTYPE: qe_curve}
# - {DETECTOR: 110}
# - {PICKLEFILE: RaftRun11952.p}
# - {CALIB_ID: 'raftName=R24 detectorName=S02 detector=110 calibDate=1970-01-01T00:00:00 ccd=110 ccdnum=110 filter=None'}
# - {DATE: '2020-01-23T15:18:31.320571'}
# - {CALIB_CREATION_DATE: '2020-01-23'}
# - {CALIB_CREATION_TIME: '15:18:31'}
# - __serialized_columns__:
#     efficiency:
#       __class__: astropy.units.quantity.Quantity
#       unit: !astropy.units.Unit {unit: '%'}
#       value: !astropy.table.SerializedColumn {name: efficiency}
#     wavelength:
#       __class__: astropy.units.quantity.Quantity
#       unit: !astropy.units.Unit {unit: nm}
#       value: !astropy.table.SerializedColumn {name: wavelength}
# schema: astropy-2.0
amp_name wavelength efficiency
C05 319.994 37.23543
C05 324.969 42.06209
C05 349.982 62.297028
C05 374.975 68.68689
C05 400.019 80.21737
C05 424.965 83.37729
C05 450.035 86.36812
C05 475.003 90.05169
C05 500.018 91.67123
C05 525.002 94.36871
C05 550.029 96.637085
C05 575.023 96.75709
C05 599.982 98.59464
C05 619.997 98.22118
C05 624.979 98.572784
C05 650.012 98.97924
C05 675.004 98.712456
C05 700.03 98.27472
C05 725.012 98.32708
C05 750.022 98.72671
C05 774.987 98.77968
C05 799.976 98.08357
C05 824.988 96.34443
C05 850.022 94.256004
C05 869.967 91.2449
C05 875.002 90.56052
C05 899.999 83.172935
C05 919.999 74.32711
C05 925.012 71.295395
C05 949.965 58.522232
C05 975.002 43.10711
C05 999.976 26.331789
C05 1025.028 11.3785925
C05 1050.014 4.018403
C05 1075.002 2.224468
C05 1099.99 1.7594414
C07 319.994 35.953514
C07 324.969 40.634933
C07 349.982 60.385925
C07 374.975 67.43148
C07 400.019 79.86163
C07 424.965 83.31764
C07 450.035 86.43559
C07 475.003 90.190765
C07 500.018 91.85872
C07 525.002 94.593636
C07 550.029 96.89313
C07 575.023 97.03001
C07 599.982 98.89343
C07 619.997 98.53153
C07 624.979 98.88366
C07 650.012 99.305504
C07 675.004 99.04709
C07 700.03 98.60587
C07 725.012 98.6241
C07 750.022 98.97343
C07 774.987 98.96675
C07 799.976 98.24257
C07 824.988 96.498726
C07 850.022 94.40793
C07 869.967 91.38001
C07 875.002 90.714745
C07 899.999 83.24742
C07 919.999 74.543625
C07 925.012 71.5172
C07 949.965 58.566257
C07 975.002 43.14491
C07 999.976 26.244854
C07 1025.028 11.468966
C07 1050.014 4.08239
C07 1075.002 2.2461734
C07 1099.99 1.7735394
C02 319.994 36.382576
C02 324.969 41.092587
C02 349.982 60.73349
C02 374.975 67.22438
C02 400.019 79.39627
C02 424.965 82.90869
C02 450.035 86.088165
C02 475.003 89.880905
C02 500.018 91.57982
C02 525.002 94.32322
C02 550.029 96.622284
C02 575.023 96.75698
C02 599.982 98.60816
C02 619.997 98.239876
C02 624.979 98.594765
C02 650.012 99.002106
C02 675.004 98.72818
C02 700.03 98.2543
C02 725.012 98.20184
C02 750.022 98.46778
C02 774.987 98.39696
C02 799.976 97.65928
C02 824.988 95.96886
C02 850.022 93.883736
C02 869.967 90.941635
C02 875.002 90.28417
C02 899.999 83.07255
C02 919.999 74.251076
C02 925.012 71.2169
C02 949.965 58.48158
C02 975.002 43.148323
C02 999.976 26.346025
C02 1025.028 11.2992325
C02 1050.014 4.0028396
C02 1075.002 2.221418
C02 1099.99 1.7576219
C11 319.994 37.577374
C11 324.969 42.46636
C11 349.982 63.172363
C11 374.975 69.6344
C11 400.019 80.69902
C11 424.965 83.53641
C11 450.035 86.33011
C11 475.003 89.88431
C11 500.018 91.42631
C11 525.002 94.06439
C11 550.029 96.30243
C11 575.023 96.40564
C11 599.982 98.230736
C11 619.997 97.85849
C11 624.979 98.207954
C11 650.012 98.610794
C11 675.004 98.3642
C11 700.03 98.021484
C11 725.012 98.2896
C11 750.022 98.95506
C11 774.987 99.240524
C11 799.976 98.621414
C11 824.988 96.804924
C11 850.022 94.69008
C11 869.967 91.591034
C11 875.002 90.877495
C11 899.999 83.072365
C11 919.999 74.166985
C11 925.012 71.11016
C11 949.965 58.53646
C11 975.002 43.323723
C11 999.976 26.22312
C11 1025.028 11.414167
C11 1050.014 4.0542536
C11 1075.002 2.2288268
C11 1099.99 1.7709106
C14 319.994 37.779476
C14 324.969 42.680656
C14 349.982 63.256355
C14 374.975 69.47084
C14 400.019 80.58155
C14 424.965 83.52583
C14 450.035 86.39499
C14 475.003 90.00472
C14 500.018 91.576645
C14 525.002 94.23674
C14 550.029 96.47831
C14 575.023 96.58226
C14 599.982 98.410545
C14 619.997 98.030556
C14 624.979 98.38129
C14 650.012 98.782234
C14 675.004 98.521454
C14 700.03 98.152145
C14 725.012 98.384926
C14 750.022 99.0109
C14 774.987 99.27219
C14 799.976 98.65565
C14 824.988 96.857635
C14 850.022 94.800835
C14 869.967 91.71424
C14 875.002 91.013535
C14 899.999 83.32488
C14 919.999 74.38878
C14 925.012 71.3626
C14 949.965 58.942738
C14 975.002 43.479122
C14 999.976 26.442183
C14 1025.028 11.465293
C14 1050.014 4.033363
C14 1075.002 2.226433
C14 1099.99 1.7704806
C10 319.994 36.65353
C10 324.969 41.43356
C10 349.982 61.748005
C10 374.975 68.56698
C10 400.019 80.149925
C10 424.965 83.18565
C10 450.035 86.06769
C10 475.003 89.664215
C10 500.018 91.237206
C10 525.002 93.897514
C10 550.029 96.14851
C10 575.023 96.26533
C10 599.982 98.10212
C10 619.997 97.733955
C10 624.979 98.08676
C10 650.012 98.49803
C10 675.004 98.25286
C10 700.03 97.89994
C10 725.012 98.13228
C10 750.022 98.744774
C10 774.987 98.96571
C10 799.976 98.31964
C10 824.988 96.50684
C10 850.022 94.36493
C10 869.967 91.26834
C10 875.002 90.573944
C10 899.999 82.76719
C10 919.999 73.933975
C10 925.012 70.89998
C10 949.965 58.20737
C10 975.002 43.14181
C10 999.976 26.100481
C10 1025.028 11.395763
C10 1050.014 4.060574
C10 1075.002 2.2322233
C10 1099.99 1.7680972
C04 319.994 37.179993
C04 324.969 41.998753
C04 349.982 62.180897
C04 374.975 68.52697
C04 400.019 80.088524
C04 424.965 83.28759
C04 450.035 86.3031
C04 475.003 90.00559
C04 500.018 91.64034
C04 525.002 94.34243
C04 550.029 96.61499
C04 575.023 96.73906
C04 599.982 98.58214
C04 619.997 98.20852
C04 624.979 98.5607
C04 650.012 98.96835
C04 675.004 98.70065
C04 700.03 98.253
C04 725.012 98.27991
C04 750.022 98.64589
C04 774.987 98.66803
C04 799.976 97.96619
C04 824.988 96.24706
C04 850.022 94.14498
C04 869.967 91.15039
C04 875.002 90.50236
C04 899.999 83.16
C04 919.999 74.26301
C04 925.012 71.24942
C04 949.965 58.59393
C04 975.002 43.223557
C04 999.976 26.38056
C04 1025.028 11.325894
C04 1050.014 4.00737
C04 1075.002 2.2192059
C04 1099.99 1.7581373
C06 319.994 36.857647
C06 324.969 41.64665
C06 349.982 61.773376
C06 374.975 68.37347
C06 400.019 80.1251
C06 424.965 83.340576
C06 450.035 86.35261
C06 475.003 90.046036
C06 500.018 91.67712
C06 525.002 94.37791
C06 550.029 96.6511
C06 575.023 96.77581
C06 599.982 98.622536
C06 619.997 98.24949
C06 624.979 98.601
C06 650.012 99.013145
C06 675.004 98.7479
C06 700.03 98.3185
C06 725.012 98.374405
C06 750.022 98.773926
C06 774.987 98.82885
C06 799.976 98.128075
C06 824.988 96.384155
C06 850.022 94.29609
C06 869.967 91.26232
C06 875.002 90.599365
C06 899.999 83.14727
C06 919.999 74.42094
C06 925.012 71.29746
C06 949.965 58.432945
C06 975.002 43.05192
C06 999.976 26.308752
C06 1025.028 11.410243
C06 1050.014 4.0381927
C06 1075.002 2.23317
C06 1099.99 1.7648861
C03 319.994 36.811913
C03 324.969 41.580353
C03 349.982 61.50924
C03 374.975 67.88307
C03 400.019 79.65791
C03 424.965 82.974724
C03 450.035 86.04727
C03 475.003 89.778885
C03 500.018 91.43767
C03 525.002 94.15228
C03 550.029 96.431694
C03 575.023 96.556946
C03 599.982 98.40282
C03 619.997 98.03267
C03 624.979 98.385254
C03 650.012 98.788246
C03 675.004 98.5225
C03 700.03 98.0587
C03 725.012 98.048615
C03 750.022 98.363914
C03 774.987 98.34352
C03 799.976 97.62486
C03 824.988 95.91988
C03 850.022 93.83492
C03 869.967 90.86655
C03 875.002 90.2143
C03 899.999 82.94687
C03 919.999 74.12609
C03 925.012 71.11418
C03 949.965 58.41728
C03 975.002 43.082245
C03 999.976 26.305923
C03 1025.028 11.293216
C03 1050.014 3.992354
C03 1075.002 2.2161043
C03 1099.99 1.7538611
C17 319.994 34.980568
C17 324.969 39.52671
C17 349.982 58.542427
C17 374.975 65.51049
C17 400.019 78.4378
C17 424.965 82.25153
C17 450.035 85.54877
C17 475.003 89.40025
C17 500.018 91.14126
C17 525.002 93.90201
C17 550.029 96.21634
C17 575.023 96.35903
C17 599.982 98.215805
C17 619.997 97.85506
C17 624.979 98.205986
C17 650.012 98.61723
C17 675.004 98.36329
C17 700.03 97.96362
C17 725.012 98.11754
C17 750.022 98.63494
C17 774.987 98.800644
C17 799.976 98.15625
C17 824.988 96.41017
C17 850.022 94.34756
C17 869.967 91.35676
C17 875.002 90.678764
C17 899.999 83.28918
C17 919.999 74.12322
C17 925.012 71.04886
C17 949.965 58.8617
C17 975.002 43.624836
C17 999.976 26.650604
C17 1025.028 11.430027
C17 1050.014 4.056214
C17 1075.002 2.2307687
C17 1099.99 1.7568015
C00 319.994 33.730766
C00 324.969 38.107346
C00 349.982 56.362686
C00 374.975 63.605507
C00 400.019 77.48278
C00 424.965 81.79836
C00 450.035 85.36281
C00 475.003 89.37435
C00 500.018 91.22209
C00 525.002 94.05616
C00 550.029 96.41461
C00 575.023 96.59964
C00 599.982 98.486046
C00 619.997 98.1363
C00 624.979 98.49354
C00 650.012 98.922424
C00 675.004 98.65791
C00 700.03 98.16962
C00 725.012 98.054306
C00 750.022 98.231026
C00 774.987 98.07427
C00 799.976 97.318245
C00 824.988 95.65441
C00 850.022 93.59642
C00 869.967 90.72949
C00 875.002 90.10368
C00 899.999 82.967964
C00 919.999 74.24202
C00 925.012 71.21858
C00 949.965 58.410942
C00 975.002 43.120407
C00 999.976 26.30918
C00 1025.028 11.326058
C00 1050.014 4.040218
C00 1075.002 2.2294526
C00 1099.99 1.7552073
C16 319.994 36.472416
C16 324.969 41.20478
C16 349.982 61.01171
C16 374.975 67.59767
C16 400.019 79.673805
C16 424.965 83.074326
C16 450.035 86.173325
C16 475.003 89.9111
C16 500.018 91.57358
C16 525.002 94.29187
C16 550.029 96.570404
C16 575.023 96.69089
C16 599.982 98.535774
C16 619.997 98.164566
C16 624.979 98.51678
C16 650.012 98.92128
C16 675.004 98.663826
C16 700.03 98.27124
C16 725.012 98.44847
C16 750.022 99.00097
C16 774.987 99.19722
C16 799.976 98.55777
C16 824.988 96.793724
C16 850.022 94.72055
C16 869.967 91.66575
C16 875.002 90.96285
C16 899.999 83.5118
C16 919.999 74.402756
C16 925.012 71.339294
C16 949.965 58.994083
C16 975.002 43.639236
C16 999.976 26.640131
C16 1025.028 11.386557
C16 1050.014 4.033717
C16 1075.002 2.2385693
C16 1099.99 1.7664974
C15 319.994 37.305546
C15 324.969 42.143345
C15 349.982 62.415455
C15 374.975 68.75866
C15 400.019 80.24439
C15 424.965 83.3717
C15 450.035 86.33508
C15 475.003 89.994514
C15 500.018 91.600266
C15 525.002 94.28649
C15 550.029 96.545845
C15 575.023 96.65363
C15 599.982 98.49116
C15 619.997 98.114334
C15 624.979 98.46193
C15 650.012 98.865456
C15 675.004 98.6037
C15 700.03 98.22346
C15 725.012 98.42667
C15 750.022 99.01295
C15 774.987 99.24305
C15 799.976 98.614
C15 824.988 96.827324
C15 850.022 94.76276
C15 869.967 91.70504
C15 875.002 90.99063
C15 899.999 83.38574
C15 919.999 74.394295
C15 925.012 71.3649
C15 949.965 59.047844
C15 975.002 43.46966
C15 999.976 26.532293
C15 1025.028 11.405251
C15 1050.014 4.0213094
C15 1075.002 2.2265246
C15 1099.99 1.7685971
C13 319.994 38.02934
C13 324.969 42.96288
C13 349.982 63.68995
C13 374.975 69.85824
C13 400.019 80.76344
C13 424.965 83.601654
C13 450.035 86.4109
C13 475.003 89.98286
C13 500.018 91.526566
C13 525.002 94.17148
C13 550.029 96.4042
C13 575.023 96.499344
C13 599.982 98.32228
C13 619.997 97.94246
C13 624.979 98.28868
C13 650.012 98.68745
C13 675.004 98.42815
C13 700.03 98.06906
C13 725.012 98.327324
C13 750.022 98.984406
C13 774.987 99.27513
C13 799.976 98.666756
C13 824.988 96.861115
C13 850.022 94.799706
C13 869.967 91.72631
C13 875.002 91.003784
C13 899.999 83.26853
C13 919.999 74.35922
C13 925.012 71.338486
C13 949.965 58.92578
C13 975.002 43.535927
C13 999.976 26.395657
C13 1025.028 11.4752865
C13 1050.014 4.0564933
C13 1075.002 2.228002
C13 1099.99 1.7730597
C12 319.994 37.94842
C12 324.969 42.87837
C12 349.982 63.648064
C12 374.975 69.891335
C12 400.019 80.772064
C12 424.965 83.569595
C12 450.035 86.35387
C12 475.003 89.90115
C12 500.018 91.44026
C12 525.002 94.07424
C12 550.029 96.304306
C12 575.023 96.40238
C12 599.982 98.22152
C12 619.997 97.84425
C12 624.979 98.18796
C12 650.012 98.59182
C12 675.004 98.33693
C12 700.03 97.98733
C12 725.012 98.262886
C12 750.022 98.936554
C12 774.987 99.24053
C12 799.976 98.63654
C12 824.988 96.82556
C12 850.022 94.74846
C12 869.967 91.66255
C12 875.002 90.963005
C12 899.999 83.130554
C12 919.999 74.3051
C12 925.012 71.17936
C12 949.965 58.668587
C12 975.002 43.376797
C12 999.976 26.366428
C12 1025.028 11.449777
C12 1050.014 4.048218
C12 1075.002 2.2297893
C12 1099.99 1.7737435
C01 319.994 35.35513
C01 324.969 39.932285
C01 349.982 59.02149
C01 374.975 65.77488
C01 400.019 78.57169
C01 424.965 82.39673
C01 450.035 85.72016
C01 475.003 89.5947
C01 500.018 91.34691
C01 525.002 94.12178
C01 550.029 96.43921
C01 575.023 96.59022
C01 599.982 98.45154
C01 619.997 98.09201
C01 624.979 98.44545
C01 650.012 98.860275
C01 675.004 98.59017
C01 700.03 98.10726
C01 725.012 98.02043
C01 750.022 98.23763
C01 774.987 98.123085
C01 799.976 97.380035
C01 824.988 95.69868
C01 850.022 93.63754
C01 869.967 90.7244
C01 875.002 90.073784
C01 899.999 82.93895
C01 919.999 74.192276
C01 925.012 71.17274
C01 949.965 58.392426
C01 975.002 43.077873
C01 999.976 26.280102
C01 1025.028 11.277515
C01 1050.014 4.0152082
C01 1075.002 2.2271187
C01 1099.99 1.7578743
