lsstCam/transmission_filter_detector/r12_s02/i_39/19700101T000000.ecsv
# %ECSV 1.0
# ---
# datatype:
# - {name: wavelength, unit: nm, datatype: float32}
# - {name: efficiency, unit: '%', datatype: float64}
# meta: !!omap
# - {MODE: DETECTOR}
# - {TYPE: transmission_filter_detector}
# - {CALIBDATE: '1970-01-01T00:00:00'}
# - {INSTRUME: LSSTCam}
# - {OBSTYPE: transmission_filter_detector}
# - {CALIBCLS: lsst.ip.isr.IntermediateFilterDetectorTransmissionCurve}
# - {SOURCE: Materion (DM-46256)}
# - {DETECTOR: 47}
# - {FILTER: i_39}
# - {CALIB_ID: 'calibDate=1970-01-01T00:00:00 filter=i_39 detector=47'}
# - {DATE: '2025-04-02T15:59:46.697091'}
# - {CALIB_CREATION_DATE: '2025-04-02'}
# - {CALIB_CREATION_TIME: '15:59:46'}
# - __serialized_columns__:
#     efficiency:
#       __class__: astropy.units.quantity.Quantity
#       unit: !astropy.units.Unit {unit: '%'}
#       value: !astropy.table.SerializedColumn {name: efficiency}
#     wavelength:
#       __class__: astropy.units.quantity.Quantity
#       unit: !astropy.units.Unit {unit: nm}
#       value: !astropy.table.SerializedColumn {name: wavelength}
# schema: astropy-2.0
wavelength efficiency
[from data line 600]
900.0 1.599846448895048e-10
901.0 1.599846448895048e-10
902.0 3.093023508426995e-05
903.0 1.9473878865028382e-05
904.0 8.017530461756905e-06
905.0 1.599846448895048e-10
906.0 1.599846448895048e-10
907.0 3.986615979556518e-05
908.0 0.00012770167359121842
909.0 1.599846448895048e-10
910.0 1.599846448895048e-10
911.0 1.599846448895048e-10
912.0 0.00014946990631869994
913.0 0.00011739033425328671
914.0 8.531077924089914e-05
915.0 1.599846448895048e-10
916.0 1.599846448895048e-10
917.0 1.599846448895048e-10
918.0 1.599846448895048e-10
919.0 1.599846448895048e-10
920.0 1.8339352436669287e-05
921.0 1.599846448895048e-10
922.0 1.599846448895048e-10
923.0 1.599846448895048e-10
924.0 1.599846448895048e-10
925.0 6.057565542505472e-05
926.0 0.0002721259306781576
927.0 1.599846448895048e-10
928.0 1.599846448895048e-10
929.0 1.599846448895048e-10
930.0 0.0001610258891560079
931.0 0.00013825492715113796
932.0 0.00011548395377758425
933.0 9.950142612069612e-05
934.0 8.351891551683366e-05
935.0 1.599846448895048e-10
936.0 1.599846448895048e-10
937.0 1.599846448895048e-10
938.0 1.599846448895048e-10
939.0 1.599846448895048e-10
940.0 1.599846448895048e-10
941.0 1.599846448895048e-10
942.0 1.599846448895048e-10
943.0 1.599846448895048e-10
944.0 1.599846448895048e-10
945.0 1.599846448895048e-10
946.0 1.7841055921508087e-05
947.0 1.599846448895048e-10
948.0 1.599846448895048e-10
949.0 1.599846448895048e-10
950.0 1.599846448895048e-10
951.0 1.599846448895048e-10
952.0 5.54560877219501e-06
953.0 1.599846448895048e-10
954.0 1.599846448895048e-10
955.0 6.288063900683483e-05
956.0 0.0001673442056926433
957.0 0.0001082626454262936
958.0 4.918102263218316e-05
959.0 0.00010645173915690975
960.0 0.00016372246136597823
961.0 0.0001263575768462033
962.0 8.89926809577446e-05
963.0 3.153507464048744e-05
964.0 1.599846448895048e-10
965.0 1.599846448895048e-10
966.0 1.599846448895048e-10
967.0 1.599846448895048e-10
968.0 1.599846448895048e-10
969.0 1.599846448895048e-10
970.0 4.7996383045756374e-05
971.0 2.7731013929610526e-06
972.0 1.599846448895048e-10
973.0 1.599846448895048e-10
974.0 1.599846448895048e-10
975.0 1.599846448895048e-10
976.0 1.599846448895048e-10
977.0 1.599846448895048e-10
978.0 1.599846448895048e-10
979.0 1.599846448895048e-10
980.0 1.599846448895048e-10
981.0 1.599846448895048e-10
982.0 1.599846448895048e-10
983.0 1.599846448895048e-10
984.0 1.0898162372541265e-05
985.0 0.00011389058727218071
986.0 0.0002168829951187945
987.0 7.667529757782177e-05
988.0 1.599846448895048e-10
989.0 1.599846448895048e-10
990.0 1.599846448895048e-10
991.0 1.599846448895048e-10
992.0 1.599846448895048e-10
993.0 1.599846448895048e-10
994.0 6.972133803628822e-06
995.0 1.599846448895048e-10
996.0 1.599846448895048e-10
997.0 1.599846448895048e-10
998.0 0.00021076771190564614
999.0 0.000318406819133088
1000.0 0.00042604588088579476
1001.0 0.00024591790861450136
1002.0 6.578990223715664e-05
1003.0 0.00015306698060157942
1004.0 0.00024034411580942106
1005.0 7.44979161027004e-05
1006.0 1.599846448895048e-10
1007.0 2.6915088824353006e-05
1008.0 0.00014517846693706815
1009.0 0.00013042755426795338
1010.0 0.00011567656201805221
1011.0 0.0001541772576274525
1012.0 0.00019267790776211768
1013.0 0.00041167049857904203
1014.0 0.0006306631348707015
1015.0 0.0004908685241389321
1016.0 0.00035107404983136803
1017.0 0.00043164172893739305
1018.0 0.0005122095444676233
1019.0 0.0003735850668817875
1020.0 0.00023496054382121656
1021.0 0.00017336428754788358
1022.0 0.00011176805401191814
1023.0 0.0005075255558040226
1024.0 0.0009032831258082297
1025.0 0.0007333090707106749
1026.0 0.000563334970138385
1027.0 0.0005427023097581696
1028.0 0.0005220696039032191
1029.0 0.0009514590601611417
1030.0 0.0013808486073685344
1031.0 0.001916296241688542
1032.0 0.002451743421261199
1033.0 0.0025495335648884065
1034.0 0.002647322980919853
1035.0 0.0032188352633966133
1036.0 0.003790347182075493
1037.0 0.003782716521527618
1038.0 0.0037750854971818626
1039.0 0.003243275568820536
1040.0 0.00271146582235815
1041.0 0.002414951450191438
1042.0 0.0021184370780247264
1043.0 0.0029689548682654276
1044.0 0.0038194724766071886
1045.0 0.003601198477554135
1046.0 0.0033829244785010815
1047.0 0.0029971195544931106
1048.0 0.00261131463048514
1049.0 0.00236296091316035
1050.0 0.0021146071958355606
1051.0 0.002260703513456974
1052.0 0.0024068001948762685
1053.0 0.0014357856343849562
1054.0 0.00046477093746943865
1055.0 0.000488547175336862
1056.0 0.0005123233677295502
1057.0 0.0006003402177157113
1058.0 0.0006883572950755479
1059.0 0.0007459604148607468
1060.0 0.0008035638529690914
1061.0 0.0017461119568906724
1062.0 0.002688659697014373
1063.0 0.0029766706575173885
1064.0 0.0032646814361214638
1065.0 0.0035672022931976244
1066.0 0.003869723150273785
1067.0 0.004676264506997541
1068.0 0.005482805863721296
1069.0 0.004411165718920529
1070.0 0.003339525210321881
1071.0 0.002949709232780151
1072.0 0.0025598928914405406
1073.0 0.0028131749786552973
1074.0 0.003066457065870054
1075.0 0.0034936729207402095
1076.0 0.003920888775610365
1077.0 0.0029416112738545053
1078.0 0.0019623332264018245
1079.0 0.002215868153143674
1080.0 0.0024694028979865834
1081.0 0.001961258203664329
1082.0 0.0014531136002915446
1083.0 0.0005299384611134883
1084.0 1.599846448895048e-10
1085.0 0.0005997316748107551
1086.0 0.0015927005733828992
1087.0 0.0012961612810613587
1088.0 0.0009996218977903482
1089.0 1.599846448895048e-10
1090.0 1.599846448895048e-10
1091.0 1.599846448895048e-10
1092.0 1.599846448895048e-10
1093.0 1.599846448895048e-10
1094.0 0.0004212784915580414
1095.0 1.599846448895048e-10
1096.0 1.599846448895048e-10
1097.0 1.599846448895048e-10
1098.0 1.599846448895048e-10
1099.0 1.599846448895048e-10
1100.0 1.599846448895048e-10
