lsstCam/transmission_filter_detector/r12_s02/i_39/19700101T000000.ecsv
# %ECSV 1.0
# ---
# datatype:
# - {name: wavelength, unit: nm, datatype: float32}
# - {name: efficiency, unit: '%', datatype: float64}
# meta: !!omap
# - {MODE: DETECTOR}
# - {TYPE: transmission_filter_detector}
# - {CALIBDATE: '1970-01-01T00:00:00'}
# - {INSTRUME: LSSTCam}
# - {OBSTYPE: transmission_filter_detector}
# - {CALIBCLS: lsst.ip.isr.IntermediateFilterDetectorTransmissionCurve}
# - {SOURCE: Materion (DM-46256)}
# - {DETECTOR: 47}
# - {FILTER: i_39}
# - {CALIB_ID: 'calibDate=1970-01-01T00:00:00 filter=i_39 detector=47'}
# - {DATE: '2025-04-02T15:59:46.697091'}
# - {CALIB_CREATION_DATE: '2025-04-02'}
# - {CALIB_CREATION_TIME: '15:59:46'}
# - __serialized_columns__:
#     efficiency:
#       __class__: astropy.units.quantity.Quantity
#       unit: !astropy.units.Unit {unit: '%'}
#       value: !astropy.table.SerializedColumn {name: efficiency}
#     wavelength:
#       __class__: astropy.units.quantity.Quantity
#       unit: !astropy.units.Unit {unit: nm}
#       value: !astropy.table.SerializedColumn {name: wavelength}
# schema: astropy-2.0
wavelength efficiency
300.0 0.0729167542885989
301.0 0.030204385984688997
302.0 1.599846448895048e-10
303.0 0.016678139218129218
304.0 0.04586423165164888
305.0 0.03245975531172007
306.0 0.019055278971791267
307.0 0.00403781741624698
308.0 1.599846448895048e-10
309.0 1.599846448895048e-10
310.0 1.599846448895048e-10
311.0 1.599846448895048e-10
312.0 0.007592665497213602
313.0 0.0023252741812029853
314.0 1.599846448895048e-10
315.0 1.599846448895048e-10
316.0 1.599846448895048e-10
317.0 1.599846448895048e-10
318.0 1.599846448895048e-10
319.0 1.599846448895048e-10
320.0 1.599846448895048e-10
321.0 1.599846448895048e-10
322.0 1.599846448895048e-10
323.0 1.599846448895048e-10
324.0 1.599846448895048e-10
325.0 1.599846448895048e-10
326.0 1.599846448895048e-10
327.0 0.00018350580148762674
328.0 0.003010666296177078
329.0 0.0028402311727404594
330.0 0.0026697964131017216
331.0 0.0018335060303797945
332.0 0.0009972166481020395
333.0 0.0015962245015543886
334.0 0.002195232445956208
335.0 0.0012155231161159463
336.0 0.00023581437744724099
337.0 0.001397572850692086
338.0 0.0025593310056137852
339.0 0.0027226922611589544
340.0 0.002886053698603064
341.0 1.599846448895048e-10
342.0 1.599846448895048e-10
343.0 1.599846448895048e-10
344.0 1.599846448895048e-10
345.0 1.599846448895048e-10
346.0 1.599846448895048e-10
347.0 1.599846448895048e-10
348.0 1.599846448895048e-10
349.0 1.599846448895048e-10
350.0 1.599846448895048e-10
351.0 1.599846448895048e-10
352.0 1.599846448895048e-10
353.0 1.599846448895048e-10
354.0 1.599846448895048e-10
355.0 1.599846448895048e-10
356.0 1.599846448895048e-10
357.0 0.00032839973300724523
358.0 0.0008592315680289175
359.0 0.0009641724318498746
360.0 0.0010691127499740105
361.0 0.0007593486316181952
362.0 0.000449584558737115
363.0 6.122140234765538e-05
364.0 1.599846448895048e-10
365.0 0.0009714950465422589
366.0 0.0022701320631313138
367.0 0.001526033338450361
368.0 0.0007819348866178188
369.0 0.0011165277101099491
370.0 0.0014511204426526092
371.0 0.0011328377695463132
372.0 0.0008145552783389576
373.0 0.0006610715445276583
374.0 0.0005075878107163589
375.0 4.3345801259420114e-05
376.0 1.599846448895048e-10
377.0 1.599846448895048e-10
378.0 1.599846448895048e-10
379.0 1.599846448895048e-10
380.0 1.599846448895048e-10
381.0 1.599846448895048e-10
382.0 1.599846448895048e-10
383.0 0.0003511778686515754
384.0 0.001598026392457541
385.0 0.0013683677934750449
386.0 0.0011387091035430785
387.0 1.599846448895048e-10
388.0 1.599846448895048e-10
389.0 1.599846448895048e-10
390.0 1.599846448895048e-10
391.0 1.599846448895048e-10
392.0 1.599846448895048e-10
393.0 1.599846448895048e-10
394.0 0.0007249259397212882
395.0 1.599846448895048e-10
396.0 1.599846448895048e-10
397.0 1.599846448895048e-10
398.0 1.599846448895048e-10
399.0 1.599846448895048e-10
400.0 1.599846448895048e-10
401.0 0.0009376805792271625
402.0 0.002172845233872067
403.0 0.001968106153071858
404.0 0.0017633672541705891
405.0 0.004636032463167794
406.0 0.00750869803596288
407.0 0.004134419941692613
408.0 0.0007601402558066184
409.0 0.0012681252883339766
410.0 0.0017761081835487857
411.0 0.0031774136004969478
412.0 0.004578720108838752
413.0 0.0045883913116995245
414.0 0.004598064333549701
415.0 0.004020864435005933
416.0 0.003443664900260046
417.0 0.0019163508113706484
418.0 0.00038903635868337005
419.0 0.00239321179833496
420.0 0.00439738723798655
421.0 0.003856816329061985
422.0 0.0033162454201374203
423.0 0.00317258236464113
424.0 0.0030289187634480186
425.0 0.003249092333135195
426.0 0.0034692657209234312
427.0 0.004032794458908029
428.0 0.004596323924488388
429.0 0.005283478822093457
430.0 0.005970634447294287
431.0 0.004479887866182253
432.0 0.002989141830767039
433.0 0.003284059130237438
434.0 0.0035789766116067767
435.0 0.0031389590731123462
436.0 0.002698941170820035
437.0 0.0021178630049689673
438.0 0.0015367848391178995
439.0 0.0017089303582906723
440.0 0.0018810760593623854
441.0 0.0007092363830452086
442.0 1.599846448895048e-10
443.0 1.599846448895048e-10
444.0 0.00036519190871331375
445.0 1.599846448895048e-10
446.0 1.599846448895048e-10
447.0 4.8258510787491105e-05
448.0 0.0006693938757962314
449.0 1.599846448895048e-10
450.0 1.599846448895048e-10
451.0 0.00019576880276872544
452.0 0.0013850909454049543
453.0 0.0017502112314105034
454.0 0.0021153318812139332
455.0 0.001981461355171632
456.0 0.0018475910110282712
457.0 0.0012265442819625605
458.0 0.0006054974619473796
459.0 0.0003925180863006972
460.0 0.00017953866517927963
461.0 0.0004804462605534354
462.0 0.0007813539014023263
463.0 0.00020140446395089384
464.0 1.599846448895048e-10
465.0 0.00012212358342367224
466.0 0.000622792094873148
467.0 0.0008307342795887962
468.0 0.0010386764188297093
469.0 0.0006344069333863445
470.0 0.00023013756162981736
471.0 0.00048410388444608543
472.0 0.000738070229999721
473.0 0.0009090182174986694
474.0 0.001079966386896558
475.0 0.000733870365365874
476.0 0.00038777470763307065
477.0 0.0009784950634639245
478.0 0.0015692154192947783
479.0 0.001292107208428206
480.0 0.0010149989975616336
481.0 0.002450830470479559
482.0 0.003886660124408081
483.0 0.005209008668316528
484.0 0.006531356484629214
485.0 0.007540768274338916
486.0 0.008550180064048618
487.0 0.01157014849013649
488.0 0.01459011691622436
489.0 0.0175251072505489
490.0 0.020460096129681915
491.0 0.02238794113509357
492.0 0.02431578905088827
493.0 0.025681755505502224
494.0 0.0270477234153077
495.0 0.024144335475284606
496.0 0.021240943169686943
497.0 0.01756024721544236
498.0 0.01387954835081473
499.0 0.009783356654224917
500.0 0.005687164593837224
501.0 0.0042782692617038265
502.0 0.0028693741114693694
503.0 0.0024448609110550024
504.0 0.002020347528741695
505.0 0.0018986331269843504
506.0 0.0017769187252270058
507.0 0.001666398748056963
508.0 0.0015558784070890397
509.0 0.001995264392462559
510.0 0.002434650195937138
511.0 0.001771568895492237
512.0 0.001108487504097866
513.0 0.001613404310774058
514.0 0.0021183212083997205
515.0 0.0027458352633402683
516.0 0.003373349682078697
517.0 0.002668899469426833
518.0 0.0019644492567749694
519.0 0.0020551711713778786
520.0 0.0021458932678797282
521.0 0.0017443473552702926
522.0 0.0013428013517113868
523.0 0.0013771807061857544
524.0 0.0014115603335085325
525.0 0.0018526181520428509
526.0 0.0022936756067792885
527.0 0.002458097515045665
528.0 0.0026225196052109823
529.0 0.0018356104192207567
530.0 0.0010487013241800014
531.0 0.0012427607543941122
532.0 0.0014368203665071633
533.0 0.0015761879694764502
534.0 0.0017155558452941477
535.0 0.001788641202438157
536.0 0.0018617265595821664
537.0 0.0025126546461251564
538.0 0.0031635823688702658
539.0 0.003789572656387463
540.0 0.004415562943904661
541.0 0.005181850428925827
542.0 0.005948138277744874
543.0 0.005184907786315307
544.0 0.00442167765868362
545.0 0.003576711969799362
546.0 0.0027317466447129846
547.0 0.0021548972654272802
548.0 0.0015780482499394566
549.0 0.0018065207768813707
550.0 0.0020349936676211655
551.0 0.0017594031305634417
552.0 0.0014838129573035985
553.0 0.001546922794659622
554.0 0.0016100326320156455
555.0 0.001214372787217144
556.0 0.0008187129424186423
557.0 0.0007256873232108774
558.0 0.0006326619768515229
559.0 0.00019838271327898838
560.0 1.599846448895048e-10
561.0 0.0005700564543076325
562.0 0.0013760095498582814
563.0 0.0015598168829455972
564.0 0.0017436243069823831
565.0 0.0014038560948392842
566.0 0.0010640879736456554
567.0 0.0007554207968496485
568.0 0.0004467535291041713
569.0 0.0005176771992410067
570.0 0.0005886005965294316
571.0 0.0004452031589607941
572.0 0.00030180567591742147
573.0 0.0004301476110413205
574.0 0.0005584896371146897
575.0 0.0004892367542197462
576.0 0.00041998378037533257
577.0 0.0005046075330028543
578.0 0.0005892313311051112
579.0 0.00032095497317641275
580.0 5.267864935376565e-05
581.0 0.0002086420181512949
582.0 0.0003646053755801404
583.0 0.0004714428996521747
584.0 0.0005782803327747388
585.0 0.0007509815077355597
586.0 0.0009236828191205859
587.0 0.000853760229801992
588.0 0.000783837640483398
589.0 0.0007251288934639888
590.0 0.0006664203283435199
591.0 0.0007701539288973436
592.0 0.0008738877113501076
593.0 0.0005361655439628521
594.0 0.000198443308363494
595.0 0.0005983528353681322
596.0 0.0009982622941606678
597.0 0.0007958310561662074
598.0 0.0005933998636464821
599.0 0.0006089318503654795
600.0 0.0006244637461350067
601.0 0.0004535106199909933
602.0 0.0002825574938469799
603.0 0.0002490420456524589
604.0 0.00021552648377110017
605.0 0.00021930927687208168
606.0 0.00022309211544779828
607.0 0.0004545983301795786
608.0 0.0006861044312245212
609.0 0.0005852954473084537
610.0 0.0004844861905439757
611.0 0.0006964896783756558
612.0 0.0009084932571568061
613.0 0.0006136447154858615
614.0 0.0003187962420270196
615.0 1.1326523718935277e-06
616.0 1.599846448895048e-10
617.0 1.599846448895048e-10
618.0 0.00016715056290195207
619.0 0.0002700222694329568
620.0 0.0003728940782821155
621.0 0.0004981349320587469
622.0 0.0006233757176232757
623.0 0.0005970195161353331
624.0 0.0005706633601221256
625.0 0.0004761607215186814
626.0 0.00038165817386470735
627.0 0.0003161418817398953
628.0 0.00025062561235245084
629.0 0.0003873101832141401
630.0 0.0005239948677626671
631.0 0.0005474171757668955
632.0 0.0005708394382963888
633.0 0.0005598771167569794
634.0 0.0005489147952175699
635.0 0.0004983450708095916
636.0 0.00044777525545214303
637.0 0.00042694664443843067
638.0 0.00040611789700051304
639.0 0.0006784388006053632
640.0 0.0009507594768365379
641.0 0.0006572468919330277
642.0 0.0003637342842921498
643.0 0.0005885628979740432
644.0 0.0008133914889185689
645.0 0.0007179430667747511
646.0 0.0006224946901056683
647.0 0.0007777923201501835
648.0 0.0009330904504167847
649.0 0.0008161551704688463
650.0 0.0006992200269451132
651.0 0.0008608129064668901
652.0 0.0010224059224128723
653.0 0.0012363018868200015
654.0 0.0014501976693281904
655.0 0.0021462334188981913
656.0 0.0028422691684681922
657.0 0.0037127796531422064
658.0 0.004583288682624698
659.0 0.007321334851440042
660.0 0.03006824408657849
661.0 0.06570573896169662
662.0 0.15674327732995152
663.0 0.0822718779090792
664.0 0.13755393447354436
665.0 0.1521655940450728
666.0 0.1321258838288486
667.0 0.157716718968004
668.0 0.26303555350750685
669.0 0.31408246140927076
670.0 0.4379363264888525
671.0 0.6864774506539106
672.0 1.0757380165159702
673.0 1.6220349818468094
674.0 2.4413403123617172
675.0 3.402821347117424
676.0 4.542737454175949
677.0 5.829788371920586
678.0 7.191210240125656
679.0 8.666591346263885
680.0 10.716982930898666
681.0 12.857113778591156
682.0 15.44482409954071
683.0 18.207131326198578
684.0 21.205367147922516
685.0 24.078020453453064
686.0 27.076396346092224
687.0 30.303290486335754
688.0 33.72669816017151
689.0 37.13597655296326
690.0 41.19918942451477
691.0 45.55801451206207
692.0 50.70697069168091
693.0 56.239038705825806
694.0 62.27446794509888
695.0 67.93285012245178
696.0 74.1479754447937
697.0 79.67859506607056
698.0 85.33612489700317
699.0 89.43020105361938
700.0 92.54702925682068
701.0 94.74014043807983
702.0 96.31494879722595
703.0 97.05661535263062
704.0 97.37316966056824
705.0 97.66425490379333
706.0 97.64074683189392
707.0 97.75240421295166
708.0 97.78581261634827
709.0 97.86516427993774
710.0 97.65057563781738
711.0 97.83900380134583
712.0 97.85215258598328
713.0 97.90804386138916
714.0 97.96085357666016
715.0 98.13703298568726
716.0 97.92580604553223
717.0 98.07612895965576
718.0 98.14274907112122
719.0 98.04900288581848
720.0 98.33003878593445
721.0 98.18135499954224
722.0 97.84207940101624
723.0 97.60990142822266
724.0 97.34433889389038
725.0 97.0748245716095
726.0 96.77478075027466
727.0 96.59437537193298
728.0 96.40265107154846
729.0 96.24303579330444
730.0 96.27825617790222
731.0 96.30939364433289
732.0 96.36412858963013
733.0 96.662837266922
734.0 97.02489376068115
735.0 97.2123920917511
736.0 97.5651502609253
737.0 97.92613387107849
738.0 98.13394546508789
739.0 98.49650859832764
740.0 98.67244958877563
741.0 98.52448105812073
742.0 98.8255262374878
743.0 98.65555167198181
744.0 98.3730673789978
745.0 98.43817949295044
746.0 98.4561026096344
747.0 98.6445426940918
748.0 98.47392439842224
749.0 98.48503470420837
750.0 98.41547012329102
751.0 98.32308292388916
752.0 98.28717708587646
753.0 98.47573041915894
754.0 98.30872416496277
755.0 98.52673411369324
756.0 98.5439658164978
757.0 98.5268235206604
758.0 98.61733913421631
759.0 98.72633218765259
760.0 98.6088216304779
761.0 98.5223650932312
762.0 98.66182804107666
763.0 98.56063723564148
764.0 98.41613173484802
765.0 98.33834171295166
766.0 98.37263226509094
767.0 98.23970794677734
768.0 98.30347299575806
769.0 98.2063353061676
770.0 97.96798825263977
771.0 97.96332120895386
772.0 97.97688722610474
773.0 97.85125851631165
774.0 97.72743582725525
775.0 97.75429368019104
776.0 97.71787524223328
777.0 97.75351881980896
778.0 97.73637652397156
779.0 97.85227179527283
780.0 97.83143401145935
781.0 98.19985628128052
782.0 98.09231758117676
783.0 98.31361770629883
784.0 98.2425332069397
785.0 98.39580655097961
786.0 98.47490191459656
787.0 98.22970628738403
788.0 98.34198355674744
789.0 98.42336773872375
790.0 98.36807250976562
791.0 98.37679862976074
792.0 98.21239113807678
793.0 98.14444780349731
794.0 98.07143211364746
795.0 97.9480504989624
796.0 97.89419770240784
797.0 97.83056378364563
798.0 97.76526093482971
799.0 97.65816926956177
800.0 97.5084662437439
801.0 97.43990898132324
802.0 97.3858118057251
803.0 97.03725576400757
804.0 96.64665460586548
805.0 95.98292708396912
806.0 95.2832281589508
807.0 94.11954283714294
808.0 92.72018671035767
809.0 91.13384485244751
810.0 89.23301100730896
811.0 86.93290948867798
812.0 84.12402272224426
813.0 80.93209862709045
814.0 77.15319395065308
815.0 73.0691909790039
816.0 68.98882985115051
817.0 64.28865194320679
818.0 59.31534171104431
819.0 55.00836372375488
820.0 50.234830379486084
821.0 45.77251672744751
822.0 41.4691686630249
823.0 36.89771294593811
824.0 32.37791061401367
825.0 28.20240557193756
826.0 23.82129281759262
827.0 19.276024401187897
828.0 15.232907235622406
829.0 11.4912249147892
830.0 7.868622243404388
831.0 5.432474240660667
832.0 3.3856134861707687
833.0 2.010028250515461
834.0 1.1928180232644081
835.0 0.6885902024805546
836.0 0.38084692787379026
837.0 0.2453251276165247
838.0 0.12327979784458876
839.0 0.0791161903180182
840.0 0.04011614655610174
841.0 0.0698443443980068
842.0 1.599846448895048e-10
843.0 1.599846448895048e-10
844.0 1.599846448895048e-10
845.0 1.599846448895048e-10
846.0 1.599846448895048e-10
847.0 1.599846448895048e-10
848.0 1.599846448895048e-10
849.0 1.599846448895048e-10
850.0 0.015238394553307444
851.0 1.599846448895048e-10
852.0 0.0007280619684024714
853.0 0.000875040132086724
854.0 0.0010220187505183276
855.0 0.0008684264685143717
856.0 0.0007148344593588263
857.0 0.000820465629658429
858.0 0.0009260965271096211
859.0 0.000511157759319758
860.0 9.621883236832218e-05
861.0 0.00018211518408861593
862.0 0.00026801151307154214
863.0 0.00019094286471954547
864.0 0.00011387425047360011
865.0 9.443244834983489e-05
866.0 7.499058369830891e-05
867.0 1.87755603064943e-05
868.0 1.599846448895048e-10
869.0 1.599846448895048e-10
870.0 1.599846448895048e-10
871.0 1.4606489173729642e-05
872.0 0.00021584401110885665
873.0 0.0002061340637737885
874.0 0.00019642409370135283
875.0 0.00020095694708288647
876.0 0.00020548986867652275
877.0 1.599846448895048e-10
878.0 1.599846448895048e-10
879.0 4.944197371514747e-05
880.0 0.0005360663635656238
881.0 0.00029054035621811636
882.0 4.501438866100216e-05
883.0 0.00017550124766785302
884.0 0.0003059881464650971
885.0 0.0001907658543132129
886.0 7.554360195172194e-05
887.0 0.00016109236185002374
888.0 0.00024664116153871873
889.0 0.00014129317378319683
890.0 3.594520592287154e-05
891.0 0.00013084165857435437
892.0 0.00022573808564629871
893.0 0.00024377777663175948
894.0 0.00026181746761722025
895.0 2.6913889428215043e-05
896.0 1.599846448895048e-10
897.0 1.599846448895048e-10
898.0 1.599846448895048e-10
