lsstCam/transmission_filter_detector/r12_s12/r_57/19700101T000000.ecsv
# %ECSV 1.0
# ---
# datatype:
# - {name: wavelength, unit: nm, datatype: float32}
# - {name: efficiency, unit: '%', datatype: float64}
# meta: !!omap
# - {MODE: DETECTOR}
# - {TYPE: transmission_filter_detector}
# - {CALIBDATE: '1970-01-01T00:00:00'}
# - {INSTRUME: LSSTCam}
# - {OBSTYPE: transmission_filter_detector}
# - {CALIBCLS: lsst.ip.isr.IntermediateFilterDetectorTransmissionCurve}
# - {SOURCE: Materion (DM-46256)}
# - {DETECTOR: 50}
# - {FILTER: r_57}
# - {CALIB_ID: 'calibDate=1970-01-01T00:00:00 filter=r_57 detector=50'}
# - {DATE: '2025-04-02T15:59:44.415969'}
# - {CALIB_CREATION_DATE: '2025-04-02'}
# - {CALIB_CREATION_TIME: '15:59:44'}
# - __serialized_columns__:
#     efficiency:
#       __class__: astropy.units.quantity.Quantity
#       unit: !astropy.units.Unit {unit: '%'}
#       value: !astropy.table.SerializedColumn {name: efficiency}
#     wavelength:
#       __class__: astropy.units.quantity.Quantity
#       unit: !astropy.units.Unit {unit: nm}
#       value: !astropy.table.SerializedColumn {name: wavelength}
# schema: astropy-2.0
wavelength efficiency
[from data line 603]
903.0 1.589092464386599e-10
904.0 1.589092464386599e-10
905.0 7.567448960799084e-05
906.0 1.0566548525048347e-05
907.0 1.589092464386599e-10
908.0 1.589092464386599e-10
909.0 1.589092464386599e-10
910.0 1.589092464386599e-10
911.0 1.589092464386599e-10
912.0 1.589092464386599e-10
913.0 1.589092464386599e-10
914.0 1.589092464386599e-10
915.0 0.00010682750826163101
916.0 7.680887392780278e-05
917.0 4.679025948917115e-05
918.0 8.455951387986715e-05
919.0 0.0001223287313223409
920.0 4.2633419639059866e-05
921.0 1.589092464386599e-10
922.0 7.102826202753931e-05
923.0 0.00017911844452100922
924.0 0.00020595448404492345
925.0 0.0002327905122001539
926.0 0.00018759287740977015
927.0 0.00014239523125070264
928.0 0.00013691964113604627
929.0 0.00013144401691533858
930.0 0.0002024043169512879
931.0 0.00027336461698723724
932.0 0.00012835214420192642
933.0 1.589092464386599e-10
934.0 0.00012737817769448156
935.0 0.0002714166157602449
936.0 0.0002394705234110006
937.0 0.00020752443106175633
938.0 0.00027372150270821294
939.0 0.0003399185970920371
940.0 0.0003176199015797465
941.0 0.00029532120606745593
942.0 0.00037169934330449905
943.0 0.00044807748054154217
944.0 0.00034742838579404633
945.0 0.00024677935925865313
946.0 0.00029740410809608875
947.0 0.0003480288114587893
948.0 0.00041245698412240017
949.0 0.0004768852249981137
950.0 0.0005159407464816468
951.0 0.0005549962679651799
952.0 0.0006876746738271322
953.0 0.0008203532161132898
954.0 0.001111012443288928
955.0 0.0014016720342624467
956.0 0.0014817452210991178
957.0 0.001561818498885259
958.0 0.0016960195353021845
959.0 0.0018302209355169907
960.0 0.0019707498722709715
961.0 0.0021112789909238927
962.0 0.002286261042172555
963.0 0.0024612432753201574
964.0 0.002534044142521452
965.0 0.0026068448278238066
966.0 0.0025637709768489003
967.0 0.0025206969439750537
968.0 0.0024749873773544095
969.0 0.002429278174531646
970.0 0.0025258437744923867
971.0 0.0026224099201499484
972.0 0.0026459767468622886
973.0 0.0026695430278778076
974.0 0.002879029489122331
975.0 0.0030885159503668547
976.0 0.0031660594686400145
977.0 0.0032436029869131744
978.0 0.0031148712878348306
979.0 0.002986139770655427
980.0 0.002918544123531319
981.0 0.0028509484764072113
982.0 0.0029297310902620666
983.0 0.0030085138860158622
984.0 0.0029752471164101735
985.0 0.0029419803468044847
986.0 0.00285086571238935
987.0 0.002759750896075275
988.0 0.0025766265025595203
989.0 0.002393502109043766
990.0 0.002433784720778931
991.0 0.002474067332514096
992.0 0.0025106550310738385
993.0 0.0025472430934314616
994.0 0.0026173041987931356
995.0 0.002687364940356929
996.0 0.002744181801972445
997.0 0.0028009982997900806
998.0 0.0029386979804257862
999.0 0.003076397842960432
1000.0 0.0032292140531353652
1001.0 0.0033820302633102983
1002.0 0.0035915607440983877
1003.0 0.0038010915886843577
1004.0 0.003909867518814281
1005.0 0.0040186434489442036
1006.0 0.004220778282615356
1007.0 0.0044229134800843894
1008.0 0.004340320083429106
1009.0 0.004257726322975941
1010.0 0.004233170693623833
1011.0 0.004208615428069606
1012.0 0.004186886144452728
1013.0 0.00416515686083585
1014.0 0.003891198866767809
1015.0 0.003617240145104006
1016.0 0.003444603134994395
1017.0 0.0032719661248847842
1018.0 0.002905332985392306
1019.0 0.0025387007553945296
1020.0 0.002174352812289726
1021.0 0.001810004687285982
1022.0 0.0016014591892599128
1023.0 0.0013929136002843734
1024.0 0.001430399152013706
1025.0 0.0014678847946925089
1026.0 0.0013379021766013466
1027.0 0.0012079191947123036
1028.0 0.0011059335520258173
1029.0 0.0010039477274403907
1030.0 0.0009439748282602523
1031.0 0.0008840013833832927
1032.0 0.0008831472769088577
1033.0 0.0008822929885354824
1034.0 0.0008423049621342216
1035.0 0.0008023168447834905
1036.0 0.000877936963661341
1037.0 0.0009535568096907809
1038.0 0.0008392527888645418
1039.0 0.0007249488589877728
1040.0 0.0007351849944825517
1041.0 0.0007454210390278604
1042.0 0.0009124839380092453
1043.0 0.0010795462912938092
1044.0 0.0010012378879764583
1045.0 0.0009229296665580478
1046.0 0.0009101405339606572
1047.0 0.000897351583262207
1048.0 0.0007580246801808244
1049.0 0.0006186978225741768
1050.0 0.0006602201665373286
1051.0 0.0007017424650257453
1052.0 0.0010254314474877901
1053.0 0.0013491197933035437
1054.0 0.0010604654562484939
1055.0 0.0007718108463450335
1056.0 0.0008518327376805246
1057.0 0.0009318549928138964
1058.0 0.000826660016173264
1059.0 0.0007214653123810422
1060.0 0.0010766946616058704
1061.0 0.0014319234651338775
1062.0 0.001446638361812802
1063.0 0.0014613530765927862
1064.0 0.0010783286597870756
1065.0 0.0006953040156076895
1066.0 0.001057769713952439
1067.0 0.0014202354577719234
1068.0 0.0016840107491589151
1069.0 0.0019477854948490858
1070.0 0.0014672121324110776
1071.0 0.0009866386790235993
1072.0 0.0012584492651512846
1073.0 0.0015302599422284402
1074.0 0.0022472309865406714
1075.0 0.0029642020308529027
1076.0 0.00319407663482707
1077.0 0.003423951056902297
1078.0 0.0037925583455944434
1079.0 0.004161165998084471
1080.0 0.00419903990405146
1081.0 0.004236913446220569
1082.0 0.0040880935557652265
1083.0 0.003939274029107764
1084.0 0.004510906001087278
1085.0 0.005082537973066792
1086.0 0.005009914457332343
1087.0 0.004937290941597894
1088.0 0.004985939085599966
1089.0 0.00503458759339992
1090.0 0.005062079435447231
1091.0 0.005089570913696662
1092.0 0.0043726235162466764
1093.0 0.003655676482594572
1094.0 0.0043802439904538915
1095.0 0.005104811498313211
1096.0 0.003799468686338514
1097.0 0.002494125328666996
1098.0 0.0017285683497902937
1099.0 0.0009630116437620018
1100.0 0.0014101164197199978
1101.0 0.0018572209228295833
