lsstCam/transmission_filter_detector/r12_s12/r_57/19700101T000000.ecsv
# %ECSV 1.0
# ---
# datatype:
# - {name: wavelength, unit: nm, datatype: float32}
# - {name: efficiency, unit: '%', datatype: float64}
# meta: !!omap
# - {MODE: DETECTOR}
# - {TYPE: transmission_filter_detector}
# - {CALIBDATE: '1970-01-01T00:00:00'}
# - {INSTRUME: LSSTCam}
# - {OBSTYPE: transmission_filter_detector}
# - {CALIBCLS: lsst.ip.isr.IntermediateFilterDetectorTransmissionCurve}
# - {SOURCE: Materion (DM-46256)}
# - {DETECTOR: 50}
# - {FILTER: r_57}
# - {CALIB_ID: 'calibDate=1970-01-01T00:00:00 filter=r_57 detector=50'}
# - {DATE: '2025-04-02T15:59:44.415969'}
# - {CALIB_CREATION_DATE: '2025-04-02'}
# - {CALIB_CREATION_TIME: '15:59:44'}
# - __serialized_columns__:
#     efficiency:
#       __class__: astropy.units.quantity.Quantity
#       unit: !astropy.units.Unit {unit: '%'}
#       value: !astropy.table.SerializedColumn {name: efficiency}
#     wavelength:
#       __class__: astropy.units.quantity.Quantity
#       unit: !astropy.units.Unit {unit: nm}
#       value: !astropy.table.SerializedColumn {name: wavelength}
# schema: astropy-2.0
wavelength efficiency
300.0 0.0016798625438241288
301.0 0.004946345870848745
302.0 0.00821282810647972
303.0 0.009773443161975592
304.0 0.011334058945067227
305.0 0.010565193224465474
306.0 0.009796330414246768
307.0 0.008392028394155204
308.0 0.006987725646467879
309.0 0.006466826016549021
310.0 0.005945926750428043
311.0 0.0054752563301008195
312.0 0.005004585545975715
313.0 0.004605145295499824
314.0 0.004205705408821814
315.0 0.003839618875645101
316.0 0.003473531614872627
317.0 0.0033130530937341973
318.0 0.003152574208797887
319.0 0.002985313221870456
320.0 0.0028180531444377266
321.0 0.0026428289856994525
322.0 0.0024676044631632976
323.0 0.0023964224965311587
324.0 0.002325241075595841
325.0 0.0022805856133345515
326.0 0.0022359308786690235
327.0 0.002295431841048412
328.0 0.002354932985326741
329.0 0.002425702587061096
330.0 0.0024964720068965107
331.0 0.002388946813880466
332.0 0.0022814214389654808
333.0 0.0021234032828942873
334.0 0.0019653851268230937
335.0 0.0016660194887663238
336.0 0.0013666536688106135
337.0 0.0012426341527316254
338.0 0.001118614545703167
339.0 0.00099901753856102
340.0 0.0008794206223683432
341.0 0.0009059501280717086
342.0 0.000932479633775074
343.0 0.0008360527317563538
344.0 0.0007396260571113089
345.0 0.0007152036232582759
346.0 0.0006907812803547131
347.0 0.0006635982117586536
348.0 0.000636415052213124
349.0 0.0007129154710128205
350.0 0.005620486990665086
351.0 0.005723050344386138
352.0 0.00582561333430931
353.0 0.005215024066274054
354.0 0.00460443552583456
355.0 0.004817784429178573
356.0 0.005031134060118347
357.0 0.00656678166706115
358.0 0.008102430729195476
359.0 0.005796978075522929
360.0 0.0034915250580525026
361.0 0.0024695244064787403
362.0 0.001447523754904978
363.0 0.002494942418707069
364.0 0.00354236108250916
365.0 0.004046415415359661
366.0 0.004550469748210162
367.0 0.0037852707464480773
368.0 0.0030200717446859926
369.0 0.0023444981707143597
370.0 0.0016689245967427269
371.0 0.001966852869372815
372.0 0.002264781687699724
373.0 0.0028939532057847828
374.0 0.003523124541970901
375.0 0.0029717501092818566
376.0 0.0024203760403906927
377.0 0.0009751892321219202
378.0 1.589092464386599e-10
379.0 0.000674612829243415
380.0 0.0018192231436842121
381.0 0.002564702481322456
382.0 0.0033101823646575212
383.0 0.003140203989460133
384.0 0.002970226159959566
385.0 0.004051327414344996
386.0 0.005132428486831486
387.0 0.004697739859693684
388.0 0.004263051232555881
389.0 0.003616496906033717
390.0 0.002969942033814732
391.0 0.002368619607295841
392.0 0.0017672973626758903
393.0 0.0016072190192062408
394.0 0.0014471404028881807
395.0 0.0010300772373739164
396.0 0.0006130140718596522
397.0 0.0006329857569653541
398.0 0.0006529577149194665
399.0 0.0005093458185001509
400.0 0.00036573342185874935
401.0 6.274672159634065e-05
402.0 1.589092464386599e-10
403.0 1.589092464386599e-10
404.0 0.0001879192723208689
405.0 0.0006430455414374592
406.0 0.0010981715604430065
407.0 0.0016203144696191885
408.0 0.00214245719689643
409.0 0.0017031637980835512
410.0 0.0012638699445233215
411.0 0.0008926615919335745
412.0 0.0005214531938690925
413.0 0.0005329610758053605
414.0 0.0005444689122668933
415.0 0.0005999908808007604
416.0 0.000655513167657773
417.0 0.0012379216968838591
418.0 0.0018203307263320312
419.0 0.0022250389520195313
420.0 0.0026297473596059717
421.0 0.0039395064959535375
422.0 0.005249265450402163
423.0 0.007931774598546326
424.0 0.010614282655296847
425.0 0.014731472765561193
426.0 0.018848659237846732
427.0 0.019630022870842367
428.0 0.02041138941422105
429.0 0.015601816994603723
430.0 0.01079224530258216
431.0 0.007738796557532623
432.0 0.004685347084887326
433.0 0.0036667897802544758
434.0 0.0026482319299248047
435.0 0.0021582251065410674
436.0 0.001668217737460509
437.0 0.001392294234392466
438.0 0.0011163709132233635
439.0 0.0009753836820891593
440.0 0.0008343965419044252
441.0 0.001127712857851293
442.0 0.0014210290828486905
443.0 0.0017807500626076944
444.0 0.0021404710423666984
445.0 0.0020464707631617785
446.0 0.0019524703020579182
447.0 0.0017169202692457475
448.0 0.0014813705092819873
449.0 0.0013362240679271054
450.0 0.0011910771718248725
451.0 0.0013384237718128134
452.0 0.0014857704627502244
453.0 0.0014718150850967504
454.0 0.0014578597983927466
455.0 0.0013231470802566037
456.0 0.0011884346349688713
457.0 0.000873563203640515
458.0 0.0005586919542110991
459.0 0.0007604992788401432
460.0 0.0009623066034691874
461.0 0.0015665986211388372
462.0 0.002170890184061136
463.0 0.0027792330001830123
464.0 0.003387575998203829
465.0 0.004432222704053856
466.0 0.005476869773701765
467.0 0.006125972868176177
468.0 0.006775077054044232
469.0 0.005812598101329058
470.0 0.004850120240007527
471.0 0.003679219662444666
472.0 0.002508319084881805
473.0 0.0021343994376366027
474.0 0.00176047960849246
475.0 0.0014548445506079588
476.0 0.0011492096746223979
477.0 0.000918074329092633
478.0 0.0006869388471386628
479.0 0.0008890076060197316
480.0 0.001091076137527125
481.0 0.0008318639629578684
482.0 0.0005726520157622872
483.0 0.0006135514468041947
484.0 0.000654450786896632
485.0 0.000593022741668392
486.0 0.0005315945600159466
487.0 0.0005883015546714887
488.0 0.0006450084583775606
489.0 0.0006393002877302933
490.0 0.0006335920261335559
491.0 0.0007590458153572399
492.0 0.0008844996045809239
493.0 0.0009900010809360538
494.0 0.001095502739190124
495.0 0.0009630592103349045
496.0 0.0008306155905302148
497.0 0.0010293897503288463
498.0 0.0012281636372790672
499.0 0.001228993005497614
500.0 0.001229822555615101
501.0 0.0014013852705829777
502.0 0.001572948349348735
503.0 0.0018984001144417562
504.0 0.0022238520614337176
505.0 0.0027165755454916507
506.0 0.003209299029549584
507.0 0.0038324920751620084
508.0 0.004455684756976552
509.0 0.004975358388037421
510.0 0.005495031291502528
511.0 0.004912684744340368
512.0 0.004330338197178207
513.0 0.0036911511415382847
514.0 0.0030519637221004814
515.0 0.002895523539336864
516.0 0.0027390835384721868
517.0 0.002457126902299933
518.0 0.002175170084228739
519.0 0.07118058274500072
520.0 0.12199508491903543
521.0 0.09210115531459451
522.0 0.13358709402382374
523.0 0.057491089683026075
524.0 0.11979314731433988
525.0 0.10594532359391451
526.0 0.14621888985857368
527.0 0.12931391829624772
528.0 0.09353333152830601
529.0 0.18995320424437523
530.0 0.09740466484799981
531.0 0.19164180848747492
532.0 0.19060055492445827
533.0 0.27042762376368046
534.0 0.297860917635262
535.0 0.42683216743171215
536.0 0.6037440616637468
537.0 0.7059587631374598
538.0 1.0593321174383163
539.0 1.6613185405731201
540.0 2.7872027829289436
541.0 4.270194098353386
542.0 6.274808943271637
543.0 8.921954035758972
544.0 12.31265589594841
545.0 16.079093515872955
546.0 20.589888095855713
547.0 26.196113228797913
548.0 33.47907364368439
549.0 41.36131405830383
550.0 48.398357629776
551.0 56.12758994102478
552.0 62.128257751464844
553.0 68.08399558067322
554.0 72.27192521095276
555.0 76.6464114189148
556.0 80.64040541648865
557.0 83.70671272277832
558.0 87.04729080200195
559.0 90.27200937271118
560.0 91.26279354095459
561.0 93.60707402229309
562.0 94.40259337425232
563.0 94.29341554641724
564.0 94.90269422531128
565.0 94.75146532058716
566.0 95.35287022590637
567.0 94.60222721099854
568.0 94.90782022476196
569.0 95.60529589653015
570.0 95.13894319534302
571.0 96.21086716651917
572.0 96.21604084968567
573.0 96.01438641548157
574.0 97.01465368270874
575.0 96.36160731315613
576.0 96.92806005477905
577.0 96.49958610534668
578.0 96.18296027183533
579.0 96.6000497341156
580.0 95.74263095855713
581.0 95.829176902771
582.0 95.98565697669983
583.0 96.30632400512695
584.0 95.59081792831421
585.0 95.91906666755676
586.0 96.25406265258789
587.0 95.57990431785583
588.0 95.97001075744629
589.0 96.87705039978027
590.0 96.10584378242493
591.0 95.67483067512512
592.0 95.68156003952026
593.0 95.02529501914978
594.0 95.32279968261719
595.0 95.82162499427795
596.0 96.25265002250671
597.0 96.72650694847107
598.0 96.30996584892273
599.0 96.25533819198608
600.0 96.34482264518738
601.0 95.42586207389832
602.0 96.14917039871216
603.0 95.75305581092834
604.0 95.76684236526489
605.0 96.29052877426147
606.0 95.55613994598389
607.0 95.49052119255066
608.0 95.76565027236938
609.0 95.22132873535156
610.0 95.71105241775513
611.0 95.23137211799622
612.0 95.3811526298523
613.0 96.33878469467163
614.0 96.31423354148865
615.0 95.7021415233612
616.0 95.77463865280151
617.0 95.63129544258118
618.0 95.61150074005127
619.0 96.58912420272827
620.0 95.79854607582092
621.0 94.84688639640808
622.0 96.00844383239746
623.0 96.00342512130737
624.0 96.14839553833008
625.0 96.20159268379211
626.0 95.3204870223999
627.0 94.75138187408447
628.0 96.63614630699158
629.0 95.08998394012451
630.0 95.78886032104492
631.0 95.4913318157196
632.0 96.44113779067993
633.0 95.99732160568237
634.0 95.28127312660217
635.0 95.68763971328735
636.0 95.6337571144104
637.0 95.29247879981995
638.0 95.21395564079285
639.0 95.23552060127258
640.0 95.03613710403442
641.0 95.24568915367126
642.0 95.66808938980103
643.0 95.62159776687622
644.0 95.47830820083618
645.0 95.80803513526917
646.0 95.6670880317688
647.0 96.74169421195984
648.0 95.79811096191406
649.0 95.60739994049072
650.0 95.92304825782776
651.0 96.55101299285889
652.0 96.67627811431885
653.0 95.72374224662781
654.0 96.2397575378418
655.0 96.30215764045715
656.0 95.15407681465149
657.0 95.40260434150696
658.0 95.78172564506531
659.0 95.9364116191864
660.0 95.31830549240112
661.0 94.98579502105713
662.0 95.43458819389343
663.0 95.38684487342834
664.0 95.13785243034363
665.0 95.0182318687439
666.0 95.06005644798279
667.0 95.52291631698608
668.0 94.6196973323822
669.0 95.20270228385925
670.0 95.12024521827698
671.0 95.57059407234192
672.0 95.12870907783508
673.0 95.15961408615112
674.0 94.94174122810364
675.0 95.29523849487305
676.0 94.73548531532288
677.0 93.72034668922424
678.0 93.19866895675659
679.0 92.10913181304932
680.0 91.01454019546509
681.0 90.00078439712524
682.0 87.97065615653992
683.0 85.04416942596436
684.0 81.51744604110718
685.0 78.0099868774414
686.0 74.25968050956726
687.0 69.25362944602966
688.0 65.048348903656
689.0 60.381048917770386
690.0 55.0712525844574
691.0 50.96079111099243
692.0 46.21259868144989
693.0 41.895291209220886
694.0 37.04670071601868
695.0 32.07979202270508
696.0 26.82511806488037
697.0 21.76845073699951
698.0 16.223011910915375
699.0 11.850672960281372
700.0 8.311640471220016
701.0 5.196794122457504
702.0 3.2532915472984314
703.0 1.9149072468280792
704.0 1.1408835649490356
705.0 0.6486685480922461
706.0 0.422873068600893
707.0 0.2963171573355794
708.0 0.1955698011443019
709.0 0.1244950806722045
710.0 0.09388481848873198
711.0 0.1020127790980041
712.0 0.04772340762428939
713.0 0.06622113287448883
714.0 0.06660110666416585
715.0 0.060735957231372595
716.0 0.03683883114717901
717.0 1.589092464386599e-10
718.0 0.05409686709754169
719.0 0.09818050311878324
720.0 1.589092464386599e-10
721.0 0.004517454362940043
722.0 0.004253321822034195
723.0 0.003989189644926228
724.0 0.0036820059904130176
725.0 0.003374821972101927
726.0 0.0031417435820912942
727.0 0.002908664828282781
728.0 0.002803736788337119
729.0 0.002698808748391457
730.0 0.0024672946892678738
731.0 0.0022357809939421713
732.0 0.0022355690816766582
733.0 0.0022353573513100855
734.0 0.0021296147679095156
735.0 0.002023871820711065
736.0 0.0018400471162749454
737.0 0.0016562224118388258
738.0 0.0016330252037732862
739.0 0.0016098278138088062
740.0 0.0016155348930624314
741.0 0.0016212421542149968
742.0 0.0014735491276951507
743.0 0.0013258561921247747
744.0 0.0013718055924982764
745.0 0.0014177547200233676
746.0 0.0014088676834944636
747.0 0.0013999807379150297
748.0 0.0012322097063588444
749.0 0.0010644384929037187
750.0 0.0010727786502684467
751.0 0.0010811191714310553
752.0 0.0011380569958419073
753.0 0.0011949947293032892
754.0 0.0011800059837696608
755.0 0.001165017511084443
756.0 0.0011333879228914157
757.0 0.001101758152799448
758.0 0.0011287679626548197
759.0 0.0011557776815607212
760.0 0.0011384822755644564
761.0 0.001121187142416602
762.0 0.0011128826372441836
763.0 0.0011045784958696458
764.0 0.0010616616236802656
765.0 0.0010187448424403556
766.0 0.0007980735063028987
767.0 0.0005774021246907068
768.0 0.0006050774118193658
769.0 0.0006327525170490844
770.0 0.0007484517936973134
771.0 0.0008641512977192178
772.0 0.000768530026107328
773.0 0.0006729086180712329
774.0 0.0008160272045643069
775.0 0.0009591456546331756
776.0 0.000910393828235101
777.0 0.0008616420018370263
778.0 0.0008676413926878013
779.0 0.0008736408744880464
780.0 0.0007642783202754799
781.0 0.0006549157660629135
782.0 0.0007190767973952461
783.0 0.0007832377377781086
784.0 0.0008323409019794781
785.0 0.0008814438842819072
786.0 0.000759735848987475
787.0 0.0006380278136930428
788.0 0.0006512029358418658
789.0 0.0006643782398896292
790.0 0.000711115671947482
791.0 0.0007578530585305998
792.0 0.0007701838512730319
793.0 0.0007825146894901991
794.0 0.0008418323886871804
795.0 0.0009011497240862809
796.0 0.0007256284334289376
797.0 0.000550107051822124
798.0 0.0006917946848261636
799.0 0.0008334822268807329
800.0 0.0007837415978428908
801.0 0.0007340007869061083
802.0 0.0006546621534653241
803.0 0.0005753232926508645
804.0 0.0007025501417956548
805.0 0.00082977694546571
806.0 0.00073805940701277
807.0 0.0006463418230850948
808.0 0.0007938234375615139
809.0 0.000941305097512668
810.0 0.000792439459473826
811.0 0.0006435741397581296
812.0 0.0006562336693605175
813.0 0.0006688931534881704
814.0 0.0005397706900112098
815.0 0.00041064827200898435
816.0 0.000575201966057648
817.0 0.0007397557055810466
818.0 0.0007068152171996189
819.0 0.0006738746833434561
820.0 0.0005100124781165505
821.0 0.00034615022741490975
822.0 0.00040635054574522655
823.0 0.00046655095502501354
824.0 0.0005123071332491236
825.0 0.0005580633569479687
826.0 0.0005727990810555639
827.0 0.0005875348506378941
828.0 0.00045621268327522557
829.0 0.0003248904931751895
830.0 0.00014842562450212426
831.0 1.589092464386599e-10
832.0 1.589092464386599e-10
833.0 1.589092464386599e-10
834.0 1.589092464386599e-10
835.0 1.589092464386599e-10
836.0 0.0002698280013646581
837.0 0.0005670071004715282
838.0 0.0007246741006383672
839.0 0.0008823411917546764
840.0 0.0012097941180400085
841.0 0.0015372470443253405
842.0 0.001968132346519269
843.0 0.002399017830612138
844.0 0.0022245347281568684
845.0 0.002050051625701599
846.0 0.0018260816432302818
847.0 0.0016021114788600244
848.0 0.0015753437764942646
849.0 0.0015485758922295645
850.0 0.0014121143067313824
851.0 0.0012756529031321406
852.0 0.0012187164429633413
853.0 0.0011617798918450717
854.0 0.000995371192402672
855.0 0.0008289622201118618
856.0 0.0006637739716097713
857.0 0.0004985857685824158
858.0 0.0005471556050906656
859.0 0.0005957254415989155
860.0 0.00047400603762071114
861.0 0.00035228656543040415
862.0 0.00034354802664893214
863.0 0.0003348094651300926
864.0 0.00025725682917254744
865.0 0.00017970425005842117
866.0 0.00012099088735340047
867.0 6.227750191101222e-05
868.0 0.00012170755780971376
869.0 0.00018113759097104776
870.0 5.331613692760584e-05
871.0 1.589092464386599e-10
872.0 1.589092464386599e-10
873.0 1.589092464386599e-10
874.0 1.589092464386599e-10
875.0 1.589092464386599e-10
876.0 1.589092464386599e-10
877.0 4.3736156385421054e-05
878.0 0.00012953501027368475
879.0 0.00021533385279326467
880.0 0.00015431929796250188
881.0 9.330470902568777e-05
882.0 0.00010640611662893207
883.0 0.00011950755833822768
884.0 3.448025154284551e-06
885.0 1.589092464386599e-10
886.0 1.4100321266141691e-05
887.0 0.0001408121192980616
888.0 0.00017455439547120477
889.0 0.00020829666027566418
890.0 0.0001854787910815503
891.0 0.0001626608877813851
892.0 3.0139028694975423e-05
893.0 1.589092464386599e-10
894.0 1.589092464386599e-10
895.0 6.632182021348854e-05
896.0 6.826141998317325e-05
897.0 7.020105954325118e-05
898.0 9.621435310691595e-05
899.0 0.00012222764098623884
900.0 2.7898599341824593e-05
901.0 1.589092464386599e-10
