lsstCam/transmission_sensor/r31_s20/19700101T000000.ecsv
# %ECSV 1.0
# ---
# datatype:
# - {name: amp_name, datatype: string}
# - {name: wavelength, unit: nm, datatype: float32}
# - {name: efficiency, unit: '%', datatype: float64}
# meta: !!omap
# - {MODE: AMP}
# - {TYPE: transmission_sensor}
# - {CALIBDATE: '1970-01-01T00:00:00'}
# - {INSTRUME: LSSTCam}
# - {OBSTYPE: transmission_sensor}
# - {DETECTOR: 132}
# - {PARQUETFILE: qe_raft_allvalues_nircorrected_20230725_adjust.parquet}
# - {CORRFILE: qe_corr_factor_bydetnum.parquet}
# - {CALIBCLS: lsst.ip.isr.IntermediateSensorTransmissionCurve}
# - {CALIB_ID: 'raftName=R31 detectorName=S20 detector=132 calibDate=1970-01-01T00:00:00 ccd=132 ccdnum=132 filter=None'}
# - {DATE: '2025-03-03T21:56:48.126311'}
# - {CALIB_CREATION_DATE: '2025-03-03'}
# - {CALIB_CREATION_TIME: '21:56:48'}
# - __serialized_columns__:
#     efficiency:
#       __class__: astropy.units.quantity.Quantity
#       unit: !astropy.units.Unit {unit: '%'}
#       value: !astropy.table.SerializedColumn {name: efficiency}
#     wavelength:
#       __class__: astropy.units.quantity.Quantity
#       unit: !astropy.units.Unit {unit: nm}
#       value: !astropy.table.SerializedColumn {name: wavelength}
# schema: astropy-2.0
amp_name wavelength efficiency
C00 319.994 40.32348817907516
C00 324.969 45.55071078716677
C00 349.982 66.83974680941436
C00 374.975 71.28542990222698
C00 400.019 80.44022865739404
C00 424.965 83.29400350932238
C00 450.035 85.66955308095054
C00 475.003 88.77423262568205
C00 500.018 90.82759690462957
C00 525.002 92.89644745048537
C00 550.029 95.64408250816525
C00 575.023 96.76035406014778
C00 599.982 97.15458219098937
C00 619.997 97.26288040255545
C00 624.979 98.29957729650644
C00 650.012 97.8156540963643
C00 675.004 98.2754196257592
C00 700.03 97.19076209525751
C00 725.012 97.3233311812763
C00 750.022 97.12311910778249
C00 774.987 96.71519332857905
C00 799.976 95.74731674063997
C00 824.988 93.95062299656088
C00 850.022 92.15034446847525
C00 869.967 89.04012548908943
C00 875.002 88.16248734823715
C00 899.999 81.2135307163717
C00 919.999 72.61271316120515
C00 925.012 70.31818725503854
C00 949.965 56.89889171112006
C00 975.002 42.05707840426855
C00 999.976 25.35719230423225
C00 1025.028 10.939643844740317
C00 1050.014 3.8536979938395715
C00 1075.002 0.9252894326509159
C00 1099.99 0.09180636746169128
C01 319.994 40.60927848044727
C01 324.969 45.878609093516786
C01 349.982 67.41642912581842
C01 374.975 71.86685168043337
C01 400.019 80.80871426561181
C01 424.965 83.53342934639092
C01 450.035 85.83962278113461
C01 475.003 88.89853029428785
C01 500.018 90.92924628522772
C01 525.002 92.98341808394093
C01 550.029 95.72242701926402
C01 575.023 96.8377703008617
C01 599.982 97.22724387607357
C01 619.997 97.33591188641084
C01 624.979 98.37231445072761
C01 650.012 97.89451179759453
C01 675.004 98.3577564542042
C01 700.03 97.3004791265988
C01 725.012 97.50198172233499
C01 750.022 97.38456683902174
C01 774.987 97.05705342527033
C01 799.976 96.11217228336902
C01 824.988 94.3016978748774
C01 850.022 92.45275684726718
C01 869.967 89.31326338964688
C01 875.002 88.45199450460552
C01 899.999 81.4219915665374
C01 919.999 72.52667834504813
C01 925.012 70.19936109886378
C01 949.965 56.94568257604756
C01 975.002 42.15781838176609
C01 999.976 25.36569012905618
C01 1025.028 10.875497908400087
C01 1050.014 3.811621119880673
C01 1075.002 0.9277794299367546
C01 1099.99 0.0920534227048787
C02 319.994 40.81616957256381
C02 324.969 46.116344421916985
C02 349.982 67.8519313276743
C02 374.975 72.29923700693197
C02 400.019 81.01575629600231
C02 424.965 83.60923054757347
C02 450.035 85.839713344099
C02 475.003 88.85711283191331
C02 500.018 90.85793549769548
C02 525.002 92.89431167390885
C02 550.029 95.61960786704269
C02 575.023 96.73191728933378
C02 599.982 97.12189650776341
C02 619.997 97.22718350076399
C02 624.979 98.26473319596285
C02 650.012 97.78433440451767
C02 675.004 98.24810734508618
C02 700.03 97.20161455715521
C02 725.012 97.42426360507315
C02 750.022 97.32911211716896
C02 774.987 97.02782422851804
C02 799.976 96.087508969404
C02 824.988 94.2687555965857
C02 850.022 92.40722631692725
C02 869.967 89.21231587202263
C02 875.002 88.3495074165869
C02 899.999 81.44977930277338
C02 919.999 72.34069220387501
C02 925.012 69.95616180494623
C02 949.965 56.7137885588496
C02 975.002 42.08582459854417
C02 999.976 25.38276502129787
C02 1025.028 10.85735418450592
C02 1050.014 3.7806495294283584
C02 1075.002 0.9272508789727786
C02 1099.99 0.0920009803638028
C03 319.994 41.02839633266482
C03 324.969 46.360773862767296
C03 349.982 68.29346351357486
C03 374.975 72.78076028851817
C03 400.019 81.39364535868778
C03 424.965 83.9037714953784
C03 450.035 86.09285947027047
C03 475.003 89.0798750835367
C03 500.018 91.07045658743071
C03 525.002 93.09727082398872
C03 550.029 95.82304247268554
C03 575.023 96.93340479124255
C03 599.982 97.32725557639925
C03 619.997 97.43180297185744
C03 624.979 98.47025829670005
C03 650.012 97.99340655469292
C03 675.004 98.45988129036532
C03 700.03 97.40596233935554
C03 725.012 97.62538130821072
C03 750.022 97.51946037445951
C03 774.987 97.21024067951201
C03 799.976 96.26340488696292
C03 824.988 94.4394969720889
C03 850.022 92.57149998739126
C03 869.967 89.33255330105892
C03 875.002 88.4603338442418
C03 899.999 81.6114492880116
C03 919.999 72.47890638133988
C03 925.012 70.05972810162368
C03 949.965 56.72038078796479
C03 975.002 42.085718941752404
C03 999.976 25.43336519091443
C03 1025.028 10.893990677052786
C03 1050.014 3.7879525834774763
C03 1075.002 0.9290644277811722
C03 1099.99 0.09218091901049855
C04 319.994 41.210782596004
C04 324.969 46.572713840147784
C04 349.982 68.7313429932456
C04 374.975 73.2478387772864
C04 400.019 81.66491917156182
C04 424.965 84.05931338669384
C04 450.035 86.18349790378326
C04 475.003 89.13685428195649
C04 500.018 91.10101404099385
C04 525.002 93.11505889957488
C04 550.029 95.83700426302681
C04 575.023 96.94391009511016
C04 599.982 97.3390438555955
C04 619.997 97.44894955977925
C04 624.979 98.4846653549495
C04 650.012 98.01176064880642
C04 675.004 98.48140508823197
C04 700.03 97.42277686307465
C04 725.012 97.62517754154088
C04 750.022 97.49511403086981
C04 774.987 97.15969145156292
C04 799.976 96.20679548731434
C04 824.988 94.36805034011009
C04 850.022 92.5324069744357
C04 869.967 89.25735585297221
C04 875.002 88.36142399331601
C04 899.999 81.54828162035948
C04 919.999 72.58799701884425
C04 925.012 70.13997443497433
C04 949.965 56.545594266719476
C04 975.002 41.94275020865779
C04 999.976 25.427806888975862
C04 1025.028 10.925052830469475
C04 1050.014 3.7941985979267705
C04 1075.002 0.928832729842639
C04 1099.99 0.09215793015389383
C05 319.994 41.41947740049436
C05 324.969 46.811769878445126
C05 349.982 69.12845404511982
C05 374.975 73.61142643851419
C05 400.019 81.84386404225472
C05 424.965 84.14183888798131
C05 450.035 86.21121017088225
C05 475.003 89.13354873375677
C05 500.018 91.07618469492748
C05 525.002 93.08152041510104
C05 550.029 95.7921227672649
C05 575.023 96.89138357577218
C05 599.982 97.29256996104333
C05 619.997 97.39392501200724
C05 624.979 98.43361803069634
C05 650.012 97.95802662327677
C05 675.004 98.42902950716797
C05 700.03 97.35981296209236
C05 725.012 97.53602585002659
C05 750.022 97.3746275536815
C05 774.987 97.00196850218875
C05 799.976 96.0384540303671
C05 824.988 94.1954297830961
C05 850.022 92.34568878263389
C05 869.967 89.06775474013774
C05 875.002 88.171287049609
C05 899.999 81.33571524914205
C05 919.999 72.46452951074522
C05 925.012 70.00368472050245
C05 949.965 56.3236810428871
C05 975.002 41.68102701506855
C05 999.976 25.27699691254905
C05 1025.028 10.899082957070501
C05 1050.014 3.788325919864474
C05 1075.002 0.9276851778672498
C05 1099.99 0.09204407110113004
C06 319.994 41.52895293059732
C06 324.969 46.93791276745009
C06 349.982 69.38642264914432
C06 374.975 73.89068488608069
C06 400.019 82.02149574996417
C06 424.965 84.25185779587052
C06 450.035 86.2851699251225
C06 475.003 89.18581111111531
C06 500.018 91.11640974493773
C06 525.002 93.11217597854224
C06 550.029 95.8206048195611
C06 575.023 96.9227787367558
C06 599.982 97.31752760464255
C06 619.997 97.42501829644294
C06 624.979 98.4625830854692
C06 650.012 97.98951234722476
C06 675.004 98.45819832861068
C06 700.03 97.3858875489189
C06 725.012 97.5356032228595
C06 750.022 97.34236449762263
C06 774.987 96.93760842217233
C06 799.976 95.95459272535511
C06 824.988 94.09280685063091
C06 850.022 92.22200996095131
C06 869.967 88.92800099227848
C06 875.002 88.02170722011496
C06 899.999 81.13677105714949
C06 919.999 72.33673762109726
C06 925.012 69.90992941163239
C06 949.965 56.14392865242852
C06 975.002 41.467570108034764
C06 999.976 25.14150717092914
C06 1025.028 10.839801949972834
C06 1050.014 3.783671596682295
C06 1075.002 0.92737811395327
C06 1099.99 0.09201360450167878
C07 319.994 41.90141953579078
C07 324.969 47.368301935275575
C07 349.982 70.03554779013534
C07 374.975 74.48719294476936
C07 400.019 82.5159846292835
C07 424.965 84.69009198048506
C07 450.035 86.70537453291256
C07 475.003 89.60301959416728
C07 500.018 91.532886177361
C07 525.002 93.53190513076933
C07 550.029 96.2478054163492
C07 575.023 97.35376788422028
C07 599.982 97.74325655325954
C07 619.997 97.8504755561668
C07 624.979 98.89131570573798
C07 650.012 98.41233573406802
C07 675.004 98.88102926236763
C07 700.03 97.79326240342237
C07 725.012 97.92164295233879
C07 750.022 97.69800525872643
C07 774.987 97.25731078024634
C07 799.976 96.25200904727896
C07 824.988 94.3725181130193
C07 850.022 92.44850793485521
C07 869.967 89.16760795527577
C07 875.002 88.25411442744438
C07 899.999 81.32040256124884
C07 919.999 72.40795029875144
C07 925.012 70.0476379458795
C07 949.965 56.174271018951266
C07 975.002 41.38578043083286
C07 999.976 25.079399844651576
C07 1025.028 10.893402017784343
C07 1050.014 3.801015347724475
C07 1075.002 0.9307665803320251
C07 1099.99 0.09234980502285876
C10 319.994 38.70376578775695
C10 324.969 43.7058488664103
C10 349.982 64.03393259403673
C10 374.975 68.80614045490633
C10 400.019 78.9713124690458
C10 424.965 82.36811040228518
C10 450.035 85.02682772277542
C10 475.003 88.29285273545614
C10 500.018 90.45545104326828
C10 525.002 92.59297850377573
C10 550.029 95.37908018057423
C10 575.023 96.52598465525688
C10 599.982 96.9418573345843
C10 619.997 97.06283436116298
C10 624.979 98.09838412423188
C10 650.012 97.63190938855948
C10 675.004 98.10384808974922
C10 700.03 97.08543736768844
C10 725.012 97.36998620175724
C10 750.022 97.36386565474818
C10 774.987 97.15622741817553
C10 799.976 96.27196308709644
C10 824.988 94.46222072923354
C10 850.022 92.74375829254775
C10 869.967 89.63440720823719
C10 875.002 88.79368856919545
C10 899.999 81.89676790727759
C10 919.999 72.8517541056751
C10 925.012 70.50157725789956
C10 949.965 56.998182681187586
C10 975.002 42.54772967797244
C10 999.976 25.619983386109755
C10 1025.028 11.11656236910531
C10 1050.014 3.8695146740631747
C10 1075.002 0.9275808625268545
C10 1099.99 0.09203372102888854
C11 319.994 39.22251422115844
C11 324.969 44.297006163287094
C11 349.982 64.9707234444538
C11 374.975 69.68540118220366
C11 400.019 79.49442679202157
C11 424.965 82.68881649988103
C11 450.035 85.23902429522164
C11 475.003 88.43617617349454
C11 500.018 90.55657968682127
C11 525.002 92.66854575063364
C11 550.029 95.43930455188415
C11 575.023 96.57901681781262
C11 599.982 96.988293494568
C11 619.997 97.10754982482354
C11 624.979 98.14561271015387
C11 650.012 97.67838328311167
C11 675.004 98.15302377940529
C11 700.03 97.15238603910326
C11 725.012 97.50511369151965
C11 750.022 97.58534493104293
C11 774.987 97.4592284562359
C11 799.976 96.60403483672144
C11 824.988 94.77027065255785
C11 850.022 93.04540088614247
C11 869.967 89.92251063865774
C11 875.002 89.04680450771214
C11 899.999 81.97332379982994
C11 919.999 72.92144985367598
C11 925.012 70.53348560901463
C11 949.965 57.162871431904996
C11 975.002 42.480214988030276
C11 999.976 25.61603257678886
C11 1025.028 11.039379139351814
C11 1050.014 3.8641297152986103
C11 1075.002 0.929690784381867
C11 1099.99 0.09224306553699753
C12 319.994 39.655865552610386
C12 324.969 44.789046069111414
C12 349.982 65.76271920866135
C12 374.975 70.44449994960169
C12 400.019 80.00841689633648
C12 424.965 83.05811717477818
C12 450.035 85.52734658613943
C12 475.003 88.68333005018984
C12 500.018 90.77342515810545
C12 525.002 92.86928610808633
C12 550.029 95.63406020677432
C12 575.023 96.76845189854572
C12 599.982 97.17369852338638
C12 619.997 97.29122661040508
C12 624.979 98.32618016729184
C12 650.012 97.85787153159082
C12 675.004 98.33842126130996
C12 700.03 97.34831146561663
C12 725.012 97.73279653087414
C12 750.022 97.85056611913117
C12 774.987 97.76262193380856
C12 799.976 96.91942036016019
C12 824.988 95.07090950663074
C12 850.022 93.30944475569385
C12 869.967 90.2060255455499
C12 875.002 89.31954996875729
C12 899.999 82.0816672928782
C12 919.999 72.92131400922942
C12 925.012 70.52628585334675
C12 949.965 57.35829498865745
C12 975.002 42.51348178361099
C12 999.976 25.63208297549605
C12 1025.028 11.004675600075846
C12 1050.014 3.8541489219330263
C12 1075.002 0.9322175331429383
C12 1099.99 0.09249376722779462
C13 319.994 39.80398505430387
C13 324.969 44.959345950163275
C13 349.982 66.07002198752956
C13 374.975 70.7466406395005
C13 400.019 80.1344880896613
C13 424.965 83.0719280268455
C13 450.035 85.48421597435545
C13 475.003 88.59827633281355
C13 500.018 90.6654212761736
C13 525.002 92.7398489912522
C13 550.029 95.4926159502467
C13 575.023 96.62157386415555
C13 599.982 97.02800535444679
C13 619.997 97.14058266607962
C13 624.979 98.1788342242524
C13 650.012 97.70802001320365
C13 675.004 98.18846408613102
C13 700.03 97.19746375462132
C13 725.012 97.59232582621355
C13 750.022 97.71203497129098
C13 774.987 97.63523757750029
C13 799.976 96.7939529199312
C13 824.988 94.94486095404702
C13 850.022 93.15736689776577
C13 869.967 90.03593320462474
C13 875.002 89.1510575735361
C13 899.999 81.97581428135027
C13 919.999 72.66578305832937
C13 925.012 70.24087667111638
C13 949.965 57.195794842912456
C13 975.002 42.42559420014112
C13 999.976 25.594655943739323
C13 1025.028 10.976822771709223
C13 1050.014 3.83795230177294
C13 1075.002 0.9308977536880757
C13 1099.99 0.09236281992273963
C14 319.994 40.144192376895305
C14 324.969 45.3497327019326
C14 349.982 66.7063475628888
C14 374.975 71.37748715551498
C14 400.019 80.57466937800993
C14 424.965 83.4013734505036
C14 450.035 85.74937678713412
C14 475.003 88.83137785620319
C14 500.018 90.87985928198812
C14 525.002 92.94858907722474
C14 550.029 95.69315254102955
C14 575.023 96.81850303019075
C14 599.982 97.21988563521803
C14 619.997 97.33521002343693
C14 624.979 98.3772048508039
C14 650.012 97.90781700644408
C14 675.004 98.38767996701671
C14 700.03 97.39166093789785
C14 725.012 97.77853837479762
C14 750.022 97.89571930378621
C14 774.987 97.80953354935524
C14 799.976 96.95390220884629
C14 824.988 95.10499136889085
C14 850.022 93.28610215162598
C14 869.967 90.13744674077633
C14 875.002 89.25238243684524
C14 899.999 82.18073562899164
C14 919.999 72.65960213601072
C14 925.012 70.18032023560376
C14 949.965 57.174686125299196
C14 975.002 42.46627961188695
C14 999.976 25.658308500596544
C14 1025.028 11.002992638321196
C14 1050.014 3.8395628603243
C14 1075.002 0.9326477053238402
C14 1099.99 0.09253644851639266
C15 319.994 40.419794344775134
C15 324.969 45.660307067888894
C15 349.982 67.2199905091736
C15 374.975 71.8764890892257
C15 400.019 80.86256149484693
C15 424.965 83.56501318021698
C15 450.035 85.84799230842567
C15 475.003 88.89053811268168
C15 500.018 90.91300532694966
C15 525.002 92.95977360332515
C15 550.029 95.69884291395782
C15 575.023 96.81711439807032
C15 599.982 97.2163008512115
C15 619.997 97.32872722457036
C15 624.979 98.367907053128
C15 650.012 97.89882108531609
C15 675.004 98.37171069763177
C15 700.03 97.37818969694695
C15 725.012 97.7482978916098
C15 750.022 97.84599268943019
C15 774.987 97.74746018418932
C15 799.976 96.88562528062062
C15 824.988 95.03304664060796
C15 850.022 93.20583317753423
C15 869.967 90.0413217010051
C15 875.002 89.15391785382764
C15 899.999 82.0685658506985
C15 919.999 72.59818535233653
C15 925.012 70.1409027053592
C15 949.965 57.07590457190628
C15 975.002 42.37965990991834
C15 999.976 25.602959435535528
C15 1025.028 10.985651717371653
C15 1050.014 3.839561681119035
C15 1075.002 0.9321739625564553
C15 1099.99 0.09248944419423126
C16 319.994 40.531424518738866
C16 324.969 45.794249692200715
C16 349.982 67.43551527056063
C16 374.975 72.06390914400144
C16 400.019 80.97882170036438
C16 424.965 83.63458063068501
C16 450.035 85.88883620535917
C16 475.003 88.9170353266753
C16 500.018 90.9297066469633
C16 525.002 92.97145622572964
C16 550.029 95.70858597954192
C16 575.023 96.82360474385058
C16 599.982 97.22544771061345
C16 619.997 97.33452325429042
C16 624.979 98.37158994701261
C16 650.012 97.90249643228701
C16 675.004 98.37743880512855
C16 700.03 97.3734955166268
C16 725.012 97.7321701370372
C16 750.022 97.815661643278
C16 774.987 97.6981260093456
C16 799.976 96.82820081429266
C16 824.988 94.97032424086402
C16 850.022 93.15161614952791
C16 869.967 89.97800309507902
C16 875.002 89.04016322365791
C16 899.999 82.0708450186353
C16 919.999 72.50529039162804
C16 925.012 70.17391290587418
C16 949.965 56.98822075510625
C16 975.002 42.30552657666304
C16 999.976 25.670381675784895
C16 1025.028 11.015909181115296
C16 1050.014 3.8446188208198437
C16 1075.002 0.9318850003429443
C16 1099.99 0.09246077362887083
C17 319.994 40.87677883647232
C17 324.969 46.190221160106546
C17 349.982 68.07023335330219
C17 374.975 72.63968583076175
C17 400.019 81.36963107930079
C17 424.965 83.92566509201625
C17 450.035 86.13030725603987
C17 475.003 89.13474114612106
C17 500.018 91.13455252546768
C17 525.002 93.17140415724403
C17 550.029 95.90534156656206
C17 575.023 97.02168858768158
C17 599.982 97.41878454572841
C17 619.997 97.52724124248213
C17 624.979 98.56640597721237
C17 650.012 98.09223338956802
C17 675.004 98.56552298830971
C17 700.03 97.55413844290176
C17 725.012 97.90130401992272
C17 750.022 97.96927907160047
C17 774.987 97.83194788303825
C17 799.976 96.94942688902337
C17 824.988 95.08328644509544
C17 850.022 93.2538390955671
C17 869.967 90.05923052721042
C17 875.002 89.17320776523968
C17 899.999 82.12073766509266
C17 919.999 72.70814388491615
C17 925.012 70.25398566020979
C17 949.965 56.91556284347891
C17 975.002 42.220469085829905
C17 999.976 25.58886368747612
C17 1025.028 11.060339748783752
C17 1050.014 3.8733152526332693
C17 1075.002 0.933348506214968
C17 1099.99 0.0926059813369978
