lsstCam/transmission_sensor/r31_s20/19700101T000000.ecsv
# %ECSV 1.0
# ---
# datatype:
# - {name: amp_name, datatype: string}
# - {name: wavelength, unit: nm, datatype: float32}
# - {name: efficiency, unit: '%', datatype: float64}
# meta: !!omap
# - {MODE: AMP}
# - {TYPE: transmission_sensor}
# - {CALIBDATE: '1970-01-01T00:00:00'}
# - {INSTRUME: LSSTCAM}
# - {OBSTYPE: transmission_sensor}
# - {DETECTOR: 132}
# - {PARQUETFILE: qe_raft_allvalues_nircorrected_20230725.parquet}
# - {CALIBCLS: lsst.ip.isr.IntermediateSensorTransmissionCurve}
# - {CALIB_ID: 'raftName=R31 detectorName=S20 detector=132 calibDate=1970-01-01T00:00:00 ccd=132 ccdnum=132 filter=None'}
# - {DATE: '2024-01-18T22:42:25.444787'}
# - {CALIB_CREATION_DATE: '2024-01-18'}
# - {CALIB_CREATION_TIME: '22:42:25'}
# - __serialized_columns__:
#     efficiency:
#       __class__: astropy.units.quantity.Quantity
#       unit: !astropy.units.Unit {unit: '%'}
#       value: !astropy.table.SerializedColumn {name: efficiency}
#     wavelength:
#       __class__: astropy.units.quantity.Quantity
#       unit: !astropy.units.Unit {unit: nm}
#       value: !astropy.table.SerializedColumn {name: wavelength}
# schema: astropy-2.0
amp_name wavelength efficiency
C00 319.994 40.76418685913086
C00 324.969 46.04853820800781
C00 349.982 67.57024383544922
C00 374.975 72.06451416015625
C00 400.019 81.31936645507812
C00 424.965 84.20433044433594
C00 450.035 86.60584259033203
C00 475.003 89.74445343017578
C00 500.018 91.82025909423828
C00 525.002 93.9117202758789
C00 550.029 96.68938446044922
C00 575.023 97.81785583496094
C00 599.982 98.21639251708984
C00 619.997 98.32587432861328
C00 624.979 99.3739013671875
C00 650.012 98.88468933105469
C00 675.004 99.34947967529297
C00 700.03 98.25296783447266
C00 725.012 98.3869857788086
C00 750.022 98.18458557128906
C00 774.987 97.77220153808594
C00 799.976 96.79374694824219
C00 824.988 94.9774169921875
C00 850.022 93.15746307373047
C00 869.967 90.01325225830078
C00 875.002 89.12602233886719
C00 899.999 82.10111999511719
C00 919.999 73.40630340576172
C00 925.012 71.08670043945312
C00 949.965 57.52074432373047
C00 975.002 42.5167236328125
C00 999.976 25.634323120117188
C00 1025.028 11.0592041015625
C00 1050.014 3.895815372467041
C00 1075.002 0.9354019960736991
C00 1099.99 0.09280972671427874
C01 319.994 41.0531005859375
C01 324.969 46.38002014160156
C01 349.982 68.15322875976562
C01 374.975 72.65229034423828
C01 400.019 81.69187927246094
C01 424.965 84.44637298583984
C01 450.035 86.77777099609375
C01 475.003 89.87010955810547
C01 500.018 91.92301940917969
C01 525.002 93.99964141845703
C01 550.029 96.76858520507812
C01 575.023 97.8961181640625
C01 599.982 98.28984832763672
C01 619.997 98.39970397949219
C01 624.979 99.44743347167969
C01 650.012 98.96440887451172
C01 675.004 99.4327163696289
C01 700.03 98.36388397216797
C01 725.012 98.56758880615234
C01 750.022 98.44889068603516
C01 774.987 98.1177978515625
C01 799.976 97.16259002685547
C01 824.988 95.33232879638672
C01 850.022 93.46318054199219
C01 869.967 90.28937530517578
C01 875.002 89.41869354248047
C01 899.999 82.31185913085938
C01 919.999 73.31932830810547
C01 925.012 70.9665756225586
C01 949.965 57.56804656982422
C01 975.002 42.61856460571289
C01 999.976 25.642913818359375
C01 1025.028 10.994357109069824
C01 1050.014 3.853278636932373
C01 1075.002 0.9379192067422774
C01 1099.99 0.09305948204430116
C02 319.994 41.26225280761719
C02 324.969 46.62035369873047
C02 349.982 68.59349060058594
C02 374.975 73.08940124511719
C02 400.019 81.90118408203125
C02 424.965 84.52300262451172
C02 450.035 86.77786254882812
C02 475.003 89.82823944091797
C02 500.018 91.8509292602539
C02 525.002 93.90956115722656
C02 550.029 96.66464233398438
C02 575.023 97.78910827636719
C02 599.982 98.183349609375
C02 619.997 98.28978729248047
C02 624.979 99.33867645263672
C02 650.012 98.85302734375
C02 675.004 99.32186889648438
C02 700.03 98.2639389038086
C02 725.012 98.48902130126953
C02 750.022 98.39282989501953
C02 774.987 98.08824920654297
C02 799.976 97.13765716552734
C02 824.988 95.29902648925781
C02 850.022 93.41715240478516
C02 869.967 90.18732452392578
C02 875.002 89.3150863647461
C02 899.999 82.33995056152344
C02 919.999 73.13130950927734
C02 925.012 70.72071838378906
C02 949.965 57.3336181640625
C02 975.002 42.54578399658203
C02 999.976 25.660175323486328
C02 1025.028 10.976015090942383
C02 1050.014 3.8219685554504395
C02 1075.002 0.9373848792018521
C02 1099.99 0.09300646655661679
C03 319.994 41.47679901123047
C03 324.969 46.867454528808594
C03 349.982 69.03984832763672
C03 374.975 73.57618713378906
C03 400.019 82.283203125
C03 424.965 84.82076263427734
C03 450.035 87.03377532958984
C03 475.003 90.05343627929688
C03 500.018 92.0657730102539
C03 525.002 94.11473846435547
C03 550.029 96.87030029296875
C03 575.023 97.9927978515625
C03 599.982 98.39095306396484
C03 619.997 98.49664306640625
C03 624.979 99.54644775390625
C03 650.012 99.06438446044922
C03 675.004 99.53595733642578
C03 700.03 98.47052001953125
C03 725.012 98.69233703613281
C03 750.022 98.58525848388672
C03 774.987 98.27265930175781
C03 799.976 97.31547546386719
C03 824.988 95.47163391113281
C03 850.022 93.58322143554688
C03 869.967 90.30887603759766
C03 875.002 89.4271240234375
C03 899.999 82.50338745117188
C03 919.999 73.27103424072266
C03 925.012 70.8254165649414
C03 949.965 57.34028244018555
C03 975.002 42.545677185058594
C03 999.976 25.711328506469727
C03 1025.028 11.013051986694336
C03 1050.014 3.8293514251708984
C03 1075.002 0.9392182484325893
C03 1099.99 0.09318837176740882
C04 319.994 41.66117858886719
C04 324.969 47.08171081542969
C04 349.982 69.48251342773438
C04 374.975 74.04837036132812
C04 400.019 82.55744171142578
C04 424.965 84.9780044555664
C04 450.035 87.12540435791016
C04 475.003 90.11103820800781
C04 500.018 92.09666442871094
C04 525.002 94.13272094726562
C04 550.029 96.88441467285156
C04 575.023 98.00341796875
C04 599.982 98.40287017822266
C04 619.997 98.51397705078125
C04 624.979 99.5610122680664
C04 650.012 99.08293914794922
C04 675.004 99.5577163696289
C04 700.03 98.48751831054688
C04 725.012 98.69213104248047
C04 750.022 98.5606460571289
C04 774.987 98.2215576171875
C04 799.976 97.25824737548828
C04 824.988 95.39940643310547
C04 850.022 93.543701171875
C04 869.967 90.23285675048828
C04 875.002 89.32713317871094
C04 899.999 82.43952941894531
C04 919.999 73.38131713867188
C04 925.012 70.90653991699219
C04 949.965 57.1635856628418
C04 975.002 42.401145935058594
C04 999.976 25.70570945739746
C04 1025.028 11.044453620910645
C04 1050.014 3.835665702819824
C04 1075.002 0.938984018248452
C04 1099.99 0.09316513166372159
C05 319.994 41.872154235839844
C05 324.969 47.32337951660156
C05 349.982 69.88396453857422
C05 374.975 74.41593170166016
C05 400.019 82.73834228515625
C05 424.965 85.06143188476562
C05 450.035 87.1534194946289
C05 475.003 90.10769653320312
C05 500.018 92.07156372070312
C05 525.002 94.09881591796875
C05 550.029 96.83904266357422
C05 575.023 97.9503173828125
C05 599.982 98.35588836669922
C05 619.997 98.4583511352539
C05 624.979 99.50940704345703
C05 650.012 99.02861785888672
C05 675.004 99.50476837158203
C05 700.03 98.42386627197266
C05 725.012 98.60200500488281
C05 750.022 98.4388427734375
C05 774.987 98.0621109008789
C05 799.976 97.08806610107422
C05 824.988 95.22489929199219
C05 850.022 93.35494232177734
C05 869.967 90.04118347167969
C05 875.002 89.13491821289062
C05 899.999 82.22463989257812
C05 919.999 73.25650024414062
C05 925.012 70.76876068115234
C05 949.965 56.939247131347656
C05 975.002 42.13656234741211
C05 999.976 25.553251266479492
C05 1025.028 11.018199920654297
C05 1050.014 3.829728841781616
C05 1075.002 0.9378239245842436
C05 1099.99 0.09305002823611497
C06 319.994 41.982826232910156
C06 324.969 47.45090103149414
C06 349.982 70.1447525024414
C06 374.975 74.6982421875
C06 400.019 82.91791534423828
C06 424.965 85.17265319824219
C06 450.035 87.22818756103516
C06 475.003 90.16053009033203
C06 500.018 92.11222839355469
C06 525.002 94.12980651855469
C06 550.029 96.86783599853516
C06 575.023 97.9820556640625
C06 599.982 98.38111877441406
C06 619.997 98.48978424072266
C06 624.979 99.53868865966797
C06 650.012 99.0604476928711
C06 675.004 99.53425598144531
C06 700.03 98.45022583007812
C06 725.012 98.60157775878906
C06 750.022 98.4062271118164
C06 774.987 97.9970474243164
C06 799.976 97.00328826904297
C06 824.988 95.12115478515625
C06 850.022 93.22991180419922
C06 869.967 89.89990234375
C06 875.002 88.98370361328125
C06 899.999 82.02352142333984
C06 919.999 73.12731170654297
C06 925.012 70.67398071289062
C06 949.965 56.757530212402344
C06 975.002 41.920772552490234
C06 999.976 25.41628074645996
C06 1025.028 10.958271026611328
C06 1050.014 3.825023651123047
C06 1075.002 0.9375135047437877
C06 1099.99 0.09301922866472179
C07 319.994 42.3593635559082
C07 324.969 47.88599395751953
C07 349.982 70.80097198486328
C07 374.975 75.30126953125
C07 400.019 83.41780853271484
C07 424.965 85.61567687988281
C07 450.035 87.65298461914062
C07 475.003 90.5822982788086
C07 500.018 92.53325653076172
C07 525.002 94.55412292480469
C07 550.029 97.2997055053711
C07 575.023 98.41775512695312
C07 599.982 98.8115005493164
C07 619.997 98.91989135742188
C07 624.979 99.97210693359375
C07 650.012 99.4878921508789
C07 675.004 99.96170806884766
C07 700.03 98.86205291748047
C07 725.012 98.99183654785156
C07 750.022 98.76575469970703
C07 774.987 98.32024383544922
C07 799.976 97.303955078125
C07 824.988 95.40392303466797
C07 850.022 93.4588851928711
C07 869.967 90.14212799072266
C07 875.002 89.2186508178711
C07 899.999 82.20915985107422
C07 919.999 73.19930267333984
C07 925.012 70.81319427490234
C07 949.965 56.788204193115234
C07 975.002 41.83808898925781
C07 999.976 25.35349464416504
C07 1025.028 11.012456893920898
C07 1050.014 3.842556953430176
C07 1075.002 0.9409390039470321
C07 1099.99 0.09335910354872624
C10 319.994 39.12676239013672
C10 324.969 44.18351364135742
C10 349.982 64.7337646484375
C10 374.975 69.5581283569336
C10 400.019 79.83439636230469
C10 424.965 83.26831817626953
C10 450.035 85.95609283447266
C10 475.003 89.2578125
C10 500.018 91.44404602050781
C10 525.002 93.60493469238281
C10 550.029 96.4214859008789
C10 575.023 97.58092498779297
C10 599.982 98.0013427734375
C10 619.997 98.12364196777344
C10 624.979 99.1705093383789
C10 650.012 98.69893646240234
C10 675.004 99.17603302001953
C10 700.03 98.14649200439453
C10 725.012 98.43415069580078
C10 750.022 98.42796325683594
C10 774.987 98.21805572509766
C10 799.976 97.32412719726562
C10 824.988 95.4946060180664
C10 850.022 93.75736236572266
C10 869.967 90.61402893066406
C10 875.002 89.76412200927734
C10 899.999 82.79182434082031
C10 919.999 73.64795684814453
C10 925.012 71.2720947265625
C10 949.965 57.62112045288086
C10 975.002 43.01273727416992
C10 999.976 25.899986267089844
C10 1025.028 11.238056182861328
C10 1050.014 3.9118049144744873
C10 1075.002 0.9377184691730136
C10 1099.99 0.09303956504709263
C11 319.994 39.651180267333984
C11 324.969 44.781131744384766
C11 349.982 65.68079376220703
C11 374.975 70.4469985961914
C11 400.019 80.36322784423828
C11 424.965 83.592529296875
C11 450.035 86.17060852050781
C11 475.003 89.40270233154297
C11 500.018 91.54627990722656
C11 525.002 93.68132781982422
C11 550.029 96.48236846923828
C11 575.023 97.63453674316406
C11 599.982 98.04828643798828
C11 619.997 98.1688461303711
C11 624.979 99.21825408935547
C11 650.012 98.74591827392578
C11 675.004 99.22574615478516
C11 700.03 98.21417236328125
C11 725.012 98.57075500488281
C11 750.022 98.65186309814453
C11 774.987 98.52436828613281
C11 799.976 97.65982818603516
C11 824.988 95.80602264404297
C11 850.022 94.06230163574219
C11 869.967 90.90528106689453
C11 875.002 90.02000427246094
C11 899.999 82.86921691894531
C11 919.999 73.71841430664062
C11 925.012 71.30435180664062
C11 949.965 57.7876091003418
C11 975.002 42.94448471069336
C11 999.976 25.895992279052734
C11 1025.028 11.160029411315918
C11 1050.014 3.9063611030578613
C11 1075.002 0.9398514505354874
C11 1099.99 0.09325119749834757
C12 319.994 40.08926773071289
C12 324.969 45.27854919433594
C12 349.982 66.4814453125
C12 374.975 71.21439361572266
C12 400.019 80.8828353881836
C12 424.965 83.96586608886719
C12 450.035 86.46208190917969
C12 475.003 89.65255737304688
C12 500.018 91.76549530029297
C12 525.002 93.88426208496094
C12 550.029 96.67925262451172
C12 575.023 97.82604217529297
C12 599.982 98.2357177734375
C12 619.997 98.35453033447266
C12 624.979 99.40079498291016
C12 650.012 98.9273681640625
C12 675.004 99.41316986083984
C12 700.03 98.41223907470703
C12 725.012 98.8009262084961
C12 750.022 98.91998291015625
C12 774.987 98.8310775756836
C12 799.976 97.9786605834961
C12 824.988 96.10994720458984
C12 850.022 94.32923126220703
C12 869.967 91.19189453125
C12 875.002 90.29573059082031
C12 899.999 82.97874450683594
C12 919.999 73.71827697753906
C12 925.012 71.29707336425781
C12 949.965 57.98516845703125
C12 975.002 42.97811508178711
C12 999.976 25.91221809387207
C12 1025.028 11.124946594238281
C12 1050.014 3.896271228790283
C12 1075.002 0.9424058143391584
C12 1099.99 0.093504639128302
C13 319.994 40.23900604248047
C13 324.969 45.45071029663086
C13 349.982 66.79210662841797
C13 374.975 71.51983642578125
C13 400.019 81.01028442382812
C13 424.965 83.97982788085938
C13 450.035 86.4184799194336
C13 475.003 89.56657409667969
C13 500.018 91.65631103515625
C13 525.002 93.75341033935547
C13 550.029 96.53626251220703
C13 575.023 97.67755889892578
C13 599.982 98.08843231201172
C13 619.997 98.20223999023438
C13 624.979 99.25183868408203
C13 650.012 98.77587890625
C13 675.004 99.2615737915039
C13 700.03 98.2597427368164
C13 725.012 98.65892028808594
C13 750.022 98.77993774414062
C13 774.987 98.70230102539062
C13 799.976 97.85182189941406
C13 824.988 95.9825210571289
C13 850.022 94.17549133300781
C13 869.967 91.01994323730469
C13 875.002 90.12539672851562
C13 899.999 82.87173461914062
C13 919.999 73.45995330810547
C13 925.012 71.008544921875
C13 949.965 57.820892333984375
C13 975.002 42.88926696777344
C13 999.976 25.87438201904297
C13 1025.028 11.096789360046387
C13 1050.014 3.8798975944519043
C13 1075.002 0.9410716109073536
C13 1099.99 0.09337226068950584
C14 319.994 40.58293151855469
C14 324.969 45.84536361694336
C14 349.982 67.43538665771484
C14 374.975 72.15757751464844
C14 400.019 81.45527648925781
C14 424.965 84.31287384033203
C14 450.035 86.68653869628906
C14 475.003 89.8022232055664
C14 500.018 91.87309265136719
C14 525.002 93.96443176269531
C14 550.029 96.7389907836914
C14 575.023 97.87664031982422
C14 599.982 98.28240966796875
C14 619.997 98.39899444580078
C14 624.979 99.45237731933594
C14 650.012 98.97785949707031
C14 675.004 99.46296691894531
C14 700.03 98.45606231689453
C14 725.012 98.84716796875
C14 750.022 98.96562957763672
C14 774.987 98.87850189208984
C14 799.976 98.01351928710938
C14 824.988 96.14440155029297
C14 850.022 94.30563354492188
C14 869.967 91.12256622314453
C14 875.002 90.22782897949219
C14 899.999 83.07889556884766
C14 919.999 73.45370483398438
C14 925.012 70.94732666015625
C14 949.965 57.79955291748047
C14 975.002 42.930397033691406
C14 999.976 25.938730239868164
C14 1025.028 11.123245239257812
C14 1050.014 3.881525754928589
C14 1075.002 0.9428406879067924
C14 1099.99 0.09354778688417252
C15 319.994 40.86154556274414
C15 324.969 46.159332275390625
C15 349.982 67.95464324951172
C15 374.975 72.66203308105469
C15 400.019 81.7463150024414
C15 424.965 84.47830200195312
C15 450.035 86.7862319946289
C15 475.003 89.86203002929688
C15 500.018 91.90660095214844
C15 525.002 93.97573852539062
C15 550.029 96.74474334716797
C15 575.023 97.87523651123047
C15 599.982 98.2787857055664
C15 619.997 98.39244079589844
C15 624.979 99.44297790527344
C15 650.012 98.96876525878906
C15 675.004 99.44682312011719
C15 700.03 98.44244384765625
C15 725.012 98.81659698486328
C15 750.022 98.91535949707031
C15 774.987 98.81575012207031
C15 799.976 97.94449615478516
C15 824.988 96.07167053222656
C15 850.022 94.2244873046875
C15 869.967 91.025390625
C15 875.002 90.12828826904297
C15 899.999 82.96549987792969
C15 919.999 73.39161682128906
C15 925.012 70.90747833251953
C15 949.965 57.69969177246094
C15 975.002 42.842830657958984
C15 999.976 25.882776260375977
C15 1025.028 11.105714797973633
C15 1050.014 3.8815245628356934
C15 1075.002 0.942361767566194
C15 1099.99 0.09350026884795341
C16 319.994 40.974395751953125
C16 324.969 46.29473876953125
C16 349.982 68.17252349853516
C16 374.975 72.85150146484375
C16 400.019 81.86384582519531
C16 424.965 84.54862976074219
C16 450.035 86.82752227783203
C16 475.003 89.8888168334961
C16 500.018 91.9234848022461
C16 525.002 93.987548828125
C16 550.029 96.75459289550781
C16 575.023 97.88179779052734
C16 599.982 98.28803253173828
C16 619.997 98.39830017089844
C16 624.979 99.44670104980469
C16 650.012 98.97248077392578
C16 675.004 99.4526138305664
C16 700.03 98.43769836425781
C16 725.012 98.80029296875
C16 750.022 98.88469696044922
C16 774.987 98.76587677001953
C16 799.976 97.88644409179688
C16 824.988 96.00826263427734
C16 850.022 94.169677734375
C16 869.967 90.96138000488281
C16 875.002 90.01329040527344
C16 899.999 82.96780395507812
C16 919.999 73.2977066040039
C16 925.012 70.94084930419922
C16 949.965 57.61104965209961
C16 975.002 42.767887115478516
C16 999.976 25.95093536376953
C16 1025.028 11.136302947998047
C16 1050.014 3.886636972427368
C16 1075.002 0.9420696472611628
C16 1099.99 0.09347128493965363
C17 319.994 41.323524475097656
C17 324.969 46.695037841796875
C17 349.982 68.81417846679688
C17 374.975 73.4335708618164
C17 400.019 82.25892639160156
C17 424.965 84.8428955078125
C17 450.035 87.0716323852539
C17 475.003 90.10890197753906
C17 500.018 92.13056945800781
C17 525.002 94.18968200683594
C17 550.029 96.95349884033203
C17 575.023 98.08204650878906
C17 599.982 98.48348236083984
C17 619.997 98.59312438964844
C17 624.979 99.64364624023438
C17 650.012 99.16429138183594
C17 675.004 99.64275360107422
C17 700.03 98.62031555175781
C17 725.012 98.97127532958984
C17 750.022 99.03999328613281
C17 774.987 98.90116119384766
C17 799.976 98.00899505615234
C17 824.988 96.1224594116211
C17 850.022 94.27301788330078
C17 869.967 91.04349517822266
C17 875.002 90.14778900146484
C17 899.999 83.01824188232422
C17 919.999 73.50277709960938
C17 925.012 71.02179718017578
C17 949.965 57.53759765625
C17 975.002 42.68190002441406
C17 999.976 25.868526458740234
C17 1025.028 11.181219100952148
C17 1050.014 3.915647029876709
C17 1075.002 0.9435491479078248
C17 1099.99 0.09361807963462612
