lsstCam/transmission_filter_detector/r33_s11/u_24/19700101T000000.ecsv
# %ECSV 1.0
# ---
# datatype:
# - {name: wavelength, unit: nm, datatype: float32}
# - {name: efficiency, unit: '%', datatype: float64}
# meta: !!omap
# - {MODE: DETECTOR}
# - {TYPE: transmission_filter_detector}
# - {CALIBDATE: '1970-01-01T00:00:00'}
# - {INSTRUME: LSSTCam}
# - {OBSTYPE: transmission_filter_detector}
# - {CALIBCLS: lsst.ip.isr.IntermediateFilterDetectorTransmissionCurve}
# - {SOURCE: Materion (DM-46256)}
# - {DETECTOR: 148}
# - {FILTER: u_24}
# - {CALIB_ID: 'calibDate=1970-01-01T00:00:00 filter=u_24 detector=148'}
# - {DATE: '2025-04-02T15:59:40.435835'}
# - {CALIB_CREATION_DATE: '2025-04-02'}
# - {CALIB_CREATION_TIME: '15:59:40'}
# - __serialized_columns__:
#     efficiency:
#       __class__: astropy.units.quantity.Quantity
#       unit: !astropy.units.Unit {unit: '%'}
#       value: !astropy.table.SerializedColumn {name: efficiency}
#     wavelength:
#       __class__: astropy.units.quantity.Quantity
#       unit: !astropy.units.Unit {unit: nm}
#       value: !astropy.table.SerializedColumn {name: wavelength}
# schema: astropy-2.0
wavelength efficiency
295.0 1.5954307102869492e-10
296.0 1.5954307102869492e-10
297.0 1.5954307102869492e-10
298.0 1.5954307102869492e-10
299.0 1.5954307102869492e-10
300.0 1.5954307102869492e-10
301.0 0.060675450367853045
302.0 1.5954307102869492e-10
303.0 1.5954307102869492e-10
304.0 0.4646171350032091
305.0 0.5080304574221373
306.0 1.6142746433615685
307.0 2.8304988518357277
308.0 5.050692707300186
309.0 8.084342628717422
310.0 11.375047266483307
311.0 14.950796961784363
312.0 18.741367757320404
313.0 21.911072731018066
314.0 24.997225403785706
315.0 27.558866143226624
316.0 29.633060097694397
317.0 32.11173415184021
318.0 34.7482293844223
319.0 38.21535408496857
320.0 43.41026842594147
321.0 48.66897165775299
322.0 54.69995141029358
323.0 60.24336218833923
324.0 64.96269106864929
325.0 68.41238141059875
326.0 70.80050110816956
327.0 72.74054884910583
328.0 74.54215884208679
329.0 75.88536143302917
330.0 77.34253406524658
331.0 78.24241518974304
332.0 78.58514189720154
333.0 78.64156365394592
334.0 78.5670816898346
335.0 78.69289517402649
336.0 78.85160446166992
337.0 79.31986451148987
338.0 80.10821342468262
339.0 80.84537386894226
340.0 81.2734842300415
341.0 81.69553875923157
342.0 82.03284740447998
343.0 82.01978206634521
344.0 82.16928243637085
345.0 82.57510662078857
346.0 82.81029462814331
347.0 83.09818506240845
348.0 83.43207836151123
349.0 83.6602509021759
350.0 83.71066451072693
351.0 83.92646312713623
352.0 83.68011116981506
353.0 83.816659450531
354.0 83.59032869338989
355.0 83.89811515808105
356.0 83.99071097373962
357.0 83.93362760543823
358.0 83.59081149101257
359.0 83.41295719146729
360.0 83.33569765090942
361.0 83.08102488517761
362.0 82.87332653999329
363.0 83.05544853210449
364.0 83.17766189575195
365.0 83.39625597000122
366.0 83.56860280036926
367.0 83.69150757789612
368.0 83.62399935722351
369.0 83.60815048217773
370.0 83.34991335868835
371.0 83.1356406211853
372.0 83.13940763473511
373.0 83.27808976173401
374.0 83.29781889915466
375.0 83.60581994056702
376.0 83.64385962486267
377.0 83.72519016265869
378.0 83.809494972229
379.0 83.55963230133057
380.0 82.94783234596252
381.0 81.69084191322327
382.0 79.93892431259155
383.0 77.99849510192871
384.0 75.90128779411316
385.0 73.56593608856201
386.0 71.17220163345337
387.0 67.93364882469177
388.0 64.73535299301147
389.0 60.85503697395325
390.0 56.862419843673706
391.0 52.64173150062561
392.0 48.14958572387695
393.0 44.30500864982605
394.0 41.00050926208496
395.0 37.67348229885101
396.0 34.25877094268799
397.0 29.7453373670578
398.0 24.477538466453552
399.0 17.884570360183716
400.0 11.649638414382935
401.0 6.688925623893738
402.0 3.0605338513851166
403.0 1.0424859821796417
404.0 0.32138864044100046
405.0 0.14282033080235124
406.0 0.052398693514987826
407.0 0.025794270914047956
408.0 0.015983745106495917
409.0 0.01181294719572179
410.0 1.5954307102869492e-10
411.0 1.5954307102869492e-10
412.0 1.5954307102869492e-10
413.0 1.5954307102869492e-10
414.0 1.5954307102869492e-10
415.0 1.5954307102869492e-10
416.0 1.5954307102869492e-10
417.0 1.5954307102869492e-10
418.0 1.5954307102869492e-10
419.0 1.5954307102869492e-10
420.0 1.5954307102869492e-10
421.0 1.5954307102869492e-10
422.0 1.5954307102869492e-10
423.0 1.5954307102869492e-10
424.0 1.5954307102869492e-10
425.0 1.5954307102869492e-10
426.0 0.0030588460504077375
427.0 0.0016414480342064053
428.0 0.00022405024537874851
429.0 0.00017121121800300898
430.0 0.00011837233842015848
431.0 1.5954307102869492e-10
432.0 1.5954307102869492e-10
433.0 1.5954307102869492e-10
434.0 1.5954307102869492e-10
435.0 1.5954307102869492e-10
436.0 1.5954307102869492e-10
437.0 1.5954307102869492e-10
438.0 1.5954307102869492e-10
439.0 1.5954307102869492e-10
440.0 1.5954307102869492e-10
441.0 1.5954307102869492e-10
442.0 1.5954307102869492e-10
443.0 1.5954307102869492e-10
444.0 1.5954307102869492e-10
445.0 1.5954307102869492e-10
446.0 1.5954307102869492e-10
447.0 1.5954307102869492e-10
448.0 1.5954307102869492e-10
449.0 1.5954307102869492e-10
450.0 1.5954307102869492e-10
451.0 1.5954307102869492e-10
452.0 0.0009131233127845917
453.0 0.00019694859929586528
454.0 1.5954307102869492e-10
455.0 1.5954307102869492e-10
456.0 1.5954307102869492e-10
457.0 1.5954307102869492e-10
458.0 1.5954307102869492e-10
459.0 1.5954307102869492e-10
460.0 1.5954307102869492e-10
461.0 1.5954307102869492e-10
462.0 0.0004158521733188536
463.0 0.0003204921313226805
464.0 0.00022513240764965303
465.0 1.5954307102869492e-10
466.0 1.5954307102869492e-10
467.0 1.5954307102869492e-10
468.0 1.5954307102869492e-10
469.0 1.5954307102869492e-10
470.0 1.5954307102869492e-10
471.0 1.5954307102869492e-10
472.0 0.0001728073243612016
473.0 1.5954307102869492e-10
474.0 1.5954307102869492e-10
475.0 1.5954307102869492e-10
476.0 1.5954307102869492e-10
477.0 1.5954307102869492e-10
478.0 1.5954307102869492e-10
479.0 1.5954307102869492e-10
480.0 3.593014241687342e-05
481.0 1.5954307102869492e-10
482.0 1.5954307102869492e-10
483.0 0.00018180949155066628
484.0 0.0007612839453940978
485.0 0.00022225738121051108
486.0 1.5954307102869492e-10
487.0 1.5954307102869492e-10
488.0 1.5954307102869492e-10
489.0 1.5954307102869492e-10
490.0 1.5954307102869492e-10
491.0 1.5954307102869492e-10
492.0 1.5954307102869492e-10
493.0 1.5954307102869492e-10
494.0 1.5954307102869492e-10
495.0 1.5954307102869492e-10
496.0 1.5954307102869492e-10
497.0 1.5954307102869492e-10
498.0 1.5954307102869492e-10
499.0 1.5954307102869492e-10
500.0 1.5954307102869492e-10
501.0 1.5954307102869492e-10
502.0 1.5954307102869492e-10
503.0 1.5954307102869492e-10
504.0 0.00015861021438468015
505.0 1.0931863414498366e-06
506.0 1.5954307102869492e-10
507.0 3.478713779259124e-05
508.0 0.00022599815565627068
509.0 1.5954307102869492e-10
510.0 1.5954307102869492e-10
511.0 1.5954307102869492e-10
512.0 1.5954307102869492e-10
513.0 1.5954307102869492e-10
514.0 1.5954307102869492e-10
515.0 1.5954307102869492e-10
516.0 1.5954307102869492e-10
517.0 1.5954307102869492e-10
518.0 1.5954307102869492e-10
519.0 1.5954307102869492e-10
520.0 1.5954307102869492e-10
521.0 1.5954307102869492e-10
522.0 1.5954307102869492e-10
523.0 1.5954307102869492e-10
524.0 1.5954307102869492e-10
525.0 1.5954307102869492e-10
526.0 1.5954307102869492e-10
527.0 1.5954307102869492e-10
528.0 1.5954307102869492e-10
529.0 1.154679338810638e-05
530.0 0.00028234785531822126
531.0 1.5954307102869492e-10
532.0 1.5954307102869492e-10
533.0 1.5954307102869492e-10
534.0 0.00028851040951849427
535.0 2.8537931484606816e-05
536.0 1.5954307102869492e-10
537.0 1.5954307102869492e-10
538.0 1.5954307102869492e-10
539.0 1.5954307102869492e-10
540.0 1.5954307102869492e-10
541.0 1.5954307102869492e-10
542.0 1.5954307102869492e-10
543.0 1.5954307102869492e-10
544.0 1.5954307102869492e-10
545.0 0.00026958107355312677
546.0 0.0005641649750032229
547.0 0.00020642983145080507
548.0 1.5954307102869492e-10
549.0 1.5954307102869492e-10
550.0 1.5954307102869492e-10
551.0 1.6802809454929957e-05
552.0 0.0001897411493700929
553.0 1.5954307102869492e-10
554.0 1.5954307102869492e-10
555.0 1.5954307102869492e-10
556.0 0.00016137555576278828
557.0 1.5954307102869492e-10
558.0 1.5954307102869492e-10
559.0 1.5954307102869492e-10
560.0 1.5954307102869492e-10
561.0 1.5954307102869492e-10
562.0 1.5954307102869492e-10
563.0 1.5954307102869492e-10
564.0 8.595658869126055e-05
565.0 1.5954307102869492e-10
566.0 1.5954307102869492e-10
567.0 1.5954307102869492e-10
568.0 1.5954307102869492e-10
569.0 3.704039102103707e-05
570.0 0.00016105065014926367
571.0 0.00011799107824117527
572.0 7.493150633308687e-05
573.0 9.163385925603507e-05
574.0 0.00010833621217898326
575.0 0.0001461450096940098
576.0 0.00018395384131508763
577.0 0.000203072795557091
578.0 0.00022219173843041062
579.0 0.0004901203283225186
580.0 0.0007580489182146266
581.0 0.0009815307748795021
582.0 0.0012050125405949075
583.0 0.0013577013305621222
584.0 0.0015103897567314561
585.0 0.0013829340787196998
586.0 0.0012554785826068837
587.0 0.0008111759598250501
588.0 0.0003668734507300542
589.0 0.0006818186648160918
590.0 0.0009967638106900267
591.0 0.0009207622497342527
592.0 0.0008447607797279488
593.0 0.0007622214980074205
594.0 0.0006796822617616272
595.0 0.0007695699423493352
596.0 0.0008594577593612485
597.0 0.0009885578947432805
598.0 0.001117657757276902
599.0 0.001460847670387011
600.0 0.0018040373106487095
601.0 0.0021286963601596653
602.0 0.002453355409670621
603.0 0.0022894892026670277
604.0 0.002125623359461315
605.0 0.0018135895516024902
606.0 0.001501556016592076
607.0 0.0011862028259201907
608.0 0.0008708494533493649
609.0 0.0007206637747003697
610.0 0.0005704779141524341
611.0 0.0005674372005159967
612.0 0.0005643964868795592
613.0 0.0005462577973958105
614.0 0.0005281191079120617
615.0 0.00048114952733158134
616.0 0.0004341798103268957
617.0 0.000555023507331498
618.0 0.0006758671133866301
619.0 0.0006857898824819131
620.0 0.0006957124696782557
621.0 0.0006303430836851476
622.0 0.0005649736067425692
623.0 0.0005238257472228725
624.0 0.0004826777967537055
625.0 0.0006287340056587709
626.0 0.0007747903509880416
627.0 0.0007581457339256303
628.0 0.0007415012987621594
629.0 0.0009485268492426258
630.0 0.001155552308773622
631.0 0.0014386512702913024
632.0 0.0017217504137079231
633.0 0.0022623273252975196
634.0 0.002802904236887116
635.0 0.002835782834154088
636.0 0.00286866143142106
637.0 0.0024150720491888933
638.0 0.001961482848855667
639.0 0.0017643960745772347
640.0 0.0015673098459956236
641.0 0.0015817069652257487
642.0 0.0015961039025569335
643.0 0.0012268214049981907
644.0 0.0008575389983889181
645.0 0.00035888444926968077
646.0 1.5954307102869492e-10
647.0 1.5954307102869492e-10
648.0 0.00011974631206612685
649.0 5.273383294479572e-05
650.0 1.5954307102869492e-10
651.0 0.0004388416073197732
652.0 0.0008919619176595006
653.0 0.0009914015208778437
654.0 0.0010908413059951272
655.0 0.0013786037015961483
656.0 0.0016663661881466396
657.0 0.0020920104361721314
658.0 0.0025176548660965636
659.0 0.0030131719540804625
660.0 0.0035086890420643613
661.0 0.0033336065826006234
662.0 0.0031585237593390048
663.0 0.0028045235012541525
664.0 0.00245052306127036
665.0 0.001964244802366011
666.0 0.0014779665434616618
667.0 0.0014656124221801292
668.0 0.0014532583008985966
669.0 0.001193841399071971
670.0 0.0009344244972453453
671.0 0.0007147297765186522
672.0 0.000495034964842489
673.0 0.0005325915935827652
674.0 0.0005701483587472467
675.0 0.0008029677701415494
676.0 0.0010357869541621767
677.0 0.0012907345990242902
678.0 0.0015456822438864037
679.0 0.001962646456377115
680.0 0.002379610850766767
681.0 0.0034703760320553556
682.0 0.004561140303849243
683.0 0.00604714805376716
684.0 0.007533155439887196
685.0 0.008514267392456532
686.0 0.009495379345025867
687.0 0.00859992069308646
688.0 0.007704462041147053
689.0 0.006509026570711285
690.0 0.005313590736477636
691.0 0.004604278365150094
692.0 0.0038949659938225523
693.0 0.0032134073990164325
694.0 0.002531848440412432
695.0 0.002021016553044319
696.0 0.0015101849385246169
697.0 0.0011957600690948311
698.0 0.0008813352906145155
699.0 0.0007365657893387834
700.0 0.000591796197113581
701.0 0.0006433935141103575
702.0 0.0006949907856323989
703.0 0.0004937535777571611
704.0 0.0002925162561950856
705.0 0.0005624554432870355
706.0 0.0008323945621668827
707.0 0.0009137909728451632
708.0 0.0009951873835234437
709.0 0.0009697007044451311
710.0 0.0009442140253668185
711.0 0.0006971881248318823
712.0 0.0004501621333474759
713.0 0.0004899925897916546
714.0 0.0005298230462358333
715.0 0.00047325934247055557
716.0 0.0004166956841800129
717.0 0.0005779892489954364
718.0 0.0007392827683361247
719.0 0.0006704782663291553
720.0 0.000601673809796921
721.0 0.0003763410632018349
722.0 0.00015100828250069753
723.0 0.0002536778310968657
724.0 0.0003563474137990852
725.0 0.00018080239669870934
726.0 5.257331991970204e-06
727.0 0.00012744177411150304
728.0 0.00024962614588730503
729.0 0.000332296031047008
730.0 0.00041496596168144606
731.0 0.0004163160610914929
732.0 0.000417666296925745
733.0 0.00047642365643696394
734.0 0.0005351811523723882
735.0 0.00044918656385561917
736.0 0.00036319202081358526
737.0 0.0004133557467866922
738.0 0.000463519427285064
739.0 0.0005815210897708312
740.0 0.0006995227522565983
741.0 0.0011012009053956717
742.0 0.0015028790585347451
743.0 0.0019572094970499165
744.0 0.0024115397536661476
745.0 0.003017722519871313
746.0 0.0036239052860764787
747.0 0.00364409206667915
748.0 0.003664278847281821
749.0 0.003667627606773749
750.0 0.0036709767300635576
751.0 0.0032626518077449873
752.0 0.0028543265216285363
753.0 0.0027677979232976213
754.0 0.002681269143067766
755.0 0.0025224631826858968
756.0 0.0023636575861019082
757.0 0.002215551467088517
758.0 0.0020674453480751254
759.0 0.0016538757336093113
760.0 0.0012403062100929674
761.0 0.000998108498606598
762.0 0.0007559109235444339
763.0 0.00063110101109487
764.0 0.0005062912805442465
765.0 0.0003610631438277778
766.0 0.00021583498437394155
767.0 0.00040755976442596875
768.0 0.0005992846126900986
769.0 0.0006602033408853458
770.0 0.0007211221145553282
771.0 0.000785921929491451
772.0 0.0008507218808517791
773.0 0.0008128207809932064
774.0 0.0007749198630335741
775.0 0.0007150648798415205
776.0 0.0006552100330736721
777.0 0.0006219768692972139
778.0 0.0005887437509954907
779.0 0.0007526135050284211
780.0 0.0009164831681118812
781.0 0.0009916479939420242
782.0 0.0010668128197721671
783.0 0.0010065095921163447
784.0 0.0009462060916121118
785.0 0.0011632349924184382
786.0 0.0013802638022752944
787.0 0.0011665147212625016
788.0 0.0009527657311991788
789.0 0.0009648456398281269
790.0 0.0009769254575076047
791.0 0.0007540220394730568
792.0 0.0005311184850143036
793.0 0.0005664574473485118
794.0 0.0006017965461069252
795.0 0.0005188920567888999
796.0 0.00043598752199613955
797.0 0.0003811093392869225
798.0 0.00032623108836560277
799.0 0.00018845097429220914
800.0 5.0670990958678885e-05
801.0 1.5954307102869492e-10
802.0 1.5954307102869492e-10
803.0 1.5954307102869492e-10
804.0 1.5954307102869492e-10
805.0 8.013195724743127e-05
806.0 0.00018931857539428165
807.0 0.00023690677153354045
808.0 0.00028449496767279925
809.0 0.00024529863367206417
810.0 0.000206102254196594
811.0 0.00013168064469937235
812.0 5.725905793951824e-05
813.0 1.5954307102869492e-10
814.0 1.5954307102869492e-10
815.0 0.0001226616859639762
816.0 0.00044482367229647934
817.0 0.0004568719305098057
818.0 0.0004689202341978671
819.0 0.00022196834379428765
820.0 1.5954307102869492e-10
821.0 4.111767992753812e-06
822.0 3.320683106267097e-05
823.0 1.5954307102869492e-10
824.0 1.5954307102869492e-10
825.0 1.5954307102869492e-10
826.0 1.5954307102869492e-10
827.0 1.5954307102869492e-10
828.0 1.5954307102869492e-10
829.0 1.5954307102869492e-10
830.0 1.5954307102869492e-10
831.0 1.5954307102869492e-10
832.0 1.5954307102869492e-10
833.0 1.5954307102869492e-10
834.0 1.5954307102869492e-10
835.0 1.5954307102869492e-10
836.0 1.5954307102869492e-10
837.0 1.5954307102869492e-10
838.0 3.7321970580705965e-05
839.0 1.5954307102869492e-10
840.0 1.5954307102869492e-10
841.0 1.5954307102869492e-10
842.0 1.5954307102869492e-10
843.0 1.5954307102869492e-10
844.0 0.0001087349005501892
845.0 0.00016193007468245924
846.0 0.00021512532839551568
847.0 1.567776024558043e-05
848.0 1.5954307102869492e-10
849.0 7.07588583281904e-05
850.0 0.000325287555824616
851.0 0.00029473480935848784
852.0 0.0002641820856297272
853.0 1.4853272034542897e-05
854.0 1.5954307102869492e-10
855.0 6.159804115668521e-05
856.0 0.0003576715471353964
857.0 0.00046016889427846763
858.0 0.0005626663096336415
859.0 0.0006747476163582178
860.0 0.0007868286957091186
861.0 0.0009305949788540602
862.0 0.0010743609891505912
863.0 0.0012693575627054088
864.0 0.0014643541362602264
865.0 0.001284284098801436
866.0 0.0011042139703931753
867.0 0.0013423531527223531
868.0 0.0015804922441020608
869.0 0.0015130754036363214
870.0 0.0014456586541200522
871.0 0.0015085083759913687
872.0 0.001571358006913215
873.0 0.002285310438310262
