lsstCam/transmission_filter_detector/r33_s11/u_24/19700101T000000.ecsv
# %ECSV 1.0
# ---
# datatype:
# - {name: wavelength, unit: nm, datatype: float32}
# - {name: efficiency, unit: '%', datatype: float64}
# meta: !!omap
# - {MODE: DETECTOR}
# - {TYPE: transmission_filter_detector}
# - {CALIBDATE: '1970-01-01T00:00:00'}
# - {INSTRUME: LSSTCam}
# - {OBSTYPE: transmission_filter_detector}
# - {CALIBCLS: lsst.ip.isr.IntermediateFilterDetectorTransmissionCurve}
# - {SOURCE: Materion (DM-46256)}
# - {DETECTOR: 148}
# - {FILTER: u_24}
# - {CALIB_ID: 'calibDate=1970-01-01T00:00:00 filter=u_24 detector=148'}
# - {DATE: '2025-04-02T15:59:40.435835'}
# - {CALIB_CREATION_DATE: '2025-04-02'}
# - {CALIB_CREATION_TIME: '15:59:40'}
# - __serialized_columns__:
#     efficiency:
#       __class__: astropy.units.quantity.Quantity
#       unit: !astropy.units.Unit {unit: '%'}
#       value: !astropy.table.SerializedColumn {name: efficiency}
#     wavelength:
#       __class__: astropy.units.quantity.Quantity
#       unit: !astropy.units.Unit {unit: nm}
#       value: !astropy.table.SerializedColumn {name: wavelength}
# schema: astropy-2.0
wavelength efficiency
[from data line 580]
875.0 0.002739873161772266
876.0 0.0024804834538372234
877.0 0.002681755358935334
878.0 0.0028830278097302653
879.0 0.002887080336222425
880.0 0.0028911330446135253
881.0 0.0028446984288166277
882.0 0.0027982634492218494
883.0 0.0027226467864238657
884.0 0.0026470297598280013
885.0 0.0025589752112864517
886.0 0.0024709208446438424
887.0 0.002217001383542083
888.0 0.0019630815586424433
889.0 0.0022714692022418603
890.0 0.002579857209639158
891.0 0.00272253619186813
892.0 0.002865215537894983
893.0 0.0030270482966443524
894.0 0.0031888808734947816
895.0 0.003346127414260991
896.0 0.0035033739550272003
897.0 0.003604040466598235
898.0 0.0037047062505735084
899.0 0.0037757657992187887
900.0 0.0038468257116619498
901.0 0.004011018245364539
902.0 0.00417521114286501
903.0 0.004235310188960284
904.0 0.004295409235055558
905.0 0.004825078212888911
906.0 0.005354746463126503
907.0 0.005416681960923597
908.0 0.005478617822518572
909.0 0.005603249519481324
910.0 0.005727881216444075
911.0 0.00568868599657435
912.0 0.005649491140502505
913.0 0.005362197771319188
914.0 0.005074904038337991
915.0 0.004797623478225432
916.0 0.004520342918112874
917.0 0.0043685817217919976
918.0 0.004216820525471121
919.0 0.004331128002377227
920.0 0.004445435479283333
921.0 0.004589476884575561
922.0 0.004733517926069908
923.0 0.0052075185521971434
924.0 0.005681518814526498
925.0 0.006084792039473541
926.0 0.006488064536824822
927.0 0.006712899630656466
928.0 0.006937734724488109
929.0 0.007182778062997386
930.0 0.007427822856698185
931.0 0.007317586278077215
932.0 0.007207350427052006
933.0 0.007479820487787947
934.0 0.007752289820928127
935.0 0.007477088365703821
936.0 0.007201886182883754
937.0 0.006830469646956772
938.0 0.006459053111029789
939.0 0.006331648182822391
940.0 0.006204243254614994
941.0 0.005645041892421432
942.0 0.005085841257823631
943.0 0.004420436744112521
944.0 0.0037550325941992924
945.0 0.003219239806639962
946.0 0.0026834470190806314
947.0 0.00219841931539122
948.0 0.0017133910660049878
949.0 0.0015780900866957381
950.0 0.0014427887435886078
951.0 0.0014488326996797696
952.0 0.0014548765648214612
953.0 0.001601806070539169
954.0 0.001748735667206347
955.0 0.0019706283637788147
956.0 0.0021925206965534016
957.0 0.0023256216081790626
958.0 0.0024587225198047236
959.0 0.0028740776542690583
960.0 0.003289432788733393
961.0 0.003690131416078657
962.0 0.00409082967962604
963.0 0.004229132173350081
964.0 0.004367435030872002
965.0 0.004577668005367741
966.0 0.004787901707459241
967.0 0.004597232327796519
968.0 0.0044065629481337965
969.0 0.00459539151052013
970.0 0.004784220436704345
971.0 0.004668031760957092
972.0 0.004551842721411958
973.0 0.004502338560996577
974.0 0.0044528336729854345
975.0 0.004320891457609832
976.0 0.004188948878436349
977.0 0.0036974721297156066
978.0 0.0032059957447927445
979.0 0.0029591848942800425
980.0 0.0027123740437673405
981.0 0.002782218325592112
982.0 0.0028520627893158235
983.0 0.002751332795014605
984.0 0.0026506033464102075
985.0 0.0028571323127835058
986.0 0.003063661642954685
987.0 0.0033781347156036645
988.0 0.0036926074244547635
989.0 0.0043875079427380115
990.0 0.005082408461021259
991.0 0.005495286677614786
992.0 0.005908165985601954
993.0 0.006542444316437468
994.0 0.00717672155587934
995.0 0.0072389739216305315
996.0 0.007301227014977485
997.0 0.00706989158061333
998.0 0.006838557601440698
999.0 0.006634872261201963
1000.0 0.006431186920963228
1001.0 0.006123376078903675
1002.0 0.005815564509248361
1003.0 0.005684343341272324
1004.0 0.005553122900892049
1005.0 0.005343729571904987
1006.0 0.005134336242917925
1007.0 0.005062578929937445
1008.0 0.0049908223445527256
1009.0 0.0046266475692391396
1010.0 0.0042624727939255536
1011.0 0.0037724712456110865
1012.0 0.0032824696972966194
1013.0 0.0029163262297515757
1014.0 0.0025501825803075917
1015.0 0.002158747156499885
1016.0 0.0017673117326921783
1017.0 0.0015879042621236295
1018.0 0.0014084967006056104
1019.0 0.0013923811820859555
1020.0 0.0013762656635663006
1021.0 0.0013069612577965017
1022.0 0.0012376570339256432
1023.0 0.001312517542828573
1024.0 0.0013873780517315026
1025.0 0.001381320817017695
1026.0 0.0013752635823038872
1027.0 0.001638569483475294
1028.0 0.0019018752936972305
1029.0 0.0018823660866473801
1030.0 0.0018628570614964701
1031.0 0.0018891012587118894
1032.0 0.0019153454559273086
1033.0 0.001921488728839904
1034.0 0.0019276320017524995
1035.0 0.0017000935258693062
1036.0 0.0014725548680871725
1037.0 0.001713170058792457
1038.0 0.001953785067598801
1039.0 0.0018253957023262046
1040.0 0.0016970059732557274
1041.0 0.0018545752027421258
1042.0 0.0020121444322285242
1043.0 0.001927431731019169
1044.0 0.001842719029809814
1045.0 0.0018297967471880838
1046.0 0.001816874100768473
1047.0 0.0018467846530256793
1048.0 0.001876695387181826
1049.0 0.001757152858772315
1050.0 0.0016376103303628042
1051.0 0.001486680775997229
1052.0 0.0013357512216316536
1053.0 0.0012745528692903463
1054.0 0.0012133543350500986
1055.0 0.001263988178834552
1056.0 0.001314621840720065
1057.0 0.0008895526661945041
1058.0 0.0004644836280931486
1059.0 0.0007171790002757916
1060.0 0.0009698743269836996
1061.0 0.000950347566686105
1062.0 0.0009308208063885104
1063.0 0.0006438304808398243
1064.0 0.00035684038266481366
1065.0 0.0009769262760528363
1066.0 0.001597012123966124
1067.0 0.0015761812392156571
1068.0 0.0015553505363641307
1069.0 0.002261900226585567
1070.0 0.0029684500987059437
1071.0 0.0028846592613263056
1072.0 0.0028008684239466675
1073.0 0.0023881602828623727
1074.0 0.001975452141778078
1075.0 0.002397078787907958
1076.0 0.002818705434037838
1077.0 0.0029561191695393063
1078.0 0.003093532723141834
1079.0 0.004100903242942877
1080.0 0.00510827376274392
1081.0 0.005088269972475246
1082.0 0.00506826581840869
1083.0 0.004794877168023959
1084.0 0.004521486698649824
1085.0 0.005260722900857218
1086.0 0.0059999591030646116
1087.0 0.004568563599605113
1088.0 0.0031371684599434957
1089.0 0.004058699778397568
1090.0 0.0049802310968516394
1091.0 0.00497225955768954
1092.0 0.004964288018527441
1093.0 0.004425301085575484
1094.0 0.0038863141526235268
1095.0 0.0038928443245822564
1096.0 0.0038993748603388667
1097.0 0.004435504524735734
1098.0 0.004971634552930482
1099.0 0.0037982732465025038
1100.0 0.0026249119400745258
