lsstCam/transmission_filter_detector/r42_s00/r_57/19700101T000000.ecsv
# %ECSV 1.0
# ---
# datatype:
# - {name: wavelength, unit: nm, datatype: float32}
# - {name: efficiency, unit: '%', datatype: float64}
# meta: !!omap
# - {MODE: DETECTOR}
# - {TYPE: transmission_filter_detector}
# - {CALIBDATE: '1970-01-01T00:00:00'}
# - {INSTRUME: LSSTCam}
# - {OBSTYPE: transmission_filter_detector}
# - {CALIBCLS: lsst.ip.isr.IntermediateFilterDetectorTransmissionCurve}
# - {SOURCE: Materion (DM-46256)}
# - {DETECTOR: 171}
# - {FILTER: r_57}
# - {CALIB_ID: 'calibDate=1970-01-01T00:00:00 filter=r_57 detector=171'}
# - {DATE: '2025-04-02T15:59:44.975636'}
# - {CALIB_CREATION_DATE: '2025-04-02'}
# - {CALIB_CREATION_TIME: '15:59:44'}
# - __serialized_columns__:
#     efficiency:
#       __class__: astropy.units.quantity.Quantity
#       unit: !astropy.units.Unit {unit: '%'}
#       value: !astropy.table.SerializedColumn {name: efficiency}
#     wavelength:
#       __class__: astropy.units.quantity.Quantity
#       unit: !astropy.units.Unit {unit: nm}
#       value: !astropy.table.SerializedColumn {name: wavelength}
# schema: astropy-2.0
wavelength efficiency
300.0 0.0021007466784794815
301.0 0.005088714533485472
302.0 0.008076683297986165
303.0 0.010306311014574021
304.0 0.012535938003566116
305.0 0.011716789595084265
306.0 0.010897640459006652
307.0 0.0095592527941335
308.0 0.008220863674068823
309.0 0.007502266817027703
310.0 0.006783669959986582
311.0 0.0062110011640470475
312.0 0.005638332731905393
313.0 0.005307243554852903
314.0 0.004976154741598293
315.0 0.004643388092517853
316.0 0.004310620715841651
317.0 0.0041704253817442805
318.0 0.004030228956253268
319.0 0.0036648074456024915
320.0 0.003299385934951715
321.0 0.003112442936981097
322.0 0.0029254993933136575
323.0 0.002617928112158552
324.0 0.0023103566491045058
325.0 0.002279713407915551
326.0 0.0022490701667265967
327.0 0.0022841595637146384
328.0 0.00231924896070268
329.0 0.0024666693207109347
330.0 0.0026140907721128315
331.0 0.0025425348212593235
332.0 0.002470979052304756
333.0 0.002195139131799806
334.0 0.001919299211294856
335.0 0.0016488829714944586
336.0 0.0013784668226435315
337.0 0.0012418729056662414
338.0 0.0011052788977394812
339.0 0.0010285401913279202
340.0 0.0009518013030174188
341.0 0.0009442447662877385
342.0 0.0009366881386085879
343.0 0.0009142045200860593
344.0 0.0008917208106140606
345.0 0.0008745127161091659
346.0 0.0008573047125537414
347.0 0.000830909630167298
348.0 0.0008045144568313845
349.0 0.0008277806045953184
350.0 0.004351563620730303
351.0 0.00511923135491088
352.0 0.0058869001804850996
353.0 0.004824828647542745
354.0 0.0037627582059940323
355.0 0.004693617302109487
356.0 0.005624476034427062
357.0 0.005668389349011704
358.0 0.005712304846383631
359.0 0.004227227691444568
360.0 0.002742150900303386
361.0 0.00258847139775753
362.0 0.0024347924409084953
363.0 0.0024702700102352537
364.0 0.0025057477614609525
365.0 0.002878024497476872
366.0 0.0032503012334927917
367.0 0.003058700531255454
368.0 0.0028671000109170564
369.0 0.003537844168022275
370.0 0.004208589234622195
371.0 0.003972976264776662
372.0 0.003737362931133248
373.0 0.0039375288906740025
374.0 0.004137694486416876
375.0 0.0029967655791551806
376.0 0.0018558364899945445
377.0 0.001723500645312015
378.0 0.0015911648006294854
379.0 0.0018859731426346116
380.0 0.0021807813027407974
381.0 0.002961442260129843
382.0 0.0037421028537210077
383.0 0.004018874460598454
384.0 0.004295646431273781
385.0 0.004583999907481484
386.0 0.004872354111284949
387.0 0.004364391134004109
388.0 0.0038564281567232683
389.0 0.0026899486329057254
390.0 0.0015234691090881824
391.0 0.0010379813829786144
392.0 0.0005524937023437815
393.0 0.0009463195056014229
394.0 0.0013401453543337993
395.0 0.0013129010767443106
396.0 0.0012856567082053516
397.0 0.001075608997780364
398.0 0.0008655611964059062
399.0 0.0010743178791017272
400.0 0.0012830751074943691
401.0 0.001242601592821302
402.0 0.0012021281690977048
403.0 0.0011837541933346074
404.0 0.0011653804904199205
405.0 0.001171567873825552
406.0 0.0011777554391301237
407.0 0.0012050883924530353
408.0 0.0012324215276748873
409.0 0.0016864949429873377
410.0 0.002140568358299788
411.0 0.0018831646229955368
412.0 0.001625760705792345
413.0 0.001684910421317909
414.0 0.0017440599549445324
415.0 0.0016474687072332017
416.0 0.0015508776414208114
417.0 0.001534669536340516
418.0 0.0015184615222096909
419.0 0.0022171456294017844
420.0 0.0029158296456444077
421.0 0.004671782153309323
422.0 0.006427733751479536
423.0 0.009376636444358155
424.0 0.012325537682045251
425.0 0.01642012648517266
426.0 0.020514718198683113
427.0 0.020711103570647538
428.0 0.020907491852995008
429.0 0.016752367082517594
430.0 0.012597239401657134
431.0 0.008743037324165925
432.0 0.004888832336291671
433.0 0.004028759940410964
434.0 0.0031686879083281383
435.0 0.002627906360430643
436.0 0.0020871248125331476
437.0 0.0015627671018592082
438.0 0.0010384092092863284
439.0 0.0009700686860014684
440.0 0.0009017283446155488
441.0 0.0011552241630852222
442.0 0.0014087200725043658
443.0 0.001616023109818343
444.0 0.0018233258742839098
445.0 0.0014276251931732986
446.0 0.001031924330163747
447.0 0.0012007642908429261
448.0 0.0013696037058252841
449.0 0.0014464373634837102
450.0 0.0015232707482937258
451.0 0.0014868109246890526
452.0 0.0014503511920338497
453.0 0.0014723087588208728
454.0 0.0014942663256078959
455.0 0.001214445182995405
456.0 0.0009346241313323844
457.0 0.001006795991997933
458.0 0.001078968034562422
459.0 0.0011859704500238877
460.0 0.0012929727745358832
461.0 0.0019507710021571256
462.0 0.0026085694116773084
463.0 0.003443354580667801
464.0 0.004278139749658294
465.0 0.005132986916578375
466.0 0.005987833355902694
467.0 0.006531086546601728
468.0 0.007074341556290165
469.0 0.006114419375080615
470.0 0.005154497921466827
471.0 0.0037150810385355726
472.0 0.002275664155604318
473.0 0.001727198832668364
474.0 0.0011787337825808208
475.0 0.0010489630767551716
476.0 0.000919192643777933
477.0 0.0008661492756800726
478.0 0.0008131059985316824
479.0 0.0007277651093318127
480.0 0.0006424240837077377
481.0 0.000589080946156173
482.0 0.0005357377176551381
483.0 0.0005102302111481549
484.0 0.00048472270464117173
485.0 0.0005884253823751351
486.0 0.0006921278782101581
487.0 0.0006976109943934716
488.0 0.000703094019627315
489.0 0.0008561997674405575
490.0 0.0010093054697790649
491.0 0.0008897550287656486
492.0 0.0007702045877522323
493.0 0.0008587509910285007
494.0 0.0009472972124058288
495.0 0.0009992276318371296
496.0 0.0010511581422179006
497.0 0.0010835590728675015
498.0 0.0011159600944665726
499.0 0.001208079447678756
500.0 0.0013001988008909393
501.0 0.0016267797036562115
502.0 0.001953360697370954
503.0 0.0021764024495496415
504.0 0.0023994440198293887
505.0 0.0028533155273180455
506.0 0.003307186852907762
507.0 0.004134743721806444
508.0 0.004962300226907246
509.0 0.005323952063918114
510.0 0.005685603537131101
511.0 0.005099237750982866
512.0 0.00451287160103675
513.0 0.00381473837478552
514.0 0.0031166051485342905
515.0 0.002970347304653842
516.0 0.002824089278874453
517.0 0.0028048050808138214
518.0 0.0027855208827531897
519.0 0.04626062873285264
520.0 0.09609154076315463
521.0 0.07778102299198508
522.0 0.11146354954689741
523.0 0.10112558957189322
524.0 0.10308744385838509
525.0 0.0751060841139406
526.0 0.03970499965362251
527.0 0.08820827351883054
528.0 0.18198005855083466
529.0 0.0505850650370121
530.0 0.1816675066947937
531.0 0.13450004626065493
532.0 0.20152556244283915
533.0 0.2599598141387105
534.0 0.41147000156342983
535.0 0.43302327394485474
536.0 0.610468303784728
537.0 0.882656779140234
538.0 1.3979814946651459
539.0 2.19462551176548
540.0 3.5320550203323364
541.0 5.227281898260117
542.0 7.5847141444683075
543.0 10.601913928985596
544.0 14.229728281497955
545.0 18.235157430171967
546.0 23.339951038360596
547.0 29.40775454044342
548.0 37.17538118362427
549.0 45.37194073200226
550.0 52.229416370391846
551.0 59.83923673629761
552.0 65.44113755226135
553.0 70.43136358261108
554.0 74.63071942329407
555.0 78.75896096229553
556.0 82.44805335998535
557.0 85.44335961341858
558.0 88.75371813774109
559.0 92.07885265350342
560.0 92.58740544319153
561.0 94.26236748695374
562.0 95.27119398117065
563.0 95.13288140296936
564.0 95.58292031288147
565.0 95.30265927314758
566.0 95.89641094207764
567.0 95.11435031890869
568.0 95.67834734916687
569.0 96.2332010269165
570.0 96.0218071937561
571.0 96.7451810836792
572.0 96.70801758766174
573.0 96.51462435722351
574.0 97.02617526054382
575.0 96.66033983230591
576.0 97.28516340255737
577.0 96.97412848472595
578.0 97.13025093078613
579.0 96.87022566795349
580.0 96.56047821044922
581.0 96.61572575569153
582.0 96.86039686203003
583.0 96.78768515586853
584.0 96.03765606880188
585.0 96.32545709609985
586.0 96.3539183139801
587.0 95.97979187965393
588.0 96.24220132827759
589.0 97.08346128463745
590.0 96.38049602508545
591.0 95.89917063713074
592.0 95.76072692871094
593.0 95.827317237854
594.0 96.05154395103455
595.0 96.29315137863159
596.0 96.81093096733093
597.0 97.04992771148682
598.0 96.4346706867218
599.0 96.26942276954651
600.0 96.34778499603271
601.0 95.99578380584717
602.0 96.52594923973083
603.0 95.83181142807007
604.0 96.37115597724915
605.0 96.54735326766968
606.0 96.3941752910614
607.0 95.8584189414978
608.0 96.36225700378418
609.0 95.49790620803833
610.0 95.88474035263062
611.0 95.77752947807312
612.0 95.63145041465759
613.0 96.97167873382568
614.0 96.57241106033325
615.0 96.09271287918091
616.0 96.05339765548706
617.0 96.44598960876465
618.0 96.06501460075378
619.0 96.68510556221008
620.0 95.93563675880432
621.0 95.68861722946167
622.0 96.6183602809906
623.0 96.67059779167175
624.0 96.42688035964966
625.0 96.7975914478302
626.0 95.98534107208252
627.0 95.09558081626892
628.0 96.98927402496338
629.0 95.31375765800476
630.0 96.38324975967407
631.0 96.11411690711975
632.0 96.5509295463562
633.0 96.38845324516296
634.0 95.77043056488037
635.0 95.9653377532959
636.0 96.18676900863647
637.0 95.44834494590759
638.0 95.3582227230072
639.0 95.34571170806885
640.0 95.47024369239807
641.0 95.43561339378357
642.0 96.06558680534363
643.0 96.0563600063324
644.0 95.94670534133911
645.0 96.33520245552063
646.0 96.2453842163086
647.0 97.04620242118835
648.0 96.30805253982544
649.0 95.70922255516052
650.0 96.35331630706787
651.0 96.79974913597107
652.0 96.7186987400055
653.0 95.6713318824768
654.0 96.66121006011963
655.0 96.76159024238586
656.0 95.65894603729248
657.0 95.77362537384033
658.0 96.36365175247192
659.0 96.15179896354675
660.0 95.40563821792603
661.0 95.51573395729065
662.0 95.73870301246643
663.0 95.60166597366333
664.0 95.44062614440918
665.0 95.3980028629303
666.0 95.22170424461365
667.0 95.48401236534119
668.0 94.83306407928467
669.0 95.73730826377869
670.0 95.44954299926758
671.0 95.55198550224304
672.0 95.27056217193604
673.0 95.47036290168762
674.0 94.8354423046112
675.0 95.70901989936829
676.0 95.18011808395386
677.0 94.10372972488403
678.0 93.22183728218079
679.0 92.71057844161987
680.0 91.89916849136353
681.0 90.459144115448
682.0 88.46195340156555
683.0 85.90788841247559
684.0 82.65035152435303
685.0 79.18984293937683
686.0 75.37726163864136
687.0 70.90403437614441
688.0 66.39569401741028
689.0 62.01092600822449
690.0 56.75053000450134
691.0 52.563172578811646
692.0 48.02311956882477
693.0 43.77213716506958
694.0 38.82710635662079
695.0 33.63591730594635
696.0 28.504130244255066
697.0 23.30496460199356
698.0 17.468437552452087
699.0 12.90796846151352
700.0 9.221542626619339
701.0 5.890698730945587
702.0 3.740701824426651
703.0 2.17182170599699
704.0 1.2542111799120903
705.0 0.7101668510586023
706.0 0.4884743131697178
707.0 0.30312573071569204
708.0 0.23070950992405415
709.0 0.16124435933306813
710.0 0.09543871856294572
711.0 0.07131163729354739
712.0 0.03843526937998831
713.0 0.028941812342964113
714.0 0.04958146018907428
715.0 0.05990407080389559
716.0 0.07971719605848193
717.0 0.06643332890234888
718.0 0.0509994279127568
719.0 0.028823394677601755
720.0 1.6119672870823498e-10
721.0 0.004267261829227209
722.0 0.004249142875778489
723.0 0.004231023558531888
724.0 0.003862757876049727
725.0 0.003494491829769686
726.0 0.003312226908747107
727.0 0.003129961623926647
728.0 0.0030120705559966154
729.0 0.0028941793061676435
730.0 0.0026953777705784887
731.0 0.002496576234989334
732.0 0.002401254096184857
733.0 0.002305932139279321
734.0 0.002198781839979347
735.0 0.0020916319044772536
736.0 0.0020005796613986604
737.0 0.0019095274183200672
738.0 0.0017379908967996016
739.0 0.0015664545571780764
740.0 0.0015965199054335244
741.0 0.0016265852536889724
742.0 0.001550940578454174
743.0 0.0014752958122699056
744.0 0.0014718150850967504
745.0 0.0014683345398225356
746.0 0.001372847327729687
747.0 0.0012773602065863088
748.0 0.0012749100278597325
749.0 0.0012724598491331562
750.0 0.001251699541171547
751.0 0.0012309391422604676
752.0 0.001140181666414719
753.0 0.0010494241905689705
754.0 0.0011139640264445916
755.0 0.0011785038623202126
756.0 0.001123559195548296
757.0 0.0010686145287763793
758.0 0.0011151789294672199
759.0 0.0011617436939559411
760.0 0.0012343641174084041
761.0 0.0013069847227598075
762.0 0.001199624875880545
763.0 0.0010922649380518124
764.0 0.0010598688277241308
765.0 0.0010274724445480388
766.0 0.0008941862688516267
767.0 0.0007609001386299497
768.0 0.0008401601917285006
769.0 0.0009194202903017867
770.0 0.0008928986972023267
771.0 0.0008663769222039264
772.0 0.0008992395123641472
773.0 0.0009321020115748979
774.0 0.0008728391549084336
775.0 0.000813576207292499
776.0 0.0008169428838300519
777.0 0.0008203098332160152
778.0 0.0007689376616326626
779.0 0.0007175654445745749
780.0 0.0006945560016902164
781.0 0.0006715464223816525
782.0 0.0007357674803643022
783.0 0.000799988629296422
784.0 0.0007974377695063595
785.0 0.0007948867278173566
786.0 0.0007165992883528816
787.0 0.0006383119398378767
788.0 0.0006788567134208279
789.0 0.0007194017598521896
790.0 0.0006047847364243353
791.0 0.0004901675310975406
792.0 0.0005167958988749888
793.0 0.000543424312127172
794.0 0.0006613098321395228
795.0 0.0007791953066771384
796.0 0.0007344030109379673
797.0 0.0006896107151987962
798.0 0.0006872534868307412
799.0 0.0006848962584626861
800.0 0.0006675351414742181
801.0 0.0006501737971120747
802.0 0.000621877916273661
803.0 0.0005935819899605121
804.0 0.0006324100013443967
805.0 0.0006712379217788111
806.0 0.0005955937012913637
807.0 0.0005199495717533864
808.0 0.0006551591013703728
809.0 0.0007903686309873592
810.0 0.0007561271104350453
811.0 0.0007218854079837911
812.0 0.0007083150194375776
813.0 0.0006947444944671588
814.0 0.0007678283509449102
815.0 0.0008409120709984563
816.0 0.0008097971658571623
817.0 0.0007786821697663981
818.0 0.0005690074885933427
819.0 0.00035933305753133027
820.0 0.0005410090125224087
821.0 0.0007226849902508548
822.0 0.0006370859864546219
823.0 0.0005514871190825943
824.0 0.0005614545443677343
825.0 0.0005714221970265498
826.0 0.000586823261983227
827.0 0.0006022243269399041
828.0 0.0005300396423990605
829.0 0.0004578550488076871
830.0 0.00021158828076295322
831.0 1.6119672870823498e-10
832.0 1.6119672870823498e-10
833.0 2.251965725008631e-05
834.0 1.6119672870823498e-10
835.0 1.6119672870823498e-10
836.0 0.0001716250608296832
837.0 0.0004668975634558592
838.0 0.0012713990145130083
839.0 0.002075900374620687
840.0 0.002710373701120261
841.0 0.0033448468457208946
842.0 0.0037510697438847274
843.0 0.004157291186857037
844.0 0.0036696921597467735
845.0 0.00318209313263651
846.0 0.00274651320069097
847.0 0.00231093326874543
848.0 0.002222549301222898
849.0 0.0021341653337003663
850.0 0.002184140612371266
851.0 0.002234116072941106
852.0 0.0020282426703488454
853.0 0.0018223694496555254
854.0 0.0015838197214179672
855.0 0.001345269902230939
856.0 0.0011196721061423887
857.0 0.0008940742191043682
858.0 0.00066622542362893
859.0 0.00043837671910296194
860.0 0.0003207117288184236
861.0 0.00020304676127125276
862.0 0.0002235310375908739
863.0 0.00024401531391049502
864.0 0.00023052148208080325
865.0 0.00021702765025111148
866.0 0.00023092973151506158
867.0 0.0002448318355163792
868.0 0.00012836784435421578
869.0 1.1903861718565167e-05
870.0 0.00017934252127815853
871.0 0.0003467811893642647
872.0 0.0003015842821696424
873.0 0.00025638737497502007
874.0 0.0002870409161914722
875.0 0.0003176944801452919
876.0 0.00016101157598313875
877.0 4.3286881634685415e-06
878.0 6.38449293433041e-06
879.0 8.440315468760673e-06
880.0 8.20853188088222e-05
881.0 0.00015573035625493503
882.0 0.00012497125680965837
883.0 9.421219147043303e-05
884.0 0.00010413224345029448
885.0 0.00011405234090489103
886.0 0.00017795985058910446
887.0 0.0002418673602733179
888.0 0.00020746376776514808
889.0 0.0001730601979943458
890.0 0.00015941208175718202
891.0 0.00014576395415133447
892.0 0.00014528256997436984
893.0 0.00014480117442872142
894.0 3.5540023191060754e-05
895.0 1.6119672870823498e-10
896.0 1.6119672870823498e-10
897.0 1.6119672870823498e-10
898.0 1.6119672870823498e-10
899.0 2.423618639113556e-05
900.0 1.6119672870823498e-10
901.0 1.6119672870823498e-10
