lsstCam/transmission_filter_detector/r42_s00/r_57/19700101T000000.ecsv
# %ECSV 1.0
# ---
# datatype:
# - {name: wavelength, unit: nm, datatype: float32}
# - {name: efficiency, unit: '%', datatype: float64}
# meta: !!omap
# - {MODE: DETECTOR}
# - {TYPE: transmission_filter_detector}
# - {CALIBDATE: '1970-01-01T00:00:00'}
# - {INSTRUME: LSSTCam}
# - {OBSTYPE: transmission_filter_detector}
# - {CALIBCLS: lsst.ip.isr.IntermediateFilterDetectorTransmissionCurve}
# - {SOURCE: Materion (DM-46256)}
# - {DETECTOR: 171}
# - {FILTER: r_57}
# - {CALIB_ID: 'calibDate=1970-01-01T00:00:00 filter=r_57 detector=171'}
# - {DATE: '2025-04-02T15:59:44.975636'}
# - {CALIB_CREATION_DATE: '2025-04-02'}
# - {CALIB_CREATION_TIME: '15:59:44'}
# - __serialized_columns__:
#     efficiency:
#       __class__: astropy.units.quantity.Quantity
#       unit: !astropy.units.Unit {unit: '%'}
#       value: !astropy.table.SerializedColumn {name: efficiency}
#     wavelength:
#       __class__: astropy.units.quantity.Quantity
#       unit: !astropy.units.Unit {unit: nm}
#       value: !astropy.table.SerializedColumn {name: wavelength}
# schema: astropy-2.0
wavelength efficiency
[from data line 603]
903.0 7.211006192164859e-06
904.0 0.00012925092960358597
905.0 0.0002512908395146951
906.0 0.00014893831803419744
907.0 4.658580792238354e-05
908.0 0.00010834447721208562
909.0 0.0001701031465017877
910.0 0.00011725429658326902
911.0 6.440545803343412e-05
912.0 0.00012397391628837795
913.0 0.00018354235180595424
914.0 0.0001736939225338574
915.0 0.00016384547052439302
916.0 0.00014804190868744627
917.0 0.0001322383127444482
918.0 9.356322152598295e-05
919.0 5.48881359918596e-05
920.0 0.00012563963309730752
921.0 0.00019639112451841356
922.0 0.00018280334188602865
923.0 0.00016921555925364373
924.0 0.00023318434614338912
925.0 0.00029715315577050205
926.0 0.00026135039661312476
927.0 0.000225547660193115
928.0 0.00023055863493937068
929.0 0.00023556956421089126
930.0 0.00019017541035282193
931.0 0.00014478122238870128
932.0 0.0001540834432489646
933.0 0.00016338565274054417
934.0 0.00012141886145400349
935.0 7.945206448312092e-05
936.0 5.4242428859652136e-05
937.0 2.9032784709670523e-05
938.0 1.6617093478998868e-05
939.0 4.2014065115836274e-06
940.0 6.896154900459806e-05
941.0 0.00013372169860303984
942.0 0.00026829038688447326
943.0 0.00040285904105985537
944.0 0.00035981136079499265
945.0 0.00031676363505539484
946.0 0.0005076507022749865
947.0 0.0006985378149693133
948.0 0.0005629366114590084
949.0 0.00042733558984764386
950.0 0.00047055814320628997
951.0 0.000513780651090201
952.0 0.0005946154487901367
953.0 0.0006754502919648075
954.0 0.0008874574632500298
955.0 0.0010994649528583977
956.0 0.0010538667083892506
957.0 0.0010082685548695736
958.0 0.0012586562661454082
959.0 0.0015090438864717726
960.0 0.001660832276684232
961.0 0.0018126205759472214
962.0 0.0019286106180516072
963.0 0.0020446004782570526
964.0 0.0021531723177758977
965.0 0.0022617441572947428
966.0 0.0022641133909928612
967.0 0.0022664829884888604
968.0 0.002265268631163053
969.0 0.002264054273837246
970.0 0.0023691380192758515
971.0 0.002474221764714457
972.0 0.002522508475522045
973.0 0.0025707955501275137
974.0 0.0027439460609457456
975.0 0.002917097299359739
976.0 0.0030216500817914493
977.0 0.00312620286422316
978.0 0.003130938785034232
979.0 0.003135674342047423
980.0 0.0031894160201773047
981.0 0.0032431576983071864
982.0 0.0031826701160753146
983.0 0.003122183261439204
984.0 0.0030836035875836387
985.0 0.0030450244594248943
986.0 0.0029318291126401164
987.0 0.0028186339477542788
988.0 0.0027881682399311103
989.0 0.002757702532107942
990.0 0.002727694845816586
991.0 0.002697687341424171
992.0 0.002592753116914537
993.0 0.0024878188924049027
994.0 0.002517018947401084
995.0 0.002546219366195146
996.0 0.0026341605916968547
997.0 0.0027221019990975037
998.0 0.002776635665213689
999.0 0.0028311693313298747
1000.0 0.00291723135887878
1001.0 0.0030032932045287453
1002.0 0.0032296040444634855
1003.0 0.003455915066297166
1004.0 0.0037263656849972904
1005.0 0.003996816667495295
1006.0 0.004038073166157119
1007.0 0.004079329301021062
1008.0 0.004089113281224854
1009.0 0.004098896897630766
1010.0 0.004074137905263342
1011.0 0.004049378912895918
1012.0 0.0041015482565853745
1013.0 0.004153717964072712
1014.0 0.004086369517608546
1015.0 0.004019021798740141
1016.0 0.003541871774359606
1017.0 0.0030647213861811906
1018.0 0.002877225779229775
1019.0 0.0026897301722783595
1020.0 0.0024318478608620353
1021.0 0.0021739648218499497
1022.0 0.0019130968212266453
1023.0 0.0016522282749065198
1024.0 0.0014985512279963586
1025.0 0.0013448741810861975
1026.0 0.001174472981801955
1027.0 0.0010040721463155933
1028.0 0.0009693666470411699
1029.0 0.0009346612387162168
1030.0 0.0009543206942908
1031.0 0.0009739801498653833
1032.0 0.0007333911071327748
1033.0 0.0004928019734506961
1034.0 0.0006003775524732191
1035.0 0.0007079531314957421
1036.0 0.0006408858553186292
1037.0 0.0005738185336667811
1038.0 0.0008396013072342612
1039.0 0.0011053841262764763
1040.0 0.0009453280654270202
1041.0 0.0007852719136280939
1042.0 0.0008487613740726374
1043.0 0.0009122507435677107
1044.0 0.0008936998710851185
1045.0 0.0008751490895519964
1046.0 0.0006633361863350729
1047.0 0.0004515231921686791
1048.0 0.00056831354413589
1049.0 0.0006851040325273061
1050.0 0.0009237529411620926
1051.0 0.0011624018952716142
1052.0 0.0012856267858296633
1053.0 0.0014088515854382422
1054.0 0.0012981786312593613
1055.0 0.0011875058589794207
1056.0 0.001074421379598789
1057.0 0.0009613371730665676
1058.0 0.001084827908925945
1059.0 0.0012083186447853222
1060.0 0.0011718976566044148
1061.0 0.001135476486524567
1062.0 0.0010222501259704586
1063.0 0.00090902367446688
1064.0 0.0011688503946061246
1065.0 0.0014286771147453692
1066.0 0.001695376522548031
1067.0 0.001962075475603342
1068.0 0.0020056297216797248
1069.0 0.002049183785857167
1070.0 0.0019000295651494525
1071.0 0.0017508757082396187
1072.0 0.002298248546139803
1073.0 0.0028456217478378676
1074.0 0.0026675883418647572
1075.0 0.0024895551177905872
1076.0 0.0025156346964649856
1077.0 0.0025417140932404436
1078.0 0.0030289218557300046
1079.0 0.0035161294363206252
1080.0 0.003335441942908801
1081.0 0.0031547548132948577
1082.0 0.003934179403586313
1083.0 0.0047136039938777685
1084.0 0.0037344860174926
1085.0 0.0027553676773095503
1086.0 0.0033340129448333755
1087.0 0.003912658212357201
1088.0 0.0036374465707922354
1089.0 0.00336223492922727
1090.0 0.0035373355785850435
1091.0 0.003712436227942817
1092.0 0.0037539779441431165
1093.0 0.003795519660343416
1094.0 0.00313144046231173
1095.0 0.002467361446178984
1096.0 0.0026597848773235455
1097.0 0.002852208308468107
1098.0 0.0024879864213289693
1099.0 0.002123764716088772
1100.0 0.0017446172932977788
1101.0 0.0013654696886078455
