lsstCam/transmission_filter_detector/r20_s02/r_57/19700101T000000.ecsv
# %ECSV 1.0
# ---
# datatype:
# - {name: wavelength, unit: nm, datatype: float32}
# - {name: efficiency, unit: '%', datatype: float64}
# meta: !!omap
# - {MODE: DETECTOR}
# - {TYPE: transmission_filter_detector}
# - {CALIBDATE: '1970-01-01T00:00:00'}
# - {INSTRUME: LSSTCam}
# - {OBSTYPE: transmission_filter_detector}
# - {CALIBCLS: lsst.ip.isr.IntermediateFilterDetectorTransmissionCurve}
# - {SOURCE: Materion (DM-46256)}
# - {DETECTOR: 74}
# - {FILTER: r_57}
# - {CALIB_ID: 'calibDate=1970-01-01T00:00:00 filter=r_57 detector=74'}
# - {DATE: '2025-04-02T15:59:44.525457'}
# - {CALIB_CREATION_DATE: '2025-04-02'}
# - {CALIB_CREATION_TIME: '15:59:44'}
# - __serialized_columns__:
#     efficiency:
#       __class__: astropy.units.quantity.Quantity
#       unit: !astropy.units.Unit {unit: '%'}
#       value: !astropy.table.SerializedColumn {name: efficiency}
#     wavelength:
#       __class__: astropy.units.quantity.Quantity
#       unit: !astropy.units.Unit {unit: nm}
#       value: !astropy.table.SerializedColumn {name: wavelength}
# schema: astropy-2.0
wavelength efficiency
300.0 0.00208003657462541
301.0 0.005041931945015676
302.0 0.008003827679203823
303.0 0.010320438741473481
304.0 0.012637049076147377
305.0 0.01136421924456954
306.0 0.010091390140587464
307.0 0.009078784205485135
308.0 0.008066176087595522
309.0 0.007475283200619742
310.0 0.0068843910412397236
311.0 0.006064337867428549
312.0 0.005244285785011016
313.0 0.005093731306260452
314.0 0.004943177555105649
315.0 0.004652086136047728
316.0 0.00436099580838345
317.0 0.004155682472628541
318.0 0.003950369136873633
319.0 0.0038537749787792563
320.0 0.0037571815482806414
321.0 0.003502445906633511
322.0 0.003247710264986381
323.0 0.002956682874355465
324.0 0.0026656551199266687
325.0 0.002524610135878902
326.0 0.002383565151831135
327.0 0.002416598545096349
328.0 0.002449631938361563
329.0 0.0025389494112459943
330.0 0.0026282667022314854
331.0 0.002372880044276826
332.0 0.002117493568221107
333.0 0.0018395530787529424
334.0 0.001561612771183718
335.0 0.001428052200935781
336.0 0.0012944918125867844
337.0 0.0011729667676263489
338.0 0.0010514417226659134
339.0 0.0010521877811697777
340.0 0.001052933748724172
341.0 0.0010387591828475706
342.0 0.0010245846169709694
343.0 0.0009544674867356662
344.0 0.0008843502655508928
345.0 0.0008859784429660067
346.0 0.0008876065294316504
347.0 0.0008922457709559239
348.0 0.0008968849215307273
349.0 0.0008791103027760983
350.0 0.005723312642658129
351.0 0.006102174302213825
352.0 0.006481035961769521
353.0 0.005537111428566277
354.0 0.004593187622958794
355.0 0.004737199196824804
356.0 0.004881211498286575
357.0 0.0061248691054061055
358.0 0.007368527440121397
359.0 0.005891633554711007
360.0 0.004414738941704854
361.0 0.0031145176762947813
362.0 0.0018142960470868275
363.0 0.002823727481882088
364.0 0.0038331589166773483
365.0 0.003915500201401301
366.0 0.003997841849923134
367.0 0.0030451416023424827
368.0 0.002092441172862891
369.0 0.0018522918253438547
370.0 0.001612142841622699
371.0 0.0020685856725322083
372.0 0.002525028685340658
373.0 0.0029328806704143062
374.0 0.0033407326554879546
375.0 0.003032708991668187
376.0 0.00272468550974736
377.0 0.0011788247320509981
378.0 1.5951761396168496e-10
379.0 0.0006715645213262178
380.0 0.0017101650882977992
381.0 0.0025538904083077796
382.0 0.0033976160921156406
383.0 0.0032869917049538344
384.0 0.003176367681589909
385.0 0.004282110967324115
386.0 0.005387853889260441
387.0 0.004684647501562722
388.0 0.003981441113865003
389.0 0.003584918158594519
390.0 0.003188394839526154
391.0 0.002362815757805947
392.0 0.0015372368579846807
393.0 0.0014666230526927393
394.0 0.001396008792653447
395.0 0.0010120929800905287
396.0 0.0006281772130023455
397.0 0.0006087963356549153
398.0 0.0005894157766306307
399.0 0.0006233706699276809
400.0 0.0006573251539521152
401.0 0.00021108269265823765
402.0 1.5951761396168496e-10
403.0 8.848848551679112e-05
404.0 0.00041213747863366734
405.0 0.000882996573636774
406.0 0.0013538552593672648
407.0 0.0018283188182977028
408.0 0.00230278201343026
409.0 0.0018772065232042223
410.0 0.0014516306691803038
411.0 0.0009923552170221228
412.0 0.0005330797193892067
413.0 0.0005963462172076106
414.0 0.0006596126240765443
415.0 0.0006479237981693586
416.0 0.0006362353360600537
417.0 0.0012041092304571066
418.0 0.0017719834431773052
419.0 0.0022210229872143827
420.0 0.0026700625312514603
421.0 0.004042666114401072
422.0 0.0054152693337528035
423.0 0.008378759230254218
424.0 0.011342247307766229
425.0 0.015515483391936868
426.0 0.019688713655341417
427.0 0.02031690237345174
428.0 0.020945092546753585
429.0 0.015996472211554646
430.0 0.011047851876355708
431.0 0.007861783524276689
432.0 0.0046757129894103855
433.0 0.0036874098441330716
434.0 0.0026991065169568174
435.0 0.0020948513338225894
436.0 0.0014905956959410105
437.0 0.0013461706657835748
438.0 0.0012017459084745497
439.0 0.001037052606989164
440.0 0.0008723593964532483
441.0 0.0011210092452529352
442.0 0.001369659094052622
443.0 0.001651234742894303
444.0 0.0019328106645843945
445.0 0.0019612554751802236
446.0 0.0019897002857760526
447.0 0.001749944749462884
448.0 0.0015101893040991854
449.0 0.0013683152246812824
450.0 0.0012264405995665584
451.0 0.0013766794836556073
452.0 0.001526918276795186
453.0 0.0015670753782615066
454.0 0.001607232479727827
455.0 0.0014538628420268651
456.0 0.0013004933862248436
457.0 0.0009251036317436956
458.0 0.0005497139682120178
459.0 0.0007603802714584162
460.0 0.0009710465747048147
461.0 0.0015884985259617679
462.0 0.0022059502953197807
463.0 0.0028833253963966854
464.0 0.00356070049747359
465.0 0.004584749694913626
466.0 0.005608799256151542
467.0 0.006226752884685993
468.0 0.006844707968411967
469.0 0.005916980080655776
470.0 0.004989253648091108
471.0 0.003818321056314744
472.0 0.00264738828263944
473.0 0.0021698573618778028
474.0 0.001692326259217225
475.0 0.0013846596630173735
476.0 0.0010769934306154028
477.0 0.0008708193490747362
478.0 0.0006646451765845995
479.0 0.0008655080819153227
480.0 0.0010663708053471055
481.0 0.0008339035048265941
482.0 0.0006014362043060828
483.0 0.000653713095744024
484.0 0.00070598985075776
485.0 0.0006244863925530808
486.0 0.0005429828433989314
487.0 0.0005407479875429999
488.0 0.0005385129952628631
489.0 0.0005276280262478394
490.0 0.0005167430572328158
491.0 0.0006794189175707288
492.0 0.000842094868858112
493.0 0.0009671239240560681
494.0 0.001092152979254024
495.0 0.0009297476935898885
496.0 0.0007673423169762827
497.0 0.0010682904758141376
498.0 0.0013692384527530521
499.0 0.001340334983979119
500.0 0.0013114315152051859
501.0 0.001499757945566671
502.0 0.001688084375928156
503.0 0.001991267163248267
504.0 0.002294449950568378
505.0 0.0028226126232766546
506.0 0.003350775659782812
507.0 0.003994516009697691
508.0 0.004638256359612569
509.0 0.005169006180949509
510.0 0.005699754910892807
511.0 0.005046890510129742
512.0 0.004394026109366678
513.0 0.0037557165342150256
514.0 0.0031174069590633735
515.0 0.002927583955170121
516.0 0.002737761133175809
517.0 0.0025217823349521495
518.0 0.00230580335482955
519.0 0.06372345960699022
520.0 0.10188332526013255
521.0 0.13319974532350898
522.0 0.11991581413894892
523.0 0.08757028263062239
524.0 0.10265343589708209
525.0 0.07596683572046459
526.0 0.1133906189352274
527.0 0.1481677987612784
528.0 0.06816747481934726
529.0 0.13878806494176388
530.0 0.1587599515914917
531.0 0.12585129588842392
532.0 0.22973124869167805
533.0 0.2633674070239067
534.0 0.37369045894593
535.0 0.3934703301638365
536.0 0.5989404860883951
537.0 0.9015264920890331
538.0 1.4109397307038307
539.0 2.1977588534355164
540.0 3.467974439263344
541.0 5.240396410226822
542.0 7.521253824234009
543.0 10.606811195611954
544.0 14.169375598430634
545.0 18.288592994213104
546.0 23.244290053844452
547.0 29.382982850074768
548.0 36.82209849357605
549.0 45.035967230796814
550.0 51.91472768783569
551.0 59.40369367599487
552.0 65.08791446685791
553.0 70.18086910247803
554.0 74.81331825256348
555.0 78.52809429168701
556.0 82.46602416038513
557.0 85.32742857933044
558.0 88.26757669448853
559.0 91.4677083492279
560.0 92.45526194572449
561.0 94.07685399055481
562.0 95.12719511985779
563.0 94.77370977401733
564.0 95.37747502326965
565.0 95.09548544883728
566.0 95.6561803817749
567.0 94.91096138954163
568.0 95.69084644317627
569.0 96.1551308631897
570.0 95.48656344413757
571.0 96.2683916091919
572.0 96.4503526687622
573.0 96.74240946769714
574.0 96.7783510684967
575.0 96.61060571670532
576.0 97.1939742565155
577.0 97.00674414634705
578.0 97.00864553451538
579.0 96.80452346801758
580.0 96.72436714172363
581.0 96.08935713768005
582.0 96.6677725315094
583.0 96.42596244812012
584.0 95.89534401893616
585.0 96.50622606277466
586.0 96.32413983345032
587.0 96.13737463951111
588.0 96.20535969734192
589.0 97.02383875846863
590.0 96.20023965835571
591.0 95.68625688552856
592.0 96.17217779159546
593.0 95.53616046905518
594.0 95.78104019165039
595.0 96.14988565444946
596.0 96.87312245368958
597.0 96.80812954902649
598.0 96.96236848831177
599.0 96.84862494468689
600.0 96.76580429077148
601.0 95.8178162574768
602.0 96.45363092422485
603.0 96.03771567344666
604.0 95.96636295318604
605.0 96.54259085655212
606.0 96.122807264328
607.0 96.20470404624939
608.0 96.19147181510925
609.0 95.16559839248657
610.0 95.98357081413269
611.0 95.62196731567383
612.0 95.7632303237915
613.0 96.49973511695862
614.0 96.5290367603302
615.0 95.76516151428223
616.0 96.39329314231873
617.0 96.1370587348938
618.0 96.20637893676758
619.0 96.6792106628418
620.0 95.57260274887085
621.0 95.52114009857178
622.0 96.2854266166687
623.0 96.20053172111511
624.0 96.2980329990387
625.0 96.62328362464905
626.0 95.9933876991272
627.0 95.05678415298462
628.0 97.02925682067871
629.0 95.49524188041687
630.0 96.23898267745972
631.0 95.77496647834778
632.0 96.5017020702362
633.0 96.15514874458313
634.0 95.52409648895264
635.0 95.86146473884583
636.0 95.90519070625305
637.0 95.31283378601074
638.0 95.1364815235138
639.0 95.26771903038025
640.0 95.40987014770508
641.0 95.33334970474243
642.0 95.62869071960449
643.0 95.89391350746155
644.0 95.85839509963989
645.0 95.84127068519592
646.0 96.14514708518982
647.0 96.78158164024353
648.0 96.31581902503967
649.0 95.63406109809875
650.0 96.32925987243652
651.0 96.58627510070801
652.0 96.60032987594604
653.0 95.57914733886719
654.0 96.59584760665894
655.0 96.42879962921143
656.0 95.71208357810974
657.0 95.67403197288513
658.0 96.00805044174194
659.0 96.05771899223328
660.0 95.36294937133789
661.0 95.38166522979736
662.0 95.8330750465393
663.0 95.72337865829468
664.0 95.39550542831421
665.0 95.3269362449646
666.0 95.31137347221375
667.0 95.44856548309326
668.0 94.91843581199646
669.0 95.67292332649231
670.0 95.1251745223999
671.0 95.66380381584167
672.0 95.24014592170715
673.0 95.58659791946411
674.0 94.65973973274231
675.0 95.51648497581482
676.0 95.0203001499176
677.0 94.27184462547302
678.0 93.61206293106079
679.0 92.65181422233582
680.0 91.91627502441406
681.0 90.58367013931274
682.0 88.55079412460327
683.0 86.09864711761475
684.0 82.87731409072876
685.0 79.60113286972046
686.0 75.90343356132507
687.0 71.2123155593872
688.0 66.7313277721405
689.0 62.55621910095215
690.0 57.350754737854004
691.0 53.167933225631714
692.0 48.51599931716919
693.0 44.22377347946167
694.0 39.34752345085144
695.0 34.24058556556702
696.0 29.036548733711243
697.0 23.93873780965805
698.0 18.08207631111145
699.0 13.309933245182037
700.0 9.536875784397125
701.0 6.095228344202042
702.0 3.9262186735868454
703.0 2.2577859461307526
704.0 1.2733944691717625
705.0 0.729586323723197
706.0 0.46224803663790226
707.0 0.34237122163176537
708.0 0.18974962877109647
709.0 0.16690691700205207
710.0 0.14070296892896295
711.0 0.09497085702605546
712.0 0.03888498176820576
713.0 0.062617938965559
714.0 0.03817708056885749
715.0 0.04761402669828385
716.0 0.0936290598474443
717.0 0.07303428137674928
718.0 0.05506929592229426
719.0 0.06274115294218063
720.0 1.5951761396168496e-10
721.0 0.004616934529622085
722.0 0.004360094681032933
723.0 0.004103255560039543
724.0 0.0037703608541050926
725.0 0.0034374665119685233
726.0 0.003173144068568945
727.0 0.0029088219889672473
728.0 0.0028491824195953086
729.0 0.0027895426683244295
730.0 0.0025591500161681324
731.0 0.002328757727809716
732.0 0.0022797197743784636
733.0 0.002230681639048271
734.0 0.0021774130800622515
735.0 0.0021241441572783515
736.0 0.001919232090585865
737.0 0.0017143200238933787
738.0 0.0017228749129571952
739.0 0.001731429983919952
740.0 0.0016868980310391635
741.0 0.0016423662600573152
742.0 0.001492029241489945
743.0 0.0013416921319731046
744.0 0.001424020138074411
745.0 0.0015063480532262474
746.0 0.001430520205758512
747.0 0.0013546923582907766
748.0 0.0012110555871913675
749.0 0.0010674187251424883
750.0 0.0010445713087392505
751.0 0.0010217240742349532
752.0 0.0010827910045918543
753.0 0.0011438580258982256
754.0 0.0011209591320948675
755.0 0.00109806051113992
756.0 0.0010477935575181618
757.0 0.0009975263310479932
758.0 0.001034128581522964
759.0 0.0010707308319979347
760.0 0.0011011026799678802
761.0 0.001131474618887296
762.0 0.001148597766587045
763.0 0.001165721369034145
764.0 0.00112594671008992
765.0 0.0010861720511456951
766.0 0.000889533112058416
767.0 0.0006928940820216667
768.0 0.0006725337243551621
769.0 0.0006521731393149821
770.0 0.0007880436896812171
771.0 0.0009239142855221871
772.0 0.0008489641004416626
773.0 0.0007740137334621977
774.0 0.0008673378943058196
775.0 0.0009606620551494416
776.0 0.0009366935046273284
777.0 0.0009127250450546853
778.0 0.0008759728189033922
779.0 0.0008392207746510394
780.0 0.0007526251920353388
781.0 0.0006660297003691085
782.0 0.0007336224371101707
783.0 0.0008012150829017628
784.0 0.000840615393826738
785.0 0.0008800154319033027
786.0 0.0007544353138655424
787.0 0.0006288551958277822
788.0 0.0006575598035851726
789.0 0.0006862645932415035
790.0 0.0007374093456746778
791.0 0.000788554098107852
792.0 0.000811177960713394
793.0 0.0008338017323694658
794.0 0.0008595136932854075
795.0 0.0008852253813529387
796.0 0.0007330302651098464
797.0 0.0005808350124425488
798.0 0.0007371808806055924
799.0 0.0008935267032939009
800.0 0.0008338558473042212
801.0 0.000774184718466131
802.0 0.0006710416073474335
803.0 0.0005678983143297955
804.0 0.0007050556632748339
805.0 0.0008422130122198723
806.0 0.0007075501798681216
807.0 0.0005728873475163709
808.0 0.0007073377219057875
809.0 0.000841788096295204
810.0 0.0007774031473672949
811.0 0.0007130185167625314
812.0 0.0007409363206534181
813.0 0.0007688540790695697
814.0 0.0006486766324087512
815.0 0.0005284992766974028
816.0 0.0006440400738938479
817.0 0.000759580916565028
818.0 0.0006928853053977946
819.0 0.0006261896942305611
820.0 0.0004898966381006176
821.0 0.00035360360470804153
822.0 0.00040564318624092266
823.0 0.00045768279051117133
824.0 0.0004629075647244463
825.0 0.0004681322934629861
826.0 0.0005375267392082606
827.0 0.0006069211394787999
828.0 0.00046592081162089016
829.0 0.0003249204610256129
830.0 0.00018698040094022872
831.0 4.904038632957963e-05
832.0 5.3370359864857164e-05
833.0 5.770033908447658e-05
834.0 3.568278259535873e-05
835.0 1.3665200526702392e-05
836.0 0.00028571810162247857
837.0 0.0005577711817750242
838.0 0.0007540475962741766
839.0 0.0009503241017227992
840.0 0.0012243885066709481
841.0 0.001498452911619097
842.0 0.0019652639821288176
843.0 0.002432075052638538
844.0 0.002262142879772
845.0 0.002092210888804402
846.0 0.001993745900108479
847.0 0.0018952807295136154
848.0 0.0018865348465624265
849.0 0.001877788599813357
850.0 0.00169704835570883
851.0 0.001516308020654833
852.0 0.0013275946002977435
853.0 0.0011388808161427733
854.0 0.0010112766176462173
855.0 0.0008836721463012509
856.0 0.0006741445304214722
857.0 0.0004646170054911636
858.0 0.0005729148142563645
859.0 0.0006812125320720952
860.0 0.0005311128461471526
861.0 0.00038101304653537227
862.0 0.0003295384431112325
863.0 0.0002780638396870927
864.0 0.00020489271719270619
865.0 0.00013172165154173854
866.0 0.00010131404906132957
867.0 7.090641247486928e-05
868.0 0.00010334101716580335
869.0 0.0001357755877506861
870.0 5.340476718629361e-05
871.0 1.5951761396168496e-10
872.0 1.5951761396168496e-10
873.0 1.5951761396168496e-10
874.0 1.5951761396168496e-10
875.0 1.5951761396168496e-10
876.0 1.5951761396168496e-10
877.0 6.54618546036545e-06
878.0 6.857010816929687e-05
879.0 0.0001305940031670616
880.0 0.0001370884547213791
881.0 0.00014358288353832904
882.0 0.00012133227755839471
883.0 9.908168294714415e-05
884.0 3.041220253408028e-06
885.0 1.5951761396168496e-10
886.0 1.5951761396168496e-10
887.0 7.870791591813031e-05
888.0 0.00015617216604368878
889.0 0.0002336364332222729
890.0 0.0001829215079851565
891.0 0.0001322065827480401
892.0 1.3149956146207842e-05
893.0 1.5951761396168496e-10
894.0 1.5951761396168496e-10
895.0 3.005731628036301e-05
896.0 4.4158667833471554e-05
897.0 5.826007054565707e-05
898.0 0.00010772209861897863
899.0 0.0001571841266923002
900.0 5.522823016690381e-05
901.0 1.5951761396168496e-10
