lsstCam/transmission_filter_detector/r20_s02/r_57/19700101T000000.ecsv
# %ECSV 1.0
# ---
# datatype:
# - {name: wavelength, unit: nm, datatype: float32}
# - {name: efficiency, unit: '%', datatype: float64}
# meta: !!omap
# - {MODE: DETECTOR}
# - {TYPE: transmission_filter_detector}
# - {CALIBDATE: '1970-01-01T00:00:00'}
# - {INSTRUME: LSSTCam}
# - {OBSTYPE: transmission_filter_detector}
# - {CALIBCLS: lsst.ip.isr.IntermediateFilterDetectorTransmissionCurve}
# - {SOURCE: Materion (DM-46256)}
# - {DETECTOR: 74}
# - {FILTER: r_57}
# - {CALIB_ID: 'calibDate=1970-01-01T00:00:00 filter=r_57 detector=74'}
# - {DATE: '2025-04-02T15:59:44.525457'}
# - {CALIB_CREATION_DATE: '2025-04-02'}
# - {CALIB_CREATION_TIME: '15:59:44'}
# - __serialized_columns__:
#     efficiency:
#       __class__: astropy.units.quantity.Quantity
#       unit: !astropy.units.Unit {unit: '%'}
#       value: !astropy.table.SerializedColumn {name: efficiency}
#     wavelength:
#       __class__: astropy.units.quantity.Quantity
#       unit: !astropy.units.Unit {unit: nm}
#       value: !astropy.table.SerializedColumn {name: wavelength}
# schema: astropy-2.0
wavelength efficiency
[from data line 603]
903.0 1.5951761396168496e-10
904.0 1.5951761396168496e-10
905.0 1.5951761396168496e-10
906.0 1.5951761396168496e-10
907.0 1.5951761396168496e-10
908.0 1.5951761396168496e-10
909.0 1.5951761396168496e-10
910.0 1.5951761396168496e-10
911.0 1.5951761396168496e-10
912.0 1.5951761396168496e-10
913.0 1.5951761396168496e-10
914.0 1.5951761396168496e-10
915.0 3.9850758071224845e-05
916.0 1.802385867222256e-05
917.0 1.5951761396168496e-10
918.0 7.361819029938488e-05
919.0 0.00015103935311344685
920.0 2.702111601138313e-05
921.0 1.5951761396168496e-10
922.0 5.285001520860533e-05
923.0 0.0002026971742452588
924.0 0.00019392416561458958
925.0 0.00018515115698392037
926.0 0.00014985084817453753
927.0 0.00011455055073383846
928.0 0.0001616366262169322
929.0 0.00020872269033134216
930.0 0.0002419801603537053
931.0 0.00027523765311343595
932.0 9.105911544793344e-05
933.0 1.5951761396168496e-10
934.0 7.521046541114629e-05
935.0 0.00024354026209039148
936.0 0.00023603608951816568
937.0 0.00022853191694593988
938.0 0.00026735247047326993
939.0 0.00030617306947533507
940.0 0.00028965687306481414
941.0 0.0002731406766542932
942.0 0.00032721493425924564
943.0 0.00038128916912683053
944.0 0.0003680143436213257
945.0 0.0003547395408531884
946.0 0.00033939882086997386
947.0 0.00032405805541202426
948.0 0.00042434649003553204
949.0 0.00052463501560851
950.0 0.0005113365205033915
951.0 0.000498038025398273
952.0 0.0006588931682927068
953.0 0.0008197484021366108
954.0 0.0011380889191059396
955.0 0.001456429799873149
956.0 0.001534504372102674
957.0 0.0016125790352816693
958.0 0.0016955296814558096
959.0 0.0017784805095288903
960.0 0.0019243207134422846
961.0 0.0020701612811535597
962.0 0.002251571277156472
963.0 0.002432981455058325
964.0 0.0024687375116627663
965.0 0.002504493204469327
966.0 0.0024676941393408924
967.0 0.0024308947104145773
968.0 0.0024514738470315933
969.0 0.0024720531655475497
970.0 0.0025517429094179533
971.0 0.0026314324713894166
972.0 0.002682716876734048
973.0 0.0027340007363818586
974.0 0.002933693576778751
975.0 0.0031333860533777624
976.0 0.0032294487027684227
977.0 0.003325510988361202
978.0 0.003170778290950693
979.0 0.0030160457754391246
980.0 0.003001665390911512
981.0 0.0029872850063838996
982.0 0.003059015580220148
983.0 0.0031307466997532174
984.0 0.0030723109375685453
985.0 0.003013874993484933
986.0 0.0028919945179950446
987.0 0.0027701140425051562
988.0 0.002581896842457354
989.0 0.0023936800062074326
990.0 0.002452034459565766
991.0 0.00251038909482304
992.0 0.0025680648832349107
993.0 0.002625741035444662
994.0 0.0026774512662086636
995.0 0.0027291607693769038
996.0 0.0027989754016743973
997.0 0.0028687894882750697
998.0 0.003016030132130254
999.0 0.0031632709578843787
1000.0 0.0032979642128339037
1001.0 0.0034326574677834287
1002.0 0.003622188887675293
1003.0 0.003811720307567157
1004.0 0.003926669887732714
1005.0 0.004041619104100391
1006.0 0.00421164404542651
1007.0 0.004381669714348391
1008.0 0.004283111775293946
1009.0 0.004184553836239502
1010.0 0.00420447759097442
1011.0 0.004224401345709339
1012.0 0.004183905548416078
1013.0 0.004143409751122817
1014.0 0.003916490823030472
1015.0 0.0036895715311402455
1016.0 0.0035248856875114143
1017.0 0.003360199843882583
1018.0 0.002963375845865812
1019.0 0.0025665525754448026
1020.0 0.0021695223040296696
1021.0 0.0017724920326145366
1022.0 0.001560463169880677
1023.0 0.001348434034298407
1024.0 0.0014247507351683453
1025.0 0.001501067617937224
1026.0 0.0013824980669596698
1027.0 0.0012639284250326455
1028.0 0.0011501523658807855
1029.0 0.0010363761248299852
1030.0 0.0009293808034271933
1031.0 0.0008223848453781102
1032.0 0.0008302813512273133
1033.0 0.0008381775842281058
1034.0 0.000784509666118538
1035.0 0.0007308417480089702
1036.0 0.0008287724085676018
1037.0 0.0009267027962778229
1038.0 0.0008278687346319202
1039.0 0.0007290346729860175
1040.0 0.0007907480721769389
1041.0 0.0008524615623173304
1042.0 0.0009009233508550096
1043.0 0.0009493847755948082
1044.0 0.000866546542965807
1045.0 0.0007837086741346866
1046.0 0.0007840611033316236
1047.0 0.000784413714427501
1048.0 0.0006913608103786828
1049.0 0.0005983079518045997
1050.0 0.0006606972874578787
1051.0 0.0007230865776364226
1052.0 0.0009932604370987974
1053.0 0.0012634339327632915
1054.0 0.0010339732398279011
1055.0 0.0008045123649935704
1056.0 0.0009063589459401555
1057.0 0.0010082058906846214
1058.0 0.000896921210369328
1059.0 0.0007856368029024452
1060.0 0.0011316344171063974
1061.0 0.0014776315765629988
1062.0 0.001434619480278343
1063.0 0.001391607383993687
1064.0 0.0009611467248760164
1065.0 0.0005306857929099351
1066.0 0.0009987821613322012
1067.0 0.0014668786207039375
1068.0 0.0017777143511921167
1069.0 0.002088549626932945
1070.0 0.0014942947927920613
1071.0 0.0009000399586511776
1072.0 0.001158681061497191
1073.0 0.0014173223462421447
1074.0 0.0020334135115263052
1075.0 0.0026495044949115254
1076.0 0.002961418795166537
1077.0 0.0032733332773204893
1078.0 0.003899076546076685
1079.0 0.0045248205424286425
1080.0 0.00432291162724141
1081.0 0.004121002348256297
1082.0 0.004070291470270604
1083.0 0.00401958059228491
1084.0 0.004689518755185418
1085.0 0.005359456554288045
1086.0 0.00530807301402092
1087.0 0.005256689473753795
1088.0 0.005102265276946127
1089.0 0.004947841807734221
1090.0 0.004777528010890819
1091.0 0.004607214214047417
1092.0 0.004110081499675289
1093.0 0.00361294842150528
1094.0 0.004062945299665444
1095.0 0.004512941814027727
1096.0 0.0035183704312657937
1097.0 0.0025237988666049205
1098.0 0.0017408776329830289
1099.0 0.000957956763159018
1100.0 0.0011980934687016997
1101.0 0.0014382297194970306
