lsstCam/transmission_filter_detector/r11_s12/r_57/19700101T000000.ecsv
# %ECSV 1.0
# ---
# datatype:
# - {name: wavelength, unit: nm, datatype: float32}
# - {name: efficiency, unit: '%', datatype: float64}
# meta: !!omap
# - {MODE: DETECTOR}
# - {TYPE: transmission_filter_detector}
# - {CALIBDATE: '1970-01-01T00:00:00'}
# - {INSTRUME: LSSTCam}
# - {OBSTYPE: transmission_filter_detector}
# - {CALIBCLS: lsst.ip.isr.IntermediateFilterDetectorTransmissionCurve}
# - {SOURCE: Materion (DM-46256)}
# - {DETECTOR: 41}
# - {FILTER: r_57}
# - {CALIB_ID: 'calibDate=1970-01-01T00:00:00 filter=r_57 detector=41'}
# - {DATE: '2025-04-02T15:59:44.375546'}
# - {CALIB_CREATION_DATE: '2025-04-02'}
# - {CALIB_CREATION_TIME: '15:59:44'}
# - __serialized_columns__:
#     efficiency:
#       __class__: astropy.units.quantity.Quantity
#       unit: !astropy.units.Unit {unit: '%'}
#       value: !astropy.table.SerializedColumn {name: efficiency}
#     wavelength:
#       __class__: astropy.units.quantity.Quantity
#       unit: !astropy.units.Unit {unit: nm}
#       value: !astropy.table.SerializedColumn {name: wavelength}
# schema: astropy-2.0
wavelength efficiency
300.0 0.0016263493307633325
301.0 0.00481423303426709
302.0 0.008002116373972967
303.0 0.01034226079354994
304.0 0.012682404485531151
305.0 0.011291761620668694
306.0 0.009901118755806237
307.0 0.009163864160655066
308.0 0.008426611020695418
309.0 0.007451093551935628
310.0 0.006475573900388554
311.0 0.005802007581223734
312.0 0.005128441625856794
313.0 0.004758196882903576
314.0 0.004387952503748238
315.0 0.004370887836557813
316.0 0.004353823169367388
317.0 0.003978993845521472
318.0 0.0036041637940797955
319.0 0.0033204018109245226
320.0 0.0030366392820724286
321.0 0.0027501922886585817
322.0 0.0024637452952447347
323.0 0.002245090036012698
324.0 0.002026434594881721
325.0 0.002010906428040471
326.0 0.0019953778974013403
327.0 0.0021906313122599386
328.0 0.0023858845452195965
329.0 0.0023793234504410066
330.0 0.0023727623556624167
331.0 0.0021005693270126358
332.0 0.0018283764802617952
333.0 0.0017121577911893837
334.0 0.0015959392840159126
335.0 0.0014082966117712203
336.0 0.0012206537576275878
337.0 0.0011690856808854733
338.0 0.001117517695092829
339.0 0.0010802486031025182
340.0 0.0010429794201627374
341.0 0.001061755210685078
342.0 0.0010805310012074187
343.0 0.00102697031252319
344.0 0.0009734096238389611
345.0 0.0008900751709006727
346.0 0.0008067408089118544
347.0 0.0007886385901656467
348.0 0.0007705365533183794
349.0 0.0007492146778531605
350.0 0.0055890232033561915
351.0 0.005840613812324591
352.0 0.006092204785090871
353.0 0.005558261182159185
354.0 0.005024318306823261
355.0 0.005056658483226784
356.0 0.0050889993872260675
357.0 0.006811027560615912
358.0 0.008533056825399399
359.0 0.006267245771596208
360.0 0.004001435081590898
361.0 0.002613200558698736
362.0 0.0012249657629581634
363.0 0.0023531418264610693
364.0 0.0034813176171155646
365.0 0.003543255661497824
366.0 0.003605194069677964
367.0 0.002708189276745543
368.0 0.0018111843019141816
369.0 0.0015211606296361424
370.0 0.001231137321155984
371.0 0.0016165700799319893
372.0 0.002002003020606935
373.0 0.002509909427317325
374.0 0.003017815834027715
375.0 0.002709546788537409
376.0 0.002401278106844984
377.0 0.0013485588169714902
378.0 0.0002958397089969367
379.0 0.0011177223314007279
380.0 0.001939604953804519
381.0 0.0026899060685536824
382.0 0.003440207365201786
383.0 0.0033317610359517857
384.0 0.0032233147067017853
385.0 0.0041240244172513485
386.0 0.0050247330364072695
387.0 0.0045054177462589
388.0 0.00398610245611053
389.0 0.003484520857455209
390.0 0.0029829388950020075
391.0 0.0020874909751000814
392.0 0.0011920426914002746
393.0 0.0012438563317118678
394.0 0.0012956696082255803
395.0 0.0008961203093349468
396.0 0.0004965710559190484
397.0 0.0006007864612911362
398.0 0.0007050021395116346
399.0 0.0005771119958808413
400.0 0.0004492213975026971
401.0 2.8995748380111763e-05
402.0 1.589976739678478e-10
403.0 1.589976739678478e-10
404.0 5.41545205123839e-05
405.0 0.0006503113127109827
406.0 0.0012464677638490684
407.0 0.0017203619790961966
408.0 0.0021942560124443844
409.0 0.0018055830878438428
410.0 0.001416910072293831
411.0 0.0010466113963047974
412.0 0.000676312856739969
413.0 0.0006583458343811799
414.0 0.000640378902971861
415.0 0.0006353810931614134
416.0 0.0006303836926235817
417.0 0.0012700831575784832
418.0 0.0019097831682302058
419.0 0.0022786152840126306
420.0 0.002647447763592936
421.0 0.00400347234972287
422.0 0.005359496935852803
423.0 0.008202117896871641
424.0 0.011044737038901076
425.0 0.015059536963235587
426.0 0.019074334704782814
427.0 0.01982974645216018
428.0 0.02058516110992059
429.0 0.01567773288115859
430.0 0.01077030465239659
431.0 0.007666975579923019
432.0 0.004563645052257925
433.0 0.003562705751392059
434.0 0.002561766450526193
435.0 0.002031775875366293
436.0 0.0015017849364085123
437.0 0.0013086087164992932
438.0 0.0011154326784890145
439.0 0.0009556061741022859
440.0 0.0007957797606650274
441.0 0.001056049222825095
442.0 0.0013163187759346329
443.0 0.0016713258446543477
444.0 0.002026333095273003
445.0 0.002003533336392138
446.0 0.001980733395612333
447.0 0.0017242433386854827
448.0 0.0014677532817586325
449.0 0.0014207502317731269
450.0 0.0013737466360908002
451.0 0.0014066478797758464
452.0 0.0014395492144103628
453.0 0.0014649661352450494
454.0 0.001490383056079736
455.0 0.0013365530321607366
456.0 0.0011827231901406776
457.0 0.0008059030733420514
458.0 0.00042908309296763036
459.0 0.0007024974820524221
460.0 0.0009759118256624788
461.0 0.0016159803635673597
462.0 0.00225604853767436
463.0 0.00286653757939348
464.0 0.0034770266211126
465.0 0.004467291000764817
466.0 0.005457555380417034
467.0 0.006105878856033087
468.0 0.006754203786840662
469.0 0.005808088826597668
470.0 0.004861975321546197
471.0 0.0037289752071956173
472.0 0.0025959749109460972
473.0 0.0021575177015620284
474.0 0.0017190601283800788
475.0 0.0014101709894021042
476.0 0.00110128212327254
477.0 0.00088803208200261
478.0 0.0006747819043084746
479.0 0.0008676690413267352
480.0 0.0010605560419207904
481.0 0.0007887643732829019
482.0 0.0005169729320186889
483.0 0.0006166189450595994
484.0 0.0007162647762015695
485.0 0.0006523565843963297
486.0 0.0005884482561668847
487.0 0.0005876918748981552
488.0 0.0005869353572052205
489.0 0.0005398288976721233
490.0 0.0004927223471895559
491.0 0.0006351932825054973
492.0 0.0007776641723467037
493.0 0.0009157342901744414
494.0 0.0010538044989516493
495.0 0.0009367706297780387
496.0 0.0008197367606044281
497.0 0.001059092210198287
498.0 0.0012984474778932054
499.0 0.001268987853109138
500.0 0.0012395284102240112
501.0 0.0014311173799796961
502.0 0.0016227066225837916
503.0 0.0019525195966707543
504.0 0.002282332570757717
505.0 0.0028178206775919534
506.0 0.00335330878442619
507.0 0.003963218478020281
508.0 0.004573128171614371
509.0 0.005087838871986605
510.0 0.005602548117167316
511.0 0.004987272041034885
512.0 0.004371995237306692
513.0 0.0037408834032248706
514.0 0.0031097712053451687
515.0 0.002925928492913954
516.0 0.002742085780482739
517.0 0.002523349758121185
518.0 0.002304613735759631
519.0 0.06651643197983503
520.0 0.10660451371222734
521.0 0.11092006461694837
522.0 0.08206582278944552
523.0 0.052664452232420444
524.0 0.12382060522213578
525.0 0.07712298538535833
526.0 0.07401130278594792
527.0 0.13211278710514307
528.0 0.09625815437175333
529.0 0.1444928697310388
530.0 0.1307433471083641
531.0 0.18213149160146713
532.0 0.19158037612214684
533.0 0.271712732501328
534.0 0.3560446435585618
535.0 0.3977172542363405
536.0 0.5198867060244083
537.0 0.7666227873414755
538.0 1.1617021635174751
539.0 1.7421653494238853
540.0 2.8480272740125656
541.0 4.288819804787636
542.0 6.419898569583893
543.0 9.169730544090271
544.0 12.449292093515396
545.0 16.2579208612442
546.0 20.893071591854095
547.0 26.600322127342224
548.0 33.74949395656586
549.0 41.63432419300079
550.0 48.75596761703491
551.0 56.74663782119751
552.0 62.65394687652588
553.0 68.326735496521
554.0 72.47734665870667
555.0 76.86359882354736
556.0 80.88265657424927
557.0 83.73976349830627
558.0 87.12145686149597
559.0 90.17940163612366
560.0 91.378915309906
561.0 93.34176778793335
562.0 94.31512951850891
563.0 94.62481737136841
564.0 95.38258910179138
565.0 94.59519386291504
566.0 95.44660449028015
567.0 94.43882703781128
568.0 95.09035348892212
569.0 96.22702598571777
570.0 95.50379514694214
571.0 96.01410627365112
572.0 96.09257578849792
573.0 96.27289772033691
574.0 96.6424286365509
575.0 96.47037982940674
576.0 96.78000211715698
577.0 96.2540864944458
578.0 96.51091694831848
579.0 96.6668963432312
580.0 95.8573579788208
581.0 95.88695168495178
582.0 96.25612497329712
583.0 96.29496932029724
584.0 95.73997855186462
585.0 95.79243659973145
586.0 95.8755612373352
587.0 95.7834243774414
588.0 95.94408869743347
589.0 96.98410034179688
590.0 95.96779942512512
591.0 95.24850249290466
592.0 95.32874822616577
593.0 95.19199728965759
594.0 95.58829069137573
595.0 95.60322761535645
596.0 96.42608165740967
597.0 96.69153094291687
598.0 96.39909267425537
599.0 96.26618027687073
600.0 96.30143642425537
601.0 95.62604427337646
602.0 96.25308513641357
603.0 96.13373279571533
604.0 95.68448066711426
605.0 96.22811675071716
606.0 95.4965889453888
607.0 95.81425189971924
608.0 95.95609903335571
609.0 95.10809183120728
610.0 95.430588722229
611.0 95.08671760559082
612.0 95.54897546768188
613.0 96.25583291053772
614.0 96.18746638298035
615.0 95.71675062179565
616.0 95.87777853012085
617.0 95.80050706863403
618.0 95.66355347633362
619.0 96.48204445838928
620.0 95.52009701728821
621.0 94.98972296714783
622.0 95.83479166030884
623.0 96.0400640964508
624.0 95.68406343460083
625.0 96.4654266834259
626.0 95.55038809776306
627.0 94.46704387664795
628.0 96.51948809623718
629.0 94.98772025108337
630.0 96.07173204421997
631.0 95.40004134178162
632.0 96.45528197288513
633.0 95.8716869354248
634.0 95.38710713386536
635.0 95.68948149681091
636.0 95.60644626617432
637.0 95.41839361190796
638.0 95.15584707260132
639.0 94.89478468894958
640.0 95.10774612426758
641.0 95.22777199745178
642.0 95.32968997955322
643.0 95.67256569862366
644.0 95.38634419441223
645.0 95.58541774749756
646.0 95.55637240409851
647.0 96.62556648254395
648.0 95.8097755908966
649.0 95.05030512809753
650.0 95.9093451499939
651.0 96.3177740573883
652.0 96.5391755104065
653.0 95.5478847026825
654.0 96.02711796760559
655.0 96.26979231834412
656.0 95.30258774757385
657.0 95.34533023834229
658.0 95.92512845993042
659.0 95.88637948036194
660.0 95.00530958175659
661.0 95.11686563491821
662.0 95.5213189125061
663.0 95.17989754676819
664.0 94.8709785938263
665.0 94.9184238910675
666.0 95.222407579422
667.0 95.53638696670532
668.0 94.9051022529602
669.0 95.07986307144165
670.0 95.0882077217102
671.0 95.17677426338196
672.0 94.83131170272827
673.0 95.24994492530823
674.0 94.54757571220398
675.0 95.09196281433105
676.0 94.54898238182068
677.0 93.5299813747406
678.0 93.15279126167297
679.0 92.21415519714355
680.0 91.21559858322144
681.0 90.08814096450806
682.0 88.04469704627991
683.0 85.15304923057556
684.0 81.77151083946228
685.0 78.64512801170349
686.0 74.53444004058838
687.0 70.07827758789062
688.0 65.6541645526886
689.0 60.86084246635437
690.0 55.75035214424133
691.0 51.65398120880127
692.0 47.11754322052002
693.0 42.800065875053406
694.0 37.7780944108963
695.0 32.834482192993164
696.0 27.666333317756653
697.0 22.640037536621094
698.0 17.017653584480286
699.0 12.501944601535797
700.0 8.834481984376907
701.0 5.665238946676254
702.0 3.557402640581131
703.0 2.1073151379823685
704.0 1.246554683893919
705.0 0.6953219417482615
706.0 0.4639450926333666
707.0 0.33521801233291626
708.0 0.14268819941207767
709.0 0.15665984246879816
710.0 0.1260079676285386
711.0 0.07504140376113355
712.0 0.03473482793197036
713.0 0.06737267831340432
714.0 0.05538283730857074
715.0 0.060706184012815356
716.0 0.061331846518442035
717.0 0.03350685292389244
718.0 0.028405949706211686
719.0 0.068942632060498
720.0 1.589976739678478e-10
721.0 0.00453292450401932
722.0 0.004308323696022853
723.0 0.004083723251824267
724.0 0.003764553548535332
725.0 0.0034453842090442777
726.0 0.0031901883630780503
727.0 0.0029349928809097037
728.0 0.002808230055961758
729.0 0.0026814668672159314
730.0 0.002473521999490913
731.0 0.002265577313664835
732.0 0.0022623929908149876
733.0 0.00225920866796514
734.0 0.002156391929020174
735.0 0.002053575008176267
736.0 0.0018755748897092417
737.0 0.0016975747712422162
738.0 0.0016880543626029976
739.0 0.001678533953963779
740.0 0.0016434130884590559
741.0 0.0016082920410553925
742.0 0.0014879777154419571
743.0 0.0013676633898285218
744.0 0.0014114278201304842
745.0 0.0014551921594829764
746.0 0.001376143700326793
747.0 0.0012970952411706094
748.0 0.0011658366020128597
749.0 0.00103457796285511
750.0 0.0010302641385351308
751.0 0.001025950496114092
752.0 0.0010888436918321531
753.0 0.001151736705651274
754.0 0.0011436814929766115
755.0 0.0011356265531503595
756.0 0.0011041853213100694
757.0 0.001072743907570839
758.0 0.001100855297408998
759.0 0.0011289665053482167
760.0 0.0011453425031504594
761.0 0.0011617187738011125
762.0 0.0011246627764194272
763.0 0.0010876071428356227
764.0 0.001032318778015906
765.0 0.0009770305041456595
766.0 0.0008157146112353075
767.0 0.0006543987183249556
768.0 0.0006531546205224004
769.0 0.0006519104772451101
770.0 0.0007731516234343871
771.0 0.0008943930879468098
772.0 0.0008108838301268406
773.0 0.0007273744358826661
774.0 0.0008408858775510453
775.0 0.0009543973646941595
776.0 0.0009409425729245413
777.0 0.0009274879630538635
778.0 0.0008877092113834806
779.0 0.0008479305506625678
780.0 0.0007558844572486123
781.0 0.000663838454784127
782.0 0.0007562293831142597
783.0 0.0008486203114443924
784.0 0.0008656348654767498
785.0 0.0008826491466606967
786.0 0.000802692102297442
787.0 0.0007227350124594523
788.0 0.0007016267318249447
789.0 0.0006805185876146425
790.0 0.000729565317669767
791.0 0.0007786119567754213
792.0 0.0007977052518981509
793.0 0.0008167984560714103
794.0 0.0008631216587673407
795.0 0.0009094444976653904
796.0 0.0007359712526522344
797.0 0.0005624979166896082
798.0 0.0007410902526316931
799.0 0.0009196824976243079
800.0 0.0008164244718500413
801.0 0.0007131661277526291
802.0 0.0006331654276436893
803.0 0.0005531645001610741
804.0 0.0006724842478433857
805.0 0.0007918040864751674
806.0 0.000729918792785611
807.0 0.0006680336355202598
808.0 0.0008042923582252115
809.0 0.0009405510354554281
810.0 0.0008369370334548876
811.0 0.0007333231224038173
812.0 0.0007365239980572369
813.0 0.0007397248282359214
814.0 0.0005989722922095098
815.0 0.00045821980165783316
816.0 0.0006178148851176957
817.0 0.0007774100595270284
818.0 0.0007266036391229136
819.0 0.0006757972187187988
820.0 0.0005211964889895171
821.0 0.00036659575926023535
822.0 0.00040422137317364104
823.0 0.0004418470325617818
824.0 0.00047589651330781635
825.0 0.0005099459940538509
826.0 0.0005346589205146302
827.0 0.0005593718469754094
828.0 0.0004319535037211608
829.0 0.0003045351604669122
830.0 0.0001604160161150503
831.0 1.6296903027068765e-05
832.0 5.697638698620722e-05
833.0 9.765585673449095e-05
834.0 6.836373813712271e-05
835.0 3.907157974936126e-05
836.0 0.0003335822611916228
837.0 0.0006280931302171666
838.0 0.0007730374818493146
839.0 0.0009179818334814627
840.0 0.0012270053048268892
841.0 0.0015360286852228455
842.0 0.00202250976144569
843.0 0.0025089908376685344
844.0 0.002237944681837689
845.0 0.0019668988898047246
846.0 0.0017329521142528392
847.0 0.0014990051568020135
848.0 0.0014892969375068787
849.0 0.001479588263464393
850.0 0.0013851170479028951
851.0 0.0012906459232908674
852.0 0.0011939969226659741
853.0 0.0010973477401421405
854.0 0.0009768505151441786
855.0 0.000856352926348336
856.0 0.0006595511877094395
857.0 0.00046274954002001323
858.0 0.0005456011422211304
859.0 0.0006284526534727775
860.0 0.0004835433173866477
861.0 0.00033863389035104774
862.0 0.0003906603978975909
863.0 0.000442686905444134
864.0 0.00028747872420353815
865.0 0.0001322706111750449
866.0 7.538374688920157e-05
867.0 1.84968499183924e-05
868.0 9.038719213094737e-05
869.0 0.00016227751302722027
870.0 2.6768509542307584e-05
871.0 1.589976739678478e-10
872.0 1.589976739678478e-10
873.0 1.589976739678478e-10
874.0 1.589976739678478e-10
875.0 1.589976739678478e-10
876.0 1.589976739678478e-10
877.0 1.589976739678478e-10
878.0 0.00010783369361888617
879.0 0.00023008942662272602
880.0 0.00016313667856593383
881.0 9.61839077717741e-05
882.0 8.604405365986167e-05
883.0 7.590422796965868e-05
884.0 1.589976739678478e-10
885.0 1.589976739678478e-10
886.0 1.4879671539347328e-05
887.0 0.00012495866030803882
888.0 0.00018405432911094977
889.0 0.00024314999791386072
890.0 0.00017355602039970108
891.0 0.0001039620201481739
892.0 1.589976739678478e-10
893.0 1.589976739678478e-10
894.0 1.589976739678478e-10
895.0 8.080642999175325e-06
896.0 3.816931837263837e-05
897.0 6.825804348409292e-05
898.0 8.907902611099416e-05
899.0 0.00010989998600052786
900.0 2.156815952503166e-05
901.0 1.589976739678478e-10
902.0 1.589976739678478e-10
