lsstCam/transmission_filter_detector/r11_s12/r_57/19700101T000000.ecsv
# %ECSV 1.0
# ---
# datatype:
# - {name: wavelength, unit: nm, datatype: float32}
# - {name: efficiency, unit: '%', datatype: float64}
# meta: !!omap
# - {MODE: DETECTOR}
# - {TYPE: transmission_filter_detector}
# - {CALIBDATE: '1970-01-01T00:00:00'}
# - {INSTRUME: LSSTCam}
# - {OBSTYPE: transmission_filter_detector}
# - {CALIBCLS: lsst.ip.isr.IntermediateFilterDetectorTransmissionCurve}
# - {SOURCE: Materion (DM-46256)}
# - {DETECTOR: 41}
# - {FILTER: r_57}
# - {CALIB_ID: 'calibDate=1970-01-01T00:00:00 filter=r_57 detector=41'}
# - {DATE: '2025-04-02T15:59:44.375546'}
# - {CALIB_CREATION_DATE: '2025-04-02'}
# - {CALIB_CREATION_TIME: '15:59:44'}
# - __serialized_columns__:
#     efficiency:
#       __class__: astropy.units.quantity.Quantity
#       unit: !astropy.units.Unit {unit: '%'}
#       value: !astropy.table.SerializedColumn {name: efficiency}
#     wavelength:
#       __class__: astropy.units.quantity.Quantity
#       unit: !astropy.units.Unit {unit: nm}
#       value: !astropy.table.SerializedColumn {name: wavelength}
# schema: astropy-2.0
wavelength efficiency
[from data line 604]
904.0 1.589976739678478e-10
905.0 5.0839179266404244e-05
906.0 1.589976739678478e-10
907.0 1.589976739678478e-10
908.0 1.589976739678478e-10
909.0 1.589976739678478e-10
910.0 1.589976739678478e-10
911.0 1.589976739678478e-10
912.0 1.589976739678478e-10
913.0 1.589976739678478e-10
914.0 1.589976739678478e-10
915.0 5.765462560702872e-05
916.0 2.652899979693757e-05
917.0 1.589976739678478e-10
918.0 7.358827360803843e-05
919.0 0.00015177313343883725
920.0 6.031705197528936e-05
921.0 1.589976739678478e-10
922.0 7.134468660296989e-05
923.0 0.00017382842543156585
924.0 0.00017616011973586865
925.0 0.00017849181404017145
926.0 0.00017421915572413127
927.0 0.0001699464974080911
928.0 0.00019639708170871018
929.0 0.00022284766600932926
930.0 0.00022521794562635478
931.0 0.00022758824798074784
932.0 0.00010371784355811542
933.0 1.589976739678478e-10
934.0 0.00012172550896139
935.0 0.0002636034651004593
936.0 0.0002588485131127527
937.0 0.0002540935611250461
938.0 0.0003280045120845898
939.0 0.00040191548578150105
940.0 0.0003363404857736896
941.0 0.00027076546302851057
942.0 0.00036408457617653767
943.0 0.0004574037120619323
944.0 0.00033824478578026174
945.0 0.0002190859277106938
946.0 0.0002786569666568539
947.0 0.0003382279828656465
948.0 0.0004434408765519038
949.0 0.0005486539066623664
950.0 0.0005403607701737201
951.0 0.0005320676336850738
952.0 0.0006709832177875796
953.0 0.0008098989383142907
954.0 0.001122830235544825
955.0 0.0014357617146742996
956.0 0.0014950457625673153
957.0 0.0015543297195108607
958.0 0.0016736879842937924
959.0 0.0017930464309756644
960.0 0.0019179178707418032
961.0 0.0020427894924068823
962.0 0.002213661718997173
963.0 0.002384534127486404
964.0 0.0024379900423809886
965.0 0.002491445775376633
966.0 0.002487474739609752
967.0 0.002483503703842871
968.0 0.0024471293727401644
969.0 0.0024107554054353386
970.0 0.002491611667210236
971.0 0.0025724682927830145
972.0 0.002627875619509723
973.0 0.0026832824005396105
974.0 0.002872901131922845
975.0 0.003062519317609258
976.0 0.0031750034395372495
977.0 0.003287487561465241
978.0 0.00316296900564339
979.0 0.0030384509955183603
980.0 0.002959656558232382
981.0 0.0028808619390474632
982.0 0.0029464745239238255
983.0 0.0030120869269012474
984.0 0.002963749830087181
985.0 0.002915412733273115
986.0 0.002850849887181539
987.0 0.002786287041089963
988.0 0.002611778472783044
989.0 0.002437270086375065
990.0 0.002469283572281711
991.0 0.002501296876289416
992.0 0.0025450992325204425
993.0 0.002588901770650409
994.0 0.00264123227680102
995.0 0.0026935620553558692
996.0 0.002773164123937022
997.0 0.002852766374417115
998.0 0.0029813250876031816
999.0 0.0031098839826881886
1000.0 0.00325301407428924
1001.0 0.003396144529688172
1002.0 0.0035957211366621777
1003.0 0.0037952973798383027
1004.0 0.003923525946447626
1005.0 0.004051754149259068
1006.0 0.004248395998729393
1007.0 0.004445038575795479
1008.0 0.004348688162281178
1009.0 0.004252337384968996
1010.0 0.004223685027682222
1011.0 0.004195032670395449
1012.0 0.004157119110459462
1013.0 0.004119205550523475
1014.0 0.0038700163713656366
1015.0 0.0036208268284099177
1016.0 0.0034646658605197445
1017.0 0.0033085045288316905
1018.0 0.002944848711194936
1019.0 0.002581193439255003
1020.0 0.0022038699171389453
1021.0 0.0018265463950228877
1022.0 0.0016051428247010335
1023.0 0.0013837387086823583
1024.0 0.0014131721400190145
1025.0 0.0014426059351535514
1026.0 0.0013300416867423337
1027.0 0.0012174771654827055
1028.0 0.001143289318861207
1029.0 0.001069101199391298
1030.0 0.0010136539458471816
1031.0 0.0009582061466062441
1032.0 0.0009601041710993741
1033.0 0.0009620020136935636
1034.0 0.0008461400284431875
1035.0 0.0007302778158191359
1036.0 0.0008241260729846545
1037.0 0.0009179739208775572
1038.0 0.0008548463483748492
1039.0 0.0007917187758721411
1040.0 0.0008546229764760938
1041.0 0.0009175271770800464
1042.0 0.0009890910405374598
1043.0 0.0010606545401969925
1044.0 0.0009454517567064613
1045.0 0.0008302493370138109
1046.0 0.0008553949555789586
1047.0 0.0008805407560430467
1048.0 0.0007506827387260273
1049.0 0.0006208246304595377
1050.0 0.0006389634563674917
1051.0 0.0006571022368007107
1052.0 0.0009939525625668466
1053.0 0.0013308023881108966
1054.0 0.001124927894124994
1055.0 0.0009190532182401512
1056.0 0.0009350945219921414
1057.0 0.0009511361895420123
1058.0 0.0008937065103964414
1059.0 0.0008362771950487513
1060.0 0.0010517578630242497
1061.0 0.001267237985302927
1062.0 0.0013569310794991907
1063.0 0.0014466240827459842
1064.0 0.0011725212061719503
1065.0 0.0008984180567495059
1066.0 0.0011512757737364154
1067.0 0.0014041335816727951
1068.0 0.001687345684331376
1069.0 0.0019705574231920764
1070.0 0.001508778404968325
1071.0 0.0010469993867445737
1072.0 0.001358937515760772
1073.0 0.0016708758266759105
1074.0 0.002323866283404641
1075.0 0.002976856740133371
1076.0 0.0033612835977692157
1077.0 0.00374571027350612
1078.0 0.004022705616080202
1079.0 0.004299701322452165
1080.0 0.004171508771833032
1081.0 0.004043315857416019
1082.0 0.00397646363126114
1083.0 0.003909611768904142
1084.0 0.00451554951723665
1085.0 0.005121486901771277
1086.0 0.0051814797188853845
1087.0 0.0052414728997973725
1088.0 0.005097144457977265
1089.0 0.004952816379955038
1090.0 0.0046704779379069805
1091.0 0.004388138768263161
1092.0 0.003827524051303044
1093.0 0.0032669093343429267
1094.0 0.0036189241654938087
1095.0 0.003970938996644691
1096.0 0.003088427911279723
1097.0 0.0022059164621168748
1098.0 0.0017078758901334368
1099.0 0.001209835409099469
1100.0 0.0014061865840631071
1101.0 0.0016025374861783348
