lsstCam/transmission_filter_detector/r30_s10/r_57/19700101T000000.ecsv
# %ECSV 1.0
# ---
# datatype:
# - {name: wavelength, unit: nm, datatype: float32}
# - {name: efficiency, unit: '%', datatype: float64}
# meta: !!omap
# - {MODE: DETECTOR}
# - {TYPE: transmission_filter_detector}
# - {CALIBDATE: '1970-01-01T00:00:00'}
# - {INSTRUME: LSSTCam}
# - {OBSTYPE: transmission_filter_detector}
# - {CALIBCLS: lsst.ip.isr.IntermediateFilterDetectorTransmissionCurve}
# - {SOURCE: Materion (DM-46256)}
# - {DETECTOR: 120}
# - {FILTER: r_57}
# - {CALIB_ID: 'calibDate=1970-01-01T00:00:00 filter=r_57 detector=120'}
# - {DATE: '2025-04-02T15:59:44.738356'}
# - {CALIB_CREATION_DATE: '2025-04-02'}
# - {CALIB_CREATION_TIME: '15:59:44'}
# - __serialized_columns__:
#     efficiency:
#       __class__: astropy.units.quantity.Quantity
#       unit: !astropy.units.Unit {unit: '%'}
#       value: !astropy.table.SerializedColumn {name: efficiency}
#     wavelength:
#       __class__: astropy.units.quantity.Quantity
#       unit: !astropy.units.Unit {unit: nm}
#       value: !astropy.table.SerializedColumn {name: wavelength}
# schema: astropy-2.0
wavelength efficiency
300.0 0.0026478292056708597
301.0 0.007525436376454309
302.0 0.012403044092934579
303.0 0.015844759764149785
304.0 0.01928647543536499
305.0 0.01743259053910151
306.0 0.015578708553221077
307.0 0.01360983878839761
308.0 0.011640971206361428
309.0 0.01043823140207678
310.0 0.009235491597792134
311.0 0.008247677033068612
312.0 0.007259863195940852
313.0 0.006874738755868748
314.0 0.006489615043392405
315.0 0.006394030060619116
316.0 0.006298444350250065
317.0 0.005796528421342373
318.0 0.005294611401041038
319.0 0.00499799607496243
320.0 0.0047013814764795825
321.0 0.00428891034971457
322.0 0.003876439222949557
323.0 0.0036000183172291145
324.0 0.0033235970477107912
325.0 0.0032584073778707534
326.0 0.0031932180718285963
327.0 0.003497696525300853
328.0 0.003802174614975229
329.0 0.00374164228560403
330.0 0.0036811106838285923
331.0 0.003481690146145411
332.0 0.0032822696084622294
333.0 0.003054759872611612
334.0 0.002827250864356756
335.0 0.002471511652402114
336.0 0.0021157722585485317
337.0 0.0019104001694358885
338.0 0.001705027898424305
339.0 0.0015712137610535137
340.0 0.0014373998055816628
341.0 0.0014308554455055855
342.0 0.001424310994480038
343.0 0.0013523029338102788
344.0 0.0012802949640899897
345.0 0.001225070263899397
346.0 0.0011698456546582747
347.0 0.0011732863640645519
348.0 0.0011767272553697694
349.0 0.0011576892575249076
350.0 0.0026509378585615195
351.0 0.005091974162496626
352.0 0.007533009920734912
353.0 0.007272011862369254
354.0 0.007011014531599358
355.0 0.005534634692594409
356.0 0.0040582544897915795
357.0 0.0039035265217535198
358.0 0.003748799645109102
359.0 0.0033969732612604275
360.0 0.003045146877411753
361.0 0.0030626037187175825
362.0 0.003080060560023412
363.0 0.0028654631023528054
364.0 0.002650865826581139
365.0 0.0021337196812964976
366.0 0.001616573536011856
367.0 0.0022701877242070623
368.0 0.0029238013667054474
369.0 0.003536933218128979
370.0 0.00415006470575463
371.0 0.0038522797694895416
372.0 0.0035544944694265723
373.0 0.0029846803954569623
374.0 0.002414866139588412
375.0 0.0012480890291044489
376.0 8.13119640952209e-05
377.0 0.0013992379535920918
378.0 0.002717163988563698
379.0 0.0021765717974631116
380.0 0.001635979970160406
381.0 0.0019878689272445627
382.0 0.0023397578843287192
383.0 0.0033728159905876964
384.0 0.004405874278745614
385.0 0.004958612043992616
386.0 0.0055113498092396185
387.0 0.0051174160034861416
388.0 0.004723482197732665
389.0 0.0035621673305286095
390.0 0.002400852281425614
391.0 0.0020836503608734347
392.0 0.0017664486222201958
393.0 0.001708850140857976
394.0 0.0016512518413946964
395.0 0.001299387622566428
396.0 0.0009475234037381597
397.0 0.0007874120456108358
398.0 0.0006273009148571873
399.0 0.0008969122973212507
400.0 0.0011665239981084596
401.0 0.0012905710718769114
402.0 0.0014146182365948334
403.0 0.0012705111657851376
404.0 0.0011264041859249119
405.0 0.0014144089618639555
406.0 0.0017024140106514096
407.0 0.001500961388956057
408.0 0.001299508676311234
409.0 0.0010416596524009947
410.0 0.0007838109013391659
411.0 0.001084218001778936
412.0 0.0013846251931681763
413.0 0.0017846643459051847
414.0 0.0021847037714906037
415.0 0.0022062144125811756
416.0 0.002227725417469628
417.0 0.0018092277969117276
418.0 0.0013907304492022377
419.0 0.0019282681023469195
420.0 0.0024658053007442504
421.0 0.004089704452781007
422.0 0.005713603241019882
423.0 0.009338832023786381
424.0 0.012964059715159237
425.0 0.016773343668319285
426.0 0.020582629076670855
427.0 0.020695096463896334
428.0 0.020807565306313336
429.0 0.016438883903902024
430.0 0.01207020177389495
431.0 0.00853366800583899
432.0 0.00499713423778303
433.0 0.004120022640563548
434.0 0.0032429114071419463
435.0 0.002727644459810108
436.0 0.00221237769437721
437.0 0.0014875289707561024
438.0 0.0007626802926097298
439.0 0.0008964407243183814
440.0 0.0010302010196028277
441.0 0.001150022308138432
442.0 0.0012698437785729766
443.0 0.001508044806541875
444.0 0.0017462458345107734
445.0 0.0015568057278869674
446.0 0.0013673658941115718
447.0 0.0013313076124177314
448.0 0.001295249330723891
449.0 0.0014396690858120564
450.0 0.0015840887499507517
451.0 0.0016406822396675125
452.0 0.001697275547485333
453.0 0.001706310831650626
454.0 0.0017153459339169785
455.0 0.0014431245290325023
456.0 0.0011709032150974963
457.0 0.0010475613635207992
458.0 0.0009242192390956916
459.0 0.0010936001672234852
460.0 0.0012629810953512788
461.0 0.0017107318853959441
462.0 0.00215848303923849
463.0 0.003168106559314765
464.0 0.004177730443188921
465.0 0.005195597987039946
466.0 0.00621346480329521
467.0 0.006650738214375451
468.0 0.007088011625455692
469.0 0.0061372498748824
470.0 0.005186488124309108
471.0 0.003898059731000103
472.0 0.002609631155792158
473.0 0.0018720038497122005
474.0 0.0011343762707838323
475.0 0.0008135169991874136
476.0 0.0004926576821162598
477.0 0.000670973167871125
478.0 0.0008492886991007254
479.0 0.0007506647307309322
480.0 0.0006520408078358741
481.0 0.0006143300652183825
482.0 0.000576619368075626
483.0 0.0006107274657551898
484.0 0.0006448356543842237
485.0 0.0007302379799511982
486.0 0.000815640487417113
487.0 0.0006146437044662889
488.0 0.00041364696699019987
489.0 0.0006846451469755266
490.0 0.0009556432814861182
491.0 0.0009533190677757375
492.0 0.000950994945014827
493.0 0.0009833814146986697
494.0 0.0010157679753319826
495.0 0.0010494612979528029
496.0 0.0010831543477252126
497.0 0.0010778904652397614
498.0 0.0010726266737037804
499.0 0.0011868861292896327
500.0 0.001301145675824955
501.0 0.0013859050341125112
502.0 0.0014706640286021866
503.0 0.0018906093828263693
504.0 0.002310554191353731
505.0 0.002839180342562031
506.0 0.003367806493770331
507.0 0.0041603601857787
508.0 0.004952914241584949
509.0 0.005283111386233941
510.0 0.005613309258478694
511.0 0.005143790986039676
512.0 0.004674272713600658
513.0 0.0039478374674217775
514.0 0.003221402585040778
515.0 0.0029864164389437065
516.0 0.0027514304747455753
517.0 0.00283769732050132
518.0 0.002923963802459184
519.0 1.9704045253060576e-10
520.0 0.019635650096461177
521.0 0.13024220243096352
522.0 0.09362432756461203
523.0 0.07090288563631475
524.0 0.0612936622928828
525.0 0.03823359147645533
526.0 0.05851686582900584
527.0 0.04869466938544065
528.0 0.15170553233474493
529.0 0.226660561747849
530.0 0.15202151844277978
531.0 0.24241858627647161
532.0 0.29825426172465086
533.0 0.35226456820964813
534.0 0.5013567395508289
535.0 0.8103035390377045
536.0 1.163463294506073
537.0 1.8024763092398643
538.0 2.8209183365106583
539.0 4.259983450174332
540.0 6.560695171356201
541.0 9.0975821018219
542.0 12.420575320720673
543.0 16.59235954284668
544.0 21.827293932437897
545.0 27.628210186958313
546.0 34.82261598110199
547.0 42.48842895030975
548.0 51.26124620437622
549.0 59.211695194244385
550.0 64.76865410804749
551.0 70.63243389129639
552.0 74.12801384925842
553.0 78.26372981071472
554.0 81.62573575973511
555.0 84.94292497634888
556.0 88.77047896385193
557.0 90.74919819831848
558.0 93.01508665084839
559.0 95.1893150806427
560.0 94.87068057060242
561.0 95.96426486968994
562.0 96.15591764450073
563.0 95.14909386634827
564.0 95.8890974521637
565.0 95.40126919746399
566.0 96.33061289787292
567.0 95.5166757106781
568.0 96.3857650756836
569.0 97.2416341304779
570.0 96.95045351982117
571.0 97.23804593086243
572.0 97.64821529388428
573.0 97.08963632583618
574.0 97.5615382194519
575.0 96.92055583000183
576.0 97.44903445243835
577.0 97.28310704231262
578.0 97.22452163696289
579.0 97.24065661430359
580.0 96.9232976436615
581.0 96.63665294647217
582.0 97.14035391807556
583.0 97.04698920249939
584.0 96.6326355934143
585.0 96.96775674819946
586.0 97.07962274551392
587.0 96.49730920791626
588.0 96.8726098537445
589.0 97.51657843589783
590.0 96.74649238586426
591.0 96.36703133583069
592.0 96.39338254928589
593.0 96.34736180305481
594.0 96.2663471698761
595.0 96.62258625030518
596.0 97.34966158866882
597.0 97.59476780891418
598.0 97.1226692199707
599.0 97.15006351470947
600.0 97.66002893447876
601.0 96.42639756202698
602.0 96.84893488883972
603.0 96.44858241081238
604.0 96.84088826179504
605.0 97.28677868843079
606.0 96.37924432754517
607.0 96.49360179901123
608.0 96.53451442718506
609.0 96.02370262145996
610.0 96.25435471534729
611.0 96.36712670326233
612.0 96.00759744644165
613.0 96.99628353118896
614.0 97.07875847816467
615.0 96.64080142974854
616.0 96.84244990348816
617.0 96.66097164154053
618.0 96.35558128356934
619.0 97.16782569885254
620.0 96.4674174785614
621.0 95.86991667747498
622.0 97.2781240940094
623.0 96.99985384941101
624.0 96.69805765151978
625.0 97.14257717132568
626.0 96.34236097335815
627.0 95.50753235816956
628.0 97.49777317047119
629.0 95.79251408576965
630.0 96.86060547828674
631.0 96.39863967895508
632.0 96.96443676948547
633.0 96.95734977722168
634.0 96.23908996582031
635.0 96.67053818702698
636.0 96.31792902946472
637.0 95.92776298522949
638.0 95.49484252929688
639.0 95.50269842147827
640.0 95.74001431465149
641.0 95.76186537742615
642.0 96.5939462184906
643.0 96.53053283691406
644.0 96.69677019119263
645.0 97.08387851715088
646.0 96.59550786018372
647.0 97.40200638771057
648.0 96.7336893081665
649.0 95.84311842918396
650.0 96.75576686859131
651.0 97.36655950546265
652.0 97.0895767211914
653.0 96.32665514945984
654.0 97.05373644828796
655.0 96.83331847190857
656.0 96.1130440235138
657.0 96.1844265460968
658.0 96.65586948394775
659.0 96.58710956573486
660.0 96.1174488067627
661.0 95.73097229003906
662.0 96.15996479988098
663.0 95.77398896217346
664.0 95.95804810523987
665.0 95.61135768890381
666.0 95.60760855674744
667.0 95.97521424293518
668.0 95.3687071800232
669.0 96.05231285095215
670.0 95.58067321777344
671.0 95.79060077667236
672.0 95.72280645370483
673.0 95.62011957168579
674.0 94.93545293807983
675.0 95.67757248878479
676.0 95.08395195007324
677.0 93.65785121917725
678.0 92.98308491706848
679.0 92.08998084068298
680.0 91.0291850566864
681.0 89.27505016326904
682.0 86.61280274391174
683.0 83.5075855255127
684.0 79.96479868888855
685.0 76.03709101676941
686.0 71.96846604347229
687.0 66.92216396331787
688.0 62.568116188049316
689.0 58.40716361999512
690.0 53.64601016044617
691.0 49.75942671298981
692.0 45.07722556591034
693.0 40.40684401988983
694.0 35.00693738460541
695.0 29.23993468284607
696.0 23.349401354789734
697.0 17.87470132112503
698.0 12.218441814184189
699.0 8.212658017873764
700.0 5.364226922392845
701.0 3.162018209695816
702.0 1.8682876601815224
703.0 1.050407625734806
704.0 0.5884947255253792
705.0 0.368502177298069
706.0 0.253154500387609
707.0 0.12825237354263663
708.0 0.12462807353585958
709.0 0.08697271696291864
710.0 0.10295702377334237
711.0 0.07792823598720133
712.0 0.032602460123598576
713.0 0.01151917822426185
714.0 0.045515934471040964
715.0 0.017470748571213335
716.0 0.07563962717540562
717.0 0.07719717686995864
718.0 0.048305088421329856
719.0 0.03723050176631659
720.0 1.9704045253060576e-10
721.0 0.004466363679966889
722.0 0.004178682138444856
723.0 0.0038910005969228223
724.0 0.0036202367482474074
725.0 0.0033494728995719925
726.0 0.0031309969926951453
727.0 0.0029125207220204175
728.0 0.002747840335359797
729.0 0.0025831601305981167
730.0 0.0024275337636936456
731.0 0.002271907578688115
732.0 0.00220896108658053
733.0 0.0021460149582708254
734.0 0.0020772675270563923
735.0 0.0020085202777408995
736.0 0.0018838622054317966
737.0 0.001759204315021634
738.0 0.0017091737390728667
739.0 0.0016591431631240994
740.0 0.0016202438928303309
741.0 0.001581344440637622
742.0 0.0014880753951729275
743.0 0.0013948062587587629
744.0 0.0014908111552358605
745.0 0.0015868161426624283
746.0 0.0013716493413085118
747.0 0.0011564822671061847
748.0 0.0012194783266750164
749.0 0.0012824743862438481
750.0 0.0012371451703074854
751.0 0.0011918162272195332
752.0 0.0012129011338402051
753.0 0.0012339864042587578
754.0 0.0011775330676755402
755.0 0.001121079912991263
756.0 0.0010733145245467313
757.0 0.00102554931800114
758.0 0.0010390875104349107
759.0 0.0010526258847676218
760.0 0.0009963408956537023
761.0 0.0009400559065397829
762.0 0.0009158286957244854
763.0 0.0008916016668081284
764.0 0.0009721708011056762
765.0 0.001052739844453754
766.0 0.0009015496289066505
767.0 0.0007503591859858716
768.0 0.0006958128324185964
769.0 0.0006412662514776457
770.0 0.0006628966730204411
771.0 0.0006845270945632365
772.0 0.0007772706339892466
773.0 0.0008700140824657865
774.0 0.0009638068149797618
775.0 0.001057599456544267
776.0 0.0010372672477387823
777.0 0.0010169354936806485
778.0 0.0008701175829628482
779.0 0.0007233000815176638
780.0 0.0007327425009862054
781.0 0.0007421851933031576
782.0 0.0007501751042582327
783.0 0.0007581652880617185
784.0 0.000722319373380742
785.0 0.0006864735041745007
786.0 0.0007760462722217198
787.0 0.0008656189493194688
788.0 0.0006704116003675153
789.0 0.0004752042059408268
790.0 0.0005563151717069559
791.0 0.0006374262284225551
792.0 0.0006912720436957898
793.0 0.000745117677070084
794.0 0.0007432259735651314
795.0 0.0007413344064843841
796.0 0.0006322739864117466
797.0 0.0005232136118138442
798.0 0.0006195203695824603
799.0 0.0007158272637752816
800.0 0.0007545273092546267
801.0 0.0007932270818855613
802.0 0.0008146032996592112
803.0 0.000835979517432861
804.0 0.0007168559022829868
805.0 0.0005977323780825827
806.0 0.0006324283731373725
807.0 0.0006671241408184869
808.0 0.0006521441719087306
809.0 0.0006371639756252989
810.0 0.0006233154635992832
811.0 0.000609466678724857
812.0 0.00047562498366460204
813.0 0.00034178303849330405
814.0 0.00039599162846570835
815.0 0.0004502002411754802
816.0 0.000612112125963904
817.0 0.0007740241926512681
818.0 0.0005864480954187457
819.0 0.00039887190723675303
820.0 0.0005369039172364864
821.0 0.0006749358362867497
822.0 0.0007394453405140666
823.0 0.0008039548447413836
824.0 0.0006635807494603796
825.0 0.0005232064268057002
826.0 0.0005153473921382101
827.0 0.000507488311995985
828.0 0.00044974572119826917
829.0 0.00039200317587528843
830.0 0.00016348836879842565
831.0 1.9704045253060576e-10
832.0 1.9704045253060576e-10
833.0 1.9704045253060576e-10
834.0 1.9704045253060576e-10
835.0 5.0681740049185464e-05
836.0 6.951704563107342e-05
837.0 8.835231710691005e-05
838.0 0.0006223604486876866
839.0 0.0011563685802684631
840.0 0.0014614603060181253
841.0 0.001766552304616198
842.0 0.0023233695173985325
843.0 0.002880187275877688
844.0 0.0034869590308517218
845.0 0.0040937313315225765
846.0 0.004256194006302394
847.0 0.004418657408677973
848.0 0.0038196903915377334
849.0 0.0032207241019932553
850.0 0.0025056724552996457
851.0 0.0017906204448081553
852.0 0.001574302586959675
853.0 0.0013579850019596051
854.0 0.001121209243137855
855.0 0.0008844333933666348
856.0 0.0007534848464274546
857.0 0.0006225360266398638
858.0 0.0005187399892747635
859.0 0.00041494399738439824
860.0 0.0003563809286788455
861.0 0.0002978178599732928
862.0 0.0003767271891774726
863.0 0.00045563647290691733
864.0 0.0004080349754076451
865.0 0.0003604335006457404
866.0 0.0002582742808954208
867.0 0.0001561150270390499
868.0 8.740646535443375e-05
869.0 1.8697876669193647e-05
870.0 1.3659676767474593e-05
871.0 8.621482550097426e-06
872.0 5.790519139736716e-05
873.0 0.00010718890735006426
874.0 9.322374125986244e-05
875.0 7.925852969492553e-05
876.0 8.276886092062341e-05
877.0 8.627922056803072e-05
878.0 0.00011320240673740045
879.0 0.00014012560995979584
880.0 0.00015657664107493474
881.0 0.00017302767219007364
882.0 0.00018748472712104558
883.0 0.00020194177068333374
884.0 9.922390518113389e-05
885.0 1.9704045253060576e-10
886.0 0.00014373924841493135
887.0 0.00029097250262566376
888.0 0.0002742948936429457
889.0 0.0002576173301349627
890.0 0.00018343671399634331
891.0 0.00010925610922640772
892.0 4.3924134729422804e-05
893.0 1.9704045253060576e-10
894.0 1.9704045253060576e-10
895.0 1.9704045253060576e-10
896.0 1.9704045253060576e-10
897.0 2.164380248359521e-05
898.0 4.067806003149599e-05
899.0 5.971228915768734e-05
900.0 2.2866292681555933e-05
901.0 1.9704045253060576e-10
