lsstCam/transmission_filter_detector/r30_s10/r_57/19700101T000000.ecsv
# %ECSV 1.0
# ---
# datatype:
# - {name: wavelength, unit: nm, datatype: float32}
# - {name: efficiency, unit: '%', datatype: float64}
# meta: !!omap
# - {MODE: DETECTOR}
# - {TYPE: transmission_filter_detector}
# - {CALIBDATE: '1970-01-01T00:00:00'}
# - {INSTRUME: LSSTCam}
# - {OBSTYPE: transmission_filter_detector}
# - {CALIBCLS: lsst.ip.isr.IntermediateFilterDetectorTransmissionCurve}
# - {SOURCE: Materion (DM-46256)}
# - {DETECTOR: 120}
# - {FILTER: r_57}
# - {CALIB_ID: 'calibDate=1970-01-01T00:00:00 filter=r_57 detector=120'}
# - {DATE: '2025-04-02T15:59:44.738356'}
# - {CALIB_CREATION_DATE: '2025-04-02'}
# - {CALIB_CREATION_TIME: '15:59:44'}
# - __serialized_columns__:
#     efficiency:
#       __class__: astropy.units.quantity.Quantity
#       unit: !astropy.units.Unit {unit: '%'}
#       value: !astropy.table.SerializedColumn {name: efficiency}
#     wavelength:
#       __class__: astropy.units.quantity.Quantity
#       unit: !astropy.units.Unit {unit: nm}
#       value: !astropy.table.SerializedColumn {name: wavelength}
# schema: astropy-2.0
wavelength efficiency
[from data line 603]
903.0 5.965170544186549e-05
904.0 3.5985672752758546e-05
905.0 1.2319637221480662e-05
906.0 8.628331897853059e-05
907.0 0.0001602470319994609
908.0 0.0002030487848969642
909.0 0.00024585053779446753
910.0 0.0001373599843645934
911.0 2.8869411039522674e-05
912.0 0.00012602591823451803
913.0 0.00022318245100905187
914.0 0.0001894175511552021
915.0 0.00015565267403871985
916.0 0.00012026144986521103
917.0 8.487022000736033e-05
918.0 0.00012203056485304842
919.0 0.00015919089264571085
920.0 0.00018273068462804076
921.0 0.0002062704652416869
922.0 0.000177942558821087
923.0 0.00014961464103180333
924.0 0.00011239911827942706
925.0 7.518357847402513e-05
926.0 0.00011164233910676558
927.0 0.00014810109405516414
928.0 0.0001744432211125968
929.0 0.00020078534817002947
930.0 0.00024528276298951823
931.0 0.00028978010959690437
932.0 0.0001776678004716814
933.0 6.555545724040712e-05
934.0 3.676205722058512e-05
935.0 7.968691306814435e-06
936.0 1.9704045253060576e-10
937.0 1.9704045253060576e-10
938.0 1.9704045253060576e-10
939.0 1.9704045253060576e-10
940.0 1.9704045253060576e-10
941.0 1.4719010721364612e-05
942.0 0.00015616515156580135
943.0 0.00029761131372652017
944.0 0.00029434058888000436
945.0 0.00029106981855875347
946.0 0.0004981572146789404
947.0 0.0007052447017485974
948.0 0.000554919915884966
949.0 0.0004045952209708048
950.0 0.00043667400859703775
951.0 0.0004687528416980058
952.0 0.0005732289537263568
953.0 0.0006777052021789132
954.0 0.0008103194886643905
955.0 0.0009429340934730135
956.0 0.0010786817256303038
957.0 0.0012144291758886538
958.0 0.0014887284123688005
959.0 0.0017630276488489471
960.0 0.0018605878722155467
961.0 0.001958147913683206
962.0 0.0021605910660582595
963.0 0.0023630338546354324
964.0 0.0022967326003708877
965.0 0.0022304315280052833
966.0 0.002273509744554758
967.0 0.002316587961104233
968.0 0.002229278652521316
969.0 0.0021419695258373395
970.0 0.0021905829271418042
971.0 0.0022391966922441497
972.0 0.002458878770994488
973.0 0.0026785613954416476
974.0 0.0028952688808203675
975.0 0.0031119769118959084
976.0 0.003126875526504591
977.0 0.003141774141113274
978.0 0.0032132833439391106
979.0 0.0032847925467649475
980.0 0.0033370775781804696
981.0 0.0033893626095959917
982.0 0.003378272958798334
983.0 0.003367182580404915
984.0 0.0031920397304929793
985.0 0.003016896516783163
986.0 0.0029208526029833592
987.0 0.002824808507284615
988.0 0.002798514105961658
989.0 0.002772220250335522
990.0 0.0027793530534836464
991.0 0.0027864858566317707
992.0 0.0027294103347230703
993.0 0.00267233481281437
994.0 0.002708502324821893
995.0 0.002744670200627297
996.0 0.0027535208573681302
997.0 0.002762371877906844
998.0 0.002908036003645975
999.0 0.0030537001293851063
1000.0 0.003097926310147159
1001.0 0.0031421521271113306
1002.0 0.0033513526432216167
1003.0 0.003560553159331903
1004.0 0.0036217199522070587
1005.0 0.0036828863812843338
1006.0 0.0039038568502292037
1007.0 0.004124828046769835
1008.0 0.0041808929381659254
1009.0 0.004236957465764135
1010.0 0.004210309271002188
1011.0 0.004183661440038122
1012.0 0.004136728966841474
1013.0 0.004089796493644826
1014.0 0.0039720875065540895
1015.0 0.003854378155665472
1016.0 0.0034604738175403327
1017.0 0.003066569479415193
1018.0 0.0027898831831407733
1019.0 0.002513197250664234
1020.0 0.00227440850721905
1021.0 0.0020356195818749256
1022.0 0.0017262027540709823
1023.0 0.001416785926267039
1024.0 0.0013025329280935694
1025.0 0.0011882799299200997
1026.0 0.001042538588080788
1027.0 0.0008967973371909466
1028.0 0.0008800248906482011
1029.0 0.0008632525350549258
1030.0 0.0008422481187153608
1031.0 0.000821243884274736
1032.0 0.0008167159649019595
1033.0 0.0008121881364786532
1034.0 0.0007019366876193089
1035.0 0.0005916851023357594
1036.0 0.0006174204827402718
1037.0 0.0006431558631447842
1038.0 0.0007070970241329633
1039.0 0.000771038048696937
1040.0 0.0007414334504574072
1041.0 0.0007118288067431422
1042.0 0.0007217363872769056
1043.0 0.000731643967810669
1044.0 0.0007867774002079386
1045.0 0.0008419107871304732
1046.0 0.000898105190572096
1047.0 0.0009542997759126592
1048.0 0.0008475671165797394
1049.0 0.0007408346391457599
1050.0 0.000948850174609106
1051.0 0.0011568657100724522
1052.0 0.0011123152034997474
1053.0 0.0010677642421796918
1054.0 0.0009727609722176567
1055.0 0.0008777577022556216
1056.0 0.0008104585504042916
1057.0 0.0007431593530782266
1058.0 0.0009240305189450737
1059.0 0.0011049015483877156
1060.0 0.0011403208191040903
1061.0 0.0011757399079215247
1062.0 0.001310206607740838
1063.0 0.001444673125661211
1064.0 0.0014729930626344867
1065.0 0.0015013130905572325
1066.0 0.001773317671904806
1067.0 0.0020453222532523796
1068.0 0.00209448226087261
1069.0 0.002143641722796019
1070.0 0.002266846058773808
1071.0 0.0023900505766505376
1072.0 0.0023870352379162796
1073.0 0.002384020081080962
1074.0 0.00233176069741603
1075.0 0.0022795013137510978
1076.0 0.0024885886887204833
1077.0 0.0026976758817909285
1078.0 0.002963371116493363
1079.0 0.0032290663511957973
1080.0 0.003485951674520038
1081.0 0.003742836634046398
1082.0 0.0036826026189373806
1083.0 0.0036223682400304824
1084.0 0.0038526912248926237
1085.0 0.004083013845956884
1086.0 0.004429499313118868
1087.0 0.00477598441648297
1088.0 0.004449211337487213
1089.0 0.004122437894693576
1090.0 0.0032611580536467955
1091.0 0.0023998778488021344
1092.0 0.0036764420656254515
1093.0 0.004953006646246649
1094.0 0.004626283043762669
1095.0 0.00429956016887445
1096.0 0.003639371061581187
1097.0 0.0029791817723889835
1098.0 0.0033486536267446354
1099.0 0.0037181256629992276
1100.0 0.0029902263122494332
1101.0 0.002262326961499639
