lsstCam/transmission_filter_detector/r24_s12/z_20/19700101T000000.ecsv
# %ECSV 1.0
# ---
# datatype:
# - {name: wavelength, unit: nm, datatype: float32}
# - {name: efficiency, unit: '%', datatype: float64}
# meta: !!omap
# - {MODE: DETECTOR}
# - {TYPE: transmission_filter_detector}
# - {CALIBDATE: '1970-01-01T00:00:00'}
# - {INSTRUME: LSSTCam}
# - {OBSTYPE: transmission_filter_detector}
# - {CALIBCLS: lsst.ip.isr.IntermediateFilterDetectorTransmissionCurve}
# - {SOURCE: Materion (DM-46256)}
# - {DETECTOR: 113}
# - {FILTER: z_20}
# - {CALIB_ID: 'calibDate=1970-01-01T00:00:00 filter=z_20 detector=113'}
# - {DATE: '2025-04-02T15:59:49.163103'}
# - {CALIB_CREATION_DATE: '2025-04-02'}
# - {CALIB_CREATION_TIME: '15:59:49'}
# - __serialized_columns__:
#     efficiency:
#       __class__: astropy.units.quantity.Quantity
#       unit: !astropy.units.Unit {unit: '%'}
#       value: !astropy.table.SerializedColumn {name: efficiency}
#     wavelength:
#       __class__: astropy.units.quantity.Quantity
#       unit: !astropy.units.Unit {unit: nm}
#       value: !astropy.table.SerializedColumn {name: wavelength}
# schema: astropy-2.0
wavelength efficiency
300.0 0.702203344553709
301.0 0.4965843167155981
302.0 0.29096538200974464
303.0 0.28132807929068804
304.0 0.27169075328856707
305.0 0.23283646441996098
306.0 0.19398215226829052
307.0 0.17498789820820093
308.0 0.15599364414811134
309.0 0.14064833521842957
310.0 0.1253030146472156
311.0 0.1253754715435207
312.0 0.12544792843982577
313.0 0.11296902084723115
314.0 0.10049012489616871
315.0 0.09750887984409928
316.0 0.09452763479202986
317.0 0.07837939192540944
318.0 0.062231154879555106
319.0 0.06336481310427189
320.0 0.06449846550822258
321.0 0.062452361453324556
322.0 0.06040625739842653
323.0 0.05514916265383363
324.0 0.04989206208847463
325.0 0.044960551895201206
326.0 0.04002904170192778
327.0 0.03835684037767351
328.0 0.03668463905341923
329.0 0.032574948272667825
330.0 0.028465260402299464
331.0 0.027432831120677292
332.0 0.02640040183905512
333.0 0.02593086683191359
334.0 0.02546132600400597
335.0 0.02392894384684041
336.0 0.022396561689674854
337.0 0.024156815197784454
338.0 0.025917065795511007
339.0 0.0221138761844486
340.0 0.01831069093896076
341.0 0.016710681666154414
342.0 0.01511067384853959
343.0 0.01463835797039792
344.0 0.014166046457830817
345.0 0.013216494699008763
346.0 0.012266941484995186
347.0 0.012126680667279288
348.0 0.011986421304754913
349.0 0.013676854723598808
350.0 0.01536728668725118
351.0 0.013096141628921032
352.0 0.010824995842995122
353.0 0.012121355393901467
354.0 0.013417715672403574
355.0 0.011421051021898165
356.0 0.00942438782658428
357.0 0.010119612124981359
358.0 0.0108148371509742
359.0 0.010152153845410794
360.0 0.009489470539847389
361.0 0.008649253868497908
362.0 0.007809039379935712
363.0 0.008657058788230643
364.0 0.009505077468929812
365.0 0.009260598017135635
366.0 0.009016120748128742
367.0 0.008276636799564585
368.0 0.007537152851000428
369.0 0.007955920591484755
370.0 0.008374689059564844
371.0 0.008200416050385684
372.0 0.008026143768802285
373.0 0.007173492485890165
374.0 0.006320841930573806
375.0 0.006379162368830293
376.0 0.006437482807086781
377.0 0.006867513729957864
378.0 0.007297543925233185
379.0 0.006300359382294118
380.0 0.005303175566950813
381.0 0.0038388989196391776
382.0 0.0023746228180243634
383.0 0.003912809552275576
384.0 0.005450996832223609
385.0 0.0053610503528034315
386.0 0.0052711042371811345
387.0 0.005531558417715132
388.0 0.005792013325844891
389.0 0.005268787936074659
390.0 0.004745562910102308
391.0 0.00445125660917256
392.0 0.004156950308242813
393.0 0.004566152711049654
394.0 0.004975355113856494
395.0 0.004287049887352623
396.0 0.0035987446608487517
397.0 0.003767104499274865
398.0 0.003935464337700978
399.0 0.004182960765319876
400.0 0.004430457192938775
401.0 0.004738599818665534
402.0 0.005046742808190174
403.0 0.005024106212658808
404.0 0.005001469617127441
405.0 0.0037322737625800073
406.0 0.0024630782718304545
407.0 0.0017899204976856709
408.0 0.001116763087338768
409.0 0.0022114381863502786
410.0 0.003306113285361789
411.0 0.003732457844307646
412.0 0.004158802403253503
413.0 0.004147031359025277
414.0 0.004135260314797051
415.0 0.0035989385651191697
416.0 0.003062616815441288
417.0 0.0036295921745477244
418.0 0.004196567533654161
419.0 0.0038805679650977254
420.0 0.0035645680327434093
421.0 0.003592770008253865
422.0 0.0036209719837643206
423.0 0.003365809971000999
424.0 0.0031106486858334392
425.0 0.0025375171389896423
426.0 0.0019643855921458453
427.0 0.0019289374904474244
428.0 0.0018934893887490034
429.0 0.0013829226190864574
430.0 0.0008723562132217921
431.0 0.0009541387953504454
432.0 0.0010359213774790987
433.0 0.0010716428732848726
434.0 0.0011073648238379974
435.0 0.0013675625268660951
436.0 0.001627760320843663
437.0 0.0018416885723127052
438.0 0.0020556168237817474
439.0 0.0021484271201188676
440.0 0.002241237416455988
441.0 0.001989429074455984
442.0 0.00173762073245598
443.0 0.002496875276847277
444.0 0.0032561296393396333
445.0 0.0032807194656925276
446.0 0.003305309292045422
447.0 0.0026630350475898013
448.0 0.0020207604393363
449.0 0.002279622094647493
450.0 0.0025384842956555076
451.0 0.0021451603970490396
452.0 0.0017518364984425716
453.0 0.0016281785065075383
454.0 0.0015045206964714453
455.0 0.002051154660875909
456.0 0.002597788625280373
457.0 0.0019403485566726886
458.0 0.0012829085790144745
459.0 0.001653256913414225
460.0 0.0020236053387634456
461.0 0.0011156572327308822
462.0 0.00020770912669831887
463.0 0.001040916959027527
464.0 0.0018741249732556753
465.0 0.0020187118934700266
466.0 0.002163298995583318
467.0 0.002005230817303527
468.0 0.0018471619114279747
469.0 0.0016393989426433109
470.0 0.0014316357919597067
471.0 0.0013080793905828614
472.0 0.0011845231711049564
473.0 0.001174768476630561
474.0 0.0011650137821561657
475.0 0.0011593312592594884
476.0 0.001153648645413341
477.0 0.001396934203512501
478.0 0.0016402194887632504
479.0 0.001784879896149505
480.0 0.001929540121636819
481.0 0.0016001284166122787
482.0 0.0012707168025372084
483.0 0.0009360336662211921
484.0 0.0006013505753799109
485.0 0.0012449031601136085
486.0 0.001888455699372571
487.0 0.0015285113477148116
488.0 0.0011685672689054627
489.0 0.0017124692021752708
490.0 0.0022563710444956087
491.0 0.0020898574803140946
492.0 0.0019233435523346998
493.0 0.0019281345885246992
494.0 0.0019329259885125794
495.0 0.0017152766304207034
496.0 0.0014976272723288275
497.0 0.0013116652553435415
498.0 0.0011257034202571958
499.0 0.0011292742783552967
500.0 0.001132845318352338
501.0 0.0009509367373539135
502.0 0.000769028156355489
503.0 0.001323625929217087
504.0 0.0018782237020786852
505.0 0.0020124314687564038
506.0 0.0021466392354341224
507.0 0.0019284025256638415
508.0 0.0017101658158935606
509.0 0.0017632413801038638
510.0 0.001816317490010988
511.0 0.0016140807929332368
512.0 0.0014118440958554856
513.0 0.0014376919352798723
514.0 0.0014635400475526694
515.0 0.0012459882782422937
516.0 0.0010284367817803286
517.0 0.0009766998118720949
518.0 0.0009249629329133313
519.0 0.0011410636943764985
520.0 0.001357164092041785
521.0 0.0015207183423626702
522.0 0.0016842725017340854
523.0 0.0013214612408773974
524.0 0.0009586501619196497
525.0 0.0009175620107271243
526.0 0.0008764739504840691
527.0 0.0011740577065211255
528.0 0.0014716416444571223
529.0 0.001382649952574866
530.0 0.0012936577149957884
531.0 0.0011910381545021664
532.0 0.0010884185940085445
533.0 0.0008841961971484125
534.0 0.0006799738912377506
535.0 0.0010990436749125365
536.0 0.0015181134585873224
537.0 0.0016223279089899734
538.0 0.001726542177493684
539.0 0.0013399233466770966
540.0 0.0009533041520626284
541.0 0.0008926763257477432
542.0 0.0008320484084833879
543.0 0.0011538392755028326
544.0 0.0014756301425222773
545.0 0.0011249486306041945
546.0 0.0007742672096355818
547.0 0.001363371302431915
548.0 0.0019524750314303674
549.0 0.0018283477402292192
550.0 0.0017042202671291307
551.0 0.0016712690921849571
552.0 0.0016383179172407836
553.0 0.0015788780729053542
554.0 0.001519437773822574
555.0 0.0013174096238799393
556.0 0.0011153815648867749
557.0 0.0013642948943015654
558.0 0.0016132082237163559
559.0 0.0015327836081269197
560.0 0.0014523584468406625
561.0 0.00143014976856648
562.0 0.0014079410902922973
563.0 0.0012991007679374889
564.0 0.0011902604455826804
565.0 0.001836254887166433
566.0 0.002482249510649126
567.0 0.0027308909920975566
568.0 0.0029795321097481064
569.0 0.0029723434636252932
570.0 0.00296515481750248
571.0 0.002669274908839725
572.0 0.0023733948182780296
573.0 0.0019372924725757912
574.0 0.0015011903997219633
575.0 0.0018695453036343679
576.0 0.0022379001165973023
577.0 0.002006149406952318
578.0 0.0017743986973073334
579.0 0.0018912425730377436
580.0 0.0020080862668692134
581.0 0.0018052103769150563
582.0 0.0016023343050619587
583.0 0.002033706914517097
584.0 0.0024650795239722356
585.0 0.002574512291175779
586.0 0.002683945422177203
587.0 0.002025691901508253
588.0 0.0013674380170414224
589.0 0.0019030565454158932
590.0 0.0024386754375882447
591.0 0.0019317996702739038
592.0 0.0014249241758079734
593.0 0.0010455217307026032
594.0 0.0006661193310719682
595.0 0.0010254301741952077
596.0 0.0013847410627931822
597.0 0.0012512595276348293
598.0 0.0011177779015270062
599.0 0.001021615753415972
600.0 0.000925453696254408
601.0 0.0008178443749784492
602.0 0.0007102350991772255
603.0 0.0011587950211833231
604.0 0.0016073547158157453
605.0 0.001185974724648986
606.0 0.0007645945515832864
607.0 0.0009497040991846006
608.0 0.0011348135558364447
609.0 0.0011952432032558136
610.0 0.001255672668776242
611.0 0.0010786139682750218
612.0 0.0009015549949253909
613.0 0.000978254774963716
614.0 0.0010549546459515113
615.0 0.001339828122581821
616.0 0.0016247016901616007
617.0 0.001966343006643001
618.0 0.0023079843231244013
619.0 0.0020034904082422145
620.0 0.0016989963114610873
621.0 0.0015485560652450658
622.0 0.001398115637130104
623.0 0.0015080221601238009
624.0 0.0016179286831174977
625.0 0.0014387250303116161
626.0 0.001259521559404675
627.0 0.0016390849850722589
628.0 0.0020186487745377235
629.0 0.002002197834372055
630.0 0.0019857467123074457
631.0 0.0019086282918578945
632.0 0.0018315098714083433
633.0 0.002176817724830471
634.0 0.0025221255782525986
635.0 0.005475492071127519
636.0 0.008428857836406678
637.0 0.015462901501450688
638.0 0.022496943711303174
639.0 0.019912116113118827
640.0 0.01732728851493448
641.0 0.014838972128927708
642.0 0.01235065865330398
643.0 0.009663477976573631
644.0 0.006976298027439043
645.0 0.006631253199884668
646.0 0.006286207644734532
647.0 0.005801233419333585
648.0 0.0053162581025389954
649.0 0.00429446081398055
650.0 0.0032726635254221037
651.0 0.0035531942558009177
652.0 0.003833724986179732
653.0 0.003199659113306552
654.0 0.002565592876635492
655.0 0.0026213076125713997
656.0 0.0026770228942041285
657.0 0.002711245724640321
658.0 0.002745468373177573
659.0 0.002465026773279533
660.0 0.0021845851733814925
661.0 0.002414149093965534
662.0 0.0026437130145495757
663.0 0.002049111935775727
664.0 0.0014545108570018783
665.0 0.0017236310668522492
666.0 0.0019927514586015604
667.0 0.0022247237211558968
668.0 0.002456695983710233
669.0 0.001860252086771652
670.0 0.0012638083717320114
671.0 0.0010512493645364884
672.0 0.0008386904482904356
673.0 0.0012481093108362984
674.0 0.0016575284462305717
675.0 0.0018324482880416326
676.0 0.002007367947953753
677.0 0.0017679953089100309
678.0 0.0015286223060684279
679.0 0.0013786710042040795
680.0 0.001228719611390261
681.0 0.0013478931577992626
682.0 0.001467066613258794
683.0 0.002310573290742468
684.0 0.003154080332024023
685.0 0.002770816718111746
686.0 0.00238755346799735
687.0 0.0017926113287103362
688.0 0.0011976689165749121
689.0 0.0016896852685022168
690.0 0.002181701347581111
691.0 0.0022888520106789656
692.0 0.0023960028556757607
693.0 0.002678170676517766
694.0 0.0029603384973597713
695.0 0.003198819831595756
696.0 0.00343730062013492
697.0 0.0038674981624353677
698.0 0.0042976957047358155
699.0 0.005996185791445896
700.0 0.0076946758781559765
701.0 0.007493619341403246
702.0 0.007292564259842038
703.0 0.00646295229671523
704.0 0.005633340697386302
705.0 0.004952684321324341
706.0 0.004272028672858141
707.0 0.004026456736028194
708.0 0.003780885162996128
709.0 0.004101394006283954
710.0 0.00442190321336966
711.0 0.003949494566768408
712.0 0.0034770862839650363
713.0 0.002486362063791603
714.0 0.0014956378436181694
715.0 0.002125537139363587
716.0 0.0027554360713111237
717.0 0.00226821157411905
718.0 0.0017809867131290957
719.0 0.0015904061001492664
720.0 0.001399825396219967
721.0 0.0012321054782660212
722.0 0.0010643853784131352
723.0 0.0011867125977005344
724.0 0.0013090399079374038
725.0 0.0014194379218679387
726.0 0.001529836117697414
727.0 0.0015186917153187096
728.0 0.0015075469491421245
729.0 0.0016443744243588299
730.0 0.0017812017176765949
731.0 0.0012850214261561632
732.0 0.0007888413165346719
733.0 0.0010266735444020014
734.0 0.001264505863218801
735.0 0.001387872271152446
736.0 0.0015112384062376805
737.0 0.0014794282833463512
738.0 0.0014476177966571413
739.0 0.001300894291489385
740.0 0.0011541706953721587
741.0 0.0012616660569619853
742.0 0.0013691611457034014
743.0 0.0016800571756903082
744.0 0.0019909530237782747
745.0 0.0014685193491459358
746.0 0.0009460855835641269
747.0 0.0013682475582754705
748.0 0.001790409442037344
749.0 0.002488021164026577
750.0 0.0031856332498136908
751.0 0.0030009685360710137
752.0 0.0028163041861262172
753.0 0.0029502336474251933
754.0 0.0030841631087241694
755.0 0.002099294579238631
756.0 0.0011144260497530922
757.0 0.0018223350707557984
758.0 0.002530243909859564
759.0 0.0025665929570095614
760.0 0.002602941822260618
761.0 0.004544761395663954
762.0 0.006486581696663052
763.0 0.006097877485444769
764.0 0.005709173274226487
765.0 0.0054358366469386965
766.0 0.0051625011110445485
767.0 0.004723493839264847
768.0 0.0042844862036872655
769.0 0.004145700586377643
770.0 0.004006915696663782
771.0 0.004499394344747998
772.0 0.004991872629034333
773.0 0.004306096161599271
774.0 0.003620319694164209
775.0 0.0483397365314886
776.0 1.708554738660828e-10
777.0 1.708554738660828e-10
778.0 0.09394481894560158
779.0 0.1213627983815968
780.0 0.033361942041665316
781.0 0.10574765037745237
782.0 0.02860305248759687
783.0 1.708554738660828e-10
784.0 0.05353721207939088
785.0 0.054374022874981165
786.0 0.0392350455513224
787.0 1.708554738660828e-10
788.0 0.10536807822063565
789.0 0.035766270593740046
790.0 0.056750274961814284
791.0 0.009600590419722721
792.0 0.0565042719244957
793.0 0.030776852509006858
794.0 0.012755469651892781
795.0 0.03781877167057246
796.0 0.16399098094552755
797.0 0.2069619484245777
798.0 0.09546921355649829
799.0 0.164608855266124
800.0 0.17313995631411672
801.0 0.6795278284698725
802.0 1.189983170479536
803.0 1.717660203576088
804.0 2.9154621064662933
805.0 4.389425739645958
806.0 6.305397301912308
807.0 8.871876448392868
808.0 11.45317479968071
809.0 14.503531157970428
810.0 17.949199676513672
811.0 21.028077602386475
812.0 24.45502281188965
813.0 28.488236665725708
814.0 32.74178206920624
815.0 38.04640173912048
816.0 43.88853907585144
817.0 50.47881007194519
818.0 57.184892892837524
819.0 63.86304497718811
820.0 71.64202332496643
821.0 78.44792604446411
822.0 83.74512791633606
823.0 88.00966143608093
824.0 91.84091687202454
825.0 95.08175849914551
826.0 96.6747522354126
827.0 97.61054515838623
828.0 99.31991696357727
829.0 99.15496110916138
830.0 98.39460253715515
831.0 98.76777529716492
832.0 98.49961996078491
833.0 99.51260089874268
834.0 98.12228679656982
835.0 99.26982522010803
836.0 98.93155097961426
837.0 98.99705052375793
838.0 98.30726981163025
839.0 97.90454506874084
840.0 98.84646534919739
841.0 99.4250476360321
842.0 99.21631813049316
843.0 99.52460527420044
844.0 98.05353283882141
845.0 98.34272265434265
846.0 98.73700141906738
847.0 98.75503778457642
848.0 99.4861900806427
849.0 98.56904745101929
850.0 98.4359622001648
851.0 99.28078055381775
852.0 98.95671606063843
853.0 98.73170256614685
854.0 99.47372078895569
855.0 98.69942665100098
856.0 98.78224730491638
857.0 98.0542242527008
858.0 98.55291247367859
859.0 98.97130131721497
860.0 98.5626220703125
861.0 98.78673553466797
862.0 99.08046126365662
863.0 98.27068448066711
864.0 99.20530915260315
865.0 99.93581771850586
866.0 98.48271012306213
867.0 99.10615682601929
868.0 99.26337599754333
869.0 98.8334596157074
870.0 98.34074974060059
871.0 99.2125153541565
872.0 98.79881143569946
873.0 99.08617734909058
874.0 99.32506084442139
875.0 98.88268113136292
876.0 98.92060160636902
877.0 99.60981607437134
878.0 98.87425899505615
879.0 98.60928654670715
880.0 98.14901351928711
881.0 99.43744540214539
882.0 98.96953105926514
883.0 98.73393774032593
884.0 99.28572177886963
885.0 99.33218955993652
886.0 98.73435497283936
887.0 98.41731190681458
888.0 98.71441721916199
889.0 99.31559562683105
890.0 98.06289672851562
891.0 99.18135404586792
892.0 98.68209958076477
893.0 98.56240153312683
894.0 98.10464382171631
895.0 99.811851978302
896.0 98.78786206245422
