lsstCam/transmission_filter_detector/r24_s12/z_20/19700101T000000.ecsv
# %ECSV 1.0
# ---
# datatype:
# - {name: wavelength, unit: nm, datatype: float32}
# - {name: efficiency, unit: '%', datatype: float64}
# meta: !!omap
# - {MODE: DETECTOR}
# - {TYPE: transmission_filter_detector}
# - {CALIBDATE: '1970-01-01T00:00:00'}
# - {INSTRUME: LSSTCam}
# - {OBSTYPE: transmission_filter_detector}
# - {CALIBCLS: lsst.ip.isr.IntermediateFilterDetectorTransmissionCurve}
# - {SOURCE: Materion (DM-46256)}
# - {DETECTOR: 113}
# - {FILTER: z_20}
# - {CALIB_ID: 'calibDate=1970-01-01T00:00:00 filter=z_20 detector=113'}
# - {DATE: '2025-04-02T15:59:49.163103'}
# - {CALIB_CREATION_DATE: '2025-04-02'}
# - {CALIB_CREATION_TIME: '15:59:49'}
# - __serialized_columns__:
#     efficiency:
#       __class__: astropy.units.quantity.Quantity
#       unit: !astropy.units.Unit {unit: '%'}
#       value: !astropy.table.SerializedColumn {name: efficiency}
#     wavelength:
#       __class__: astropy.units.quantity.Quantity
#       unit: !astropy.units.Unit {unit: nm}
#       value: !astropy.table.SerializedColumn {name: wavelength}
# schema: astropy-2.0
wavelength efficiency
[from data line 598]
898.0 98.83472919464111
899.0 98.50715398788452
900.0 98.74473214149475
901.0 99.34920072555542
902.0 99.01347756385803
903.0 98.61696362495422
904.0 97.54659533500671
905.0 98.24105501174927
906.0 97.84393310546875
907.0 98.5956072807312
908.0 98.19334745407104
909.0 98.28878045082092
910.0 97.95151948928833
911.0 96.76534533500671
912.0 95.66147327423096
913.0 94.4872260093689
914.0 92.12393164634705
915.0 89.70488905906677
916.0 87.52318620681763
917.0 86.31846308708191
918.0 82.6319694519043
919.0 81.47578239440918
920.0 78.195321559906
921.0 73.90378713607788
922.0 69.10306811332703
923.0 63.07920813560486
924.0 57.40945339202881
925.0 51.711469888687134
926.0 45.599737763404846
927.0 38.224127888679504
928.0 32.09465444087982
929.0 26.079097390174866
930.0 20.555002987384796
931.0 15.678751468658447
932.0 10.53263321518898
933.0 6.599010527133942
934.0 4.149699583649635
935.0 2.606625109910965
936.0 1.4794493094086647
937.0 0.7938266731798649
938.0 0.4893002565950155
939.0 0.3005205187946558
940.0 0.15572094125673175
941.0 0.23026864510029554
942.0 0.10303979506716132
943.0 0.07019463810138404
944.0 1.708554738660828e-10
945.0 0.12122094631195068
946.0 1.708554738660828e-10
947.0 0.013608369044959545
948.0 1.708554738660828e-10
949.0 1.708554738660828e-10
950.0 1.708554738660828e-10
951.0 0.0028678177841356955
952.0 0.08440599194727838
953.0 0.0582732493057847
954.0 0.13835133286193013
955.0 1.708554738660828e-10
956.0 1.708554738660828e-10
957.0 1.708554738660828e-10
958.0 1.708554738660828e-10
959.0 0.061061116866767406
960.0 0.003044665754714515
961.0 0.042085195309482515
962.0 1.708554738660828e-10
963.0 1.708554738660828e-10
964.0 1.708554738660828e-10
965.0 0.0003030442485396634
966.0 1.708554738660828e-10
967.0 1.708554738660828e-10
968.0 1.708554738660828e-10
969.0 1.708554738660828e-10
970.0 1.708554738660828e-10
971.0 0.009646988473832607
972.0 0.058120995527133346
973.0 1.708554738660828e-10
974.0 0.029372889548540115
975.0 1.708554738660828e-10
976.0 0.006144904909888282
977.0 0.006238745845621452
978.0 0.006332588964141905
979.0 0.006067990398150869
980.0 0.00580339074076619
981.0 0.005698126915376633
982.0 0.005592863817582838
983.0 0.005478618550114334
984.0 0.00536437364644371
985.0 0.005157608393346891
986.0 0.00495084204885643
987.0 0.004892133438261226
988.0 0.004833424827666022
989.0 0.004741222437587567
990.0 0.004649020775104873
991.0 0.004714088208856992
992.0 0.004779155642609112
993.0 0.004709247878054157
994.0 0.00463933938590344
995.0 0.00461387935501989
996.0 0.004588418960338458
997.0 0.00446822596131824
998.0 0.004348032962298021
999.0 0.0042530973587417975
1000.0 0.004158161391387694
1001.0 0.004283400267013349
1002.0 0.004408639142639004
1003.0 0.004345365960034542
1004.0 0.00428209277743008
1005.0 0.004230840931995772
1006.0 0.0041795894503593445
1007.0 0.004171752880210988
1008.0 0.004163916673860513
1009.0 0.004207634992781095
1010.0 0.0042513536754995584
1011.0 0.004345933484728448
1012.0 0.004440513293957338
1013.0 0.004305756010580808
1014.0 0.004170998363406397
1015.0 0.004293458550819196
1016.0 0.0044159183744341135
1017.0 0.004612086559063755
1018.0 0.004808255107491277
1019.0 0.0046385699533857405
1020.0 0.004468884799280204
1021.0 0.004510953658609651
1022.0 0.004553022517939098
1023.0 0.004479966810322367
1024.0 0.004406910738907754
1025.0 0.004508638448896818
1026.0 0.004610365795088001
1027.0 0.004617168815457262
1028.0 0.004623972199624404
1029.0 0.004698521661339328
1030.0 0.004773071486852132
1031.0 0.004782225732924417
1032.0 0.004791379615198821
1033.0 0.004879924017586745
1034.0 0.0049684687837725505
1035.0 0.00515129322593566
1036.0 0.00533411766809877
1037.0 0.005395200059865601
1038.0 0.005456282451632433
1039.0 0.0053949497669236735
1040.0 0.0053336167184170336
1041.0 0.0055839471315266564
1042.0 0.00583427790843416
1043.0 0.005409329605754465
1044.0 0.00498438166687265
1045.0 0.005612813765765168
1046.0 0.006241245864657685
1047.0 0.006201211363077164
1048.0 0.006161176861496642
1049.0 0.0061370090406853706
1050.0 0.0061128404922783375
1051.0 0.00638845085632056
1052.0 0.006664061947958544
1053.0 0.006683474202873185
1054.0 0.006702886457787827
1055.0 0.007313591049751267
1056.0 0.007924296369310468
1057.0 0.007727089541731402
1058.0 0.0075298834417480975
1059.0 0.007486889808205888
1060.0 0.007443894719472155
1061.0 0.008179365249816328
1062.0 0.008914837235352024
1063.0 0.008782544318819419
1064.0 0.008650252857478335
1065.0 0.008902670379029587
1066.0 0.009155090083368123
1067.0 0.009157299064099789
1068.0 0.009159510227618739
1069.0 0.00985579754342325
1070.0 0.010552085586823523
1071.0 0.010586853022687137
1072.0 0.010621620458550751
1073.0 0.010870265396079049
1074.0 0.011118911061203107
1075.0 0.01129851589212194
1076.0 0.011478122905828059
1077.0 0.01186941663036123
1078.0 0.012260708899702877
1079.0 0.012976155267097056
1080.0 0.013691603089682758
1081.0 0.013542227679863572
1082.0 0.013392855180427432
1083.0 0.013813251280225813
1084.0 0.014233647380024195
1085.0 0.014974948135204613
1086.0 0.01571624889038503
1087.0 0.015383648860733956
1088.0 0.015051051741465926
1089.0 0.015727542631793767
1090.0 0.01640403497731313
1091.0 0.016499351477250457
1092.0 0.01659466215642169
1093.0 0.0169846520293504
1094.0 0.017374638991896063
1095.0 0.018341104441788048
1096.0 0.019307569891680032
1097.0 0.019475120643619448
1098.0 0.019642671395558864
1099.0 0.02139045827789232
1100.0 0.02313824079465121
1101.0 0.02353938325541094
1102.0 0.023940522805787623
1103.0 0.02533011429477483
1104.0 0.026719702873378992
1105.0 0.026607958716340363
1106.0 0.026496214559301734
1107.0 0.027587020304054022
1108.0 0.02867782604880631
1109.0 0.02980416757054627
1110.0 0.03093050909228623
1111.0 0.031231105094775558
1112.0 0.031531701097264886
1113.0 0.03249503206461668
1114.0 0.03345836594235152
1115.0 0.03344116557855159
1116.0 0.03342397103551775
1117.0 0.03391979553271085
1118.0 0.03441562002990395
1119.0 0.03673671744763851
1120.0 0.03905781195499003
1121.0 0.04040248168166727
1122.0 0.0417471572291106
1123.0 0.04213353677187115
1124.0 0.042519919225014746
1125.0 0.043056090362370014
1126.0 0.04359226441010833
1127.0 0.04735418187920004
1128.0 0.05111609352752566
1129.0 0.05457042716443539
1130.0 0.05802476080134511
1131.0 0.0583302928134799
1132.0 0.0586358190048486
1133.0 0.0615335360635072
1134.0 0.06443125894293189
1135.0 0.06312694167718291
1136.0 0.061822624411433935
1137.0 0.06759758689440787
1138.0 0.07337255519814789
1139.0 0.07700136047787964
1140.0 0.08063014247454703
1141.0 0.08977442630566657
1142.0 0.09891869267448783
1143.0 0.12084152549505234
1144.0 0.14276433503255248
1145.0 0.27292075101286173
1146.0 0.4030771553516388
1147.0 0.8239977993071079
1148.0 1.244918443262577
1149.0 1.3998840935528278
1150.0 1.5548507682979107
