lsstCam/transmission_sensor/r02_s21/19700101T000000.ecsv
# %ECSV 1.0
# ---
# datatype:
# - {name: amp_name, datatype: string}
# - {name: wavelength, unit: nm, datatype: float32}
# - {name: efficiency, unit: '%', datatype: float64}
# meta: !!omap
# - {MODE: AMP}
# - {TYPE: transmission_sensor}
# - {CALIBDATE: '1970-01-01T00:00:00'}
# - {INSTRUME: LSSTCam}
# - {OBSTYPE: transmission_sensor}
# - {DETECTOR: 16}
# - {PARQUETFILE: qe_raft_allvalues_nircorrected_20230725_adjust.parquet}
# - {CORRFILE: qe_corr_factor_bydetnum.parquet}
# - {CALIBCLS: lsst.ip.isr.IntermediateSensorTransmissionCurve}
# - {CALIB_ID: 'raftName=R02 detectorName=S21 detector=16 calibDate=1970-01-01T00:00:00 ccd=16 ccdnum=16 filter=None'}
# - {DATE: '2025-03-03T21:56:47.462836'}
# - {CALIB_CREATION_DATE: '2025-03-03'}
# - {CALIB_CREATION_TIME: '21:56:47'}
# - __serialized_columns__:
#     efficiency:
#       __class__: astropy.units.quantity.Quantity
#       unit: !astropy.units.Unit {unit: '%'}
#       value: !astropy.table.SerializedColumn {name: efficiency}
#     wavelength:
#       __class__: astropy.units.quantity.Quantity
#       unit: !astropy.units.Unit {unit: nm}
#       value: !astropy.table.SerializedColumn {name: wavelength}
# schema: astropy-2.0
amp_name wavelength efficiency
C00 319.994 62.0011200661295
C00 324.969 65.49563003984812
C00 349.982 75.70981260703682
C00 374.975 81.0572388075059
C00 400.019 85.26585451137474
C00 424.965 84.5400943101038
C00 450.035 84.15669609614928
C00 475.003 84.92056843591041
C00 500.018 86.1565896338025
C00 525.002 87.53892946128278
C00 550.029 89.43192625565423
C00 575.023 91.29725082000104
C00 599.982 93.00491829837367
C00 619.997 93.93185424125744
C00 624.979 94.16377098248762
C00 650.012 95.26813206559544
C00 675.004 96.21011487874027
C00 700.03 96.6955592001687
C00 725.012 96.65973912035695
C00 750.022 97.74255028299977
C00 774.987 98.05277014512798
C00 799.976 98.35255771360353
C00 824.988 96.72057386049643
C00 850.022 95.64620752534323
C00 869.967 93.50125180222787
C00 875.002 92.42013874285843
C00 899.999 85.7127678796043
C00 919.999 77.58794528665646
C00 925.012 74.96397975900062
C00 949.965 60.63644279713633
C00 975.002 45.80702494023101
C00 999.976 30.0148548680366
C00 1025.028 14.69842594195172
C00 1050.014 5.948407698174892
C00 1075.002 0.9311844145089323
C00 1099.99 0.09239126214603513
C01 319.994 61.06619999193565
C01 324.969 64.49345974565905
C01 349.982 74.83401013267685
C01 374.975 80.70626446681636
C01 400.019 85.02185306209581
C01 424.965 84.27718528043104
C01 450.035 83.80347538565863
C01 475.003 84.47223871248421
C01 500.018 85.6415846087539
C01 525.002 87.01210624663644
C01 550.029 88.92928007191824
C01 575.023 90.80517399654964
C01 599.982 92.54132848992562
C01 619.997 93.4964163960458
C01 624.979 93.72421352350511
C01 650.012 94.85995525051264
C01 675.004 95.8106874836625
C01 700.03 96.33006341130718
C01 725.012 96.30514012873408
C01 750.022 97.37620163509511
C01 774.987 97.69756958328719
C01 799.976 97.98089392630503
C01 824.988 96.38890307047075
C01 850.022 95.27232021268227
C01 869.967 93.1241891125938
C01 875.002 92.03696897329047
C01 899.999 85.33805055233886
C01 919.999 77.26109467318709
C01 925.012 74.67824152029819
C01 949.965 60.5171986347613
C01 975.002 45.648469306336374
C01 999.976 29.8385243571648
C01 1025.028 14.677891647155297
C01 1050.014 5.8971619111610405
C01 1075.002 0.927694127826725
C01 1099.99 0.09204495910788701
C02 319.994 60.81757635123544
C02 324.969 64.24538437148657
C02 349.982 74.82283920217434
C02 374.975 81.15664257490867
C02 400.019 85.57070593041891
C02 424.965 84.7857481737788
C02 450.035 84.23512866886635
C02 475.003 84.84525032166337
C02 500.018 85.97551699820647
C02 525.002 87.32666655210917
C02 550.029 89.23701750504588
C02 575.023 91.11538624386496
C02 599.982 92.86568144476867
C02 619.997 93.83547355457007
C02 624.979 94.06091770484788
C02 650.012 95.21919927799544
C02 675.004 96.1876892547935
C02 700.03 96.73063302831771
C02 725.012 96.72059670493508
C02 750.022 97.80499936347091
C02 774.987 98.13903836030387
C02 799.976 98.42763215383823
C02 824.988 96.84824381332888
C02 850.022 95.71380421932471
C02 869.967 93.5216442711343
C02 875.002 92.4224612607884
C02 899.999 85.69232972182056
C02 919.999 77.6203387006699
C02 925.012 75.04025733967119
C02 949.965 60.89535024263794
C02 975.002 45.890749807903255
C02 999.976 29.942900597381577
C02 1025.028 14.735843228766136
C02 1050.014 5.922866663906481
C02 1075.002 0.9317791256415363
C02 1099.99 0.09245026883826223
C03 319.994 60.416070112240035
C03 324.969 63.83833835611722
C03 349.982 74.59688485943322
C03 374.975 81.27501484120836
C03 400.019 85.74269409424295
C03 424.965 84.91701231829305
C03 450.035 84.31055339049378
C03 475.003 84.8693892785093
C03 500.018 85.96102600928603
C03 525.002 87.28646795488845
C03 550.029 89.18033283792882
C03 575.023 91.04734027592325
C03 599.982 92.7949398330656
C03 619.997 93.77214115580426
C03 624.979 93.99986974994762
C03 650.012 95.16996189788006
C03 675.004 96.14812268704225
C03 700.03 96.71084974444209
C03 725.012 96.7158679061334
C03 750.022 97.81760949360871
C03 774.987 98.16242345067417
C03 799.976 98.46653623286848
C03 824.988 96.89978848174847
C03 850.022 95.76372693259978
C03 869.967 93.56563504517183
C03 875.002 92.46457879085617
C03 899.999 85.75068964777236
C03 919.999 77.66754292574495
C03 925.012 75.07823241152944
C03 949.965 60.95010455468862
C03 975.002 45.95757740578335
C03 999.976 29.955145216500902
C03 1025.028 14.753900805671663
C03 1050.014 5.932444670738587
C03 1075.002 0.931899140185199
C03 1099.99 0.09246217657102934
C04 319.994 59.84325342776737
C04 324.969 63.267592900749314
C04 349.982 74.15540846760365
C04 374.975 81.18429957530755
C04 400.019 85.74291492381661
C04 424.965 84.87772749861854
C04 450.035 84.21952591726468
C04 475.003 84.72259091570935
C04 500.018 85.77437171584518
C04 525.002 87.06538709239383
C04 550.029 88.93466374462804
C04 575.023 90.82340385859669
C04 599.982 92.57347061511385
C04 619.997 93.54849410136735
C04 624.979 93.7855051524177
C04 650.012 94.95545261890533
C04 675.004 95.95748584646246
C04 700.03 96.50692505537772
C04 725.012 96.5325260562976
C04 750.022 97.67211326381212
C04 774.987 98.02556241868933
C04 799.976 98.37315578245786
C04 824.988 96.80101674381517
C04 850.022 95.72938412648774
C04 869.967 93.54863878281216
C04 875.002 92.48516163008473
C04 899.999 85.8090800329757
C04 919.999 77.71997852727212
C04 925.012 75.16253600498096
C04 949.965 61.09455374771351
C04 975.002 46.110425737420556
C04 999.976 30.074798675068514
C04 1025.028 14.849600918457421
C04 1050.014 5.992036292674564
C04 1075.002 0.9305128844888299
C04 1099.99 0.09232463355436253
C05 319.994 59.73194009301222
C05 324.969 63.15657654369669
C05 349.982 74.21173523851512
C05 374.975 81.52641788861165
C05 400.019 86.1351006318406
C05 424.965 85.22152868557026
C05 450.035 84.50575911880465
C05 475.003 84.9572946784555
C05 500.018 85.97666683495213
C05 525.002 87.25537667387837
C05 550.029 89.13297631659606
C05 575.023 91.02602641465771
C05 599.982 92.78887082719613
C05 619.997 93.77441037004404
C05 624.979 94.01500038315041
C05 650.012 95.20004802358929
C05 675.004 96.21961055040805
C05 700.03 96.79650115977428
C05 725.012 96.84736049503421
C05 750.022 98.00831486750447
C05 774.987 98.39667793946009
C05 799.976 98.75699565555972
C05 824.988 97.19311868889741
C05 850.022 96.1338372980697
C05 869.967 93.97386516394482
C05 875.002 92.89388671169527
C05 899.999 86.15472400464563
C05 919.999 78.04732410357902
C05 925.012 75.48729254490692
C05 949.965 61.39917291496469
C05 975.002 46.32806851189753
C05 999.976 30.245399039244237
C05 1025.028 14.913046587564896
C05 1050.014 6.032937832309742
C05 1075.002 0.9337155052953396
C05 1099.99 0.09264239464859715
C06 319.994 59.33143139450477
C06 324.969 62.741158041560105
C06 349.982 73.88185392951746
C06 374.975 81.424950506917
C06 400.019 86.06151869493138
C06 424.965 85.12522414701175
C06 450.035 84.36752742050048
C06 475.003 84.7742574211351
C06 500.018 85.75654543888105
C06 525.002 87.01042337298881
C06 550.029 88.87612106316699
C06 575.023 90.75981255619278
C06 599.982 92.52290064274355
C06 619.997 93.5124684216077
C06 624.979 93.75410166407934
C06 650.012 94.94489087343362
C06 675.004 95.97473339764734
C06 700.03 96.56881063969534
C06 725.012 96.64767725674686
C06 750.022 97.83638762218351
C06 774.987 98.25821779676937
C06 799.976 98.63223456124939
C06 824.988 97.08561276058484
C06 850.022 96.040395929156
C06 869.967 93.88752080064009
C06 875.002 92.80322474948464
C06 899.999 86.04173541105575
C06 919.999 77.93290392516673
C06 925.012 75.3798627647232
C06 949.965 61.37009955936918
C06 975.002 46.308688813104816
C06 999.976 30.238867433491997
C06 1025.028 14.90049071296889
C06 1050.014 6.034054354249027
C06 1075.002 0.9320772225440406
C06 1099.99 0.0924798457390727
C07 319.994 59.387537335842566
C07 324.969 62.82174941373011
C07 349.982 74.07284866630283
C07 374.975 81.67505903612981
C07 400.019 86.2761802701638
C07 424.965 85.30165936156072
C07 450.035 84.51955715975254
C07 475.003 84.91291554896083
C07 500.018 85.87458265341378
C07 525.002 87.10359060863864
C07 550.029 88.92979787919442
C07 575.023 90.78319003175021
C07 599.982 92.5315434553682
C07 619.997 93.51437212482898
C07 624.979 93.75613481911967
C07 650.012 94.94807386521961
C07 675.004 95.97979724821596
C07 700.03 96.58977421956817
C07 725.012 96.69779795515693
C07 750.022 97.9356238637028
C07 774.987 98.38993121524385
C07 799.976 98.78368557472217
C07 824.988 97.24147275071813
C07 850.022 96.19170226118396
C07 869.967 93.97524344507703
C07 875.002 92.86341984534178
C07 899.999 86.02821150337172
C07 919.999 77.91491012231911
C07 925.012 75.37220987777361
C07 949.965 61.52859427476073
C07 975.002 46.399731515959694
C07 999.976 30.206847145309936
C07 1025.028 14.810512180214713
C07 1050.014 6.010442723195392
C07 1075.002 0.933022289522989
C07 1099.99 0.09257361441650876
C10 319.994 61.46617946094758
C10 324.969 64.8930470518074
C10 349.982 75.22320321923696
C10 374.975 80.83115501294574
C10 400.019 85.0815075062381
C10 424.965 84.41083286137834
C10 450.035 84.02642949212299
C10 475.003 84.81664908446675
C10 500.018 86.05582281489328
C10 525.002 87.4413227897209
C10 550.029 89.33690862047331
C10 575.023 91.09321952355629
C10 599.982 92.7707323429037
C10 619.997 93.70883921628999
C10 624.979 93.91117240946137
C10 650.012 95.0313189996801
C10 675.004 95.95973983107648
C10 700.03 96.59620873645612
C10 725.012 96.79152868696028
C10 750.022 98.15142004605512
C10 774.987 98.8331057103468
C10 799.976 99.20119053558928
C10 824.988 97.5948381426536
C10 850.022 96.55518773944381
C10 869.967 94.41442016341529
C10 875.002 93.22675302734392
C10 899.999 86.21259658257279
C10 919.999 77.7949159008749
C10 925.012 75.09986609493616
C10 949.965 61.30441037601542
C10 975.002 46.45578796101374
C10 999.976 30.357965010718996
C10 1025.028 14.8280205387409
C10 1050.014 5.934748627562151
C10 1075.002 0.9350761314377752
C10 1099.99 0.09277739472446807
C11 319.994 61.14260702442527
C11 324.969 64.55632002602599
C11 349.982 75.00831319961797
C11 374.975 80.95345652269417
C11 400.019 85.26142269027558
C11 424.965 84.53863988084274
C11 450.035 84.06869931844847
C11 475.003 84.77572708002194
C11 500.018 85.95615252903953
C11 525.002 87.3222423458229
C11 550.029 89.23184704709686
C11 575.023 91.02413794106218
C11 599.982 92.73625247015974
C11 619.997 93.69952630013145
C11 624.979 93.90475312219918
C11 650.012 95.04937372103079
C11 675.004 95.99632900698963
C11 700.03 96.65139328543482
C11 725.012 96.86364096498266
C11 750.022 98.23618814309263
C11 774.987 98.92224470998039
C11 799.976 99.30118825839709
C11 824.988 97.69779802767374
C11 850.022 96.64772294562418
C11 869.967 94.47515591098725
C11 875.002 93.26736282446042
C11 899.999 86.15360462715152
C11 919.999 77.81320668142503
C11 925.012 75.172412417293
C11 949.965 61.5005298818725
C11 975.002 46.506182792687675
C11 999.976 30.312569303704162
C11 1025.028 14.85002925168221
C11 1050.014 5.951509306648175
C11 1075.002 0.935883656805983
C11 1099.99 0.09285751664964333
C12 319.994 60.7991599262727
C12 324.969 64.21005163969947
C12 349.982 74.80223351850711
C12 374.975 81.06476224263643
C12 400.019 85.40953080089179
C12 424.965 84.63719078920236
C12 450.035 84.10002665865798
C12 475.003 84.74372202146564
C12 500.018 85.87977595580145
C12 525.002 87.21400539547335
C12 550.029 89.10581427903472
C12 575.023 90.90369444565773
C12 599.982 92.62293643961578
C12 619.997 93.59384792691131
C12 624.979 93.80113074845804
C12 650.012 94.96121703225938
C12 675.004 95.92488683250113
C12 700.03 96.59091644150094
C12 725.012 96.82030506485326
C12 750.022 98.21626779258507
C12 774.987 98.91165250525715
C12 799.976 99.30418087986097
C12 824.988 97.70819224726198
C12 850.022 96.66490196349308
C12 869.967 94.49411679507128
C12 875.002 93.2872222564649
C12 899.999 86.14008071946749
C12 919.999 77.78401148882335
C12 925.012 75.15361905909245
C12 949.965 61.50992656097278
C12 975.002 46.53152108256302
C12 999.976 30.269711233083306
C12 1025.028 14.844880686320236
C12 1050.014 5.976639141020787
C12 1075.002 0.9356937634207839
C12 1099.99 0.09283867560241534
C13 319.994 60.608016700636064
C13 324.969 64.02648896029
C13 349.982 74.83971362752783
C13 374.975 81.48986678676292
C13 400.019 85.92285295229276
C13 424.965 85.10715419603528
C13 450.035 84.51509487940184
C13 475.003 85.11234749842296
C13 500.018 86.20945166485122
C13 525.002 87.52286220609511
C13 550.029 89.4001420266716
C13 575.023 91.20377137702292
C13 599.982 92.92873209545772
C13 619.997 93.90659590691739
C13 624.979 94.1202904009134
C13 650.012 95.29257561495677
C13 675.004 96.27411738103997
C13 700.03 96.95219362402409
C13 725.012 97.20411447870357
C13 750.022 98.62790934753062
C13 774.987 99.33796780463238
C13 799.976 99.75426201025074
C13 824.988 98.15531121543944
C13 850.022 97.12104448493945
C13 869.967 94.96009003995239
C13 875.002 93.76009452181995
C13 899.999 86.5646598415049
C13 919.999 78.12096695899133
C13 925.012 75.46849918670637
C13 949.965 61.73439220779485
C13 975.002 46.78229210049684
C13 999.976 30.411192552786208
C13 1025.028 14.926643787822945
C13 1050.014 6.010849163833137
C13 1075.002 0.9396152910772528
C13 1099.99 0.09322776597385678
C14 319.994 59.954555340303195
C14 324.969 63.35198406454901
C14 349.982 74.26998855708653
C14 374.975 81.25422640203189
C14 400.019 85.75148158831242
C14 424.965 84.91095092723646
C14 450.035 84.27037002289883
C14 475.003 84.81829388404994
C14 500.018 85.87770472669669
C14 525.002 87.1601762831882
C14 550.029 89.00468194910701
C14 575.023 90.80172448631266
C14 599.982 92.51919222886848
C14 619.997 93.4976499957332
C14 624.979 93.71223542283677
C14 650.012 94.89176232393392
C14 675.004 95.87956346620871
C14 700.03 96.56379247800403
C14 725.012 96.83698150507175
C14 750.022 98.28321722747133
C14 774.987 99.00268759329914
C14 799.976 99.44816176189342
C14 824.988 97.85904169051683
C14 850.022 96.86899417844091
C14 869.967 94.74599196087345
C14 875.002 93.56980034782
C14 899.999 86.42968728311558
C14 919.999 77.97172424125523
C14 925.012 75.32123632032041
C14 949.965 61.6041027593299
C14 975.002 46.73102537274755
C14 999.976 30.39783236357921
C14 1025.028 14.93186945316538
C14 1050.014 6.021144390853863
C14 1075.002 0.9363313142645144
C14 1099.99 0.09290193281142438
C15 319.994 59.81300358358111
C15 324.969 63.2192921426188
C15 349.982 74.31476365685123
C15 374.975 81.6249078784682
C15 400.019 86.18870129973918
C15 424.965 85.30963207065147
C15 450.035 84.61503168370658
C15 475.003 85.11792154145489
C15 500.018 86.1423270892686
C15 525.002 87.40652309483576
C15 550.029 89.24869101319882
C15 575.023 91.05393470388178
C15 599.982 92.78260383619165
C15 619.997 93.7715548152121
C15 624.979 93.98752613826079
C15 650.012 95.17996014719826
C15 675.004 96.18499361103216
C15 700.03 96.88798552177649
C15 725.012 97.18164316587949
C15 750.022 98.66430815312164
C15 774.987 99.41433676305756
C15 799.976 99.87086763996108
C15 824.988 98.28214353885453
C15 850.022 97.30356393498366
C15 869.967 95.17280222308622
C15 875.002 93.99825540961596
C15 899.999 86.81675583688074
C15 919.999 78.28733539090612
C15 925.012 75.62275245132089
C15 949.965 61.833076375379974
C15 975.002 46.89437072394695
C15 999.976 30.513394763924275
C15 1025.028 14.966771948024475
C15 1050.014 6.0334975210568
C15 1075.002 0.9399616535330119
C15 1099.99 0.09326213173852053
C16 319.994 59.24911145980983
C16 324.969 62.63146285454305
C16 349.982 73.82574037336677
C16 374.975 81.36853235825092
C16 400.019 85.94415919874541
C16 424.965 85.04157542746836
C16 450.035 84.30309087386632
C16 475.003 84.76250776485331
C16 500.018 85.75285225463175
C16 525.002 86.99556687304988
C16 550.029 88.82542163897764
C16 575.023 90.59636821242589
C16 599.982 92.31320392551224
C16 619.997 93.30192646014613
C16 624.979 93.5154458134458
C16 650.012 94.71480168729587
C16 675.004 95.72294199478691
C16 700.03 96.45120746949706
C16 725.012 96.76883654456252
C16 750.022 98.26426395820019
C16 774.987 99.05031063308287
C16 799.976 99.51137993846594
C16 824.988 97.95720424341933
C16 850.022 96.99846122711428
C16 869.967 94.91579467339946
C16 875.002 93.73752421642835
C16 899.999 86.59072534601077
C16 919.999 78.10972749517285
C16 925.012 75.44806102892261
C16 949.965 61.778881752076344
C16 975.002 46.86972157463771
C16 999.976 30.495273412960834
C16 1025.028 14.947407478857533
C16 1050.014 6.034831541089118
C16 1075.002 0.9361501652230323
C16 1099.99 0.09288395936994671
C17 319.994 59.1762795819698
C17 324.969 62.56615821923999
C17 349.982 73.8417314804256
C17 374.975 81.5176760834195
C17 400.019 86.0891985397689
C17 424.965 85.17353251995516
C17 450.035 84.42328308044556
C17 475.003 84.89212710978437
C17 500.018 85.87942567440874
C17 525.002 87.09429292210588
C17 550.029 88.87025004243255
C17 575.023 90.57986691290377
C17 599.982 92.25801937653354
C17 619.997 93.23351498118593
C17 624.979 93.44161258771136
C17 650.012 94.63583607767684
C17 675.004 95.64118174883903
C17 700.03 96.3884614113234
C17 725.012 96.73357996090427
C17 750.022 98.26321311402204
C17 774.987 99.08178265473721
C17 799.976 99.56378508074155
C17 824.988 98.02631628516497
C17 850.022 97.0680910761361
C17 869.967 94.96825311936527
C17 875.002 93.77080094873648
C17 899.999 86.58259272584944
C17 919.999 78.13454417036556
C17 925.012 75.49952193440048
C17 949.965 62.06739559007542
C17 975.002 47.05582379414438
C17 999.976 30.497001975485762
C17 1025.028 14.914536235335554
C17 1050.014 6.031070775375463
C17 1075.002 0.9361398524335426
C17 1099.99 0.09288293614444769
