lsstCam/transmission_sensor/r02_s21/19700101T000000.ecsv
# %ECSV 0.9
# ---
# datatype:
# - {name: amp_name, datatype: string}
# - {name: wavelength, unit: nm, datatype: float32}
# - {name: efficiency, unit: '%', datatype: float32}
# meta: !!omap
# - {MODE: AMP}
# - {TYPE: transmission_sensor}
# - {CALIBDATE: '1970-01-01T00:00:00'}
# - {INSTRUME: LSSTCAM}
# - {OBSTYPE: transmission_sensor}
# - {DETECTOR: 16}
# - {CALIBCLS: lsst.ip.isr.IntermediateSensorTransmissionCurve}
# - {PICKLEFILE: RaftRun10982.p}
# - {CALIB_ID: 'raftName=R02 detectorName=S21 detector=16 calibDate=1970-01-01T00:00:00 ccd=16 ccdnum=16 filter=None'}
# - {DATE: '2020-07-23T19:15:16.967885'}
# - {CALIB_CREATION_DATE: '2020-07-23'}
# - {CALIB_CREATION_TIME: '19:15:16'}
# - __serialized_columns__:
#     efficiency:
#       __class__: astropy.units.quantity.Quantity
#       unit: !astropy.units.Unit {unit: '%'}
#       value: !astropy.table.SerializedColumn {name: efficiency}
#     wavelength:
#       __class__: astropy.units.quantity.Quantity
#       unit: !astropy.units.Unit {unit: nm}
#       value: !astropy.table.SerializedColumn {name: wavelength}
# schema: astropy-2.0
amp_name wavelength efficiency
C15 319.994 59.92754
C15 324.969 63.34035
C15 349.982 74.45707
C15 374.975 81.78121
C15 400.019 86.353745
C15 424.965 85.47299
C15 450.035 84.77706
C15 475.003 85.280914
C15 500.018 86.30728
C15 525.002 87.5739
C15 550.029 89.41959
C15 575.023 91.228294
C15 599.982 92.96027
C15 619.997 93.95112
C15 624.979 94.1675
C15 650.012 95.36222
C15 675.004 96.36918
C15 700.03 97.07352
C15 725.012 97.36774
C15 750.022 98.85324
C15 774.987 99.604706
C15 799.976 100.06211
C15 824.988 98.470345
C15 850.022 97.48989
C15 869.967 95.35505
C15 875.002 94.17825
C15 899.999 86.983
C15 919.999 78.43725
C15 925.012 75.76756
C15 949.965 61.95148
C15 975.002 46.98417
C15 999.976 30.571825
C15 1025.028 14.995432
C15 1050.014 6.045051
C15 1075.002 3.3848808
C15 1099.99 2.3371391
C17 319.994 59.289597
C17 324.969 62.685966
C17 349.982 73.98313
C17 374.975 81.673775
C17 400.019 86.25405
C17 424.965 85.33663
C17 450.035 84.584946
C17 475.003 85.05469
C17 500.018 86.04388
C17 525.002 87.26107
C17 550.029 89.04043
C17 575.023 90.75332
C17 599.982 92.434685
C17 619.997 93.41205
C17 624.979 93.620544
C17 650.012 94.817055
C17 675.004 95.824326
C17 700.03 96.57304
C17 725.012 96.918816
C17 750.022 98.45138
C17 774.987 99.271515
C17 799.976 99.75444
C17 824.988 98.21403
C17 850.022 97.25397
C17 869.967 95.15011
C17 875.002 93.95036
C17 899.999 86.74839
C17 919.999 78.284164
C17 925.012 75.6441
C17 949.965 62.18625
C17 975.002 47.14593
C17 999.976 30.5554
C17 1025.028 14.943096
C17 1050.014 6.0426197
C17 1075.002 3.391874
C17 1099.99 2.338496
C10 319.994 61.58388
C10 324.969 65.01731
C10 349.982 75.36725
C10 374.975 80.98594
C10 400.019 85.24443
C10 424.965 84.57247
C10 450.035 84.18733
C10 475.003 84.979065
C10 500.018 86.22061
C10 525.002 87.608765
C10 550.029 89.50798
C10 575.023 91.267654
C10 599.982 92.94838
C10 619.997 93.88828
C10 624.979 94.091
C10 650.012 95.213295
C10 675.004 96.14349
C10 700.03 96.78118
C10 725.012 96.976875
C10 750.022 98.33937
C10 774.987 99.02236
C10 799.976 99.39115
C10 824.988 97.78172
C10 850.022 96.74008
C10 869.967 94.595215
C10 875.002 93.40527
C10 899.999 86.377686
C10 919.999 77.943886
C10 925.012 75.243675
C10 949.965 61.421803
C10 975.002 46.544746
C10 999.976 30.416098
C10 1025.028 14.856415
C10 1050.014 5.946113
C10 1075.002 3.348561
C10 1099.99 2.3094523
C16 319.994 59.362568
C16 324.969 62.751396
C16 349.982 73.96711
C16 374.975 81.524345
C16 400.019 86.108734
C16 424.965 85.20442
C16 450.035 84.46452
C16 475.003 84.92482
C16 500.018 85.91706
C16 525.002 87.162155
C16 550.029 88.995514
C16 575.023 90.76985
C16 599.982 92.489975
C16 619.997 93.48059
C16 624.979 93.69452
C16 650.012 94.89617
C16 675.004 95.90624
C16 700.03 96.6359
C16 725.012 96.95414
C16 750.022 98.45243
C16 774.987 99.23998
C16 799.976 99.701935
C16 824.988 98.14478
C16 850.022 97.184204
C16 869.967 95.09755
C16 875.002 93.91702
C16 899.999 86.75654
C16 919.999 78.2593
C16 925.012 75.59254
C16 949.965 61.897182
C16 975.002 46.959473
C16 999.976 30.553669
C16 1025.028 14.97603
C16 1050.014 6.0463877
C16 1075.002 3.3946638
C16 1099.99 2.338582
C07 319.994 59.50126
C07 324.969 62.942047
C07 349.982 74.21469
C07 374.975 81.83146
C07 400.019 86.44139
C07 424.965 85.465004
C07 450.035 84.681404
C07 475.003 85.075516
C07 500.018 86.039024
C07 525.002 87.270386
C07 550.029 89.10009
C07 575.023 90.95703
C07 599.982 92.70873
C07 619.997 93.69344
C07 624.979 93.93567
C07 650.012 95.12989
C07 675.004 96.16359
C07 700.03 96.774734
C07 725.012 96.882965
C07 750.022 98.12316
C07 774.987 98.57834
C07 799.976 98.97285
C07 824.988 97.42768
C07 850.022 96.3759
C07 869.967 94.1552
C07 875.002 93.041245
C07 899.999 86.19295
C07 919.999 78.06411
C07 925.012 75.51654
C07 949.965 61.646416
C07 975.002 46.488583
C07 999.976 30.26469
C07 1025.028 14.838873
C07 1050.014 6.021952
C07 1075.002 3.305054
C07 1099.99 2.2586439
C03 319.994 60.53176
C03 324.969 63.960583
C03 349.982 74.73973
C03 374.975 81.43065
C03 400.019 85.90688
C03 424.965 85.07962
C03 450.035 84.472
C03 475.003 85.031906
C03 500.018 86.12563
C03 525.002 87.45361
C03 550.029 89.351105
C03 575.023 91.22169
C03 599.982 92.97263
C03 619.997 93.951706
C03 624.979 94.17987
C03 650.012 95.3522
C03 675.004 96.33224
C03 700.03 96.89604
C03 725.012 96.90107
C03 750.022 98.00492
C03 774.987 98.350395
C03 799.976 98.65509
C03 824.988 97.08534
C03 850.022 95.947105
C03 869.967 93.744804
C03 875.002 92.64164
C03 899.999 85.914894
C03 919.999 77.81627
C03 925.012 75.222
C03 949.965 61.06682
C03 975.002 46.04558
C03 999.976 30.012506
C03 1025.028 14.782153
C03 1050.014 5.9438047
C03 1075.002 3.3028378
C03 1099.99 2.2584853
C12 319.994 60.915585
C12 324.969 64.33301
C12 349.982 74.94547
C12 374.975 81.21999
C12 400.019 85.57308
C12 424.965 84.79926
C12 450.035 84.26107
C12 475.003 84.906
C12 500.018 86.04423
C12 525.002 87.38101
C12 550.029 89.27644
C12 575.023 91.07777
C12 599.982 92.8003
C12 619.997 93.77307
C12 624.979 93.98075
C12 650.012 95.14306
C12 675.004 96.108574
C12 700.03 96.77588
C12 725.012 97.00571
C12 750.022 98.40434
C12 774.987 99.10106
C12 799.976 99.49434
C12 824.988 97.895294
C12 850.022 96.850006
C12 869.967 94.675064
C12 875.002 93.46586
C12 899.999 86.30503
C12 919.999 77.93296
C12 925.012 75.29753
C12 949.965 61.627712
C12 975.002 46.620625
C12 999.976 30.327675
C12 1025.028 14.873307
C12 1050.014 5.988084
C12 1075.002 3.3509974
C12 1099.99 2.3135781
C13 319.994 60.724075
C13 324.969 64.14909
C13 349.982 74.983025
C13 374.975 81.64591
C13 400.019 86.08739
C13 424.965 85.27013
C13 450.035 84.67693
C13 475.003 85.27533
C13 500.018 86.374535
C13 525.002 87.69046
C13 550.029 89.571335
C13 575.023 91.37842
C13 599.982 93.10668
C13 619.997 94.08642
C13 624.979 94.30052
C13 650.012 95.47505
C13 675.004 96.45847
C13 700.03 97.13785
C13 725.012 97.39025
C13 750.022 98.81677
C13 774.987 99.52819
C13 799.976 99.94528
C13 824.988 98.34327
C13 850.022 97.30702
C13 869.967 95.14193
C13 875.002 93.93964
C13 899.999 86.73042
C13 919.999 78.27056
C13 925.012 75.613014
C13 949.965 61.852608
C13 975.002 46.871876
C13 999.976 30.469427
C13 1025.028 14.955227
C13 1050.014 6.0223594
C13 1075.002 3.352321
C13 1099.99 2.3187754
C14 319.994 60.069363
C14 324.969 63.473297
C14 349.982 74.41221
C14 374.975 81.40982
C14 400.019 85.91569
C14 424.965 85.07355
C14 450.035 84.43174
C14 475.003 84.98071
C14 500.018 86.04215
C14 525.002 87.32708
C14 550.029 89.17512
C14 575.023 90.9756
C14 599.982 92.69636
C14 619.997 93.67669
C14 624.979 93.891685
C14 650.012 95.07347
C14 675.004 96.06316
C14 700.03 96.7487
C14 725.012 97.022415
C14 750.022 98.47142
C14 774.987 99.19227
C14 799.976 99.638596
C14 824.988 98.04643
C14 850.022 97.05449
C14 869.967 94.92742
C14 875.002 93.74898
C14 899.999 86.59519
C14 919.999 78.12103
C14 925.012 75.46547
C14 949.965 61.72207
C14 975.002 46.82051
C14 999.976 30.456041
C14 1025.028 14.960463
C14 1050.014 6.0326743
C14 1075.002 3.3618684
C14 1099.99 2.3224452
C05 319.994 59.84632
C05 324.969 63.277515
C05 349.982 74.35384
C05 374.975 81.68253
C05 400.019 86.30004
C05 424.965 85.38472
C05 450.035 84.66758
C05 475.003 85.11998
C05 500.018 86.141304
C05 525.002 87.42246
C05 550.029 89.30366
C05 575.023 91.20033
C05 599.982 92.96655
C05 619.997 93.95398
C05 624.979 94.19503
C05 650.012 95.38235
C05 675.004 96.40386
C05 700.03 96.98186
C05 725.012 97.032814
C05 750.022 98.19599
C05 774.987 98.5851
C05 799.976 98.946106
C05 824.988 97.379234
C05 850.022 96.317924
C05 869.967 94.15382
C05 875.002 93.07177
C05 899.999 86.3197
C05 919.999 78.19678
C05 925.012 75.63184
C05 949.965 61.516747
C05 975.002 46.416782
C05 999.976 30.303316
C05 1025.028 14.941604
C05 1050.014 6.0444903
C05 1075.002 3.3292313
C05 1099.99 2.273002
C00 319.994 62.119846
C00 324.969 65.62105
C00 349.982 75.85479
C00 374.975 81.212456
C00 400.019 85.42913
C00 424.965 84.70198
C00 450.035 84.31785
C00 475.003 85.08318
C00 500.018 86.32157
C00 525.002 87.70656
C00 550.029 89.60318
C00 575.023 91.47208
C00 599.982 93.183014
C00 619.997 94.111725
C00 624.979 94.344086
C00 650.012 95.45056
C00 675.004 96.39435
C00 700.03 96.88072
C00 725.012 96.84483
C00 750.022 97.92972
C00 774.987 98.24053
C00 799.976 98.54089
C00 824.988 96.905785
C00 850.022 95.82936
C00 869.967 93.6803
C00 875.002 92.597115
C00 899.999 85.8769
C00 919.999 77.73652
C00 925.012 75.10753
C00 949.965 60.752556
C00 975.002 45.89474
C00 999.976 30.07233
C00 1025.028 14.726572
C00 1050.014 5.9597983
C00 1075.002 3.3141072
C00 1099.99 2.262705
C02 319.994 60.934036
C02 324.969 64.36841
C02 349.982 74.96612
C02 374.975 81.31205
C02 400.019 85.734566
C02 424.965 84.948105
C02 450.035 84.39643
C02 475.003 85.00772
C02 500.018 86.14015
C02 525.002 87.49389
C02 550.029 89.4079
C02 575.023 91.28986
C02 599.982 93.04351
C02 619.997 94.01516
C02 624.979 94.241035
C02 650.012 95.401535
C02 675.004 96.37188
C02 700.03 96.91586
C02 725.012 96.90581
C02 750.022 97.99229
C02 774.987 98.326965
C02 799.976 98.61611
C02 824.988 97.0337
C02 850.022 95.89709
C02 869.967 93.70073
C02 875.002 92.59944
C02 899.999 85.85642
C02 919.999 77.768974
C02 925.012 75.18395
C02 949.965 61.01196
C02 975.002 45.978626
C02 999.976 30.000238
C02 1025.028 14.764061
C02 1050.014 5.9342084
C02 1075.002 3.3034823
C02 1099.99 2.2591987
C04 319.994 59.957848
C04 324.969 63.388744
C04 349.982 74.29741
C04 374.975 81.33976
C04 400.019 85.907104
C04 424.965 85.04026
C04 450.035 84.3808
C04 475.003 84.88483
C04 500.018 85.93862
C04 525.002 87.23211
C04 550.029 89.104965
C04 575.023 90.99732
C04 599.982 92.75074
C04 619.997 93.72763
C04 624.979 93.965096
C04 650.012 95.13728
C04 675.004 96.141235
C04 700.03 96.69173
C04 725.012 96.71738
C04 750.022 97.859146
C04 774.987 98.21327
C04 799.976 98.56153
C04 824.988 96.98638
C04 850.022 95.9127
C04 869.967 93.727776
C04 875.002 92.66226
C04 899.999 85.9734
C04 919.999 77.868805
C04 925.012 75.306465
C04 949.965 61.211544
C04 975.002 46.198723
C04 999.976 30.13239
C04 1025.028 14.8780365
C04 1050.014 6.0035105
C04 1075.002 3.3183532
C04 1099.99 2.2660463
C11 319.994 61.25969
C11 324.969 64.67994
C11 349.982 75.15195
C11 374.975 81.108475
C11 400.019 85.42469
C11 424.965 84.70052
C11 450.035 84.22968
C11 475.003 84.938065
C11 500.018 86.12075
C11 525.002 87.489456
C11 550.029 89.40272
C11 575.023 91.19844
C11 599.982 92.91383
C11 619.997 93.87895
C11 624.979 94.08457
C11 650.012 95.231384
C11 675.004 96.18015
C11 700.03 96.83647
C11 725.012 97.049126
C11 750.022 98.4243
C11 774.987 99.11167
C11 799.976 99.49134
C11 824.988 97.88488
C11 850.022 96.832794
C11 869.967 94.65607
C11 875.002 93.44596
C11 899.999 86.31858
C11 919.999 77.96221
C11 925.012 75.31636
C11 949.965 61.618298
C11 975.002 46.595238
C11 999.976 30.370615
C11 1025.028 14.878466
C11 1050.014 5.962906
C11 1075.002 3.344651
C11 1099.99 2.3084857
C06 319.994 59.445045
C06 324.969 62.8613
C06 349.982 74.02333
C06 374.975 81.58087
C06 400.019 86.22632
C06 424.965 85.28823
C06 450.035 84.52908
C06 475.003 84.93659
C06 500.018 85.92076
C06 525.002 87.17704
C06 550.029 89.04631
C06 575.023 90.93361
C06 599.982 92.70007
C06 619.997 93.691536
C06 624.979 93.93363
C06 650.012 95.1267
C06 675.004 96.158516
C06 700.03 96.75373
C06 725.012 96.83275
C06 750.022 98.023735
C06 774.987 98.44637
C06 799.976 98.821106
C06 824.988 97.27152
C06 850.022 96.224304
C06 869.967 94.06731
C06 875.002 92.980934
C06 899.999 86.2065
C06 919.999 78.08214
C06 925.012 75.52421
C06 949.965 61.487617
C06 975.002 46.397366
C06 999.976 30.296772
C06 1025.028 14.929024
C06 1050.014 6.045609
C06 1075.002 3.3218174
C06 1099.99 2.2680032
C01 319.994 61.183136
C01 324.969 64.61696
C01 349.982 74.97731
C01 374.975 80.86081
C01 400.019 85.18466
C01 424.965 84.43857
C01 450.035 83.96395
C01 475.003 84.633995
C01 500.018 85.80558
C01 525.002 87.17873
C01 550.029 89.09957
C01 575.023 90.97906
C01 599.982 92.71854
C01 619.997 93.67545
C01 624.979 93.90369
C01 650.012 95.0416
C01 675.004 95.994156
C01 700.03 96.51453
C01 725.012 96.489555
C01 750.022 97.56267
C01 774.987 97.88465
C01 799.976 98.16852
C01 824.988 96.57348
C01 850.022 95.45476
C01 869.967 93.30251
C01 875.002 92.21321
C01 899.999 85.501465
C01 919.999 77.40904
C01 925.012 74.82124
C01 949.965 60.633083
C01 975.002 45.73588
C01 999.976 29.895662
C01 1025.028 14.705998
C01 1050.014 5.9084544
C01 1075.002 3.2903404
C01 1099.99 2.2502964
