lsstCam/transmission_sensor/r02_s21/19700101T000000.ecsv
# %ECSV 1.0
# ---
# datatype:
# - {name: amp_name, datatype: string}
# - {name: wavelength, unit: nm, datatype: float32}
# - {name: efficiency, unit: '%', datatype: float64}
# meta: !!omap
# - {MODE: AMP}
# - {TYPE: transmission_sensor}
# - {CALIBDATE: '1970-01-01T00:00:00'}
# - {INSTRUME: LSSTCAM}
# - {OBSTYPE: transmission_sensor}
# - {DETECTOR: 16}
# - {PARQUETFILE: qe_raft_allvalues_nircorrected_20230725.parquet}
# - {CALIBCLS: lsst.ip.isr.IntermediateSensorTransmissionCurve}
# - {CALIB_ID: 'raftName=R02 detectorName=S21 detector=16 calibDate=1970-01-01T00:00:00 ccd=16 ccdnum=16 filter=None'}
# - {DATE: '2023-08-02T16:57:55.527152'}
# - {CALIB_CREATION_DATE: '2023-08-02'}
# - {CALIB_CREATION_TIME: '16:57:55'}
# - __serialized_columns__:
#     efficiency:
#       __class__: astropy.units.quantity.Quantity
#       unit: !astropy.units.Unit {unit: '%'}
#       value: !astropy.table.SerializedColumn {name: efficiency}
#     wavelength:
#       __class__: astropy.units.quantity.Quantity
#       unit: !astropy.units.Unit {unit: nm}
#       value: !astropy.table.SerializedColumn {name: wavelength}
# schema: astropy-2.0
amp_name wavelength efficiency
C00 319.994 62.11984634399414
C00 324.969 65.62104797363281
C00 349.982 75.85478973388672
C00 374.975 81.21245574951172
C00 400.019 85.42913055419922
C00 424.965 84.70198059082031
C00 450.035 84.3178482055664
C00 475.003 85.08318328857422
C00 500.018 86.32157135009766
C00 525.002 87.70655822753906
C00 550.029 89.60317993164062
C00 575.023 91.47207641601562
C00 599.982 93.18301391601562
C00 619.997 94.11172485351562
C00 624.979 94.34408569335938
C00 650.012 95.4505615234375
C00 675.004 96.39434814453125
C00 700.03 96.88072204589844
C00 725.012 96.84483337402344
C00 750.022 97.92971801757812
C00 774.987 98.24053192138672
C00 799.976 98.5408935546875
C00 824.988 96.9057846069336
C00 850.022 95.82936096191406
C00 869.967 93.6802978515625
C00 875.002 92.59711456298828
C00 899.999 85.87689971923828
C00 919.999 77.73651885986328
C00 925.012 75.10752868652344
C00 949.965 60.75255584716797
C00 975.002 45.89474105834961
C00 999.976 30.072330474853516
C00 1025.028 14.726572036743164
C00 1050.014 5.959798336029053
C00 1075.002 0.9329675445462976
C00 1099.99 0.09256818267021462
C01 319.994 61.183135986328125
C01 324.969 64.61695861816406
C01 349.982 74.97731018066406
C01 374.975 80.86080932617188
C01 400.019 85.18466186523438
C01 424.965 84.43856811523438
C01 450.035 83.96395111083984
C01 475.003 84.63399505615234
C01 500.018 85.80558013916016
C01 525.002 87.17872619628906
C01 550.029 89.09957122802734
C01 575.023 90.97905731201172
C01 599.982 92.71853637695312
C01 619.997 93.67545318603516
C01 624.979 93.9036865234375
C01 650.012 95.0416030883789
C01 675.004 95.99415588378906
C01 700.03 96.5145263671875
C01 725.012 96.48955535888672
C01 750.022 97.56266784667969
C01 774.987 97.88465118408203
C01 799.976 98.16851806640625
C01 824.988 96.57347869873047
C01 850.022 95.45475769042969
C01 869.967 93.3025131225586
C01 875.002 92.21321105957031
C01 899.999 85.50146484375
C01 919.999 77.40904235839844
C01 925.012 74.82124328613281
C01 949.965 60.63308334350586
C01 975.002 45.73588180541992
C01 999.976 29.895662307739258
C01 1025.028 14.705998420715332
C01 1050.014 5.908454418182373
C01 1075.002 0.9294705742953738
C01 1099.99 0.09222121649451852
C02 319.994 60.93403625488281
C02 324.969 64.368408203125
C02 349.982 74.96611785888672
C02 374.975 81.31204986572266
C02 400.019 85.73456573486328
C02 424.965 84.94810485839844
C02 450.035 84.39643096923828
C02 475.003 85.00772094726562
C02 500.018 86.14015197753906
C02 525.002 87.49388885498047
C02 550.029 89.40789794921875
C02 575.023 91.28986358642578
C02 599.982 93.04351043701172
C02 619.997 94.0151596069336
C02 624.979 94.24103546142578
C02 650.012 95.40153503417969
C02 675.004 96.37187957763672
C02 700.03 96.91586303710938
C02 725.012 96.90580749511719
C02 750.022 97.9922866821289
C02 774.987 98.32696533203125
C02 799.976 98.6161117553711
C02 824.988 97.03369903564453
C02 850.022 95.89708709716797
C02 869.967 93.70072937011719
C02 875.002 92.59944152832031
C02 899.999 85.8564224243164
C02 919.999 77.76897430419922
C02 925.012 75.18395233154297
C02 949.965 61.011959075927734
C02 975.002 45.9786262512207
C02 999.976 30.0002384185791
C02 1025.028 14.764060974121094
C02 1050.014 5.934208393096924
C02 1075.002 0.933563394494444
C02 1099.99 0.09262730235467362
C03 319.994 60.531761169433594
C03 324.969 63.9605827331543
C03 349.982 74.73973083496094
C03 374.975 81.43064880371094
C03 400.019 85.9068832397461
C03 424.965 85.07962036132812
C03 450.035 84.47200012207031
C03 475.003 85.03190612792969
C03 500.018 86.1256332397461
C03 525.002 87.45361328125
C03 550.029 89.35110473632812
C03 575.023 91.22168731689453
C03 599.982 92.9726333618164
C03 619.997 93.95170593261719
C03 624.979 94.17987060546875
C03 650.012 95.35220336914062
C03 675.004 96.33223724365234
C03 700.03 96.89604187011719
C03 725.012 96.90106964111328
C03 750.022 98.00492095947266
C03 774.987 98.35039520263672
C03 799.976 98.65509033203125
C03 824.988 97.08534240722656
C03 850.022 95.94710540771484
C03 869.967 93.74480438232422
C03 875.002 92.64163970947266
C03 899.999 85.9148941040039
C03 919.999 77.81626892089844
C03 925.012 75.22200012207031
C03 949.965 61.06681823730469
C03 975.002 46.04558181762695
C03 999.976 30.01250648498535
C03 1025.028 14.782153129577637
C03 1050.014 5.943804740905762
C03 1075.002 0.933683638854601
C03 1099.99 0.09263923288962217
C04 319.994 59.957847595214844
C04 324.969 63.38874435424805
C04 349.982 74.29740905761719
C04 374.975 81.33975982666016
C04 400.019 85.9071044921875
C04 424.965 85.0402603149414
C04 450.035 84.38079833984375
C04 475.003 84.88482666015625
C04 500.018 85.9386215209961
C04 525.002 87.23210906982422
C04 550.029 89.10496520996094
C04 575.023 90.99732208251953
C04 599.982 92.75074005126953
C04 619.997 93.72763061523438
C04 624.979 93.96509552001953
C04 650.012 95.13728332519531
C04 675.004 96.1412353515625
C04 700.03 96.69172668457031
C04 725.012 96.71737670898438
C04 750.022 97.85914611816406
C04 774.987 98.21327209472656
C04 799.976 98.56153106689453
C04 824.988 96.98638153076172
C04 850.022 95.9126968383789
C04 869.967 93.72777557373047
C04 875.002 92.66226196289062
C04 899.999 85.97339630126953
C04 919.999 77.86880493164062
C04 925.012 75.30646514892578
C04 949.965 61.211544036865234
C04 975.002 46.19872283935547
C04 999.976 30.132389068603516
C04 1025.028 14.878036499023438
C04 1050.014 6.003510475158691
C04 1075.002 0.9322947286097524
C04 1099.99 0.09250142649109391
C05 319.994 59.84632110595703
C05 324.969 63.27751541137695
C05 349.982 74.35384368896484
C05 374.975 81.68253326416016
C05 400.019 86.30004119873047
C05 424.965 85.38471984863281
C05 450.035 84.6675796508789
C05 475.003 85.11997985839844
C05 500.018 86.14130401611328
C05 525.002 87.4224624633789
C05 550.029 89.30365753173828
C05 575.023 91.20033264160156
C05 599.982 92.966552734375
C05 619.997 93.9539794921875
C05 624.979 94.19503021240234
C05 650.012 95.3823471069336
C05 675.004 96.40386199951172
C05 700.03 96.98185729980469
C05 725.012 97.0328140258789
C05 750.022 98.19599151611328
C05 774.987 98.58509826660156
C05 799.976 98.94610595703125
C05 824.988 97.37923431396484
C05 850.022 96.31792449951172
C05 869.967 94.15381622314453
C05 875.002 93.07176971435547
C05 899.999 86.3197021484375
C05 919.999 78.19677734375
C05 925.012 75.63184356689453
C05 949.965 61.516746520996094
C05 975.002 46.41678237915039
C05 999.976 30.303316116333008
C05 1025.028 14.941603660583496
C05 1050.014 6.044490337371826
C05 1075.002 0.935503482132048
C05 1099.99 0.0928197960677548
C06 319.994 59.445045471191406
C06 324.969 62.86130142211914
C06 349.982 74.02333068847656
C06 374.975 81.58087158203125
C06 400.019 86.226318359375
C06 424.965 85.2882308959961
C06 450.035 84.52908325195312
C06 475.003 84.93659210205078
C06 500.018 85.92076110839844
C06 525.002 87.17704010009766
C06 550.029 89.04631042480469
C06 575.023 90.93360900878906
C06 599.982 92.7000732421875
C06 619.997 93.69153594970703
C06 624.979 93.93363189697266
C06 650.012 95.12670135498047
C06 675.004 96.15851593017578
C06 700.03 96.75373077392578
C06 725.012 96.83274841308594
C06 750.022 98.02373504638672
C06 774.987 98.44637298583984
C06 799.976 98.82110595703125
C06 824.988 97.27152252197266
C06 850.022 96.22430419921875
C06 869.967 94.06730651855469
C06 875.002 92.9809341430664
C06 899.999 86.20649719238281
C06 919.999 78.08213806152344
C06 925.012 75.52420806884766
C06 949.965 61.48761749267578
C06 975.002 46.39736557006836
C06 999.976 30.296772003173828
C06 1025.028 14.929023742675781
C06 1050.014 6.045608997344971
C06 1075.002 0.9338620622243081
C06 1099.99 0.09265693589245033
C07 319.994 59.501258850097656
C07 324.969 62.942047119140625
C07 349.982 74.21469116210938
C07 374.975 81.83145904541016
C07 400.019 86.44139099121094
C07 424.965 85.46500396728516
C07 450.035 84.68140411376953
C07 475.003 85.07551574707031
C07 500.018 86.03902435302734
C07 525.002 87.2703857421875
C07 550.029 89.10009002685547
C07 575.023 90.95703125
C07 599.982 92.70873260498047
C07 619.997 93.69344329833984
C07 624.979 93.9356689453125
C07 650.012 95.12989044189453
C07 675.004 96.16358947753906
C07 700.03 96.77473449707031
C07 725.012 96.88296508789062
C07 750.022 98.12316131591797
C07 774.987 98.57833862304688
C07 799.976 98.97284698486328
C07 824.988 97.42768096923828
C07 850.022 96.37590026855469
C07 869.967 94.15519714355469
C07 875.002 93.04124450683594
C07 899.999 86.19294738769531
C07 919.999 78.0641098022461
C07 925.012 75.51654052734375
C07 949.965 61.64641571044922
C07 975.002 46.488582611083984
C07 999.976 30.264690399169922
C07 1025.028 14.838872909545898
C07 1050.014 6.021952152252197
C07 1075.002 0.9348089389170912
C07 1099.99 0.09275088412803051
C10 319.994 61.58388137817383
C10 324.969 65.0173110961914
C10 349.982 75.36724853515625
C10 374.975 80.9859390258789
C10 400.019 85.24443054199219
C10 424.965 84.57247161865234
C10 450.035 84.18733215332031
C10 475.003 84.97906494140625
C10 500.018 86.22061157226562
C10 525.002 87.6087646484375
C10 550.029 89.50798034667969
C10 575.023 91.26765441894531
C10 599.982 92.94837951660156
C10 619.997 93.8882827758789
C10 624.979 94.09100341796875
C10 650.012 95.21329498291016
C10 675.004 96.14349365234375
C10 700.03 96.78118133544922
C10 725.012 96.97687530517578
C10 750.022 98.33937072753906
C10 774.987 99.0223617553711
C10 799.976 99.39115142822266
C10 824.988 97.78172302246094
C10 850.022 96.74008178710938
C10 869.967 94.59521484375
C10 875.002 93.4052734375
C10 899.999 86.377685546875
C10 919.999 77.94388580322266
C10 925.012 75.2436752319336
C10 949.965 61.42180252075195
C10 975.002 46.54474639892578
C10 999.976 30.41609764099121
C10 1025.028 14.856414794921875
C10 1050.014 5.946113109588623
C10 1075.002 0.9368667137447926
C10 1099.99 0.09295505465599617
C11 319.994 61.25968933105469
C11 324.969 64.67993927001953
C11 349.982 75.15194702148438
C11 374.975 81.10847473144531
C11 400.019 85.42469024658203
C11 424.965 84.70052337646484
C11 450.035 84.22968292236328
C11 475.003 84.93806457519531
C11 500.018 86.1207504272461
C11 525.002 87.48945617675781
C11 550.029 89.40271759033203
C11 575.023 91.19844055175781
C11 599.982 92.91383361816406
C11 619.997 93.87895202636719
C11 624.979 94.0845718383789
C11 650.012 95.23138427734375
C11 675.004 96.1801528930664
C11 700.03 96.83647155761719
C11 725.012 97.04912567138672
C11 750.022 98.42430114746094
C11 774.987 99.1116714477539
C11 799.976 99.49134063720703
C11 824.988 97.88488006591797
C11 850.022 96.83279418945312
C11 869.967 94.65606689453125
C11 875.002 93.44596099853516
C11 899.999 86.3185806274414
C11 919.999 77.96221160888672
C11 925.012 75.31636047363281
C11 949.965 61.6182975769043
C11 975.002 46.595237731933594
C11 999.976 30.370615005493164
C11 1025.028 14.87846565246582
C11 1050.014 5.9629058837890625
C11 1075.002 0.9376757854476657
C11 1099.99 0.09303533000707634
C12 319.994 60.915584564208984
C12 324.969 64.3330078125
C12 349.982 74.94547271728516
C12 374.975 81.2199935913086
C12 400.019 85.57308197021484
C12 424.965 84.79926300048828
C12 450.035 84.26107025146484
C12 475.003 84.90599822998047
C12 500.018 86.04422760009766
C12 525.002 87.38101196289062
C12 550.029 89.27644348144531
C12 575.023 91.07776641845703
C12 599.982 92.80030059814453
C12 619.997 93.7730712890625
C12 624.979 93.98075103759766
C12 650.012 95.14305877685547
C12 675.004 96.10857391357422
C12 700.03 96.77587890625
C12 725.012 97.00570678710938
C12 750.022 98.40434265136719
C12 774.987 99.10105895996094
C12 799.976 99.49433898925781
C12 824.988 97.89529418945312
C12 850.022 96.85000610351562
C12 869.967 94.67506408691406
C12 875.002 93.46585845947266
C12 899.999 86.3050308227539
C12 919.999 77.9329605102539
C12 925.012 75.29753112792969
C12 949.965 61.62771224975586
C12 975.002 46.62062454223633
C12 999.976 30.327674865722656
C12 1025.028 14.873307228088379
C12 1050.014 5.988083839416504
C12 1075.002 0.9374855284346033
C12 1099.99 0.09301645288102581
C13 319.994 60.72407531738281
C13 324.969 64.14909362792969
C13 349.982 74.98302459716797
C13 374.975 81.64591217041016
C13 400.019 86.08738708496094
C13 424.965 85.27012634277344
C13 450.035 84.67693328857422
C13 475.003 85.27532958984375
C13 500.018 86.3745346069336
C13 525.002 87.69046020507812
C13 550.029 89.57133483886719
C13 575.023 91.37841796875
C13 599.982 93.10668182373047
C13 619.997 94.08641815185547
C13 624.979 94.30052185058594
C13 650.012 95.47505187988281
C13 675.004 96.4584732055664
C13 700.03 97.13784790039062
C13 725.012 97.39025115966797
C13 750.022 98.8167724609375
C13 774.987 99.52819061279297
C13 799.976 99.94528198242188
C13 824.988 98.34326934814453
C13 850.022 97.30702209472656
C13 869.967 95.14192962646484
C13 875.002 93.93963623046875
C13 899.999 86.73042297363281
C13 919.999 78.27056121826172
C13 925.012 75.6130142211914
C13 949.965 61.85260772705078
C13 975.002 46.87187576293945
C13 999.976 30.46942710876465
C13 1025.028 14.95522689819336
C13 1050.014 6.022359371185303
C13 1075.002 0.9414145654454468
C13 1099.99 0.09340628832370958
C14 319.994 60.06936264038086
C14 324.969 63.473297119140625
C14 349.982 74.4122085571289
C14 374.975 81.40982055664062
C14 400.019 85.91568756103516
C14 424.965 85.07354736328125
C14 450.035 84.4317398071289
C14 475.003 84.980712890625
C14 500.018 86.04215240478516
C14 525.002 87.32707977294922
C14 550.029 89.17511749267578
C14 575.023 90.97560119628906
C14 599.982 92.69635772705078
C14 619.997 93.67668914794922
C14 624.979 93.89168548583984
C14 650.012 95.07347106933594
C14 675.004 96.06316375732422
C14 700.03 96.74870300292969
C14 725.012 97.02241516113281
C14 750.022 98.47142028808594
C14 774.987 99.19226837158203
C14 799.976 99.63859558105469
C14 824.988 98.04643249511719
C14 850.022 97.05448913574219
C14 869.967 94.92742156982422
C14 875.002 93.74897766113281
C14 899.999 86.5951919555664
C14 919.999 78.12103271484375
C14 925.012 75.46546936035156
C14 949.965 61.722068786621094
C14 975.002 46.82051086425781
C14 999.976 30.45604133605957
C14 1025.028 14.96046257019043
C14 1050.014 6.032674312591553
C14 1075.002 0.9381243001278692
C14 1099.99 0.09307983122160417
C15 319.994 59.92753982543945
C15 324.969 63.34035110473633
C15 349.982 74.45706939697266
C15 374.975 81.78121185302734
C15 400.019 86.35374450683594
C15 424.965 85.47299194335938
C15 450.035 84.77706146240234
C15 475.003 85.28091430664062
C15 500.018 86.30728149414062
C15 525.002 87.57389831542969
C15 550.029 89.41959381103516
C15 575.023 91.2282943725586
C15 599.982 92.96027374267578
C15 619.997 93.95111846923828
C15 624.979 94.1675033569336
C15 650.012 95.36222076416016
C15 675.004 96.36917877197266
C15 700.03 97.07351684570312
C15 725.012 97.36773681640625
C15 750.022 98.85324096679688
C15 774.987 99.60470581054688
C15 799.976 100.0621109008789
C15 824.988 98.47034454345703
C15 850.022 97.4898910522461
C15 869.967 95.35504913330078
C15 875.002 94.17825317382812
C15 899.999 86.98300170898438
C15 919.999 78.43724822998047
C15 925.012 75.76756286621094
C15 949.965 61.951480865478516
C15 975.002 46.984169006347656
C15 999.976 30.57182502746582
C15 1025.028 14.995431900024414
C15 1050.014 6.045051097869873
C15 1075.002 0.9417615911525329
C15 1099.99 0.0934407198955607
C16 319.994 59.36256790161133
C16 324.969 62.75139617919922
C16 349.982 73.96710968017578
C16 374.975 81.52434539794922
C16 400.019 86.10873413085938
C16 424.965 85.20442199707031
C16 450.035 84.46452331542969
C16 475.003 84.92481994628906
C16 500.018 85.91706085205078
C16 525.002 87.16215515136719
C16 550.029 88.99551391601562
C16 575.023 90.76985168457031
C16 599.982 92.48997497558594
C16 619.997 93.4805908203125
C16 624.979 93.69451904296875
C16 650.012 94.89617156982422
C16 675.004 95.90624237060547
C16 700.03 96.63590240478516
C16 725.012 96.95413970947266
C16 750.022 98.45243072509766
C16 774.987 99.23998260498047
C16 799.976 99.70193481445312
C16 824.988 98.14478302001953
C16 850.022 97.1842041015625
C16 869.967 95.09754943847656
C16 875.002 93.91702270507812
C16 899.999 86.75653839111328
C16 919.999 78.2593002319336
C16 925.012 75.59253692626953
C16 949.965 61.89718246459961
C16 975.002 46.95947265625
C16 999.976 30.553668975830078
C16 1025.028 14.976030349731445
C16 1050.014 6.046387672424316
C16 1075.002 0.9379428042031144
C16 1099.99 0.09306182336268687
C17 319.994 59.28959655761719
C17 324.969 62.68596649169922
C17 349.982 73.9831314086914
C17 374.975 81.67377471923828
C17 400.019 86.2540512084961
C17 424.965 85.33663177490234
C17 450.035 84.58494567871094
C17 475.003 85.0546875
C17 500.018 86.04387664794922
C17 525.002 87.26107025146484
C17 550.029 89.0404281616211
C17 575.023 90.7533187866211
C17 599.982 92.43468475341797
C17 619.997 93.41204833984375
C17 624.979 93.62054443359375
C17 650.012 94.81705474853516
C17 675.004 95.82432556152344
C17 700.03 96.57303619384766
C17 725.012 96.91881561279297
C17 750.022 98.45137786865234
C17 774.987 99.27151489257812
C17 799.976 99.75444030761719
C17 824.988 98.21402740478516
C17 850.022 97.25396728515625
C17 869.967 95.15010833740234
C17 875.002 93.95036315917969
C17 899.999 86.7483901977539
C17 919.999 78.28416442871094
C17 925.012 75.64409637451172
C17 949.965 62.186248779296875
C17 975.002 47.145931243896484
C17 999.976 30.555400848388672
C17 1025.028 14.943096160888672
C17 1050.014 6.042619705200195
C17 1075.002 0.9379324716656087
C17 1099.99 0.09306079817780785
