lsstCam/transmission_filter_detector/r34_s22/r_57/19700101T000000.ecsv
# %ECSV 1.0
# ---
# datatype:
# - {name: wavelength, unit: nm, datatype: float32}
# - {name: efficiency, unit: '%', datatype: float64}
# meta: !!omap
# - {MODE: DETECTOR}
# - {TYPE: transmission_filter_detector}
# - {CALIBDATE: '1970-01-01T00:00:00'}
# - {INSTRUME: LSSTCam}
# - {OBSTYPE: transmission_filter_detector}
# - {CALIBCLS: lsst.ip.isr.IntermediateFilterDetectorTransmissionCurve}
# - {SOURCE: Materion (DM-46256)}
# - {DETECTOR: 161}
# - {FILTER: r_57}
# - {CALIB_ID: 'calibDate=1970-01-01T00:00:00 filter=r_57 detector=161'}
# - {DATE: '2025-04-02T15:59:44.929695'}
# - {CALIB_CREATION_DATE: '2025-04-02'}
# - {CALIB_CREATION_TIME: '15:59:44'}
# - __serialized_columns__:
#     efficiency:
#       __class__: astropy.units.quantity.Quantity
#       unit: !astropy.units.Unit {unit: '%'}
#       value: !astropy.table.SerializedColumn {name: efficiency}
#     wavelength:
#       __class__: astropy.units.quantity.Quantity
#       unit: !astropy.units.Unit {unit: nm}
#       value: !astropy.table.SerializedColumn {name: wavelength}
# schema: astropy-2.0
wavelength efficiency
300.0 0.0033916643587872386
301.0 0.008608795906184241
302.0 0.013825928908772767
303.0 0.01722330489428714
304.0 0.020620680879801512
305.0 0.018650588754098862
306.0 0.016680496628396213
307.0 0.014348287368193269
308.0 0.012016076652798802
309.0 0.01144655907410197
310.0 0.010877042223000899
311.0 0.01000647753244266
312.0 0.009135914297075942
313.0 0.008688154048286378
314.0 0.008240393071901053
315.0 0.007434107101289555
316.0 0.006627820403082296
317.0 0.006251481681829318
318.0 0.005875143324374221
319.0 0.005699210669263266
320.0 0.005523278014152311
321.0 0.005312543726176955
322.0 0.005101811257191002
323.0 0.0046971446863608435
324.0 0.004292476296541281
325.0 0.00408366831834428
326.0 0.0038748599763493985
327.0 0.003829062552540563
328.0 0.0037832665839232504
329.0 0.003822799408226274
330.0 0.0038623307773377746
331.0 0.003611895226640627
332.0 0.0033614593121455982
333.0 0.003123985879938118
334.0 0.0028865122658316977
335.0 0.0025918532628566027
336.0 0.002297193896083627
337.0 0.0020755260266014375
338.0 0.0018538583390181884
339.0 0.0017587997717782855
340.0 0.0016637410226394422
341.0 0.0015936897398205474
342.0 0.0015236383660521824
343.0 0.0015019965758256149
344.0 0.0014803546946495771
345.0 0.001456783775211079
346.0 0.0014332129467220511
347.0 0.0014009105143486522
348.0 0.0013686081729247235
349.0 0.0012711466297332663
350.0 0.0030340655939653516
351.0 0.005525248343474232
352.0 0.00801643036538735
353.0 0.00651458467473276
354.0 0.005012740439269692
355.0 0.0047444311348954216
356.0 0.004476121830521151
357.0 0.004578829975798726
358.0 0.004681539940065704
359.0 0.0041158848034683615
360.0 0.0035502296668710187
361.0 0.003187445690855384
362.0 0.00282466226053657
363.0 0.002732577377173584
364.0 0.002640492493810598
365.0 0.001955214793269988
366.0 0.0012699371836788487
367.0 0.0020969166143913753
368.0 0.0029238963179523125
369.0 0.0036737550544785336
370.0 0.004423613427206874
371.0 0.004526044722297229
372.0 0.004628476017387584
373.0 0.003915240813512355
374.0 0.0032020056096371263
375.0 0.002312011747562792
376.0 0.0014220175216905773
377.0 0.0023013843019725755
378.0 0.0031807510822545737
379.0 0.00252534264291171
380.0 0.0018699343854677863
381.0 0.0022725922462996095
382.0 0.0026752501071314327
383.0 0.003332750202389434
384.0 0.003990250479546376
385.0 0.0046805151214357466
386.0 0.005370780490920879
387.0 0.005030851025367156
388.0 0.004690921559813432
389.0 0.0032234496757155284
390.0 0.0017559777916176245
391.0 0.0014881962670187932
392.0 0.0012204150152683724
393.0 0.0015054686627991032
394.0 0.0017905224012793042
395.0 0.0013270348972582724
396.0 0.0008635472113383003
397.0 0.0007561198799521662
398.0 0.0006486925485660322
399.0 0.0009661222065915354
400.0 0.0012835524103138596
401.0 0.0010737262527982239
402.0 0.0008639001862320583
403.0 0.0009654785571910907
404.0 0.0010670570190995932
405.0 0.001134240210376447
406.0 0.0012014233107038308
407.0 0.001314966084464686
408.0 0.0014285089491750114
409.0 0.001536983108962886
410.0 0.0016454572687507607
411.0 0.0017007816495606676
412.0 0.0017561060303705744
413.0 0.002057571145996917
414.0 0.0023590366254211403
415.0 0.002303529436176177
416.0 0.0022480224288301542
417.0 0.0017809572455007583
418.0 0.0013138922440703027
419.0 0.0019191076717106625
420.0 0.0025243230993510224
421.0 0.004547623393591493
422.0 0.006570923869730905
423.0 0.010461569763720036
424.0 0.014352214930113405
425.0 0.018437107792124152
426.0 0.0225220006541349
427.0 0.022422519396059215
428.0 0.0223230425035581
429.0 0.01770551170920953
430.0 0.013087979459669441
431.0 0.009199562919093296
432.0 0.005311144195729867
433.0 0.004424855796969496
434.0 0.003538567398209125
435.0 0.0029291222745086998
436.0 0.0023196771508082747
437.0 0.0016273859728244133
438.0 0.0009350947948405519
439.0 0.0009916752787830774
440.0 0.0010482557627256028
441.0 0.0012872299521404784
442.0 0.0015262043234542944
443.0 0.0017578764527570456
444.0 0.0019895484001608565
445.0 0.0016817803043522872
446.0 0.0013740123904426582
447.0 0.0014648991964349989
448.0 0.0015557858205283992
449.0 0.001955836887646001
450.0 0.0023558879547636025
451.0 0.0021740370357292704
452.0 0.001992185934795998
453.0 0.0017769481928553432
454.0 0.0015617099052178673
455.0 0.0012944835361849982
456.0 0.0010272572581015993
457.0 0.00100866172942915
458.0 0.0009900660188577604
459.0 0.0011392973647161853
460.0 0.0012885288015240803
461.0 0.0019388797227293253
462.0 0.0025892308258335106
463.0 0.0036923109291819856
464.0 0.004795391214429401
465.0 0.005823370884172618
466.0 0.006851349462522194
467.0 0.007204040593933314
468.0 0.007556731725344434
469.0 0.006462083547376096
470.0 0.005367434641811997
471.0 0.003940675378544256
472.0 0.0025139155695796944
473.0 0.0018541388271842152
474.0 0.001194362084788736
475.0 0.0009966359357349575
476.0 0.0007989096957317088
477.0 0.0008444982995570172
478.0 0.0008900869033823255
479.0 0.0008456564501102548
480.0 0.0008012260877876543
481.0 0.0006269162440730724
482.0 0.00045260644583322573
483.0 0.0005143445378053002
484.0 0.0005760827207268449
485.0 0.0006943054358998779
486.0 0.0008125281055981759
487.0 0.0006514500455523375
488.0 0.000490371894557029
489.0 0.0007808717782609165
490.0 0.001071371661964804
491.0 0.000951456149778096
492.0 0.0008315409104397986
493.0 0.0009038615644385573
494.0 0.0009761820365383755
495.0 0.001056284691003384
496.0 0.0011363872545189224
497.0 0.0011613997230597306
498.0 0.0011864123734994791
499.0 0.001250514560524607
500.0 0.0013146169294486754
501.0 0.0015844758308958262
502.0 0.0018543343685450964
503.0 0.0021879355699638836
504.0 0.00252153622568585
505.0 0.0030914419767213985
506.0 0.0036613477277569473
507.0 0.004509538848651573
508.0 0.00535773069714196
509.0 0.005753945151809603
510.0 0.006150160334073007
511.0 0.005540411075344309
512.0 0.004930661816615611
513.0 0.004182433622190729
514.0 0.0034342050639679655
515.0 0.00319569262501318
516.0 0.0029571796403615735
517.0 0.002981572106364183
518.0 0.0030059640266699716
519.0 0.0028762529836967587
520.0 2.688533423667039e-10
521.0 0.002566525108704809
522.0 0.056614557979628444
523.0 0.1196816680021584
524.0 0.1618082169443369
525.0 0.167533359490335
526.0 0.12273805914446712
527.0 0.15233884332701564
528.0 0.17845429247245193
529.0 0.20177545957267284
530.0 0.2049983711913228
531.0 0.24287092965096235
532.0 0.2569348784163594
533.0 0.3890035208314657
534.0 0.6379609927535057
535.0 0.9796788915991783
536.0 1.5503507107496262
537.0 2.4954289197921753
538.0 3.753795474767685
539.0 5.7762932032346725
540.0 8.384200930595398
541.0 11.526700109243393
542.0 15.453799068927765
543.0 20.217715203762054
544.0 26.032641530036926
545.0 32.817283272743225
546.0 40.09424448013306
547.0 47.96230494976044
548.0 56.72101974487305
549.0 63.613343238830566
550.0 68.26149821281433
551.0 74.1873025894165
552.0 77.0308256149292
553.0 80.70480227470398
554.0 83.89794826507568
555.0 87.63140439987183
556.0 90.27281999588013
557.0 92.31257438659668
558.0 94.18829083442688
559.0 95.79097032546997
560.0 95.05140781402588
561.0 95.98026871681213
562.0 95.9261953830719
563.0 95.59411406517029
564.0 96.36644124984741
565.0 95.53797841072083
566.0 96.2005078792572
567.0 96.03838920593262
568.0 96.39529585838318
569.0 97.70925045013428
570.0 97.13207483291626
571.0 97.76183366775513
572.0 97.09667563438416
573.0 97.04246520996094
574.0 97.47076630592346
575.0 97.17149138450623
576.0 97.66787886619568
577.0 97.14129567146301
578.0 97.06113338470459
579.0 97.48826026916504
580.0 97.14041948318481
581.0 97.00614809989929
582.0 97.25857973098755
583.0 97.31535315513611
584.0 96.69778347015381
585.0 96.53571844100952
586.0 96.65245413780212
587.0 96.66057825088501
588.0 96.8573808670044
589.0 97.65543341636658
590.0 97.02537059783936
591.0 96.1750864982605
592.0 96.2166965007782
593.0 96.49869799613953
594.0 96.40710949897766
595.0 96.72902226448059
596.0 97.5720465183258
597.0 97.79624938964844
598.0 97.20972180366516
599.0 97.61475920677185
600.0 97.06169962882996
601.0 96.08823657035828
602.0 96.55845761299133
603.0 96.70977592468262
604.0 96.56517505645752
605.0 97.00518846511841
606.0 96.4888334274292
607.0 96.39439582824707
608.0 96.39683365821838
609.0 95.78003883361816
610.0 96.05536460876465
611.0 96.45511507987976
612.0 96.46803736686707
613.0 96.9980239868164
614.0 97.24913239479065
615.0 96.85930609703064
616.0 96.84454202651978
617.0 96.50769829750061
618.0 97.19001650810242
619.0 97.37493395805359
620.0 96.48396372795105
621.0 96.08187079429626
622.0 97.05575704574585
623.0 96.79815769195557
624.0 96.78685665130615
625.0 97.10240960121155
626.0 96.38348817825317
627.0 95.77636122703552
628.0 97.8248119354248
629.0 96.03781700134277
630.0 97.01076745986938
631.0 96.50352597236633
632.0 97.11236357688904
633.0 96.82044982910156
634.0 95.91978788375854
635.0 96.6335117816925
636.0 96.8504250049591
637.0 95.79623341560364
638.0 95.4890787601471
639.0 95.89782357215881
640.0 95.7582950592041
641.0 96.10701203346252
642.0 96.8174934387207
643.0 96.6019332408905
644.0 96.54035568237305
645.0 96.62025570869446
646.0 96.56261205673218
647.0 97.55212664604187
648.0 97.13889360427856
649.0 96.21396064758301
650.0 96.70405387878418
651.0 97.37939238548279
652.0 97.35074043273926
653.0 96.1144208908081
654.0 96.75721526145935
655.0 96.79599404335022
656.0 96.46129608154297
657.0 96.09901309013367
658.0 96.50087356567383
659.0 96.15917205810547
660.0 96.1824119091034
661.0 95.6128716468811
662.0 95.9033727645874
663.0 95.85441946983337
664.0 95.52261233329773
665.0 95.64778804779053
666.0 95.63223123550415
667.0 95.70421576499939
668.0 95.4149603843689
669.0 95.79395055770874
670.0 95.4277515411377
671.0 95.51389813423157
672.0 95.38527727127075
673.0 95.57628035545349
674.0 94.99297738075256
675.0 95.17452716827393
676.0 94.53403949737549
677.0 92.93858408927917
678.0 91.78293943405151
679.0 90.59167504310608
680.0 88.97591233253479
681.0 86.92771792411804
682.0 83.71464610099792
683.0 80.25597333908081
684.0 76.06823444366455
685.0 71.75831198692322
686.0 67.58546233177185
687.0 62.62234449386597
688.0 58.13444256782532
689.0 54.08472418785095
690.0 49.32858943939209
691.0 45.29519081115723
692.0 40.30976891517639
693.0 35.23760139942169
694.0 29.37627136707306
695.0 23.680733144283295
696.0 17.97006130218506
697.0 13.21573555469513
698.0 8.657446503639221
699.0 5.552596226334572
700.0 3.4982722252607346
701.0 1.9847502931952477
702.0 1.2043917551636696
703.0 0.7017436437308788
704.0 0.3997406456619501
705.0 0.2541642403230071
706.0 0.17745126970112324
707.0 0.11845538392663002
708.0 0.07541627273894846
709.0 0.07569704903289676
710.0 0.09102138574235141
711.0 0.088384875562042
712.0 0.0570248463191092
713.0 0.07267470355145633
714.0 0.08715242729522288
715.0 0.0514121784362942
716.0 0.010000000474974513
717.0 0.07255304954014719
718.0 0.06876194383949041
719.0 2.688533423667039e-10
720.0 2.688533423667039e-10
721.0 0.004020564665552229
722.0 0.003819750781985931
723.0 0.0036189368984196335
724.0 0.003371992352185771
725.0 0.0031250474421540275
726.0 0.002952528120658826
727.0 0.002780008981062565
728.0 0.0026318932214053348
729.0 0.002483777279849164
730.0 0.002332556505280081
731.0 0.002181335730710998
732.0 0.0020981144189136103
733.0 0.0020148932890151627
734.0 0.0019190869352314621
735.0 0.0018232807633467019
736.0 0.001728057577565778
737.0 0.0016328342098859139
738.0 0.0015431280189659446
739.0 0.0014534217370965052
740.0 0.0014512304915115237
741.0 0.001449039154977072
742.0 0.0013690852938452736
743.0 0.0012891315236629453
744.0 0.0013548943570640404
745.0 0.001420657463313546
746.0 0.0012528683328127954
747.0 0.0010850791113625746
748.0 0.0011056492439820431
749.0 0.0011262194675509818
750.0 0.0010628142263158225
751.0 0.0009994091669796035
752.0 0.0009551562470733188
753.0 0.0009109034181165043
754.0 0.0009558882084093057
755.0 0.0010008728168031666
756.0 0.0009794584002520423
757.0 0.0009580438927514479
758.0 0.0009520345884084236
759.0 0.0009460255569138099
760.0 0.0009386101737618446
761.0 0.00093119506345829
762.0 0.0008578972483519465
763.0 0.0007845995241950732
764.0 0.0008578365850553382
765.0 0.0009310733730671927
766.0 0.0007785632078594062
767.0 0.0006260529517021496
768.0 0.0006552810646098806
769.0 0.0006845091320428764
770.0 0.0006638908871536842
771.0 0.0006432725513150217
772.0 0.0007675213964830618
773.0 0.0008917701052268967
774.0 0.0008609455107944086
775.0 0.0008301207344629802
776.0 0.0008737717507756315
777.0 0.0009174231308861636
778.0 0.0007564961379102897
779.0 0.0005955695087322965
780.0 0.0005839034656673903
781.0 0.000572237422602484
782.0 0.0006371231393131893
783.0 0.0007020089014986297
784.0 0.0006675646091025556
785.0 0.0006331202257570112
786.0 0.0006645704615948489
787.0 0.0006960206974326866
788.0 0.0005797710400656797
789.0 0.000463521473648143
790.0 0.0004945027285430115
791.0 0.0005254838924884098
792.0 0.0005239348411123501
793.0 0.0005223857897362905
794.0 0.0005936392426519888
795.0 0.0006648927410424221
796.0 0.000564975516681443
797.0 0.0004650583377951989
798.0 0.0005225355380389374
799.0 0.000580012829232146
800.0 0.0006266850959946169
801.0 0.0006733571808581473
802.0 0.0006871262939966982
803.0 0.0007008954071352491
804.0 0.0005377464276534738
805.0 0.0003745974481716985
806.0 0.0004126342446397757
807.0 0.00045067104110785294
808.0 0.000516477939527249
809.0 0.0005822847924719099
810.0 0.0006244872110983124
811.0 0.0006666893568763044
812.0 0.0005180994321563048
813.0 0.0003695092118505272
814.0 0.00042888041207334027
815.0 0.0004882514531345805
816.0 0.0005963283456367208
817.0 0.0007044052836135961
818.0 0.0005439958385977661
819.0 0.0003835865300061414
820.0 0.0005145394425198901
821.0 0.0006454923095589038
822.0 0.0006061145086277975
823.0 0.0005667368895956315
824.0 0.000521915626450209
825.0 0.00047709454520372674
826.0 0.0004777002686751075
827.0 0.00047830603762122337
828.0 0.00045916076487628743
829.0 0.00044001562855555676
830.0 0.00013337341897567967
831.0 2.688533423667039e-10
832.0 2.688533423667039e-10
833.0 2.688533423667039e-10
834.0 2.688533423667039e-10
835.0 2.981797706524958e-05
836.0 8.36830281514267e-05
837.0 0.00013754805650023627
838.0 0.0007236817509692628
839.0 0.0013098155250190757
840.0 0.0017590378774912097
841.0 0.002208260411862284
842.0 0.003103541530435905
843.0 0.003998822649009526
844.0 0.004747961429529823
845.0 0.0054970994824543595
846.0 0.005475266152643599
847.0 0.005453431367641315
848.0 0.004447041283128783
849.0 0.0034406511986162513
850.0 0.0025279110559495166
851.0 0.0016151701856870204
852.0 0.0014764445040782448
853.0 0.0013377189134189393
854.0 0.0011505817383294925
855.0 0.0009634443813411053
856.0 0.0007941028343338985
857.0 0.0006247612418519566
858.0 0.0005707437139790272
859.0 0.0005167262770555681
860.0 0.0003924229986296268
861.0 0.0002681197202036856
862.0 0.0004347957201389363
863.0 0.0006014717655489221
864.0 0.0004697197255154606
865.0 0.0003379677082193666
866.0 0.00031461056551052025
867.0 0.00029125340006430633
868.0 0.0002349429223613697
869.0 0.000178632399183698
870.0 0.00024885111997718923
871.0 0.000319069863508048
872.0 0.0002261130703118397
873.0 0.00013315632259036647
874.0 0.000202111959879403
875.0 0.000271067574431072
876.0 0.0001638470280340698
877.0 5.66264930057514e-05
878.0 9.161315119854407e-05
879.0 0.0001265998321287043
880.0 0.00014664904028904857
881.0 0.00016669828255544417
882.0 0.0002275551878483384
883.0 0.00028841211587860016
884.0 0.00022185529360285727
885.0 0.00015529848269579816
886.0 0.0002411900595689076
887.0 0.00032708167054806836
888.0 0.00030183407488948433
889.0 0.0002765865247056354
890.0 0.0001888260044324852
891.0 0.00010106548415933503
892.0 9.632578894525068e-05
893.0 9.158607667814067e-05
894.0 9.814557415666059e-05
895.0 0.00010470505458215484
896.0 5.487634666678787e-05
897.0 5.04760713226915e-06
898.0 4.302769411879126e-05
899.0 8.10077608548454e-05
900.0 2.8945717645001423e-05
901.0 2.688533423667039e-10
