lsstCam/transmission_filter_detector/r34_s22/r_57/19700101T000000.ecsv
# %ECSV 1.0
# ---
# datatype:
# - {name: wavelength, unit: nm, datatype: float32}
# - {name: efficiency, unit: '%', datatype: float64}
# meta: !!omap
# - {MODE: DETECTOR}
# - {TYPE: transmission_filter_detector}
# - {CALIBDATE: '1970-01-01T00:00:00'}
# - {INSTRUME: LSSTCam}
# - {OBSTYPE: transmission_filter_detector}
# - {CALIBCLS: lsst.ip.isr.IntermediateFilterDetectorTransmissionCurve}
# - {SOURCE: Materion (DM-46256)}
# - {DETECTOR: 161}
# - {FILTER: r_57}
# - {CALIB_ID: 'calibDate=1970-01-01T00:00:00 filter=r_57 detector=161'}
# - {DATE: '2025-04-02T15:59:44.929695'}
# - {CALIB_CREATION_DATE: '2025-04-02'}
# - {CALIB_CREATION_TIME: '15:59:44'}
# - __serialized_columns__:
#     efficiency:
#       __class__: astropy.units.quantity.Quantity
#       unit: !astropy.units.Unit {unit: '%'}
#       value: !astropy.table.SerializedColumn {name: efficiency}
#     wavelength:
#       __class__: astropy.units.quantity.Quantity
#       unit: !astropy.units.Unit {unit: nm}
#       value: !astropy.table.SerializedColumn {name: wavelength}
# schema: astropy-2.0
wavelength efficiency
[from data line 603]
903.0 2.688533423667039e-10
904.0 3.92876913224427e-06
905.0 4.2464256466701045e-05
906.0 8.132397510962619e-05
907.0 0.00012018368806820945
908.0 0.0001840784079831792
909.0 0.00024797313926683273
910.0 0.00015278000091711874
911.0 5.758686256740475e-05
912.0 0.00013802108469462837
913.0 0.000218455306821852
914.0 0.00017292016991632408
915.0 0.00012738504437947995
916.0 9.821018238653778e-05
917.0 6.903529765622807e-05
918.0 0.0001359078169116401
919.0 0.00020278032479836838
920.0 0.0002315398432983784
921.0 0.00026029938453575596
922.0 0.0002162511918868404
923.0 0.00017220301060660859
924.0 0.00019902895473933313
925.0 0.0002258548875033739
926.0 0.00017772356386558386
927.0 0.00012959221749042626
928.0 0.00015287702126443037
929.0 0.0001761618136697507
930.0 0.00016926529724514694
931.0 0.0001623687694518594
932.0 0.00015841749245737446
933.0 0.00015446621546288952
934.0 8.81148650933028e-05
935.0 2.176352467131437e-05
936.0 4.4676848887093e-06
937.0 2.688533423667039e-10
938.0 2.688533423667039e-10
939.0 2.688533423667039e-10
940.0 2.688533423667039e-10
941.0 3.894310509622301e-05
942.0 0.0002194249191234121
943.0 0.00039990673030843027
944.0 0.00033371043173247017
945.0 0.00026751413315651007
946.0 0.0005069648977951147
947.0 0.0007464157079084544
948.0 0.0005126810265210224
949.0 0.0002789464360830607
950.0 0.00040397508200840093
951.0 0.0005290038188832114
952.0 0.0006779963769076858
953.0 0.0008269890713563655
954.0 0.0009657099326432217
955.0 0.0011044312486774288
956.0 0.001200910992338322
957.0 0.0012973907359992154
958.0 0.0015257521226885729
959.0 0.0017541136912768707
960.0 0.0018867896869778633
961.0 0.002019465682678856
962.0 0.0021410916815511882
963.0 0.00226271749852458
964.0 0.0022851834728498943
965.0 0.0023076494471752085
966.0 0.0022706817617290653
967.0 0.002233714076282922
968.0 0.002173923348891549
969.0 0.0021141326215001754
970.0 0.0022068992620916106
971.0 0.002299665538885165
972.0 0.0024324835976585746
973.0 0.002565301656431984
974.0 0.0028207015930092894
975.0 0.003076101711485535
976.0 0.003190774441463873
977.0 0.0033054471714422107
978.0 0.003330756226205267
979.0 0.0033560652809683233
980.0 0.003405007373658009
981.0 0.0034539491025498137
982.0 0.0034231623430969194
983.0 0.0033923752198461443
984.0 0.0032906616979744285
985.0 0.003188947812304832
986.0 0.003052943429793231
987.0 0.002916939411079511
988.0 0.002880848478525877
989.0 0.0028447579097701237
990.0 0.0028793847377528436
991.0 0.0029140113838366233
992.0 0.002794733336486388
993.0 0.002675455471035093
994.0 0.0026594838345772587
995.0 0.0026435123800183646
996.0 0.0026912137400358915
997.0 0.0027389147362555377
998.0 0.00285080423054751
999.0 0.0029626937248394825
1000.0 0.0030942224839236587
1001.0 0.0032257514249067754
1002.0 0.003447110066190362
1003.0 0.003668468343676068
1004.0 0.003813192233792506
1005.0 0.003957916123908944
1006.0 0.0040702907426748425
1007.0 0.0041826653614407405
1008.0 0.004259612251189537
1009.0 0.0043365587771404535
1010.0 0.004300290311221033
1011.0 0.004264022209099494
1012.0 0.00422726952820085
1013.0 0.004190516483504325
1014.0 0.004002811328973621
1015.0 0.003815106538240798
1016.0 0.003432769517530687
1017.0 0.003050432314921636
1018.0 0.0027958862119703554
1019.0 0.0025413399271201342
1020.0 0.00229774432227714
1021.0 0.0020541481717373244
1022.0 0.001772854921000544
1023.0 0.0014915614883648232
1024.0 0.0013438367204798851
1025.0 0.0011961122254433576
1026.0 0.0010401845429441892
1027.0 0.0008842571332934313
1028.0 0.0009255273653252516
1029.0 0.0009667977792560123
1030.0 0.0008958468242781237
1031.0 0.0008248958693002351
1032.0 0.0007751534212729894
1033.0 0.0007254109732457437
1034.0 0.0007723049748165067
1035.0 0.0008191989763872698
1036.0 0.0006953785941732349
1037.0 0.0005715582119592
1038.0 0.0007826529326848686
1039.0 0.0009937474715115968
1040.0 0.0009144559044216294
1041.0 0.0008351640644832514
1042.0 0.0008342170076502953
1043.0 0.0008332699508173391
1044.0 0.0009088839760806877
1045.0 0.0009844981832429767
1046.0 0.0008956372766988352
1047.0 0.0008067764611041639
1048.0 0.0008157639058481436
1049.0 0.0008247515324910637
1050.0 0.000994903894024901
1051.0 0.0011650563465082087
1052.0 0.0011788951269409154
1053.0 0.0011927338164241519
1054.0 0.0010154084520763718
1055.0 0.0008380831786780618
1056.0 0.0007603136054967763
1057.0 0.0006825440777902259
1058.0 0.0009482107088842895
1059.0 0.001213877294503618
1060.0 0.0012431763025233522
1061.0 0.0012724750376946758
1062.0 0.0012745560525218025
1063.0 0.0012766367945005186
1064.0 0.0014272007319959812
1065.0 0.0015777644875925034
1066.0 0.0018576063666841947
1067.0 0.0021374480638769455
1068.0 0.002279654290759936
1069.0 0.0024218599719461054
1070.0 0.002323278022231534
1071.0 0.0022246962544159032
1072.0 0.002442423465254251
1073.0 0.0026601510398904793
1074.0 0.002747694634308573
1075.0 0.002835238046827726
1076.0 0.002737015893217176
1077.0 0.002638793557707686
1078.0 0.003098374145338312
1079.0 0.0035579541872721165
1080.0 0.003628689592005685
1081.0 0.0036994246329413727
1082.0 0.004018298932351172
1083.0 0.0043371728679630905
1084.0 0.0043905238271690905
1085.0 0.0044438747863750905
1086.0 0.004577214349410497
1087.0 0.004710553184850141
1088.0 0.004295704638934694
1089.0 0.0038808557292213663
1090.0 0.0033340318623231724
1091.0 0.002787207813526038
1092.0 0.0035015087632928044
1093.0 0.00421580953116063
1094.0 0.003700645174831152
1095.0 0.0031854811822995543
1096.0 0.0034640437661437318
1097.0 0.003742606349987909
1098.0 0.003164694135193713
1099.0 0.0025867822841973975
1100.0 0.0021125491912243888
1101.0 0.00163831609825138
