lsstCam/transmission_filter_detector/r22_s11/r_57/19700101T000000.ecsv
# %ECSV 1.0
# ---
# datatype:
# - {name: wavelength, unit: nm, datatype: float32}
# - {name: efficiency, unit: '%', datatype: float64}
# meta: !!omap
# - {MODE: DETECTOR}
# - {TYPE: transmission_filter_detector}
# - {CALIBDATE: '1970-01-01T00:00:00'}
# - {INSTRUME: LSSTCam}
# - {OBSTYPE: transmission_filter_detector}
# - {CALIBCLS: lsst.ip.isr.IntermediateFilterDetectorTransmissionCurve}
# - {SOURCE: Materion (DM-46256)}
# - {DETECTOR: 94}
# - {FILTER: r_57}
# - {CALIB_ID: 'calibDate=1970-01-01T00:00:00 filter=r_57 detector=94'}
# - {DATE: '2025-04-02T15:59:44.617344'}
# - {CALIB_CREATION_DATE: '2025-04-02'}
# - {CALIB_CREATION_TIME: '15:59:44'}
# - __serialized_columns__:
#     efficiency:
#       __class__: astropy.units.quantity.Quantity
#       unit: !astropy.units.Unit {unit: '%'}
#       value: !astropy.table.SerializedColumn {name: efficiency}
#     wavelength:
#       __class__: astropy.units.quantity.Quantity
#       unit: !astropy.units.Unit {unit: nm}
#       value: !astropy.table.SerializedColumn {name: wavelength}
# schema: astropy-2.0
wavelength efficiency
300.0 0.001751506897562649
301.0 0.0052601026254706085
302.0 0.008768698899075389
303.0 0.010148411092814058
304.0 0.011528123286552727
305.0 0.009772281919140369
306.0 0.008016441279323772
307.0 0.00736885704100132
308.0 0.006721272802678868
309.0 0.005612195309367962
310.0 0.004503117088461295
311.0 0.004638125028577633
312.0 0.004773133696289733
313.0 0.004581637404044159
314.0 0.004390142930787988
315.0 0.004192414053250104
316.0 0.003994686630903743
317.0 0.003723024929058738
318.0 0.003451362863415852
319.0 0.0031014267733553424
320.0 0.002751488682406489
321.0 0.0025985189495258965
322.0 0.002445549762342125
323.0 0.0024926608602982014
324.0 0.002539772140153218
325.0 0.002280596163473092
326.0 0.002021420186792966
327.0 0.002026911715802271
328.0 0.0020324030629126355
329.0 0.002099949233524967
330.0 0.002167495222238358
331.0 0.0021250460122246295
332.0 0.002082596802210901
333.0 0.0018140293832402676
334.0 0.0015454619642696343
335.0 0.0013566156667366158
336.0 0.001167769187304657
337.0 0.0010884074072237127
338.0 0.0010090455361932982
339.0 0.0009907244020723738
340.0 0.0009724032679514494
341.0 0.0009254217729903758
342.0 0.0008784403689787723
343.0 0.00090211879069102
344.0 0.0009257973033527378
345.0 0.0008287490345537663
346.0 0.0007317007202800596
347.0 0.0007380744591500843
348.0 0.0007444482889695792
349.0 0.0007456498224200914
350.0 0.005540979691431858
351.0 0.005726014205720276
352.0 0.005911048720008694
353.0 0.0052149200200801715
354.0 0.00451879168394953
355.0 0.004771164094563574
356.0 0.005023537596571259
357.0 0.006145489896880463
358.0 0.0072674432885833085
359.0 0.005330493877409026
360.0 0.0033935444662347436
361.0 0.002121783109032549
362.0 0.0008500217518303543
363.0 0.002547813164710533
364.0 0.004245604577590711
365.0 0.004014613296021707
366.0 0.0037836227420484647
367.0 0.003141948036500253
368.0 0.002500273512850981
369.0 0.001721906846796628
370.0 0.0009435403626412153
371.0 0.001445328689442249
372.0 0.001947117198142223
373.0 0.0025934850782505237
374.0 0.0032398525945609435
375.0 0.0029594748411909677
376.0 0.0026790972697199322
377.0 0.0011029953384422697
378.0 1.5825038762046217e-10
379.0 0.0005709770903195022
380.0 0.001615060682524927
381.0 0.002204184238507878
382.0 0.0027933079763897695
383.0 0.0030175144274835475
384.0 0.003241721060476266
385.0 0.004164191341260448
386.0 0.00508666125824675
387.0 0.004494185122894123
388.0 0.0039017089875414968
389.0 0.0034955268347403035
390.0 0.0030893439543433487
391.0 0.0022234298739931546
392.0 0.0013575157936429605
393.0 0.001304560555581702
394.0 0.0012516049537225626
395.0 0.0010932818440778647
396.0 0.0009349587344331667
397.0 0.0008811700354272034
398.0 0.0008273817002191208
399.0 0.000715193391442881
400.0 0.0006030047643434955
401.0 0.00011069133734054049
402.0 1.5825038762046217e-10
403.0 1.5825038762046217e-10
404.0 0.00023033512661640998
405.0 0.0006389521331584547
406.0 0.0010475686394784134
407.0 0.0016681420675013214
408.0 0.0022887154045747593
409.0 0.0018800767065840773
410.0 0.001471437826694455
411.0 0.0010290703357895836
412.0 0.0005867028903594473
413.0 0.0005824659638165031
414.0 0.0005782290827482939
415.0 0.0005849836270499509
416.0 0.0005917384442000184
417.0 0.0011314697076159064
418.0 0.0016712014257791452
419.0 0.00219117591768736
420.0 0.002711150409595575
421.0 0.004004458605777472
422.0 0.00529776698385831
423.0 0.007958886271808296
424.0 0.010620005195960402
425.0 0.014561082934960723
426.0 0.018502156308386475
427.0 0.019354966934770346
428.0 0.020207780471537262
429.0 0.015438625996466726
430.0 0.010669472976587713
431.0 0.0075809264671988785
432.0 0.004492378866416402
433.0 0.0035148055758327246
434.0 0.002537231739552226
435.0 0.002036589285125956
436.0 0.0015359464669018053
437.0 0.001349155354546383
438.0 0.0011623646969383117
439.0 0.0009581107406120282
440.0 0.0007538569207099499
441.0 0.001036756657413207
442.0 0.0013196562576922588
443.0 0.0017156469766632654
444.0 0.002111637695634272
445.0 0.0020044672055519186
446.0 0.0018972968973685056
447.0 0.0016560494259465486
448.0 0.001414802227373002
449.0 0.0013852353731635958
450.0 0.0013556680642068386
451.0 0.0013864552784070838
452.0 0.0014172425835567992
453.0 0.0014614674910262693
454.0 0.0015056923075462691
455.0 0.0013564686014433391
456.0 0.0012072451681888197
457.0 0.0008305983101308811
458.0 0.000453951633971883
459.0 0.0007490847110602772
460.0 0.0010442176971992012
461.0 0.0016580932424403727
462.0 0.0022719683329341933
463.0 0.0028612195819732733
464.0 0.0034504708310123533
465.0 0.004395968426251784
466.0 0.005341466021491215
467.0 0.006010094148223288
468.0 0.0066787230025511235
469.0 0.005758933184552006
470.0 0.0048391444579465315
471.0 0.00367691318388097
472.0 0.002514681182219647
473.0 0.002138603667845018
474.0 0.0017625257896725088
475.0 0.0014916956388333347
476.0 0.0012208656698931009
477.0 0.0009340280485048424
478.0 0.0006471902452176437
479.0 0.0008570809768571053
480.0 0.0010669714356481563
481.0 0.0008696483746462036
482.0 0.0006723254500684561
483.0 0.000731302861822769
484.0 0.0007902801371528767
485.0 0.0007018902124400483
486.0 0.0006135001967777498
487.0 0.0005739605967391981
488.0 0.0005344208602764411
489.0 0.0005034578407503432
490.0 0.00047249482122424524
491.0 0.0006499406936200103
492.0 0.0008273866114905104
493.0 0.0009669743121776264
494.0 0.0011065621947636828
495.0 0.0009567888810124714
496.0 0.00080701556726126
497.0 0.0010513582310522906
498.0 0.0012957006219949108
499.0 0.0012683684872172307
500.0 0.0012410364433890209
501.0 0.0014424514120037202
502.0 0.0016438665625173599
503.0 0.0019555976905394346
504.0 0.0022673288185615093
505.0 0.002742164724622853
506.0 0.003217000630684197
507.0 0.0038029029383324087
508.0 0.00438880524598062
509.0 0.004912590520689264
510.0 0.005436374704004265
511.0 0.004878687104792334
512.0 0.0043209987779846415
513.0 0.0036460027331486344
514.0 0.0029710063245147467
515.0 0.002808321914926637
516.0 0.0026456375053385273
517.0 0.0024597244191681966
518.0 0.0022738111510989256
519.0 0.08392508025281131
520.0 0.13586715795099735
521.0 0.08283088100142777
522.0 0.11817163322120905
523.0 0.1781397731974721
524.0 0.11894492199644446
525.0 0.15011219074949622
526.0 0.0920020742341876
527.0 0.1215451629832387
528.0 0.08533168584108353
529.0 0.1249521505087614
530.0 0.12646765680983663
531.0 0.12116405414417386
532.0 0.2402275800704956
533.0 0.1594113651663065
534.0 0.3430393058806658
535.0 0.3536085831001401
536.0 0.46796752139925957
537.0 0.7077096030116081
538.0 0.9716205298900604
539.0 1.4965837821364403
540.0 2.3859798908233643
541.0 3.7174545228481293
542.0 5.5519115179777145
543.0 8.101791143417358
544.0 11.180277913808823
545.0 14.804325997829437
546.0 19.082511961460114
547.0 24.462829530239105
548.0 31.463617086410522
549.0 38.998010754585266
550.0 46.04597091674805
551.0 53.93401384353638
552.0 60.37065386772156
553.0 66.05514883995056
554.0 71.2217926979065
555.0 75.63168406486511
556.0 79.84772324562073
557.0 82.5748085975647
558.0 85.97709536552429
559.0 89.37330842018127
560.0 90.8231794834137
561.0 92.44644045829773
562.0 94.4676160812378
563.0 94.4932758808136
564.0 95.01710534095764
565.0 94.35826539993286
566.0 95.04958391189575
567.0 94.48227882385254
568.0 94.92540955543518
569.0 95.61582803726196
570.0 94.75359320640564
571.0 95.83802223205566
572.0 95.613032579422
573.0 96.09095454216003
574.0 96.3334858417511
575.0 96.1054801940918
576.0 96.77957892417908
577.0 96.72363996505737
578.0 96.13129496574402
579.0 96.07213735580444
580.0 95.76368927955627
581.0 95.73577046394348
582.0 96.30520343780518
583.0 95.65789699554443
584.0 95.36000490188599
585.0 95.84057927131653
586.0 95.68636417388916
587.0 95.14440298080444
588.0 95.8971917629242
589.0 96.6667890548706
590.0 95.90664505958557
591.0 95.29370665550232
592.0 95.40507197380066
593.0 94.84367966651917
594.0 95.64868211746216
595.0 95.95688581466675
596.0 96.1272120475769
597.0 96.42481803894043
598.0 96.12479209899902
599.0 96.16238474845886
600.0 95.96525430679321
601.0 95.35701274871826
602.0 96.15612030029297
603.0 95.84638476371765
604.0 95.65809369087219
605.0 95.96167802810669
606.0 95.58911323547363
607.0 95.7138180732727
608.0 95.69545984268188
609.0 94.78148818016052
610.0 95.46808004379272
611.0 95.30611634254456
612.0 95.38806080818176
613.0 96.39014005661011
614.0 96.18865251541138
615.0 95.59407234191895
616.0 95.99049687385559
617.0 95.63702940940857
618.0 95.71835994720459
619.0 96.27653956413269
620.0 95.35887837409973
621.0 94.96380090713501
622.0 95.8477258682251
623.0 95.85775136947632
624.0 95.63025832176208
625.0 96.1693823337555
626.0 95.55703401565552
627.0 94.27916407585144
628.0 96.38444781303406
629.0 94.89769339561462
630.0 95.62012553215027
631.0 95.08675336837769
632.0 96.33145332336426
633.0 95.87277173995972
634.0 95.40767073631287
635.0 95.66154479980469
636.0 95.31534910202026
637.0 95.17664313316345
638.0 94.85214352607727
639.0 94.92758512496948
640.0 95.37818431854248
641.0 95.57408094406128
642.0 95.61864137649536
643.0 95.56174874305725
644.0 95.39164900779724
645.0 95.59391736984253
646.0 95.86126804351807
647.0 96.22076153755188
648.0 95.28115391731262
649.0 95.05929946899414
650.0 95.753413438797
651.0 96.51356339454651
652.0 96.10082507133484
653.0 95.38618326187134
654.0 95.97427248954773
655.0 95.90133428573608
656.0 95.27838826179504
657.0 95.33963203430176
658.0 95.87073922157288
659.0 95.89868187904358
660.0 95.04562020301819
661.0 94.816654920578
662.0 95.51104307174683
663.0 95.29805183410645
664.0 95.06723880767822
665.0 95.132976770401
666.0 95.17638683319092
667.0 95.37184834480286
668.0 95.25092840194702
669.0 95.34114003181458
670.0 95.02099752426147
671.0 95.22738456726074
672.0 94.87333297729492
673.0 94.70587968826294
674.0 94.500333070755
675.0 95.19118666648865
676.0 94.43984031677246
677.0 93.45331192016602
678.0 92.50510334968567
679.0 91.46682024002075
680.0 90.89742302894592
681.0 89.17814493179321
682.0 86.73669695854187
683.0 83.73627066612244
684.0 80.12329936027527
685.0 76.41938924789429
686.0 72.37947583198547
687.0 67.30189323425293
688.0 62.597787380218506
689.0 57.95978903770447
690.0 52.60063409805298
691.0 48.68493378162384
692.0 43.8062310218811
693.0 39.613670110702515
694.0 34.71851646900177
695.0 29.586058855056763
696.0 24.709372222423553
697.0 19.535891711711884
698.0 14.317753911018372
699.0 10.248516499996185
700.0 7.057011127471924
701.0 4.423236474394798
702.0 2.7563828974962234
703.0 1.5792282298207283
704.0 0.9246551431715488
705.0 0.4932223819196224
706.0 0.3523870836943388
707.0 0.25528527330607176
708.0 0.1554302521981299
709.0 0.12251554289832711
710.0 0.04857412131968886
711.0 0.08510265033692122
712.0 0.09044879116117954
713.0 0.06242874078452587
714.0 0.0634588417597115
715.0 0.055215705651789904
716.0 0.021818418463226408
717.0 0.052654597675427794
718.0 0.04921801737509668
719.0 0.0812264101114124
720.0 1.5825038762046217e-10
721.0 0.00444684992544353
722.0 0.004179113966529258
723.0 0.003911379099008627
724.0 0.0035717454011319205
725.0 0.003232111703255214
726.0 0.0030474177037831396
727.0 0.002862723522412125
728.0 0.0026809319024323486
729.0 0.002499140282452572
730.0 0.0023609794880030677
731.0 0.0022228194211493246
732.0 0.0021958345314487815
733.0 0.0021688496417482384
734.0 0.002053939715551678
735.0 0.0019390294255572371
736.0 0.0017488722733105533
737.0 0.0015587151210638694
738.0 0.0015686175174778327
739.0 0.001578519913891796
740.0 0.00156438400154002
741.0 0.0015502482710871845
742.0 0.001429586063750321
743.0 0.0013089238564134575
744.0 0.0013771635167358909
745.0 0.0014454029042099137
746.0 0.0013557336387748364
747.0 0.0012660640095418785
748.0 0.0010995669072144665
749.0 0.0009330697139375843
750.0 0.0009466031769989058
751.0 0.0009601368219591677
752.0 0.0010067753464682028
753.0 0.0010534138709772378
754.0 0.0010795503840199672
755.0 0.001105687169911107
756.0 0.0010359903171774931
757.0 0.000966293373494409
758.0 0.0010114394171978347
759.0 0.0010565854609012604
760.0 0.0010949315765174106
761.0 0.0011332781468809117
762.0 0.001104479542846093
763.0 0.001075681302609155
764.0 0.0010351152923249174
765.0 0.0009945492820406798
766.0 0.0007697715773247182
767.0 0.0005449939180834917
768.0 0.0005827434961247491
769.0 0.000620492892267066
770.0 0.0007328600077016745
771.0 0.0008452272595604882
772.0 0.0007669867045478895
773.0 0.0006887459676363505
774.0 0.0008250860446423758
775.0 0.0009614260306989308
776.0 0.0009264805157727096
777.0 0.0008915349098970182
778.0 0.0008399634680245072
779.0 0.0007883921171014663
780.0 0.000690422666593804
781.0 0.0005924532615608769
782.0 0.0006913063316460466
783.0 0.0007901593562564813
784.0 0.0008349740710400511
785.0 0.0008797885129752103
786.0 0.0007394457043119473
787.0 0.0005991028501739493
788.0 0.000644900910629076
789.0 0.0006906991075084079
790.0 0.0007441894922521897
791.0 0.0007976798769959714
792.0 0.0007881037163315341
793.0 0.0007785275556670967
794.0 0.0008607998097431846
795.0 0.0009430717909708619
796.0 0.0007985743650351651
797.0 0.0006540768481499981
798.0 0.0007866490705055185
799.0 0.0009192212928610388
800.0 0.0008176196388376411
801.0 0.0007160177119658329
802.0 0.0006334103090921417
803.0 0.00055080263337004
804.0 0.0006720383680658415
805.0 0.000793274102761643
806.0 0.0006839347861387068
807.0 0.0005745955149905058
808.0 0.0006972165010665776
809.0 0.0008198375326173846
810.0 0.000733616934667225
811.0 0.000647396655040211
812.0 0.0007055122296151239
813.0 0.0007636278496647719
814.0 0.0005790349405287998
815.0 0.00039444198591809254
816.0 0.0005484106623043772
817.0 0.000702379429640132
818.0 0.0006970391495997319
819.0 0.0006916989150340669
820.0 0.0005166938080947148
821.0 0.00034168865568062756
822.0 0.00038331950236170087
823.0 0.00042495039451750927
824.0 0.000437631888416945
825.0 0.0004503134732658509
826.0 0.0004893067853117827
827.0 0.0005283000973577145
828.0 0.0004257846740074456
829.0 0.00032326922791980905
830.0 0.00023269415123650106
831.0 0.00014211908592187683
832.0 8.335904908562952e-05
833.0 2.4598995196356555e-05
834.0 1.5825038762046217e-10
835.0 1.5825038762046217e-10
836.0 0.00025670065042504575
837.0 0.0005523866093426477
838.0 0.0007530164566560416
839.0 0.0009536463949189056
840.0 0.001258504380530212
841.0 0.0015633622751920484
842.0 0.002008720184676349
843.0 0.0024540782760595903
844.0 0.0022161710148793645
845.0 0.0019782637536991388
846.0 0.0016707203030819073
847.0 0.0013631764886667952
848.0 0.0012378264727885835
849.0 0.001112476002163021
850.0 0.0010796235983434599
851.0 0.0010467711945238989
852.0 0.0010255003871861845
853.0 0.0010042292160505895
854.0 0.0008814789907773957
855.0 0.0007587284017063212
856.0 0.0006278779892454622
857.0 0.0004970276222593384
858.0 0.0005908802449994255
859.0 0.0006847328222647775
860.0 0.0005227429483056767
861.0 0.00036075305160920834
862.0 0.00034510403565946035
863.0 0.0003294549969723448
864.0 0.00017862953427538741
865.0 2.7804128421848873e-05
866.0 5.428877898339124e-05
867.0 8.07733897545404e-05
868.0 0.00012309399153309641
869.0 0.00016541455352125922
870.0 6.683948186037014e-05
871.0 1.5825038762046217e-10
872.0 1.5825038762046217e-10
873.0 1.5825038762046217e-10
874.0 1.5825038762046217e-10
875.0 1.5825038762046217e-10
876.0 1.5825038762046217e-10
877.0 1.5825038762046217e-10
878.0 7.744062600067991e-05
879.0 0.0002086776703436044
880.0 0.00017351349015370943
881.0 0.00013834929859513068
882.0 0.00012111652267776662
883.0 0.00010388378086645389
884.0 1.5825038762046217e-10
885.0 1.5825038762046217e-10
886.0 1.5825038762046217e-10
887.0 8.50495553095243e-05
888.0 0.00012802914852727554
889.0 0.00017100874174502678
890.0 0.00011480549346742919
891.0 5.860219403075462e-05
892.0 1.5825038762046217e-10
893.0 1.5825038762046217e-10
894.0 1.5825038762046217e-10
895.0 4.573844236688274e-06
896.0 7.864369422350137e-06
897.0 1.1154948964531286e-05
898.0 6.740881985933811e-05
899.0 0.0001236627099387988
900.0 8.75034743330616e-05
