lsstCam/transmission_filter_detector/r22_s11/r_57/19700101T000000.ecsv
# %ECSV 1.0
# ---
# datatype:
# - {name: wavelength, unit: nm, datatype: float32}
# - {name: efficiency, unit: '%', datatype: float64}
# meta: !!omap
# - {MODE: DETECTOR}
# - {TYPE: transmission_filter_detector}
# - {CALIBDATE: '1970-01-01T00:00:00'}
# - {INSTRUME: LSSTCam}
# - {OBSTYPE: transmission_filter_detector}
# - {CALIBCLS: lsst.ip.isr.IntermediateFilterDetectorTransmissionCurve}
# - {SOURCE: Materion (DM-46256)}
# - {DETECTOR: 94}
# - {FILTER: r_57}
# - {CALIB_ID: 'calibDate=1970-01-01T00:00:00 filter=r_57 detector=94'}
# - {DATE: '2025-04-02T15:59:44.617344'}
# - {CALIB_CREATION_DATE: '2025-04-02'}
# - {CALIB_CREATION_TIME: '15:59:44'}
# - __serialized_columns__:
#     efficiency:
#       __class__: astropy.units.quantity.Quantity
#       unit: !astropy.units.Unit {unit: '%'}
#       value: !astropy.table.SerializedColumn {name: efficiency}
#     wavelength:
#       __class__: astropy.units.quantity.Quantity
#       unit: !astropy.units.Unit {unit: nm}
#       value: !astropy.table.SerializedColumn {name: wavelength}
# schema: astropy-2.0
wavelength efficiency
[from data line 602]
902.0 1.5825038762046217e-10
903.0 1.5825038762046217e-10
904.0 1.5825038762046217e-10
905.0 1.5825038762046217e-10
906.0 1.5825038762046217e-10
907.0 1.5825038762046217e-10
908.0 1.5825038762046217e-10
909.0 1.5825038762046217e-10
910.0 1.5825038762046217e-10
911.0 1.5825038762046217e-10
912.0 1.5825038762046217e-10
913.0 1.5825038762046217e-10
914.0 1.5825038762046217e-10
915.0 4.232028629758133e-05
916.0 5.189652796389055e-06
917.0 1.5825038762046217e-10
918.0 5.8353197118776734e-05
919.0 0.00014864731383568142
920.0 1.4311498830466007e-05
921.0 1.5825038762046217e-10
922.0 4.034692437926424e-05
923.0 0.00020071818198630353
924.0 0.00018374519186181715
925.0 0.00016677221310601453
926.0 0.00011159329460497247
927.0 5.641438747261418e-05
928.0 8.724678082216997e-05
929.0 0.00011807916280304198
930.0 0.00018119498008672963
931.0 0.0002443108314764686
932.0 0.0001017334056996333
933.0 1.5825038762046217e-10
934.0 0.00012557869695228874
935.0 0.0002920013230323093
936.0 0.00030419439553952543
937.0 0.0003163874907841091
938.0 0.00036336480206955457
939.0 0.0004103421360923676
940.0 0.00038923913052713033
941.0 0.00036813610222452553
942.0 0.00036053738767805044
943.0 0.0003529386958689429
944.0 0.00034833926747523947
945.0 0.0003437399072936387
946.0 0.0003248340135542094
947.0 0.00030592809707741253
948.0 0.00045761466935800854
949.0 0.0006093013325880747
950.0 0.0005665434400725644
951.0 0.000523785502082319
952.0 0.0006664322881988483
953.0 0.0008090792107395828
954.0 0.0011076645023422316
955.0 0.001406250066793291
956.0 0.0014874175576551352
957.0 0.0015685849575675093
958.0 0.0016793346730992198
959.0 0.0017900845705298707
960.0 0.001983642505365424
961.0 0.0021772008039988577
962.0 0.0023129943656385876
963.0 0.0024487882910761982
964.0 0.002549434248066973
965.0 0.002650079841259867
966.0 0.0026579109544400126
967.0 0.002665741885721218
968.0 0.00264246355072828
969.0 0.0026191853976342827
970.0 0.002677042721188627
971.0 0.002734900226641912
972.0 0.0027050748030887917
973.0 0.0026752490157377906
974.0 0.002888835842895787
975.0 0.0031024224881548434
976.0 0.0031445499189430848
977.0 0.0031866769859334454
978.0 0.0030999559385236353
979.0 0.0030132350730127655
980.0 0.002925271292042453
981.0 0.00283730751107214
982.0 0.0028996848413953558
983.0 0.0029620621717185713
984.0 0.002879391649912577
985.0 0.002796721128106583
986.0 0.0027168143788003363
987.0 0.0026369074475951493
988.0 0.0024942008167272434
989.0 0.002351494549657218
990.0 0.0023911488824523985
991.0 0.002430803215247579
992.0 0.0024743687390582636
993.0 0.0025179342628689483
994.0 0.0025708308385219425
995.0 0.0026237266865791753
996.0 0.0027653250072035007
997.0 0.002906923145928886
998.0 0.0030244802474044263
999.0 0.0031420371669810265
1000.0 0.0032520438253413886
1001.0 0.0033620504837017506
1002.0 0.003582050703698769
1003.0 0.0038020512874936685
1004.0 0.003965317227994092
1005.0 0.004128583168494515
1006.0 0.0042819381633307785
1007.0 0.004435293158167042
1008.0 0.004381538383313455
1009.0 0.004327783244661987
1010.0 0.004254516534274444
1011.0 0.00418124946008902
1012.0 0.004107507629669271
1013.0 0.004033765799249522
1014.0 0.0037288711610017344
1015.0 0.0034239761589560658
1016.0 0.0032601321436231956
1017.0 0.003096288855886087
1018.0 0.0027347969080437906
1019.0 0.0023733055058983155
1020.0 0.0020348719772300683
1021.0 0.0016964382666628808
1022.0 0.0014985569578129798
1023.0 0.0013006752851651981
1024.0 0.0013859948921890464
1025.0 0.0014713145901623648
1026.0 0.0013072000911051873
1027.0 0.0011430854101490695
1028.0 0.0010813142580445856
1029.0 0.0010195429240411613
1030.0 0.0009831869647314306
1031.0 0.0009468304597248789
1032.0 0.0008932754099078011
1033.0 0.0008397201781917829
1034.0 0.0007642438504262827
1035.0 0.0006887674317113124
1036.0 0.0007880306839069817
1037.0 0.0008872936632542405
1038.0 0.0007424748218909372
1039.0 0.0005976560260023689
1040.0 0.0007123464456526563
1041.0 0.0008270369107776787
1042.0 0.0009628981388232205
1043.0 0.0010987590030708816
1044.0 0.0009733174010762013
1045.0 0.0008478759809804615
1046.0 0.0007996501153684221
1047.0 0.000751424386180588
1048.0 0.0006123672847024864
1049.0 0.00047331022869911976
1050.0 0.0005486090230988339
1051.0 0.000623907817498548
1052.0 0.0009656605470809154
1053.0 0.001307412821915932
1054.0 0.0010582616596366279
1055.0 0.0008091103154583834
1056.0 0.0009345056241727434
1057.0 0.001059901205735514
1058.0 0.0008667710062582046
1059.0 0.0006736409432051005
1060.0 0.0010457659300300293
1061.0 0.001417890325683402
1062.0 0.0015094696209416725
1063.0 0.0016010491890483536
1064.0 0.0011591278052947018
1065.0 0.0007172063305915799
1066.0 0.0011816465303127188
1067.0 0.001646086820983328
1068.0 0.0017071997717721388
1069.0 0.001768312358763069
1070.0 0.0013396884241956286
1071.0 0.0009110644896281883
1072.0 0.0012504716323746834
1073.0 0.0015898787751211785
1074.0 0.002224581112386659
1075.0 0.0028592832677531987
1076.0 0.0030093195164226927
1077.0 0.003159355401294306
1078.0 0.003854417082038708
1079.0 0.004549479126580991
1080.0 0.004342091779108159
1081.0 0.004134704431635328
1082.0 0.0040836053813109174
1083.0 0.004032506330986507
1084.0 0.004845787771046162
1085.0 0.005659069211105816
1086.0 0.005373101885197684
1087.0 0.005087134559289552
1088.0 0.0050344275223324075
1089.0 0.0049817208491731435
1090.0 0.004781672396347858
1091.0 0.004581623215926811
1092.0 0.004101511512999423
1093.0 0.0036213998100720346
1094.0 0.0038919082726351917
1095.0 0.0041624170989962295
1096.0 0.0031166349799605086
1097.0 0.0020708521333290264
1098.0 0.001615854307601694
1099.0 0.0011608567547227722
1100.0 0.0012589261132234242
1101.0 0.0013569951079261955
