lsstCam/transmission_filter_detector/r01_s20/u_24/19700101T000000.ecsv
# %ECSV 1.0
# ---
# datatype:
# - {name: wavelength, unit: nm, datatype: float32}
# - {name: efficiency, unit: '%', datatype: float64}
# meta: !!omap
# - {MODE: DETECTOR}
# - {TYPE: transmission_filter_detector}
# - {CALIBDATE: '1970-01-01T00:00:00'}
# - {INSTRUME: LSSTCam}
# - {OBSTYPE: transmission_filter_detector}
# - {CALIBCLS: lsst.ip.isr.IntermediateFilterDetectorTransmissionCurve}
# - {SOURCE: Materion (DM-46256)}
# - {DETECTOR: 6}
# - {FILTER: u_24}
# - {CALIB_ID: 'calibDate=1970-01-01T00:00:00 filter=u_24 detector=6'}
# - {DATE: '2025-04-02T15:59:39.773819'}
# - {CALIB_CREATION_DATE: '2025-04-02'}
# - {CALIB_CREATION_TIME: '15:59:39'}
# - __serialized_columns__:
#     efficiency:
#       __class__: astropy.units.quantity.Quantity
#       unit: !astropy.units.Unit {unit: '%'}
#       value: !astropy.table.SerializedColumn {name: efficiency}
#     wavelength:
#       __class__: astropy.units.quantity.Quantity
#       unit: !astropy.units.Unit {unit: nm}
#       value: !astropy.table.SerializedColumn {name: wavelength}
# schema: astropy-2.0
wavelength efficiency
295.0 1.653876688378908e-10
296.0 1.653876688378908e-10
297.0 1.653876688378908e-10
298.0 1.653876688378908e-10
299.0 1.653876688378908e-10
300.0 1.653876688378908e-10
301.0 1.653876688378908e-10
302.0 1.653876688378908e-10
303.0 1.653876688378908e-10
304.0 0.3833339083939791
305.0 1.19535643607378
306.0 2.237708307802677
307.0 4.402191191911697
308.0 6.922036409378052
309.0 10.38595363497734
310.0 14.061816036701202
311.0 17.958228290081024
312.0 21.505756676197052
313.0 24.54061508178711
314.0 27.193626761436462
315.0 29.762238264083862
316.0 32.134464383125305
317.0 34.84661877155304
318.0 38.43221068382263
319.0 42.75074899196625
320.0 48.70646893978119
321.0 54.2763352394104
322.0 60.17528176307678
323.0 65.29015898704529
324.0 69.32780146598816
325.0 71.98463678359985
326.0 74.15417432785034
327.0 75.89591145515442
328.0 77.44787335395813
329.0 78.78093123435974
330.0 80.06234169006348
331.0 80.43268322944641
332.0 80.68659901618958
333.0 80.85659742355347
334.0 80.77016472816467
335.0 81.08697533607483
336.0 81.44891262054443
337.0 82.14855790138245
338.0 82.92122483253479
339.0 83.45675468444824
340.0 83.81969332695007
341.0 84.28016304969788
342.0 84.49450135231018
343.0 84.57013964653015
344.0 84.76977944374084
345.0 85.25933623313904
346.0 85.52242517471313
347.0 85.85845828056335
348.0 86.12655401229858
349.0 86.33094429969788
350.0 86.39097213745117
351.0 86.5348756313324
352.0 86.51281595230103
353.0 86.51129603385925
354.0 86.36316657066345
355.0 86.56584024429321
356.0 86.69296503067017
357.0 86.55795454978943
358.0 86.32175326347351
359.0 85.99795699119568
360.0 85.76998710632324
361.0 85.55005192756653
362.0 85.42899489402771
363.0 85.61053276062012
364.0 85.71401834487915
365.0 86.12493872642517
366.0 86.41932606697083
367.0 86.53591275215149
368.0 86.51875257492065
369.0 86.61325573921204
370.0 86.47170662879944
371.0 86.41787767410278
372.0 86.42164468765259
373.0 86.68360710144043
374.0 86.74908876419067
375.0 87.02811002731323
376.0 87.21044063568115
377.0 87.29119300842285
378.0 87.2626543045044
379.0 86.78162097930908
380.0 85.96289157867432
381.0 84.52903032302856
382.0 82.66832232475281
383.0 80.63933253288269
384.0 78.48703861236572
385.0 76.03516578674316
386.0 73.2786476612091
387.0 69.66537237167358
388.0 66.04909300804138
389.0 61.71260476112366
390.0 57.51209259033203
391.0 53.220802545547485
392.0 48.854851722717285
393.0 45.27408182621002
394.0 41.74846708774567
395.0 37.72590458393097
396.0 33.3118200302124
397.0 27.422869205474854
398.0 20.841515064239502
399.0 14.057111740112305
400.0 8.28409492969513
401.0 4.1462186723947525
402.0 1.52995390817523
403.0 0.4758964292705059
404.0 0.1858599134720862
405.0 0.09313627379015088
406.0 0.043453075340949
407.0 0.004480730422073975
408.0 1.653876688378908e-10
409.0 1.653876688378908e-10
410.0 1.653876688378908e-10
411.0 0.0015133203305595089
412.0 1.653876688378908e-10
413.0 1.653876688378908e-10
414.0 1.653876688378908e-10
415.0 1.653876688378908e-10
416.0 1.653876688378908e-10
417.0 1.653876688378908e-10
418.0 1.653876688378908e-10
419.0 1.653876688378908e-10
420.0 1.653876688378908e-10
421.0 1.653876688378908e-10
422.0 1.653876688378908e-10
423.0 1.653876688378908e-10
424.0 1.653876688378908e-10
425.0 1.653876688378908e-10
426.0 1.653876688378908e-10
427.0 1.653876688378908e-10
428.0 1.653876688378908e-10
429.0 0.0006826871413068147
430.0 0.0035824341466650367
431.0 0.0018266808183398098
432.0 7.092776854733529e-05
433.0 0.00039896440284792334
434.0 0.000727001406630734
435.0 0.0009502576176600996
436.0 0.0011735144653357565
437.0 1.653876688378908e-10
438.0 1.653876688378908e-10
439.0 1.653876688378908e-10
440.0 0.001643237737880554
441.0 1.653876688378908e-10
442.0 1.653876688378908e-10
443.0 1.653876688378908e-10
444.0 1.653876688378908e-10
445.0 1.653876688378908e-10
446.0 1.653876688378908e-10
447.0 1.653876688378908e-10
448.0 0.000178848756604566
449.0 0.0005464821697387379
450.0 0.0009141154805547558
451.0 1.6351867415664856e-06
452.0 1.653876688378908e-10
453.0 1.653876688378908e-10
454.0 1.653876688378908e-10
455.0 1.653876688378908e-10
456.0 1.653876688378908e-10
457.0 1.653876688378908e-10
458.0 0.00017257658555536182
459.0 1.653876688378908e-10
460.0 1.653876688378908e-10
461.0 1.653876688378908e-10
462.0 1.653876688378908e-10
463.0 1.653876688378908e-10
464.0 1.653876688378908e-10
465.0 1.653876688378908e-10
466.0 0.0002386709184065694
467.0 1.653876688378908e-10
468.0 1.653876688378908e-10
469.0 1.653876688378908e-10
470.0 0.0005616370799543802
471.0 1.653876688378908e-10
472.0 1.653876688378908e-10
473.0 1.653876688378908e-10
474.0 1.653876688378908e-10
475.0 1.653876688378908e-10
476.0 0.00023439895358023932
477.0 3.0471102263618377e-05
478.0 1.653876688378908e-10
479.0 1.653876688378908e-10
480.0 1.653876688378908e-10
481.0 0.0003894490419042995
482.0 0.0010905461749644019
483.0 0.000441569591203006
484.0 1.653876688378908e-10
485.0 1.653876688378908e-10
486.0 1.653876688378908e-10
487.0 1.653876688378908e-10
488.0 1.653876688378908e-10
489.0 1.653876688378908e-10
490.0 1.653876688378908e-10
491.0 1.653876688378908e-10
492.0 1.653876688378908e-10
493.0 1.653876688378908e-10
494.0 1.653876688378908e-10
495.0 1.653876688378908e-10
496.0 4.131940158913494e-05
497.0 0.0001511994128122751
498.0 0.00026107902613148326
499.0 6.0884678987349616e-05
500.0 1.653876688378908e-10
501.0 1.653876688378908e-10
502.0 1.653876688378908e-10
503.0 1.653876688378908e-10
504.0 1.653876688378908e-10
505.0 1.653876688378908e-10
506.0 1.653876688378908e-10
507.0 1.653876688378908e-10
508.0 1.653876688378908e-10
509.0 1.653876688378908e-10
510.0 1.653876688378908e-10
511.0 0.0001231196051776351
512.0 0.0005537968263524817
513.0 0.0004797617748408811
514.0 0.00040572654143034015
515.0 0.0005101062015455682
516.0 0.0006144859071355313
517.0 1.653876688378908e-10
518.0 1.653876688378908e-10
519.0 1.653876688378908e-10
520.0 0.0003396854026505025
521.0 0.0006117307748354506
522.0 0.0008837761015456636
523.0 0.00026397515284770634
524.0 1.653876688378908e-10
525.0 1.653876688378908e-10
526.0 1.653876688378908e-10
527.0 1.653876688378908e-10
528.0 1.653876688378908e-10
529.0 1.653876688378908e-10
530.0 1.653876688378908e-10
531.0 1.653876688378908e-10
532.0 0.00022288634227152215
533.0 1.653876688378908e-10
534.0 1.653876688378908e-10
535.0 1.653876688378908e-10
536.0 7.921486826489854e-05
537.0 1.653876688378908e-10
538.0 1.653876688378908e-10
539.0 1.653876688378908e-10
540.0 1.653876688378908e-10
541.0 1.653876688378908e-10
542.0 1.653876688378908e-10
543.0 1.653876688378908e-10
544.0 1.653876688378908e-10
545.0 1.653876688378908e-10
546.0 1.653876688378908e-10
547.0 1.653876688378908e-10
548.0 0.0003003375240950845
549.0 1.653876688378908e-10
550.0 1.653876688378908e-10
551.0 1.653876688378908e-10
552.0 1.653876688378908e-10
553.0 1.653876688378908e-10
554.0 1.653876688378908e-10
555.0 1.653876688378908e-10
556.0 1.653876688378908e-10
557.0 1.653876688378908e-10
558.0 1.653876688378908e-10
559.0 1.653876688378908e-10
560.0 0.00027079022402176633
561.0 1.653876688378908e-10
562.0 1.653876688378908e-10
563.0 1.653876688378908e-10
564.0 1.653876688378908e-10
565.0 1.653876688378908e-10
566.0 1.653876688378908e-10
567.0 1.653876688378908e-10
568.0 1.653876688378908e-10
569.0 0.00020030847736052237
570.0 0.0005513647465704707
571.0 0.0005111641712574055
572.0 0.0004709637778432807
573.0 0.000431315447713132
574.0 0.00039166743590612896
575.0 0.00029351240300456993
576.0 0.00019535748378984863
577.0 0.00023708637399977306
578.0 0.0002788152187349624
579.0 0.00045735237108601723
580.0 0.0006358894552249694
581.0 0.0008327263458340894
582.0 0.0010295633728674147
583.0 0.0012837403119192459
584.0 0.0015379175238194875
585.0 0.0011100461051682942
586.0 0.0006821741862950148
587.0 0.0009016685908136424
588.0 0.0011211629498575348
589.0 0.0011113204891444184
590.0 0.0011014778465323616
591.0 0.0010740205652837176
592.0 0.0010465633749845438
593.0 0.0007644482138857711
594.0 0.00048233273446385283
595.0 0.0007095590262906626
596.0 0.0009367850907437969
597.0 0.0012376422091620043
598.0 0.0015384992366307415
599.0 0.0020575416783685796
600.0 0.002576583756308537
601.0 0.0024787254005786963
602.0 0.0023808670448488556
603.0 0.001869435072876513
604.0 0.0013580035556515213
605.0 0.0011952627573919017
606.0 0.0010325220500817522
607.0 0.0010528498023631983
608.0 0.0010731776455941144
609.0 0.000748007823858643
610.0 0.00042283800212317146
611.0 0.0006455792572523933
612.0 0.0008683205123816151
613.0 0.00070547171162616
614.0 0.0005426230472949101
615.0 0.0006944761935301358
616.0 0.0008463292942906264
617.0 0.0007161755092965905
618.0 0.0005860219062014949
619.0 0.0004318246283219196
620.0 0.0002776275323412847
621.0 0.0003966021722590085
622.0 0.0005155768121767323
623.0 0.0005632340617012233
624.0 0.000610891220276244
625.0 0.0007772391654725652
626.0 0.0009435870197194163
627.0 0.0009333582056569867
628.0 0.0009231294825440273
629.0 0.0010008903700509109
630.0 0.0010786511666083243
631.0 0.0016275553207378834
632.0 0.0021764590201200917
633.0 0.0021509618818527088
634.0 0.0021254645616863854
635.0 0.0022805867047281936
636.0 0.0024357088477700017
637.0 0.0021744008336099796
638.0 0.0019130922737531364
639.0 0.0014378758351085708
640.0 0.0009626592145650648
641.0 0.000933431238081539
642.0 0.0009042033525474835
643.0 0.0007603216090501519
644.0 0.0006164397746033501
645.0 0.000501530939800432
646.0 0.00038662205952277873
647.0 0.00014127822396403644
648.0 1.653876688378908e-10
649.0 1.1096570773361236e-05
650.0 0.00012625868066606927
651.0 0.0006304985618044157
652.0 0.0011347386134730186
653.0 0.001472572603233857
654.0 0.0018104061382473446
655.0 0.001846791201387532
656.0 0.0018831762645277195
657.0 0.0028396272682584822
658.0 0.0037960784538881853
659.0 0.004098494173376821
660.0 0.004400909529067576
661.0 0.004154525959165767
662.0 0.003908141661668196
663.0 0.003039371586055495
664.0 0.002170601328543853
665.0 0.0018685559552977793
666.0 0.0015665100363548845
667.0 0.0014874175576551352
668.0 0.0014083248061069753
669.0 0.00101409432318178
670.0 0.0006198637947818497
671.0 0.0004694200015364913
672.0 0.00031897611734166276
673.0 0.00043387303776398767
674.0 0.0005487699127115775
675.0 0.0008527676982339472
676.0 0.001156765574705787
677.0 0.001792671719158534
678.0 0.0024285780455102213
679.0 0.00265531398326857
680.0 0.002882049921026919
681.0 0.004136156348977238
682.0 0.0053902625950286165
683.0 0.006988689710851759
684.0 0.008587117190472782
685.0 0.008602582238381729
686.0 0.00861804946907796
687.0 0.007624269346706569
688.0 0.006630489224335179
689.0 0.005358390990295447
690.0 0.004086293847649358
691.0 0.0037443594919750467
692.0 0.003402425500098616
693.0 0.0029920445740572177
694.0 0.00258166382991476
695.0 0.0022411439204006456
696.0 0.0019006241927854717
697.0 0.0014149323760648258
698.0 0.0009292405593441799
699.0 0.0007303771326405695
700.0 0.0005315135695127537
701.0 0.00040366303437622264
702.0 0.0002758125901891617
703.0 0.0005611733286059462
704.0 0.000846534294396406
705.0 0.0009292318281950429
706.0 0.0010119295438926201
707.0 0.0009240182407665998
708.0 0.0008361066647921689
709.0 0.0006304475846263813
710.0 0.0004247883680363884
711.0 0.0005414188308350276
712.0 0.0006580492481589317
713.0 0.0007717790140304714
714.0 0.0008855087799020112
715.0 0.0008133740266202949
716.0 0.0007412394097627839
717.0 0.0006850212685094448
718.0 0.0006288031272561057
719.0 0.00042970918912033085
720.0 0.00023061529645929113
721.0 0.0002789689688142971
722.0 0.0003273226411693031
723.0 0.000350994764630741
724.0 0.00037466688809217885
725.0 0.00024129283247020794
726.0 0.00010791872000481817
727.0 0.00032555381039856
728.0 0.0005431889803730883
729.0 0.0004066295787197305
730.0 0.00027007035896531306
731.0 0.00027191608751309104
732.0 0.00027376183879823657
733.0 0.00021453013232530793
734.0 0.00015529847132711438
735.0 0.0004331523541623028
736.0 0.0007110062597348588
737.0 0.0007161970643210225
738.0 0.0007213878234324511
739.0 0.0007122794613678707
740.0 0.0007031710083538201
741.0 0.0012770072316925507
742.0 0.0018508433640818112
743.0 0.002495208173058927
744.0 0.0031395728001371026
745.0 0.003598890543798916
746.0 0.004058207559864968
747.0 0.004152767360210419
748.0 0.004247326432960108
749.0 0.003640502836788073
750.0 0.003033679422514979
751.0 0.002773314008663874
752.0 0.0025129485948127694
753.0 0.0021476002075360157
754.0 0.0017822516383603215
755.0 0.0020419627617229708
756.0 0.002301674430782441
757.0 0.0020191126168356277
758.0 0.0017365508028888144
759.0 0.0015418654584209435
760.0 0.0013471803868014831
761.0 0.0012031136066070758
762.0 0.0010590468264126685
763.0 0.0008445036655757576
764.0 0.0006299604137893766
765.0 0.0007185101367213065
766.0 0.0008070598596532363
767.0 0.0007670870218134951
768.0 0.0007271140930242836
769.0 0.0006468122137448518
770.0 0.0005665100616170093
771.0 0.0004736289611173561
772.0 0.0003807477924056002
773.0 0.00038762136682635173
774.0 0.0003944949185097357
775.0 0.00045988804231456015
776.0 0.0005252812115941197
777.0 0.0006371482413669582
778.0 0.0007490150892408565
779.0 0.0008922590495785698
780.0 0.0010355027370678727
781.0 0.001095495008485159
782.0 0.0011554872799024452
783.0 0.0010611830475681927
784.0 0.0009668787242844701
785.0 0.0011885497769981157
786.0 0.0014102205568633508
787.0 0.001192682066175621
788.0 0.0009751436664373614
789.0 0.0009002343176689465
790.0 0.0008253250598500017
791.0 0.0007590266250190325
792.0 0.0006927281447133282
793.0 0.00019900530787708703
794.0 1.653876688378908e-10
795.0 2.3703174178990594e-05
796.0 0.00034212391710752854
797.0 0.00041116063584922813
798.0 0.00048019733185356017
799.0 0.0002873691755667096
800.0 9.454092833038885e-05
801.0 2.409686317150772e-05
802.0 1.653876688378908e-10
803.0 4.798162933639105e-06
804.0 5.5943542065506335e-05
805.0 1.064561629959826e-05
806.0 1.653876688378908e-10
807.0 1.653876688378908e-10
808.0 1.653876688378908e-10
809.0 0.00015474928432013257
810.0 0.0003505449967633467
811.0 9.954696622571646e-06
812.0 1.653876688378908e-10
813.0 7.31981629087386e-05
814.0 0.00047703192649350967
815.0 0.00035332732295501046
816.0 0.0002296226966791437
817.0 0.0001507082970420015
818.0 7.17939428795944e-05
819.0 5.588980229731533e-05
820.0 3.9985621924643056e-05
821.0 1.653876688378908e-10
822.0 1.653876688378908e-10
823.0 1.653876688378908e-10
824.0 0.00010407394483991084
825.0 1.653876688378908e-10
826.0 1.653876688378908e-10
827.0 0.00017795721305446932
828.0 0.0005350982974050567
829.0 0.00036958981581847183
830.0 0.00020408169802976772
831.0 1.653876688378908e-10
832.0 1.653876688378908e-10
833.0 1.653876688378908e-10
834.0 1.653876688378908e-10
835.0 1.653876688378908e-10
836.0 1.2046463382375805e-05
837.0 1.653876688378908e-10
838.0 1.653876688378908e-10
839.0 1.653876688378908e-10
840.0 1.653876688378908e-10
841.0 1.653876688378908e-10
842.0 1.653876688378908e-10
843.0 1.653876688378908e-10
844.0 1.653876688378908e-10
845.0 8.155424211508944e-05
846.0 0.00037509780668187886
847.0 0.00026666511985240504
848.0 0.00015823237617951236
849.0 0.0002183135165978456
850.0 0.0002783944637485547
851.0 0.00015550089074167772
852.0 3.260723815401434e-05
853.0 0.00015746518329251558
854.0 0.00028232295790076023
855.0 0.0003194031478415127
856.0 0.00035648322409542743
857.0 0.0005647069428960094
858.0 0.0007729306162218563
859.0 0.0008844110197969712
860.0 0.0009958916052710265
861.0 0.0010667427886801306
862.0 0.001137594063038705
863.0 0.0014740975530003197
864.0 0.001810600770113524
865.0 0.002182057869504206
866.0 0.0025535147869959474
867.0 0.0023313819838222116
868.0 0.0021092493625474162
869.0 0.002110094101226423
870.0 0.0021109382942086086
871.0 0.0020265466446289793
872.0 0.0019421548131504096
873.0 0.002019370731431991
874.0 0.0020965864678146318
875.0 0.002384912659181282
876.0 0.002673239214345813
877.0 0.0027458354452392086
878.0 0.002818432039930485
879.0 0.0028904631108161993
880.0 0.0029624947273987345
