lsstCam/transmission_filter_detector/r01_s20/u_24/19700101T000000.ecsv
# %ECSV 1.0
# ---
# datatype:
# - {name: wavelength, unit: nm, datatype: float32}
# - {name: efficiency, unit: '%', datatype: float64}
# meta: !!omap
# - {MODE: DETECTOR}
# - {TYPE: transmission_filter_detector}
# - {CALIBDATE: '1970-01-01T00:00:00'}
# - {INSTRUME: LSSTCam}
# - {OBSTYPE: transmission_filter_detector}
# - {CALIBCLS: lsst.ip.isr.IntermediateFilterDetectorTransmissionCurve}
# - {SOURCE: Materion (DM-46256)}
# - {DETECTOR: 6}
# - {FILTER: u_24}
# - {CALIB_ID: 'calibDate=1970-01-01T00:00:00 filter=u_24 detector=6'}
# - {DATE: '2025-04-02T15:59:39.773819'}
# - {CALIB_CREATION_DATE: '2025-04-02'}
# - {CALIB_CREATION_TIME: '15:59:39'}
# - __serialized_columns__:
#     efficiency:
#       __class__: astropy.units.quantity.Quantity
#       unit: !astropy.units.Unit {unit: '%'}
#       value: !astropy.table.SerializedColumn {name: efficiency}
#     wavelength:
#       __class__: astropy.units.quantity.Quantity
#       unit: !astropy.units.Unit {unit: nm}
#       value: !astropy.table.SerializedColumn {name: wavelength}
# schema: astropy-2.0
wavelength efficiency
[from data line 587]
882.0 0.0032551601179875433
883.0 0.002886648871935904
884.0 0.0025181379896821454
885.0 0.0025084696972044185
886.0 0.002498801586625632
887.0 0.0023492422769777477
888.0 0.002199683149228804
889.0 0.002191247222071979
890.0 0.0021828112949151546
891.0 0.0024131488316925243
892.0 0.0026434865503688343
893.0 0.0026892375899478793
894.0 0.0027349882657290436
895.0 0.0031818643037695438
896.0 0.0036287405237089843
897.0 0.004123910184716806
898.0 0.004619080209522508
899.0 0.004686561442213133
900.0 0.004754042311105877
901.0 0.004738300413009711
902.0 0.004722558878711425
903.0 0.004996160714654252
904.0 0.005269762186799198
905.0 0.005376207991503179
906.0 0.005482653432409279
907.0 0.00576280799577944
908.0 0.0060429625591496006
909.0 0.005968825644231401
910.0 0.005894689093111083
911.0 0.005882496407139115
912.0 0.005870304448762909
913.0 0.005681625043507665
914.0 0.005492944910656661
915.0 0.005010838867747225
916.0 0.004528732824837789
917.0 0.004162090408499353
918.0 0.0037954479921609163
919.0 0.004269126293365844
920.0 0.004742804594570771
921.0 0.004874842488789
922.0 0.005006880383007228
923.0 0.006113025301601738
924.0 0.007219169492600486
925.0 0.007453924627043307
926.0 0.007688680489081889
927.0 0.008322939538629726
928.0 0.008957195677794516
929.0 0.008815718319965526
930.0 0.00867424241732806
931.0 0.007806198846083134
932.0 0.006938153092050925
933.0 0.006758477684343234
934.0 0.0065788022766355425
935.0 0.006399315316230059
936.0 0.006219829083420336
937.0 0.006486377242254093
938.0 0.006752926856279373
939.0 0.006598996696993709
940.0 0.006445065810112283
941.0 0.005824831532663666
942.0 0.005204595800023526
943.0 0.004161571632721461
944.0 0.003118548556813039
945.0 0.0023703538317931816
946.0 0.0016221596524701454
947.0 0.0016214486095122993
948.0 0.0016207375665544532
949.0 0.0015905119653325528
950.0 0.0015602863641106524
951.0 0.001366981268802192
952.0 0.0011736761734937318
953.0 0.0013182429029257037
954.0 0.0014628099961555563
955.0 0.0022914429791853763
956.0 0.0031200761441141367
957.0 0.0031949562981026247
958.0 0.003269836088293232
959.0 0.003707539872266352
960.0 0.004145242928643711
961.0 0.0046514054702129215
962.0 0.005157567647984251
963.0 0.005241123290034011
964.0 0.005324679295881651
965.0 0.0052442999731283635
966.0 0.005163921014172956
967.0 0.005030844477005303
968.0 0.004897768667433411
969.0 0.004843057104153559
970.0 0.004788345540873706
971.0 0.004690159039455466
972.0 0.004591972901835106
973.0 0.004374545460450463
974.0 0.004157117655267939
975.0 0.004143299156567082
976.0 0.004129480294068344
977.0 0.003916384230251424
978.0 0.0037032878026366234
979.0 0.003438876592554152
980.0 0.0031744653824716806
981.0 0.0030116863854345866
982.0 0.002848907206498552
983.0 0.0030995015549706295
984.0 0.003350095357745886
985.0 0.003838977499981411
986.0 0.004327860369812697
987.0 0.0048859456001082435
988.0 0.00544403083040379
989.0 0.00660714358673431
990.0 0.00777025634306483
991.0 0.008229918603319675
992.0 0.008689581591170281
993.0 0.00910679082153365
994.0 0.009523999324301258
995.0 0.008780535426922143
996.0 0.00803706789156422
997.0 0.007294946408364922
998.0 0.006552827107952908
999.0 0.006270269659580663
1000.0 0.005987709300825372
1001.0 0.005638962829834782
1002.0 0.00529021599504631
1003.0 0.004689576599048451
1004.0 0.00408893647545483
1005.0 0.004556251224130392
1006.0 0.005023564881412312
1007.0 0.004817143417312764
1008.0 0.00461071940662805
1009.0 0.004157888179179281
1010.0 0.003705057315528393
1011.0 0.003677585846162401
1012.0 0.0036501143767964095
1013.0 0.003341074989293702
1014.0 0.003032035419892054
1015.0 0.002645591666805558
1016.0 0.002259147549921181
1017.0 0.002222291186626535
1018.0 0.002185434459534008
1019.0 0.0017970358385355212
1020.0 0.001408637035638094
1021.0 0.001425366644980386
1022.0 0.0014420961633732077
1023.0 0.0014703397937410045
1024.0 0.0014985834241088014
1025.0 0.0015253011042659637
1026.0 0.0015520190572715364
1027.0 0.0015501820598728955
1028.0 0.0015483450624742545
1029.0 0.0017390157154295594
1030.0 0.0019296867321827449
1031.0 0.0023499034796259366
1032.0 0.0027701204089680687
1033.0 0.0027540931114344858
1034.0 0.0027380656320019625
1035.0 0.0028115468012401834
1036.0 0.0028850276066805236
1037.0 0.002937428143923171
1038.0 0.002989828681165818
1039.0 0.002643226798682008
1040.0 0.0022966252799960785
1041.0 0.001966008494491689
1042.0 0.00163539207278518
1043.0 0.0017449510778533295
1044.0 0.0018545104467193596
1045.0 0.0015372066627605818
1046.0 0.0012199030607007444
1047.0 0.0018725255358731374
1048.0 0.002525148192944471
1049.0 0.0019550185243133456
1050.0 0.0013848884009348694
1051.0 0.0016411393517046236
1052.0 0.0018973898477270268
1053.0 0.001660147972870618
1054.0 0.0014229061889636796
1055.0 0.0012334747225395404
1056.0 0.001044043710862752
1057.0 0.0016176700228243135
1058.0 0.002191296334785875
1059.0 0.001301313932344783
1060.0 0.0004113318482268369
1061.0 0.001484005042584613
1062.0 0.0025566780095687136
1063.0 0.002303344626852777
1064.0 0.0020500108803389594
1065.0 0.0016322092051268555
1066.0 0.001214407711813692
1067.0 0.0012949988558830228
1068.0 0.0013755892723565921
1069.0 0.002418511030555237
1070.0 0.0034614324249560013
1071.0 0.001918201451189816
1072.0 0.00037497072753467364
1073.0 0.0015244380847434513
1074.0 0.0026739049644675106
1075.0 0.0036653178540291265
1076.0 0.0046567296521971
1077.0 0.005481382322614081
1078.0 0.006306035356828943
1079.0 0.0069365662056952715
1080.0 0.007567094871774316
1081.0 0.005407479693531059
1082.0 0.003247865242883563
1083.0 0.002919990583905019
1084.0 0.0025921159249264747
1085.0 0.003509207454044372
1086.0 0.004426298619364388
1087.0 0.00424368008680176
1088.0 0.004061061190441251
1089.0 0.005280143523123115
1090.0 0.00649922585580498
1091.0 0.004417306263349019
1092.0 0.002335386670893058
1093.0 0.0018437149265082553
1094.0 0.0013520430911739822
1095.0 0.002134794158337172
1096.0 0.002917545316449832
1097.0 0.002972374204546213
1098.0 0.0030272032745415345
1099.0 0.0032411313441116363
1100.0 0.0034550590498838574
