lsstCam/transmission_filter_detector/r04_sw0/r_57/19700101T000000.ecsv
# %ECSV 1.0
# ---
# datatype:
# - {name: wavelength, unit: nm, datatype: float32}
# - {name: efficiency, unit: '%', datatype: float64}
# meta: !!omap
# - {MODE: DETECTOR}
# - {TYPE: transmission_filter_detector}
# - {CALIBDATE: '1970-01-01T00:00:00'}
# - {INSTRUME: LSSTCam}
# - {OBSTYPE: transmission_filter_detector}
# - {CALIBCLS: lsst.ip.isr.IntermediateFilterDetectorTransmissionCurve}
# - {SOURCE: Materion (DM-46256)}
# - {DETECTOR: 195}
# - {FILTER: r_57}
# - {CALIB_ID: 'calibDate=1970-01-01T00:00:00 filter=r_57 detector=195'}
# - {DATE: '2025-04-02T15:59:45.085911'}
# - {CALIB_CREATION_DATE: '2025-04-02'}
# - {CALIB_CREATION_TIME: '15:59:45'}
# - __serialized_columns__:
#     efficiency:
#       __class__: astropy.units.quantity.Quantity
#       unit: !astropy.units.Unit {unit: '%'}
#       value: !astropy.table.SerializedColumn {name: efficiency}
#     wavelength:
#       __class__: astropy.units.quantity.Quantity
#       unit: !astropy.units.Unit {unit: nm}
#       value: !astropy.table.SerializedColumn {name: wavelength}
# schema: astropy-2.0
wavelength efficiency
300.0 0.003177479811711237
301.0 0.008446624997304752
302.0 0.01371577091049403
303.0 0.016121425142046064
304.0 0.01852708082878962
305.0 0.016171181050594896
306.0 0.013815279817208648
307.0 0.012195939780212939
308.0 0.010576600470812991
309.0 0.009312180918641388
310.0 0.008047762094065547
311.0 0.007837513840058818
312.0 0.00762726558605209
313.0 0.006989453686401248
314.0 0.006351641059154645
315.0 0.00573426004848443
316.0 0.005116879037814215
317.0 0.004911697033094242
318.0 0.00470651502837427
319.0 0.004451196946320124
320.0 0.004195878864265978
321.0 0.003987808668171056
322.0 0.0037797388358740136
323.0 0.0035681568988366053
324.0 0.0033565731428097934
325.0 0.0032692485547158867
326.0 0.00318192396662198
327.0 0.0032308202207786962
328.0 0.003279716838733293
329.0 0.0033737505873432383
330.0 0.003467785063548945
331.0 0.0031411276722792536
332.0 0.0028144704629085027
333.0 0.002490860060788691
334.0 0.0021672496586688794
335.0 0.001912617517518811
336.0 0.001657985194469802
337.0 0.0016001422409317456
338.0 0.0015422994692926295
339.0 0.0015155686014622916
340.0 0.0014888377336319536
341.0 0.0014166187611408532
342.0 0.001344399879599223
343.0 0.0012537449038063642
344.0 0.0011630899280135054
345.0 0.0011349043234076817
346.0 0.0011067186278523877
347.0 0.001076767875929363
348.0 0.0010468172149558086
349.0 0.0010717250006564427
350.0 0.005875922943232581
351.0 0.00606079884164501
352.0 0.006245674740057439
353.0 0.005241451435722411
354.0 0.0042372284951852635
355.0 0.00437504168075975
356.0 0.004512855593929999
357.0 0.00640610815025866
358.0 0.008299361797980964
359.0 0.006330137694021687
360.0 0.004360914317658171
361.0 0.0028685082725132816
362.0 0.0013761025002168026
363.0 0.0021337493308237754
364.0 0.0028913957066833973
365.0 0.0035373519494896755
366.0 0.004183308556093834
367.0 0.003447783092269674
368.0 0.0027122576284455135
369.0 0.0021252075384836644
370.0 0.001538157812319696
371.0 0.0021508421923499554
372.0 0.0027635267542791553
373.0 0.0030581806640839204
374.0 0.003352834391989745
375.0 0.003149924668832682
376.0 0.0029470151275745593
377.0 0.0013625439351017121
378.0 1.6720730702801667e-10
379.0 0.0008228693332057446
380.0 0.0018676659237826243
381.0 0.0026436477128299884
382.0 0.0034196298656752333
383.0 0.0034519063774496317
384.0 0.0034841836168197915
385.0 0.004628226452041417
386.0 0.005772268559667282
387.0 0.005041421172791161
388.0 0.004310573422117159
389.0 0.0036893699871143326
390.0 0.0030681654607178643
391.0 0.0020988054529880174
392.0 0.0011294454452581704
393.0 0.0012308600162214134
394.0 0.0013322743143362459
395.0 0.0010582547474768944
396.0 0.0007842352715670131
397.0 0.0007393220585072413
398.0 0.0006944093001948204
399.0 0.0005526492259377846
400.0 0.000410888696933398
401.0 0.0002614882987472811
402.0 0.00011208732075829175
403.0 0.00026367911232227925
404.0 0.0004152710971538909
405.0 0.0008343751687789336
406.0 0.0012534789675555658
407.0 0.001771071765688248
408.0 0.0022886642909725197
409.0 0.0019237982996855862
410.0 0.0015589321264997125
411.0 0.00103440361272078
412.0 0.0005098750989418477
413.0 0.0006305794613581384
414.0 0.0007512840056733694
415.0 0.0008251469807873946
416.0 0.0008990102287498303
417.0 0.0013126110388839152
418.0 0.0017262122128158808
419.0 0.0021713078240281902
420.0 0.0026164037990383804
421.0 0.004203311618766747
422.0 0.005790219074697234
423.0 0.009149585093837231
424.0 0.012508950021583587
425.0 0.016826875798869878
426.0 0.021144798665773124
427.0 0.021589401876553893
428.0 0.022034006542526186
429.0 0.01683273439994082
430.0 0.011631460802163929
431.0 0.00834712918731384
432.0 0.005062796481070109
433.0 0.004135713243158534
434.0 0.003208629641449079
435.0 0.0025697961973492056
436.0 0.001930962571350392
437.0 0.001632983548915945
438.0 0.0013350047993299086
439.0 0.0011090597581642214
440.0 0.0008831147169985343
441.0 0.0011476740837679245
442.0 0.0014122333595878445
443.0 0.0016862810298334807
444.0 0.0019603288819780573
445.0 0.0018588236343930475
446.0 0.0017573183868080378
447.0 0.001649334626563359
448.0 0.001541351230116561
449.0 0.0016072248399723321
450.0 0.0016730982679291628
451.0 0.001798029370547738
452.0 0.0019229602912673727
453.0 0.0017693528207018971
454.0 0.001615745532035362
455.0 0.0013915203453507274
456.0 0.0011672955224639736
457.0 0.0008858193723426666
458.0 0.0006043431767466245
459.0 0.0008608188181824517
460.0 0.0011172944141435437
461.0 0.0017902148101711646
462.0 0.0024631348424009047
463.0 0.0031973260774975643
464.0 0.003931517494493164
465.0 0.005006352148484439
466.0 0.0060811864386778325
467.0 0.006671210576314479
468.0 0.007261236169142649
469.0 0.006187265535118058
470.0 0.00511329599248711
471.0 0.0038928203139221296
472.0 0.0026723448172560893
473.0 0.0021858595573576167
474.0 0.0016993742974591441
475.0 0.0013933257832832169
476.0 0.0010872776329051703
477.0 0.000901724342838861
478.0 0.000716171143722022
479.0 0.0009363095159642398
480.0 0.0011564477972569875
481.0 0.0008799440365692135
482.0 0.0006034403213561745
483.0 0.0006750933152943617
484.0 0.0007467460818588734
485.0 0.0006669419690297218
486.0 0.000587137719776365
487.0 0.0006621447482757503
488.0 0.0007371516858256655
489.0 0.000672821443004068
490.0 0.0006084912001824705
491.0 0.0007849414032534696
492.0 0.000961391742748674
493.0 0.0010828985068656038
494.0 0.0012044052709825337
495.0 0.0010696356184780598
496.0 0.0009348656931251753
497.0 0.0011555386663530953
498.0 0.0013762113667326048
499.0 0.0013394258530752268
500.0 0.0013026403394178487
501.0 0.0014988112525315955
502.0 0.001694982529443223
503.0 0.002124708225892391
504.0 0.0025544341042404994
505.0 0.003083448245888576
506.0 0.003612462751334533
507.0 0.004341275416663848
508.0 0.005070087718195282
509.0 0.005539233825402334
510.0 0.006008379205013625
511.0 0.005332062210072763
512.0 0.0046557448513340205
513.0 0.00394790549762547
514.0 0.00324006614391692
515.0 0.0030802417313680053
516.0 0.0029204176826169714
517.0 0.002737263457674999
518.0 0.002554109050834086
519.0 0.07121841190382838
520.0 0.10399101302027702
521.0 0.06890450022183359
522.0 0.06261577946133912
523.0 0.08355099125765264
524.0 0.10814645793288946
525.0 0.12444340391084552
526.0 0.09870490757748485
527.0 0.14104277361184359
528.0 0.19471433479338884
529.0 0.14645425835624337
530.0 0.17518484964966774
531.0 0.17275026766583323
532.0 0.2615471137687564
533.0 0.3809927264228463
534.0 0.45890165492892265
535.0 0.6923113949596882
536.0 1.049687061458826
537.0 1.589810848236084
538.0 2.4811265990138054
539.0 3.79788801074028
540.0 5.800394713878632
541.0 8.177348226308823
542.0 11.144096404314041
543.0 14.950749278068542
544.0 19.549240171909332
545.0 24.62070882320404
546.0 30.83852529525757
547.0 37.71158456802368
548.0 45.909929275512695
549.0 53.75201106071472
550.0 59.81770157814026
551.0 66.66967868804932
552.0 70.9586501121521
553.0 75.44085383415222
554.0 78.93035411834717
555.0 82.85454511642456
556.0 86.32792830467224
557.0 89.08497095108032
558.0 91.68729186058044
559.0 93.83546710014343
560.0 93.94054412841797
561.0 95.09220123291016
562.0 95.69634199142456
563.0 95.28232216835022
564.0 95.85751295089722
565.0 95.29831409454346
566.0 96.09621167182922
567.0 95.77493667602539
568.0 95.90925574302673
569.0 96.84709906578064
570.0 96.31765484809875
571.0 97.33284711837769
572.0 97.23045229911804
573.0 97.06475734710693
574.0 96.98198437690735
575.0 97.0989465713501
576.0 97.44594097137451
577.0 97.01586365699768
578.0 97.03192114830017
579.0 97.1128523349762
580.0 96.51737809181213
581.0 96.71773910522461
582.0 96.81608080863953
583.0 96.78562879562378
584.0 96.41460180282593
585.0 96.61104679107666
586.0 96.99434041976929
587.0 96.73839211463928
588.0 96.67215347290039
589.0 97.39120602607727
590.0 96.76121473312378
591.0 96.20166420936584
592.0 95.98994255065918
593.0 95.8979845046997
594.0 95.9138810634613
595.0 96.93446755409241
596.0 97.2046971321106
597.0 97.25075364112854
598.0 96.94215059280396
599.0 96.96522355079651
600.0 97.12185263633728
601.0 96.03710174560547
602.0 96.82183265686035
603.0 96.28791809082031
604.0 96.50985598564148
605.0 96.87701463699341
606.0 96.25688791275024
607.0 96.34488224983215
608.0 96.59273624420166
609.0 95.70006132125854
610.0 96.13034129142761
611.0 96.06959223747253
612.0 96.03844285011292
613.0 96.84618711471558
614.0 96.85173630714417
615.0 96.64024710655212
616.0 96.47509455680847
617.0 96.58172726631165
618.0 96.77637219429016
619.0 96.97065353393555
620.0 96.24231457710266
621.0 96.00183963775635
622.0 96.76750898361206
623.0 96.81834578514099
624.0 96.74213528633118
625.0 96.97277545928955
626.0 96.38751149177551
627.0 95.1305091381073
628.0 97.09740877151489
629.0 95.4392671585083
630.0 96.422678232193
631.0 96.14701271057129
632.0 97.01242446899414
633.0 96.67040705680847
634.0 95.82976698875427
635.0 96.24696969985962
636.0 96.3814377784729
637.0 95.70661783218384
638.0 95.58153748512268
639.0 95.59800028800964
640.0 95.72693109512329
641.0 95.94325423240662
642.0 96.04836702346802
643.0 96.3622510433197
644.0 96.24888300895691
645.0 96.14566564559937
646.0 96.25003337860107
647.0 97.46588468551636
648.0 96.67519330978394
649.0 96.12171649932861
650.0 96.18591070175171
651.0 96.9549298286438
652.0 97.07968831062317
653.0 96.24064564704895
654.0 96.62436842918396
655.0 96.81099653244019
656.0 95.97347378730774
657.0 95.79727053642273
658.0 96.5400218963623
659.0 96.60125970840454
660.0 95.65566778182983
661.0 95.65135836601257
662.0 95.62026858329773
663.0 96.09416723251343
664.0 95.37696838378906
665.0 95.63523530960083
666.0 95.3819751739502
667.0 96.0681676864624
668.0 94.9536144733429
669.0 95.73280215263367
670.0 95.5085039138794
671.0 95.63356637954712
672.0 95.15427350997925
673.0 95.53231596946716
674.0 94.9464499950409
675.0 95.46876549720764
676.0 94.9931800365448
677.0 93.61231327056885
678.0 93.00560355186462
679.0 91.92838668823242
680.0 90.67770838737488
681.0 89.05021548271179
682.0 86.7659866809845
683.0 84.15747284889221
684.0 80.49336671829224
685.0 76.95930004119873
686.0 72.72568345069885
687.0 68.3153510093689
688.0 63.66211175918579
689.0 59.300535917282104
690.0 54.28939461708069
691.0 50.24569630622864
692.0 45.30865550041199
693.0 40.80295264720917
694.0 35.61478555202484
695.0 30.433982610702515
696.0 24.853511154651642
697.0 19.90799605846405
698.0 14.444124698638916
699.0 10.215014219284058
700.0 7.020062208175659
701.0 4.328589141368866
702.0 2.631809376180172
703.0 1.5115339308977127
704.0 0.8949183858931065
705.0 0.5286288447678089
706.0 0.34186511766165495
707.0 0.2136820461601019
708.0 0.16950080171227455
709.0 0.13678441755473614
710.0 0.07842362392693758
711.0 0.07470690179616213
712.0 0.08657054277136922
713.0 0.09351897751912475
714.0 0.04429904802236706
715.0 0.09848520858213305
716.0 0.028826273046433926
717.0 0.039388390723615885
718.0 0.06772718043066561
719.0 0.045487176976166666
720.0 1.6720730702801667e-10
721.0 0.004259021443431266
722.0 0.004002515925094485
723.0 0.003746010406757705
724.0 0.0034782871807692572
725.0 0.003210563590982929
726.0 0.002963659426313825
727.0 0.0027167556254426017
728.0 0.0026178760890616104
729.0 0.0025189963707816787
730.0 0.0023436476112692617
731.0 0.0021682992155547254
732.0 0.002150828731828369
733.0 0.0021333584300009534
734.0 0.0020263780243112706
735.0 0.001919397254823707
736.0 0.0017318963728030212
737.0 0.0015443956726812758
738.0 0.0015151694242376834
739.0 0.0014859429938951507
740.0 0.0014879840819048695
741.0 0.0014900253518135287
742.0 0.0013814664271194488
743.0 0.0012729074114758987
744.0 0.0013307376320881303
745.0 0.0013885676708014216
746.0 0.0013064081031188834
747.0 0.001224248444486875
748.0 0.0011174736755492631
749.0 0.0010106989066116512
750.0 0.000999880921881413
751.0 0.0009890633009490557
752.0 0.0010155817108170595
753.0 0.0010421002116345335
754.0 0.0010204890713794157
755.0 0.0009988782949221786
756.0 0.0009603055332263466
757.0 0.000921732498682104
758.0 0.000980434924713336
759.0 0.0010391371688456275
760.0 0.0010347809620725457
761.0 0.0010304251190973446
762.0 0.0010471197128936183
763.0 0.0010638146704877727
764.0 0.001021706066239858
765.0 0.0009795975529414136
766.0 0.0008199656804208644
767.0 0.0006603337624255801
768.0 0.0006190139629325131
769.0 0.0005776938905910356
770.0 0.0007180467491707532
771.0 0.0008583998351241462
772.0 0.0007882617865107022
773.0 0.0007181235559983179
774.0 0.000806901698524598
775.0 0.000895679750101408
776.0 0.0008201986020139884
777.0 0.0007447174994013039
778.0 0.0007736955012660474
779.0 0.0008026735486055259
780.0 0.0006814660082454793
781.0 0.0005602585588349029
782.0 0.0006917488917679293
783.0 0.0008232391337514855
784.0 0.0008496423106407747
785.0 0.0008760452146816533
786.0 0.0007357869435509201
787.0 0.0005955286724201869
788.0 0.0006512996151286643
789.0 0.000707070739736082
790.0 0.0007287772859854158
791.0 0.0007504837867600145
792.0 0.000762774243412423
793.0 0.0007750645636406261
794.0 0.0008178290954674594
795.0 0.0008605933544458821
796.0 0.0007233571523102
797.0 0.0005861208592250478
798.0 0.0007246248060255311
799.0 0.0008631286618765444
800.0 0.0007983687282830942
801.0 0.0007336085218412336
802.0 0.0006304646376520395
803.0 0.0005273204806144349
804.0 0.0006515720542665804
805.0 0.000775823718868196
806.0 0.0006683436822640942
807.0 0.0005608636456599925
808.0 0.0006530493919854052
809.0 0.0007452350018866127
810.0 0.0006704747647745535
811.0 0.0005957147095614346
812.0 0.000640362486592494
813.0 0.0006850102636235533
814.0 0.0005670524387824116
815.0 0.000449094659416005
816.0 0.0005819005309604108
817.0 0.0007147064934542868
818.0 0.0006512992513307836
819.0 0.0005878920092072804
820.0 0.00045420283640851267
821.0 0.00032051364087237744
822.0 0.0003820640813501086
823.0 0.0004436145445652073
824.0 0.0004525240456132451
825.0 0.0004614335011865478
826.0 0.0005085278644401114
827.0 0.0005556222276936751
828.0 0.0004155480837653158
829.0 0.000275473917099589
830.0 0.00020693778424174525
831.0 0.0001384016854899528
832.0 6.798985623390763e-05
833.0 1.6720730702801667e-10
834.0 1.6720730702801667e-10
835.0 1.6720730702801667e-10
836.0 0.0002584637286418001
837.0 0.0005710845016437816
838.0 0.0007290990652109031
839.0 0.0008871136742527597
840.0 0.0011890669156855438
841.0 0.0014910200661688577
842.0 0.00214554529520683
843.0 0.0028000706151942722
844.0 0.003178852057317272
845.0 0.0035576336813392118
846.0 0.0038021527871023864
847.0 0.004046671892865561
848.0 0.0036486446333583444
849.0 0.003250617373851128
850.0 0.0024873228539945558
851.0 0.0017240281522390433
852.0 0.0014429568182094954
853.0 0.0011618853932304773
854.0 0.0010112648851645645
855.0 0.0008606440133007709
856.0 0.0006822261639172211
857.0 0.0005038084054831415
858.0 0.0005649458216794301
859.0 0.0006260831469262484
860.0 0.000508155744682881
861.0 0.0003902282514900435
862.0 0.00042644605855457485
863.0 0.00046266382014437113
864.0 0.00033294215882051503
865.0 0.00020322054297139402
866.0 0.0001997171693801647
867.0 0.00019621379578893539
868.0 0.00021583969100902323
869.0 0.00023546558622911107
870.0 0.00011399921504562371
871.0 1.6720730702801667e-10
872.0 1.6720730702801667e-10
873.0 1.6720730702801667e-10
874.0 1.6720730702801667e-10
875.0 1.6720730702801667e-10
876.0 1.6720730702801667e-10
877.0 7.487184348065057e-05
878.0 0.00017219643950738828
879.0 0.00026952100142807467
880.0 0.00019741869436984416
881.0 0.00012531634183687856
882.0 0.00012395310022839112
883.0 0.00012258988135727122
884.0 1.6720730702801667e-10
885.0 1.6720730702801667e-10
886.0 1.6720730702801667e-10
887.0 5.331393140295404e-05
888.0 0.00015713320635768468
889.0 0.00026095246994373156
890.0 0.00023245299871632596
891.0 0.00020395350475155283
892.0 6.709283866257465e-05
893.0 1.6720730702801667e-10
894.0 1.2345003597147297e-05
895.0 9.445786304240755e-05
896.0 0.00011033140481231385
897.0 0.00012620498637261335
898.0 8.591170512772806e-05
899.0 4.5618406829817104e-05
900.0 2.5237551426471327e-05
