lsstCam/transmission_filter_detector/r04_sw0/r_57/19700101T000000.ecsv
# %ECSV 1.0
# ---
# datatype:
# - {name: wavelength, unit: nm, datatype: float32}
# - {name: efficiency, unit: '%', datatype: float64}
# meta: !!omap
# - {MODE: DETECTOR}
# - {TYPE: transmission_filter_detector}
# - {CALIBDATE: '1970-01-01T00:00:00'}
# - {INSTRUME: LSSTCam}
# - {OBSTYPE: transmission_filter_detector}
# - {CALIBCLS: lsst.ip.isr.IntermediateFilterDetectorTransmissionCurve}
# - {SOURCE: Materion (DM-46256)}
# - {DETECTOR: 195}
# - {FILTER: r_57}
# - {CALIB_ID: 'calibDate=1970-01-01T00:00:00 filter=r_57 detector=195'}
# - {DATE: '2025-04-02T15:59:45.085911'}
# - {CALIB_CREATION_DATE: '2025-04-02'}
# - {CALIB_CREATION_TIME: '15:59:45'}
# - __serialized_columns__:
#     efficiency:
#       __class__: astropy.units.quantity.Quantity
#       unit: !astropy.units.Unit {unit: '%'}
#       value: !astropy.table.SerializedColumn {name: efficiency}
#     wavelength:
#       __class__: astropy.units.quantity.Quantity
#       unit: !astropy.units.Unit {unit: nm}
#       value: !astropy.table.SerializedColumn {name: wavelength}
# schema: astropy-2.0
wavelength efficiency
[from data line 602]
902.0 1.6720730702801667e-10
903.0 1.6720730702801667e-10
904.0 1.6720730702801667e-10
905.0 9.926593946829598e-06
906.0 8.028767695122951e-06
907.0 6.130969154582999e-06
908.0 1.6720730702801667e-10
909.0 1.6720730702801667e-10
910.0 1.6720730702801667e-10
911.0 1.6720730702801667e-10
912.0 1.6720730702801667e-10
913.0 1.6720730702801667e-10
914.0 1.6720730702801667e-10
915.0 1.6720730702801667e-10
916.0 1.6720730702801667e-10
917.0 1.6720730702801667e-10
918.0 6.983287903494784e-05
919.0 0.00014694936680825776
920.0 7.663042538297304e-05
921.0 6.311451272722479e-06
922.0 0.00012558746220747707
923.0 0.0002448634859320009
924.0 0.0002502336656107218
925.0 0.00025560386802681023
926.0 0.00018628544466992025
927.0 0.00011696705541908159
928.0 0.00012658995274250628
929.0 0.00013621285006593098
930.0 0.00022254323539527832
931.0 0.00030887365483067697
932.0 0.00014018432921147905
933.0 1.6720730702801667e-10
934.0 0.00012602878314282862
935.0 0.00028056249448127346
936.0 0.0002803404868245707
937.0 0.0002801184564305004
938.0 0.00029014863685006276
939.0 0.00030017886274436023
940.0 0.00029536065540014533
941.0 0.0002905424253185629
942.0 0.00036393057598615997
943.0 0.0004373187493911246
944.0 0.00036435835681913886
945.0 0.0002913980324592558
946.0 0.0003207228246537852
947.0 0.0003500475941109471
948.0 0.0004571827048494015
949.0 0.000564317906537326
950.0 0.0006226355708349729
951.0 0.0006809532806073548
952.0 0.0007871735761000309
953.0 0.0008933940080169123
954.0 0.001196952143800445
955.0 0.001500510552432388
956.0 0.0015862709915381856
957.0 0.0016720314306439832
958.0 0.0017567463146406226
959.0 0.0018414613805362023
960.0 0.0019681114281411283
961.0 0.002094761839543935
962.0 0.0022252124836086296
963.0 0.002355663127673324
964.0 0.002376087104494218
965.0 0.0023965107175172307
966.0 0.002361381848459132
967.0 0.0023262526156031527
968.0 0.0022561831428902224
969.0 0.0021861138520762324
970.0 0.002288600444444455
971.0 0.0023910872187116183
972.0 0.00248502674367046
973.0 0.0025789659048314206
974.0 0.0028302503778832033
975.0 0.0030815350328339264
976.0 0.0031989271519705653
977.0 0.003316319634905085
978.0 0.0032171974453376606
979.0 0.003118075619568117
980.0 0.0030539184081135318
981.0 0.0029897610147600062
982.0 0.003119207394775003
983.0 0.00324865359289106
984.0 0.00318686397804413
985.0 0.0031250743631972
986.0 0.0030191882615326904
987.0 0.0029133021598681808
988.0 0.00275682941719424
989.0 0.0026003570383181795
990.0 0.002615797711769119
991.0 0.0026312383852200583
992.0 0.0026788251489051618
993.0 0.0027264124582870863
994.0 0.002749137638602406
995.0 0.002771862273220904
996.0 0.0028281780032557435
997.0 0.002884493733290583
998.0 0.003034391556866467
999.0 0.003184289380442351
1000.0 0.003244553954573348
1001.0 0.003304818892502226
1002.0 0.003532015034579672
1003.0 0.003759211176657118
1004.0 0.003901994932675734
1005.0 0.00404477868869435
1006.0 0.004248667028150521
1007.0 0.004452555731404573
1008.0 0.004405955405673012
1009.0 0.0043593550799414515
1010.0 0.0043631116568576545
1011.0 0.004366868233773857
1012.0 0.004309424548409879
1013.0 0.004251980863045901
1014.0 0.004037541293655522
1015.0 0.0038231013604672626
1016.0 0.0036589579394785687
1017.0 0.0034948148822877556
1018.0 0.0030641524062957615
1019.0 0.0026334899303037673
1020.0 0.0021894304154557176
1021.0 0.0017453707187087275
1022.0 0.0015382538549602032
1023.0 0.0013311367183632683
1024.0 0.0014022182767803315
1025.0 0.001473300017096335
1026.0 0.001349695503449766
1027.0 0.0012260908079042565
1028.0 0.0011354733032931108
1029.0 0.0010448556167830247
1030.0 0.0009946183126885444
1031.0 0.0009443803719477728
1032.0 0.0008916776096157264
1033.0 0.0008389744834857993
1034.0 0.0007763898793200497
1035.0 0.0007138050023058895
1036.0 0.0008011448699107859
1037.0 0.0008884843737178016
1038.0 0.0007974282198119909
1039.0 0.0007063721568556502
1040.0 0.0007262255621753866
1041.0 0.0007460788765456527
1042.0 0.0008311190867971163
1043.0 0.000916158842301229
1044.0 0.0009247766683984082
1045.0 0.000933394767343998
1046.0 0.0008078244718490168
1047.0 0.0006822544492024463
1048.0 0.000677688694850076
1049.0 0.0006731229859724408
1050.0 0.0007603152425872395
1051.0 0.0008475073627778329
1052.0 0.0010445326552144252
1053.0 0.0012415574929036666
1054.0 0.0010071953511214815
1055.0 0.0007728331183898263
1056.0 0.0008131961294566281
1057.0 0.0008535594133718405
1058.0 0.0007649200597370509
1059.0 0.0006762808880012017
1060.0 0.0010873999599425588
1061.0 0.001498518577136565
1062.0 0.0015956224160618149
1063.0 0.0016927260730881244
1064.0 0.001211020389746409
1065.0 0.000729314479031018
1066.0 0.001089699344447581
1067.0 0.0014500842553388793
1068.0 0.001622399031475652
1069.0 0.0017947133528650738
1070.0 0.0013189260243962053
1071.0 0.0008431385140283965
1072.0 0.0011783694390032906
1073.0 0.0015136003639781848
1074.0 0.0022245747459237464
1075.0 0.0029355487640714273
1076.0 0.0031935232982505113
1077.0 0.0034514978324295953
1078.0 0.003863839083351195
1079.0 0.004276180334272794
1080.0 0.004261045251041651
1081.0 0.004245909440214746
1082.0 0.0042234059947077185
1083.0 0.004200902912998572
1084.0 0.004679640551330522
1085.0 0.005158377825864591
1086.0 0.004998260919819586
1087.0 0.004838144013774581
1088.0 0.004833294588024728
1089.0 0.0048284455260727555
1090.0 0.004775906563736498
1091.0 0.004723367601400241
1092.0 0.004298927160562016
1093.0 0.0038744870835216716
1094.0 0.004280380380805582
1095.0 0.004686273678089492
1096.0 0.003494937118375674
1097.0 0.0023036003767629154
1098.0 0.0017142110664281063
1099.0 0.0011248220289417077
1100.0 0.0015074901966727339
1101.0 0.0018901579096564092
