lsstCam/transmission_sensor/r33_s10/19700101T000000.ecsv
# %ECSV 1.0
# ---
# datatype:
# - {name: amp_name, datatype: string}
# - {name: wavelength, unit: nm, datatype: float32}
# - {name: efficiency, unit: '%', datatype: float64}
# meta: !!omap
# - {MODE: AMP}
# - {TYPE: transmission_sensor}
# - {CALIBDATE: '1970-01-01T00:00:00'}
# - {INSTRUME: LSSTCam}
# - {OBSTYPE: transmission_sensor}
# - {DETECTOR: 147}
# - {PARQUETFILE: qe_raft_allvalues_nircorrected_20230725_adjust.parquet}
# - {CORRFILE: qe_corr_factor_bydetnum.parquet}
# - {CALIBCLS: lsst.ip.isr.IntermediateSensorTransmissionCurve}
# - {CALIB_ID: 'raftName=R33 detectorName=S10 detector=147 calibDate=1970-01-01T00:00:00 ccd=147 ccdnum=147 filter=None'}
# - {DATE: '2025-03-03T21:56:48.210092'}
# - {CALIB_CREATION_DATE: '2025-03-03'}
# - {CALIB_CREATION_TIME: '21:56:48'}
# - __serialized_columns__:
#     efficiency:
#       __class__: astropy.units.quantity.Quantity
#       unit: !astropy.units.Unit {unit: '%'}
#       value: !astropy.table.SerializedColumn {name: efficiency}
#     wavelength:
#       __class__: astropy.units.quantity.Quantity
#       unit: !astropy.units.Unit {unit: nm}
#       value: !astropy.table.SerializedColumn {name: wavelength}
# schema: astropy-2.0
amp_name wavelength efficiency
C00 319.994 43.91472339488491
C00 324.969 49.660757416522564
C00 349.982 73.58127406607558
C00 374.975 77.36599775152163
C00 400.019 83.94966708316477
C00 424.965 85.8680064702803
C00 450.035 88.44983413249808
C00 475.003 90.78755316122795
C00 500.018 92.65103195054621
C00 525.002 94.34066954801516
C00 550.029 95.90361930647322
C00 575.023 97.46598031705248
C00 599.982 98.5402463978775
C00 619.997 98.44918927464853
C00 624.979 98.90851201910507
C00 650.012 99.25190495397246
C00 675.004 99.19478876365251
C00 700.03 98.63137998186993
C00 725.012 98.45922092681718
C00 750.022 98.00505928389558
C00 774.987 98.11994158102506
C00 799.976 97.52041273457428
C00 824.988 95.53451261684735
C00 850.022 93.26380380123182
C00 869.967 90.03929283765486
C00 875.002 89.17753415677127
C00 899.999 81.87303862349185
C00 919.999 73.71484337379971
C00 925.012 71.09243033832647
C00 949.965 58.89250766193935
C00 975.002 43.201749713658074
C00 999.976 26.34952218380227
C00 1025.028 11.479561929648524
C00 1050.014 4.15054638528045
C00 1075.002 0.9336893913796318
C00 1099.99 0.09263980364987098
C01 319.994 43.917200723621676
C01 324.969 49.6635635265423
C01 349.982 73.70653973488572
C01 374.975 77.52388158203257
C01 400.019 83.9893578654875
C01 424.965 85.84541231467182
C01 450.035 88.3840396455231
C01 475.003 90.69193133041921
C01 500.018 92.54263352615988
C01 525.002 94.22259883704854
C01 550.029 95.778307761205
C01 575.023 97.34852129219371
C01 599.982 98.42251976034653
C01 619.997 98.33429168536635
C01 624.979 98.79788094042512
C01 650.012 99.14691667963736
C01 675.004 99.09751538035259
C01 700.03 98.56017207284052
C01 725.012 98.4467807605989
C01 750.022 98.07594605771837
C01 774.987 98.2615010385329
C01 799.976 97.69663950224418
C01 824.988 95.70282569549703
C01 850.022 93.47358155191698
C01 869.967 90.23707389454992
C01 875.002 89.35694933827831
C01 899.999 81.96585434428086
C01 919.999 73.81517518763884
C01 925.012 71.20821487246502
C01 949.965 59.04565474815266
C01 975.002 43.348168252685106
C01 999.976 26.424247287951786
C01 1025.028 11.462308558369145
C01 1050.014 4.134103498093963
C01 1075.002 0.9343647249115788
C01 1099.99 0.09270680962249461
C02 319.994 44.04958871255003
C02 324.969 49.814764686325034
C02 349.982 73.88005979152842
C02 374.975 77.63461970578142
C02 400.019 84.05291205209252
C02 424.965 85.88634176136294
C02 450.035 88.41932628786935
C02 475.003 90.72240859074255
C02 500.018 92.56078531141014
C02 525.002 94.2405900546955
C02 550.029 95.79279707588455
C02 575.023 97.35134269436614
C02 599.982 98.42613635445916
C02 619.997 98.33909342131292
C02 624.979 98.79666521428577
C02 650.012 99.1443934744425
C02 675.004 99.0915820251065
C02 700.03 98.55773297448549
C02 725.012 98.44970156176386
C02 750.022 98.09773737531032
C02 774.987 98.30272103612525
C02 799.976 97.7446645077863
C02 824.988 95.75863440676146
C02 850.022 93.56544151316248
C02 869.967 90.32728230330424
C02 875.002 89.43854826506472
C02 899.999 82.05292786173248
C02 919.999 73.9433387193849
C02 925.012 71.32352534987
C02 949.965 59.165912236954824
C02 975.002 43.424552555402144
C02 999.976 26.50624954526556
C02 1025.028 11.488870071842735
C02 1050.014 4.136010238383259
C02 1075.002 0.9345723293687108
C02 1099.99 0.09272740794600895
C03 319.994 44.143256970851844
C03 324.969 49.917875848916694
C03 349.982 73.98722719762272
C03 374.975 77.68296584653015
C03 400.019 84.07314357010947
C03 424.965 85.90410359671947
C03 450.035 88.4326992754021
C03 475.003 90.73605683702381
C03 500.018 92.57804250572771
C03 525.002 94.25199035453045
C03 550.029 95.8063153388679
C03 575.023 97.35978396265439
C03 599.982 98.43525812354238
C03 619.997 98.34518734416233
C03 624.979 98.80372254275503
C03 650.012 99.14841531060156
C03 675.004 99.09325651582672
C03 700.03 98.55313003652395
C03 725.012 98.43061695519911
C03 750.022 98.05658619240509
C03 774.987 98.24341806796976
C03 799.976 97.68172965336548
C03 824.988 95.7027110043518
C03 850.022 93.5367381425519
C03 869.967 90.29571165406314
C03 875.002 89.39622723247827
C03 899.999 82.04308736147254
C03 919.999 73.99198305711121
C03 925.012 71.35868200891834
C03 949.965 59.1599253591743
C03 975.002 43.378202040580256
C03 999.976 26.525410612593777
C03 1025.028 11.50575929873604
C03 1050.014 4.144235982894448
C03 1075.002 0.9341802844165887
C03 1099.99 0.09268850960602369
C04 319.994 44.415159091864936
C04 324.969 50.22459437858063
C04 349.982 74.3629859736714
C04 374.975 77.97577234027881
C04 400.019 84.31936252066944
C04 424.965 86.1318725650516
C04 450.035 88.66241799320298
C04 475.003 90.96469745805962
C04 500.018 92.80713424526805
C04 525.002 94.48014162667998
C04 550.029 96.03087295513386
C04 575.023 97.57965453411899
C04 599.982 98.65001346993013
C04 619.997 98.55498038700019
C04 624.979 99.0162070044674
C04 650.012 99.35482878769359
C04 675.004 99.2931708280229
C04 700.03 98.73392151177366
C04 725.012 98.57997541058197
C04 750.022 98.1659174381059
C04 774.987 98.31913716204451
C04 799.976 97.74227128588936
C04 824.988 95.76515650988634
C04 850.022 93.6095058511563
C04 869.967 90.32674707795988
C04 875.002 89.41132823326566
C04 899.999 82.1129189767593
C04 919.999 74.1678581052691
C04 925.012 71.53191151465981
C04 949.965 59.198920348549365
C04 975.002 43.383844844925115
C04 999.976 26.57932691996207
C04 1025.028 11.539717435316826
C04 1050.014 4.1654375968480535
C04 1075.002 0.9352218784105026
C04 1099.99 0.09279185560520709
C05 319.994 44.40339178036528
C05 324.969 50.21646659942266
C05 349.982 74.44605294711664
C05 374.975 78.07813801042653
C05 400.019 84.37437603999368
C05 424.965 86.16001777208878
C05 450.035 88.66900126493866
C05 475.003 90.962464803766
C05 500.018 92.799312309164
C05 525.002 94.47257965717175
C05 550.029 96.02565068498814
C05 575.023 97.58171132865661
C05 599.982 98.65767483843088
C05 619.997 98.56577664680364
C05 624.979 99.02683505059119
C05 650.012 99.37027386191666
C05 675.004 99.31370818909376
C05 700.03 98.74491656956215
C05 725.012 98.56258058689015
C05 750.022 98.11111036284305
C05 774.987 98.23031269310918
C05 799.976 97.64082314490341
C05 824.988 95.67880172361144
C05 850.022 93.54572228226085
C05 869.967 90.21762227632047
C05 875.002 89.28813465114584
C05 899.999 82.14055189668116
C05 919.999 74.27851212217811
C05 925.012 71.61149187729035
C05 949.965 59.12152676375438
C05 975.002 43.277357939625794
C05 999.976 26.582184640997156
C05 1025.028 11.55958576470724
C05 1050.014 4.1817084473167085
C05 1075.002 0.9346997346632482
C05 1099.99 0.0927400489822881
C06 319.994 44.487926800469346
C06 324.969 50.30771487456031
C06 349.982 74.44772743783686
C06 374.975 78.01858272175156
C06 400.019 84.37180695834074
C06 424.965 86.19200895552903
C06 450.035 88.72325017662808
C06 475.003 91.03089718708105
C06 500.018 92.87610950000382
C06 525.002 94.55157891799983
C06 550.029 96.1006051714281
C06 575.023 97.65138237634007
C06 599.982 98.71988331559864
C06 619.997 98.62234231962653
C06 624.979 99.08444823587377
C06 650.012 99.42014157185865
C06 675.004 99.355386951267
C06 700.03 98.77352818725656
C06 725.012 98.55192195646097
C06 750.022 98.05968285332605
C06 774.987 98.13566191399666
C06 799.976 97.53136191590468
C06 824.988 95.58252997631311
C06 850.022 93.45854171974037
C06 869.967 90.0971889277623
C06 875.002 89.16448995052149
C06 899.999 82.15199042689784
C06 919.999 74.33724928068386
C06 925.012 71.6262182203367
C06 949.965 59.02142433220568
C06 975.002 43.26876757284875
C06 999.976 26.620999947578042
C06 1025.028 11.603309852303576
C06 1050.014 4.211135805781503
C06 1075.002 0.9342097878692726
C06 1099.99 0.09269143691149472
C07 319.994 44.457491593565926
C07 324.969 50.276427130144086
C07 349.982 74.43334516822618
C07 374.975 78.01709938294003
C07 400.019 84.41388331648407
C07 424.965 86.25688591334224
C07 450.035 88.80846569752713
C07 475.003 91.12839230659507
C07 500.018 92.98424031171798
C07 525.002 94.67065126496804
C07 550.029 96.22975504702305
C07 575.023 97.78739078241922
C07 599.982 98.86331606181174
C07 619.997 98.76743426440717
C07 624.979 99.23127583998541
C07 650.012 99.56975999383734
C07 675.004 99.50440133321419
C07 700.03 98.91268677679112
C07 725.012 98.67256174908053
C07 750.022 98.14476074485083
C07 774.987 98.18923797096745
C07 799.976 97.57509747261554
C07 824.988 95.64381327824276
C07 850.022 93.51899924542441
C07 869.967 90.17654755417874
C07 875.002 89.2529626999448
C07 899.999 82.28105619565297
C07 919.999 74.46679675224891
C07 925.012 71.73522833083088
C07 949.965 59.09118713280531
C07 975.002 43.34395526461733
C07 999.976 26.717061427776798
C07 1025.028 11.706553865471784
C07 1050.014 4.258038271739771
C07 1075.002 0.9350203213647965
C07 1099.99 0.09277185730029877
C10 319.994 43.410059417684415
C10 324.969 49.077335029898954
C10 349.982 72.47507797042111
C10 374.975 76.32799701081545
C10 400.019 83.44897141958891
C10 424.965 85.64508511435284
C10 450.035 88.37461203338594
C10 475.003 90.79419760157441
C10 500.018 92.71346216392806
C10 525.002 94.43885281440049
C10 550.029 96.01980908265823
C10 575.023 97.58678067727537
C10 599.982 98.67039026339769
C10 619.997 98.57827798163271
C10 624.979 99.04374817147308
C10 650.012 99.38230114001215
C10 675.004 99.32171363103018
C10 700.03 98.74986358095934
C10 725.012 98.55198312507176
C10 750.022 98.09142936232317
C10 774.987 98.2026415428056
C10 799.976 97.61518585090839
C10 824.988 95.65790499695221
C10 850.022 93.54118051291012
C10 869.967 90.31023919912444
C10 875.002 89.39401751641367
C10 899.999 82.28107148780566
C10 919.999 74.38974724088959
C10 925.012 71.6893901031243
C10 949.965 59.26976889199042
C10 975.002 43.21688129875087
C10 999.976 26.643819662438805
C10 1025.028 11.63875228345543
C10 1050.014 4.242136344454909
C10 1075.002 0.9345122348134006
C10 1099.99 0.0927214454194388
C11 319.994 43.63448322761427
C11 324.969 49.32868449768848
C11 349.982 72.85303881645804
C11 374.975 76.66132770920879
C11 400.019 83.68242142264765
C11 424.965 85.82694704029127
C11 450.035 88.52562204125998
C11 475.003 90.93367732631557
C11 500.018 92.83898015325768
C11 525.002 94.55764225654383
C11 550.029 96.13248930979947
C11 575.023 97.70131125489284
C11 599.982 98.77934685135743
C11 619.997 98.68787684000569
C11 624.979 99.15167253912584
C11 650.012 99.49152534064407
C11 675.004 99.43331576140635
C11 700.03 98.8797780641891
C11 725.012 98.74094825593751
C11 750.022 98.35005024871968
C11 774.987 98.53156810122245
C11 799.976 97.97078192362726
C11 824.988 95.99211499412559
C11 850.022 93.89406222852541
C11 869.967 90.62593039938281
C11 875.002 89.6998988007175
C11 899.999 82.50435220932148
C11 919.999 74.54500082113678
C11 925.012 71.86863707095169
C11 949.965 59.43212567716496
C11 975.002 43.41425329056132
C11 999.976 26.735614632035347
C11 1025.028 11.631537254661499
C11 1050.014 4.231406032059962
C11 1075.002 0.9369761022808867
C11 1099.99 0.09296590808605425
C12 319.994 43.67343616356942
C12 324.969 49.37489738313611
C12 349.982 72.97339570425272
C12 374.975 76.77556773592504
C12 400.019 83.71771571107026
C12 424.965 85.81631899416747
C12 450.035 88.49100825363234
C12 475.003 90.88280798037198
C12 500.018 92.78271267741236
C12 525.002 94.49288763595219
C12 550.029 96.06755118337546
C12 575.023 97.63361289490719
C12 599.982 98.71646551947106
C12 619.997 98.62578305398316
C12 624.979 99.09012927060037
C12 650.012 99.43019616225634
C12 675.004 99.37792758434105
C12 700.03 98.82859522911524
C12 725.012 98.7027255202736
C12 750.022 98.3313097155906
C12 774.987 98.53282970381989
C12 799.976 97.98054596312372
C12 824.988 96.00506744745918
C12 850.022 93.91798680141848
C12 869.967 90.630701551024
C12 875.002 89.69770437680562
C12 899.999 82.49603327825481
C12 919.999 74.52425701600453
C12 925.012 71.83754047844417
C12 949.965 59.41217324093472
C12 975.002 43.41194417550421
C12 999.976 26.725753105065444
C12 1025.028 11.621398557423982
C12 1050.014 4.212114503554054
C12 1075.002 0.936797561837291
C12 1099.99 0.09294819346726241
C13 319.994 43.84822929192407
C13 324.969 49.57020875737076
C13 349.982 73.20184517337984
C13 374.975 76.97802054546877
C13 400.019 83.92688177564757
C13 424.965 86.02756479151147
C13 450.035 88.71314206369597
C13 475.003 91.1126108050127
C13 500.018 93.01350949197833
C13 525.002 94.72624588609473
C13 550.029 96.30045831501349
C13 575.023 97.86515902495526
C13 599.982 98.94343929586299
C13 619.997 98.85040948493624
C13 624.979 99.31315002552036
C13 650.012 99.65174887051751
C13 675.004 99.59119959191727
C13 700.03 99.03124683664402
C13 725.012 98.88986323889218
C13 750.022 98.49607501481479
C13 774.987 98.68267750808901
C13 799.976 98.11944458606243
C13 824.988 96.14158049457731
C13 850.022 94.05609023241699
C13 869.967 90.75363516654798
C13 875.002 89.80929886110543
C13 899.999 82.64142342001303
C13 919.999 74.68813537037232
C13 925.012 71.94323219180329
C13 949.965 59.3946904873649
C13 975.002 43.42378412472917
C13 999.976 26.753525565880658
C13 1025.028 11.65471346783199
C13 1050.014 4.219778739333433
C13 1075.002 0.9383672730912752
C13 1099.99 0.09310393877581864
C14 319.994 43.88769069195637
C14 324.969 49.61753414692702
C14 349.982 73.28797822344065
C14 374.975 77.02546444920843
C14 400.019 83.88080651957421
C14 424.965 85.94071301027394
C14 450.035 88.60011776311906
C14 475.003 90.98298687268417
C14 500.018 92.87153714634769
C14 525.002 94.57807257254584
C14 550.029 96.14645104521101
C14 575.023 97.70959960165413
C14 599.982 98.78671766895695
C14 619.997 98.68853440257162
C14 624.979 99.15075500996407
C14 650.012 99.4910206996051
C14 675.004 99.42521092047741
C14 700.03 98.86034173811235
C14 725.012 98.69216628883694
C14 750.022 98.26077466127983
C14 774.987 98.41372677254627
C14 799.976 97.8426336840339
C14 824.988 95.88393830595334
C14 850.022 93.80104770975136
C14 869.967 90.49896730162341
C14 875.002 89.56835570322562
C14 899.999 82.4673604919496
C14 919.999 74.53272886859816
C14 925.012 71.82121610544107
C14 949.965 59.28255313164436
C14 975.002 43.393914727475504
C14 999.976 26.782081749521545
C14 1025.028 11.679536454695942
C14 1050.014 4.219739075312377
C14 1075.002 0.9361255787668444
C14 1099.99 0.09288151992435086
C15 319.994 43.97401489392588
C15 324.969 49.71631380726751
C15 349.982 73.5105172755507
C15 374.975 77.27837371657296
C15 400.019 84.08631011358081
C15 424.965 86.11083056294176
C15 450.035 88.75252700296478
C15 475.003 91.12344529519788
C15 500.018 93.0065515625016
C15 525.002 94.71190949294214
C15 550.029 96.27914105415512
C15 575.023 97.84739718959874
C15 599.982 98.92704610817276
C15 619.997 98.83414628054392
C15 624.979 99.3001899261104
C15 650.012 99.63932399645192
C15 675.004 99.57804834059863
C15 700.03 99.00120540267253
C15 725.012 98.80465536406949
C15 750.022 98.34028620922322
C15 774.987 98.45145251324756
C15 799.976 97.8701136824288
C15 824.988 95.92615993954728
C15 850.022 93.838956956285
C15 869.967 90.52443638193877
C15 875.002 89.61811636809874
C15 899.999 82.62587894679743
C15 919.999 74.7486617107435
C15 925.012 71.98014744841169
C15 949.965 59.255486021372256
C15 975.002 43.38044616398841
C15 999.976 26.785962133268182
C15 1025.028 11.699605493590491
C15 1050.014 4.217318136388675
C15 1075.002 0.9368830818521157
C15 1099.99 0.09295667868456768
C16 319.994 43.994915443623285
C16 324.969 49.737531669133354
C16 349.982 73.43386536016148
C16 374.975 77.15214464214297
C16 400.019 84.00319726367749
C16 424.965 86.06171216848186
C16 450.035 88.71886132880431
C16 475.003 91.0988478675862
C16 500.018 92.98956198085622
C16 525.002 94.69253433547617
C16 550.029 96.25992646429246
C16 575.023 97.81763866045212
C16 599.982 98.89499375612172
C16 619.997 98.79375205919716
C16 624.979 99.2558426832917
C16 650.012 99.59302700416447
C16 675.004 99.52029752594179
C16 700.03 98.92867472243489
C16 725.012 98.69444481958867
C16 750.022 98.18795343014098
C16 774.987 98.26147810030385
C16 799.976 97.66318791822145
C16 824.988 95.73473277209744
C16 850.022 93.66119332726915
C16 869.967 90.3737704475004
C16 875.002 89.459643789709
C16 899.999 82.48834897152501
C16 919.999 74.6542861903795
C16 925.012 71.9212267840736
C16 949.965 59.18199193551478
C16 975.002 43.467829347532124
C16 999.976 26.88971556627308
C16 1025.028 11.754852218243343
C16 1050.014 4.227223628297577
C16 1075.002 0.9354318155566941
C16 1099.99 0.09281268537598691
C17 319.994 43.773427727011075
C17 324.969 49.49346891210353
C17 349.982 73.19892437221488
C17 374.975 77.01098278060522
C17 400.019 83.89047116007815
C17 424.965 85.95273264229307
C17 450.035 88.61203799614567
C17 475.003 90.99661982681275
C17 500.018 92.8928926375878
C17 525.002 94.60247884824881
C17 550.029 96.17490974137847
C17 575.023 97.74405282167845
C17 599.982 98.82767769995347
C17 619.997 98.73320278059694
C17 624.979 99.20114265309773
C17 650.012 99.54121719083007
C17 675.004 99.4745510511514
C17 700.03 98.8813225716114
C17 725.012 98.62510255318817
C17 750.022 98.08551129922978
C17 774.987 98.13241233154874
C17 799.976 97.52898398616044
C17 824.988 95.62170082544418
C17 850.022 93.54492709032066
C17 869.967 90.26196951913919
C17 875.002 89.38143207474478
C17 899.999 82.50774706722002
C17 919.999 74.74142852251825
C17 925.012 71.97215729862798
C17 949.965 59.07868962101442
C17 975.002 43.50828473748967
C17 999.976 26.93624002933189
C17 1025.028 11.858663952580393
C17 1050.014 4.259374901461365
C17 1075.002 0.9344558549404801
C17 1099.99 0.09271585146024275
