lsstCam/transmission_sensor/r33_s10/19700101T000000.ecsv
# %ECSV 1.0
# ---
# datatype:
# - {name: amp_name, datatype: string}
# - {name: wavelength, unit: nm, datatype: float32}
# - {name: efficiency, unit: '%', datatype: float64}
# meta: !!omap
# - {MODE: AMP}
# - {TYPE: transmission_sensor}
# - {CALIBDATE: '1970-01-01T00:00:00'}
# - {INSTRUME: LSSTCAM}
# - {OBSTYPE: transmission_sensor}
# - {DETECTOR: 147}
# - {PARQUETFILE: qe_raft_allvalues_nircorrected_20230725.parquet}
# - {CALIBCLS: lsst.ip.isr.IntermediateSensorTransmissionCurve}
# - {CALIB_ID: 'raftName=R33 detectorName=S10 detector=147 calibDate=1970-01-01T00:00:00 ccd=147 ccdnum=147 filter=None'}
# - {DATE: '2023-08-02T16:57:56.013710'}
# - {CALIB_CREATION_DATE: '2023-08-02'}
# - {CALIB_CREATION_TIME: '16:57:56'}
# - __serialized_columns__:
#     efficiency:
#       __class__: astropy.units.quantity.Quantity
#       unit: !astropy.units.Unit {unit: '%'}
#       value: !astropy.table.SerializedColumn {name: efficiency}
#     wavelength:
#       __class__: astropy.units.quantity.Quantity
#       unit: !astropy.units.Unit {unit: nm}
#       value: !astropy.table.SerializedColumn {name: wavelength}
# schema: astropy-2.0
amp_name wavelength efficiency
C00 319.994 43.818912506103516
C00 324.969 49.55241012573242
C00 349.982 73.42073822021484
C00 374.975 77.19720458984375
C00 400.019 83.76651000976562
C00 424.965 85.6806640625
C00 450.035 88.2568588256836
C00 475.003 90.5894775390625
C00 500.018 92.44889068603516
C00 525.002 94.13484191894531
C00 550.029 95.69438171386719
C00 575.023 97.25333404541016
C00 599.982 98.32525634765625
C00 619.997 98.2343978881836
C00 624.979 98.69271850585938
C00 650.012 99.03536224365234
C00 675.004 98.9783706665039
C00 700.03 98.41619110107422
C00 725.012 98.2444076538086
C00 750.022 97.7912368774414
C00 774.987 97.90586853027344
C00 799.976 97.30764770507812
C00 824.988 95.32608032226562
C00 850.022 93.0603256225586
C00 869.967 89.84284973144531
C00 875.002 88.98297119140625
C00 899.999 81.69441223144531
C00 919.999 73.55401611328125
C00 925.012 70.93732452392578
C00 949.965 58.76401901245117
C00 975.002 43.10749435424805
C00 999.976 26.292034149169922
C00 1025.028 11.454516410827637
C00 1050.014 4.141490936279297
C00 1075.002 0.9316523158041026
C00 1099.99 0.09243768688268984
C01 319.994 43.82138442993164
C01 324.969 49.55521011352539
C01 349.982 73.54573059082031
C01 374.975 77.35474395751953
C01 400.019 83.80611419677734
C01 424.965 85.65811920166016
C01 450.035 88.19120788574219
C01 475.003 90.49406433105469
C01 500.018 92.34072875976562
C01 525.002 94.01702880859375
C01 550.029 95.56934356689453
C01 575.023 97.1361312866211
C01 599.982 98.2077865600586
C01 619.997 98.1197509765625
C01 624.979 98.58232879638672
C01 650.012 98.93060302734375
C01 675.004 98.88130950927734
C01 700.03 98.34513854980469
C01 725.012 98.23199462890625
C01 750.022 97.86196899414062
C01 774.987 98.047119140625
C01 799.976 97.48348999023438
C01 824.988 95.49402618408203
C01 850.022 93.26964569091797
C01 869.967 90.04019927978516
C01 875.002 89.16199493408203
C01 899.999 81.78702545166016
C01 919.999 73.65412902832031
C01 925.012 71.0528564453125
C01 949.965 58.916831970214844
C01 975.002 43.25359344482422
C01 999.976 26.366596221923828
C01 1025.028 11.437300682067871
C01 1050.014 4.125083923339844
C01 1075.002 0.9323261759280234
C01 1099.99 0.0925045466651227
C02 319.994 43.95348358154297
C02 324.969 49.70608139038086
C02 349.982 73.7188720703125
C02 374.975 77.46524047851562
C02 400.019 83.8695297241211
C02 424.965 85.69895935058594
C02 450.035 88.2264175415039
C02 475.003 90.52447509765625
C02 500.018 92.35884094238281
C02 525.002 94.03498077392578
C02 550.029 95.58380126953125
C02 575.023 97.13894653320312
C02 599.982 98.21139526367188
C02 619.997 98.12454223632812
C02 624.979 98.58111572265625
C02 650.012 98.92808532714844
C02 675.004 98.8753890991211
C02 700.03 98.34270477294922
C02 725.012 98.23490905761719
C02 750.022 97.88371276855469
C02 774.987 98.08824920654297
C02 799.976 97.53141021728516
C02 824.988 95.54971313476562
C02 850.022 93.3613052368164
C02 869.967 90.13021087646484
C02 875.002 89.24341583251953
C02 899.999 81.87390899658203
C02 919.999 73.78201293945312
C02 925.012 71.16791534423828
C02 949.965 59.036827087402344
C02 975.002 43.329811096191406
C02 999.976 26.44841957092285
C02 1025.028 11.463804244995117
C02 1050.014 4.126986503601074
C02 1075.002 0.9325333274444099
C02 1099.99 0.09252510004827239
C03 319.994 44.04694747924805
C03 324.969 49.80896759033203
C03 349.982 73.8258056640625
C03 374.975 77.51348114013672
C03 400.019 83.88971710205078
C03 424.965 85.71668243408203
C03 450.035 88.23976135253906
C03 475.003 90.53809356689453
C03 500.018 92.37606048583984
C03 525.002 94.04635620117188
C03 550.029 95.5972900390625
C03 575.023 97.14736938476562
C03 599.982 98.22049713134766
C03 619.997 98.13062286376953
C03 624.979 98.5881576538086
C03 650.012 98.93209838867188
C03 675.004 98.87705993652344
C03 700.03 98.3381118774414
C03 725.012 98.21586608886719
C03 750.022 97.8426513671875
C03 774.987 98.0290756225586
C03 799.976 97.46861267089844
C03 824.988 95.49391174316406
C03 850.022 93.3326644897461
C03 869.967 90.09870910644531
C03 875.002 89.20118713378906
C03 899.999 81.86408996582031
C03 919.999 73.83055114746094
C03 925.012 71.20299530029297
C03 949.965 59.030853271484375
C03 975.002 43.28356170654297
C03 999.976 26.467538833618164
C03 1025.028 11.480656623840332
C03 1050.014 4.135194301605225
C03 1075.002 0.9321421378358355
C03 1099.99 0.09248628657468815
C04 319.994 44.31825637817383
C04 324.969 50.11501693725586
C04 349.982 74.20074462890625
C04 374.975 77.80564880371094
C04 400.019 84.1353988647461
C04 424.965 85.94395446777344
C04 450.035 88.46897888183594
C04 475.003 90.7662353515625
C04 500.018 92.60465240478516
C04 525.002 94.27400970458984
C04 550.029 95.82135772705078
C04 575.023 97.36676025390625
C04 599.982 98.43478393554688
C04 619.997 98.33995819091797
C04 624.979 98.80017852783203
C04 650.012 99.1380615234375
C04 675.004 99.0765380859375
C04 700.03 98.51850891113281
C04 725.012 98.36489868164062
C04 750.022 97.95174407958984
C04 774.987 98.10462951660156
C04 799.976 97.52902221679688
C04 824.988 95.55622100830078
C04 850.022 93.4052734375
C04 869.967 90.12967681884766
C04 875.002 89.21625518798828
C04 899.999 81.93376922607422
C04 919.999 74.00604248046875
C04 925.012 71.37584686279297
C04 949.965 59.06976318359375
C04 975.002 43.28919219970703
C04 999.976 26.521337509155273
C04 1025.028 11.514540672302246
C04 1050.014 4.1563496589660645
C04 1075.002 0.9331814593334522
C04 1099.99 0.09258940709887663
C05 319.994 44.306514739990234
C05 324.969 50.10690689086914
C05 349.982 74.28363037109375
C05 374.975 77.90779113769531
C05 400.019 84.19029235839844
C05 424.965 85.97203826904297
C05 450.035 88.47554779052734
C05 475.003 90.76400756835938
C05 500.018 92.59684753417969
C05 525.002 94.26646423339844
C05 550.029 95.81614685058594
C05 575.023 97.36881256103516
C05 599.982 98.44242858886719
C05 619.997 98.3507308959961
C05 624.979 98.81078338623047
C05 650.012 99.15347290039062
C05 675.004 99.09703063964844
C05 700.03 98.52947998046875
C05 725.012 98.34754180908203
C05 750.022 97.89705657958984
C05 774.987 98.01599884033203
C05 799.976 97.42779541015625
C05 824.988 95.47005462646484
C05 850.022 93.34162902832031
C05 869.967 90.02079010009766
C05 875.002 89.09333038330078
C05 899.999 81.96134185791016
C05 919.999 74.116455078125
C05 925.012 71.45525360107422
C05 949.965 58.99253845214844
C05 975.002 43.18293762207031
C05 999.976 26.524188995361328
C05 1025.028 11.5343656539917
C05 1050.014 4.1725850105285645
C05 1075.002 0.932660454772617
C05 1099.99 0.09253771350498761
C06 319.994 44.390865325927734
C06 324.969 50.19795608520508
C06 349.982 74.2853012084961
C06 374.975 77.8483657836914
C06 400.019 84.18772888183594
C06 424.965 86.00395965576172
C06 450.035 88.52967834472656
C06 475.003 90.83229064941406
C06 500.018 92.67347717285156
C06 525.002 94.34529113769531
C06 550.029 95.89093780517578
C06 575.023 97.4383316040039
C06 599.982 98.50450134277344
C06 619.997 98.40717315673828
C06 624.979 98.86827087402344
C06 650.012 99.20323181152344
C06 675.004 99.13861846923828
C06 700.03 98.55802917480469
C06 725.012 98.33690643310547
C06 750.022 97.84574127197266
C06 774.987 97.92155456542969
C06 799.976 97.31857299804688
C06 824.988 95.37399291992188
C06 850.022 93.254638671875
C06 869.967 89.90061950683594
C06 875.002 88.96995544433594
C06 899.999 81.9727554321289
C06 919.999 74.17506408691406
C06 925.012 71.4699478149414
C06 949.965 58.89265441894531
C06 975.002 43.17436599731445
C06 999.976 26.56291961669922
C06 1025.028 11.577994346618652
C06 1050.014 4.201948165893555
C06 1075.002 0.9321715769194011
C06 1099.99 0.09248920749351439
C07 319.994 44.360496520996094
C07 324.969 50.1667366027832
C07 349.982 74.27095031738281
C07 374.975 77.84688568115234
C07 400.019 84.2297134399414
C07 424.965 86.06869506835938
C07 450.035 88.61470794677734
C07 475.003 90.92957305908203
C07 500.018 92.7813720703125
C07 525.002 94.46410369873047
C07 550.029 96.01980590820312
C07 575.023 97.57404327392578
C07 599.982 98.64762115478516
C07 619.997 98.55194854736328
C07 624.979 99.01477813720703
C07 650.012 99.35252380371094
C07 675.004 99.28730773925781
C07 700.03 98.69688415527344
C07 725.012 98.45728302001953
C07 750.022 97.93063354492188
C07 774.987 97.97501373291016
C07 799.976 97.36221313476562
C07 824.988 95.43514251708984
C07 850.022 93.3149642944336
C07 869.967 89.97980499267578
C07 875.002 89.05823516845703
C07 899.999 82.1015396118164
C07 919.999 74.30432891845703
C07 925.012 71.57872009277344
C07 949.965 58.96226501464844
C07 975.002 43.2493896484375
C07 999.976 26.658771514892578
C07 1025.028 11.681013107299805
C07 1050.014 4.248748302459717
C07 1075.002 0.9329803420345598
C07 1099.99 0.09256945242524318
C10 319.994 43.31534957885742
C10 324.969 48.97026062011719
C10 349.982 72.31695556640625
C10 374.975 76.16146850585938
C10 400.019 83.26690673828125
C10 424.965 85.4582290649414
C10 450.035 88.18180084228516
C10 475.003 90.59610748291016
C10 500.018 92.51118469238281
C10 525.002 94.2328109741211
C10 550.029 95.81031799316406
C10 575.023 97.37387084960938
C10 599.982 98.45511627197266
C10 619.997 98.36320495605469
C10 624.979 98.8276596069336
C10 650.012 99.16547393798828
C10 675.004 99.10501861572266
C10 700.03 98.53441619873047
C10 725.012 98.33696746826172
C10 750.022 97.8774185180664
C10 774.987 97.98838806152344
C10 799.976 97.40221405029297
C10 824.988 95.44920349121094
C10 850.022 93.33709716796875
C10 869.967 90.11320495605469
C10 875.002 89.19898223876953
C10 899.999 82.10155487060547
C10 919.999 74.22744750976562
C10 925.012 71.5329818725586
C10 949.965 59.14045715332031
C10 975.002 43.12259292602539
C10 999.976 26.585689544677734
C10 1025.028 11.613359451293945
C10 1050.014 4.23288106918335
C10 1075.002 0.932473364000315
C10 1099.99 0.09251915053043658
C11 319.994 43.539283752441406
C11 324.969 49.22106170654297
C11 349.982 72.694091796875
C11 374.975 76.49407196044922
C11 400.019 83.49984741210938
C11 424.965 85.63969421386719
C11 450.035 88.33248138427734
C11 475.003 90.73528289794922
C11 500.018 92.63642883300781
C11 525.002 94.3513412475586
C11 550.029 95.9227523803711
C11 575.023 97.48815155029297
C11 599.982 98.56383514404297
C11 619.997 98.47256469726562
C11 624.979 98.93534851074219
C11 650.012 99.27445983886719
C11 675.004 99.21637725830078
C11 700.03 98.66404724121094
C11 725.012 98.52552032470703
C11 750.022 98.1354751586914
C11 774.987 98.31659698486328
C11 799.976 97.75703430175781
C11 824.988 95.78268432617188
C11 850.022 93.689208984375
C11 869.967 90.42820739746094
C11 875.002 89.50419616699219
C11 899.999 82.32434844970703
C11 919.999 74.38236236572266
C11 925.012 71.71183776855469
C11 949.965 59.302459716796875
C11 975.002 43.31953430175781
C11 999.976 26.677284240722656
C11 1025.028 11.606160163879395
C11 1050.014 4.222174167633057
C11 1075.002 0.9349318559282633
C11 1099.99 0.09276307984095748
C12 319.994 43.57815170288086
C12 324.969 49.267173767089844
C12 349.982 72.8141860961914
C12 374.975 76.60806274414062
C12 400.019 83.53506469726562
C12 424.965 85.62908935546875
C12 450.035 88.29794311523438
C12 475.003 90.68452453613281
C12 500.018 92.58028411865234
C12 525.002 94.28672790527344
C12 550.029 95.85795593261719
C12 575.023 97.42060089111328
C12 599.982 98.50109100341797
C12 619.997 98.41060638427734
C12 624.979 98.87393951416016
C12 650.012 99.21326446533203
C12 675.004 99.1611099243164
C12 700.03 98.61297607421875
C12 725.012 98.48738098144531
C12 750.022 98.11677551269531
C12 774.987 98.31785583496094
C12 799.976 97.76677703857422
C12 824.988 95.79560852050781
C12 850.022 93.71308135986328
C12 869.967 90.43296813964844
C12 875.002 89.50200653076172
C12 899.999 82.31604766845703
C12 919.999 74.36166381835938
C12 925.012 71.6808090209961
C12 949.965 59.28255081176758
C12 975.002 43.317230224609375
C12 999.976 26.667444229125977
C12 1025.028 11.596043586730957
C12 1050.014 4.202924728393555
C12 1075.002 0.9347537050150406
C12 1099.99 0.0927454038710114
C13 319.994 43.7525634765625
C13 324.969 49.462059020996094
C13 349.982 73.0421371459961
C13 374.975 76.81007385253906
C13 400.019 83.7437744140625
C13 424.965 85.83987426757812
C13 450.035 88.51959228515625
C13 475.003 90.91382598876953
C13 500.018 92.81057739257812
C13 525.002 94.51957702636719
C13 550.029 96.0903549194336
C13 575.023 97.65164184570312
C13 599.982 98.72756958007812
C13 619.997 98.6347427368164
C13 624.979 99.09647369384766
C13 650.012 99.43433380126953
C13 675.004 99.37391662597656
C13 700.03 98.815185546875
C13 725.012 98.67411041259766
C13 750.022 98.28118133544922
C13 774.987 98.46737670898438
C13 799.976 97.9053726196289
C13 824.988 95.93182373046875
C13 850.022 93.85088348388672
C13 869.967 90.55563354492188
C13 875.002 89.61335754394531
C13 899.999 82.46112060546875
C13 919.999 74.52518463134766
C13 925.012 71.78627014160156
C13 949.965 59.265106201171875
C13 975.002 43.329044342041016
C13 999.976 26.69515609741211
C13 1025.028 11.62928581237793
C13 1050.014 4.210572242736816
C13 1075.002 0.9363199915536049
C13 1099.99 0.09290080938244989
C14 319.994 43.79193878173828
C14 324.969 49.509281158447266
C14 349.982 73.12808227539062
C14 374.975 76.85741424560547
C14 400.019 83.69779968261719
C14 424.965 85.75321197509766
C14 450.035 88.40681457519531
C14 475.003 90.78448486328125
C14 500.018 92.66891479492188
C14 525.002 94.3717269897461
C14 550.029 95.93668365478516
C14 575.023 97.49642181396484
C14 599.982 98.5711898803711
C14 619.997 98.47322082519531
C14 624.979 98.93443298339844
C14 650.012 99.27395629882812
C14 675.004 99.20829010009766
C14 700.03 98.6446533203125
C14 725.012 98.47684478759766
C14 750.022 98.04639434814453
C14 774.987 98.19901275634766
C14 799.976 97.62916564941406
C14 824.988 95.67474365234375
C14 850.022 93.59639739990234
C14 869.967 90.30152130126953
C14 875.002 89.37294006347656
C14 899.999 82.28743743896484
C14 919.999 74.3701171875
C14 925.012 71.66452026367188
C14 949.965 59.15321350097656
C14 975.002 43.29924011230469
C14 999.976 26.723649978637695
C14 1025.028 11.654054641723633
C14 1050.014 4.2105326652526855
C14 1075.002 0.9340831880427554
C14 1099.99 0.09267887579301254
C15 319.994 43.878074645996094
C15 324.969 49.607845306396484
C15 349.982 73.35013580322266
C15 374.975 77.10977172851562
C15 400.019 83.9028549194336
C15 424.965 85.92295837402344
C15 450.035 88.55889129638672
C15 475.003 90.92463684082031
C15 500.018 92.80363464355469
C15 525.002 94.5052719116211
C15 550.029 96.06908416748047
C15 575.023 97.63391876220703
C15 599.982 98.71121215820312
C15 619.997 98.61851501464844
C15 624.979 99.08354187011719
C15 650.012 99.42193603515625
C15 675.004 99.36079406738281
C15 700.03 98.78520965576172
C15 725.012 98.5890884399414
C15 750.022 98.125732421875
C15 774.987 98.23665618896484
C15 799.976 97.65658569335938
C15 824.988 95.71687316894531
C15 850.022 93.63422393798828
C15 869.967 90.32693481445312
C15 875.002 89.42259216308594
C15 899.999 82.44561004638672
C15 919.999 74.58557891845703
C15 925.012 71.82310485839844
C15 949.965 59.12620544433594
C15 975.002 43.28580093383789
C15 999.976 26.727521896362305
C15 1025.028 11.674079895019531
C15 1050.014 4.2081170082092285
C15 1075.002 0.9348390384466878
C15 1099.99 0.09275387057570522
C16 319.994 43.898929595947266
C16 324.969 49.6290168762207
C16 349.982 73.27365112304688
C16 374.975 76.98381805419922
C16 400.019 83.8199234008789
C16 424.965 85.87394714355469
C16 450.035 88.52529907226562
C16 475.003 90.90009307861328
C16 500.018 92.78668212890625
C16 525.002 94.4859390258789
C16 550.029 96.04991149902344
C16 575.023 97.6042251586914
C16 599.982 98.67922973632812
C16 619.997 98.57820892333984
C16 624.979 99.03929138183594
C16 650.012 99.37574005126953
C16 675.004 99.30316925048828
C16 700.03 98.71283721923828
C16 725.012 98.47911834716797
C16 750.022 97.9737319946289
C16 774.987 98.0470962524414
C16 799.976 97.45011138916016
C16 824.988 95.52586364746094
C16 850.022 93.45684814453125
C16 869.967 90.17659759521484
C16 875.002 89.26446533203125
C16 899.999 82.30838012695312
C16 919.999 74.49140930175781
C16 925.012 71.76431274414062
C16 949.965 59.05287170410156
C16 975.002 43.37299346923828
C16 999.976 26.8310489654541
C16 1025.028 11.729206085205078
C16 1050.014 4.218000888824463
C16 1075.002 0.933390938449557
C16 1099.99 0.09261019142433204
C17 319.994 43.67792510986328
C17 324.969 49.3854866027832
C17 349.982 73.03922271728516
C17 374.975 76.84296417236328
C17 400.019 83.70744323730469
C17 424.965 85.76520538330078
C17 450.035 88.41870880126953
C17 475.003 90.79808807373047
C17 500.018 92.69022369384766
C17 525.002 94.39608001708984
C17 550.029 95.96508026123047
C17 575.023 97.53079986572266
C17 599.982 98.612060546875
C17 619.997 98.51779174804688
C17 624.979 98.98471069335938
C17 650.012 99.32404327392578
C17 675.004 99.25752258300781
C17 700.03 98.66558837890625
C17 725.012 98.40992736816406
C17 750.022 97.87151336669922
C17 774.987 97.9183120727539
C17 799.976 97.31620025634766
C17 824.988 95.41307830810547
C17 850.022 93.34083557128906
C17 869.967 90.0650405883789
C17 875.002 89.1864242553711
C17 899.999 82.3277359008789
C17 919.999 74.57836151123047
C17 925.012 71.81513214111328
C17 949.965 58.94979476928711
C17 975.002 43.413360595703125
C17 999.976 26.877471923828125
C17 1025.028 11.832791328430176
C17 1050.014 4.250082015991211
C17 1075.002 0.9324171071341065
C17 1099.99 0.09251356877585348
