lsstCam/transmission_filter_detector/r42_s12/g_6/19700101T000000.ecsv
# %ECSV 1.0
# ---
# datatype:
# - {name: wavelength, unit: nm, datatype: float32}
# - {name: efficiency, unit: '%', datatype: float64}
# meta: !!omap
# - {MODE: DETECTOR}
# - {TYPE: transmission_filter_detector}
# - {CALIBDATE: '1970-01-01T00:00:00'}
# - {INSTRUME: LSSTCam}
# - {OBSTYPE: transmission_filter_detector}
# - {CALIBCLS: lsst.ip.isr.IntermediateFilterDetectorTransmissionCurve}
# - {SOURCE: Materion (DM-46256)}
# - {DETECTOR: 176}
# - {FILTER: g_6}
# - {CALIB_ID: 'calibDate=1970-01-01T00:00:00 filter=g_6 detector=176'}
# - {DATE: '2025-04-02T15:59:42.842269'}
# - {CALIB_CREATION_DATE: '2025-04-02'}
# - {CALIB_CREATION_TIME: '15:59:42'}
# - __serialized_columns__:
#     efficiency:
#       __class__: astropy.units.quantity.Quantity
#       unit: !astropy.units.Unit {unit: '%'}
#       value: !astropy.table.SerializedColumn {name: efficiency}
#     wavelength:
#       __class__: astropy.units.quantity.Quantity
#       unit: !astropy.units.Unit {unit: nm}
#       value: !astropy.table.SerializedColumn {name: wavelength}
# schema: astropy-2.0
wavelength efficiency
300.0 0.348824099637568
301.0 0.2960652578622103
302.0 0.24330641608685255
303.0 0.23795305751264095
304.0 0.23259969893842936
305.0 0.2273378660902381
306.0 0.22207600995898247
307.0 0.2151514869183302
308.0 0.20822698716074228
309.0 0.19636442884802818
310.0 0.18450187053531408
311.0 0.18666796386241913
312.0 0.18883406883105636
313.0 0.18613580614328384
314.0 0.18343755509704351
315.0 0.1798184821382165
316.0 0.17619940917938948
317.0 0.1750923926010728
318.0 0.17398538766428828
319.0 0.15885537723079324
320.0 0.14372534351423383
321.0 0.13339939760044217
322.0 0.12307342840358615
323.0 0.1106354990042746
324.0 0.09819755796343088
325.0 0.0865408277604729
326.0 0.07488408591598272
327.0 0.0711739994585514
328.0 0.06746391300112009
329.0 0.06153430440463126
330.0 0.055604695808142424
331.0 0.05205104826018214
332.0 0.04849740071222186
333.0 0.04600058891810477
334.0 0.043503777123987675
335.0 0.04112361930310726
336.0 0.03874346148222685
337.0 0.039329647552222013
338.0 0.03991583362221718
339.0 0.039417261723428965
340.0 0.038918686914257705
341.0 0.03706874558702111
342.0 0.03521880425978452
343.0 0.03178640617989004
344.0 0.028354002279229462
345.0 0.02508638135623187
346.0 0.021818754612468183
347.0 0.020439692889340222
348.0 0.019060634076595306
349.0 0.01726014306768775
350.0 0.2643704880028963
351.0 1.1395073495805264
352.0 0.44454201124608517
353.0 0.8545447140932083
354.0 0.2979259239509702
355.0 0.8311073295772076
356.0 0.36144854966551065
357.0 0.7672904059290886
358.0 0.22701702546328306
359.0 0.9006702341139317
360.0 0.27120772283524275
361.0 0.7166373077780008
362.0 0.253271427936852
363.0 0.6565343122929335
364.0 0.32522990368306637
365.0 0.7587410043925047
366.0 0.3494899021461606
367.0 0.6053934805095196
368.0 0.2433917485177517
369.0 0.6770808715373278
370.0 0.21802622359246016
371.0 0.5525846965610981
372.0 0.16749296337366104
373.0 0.6027406081557274
374.0 0.15909522771835327
375.0 0.5372971296310425
376.0 0.22593720350414515
377.0 0.5062491167336702
378.0 0.2359443809837103
379.0 0.5981384310871363
380.0 0.18185355002060533
381.0 0.5898738279938698
382.0 0.5274571012705564
383.0 0.551653653383255
384.0 0.5617632064968348
385.0 0.5851191002875566
386.0 0.5717804655432701
387.0 0.7330825086683035
388.0 0.870799645781517
389.0 1.1791780591011047
390.0 1.6567699611186981
391.0 2.692938782274723
392.0 4.173408821225166
393.0 6.63900151848793
394.0 10.047956556081772
395.0 14.634984731674194
396.0 20.389162003993988
397.0 27.53235399723053
398.0 35.991138219833374
399.0 45.15944719314575
400.0 54.5423686504364
401.0 63.5794997215271
402.0 71.90613746643066
403.0 79.01800274848938
404.0 84.2032253742218
405.0 88.12711238861084
406.0 90.36341905593872
407.0 92.2325611114502
408.0 93.20153594017029
409.0 93.78719925880432
410.0 93.9697802066803
411.0 93.78966093063354
412.0 93.52877736091614
413.0 93.2599425315857
414.0 93.07565093040466
415.0 93.25896501541138
416.0 93.61047744750977
417.0 93.87094378471375
418.0 94.37556266784668
419.0 94.94175910949707
420.0 95.44953107833862
421.0 96.05398178100586
422.0 96.16060256958008
423.0 96.39196991920471
424.0 96.22800946235657
425.0 96.15408778190613
426.0 96.12967371940613
427.0 96.11817598342896
428.0 95.93312740325928
429.0 95.82096934318542
430.0 95.70009112358093
431.0 95.72107791900635
432.0 95.7996129989624
433.0 95.87485790252686
434.0 95.91618776321411
435.0 96.08482122421265
436.0 96.12542986869812
437.0 96.08680605888367
438.0 96.1530864238739
439.0 96.25168442726135
440.0 96.23673558235168
441.0 96.38429880142212
442.0 96.35396599769592
443.0 96.3335931301117
444.0 96.28114104270935
445.0 95.96250653266907
446.0 95.8616316318512
447.0 95.66578269004822
448.0 95.66104412078857
449.0 95.79387903213501
450.0 96.0438072681427
451.0 96.21405601501465
452.0 96.48317098617554
453.0 96.5449333190918
454.0 96.64264917373657
455.0 96.90324068069458
456.0 97.0392107963562
457.0 97.18260169029236
458.0 97.15163707733154
459.0 97.20565676689148
460.0 97.19457030296326
461.0 97.30565547943115
462.0 97.23648428916931
463.0 97.15577960014343
464.0 97.27036356925964
465.0 97.19979166984558
466.0 97.19881415367126
467.0 97.1718966960907
468.0 97.20227122306824
469.0 97.27563261985779
470.0 97.07223176956177
471.0 96.96376323699951
472.0 97.04349040985107
473.0 96.9499409198761
474.0 96.78347706794739
475.0 96.92440032958984
476.0 96.87366485595703
477.0 96.93818688392639
478.0 97.05403447151184
479.0 97.08613753318787
480.0 97.22707271575928
481.0 97.30030298233032
482.0 97.50661849975586
483.0 97.38643765449524
484.0 97.57252931594849
485.0 97.62064814567566
486.0 97.61999249458313
487.0 97.68972992897034
488.0 97.68108129501343
489.0 97.76870608329773
490.0 97.76411056518555
491.0 97.78905510902405
492.0 97.72632122039795
493.0 97.74014353752136
494.0 97.71632552146912
495.0 97.73674011230469
496.0 97.59976863861084
497.0 97.49720692634583
498.0 97.29997515678406
499.0 97.3540723323822
500.0 97.31785655021667
501.0 97.26809859275818
502.0 97.21075296401978
503.0 97.34408855438232
504.0 97.21547961235046
505.0 97.18179106712341
506.0 97.22701907157898
507.0 97.18864560127258
508.0 97.19138145446777
509.0 97.18091487884521
510.0 97.15617299079895
511.0 97.11827635765076
512.0 97.0213234424591
513.0 97.11841940879822
514.0 97.06357717514038
515.0 97.10213541984558
516.0 97.16830849647522
517.0 97.17946648597717
518.0 97.27783203125
519.0 97.29464650154114
520.0 97.3362684249878
521.0 97.44815826416016
522.0 97.40451574325562
523.0 97.41312265396118
524.0 97.40602970123291
525.0 97.36424088478088
526.0 97.46529459953308
527.0 97.46164083480835
528.0 97.52798080444336
529.0 97.63486385345459
530.0 97.62996435165405
531.0 97.77655601501465
532.0 97.64420986175537
533.0 97.63073325157166
534.0 97.67972826957703
535.0 97.47524857521057
536.0 97.13034629821777
537.0 96.60595655441284
538.0 95.8336591720581
539.0 94.50180530548096
540.0 92.85886287689209
541.0 90.28854370117188
542.0 87.570321559906
543.0 83.96156430244446
544.0 79.37694787979126
545.0 75.2986192703247
546.0 70.30643820762634
547.0 65.77801704406738
548.0 61.21267080307007
549.0 57.14498162269592
550.0 53.97706627845764
551.0 50.887006521224976
552.0 48.541152477264404
553.0 46.084216237068176
554.0 43.2844877243042
555.0 40.10210633277893
556.0 35.89039742946625
557.0 30.99423348903656
558.0 25.61802864074707
559.0 20.29583305120468
560.0 15.139052271842957
561.0 10.326699912548065
562.0 6.677606701850891
563.0 3.936177119612694
564.0 2.167171612381935
565.0 0.8714375086128712
566.0 0.5561893805861473
567.0 0.25886306539177895
568.0 0.18288921564817429
569.0 0.09334003552794456
570.0 0.07834060816094279
571.0 0.043721465044654906
572.0 0.05519975093193352
573.0 0.025650556199252605
574.0 0.03589826519601047
575.0 0.02023048436967656
576.0 0.03483780019450933
577.0 0.014975364319980145
578.0 0.038917543133720756
579.0 0.015596502635162324
580.0 0.024056290567386895
581.0 0.015993208216968924
582.0 0.034624431282281876
583.0 0.013224261056166142
584.0 0.020918602240271866
585.0 0.006371747440425679
586.0 0.027158239390701056
587.0 0.014345596719067544
588.0 0.015380776312667876
589.0 0.006721854151692241
590.0 0.019142049131914973
591.0 0.009396530367666855
592.0 0.009392393985763192
593.0 0.004216737579554319
594.0 0.015877098485361785
595.0 0.004601890395861119
596.0 0.013378723815549165
597.0 0.010690179624361917
598.0 0.01789543021004647
599.0 0.011860165250254795
600.0 0.01422596542397514
601.0 0.0022834927221992984
602.0 0.0022472571799880825
603.0 0.0022110216377768666
604.0 0.0021280633518472314
605.0 0.002045104884018656
606.0 0.001993306250369642
607.0 0.0019415079805185087
608.0 0.0019628861991805024
609.0 0.001984264417842496
610.0 0.0019431903638178483
611.0 0.0019021163097932003
612.0 0.0019373497707420029
613.0 0.001972583595488686
614.0 0.0019123408492305316
615.0 0.001852098102972377
616.0 0.0018619077309267595
617.0 0.0018717171769822016
618.0 0.0016532523659407161
619.0 0.0014347874639497604
620.0 0.0014225491213437635
621.0 0.0014103106877882965
622.0 0.001413454083376564
623.0 0.0014165974789648317
624.0 0.0013801932254864369
625.0 0.0013437891539069824
626.0 0.0013501281500793993
627.0 0.001356467510049697
628.0 0.0013510286407836247
629.0 0.001345590044365963
630.0 0.0013574961485574022
631.0 0.0013694023436983116
632.0 0.0014365373317559715
633.0 0.0015036725017125718
634.0 0.0013831036994815804
635.0 0.0012625348063011188
636.0 0.0012710936971416231
637.0 0.0012796527698810678
638.0 0.0012362208508420736
639.0 0.0011927888408536091
640.0 0.0012438166777428705
641.0 0.0012948446965310723
642.0 0.0012372154742479324
643.0 0.001179586433863733
644.0 0.00115427401397028
645.0 0.001128962048824178
646.0 0.0011613306014623959
647.0 0.0011936990631511435
648.0 0.0011731988706742413
649.0 0.0011526986781973392
650.0 0.0010856513654289301
651.0 0.0010186042345594615
652.0 0.001103610065911198
653.0 0.0011886158063134644
654.0 0.0011069453648815397
655.0 0.0010252748325001448
656.0 0.001094108938559657
657.0 0.0011629431355686393
658.0 0.001135204638558207
659.0 0.001107466232497245
660.0 0.0011125229320896324
661.0 0.0011175794497830793
662.0 0.0011424354852351826
663.0 0.0011672917025862262
664.0 0.001123152378568193
665.0 0.0010790129636006895
666.0 0.0010487618055776693
667.0 0.0010185104656557087
668.0 0.001017321483232081
669.0 0.0010161325008084532
670.0 0.0010277811270498205
671.0 0.0010394297532911878
672.0 0.0010314229257346597
673.0 0.001023416371026542
674.0 0.0010189029126195237
675.0 0.0010143893632630352
676.0 0.0009746005162014626
677.0 0.0009348115781904198
678.0 0.0009734390914672986
679.0 0.0010120665137947071
680.0 0.001016681289911503
681.0 0.0010212963388767093
682.0 0.001006695401883917
683.0 0.0009920946467900649
684.0 0.0009119470632867888
685.0 0.0008317995707329828
686.0 0.0008660314051667228
687.0 0.0009002631486509927
688.0 0.0009505406524112914
689.0 0.0010008179742726497
690.0 0.00102976619018591
691.0 0.0010587144970486406
692.0 0.0010140666745428462
693.0 0.0009694188520370517
694.0 0.000973364421952283
695.0 0.0009773099918675143
696.0 0.0009985797987610567
697.0 0.0010198496056545991
698.0 0.0009920322554535232
699.0 0.000964214723353507
700.0 0.001016585338220466
701.0 0.0010689558621379547
702.0 0.001093353785108775
703.0 0.001117751617130125
704.0 0.0010772718269436155
705.0 0.0010367921277065761
706.0 0.0010150852176593617
707.0 0.0009933783985616174
708.0 0.0010539970389800146
709.0 0.0011146158612973522
710.0 0.0011126703611807898
711.0 0.0011107249520136975
712.0 0.001106153922592057
713.0 0.0011015829841198865
714.0 0.0011946944141527638
715.0 0.001287805844185641
716.0 0.001368102675769478
717.0 0.0014483996892522555
718.0 0.0014675511920358986
719.0 0.0014867027857690118
720.0 0.0012197563592053484
721.0 0.0009528097507427447
722.0 0.0010454916264279746
723.0 0.0011381735930626746
724.0 0.001216622240463039
725.0 0.0012950708878634032
726.0 0.0013920138371759094
727.0 0.0014889567864884157
728.0 0.0015621504644514062
729.0 0.0016353444152628072
730.0 0.0017180038412334397
731.0 0.0018006632672040723
732.0 0.001673053702688776
733.0 0.00154544432007242
734.0 0.0015440708011738025
735.0 0.0015426974641741253
736.0 0.0013916147509007715
737.0 0.0012405318557284772
738.0 0.0011169541721756104
739.0 0.0009933765795722138
740.0 0.0010390614079369698
741.0 0.001084746327251196
742.0 0.0011443959920143243
743.0 0.0012040457477269229
744.0 0.0010845105862244964
745.0 0.00096497551567154
746.0 0.000924904270505067
747.0 0.000884833116288064
748.0 0.000829323471407406
749.0 0.0007738140084256884
750.0 0.0008268691999546718
751.0 0.0008799245733825956
752.0 0.0008818862625048496
753.0 0.0008838478606776334
754.0 0.0008281924237962812
755.0 0.000772536986914929
756.0 0.0007755885235383175
757.0 0.0007786399692122359
758.0 0.0007384292530332459
759.0 0.000698218582328991
760.0 0.0006852416845504194
761.0 0.0006722647412971128
762.0 0.0006996157480898546
763.0 0.0007269666184583912
764.0 0.0006061266049073311
765.0 0.00048528654588153586
766.0 0.0005347486876416951
767.0 0.0005842108294018544
768.0 0.0005878993306396296
769.0 0.0005915877864026697
770.0 0.0005763559329352574
771.0 0.0005611240794678451
772.0 0.0005623593551717931
773.0 0.0005635947672999464
774.0 0.0006443594429583754
775.0 0.0007251243005157448
776.0 0.0006695525371469557
777.0 0.0006139806828286964
778.0 0.00061387731875584
779.0 0.0006137739092082484
780.0 0.0006260177087824559
781.0 0.0006382615083566634
782.0 0.0005955772394372616
783.0 0.0005528929705178598
784.0 0.0005353905180527363
785.0 0.0005178881110623479
786.0 0.0005532293926080456
787.0 0.0005885708105779486
788.0 0.0005388566933106631
789.0 0.0004891423941444373
790.0 0.00039598166949872393
791.0 0.0003028209903277457
792.0 0.00034250183489348274
793.0 0.0003821826794592198
794.0 0.00033252181310672313
795.0 0.0002828609240168589
796.0 0.0004239513600623468
797.0 0.0005650418643199373
798.0 0.00042905558075290173
799.0 0.00029306934266060125
800.0 0.0002862443352569244
801.0 0.0002794193278532475
802.0 0.00037291722492227564
803.0 0.00046641507651656866
804.0 0.0004875092599831987
805.0 0.0005086033979750937
806.0 0.0004334035111241974
807.0 0.000358203578798566
808.0 0.0003836773885268485
809.0 0.000409151198255131
810.0 0.0003432030780459172
811.0 0.00027725493509933585
812.0 0.0002830353423632914
813.0 0.0002888157041525119
814.0 0.00037362335660873214
815.0 0.0004584310318023199
816.0 0.00039493211261287797
817.0 0.000331433193423436
818.0 0.000392328183806967
819.0 0.00045322321966523305
820.0 0.0004456185706658289
821.0 0.0004380140126158949
822.0 0.0004987644388165791
823.0 0.0005595148650172632
824.0 0.00036046485547558405
825.0 0.00016141482319653733
826.0 0.0002801268237817567
827.0 0.0003988388016296085
828.0 0.00038966086322034243
829.0 0.00038048290207370883
830.0 0.00036253538837627275
831.0 0.0003445878519414691
832.0 0.0003428789796089404
833.0 0.0003411701072764117
834.0 0.00042595534068823326
835.0 0.0005107406195747899
836.0 0.00043378936425142456
837.0 0.00035683810892805923
838.0 0.0003720482936842018
839.0 0.00038725843296560925
840.0 0.00038256534935499076
841.0 0.00037787237943121
842.0 0.0004643621650757268
843.0 0.0005508520189323463
844.0 0.0004713378530141199
845.0 0.0003918237780453637
846.0 0.000363696153726778
847.0 0.0003355685066708247
848.0 0.00043636318878270686
849.0 0.0005371578936319565
850.0 0.0004285883278498659
851.0 0.0003200188302798779
852.0 0.0002747372946032556
853.0 0.00022945580440136837
854.0 0.0002793199882944464
855.0 0.0003291841949248919
856.0 0.00037927620724076405
857.0 0.00042936826503137127
858.0 0.0004544106559478678
859.0 0.0004794530468643643
860.0 0.0003680620693558012
861.0 0.0002566710691098706
862.0 0.0002667984745130525
863.0 0.00027692590265360195
864.0 0.00034650245197553886
865.0 0.00041607900129747577
866.0 0.0003194464625266846
867.0 0.00022281390101852594
868.0 0.00035926143482356565
869.0 0.0004957089458912378
870.0 0.0004330633601057343
871.0 0.00037041772884549573
872.0 0.00042559413486742415
873.0 0.00048077058636408765
874.0 0.000463392188976286
875.0 0.0004460138370632194
876.0 0.00032655809718562523
877.0 0.0002071023800453986
878.0 0.0003246497044528951
879.0 0.00044219705159775913
880.0 0.00047627263484173454
881.0 0.0005103480361867696
882.0 0.0005549820343730971
883.0 0.0005996159416099545
884.0 0.000585271482123062
885.0 0.0005709269316866994
886.0 0.00045831720854039304
887.0 0.0003457074399193516
888.0 0.000494984669785481
889.0 0.0006442618996516103
890.0 0.0006167027549963677
891.0 0.0005891436103411252
892.0 0.0005330319254426286
893.0 0.0004769201495946618
894.0 0.00048736173994257115
895.0 0.0004978032848157454
896.0 0.0005283040991344023
897.0 0.0005588049134530593
898.0 0.0004395087671582587
899.0 0.0003202125981260906
900.0 0.0002702038045754307
901.0 0.00022019503376213834
902.0 0.0002658723815329722
903.0 0.0003115497293038061
904.0 0.00035885873330698814
905.0 0.0004061677373101702
