lsstCam/transmission_filter_detector/r42_s12/g_6/19700101T000000.ecsv
# %ECSV 1.0
# ---
# datatype:
# - {name: wavelength, unit: nm, datatype: float32}
# - {name: efficiency, unit: '%', datatype: float64}
# meta: !!omap
# - {MODE: DETECTOR}
# - {TYPE: transmission_filter_detector}
# - {CALIBDATE: '1970-01-01T00:00:00'}
# - {INSTRUME: LSSTCam}
# - {OBSTYPE: transmission_filter_detector}
# - {CALIBCLS: lsst.ip.isr.IntermediateFilterDetectorTransmissionCurve}
# - {SOURCE: Materion (DM-46256)}
# - {DETECTOR: 176}
# - {FILTER: g_6}
# - {CALIB_ID: 'calibDate=1970-01-01T00:00:00 filter=g_6 detector=176'}
# - {DATE: '2025-04-02T15:59:42.842269'}
# - {CALIB_CREATION_DATE: '2025-04-02'}
# - {CALIB_CREATION_TIME: '15:59:42'}
# - __serialized_columns__:
#     efficiency:
#       __class__: astropy.units.quantity.Quantity
#       unit: !astropy.units.Unit {unit: '%'}
#       value: !astropy.table.SerializedColumn {name: efficiency}
#     wavelength:
#       __class__: astropy.units.quantity.Quantity
#       unit: !astropy.units.Unit {unit: nm}
#       value: !astropy.table.SerializedColumn {name: wavelength}
# schema: astropy-2.0
wavelength efficiency
[from data line 607]
907.0 0.0003706226607391727
908.0 0.00033769367746572243
909.0 0.00030476469419227215
910.0 0.0003478963662928436
911.0 0.0003910280611307826
912.0 0.0004248348886903841
913.0 0.0004586417617247207
914.0 0.0004571597401081817
915.0 0.0004556778094411129
916.0 0.0003998605279775802
917.0 0.00034404322377667995
918.0 0.00036038052257936215
919.0 0.00037671782138204435
920.0 0.0003880889835272683
921.0 0.0003994601229351247
922.0 0.0003830778041447047
923.0 0.0003666954171421821
924.0 0.0003344670176375075
925.0 0.00030223864087020047
926.0 0.00036572828321368434
927.0 0.0004292178800824331
928.0 0.000428845896749408
929.0 0.0004284738224669127
930.0 0.000431414946433506
931.0 0.0004343560249253642
932.0 0.0004246229309501359
933.0 0.0004148897005507024
934.0 0.00044353478187986184
935.0 0.0004721798177342862
936.0 0.0004347922185843345
937.0 0.00039740471038385294
938.0 0.0004742377768707229
939.0 0.0005510708888323279
940.0 0.0005853897164342925
941.0 0.0006197084530867869
942.0 0.0005916073405387579
943.0 0.0005635061825159937
944.0 0.000592579544900218
945.0 0.0006216529072844423
946.0 0.000826744144433178
947.0 0.0010318353815819137
948.0 0.0008645224625070114
949.0 0.0006972095434321091
950.0 0.0007175389782787533
951.0 0.0007378683676506625
952.0 0.0007241723778861342
953.0 0.0007104763881216059
954.0 0.0007547955192421796
955.0 0.0007991147867869586
956.0 0.0007814834134478588
957.0 0.000763852040108759
958.0 0.0007797653779562097
959.0 0.0007956786248541903
960.0 0.0006916714482940733
961.0 0.0005876642717339564
962.0 0.0006124131232354557
963.0 0.0006371618383127498
964.0 0.000593160757489386
965.0 0.000549159540241817
966.0 0.0005444598627946107
967.0 0.0005397600489231991
968.0 0.0006606556326005375
969.0 0.0007815511708031408
970.0 0.0007115256266843062
971.0 0.0006414999461412663
972.0 0.0007088466645654989
973.0 0.0007761935194139369
974.0 0.0007444054517691256
975.0 0.0007126173841243144
976.0 0.0007858238859625999
977.0 0.000859030205901945
978.0 0.0009009881068777759
979.0 0.0009429458259546664
980.0 0.0009294547453464475
981.0 0.0009159637556876987
982.0 0.001045190219883807
983.0 0.0011744168659788556
984.0 0.0013201625733927358
985.0 0.0014659081898571458
986.0 0.0013972396118333563
987.0 0.001328571124759037
988.0 0.0013629736713482998
989.0 0.001397375945089152
990.0 0.0014895131243974902
991.0 0.0015816500308574177
992.0 0.0015678155250498094
993.0 0.0015539808373432606
994.0 0.0015763698684168048
995.0 0.0015987590813892893
996.0 0.0015259660358424298
997.0 0.0014531731721945107
998.0 0.0014749939509783871
999.0 0.0014968150026106741
1000.0 0.0014450080016104039
1001.0 0.0013932012734585442
1002.0 0.0013258526450954378
1003.0 0.0012585039257828612
1004.0 0.0013156641216482967
1005.0 0.0013728244084632024
1006.0 0.001359216639684746
1007.0 0.0013456089618557598
1008.0 0.0012576181688928045
1009.0 0.0011696273759298492
1010.0 0.0012846974641433917
1011.0 0.0013997677342558745
1012.0 0.0012512857210822403
1013.0 0.001102803616959136
1014.0 0.0012851698556914926
1015.0 0.0014675365491712
1016.0 0.0016261938071693294
1017.0 0.0017848509742179886
1018.0 0.0019485221855575219
1019.0 0.002112193214998115
1020.0 0.002227078402938787
1021.0 0.0023419637727783993
1022.0 0.0026166511815972626
1023.0 0.002891338590416126
1024.0 0.0030563878681277856
1025.0 0.003221436418243684
1026.0 0.00335136974172201
1027.0 0.0034813027014024556
1028.0 0.0037635785702150315
1029.0 0.004045853711431846
1030.0 0.0041431481804465875
1031.0 0.00424044337705709
1032.0 0.004324488327256404
1033.0 0.004408533277455717
1034.0 0.004570120290736668
1035.0 0.004731706940219738
1036.0 0.004856462692259811
1037.0 0.004981218444299884
1038.0 0.004996098505216651
1039.0 0.005010978566133417
1040.0 0.0051905688451370224
1041.0 0.005370158760342747
1042.0 0.005554740710067563
1043.0 0.005739323023590259
1044.0 0.005923939534113742
1045.0 0.006108555680839345
1046.0 0.006445323379011825
1047.0 0.006782090349588543
1048.0 0.007254057709360495
1049.0 0.007726024341536686
1050.0 0.008419836376560852
1051.0 0.009113647683989257
1052.0 0.010548702266532928
1053.0 0.01198375757667236
1054.0 0.013913777365814894
1055.0 0.015843796427361667
1056.0 0.01893830776680261
1057.0 0.022032817651052028
1058.0 0.026582664577290416
1059.0 0.031132518779486418
1060.0 0.03756594960577786
1061.0 0.043999377521686256
1062.0 0.05206455825828016
1063.0 0.0601297477260232
1064.0 0.06958518642932177
1065.0 0.0790406484156847
1066.0 0.08839775109663606
1067.0 0.0977548654191196
1068.0 0.10695033706724644
1069.0 0.11614582035690546
1070.0 0.12507021892815828
1071.0 0.1339946174994111
1072.0 0.14370197895914316
1073.0 0.15340934041887522
1074.0 0.16299679409712553
1075.0 0.17258425941690803
1076.0 0.18183569191023707
1077.0 0.19108712440356612
1078.0 0.20022580865770578
1079.0 0.20936450455337763
1080.0 0.2190150786191225
1081.0 0.22866562940180302
1082.0 0.23940340615808964
1083.0 0.2501411596313119
1084.0 0.2647726098075509
1085.0 0.2794040599837899
1086.0 0.3021313576027751
1087.0 0.3248586319386959
1088.0 0.3644925309345126
1089.0 0.4041263833642006
1090.0 0.4475163295865059
1091.0 0.49090622924268246
1092.0 0.5448219832032919
1093.0 0.5987376905977726
1094.0 0.6939156446605921
1095.0 0.7890935987234116
1096.0 0.8751817047595978
1097.0 0.9612696245312691
1098.0 1.0194716043770313
1099.0 1.0776735842227936
1100.0 1.1637184768915176
1101.0 1.2497633695602417
