lsstCam/transmission_filter_detector/r11_s00/i_39/19700101T000000.ecsv
# %ECSV 1.0
# ---
# datatype:
# - {name: wavelength, unit: nm, datatype: float32}
# - {name: efficiency, unit: '%', datatype: float64}
# meta: !!omap
# - {MODE: DETECTOR}
# - {TYPE: transmission_filter_detector}
# - {CALIBDATE: '1970-01-01T00:00:00'}
# - {INSTRUME: LSSTCam}
# - {OBSTYPE: transmission_filter_detector}
# - {CALIBCLS: lsst.ip.isr.IntermediateFilterDetectorTransmissionCurve}
# - {SOURCE: Materion (DM-46256)}
# - {DETECTOR: 36}
# - {FILTER: i_39}
# - {CALIB_ID: 'calibDate=1970-01-01T00:00:00 filter=i_39 detector=36'}
# - {DATE: '2025-04-02T15:59:46.646113'}
# - {CALIB_CREATION_DATE: '2025-04-02'}
# - {CALIB_CREATION_TIME: '15:59:46'}
# - __serialized_columns__:
#     efficiency:
#       __class__: astropy.units.quantity.Quantity
#       unit: !astropy.units.Unit {unit: '%'}
#       value: !astropy.table.SerializedColumn {name: efficiency}
#     wavelength:
#       __class__: astropy.units.quantity.Quantity
#       unit: !astropy.units.Unit {unit: nm}
#       value: !astropy.table.SerializedColumn {name: wavelength}
# schema: astropy-2.0
wavelength efficiency
[from data line 597]
897.0 1.6352427224808341e-10
898.0 1.6352427224808341e-10
899.0 1.6352427224808341e-10
900.0 1.6352427224808341e-10
901.0 1.6352427224808341e-10
902.0 1.6352427224808341e-10
903.0 5.006699410614601e-06
904.0 7.170951334956044e-05
905.0 2.7481126707584735e-06
906.0 1.6352427224808341e-10
907.0 0.00010525592415433493
908.0 0.0002767251316981856
909.0 1.6352427224808341e-10
910.0 1.6352427224808341e-10
911.0 1.6352427224808341e-10
912.0 0.0001042446228893823
913.0 7.742026468804397e-05
914.0 5.059591217104753e-05
915.0 1.6352427224808341e-10
916.0 1.6352427224808341e-10
917.0 1.6352427224808341e-10
918.0 1.6352427224808341e-10
919.0 1.6352427224808341e-10
920.0 1.0845364784017875e-05
921.0 1.6352427224808341e-10
922.0 1.6352427224808341e-10
923.0 1.6352427224808341e-10
924.0 1.6352427224808341e-10
925.0 8.4141026945872e-05
926.0 0.00029650036594830453
927.0 2.4004884835449047e-05
928.0 1.6352427224808341e-10
929.0 1.6352427224808341e-10
930.0 0.00011997364026683499
931.0 0.00017642033753872965
932.0 0.00023286702344194055
933.0 0.0001778141268005129
934.0 0.0001227612528964528
935.0 1.6352427224808341e-10
936.0 1.6352427224808341e-10
937.0 1.6352427224808341e-10
938.0 1.6352427224808341e-10
939.0 1.6352427224808341e-10
940.0 1.6352427224808341e-10
941.0 1.6352427224808341e-10
942.0 1.6352427224808341e-10
943.0 1.6352427224808341e-10
944.0 1.6352427224808341e-10
945.0 1.6352427224808341e-10
946.0 1.6352427224808341e-10
947.0 1.6352427224808341e-10
948.0 1.6352427224808341e-10
949.0 1.6352427224808341e-10
950.0 1.6352427224808341e-10
951.0 1.6352427224808341e-10
952.0 1.6352427224808341e-10
953.0 1.6352427224808341e-10
954.0 1.6352427224808341e-10
955.0 8.14941415683279e-05
956.0 0.00025280464797106106
957.0 0.00015097932646312984
958.0 4.915396516480541e-05
959.0 0.00011005079159076558
960.0 0.00017094764643843519
961.0 0.00016814494756545173
962.0 0.00016534224869246827
963.0 5.778977083537029e-05
964.0 1.6352427224808341e-10
965.0 1.6352427224808341e-10
966.0 1.6352427224808341e-10
967.0 1.6352427224808341e-10
968.0 1.6352427224808341e-10
969.0 1.6352427224808341e-10
970.0 1.6352427224808341e-10
971.0 1.6352427224808341e-10
972.0 1.6352427224808341e-10
973.0 3.070979914809868e-06
974.0 9.093549238059495e-05
975.0 2.4502142537130567e-05
976.0 1.6352427224808341e-10
977.0 1.6352427224808341e-10
978.0 1.6352427224808341e-10
979.0 1.6352427224808341e-10
980.0 1.6352427224808341e-10
981.0 1.6352427224808341e-10
982.0 1.6352427224808341e-10
983.0 1.6352427224808341e-10
984.0 1.6352427224808341e-10
985.0 6.986210792092606e-05
986.0 0.00023464431251341011
987.0 4.101203501249984e-05
988.0 1.6352427224808341e-10
989.0 1.6352427224808341e-10
990.0 1.6352427224808341e-10
991.0 1.6352427224808341e-10
992.0 1.6352427224808341e-10
993.0 1.6352427224808341e-10
994.0 5.4629771284453454e-05
995.0 1.6352427224808341e-10
996.0 1.6352427224808341e-10
997.0 2.414129198768933e-05
998.0 0.0002779670467134565
999.0 0.0003140139369861572
1000.0 0.00035006075904675527
1001.0 0.00014664524314866867
1002.0 1.6352427224808341e-10
1003.0 5.863515539772379e-06
1004.0 6.849739975223201e-05
1005.0 1.6352427224808341e-10
1006.0 1.6352427224808341e-10
1007.0 2.3847621832828736e-05
1008.0 0.00021354976524889935
1009.0 0.00010456225254529272
1010.0 1.6352427224808341e-10
1011.0 0.00013082930081509403
1012.0 0.00026608390726323705
1013.0 0.00039756091609888244
1014.0 0.000529038015883998
1015.0 0.0004375265234557446
1016.0 0.0003460151219769614
1017.0 0.0003716391802299768
1018.0 0.0003972634203819325
1019.0 0.000358942020284303
1020.0 0.00032062055197457084
1021.0 0.00019487806639517657
1022.0 6.913551828802156e-05
1023.0 0.0005314252575772116
1024.0 0.0009937150935002137
1025.0 0.0007600256139994599
1026.0 0.000526336089023971
1027.0 0.0004626467671187129
1028.0 0.0003989573997387197
1029.0 0.0007944126991787925
1030.0 0.0011898679076693952
1031.0 0.0017837972336565144
1032.0 0.0023777263777446933
1033.0 0.002440608659526333
1034.0 0.002503490395611152
1035.0 0.0031007290090201423
1036.0 0.0036979672586312518
1037.0 0.0037866291677346453
1038.0 0.003875290713040158
1039.0 0.0031799598218640313
1040.0 0.0024846294763847254
1041.0 0.0020636070985347033
1042.0 0.0016425849025836214
1043.0 0.0024145308998413384
1044.0 0.0031864768970990553
1045.0 0.0034964949009008706
1046.0 0.003806513632298447
1047.0 0.003450989242992364
1048.0 0.0030954652174841613
1049.0 0.0026739464374259114
1050.0 0.002252427839266602
1051.0 0.002395321826043073
1052.0 0.0025382159947184846
1053.0 0.0016890016922843643
1054.0 0.0008397873898502439
1055.0 0.0007194013960543089
1056.0 0.0005990153567836387
1057.0 0.0006571157882717671
1058.0 0.0007152163561841007
1059.0 0.0009310244422522373
1060.0 0.0011468329830677249
1061.0 0.0018848440959118307
1062.0 0.002622855026856996
1063.0 0.002722181670833379
1064.0 0.002821508314809762
1065.0 0.0032444473617943004
1066.0 0.0036673871363746002
1067.0 0.004504495154833421
1068.0 0.005341603173292242
1069.0 0.00430270993092563
1070.0 0.0032638163247611374
1071.0 0.0030439385227509774
1072.0 0.0028240601750439964
1073.0 0.0030242008506320417
1074.0 0.0032243413443211466
1075.0 0.0033774194889701903
1076.0 0.0035304969060234725
1077.0 0.00254281512752641
1078.0 0.0015551329852314666
1079.0 0.0017396681869286112
1080.0 0.001924203388625756
1081.0 0.0011383570381440222
1082.0 0.00035251043755124556
1083.0 0.00037661470742023084
1084.0 0.00040071863622870296
1085.0 0.0005069560302217724
1086.0 0.0006131938334874576
1087.0 0.0008274031642940827
1088.0 0.0010416127224743832
1089.0 1.6352427224808341e-10
1090.0 1.6352427224808341e-10
1091.0 1.6352427224808341e-10
1092.0 1.6352427224808341e-10
1093.0 1.6352427224808341e-10
1094.0 0.00020203497115289792
1095.0 0.0003300616526757949
1096.0 0.00045808851609763224
1097.0 1.6352427224808341e-10
1098.0 1.6352427224808341e-10
1099.0 1.6352427224808341e-10
1100.0 0.0001358956069452688
