lsstCam/transmission_filter_detector/r11_s00/i_39/19700101T000000.ecsv
# %ECSV 1.0
# ---
# datatype:
# - {name: wavelength, unit: nm, datatype: float32}
# - {name: efficiency, unit: '%', datatype: float64}
# meta: !!omap
# - {MODE: DETECTOR}
# - {TYPE: transmission_filter_detector}
# - {CALIBDATE: '1970-01-01T00:00:00'}
# - {INSTRUME: LSSTCam}
# - {OBSTYPE: transmission_filter_detector}
# - {CALIBCLS: lsst.ip.isr.IntermediateFilterDetectorTransmissionCurve}
# - {SOURCE: Materion (DM-46256)}
# - {DETECTOR: 36}
# - {FILTER: i_39}
# - {CALIB_ID: 'calibDate=1970-01-01T00:00:00 filter=i_39 detector=36'}
# - {DATE: '2025-04-02T15:59:46.646113'}
# - {CALIB_CREATION_DATE: '2025-04-02'}
# - {CALIB_CREATION_TIME: '15:59:46'}
# - __serialized_columns__:
#     efficiency:
#       __class__: astropy.units.quantity.Quantity
#       unit: !astropy.units.Unit {unit: '%'}
#       value: !astropy.table.SerializedColumn {name: efficiency}
#     wavelength:
#       __class__: astropy.units.quantity.Quantity
#       unit: !astropy.units.Unit {unit: nm}
#       value: !astropy.table.SerializedColumn {name: wavelength}
# schema: astropy-2.0
wavelength efficiency
300.0 0.08143297745846212
301.0 0.045761046931147575
302.0 0.010089149873238057
303.0 0.02375345939071849
304.0 0.037417764542624354
305.0 0.030970247462391853
306.0 0.024522733292542398
307.0 0.007593441114295274
308.0 1.6352427224808341e-10
309.0 1.6352427224808341e-10
310.0 1.6352427224808341e-10
311.0 1.6352427224808341e-10
312.0 0.0024058121198322624
313.0 1.6352427224808341e-10
314.0 1.6352427224808341e-10
315.0 1.6352427224808341e-10
316.0 1.6352427224808341e-10
317.0 1.6352427224808341e-10
318.0 1.6352427224808341e-10
319.0 1.6352427224808341e-10
320.0 1.6352427224808341e-10
321.0 1.6352427224808341e-10
322.0 1.6352427224808341e-10
323.0 1.6352427224808341e-10
324.0 1.6352427224808341e-10
325.0 1.6352427224808341e-10
326.0 1.6352427224808341e-10
327.0 0.00021416726667666808
328.0 0.004288218769943342
329.0 0.003542019476299174
330.0 0.0027958200007560663
331.0 0.0018145634385291487
332.0 0.000833307331049582
333.0 0.001472554595238762
334.0 0.002111801950377412
335.0 0.001932800660142675
336.0 0.001753799915604759
337.0 0.002073470750474371
338.0 0.0023931417672429234
339.0 0.0025592071324354038
340.0 0.0027252732252236456
341.0 1.6352427224808341e-10
342.0 1.6352427224808341e-10
343.0 1.6352427224808341e-10
344.0 1.6352427224808341e-10
345.0 1.6352427224808341e-10
346.0 1.6352427224808341e-10
347.0 1.6352427224808341e-10
348.0 1.6352427224808341e-10
349.0 1.6352427224808341e-10
350.0 0.00043921900214627385
351.0 0.00012306015833019046
352.0 1.6352427224808341e-10
353.0 1.6352427224808341e-10
354.0 1.6352427224808341e-10
355.0 1.6352427224808341e-10
356.0 1.6352427224808341e-10
357.0 0.0007955505680001806
358.0 0.0016880172552191652
359.0 0.001318277463724371
360.0 0.0009485373993811663
361.0 0.0009310604582424276
362.0 0.0009135835171036888
363.0 0.0005866039828106295
364.0 0.000259624562204408
365.0 0.0012571715160447638
366.0 0.0022547190383193083
367.0 0.0014036691027285997
368.0 0.0005526192126126261
369.0 0.0009058612704393454
370.0 0.00125910346469027
371.0 0.0012548255654110108
372.0 0.0012505476661317516
373.0 0.0010072342774947174
374.0 0.000763920797908213
375.0 0.0001299989889957942
376.0 1.6352427224808341e-10
377.0 1.6352427224808341e-10
378.0 1.6352427224808341e-10
379.0 1.6352427224808341e-10
380.0 1.6352427224808341e-10
381.0 1.6352427224808341e-10
382.0 1.6352427224808341e-10
383.0 0.00017040047168848105
384.0 0.0013402089280134533
385.0 0.0011231535609113052
386.0 0.0009060979209607467
387.0 1.6352427224808341e-10
388.0 1.6352427224808341e-10
389.0 1.6352427224808341e-10
390.0 1.6352427224808341e-10
391.0 1.6352427224808341e-10
392.0 1.6352427224808341e-10
393.0 1.6352427224808341e-10
394.0 0.0012145468645030633
395.0 7.09290702616272e-05
396.0 1.6352427224808341e-10
397.0 1.6352427224808341e-10
398.0 1.4563278227797127e-05
399.0 0.00011624015314737335
400.0 0.0002179169314331375
401.0 0.0006741113793395925
402.0 0.0011303050996502861
403.0 0.0015323885236284696
404.0 0.001934471947606653
405.0 0.0040842933231033385
406.0 0.006234114698600024
407.0 0.003409352575545199
408.0 0.0005845879968546797
409.0 0.0005865517778147478
410.0 0.000588513557886472
411.0 0.003052443207707256
412.0 0.005516374221770093
413.0 0.004823568087886088
414.0 0.0041307630453957245
415.0 0.0041993236663984135
416.0 0.004267883923603222
417.0 0.0030000723199918866
418.0 0.001732260534481611
419.0 0.003783373540500179
420.0 0.005834486364619806
421.0 0.004741906741401181
422.0 0.003649326754384674
423.0 0.004389388777781278
424.0 0.005129450437380001
425.0 0.003327663944219239
426.0 0.001525876359664835
427.0 0.0030967305065132678
428.0 0.0046675846533617005
429.0 0.005102821523905732
430.0 0.005538058758247644
431.0 0.0039888658648123965
432.0 0.0024396735170739703
433.0 0.00295364334306214
434.0 0.00346761335094925
435.0 0.0026159739718423225
436.0 0.0017643344108364545
437.0 0.0015444244127138518
438.0 0.0013245146874396596
439.0 0.0017842334273154847
440.0 0.00224395225814078
441.0 0.00047381099648191594
442.0 1.6352427224808341e-10
443.0 1.6352427224808341e-10
444.0 1.6352427224808341e-10
445.0 1.6352427224808341e-10
446.0 1.6352427224808341e-10
447.0 1.6352427224808341e-10
448.0 0.0004671566784963943
449.0 1.6352427224808341e-10
450.0 1.6352427224808341e-10
451.0 1.2155683748460433e-05
452.0 0.0011162298505951185
453.0 0.0015072082533151843
454.0 0.0018981869288836606
455.0 0.001956893720489461
456.0 0.0020156006939942017
457.0 0.0012638961379707325
458.0 0.0005121914909977932
459.0 9.44022247040266e-05
460.0 1.6352427224808341e-10
461.0 7.149044449761277e-05
462.0 0.0004663679646910168
463.0 1.6352427224808341e-10
464.0 1.6352427224808341e-10
465.0 4.956660291099979e-05
466.0 0.0006315448899840703
467.0 0.0006880507498863153
468.0 0.0007445565643138252
469.0 0.0005902417342440458
470.0 0.0004359269041742664
471.0 0.0006325674348772736
472.0 0.0008292079655802809
473.0 0.0009166349627776071
474.0 0.001004062232823344
475.0 0.000586346186537412
476.0 0.00016863058363014716
477.0 0.0006482476237579249
478.0 0.0011278646525170188
479.0 0.001192002400784986
480.0 0.0012561400581034832
481.0 0.0025714221919770353
482.0 0.003886702688760124
483.0 0.005182249515200965
484.0 0.006477795977843925
485.0 0.006736445357091725
486.0 0.006995095463935286
487.0 0.010072760778712109
488.0 0.013150426093488932
489.0 0.016693174256943166
490.0 0.020235920965205878
491.0 0.02236887812614441
492.0 0.024501833831891418
493.0 0.02655218995641917
494.0 0.028602551901713014
495.0 0.025744401500560343
496.0 0.02288624527864158
497.0 0.018657775945030153
498.0 0.014429305156227201
499.0 0.010393994307378307
500.0 0.006358684186125174
501.0 0.004675599484471604
502.0 0.0029925153285148554
503.0 0.0025197754439432174
504.0 0.002047035377472639
505.0 0.0019416429495322518
506.0 0.0018362505215918645
507.0 0.0018724775145528838
508.0 0.0019087041437160224
509.0 0.001973254438780714
510.0 0.002037804551946465
511.0 0.001635114495002199
512.0 0.001232424438057933
513.0 0.0014939014363335446
514.0 0.001755378434609156
515.0 0.0022536311007570475
516.0 0.0027518839488038793
517.0 0.0023100759790395387
518.0 0.0018682683730730787
519.0 0.0019846958821290173
520.0 0.002101123391184956
521.0 0.0017546210074215196
522.0 0.001408118896506494
523.0 0.0014605088836106006
524.0 0.0015128993254620582
525.0 0.002003062763833441
526.0 0.002493226020305883
527.0 0.0024480441425112076
528.0 0.0024028624466154724
529.0 0.00210326979868114
530.0 0.0018036771507468075
531.0 0.001828588756325189
532.0 0.0018535003619035706
533.0 0.0018161361367674544
534.0 0.0017787720935302787
535.0 0.0018224727682536468
536.0 0.0018661732610780746
537.0 0.002491825944161974
538.0 0.0031174782634479925
539.0 0.0037253208574838936
540.0 0.004333163087721914
541.0 0.004896966856904328
542.0 0.005460770626086742
543.0 0.004998428266844712
544.0 0.004536085907602683
545.0 0.0036995988921262324
546.0 0.0028631122404476628
547.0 0.002313147342647426
548.0 0.0017631824448471889
549.0 0.0018413005818729289
550.0 0.0019194189007976092
551.0 0.0016821539247757755
552.0 0.0014448889487539418
553.0 0.0015728743164800107
554.0 0.0017008596842060797
555.0 0.0012791979315807112
556.0 0.0008575361789553426
557.0 0.000783080486144172
558.0 0.0007086249297572067
559.0 0.0002641159881022759
560.0 1.6352427224808341e-10
561.0 0.0006396570825017989
562.0 0.0014597070730815176
563.0 0.0015134379282244481
564.0 0.0015671688743168488
565.0 0.001290660657105036
566.0 0.0010141527127416339
567.0 0.0008429574336332735
568.0 0.0006717620635754429
569.0 0.0007825780812709127
570.0 0.0008933938261179719
571.0 0.0005522663741430733
572.0 0.00021113887669343967
573.0 0.0003623486918513663
574.0 0.000513558552484028
575.0 0.00040367144720221404
576.0 0.0002937842737082974
577.0 0.00042965343709511217
578.0 0.0005655226232192945
579.0 0.0003352894282215857
580.0 0.00010505626732992823
581.0 0.00021362134248192888
582.0 0.00032218640626524575
583.0 0.0004916524176223902
584.0 0.0006611182925553294
585.0 0.000775951957621146
586.0 0.0008907856681616977
587.0 0.0007540548267570557
588.0 0.0006173239398776786
589.0 0.0005635336947307223
590.0 0.0005097435405332362
591.0 0.000689295120537281
592.0 0.0008688468369655311
593.0 0.0005855381004948867
594.0 0.00030222929581213975
595.0 0.0005306400453264359
596.0 0.0007590506811538944
597.0 0.0006930671588634141
598.0 0.000627083772997139
599.0 0.0005699330358766019
600.0 0.0005127821623318596
601.0 0.0004836454081669217
602.0 0.00045450856305251364
603.0 0.0002849211796274176
604.0 0.00011533365977811627
605.0 0.00013923668120696675
606.0 0.00016313970263581723
607.0 0.0003256708623666782
608.0 0.0004882018856733339
609.0 0.0005064658580522519
610.0 0.0005247295121080242
611.0 0.0007413946605083765
612.0 0.0009580598998581991
613.0 0.0006696457148791524
614.0 0.00038123166632431094
615.0 2.398766696387611e-05
616.0 1.6352427224808341e-10
617.0 1.6352427224808341e-10
618.0 0.0001615925157238962
619.0 0.0003160394726364757
620.0 0.00047048652049852535
621.0 0.0005828581834066426
622.0 0.0006952297553652897
623.0 0.0005613916073343717
624.0 0.00042755350477818865
625.0 0.0004496270776144229
626.0 0.0004717006959253922
627.0 0.0003771673164010281
628.0 0.00028263393687666394
629.0 0.00041766479625948705
630.0 0.0005526957465917803
631.0 0.000516033196618082
632.0 0.0004793706011696486
633.0 0.0003936058874387527
634.0 0.00030784115097048925
635.0 0.0003308731493234518
636.0 0.0003539050339895766
637.0 0.0003246450887672836
638.0 0.00029538498438341776
639.0 0.0005734991191275185
640.0 0.0008516131856595166
641.0 0.0006798662070650607
642.0 0.000508119319420075
643.0 0.0006668516562058358
644.0 0.0008255839929915965
645.0 0.0007201599601103226
646.0 0.0006147360181785189
647.0 0.0007518220172642032
648.0 0.0008889083801477682
649.0 0.0007531937626481522
650.0 0.0006174791451485362
651.0 0.0008572879778512288
652.0 0.0010970969015033916
653.0 0.0011982521755271591
654.0 0.0012994074495509267
655.0 0.0019815348423435353
656.0 0.0026636620532372035
657.0 0.0036295779864303768
658.0 0.004595493010128848
659.0 0.007227962487377226
660.0 0.04863592912442982
661.0 0.14079208485782146
662.0 0.06276138010434806
663.0 0.14657049905508757
664.0 0.11521547567099333
665.0 0.10757092386484146
666.0 0.1647212659008801
667.0 0.16879976028576493
668.0 0.20270233508199453
669.0 0.2840400440618396
670.0 0.349626736715436
671.0 0.5062319803982973
672.0 0.8108831942081451
673.0 1.2785827741026878
674.0 1.9971717149019241
675.0 2.817005291581154
676.0 3.9026692509651184
677.0 5.196097493171692
678.0 6.578963994979858
679.0 7.934019714593887
680.0 9.847681224346161
681.0 11.8337482213974
682.0 14.30535763502121
683.0 17.07828938961029
684.0 20.033250749111176
685.0 22.892360389232635
686.0 25.896471738815308
687.0 29.06968891620636
688.0 32.311418652534485
689.0 35.58032810688019
690.0 39.36530947685242
691.0 43.506255745887756
692.0 48.4306663274765
693.0 53.59534025192261
694.0 59.47348475456238
695.0 65.15837907791138
696.0 71.42795324325562
697.0 77.02075242996216
698.0 83.04416537284851
699.0 87.58969902992249
700.0 91.02550148963928
701.0 93.8985526561737
702.0 95.77545523643494
703.0 96.90644145011902
704.0 97.34416604042053
705.0 97.7351725101471
706.0 97.77312874794006
707.0 97.96366095542908
708.0 97.97765016555786
709.0 97.98029661178589
710.0 97.72963523864746
711.0 97.95719385147095
712.0 97.90692329406738
713.0 97.98997640609741
714.0 98.04444909095764
715.0 98.10184240341187
716.0 97.97455072402954
717.0 98.09483289718628
718.0 98.21769595146179
719.0 98.21299910545349
720.0 98.44140410423279
721.0 98.40349555015564
722.0 98.0979859828949
723.0 97.84960746765137
724.0 97.46127724647522
725.0 97.19085693359375
726.0 96.95501923561096
727.0 96.73795104026794
728.0 96.39366865158081
729.0 96.27768993377686
730.0 96.21248841285706
731.0 96.25390768051147
732.0 96.27768397331238
733.0 96.57460451126099
734.0 96.9674825668335
735.0 97.08461165428162
736.0 97.56585955619812
737.0 97.85691499710083
738.0 98.17136526107788
739.0 98.60924482345581
740.0 98.63854050636292
741.0 98.50993156433105
742.0 98.8252341747284
743.0 98.71309399604797
744.0 98.53689074516296
745.0 98.52943420410156
746.0 98.52201342582703
747.0 98.74420762062073
748.0 98.59334230422974
749.0 98.50940704345703
750.0 98.44666123390198
751.0 98.34080338478088
752.0 98.26924800872803
753.0 98.46909642219543
754.0 98.40085506439209
755.0 98.48936796188354
756.0 98.60073924064636
757.0 98.62660765647888
758.0 98.75447154045105
759.0 98.76251220703125
760.0 98.66417646408081
761.0 98.5646665096283
762.0 98.63454103469849
763.0 98.57549667358398
764.0 98.50135445594788
765.0 98.4067440032959
766.0 98.53070974349976
767.0 98.24929237365723
768.0 98.37319254875183
769.0 98.34863543510437
770.0 98.10662865638733
771.0 98.11081886291504
772.0 98.09629321098328
773.0 98.05765748023987
774.0 97.74487018585205
775.0 97.93923497200012
776.0 97.80576229095459
777.0 97.86362648010254
778.0 97.87132740020752
779.0 97.93845415115356
780.0 97.91054129600525
781.0 98.17328453063965
782.0 98.04468750953674
783.0 98.19900393486023
784.0 98.10131788253784
785.0 98.26436638832092
786.0 98.41887354850769
787.0 98.10211062431335
788.0 98.28141927719116
789.0 98.34707975387573
790.0 98.3110249042511
791.0 98.34569692611694
792.0 98.1402039527893
793.0 98.09313416481018
794.0 98.08557033538818
795.0 97.97501564025879
796.0 97.99201488494873
797.0 97.94546961784363
798.0 97.97645211219788
799.0 97.82394766807556
800.0 97.57155179977417
801.0 97.68086671829224
802.0 97.53800630569458
803.0 97.30249047279358
804.0 97.13338017463684
805.0 96.71558141708374
806.0 96.29456400871277
807.0 95.4869031906128
808.0 94.52643990516663
809.0 93.31243634223938
810.0 91.88945293426514
811.0 89.99574780464172
812.0 87.67895698547363
813.0 85.02742648124695
814.0 81.8158745765686
815.0 78.21451425552368
816.0 74.4131863117218
817.0 70.03898620605469
818.0 65.10034203529358
819.0 60.77285408973694
820.0 55.8047890663147
821.0 51.27959847450256
822.0 46.94271385669708
823.0 42.39215850830078
824.0 37.784868478775024
825.0 33.54317843914032
826.0 29.07576560974121
827.0 24.4573712348938
828.0 20.303647220134735
829.0 16.190122067928314
830.0 12.064965814352036
831.0 8.96938070654869
832.0 6.0606494545936584
833.0 3.9410635828971863
834.0 2.405659854412079
835.0 1.4509585686028004
836.0 0.881608109921217
837.0 0.45165284536778927
838.0 0.26180597487837076
839.0 0.18207681132480502
840.0 0.10972630698233843
841.0 0.042146199848502874
842.0 0.0377729709725827
843.0 0.029854316380806267
844.0 1.6352427224808341e-10
845.0 1.6352427224808341e-10
846.0 1.6352427224808341e-10
847.0 1.6352427224808341e-10
848.0 1.6352427224808341e-10
849.0 1.6352427224808341e-10
850.0 1.6352427224808341e-10
851.0 1.6352427224808341e-10
852.0 0.0009382451935380232
853.0 0.0008730982699489687
854.0 0.0008079516192083247
855.0 0.0008106673703878187
856.0 0.0008133831215673126
857.0 0.0008932960554375313
858.0 0.0009732086255098693
859.0 0.0005797232006443664
860.0 0.0001862376393546583
861.0 0.00014954762264096644
862.0 0.00011285753771517193
863.0 4.812587803826318e-05
864.0 1.6352427224808341e-10
865.0 5.8679864878286025e-05
866.0 0.0001339654318144312
867.0 7.117918130461476e-05
868.0 8.39287608300765e-06
869.0 1.6352427224808341e-10
870.0 1.6352427224808341e-10
871.0 4.350271254338622e-06
872.0 0.00026277205051883357
873.0 0.0003166956958011724
874.0 0.0003706193183461437
875.0 0.000291333503810165
876.0 0.00021204768927418627
877.0 1.6352427224808341e-10
878.0 1.6352427224808341e-10
879.0 1.821774731070036e-05
880.0 0.00047397797970916145
881.0 0.00022259916931943735
882.0 1.6352427224808341e-10
883.0 0.0001506429953224142
884.0 0.0003300656544524827
885.0 0.00014776961734241922
886.0 1.6352427224808341e-10
887.0 9.248275318896049e-05
888.0 0.00021949197162030032
889.0 0.0001136869741458213
890.0 7.882034225303869e-06
891.0 0.00012648933989112265
892.0 0.0002450966348988004
893.0 0.000277153185379575
894.0 0.0003092097358603496
895.0 6.651890771536273e-05
