lsstcam/qe_curve/r42_s21/19700101T000000.ecsv
# %ECSV 0.9
# ---
# datatype:
# - {name: amp_name, datatype: string}
# - {name: wavelength, unit: nm, datatype: float32}
# - {name: efficiency, unit: '%', datatype: float32}
# meta: !!omap
# - {MODE: AMP}
# - {TYPE: QE}
# - {CALIBDATE: '1970-01-01T00:00:00'}
# - {INSTRUME: LSSTCAM}
# - {OBSTYPE: qe_curve}
# - {DETECTOR: 178}
# - {PICKLEFILE: RaftRun12120.p}
# - {CALIB_ID: 'raftName=R42 detectorName=S21 detector=178 calibDate=1970-01-01T00:00:00 ccd=178 ccdnum=178 filter=None'}
# - {DATE: '2020-01-23T23:10:54.121287'}
# - {CALIB_CREATION_DATE: '2020-01-23'}
# - {CALIB_CREATION_TIME: '23:10:54'}
# - __serialized_columns__:
#     efficiency:
#       __class__: astropy.units.quantity.Quantity
#       unit: !astropy.units.Unit {unit: '%'}
#       value: !astropy.table.SerializedColumn {name: efficiency}
#     wavelength:
#       __class__: astropy.units.quantity.Quantity
#       unit: !astropy.units.Unit {unit: nm}
#       value: !astropy.table.SerializedColumn {name: wavelength}
# schema: astropy-2.0
amp_name wavelength efficiency
C02 319.994 43.353527
C02 324.969 44.08406
C02 349.982 50.20314
C02 374.975 65.925095
C02 400.019 82.474815
C02 424.965 87.62942
C02 450.035 88.01123
C02 475.003 88.83079
C02 500.018 87.07972
C02 525.002 86.56383
C02 550.029 87.53635
C02 575.023 89.09774
C02 599.982 89.58985
C02 619.997 90.69161
C02 624.979 90.94674
C02 650.012 91.73886
C02 675.004 93.06889
C02 700.03 94.78415
C02 725.012 95.78447
C02 750.022 97.11705
C02 774.987 98.964714
C02 799.976 99.00021
C02 824.988 99.4182
C02 850.022 98.912384
C02 869.967 97.51405
C02 875.002 96.60403
C02 899.999 91.41528
C02 919.999 84.405655
C02 925.012 81.72187
C02 949.965 70.46593
C02 975.002 54.802025
C02 999.976 37.765213
C02 1025.028 21.04572
C02 1050.014 9.923668
C02 1075.002 6.0504065
C02 1099.99 3.9713702
C00 319.994 43.68335
C00 324.969 44.52264
C00 349.982 51.074066
C00 374.975 66.85098
C00 400.019 82.928604
C00 424.965 87.62496
C00 450.035 87.77627
C00 475.003 88.534424
C00 500.018 86.83678
C00 525.002 86.41423
C00 550.029 87.48995
C00 575.023 89.13613
C00 599.982 89.69124
C00 619.997 90.82119
C00 624.979 91.08433
C00 650.012 91.89703
C00 675.004 93.23844
C00 700.03 94.95107
C00 725.012 95.93899
C00 750.022 97.258446
C00 774.987 99.08963
C00 799.976 99.09864
C00 824.988 99.48505
C00 850.022 98.96006
C00 869.967 97.51927
C00 875.002 96.59595
C00 899.999 91.32277
C00 919.999 84.271416
C00 925.012 81.546196
C00 949.965 70.00624
C00 975.002 54.365017
C00 999.976 37.623566
C00 1025.028 20.944948
C00 1050.014 9.846033
C00 1075.002 6.004589
C00 1099.99 3.9636095
C13 319.994 43.175606
C13 324.969 43.84081
C13 349.982 49.751038
C13 374.975 65.56866
C13 400.019 82.55867
C13 424.965 87.898445
C13 450.035 88.24955
C13 475.003 88.9645
C13 500.018 87.135086
C13 525.002 86.57028
C13 550.029 87.55057
C13 575.023 89.14018
C13 599.982 89.66977
C13 619.997 90.794304
C13 624.979 91.0574
C13 650.012 91.86905
C13 675.004 93.19816
C13 700.03 94.846436
C13 725.012 95.61475
C13 750.022 96.64111
C13 774.987 98.15644
C13 799.976 98.06754
C13 824.988 98.53179
C13 850.022 97.88511
C13 869.967 96.29386
C13 875.002 95.39761
C13 899.999 90.71404
C13 919.999 84.37751
C13 925.012 81.80274
C13 949.965 70.26853
C13 975.002 54.17811
C13 999.976 37.223183
C13 1025.028 20.876078
C13 1050.014 9.909848
C13 1075.002 5.9832034
C13 1099.99 4.0416903
C03 319.994 43.20367
C03 324.969 43.880215
C03 349.982 49.77812
C03 374.975 65.41466
C03 400.019 82.2104
C03 424.965 87.560585
C03 450.035 87.98181
C03 475.003 88.7524
C03 500.018 86.96096
C03 525.002 86.421036
C03 550.029 87.39883
C03 575.023 88.99001
C03 599.982 89.51793
C03 619.997 90.63743
C03 624.979 90.90107
C03 650.012 91.70999
C03 675.004 93.05124
C03 700.03 94.77742
C03 725.012 95.79142
C03 750.022 97.139275
C03 774.987 99.00705
C03 799.976 99.05143
C03 824.988 99.48733
C03 850.022 98.99224
C03 869.967 97.62212
C03 875.002 96.72406
C03 899.999 91.55992
C03 919.999 84.50477
C03 925.012 81.79834
C03 949.965 70.51836
C03 975.002 54.934418
C03 999.976 37.8569
C03 1025.028 21.094906
C03 1050.014 9.921447
C03 1075.002 6.0633287
C03 1099.99 3.9711502
C14 319.994 43.284084
C14 324.969 43.99853
C14 349.982 50.108524
C14 374.975 65.99312
C14 400.019 82.774315
C14 424.965 87.91979
C14 450.035 88.198906
C14 475.003 88.91717
C14 500.018 87.1111
C14 525.002 86.57082
C14 550.029 87.549866
C14 575.023 89.145454
C14 599.982 89.678024
C14 619.997 90.80516
C14 624.979 91.06446
C14 650.012 91.87748
C14 675.004 93.20768
C14 700.03 94.849884
C14 725.012 95.59991
C14 750.022 96.61367
C14 774.987 98.110954
C14 799.976 98.00801
C14 824.988 98.46501
C14 850.022 97.80982
C14 869.967 96.21812
C14 875.002 95.32042
C14 899.999 90.686676
C14 919.999 84.367546
C14 925.012 81.7846
C14 949.965 70.23638
C14 975.002 54.21051
C14 999.976 37.270935
C14 1025.028 20.968172
C14 1050.014 9.943013
C14 1075.002 5.9965897
C14 1099.99 4.0389113
C07 319.994 42.892925
C07 324.969 43.40043
C07 349.982 48.60308
C07 374.975 63.92841
C07 400.019 81.28708
C07 424.965 87.25208
C07 450.035 87.941734
C07 475.003 88.72081
C07 500.018 86.8536
C07 525.002 86.211586
C07 550.029 87.12377
C07 575.023 88.66174
C07 599.982 89.15201
C07 619.997 90.24468
C07 624.979 90.50125
C07 650.012 91.292404
C07 675.004 92.6284
C07 700.03 94.37247
C07 725.012 95.46029
C07 750.022 96.90205
C07 774.987 98.87291
C07 799.976 98.986984
C07 824.988 99.46038
C07 850.022 99.04119
C07 869.967 97.72029
C07 875.002 96.81953
C07 899.999 91.56278
C07 919.999 84.48224
C07 925.012 81.80887
C07 949.965 70.825745
C07 975.002 55.244415
C07 999.976 37.93676
C07 1025.028 21.094631
C07 1050.014 9.86032
C07 1075.002 6.012826
C07 1099.99 3.9571607
C15 319.994 43.399265
C15 324.969 44.165897
C15 349.982 50.490757
C15 374.975 66.43654
C15 400.019 82.99035
C15 424.965 87.93222
C15 450.035 88.126274
C15 475.003 88.84168
C15 500.018 87.067116
C15 525.002 86.565285
C15 550.029 87.57723
C15 575.023 89.19076
C15 599.982 89.72975
C15 619.997 90.86112
C15 624.979 91.11942
C15 650.012 91.929886
C15 675.004 93.25848
C15 700.03 94.89233
C15 725.012 95.636925
C15 750.022 96.63728
C15 774.987 98.1218
C15 799.976 98.01233
C15 824.988 98.4556
C15 850.022 97.80578
C15 869.967 96.238815
C15 875.002 95.35158
C15 899.999 90.77258
C15 919.999 84.43253
C15 925.012 81.83425
C15 949.965 70.249504
C15 975.002 54.283768
C15 999.976 37.368404
C15 1025.028 21.08957
C15 1050.014 9.976257
C15 1075.002 5.9920316
C15 1099.99 4.0277205
C12 319.994 43.074448
C12 324.969 43.694263
C12 349.982 49.414124
C12 374.975 65.16073
C12 400.019 82.340454
C12 424.965 87.86492
C12 450.035 88.28643
C12 475.003 89.00748
C12 500.018 87.15993
C12 525.002 86.565125
C12 550.029 87.52072
C12 575.023 89.09703
C12 599.982 89.623116
C12 619.997 90.741035
C12 624.979 91.00081
C12 650.012 91.811325
C12 675.004 93.14556
C12 700.03 94.7981
C12 725.012 95.584145
C12 750.022 96.63459
C12 774.987 98.178635
C12 799.976 98.10615
C12 824.988 98.582596
C12 850.022 97.95434
C12 869.967 96.393616
C12 875.002 95.4968
C12 899.999 90.81959
C12 919.999 84.50331
C12 925.012 81.923904
C12 949.965 70.40282
C12 975.002 54.256706
C12 999.976 37.23435
C12 1025.028 20.883953
C12 1050.014 9.923114
C12 1075.002 5.977604
C12 1099.99 4.0408
C05 319.994 43.120262
C05 324.969 43.705242
C05 349.982 49.24321
C05 374.975 64.74676
C05 400.019 81.82904
C05 424.965 87.54927
C05 450.035 88.187965
C05 475.003 89.045616
C05 500.018 87.22934
C05 525.002 86.62079
C05 550.029 87.511856
C05 575.023 88.997246
C05 599.982 89.438225
C05 619.997 90.50291
C05 624.979 90.75343
C05 650.012 91.52417
C05 675.004 92.84592
C05 700.03 94.568054
C05 725.012 95.606926
C05 750.022 96.989204
C05 774.987 98.89767
C05 799.976 98.97726
C05 824.988 99.43034
C05 850.022 98.98673
C05 869.967 97.67059
C05 875.002 96.77843
C05 899.999 91.60951
C05 919.999 84.52822
C05 925.012 81.827614
C05 949.965 70.564674
C05 975.002 55.072094
C05 999.976 37.99081
C05 1025.028 21.139679
C05 1050.014 9.912102
C05 1075.002 6.0677905
C05 1099.99 3.9834697
C04 319.994 43.069798
C04 324.969 43.696514
C04 349.982 49.393486
C04 374.975 64.9383
C04 400.019 81.90209
C04 424.965 87.43924
C04 450.035 87.94397
C04 475.003 88.72409
C04 500.018 86.91221
C04 525.002 86.33669
C04 550.029 87.2919
C04 575.023 88.8641
C04 599.982 89.38394
C04 619.997 90.498314
C04 624.979 90.7613
C04 650.012 91.566376
C04 675.004 92.905685
C04 700.03 94.63351
C04 725.012 95.66504
C04 750.022 97.025826
C04 774.987 98.911766
C04 799.976 98.971985
C04 824.988 99.41787
C04 850.022 98.94094
C04 869.967 97.600174
C04 875.002 96.70715
C04 899.999 91.55203
C04 919.999 84.469124
C04 925.012 81.76029
C04 949.965 70.485435
C04 975.002 54.9696
C04 999.976 37.89249
C04 1025.028 21.104605
C04 1050.014 9.90824
C04 1075.002 6.0658946
C04 1099.99 3.9730606
C01 319.994 43.58067
C01 324.969 44.3698
C01 349.982 50.732124
C01 374.975 66.54038
C01 400.019 82.8711
C01 424.965 87.81384
C01 450.035 88.10928
C01 475.003 88.92731
C01 500.018 87.20597
C01 525.002 86.72617
C01 550.029 87.72617
C01 575.023 89.30247
C01 599.982 89.80081
C01 619.997 90.90327
C01 624.979 91.16315
C01 650.012 91.95387
C01 675.004 93.29038
C01 700.03 94.99697
C01 725.012 95.99004
C01 750.022 97.31781
C01 774.987 99.1582
C01 799.976 99.17772
C01 824.988 99.584816
C01 850.022 99.069695
C01 869.967 97.64165
C01 875.002 96.71533
C01 899.999 91.47575
C01 919.999 84.470764
C01 925.012 81.79341
C01 949.965 70.52305
C01 975.002 54.794155
C01 999.976 37.752895
C01 1025.028 21.042551
C01 1050.014 9.939231
C01 1075.002 6.054566
C01 1099.99 3.9798377
C11 319.994 42.972614
C11 324.969 43.551334
C11 349.982 49.09695
C11 374.975 64.75339
C11 400.019 82.080635
C11 424.965 87.74738
C11 450.035 88.2215
C11 475.003 88.92781
C11 500.018 87.05991
C11 525.002 86.44742
C11 550.029 87.399216
C11 575.023 88.97825
C11 599.982 89.507034
C11 619.997 90.627045
C11 624.979 90.88928
C11 650.012 91.698845
C11 675.004 93.035164
C11 700.03 94.69817
C11 725.012 95.504776
C11 750.022 96.5887
C11 774.987 98.16203
C11 799.976 98.108734
C11 824.988 98.589714
C11 850.022 97.9814
C11 869.967 96.423874
C11 875.002 95.52193
C11 899.999 90.79478
C11 919.999 84.50155
C11 925.012 81.92471
C11 949.965 70.44117
C11 975.002 54.250957
C11 999.976 37.16937
C11 1025.028 20.844645
C11 1050.014 9.917139
C11 1075.002 5.97151
C11 1099.99 4.0318737
C16 319.994 43.68681
C16 324.969 44.51512
C16 349.982 51.08943
C16 374.975 67.1326
C16 400.019 83.45273
C16 424.965 88.171486
C16 450.035 88.28656
C16 475.003 89.006004
C16 500.018 87.25818
C16 525.002 86.790886
C16 550.029 87.82328
C16 575.023 89.45099
C16 599.982 89.99465
C16 619.997 91.128586
C16 624.979 91.3893
C16 650.012 92.20083
C16 675.004 93.53278
C16 700.03 95.16416
C16 725.012 95.90475
C16 750.022 96.90202
C16 774.987 98.38168
C16 799.976 98.26027
C16 824.988 98.69286
C16 850.022 98.03751
C16 869.967 96.52263
C16 875.002 95.654015
C16 899.999 91.1175
C16 919.999 84.67073
C16 925.012 82.02611
C16 949.965 70.26618
C16 975.002 54.39045
C16 999.976 37.570168
C16 1025.028 21.211298
C16 1050.014 9.988867
C16 1075.002 5.9676476
C16 1099.99 4.0140576
C17 319.994 43.80608
C17 324.969 44.6781
C17 349.982 51.423046
C17 374.975 67.43619
C17 400.019 83.52858
C17 424.965 88.041115
C17 450.035 88.048195
C17 475.003 88.74504
C17 500.018 87.0362
C17 525.002 86.62493
C17 550.029 87.727066
C17 575.023 89.39718
C17 599.982 89.97216
C17 619.997 91.11629
C17 624.979 91.38144
C17 650.012 92.20134
C17 675.004 93.536415
C17 700.03 95.17034
C17 725.012 95.91735
C17 750.022 96.917854
C17 774.987 98.405304
C17 799.976 98.276985
C17 824.988 98.69364
C17 850.022 98.02369
C17 869.967 96.61328
C17 875.002 95.77541
C17 899.999 91.230286
C17 919.999 84.59405
C17 925.012 81.88827
C17 949.965 70.08707
C17 975.002 54.378704
C17 999.976 37.57474
C17 1025.028 21.314056
C17 1050.014 9.937586
C17 1075.002 5.888371
C17 1099.99 3.9833083
C06 319.994 43.05622
C06 324.969 43.59928
C06 349.982 48.969677
C06 374.975 64.41541
C06 400.019 81.64388
C06 424.965 87.51281
C06 450.035 88.21602
C06 475.003 89.07361
C06 500.018 87.24117
C06 525.002 86.60221
C06 550.029 87.475174
C06 575.023 88.94873
C06 599.982 89.38044
C06 619.997 90.44257
C06 624.979 90.694664
C06 650.012 91.46074
C06 675.004 92.78312
C06 700.03 94.51392
C06 725.012 95.57161
C06 750.022 96.9805
C06 774.987 98.91686
C06 799.976 99.01433
C06 824.988 99.47793
C06 850.022 99.05548
C06 869.967 97.75673
C06 875.002 96.86316
C06 899.999 91.67455
C06 919.999 84.592476
C06 925.012 81.90004
C06 949.965 70.69018
C06 975.002 55.18462
C06 999.976 38.03751
C06 1025.028 21.153568
C06 1050.014 9.908917
C06 1075.002 6.068783
C06 1099.99 3.9879634
C10 319.994 43.76106
C10 324.969 44.308956
C10 349.982 49.780262
C10 374.975 65.641396
C10 400.019 83.494064
C10 424.965 89.42509
C10 450.035 89.932106
C10 475.003 90.61534
C10 500.018 88.68503
C10 525.002 88.05811
C10 550.029 89.0663
C10 575.023 90.718704
C10 599.982 91.29081
C10 619.997 92.44761
C10 624.979 92.72462
C10 650.012 93.57028
C10 675.004 94.93825
C10 700.03 96.65058
C10 725.012 97.51743
C10 750.022 98.65833
C10 774.987 100.31449
C10 799.976 100.27534
C10 824.988 100.78028
C10 850.022 100.17328
C10 869.967 98.56113
C10 875.002 97.60948
C10 899.999 92.631386
C10 919.999 86.19304
C10 925.012 83.5984
C10 949.965 72.08477
C10 975.002 55.51663
C10 999.976 37.882793
C10 1025.028 21.243784
C10 1050.014 10.110881
C10 1075.002 6.089158
C10 1099.99 4.0969005
