lsstCam/transmission_sensor/r30_s20/19700101T000000.ecsv
# %ECSV 1.0
# ---
# datatype:
# - {name: amp_name, datatype: string}
# - {name: wavelength, unit: nm, datatype: float32}
# - {name: efficiency, unit: '%', datatype: float64}
# meta: !!omap
# - {MODE: AMP}
# - {TYPE: transmission_sensor}
# - {CALIBDATE: '1970-01-01T00:00:00'}
# - {INSTRUME: LSSTCam}
# - {OBSTYPE: transmission_sensor}
# - {DETECTOR: 123}
# - {PARQUETFILE: qe_raft_allvalues_nircorrected_20230725_adjust.parquet}
# - {CORRFILE: qe_corr_factor_bydetnum.parquet}
# - {CALIBCLS: lsst.ip.isr.IntermediateSensorTransmissionCurve}
# - {CALIB_ID: 'raftName=R30 detectorName=S20 detector=123 calibDate=1970-01-01T00:00:00 ccd=123 ccdnum=123 filter=None'}
# - {DATE: '2025-03-03T21:56:48.074219'}
# - {CALIB_CREATION_DATE: '2025-03-03'}
# - {CALIB_CREATION_TIME: '21:56:48'}
# - __serialized_columns__:
#     efficiency:
#       __class__: astropy.units.quantity.Quantity
#       unit: !astropy.units.Unit {unit: '%'}
#       value: !astropy.table.SerializedColumn {name: efficiency}
#     wavelength:
#       __class__: astropy.units.quantity.Quantity
#       unit: !astropy.units.Unit {unit: nm}
#       value: !astropy.table.SerializedColumn {name: wavelength}
# schema: astropy-2.0
amp_name wavelength efficiency
C00 319.994 38.75556792731721
C00 324.969 43.6544653287568
C00 349.982 65.10834091198811
C00 374.975 71.43391051508158
C00 400.019 80.26226797372084
C00 424.965 83.52749176128744
C00 450.035 85.80020751825248
C00 475.003 88.42972923589174
C00 500.018 90.77014570661835
C00 525.002 92.78428539220334
C00 550.029 94.29907658293791
C00 575.023 95.78164589137764
C00 599.982 96.94847249157985
C00 619.997 97.04497944720538
C00 624.979 97.08159178766466
C00 650.012 97.41853867078946
C00 675.004 97.61023015488254
C00 700.03 97.16952941530654
C00 725.012 96.65818083858832
C00 750.022 96.79369561701074
C00 774.987 96.89115472019
C00 799.976 96.04331266394402
C00 824.988 94.49906535285645
C00 850.022 92.27132723271572
C00 869.967 89.09995798973208
C00 875.002 88.04710949709389
C00 899.999 80.66990047762093
C00 919.999 72.59711744323425
C00 925.012 69.90682453014118
C00 949.965 56.65215979596203
C00 975.002 42.53161509910215
C00 999.976 25.817641500107374
C00 1025.028 11.205210575931323
C00 1050.014 3.7820658683876553
C00 1075.002 0.9221478298396578
C00 1099.99 0.09149466051688945
C01 319.994 38.94281605615951
C01 324.969 43.873054981243044
C01 349.982 65.52951506998583
C01 374.975 71.88746524663308
C01 400.019 80.51352157700902
C01 424.965 83.65625838284089
C01 450.035 85.86431123014437
C01 475.003 88.45087295696607
C01 500.018 90.76614819823796
C01 525.002 92.76349683728002
C01 550.029 94.26974892693738
C01 575.023 95.75272629861443
C01 599.982 96.91683247723452
C01 619.997 97.01384573354339
C01 624.979 97.0494832562691
C01 650.012 97.38770722619216
C01 675.004 97.58762798557115
C01 700.03 97.17434305016155
C01 725.012 96.724143505228
C01 750.022 96.9403112268335
C01 774.987 97.11078342258608
C01 799.976 96.29841264108023
C01 824.988 94.72891830636532
C01 850.022 92.4566559529973
C01 869.967 89.37110845420278
C01 875.002 88.32393506325393
C01 899.999 80.57546406508845
C01 919.999 72.3149568280826
C01 925.012 69.6431552250213
C01 949.965 56.759669345541894
C01 975.002 42.531044566242564
C01 999.976 25.70043667027792
C01 1025.028 11.09421454160855
C01 1050.014 3.7621706602390783
C01 1075.002 0.9235439818022431
C01 1099.99 0.09163318543199872
C02 319.994 39.239836974203456
C02 324.969 44.20859631321708
C02 349.982 66.09100252780775
C02 374.975 72.44840862013858
C02 400.019 80.87044844530912
C02 424.965 83.8991240195842
C02 450.035 86.03708067078851
C02 475.003 88.58714340805017
C02 500.018 90.88023965670122
C02 525.002 92.86312472099836
C02 550.029 94.35864625885961
C02 575.023 95.83596364230054
C02 599.982 97.00288092322214
C02 619.997 97.10100501834371
C02 624.979 97.13553170225671
C02 650.012 97.47364987800714
C02 675.004 97.67465880601897
C02 700.03 97.26803890348556
C02 725.012 96.83463796182157
C02 750.022 97.07123151547277
C02 774.987 97.2637391260405
C02 799.976 96.45519960492946
C02 824.988 94.89030731672428
C02 850.022 92.55994129239826
C02 869.967 89.42852446303864
C02 875.002 88.40915226931368
C02 899.999 80.72742228062943
C02 919.999 72.08112147964658
C02 925.012 69.37310048591007
C02 949.965 56.59899444584823
C02 975.002 42.531093684965576
C02 999.976 25.67939685419458
C02 1025.028 11.045795760401038
C02 1050.014 3.7415955828426797
C02 1075.002 0.9247910713213596
C02 1099.99 0.09175692050840786
C03 319.994 39.28920506919223
C03 324.969 44.26344681336647
C03 349.982 66.25969889280535
C03 374.975 72.66277028408263
C03 400.019 80.91696009763666
C03 424.965 83.84087677082047
C03 450.035 85.91493374175155
C03 475.003 88.42312465682849
C03 500.018 90.68860862642107
C03 525.002 92.65260943090236
C03 550.029 94.13864727685929
C03 575.023 95.60936763796359
C03 599.982 96.76923449295155
C03 619.997 96.86869612868432
C03 624.979 96.90063085536771
C03 650.012 97.24437123572116
C03 675.004 97.44312825920113
C03 700.03 97.03782322709908
C03 725.012 96.59907212299026
C03 750.022 96.82632556254288
C03 774.987 97.01047543347221
C03 799.976 96.19548246783026
C03 824.988 94.6475021337939
C03 850.022 92.29943069900429
C03 869.967 89.07270843355123
C03 875.002 88.05072916914341
C03 899.999 80.63668866413927
C03 919.999 71.80722792341393
C03 925.012 69.04736022835827
C03 949.965 56.18274727360478
C03 975.002 42.31189571598666
C03 999.976 25.616198060315067
C03 1025.028 10.983634127249712
C03 1050.014 3.7259883447538287
C03 1075.002 0.9224579384982399
C03 1099.99 0.091525429213103
C04 319.994 39.509317402091796
C04 324.969 44.51811983544883
C04 349.982 66.7381908221929
C04 374.975 73.22983460614788
C04 400.019 81.35299833689
C04 424.965 84.18816881268391
C04 450.035 86.21666627884119
C04 475.003 88.69536328993203
C04 500.018 90.94719981125432
C04 525.002 92.90493608937014
C04 550.029 94.3882232868385
C04 575.023 95.86254820653909
C04 599.982 97.02907253767661
C04 619.997 97.12643340340986
C04 624.979 97.16422459322142
C04 650.012 97.50875842986966
C04 675.004 97.71251800637008
C04 700.03 97.30033635304656
C04 725.012 96.84125765433805
C04 750.022 97.04613562637778
C04 774.987 97.20168328706181
C04 799.976 96.37319400768193
C04 824.988 94.82844039591102
C04 850.022 92.46826308508099
C04 869.967 89.1669634846449
C04 875.002 88.13012769570808
C04 899.999 80.83960188725858
C04 919.999 71.99363725560174
C04 925.012 69.1814996825364
C04 949.965 56.140263356564084
C04 975.002 42.28899127761057
C04 999.976 25.674804253593106
C04 1025.028 10.989846701119701
C04 1050.014 3.7377652670386947
C04 1075.002 0.924552281157926
C04 1099.99 0.091733227967764
C05 319.994 39.82861177183931
C05 324.969 44.87928980574437
C05 349.982 67.36576941100698
C05 374.975 73.88485922603485
C05 400.019 81.80703669894498
C05 424.965 84.53132732508787
C05 450.035 86.49650697892142
C05 475.003 88.93943044620745
C05 500.018 91.16961694577208
C05 525.002 93.11882923626393
C05 550.029 94.59781665628722
C05 575.023 96.0682196348736
C05 599.982 97.23412431442853
C05 619.997 97.33374464142027
C05 624.979 97.3707726018435
C05 650.012 97.71781527172858
C05 675.004 97.92250432560289
C05 700.03 97.50050648440391
C05 725.012 97.0168306405571
C05 750.022 97.18801316861169
C05 774.987 97.31278228178475
C05 799.976 96.46355734456785
C05 824.988 94.91293215621553
C05 850.022 92.54859864574617
C05 869.967 89.16979725712626
C05 875.002 88.10175974398793
C05 899.999 80.90604062767513
C05 919.999 72.09603845798851
C05 925.012 69.27988826308955
C05 949.965 56.014916153804826
C05 975.002 42.19886219924978
C05 999.976 25.695932861214196
C05 1025.028 11.004487858940111
C05 1050.014 3.7431449479468686
C05 1075.002 0.9259042140761496
C05 1099.99 0.0918673655099149
C06 319.994 39.928481470809395
C06 324.969 44.99291274715737
C06 349.982 67.59425459699817
C06 374.975 74.12805735874932
C06 400.019 81.90507767007377
C06 424.965 84.54091681116483
C06 450.035 86.45942612141187
C06 475.003 88.87380783226554
C06 500.018 91.08400678992824
C06 525.002 93.01990412812097
C06 550.029 94.487926737823
C06 575.023 95.9573095583161
C06 599.982 97.11973814362722
C06 619.997 97.2191166553672
C06 624.979 97.2568851749989
C06 650.012 97.60405630923647
C06 675.004 97.8055110841187
C06 700.03 97.37659883806519
C06 725.012 96.87329061846745
C06 750.022 97.0085560249115
C06 774.987 97.09796721424368
C06 799.976 96.23217037555574
C06 824.988 94.67698848105339
C06 850.022 92.2716748421401
C06 869.967 88.87296147888443
C06 875.002 87.83404003340134
C06 899.999 80.5993357644715
C06 919.999 71.85796378592038
C06 925.012 68.95337721942282
C06 949.965 55.675921397766835
C06 975.002 41.8458157100675
C06 999.976 25.452934981755085
C06 1025.028 10.933891029702574
C06 1050.014 3.734799960284648
C06 1075.002 0.9241948422067713
C06 1099.99 0.09169776320340282
C07 319.994 40.02934487932962
C07 324.969 45.11333674252566
C07 349.982 67.89675792020275
C07 374.975 74.48249050726581
C07 400.019 82.15042191314745
C07 424.965 84.71954271493715
C07 450.035 86.59510714781986
C07 475.003 88.99102777554823
C07 500.018 91.19546850752879
C07 525.002 93.12709629518292
C07 550.029 94.59971339466809
C07 575.023 96.07375115875723
C07 599.982 97.24465083460599
C07 619.997 97.34895633210026
C07 624.979 97.38646036630035
C07 650.012 97.73639726247974
C07 675.004 97.9418193188359
C07 700.03 97.50968035051693
C07 725.012 96.9857347105282
C07 750.022 97.09705285032302
C07 774.987 97.1574537661726
C07 799.976 96.26872226220209
C07 824.988 94.70060325173147
C07 850.022 92.28817873307159
C07 869.967 88.85255831701858
C07 875.002 87.76479019068329
C07 899.999 80.54210111707445
C07 919.999 71.8948103849048
C07 925.012 69.06389434619624
C07 949.965 55.52426167292723
C07 975.002 41.63550445159016
C07 999.976 25.388228620915488
C07 1025.028 10.918951381180792
C07 1050.014 3.733291212586025
C07 1075.002 0.9250381930693057
C07 1099.99 0.091781439701213
C10 319.994 37.398795446870444
C10 324.969 42.106401870727645
C10 349.982 62.59327715405303
C10 374.975 69.03090167778647
C10 400.019 78.83907186631077
C10 424.965 82.63799702792863
C10 450.035 85.19969712418045
C10 475.003 87.99394036861676
C10 500.018 90.44213843108145
C10 525.002 92.52717532578701
C10 550.029 94.07888868277216
C10 575.023 95.59105013264401
C10 599.982 96.7763755996046
C10 619.997 96.88137631594762
C10 624.979 96.92018766385246
C10 650.012 97.26925553647091
C10 675.004 97.46873044897949
C10 700.03 97.08305779262837
C10 725.012 96.71247591933137
C10 750.022 97.04093659846528
C10 774.987 97.33355572325483
C10 799.976 96.57878986875026
C10 824.988 95.04115469345255
C10 850.022 92.88202409426745
C10 869.967 89.76090708328677
C10 875.002 88.73462048470728
C10 899.999 81.38021766616438
C10 919.999 72.90959564557325
C10 925.012 70.20235299467828
C10 949.965 57.05059576356924
C10 975.002 42.965189845478335
C10 999.976 26.125438310307143
C10 1025.028 11.33059367314201
C10 1050.014 3.8260167349828733
C10 1075.002 0.9245016381023339
C10 1099.99 0.09172820321031296
C11 319.994 37.718958840178914
C11 324.969 42.47243459460122
C11 349.982 63.225204639035184
C11 374.975 69.65958354868664
C11 400.019 79.16506149584093
C11 424.965 82.78542120749941
C11 450.035 85.24693422226322
C11 475.003 87.97777653038304
C11 500.018 90.38305238566323
C11 525.002 92.44513950163301
C11 550.029 93.97991067754289
C11 575.023 95.48060101641015
C11 599.982 96.6623974920406
C11 619.997 96.76553169690922
C11 624.979 96.79940094560656
C11 650.012 97.15079629002302
C11 675.004 97.35620323292595
C11 700.03 96.99454585376361
C11 725.012 96.68543039476917
C11 750.022 97.09243569036005
C11 774.987 97.46261705714635
C11 799.976 96.74348872536748
C11 824.988 95.17106993745178
C11 850.022 93.01755398614308
C11 869.967 89.91723308681236
C11 875.002 88.85388830090317
C11 899.999 81.21168754915236
C11 919.999 72.75624699233474
C11 925.012 70.07595918528257
C11 949.965 57.117922419363275
C11 975.002 42.91456733387115
C11 999.976 26.03652775411334
C11 1025.028 11.230518997962436
C11 1050.014 3.813420380155478
C11 1075.002 0.924991611588937
C11 1099.99 0.09177681792952432
C12 319.994 38.10569321661972
C12 324.969 42.91435952388918
C12 349.982 63.94103068128242
C12 374.975 70.3425000465169
C12 400.019 79.53739652971306
C12 424.965 82.98891629856823
C12 450.035 85.35263015745501
C12 475.003 88.02753757515589
C12 500.018 90.39396429889815
C12 525.002 92.42642904652935
C12 550.029 93.95017495830504
C12 575.023 95.43951509379359
C12 599.982 96.61219815712396
C12 619.997 96.71486384494233
C12 624.979 96.7522167446101
C12 650.012 97.09624428057501
C12 675.004 97.30555049441229
C12 700.03 96.95287806319755
C12 725.012 96.66961416595983
C12 750.022 97.11435775427591
C12 774.987 97.52161997857176
C12 799.976 96.81535319549502
C12 824.988 95.22683102315852
C12 850.022 93.04164483059805
C12 869.967 89.98004459845275
C12 875.002 88.92594168919612
C12 899.999 81.08241462691558
C12 919.999 72.55439926766843
C12 925.012 69.8757361568389
C12 949.965 57.13569961872974
C12 975.002 42.88272328790717
C12 999.976 25.96623130475883
C12 1025.028 11.17538984351904
C12 1050.014 3.7919935179807207
C12 1075.002 0.9252001479318802
C12 1099.99 0.09179750871389275
C13 319.994 38.42798760683417
C13 324.969 43.276330507206126
C13 349.982 64.54404235186468
C13 374.975 70.98355983561568
C13 400.019 80.00331406600996
C13 424.965 83.34254843406333
C13 450.035 85.64759186749582
C13 475.003 88.28544865459362
C13 500.018 90.63589290154097
C13 525.002 92.65168751025509
C13 550.029 94.1698338876076
C13 575.023 95.65673320039886
C13 599.982 96.83068579380088
C13 619.997 96.93078219456947
C13 624.979 96.96696380161161
C13 650.012 97.31108201829592
C13 675.004 97.52371319184468
C13 700.03 97.17099542027023
C13 725.012 96.89102625583752
C13 750.022 97.34090841825316
C13 774.987 97.7562185563961
C13 799.976 97.05249839018927
C13 824.988 95.4615807355152
C13 850.022 93.22553021609578
C13 869.967 90.14113889647366
C13 875.002 89.10225523462364
C13 899.999 81.22454154112785
C13 919.999 72.50757778954959
C13 925.012 69.80158955527304
C13 949.965 57.1082346958403
C13 975.002 42.96172130796114
C13 999.976 25.984692387884124
C13 1025.028 11.174692735488625
C13 1050.014 3.789461542268617
C13 1075.002 0.9273584286113694
C13 1099.99 0.09201165134013996
C14 319.994 38.603651273772634
C14 324.969 43.48331302760868
C14 349.982 64.94229695803307
C14 374.975 71.42064090314216
C14 400.019 80.24559027807716
C14 424.965 83.4663956265891
C14 450.035 85.70447134874188
C14 475.003 88.30005580714426
C14 500.018 90.62270641359433
C14 525.002 92.6263346924551
C14 550.029 94.13261700901894
C14 575.023 95.61304776382606
C14 599.982 96.78558724935071
C14 619.997 96.88767106921958
C14 624.979 96.92228087712537
C14 650.012 97.27176436970774
C14 675.004 97.48063985012786
C14 700.03 97.12840570905689
C14 725.012 96.83982943300744
C14 750.022 97.2817543622954
C14 774.987 97.68470925241957
C14 799.976 96.97207214880468
C14 824.988 95.3892024079777
C14 850.022 93.12376377874483
C14 869.967 89.97226117003726
C14 875.002 88.94996452311153
C14 899.999 81.21778582753227
C14 919.999 72.31284850135647
C14 925.012 69.56136121611905
C14 949.965 56.814346040979096
C14 975.002 42.84961726859815
C14 999.976 25.924977244975047
C14 1025.028 11.133448121613114
C14 1050.014 3.7836622268854936
C14 1075.002 0.9267949576659454
C14 1099.99 0.09195574427058512
C15 319.994 38.91577808832393
C15 324.969 43.84044770589075
C15 349.982 65.5670493310924
C15 374.975 72.07757737486322
C15 400.019 80.68332878081931
C15 424.965 83.77458160820966
C15 450.035 85.94072484969533
C15 475.003 88.498185622315
C15 500.018 90.79744815988552
C15 525.002 92.78417204130409
C15 550.029 94.28415204786936
C15 575.023 95.76470371030236
C15 599.982 96.93607190320137
C15 619.997 97.03972752220656
C15 624.979 97.0751081162273
C15 650.012 97.42275532424173
C15 675.004 97.6323638071437
C15 700.03 97.27787020481426
C15 725.012 96.98401177685953
C15 750.022 97.4078383458998
C15 774.987 97.7967906216027
C15 799.976 97.07153378453746
C15 824.988 95.49183031216299
C15 850.022 93.20131846401496
C15 869.967 89.97719571251814
C15 875.002 88.9401181083296
C15 899.999 81.34105115210855
C15 919.999 72.33219372149595
C15 925.012 69.55578435187572
C15 949.965 56.689176421295336
C15 975.002 42.80235372197221
C15 999.976 25.924697646090216
C15 1025.028 11.115442331266491
C15 1050.014 3.7900717479429384
C15 1075.002 0.9279962869579621
C15 1099.99 0.09207493905930046
C16 319.994 39.075935352244336
C16 324.969 44.02300688586721
C16 349.982 65.90890808651824
C16 374.975 72.44292999334127
C16 400.019 80.9173757176006
C16 424.965 83.92771867310287
C16 450.035 86.04691952884383
C16 475.003 88.57407027100278
C16 500.018 90.85312612159947
C16 525.002 92.83159050082568
C16 550.029 94.3271044819603
C16 575.023 95.80751256658758
C16 599.982 96.98135936581697
C16 619.997 97.08283864755647
C16 624.979 97.12280617463371
C16 650.012 97.47030980484243
C16 675.004 97.68353040306731
C16 700.03 97.32151785775397
C16 725.012 97.01401953825558
C16 750.022 97.4258535821547
C16 774.987 97.79751606735793
C16 799.976 97.06373524266873
C16 824.988 95.48419801827983
C16 850.022 93.19661818005919
C16 869.967 89.94900156551017
C16 875.002 88.86314529100898
C16 899.999 81.37507909206484
C16 919.999 72.24739969212675
C16 925.012 69.59402894528428
C16 949.965 56.625949289691015
C16 975.002 42.79283980316143
C16 999.976 26.023190131634358
C16 1025.028 11.14184553406624
C16 1050.014 3.7947021321774965
C16 1075.002 0.9281680422758031
C16 1099.99 0.09209198046414828
C17 319.994 39.248523431449684
C17 324.969 44.221064912135105
C17 349.982 66.27181232557237
C17 374.975 72.79411374941246
C17 400.019 81.14128908398851
C17 424.965 84.07616301076695
C17 450.035 86.15298574363985
C17 475.003 88.66524217763673
C17 500.018 90.93710402449403
C17 525.002 92.9094096715274
C17 550.029 94.40195385910155
C17 575.023 95.88456095117438
C17 599.982 97.05590647389353
C17 619.997 97.16103565458904
C17 624.979 97.19477643893389
C17 650.012 97.54825743989664
C17 675.004 97.7540800027635
C17 700.03 97.38887096209118
C17 725.012 97.06952369525735
C17 750.022 97.46223166408888
C17 774.987 97.81897717095018
C17 799.976 97.0727504175228
C17 824.988 95.49039453410576
C17 850.022 93.1904821180462
C17 869.967 89.89705662674501
C17 875.002 88.83223072241888
C17 899.999 81.38812200220575
C17 919.999 72.33724161487609
C17 925.012 69.54030817576412
C17 949.965 56.47443692102044
C17 975.002 42.64634510096454
C17 999.976 25.991969515616283
C17 1025.028 11.18408858044602
C17 1050.014 3.813665737622823
C17 1075.002 0.9285147558572646
C17 1099.99 0.09212638106718166
