lsstCam/transmission_sensor/r30_s20/19700101T000000.ecsv
# %ECSV 1.0
# ---
# datatype:
# - {name: amp_name, datatype: string}
# - {name: wavelength, unit: nm, datatype: float32}
# - {name: efficiency, unit: '%', datatype: float64}
# meta: !!omap
# - {MODE: AMP}
# - {TYPE: transmission_sensor}
# - {CALIBDATE: '1970-01-01T00:00:00'}
# - {INSTRUME: LSSTCAM}
# - {OBSTYPE: transmission_sensor}
# - {DETECTOR: 123}
# - {PARQUETFILE: qe_raft_allvalues_nircorrected_20230725.parquet}
# - {CALIBCLS: lsst.ip.isr.IntermediateSensorTransmissionCurve}
# - {CALIB_ID: 'raftName=R30 detectorName=S20 detector=123 calibDate=1970-01-01T00:00:00 ccd=123 ccdnum=123 filter=None'}
# - {DATE: '2024-01-18T22:42:25.412072'}
# - {CALIB_CREATION_DATE: '2024-01-18'}
# - {CALIB_CREATION_TIME: '22:42:25'}
# - __serialized_columns__:
#     efficiency:
#       __class__: astropy.units.quantity.Quantity
#       unit: !astropy.units.Unit {unit: '%'}
#       value: !astropy.table.SerializedColumn {name: efficiency}
#     wavelength:
#       __class__: astropy.units.quantity.Quantity
#       unit: !astropy.units.Unit {unit: nm}
#       value: !astropy.table.SerializedColumn {name: wavelength}
# schema: astropy-2.0
amp_name wavelength efficiency
C00 319.994 39.12825393676758
C00 324.969 44.07426071166992
C00 349.982 65.73444366455078
C00 374.975 72.12084197998047
C00 400.019 81.03409576416016
C00 424.965 84.33071899414062
C00 450.035 86.62528991699219
C00 475.003 89.28009796142578
C00 500.018 91.64302062988281
C00 525.002 93.67652893066406
C00 550.029 95.20588684082031
C00 575.023 96.70271301269531
C00 599.982 97.8807601928711
C00 619.997 97.97819519042969
C00 624.979 98.0151596069336
C00 650.012 98.3553466796875
C00 675.004 98.54888153076172
C00 700.03 98.10394287109375
C00 725.012 97.58767700195312
C00 750.022 97.72449493408203
C00 774.987 97.82289123535156
C00 799.976 96.9668960571289
C00 824.988 95.40779876708984
C00 850.022 93.15863800048828
C00 869.967 89.95677185058594
C00 875.002 88.893798828125
C00 899.999 81.44564819335938
C00 919.999 73.29523468017578
C00 925.012 70.57907104492188
C00 949.965 57.19694519042969
C00 975.002 42.94061279296875
C00 999.976 26.0659122467041
C00 1025.028 11.312963485717773
C00 1050.014 3.8184354305267334
C00 1075.002 0.9310155000405121
C00 1099.99 0.09237450260765703
C01 319.994 39.31730270385742
C01 324.969 44.294952392578125
C01 349.982 66.15966796875
C01 374.975 72.5787582397461
C01 400.019 81.28776550292969
C01 424.965 84.46072387695312
C01 450.035 86.69001007080078
C01 475.003 89.30144500732422
C01 500.018 91.63898468017578
C01 525.002 93.6555404663086
C01 550.029 95.17627716064453
C01 575.023 96.67351531982422
C01 599.982 97.84881591796875
C01 619.997 97.94676208496094
C01 624.979 97.98274230957031
C01 650.012 98.32421875
C01 675.004 98.52606201171875
C01 700.03 98.10880279541016
C01 725.012 97.6542739868164
C01 750.022 97.87252044677734
C01 774.987 98.04463195800781
C01 799.976 97.22444915771484
C01 824.988 95.63986206054688
C01 850.022 93.34574890136719
C01 869.967 90.23052978515625
C01 875.002 89.17328643798828
C01 899.999 81.35030364990234
C01 919.999 73.01036071777344
C01 925.012 70.3128662109375
C01 949.965 57.30548858642578
C01 975.002 42.94003677368164
C01 999.976 25.947580337524414
C01 1025.028 11.200900077819824
C01 1050.014 3.798348903656006
C01 1075.002 0.9324250778495331
C01 1099.99 0.09251435962291557
C02 319.994 39.61717987060547
C02 324.969 44.63372039794922
C02 349.982 66.72655487060547
C02 374.975 73.14509582519531
C02 400.019 81.64812469482422
C02 424.965 84.70592498779297
C02 450.035 86.86444091796875
C02 475.003 89.43902587890625
C02 500.018 91.7541732788086
C02 525.002 93.7561264038086
C02 550.029 95.26602935791016
C02 575.023 96.75755310058594
C02 599.982 97.9356918334961
C02 619.997 98.03475952148438
C02 624.979 98.06961822509766
C02 650.012 98.4109878540039
C02 675.004 98.61392974853516
C02 700.03 98.20339965820312
C02 725.012 97.76583099365234
C02 750.022 98.00469970703125
C02 774.987 98.19905853271484
C02 799.976 97.38274383544922
C02 824.988 95.80280303955078
C02 850.022 93.45002746582031
C02 869.967 90.28849792480469
C02 875.002 89.25932312011719
C02 899.999 81.50372314453125
C02 919.999 72.77427673339844
C02 925.012 70.04021453857422
C02 949.965 57.14326858520508
C02 975.002 42.940086364746094
C02 999.976 25.92633819580078
C02 1025.028 11.152015686035156
C02 1050.014 3.777575969696045
C02 1075.002 0.9336841597826734
C02 1099.99 0.09263928457562694
C03 319.994 39.667022705078125
C03 324.969 44.6890983581543
C03 349.982 66.8968734741211
C03 374.975 73.36151885986328
C03 400.019 81.69508361816406
C03 424.965 84.6471176147461
C03 450.035 86.74111938476562
C03 475.003 89.27342987060547
C03 500.018 91.56069946289062
C03 525.002 93.54358673095703
C03 550.029 95.04391479492188
C03 575.023 96.52877807617188
C03 599.982 97.69979858398438
C03 619.997 97.80021667480469
C03 624.979 97.83245849609375
C03 650.012 98.17950439453125
C03 675.004 98.38017272949219
C03 700.03 97.9709701538086
C03 725.012 97.52799987792969
C03 750.022 97.75743865966797
C03 774.987 97.943359375
C03 799.976 97.12052917480469
C03 824.988 95.55766296386719
C03 850.022 93.18701171875
C03 869.967 89.92926025390625
C03 875.002 88.89745330810547
C03 899.999 81.41211700439453
C03 919.999 72.49774932861328
C03 925.012 69.71134185791016
C03 949.965 56.723018646240234
C03 975.002 42.718780517578125
C03 999.976 25.862531661987305
C03 1025.028 11.089256286621094
C03 1050.014 3.7618186473846436
C03 1075.002 0.9313285908037219
C03 1099.99 0.09240556718555212
C04 319.994 39.889251708984375
C04 324.969 44.94622039794922
C04 349.982 67.37996673583984
C04 374.975 73.93403625488281
C04 400.019 82.13531494140625
C04 424.965 84.99774932861328
C04 450.035 87.0457534790039
C04 475.003 89.54828643798828
C04 500.018 91.82177734375
C04 525.002 93.79833984375
C04 550.029 95.29589080810547
C04 575.023 96.78439331054688
C04 599.982 97.9621353149414
C04 619.997 98.06043243408203
C04 624.979 98.09858703613281
C04 650.012 98.4464340209961
C04 675.004 98.65215301513672
C04 700.03 98.23600769042969
C04 725.012 97.77251434326172
C04 750.022 97.97936248779297
C04 774.987 98.13640594482422
C04 799.976 97.2999496459961
C04 824.988 95.74034118652344
C04 850.022 93.35746765136719
C04 869.967 90.02442169189453
C04 875.002 88.97761535644531
C04 899.999 81.61698150634766
C04 919.999 72.68595123291016
C04 925.012 69.84677124023438
C04 949.965 56.68012619018555
C04 975.002 42.695655822753906
C04 999.976 25.921701431274414
C04 1025.028 11.095528602600098
C04 1050.014 3.7737088203430176
C04 1075.002 0.9334430733362057
C04 1099.99 0.09261536419988999
C05 319.994 40.21161651611328
C05 324.969 45.31086349487305
C05 349.982 68.01358032226562
C05 374.975 74.5953598022461
C05 400.019 82.59371948242188
C05 424.965 85.34420776367188
C05 450.035 87.32828521728516
C05 475.003 89.7947006225586
C05 500.018 92.04633331298828
C05 525.002 94.01428985595703
C05 550.029 95.50749969482422
C05 575.023 96.9920425415039
C05 599.982 98.16915893554688
C05 619.997 98.26973724365234
C05 624.979 98.30712127685547
C05 650.012 98.65750122070312
C05 675.004 98.8641586303711
C05 700.03 98.43810272216797
C05 725.012 97.94977569580078
C05 750.022 98.12260437011719
C05 774.987 98.24857330322266
C05 799.976 97.39118194580078
C05 824.988 95.82564544677734
C05 850.022 93.4385757446289
C05 869.967 90.02728271484375
C05 875.002 88.948974609375
C05 899.999 81.6840591430664
C05 919.999 72.78933715820312
C05 925.012 69.94610595703125
C05 949.965 56.55357360839844
C05 975.002 42.60466003417969
C05 999.976 25.94303321838379
C05 1025.028 11.110310554504395
C05 1050.014 3.7791402339935303
C05 1075.002 0.9348080068763086
C05 1099.99 0.09275079165180032
C06 319.994 40.31244659423828
C06 324.969 45.42557907104492
C06 349.982 68.2442626953125
C06 374.975 74.84089660644531
C06 400.019 82.69270324707031
C06 424.965 85.35388946533203
C06 450.035 87.29084777832031
C06 475.003 89.72844696044922
C06 500.018 91.95989990234375
C06 525.002 93.91441345214844
C06 550.029 95.39655303955078
C06 575.023 96.88006591796875
C06 599.982 98.05367279052734
C06 619.997 98.15400695800781
C06 624.979 98.192138671875
C06 650.012 98.54264831542969
C06 675.004 98.74604034423828
C06 700.03 98.31300354003906
C06 725.012 97.80485534667969
C06 750.022 97.94142150878906
C06 774.987 98.03169250488281
C06 799.976 97.1575698852539
C06 824.988 95.58743286132812
C06 850.022 93.15898895263672
C06 869.967 89.72759246826172
C06 875.002 88.67868041992188
C06 899.999 81.37440490722656
C06 919.999 72.5489730834961
C06 925.012 69.616455078125
C06 949.965 56.21131896972656
C06 975.002 42.24821853637695
C06 999.976 25.69769859313965
C06 1025.028 11.039034843444824
C06 1050.014 3.7707149982452393
C06 1075.002 0.933082197137103
C06 1099.99 0.09257955839494517
C07 319.994 40.41427993774414
C07 324.969 45.54716110229492
C07 349.982 68.54967498779297
C07 374.975 75.19873809814453
C07 400.019 82.9404067993164
C07 424.965 85.53423309326172
C07 450.035 87.4278335571289
C07 475.003 89.84679412841797
C07 500.018 92.07243347167969
C07 525.002 94.02263641357422
C07 550.029 95.50941467285156
C07 575.023 96.99762725830078
C07 599.982 98.1797866821289
C07 619.997 98.28509521484375
C07 624.979 98.32295989990234
C07 650.012 98.67626190185547
C07 675.004 98.88365936279297
C07 700.03 98.4473648071289
C07 725.012 97.91838073730469
C07 750.022 98.03076934814453
C07 774.987 98.09175109863281
C07 799.976 97.19447326660156
C07 824.988 95.61127471923828
C07 850.022 93.17565155029297
C07 869.967 89.70699310302734
C07 875.002 88.6087646484375
C07 899.999 81.31661987304688
C07 919.999 72.58617401123047
C07 925.012 69.72803497314453
C07 949.965 56.05820083618164
C07 975.002 42.035884857177734
C07 999.976 25.632369995117188
C07 1025.028 11.023951530456543
C07 1050.014 3.7691917419433594
C07 1075.002 0.9339336579328505
C07 1099.99 0.09266403955287829
C10 319.994 37.7584342956543
C10 324.969 42.51131057739258
C10 349.982 63.195194244384766
C10 374.975 69.6947250366211
C10 400.019 79.59721374511719
C10 424.965 83.43267059326172
C10 450.035 86.01900482177734
C10 475.003 88.84011840820312
C10 500.018 91.31185913085938
C10 525.002 93.41694641113281
C10 550.029 94.98358154296875
C10 575.023 96.51028442382812
C10 599.982 97.7070083618164
C10 619.997 97.81301879882812
C10 624.979 97.85220336914062
C10 650.012 98.20462799072266
C10 675.004 98.40602111816406
C10 700.03 98.01663970947266
C10 725.012 97.64249420166016
C10 750.022 97.97411346435547
C10 774.987 98.26954650878906
C10 799.976 97.50752258300781
C10 824.988 95.9551010131836
C10 850.022 93.77520751953125
C10 869.967 90.62407684326172
C10 875.002 89.58792114257812
C10 899.999 82.16279602050781
C10 919.999 73.6107177734375
C10 925.012 70.87744140625
C10 949.965 57.599212646484375
C10 975.002 43.37835693359375
C10 999.976 26.37666893005371
C10 1025.028 11.439552307128906
C10 1050.014 3.8628089427948
C10 1075.002 0.9333919432806984
C10 1099.99 0.09261029112275476
C11 319.994 38.0816764831543
C11 324.969 42.880863189697266
C11 349.982 63.83319854736328
C11 374.975 70.32945251464844
C11 400.019 79.92633819580078
C11 424.965 83.58151245117188
C11 450.035 86.06669616699219
C11 475.003 88.82379913330078
C11 500.018 91.25220489501953
C11 525.002 93.33412170410156
C11 550.029 94.88365173339844
C11 575.023 96.39877319335938
C11 599.982 97.59193420410156
C11 619.997 97.69606018066406
C11 624.979 97.73025512695312
C11 650.012 98.08502960205078
C11 675.004 98.29241180419922
C11 700.03 97.92727661132812
C11 725.012 97.61518859863281
C11 750.022 98.02610778808594
C11 774.987 98.39984893798828
C11 799.976 97.6738052368164
C11 824.988 96.08626556396484
C11 850.022 93.91204071044922
C11 869.967 90.78190612792969
C11 875.002 89.70833587646484
C11 899.999 81.99264526367188
C11 919.999 73.45589447021484
C11 925.012 70.74983215332031
C11 949.965 57.66718673706055
C11 975.002 43.327247619628906
C11 999.976 26.286903381347656
C11 1025.028 11.338515281677246
C11 1050.014 3.8500914573669434
C11 1075.002 0.9338866285099806
C11 1099.99 0.09265937333674616
C12 319.994 38.472129821777344
C12 324.969 43.3270378112793
C12 349.982 64.555908203125
C12 374.975 71.01893615722656
C12 400.019 80.30225372314453
C12 424.965 83.7869644165039
C12 450.035 86.17340850830078
C12 475.003 88.87403869628906
C12 500.018 91.26322174072266
C12 525.002 93.31523132324219
C12 550.029 94.85363006591797
C12 575.023 96.35729217529297
C12 599.982 97.54125213623047
C12 619.997 97.64490509033203
C12 624.979 97.6826171875
C12 650.012 98.02995300292969
C12 675.004 98.24127197265625
C12 700.03 97.88520812988281
C12 725.012 97.5992202758789
C12 750.022 98.0482406616211
C12 774.987 98.45941925048828
C12 799.976 97.7463607788086
C12 824.988 96.14256286621094
C12 850.022 93.93636322021484
C12 869.967 90.84532165527344
C12 875.002 89.78108215332031
C12 899.999 81.86212921142578
C12 919.999 73.25210571289062
C12 925.012 70.54768371582031
C12 949.965 57.68513488769531
C12 975.002 43.29509735107422
C12 999.976 26.215930938720703
C12 1025.028 11.282855987548828
C12 1050.014 3.828458547592163
C12 1075.002 0.934097170205487
C12 1099.99 0.09268026309035363
C13 319.994 38.797523498535156
C13 324.969 43.69248962402344
C13 349.982 65.16471862792969
C13 374.975 71.6661605834961
C13 400.019 80.77265167236328
C13 424.965 84.14399719238281
C13 450.035 86.47120666503906
C13 475.003 89.13442993164062
C13 500.018 91.50747680664062
C13 525.002 93.54265594482422
C13 550.029 95.07540130615234
C13 575.023 96.57659912109375
C13 599.982 97.7618408203125
C13 619.997 97.86289978027344
C13 624.979 97.89942932128906
C13 650.012 98.24685668945312
C13 675.004 98.46153259277344
C13 700.03 98.10542297363281
C13 725.012 97.82276153564453
C13 750.022 98.27696990966797
C13 774.987 98.69627380371094
C13 799.976 97.98578643798828
C13 824.988 96.37957000732422
C13 850.022 94.12201690673828
C13 869.967 91.00796508789062
C13 875.002 89.95909118652344
C13 899.999 82.00562286376953
C13 919.999 73.204833984375
C13 925.012 70.47282409667969
C13 949.965 57.657405853271484
C13 975.002 43.374855041503906
C13 999.976 26.234569549560547
C13 1025.028 11.28215217590332
C13 1050.014 3.825902223587036
C13 1075.002 0.9362762056063422
C13 1099.99 0.09289646498098779
C14 319.994 38.974876403808594
C14 324.969 43.90146255493164
C14 349.982 65.56680297851562
C14 374.975 72.1074447631836
C14 400.019 81.01725769042969
C14 424.965 84.26903533935547
C14 450.035 86.52863311767578
C14 475.003 89.14917755126953
C14 500.018 91.4941635131836
C14 525.002 93.51705932617188
C14 550.029 95.03782653808594
C14 575.023 96.5324935913086
C14 599.982 97.71630859375
C14 619.997 97.81937408447266
C14 624.979 97.85431671142578
C14 650.012 98.20716094970703
C14 675.004 98.41804504394531
C14 700.03 98.06242370605469
C14 725.012 97.77107238769531
C14 750.022 98.21724700927734
C14 774.987 98.62407684326172
C14 799.976 97.90458679199219
C14 824.988 96.3064956665039
C14 850.022 94.01927185058594
C14 869.967 90.83746337890625
C14 875.002 89.80533599853516
C14 899.999 81.9988021850586
C14 919.999 73.00823211669922
C14 925.012 70.23028564453125
C14 949.965 57.36069107055664
C14 975.002 43.26167297363281
C14 999.976 26.174280166625977
C14 1025.028 11.240510940551758
C14 1050.014 3.82004714012146
C14 1075.002 0.9357073161430297
C14 1099.99 0.09284002029106594
C15 319.994 39.29000473022461
C15 324.969 44.26203155517578
C15 349.982 66.19756317138672
C15 374.975 72.77069854736328
C15 400.019 81.4592056274414
C15 424.965 84.58018493652344
C15 450.035 86.76715850830078
C15 475.003 89.34921264648438
C15 500.018 91.67058563232422
C15 525.002 93.6764144897461
C15 550.029 95.1908187866211
C15 575.023 96.68560791015625
C15 599.982 97.86824035644531
C15 619.997 97.97289276123047
C15 624.979 98.00861358642578
C15 650.012 98.35960388183594
C15 675.004 98.57122802734375
C15 700.03 98.21332550048828
C15 725.012 97.91664123535156
C15 750.022 98.34454345703125
C15 774.987 98.73723602294922
C15 799.976 98.0050048828125
C15 824.988 96.41011047363281
C15 850.022 94.09757232666016
C15 869.967 90.84244537353516
C15 875.002 89.79539489746094
C15 899.999 82.12325286865234
C15 919.999 73.02776336669922
C15 925.012 70.22465515136719
C15 949.965 57.234317779541016
C15 975.002 43.21395492553711
C15 999.976 26.17399787902832
C15 1025.028 11.222332000732422
C15 1050.014 3.8265182971954346
C15 1075.002 0.9369201978040045
C15 1099.99 0.09296036129521637
C16 319.994 39.45170211791992
C16 324.969 44.446346282958984
C16 349.982 66.54270935058594
C16 374.975 73.13956451416016
C16 400.019 81.69550323486328
C16 424.965 84.73479461669922
C16 450.035 86.87437438964844
C16 475.003 89.42582702636719
C16 500.018 91.72679901123047
C16 525.002 93.72428894042969
C16 550.029 95.23418426513672
C16 575.023 96.72882843017578
C16 599.982 97.9139633178711
C16 619.997 98.01641845703125
C16 624.979 98.05677032470703
C16 650.012 98.4076156616211
C16 675.004 98.62288665771484
C16 700.03 98.25739288330078
C16 725.012 97.94693756103516
C16 750.022 98.36273193359375
C16 774.987 98.73796844482422
C16 799.976 97.99713134765625
C16 824.988 96.40240478515625
C16 850.022 94.09282684326172
C16 869.967 90.81398010253906
C16 875.002 89.71768188476562
C16 899.999 82.15760803222656
C16 919.999 72.94215393066406
C16 925.012 70.26326751708984
C16 949.965 57.17048263549805
C16 975.002 43.204349517822266
C16 999.976 26.2734375
C16 1025.028 11.24898910522461
C16 1050.014 3.831193208694458
C16 1075.002 0.9370936047762382
C16 1099.99 0.0929775665756957
C17 319.994 39.62594985961914
C17 324.969 44.64630889892578
C17 349.982 66.90910339355469
C17 374.975 73.49412536621094
C17 400.019 81.92156982421875
C17 424.965 84.8846664428711
C17 450.035 86.98146057128906
C17 475.003 89.51787567138672
C17 500.018 91.81158447265625
C17 525.002 93.8028564453125
C17 550.029 95.30975341796875
C17 575.023 96.8066177368164
C17 599.982 97.98922729492188
C17 619.997 98.09536743164062
C17 624.979 98.12943267822266
C17 650.012 98.48631286621094
C17 675.004 98.6941146850586
C17 700.03 98.32539367675781
C17 725.012 98.00297546386719
C17 750.022 98.39945983886719
C17 774.987 98.75963592529297
C17 799.976 98.00623321533203
C17 824.988 96.40866088867188
C17 850.022 94.08663177490234
C17 869.967 90.76153564453125
C17 875.002 89.68647003173828
C17 899.999 82.1707763671875
C17 919.999 73.0328598022461
C17 925.012 70.20903015136719
C17 949.965 57.017513275146484
C17 975.002 43.05644607543945
C17 999.976 26.24191665649414
C17 1025.028 11.291638374328613
C17 1050.014 3.85033917427063
C17 1075.002 0.9374436524670421
C17 1099.99 0.09301229798599504
