lsstCam/transmission_filter_detector/r01_s12/z_20/19700101T000000.ecsv
# %ECSV 1.0
# ---
# datatype:
# - {name: wavelength, unit: nm, datatype: float32}
# - {name: efficiency, unit: '%', datatype: float64}
# meta: !!omap
# - {MODE: DETECTOR}
# - {TYPE: transmission_filter_detector}
# - {CALIBDATE: '1970-01-01T00:00:00'}
# - {INSTRUME: LSSTCam}
# - {OBSTYPE: transmission_filter_detector}
# - {CALIBCLS: lsst.ip.isr.IntermediateFilterDetectorTransmissionCurve}
# - {SOURCE: Materion (DM-46256)}
# - {DETECTOR: 5}
# - {FILTER: z_20}
# - {CALIB_ID: 'calibDate=1970-01-01T00:00:00 filter=z_20 detector=5'}
# - {DATE: '2025-04-02T15:59:48.657171'}
# - {CALIB_CREATION_DATE: '2025-04-02'}
# - {CALIB_CREATION_TIME: '15:59:48'}
# - __serialized_columns__:
#     efficiency:
#       __class__: astropy.units.quantity.Quantity
#       unit: !astropy.units.Unit {unit: '%'}
#       value: !astropy.table.SerializedColumn {name: efficiency}
#     wavelength:
#       __class__: astropy.units.quantity.Quantity
#       unit: !astropy.units.Unit {unit: nm}
#       value: !astropy.table.SerializedColumn {name: wavelength}
# schema: astropy-2.0
wavelength efficiency
[from data line 597]
897.0 99.17337894439697
898.0 98.70257377624512
899.0 98.4605610370636
900.0 98.90804290771484
901.0 99.18047189712524
902.0 99.05632138252258
903.0 98.44885468482971
904.0 97.73028492927551
905.0 98.57283234596252
906.0 97.99051880836487
907.0 98.7625777721405
908.0 98.14057946205139
909.0 98.13222885131836
910.0 98.14836382865906
911.0 96.90582156181335
912.0 96.0184097290039
913.0 94.92003917694092
914.0 92.6811933517456
915.0 90.04107117652893
916.0 88.28516602516174
917.0 86.56488060951233
918.0 83.03477168083191
919.0 81.84242248535156
920.0 79.08765077590942
921.0 75.19469261169434
922.0 70.65351605415344
923.0 64.62811827659607
924.0 59.32406187057495
925.0 53.788912296295166
926.0 47.513288259506226
927.0 40.3344452381134
928.0 34.41131114959717
929.0 28.030982613563538
930.0 22.418929636478424
931.0 17.35685020685196
932.0 11.824478209018707
933.0 7.852218300104141
934.0 4.825021326541901
935.0 3.034670278429985
936.0 1.742868684232235
937.0 1.0024155490100384
938.0 0.6874912418425083
939.0 0.29091008473187685
940.0 0.27384969871491194
941.0 0.022439580061472952
942.0 0.13206528965383768
943.0 0.04197318048682064
944.0 1.654725076578878e-10
945.0 0.19582118839025497
946.0 0.04363660700619221
947.0 1.654725076578878e-10
948.0 0.15253189485520124
949.0 1.654725076578878e-10
950.0 1.654725076578878e-10
951.0 0.024898050469346344
952.0 0.061698927311226726
953.0 1.654725076578878e-10
954.0 0.0393922469811514
955.0 1.654725076578878e-10
956.0 1.654725076578878e-10
957.0 1.654725076578878e-10
958.0 1.654725076578878e-10
959.0 0.019787524070125073
960.0 0.04036053142044693
961.0 1.654725076578878e-10
962.0 1.654725076578878e-10
963.0 1.654725076578878e-10
964.0 1.654725076578878e-10
965.0 1.654725076578878e-10
966.0 1.654725076578878e-10
967.0 0.0259083928540349
968.0 0.019248689932283014
969.0 0.024045657482929528
970.0 0.004213889405946247
971.0 0.06638517952524126
972.0 0.05094017833471298
973.0 0.06872409139759839
974.0 1.654725076578878e-10
975.0 1.654725076578878e-10
976.0 0.00633785457466729
977.0 0.006318347004707903
978.0 0.006298840889940038
979.0 0.006091119576012716
980.0 0.00588339680689387
981.0 0.005716626037610695
982.0 0.0055498556321254
983.0 0.005473782948683947
984.0 0.005397710992838256
985.0 0.005188800787436776
986.0 0.004979889854439534
987.0 0.004967472341377288
988.0 0.004955055192112923
989.0 0.004842022462980822
990.0 0.0047289900976466015
991.0 0.0048286718083545566
992.0 0.004928353519062512
993.0 0.0048614641855238006
994.0 0.004794574124389328
995.0 0.004762285607284866
996.0 0.004729997453978285
997.0 0.004543907925835811
998.0 0.004357818397693336
999.0 0.004346995774540119
1000.0 0.004336173151386902
1001.0 0.004486336183617823
1002.0 0.0046364984882529825
1003.0 0.004538202847470529
1004.0 0.004439907206688076
1005.0 0.004293121310183778
1006.0 0.0041463354136794806
1007.0 0.004205476216156967
1008.0 0.004264617018634453
1009.0 0.004375125718070194
1010.0 0.0044856347813038155
1011.0 0.004537779022939503
1012.0 0.004589923264575191
1013.0 0.004447077299118973
1014.0 0.004304230969864875
1015.0 0.004398750752443448
1016.0 0.00449327017122414
1017.0 0.0048156449338421226
1018.0 0.005138020060257986
1019.0 0.004910431016469374
1020.0 0.004682841972680762
1021.0 0.004697079202742316
1022.0 0.0047113160690059885
1023.0 0.004576632272801362
1024.0 0.004441948112798855
1025.0 0.00465178418380674
1026.0 0.004861619891016744
1027.0 0.004763120523421094
1028.0 0.0046646211558254436
1029.0 0.0046584693336626515
1030.0 0.004652317511499859
1031.0 0.004711396832135506
1032.0 0.0047704761527711526
1033.0 0.004851524136029184
1034.0 0.004932572483085096
1035.0 0.0050607290177140385
1036.0 0.0051888851885451
1037.0 0.005351372601580806
1038.0 0.005513859650818631
1039.0 0.005370639337343164
1040.0 0.005227417932474054
1041.0 0.005659837188431993
1042.0 0.006092256444389932
1043.0 0.005548611443373375
1044.0 0.005004966442356817
1045.0 0.005779107959824614
1046.0 0.00655324911349453
1047.0 0.006244395626708865
1048.0 0.005935541412327439
1049.0 0.006037038838258013
1050.0 0.006138536264188588
1051.0 0.006415149255190045
1052.0 0.006691764428978786
1053.0 0.006791957275709137
1054.0 0.006892149394843727
1055.0 0.007535955955972895
1056.0 0.008179763244697824
1057.0 0.00793028375483118
1058.0 0.007680804992560297
1059.0 0.007860254845581949
1060.0 0.008039702515816316
1061.0 0.00860869768075645
1062.0 0.009177692845696583
1063.0 0.009123743802774698
1064.0 0.009069796215044335
1065.0 0.009107805817620829
1066.0 0.009145817602984607
1067.0 0.009237553604179993
1068.0 0.009329291788162664
1069.0 0.010190741159021854
1070.0 0.011052191257476807
1071.0 0.010849555837921798
1072.0 0.010646919690771028
1073.0 0.010776638373499736
1074.0 0.010906356328632683
1075.0 0.01165821886388585
1076.0 0.012410084309522063
1077.0 0.012272187450435013
1078.0 0.012134291318943724
1079.0 0.013163092080503702
1080.0 0.014191892114467919
1081.0 0.014138882397674024
1082.0 0.014085875591263175
1083.0 0.013884204963687807
1084.0 0.01368253433611244
1085.0 0.014230285887606442
1086.0 0.014778043259866536
1087.0 0.014923648268450052
1088.0 0.01506925473222509
1089.0 0.016420961765106767
1090.0 0.017772670253179967
1091.0 0.017932464834302664
1092.0 0.01809225359465927
1093.0 0.017510757606942207
1094.0 0.0169292587088421
1095.0 0.018583177006803453
1096.0 0.020237095304764807
1097.0 0.02051454794127494
1098.0 0.020792002032976598
1099.0 0.022721591813024133
1100.0 0.0246511772274971
1101.0 0.024549011141061783
1102.0 0.02444684214424342
1103.0 0.02583257737569511
1104.0 0.027218306786380708
1105.0 0.026789726689457893
1106.0 0.02636114659253508
1107.0 0.02768168633338064
1108.0 0.029002228984609246
1109.0 0.0303276174236089
1110.0 0.03165300586260855
1111.0 0.03153845318593085
1112.0 0.031423906330019236
1113.0 0.03319382376503199
1114.0 0.0349637441104278
1115.0 0.03380465495865792
1116.0 0.032645571627654135
1117.0 0.03341849078424275
1118.0 0.03419140994083136
1119.0 0.03707535797730088
1120.0 0.039959303103387356
1121.0 0.04189340979792178
1122.0 0.04382752231322229
1123.0 0.043663778342306614
1124.0 0.04350004019215703
1125.0 0.044304513721726835
1126.0 0.045108990161679685
1127.0 0.048190736561082304
1128.0 0.05127248587086797
1129.0 0.05576492985710502
1130.0 0.06025737966410816
1131.0 0.060002965619787574
1132.0 0.0597485457547009
1133.0 0.06255012121982872
1134.0 0.06535170250572264
1135.0 0.06355555378831923
1136.0 0.06175940507091582
1137.0 0.06840373971499503
1138.0 0.07504808600060642
1139.0 0.07948430138640106
1140.0 0.08392047602683306
1141.0 0.0917903846129775
1142.0 0.09966028155758977
1143.0 0.12117461301386356
1144.0 0.1426889095455408
1145.0 0.28069671243429184
1146.0 0.41870451532304287
1147.0 0.8801477029919624
1148.0 1.3415908440947533
1149.0 1.5300258062779903
1150.0 1.718461886048317
