lsstCam/transmission_filter_detector/r01_s12/z_20/19700101T000000.ecsv
# %ECSV 1.0
# ---
# datatype:
# - {name: wavelength, unit: nm, datatype: float32}
# - {name: efficiency, unit: '%', datatype: float64}
# meta: !!omap
# - {MODE: DETECTOR}
# - {TYPE: transmission_filter_detector}
# - {CALIBDATE: '1970-01-01T00:00:00'}
# - {INSTRUME: LSSTCam}
# - {OBSTYPE: transmission_filter_detector}
# - {CALIBCLS: lsst.ip.isr.IntermediateFilterDetectorTransmissionCurve}
# - {SOURCE: Materion (DM-46256)}
# - {DETECTOR: 5}
# - {FILTER: z_20}
# - {CALIB_ID: 'calibDate=1970-01-01T00:00:00 filter=z_20 detector=5'}
# - {DATE: '2025-04-02T15:59:48.657171'}
# - {CALIB_CREATION_DATE: '2025-04-02'}
# - {CALIB_CREATION_TIME: '15:59:48'}
# - __serialized_columns__:
#     efficiency:
#       __class__: astropy.units.quantity.Quantity
#       unit: !astropy.units.Unit {unit: '%'}
#       value: !astropy.table.SerializedColumn {name: efficiency}
#     wavelength:
#       __class__: astropy.units.quantity.Quantity
#       unit: !astropy.units.Unit {unit: nm}
#       value: !astropy.table.SerializedColumn {name: wavelength}
# schema: astropy-2.0
wavelength efficiency
300.0 0.8717633783817291
301.0 0.5876503419131041
302.0 0.30353739857673645
303.0 0.29481854289770126
304.0 0.2860996872186661
305.0 0.2429228974506259
306.0 0.19974606111645699
307.0 0.18169815884903073
308.0 0.16365025658160448
309.0 0.1451552496291697
310.0 0.12666023103520274
311.0 0.12736923526972532
312.0 0.12807828607037663
313.0 0.111904158256948
314.0 0.09573004790581763
315.0 0.09529762901365757
316.0 0.09486521012149751
317.0 0.07911661523394287
318.0 0.0633680378086865
319.0 0.06343182758428156
320.0 0.06349561735987663
321.0 0.06299303495325148
322.0 0.06249045254662633
323.0 0.05460928659886122
324.0 0.04672812356147915
325.0 0.043478512088768184
326.0 0.04022890352644026
327.0 0.03937863511964679
328.0 0.03852836671285331
329.0 0.03401446738280356
330.0 0.029500573873519897
331.0 0.026968243764713407
332.0 0.02443591074552387
333.0 0.023485746351070702
334.0 0.02253557468065992
335.0 0.02129229105776176
336.0 0.020049005979672074
337.0 0.024073818349279463
338.0 0.02809862489812076
339.0 0.02408182481303811
340.0 0.02006502909353003
341.0 0.016984048124868423
342.0 0.013903070066589862
343.0 0.013639414100907743
344.0 0.013375759590417147
345.0 0.012611196143552661
346.0 0.011846630513900891
347.0 0.011320725025143474
348.0 0.010794821719173342
349.0 0.013399300223682076
350.0 0.016003780183382332
351.0 0.013230388867668808
352.0 0.010456991731189191
353.0 0.011038565571652725
354.0 0.011620140867307782
355.0 0.009987790690502152
356.0 0.008355441968888044
357.0 0.009417771798325703
358.0 0.010480105265742168
359.0 0.0101380908745341
360.0 0.00979607502813451
361.0 0.008883681584848091
362.0 0.007971290324348956
363.0 0.009272338502341881
364.0 0.010573385952739045
365.0 0.010237810056423768
366.0 0.009902236342895776
367.0 0.008673618867760524
368.0 0.007445001392625272
369.0 0.007833731069695204
370.0 0.008222461474360898
371.0 0.008222444012062624
372.0 0.008222428732551634
373.0 0.007154282502597198
374.0 0.006086138455430046
375.0 0.006430479697883129
376.0 0.0067748209403362125
377.0 0.007100107177393511
378.0 0.007425392686855048
379.0 0.006263829709496349
380.0 0.005102266004541889
381.0 0.0031901294278213754
382.0 0.0012779930329998024
383.0 0.0035276221751701087
384.0 0.005777251135441475
385.0 0.005523279833141714
386.0 0.005269308894639835
387.0 0.005922685159021057
388.0 0.006576062150998041
389.0 0.005798213533125818
390.0 0.005020365279051475
391.0 0.004680843994719908
392.0 0.004341323074186221
393.0 0.0047982386604417115
394.0 0.005255154974292964
395.0 0.004333556353230961
396.0 0.003411957004573196
397.0 0.003588528124964796
398.0 0.003765099245356396
399.0 0.00399829150410369
400.0 0.0042314830352552235
401.0 0.004739371797768399
402.0 0.0052472609240794554
403.0 0.0051224196795374155
404.0 0.004997579162591137
405.0 0.0041003673686645925
406.0 0.0032031559385359287
407.0 0.001734909528749995
408.0 0.0002666637556103524
409.0 0.0018789536625263281
410.0 0.0034912434784928337
411.0 0.004134826667723246
412.0 0.0047784094931557775
413.0 0.004593878475134261
414.0 0.004409347093314864
415.0 0.003643697709776461
416.0 0.002878048690035939
417.0 0.0038072848838055506
418.0 0.004736521441373043
419.0 0.004271588841220364
420.0 0.003806656241067685
421.0 0.0036782887036679313
422.0 0.0035499218938639387
423.0 0.003535307041602209
424.0 0.003520692916936241
425.0 0.0026175457605859265
426.0 0.0017143986042356119
427.0 0.0018662014554138295
428.0 0.0020180044884909876
429.0 0.0012388417417241726
430.0 0.0004596792223310331
431.0 0.0006452920843003085
432.0 0.0008309049007948488
433.0 0.0007363189070019871
434.0 0.0006417329586838605
435.0 0.0012411122952471487
436.0 0.0018404918591841124
437.0 0.0019101051293546334
438.0 0.0019797185814240947
439.0 0.002111364301526919
440.0 0.0022430100216297433
441.0 0.001652290484344121
442.0 0.0010615713108563796
443.0 0.002220146961917635
444.0 0.0033787226129788905
445.0 0.00333059870172292
446.0 0.0032824747904669493
447.0 0.0025946474124793895
448.0 0.0019068198525928892
449.0 0.0025601426386856474
450.0 0.0032134659704752266
451.0 0.00257277897617314
452.0 0.0019320916180731729
453.0 0.001728653114696499
454.0 0.0015252148841682356
455.0 0.0023393291485263035
456.0 0.003153443321934901
457.0 0.002286493509018328
458.0 0.001419543696101755
459.0 0.0015218220141832717
460.0 0.0016241003322647884
461.0 0.0007587054369651014
462.0 1.654725076578878e-10
463.0 0.0009262190360459499
464.0 0.001959127803274896
465.0 0.0022288746549747884
466.0 0.002498621688573621
467.0 0.0021516312699532136
468.0 0.0018046401237370446
469.0 0.0016347070413758047
470.0 0.0014647737771156244
471.0 0.0013609655070467852
472.0 0.0012571575098263565
473.0 0.0012815348782169167
474.0 0.0013059121556580067
475.0 0.001155746758740861
476.0 0.001005581270874245
477.0 0.0013416075489658397
478.0 0.0016776335542090237
479.0 0.0019812991013168357
480.0 0.0022849644665257074
481.0 0.0018271772205480374
482.0 0.001369389701721957
483.0 0.0009069242878467776
484.0 0.00044445882849686313
485.0 0.0012763864106091205
486.0 0.0021083138562971726
487.0 0.0015006985449872445
488.0 0.0008930830517783761
489.0 0.0016551884982618503
490.0 0.002417293762846384
491.0 0.0022823493054602295
492.0 0.0021474046661751345
493.0 0.001995771162910387
494.0 0.00184413802344352
495.0 0.001633744795981329
496.0 0.001423351659468608
497.0 0.0012588240679178853
498.0 0.0010942968401650432
499.0 0.0012256197805982083
500.0 0.001356942993879784
501.0 0.0008627338502265047
502.0 0.000368524433724815
503.0 0.0012089661140635144
504.0 0.002049407885351684
505.0 0.0022372050807462074
506.0 0.0024250026399386115
507.0 0.0022936632376513444
508.0 0.002162323653465137
509.0 0.001879621049738489
510.0 0.0015969191736076027
511.0 0.0011972534593951423
512.0 0.0007975877451826818
513.0 0.001284329755435465
514.0 0.0017710719475871883
515.0 0.0013505847164196894
516.0 0.0009300980309490114
517.0 0.0008928194802138023
518.0 0.0008555410204280633
519.0 0.0010771684173960239
520.0 0.0012987955415155739
521.0 0.0016647165466565639
522.0 0.002030637551797554
523.0 0.0013982325071992818
524.0 0.0007658274626010098
525.0 0.0007975123480719049
526.0 0.0008291973244922701
527.0 0.0011860133781738114
528.0 0.0015428297047037631
529.0 0.0013074640264676418
530.0 0.0010720978025346994
531.0 0.0011417815585446078
532.0 0.001211465223605046
533.0 0.0008561413778807037
534.0 0.0005008175321563613
535.0 0.0011270862160017714
536.0 0.0017533549907966517
537.0 0.0016900728951441124
538.0 0.0016267906175926328
539.0 0.001164060813607648
540.0 0.0007013309186731931
541.0 0.0007678368092456367
542.0 0.0008343428817170206
543.0 0.0012424363376339898
544.0 0.0016505300663993694
545.0 0.0011131519386253785
546.0 0.0005757742655987386
547.0 0.0012249938663444482
548.0 0.001874213012342807
549.0 0.001652852733968757
550.0 0.001431492364645237
551.0 0.0015012445146567188
552.0 0.00157099639181979
553.0 0.0013247261449578218
554.0 0.0010784558980958536
555.0 0.0010059045962407254
556.0 0.0009333533853350673
557.0 0.0013116996342432685
558.0 0.0016900456103030592
559.0 0.001707372757664416
560.0 0.0017246993593289517
561.0 0.0015411138519993983
562.0 0.001357528344669845
563.0 0.0011568301488296129
564.0 0.0009561319529893808
565.0 0.0017360845959046856
566.0 0.0025160374207189307
567.0 0.0028679460228886455
568.0 0.0032198542612604797
569.0 0.0030211669582058676
570.0 0.002822479473252315
571.0 0.0026603000151226297
572.0 0.0024981201931950636
573.0 0.002010491880355403
574.0 0.0015228637494146824
575.0 0.00196541914192494
576.0 0.0024079745344351977
577.0 0.0019873466953868046
578.0 0.0015667194020352326
579.0 0.0017049203961505555
580.0 0.001843121208366938
581.0 0.0016218375094467774
582.0 0.001400553355779266
583.0 0.0018926388293039054
584.0 0.0023847242118790746
585.0 0.002563373163866345
586.0 0.002742022115853615
587.0 0.0020948884412064217
588.0 0.0014477542208624072
589.0 0.002103652514051646
590.0 0.0027595508072408848
591.0 0.0019006285583600402
592.0 0.001041705945681315
593.0 0.0007989930054463912
594.0 0.0005562797923630569
595.0 0.0009977054105547722
596.0 0.0014391308468475472
597.0 0.00136897579068318
598.0 0.0012988206435693428
599.0 0.0009243327440344729
600.0 0.0005498450718732784
601.0 0.0005000242254027398
602.0 0.0004502033789322013
603.0 0.0009268498615710996
604.0 0.0014034960258868523
605.0 0.0008465125574730337
606.0 0.00028952888442290714
607.0 0.0007134403858799487
608.0 0.0011373518645996228
609.0 0.0011628023457888048
610.0 0.0011882525541295763
611.0 0.0010095667676068842
612.0 0.0008308806172863115
613.0 0.0008100486411422025
614.0 0.0007892166649980936
615.0 0.0012518710718723014
616.0 0.00171452593349386
617.0 0.002171859159716405
618.0 0.0026291925678378902
619.0 0.0022032432752894238
620.0 0.001777293800842017
621.0 0.001523580249340739
622.0 0.0012698663340415806
623.0 0.0016087080439319834
624.0 0.0019475497538223863
625.0 0.0017208896679221652
626.0 0.0014942297639208846
627.0 0.001880726449599024
628.0 0.0022672238628729247
629.0 0.002042031701421365
630.0 0.0018168393580708653
631.0 0.0016267826140392572
632.0 0.0014367255971592385
633.0 0.0017838448911788873
634.0 0.0021309644580469467
635.0 0.005084091753815301
636.0 0.008037218503886834
637.0 0.015412970969919115
638.0 0.02278872561873868
639.0 0.019824033370241523
640.0 0.016859336756169796
641.0 0.014587795885745436
642.0 0.012316257925704122
643.0 0.009859025158220902
644.0 0.007401794573524967
645.0 0.006724025297444314
646.0 0.006046256021363661
647.0 0.00553001809748821
648.0 0.005013779809814878
649.0 0.004070190334459767
650.0 0.0031266012229025364
651.0 0.003569488399080001
652.0 0.004012375575257465
653.0 0.0032716809073463082
654.0 0.0025309858756372705
655.0 0.002802582639560569
656.0 0.003074180131079629
657.0 0.002979238342959434
658.0 0.0028842960091424175
659.0 0.0027046515242545865
660.0 0.0025250070393667556
661.0 0.0027042826332035474
662.0 0.0028835578632424586
663.0 0.001987017094506882
664.0 0.0010904763257713057
665.0 0.0016292784493998624
666.0 0.0021680811187252402
667.0 0.002445545578666497
668.0 0.002723010220506694
669.0 0.002005245005420875
670.0 0.0012874796993855853
671.0 0.0009758510714164004
672.0 0.0006642225343966857
673.0 0.0013343666068976745
674.0 0.0020045108612976037
675.0 0.0021197600290179253
676.0 0.002235008832940366
677.0 0.0019859107851516455
678.0 0.001736812191666104
679.0 0.0014161847502691671
680.0 0.0010955572179227602
681.0 0.0012036045518470928
682.0 0.0013116517948219553
683.0 0.0023929238523123786
684.0 0.003474195909802802
685.0 0.0028777794796042144
686.0 0.0022813634132035077
687.0 0.0016759071513661183
688.0 0.0010704507985792588
689.0 0.001441665972379269
690.0 0.0018128808733308688
691.0 0.0021227428078418598
692.0 0.00243260437855497
693.0 0.0027848353056469932
694.0 0.003137066596536897
695.0 0.0032732190447859466
696.0 0.0034093711292371154
697.0 0.003662117160274647
698.0 0.00391486355511006
699.0 0.00576358288526535
700.0 0.007612302579218522
701.0 0.007172088226070628
702.0 0.006731871690135449
703.0 0.006186530663399026
704.0 0.005641188909066841
705.0 0.0051087448809994385
706.0 0.004576300852932036
707.0 0.004326066846260801
708.0 0.004075832111993805
709.0 0.00423407691414468
710.0 0.004392321716295555
711.0 0.00392416441172827
712.0 0.0034560067433631048
713.0 0.002487970414222218
714.0 0.0015199340850813314
715.0 0.0022203446860658005
716.0 0.002920755105151329
717.0 0.002524929186620284
718.0 0.002129103086190298
719.0 0.0017073709386750124
720.0 0.0012856385183113161
721.0 0.001191541741718538
722.0 0.0010974446013278794
723.0 0.0009717783541418612
724.0 0.0008461119250569027
725.0 0.0012220865755807608
726.0 0.0015980613170540892
727.0 0.0017062049664673395
728.0 0.0018143484339816496
729.0 0.0018229242414236069
730.0 0.0018314998669666238
731.0 0.0013585778106062207
732.0 0.000885655936144758
733.0 0.000897759946383303
734.0 0.0009098635928239673
735.0 0.0010283693882229272
736.0 0.0011468747288745362
737.0 0.0013266348105389625
738.0 0.0015063947103044484
739.0 0.0011589939276746009
740.0 0.0008115930540952832
741.0 0.00103144357126439
742.0 0.0012512940884334967
743.0 0.001619631984794978
744.0 0.0019879698811564595
745.0 0.0012953286386618856
746.0 0.0006026873506925767
747.0 0.0011239691957598552
748.0 0.001645251177251339
749.0 0.002274698272231035
750.0 0.002904145367210731
751.0 0.0029340601031435654
752.0 0.0029639748390764
753.0 0.0029316743166418746
754.0 0.0028993737942073494
755.0 0.0018977189029101282
756.0 0.0008960638297139667
757.0 0.0018992419427377172
758.0 0.0029024200557614677
759.0 0.0027164081984665245
760.0 0.002530396159272641
761.0 0.004401115802465938
762.0 0.006271835445659235
763.0 0.005717970270779915
764.0 0.005164104368304834
765.0 0.005199786392040551
766.0 0.005235468415776268
767.0 0.004496108158491552
768.0 0.0037567471736110747
769.0 0.0033819902455434203
770.0 0.0030072340450715274
771.0 0.0039013939385768026
772.0 0.004795554559677839
773.0 0.003981751069659367
774.0 0.0031679472158430144
775.0 1.654725076578878e-10
776.0 0.02899128885474056
777.0 1.654725076578878e-10
778.0 0.02811667218338698
779.0 0.023089154274202883
780.0 1.654725076578878e-10
781.0 0.04093954630661756
782.0 1.654725076578878e-10
783.0 0.013580724771600217
784.0 1.654725076578878e-10
785.0 0.034593380405567586
786.0 0.022472621640190482
787.0 1.654725076578878e-10
788.0 1.654725076578878e-10
789.0 0.08643309702165425
790.0 1.654725076578878e-10
791.0 0.020162608416285366
792.0 0.0757352274376899
793.0 0.1625175471417606
794.0 1.654725076578878e-10
795.0 1.654725076578878e-10
796.0 0.12587056262418628
797.0 0.021812216436956078
798.0 0.20400267094373703
799.0 0.24740025401115417
800.0 0.30421027913689613
801.0 0.4038590472191572
802.0 0.9492136538028717
803.0 1.515558548271656
804.0 2.511790208518505
805.0 3.633933886885643
806.0 5.457077547907829
807.0 7.7651239931583405
808.0 10.188937187194824
809.0 13.190394639968872
810.0 16.51003062725067
811.0 19.780828058719635
812.0 22.62493520975113
813.0 26.05055868625641
814.0 29.960307478904724
815.0 35.22968888282776
816.0 40.591973066329956
817.0 46.93268537521362
818.0 53.30398678779602
819.0 60.15852093696594
820.0 68.10057759284973
821.0 75.18053650856018
822.0 80.93513250350952
823.0 85.38989424705505
824.0 89.90880846977234
825.0 93.52701902389526
826.0 95.88677287101746
827.0 97.27640748023987
828.0 98.99280667304993
829.0 98.93185496330261
830.0 98.6851155757904
831.0 98.88004064559937
832.0 98.65255355834961
833.0 99.37031269073486
834.0 98.23829531669617
835.0 99.21870827674866
836.0 99.23787713050842
837.0 99.04927611351013
838.0 97.98840284347534
839.0 98.26212525367737
840.0 98.60972762107849
841.0 99.56846237182617
842.0 99.31071400642395
843.0 99.38021302223206
844.0 98.14415574073792
845.0 98.40513467788696
846.0 98.87940287590027
847.0 98.81761074066162
848.0 99.49114918708801
849.0 98.59514236450195
850.0 98.09380173683167
851.0 99.36711192131042
852.0 99.22332763671875
853.0 98.3264148235321
854.0 99.83217120170593
855.0 98.54699969291687
856.0 98.82214069366455
857.0 97.99425601959229
858.0 98.39163422584534
859.0 99.27710294723511
860.0 98.45163822174072
861.0 98.8172173500061
862.0 99.11444783210754
863.0 98.19296598434448
864.0 99.5572566986084
865.0 99.51675534248352
866.0 98.94671440124512
867.0 99.42113757133484
868.0 99.5430052280426
869.0 98.73775839805603
870.0 98.15310835838318
871.0 98.80321621894836
872.0 99.34603571891785
873.0 99.30869936943054
874.0 99.76828694343567
875.0 99.04091358184814
876.0 98.9848256111145
877.0 99.37387108802795
878.0 99.10385012626648
879.0 98.54698777198792
880.0 98.3634352684021
881.0 99.83646273612976
882.0 98.85406494140625
883.0 98.95151257514954
884.0 98.9070475101471
885.0 98.73760938644409
886.0 98.85849356651306
887.0 98.28498363494873
888.0 99.02114868164062
889.0 99.52797293663025
890.0 98.26869368553162
891.0 99.39270615577698
892.0 98.70515465736389
893.0 98.4619677066803
894.0 97.96843528747559
895.0 99.26800727844238
