lsstCam/transmission_filter_detector/r12_s22/g_6/19700101T000000.ecsv
# %ECSV 1.0
# ---
# datatype:
# - {name: wavelength, unit: nm, datatype: float32}
# - {name: efficiency, unit: '%', datatype: float64}
# meta: !!omap
# - {MODE: DETECTOR}
# - {TYPE: transmission_filter_detector}
# - {CALIBDATE: '1970-01-01T00:00:00'}
# - {INSTRUME: LSSTCam}
# - {OBSTYPE: transmission_filter_detector}
# - {CALIBCLS: lsst.ip.isr.IntermediateFilterDetectorTransmissionCurve}
# - {SOURCE: Materion (DM-46256)}
# - {DETECTOR: 53}
# - {FILTER: g_6}
# - {CALIB_ID: 'calibDate=1970-01-01T00:00:00 filter=g_6 detector=53'}
# - {DATE: '2025-04-02T15:59:42.272387'}
# - {CALIB_CREATION_DATE: '2025-04-02'}
# - {CALIB_CREATION_TIME: '15:59:42'}
# - __serialized_columns__:
#     efficiency:
#       __class__: astropy.units.quantity.Quantity
#       unit: !astropy.units.Unit {unit: '%'}
#       value: !astropy.table.SerializedColumn {name: efficiency}
#     wavelength:
#       __class__: astropy.units.quantity.Quantity
#       unit: !astropy.units.Unit {unit: nm}
#       value: !astropy.table.SerializedColumn {name: wavelength}
# schema: astropy-2.0
wavelength efficiency
300.0 0.49751391634345055
301.0 0.3723760601133108
302.0 0.24723818060010672
303.0 0.2199129667133093
304.0 0.19258776446804404
305.0 0.2051391638815403
306.0 0.21769055165350437
307.0 0.22290279157459736
308.0 0.22811498492956161
309.0 0.2235745545476675
310.0 0.21903417073190212
311.0 0.21122999023646116
312.0 0.20342583302408457
313.0 0.2011331496760249
314.0 0.1988404430449009
315.0 0.18905486213043332
316.0 0.1792693044990301
317.0 0.17907459987327456
318.0 0.17887991853058338
319.0 0.16222125850617886
320.0 0.14556257519870996
321.0 0.13953284360468388
322.0 0.13350307708606124
323.0 0.1140528591349721
324.0 0.09460268192924559
325.0 0.08623155881650746
326.0 0.07786044152453542
327.0 0.07072478183545172
328.0 0.06358911632560194
329.0 0.06046320777386427
330.0 0.0573372992221266
331.0 0.05403548711910844
332.0 0.05073366919532418
333.0 0.047385235666297376
334.0 0.04403680213727057
335.0 0.042582492460496724
336.0 0.04112817987333983
337.0 0.04148723965045065
338.0 0.04184630233794451
339.0 0.0404309161240235
340.0 0.03901553282048553
341.0 0.03725593560375273
342.0 0.03549633838701993
343.0 0.03213814052287489
344.0 0.028779945569112897
345.0 0.025494227884337306
346.0 0.022208508744370192
347.0 0.0210583588341251
348.0 0.019908207468688488
349.0 0.018107169307768345
350.0 0.7600663229823112
351.0 1.2890673242509365
352.0 0.8764872327446938
353.0 1.3494260609149933
354.0 0.7662170100957155
355.0 1.0218847543001175
356.0 0.5116780754178762
357.0 0.9683484211564064
358.0 0.5737350322306156
359.0 0.9652015753090382
360.0 0.7298683747649193
361.0 0.7895104587078094
362.0 0.6387900095432997
363.0 0.7795475888997316
364.0 0.4776978865265846
365.0 0.8116207085549831
366.0 0.6220782641321421
367.0 0.6808402016758919
368.0 0.5767638795077801
369.0 0.6499816663563251
370.0 0.4994549322873354
371.0 0.6529680453240871
372.0 0.5181120708584785
373.0 0.6658441387116909
374.0 0.3689335426315665
375.0 0.6013141013681889
376.0 0.48884772695600986
377.0 0.5333663430064917
378.0 0.47723655588924885
379.0 0.5843367427587509
380.0 0.38288794457912445
381.0 0.5575878545641899
382.0 0.5427352152764797
383.0 0.5673539359122515
384.0 0.5403812043368816
385.0 0.6347284186631441
386.0 0.679667154327035
387.0 0.798256415873766
388.0 0.9528289549052715
389.0 1.265611220151186
390.0 1.8339324742555618
391.0 2.7967656031250954
392.0 4.451556503772736
393.0 6.987585872411728
394.0 10.518670082092285
395.0 15.406116843223572
396.0 21.30369544029236
397.0 28.65523099899292
398.0 37.36621141433716
399.0 46.76617681980133
400.0 56.361353397369385
401.0 65.42686820030212
402.0 73.83236289024353
403.0 80.88533282279968
404.0 86.13518476486206
405.0 90.07861018180847
406.0 92.31429100036621
407.0 94.12203431129456
408.0 95.12073993682861
409.0 95.63897848129272
410.0 95.76343297958374
411.0 95.58639526367188
412.0 95.19689679145813
413.0 94.96363997459412
414.0 94.88765597343445
415.0 94.98569369316101
416.0 95.42471766471863
417.0 95.76123356819153
418.0 96.30196690559387
419.0 96.95231914520264
420.0 97.47228622436523
421.0 97.99785614013672
422.0 98.07009100914001
423.0 98.24740886688232
424.0 98.09174537658691
425.0 97.92705178260803
426.0 97.95239567756653
427.0 97.90220856666565
428.0 97.69753217697144
429.0 97.50841856002808
430.0 97.30454087257385
431.0 97.38166928291321
432.0 97.31951355934143
433.0 97.44094014167786
434.0 97.49752283096313
435.0 97.66400456428528
436.0 97.75063991546631
437.0 97.70686030387878
438.0 97.77926206588745
439.0 97.88877964019775
440.0 97.86633253097534
441.0 97.98604846000671
442.0 97.96760678291321
443.0 97.9231595993042
444.0 97.82702326774597
445.0 97.63866066932678
446.0 97.4696695804596
447.0 97.31437563896179
448.0 97.43139743804932
449.0 97.69980311393738
450.0 97.9884147644043
451.0 98.1677234172821
452.0 98.33645820617676
453.0 98.45894575119019
454.0 98.46377968788147
455.0 98.6928403377533
456.0 98.76267910003662
457.0 98.91902208328247
458.0 98.95168542861938
459.0 98.95122051239014
460.0 98.99747967720032
461.0 99.1511344909668
462.0 99.03060793876648
463.0 98.97313714027405
464.0 99.10665154457092
465.0 99.02403354644775
466.0 99.03144836425781
467.0 99.05125498771667
468.0 99.03568029403687
469.0 99.08537268638611
470.0 98.98216724395752
471.0 98.85292053222656
472.0 98.84997010231018
473.0 98.77244234085083
474.0 98.58547449111938
475.0 98.66039752960205
476.0 98.61305356025696
477.0 98.68573546409607
478.0 98.75584840774536
479.0 98.79476428031921
480.0 98.9086925983429
481.0 98.98393154144287
482.0 99.1507351398468
483.0 99.05712008476257
484.0 99.24311637878418
485.0 99.23805594444275
486.0 99.28470253944397
487.0 99.35187697410583
488.0 99.26983118057251
489.0 99.37031865119934
490.0 99.26586151123047
491.0 99.30427670478821
492.0 99.17689561843872
493.0 99.19132590293884
494.0 99.13136959075928
495.0 99.12061095237732
496.0 99.01573657989502
497.0 98.94920587539673
498.0 98.67064952850342
499.0 98.7931489944458
500.0 98.70224595069885
501.0 98.66057634353638
502.0 98.56572151184082
503.0 98.65517616271973
504.0 98.55502843856812
505.0 98.5873281955719
506.0 98.67296814918518
507.0 98.58323931694031
508.0 98.57975840568542
509.0 98.57835173606873
510.0 98.51546287536621
511.0 98.51841330528259
512.0 98.38563203811646
513.0 98.50006699562073
514.0 98.50580096244812
515.0 98.50144386291504
516.0 98.60088229179382
517.0 98.61096143722534
518.0 98.68839383125305
519.0 98.63967895507812
520.0 98.72874021530151
521.0 98.88160228729248
522.0 98.89681339263916
523.0 98.85221123695374
524.0 98.91328811645508
525.0 98.89903664588928
526.0 99.03751611709595
527.0 99.03489947319031
528.0 99.12474751472473
529.0 99.24121499061584
530.0 99.19548034667969
531.0 99.35611486434937
532.0 99.20732975006104
533.0 99.24646019935608
534.0 99.17232990264893
535.0 98.9888072013855
536.0 98.54879975318909
537.0 97.96614646911621
538.0 97.0592200756073
539.0 95.50868272781372
540.0 93.57369542121887
541.0 90.66044688224792
542.0 87.6973569393158
543.0 83.77411961555481
544.0 78.91746163368225
545.0 74.6652603149414
546.0 69.5900022983551
547.0 64.96483087539673
548.0 60.37775278091431
549.0 56.39084577560425
550.0 53.24645638465881
551.0 50.267428159713745
552.0 47.96948432922363
553.0 45.460110902786255
554.0 42.4514502286911
555.0 39.077454805374146
556.0 34.562522172927856
557.0 29.378056526184082
558.0 23.855355381965637
559.0 18.47647875547409
560.0 13.448821008205414
561.0 8.937087655067444
562.0 5.5974069982767105
563.0 3.1987082213163376
564.0 1.7170315608382225
565.0 0.8357380516827106
566.0 0.4455904942005873
567.0 0.2270704135298729
568.0 0.14698837185278535
569.0 0.09733716724440455
570.0 0.06942010950297117
571.0 0.05096911336295307
572.0 0.05315322778187692
573.0 0.0383677746867761
574.0 0.04879269690718502
575.0 0.03545075305737555
576.0 0.040546219679526985
577.0 0.02436384093016386
578.0 0.017666345229372382
579.0 0.02526135358493775
580.0 0.03491090901661664
581.0 0.025047126109711826
582.0 0.02582981833256781
583.0 0.020047725411131978
584.0 0.033354072365909815
585.0 0.02235390420537442
586.0 0.036115816328674555
587.0 0.01632823550608009
588.0 0.023511011386290193
589.0 0.01929395948536694
590.0 0.013405564823187888
591.0 0.017300026956945658
592.0 0.019144460384268314
593.0 0.003961599577451125
594.0 0.02128888008883223
595.0 0.007025791273918003
596.0 0.02207182697020471
597.0 0.007566000567749143
598.0 0.030180130852386355
599.0 0.00603712433075998
600.0 0.011197837011422962
601.0 0.0025744469894561917
602.0 0.0024920980649767444
603.0 0.0024097487766994163
604.0 0.0021627070964314044
605.0 0.0019156655980623327
606.0 0.002022923763433937
607.0 0.0021301819288055412
608.0 0.0019515066014719196
609.0 0.0017728314560372382
610.0 0.0019872193661285564
611.0 0.002201606912421994
612.0 0.001958546636160463
613.0 0.0017154869055957533
614.0 0.0018102407921105623
615.0 0.0019049954062211327
616.0 0.0018950735466205515
617.0 0.0018851516870199703
618.0 0.0018207623725174926
619.0 0.001756373058015015
620.0 0.0017012185708153993
621.0 0.0016460639017168432
622.0 0.0015341885955422185
623.0 0.0014223131074686535
624.0 0.0014839074538031127
625.0 0.001545501800137572
626.0 0.001485537904954981
627.0 0.0014255743735702708
628.0 0.0014950721379136667
629.0 0.0015645704479538836
630.0 0.0014955147889850195
631.0 0.0014264587662182748
632.0 0.0015759478628751822
633.0 0.0017254362319363281
634.0 0.0016372405298170634
635.0 0.0015490442820009775
636.0 0.0014819579519098625
637.0 0.0014148723494145088
638.0 0.001425882783223642
639.0 0.0014368932170327753
640.0 0.0013132887943356764
641.0 0.001189684189739637
642.0 0.001457660437154118
643.0 0.0017256366845685989
644.0 0.001540756602480542
645.0 0.0013558763384935446
646.0 0.001360638088954147
647.0 0.0013653999303642195
648.0 0.00117070503620198
649.0 0.0009760099601408001
650.0 0.0011734873623936437
651.0 0.0013709642189496662
652.0 0.0012448688721633516
653.0 0.001118773525377037
654.0 0.001208061985380482
655.0 0.001297350536333397
656.0 0.0013328426575753838
657.0 0.0013683348697668407
658.0 0.001242317921423819
659.0 0.0011163013368786778
660.0 0.0009381144081999082
661.0 0.0007599274340464035
662.0 0.0010289059900969733
663.0 0.0012978848644706886
664.0 0.0012425148270267528
665.0 0.0011871444257849362
666.0 0.0011366643775545526
667.0 0.0010861839655262884
668.0 0.0011804248060798272
669.0 0.0012746654647344258
670.0 0.0012563714335556142
671.0 0.001238077129528392
672.0 0.0011789716154453345
673.0 0.0011198658285138663
674.0 0.0010789605767058674
675.0 0.0010380552339483984
676.0 0.0010681656021915842
677.0 0.0010982756066368893
678.0 0.0011717319466697518
679.0 0.0012451882867026143
680.0 0.0011373797860869672
681.0 0.0010295710126229096
682.0 0.0010758375537989195
683.0 0.001122103822126519
684.0 0.0010059858141175937
685.0 0.0008898677151591983
686.0 0.0009595385563443415
687.0 0.0010292093975294847
688.0 0.0011162024748045951
689.0 0.0012031955520797055
690.0 0.0010637489140208345
691.0 0.0009243021850124933
692.0 0.0009341623808722943
693.0 0.0009440226676815655
694.0 0.001050646369549213
695.0 0.00115726988951792
696.0 0.001180610433948459
697.0 0.001203950432682177
698.0 0.001301290285482537
699.0 0.0013986302292323671
700.0 0.001206094202643726
701.0 0.0010135580851056147
702.0 0.0011296117918391246
703.0 0.0012456653166736942
704.0 0.0012682663509622216
705.0 0.0012908672033518087
706.0 0.001191408318845788
707.0 0.0010919497071881779
708.0 0.001086412521544844
709.0 0.0010808755178004503
710.0 0.001201883605972398
711.0 0.0013228919669927564
712.0 0.0012335050087131094
713.0 0.0011441181413829327
714.0 0.0011725686817953829
715.0 0.0012010194041067734
716.0 0.001477509613323491
717.0 0.0017540001863380894
718.0 0.0020106128431507386
719.0 0.0022672253180644475
720.0 0.0018826323866960593
721.0 0.0014980391824792605
722.0 0.0017322327039437369
723.0 0.0019664264982566237
724.0 0.0019100372810498811
725.0 0.0018536478819441982
726.0 0.0019642662664409727
727.0 0.002074884650937747
728.0 0.002057393612631131
729.0 0.002039902756223455
730.0 0.001998126390390098
731.0 0.0019563502064556815
732.0 0.0018666127289179713
733.0 0.0017768754332792014
734.0 0.0015529207303188741
735.0 0.0013289663002069574
736.0 0.0012241011063451879
737.0 0.0011192356396350078
738.0 0.0010942496373900212
739.0 0.0010692637260945048
740.0 0.0009597710231901146
741.0 0.0008502780474373139
742.0 0.0007924857527541462
743.0 0.0007346934125962434
744.0 0.000872771670401562
745.0 0.0010108500646310858
746.0 0.0010133542673429474
747.0 0.0010158586519537494
748.0 0.0011431316124799196
749.0 0.00127040466395556
750.0 0.0010607847798382863
751.0 0.0008511652595188934
752.0 0.0007974122127052397
753.0 0.0007436593477905262
754.0 0.0008690148206369486
755.0 0.0009943704753823113
756.0 0.0009608457730791997
757.0 0.000927320979826618
758.0 0.0008305236406158656
759.0 0.0007337265742535237
760.0 0.0005975312888040207
761.0 0.00046133595787978265
762.0 0.0006167470928630792
763.0 0.0007721580004727002
764.0 0.0008040194188652094
765.0 0.0008358811101061292
766.0 0.0007961187293403782
767.0 0.0007563563030998921
768.0 0.0006099889105826151
769.0 0.00046362147259060293
770.0 0.00038567382034671027
771.0 0.00030772614536545007
772.0 0.0005697162578144344
773.0 0.0008317064384755213
774.0 0.0009139061148744076
775.0 0.0009961059731722344
776.0 0.0009173860235023312
777.0 0.0008386659828829579
778.0 0.0007247075245686574
779.0 0.0006107492026785621
780.0 0.0006228598977031652
781.0 0.0006349705927277682
782.0 0.0006387037956301356
783.0 0.0006424369075830327
784.0 0.000787924636824755
785.0 0.0009334123205917422
786.0 0.0007771122000121977
787.0 0.0006208123522810638
788.0 0.00043516010919120163
789.0 0.0002495079797881772
790.0 0.00021489463506441098
791.0 0.00018028129034064477
792.0 0.0002495847411410068
793.0 0.0003188882146787364
794.0 0.0003708835038196412
795.0 0.00042287883843528107
796.0 0.00045780561777064577
797.0 0.0004927324425807456
798.0 0.0004916109446639894
799.0 0.0004904894922219682
800.0 0.0005840096036990872
801.0 0.0006775298516004113
802.0 0.0005320192030922044
803.0 0.00038650864553346764
804.0 0.0004094645646546269
805.0 0.0004324206201999914
806.0 0.00037820348097739043
807.0 0.0003239863190174219
808.0 0.00039600886339030694
809.0 0.0004680314305005595
810.0 0.0003025699925274239
811.0 0.00013710853181692073
812.0 0.00021216158074821578
813.0 0.0002872145614674082
814.0 0.0004166067810729146
815.0 0.0005459990461531561
816.0 0.0005704443992726738
817.0 0.0005948896614427213
818.0 0.0005425203653430799
819.0 0.0004901510692434385
820.0 0.0005912191227253061
821.0 0.0006922869943082333
822.0 0.0005496681751537835
823.0 0.0004070493105245987
824.0 0.0004974062903784215
825.0 0.0005877632247575093
826.0 0.0006595049399038544
827.0 0.0007312466095754644
828.0 0.0006226541700016242
829.0 0.0005140616394783137
830.0 0.0005097414941701572
831.0 0.0005054213488620007
832.0 0.0005768633400293766
833.0 0.0006483051947725471
834.0 0.0005329983650881331
835.0 0.0004176914899289841
836.0 0.0005076865363662364
837.0 0.0005976816282782238
838.0 0.000429534338763915
839.0 0.00026138716293644393
840.0 0.00041055450310523156
841.0 0.0005597218205366516
842.0 0.0003198511421942385
843.0 7.998034448064573e-05
844.0 0.0001678654598435969
845.0 0.00025575059225957375
846.0 0.0004650988103094278
847.0 0.000674447119308752
848.0 0.0005945986231381539
849.0 0.0005147501724422909
850.0 0.00048580800466879737
851.0 0.0004568657914205687
852.0 0.0004992822141502984
853.0 0.0005416983185568824
854.0 0.0005755414349550847
855.0 0.0006093844149290817
856.0 0.000588056491324096
857.0 0.0005667286586685805
858.0 0.0005491905540111475
859.0 0.0005316524948284496
860.0 0.0005188150225876598
861.0 0.00050597755034687
862.0 0.0004545971933112014
863.0 0.00040321688175026793
864.0 0.00037653462641173974
865.0 0.0003498523938105791
866.0 0.00045876936383137945
867.0 0.0005676864020642824
868.0 0.0006565853709616931
869.0 0.000745484430808574
870.0 0.0006083229436626425
871.0 0.0004711613200925058
872.0 0.0003733183575604926
873.0 0.0002754753040790092
874.0 0.00037407294257718604
875.0 0.00047267058107536286
876.0 0.0006203241809998872
877.0 0.0007679777809244115
878.0 0.0007231021299958229
879.0 0.0006782263881177641
880.0 0.0007177487532317173
881.0 0.0007572713911940809
882.0 0.0006722713351337006
883.0 0.000587271597396466
884.0 0.0006087228939577471
885.0 0.0006301743724179687
886.0 0.0006645871508226264
887.0 0.0006990002020756947
888.0 0.0006056311576685403
889.0 0.0005122622951603262
890.0 0.0005754945959779434
891.0 0.000638727078694501
892.0 0.0005911775133427
893.0 0.0005436279934656341
894.0 0.0005045656962465728
895.0 0.00046550344450224657
896.0 0.0003488378524707514
897.0 0.00023217221496452112
898.0 0.00035274886158731533
899.0 0.00047332550821010955
900.0 0.0003809979943980579
901.0 0.0002886704805860063
902.0 0.0005480897925735917
903.0 0.0008075091500359122
904.0 0.00047823955355852377
905.0 0.00014896986613166519
906.0 0.00037752645312139066
