lsstCam/transmission_filter_detector/r12_s22/g_6/19700101T000000.ecsv
# %ECSV 1.0
# ---
# datatype:
# - {name: wavelength, unit: nm, datatype: float32}
# - {name: efficiency, unit: '%', datatype: float64}
# meta: !!omap
# - {MODE: DETECTOR}
# - {TYPE: transmission_filter_detector}
# - {CALIBDATE: '1970-01-01T00:00:00'}
# - {INSTRUME: LSSTCam}
# - {OBSTYPE: transmission_filter_detector}
# - {CALIBCLS: lsst.ip.isr.IntermediateFilterDetectorTransmissionCurve}
# - {SOURCE: Materion (DM-46256)}
# - {DETECTOR: 53}
# - {FILTER: g_6}
# - {CALIB_ID: 'calibDate=1970-01-01T00:00:00 filter=g_6 detector=53'}
# - {DATE: '2025-04-02T15:59:42.272387'}
# - {CALIB_CREATION_DATE: '2025-04-02'}
# - {CALIB_CREATION_TIME: '15:59:42'}
# - __serialized_columns__:
#     efficiency:
#       __class__: astropy.units.quantity.Quantity
#       unit: !astropy.units.Unit {unit: '%'}
#       value: !astropy.table.SerializedColumn {name: efficiency}
#     wavelength:
#       __class__: astropy.units.quantity.Quantity
#       unit: !astropy.units.Unit {unit: nm}
#       value: !astropy.table.SerializedColumn {name: wavelength}
# schema: astropy-2.0
wavelength efficiency
[from data line 608]
908.0 0.0003929653757950291
909.0 0.00017984783653446357
910.0 0.0002801565415211371
911.0 0.00038046525787649443
912.0 0.0004864896709477762
913.0 0.0005925140612816904
914.0 0.00034888405480160145
915.0 0.00010525409379624762
916.0 0.00016528592823306099
917.0 0.0002253177399325068
918.0 0.0003051755356864305
919.0 0.0003850333541777218
920.0 0.00043722843656723853
921.0 0.0004894235189567553
922.0 0.000603416947342339
923.0 0.0007174104212026577
924.0 0.0005845418854732998
925.0 0.0004516733497439418
926.0 0.0005078972662886372
927.0 0.0005641213647322729
928.0 0.0004958602858096128
929.0 0.00042759925236168783
930.0 0.0004922921561956173
931.0 0.0005569851055042818
932.0 0.0005366992809285875
933.0 0.0005164135018276284
934.0 0.0006363959073496517
935.0 0.0007563784038211452
936.0 0.0006815620963607216
937.0 0.0006067458798497682
938.0 0.000709053438185947
939.0 0.0008113610419968609
940.0 0.0006897847924847156
941.0 0.0005682084520231001
942.0 0.0007161752364481799
943.0 0.0008641420208732598
944.0 0.0006432331701944349
945.0 0.00042232418309140485
946.0 0.000464097547592246
947.0 0.0005058709120930871
948.0 0.0009228449926013127
949.0 0.001339819391432684
950.0 0.0012364173926471267
951.0 0.0011330154848110396
952.0 0.0011099748917331453
953.0 0.0010869344805541914
954.0 0.0009431374564883299
955.0 0.0007993405233719386
956.0 0.0008104317203105893
957.0 0.0008215228262997698
958.0 0.0008442931175522972
959.0 0.0008670634088048246
960.0 0.0007105530130502302
961.0 0.0005540425263461657
962.0 0.0005893306479265448
963.0 0.0006246186330827186
964.0 0.0007200668733275961
965.0 0.0008155148861987982
966.0 0.0008225613782997243
967.0 0.0008296076885017101
968.0 0.0007752010787953623
969.0 0.0007207944690890145
970.0 0.0007108931185939582
971.0 0.000700991768098902
972.0 0.000790044850873528
973.0 0.0008790980245976243
974.0 0.0008293791324831545
975.0 0.0007796605132170953
976.0 0.0008153197995852679
977.0 0.000850979358801851
978.0 0.0009087109901884105
979.0 0.00096644262157497
980.0 0.0010066382856166456
981.0 0.0010468341315572616
982.0 0.0009803310604183935
983.0 0.0009138279892795254
984.0 0.0009686859812063631
985.0 0.0010235442459816113
986.0 0.0011225642992940266
987.0 0.0012215841707075015
988.0 0.0012348316886345856
989.0 0.0012480789337132592
990.0 0.0012946333299623802
991.0 0.001341187635262031
992.0 0.0013172726539778523
993.0 0.0012933577636431437
994.0 0.001269676795345731
995.0 0.0012459958270483185
996.0 0.0011799791536759585
997.0 0.0011139623893541284
998.0 0.0012765970495820511
999.0 0.0014392318917089142
1000.0 0.0013164923984732013
1001.0 0.0011937528142880183
1002.0 0.0011719027497747447
1003.0 0.0011500526852614712
1004.0 0.0011555202945601195
1005.0 0.0011609877219598275
1006.0 0.0013925489838584326
1007.0 0.0016241101548075676
1008.0 0.0016414518540841527
1009.0 0.001658794099057559
1010.0 0.0018199738406110555
1011.0 0.001981154127861373
1012.0 0.0021530855519813485
1013.0 0.002325017521798145
1014.0 0.00229412780754501
1015.0 0.002263238638988696
1016.0 0.0025949162591132335
1017.0 0.0029265942430356517
1018.0 0.0032333318813471124
1019.0 0.003540069519658573
1020.0 0.0036601435567718
1021.0 0.003780217230087146
1022.0 0.004068779162480496
1023.0 0.004357341458671726
1024.0 0.004507465200731531
1025.0 0.004657588942791335
1026.0 0.0048516234528506175
1027.0 0.0050456579629099
1028.0 0.0050258913688594475
1029.0 0.005006124774808995
1030.0 0.005246877844911069
1031.0 0.005487630915013142
1032.0 0.0058060282754013315
1033.0 0.006124425999587402
1034.0 0.0058251156588085
1035.0 0.005525805681827478
1036.0 0.005491817864822224
1037.0 0.0054578300478169695
1038.0 0.005805243199574761
1039.0 0.0061526567151304334
1040.0 0.006600635242648423
1041.0 0.007048613042570651
1042.0 0.00704278500052169
1043.0 0.007036955503281206
1044.0 0.007511420699302107
1045.0 0.007985884440131485
1046.0 0.00899872466106899
1047.0 0.010011564154410735
1048.0 0.011542029824340716
1049.0 0.013072493311483413
1050.0 0.015622751379851252
1051.0 0.018173006537836045
1052.0 0.021972176909912378
1053.0 0.02577135164756328
1054.0 0.030896993121132255
1055.0 0.03602263459470123
1056.0 0.04295395046938211
1057.0 0.04988525761291385
1058.0 0.05817391793243587
1059.0 0.06646256661042571
1060.0 0.0743752985727042
1061.0 0.08228799561038613
1062.0 0.09074846166186035
1063.0 0.0992089044302702
1064.0 0.10639274260029197
1065.0 0.11357655748724937
1066.0 0.1214610761962831
1067.0 0.12934559490531683
1068.0 0.1377232256345451
1069.0 0.1461008912883699
1070.0 0.15566935762763023
1071.0 0.1652378006838262
1072.0 0.17508537275716662
1073.0 0.18493292154744267
1074.0 0.19450309919193387
1075.0 0.20407333504408598
1076.0 0.21459984127432108
1077.0 0.22512637078762054
1078.0 0.23719242308288813
1079.0 0.2492584753781557
1080.0 0.26562162674963474
1081.0 0.2819847781211138
1082.0 0.31106146052479744
1083.0 0.34013816621154547
1084.0 0.3814773866906762
1085.0 0.42281667701900005
1086.0 0.46044117771089077
1087.0 0.4980657249689102
1088.0 0.5648322403430939
1089.0 0.6315987091511488
1090.0 0.7132955361157656
1091.0 0.7949923165142536
1092.0 0.8343813940882683
1093.0 0.8737700991332531
1094.0 0.9264233522117138
1095.0 0.9790762327611446
1096.0 1.0525822639465332
1097.0 1.1260883882641792
1098.0 1.2010660022497177
1099.0 1.2760438956320286
1100.0 1.5201380476355553
1101.0 1.7642317339777946
