lsstCam/transmission_filter_detector/r10_s02/r_57/19700101T000000.ecsv
# %ECSV 1.0
# ---
# datatype:
# - {name: wavelength, unit: nm, datatype: float32}
# - {name: efficiency, unit: '%', datatype: float64}
# meta: !!omap
# - {MODE: DETECTOR}
# - {TYPE: transmission_filter_detector}
# - {CALIBDATE: '1970-01-01T00:00:00'}
# - {INSTRUME: LSSTCam}
# - {OBSTYPE: transmission_filter_detector}
# - {CALIBCLS: lsst.ip.isr.IntermediateFilterDetectorTransmissionCurve}
# - {SOURCE: Materion (DM-46256)}
# - {DETECTOR: 29}
# - {FILTER: r_57}
# - {CALIB_ID: 'calibDate=1970-01-01T00:00:00 filter=r_57 detector=29'}
# - {DATE: '2025-04-02T15:59:44.318715'}
# - {CALIB_CREATION_DATE: '2025-04-02'}
# - {CALIB_CREATION_TIME: '15:59:44'}
# - __serialized_columns__:
#     efficiency:
#       __class__: astropy.units.quantity.Quantity
#       unit: !astropy.units.Unit {unit: '%'}
#       value: !astropy.table.SerializedColumn {name: efficiency}
#     wavelength:
#       __class__: astropy.units.quantity.Quantity
#       unit: !astropy.units.Unit {unit: nm}
#       value: !astropy.table.SerializedColumn {name: wavelength}
# schema: astropy-2.0
wavelength efficiency
[from data line 603]
903.0 1.671346437984167e-10
904.0 1.671346437984167e-10
905.0 5.5093369155656546e-05
906.0 1.671346437984167e-10
907.0 1.671346437984167e-10
908.0 1.671346437984167e-10
909.0 1.671346437984167e-10
910.0 1.671346437984167e-10
911.0 1.671346437984167e-10
912.0 1.671346437984167e-10
913.0 1.671346437984167e-10
914.0 1.671346437984167e-10
915.0 5.388969270825328e-05
916.0 6.843831670266809e-05
917.0 8.298695206576667e-05
918.0 0.00011009349236701382
919.0 0.00013720000424655154
920.0 4.294921041037014e-05
921.0 1.671346437984167e-10
922.0 8.564257427678967e-05
923.0 0.0002225867774541257
924.0 0.00019744206838367973
925.0 0.0001722973820506013
926.0 0.00012878228972112993
927.0 8.52671803386329e-05
928.0 0.00012624730061361333
929.0 0.00016722741520425188
930.0 0.0002222478997282451
931.0 0.00027726841835828964
932.0 0.000147084278978582
933.0 1.690021917966078e-05
934.0 0.00014624633877247106
935.0 0.00027559242425923003
936.0 0.00026155855721299304
937.0 0.0002475246674293885
938.0 0.0002810992100421572
939.0 0.000314673798129661
940.0 0.00030155306376400404
941.0 0.00028843232939834706
942.0 0.0003220486860300298
943.0 0.00035566501992434496
944.0 0.00033120441003120504
945.0 0.00030674382287543267
946.0 0.0003091671942456742
947.0 0.0003115905201411806
948.0 0.0004222426014166558
949.0 0.0005328947736416012
950.0 0.0005324403446138604
951.0 0.0005319858246366493
952.0 0.0006527903678943403
953.0 0.0007735950021015014
954.0 0.0011242172149650287
955.0 0.0014748396097274963
956.0 0.0015151223124121316
957.0 0.0015554049241472967
958.0 0.0016857104128575884
959.0 0.0018160160834668204
960.0 0.0019607865397119895
961.0 0.002105557177856099
962.0 0.0022362795789376833
963.0 0.0023670019800192676
964.0 0.002374026553297881
965.0 0.0023810507627786137
966.0 0.0023860327928559855
967.0 0.002391014641034417
968.0 0.002354969365114812
969.0 0.002318924271094147
970.0 0.0023739235984976403
971.0 0.0024289232896990143
972.0 0.0025164554244838655
973.0 0.002603987195470836
974.0 0.0028637621653615497
975.0 0.003123536953353323
976.0 0.0032502011890755966
977.0 0.003376864697202109
978.0 0.00325651781167835
979.0 0.0031361705623567104
980.0 0.003057252979488112
981.0 0.002978335578518454
982.0 0.003094314524787478
983.0 0.0032102936529554427
984.0 0.0031910614779917523
985.0 0.0031718289392301813
986.0 0.0030483122827718034
987.0 0.0029247956263134256
988.0 0.0027446390959084965
989.0 0.002564482929301448
990.0 0.0025932835342246108
991.0 0.0026220841391477734
992.0 0.0026571578928269446
993.0 0.0026922320103039965
994.0 0.002746992504398804
995.0 0.0028017528165946715
996.0 0.002868624869734049
997.0 0.002935496740974486
998.0 0.0030736642656847835
999.0 0.003211831790395081
1000.0 0.003323873897898011
1001.0 0.0034359160054009408
1002.0 0.0036451867345022038
1003.0 0.0038544578274013475
1004.0 0.003985438161180355
1005.0 0.004116418494959362
1006.0 0.0042991679947590455
1007.0 0.004481917494558729
1008.0 0.004391546826809645
1009.0 0.004301175431464799
1010.0 0.004349023583927192
1011.0 0.004396871736389585
1012.0 0.004334472032496706
1013.0 0.0042720723286038265
1014.0 0.004044749221066013
1015.0 0.003817425749730319
1016.0 0.0035936915082857013
1017.0 0.003369956903043203
1018.0 0.0029781311241094954
1019.0 0.002586305527074728
1020.0 0.0021878473489778116
1021.0 0.001789389170880895
1022.0 0.0015351253750850447
1023.0 0.0012808610335923731
1024.0 0.0013511480574379675
1025.0 0.0014214353541319724
1026.0 0.0012874660569650587
1027.0 0.0011534965778992046
1028.0 0.0011135326531075407
1029.0 0.0010735686373664066
1030.0 0.000996021117316559
1031.0 0.00091847296062042
1032.0 0.0008826183147903066
1033.0 0.0008467633961117826
1034.0 0.0007796094905643258
1035.0 0.0007124554485926637
1036.0 0.0008214642548409756
1037.0 0.0009304727427661419
1038.0 0.0008308072210638784
1039.0 0.0007311419267352903
1040.0 0.0007697190085309558
1041.0 0.0008082960448518861
1042.0 0.0009182992471323814
1043.0 0.0010283019946655259
1044.0 0.0009816108104132582
1045.0 0.000934919899009401
1046.0 0.0009460160981689114
1047.0 0.0009571124792273622
1048.0 0.0007785817615513224
1049.0 0.0006000511802994879
1050.0 0.0006454405593103729
1051.0 0.000690829983795993
1052.0 0.0009746024261403363
1053.0 0.0012583744137373287
1054.0 0.0010316065527149476
1055.0 0.0008048385097936261
1056.0 0.0008924540452426299
1057.0 0.0009800698535400443
1058.0 0.0008619582331448328
1059.0 0.0007438466582243564
1060.0 0.0011097882634203415
1061.0 0.0014757293683942407
1062.0 0.001659089139138814
1063.0 0.0018424489098833874
1064.0 0.0013018980098422617
1065.0 0.0007613469733769307
1066.0 0.001181715924758464
1067.0 0.0016020849216147326
1068.0 0.0017666539861238562
1069.0 0.001931222686835099
1070.0 0.0015237318621075246
1071.0 0.0011162410373799503
1072.0 0.0012161845916125458
1073.0 0.0013161281458451413
1074.0 0.002117830081260763
1075.0 0.0029195318347774446
1076.0 0.0032380277843913063
1077.0 0.003556523734005168
1078.0 0.003779893449973315
1079.0 0.004003263165941462
1080.0 0.004005536902695894
1081.0 0.004007809911854565
1082.0 0.003935979111702181
1083.0 0.0038641486753476784
1084.0 0.0044766107748728245
1085.0 0.005089072874397971
1086.0 0.005210085873841308
1087.0 0.005331098873284645
1088.0 0.005373477324610576
1089.0 0.005415855775936507
1090.0 0.005043136116000824
1091.0 0.004670415728469379
1092.0 0.003980029578087851
1093.0 0.003289643063908443
1094.0 0.003937823203159496
1095.0 0.0045860033424105495
1096.0 0.003535279756761156
1097.0 0.002484555989212822
1098.0 0.0020035950001329184
1099.0 0.0015226340110530145
1100.0 0.0013844158274878282
1101.0 0.0012461970982258208
