lsstCam/transmission_filter_detector/r10_s02/r_57/19700101T000000.ecsv
# %ECSV 1.0
# ---
# datatype:
# - {name: wavelength, unit: nm, datatype: float32}
# - {name: efficiency, unit: '%', datatype: float64}
# meta: !!omap
# - {MODE: DETECTOR}
# - {TYPE: transmission_filter_detector}
# - {CALIBDATE: '1970-01-01T00:00:00'}
# - {INSTRUME: LSSTCam}
# - {OBSTYPE: transmission_filter_detector}
# - {CALIBCLS: lsst.ip.isr.IntermediateFilterDetectorTransmissionCurve}
# - {SOURCE: Materion (DM-46256)}
# - {DETECTOR: 29}
# - {FILTER: r_57}
# - {CALIB_ID: 'calibDate=1970-01-01T00:00:00 filter=r_57 detector=29'}
# - {DATE: '2025-04-02T15:59:44.318715'}
# - {CALIB_CREATION_DATE: '2025-04-02'}
# - {CALIB_CREATION_TIME: '15:59:44'}
# - __serialized_columns__:
#     efficiency:
#       __class__: astropy.units.quantity.Quantity
#       unit: !astropy.units.Unit {unit: '%'}
#       value: !astropy.table.SerializedColumn {name: efficiency}
#     wavelength:
#       __class__: astropy.units.quantity.Quantity
#       unit: !astropy.units.Unit {unit: nm}
#       value: !astropy.table.SerializedColumn {name: wavelength}
# schema: astropy-2.0
wavelength efficiency
300.0 0.0025581424779375084
301.0 0.006942368054296821
302.0 0.011326594540150836
303.0 0.013664171274285764
304.0 0.016001745825633407
305.0 0.014747970271855593
306.0 0.013494193262886256
307.0 0.01128739895648323
308.0 0.009080603194888681
309.0 0.008622967288829386
310.0 0.008165329927578568
311.0 0.007728769560344517
312.0 0.007292209920706227
313.0 0.006706165731884539
314.0 0.006120120815467089
315.0 0.005928417158429511
316.0 0.005736712773796171
317.0 0.005398132998379879
318.0 0.005059552859165706
319.0 0.0046423348976532
320.0 0.004225116936140694
321.0 0.003911037856596522
322.0 0.0035969595046481118
323.0 0.0034374726965324953
324.0 0.0032779851608211175
325.0 0.0032191339414566755
326.0 0.003160281994496472
327.0 0.003177817416144535
328.0 0.0031953528377925977
329.0 0.003215646938770078
330.0 0.003235940312151797
331.0 0.0030071088986005634
332.0 0.002778277121251449
333.0 0.0024735021725064144
334.0 0.0021687275875592604
335.0 0.0018667402400751598
336.0 0.0015647530744899996
337.0 0.0014870867744321004
338.0 0.0014094205653236713
339.0 0.001351577157038264
340.0 0.0012937338397023268
341.0 0.0012569911632454023
342.0 0.0012202484867884777
343.0 0.0011824955436168239
344.0 0.0011447426913946401
345.0 0.0010981273590005003
346.0 0.0010515122085053008
347.0 0.0010423573257867247
348.0 0.0010332024430681486
349.0 0.0010270023267366923
350.0 0.005787716509075835
351.0 0.0058185221860185266
352.0 0.005849327862961218
353.0 0.005491292176884599
354.0 0.005133256854605861
355.0 0.005163175956113264
356.0 0.005193095785216428
357.0 0.006826856406405568
358.0 0.00846061811898835
359.0 0.006300774111878127
360.0 0.004140930104767904
361.0 0.0028519900297396816
362.0 0.0015630499547114596
363.0 0.0029652414013980888
364.0 0.004367432484286837
365.0 0.004327237911638804
366.0 0.00428704333899077
367.0 0.003396437023184262
368.0 0.002505830707377754
369.0 0.002154269714083057
370.0 0.0018027090845862404
371.0 0.002344848689972423
372.0 0.0028869886591564864
373.0 0.003392439248273149
374.0 0.003897889473591931
375.0 0.003475823177723214
376.0 0.0030537576094502583
377.0 0.001637693821976427
378.0 0.00022163023913890356
379.0 0.0009148714525508694
380.0 0.0016081126887002029
381.0 0.0024797793230391107
382.0 0.0033514465030748397
383.0 0.0034820972359739244
384.0 0.00361274833267089
385.0 0.004568070653476752
386.0 0.005523392610484734
387.0 0.004822390837944113
388.0 0.004121389065403491
389.0 0.0035581557312980294
390.0 0.002994921669596806
391.0 0.002136832699761726
392.0 0.0012787436389771756
393.0 0.0014361913599714171
394.0 0.0015936386262183078
395.0 0.0011141305549244862
396.0 0.0006346223017317243
397.0 0.0006044359452062054
398.0 0.000574249861529097
399.0 0.0005666235665557906
400.0 0.0005589967713603983
401.0 0.0002623643013066612
402.0 1.671346437984167e-10
403.0 0.00010872597613342805
404.0 0.0002517211441954714
405.0 0.0007870405170251615
406.0 0.0013223594578448683
407.0 0.001857166353147477
408.0 0.002391973066551145
409.0 0.0019083696315647103
410.0 0.0014247659237298649
411.0 0.0010672386451915372
412.0 0.0007097114576026797
413.0 0.000771442773839226
414.0 0.0008331740900757723
415.0 0.0008273611456388608
416.0 0.0008215484740503598
417.0 0.001354507367068436
418.0 0.0018874668967328034
419.0 0.0023557802705909126
420.0 0.002824093826347962
421.0 0.004325456393416971
422.0 0.005826818596688099
423.0 0.009051368397194892
424.0 0.012275917106308043
425.0 0.016502510698046535
426.0 0.02072909992421046
427.0 0.02118619595421478
428.0 0.02164329489460215
429.0 0.016519296332262456
430.0 0.011395297042327002
431.0 0.008174772665370256
432.0 0.004954247560817748
433.0 0.004006138624390587
434.0 0.0030580289603676647
435.0 0.0023893617253634147
436.0 0.0017206939446623437
437.0 0.001601084295543842
438.0 0.0014814751011726912
439.0 0.0011779988199123181
440.0 0.0008745227205508854
441.0 0.0011583781088120304
442.0 0.0014422334061237052
443.0 0.0016973101082840003
444.0 0.0019523868104442954
445.0 0.001847866951720789
446.0 0.0017433470929972827
447.0 0.001646096643526107
448.0 0.0015488463759538718
449.0 0.0015350729881902225
450.0 0.001521299418527633
451.0 0.0016509200577274896
452.0 0.0017805408788262866
453.0 0.0016839596355566755
454.0 0.0015873783922870643
455.0 0.001381277706968831
456.0 0.0011751772035495378
457.0 0.0008781019460002426
458.0 0.0005810268703498878
459.0 0.0008002136382856406
460.0 0.0010194003152719233
461.0 0.0017050000678864308
462.0 0.0023905993657535873
463.0 0.00312838819809258
464.0 0.0038661775761283934
465.0 0.004942354280501604
466.0 0.006018531712470576
467.0 0.006609699630644172
468.0 0.0072008690040092915
469.0 0.006151248817332089
470.0 0.005101630085846409
471.0 0.0038833684811834246
472.0 0.0026651065127225593
473.0 0.002207418583566323
474.0 0.0017497304725111462
475.0 0.0014596336768590845
476.0 0.0011695371540554333
477.0 0.0009244430657417979
478.0 0.0006793488410039572
479.0 0.000892410480446415
480.0 0.0011054719834646676
481.0 0.0008437245014647488
482.0 0.0005819771558890352
483.0 0.0006595833838218823
484.0 0.0007371895208052592
485.0 0.0006553547336807242
486.0 0.0005735198101319838
487.0 0.0005892899935133755
488.0 0.000605060085945297
489.0 0.0005816038537886925
490.0 0.0005581477125815582
491.0 0.0007350333817157662
492.0 0.0009119190508499742
493.0 0.00100631741588586
494.0 0.001100715780921746
495.0 0.0009728290933708195
496.0 0.0008449424058198929
497.0 0.001115914074034663
498.0 0.0013868855603504926
499.0 0.001377620628773002
500.0 0.0013683558790944517
501.0 0.00152302663991577
502.0 0.0016776975826360285
503.0 0.0020553445210680366
504.0 0.0024329914595000446
505.0 0.0030337880161823705
506.0 0.003634584936662577
507.0 0.004284773240215145
508.0 0.004934961179969832
509.0 0.005438461448648013
510.0 0.005941960262134671
511.0 0.0052157356549287215
512.0 0.004489510683924891
513.0 0.0038313683035084978
514.0 0.003173226286889985
515.0 0.002982819205499254
516.0 0.002792412669805344
517.0 0.0026385912860860117
518.0 0.0024847695385687985
519.0 0.056561827659606934
520.0 0.02862922556232661
521.0 0.08796040783636272
522.0 0.07574734627269208
523.0 0.042067994945682585
524.0 0.13860450126230717
525.0 0.04762680327985436
526.0 0.13528559356927872
527.0 0.18953578546643257
528.0 0.09387037134729326
529.0 0.12066265335306525
530.0 0.15399266267195344
531.0 0.21439834963530302
532.0 0.2447604201734066
533.0 0.3068934194743633
534.0 0.4706011153757572
535.0 0.643899803981185
536.0 0.9419277310371399
537.0 1.3894873671233654
538.0 2.109345979988575
539.0 3.296482190489769
540.0 5.166637152433395
541.0 7.355679571628571
542.0 10.221270471811295
543.0 13.813908398151398
544.0 18.211428821086884
545.0 23.1377974152565
546.0 29.024121165275574
547.0 35.99323630332947
548.0 44.40379440784454
549.0 52.20717191696167
550.0 58.462828397750854
551.0 65.61064124107361
552.0 70.31986117362976
553.0 74.56181645393372
554.0 78.16635966300964
555.0 82.15317726135254
556.0 85.67362427711487
557.0 88.22386860847473
558.0 91.00123047828674
559.0 93.72428059577942
560.0 93.86195540428162
561.0 95.33406496047974
562.0 95.84624767303467
563.0 95.35239934921265
564.0 95.76094150543213
565.0 95.3833281993866
566.0 95.70192694664001
567.0 95.37582993507385
568.0 95.90886235237122
569.0 96.69674634933472
570.0 96.36192917823792
571.0 96.8927264213562
572.0 96.98190689086914
573.0 97.07332253456116
574.0 97.1195638179779
575.0 97.06026911735535
576.0 97.76588082313538
577.0 97.1213161945343
578.0 97.0970094203949
579.0 97.20557928085327
580.0 96.72644138336182
581.0 96.56763672828674
582.0 96.59651517868042
583.0 97.00971245765686
584.0 96.648508310318
585.0 96.48192524909973
586.0 96.5010404586792
587.0 96.42992615699768
588.0 96.72890305519104
589.0 97.18372821807861
590.0 96.75074219703674
591.0 96.15479707717896
592.0 95.82820534706116
593.0 95.9222137928009
594.0 96.01423740386963
595.0 96.3758111000061
596.0 97.03736305236816
597.0 97.38249778747559
598.0 96.89640998840332
599.0 97.07026481628418
600.0 97.04033732414246
601.0 96.18622064590454
602.0 96.8448281288147
603.0 96.26412391662598
604.0 96.37007117271423
605.0 96.93283438682556
606.0 96.08682990074158
607.0 96.30985856056213
608.0 96.49748206138611
609.0 95.53468227386475
610.0 95.92658877372742
611.0 95.82313895225525
612.0 95.95814347267151
613.0 96.69020175933838
614.0 96.68315052986145
615.0 96.28348350524902
616.0 96.63267731666565
617.0 96.51435613632202
618.0 96.32039070129395
619.0 97.09068536758423
620.0 96.13214135169983
621.0 95.51360011100769
622.0 96.69527411460876
623.0 96.76910638809204
624.0 96.45525813102722
625.0 96.83877825737
626.0 96.27589583396912
627.0 95.26334404945374
628.0 97.21667170524597
629.0 95.79673409461975
630.0 96.55017852783203
631.0 96.17653489112854
632.0 96.77793383598328
633.0 96.51714563369751
634.0 95.94646692276001
635.0 96.16177678108215
636.0 96.32142186164856
637.0 95.59900164604187
638.0 95.64856886863708
639.0 95.35688161849976
640.0 95.69803476333618
641.0 95.56599259376526
642.0 96.06896042823792
643.0 96.20417952537537
644.0 96.33143544197083
645.0 96.32970690727234
646.0 96.2194561958313
647.0 97.32915759086609
648.0 96.62314057350159
649.0 95.6834077835083
650.0 96.47233486175537
651.0 97.09541201591492
652.0 96.56407833099365
653.0 96.15150690078735
654.0 96.79486155509949
655.0 96.49105668067932
656.0 95.7966685295105
657.0 96.06517553329468
658.0 96.55266404151917
659.0 96.34984731674194
660.0 95.58252692222595
661.0 95.82913517951965
662.0 95.97646594047546
663.0 95.83766460418701
664.0 95.51602005958557
665.0 95.55770754814148
666.0 95.50554156303406
667.0 95.90652585029602
668.0 95.12256979942322
669.0 95.86091637611389
670.0 95.22694945335388
671.0 95.77925205230713
672.0 95.31365633010864
673.0 95.70350050926208
674.0 94.9253261089325
675.0 95.7926332950592
676.0 95.21096348762512
677.0 93.94516944885254
678.0 93.21134090423584
679.0 92.27250218391418
680.0 91.44052863121033
681.0 90.18294215202332
682.0 87.86763548851013
683.0 84.97579097747803
684.0 81.72709941864014
685.0 78.06071043014526
686.0 74.35053586959839
687.0 69.83482241630554
688.0 65.5934989452362
689.0 61.11091375350952
690.0 56.07956051826477
691.0 52.174997329711914
692.0 47.39052951335907
693.0 42.90416240692139
694.0 37.914395332336426
695.0 32.481712102890015
696.0 27.03661024570465
697.0 21.794022619724274
698.0 15.980127453804016
699.0 11.500245332717896
700.0 7.9698242247104645
701.0 4.947024956345558
702.0 3.0789626762270927
703.0 1.755610853433609
704.0 1.0005938820540905
705.0 0.6136964075267315
706.0 0.3612971864640713
707.0 0.30168399680405855
708.0 0.15449951170012355
709.0 0.1162491855211556
710.0 0.13556350022554398
711.0 0.10311576770618558
712.0 0.09641991346143186
713.0 0.05114698433317244
714.0 0.013854674762114882
715.0 0.08443034021183848
716.0 0.06856450345367193
717.0 0.033886058372445405
718.0 0.04604890709742904
719.0 1.671346437984167e-10
720.0 1.671346437984167e-10
721.0 0.004419247488840483
722.0 0.004172384069534019
723.0 0.003925521014025435
724.0 0.003607555481721647
725.0 0.0032895899494178593
726.0 0.003064697011723183
727.0 0.0028398038921295665
728.0 0.002664792009454686
729.0 0.002489779762981925
730.0 0.002348223097214941
731.0 0.002206666613346897
732.0 0.002193626278312877
733.0 0.0021805859432788566
734.0 0.002105123166984413
735.0 0.0020296602087910287
736.0 0.0018387527234153822
737.0 0.0016478450561407954
738.0 0.0016656715160934255
739.0 0.0016834977941471152
740.0 0.0016638021406834014
741.0 0.0016441068510175683
742.0 0.001464436536480207
743.0 0.0012847661309933756
744.0 0.0013705313904210925
745.0 0.0014562962860509288
746.0 0.001358826193609275
747.0 0.0012613562830665614
748.0 0.0011472094229247887
749.0 0.0010330624718335457
750.0 0.0010226664926449303
751.0 0.0010122708772541955
752.0 0.0010439330253575463
753.0 0.0010755950825114269
754.0 0.0010913974620052613
755.0 0.0011072000233980361
756.0 0.0010797844879562035
757.0 0.0010523685887164902
758.0 0.0010288848898198921
759.0 0.0010054010999738239
760.0 0.00103423944892711
761.0 0.0010630780707288068
762.0 0.0010432012459204998
763.0 0.0010233246939606033
764.0 0.0009912643690768164
765.0 0.0009592039532435592
766.0 0.0007701873073528986
767.0 0.000581170615987503
768.0 0.0006246077646210324
769.0 0.0006680448223050917
770.0 0.0007368058959400514
771.0 0.0008055671969486866
772.0 0.0007570471098006237
773.0 0.0007085268862283556
774.0 0.0007984946932992898
775.0 0.0008884623639460187
776.0 0.0009037604286277201
777.0 0.0009190584933094215
778.0 0.0008695096767041832
779.0 0.0008199611329473555
780.0 0.0007243081199703738
781.0 0.0006286551524681272
782.0 0.0006782833224860951
783.0 0.0007279114015545929
784.0 0.0008114510819723364
785.0 0.0008949906259658746
786.0 0.0007582490070490167
787.0 0.0006215073881321587
788.0 0.000621357230556896
789.0 0.0006212072548805736
790.0 0.0006701869097014423
791.0 0.0007191664735728409
792.0 0.0007647827260370832
793.0 0.0008103988875518553
794.0 0.0008306005838676356
795.0 0.0008508019163855352
796.0 0.0006998523076617857
797.0 0.0005489025625138311
798.0 0.000716325075700297
799.0 0.0008837474524625577
800.0 0.0008376250661967788
801.0 0.0007915023161331192
802.0 0.0006750063676008722
803.0 0.0005585100552707445
804.0 0.0006663892690994544
805.0 0.0007742683919786941
806.0 0.0006980538273637649
807.0 0.0006218393082235707
808.0 0.0007258103778440272
809.0 0.0008297814929392189
810.0 0.0007284385901584756
811.0 0.0006270959147514077
812.0 0.0006427931566577172
813.0 0.0006584903530892916
814.0 0.000565029404242523
815.0 0.0004715685008704895
816.0 0.0005883773155801464
817.0 0.0007051862667140085
818.0 0.000624370022705989
819.0 0.0005435537332232343
820.0 0.0004397799784783274
821.0 0.0003360062237334205
822.0 0.00039243727769644465
823.0 0.000448868422608939
824.0 0.0004696467840403784
825.0 0.000490425236421288
826.0 0.0005046354999649338
827.0 0.0005188457635085797
828.0 0.00040876934690459166
829.0 0.0002986929303006036
830.0 0.00020281563593016472
831.0 0.00010693835292840959
832.0 4.0275344304063765e-05
833.0 1.671346437984167e-10
834.0 1.671346437984167e-10
835.0 1.671346437984167e-10
836.0 0.00024568716980866157
837.0 0.0005136542768013896
838.0 0.0007058319170027971
839.0 0.0008980096026789397
840.0 0.0011921933946723584
841.0 0.0014863771866657771
842.0 0.002058119571302086
843.0 0.0026298617740394548
844.0 0.0027890368073713034
845.0 0.002948211840703152
846.0 0.003256093623349443
847.0 0.0035639750421978533
848.0 0.0032993830245686695
849.0 0.0030347908250405453
850.0 0.0023693904950050637
851.0 0.0017039901649695821
852.0 0.00141267219078145
853.0 0.0011213541256438475
854.0 0.0010385719178884756
855.0 0.0009557893463352229
856.0 0.0007279486453626305
857.0 0.0005001079898647731
858.0 0.0005596627488557715
859.0 0.0006192174623720348
860.0 0.000505405569128925
861.0 0.0003915936304110801
862.0 0.0003720222821357311
863.0 0.0003524509111230145
864.0 0.0002885586582124233
865.0 0.00022466647351393476
866.0 0.00017356084072162048
867.0 0.00012245518519193865
868.0 0.00017511532632852322
869.0 0.00022777544472774025
870.0 0.0001239429025190475
871.0 2.0110343257329077e-05
872.0 1.671346437984167e-10
873.0 1.671346437984167e-10
874.0 1.671346437984167e-10
875.0 1.671346437984167e-10
876.0 1.671346437984167e-10
877.0 1.186214930726237e-05
878.0 0.0001338221409241669
879.0 0.0002557821062509902
880.0 0.00016669862361595733
881.0 7.761512961224071e-05
882.0 5.558056273002876e-05
883.0 3.35460214273553e-05
884.0 1.671346437984167e-10
885.0 1.671346437984167e-10
886.0 1.671346437984167e-10
887.0 0.00012022845794490422
888.0 0.0001704048600004171
889.0 0.00022058127342461376
890.0 0.00018235749621453579
891.0 0.00014413369626709027
892.0 2.788815223198071e-06
893.0 1.671346437984167e-10
894.0 1.671346437984167e-10
895.0 0.00012570881153806113
896.0 4.826409849556512e-05
897.0 1.671346437984167e-10
898.0 2.5624538579904765e-05
899.0 8.042965191634721e-05
900.0 3.268371884246335e-06
901.0 1.671346437984167e-10
