lsstCam/transmission_sensor/r34_s00/19700101T000000.ecsv
# %ECSV 1.0
# ---
# datatype:
# - {name: amp_name, datatype: string}
# - {name: wavelength, unit: nm, datatype: float32}
# - {name: efficiency, unit: '%', datatype: float64}
# meta: !!omap
# - {MODE: AMP}
# - {TYPE: transmission_sensor}
# - {CALIBDATE: '1970-01-01T00:00:00'}
# - {INSTRUME: LSSTCam}
# - {OBSTYPE: transmission_sensor}
# - {DETECTOR: 153}
# - {PARQUETFILE: qe_raft_allvalues_nircorrected_20230725_adjust.parquet}
# - {CORRFILE: qe_corr_factor_bydetnum.parquet}
# - {CALIBCLS: lsst.ip.isr.IntermediateSensorTransmissionCurve}
# - {CALIB_ID: 'raftName=R34 detectorName=S00 detector=153 calibDate=1970-01-01T00:00:00 ccd=153 ccdnum=153 filter=None'}
# - {DATE: '2025-03-03T21:56:48.244878'}
# - {CALIB_CREATION_DATE: '2025-03-03'}
# - {CALIB_CREATION_TIME: '21:56:48'}
# - __serialized_columns__:
#     efficiency:
#       __class__: astropy.units.quantity.Quantity
#       unit: !astropy.units.Unit {unit: '%'}
#       value: !astropy.table.SerializedColumn {name: efficiency}
#     wavelength:
#       __class__: astropy.units.quantity.Quantity
#       unit: !astropy.units.Unit {unit: nm}
#       value: !astropy.table.SerializedColumn {name: wavelength}
# schema: astropy-2.0
amp_name wavelength efficiency
C00 319.994 42.44165842440805
C00 324.969 47.8554340461099
C00 349.982 70.8099118020925
C00 374.975 75.66429251399724
C00 400.019 83.53881905829378
C00 424.965 85.0388978071104
C00 450.035 87.19076411003458
C00 475.003 90.39397104644597
C00 500.018 91.71587896703696
C00 525.002 94.2383076348055
C00 550.029 96.40326553408299
C00 575.023 96.47378163262239
C00 599.982 98.28731103864882
C00 619.997 97.91267471549872
C00 624.979 98.25695470887621
C00 650.012 98.66349607628595
C00 675.004 98.40712661016906
C00 700.03 97.9910717109105
C00 725.012 98.05675856673916
C00 750.022 98.44709565055075
C00 774.987 98.47261510847721
C00 799.976 97.7420643604585
C00 824.988 95.91844160829254
C00 850.022 93.73412859249503
C00 869.967 90.54746162163957
C00 875.002 89.83422138185257
C00 899.999 82.78966084902463
C00 919.999 74.25204037195178
C00 925.012 71.4202655218208
C00 949.965 58.14029818625131
C00 975.002 42.990078822926456
C00 999.976 25.646929335365257
C00 1025.028 11.082808763035453
C00 1050.014 3.9075642400728
C00 1075.002 0.9379002333185184
C00 1099.99 0.09305759951862631
C01 319.994 42.78453847143889
C01 324.969 48.242376164666695
C01 349.982 71.39940746562618
C01 374.975 76.1798160806535
C01 400.019 83.84679962541891
C01 424.965 85.24174888836805
C01 450.035 87.34059270023424
C01 475.003 90.51524378282836
C01 500.018 91.82162641287216
C01 525.002 94.32728624102265
C01 550.029 96.48881865850373
C01 575.023 96.55239224382548
C01 599.982 98.36177902932752
C01 619.997 97.98591441537738
C01 624.979 98.32903478017344
C01 650.012 98.73984083427403
C01 675.004 98.48141913073347
C01 700.03 98.08655034049188
C01 725.012 98.20987531429796
C01 750.022 98.67682417583679
C01 774.987 98.7865616594883
C01 799.976 98.084513361339
C01 824.988 96.25458131419393
C01 850.022 94.09444502849178
C01 869.967 90.87443110678532
C01 875.002 90.1643645873264
C01 899.999 83.07810320038006
C01 919.999 74.45985039122203
C01 925.012 71.63007437456692
C01 949.965 58.364827455759496
C01 975.002 43.26791667607028
C01 999.976 25.808745204568503
C01 1025.028 11.087794403021984
C01 1050.014 3.882527563371119
C01 1075.002 0.9400877587418072
C01 1099.99 0.09327464378148673
C02 319.994 43.00260204869217
C02 324.969 48.48810680146267
C02 349.982 71.70236806165546
C02 374.975 76.37868475323025
C02 400.019 83.89693830329416
C02 424.965 85.22699414049666
C02 450.035 87.29252151805348
C02 475.003 90.44546771042315
C02 500.018 91.7335709320389
C02 525.002 94.22986981104864
C02 550.029 96.3776926722087
C02 575.023 96.43193582493132
C02 599.982 98.2321066148653
C02 619.997 97.85051252022673
C02 624.979 98.19257243520164
C02 650.012 98.595009327764
C02 675.004 98.3319643681686
C02 700.03 97.94556391822549
C02 725.012 98.08918239220627
C02 750.022 98.58427513425055
C02 774.987 98.72829795240774
C02 799.976 98.04703904823444
C02 824.988 96.22388930246352
C02 850.022 94.07429648188975
C02 869.967 90.87756668143638
C02 875.002 90.17927191790587
C02 899.999 83.05880911694327
C02 919.999 74.42709088379715
C02 925.012 71.57800552543443
C02 949.965 58.390762701565485
C02 975.002 43.334663981720105
C02 999.976 25.873270524531904
C02 1025.028 11.105603665980757
C02 1050.014 3.866627968368166
C02 1075.002 0.9392056682173832
C02 1099.99 0.0931871235700133
C03 319.994 43.290392108970536
C03 324.969 48.81209710923314
C03 349.982 72.13411609244011
C03 374.975 76.75957696741165
C03 400.019 84.22586847623874
C03 424.965 85.52717010210347
C03 450.035 87.58695274070105
C03 475.003 90.740432972549
C03 500.018 92.02420284525527
C03 525.002 94.51949467839168
C03 550.029 96.66940792265244
C03 575.023 96.71797499863446
C03 599.982 98.52024380080455
C03 619.997 98.13179874257317
C03 624.979 98.47400361112075
C03 650.012 98.87461714032156
C03 675.004 98.60684974591106
C03 700.03 98.21217931318998
C03 725.012 98.35823148136465
C03 750.022 98.85980898850235
C03 774.987 99.00751667905969
C03 799.976 98.32731822470754
C03 824.988 96.50400826709314
C03 850.022 94.35017364723473
C03 869.967 91.15590805751685
C03 875.002 90.47377180277208
C03 899.999 83.31201249186749
C03 919.999 74.65072372989536
C03 925.012 71.78058958695294
C03 949.965 58.62624359494615
C03 975.002 43.56631504912795
C03 999.976 25.96884833287354
C03 1025.028 11.14793297012807
C03 1050.014 3.868947940762434
C03 1075.002 0.9418306231375229
C03 1099.99 0.09344756918569301
C04 319.994 43.55783526512637
C04 324.969 49.115313281298455
C04 349.982 72.56742809598258
C04 374.975 77.0852266121325
C04 400.019 84.37005913537485
C04 424.965 85.59023253535315
C04 450.035 87.60995458394419
C04 475.003 90.73727451049173
C04 500.018 92.0106077259653
C04 525.002 94.49076335446013
C04 550.029 96.63412317140882
C04 575.023 96.67249009335566
C04 599.982 98.47381288273566
C04 619.997 98.08363601076755
C04 624.979 98.42263664244544
C04 650.012 98.82076307350454
C04 675.004 98.55052383922313
C04 700.03 98.14681288104829
C04 725.012 98.27993366471314
C04 750.022 98.76584855686636
C04 774.987 98.90531678118737
C04 799.976 98.21955668712567
C04 824.988 96.40450908315384
C04 850.022 94.2629344838897
C04 869.967 91.08330157587675
C04 875.002 90.40600219297812
C04 899.999 83.21490122730964
C04 919.999 74.58872937560226
C04 925.012 71.75469630139168
C04 949.965 58.580888384969214
C04 975.002 43.47278184907459
C04 999.976 25.964589368034243
C04 1025.028 11.130472740114032
C04 1050.014 3.8569647147370416
C04 1075.002 0.9409355629711196
C04 1099.99 0.09335876213825738
C05 319.994 43.78123160802706
C05 324.969 49.367318881964245
C05 349.982 72.89870041349619
C05 374.975 77.3300608255185
C05 400.019 84.50933663131075
C05 424.965 85.67716653328202
C05 450.035 87.67252112339261
C05 475.003 90.79150240494356
C05 500.018 92.05270529512471
C05 525.002 94.53131983826792
C05 550.029 96.66357163406835
C05 575.023 96.7040213099805
C05 599.982 98.49550251468929
C05 619.997 98.1015415915608
C05 624.979 98.44103048790456
C05 650.012 98.8309174527273
C05 675.004 98.55618465769292
C05 700.03 98.14429526636496
C05 725.012 98.2601742040167
C05 750.022 98.72426976891443
C05 774.987 98.84118626898112
C05 799.976 98.1508258062708
C05 824.988 96.34188151062219
C05 850.022 94.20676878904526
C05 869.967 91.0229474856955
C05 875.002 90.37103023628606
C05 899.999 83.1325904854356
C05 919.999 74.57749165915212
C05 925.012 71.69518904524027
C05 949.965 58.549540267594075
C05 975.002 43.463405641663044
C05 999.976 25.962153766556508
C05 1025.028 11.10069145642249
C05 1050.014 3.855101298414608
C05 1075.002 0.940539694726857
C05 1099.99 0.09331948445473832
C06 319.994 44.069887575173794
C06 324.969 49.69123289838068
C06 349.982 73.25481319588532
C06 374.975 77.56323009087176
C06 400.019 84.68988012064702
C06 424.965 85.84342065200656
C06 450.035 87.83645598495433
C06 475.003 90.96085395264213
C06 500.018 92.21764720255976
C06 525.002 94.69749766563842
C06 550.029 96.82933748812702
C06 575.023 96.85664979287344
C06 599.982 98.6421879011025
C06 619.997 98.24184139164083
C06 624.979 98.57996467274727
C06 650.012 98.96198599896847
C06 675.004 98.67654189782684
C06 700.03 98.2501113744188
C06 725.012 98.34455244158524
C06 750.022 98.78624123580133
C06 774.987 98.87958370746958
C06 799.976 98.18071675878377
C06 824.988 96.37326014453895
C06 850.022 94.25757883083607
C06 869.967 91.08535381330043
C06 875.002 90.43687730395821
C06 899.999 83.1390294757166
C06 919.999 74.65005999511521
C06 925.012 71.78375567814561
C06 949.965 58.57389628237143
C06 975.002 43.45959107396103
C06 999.976 26.018029554255595
C06 1025.028 11.08253602144476
C06 1050.014 3.861901242164409
C06 1075.002 0.9411303673344042
C06 1099.99 0.09337809044821938
C07 319.994 44.08087734472329
C07 324.969 49.70942457175158
C07 349.982 73.32812918711801
C07 374.975 77.60127658913163
C07 400.019 84.66014937997753
C07 424.965 85.78010645728855
C07 450.035 87.75789877769907
C07 475.003 90.87048684378144
C07 500.018 92.12816507340594
C07 525.002 94.60307185674279
C07 550.029 96.73514055329352
C07 575.023 96.7673202464277
C07 599.982 98.55497162516367
C07 619.997 98.15188625609197
C07 624.979 98.49046728532264
C07 650.012 98.87406021343706
C07 675.004 98.5908285615626
C07 700.03 98.15707406816671
C07 725.012 98.24266533826447
C07 750.022 98.66570089641772
C07 774.987 98.7490415715713
C07 799.976 98.04593282360085
C07 824.988 96.25641230669089
C07 850.022 94.14855848591253
C07 869.967 90.9933998442757
C07 875.002 90.35933477171169
C07 899.999 83.10000644812501
C07 919.999 74.55875450259983
C07 925.012 71.65692130205368
C07 949.965 58.44875938890689
C07 975.002 43.468490460409825
C07 999.976 26.031603693423207
C07 1025.028 11.137010909155281
C07 1050.014 3.8905953740608767
C07 1075.002 0.9399821101237782
C07 1099.99 0.09326416142266328
C10 319.994 41.16606698485489
C10 324.969 46.39970727596458
C10 349.982 68.26573246928709
C10 374.975 73.24249214220782
C10 400.019 82.27869187620459
C10 424.965 84.40186500087422
C10 450.035 86.8853393032698
C10 475.003 90.28876526922446
C10 500.018 91.74348117892873
C10 525.002 94.33374811870986
C10 550.029 96.54937110620548
C10 575.023 96.64068422785627
C10 599.982 98.4667254159453
C10 619.997 98.09335552927227
C10 624.979 98.43405745814528
C10 650.012 98.84065985863825
C10 675.004 98.56066296017508
C10 700.03 98.06206844498037
C10 725.012 97.9285433171391
C10 750.022 98.08436077863092
C10 774.987 97.89608897513037
C10 799.976 97.09842472296243
C10 824.988 95.35599885890153
C10 850.022 93.21515665663615
C10 869.967 90.14397953752685
C10 875.002 89.50976188225475
C10 899.999 82.66854832448573
C10 919.999 74.34555831373433
C10 925.012 71.56584468360042
C10 949.965 58.03013728558488
C10 975.002 42.878491273939474
C10 999.976 25.599001199473317
C10 1025.028 11.040776995168898
C10 1050.014 3.8841549533169903
C10 1075.002 0.9344448812097474
C10 1099.99 0.09271476265676082
C11 319.994 41.661918825871865
C11 324.969 46.96095225109716
C11 349.982 69.12327017610583
C11 374.975 74.02479894480746
C11 400.019 82.79239970863468
C11 424.965 84.77487631818327
C11 450.035 87.19619605444224
C11 475.003 90.56387952102904
C11 500.018 91.9978975863822
C11 525.002 94.57719382945233
C11 550.029 96.78488251612777
C11 575.023 96.8677349266155
C11 599.982 98.69036589117893
C11 619.997 98.31367733060515
C11 624.979 98.659795945615
C11 650.012 99.06128682538727
C11 675.004 98.7841050778882
C11 700.03 98.30509455327561
C11 725.012 98.23340356788398
C11 750.022 98.46132398807926
C11 774.987 98.35221972266628
C11 799.976 97.58286719198269
C11 824.988 95.82069712549615
C11 850.022 93.70030863524899
C11 869.967 90.59297704345998
C11 875.002 89.97300298398721
C11 899.999 83.00500845407407
C11 919.999 74.6511662197488
C11 925.012 71.81221235320263
C11 949.965 58.25970178445972
C11 975.002 43.07736757565162
C11 999.976 25.734656763376154
C11 1025.028 11.038678029290864
C11 1050.014 3.8658211872991903
C11 1075.002 0.9380361895900852
C11 1099.99 0.09307108897499072
C12 319.994 41.859910147877144
C12 324.969 47.184882633476136
C12 349.982 69.43564512522367
C12 374.975 74.24691359296027
C12 400.019 82.7960540644932
C12 424.965 84.68103032357834
C12 450.035 87.04657345089848
C12 475.003 90.3779117164205
C12 500.018 91.78352651066446
C12 525.002 94.3499295149018
C12 550.029 96.54223023546731
C12 575.023 96.61682792144788
C12 599.982 98.43093714176503
C12 619.997 98.05186829094518
C12 624.979 98.39111305495601
C12 650.012 98.79012446572197
C12 675.004 98.51595622670749
C12 700.03 98.04098914385904
C12 725.012 97.97839208786901
C12 750.022 98.23046635075343
C12 774.987 98.14111391690147
C12 799.976 97.38092397783811
C12 824.988 95.62435369673814
C12 850.022 93.51498930714979
C12 869.967 90.40315652547241
C12 875.002 89.78428869063323
C12 899.999 82.78831049205812
C12 919.999 74.50272613219266
C12 925.012 71.65824114247857
C12 949.965 58.13677734026235
C12 975.002 43.0163077904455
C12 999.976 25.68714441536373
C12 1025.028 10.987220464632633
C12 1050.014 3.835309652303195
C12 1075.002 0.93583681969257
C12 1099.99 0.09285286951427887
C13 319.994 42.11365137684735
C13 324.969 47.473496640378144
C13 349.982 69.7883476840872
C13 374.975 74.52405719478232
C13 400.019 83.0084797106829
C13 424.965 84.85724809314054
C13 450.035 87.21210280175964
C13 475.003 90.5407022076716
C13 500.018 91.93856580034507
C13 525.002 94.50045998555863
C13 550.029 96.69173077284461
C13 575.023 96.76074393170943
C13 599.982 98.56970348562885
C13 619.997 98.18365397591432
C13 624.979 98.52450085836
C13 650.012 98.918660139009
C13 675.004 98.6329108724512
C13 700.03 98.15049012431302
C13 725.012 98.07509900825045
C13 750.022 98.30902355800869
C13 774.987 98.20678551445934
C13 799.976 97.43994296932365
C13 824.988 95.68215202655904
C13 850.022 93.5756409336118
C13 869.967 90.4698504271744
C13 875.002 89.86620271746625
C13 899.999 82.82988928001006
C13 919.999 74.55259016119338
C13 925.012 71.68483630849701
C13 949.965 58.155808218527696
C13 975.002 42.99408030444587
C13 999.976 25.71678360640837
C13 1025.028 10.978898985190693
C13 1050.014 3.8315163031340242
C13 1075.002 0.9365852307454439
C13 1099.99 0.09292712617139391
C14 319.994 42.399309093780296
C14 324.969 47.79425219473731
C14 349.982 70.24280002183423
C14 374.975 74.86782603608773
C14 400.019 83.15874316160061
C14 424.965 84.91635100511553
C14 450.035 87.22391270336507
C14 475.003 90.52664171112198
C14 500.018 91.9069506632308
C14 525.002 94.45633306638175
C14 550.029 96.63212433793296
C14 575.023 96.69600308867086
C14 599.982 98.49454124362839
C14 619.997 98.10688961547902
C14 624.979 98.44687440562403
C14 650.012 98.83645620503063
C14 675.004 98.54747981419693
C14 700.03 98.05041875521842
C14 725.012 97.95002696243684
C14 750.022 98.15258050741373
C14 774.987 98.01680478462828
C14 799.976 97.2397239397804
C14 824.988 95.49224758808202
C14 850.022 93.3948685702134
C14 869.967 90.32836048197134
C14 875.002 89.73846047426125
C14 899.999 82.6978747209788
C14 919.999 74.46292493278986
C14 925.012 71.56490629994572
C14 949.965 58.07728915694946
C14 975.002 42.89169349275614
C14 999.976 25.67717885724222
C14 1025.028 10.944441995138408
C14 1050.014 3.821170480294721
C14 1075.002 0.9350948061826916
C14 1099.99 0.09277924761550253
C15 319.994 42.63891734941454
C15 324.969 48.07133094890843
C15 349.982 70.75035114199326
C15 374.975 75.37478208368526
C15 400.019 83.52131782167694
C15 424.965 85.19006912514118
C15 450.035 87.44976562786586
C15 475.003 90.7237480534204
C15 500.018 92.08680753038071
C15 525.002 94.62702734191143
C15 550.029 96.80471063904284
C15 575.023 96.86335580289358
C15 599.982 98.67086582108624
C15 619.997 98.28409917264374
C15 624.979 98.6233973406024
C15 650.012 99.01646565488862
C15 675.004 98.7278325751481
C15 700.03 98.22298216892209
C15 725.012 98.09341656235551
C15 750.022 98.26002925044403
C15 774.987 98.0975744411507
C15 799.976 97.3066238281383
C15 824.988 95.56926370998566
C15 850.022 93.49526036299498
C15 869.967 90.41387546071508
C15 875.002 89.81861979995135
C15 899.999 82.81115975259318
C15 919.999 74.61338674122807
C15 925.012 71.7047178353599
C15 949.965 58.13187943533297
C15 975.002 42.89903653558252
C15 999.976 25.689484652648915
C15 1025.028 10.954549645906818
C15 1050.014 3.8264190870422095
C15 1075.002 0.9361184658692304
C15 1099.99 0.09288081418918409
C16 319.994 42.81294555711578
C16 324.969 48.26631639156453
C16 349.982 70.99692479825138
C16 374.975 75.57638198673665
C16 400.019 83.64555066259611
C16 424.965 85.27809408943283
C16 450.035 87.52112856043512
C16 475.003 90.78787856562664
C16 500.018 92.14662758108368
C16 525.002 94.6817282427583
C16 550.029 96.85682526298774
C16 575.023 96.9086957545997
C16 599.982 98.71217758929905
C16 619.997 98.31868204343019
C16 624.979 98.65765978770187
C16 650.012 99.04782903053457
C16 675.004 98.75522880038396
C16 700.03 98.23663832129529
C16 725.012 98.07699103383064
C16 750.022 98.20947859925695
C16 774.987 98.01171615131379
C16 799.976 97.20883357052949
C16 824.988 95.48889839763966
C16 850.022 93.4356005241355
C16 869.967 90.32281410053261
C16 875.002 89.7211270786233
C16 899.999 82.84908418468659
C16 919.999 74.64372018359447
C16 925.012 71.73830128940843
C16 949.965 58.021035727047874
C16 975.002 42.87547013631948
C16 999.976 25.652832378884124
C16 1025.028 10.979590375586683
C16 1050.014 3.8475472623122156
C16 1075.002 0.9356368730521287
C16 1099.99 0.09283303099230147
C17 319.994 42.98716067863442
C17 324.969 48.45950898740068
C17 349.982 71.1959155369946
C17 374.975 75.67648387237288
C17 400.019 83.68681665599648
C17 424.965 85.29860120539885
C17 450.035 87.53960632638366
C17 475.003 90.80431935242231
C17 500.018 92.1606957067687
C17 525.002 94.69610916299489
C17 550.029 96.86237164442646
C17 575.023 96.91331901065455
C17 599.982 98.70738649226531
C17 619.997 98.30934398169566
C17 624.979 98.64887102371644
C17 650.012 99.02687179557971
C17 675.004 98.72700862852447
C17 700.03 98.19283945494078
C17 725.012 98.00759641819562
C17 750.022 98.10431859684786
C17 774.987 97.87248443019031
C17 799.976 97.06002728447397
C17 824.988 95.36196484278747
C17 850.022 93.30609595065215
C17 869.967 90.20349442281365
C17 875.002 89.60320353268327
C17 899.999 82.89576686422383
C17 919.999 74.50992040687866
C17 925.012 71.60138119631237
C17 949.965 57.82007667137042
C17 975.002 42.82626602753121
C17 999.976 25.629906826995025
C17 1025.028 11.060054866692946
C17 1050.014 3.881598000904235
C17 1075.002 0.9346350196659513
C17 1099.99 0.09273362801970876
