lsstCam/transmission_sensor/r34_s00/19700101T000000.ecsv
# %ECSV 0.9
# ---
# datatype:
# - {name: amp_name, datatype: string}
# - {name: wavelength, unit: nm, datatype: float32}
# - {name: efficiency, unit: '%', datatype: float32}
# meta: !!omap
# - {MODE: AMP}
# - {TYPE: transmission_sensor}
# - {CALIBDATE: '1970-01-01T00:00:00'}
# - {INSTRUME: LSSTCAM}
# - {OBSTYPE: transmission_sensor}
# - {DETECTOR: 153}
# - {CALIBCLS: lsst.ip.isr.IntermediateSensorTransmissionCurve}
# - {PICKLEFILE: RaftRun12027.p}
# - {CALIB_ID: 'raftName=R34 detectorName=S00 detector=153 calibDate=1970-01-01T00:00:00 ccd=153 ccdnum=153 filter=None'}
# - {DATE: '2020-07-23T19:16:24.632650'}
# - {CALIB_CREATION_DATE: '2020-07-23'}
# - {CALIB_CREATION_TIME: '19:16:24'}
# - __serialized_columns__:
#     efficiency:
#       __class__: astropy.units.quantity.Quantity
#       unit: !astropy.units.Unit {unit: '%'}
#       value: !astropy.table.SerializedColumn {name: efficiency}
#     wavelength:
#       __class__: astropy.units.quantity.Quantity
#       unit: !astropy.units.Unit {unit: nm}
#       value: !astropy.table.SerializedColumn {name: wavelength}
# schema: astropy-2.0
amp_name wavelength efficiency
C17 319.994 40.334507
C17 324.969 45.553596
C17 349.982 68.70635
C17 374.975 75.74406
C17 400.019 83.5553
C17 424.965 86.27592
C17 450.035 88.632706
C17 475.003 90.21745
C17 500.018 92.75686
C17 525.002 94.95076
C17 550.029 95.7797
C17 575.023 97.6983
C17 599.982 98.44454
C17 619.997 98.56066
C17 624.979 98.618965
C17 650.012 99.431465
C17 675.004 99.20453
C17 700.03 99.333565
C17 725.012 98.704185
C17 750.022 98.90132
C17 774.987 98.32722
C17 799.976 97.41473
C17 824.988 95.66431
C17 850.022 93.44872
C17 869.967 90.27744
C17 875.002 88.906166
C17 899.999 81.83008
C17 919.999 73.34634
C17 925.012 70.83811
C17 949.965 56.973522
C17 975.002 42.451164
C17 999.976 25.673891
C17 1025.028 11.113379
C17 1050.014 3.893511
C17 1075.002 2.1251278
C17 1099.99 1.7084104
C07 319.994 40.955215
C07 324.969 46.258312
C07 349.982 69.63135
C07 374.975 76.368256
C07 400.019 83.81744
C07 424.965 86.38538
C07 450.035 88.67345
C07 475.003 90.22256
C07 500.018 92.735085
C07 525.002 94.90223
C07 550.029 95.71539
C07 575.023 97.613205
C07 599.982 98.3435
C07 619.997 98.44527
C07 624.979 98.49932
C07 650.012 99.30208
C07 675.004 99.071144
C07 700.03 99.28768
C07 725.012 98.90629
C07 750.022 99.42264
C07 774.987 99.157364
C07 799.976 98.37817
C07 824.988 96.584305
C07 850.022 94.47962
C07 869.967 91.37194
C07 875.002 89.96003
C07 899.999 82.34734
C07 919.999 73.59063
C07 925.012 71.11951
C07 949.965 57.78792
C07 975.002 43.271893
C07 999.976 26.045244
C07 1025.028 11.245143
C07 1050.014 3.9369416
C07 1075.002 2.16729
C07 1099.99 1.7313213
C03 319.994 40.54661
C03 324.969 45.78699
C03 349.982 68.6529
C03 374.975 75.23742
C03 400.019 83.0709
C03 424.965 85.877396
C03 450.035 88.29182
C03 475.003 89.92029
C03 500.018 92.475716
C03 525.002 94.662025
C03 550.029 95.480446
C03 575.023 97.375175
C03 599.982 98.09895
C03 619.997 98.195984
C03 624.979 98.24997
C03 650.012 99.03957
C03 675.004 98.80758
C03 700.03 99.03622
C03 725.012 98.702644
C03 750.022 99.27237
C03 774.987 99.07518
C03 799.976 98.322334
C03 824.988 96.52283
C03 850.022 94.5247
C03 869.967 91.34633
C03 875.002 89.88854
C03 899.999 82.13304
C03 919.999 73.75891
C03 925.012 71.30807
C03 949.965 57.909416
C03 975.002 43.314426
C03 999.976 26.040285
C03 1025.028 11.08421
C03 1050.014 3.9155772
C03 1075.002 2.186636
C03 1099.99 1.7347416
C14 319.994 39.836094
C14 324.969 44.986496
C14 349.982 67.67219
C14 374.975 74.63962
C14 400.019 82.86795
C14 424.965 85.8304
C14 450.035 88.32081
C14 475.003 89.98365
C14 500.018 92.57002
C14 525.002 94.78519
C14 550.029 95.63144
C14 575.023 97.552704
C14 599.982 98.296524
C14 619.997 98.415215
C14 624.979 98.46982
C14 650.012 99.283104
C14 675.004 99.054955
C14 700.03 99.213264
C14 725.012 98.654724
C14 750.022 98.949135
C14 774.987 98.47841
C14 799.976 97.62845
C14 824.988 95.853264
C14 850.022 93.76685
C14 869.967 90.743
C14 875.002 89.34559
C14 899.999 81.71051
C14 919.999 73.41626
C14 925.012 71.0388
C14 949.965 57.690052
C14 975.002 42.811768
C14 999.976 25.698425
C14 1025.028 11.010054
C14 1050.014 3.8696187
C14 1075.002 2.147223
C14 1099.99 1.720079
C06 319.994 40.950577
C06 324.969 46.246437
C06 349.982 69.48296
C06 374.975 76.15212
C06 400.019 83.722534
C06 424.965 86.366295
C06 450.035 88.69868
C06 475.003 90.269615
C06 500.018 92.798256
C06 525.002 94.971436
C06 550.029 95.7823
C06 575.023 97.67803
C06 599.982 98.40451
C06 619.997 98.49882
C06 624.979 98.55625
C06 650.012 99.35408
C06 675.004 99.11969
C06 700.03 99.33338
C06 725.012 98.96225
C06 750.022 99.48678
C06 774.987 99.23775
C06 799.976 98.46585
C06 824.988 96.65687
C06 850.022 94.57831
C06 869.967 91.50546
C06 875.002 90.0838
C06 899.999 82.26091
C06 919.999 73.62316
C06 925.012 71.18127
C06 949.965 57.94545
C06 975.002 43.322086
C06 999.976 25.991465
C06 1025.028 11.140354
C06 1050.014 3.9051237
C06 1075.002 2.166476
C06 1099.99 1.7341567
C04 319.994 40.85732
C04 324.969 46.138355
C04 349.982 69.228325
C04 374.975 75.84023
C04 400.019 83.54527
C04 424.965 86.274254
C04 450.035 88.65716
C04 475.003 90.25557
C04 500.018 92.804405
C04 525.002 94.988075
C04 550.029 95.80559
C04 575.023 97.6991
C04 599.982 98.42596
C04 619.997 98.52122
C04 624.979 98.577736
C04 650.012 99.37463
C04 675.004 99.13904
C04 700.03 99.366615
C04 725.012 99.01926
C04 750.022 99.58253
C04 774.987 99.36894
C04 799.976 98.6125
C04 824.988 96.7896
C04 850.022 94.76652
C04 869.967 91.670494
C04 875.002 90.118
C04 899.999 82.43392
C04 919.999 73.89987
C04 925.012 71.227554
C04 949.965 58.447777
C04 975.002 42.900055
C04 999.976 26.183441
C04 1025.028 11.19532
C04 1050.014 3.9189138
C04 1075.002 2.1740112
C04 1099.99 1.7383828
C10 319.994 39.183895
C10 324.969 44.245102
C10 349.982 66.326744
C10 374.975 73.18195
C10 400.019 82.03577
C10 424.965 85.35398
C10 450.035 88.052345
C10 475.003 89.83881
C10 500.018 92.49753
C10 525.002 94.76239
C10 550.029 95.63067
C10 575.023 97.56422
C10 599.982 98.31841
C10 619.997 98.42863
C10 624.979 98.48211
C10 650.012 99.288155
C10 675.004 99.05442
C10 700.03 99.18974
C10 725.012 98.59215
C10 750.022 98.83154
C10 774.987 98.3146
C10 799.976 97.45019
C10 824.988 95.70905
C10 850.022 93.68456
C10 869.967 90.571434
C10 875.002 89.14941
C10 899.999 81.7908
C10 919.999 73.8207
C10 925.012 71.40208
C10 949.965 57.616375
C10 975.002 42.833584
C10 999.976 25.816689
C10 1025.028 11.14174
C10 1050.014 3.993287
C10 1075.002 2.2036543
C10 1099.99 1.7265645
C01 319.994 40.33322
C01 324.969 45.544712
C01 349.982 68.23314
C01 374.975 74.83266
C01 400.019 82.894035
C01 424.965 85.82149
C01 450.035 88.30475
C01 475.003 89.975945
C01 500.018 92.55701
C01 525.002 94.76188
C01 550.029 95.59532
C01 575.023 97.49472
C01 599.982 98.22163
C01 619.997 98.32027
C01 624.979 98.37076
C01 650.012 99.16891
C01 675.004 98.93312
C01 700.03 99.15514
C01 725.012 98.79353
C01 750.022 99.330666
C01 774.987 99.09581
C01 799.976 98.33951
C01 824.988 96.56571
C01 850.022 94.575455
C01 869.967 91.42518
C01 875.002 89.97492
C01 899.999 82.38209
C01 919.999 74.033005
C01 925.012 71.5631
C01 949.965 58.113075
C01 975.002 43.44145
C01 999.976 26.171415
C01 1025.028 11.167392
C01 1050.014 3.9699574
C01 1075.002 2.2079914
C01 1099.99 1.7435852
C13 319.994 39.76916
C13 324.969 44.907074
C13 349.982 67.49732
C13 374.975 74.439316
C13 400.019 82.83036
C13 424.965 85.87853
C13 450.035 88.42447
C13 475.003 90.118355
C13 500.018 92.728546
C13 525.002 94.96065
C13 550.029 95.81302
C13 575.023 97.737595
C13 599.982 98.48892
C13 619.997 98.60117
C13 624.979 98.66391
C13 650.012 99.47592
C13 675.004 99.24581
C13 700.03 99.410934
C13 725.012 98.87766
C13 750.022 99.19893
C13 774.987 98.75792
C13 799.976 97.91465
C13 824.988 96.1291
C13 850.022 94.08322
C13 869.967 91.00827
C13 875.002 89.567276
C13 899.999 81.90063
C13 919.999 73.71373
C13 925.012 71.33023
C13 949.965 57.860725
C13 975.002 42.801464
C13 999.976 25.789143
C13 1025.028 11.024288
C13 1050.014 3.8859236
C13 1075.002 2.159802
C13 1099.99 1.7227175
C00 319.994 40.19884
C00 324.969 45.38931
C00 349.982 67.964714
C00 374.975 74.59044
C00 400.019 82.79399
C00 424.965 85.798454
C00 450.035 88.328964
C00 475.003 90.01808
C00 500.018 92.61896
C00 525.002 94.83228
C00 550.029 95.67026
C00 575.023 97.573654
C00 599.982 98.29957
C00 619.997 98.3954
C00 624.979 98.4462
C00 650.012 99.24375
C00 675.004 99.00413
C00 700.03 99.202126
C00 725.012 98.78057
C00 750.022 99.243835
C00 774.987 98.93018
C00 799.976 98.14642
C00 824.988 96.39954
C00 850.022 94.40914
C00 869.967 91.29282
C00 875.002 89.85414
C00 899.999 82.409035
C00 919.999 74.073204
C00 925.012 71.63903
C00 949.965 58.05496
C00 975.002 43.439953
C00 999.976 26.204033
C00 1025.028 11.272843
C00 1050.014 4.017364
C00 1075.002 2.2156768
C00 1099.99 1.7460859
C05 319.994 41.000404
C05 324.969 46.302395
C05 349.982 69.5244
C05 374.975 76.142334
C05 400.019 83.72738
C05 424.965 86.39045
C05 450.035 88.731735
C05 475.003 90.31382
C05 500.018 92.84674
C05 525.002 95.02349
C05 550.029 95.834724
C05 575.023 97.73237
C05 599.982 98.454475
C05 619.997 98.550865
C05 624.979 98.604996
C05 650.012 99.4034
C05 675.004 99.16777
C05 700.03 99.38784
C05 725.012 99.02757
C05 750.022 99.57421
C05 774.987 99.33966
C05 799.976 98.57485
C05 824.988 96.75424
C05 850.022 94.72875
C05 869.967 91.62429
C05 875.002 90.16518
C05 899.999 82.288994
C05 919.999 73.704094
C05 925.012 71.34721
C05 949.965 58.060833
C05 975.002 43.315613
C05 999.976 26.081102
C05 1025.028 11.098248
C05 1050.014 3.8972905
C05 1075.002 2.168073
C05 1099.99 1.741431
C12 319.994 39.600895
C12 324.969 44.716103
C12 349.982 67.16073
C12 374.975 74.04601
C12 400.019 82.51847
C12 424.965 85.62861
C12 450.035 88.20226
C12 475.003 89.91967
C12 500.018 92.535194
C12 525.002 94.77401
C12 550.029 95.62885
C12 575.023 97.549934
C12 599.982 98.29599
C12 619.997 98.41153
C12 624.979 98.471245
C12 650.012 99.27871
C12 675.004 99.05106
C12 700.03 99.21703
C12 725.012 98.6954
C12 750.022 99.02902
C12 774.987 98.6025
C12 799.976 97.76356
C12 824.988 95.9843
C12 850.022 93.95697
C12 869.967 90.825294
C12 875.002 89.36588
C12 899.999 81.77691
C12 919.999 73.69701
C12 925.012 71.2759
C12 949.965 57.716576
C12 975.002 42.751217
C12 999.976 25.723001
C12 1025.028 11.012368
C12 1050.014 3.9005334
C12 1075.002 2.1694136
C12 1099.99 1.7199655
C11 319.994 39.53366
C11 324.969 44.64097
C11 349.982 66.98801
C11 374.975 73.87186
C11 400.019 82.538574
C11 424.965 85.7483
C11 450.035 88.379585
C11 475.003 90.1321
C11 500.018 92.77189
C11 525.002 95.027115
C11 550.029 95.88501
C11 575.023 97.818855
C11 599.982 98.576744
C11 619.997 98.68691
C11 624.979 98.7389
C11 650.012 99.54887
C11 675.004 99.32318
C11 700.03 99.47476
C11 725.012 98.93592
C11 750.022 99.254074
C11 774.987 98.80287
C11 799.976 97.957855
C11 824.988 96.189514
C11 850.022 94.14791
C11 869.967 91.00362
C11 875.002 89.55543
C11 899.999 82.05293
C11 919.999 73.970955
C11 925.012 71.52079
C11 949.965 57.795067
C11 975.002 42.94193
C11 999.976 25.863472
C11 1025.028 11.075416
C11 1050.014 3.9368393
C11 1075.002 2.18729
C11 1099.99 1.7249268
C15 319.994 40.78241
C15 324.969 46.054657
C15 349.982 69.3426
C15 374.975 76.43294
C15 400.019 84.62003
C15 424.965 87.530304
C15 450.035 90.00631
C15 475.003 91.66574
C15 500.018 94.27274
C15 525.002 96.51565
C15 550.029 97.36587
C15 575.023 99.3156
C15 599.982 100.07391
C15 619.997 100.19121
C15 624.979 100.247444
C15 650.012 101.07274
C15 675.004 100.834526
C15 700.03 100.987
C15 725.012 100.39059
C15 750.022 100.6519
C15 774.987 100.13576
C15 799.976 99.2502
C15 824.988 97.4597
C15 850.022 95.286
C15 869.967 92.1861
C15 875.002 90.792854
C15 899.999 83.2451
C15 919.999 74.642136
C15 925.012 72.17165
C15 949.965 58.479927
C15 975.002 43.47567
C15 999.976 26.141342
C15 1025.028 11.234702
C15 1050.014 3.9256487
C15 1075.002 2.1751611
C15 1099.99 1.7500155
C16 319.994 40.25162
C16 324.969 45.456707
C16 349.982 68.48483
C16 374.975 75.50431
C16 400.019 83.45087
C16 424.965 86.25005
C16 450.035 88.65235
C16 475.003 90.26356
C16 500.018 92.81741
C16 525.002 95.01874
C16 550.029 95.85269
C16 575.023 97.76837
C16 599.982 98.514854
C16 619.997 98.62937
C16 624.979 98.68771
C16 650.012 99.50364
C16 675.004 99.2722
C16 700.03 99.40725
C16 725.012 98.7964
C16 750.022 99.02102
C16 774.987 98.47843
C16 799.976 97.58252
C16 824.988 95.83079
C16 850.022 93.64233
C16 869.967 90.542336
C16 875.002 89.1717
C16 899.999 81.91369
C16 919.999 73.433876
C16 925.012 70.94927
C16 949.965 57.25914
C16 975.002 42.645214
C16 999.976 25.674145
C16 1025.028 11.062677
C16 1050.014 3.8738728
C16 1075.002 2.1348612
C16 1099.99 1.7143456
C02 319.994 40.50202
C02 324.969 45.734417
C02 349.982 68.538704
C02 374.975 75.1066
C02 400.019 83.01063
C02 424.965 85.85987
C02 450.035 88.30217
C02 475.003 89.94362
C02 500.018 92.50751
C02 525.002 94.70155
C02 550.029 95.52251
C02 575.023 97.41907
C02 599.982 98.1428
C02 619.997 98.23483
C02 624.979 98.29057
C02 650.012 99.08139
C02 675.004 98.85127
C02 700.03 99.0779
C02 725.012 98.73968
C02 750.022 99.30724
C02 774.987 99.10165
C02 799.976 98.35239
C02 824.988 96.56024
C02 850.022 94.562325
C02 869.967 91.38218
C02 875.002 89.918976
C02 899.999 82.27714
C02 919.999 73.90514
C02 925.012 71.40787
C02 949.965 57.989094
C02 975.002 43.349007
C02 999.976 26.138905
C02 1025.028 11.127526
C02 1050.014 3.942433
C02 1075.002 2.1917474
C02 1099.99 1.7351388
