lsstCam/transmission_sensor/r34_s00/19700101T000000.ecsv
# %ECSV 1.0
# ---
# datatype:
# - {name: amp_name, datatype: string}
# - {name: wavelength, unit: nm, datatype: float32}
# - {name: efficiency, unit: '%', datatype: float64}
# meta: !!omap
# - {MODE: AMP}
# - {TYPE: transmission_sensor}
# - {CALIBDATE: '1970-01-01T00:00:00'}
# - {INSTRUME: LSSTCAM}
# - {OBSTYPE: transmission_sensor}
# - {DETECTOR: 153}
# - {PARQUETFILE: qe_raft_allvalues_nircorrected_20230725.parquet}
# - {CALIBCLS: lsst.ip.isr.IntermediateSensorTransmissionCurve}
# - {CALIB_ID: 'raftName=R34 detectorName=S00 detector=153 calibDate=1970-01-01T00:00:00 ccd=153 ccdnum=153 filter=None'}
# - {DATE: '2023-08-02T16:57:56.036238'}
# - {CALIB_CREATION_DATE: '2023-08-02'}
# - {CALIB_CREATION_TIME: '16:57:56'}
# - __serialized_columns__:
#     efficiency:
#       __class__: astropy.units.quantity.Quantity
#       unit: !astropy.units.Unit {unit: '%'}
#       value: !astropy.table.SerializedColumn {name: efficiency}
#     wavelength:
#       __class__: astropy.units.quantity.Quantity
#       unit: !astropy.units.Unit {unit: nm}
#       value: !astropy.table.SerializedColumn {name: wavelength}
# schema: astropy-2.0
amp_name wavelength efficiency
C00 319.994 42.44309997558594
C00 324.969 47.857059478759766
C00 349.982 70.81231689453125
C00 374.975 75.66686248779297
C00 400.019 83.54165649414062
C00 424.965 85.04178619384766
C00 450.035 87.1937255859375
C00 475.003 90.39704132080078
C00 500.018 91.718994140625
C00 525.002 94.24150848388672
C00 550.029 96.40653991699219
C00 575.023 96.47705841064453
C00 599.982 98.2906494140625
C00 619.997 97.91600036621094
C00 624.979 98.26029205322266
C00 650.012 98.6668472290039
C00 675.004 98.41046905517578
C00 700.03 97.99440002441406
C00 725.012 98.06008911132812
C00 750.022 98.450439453125
C00 774.987 98.47595977783203
C00 799.976 97.7453842163086
C00 824.988 95.92169952392578
C00 850.022 93.73731231689453
C00 869.967 90.550537109375
C00 875.002 89.83727264404297
C00 899.999 82.79247283935547
C00 919.999 74.25456237792969
C00 925.012 71.42269134521484
C00 949.965 58.14227294921875
C00 975.002 42.991539001464844
C00 999.976 25.64780044555664
C00 1025.028 11.083185195922852
C00 1050.014 3.9076969623565674
C00 1075.002 0.9379320895474282
C00 1099.99 0.09306076026439304
C01 319.994 42.78599166870117
C01 324.969 48.244014739990234
C01 349.982 71.4018325805664
C01 374.975 76.18240356445312
C01 400.019 83.84964752197266
C01 424.965 85.24464416503906
C01 450.035 87.34355926513672
C01 475.003 90.51831817626953
C01 500.018 91.82474517822266
C01 525.002 94.33049011230469
C01 550.029 96.49209594726562
C01 575.023 96.55567169189453
C01 599.982 98.36511993408203
C01 619.997 97.98924255371094
C01 624.979 98.3323745727539
C01 650.012 98.74319458007812
C01 675.004 98.4847640991211
C01 700.03 98.08988189697266
C01 725.012 98.21321105957031
C01 750.022 98.68017578125
C01 774.987 98.7899169921875
C01 799.976 98.08784484863281
C01 824.988 96.25785064697266
C01 850.022 94.09764099121094
C01 869.967 90.87751770019531
C01 875.002 90.16742706298828
C01 899.999 83.08092498779297
C01 919.999 74.4623794555664
C01 925.012 71.63250732421875
C01 949.965 58.3668098449707
C01 975.002 43.269386291503906
C01 999.976 25.809621810913086
C01 1025.028 11.088171005249023
C01 1050.014 3.882659435272217
C01 1075.002 0.9401196892710618
C01 1099.99 0.0932778118992654
C02 319.994 43.00406265258789
C02 324.969 48.48975372314453
C02 349.982 71.70480346679688
C02 374.975 76.38127899169922
C02 400.019 83.89978790283203
C02 424.965 85.22988891601562
C02 450.035 87.29548645019531
C02 475.003 90.44853973388672
C02 500.018 91.73668670654297
C02 525.002 94.23307037353516
C02 550.029 96.38096618652344
C02 575.023 96.43521118164062
C02 599.982 98.23544311523438
C02 619.997 97.85383605957031
C02 624.979 98.19590759277344
C02 650.012 98.59835815429688
C02 675.004 98.3353042602539
C02 700.03 97.94889068603516
C02 725.012 98.09251403808594
C02 750.022 98.5876235961914
C02 774.987 98.73165130615234
C02 799.976 98.05036926269531
C02 824.988 96.22715759277344
C02 850.022 94.0774917602539
C02 869.967 90.88065338134766
C02 875.002 90.18233489990234
C02 899.999 83.06163024902344
C02 919.999 74.42961883544922
C02 925.012 71.58043670654297
C02 949.965 58.39274597167969
C02 975.002 43.33613586425781
C02 999.976 25.874149322509766
C02 1025.028 11.10598087310791
C02 1050.014 3.8667593002319336
C02 1075.002 0.9392375687860123
C02 1099.99 0.09319028871512622
C03 319.994 43.29186248779297
C03 324.969 48.81375503540039
C03 349.982 72.13656616210938
C03 374.975 76.7621841430664
C03 400.019 84.22872924804688
C03 424.965 85.53007507324219
C03 450.035 87.58992767333984
C03 475.003 90.74351501464844
C03 500.018 92.02732849121094
C03 525.002 94.522705078125
C03 550.029 96.67269134521484
C03 575.023 96.72126007080078
C03 599.982 98.52359008789062
C03 619.997 98.1351318359375
C03 624.979 98.47734832763672
C03 650.012 98.87797546386719
C03 675.004 98.61019897460938
C03 700.03 98.21551513671875
C03 725.012 98.361572265625
C03 750.022 98.86316680908203
C03 774.987 99.01087951660156
C03 799.976 98.33065795898438
C03 824.988 96.50728607177734
C03 850.022 94.35337829589844
C03 869.967 91.15900421142578
C03 875.002 90.47684478759766
C03 899.999 83.3148422241211
C03 919.999 74.65325927734375
C03 925.012 71.78302764892578
C03 949.965 58.62823486328125
C03 975.002 43.56779479980469
C03 999.976 25.969730377197266
C03 1025.028 11.148311614990234
C03 1050.014 3.869079351425171
C03 1075.002 0.9418626128639982
C03 1099.99 0.09345074317696554
C04 319.994 43.5593147277832
C04 324.969 49.116981506347656
C04 349.982 72.56989288330078
C04 374.975 77.08784484863281
C04 400.019 84.3729248046875
C04 424.965 85.5931396484375
C04 450.035 87.61293029785156
C04 475.003 90.7403564453125
C04 500.018 92.01373291015625
C04 525.002 94.49397277832031
C04 550.029 96.63740539550781
C04 575.023 96.67577362060547
C04 599.982 98.47715759277344
C04 619.997 98.08696746826172
C04 624.979 98.42597961425781
C04 650.012 98.8241195678711
C04 675.004 98.55387115478516
C04 700.03 98.150146484375
C04 725.012 98.28327178955078
C04 750.022 98.76920318603516
C04 774.987 98.90867614746094
C04 799.976 98.22289276123047
C04 824.988 96.40778350830078
C04 850.022 94.2661361694336
C04 869.967 91.08639526367188
C04 875.002 90.40907287597656
C04 899.999 83.21772766113281
C04 919.999 74.59126281738281
C04 925.012 71.75713348388672
C04 949.965 58.58287811279297
C04 975.002 43.47425842285156
C04 999.976 25.965471267700195
C04 1025.028 11.130850791931152
C04 1050.014 3.857095718383789
C04 1075.002 0.9409675222964493
C04 1099.99 0.09336193311315616
C05 319.994 43.782718658447266
C05 324.969 49.368995666503906
C05 349.982 72.90117645263672
C05 374.975 77.33268737792969
C05 400.019 84.51220703125
C05 424.965 85.6800765991211
C05 450.035 87.67549896240234
C05 475.003 90.79458618164062
C05 500.018 92.05583190917969
C05 525.002 94.53453063964844
C05 550.029 96.66685485839844
C05 575.023 96.70730590820312
C05 599.982 98.49884796142578
C05 619.997 98.10487365722656
C05 624.979 98.44437408447266
C05 650.012 98.83427429199219
C05 675.004 98.55953216552734
C05 700.03 98.14762878417969
C05 725.012 98.26351165771484
C05 750.022 98.72762298583984
C05 774.987 98.84454345703125
C05 799.976 98.15415954589844
C05 824.988 96.34515380859375
C05 850.022 94.20996856689453
C05 869.967 91.02603912353516
C05 875.002 90.37409973144531
C05 899.999 83.13541412353516
C05 919.999 74.58002471923828
C05 925.012 71.69762420654297
C05 949.965 58.55152893066406
C05 975.002 43.464881896972656
C05 999.976 25.963035583496094
C05 1025.028 11.101068496704102
C05 1050.014 3.8552322387695312
C05 1075.002 0.9405716406063329
C05 1099.99 0.09332265409555185
C06 319.994 44.07138442993164
C06 324.969 49.69292068481445
C06 349.982 73.2573013305664
C06 374.975 77.56586456298828
C06 400.019 84.69275665283203
C06 424.965 85.8463363647461
C06 450.035 87.83943939208984
C06 475.003 90.96394348144531
C06 500.018 92.22077941894531
C06 525.002 94.70071411132812
C06 550.029 96.83262634277344
C06 575.023 96.85993957519531
C06 599.982 98.64553833007812
C06 619.997 98.24517822265625
C06 624.979 98.58331298828125
C06 650.012 98.96534729003906
C06 675.004 98.67989349365234
C06 700.03 98.25344848632812
C06 725.012 98.34789276123047
C06 750.022 98.78959655761719
C06 774.987 98.88294219970703
C06 799.976 98.18405151367188
C06 824.988 96.37653350830078
C06 850.022 94.26078033447266
C06 869.967 91.08844757080078
C06 875.002 90.43994903564453
C06 899.999 83.14185333251953
C06 919.999 74.65259552001953
C06 925.012 71.78619384765625
C06 949.965 58.57588577270508
C06 975.002 43.46106719970703
C06 999.976 26.01891326904297
C06 1025.028 11.08291244506836
C06 1050.014 3.862032413482666
C06 1075.002 0.9411623332763571
C06 1099.99 0.09338126207961343
C07 319.994 44.082374572753906
C07 324.969 49.71111297607422
C07 349.982 73.33061981201172
C07 374.975 77.60391235351562
C07 400.019 84.66302490234375
C07 424.965 85.78302001953125
C07 450.035 87.76087951660156
C07 475.003 90.87357330322266
C07 500.018 92.13129425048828
C07 525.002 94.60628509521484
C07 550.029 96.7384262084961
C07 575.023 96.7706069946289
C07 599.982 98.55831909179688
C07 619.997 98.15522003173828
C07 624.979 98.49381256103516
C07 650.012 98.8774185180664
C07 675.004 98.59417724609375
C07 700.03 98.16040802001953
C07 725.012 98.24600219726562
C07 750.022 98.66905212402344
C07 774.987 98.75239562988281
C07 799.976 98.04926300048828
C07 824.988 96.25968170166016
C07 850.022 94.1517562866211
C07 869.967 90.99649047851562
C07 875.002 90.3624038696289
C07 899.999 83.10282897949219
C07 919.999 74.56128692626953
C07 925.012 71.65935516357422
C07 949.965 58.45074462890625
C07 975.002 43.469966888427734
C07 999.976 26.032487869262695
C07 1025.028 11.137389183044434
C07 1050.014 3.8907275199890137
C07 1075.002 0.940014037064627
C07 1099.99 0.09326732918440363
C10 319.994 41.16746520996094
C10 324.969 46.401283264160156
C10 349.982 68.26805114746094
C10 374.975 73.24497985839844
C10 400.019 82.28148651123047
C10 424.965 84.40473175048828
C10 450.035 86.88829040527344
C10 475.003 90.29183197021484
C10 500.018 91.74659729003906
C10 525.002 94.33695220947266
C10 550.029 96.55265045166016
C10 575.023 96.64396667480469
C10 599.982 98.4700698852539
C10 619.997 98.09668731689453
C10 624.979 98.4374008178711
C10 650.012 98.8440170288086
C10 675.004 98.56401062011719
C10 700.03 98.06539916992188
C10 725.012 97.93186950683594
C10 750.022 98.08769226074219
C10 774.987 97.8994140625
C10 799.976 97.10172271728516
C10 824.988 95.35923767089844
C10 850.022 93.21832275390625
C10 869.967 90.14704132080078
C10 875.002 89.51280212402344
C10 899.999 82.67135620117188
C10 919.999 74.34808349609375
C10 925.012 71.56827545166016
C10 949.965 58.032108306884766
C10 975.002 42.879947662353516
C10 999.976 25.599870681762695
C10 1025.028 11.041152000427246
C10 1050.014 3.884286880493164
C10 1075.002 0.9344766200759744
C10 1099.99 0.09271791175790996
C11 319.994 41.663333892822266
C11 324.969 46.962547302246094
C11 349.982 69.12561798095703
C11 374.975 74.02731323242188
C11 400.019 82.79521179199219
C11 424.965 84.77775573730469
C11 450.035 87.19915771484375
C11 475.003 90.56695556640625
C11 500.018 92.00102233886719
C11 525.002 94.58040618896484
C11 550.029 96.78816986083984
C11 575.023 96.87102508544922
C11 599.982 98.69371795654297
C11 619.997 98.3170166015625
C11 624.979 98.66314697265625
C11 650.012 99.06465148925781
C11 675.004 98.78746032714844
C11 700.03 98.30843353271484
C11 725.012 98.23674011230469
C11 750.022 98.46466827392578
C11 774.987 98.35556030273438
C11 799.976 97.586181640625
C11 824.988 95.8239517211914
C11 850.022 93.7034912109375
C11 869.967 90.59605407714844
C11 875.002 89.97605895996094
C11 899.999 83.00782775878906
C11 919.999 74.65370178222656
C11 925.012 71.81465148925781
C11 949.965 58.261680603027344
C11 975.002 43.07883071899414
C11 999.976 25.735530853271484
C11 1025.028 11.039052963256836
C11 1050.014 3.865952491760254
C11 1075.002 0.9380680504368147
C11 1099.99 0.09307425017893327
C12 319.994 41.861331939697266
C12 324.969 47.186485290527344
C12 349.982 69.43800354003906
C12 374.975 74.24943542480469
C12 400.019 82.79886627197266
C12 424.965 84.68390655517578
C12 450.035 87.04953002929688
C12 475.003 90.3809814453125
C12 500.018 91.7866439819336
C12 525.002 94.35313415527344
C12 550.029 96.5455093383789
C12 575.023 96.62010955810547
C12 599.982 98.43428039550781
C12 619.997 98.0551986694336
C12 624.979 98.39445495605469
C12 650.012 98.7934799194336
C12 675.004 98.51930236816406
C12 700.03 98.04431915283203
C12 725.012 97.98171997070312
C12 750.022 98.23380279541016
C12 774.987 98.14444732666016
C12 799.976 97.38423156738281
C12 824.988 95.62760162353516
C12 850.022 93.5181655883789
C12 869.967 90.4062271118164
C12 875.002 89.78733825683594
C12 899.999 82.79112243652344
C12 919.999 74.50525665283203
C12 925.012 71.66067504882812
C12 949.965 58.13875198364258
C12 975.002 43.01776885986328
C12 999.976 25.688016891479492
C12 1025.028 10.987593650817871
C12 1050.014 3.835439920425415
C12 1075.002 0.9358686058366517
C12 1099.99 0.09285602330629332
C13 319.994 42.115081787109375
C13 324.969 47.4751091003418
C13 349.982 69.79071807861328
C13 374.975 74.5265884399414
C13 400.019 83.01129913330078
C13 424.965 84.8601303100586
C13 450.035 87.2150650024414
C13 475.003 90.54377746582031
C13 500.018 91.94168853759766
C13 525.002 94.50366973876953
C13 550.029 96.69501495361328
C13 575.023 96.76403045654297
C13 599.982 98.57305145263672
C13 619.997 98.1869888305664
C13 624.979 98.52784729003906
C13 650.012 98.9220199584961
C13 675.004 98.63626098632812
C13 700.03 98.15382385253906
C13 725.012 98.07843017578125
C13 750.022 98.31236267089844
C13 774.987 98.21012115478516
C13 799.976 97.44325256347656
C13 824.988 95.6854019165039
C13 850.022 93.57881927490234
C13 869.967 90.4729232788086
C13 875.002 89.86925506591797
C13 899.999 82.83270263671875
C13 919.999 74.55512237548828
C13 925.012 71.68727111816406
C13 949.965 58.15778350830078
C13 975.002 42.995540618896484
C13 999.976 25.7176570892334
C13 1025.028 10.97927188873291
C13 1050.014 3.83164644241333
C13 1075.002 0.9366170423096639
C13 1099.99 0.09293028248557114
C14 319.994 42.40074920654297
C14 324.969 47.795875549316406
C14 349.982 70.24518585205078
C14 374.975 74.87036895751953
C14 400.019 83.16156768798828
C14 424.965 84.91923522949219
C14 450.035 87.22687530517578
C14 475.003 90.52971649169922
C14 500.018 91.91007232666016
C14 525.002 94.45954132080078
C14 550.029 96.63540649414062
C14 575.023 96.69928741455078
C14 599.982 98.49788665771484
C14 619.997 98.11022186279297
C14 624.979 98.4502182006836
C14 650.012 98.83981323242188
C14 675.004 98.55082702636719
C14 700.03 98.05374908447266
C14 725.012 97.95335388183594
C14 750.022 98.15591430664062
C14 774.987 98.02013397216797
C14 799.976 97.24302673339844
C14 824.988 95.49549102783203
C14 850.022 93.39804077148438
C14 869.967 90.33142852783203
C14 875.002 89.74150848388672
C14 899.999 82.70068359375
C14 919.999 74.4654541015625
C14 925.012 71.56733703613281
C14 949.965 58.079261779785156
C14 975.002 42.893150329589844
C14 999.976 25.678050994873047
C14 1025.028 10.94481372833252
C14 1050.014 3.8213002681732178
C14 1075.002 0.9351265671239303
C14 1099.99 0.09278239890691406
C15 319.994 42.64036560058594
C15 324.969 48.07296371459961
C15 349.982 70.75275421142578
C15 374.975 75.3773422241211
C15 400.019 83.52415466308594
C15 424.965 85.19296264648438
C15 450.035 87.4527359008789
C15 475.003 90.7268295288086
C15 500.018 92.08993530273438
C15 525.002 94.63024139404297
C15 550.029 96.80799865722656
C15 575.023 96.86664581298828
C15 599.982 98.6742172241211
C15 619.997 98.28743743896484
C15 624.979 98.62674713134766
C15 650.012 99.01982879638672
C15 675.004 98.73118591308594
C15 700.03 98.226318359375
C15 725.012 98.09674835205078
C15 750.022 98.26336669921875
C15 774.987 98.10090637207031
C15 799.976 97.30992889404297
C15 824.988 95.572509765625
C15 850.022 93.4984359741211
C15 869.967 90.41694641113281
C15 875.002 89.82167053222656
C15 899.999 82.81397247314453
C15 919.999 74.61592102050781
C15 925.012 71.7071533203125
C15 949.965 58.133853912353516
C15 975.002 42.90049362182617
C15 999.976 25.690357208251953
C15 1025.028 10.95492172241211
C15 1050.014 3.8265490531921387
C15 1075.002 0.9361502615795588
C15 1099.99 0.09288396893035275
C16 319.994 42.81439971923828
C16 324.969 48.2679557800293
C16 349.982 70.99933624267578
C16 374.975 75.57894897460938
C16 400.019 83.64839172363281
C16 424.965 85.28099060058594
C16 450.035 87.52410125732422
C16 475.003 90.79096221923828
C16 500.018 92.1497573852539
C16 525.002 94.68494415283203
C16 550.029 96.86011505126953
C16 575.023 96.9119873046875
C16 599.982 98.71553039550781
C16 619.997 98.322021484375
C16 624.979 98.6610107421875
C16 650.012 99.05119323730469
C16 675.004 98.75858306884766
C16 700.03 98.23997497558594
C16 725.012 98.080322265625
C16 750.022 98.21281433105469
C16 774.987 98.01504516601562
C16 799.976 97.2121353149414
C16 824.988 95.49214172363281
C16 850.022 93.43877410888672
C16 869.967 90.32588195800781
C16 875.002 89.72417449951172
C16 899.999 82.85189819335938
C16 919.999 74.64625549316406
C16 925.012 71.74073791503906
C16 949.965 58.023006439208984
C16 975.002 42.87692642211914
C16 999.976 25.653703689575195
C16 1025.028 10.979963302612305
C16 1050.014 3.8476779460906982
C16 1075.002 0.9356686524049272
C16 1099.99 0.09283618411049106
C17 319.994 42.98862075805664
C17 324.969 48.46115493774414
C17 349.982 71.19833374023438
C17 374.975 75.6790542602539
C17 400.019 83.68965911865234
C17 424.965 85.30149841308594
C17 450.035 87.5425796508789
C17 475.003 90.80740356445312
C17 500.018 92.16382598876953
C17 525.002 94.69932556152344
C17 550.029 96.86566162109375
C17 575.023 96.91661071777344
C17 599.982 98.71073913574219
C17 619.997 98.31268310546875
C17 624.979 98.6522216796875
C17 650.012 99.03023529052734
C17 675.004 98.73036193847656
C17 700.03 98.19617462158203
C17 725.012 98.01092529296875
C17 750.022 98.10765075683594
C17 774.987 97.87580871582031
C17 799.976 97.06332397460938
C17 824.988 95.36520385742188
C17 850.022 93.30926513671875
C17 869.967 90.20655822753906
C17 875.002 89.60624694824219
C17 899.999 82.8985824584961
C17 919.999 74.512451171875
C17 925.012 71.60381317138672
C17 949.965 57.82204055786133
C17 975.002 42.827720642089844
C17 999.976 25.63077735900879
C17 1025.028 11.060430526733398
C17 1050.014 3.8817298412323
C17 1075.002 0.9346667649903216
C17 1099.99 0.09273677776162895
