lsstCam/transmission_filter_detector/r34_s11/g_6/19700101T000000.ecsv
# %ECSV 1.0
# ---
# datatype:
# - {name: wavelength, unit: nm, datatype: float32}
# - {name: efficiency, unit: '%', datatype: float64}
# meta: !!omap
# - {MODE: DETECTOR}
# - {TYPE: transmission_filter_detector}
# - {CALIBDATE: '1970-01-01T00:00:00'}
# - {INSTRUME: LSSTCam}
# - {OBSTYPE: transmission_filter_detector}
# - {CALIBCLS: lsst.ip.isr.IntermediateFilterDetectorTransmissionCurve}
# - {SOURCE: Materion (DM-46256)}
# - {DETECTOR: 157}
# - {FILTER: g_6}
# - {CALIB_ID: 'calibDate=1970-01-01T00:00:00 filter=g_6 detector=157'}
# - {DATE: '2025-04-02T15:59:42.753970'}
# - {CALIB_CREATION_DATE: '2025-04-02'}
# - {CALIB_CREATION_TIME: '15:59:42'}
# - __serialized_columns__:
#     efficiency:
#       __class__: astropy.units.quantity.Quantity
#       unit: !astropy.units.Unit {unit: '%'}
#       value: !astropy.table.SerializedColumn {name: efficiency}
#     wavelength:
#       __class__: astropy.units.quantity.Quantity
#       unit: !astropy.units.Unit {unit: nm}
#       value: !astropy.table.SerializedColumn {name: wavelength}
# schema: astropy-2.0
wavelength efficiency
300.0 0.3619150957092643
301.0 0.3154003759846091
302.0 0.268885656259954
303.0 0.24431853089481592
304.0 0.21975142881274223
305.0 0.22091742139309645
306.0 0.22208343725651503
307.0 0.2124563790857792
308.0 0.20282932091504335
309.0 0.19742047879844904
310.0 0.192011590115726
311.0 0.1937845372594893
312.0 0.19555746112018824
313.0 0.18739248625934124
314.0 0.17922751139849424
315.0 0.1785091939382255
316.0 0.1777908648364246
317.0 0.17402911325916648
318.0 0.17026738496497273
319.0 0.15985771315172315
320.0 0.14944804133847356
321.0 0.13932811561971903
322.0 0.12920817825943232
323.0 0.11573240626603365
324.0 0.10225661098957062
325.0 0.09080474264919758
326.0 0.07935286266729236
327.0 0.07257976103574038
328.0 0.0658066535834223
329.0 0.06271166494116187
330.0 0.05961668211966753
331.0 0.05475425277836621
332.0 0.049891823437064886
333.0 0.04740763106383383
334.0 0.04492343869060278
335.0 0.04293552483431995
336.0 0.040947613888420165
337.0 0.04064043750986457
338.0 0.04033325822092593
339.0 0.03986647934652865
340.0 0.03939969465136528
341.0 0.037631025770679116
342.0 0.03586235688999295
343.0 0.03278592193964869
344.0 0.02970948989968747
345.0 0.026157047250308096
346.0 0.022604608966503292
347.0 0.0206989876460284
348.0 0.018793364870361984
349.0 0.017314923752564937
350.0 0.7477317471057177
351.0 1.1174754239618778
352.0 0.7857164368033409
353.0 0.9886421263217926
354.0 0.48724235966801643
355.0 0.8260618895292282
356.0 0.6254688836634159
357.0 0.7876710966229439
358.0 0.6105937063694
359.0 0.9676226414740086
360.0 0.4106537438929081
361.0 0.7094096392393112
362.0 0.5903827026486397
363.0 0.7881764322519302
364.0 0.5285346880555153
365.0 0.6080854684114456
366.0 0.4921685438603163
367.0 0.6538721732795238
368.0 0.4447116516530514
369.0 0.5914382636547089
370.0 0.41006472893059254
371.0 0.5955374799668789
372.0 0.4204616881906986
373.0 0.5253938026726246
374.0 0.3752442076802254
375.0 0.5847636610269547
376.0 0.3908115904778242
377.0 0.6319456268101931
378.0 0.3811811562627554
379.0 0.5983004812151194
380.0 0.4078424535691738
381.0 0.4953280556946993
382.0 0.5073352251201868
383.0 0.5345157813280821
384.0 0.5945444107055664
385.0 0.5948406644165516
386.0 0.6417055614292622
387.0 0.7828465662896633
388.0 0.985462125390768
389.0 1.3542111031711102
390.0 1.9272036850452423
391.0 3.063802979886532
392.0 4.812286421656609
393.0 7.5473882257938385
394.0 11.379323899745941
395.0 16.33848398923874
396.0 22.49395251274109
397.0 30.202248692512512
398.0 38.962942361831665
399.0 48.47259223461151
400.0 57.84599781036377
401.0 66.5783703327179
402.0 74.549800157547
403.0 81.01425170898438
404.0 85.68117022514343
405.0 89.10821080207825
406.0 90.96201658248901
407.0 92.48221516609192
408.0 93.27438473701477
409.0 93.71589422225952
410.0 93.80401372909546
411.0 93.6813473701477
412.0 93.30785870552063
413.0 93.1405782699585
414.0 92.93333888053894
415.0 93.11270713806152
416.0 93.54426860809326
417.0 93.9177930355072
418.0 94.49500441551208
419.0 94.9650526046753
420.0 95.45512795448303
421.0 96.05478644371033
422.0 96.17108702659607
423.0 96.34416103363037
424.0 96.04888558387756
425.0 95.97535133361816
426.0 95.90977430343628
427.0 95.96944451332092
428.0 95.81496119499207
429.0 95.60864567756653
430.0 95.526522397995
431.0 95.63298225402832
432.0 95.64356803894043
433.0 95.76635360717773
434.0 95.76011896133423
435.0 95.93552947044373
436.0 95.98699808120728
437.0 95.95426917076111
438.0 96.07353210449219
439.0 96.17022275924683
440.0 96.1698830127716
441.0 96.25197649002075
442.0 96.19849920272827
443.0 96.1797833442688
444.0 96.09875082969666
445.0 95.85499167442322
446.0 95.72300910949707
447.0 95.54161429405212
448.0 95.60198783874512
449.0 95.83762884140015
450.0 96.08710408210754
451.0 96.27088904380798
452.0 96.42382860183716
453.0 96.50105237960815
454.0 96.60184383392334
455.0 96.83341383934021
456.0 96.94926738739014
457.0 97.0875084400177
458.0 97.12930917739868
459.0 97.1195638179779
460.0 97.12216854095459
461.0 97.21052646636963
462.0 97.11894989013672
463.0 97.01558947563171
464.0 97.152841091156
465.0 97.02816009521484
466.0 97.04754948616028
467.0 97.03773856163025
468.0 97.03860282897949
469.0 97.11672067642212
470.0 96.94623351097107
471.0 96.7957079410553
472.0 96.8874990940094
473.0 96.75329327583313
474.0 96.68165445327759
475.0 96.8018889427185
476.0 96.83964848518372
477.0 96.8790054321289
478.0 96.99236750602722
479.0 96.97709083557129
480.0 97.17930555343628
481.0 97.23328351974487
482.0 97.43735790252686
483.0 97.30310440063477
484.0 97.51437306404114
485.0 97.52538204193115
486.0 97.55529761314392
487.0 97.54738807678223
488.0 97.55934476852417
489.0 97.70693182945251
490.0 97.662353515625
491.0 97.70967960357666
492.0 97.62633442878723
493.0 97.66576290130615
494.0 97.60494232177734
495.0 97.65727519989014
496.0 97.47374653816223
497.0 97.44277596473694
498.0 97.21524715423584
499.0 97.24774360656738
500.0 97.21691012382507
501.0 97.26850390434265
502.0 97.14763164520264
503.0 97.2825825214386
504.0 97.10804224014282
505.0 97.11744785308838
506.0 97.163987159729
507.0 97.10740447044373
508.0 97.0698595046997
509.0 97.11098670959473
510.0 97.0272421836853
511.0 97.01201915740967
512.0 96.95817232131958
513.0 97.0603346824646
514.0 97.05244898796082
515.0 97.07115888595581
516.0 97.1531093120575
517.0 97.15542793273926
518.0 97.23787903785706
519.0 97.24258780479431
520.0 97.27062582969666
521.0 97.34927415847778
522.0 97.34075665473938
523.0 97.30949401855469
524.0 97.35815525054932
525.0 97.31828570365906
526.0 97.34970331192017
527.0 97.34000563621521
528.0 97.44699001312256
529.0 97.51923084259033
530.0 97.52101302146912
531.0 97.62848615646362
532.0 97.51906991004944
533.0 97.51017093658447
534.0 97.47167229652405
535.0 97.21395373344421
536.0 96.74630761146545
537.0 96.07983231544495
538.0 95.13254761695862
539.0 93.50413084030151
540.0 91.52632355690002
541.0 88.5932981967926
542.0 85.54577231407166
543.0 81.59087300300598
544.0 76.76162123680115
545.0 72.58886098861694
546.0 67.61643886566162
547.0 63.21330666542053
548.0 58.9225709438324
549.0 55.20502328872681
550.0 52.31741666793823
551.0 49.49926733970642
552.0 47.16340899467468
553.0 44.56848502159119
554.0 41.346701979637146
555.0 37.745386362075806
556.0 33.067432045936584
557.0 27.840229868888855
558.0 22.384855151176453
559.0 17.160575091838837
560.0 12.404056638479233
561.0 8.134196698665619
562.0 5.068817362189293
563.0 2.8852881863713264
564.0 1.5572872944176197
565.0 0.7355759851634502
566.0 0.3984925802797079
567.0 0.20843460224568844
568.0 0.1347885001450777
569.0 0.09085545898415148
570.0 0.07020607590675354
571.0 0.04444722435437143
572.0 0.052911939565092325
573.0 0.03233550814911723
574.0 0.04105696571059525
575.0 0.028311548521742225
576.0 0.033565572812221944
577.0 0.02271425910294056
578.0 0.0349343114066869
579.0 0.02150172949768603
580.0 0.016463486826978624
581.0 0.017794084851630032
582.0 0.025882417685352266
583.0 0.02018379746004939
584.0 0.017452132306061685
585.0 0.021847257448825985
586.0 0.018757343059405684
587.0 0.012480297300498933
588.0 0.004328956856625155
589.0 0.015856394020374864
590.0 0.02191222010878846
591.0 0.009263133688364178
592.0 0.005380307629820891
593.0 0.00768449972383678
594.0 0.012802417040802538
595.0 0.004259925117366947
596.0 0.01030348430504091
597.0 0.012111716932849959
598.0 0.014055012434255332
599.0 0.0038954432966420427
600.0 0.013147585559636354
601.0 0.0020551935449475423
602.0 0.0020530216715997085
603.0 0.0020508496163529344
604.0 0.001958730717888102
605.0 0.0018666114556253888
606.0 0.0018677130356081761
607.0 0.0018688146155909635
608.0 0.0017607744666747749
609.0 0.0016527339539607055
610.0 0.001764071021170821
611.0 0.0018754079064819962
612.0 0.0018156775695388205
613.0 0.0017559474144945852
614.0 0.0017200029105879366
615.0 0.001684058406681288
616.0 0.0015653926311642863
617.0 0.001446727128495695
618.0 0.0015521069144597277
619.0 0.0016574871551711112
620.0 0.0015012242329248693
621.0 0.0013449613106786273
622.0 0.00143275065056514
623.0 0.0015205398085527122
624.0 0.0014841448319202755
625.0 0.0014477502190857194
626.0 0.0014406458831217606
627.0 0.0014335414562083315
628.0 0.0014616873158956878
629.0 0.001489833175583044
630.0 0.0014778755030420143
631.0 0.0014659179214504547
632.0 0.0013788963769911788
633.0 0.0012918750144308433
634.0 0.0013538186067307834
635.0 0.0014157623809296638
636.0 0.0013480061170412228
637.0 0.0012802496712538414
638.0 0.0012178184078948107
639.0 0.0011553870535863098
640.0 0.0012587971468747128
641.0 0.0013622074220620561
642.0 0.0012551747204270214
643.0 0.0011481420187919866
644.0 0.0011496115803311113
645.0 0.001151081596617587
646.0 0.0011777891813835595
647.0 0.001204496766149532
648.0 0.0011987764992227312
649.0 0.0011930562322959304
650.0 0.0012136696568632033
651.0 0.001234282990481006
652.0 0.0012184868865006138
653.0 0.0012026906006212812
654.0 0.0012308107216085773
655.0 0.0012589307516464032
656.0 0.0011527656170073897
657.0 0.0010466006642673165
658.0 0.0010762812962639146
659.0 0.0011059619282605127
660.0 0.0010344801921746694
661.0 0.0009629983651393559
662.0 0.0010166673746425658
663.0 0.0010703362022468355
664.0 0.0011647712199192028
665.0 0.0012592060556926299
666.0 0.0012075025551894214
667.0 0.001155799054686213
668.0 0.0011694306522258557
669.0 0.0011830618859676179
670.0 0.001220831381942844
671.0 0.0012586010598170105
672.0 0.001116737439588178
673.0 0.0009748740922077559
674.0 0.0010247794307360891
675.0 0.0010746847692644224
676.0 0.0010158612894883845
677.0 0.0009570375368639361
678.0 0.0009635512469685636
679.0 0.0009700650480226614
680.0 0.0010074330020870548
681.0 0.0010448012289998587
682.0 0.0010333865247957874
683.0 0.0010219720934401266
684.0 0.0009653698725742288
685.0 0.0009087675607588608
686.0 0.0009024095561471768
687.0 0.0008960516424849629
688.0 0.0009403246622241568
689.0 0.0009845977729128208
690.0 0.0010525426660024095
691.0 0.0011204876500414684
692.0 0.0010999270671163686
693.0 0.0010793665751407389
694.0 0.0010287307304679416
695.0 0.0009780949767446145
696.0 0.0010842290066648275
697.0 0.001190363309433451
698.0 0.0012141980732849333
699.0 0.0012380330190353561
700.0 0.0012078550753358286
701.0 0.0011776772225857712
702.0 0.0011485358299978543
703.0 0.001119394255510997
704.0 0.0010751829904620536
705.0 0.0010309715435141698
706.0 0.0011340610399201978
707.0 0.0012371502634778153
708.0 0.0012281208000786137
709.0 0.001219091336679412
710.0 0.001262888872588519
711.0 0.0013066863175481558
712.0 0.0013122976270096842
713.0 0.0013179086636228021
714.0 0.0013791864148515742
715.0 0.0014404642570298165
716.0 0.0015294695913325995
717.0 0.0016184752894332632
718.0 0.001713212077447679
719.0 0.0018079492292599753
720.0 0.0015603383872075938
721.0 0.001312727363256272
722.0 0.0014619145986216608
723.0 0.0016111018339870498
724.0 0.0016255557056865655
725.0 0.0016400095773860812
726.0 0.0016961799701675773
727.0 0.0017523499991511926
728.0 0.001832169436966069
729.0 0.0019119888747809455
730.0 0.0019372726455912925
731.0 0.0019625564164016396
732.0 0.0018318140064366162
733.0 0.0017010717783705331
734.0 0.001531037560198456
735.0 0.0013610036148747895
736.0 0.0011822518899862189
737.0 0.0010035001650976483
738.0 0.0010298675078956876
739.0 0.0010562347597442567
740.0 0.000985089354799129
741.0 0.0009139438589045312
742.0 0.0009526404028292745
743.0 0.0009913369467540178
744.0 0.0009396409950568341
745.0 0.0008879449524101801
746.0 0.0008258673915406689
747.0 0.0007637896487722173
748.0 0.00077972963481443
749.0 0.0007956693480082322
750.0 0.0009241143743565772
751.0 0.0010525594007049222
752.0 0.000976761930360226
753.0 0.0009009642781165894
754.0 0.0008398383215535432
755.0 0.0007787120921420865
756.0 0.0007724301212874707
757.0 0.0007661482413823251
758.0 0.0008582218470110092
759.0 0.0009502956345386337
760.0 0.0009550359209242743
761.0 0.0009597759344615042
762.0 0.0008683373380335979
763.0 0.0007768986506562214
764.0 0.0006839571142336354
765.0 0.0005910157142352546
766.0 0.0006077379111957271
767.0 0.0006244601081561996
768.0 0.0006424724688258721
769.0 0.0006604849204450147
770.0 0.0006663742624368751
771.0 0.0006722637408529408
772.0 0.0006875621693325229
773.0 0.0007028604159131646
774.0 0.0006517381734738592
775.0 0.0006006157946103485
776.0 0.0006201004907779861
777.0 0.0006395850050466834
778.0 0.0005978101853543194
779.0 0.0005560354111366905
780.0 0.0006185268375702435
781.0 0.0006810183094785316
782.0 0.000567071083423798
783.0 0.00045312394831853453
784.0 0.00034273448363819625
785.0 0.00023234506443259306
786.0 0.00026576994969218504
787.0 0.00029919485768914456
788.0 0.0003556215460776002
789.0 0.0004120483026781585
790.0 0.0003573018830138608
791.0 0.00030255550882429816
792.0 0.0003585219246815541
793.0 0.0004144883860135451
794.0 0.0003669159013952594
795.0 0.0003193433940396062
796.0 0.0003281762474216521
797.0 0.00033700910080369795
798.0 0.0003552066800693865
799.0 0.00037340425933507504
800.0 0.00044790781430492643
801.0 0.0005224113920121454
802.0 0.0004841019290324766
803.0 0.00044579246605280787
804.0 0.00044556941247719806
805.0 0.00044534626795211807
806.0 0.0004028015609947033
807.0 0.0003602568767746561
808.0 0.00040634699871588964
809.0 0.0004524370979197556
810.0 0.0003577850748115452
811.0 0.00026313298349123215
812.0 0.0003214936441509053
813.0 0.00037985435028531356
814.0 0.0004041771717311349
815.0 0.00042850001591432374
816.0 0.0005109015546622686
817.0 0.0005933031843596837
818.0 0.0004425564839038998
819.0 0.00029180985166021856
820.0 0.0003426300736464327
821.0 0.00039345031837001443
822.0 0.0004639419785235077
823.0 0.000534433638677001
824.0 0.0005224626875133254
825.0 0.0005104917818243848
826.0 0.0005241046437731711
827.0 0.0005377175057219574
828.0 0.0005171927568881074
829.0 0.0004966679625795223
830.0 0.000455546023658826
831.0 0.00041442403926339466
832.0 0.0003683907380036544
833.0 0.00032235743674391415
834.0 0.0003160475216645864
835.0 0.0003097375838478911
836.0 0.00036313174405222526
837.0 0.0004165258360444568
838.0 0.00044927587623533327
839.0 0.00048202591642620973
840.0 0.00033774394978536293
841.0 0.00019346200588188367
842.0 0.0003009684860444395
843.0 0.00040847498894436285
844.0 0.0005705036983272294
845.0 0.0007325323622353608
846.0 0.0005339712060958846
847.0 0.00033541000448167324
848.0 0.00033242706649616593
849.0 0.0003294441057732911
850.0 0.00021556895717367297
851.0 0.00010169378583668731
852.0 7.818011908966582e-05
853.0 5.466644097396056e-05
854.0 0.00016432273923783214
855.0 0.0002739790033956524
856.0 0.0002875103973565274
857.0 0.00030104181405476993
858.0 0.00034093686736014206
859.0 0.00038083194340288173
860.0 0.0004685248768510064
861.0 0.000556217764824396
862.0 0.00048793722271511797
863.0 0.00041965668060583994
864.0 0.0003690795892907772
865.0 0.0003185024525009794
866.0 0.00045951228457852267
867.0 0.0006005219802318607
868.0 0.000490538104713778
869.0 0.00038055416098359274
870.0 0.00040904942579800263
871.0 0.00043754480429925025
872.0 0.0003807214852713514
873.0 0.0003238982344555552
874.0 0.0005235891421762062
875.0 0.0007232800726342248
876.0 0.0005311476343194954
877.0 0.00033901524147950113
878.0 0.0004750980679091299
879.0 0.0006111809398134938
880.0 0.000668575921736192
881.0 0.0007259709946083603
882.0 0.0005524865173356375
883.0 0.00037900210827501724
884.0 0.00045242372834763955
885.0 0.0005258453256828943
886.0 0.0005620447154797148
887.0 0.0005982441962260054
888.0 0.0005706465344701428
889.0 0.0005430489636637503
890.0 0.0005896878519706661
891.0 0.0006363267402775818
892.0 0.0006198960818437627
893.0 0.0006034654234099435
894.0 0.0004942278792441357
895.0 0.000384990380553063
896.0 0.0003907636255462421
897.0 0.0003965369160141563
898.0 0.0004350167273514671
899.0 0.00047349658416351303
900.0 0.0003661737991933478
901.0 0.0002588510142231826
902.0 0.00040055970202956814
903.0 0.0005422683443612186
904.0 0.0005028607574786292
905.0 0.00046345321607077494
