lsstCam/transmission_filter_detector/r34_s11/g_6/19700101T000000.ecsv
# %ECSV 1.0
# ---
# datatype:
# - {name: wavelength, unit: nm, datatype: float32}
# - {name: efficiency, unit: '%', datatype: float64}
# meta: !!omap
# - {MODE: DETECTOR}
# - {TYPE: transmission_filter_detector}
# - {CALIBDATE: '1970-01-01T00:00:00'}
# - {INSTRUME: LSSTCam}
# - {OBSTYPE: transmission_filter_detector}
# - {CALIBCLS: lsst.ip.isr.IntermediateFilterDetectorTransmissionCurve}
# - {SOURCE: Materion (DM-46256)}
# - {DETECTOR: 157}
# - {FILTER: g_6}
# - {CALIB_ID: 'calibDate=1970-01-01T00:00:00 filter=g_6 detector=157'}
# - {DATE: '2025-04-02T15:59:42.753970'}
# - {CALIB_CREATION_DATE: '2025-04-02'}
# - {CALIB_CREATION_TIME: '15:59:42'}
# - __serialized_columns__:
#     efficiency:
#       __class__: astropy.units.quantity.Quantity
#       unit: !astropy.units.Unit {unit: '%'}
#       value: !astropy.table.SerializedColumn {name: efficiency}
#     wavelength:
#       __class__: astropy.units.quantity.Quantity
#       unit: !astropy.units.Unit {unit: nm}
#       value: !astropy.table.SerializedColumn {name: wavelength}
# schema: astropy-2.0
wavelength efficiency
[from data line 607]
907.0 0.00030857620458846213
908.0 0.00034010622584901284
909.0 0.00037163620163482847
910.0 0.0003739084149856353
911.0 0.0003761806055990746
912.0 0.000478071933684987
913.0 0.0005799632162961643
914.0 0.0004707301741291303
915.0 0.0003614971092247288
916.0 0.00039219821701408364
917.0 0.0004228994384902762
918.0 0.0003202197831342346
919.0 0.00021754017325292807
920.0 0.0002912967829615809
921.0 0.00036505339267023373
922.0 0.00031442066301679006
923.0 0.0002637879333633464
924.0 0.00038072396364441374
925.0 0.0004976599939254811
926.0 0.00040218269532488193
927.0 0.00030670539672428276
928.0 0.00043654308683471754
929.0 0.0005663807769451523
930.0 0.0004800809620064683
931.0 0.0003937813289667247
932.0 0.00046781747187196743
933.0 0.0005418537512014154
934.0 0.0006306381237664027
935.0 0.0007194226327555953
936.0 0.0005721873549191514
937.0 0.0004249521680321777
938.0 0.0003929532795154955
939.0 0.0003609544819482835
940.0 0.0005150514880369883
941.0 0.0006691484031762229
942.0 0.0006577444310096325
943.0 0.0006463404588430421
944.0 0.0006279841727518942
945.0 0.0006096278866607463
946.0 0.0006462109467975097
947.0 0.0006827940069342731
948.0 0.0006815188953623874
949.0 0.0006802438292652369
950.0 0.000585432553634746
951.0 0.0004906213234789902
952.0 0.0007673955224163365
953.0 0.0010441696758789476
954.0 0.0010178707270824816
955.0 0.000991571505437605
956.0 0.0007183858997450443
957.0 0.0004452002940524835
958.0 0.0005788300313724903
959.0 0.000712459677743027
960.0 0.0007171904144342989
961.0 0.0007219210601761006
962.0 0.0007258071036631009
963.0 0.0007296929197764257
964.0 0.0006141537141957087
965.0 0.0004986142812413163
966.0 0.0005881925517314812
967.0 0.0006777708676963812
968.0 0.0006394870524673024
969.0 0.0006012032827129588
970.0 0.0006597058018087409
971.0 0.0007182083209045231
972.0 0.0007507870577683207
973.0 0.0007833657946321182
974.0 0.0007829559763194993
975.0 0.0007825462489563506
976.0 0.0007762907443975564
977.0 0.0007700352398387622
978.0 0.0008620147127658129
979.0 0.0009539941856928635
980.0 0.0008542084287910257
981.0 0.0007544226264144527
982.0 0.0008445292223768774
983.0 0.0009346358638140373
984.0 0.0010879410183406435
985.0 0.0012412461728672497
986.0 0.0012733914445561823
987.0 0.0013055367162451148
988.0 0.0012795391739928164
989.0 0.0012535414498415776
990.0 0.00135958289320115
991.0 0.0014656243365607224
992.0 0.0015194073057500646
993.0 0.0015731900930404663
994.0 0.001570574204379227
995.0 0.0015679581338190474
996.0 0.0014870171980874147
997.0 0.0014060759895073716
998.0 0.0013263341315905564
999.0 0.001246592182724271
1000.0 0.001259702185052447
1001.0 0.0012728119145322125
1002.0 0.001287706800212618
1003.0 0.001302601503994083
1004.0 0.0012875294487457722
1005.0 0.0012724573934974615
1006.0 0.0013306970686244313
1007.0 0.001388936652801931
1008.0 0.0013339721590455156
1009.0 0.00127900757433963
1010.0 0.001393824004480848
1011.0 0.0015086407074704766
1012.0 0.001567992330819834
1013.0 0.001627343772270251
1014.0 0.001896095636766404
1015.0 0.002164847683161497
1016.0 0.0022181040549185127
1017.0 0.0022713604266755283
1018.0 0.0024536670025554486
1019.0 0.002635973760334309
1020.0 0.0028951928470632993
1021.0 0.0031544121156912297
1022.0 0.003318975359434262
1023.0 0.003483538603177294
1024.0 0.0035680568544194102
1025.0 0.0036525751056615263
1026.0 0.003935744462069124
1027.0 0.004218913454678841
1028.0 0.004346609057392925
1029.0 0.0044743053877027705
1030.0 0.004571823956212029
1031.0 0.004669342888519168
1032.0 0.004797301517101005
1033.0 0.004925260509480722
1034.0 0.005003307524020784
1035.0 0.005081354902358726
1036.0 0.005356014298740774
1037.0 0.0056306744227185845
1038.0 0.005789608621853404
1039.0 0.005948543184786104
1040.0 0.006003380258334801
1041.0 0.0060582173318834975
1042.0 0.006170410051709041
1043.0 0.006282603135332465
1044.0 0.006639346247538924
1045.0 0.006996089359745383
1046.0 0.0077322154538705945
1047.0 0.008468341547995806
1048.0 0.009242124360753223
1049.0 0.01001590717351064
1050.0 0.01175498400698416
1051.0 0.013494059385266155
1052.0 0.016224216960836202
1053.0 0.01895437453640625
1054.0 0.02277188905281946
1055.0 0.026589399203658104
1056.0 0.03191335417795926
1057.0 0.03723730624187738
1058.0 0.04383551422506571
1059.0 0.050433719297870994
1060.0 0.058598199393600225
1061.0 0.06676269113086164
1062.0 0.07420234032906592
1063.0 0.0816419837065041
1064.0 0.08852707105688751
1065.0 0.09541214676573873
1066.0 0.10091437725350261
1067.0 0.10641660774126649
1068.0 0.11262777261435986
1069.0 0.11883896077051759
1070.0 0.12782897101715207
1071.0 0.13681899290531874
1072.0 0.14796354807913303
1073.0 0.1591081148944795
1074.0 0.17302281921729445
1075.0 0.1869375118985772
1076.0 0.20038061775267124
1077.0 0.213823770172894
1078.0 0.225774641148746
1079.0 0.23772551212459803
1080.0 0.2522645052522421
1081.0 0.2668034750968218
1082.0 0.28483772184699774
1083.0 0.3028719685971737
1084.0 0.33416824880987406
1085.0 0.36546450573951006
1086.0 0.3989194519817829
1087.0 0.43237446807324886
1088.0 0.4797197412699461
1089.0 0.5270649679005146
1090.0 0.597273139283061
1091.0 0.6674814037978649
1092.0 0.7311880588531494
1093.0 0.7948949001729488
1094.0 0.8385898545384407
1095.0 0.8822849951684475
1096.0 0.9212229400873184
1097.0 0.9601607918739319
1098.0 1.0223574005067348
1099.0 1.0845539160072803
1100.0 1.178644597530365
1101.0 1.2727351859211922
