lsstCam/transmission_filter_detector/r33_s01/z_20/19700101T000000.ecsv
# %ECSV 1.0
# ---
# datatype:
# - {name: wavelength, unit: nm, datatype: float32}
# - {name: efficiency, unit: '%', datatype: float64}
# meta: !!omap
# - {MODE: DETECTOR}
# - {TYPE: transmission_filter_detector}
# - {CALIBDATE: '1970-01-01T00:00:00'}
# - {INSTRUME: LSSTCam}
# - {OBSTYPE: transmission_filter_detector}
# - {CALIBCLS: lsst.ip.isr.IntermediateFilterDetectorTransmissionCurve}
# - {SOURCE: Materion (DM-46256)}
# - {DETECTOR: 145}
# - {FILTER: z_20}
# - {CALIB_ID: 'calibDate=1970-01-01T00:00:00 filter=z_20 detector=145'}
# - {DATE: '2025-04-02T15:59:49.311957'}
# - {CALIB_CREATION_DATE: '2025-04-02'}
# - {CALIB_CREATION_TIME: '15:59:49'}
# - __serialized_columns__:
#     efficiency:
#       __class__: astropy.units.quantity.Quantity
#       unit: !astropy.units.Unit {unit: '%'}
#       value: !astropy.table.SerializedColumn {name: efficiency}
#     wavelength:
#       __class__: astropy.units.quantity.Quantity
#       unit: !astropy.units.Unit {unit: nm}
#       value: !astropy.table.SerializedColumn {name: wavelength}
# schema: astropy-2.0
wavelength efficiency
[from data line 597]
897.0 99.11987781524658
898.0 98.67838025093079
899.0 98.45771193504333
900.0 99.00380373001099
901.0 99.68993663787842
902.0 99.23243522644043
903.0 98.91102910041809
904.0 97.70315885543823
905.0 98.6787736415863
906.0 98.0746328830719
907.0 98.93352389335632
908.0 98.49350452423096
909.0 98.49252700805664
910.0 97.80727624893188
911.0 96.81546092033386
912.0 96.20087742805481
913.0 94.84976530075073
914.0 92.5937831401825
915.0 90.41476845741272
916.0 88.3372962474823
917.0 86.73849701881409
918.0 83.51778388023376
919.0 82.30628967285156
920.0 79.55870628356934
921.0 75.76819062232971
922.0 71.54385447502136
923.0 65.88900089263916
924.0 60.69718599319458
925.0 54.95504140853882
926.0 48.906975984573364
927.0 41.8391615152359
928.0 36.12188696861267
929.0 29.88089919090271
930.0 24.097105860710144
931.0 18.902844190597534
932.0 13.523480296134949
933.0 9.047053009271622
934.0 5.9162139892578125
935.0 3.6193929612636566
936.0 2.0631156861782074
937.0 1.2587540782988071
938.0 0.8455688133835793
939.0 0.39797062054276466
940.0 0.32420263160020113
941.0 0.2861838322132826
942.0 0.21631962154060602
943.0 0.012450697249732912
944.0 1.5798786974843826e-10
945.0 1.5798786974843826e-10
946.0 0.0455359899206087
947.0 1.5798786974843826e-10
948.0 1.5798786974843826e-10
949.0 0.13794144615530968
950.0 0.06914623663760722
951.0 0.028130313148722053
952.0 1.5798786974843826e-10
953.0 1.5798786974843826e-10
954.0 1.5798786974843826e-10
955.0 1.5798786974843826e-10
956.0 1.5798786974843826e-10
957.0 1.5798786974843826e-10
958.0 0.022681208793073893
959.0 0.06674621836282313
960.0 0.023159214470069855
961.0 0.02328776754438877
962.0 1.5798786974843826e-10
963.0 1.5798786974843826e-10
964.0 1.5798786974843826e-10
965.0 1.5798786974843826e-10
966.0 1.5798786974843826e-10
967.0 1.5798786974843826e-10
968.0 1.5798786974843826e-10
969.0 0.027784088160842657
970.0 0.03859377757180482
971.0 1.5798786974843826e-10
972.0 1.5798786974843826e-10
973.0 1.5798786974843826e-10
974.0 0.0631611852440983
975.0 0.0365830201189965
976.0 0.006471901724580675
977.0 0.0065205291321035475
978.0 0.006569154356839135
979.0 0.006271282472880557
980.0 0.005973409861326218
981.0 0.005855020208400674
982.0 0.005736629827879369
983.0 0.005610752123175189
984.0 0.005484874054673128
985.0 0.005400969166657887
986.0 0.005317064278642647
987.0 0.005205073830438778
988.0 0.005093083018437028
989.0 0.005031307955505326
990.0 0.004969532892573625
991.0 0.004896331302006729
992.0 0.004823129711439833
993.0 0.0046978100726846606
994.0 0.004572490433929488
995.0 0.004596434519044124
996.0 0.004620377876562998
997.0 0.004563704351312481
998.0 0.004507030462264083
999.0 0.004458913463167846
1000.0 0.004410796100273728
1001.0 0.004435789378476329
1002.0 0.00446078265667893
1003.0 0.004403099956107326
1004.0 0.004345416891737841
1005.0 0.004363813059171662
1006.0 0.004382209226605482
1007.0 0.004489496495807543
1008.0 0.004596783401211724
1009.0 0.004410506153362803
1010.0 0.004224228905513883
1011.0 0.004230918784742244
1012.0 0.0042376086639706045
1013.0 0.004311589145800099
1014.0 0.004385569627629593
1015.0 0.004383597479318269
1016.0 0.004381625331006944
1017.0 0.0043909800297115
1018.0 0.004400334364618175
1019.0 0.004401452315505594
1020.0 0.004402569902595133
1021.0 0.004491794607019983
1022.0 0.004581018947646953
1023.0 0.004516771150520071
1024.0 0.00445252371719107
1025.0 0.004483230804908089
1026.0 0.004513938256422989
1027.0 0.0044817257730755955
1028.0 0.004449512925930321
1029.0 0.0045384778786683455
1030.0 0.004627442467608489
1031.0 0.004647698733606376
1032.0 0.004667955363402143
1033.0 0.004763037213706411
1034.0 0.00485811906401068
1035.0 0.004962959428667091
1036.0 0.005067799793323502
1037.0 0.005229091402725317
1038.0 0.005390383012127131
1039.0 0.005472956036101095
1040.0 0.005555528696277179
1041.0 0.005460143438540399
1042.0 0.0053647585446015
1043.0 0.005658170630340464
1044.0 0.005951581624685787
1045.0 0.006163559010019526
1046.0 0.006375536031555384
1047.0 0.00639433492324315
1048.0 0.006413134542526677
1049.0 0.006505101919174194
1050.0 0.006597069295821711
1051.0 0.006722706893924624
1052.0 0.006848343764431775
1053.0 0.007212861237348989
1054.0 0.007577378710266203
1055.0 0.007393865962512791
1056.0 0.007210352487163618
1057.0 0.0075920019298791885
1058.0 0.007973651372594759
1059.0 0.008165431063389406
1060.0 0.008357211481779814
1061.0 0.008457003423245624
1062.0 0.00855679827509448
1063.0 0.009155158477369696
1064.0 0.009753520862432197
1065.0 0.010045011731563136
1066.0 0.010336500417906791
1067.0 0.010040045162895694
1068.0 0.00974359063548036
1069.0 0.009934107947628945
1070.0 0.010124623804586008
1071.0 0.010808906517922878
1072.0 0.011493189231259748
1073.0 0.01157988517661579
1074.0 0.011666579666780308
1075.0 0.0114187401777599
1076.0 0.01117089850595221
1077.0 0.012165006046416238
1078.0 0.013159113586880267
1079.0 0.013096687325742096
1080.0 0.013034259609412402
1081.0 0.013763860624749213
1082.0 0.014493460184894502
1083.0 0.015024088497739285
1084.0 0.015554718265775591
1085.0 0.015172305575106293
1086.0 0.014789894339628518
1087.0 0.015538350271526724
1088.0 0.016286804748233408
1089.0 0.016357236017938703
1090.0 0.01642766874283552
1091.0 0.01708038180368021
1092.0 0.017733096319716424
1093.0 0.01836601586546749
1094.0 0.018998939776793122
1095.0 0.019392014655750245
1096.0 0.019785086624324322
1097.0 0.019714870722964406
1098.0 0.01964465482160449
1099.0 0.02028786693699658
1100.0 0.020931079052388668
1101.0 0.02210691454820335
1102.0 0.023282747133634984
1103.0 0.024469077470712364
1104.0 0.02565541071817279
1105.0 0.025995902251452208
1106.0 0.026336393784731627
1107.0 0.026888356660492718
1108.0 0.02744031953625381
1109.0 0.028287089662626386
1110.0 0.02913385978899896
1111.0 0.02969220804516226
1112.0 0.03025056212209165
1113.0 0.030913340742699802
1114.0 0.03157611936330795
1115.0 0.03203413216397166
1116.0 0.032492142054252326
1117.0 0.03384932933840901
1118.0 0.03520651662256569
1119.0 0.03581099153961986
1120.0 0.036415463546290994
1121.0 0.037592617445625365
1122.0 0.03876976843457669
1123.0 0.040367545443587005
1124.0 0.04196532245259732
1125.0 0.042791070882231
1126.0 0.043616819311864674
1127.0 0.04470051499083638
1128.0 0.04578421066980809
1129.0 0.04960802034474909
1130.0 0.05343183293007314
1131.0 0.05910951877012849
1132.0 0.06478721043094993
1133.0 0.06430125795304775
1134.0 0.06381531129591167
1135.0 0.06854003295302391
1136.0 0.07326475461013615
1137.0 0.07701891590841115
1138.0 0.08077307720668614
1139.0 0.08456814102828503
1140.0 0.08836319320835173
1141.0 0.10020447662100196
1142.0 0.11204574257135391
1143.0 0.14393217861652374
1144.0 0.17581862630322576
1145.0 0.3760271007195115
1146.0 0.5762355402112007
1147.0 1.0942794382572174
1148.0 1.612323522567749
1149.0 1.6653472557663918
1150.0 1.7183713614940643
