lsstCam/transmission_filter_detector/r33_s01/z_20/19700101T000000.ecsv
# %ECSV 1.0
# ---
# datatype:
# - {name: wavelength, unit: nm, datatype: float32}
# - {name: efficiency, unit: '%', datatype: float64}
# meta: !!omap
# - {MODE: DETECTOR}
# - {TYPE: transmission_filter_detector}
# - {CALIBDATE: '1970-01-01T00:00:00'}
# - {INSTRUME: LSSTCam}
# - {OBSTYPE: transmission_filter_detector}
# - {CALIBCLS: lsst.ip.isr.IntermediateFilterDetectorTransmissionCurve}
# - {SOURCE: Materion (DM-46256)}
# - {DETECTOR: 145}
# - {FILTER: z_20}
# - {CALIB_ID: 'calibDate=1970-01-01T00:00:00 filter=z_20 detector=145'}
# - {DATE: '2025-04-02T15:59:49.311957'}
# - {CALIB_CREATION_DATE: '2025-04-02'}
# - {CALIB_CREATION_TIME: '15:59:49'}
# - __serialized_columns__:
#     efficiency:
#       __class__: astropy.units.quantity.Quantity
#       unit: !astropy.units.Unit {unit: '%'}
#       value: !astropy.table.SerializedColumn {name: efficiency}
#     wavelength:
#       __class__: astropy.units.quantity.Quantity
#       unit: !astropy.units.Unit {unit: nm}
#       value: !astropy.table.SerializedColumn {name: wavelength}
# schema: astropy-2.0
wavelength efficiency
300.0 0.3184787230566144
301.0 0.30309464782476425
302.0 0.2877105725929141
303.0 0.24842824786901474
304.0 0.20914592314511538
305.0 0.18302524695172906
306.0 0.156904524192214
307.0 0.14553433284163475
308.0 0.1341641298495233
309.0 0.12955543352290988
310.0 0.12494673719629645
311.0 0.11943530989810824
312.0 0.11392388259992003
313.0 0.11109645711258054
314.0 0.10826903162524104
315.0 0.10042763315141201
316.0 0.09258622885681689
317.0 0.08030083845369518
318.0 0.06801544222980738
319.0 0.06437418051064014
320.0 0.06073291297070682
321.0 0.05649927770718932
322.0 0.05226564244367182
323.0 0.05238953744992614
324.0 0.052513438276946545
325.0 0.04694370727520436
326.0 0.04137398209422827
327.0 0.039487521280534565
328.0 0.03760105755645782
329.0 0.03554143477231264
330.0 0.033481811988167465
331.0 0.03419258282519877
332.0 0.034903353662230074
333.0 0.03248345747124404
334.0 0.030063561280258
335.0 0.029016172629781067
336.0 0.027968783979304135
337.0 0.023523563868366182
338.0 0.01907833939185366
339.0 0.019211640756111592
340.0 0.019344943575561047
341.0 0.017678350559435785
342.0 0.016011756088119
343.0 0.016050325939431787
344.0 0.016088895790744573
345.0 0.014062230184208602
346.0 0.012035560212098062
347.0 0.013587498688139021
348.0 0.015139438619371504
349.0 0.014967742026783526
350.0 0.014796045434195548
351.0 0.013307647895999253
352.0 0.011819249630207196
353.0 0.013668710016645491
354.0 0.01551817258587107
355.0 0.013524506357498467
356.0 0.01153083867393434
357.0 0.01104818147723563
358.0 0.010565525735728443
359.0 0.010496815229998901
360.0 0.01042810472426936
361.0 0.010047069372376427
362.0 0.009666037658462301
363.0 0.009008918277686462
364.0 0.008351799624506384
365.0 0.007867953536333516
366.0 0.00738410817575641
367.0 0.007554562034783885
368.0 0.00772501589381136
369.0 0.008271732076536864
370.0 0.008818448259262368
371.0 0.008504261495545506
372.0 0.008190073276637122
373.0 0.007560461381217465
374.0 0.006930850213393569
375.0 0.006250372098293155
376.0 0.005569895074586384
377.0 0.005779487764812075
378.0 0.005989080455037765
379.0 0.005634480476146564
380.0 0.005279880861053243
381.0 0.005488836541189812
382.0 0.0056977918575285
383.0 0.005304213846102357
384.0 0.0049106358346762136
385.0 0.0047368732339236885
386.0 0.0045631106331711635
387.0 0.004519014328252524
388.0 0.0044749183871317655
389.0 0.004582246401696466
390.0 0.004689574780059047
391.0 0.003949990423279814
392.0 0.0032104067940963432
393.0 0.0037528330722125247
394.0 0.004295259350328706
395.0 0.004103766696061939
396.0 0.003912274041795172
397.0 0.00405616156058386
398.0 0.004200048715574667
399.0 0.004430745684658177
400.0 0.0046614426537416875
401.0 0.004463616278371774
402.0 0.0042657902667997405
403.0 0.004354275006335229
404.0 0.004442759382072836
405.0 0.003626346733653918
406.0 0.0028099340852349997
407.0 0.0031002284231362864
408.0 0.0033905227610375732
409.0 0.0025559833375154994
410.0 0.0017214439139934257
411.0 0.0024788299924694
412.0 0.0032362164347432554
413.0 0.0032203337468672544
414.0 0.0032044506951933727
415.0 0.004030154013889842
416.0 0.00485585696878843
417.0 0.003856997864204459
418.0 0.0028581393053173088
419.0 0.0032675059628672898
420.0 0.0036768720747204497
421.0 0.0039035981899360195
422.0 0.004130323577555828
423.0 0.0040415725379716605
424.0 0.003952821498387493
425.0 0.0032114032364916056
426.0 0.0024699846107978374
427.0 0.002670162393769715
428.0 0.0028703399948426522
429.0 0.0024763094188529067
430.0 0.002082278842863161
431.0 0.0014796218238188885
432.0 0.0008769646228756756
433.0 0.0018768381778500043
434.0 0.0028767113690264523
435.0 0.0029782077035633847
436.0 0.0030797036743024364
437.0 0.002907668567786459
438.0 0.002735633279371541
439.0 0.0024914614186855033
440.0 0.0022472893761005253
441.0 0.0023404827516060323
442.0 0.0024336763090104796
443.0 0.002514090192562435
444.0 0.00259450407611439
445.0 0.0027519641662365757
446.0 0.002909424620156642
447.0 0.0031487310479860753
448.0 0.003388037657714449
449.0 0.0023560665795230307
450.0 0.0013240956832305528
451.0 0.001886230893433094
452.0 0.002448365921736695
453.0 0.001986402457987424
454.0 0.0015244388123392127
455.0 0.0015890216673142277
456.0 0.0016536048860871233
457.0 0.0015419409464811906
458.0 0.0014302768249763176
459.0 0.0020810350179090165
460.0 0.0027317928470438346
461.0 0.0017972908608498983
462.0 0.0008627893294033129
463.0 0.001106859872379573
464.0 0.0013509305063053034
465.0 0.0013035017218498979
466.0 0.0012560731192934327
467.0 0.0012385371519485489
468.0 0.0012210009117552545
469.0 0.0010927672519756015
470.0 0.0009645336831454188
471.0 0.0010617619409458712
472.0 0.0011589902896957938
473.0 0.001079297908290755
474.0 0.0009996057087846566
475.0 0.0013177245818951633
476.0 0.0016358431821572594
477.0 0.0016270621927105822
478.0 0.0016182810213649645
479.0 0.0017046275388565846
480.0 0.0017909744201460853
481.0 0.0015101907592907082
482.0 0.0012294072803342715
483.0 0.0012171356502221897
484.0 0.001204864020110108
485.0 0.001694197089818772
486.0 0.0021835303414263763
487.0 0.0019545501345419325
488.0 0.001725570109556429
489.0 0.0020810022760997526
490.0 0.002436434442643076
491.0 0.0019322838852531277
492.0 0.0014281333278631791
493.0 0.001469279686716618
494.0 0.001510426591266878
495.0 0.001574455018271692
496.0 0.0016384834452765062
497.0 0.001731492557155434
498.0 0.0018245016690343618
499.0 0.0015879400962148793
500.0 0.0013513784324459266
501.0 0.0011470790013845544
502.0 0.0009427798431715928
503.0 0.0011937512681470253
504.0 0.0014447226931224577
505.0 0.0018114269551006146
506.0 0.002178131035179831
507.0 0.0014446128261624835
508.0 0.0007110946626198711
509.0 0.0010450647096149623
510.0 0.0013790348930342589
511.0 0.0013989460967422929
512.0 0.0014188571185513865
513.0 0.0011346763130859472
514.0 0.0008504955076205079
515.0 0.001008380149869481
516.0 0.001166264610219514
517.0 0.0011374868336133659
518.0 0.0011087089660577476
519.0 0.0011898032425960992
520.0 0.0012708976100839209
521.0 0.001108357264456572
522.0 0.000945816827879753
523.0 0.001031783176586032
524.0 0.0011177493433933705
525.0 0.0012274113942112308
526.0 0.0013370732631301507
527.0 0.0013387740182224661
528.0 0.0013404747733147815
529.0 0.0016259644326055422
530.0 0.001911454091896303
531.0 0.0017680087694316171
532.0 0.0016245636288658716
533.0 0.0015457138943020254
534.0 0.0014668640687887091
535.0 0.001282321954931831
536.0 0.0010977798410749529
537.0 0.0013483219845511485
538.0 0.001598864037077874
539.0 0.001396247353113722
540.0 0.0011936304872506298
541.0 0.0010747156920842826
542.0 0.0009558008059684653
543.0 0.000956339317781385
544.0 0.000956877920543775
545.0 0.0012208101907162927
546.0 0.0014847423699393403
547.0 0.001788443660188932
548.0 0.0020921448594890535
549.0 0.0019982420781161636
550.0 0.001904338932945393
551.0 0.001891208921733778
552.0 0.001878079456218984
553.0 0.0021836463929503225
554.0 0.002489213329681661
555.0 0.001981298737518955
556.0 0.0014733842363057192
557.0 0.0012246601727383677
558.0 0.0009759363820194267
559.0 0.0009770446922630072
560.0 0.0009781530025065877
561.0 0.001080134097719565
562.0 0.0011821152838820126
563.0 0.001392129070154624
564.0 0.0016021429473767057
565.0 0.0018721584638115019
566.0 0.002142173980246298
567.0 0.002248763121315278
568.0 0.002355352262384258
569.0 0.002673467679414898
570.0 0.002991583096445538
571.0 0.0027534450055100024
572.0 0.0025153069145744666
573.0 0.002159672112611588
574.0 0.0018040371287497692
575.0 0.0017675047274678946
576.0 0.0017309721442870796
577.0 0.0019610830349847674
578.0 0.002191193743783515
579.0 0.002135509203071706
580.0 0.0020798250261577778
581.0 0.002127162770193536
582.0 0.002174500514229294
583.0 0.0020302264601923525
584.0 0.0018859525880543515
585.0 0.0022113350496510975
586.0 0.002536717693146784
587.0 0.0019983472157036886
588.0 0.0014599768292100634
589.0 0.0013270402632770129
590.0 0.0011941038792429026
591.0 0.0014983793334977236
592.0 0.0018026552424998954
593.0 0.0012216220056870952
594.0 0.0006405890417227056
595.0 0.0008190642802219372
596.0 0.0009975393368222285
597.0 0.000903216096048709
598.0 0.0008088926733762491
599.0 0.0010318398381059524
600.0 0.0012547869118861854
601.0 0.0011866404747706838
602.0 0.001118493946705712
603.0 0.001418615192960715
604.0 0.0017187363482662477
605.0 0.0013703332115255762
606.0 0.0010219304385827854
607.0 0.0011238365004828665
608.0 0.001225742744281888
609.0 0.0012084886293450836
610.0 0.0011912346053577494
611.0 0.0014412455129786395
612.0 0.0016912565115489997
613.0 0.001600582618266344
614.0 0.0015099088159331586
615.0 0.0016225516446866095
616.0 0.0017351945643895306
617.0 0.0015024766071292106
618.0 0.0012697586498688906
619.0 0.0014920070498192217
620.0 0.0017142552678706124
621.0 0.0017555652448209003
622.0 0.001796875221771188
623.0 0.0013348787433642428
624.0 0.0008728821740078274
625.0 0.0010793679393827915
626.0 0.0012858535228588153
627.0 0.0014496168660116382
628.0 0.0016133803001139313
629.0 0.0016350377336493693
630.0 0.0016566953490837477
631.0 0.00210442922252696
632.0 0.002552162914071232
633.0 0.002876579310395755
634.0 0.003200995342922397
635.0 0.005779860293841921
636.0 0.008358724880963564
637.0 0.014785965322516859
638.0 0.021213207219261676
639.0 0.01972870813915506
640.0 0.018244213424623013
641.0 0.015824916772544384
642.0 0.013405621575657278
643.0 0.009665148536441848
644.0 0.005924675497226417
645.0 0.0063783154473640025
646.0 0.0068319546699058264
647.0 0.006572994607267901
648.0 0.006314035272225738
649.0 0.005093266372568905
650.0 0.003872497836709954
651.0 0.0038374080759240314
652.0 0.003802318315138109
653.0 0.0032630658097332343
654.0 0.0027238134862273
655.0 0.002481139927112963
656.0 0.0022384661860996857
657.0 0.0025526991521473974
658.0 0.0028669319362961687
659.0 0.002096317257382907
660.0 0.0013257023965707049
661.0 0.001846596205723472
662.0 0.0023674898329772986
663.0 0.002065994885924738
664.0 0.0017644999388721772
665.0 0.0017316844605375081
666.0 0.001698868982202839
667.0 0.0018145932699553668
668.0 0.001930317739606835
669.0 0.0017066629879991524
670.0 0.0014830080544925295
671.0 0.0016049685655161738
672.0 0.0017269290765398182
673.0 0.001441311997041339
674.0 0.00115569500849233
675.0 0.001131184762925841
676.0 0.0011066744264098816
677.0 0.0012674740901275072
678.0 0.0014282740266935434
679.0 0.0015323590560001321
680.0 0.0016364443581551313
681.0 0.0022305366655928083
682.0 0.0028246291549294256
683.0 0.002773598134808708
684.0 0.0027225665689911693
685.0 0.0024641212803544477
686.0 0.0022056758098187856
687.0 0.0018057287888950668
688.0 0.0014057816770218778
689.0 0.0021327023205230944
690.0 0.0028596226911759004
691.0 0.0023688640794716775
692.0 0.0018781054677674547
693.0 0.001976524254132528
694.0 0.0020749434042954817
695.0 0.0030050729037611745
696.0 0.003935202403226867
697.0 0.004122911559534259
698.0 0.0043106199882458895
699.0 0.005776067337137647
700.0 0.007241515413625166
701.0 0.007191751501522958
702.0 0.007141986134229228
703.0 0.006569804827449843
704.0 0.005997625339659862
705.0 0.005004397098673508
706.0 0.004011169221485034
707.0 0.0036290068237576634
708.0 0.0032468440622324124
709.0 0.0039358776120934635
710.0 0.004624911161954515
711.0 0.004294293103157543
712.0 0.003963675044360571
713.0 0.002895533907576464
714.0 0.0018273927707923576
715.0 0.0021990026652929373
716.0 0.0025706127416924573
717.0 0.001969580080185551
718.0 0.0013685475096281152
719.0 0.0016347543351002969
720.0 0.0019009612515219487
721.0 0.0017435520931030624
722.0 0.001586142934684176
723.0 0.0020932056941092014
724.0 0.002600268453534227
725.0 0.0016187570508918725
726.0 0.0006372456937242532
727.0 0.0008383681233681273
728.0 0.0010394905075372662
729.0 0.0011627833373495378
730.0 0.0012860761671618093
731.0 0.000933928276936058
732.0 0.0005817806140839821
733.0 0.0009326230610895436
734.0 0.0012834657354687806
735.0 0.0016825397324282676
736.0 0.0020816138203372248
737.0 0.0018668848497327417
738.0 0.0016521558791282587
739.0 0.001473384145356249
740.0 0.0012946125025337096
741.0 0.0014730628208781127
742.0 0.001651513230171986
743.0 0.0017182730516651645
744.0 0.0017850328731583431
745.0 0.002020715874095913
746.0 0.0022563992388313636
747.0 0.002335919634788297
748.0 0.0024154400307452306
749.0 0.0029651069780811667
750.0 0.003514773925417103
751.0 0.0028302078135311604
752.0 0.002145641701645218
753.0 0.0024763299734331667
754.0 0.0028070182452211156
755.0 0.00201975508389296
756.0 0.0012324919225648046
757.0 0.0018899678252637386
758.0 0.002547443909861613
759.0 0.0027865873562404886
760.0 0.0030257306207204238
761.0 0.004954236283083446
762.0 0.006882741581648588
763.0 0.006622455111937597
764.0 0.006362168642226607
765.0 0.0052475548727670684
766.0 0.004132940011913888
767.0 0.004165702921454795
768.0 0.004198466558591463
769.0 0.0050350066885584965
770.0 0.005871547546121292
771.0 0.005591971785179339
772.0 0.005312396024237387
773.0 0.004766831261804327
774.0 0.0042212657717755064
775.0 1.5798786974843826e-10
776.0 0.05688971723429859
777.0 1.5798786974843826e-10
778.0 1.5798786974843826e-10
779.0 0.060721003683283925
780.0 0.17589681083336473
781.0 0.06959639140404761
782.0 0.030975390109233558
783.0 0.13557032216340303
784.0 1.5798786974843826e-10
785.0 0.10326369665563107
786.0 0.08814416360110044
787.0 0.052956159925088286
788.0 0.03557506715878844
789.0 0.16271459171548486
790.0 0.06598419859074056
791.0 1.5798786974843826e-10
792.0 1.5798786974843826e-10
793.0 0.08231381652876735
794.0 1.5798786974843826e-10
795.0 0.030995384440757334
796.0 1.5798786974843826e-10
797.0 0.11359212221577764
798.0 0.14021059032529593
799.0 0.16494591254740953
800.0 0.04562039102893323
801.0 0.3895450383424759
802.0 0.5289067514240742
803.0 0.8147393353283405
804.0 1.447802223265171
805.0 2.084423415362835
806.0 3.197503089904785
807.0 4.904761165380478
808.0 6.721244752407074
809.0 9.214115142822266
810.0 12.159855663776398
811.0 15.32135009765625
812.0 18.405498564243317
813.0 21.17100954055786
814.0 23.94951730966568
815.0 27.58336365222931
816.0 31.863874197006226
817.0 37.30744123458862
818.0 42.9155558347702
819.0 48.35083186626434
820.0 56.13011121749878
821.0 63.479429483413696
822.0 69.82472538948059
823.0 75.94075798988342
824.0 81.90162181854248
825.0 86.67396306991577
826.0 90.84969758987427
827.0 94.0531849861145
828.0 96.76598310470581
829.0 98.35311770439148
830.0 98.79178404808044
831.0 99.14268255233765
832.0 98.49811792373657
833.0 99.49454665184021
834.0 98.62084984779358
835.0 99.30224418640137
836.0 99.28334355354309
837.0 99.21008944511414
838.0 98.26248288154602
839.0 98.74856472015381
840.0 99.2702066898346
841.0 99.70444440841675
842.0 99.33741688728333
843.0 100.0666856765747
844.0 98.1570839881897
845.0 98.6345648765564
846.0 99.01015758514404
847.0 98.69436025619507
848.0 100.21413564682007
849.0 98.86805415153503
850.0 98.39578866958618
851.0 99.19862747192383
852.0 99.2714524269104
853.0 98.70682954788208
854.0 99.83881115913391
855.0 98.9437460899353
856.0 98.94317984580994
857.0 98.67110252380371
858.0 98.95830154418945
859.0 99.3337333202362
860.0 98.80933165550232
861.0 98.88758659362793
862.0 98.81154894828796
863.0 98.6769437789917
864.0 99.7671127319336
865.0 99.86793994903564
866.0 99.10158514976501
867.0 99.63904619216919
868.0 99.61559176445007
869.0 98.70849847793579
870.0 97.91901111602783
871.0 98.84258508682251
872.0 99.52831268310547
873.0 99.26212430000305
874.0 99.75156784057617
875.0 99.19483065605164
876.0 99.25267100334167
877.0 99.32913184165955
878.0 99.3230402469635
879.0 98.97084832191467
880.0 98.4856128692627
881.0 100.23725032806396
882.0 99.09189343452454
883.0 99.09049868583679
884.0 99.08950328826904
885.0 99.28165078163147
886.0 98.84966015815735
887.0 99.02594089508057
888.0 98.99604320526123
889.0 99.56765174865723
890.0 98.5777497291565
891.0 99.54867959022522
892.0 99.0987241268158
893.0 98.86673092842102
894.0 98.43244552612305
895.0 99.76314306259155
