lsstCam/transmission_filter_detector/r24_s22/z_20/19700101T000000.ecsv
# %ECSV 1.0
# ---
# datatype:
# - {name: wavelength, unit: nm, datatype: float32}
# - {name: efficiency, unit: '%', datatype: float64}
# meta: !!omap
# - {MODE: DETECTOR}
# - {TYPE: transmission_filter_detector}
# - {CALIBDATE: '1970-01-01T00:00:00'}
# - {INSTRUME: LSSTCam}
# - {OBSTYPE: transmission_filter_detector}
# - {CALIBCLS: lsst.ip.isr.IntermediateFilterDetectorTransmissionCurve}
# - {SOURCE: Materion (DM-46256)}
# - {DETECTOR: 116}
# - {FILTER: z_20}
# - {CALIB_ID: 'calibDate=1970-01-01T00:00:00 filter=z_20 detector=116'}
# - {DATE: '2025-04-02T15:59:49.177141'}
# - {CALIB_CREATION_DATE: '2025-04-02'}
# - {CALIB_CREATION_TIME: '15:59:49'}
# - __serialized_columns__:
#     efficiency:
#       __class__: astropy.units.quantity.Quantity
#       unit: !astropy.units.Unit {unit: '%'}
#       value: !astropy.table.SerializedColumn {name: efficiency}
#     wavelength:
#       __class__: astropy.units.quantity.Quantity
#       unit: !astropy.units.Unit {unit: nm}
#       value: !astropy.table.SerializedColumn {name: wavelength}
# schema: astropy-2.0
wavelength efficiency
[from data line 597]
897.0 99.25308227539062
898.0 98.79356026649475
899.0 98.52364659309387
900.0 98.7028181552887
901.0 99.39786791801453
902.0 99.1937518119812
903.0 98.59423637390137
904.0 97.61134386062622
905.0 98.31084609031677
906.0 97.86580801010132
907.0 98.77662658691406
908.0 98.03237915039062
909.0 98.1632947921753
910.0 98.09689521789551
911.0 96.81724309921265
912.0 95.5991804599762
913.0 94.44670677185059
914.0 92.0032262802124
915.0 89.54032063484192
916.0 87.21360564231873
917.0 86.16933226585388
918.0 82.38828182220459
919.0 81.00935816764832
920.0 77.75354981422424
921.0 73.46968054771423
922.0 68.505859375
923.0 62.52962350845337
924.0 57.129257917404175
925.0 51.22855305671692
926.0 45.000311732292175
927.0 37.644386291503906
928.0 31.511682271957397
929.0 25.57518184185028
930.0 20.070408284664154
931.0 15.064290165901184
932.0 10.065986961126328
933.0 6.28138929605484
934.0 3.9392609149217606
935.0 2.428015135228634
936.0 1.3831824995577335
937.0 0.7343357894569635
938.0 0.4335068166255951
939.0 0.33909224439412355
940.0 0.17274622805416584
941.0 0.22922949865460396
942.0 0.027580835740081966
943.0 0.10537385242059827
944.0 1.7057277899162893e-10
945.0 0.09255626937374473
946.0 1.7057277899162893e-10
947.0 1.7057277899162893e-10
948.0 1.7057277899162893e-10
949.0 0.017068815941456705
950.0 1.7057277899162893e-10
951.0 1.7057277899162893e-10
952.0 1.7057277899162893e-10
953.0 0.030747338314540684
954.0 0.07154120248742402
955.0 1.7057277899162893e-10
956.0 1.7057277899162893e-10
957.0 1.7057277899162893e-10
958.0 1.7057277899162893e-10
959.0 0.07992969476617873
960.0 1.7057277899162893e-10
961.0 0.060144480085000396
962.0 0.026296355645172298
963.0 1.7057277899162893e-10
964.0 1.7057277899162893e-10
965.0 1.7057277899162893e-10
966.0 0.032901563099585474
967.0 1.7057277899162893e-10
968.0 1.7057277899162893e-10
969.0 1.7057277899162893e-10
970.0 1.7057277899162893e-10
971.0 0.004649040783988312
972.0 0.025064669898711145
973.0 1.7057277899162893e-10
974.0 0.01773933763615787
975.0 0.0517214008141309
976.0 0.006157290772534907
977.0 0.006279889930738136
978.0 0.006402489816537127
979.0 0.006073732947697863
980.0 0.005744975715060718
981.0 0.005679763853549957
982.0 0.005614552355837077
983.0 0.005492895070347004
984.0 0.005371238148654811
985.0 0.005214944030740298
986.0 0.005058649185230024
987.0 0.004931896546622738
988.0 0.004805143908015452
989.0 0.004730919681605883
990.0 0.004656695818994194
991.0 0.00467892677988857
992.0 0.004701158104580827
993.0 0.004603721026796848
994.0 0.004506283949012868
995.0 0.00455430599686224
996.0 0.004602328044711612
997.0 0.004470682324608788
998.0 0.004339036604505964
999.0 0.00419860371039249
1000.0 0.004058170088683255
1001.0 0.0041069321014219895
1002.0 0.004155694477958605
1003.0 0.00419643874920439
1004.0 0.004237182656652294
1005.0 0.004227353201713413
1006.0 0.004217523382976651
1007.0 0.004210671613691375
1008.0 0.004203819480608217
1009.0 0.004151168104726821
1010.0 0.004098516365047544
1011.0 0.0042583636968629435
1012.0 0.004418211028678343
1013.0 0.004303058449295349
1014.0 0.004187905506114475
1015.0 0.004277759944670834
1016.0 0.004367614019429311
1017.0 0.004470100975595415
1018.0 0.004572587567963637
1019.0 0.004435698429006152
1020.0 0.004298808926250786
1021.0 0.004329957300797105
1022.0 0.004361105675343424
1023.0 0.004395286305225454
1024.0 0.004429467298905365
1025.0 0.004448965773917735
1026.0 0.004468464248930104
1027.0 0.004516791523201391
1028.0 0.004565119161270559
1029.0 0.004589625677908771
1030.0 0.004614132194546983
1031.0 0.004692690708907321
1032.0 0.0047712492232676595
1033.0 0.004849937613471411
1034.0 0.004928626003675163
1035.0 0.005057495218352415
1036.0 0.0051863644330296665
1037.0 0.0052359202527441084
1038.0 0.005285475344862789
1039.0 0.00536459956492763
1040.0 0.005443723421194591
1041.0 0.005528824112843722
1042.0 0.005613925168290734
1043.0 0.005396273991209455
1044.0 0.005178622814128175
1045.0 0.005646392310154624
1046.0 0.006114161078585312
1047.0 0.0061824568547308445
1048.0 0.006250751903280616
1049.0 0.006205231329659
1050.0 0.0061597085732501
1051.0 0.006374493386829272
1052.0 0.006589277472812682
1053.0 0.006831229256931692
1054.0 0.007073181768646464
1055.0 0.007288162305485457
1056.0 0.007503142842324451
1057.0 0.007541476225014776
1058.0 0.007579811062896624
1059.0 0.007597122748848051
1060.0 0.007614432979607955
1061.0 0.008118851837934926
1062.0 0.00862327215145342
1063.0 0.008805360994301736
1064.0 0.008987451292341575
1065.0 0.00920078091439791
1066.0 0.009414111991645768
1067.0 0.009329765453003347
1068.0 0.009245419641956687
1069.0 0.009908166975947097
1070.0 0.010570914309937507
1071.0 0.010626314178807661
1072.0 0.010681714047677815
1073.0 0.010751511581474915
1074.0 0.010821309115272015
1075.0 0.010769036452984437
1076.0 0.010716763063101098
1077.0 0.011822850501630455
1078.0 0.012928934302181005
1079.0 0.013116213085595518
1080.0 0.013303490413818508
1081.0 0.01343126641586423
1082.0 0.013559043873101473
1083.0 0.014217964780982584
1084.0 0.014876884233672172
1085.0 0.01512284652562812
1086.0 0.015368811727967113
1087.0 0.015346374129876494
1088.0 0.015323940897360444
1089.0 0.016049346595536917
1090.0 0.016774755204096437
1091.0 0.01636203523958102
1092.0 0.015949313819874078
1093.0 0.016887355013750494
1094.0 0.017825394752435386
1095.0 0.018873641965910792
1096.0 0.0199218891793862
1097.0 0.019622869149316102
1098.0 0.019323849119246006
1099.0 0.021047623886261135
1100.0 0.022771394287701696
1101.0 0.023465191770810634
1102.0 0.024158986343536526
1103.0 0.024806903093121946
1104.0 0.025454818387515843
1105.0 0.025522959185764194
1106.0 0.025591105804778636
1107.0 0.02629253431223333
1108.0 0.026993965730071068
1109.0 0.028191864839755
1110.0 0.029389761039055884
1111.0 0.029780922341160476
1112.0 0.030172086553648114
1113.0 0.03099828609265387
1114.0 0.03182448563165963
1115.0 0.03229293506592512
1116.0 0.03276138741057366
1117.0 0.0337741308612749
1118.0 0.034786874311976135
1119.0 0.03608189581427723
1120.0 0.03737691731657833
1121.0 0.03922691976185888
1122.0 0.04107692511752248
1123.0 0.041752474498935044
1124.0 0.042428020969964564
1125.0 0.0428832252509892
1126.0 0.04333843244239688
1127.0 0.046497531002387404
1128.0 0.04965662956237793
1129.0 0.05332641885615885
1130.0 0.056996208149939775
1131.0 0.058460794389247894
1132.0 0.05992538062855601
1133.0 0.06147515960037708
1134.0 0.06302494439296424
1135.0 0.0626335444394499
1136.0 0.06224214448593557
1137.0 0.0683179881889373
1138.0 0.07439383771270514
1139.0 0.07727896445430815
1140.0 0.0801640737336129
1141.0 0.09143317583948374
1142.0 0.1027022604830563
1143.0 0.12634560698643327
1144.0 0.14998894184827805
1145.0 0.2827458083629608
1146.0 0.4155026748776436
1147.0 0.8526252582669258
1148.0 1.289747841656208
1149.0 1.4289394952356815
1150.0 1.5681322664022446
