lsstCam/transmission_filter_detector/r24_s22/z_20/19700101T000000.ecsv
# %ECSV 1.0
# ---
# datatype:
# - {name: wavelength, unit: nm, datatype: float32}
# - {name: efficiency, unit: '%', datatype: float64}
# meta: !!omap
# - {MODE: DETECTOR}
# - {TYPE: transmission_filter_detector}
# - {CALIBDATE: '1970-01-01T00:00:00'}
# - {INSTRUME: LSSTCam}
# - {OBSTYPE: transmission_filter_detector}
# - {CALIBCLS: lsst.ip.isr.IntermediateFilterDetectorTransmissionCurve}
# - {SOURCE: Materion (DM-46256)}
# - {DETECTOR: 116}
# - {FILTER: z_20}
# - {CALIB_ID: 'calibDate=1970-01-01T00:00:00 filter=z_20 detector=116'}
# - {DATE: '2025-04-02T15:59:49.177141'}
# - {CALIB_CREATION_DATE: '2025-04-02'}
# - {CALIB_CREATION_TIME: '15:59:49'}
# - __serialized_columns__:
#     efficiency:
#       __class__: astropy.units.quantity.Quantity
#       unit: !astropy.units.Unit {unit: '%'}
#       value: !astropy.table.SerializedColumn {name: efficiency}
#     wavelength:
#       __class__: astropy.units.quantity.Quantity
#       unit: !astropy.units.Unit {unit: nm}
#       value: !astropy.table.SerializedColumn {name: wavelength}
# schema: astropy-2.0
wavelength efficiency
300.0 0.5334721878170967
301.0 0.40517733432352543
302.0 0.2768825273960829
303.0 0.2623693086206913
304.0 0.24785608984529972
305.0 0.21196193993091583
306.0 0.17606777837499976
307.0 0.16099706990644336
308.0 0.14592636143788695
309.0 0.13669506879523396
310.0 0.12746377615258098
311.0 0.12606208911165595
312.0 0.12466040207073092
313.0 0.11630074586719275
314.0 0.10794110130518675
315.0 0.09982070187106729
316.0 0.09170030243694782
317.0 0.07614825153723359
318.0 0.06059620645828545
319.0 0.06305522983893752
320.0 0.06551425321958959
321.0 0.06229642895050347
322.0 0.05907861050218344
323.0 0.055715913185849786
324.0 0.052353215869516134
325.0 0.04599799867719412
326.0 0.03964277857448906
327.0 0.03831676149275154
328.0 0.03699074441101402
329.0 0.03222527739126235
330.0 0.02745980746112764
331.0 0.027514391695149243
332.0 0.027568975929170847
333.0 0.027594176935963333
334.0 0.02761937794275582
335.0 0.02653694828040898
336.0 0.025454515707679093
337.0 0.024538603611290455
338.0 0.023622684238944203
339.0 0.02032448537647724
340.0 0.017026287969201803
341.0 0.016711548960302025
342.0 0.016396808496210724
343.0 0.015623023500666022
344.0 0.014849242870695889
345.0 0.013269766350276768
346.0 0.011690286919474602
347.0 0.012433389201760292
348.0 0.013176492939237505
349.0 0.01402928464813158
350.0 0.014882073446642607
351.0 0.012931482342537493
352.0 0.010980891966028139
353.0 0.012995206634514034
354.0 0.01500952203059569
355.0 0.012567499652504921
356.0 0.010125477274414152
357.0 0.01053155428962782
358.0 0.010937629849649966
359.0 0.010253022628603503
360.0 0.009568414679961279
361.0 0.008605326729593799
362.0 0.007642240962013602
363.0 0.00796761887613684
364.0 0.008292996062664315
365.0 0.008059423271333799
366.0 0.007825851935194805
367.0 0.007683004514547065
368.0 0.007540157821495086
369.0 0.007978734356584027
370.0 0.008417310164077207
371.0 0.00830183198559098
372.0 0.008186352351913229
373.0 0.0072948954766616225
374.0 0.006403439329005778
375.0 0.006281360401771963
376.0 0.006159280746942386
377.0 0.006833235966041684
378.0 0.007507190457545221
379.0 0.006414847302949056
380.0 0.0053225037845550105
381.0 0.004388519300846383
382.0 0.003454535180935636
383.0 0.004404691935633309
384.0 0.005354849054128863
385.0 0.005283661812427454
386.0 0.0052124745707260445
387.0 0.005178031278774142
388.0 0.005143588350620121
389.0 0.00493063052999787
390.0 0.00471767270937562
391.0 0.004340537270763889
392.0 0.003963401832152158
393.0 0.004308610368752852
394.0 0.004653819269151427
395.0 0.004241522037773393
396.0 0.0038292248063953593
397.0 0.003954287603846751
398.0 0.004079350401298143
399.0 0.004282386362319812
400.0 0.004485423050937243
401.0 0.00462110256194137
402.0 0.004756782072945498
403.0 0.004873477519140579
404.0 0.00499017332913354
405.0 0.0036850906326435506
406.0 0.0023800081180525012
407.0 0.0023551001504529268
408.0 0.002330193092348054
409.0 0.0025873885533655994
410.0 0.0028445843781810254
411.0 0.0031179733923636377
412.0 0.00339136240654625
413.0 0.00360123704012949
414.0 0.003811112037510611
415.0 0.003514437412377447
416.0 0.0032177627872442827
417.0 0.0034481810871511698
418.0 0.003678599387058057
419.0 0.00348093053617049
420.0 0.003283262049080804
421.0 0.0036061173886992037
422.0 0.003928972364519723
423.0 0.0035098619264317676
424.0 0.0030907514883438125
425.0 0.0026439611247042194
426.0 0.0021971707610646263
427.0 0.002063527426798828
428.0 0.0019298840925330296
429.0 0.0017294720237259753
430.0 0.0015290603187168017
431.0 0.001307837010244839
432.0 0.001086613610823406
433.0 0.0013482178474077955
434.0 0.0016098223568405956
435.0 0.0015391286069643684
436.0 0.001468434766138671
437.0 0.00174673659785185
438.0 0.002025038338615559
439.0 0.0022410120436688885
440.0 0.002456985748722218
441.0 0.0023017188141238876
442.0 0.002146451697626617
443.0 0.0026979876565746963
444.0 0.0032495234336238354
445.0 0.003272241519880481
446.0 0.0032949596061371267
447.0 0.0027407153538661078
448.0 0.0021864709196961485
449.0 0.0020401310393936
450.0 0.001893791340989992
451.0 0.0018603528587846085
452.0 0.0018269141946802847
453.0 0.0015349656678154133
454.0 0.0012430170500010718
455.0 0.0016177729776245542
456.0 0.001992528996197507
457.0 0.0016025200238800608
458.0 0.001212511142512085
459.0 0.0017935462892637588
460.0 0.002374581163167022
461.0 0.001570000131323468
462.0 0.0007654191904293839
463.0 0.0011792470104410313
464.0 0.001593074921402149
465.0 0.0017567048416822217
466.0 0.0019203351257601753
467.0 0.0018330632883589715
468.0 0.0017457907233620062
469.0 0.0014953268873796333
470.0 0.0012448627785488497
471.0 0.0010765779734356329
472.0 0.0009082934411708266
473.0 0.001011796575767221
474.0 0.0011152998013130855
475.0 0.0011277212252025492
476.0 0.001140142649092013
477.0 0.0014584543350792956
478.0 0.0017767657482181676
479.0 0.0017307003872701898
480.0 0.001684635026322212
481.0 0.0015232137229759246
482.0 0.0013617925105791073
483.0 0.0010350820048188325
484.0 0.0007083713171596173
485.0 0.0012689191862591542
486.0 0.0018294671463081613
487.0 0.0016312613297486678
488.0 0.0014330559679365251
489.0 0.0017522839698358439
490.0 0.002071512244583573
491.0 0.0019337370758876204
492.0 0.0017959619071916677
493.0 0.0019473138308967464
494.0 0.002098666300298646
495.0 0.001866207821876742
496.0 0.0016337491615558974
497.0 0.0014115174053586088
498.0 0.0011892858310602605
499.0 0.001075788532034494
500.0 0.000962291505857138
501.0 0.001001181772153359
502.0 0.00104007212939905
503.0 0.0013859450518793892
504.0 0.0017318179743597284
505.0 0.0018646152966539375
506.0 0.0019974126189481467
507.0 0.0016899848560569808
508.0 0.0013825570022163447
509.0 0.001684314338490367
510.0 0.0019860717657138593
511.0 0.0018228807675768621
512.0 0.0016596895875409245
513.0 0.0014395304788195062
514.0 0.0012193716429464985
515.0 0.0011696796718752012
516.0 0.0011199878827028442
517.0 0.0011576408724067733
518.0 0.0011952941349591129
519.0 0.0012870331374870148
520.0 0.0013787719581159763
521.0 0.001368383254884975
522.0 0.0013579943697550334
523.0 0.0012981139661860652
524.0 0.0012382334716676269
525.0 0.0010422789273434319
526.0 0.0008463243830192368
527.0 0.0011025787898688577
528.0 0.001358833378617419
529.0 0.0014462123544944916
530.0 0.0015335910575231537
531.0 0.0013295345524966251
532.0 0.0011254778655711561
533.0 0.0009825051165535115
534.0 0.0008395322765863966
535.0 0.0010944411769742146
536.0 0.001349350259260973
537.0 0.001530115150671918
538.0 0.0017108804968302138
539.0 0.0015000628081907053
540.0 0.0012892450286017265
541.0 0.0010489225132914726
542.0 0.0008086000889306888
543.0 0.0010177775038755499
544.0 0.0012269550097698811
545.0 0.0011435805390647147
546.0 0.0010602060683595482
547.0 0.001536968738946598
548.0 0.002013731500483118
549.0 0.0018788621673593298
550.0 0.0017439926523366012
551.0 0.0017332962670479901
552.0 0.001722599881759379
553.0 0.0018329385056858882
554.0 0.0019432767658145167
555.0 0.0015825862647034228
556.0 0.0012218956726428587
557.0 0.001387396241625538
558.0 0.0015528969015576877
559.0 0.001345819873677101
560.0 0.0011387425729481038
561.0 0.0012858519767178223
562.0 0.0014329613804875407
563.0 0.001448959665140137
564.0 0.0014649581316916738
565.0 0.0019169756342307664
566.0 0.002368993045820389
567.0 0.002557672451075632
568.0 0.002746351674431935
569.0 0.0028763899535988458
570.0 0.003006428414664697
571.0 0.002633345138747245
572.0 0.0022602614990319125
573.0 0.0018883232769439928
574.0 0.0015163850548560731
575.0 0.0018039450878859498
576.0 0.0020915047571179457
577.0 0.0019597297068685293
578.0 0.001827954656619113
579.0 0.001987942414416466
580.0 0.0021479303541127592
581.0 0.0019304949091747403
582.0 0.0017130594642367214
583.0 0.0021068230125820264
584.0 0.0025005865609273314
585.0 0.0024986418793560006
586.0 0.00249669737968361
587.0 0.0018093795006279834
588.0 0.0011220614396734163
589.0 0.0015450219507329166
590.0 0.0019679826436913572
591.0 0.0018416652892483398
592.0 0.0017153481167042628
593.0 0.0012476989468268584
594.0 0.0007800499588483945
595.0 0.0010272358849761076
596.0 0.0012744217201543506
597.0 0.0011178173735970631
598.0 0.0009612129360903054
599.0 0.0010780112461361568
600.0 0.0011948095561820082
601.0 0.0011363376870576758
602.0 0.0010778657269838732
603.0 0.0014636004380008671
604.0 0.001849335058068391
605.0 0.0015028408597572707
606.0 0.0011563466614461504
607.0 0.0011960080883000046
608.0 0.0012356697880022693
609.0 0.0012351146324363071
610.0 0.0012345595678198151
611.0 0.001074103420251049
612.0 0.0009136471817328129
613.0 0.0010765786100819241
614.0 0.0012395100384310354
615.0 0.0013237404346000403
616.0 0.0014079708307690453
617.0 0.001625982804398518
618.0 0.0018439946870785207
619.0 0.001774878182914108
620.0 0.0017057616787496954
621.0 0.0016712185242795385
622.0 0.001636675006011501
623.0 0.0015145952602324542
624.0 0.0013925154235039372
625.0 0.0013285827662912197
626.0 0.0012646502000279725
627.0 0.0014959760846977588
628.0 0.0017273021512664855
629.0 0.0018584174540592358
630.0 0.001989532756851986
631.0 0.0021072093659313396
632.0 0.0022248857931117527
633.0 0.002590183612483088
634.0 0.0029554810680565424
635.0 0.005853967013536021
636.0 0.008752452413318679
637.0 0.015567576338071376
638.0 0.022382700990419835
639.0 0.020133948419243097
640.0 0.017885197303257883
641.0 0.015153396816458553
642.0 0.012421596329659224
643.0 0.00945364881772548
644.0 0.006485701305791736
645.0 0.00651029622531496
646.0 0.0065348918724339455
647.0 0.006132333510322496
648.0 0.005729774784413166
649.0 0.004546457785181701
650.0 0.003363140785950236
651.0 0.003539895624271594
652.0 0.0037166500987950712
653.0 0.003130787081317976
654.0 0.0025449237000430003
655.0 0.002468828097335063
656.0 0.0023927324946271256
657.0 0.002533867518650368
658.0 0.002675001996976789
659.0 0.002191888415836729
660.0 0.0017087746527977288
661.0 0.0019993813111796044
662.0 0.0022899876057635993
663.0 0.0019427930965321139
664.0 0.001595598405401688
665.0 0.0017662454411038198
666.0 0.0019368924768059514
667.0 0.0021390438632806763
668.0 0.002341195249755401
669.0 0.0018602526324684732
670.0 0.0013793098332826048
671.0 0.0012070491720805876
672.0 0.0010347886018280406
673.0 0.0012078799954906572
674.0 0.0013809713891532738
675.0 0.0016431717085652053
676.0 0.001905371573229786
677.0 0.0016783676983322948
678.0 0.0014513639143842738
679.0 0.0014022755749465432
680.0 0.0013531872355088126
681.0 0.0015009361959528178
682.0 0.0016486848835484125
683.0 0.0022057069145375863
684.0 0.00276272894552676
685.0 0.0026889523724094033
686.0 0.0026151757992920466
687.0 0.001940186120918952
688.0 0.0012651964425458573
689.0 0.001918185080285184
690.0 0.002571173718024511
691.0 0.0025070539777516387
692.0 0.0024429342374787666
693.0 0.0026068770239362493
694.0 0.0027708199922926724
695.0 0.003091415055678226
696.0 0.0034120101190637797
697.0 0.003946955985156819
698.0 0.004481901851249859
699.0 0.005935385343036614
700.0 0.007388869562419131
701.0 0.007402642222587019
702.0 0.007416415610350668
703.0 0.006348640454234555
704.0 0.0052808638429269195
705.0 0.00466671735921409
706.0 0.00405257087550126
707.0 0.003759821265703067
708.0 0.0034670712921069935
709.0 0.0038847680116305128
710.0 0.004302464731154032
711.0 0.0038354377466021106
712.0 0.00336841112584807
713.0 0.0023982318452908657
714.0 0.0014280523828347214
715.0 0.0020217672499711625
716.0 0.002615481753309723
717.0 0.002039001810771879
718.0 0.0014625216863350943
719.0 0.0015205144336505327
720.0 0.0015785071809659712
721.0 0.0012396797501423862
722.0 0.0009008520464703906
723.0 0.0013923928236181382
724.0 0.001883933691715356
725.0 0.001629870712349657
726.0 0.0013758081877313089
727.0 0.0012715237062366214
728.0 0.0011672390428429935
729.0 0.0014868486687191762
730.0 0.001806458385544829
731.0 0.0013536201549868565
732.0 0.0009007821063278243
733.0 0.001223258823301876
734.0 0.001545735722174868
735.0 0.0016774574760347605
736.0 0.001809179229894653
737.0 0.0016044337826315314
738.0 0.0013996881534694694
739.0 0.0014991379430284724
740.0 0.0015985877325874753
741.0 0.0015264333342202008
742.0 0.0014542787539539859
743.0 0.0018225633539259434
744.0 0.0021908477719989605
745.0 0.0017427564671379514
746.0 0.001294664980378002
747.0 0.0016324191165040247
748.0 0.0019701732526300475
749.0 0.0025775556423468515
750.0 0.0031849380320636556
751.0 0.002813638639054261
752.0 0.0024423390641459264
753.0 0.0028654487323365174
754.0 0.003288558218628168
755.0 0.0023108386812964454
756.0 0.001333119325863663
757.0 0.0018238535631098785
758.0 0.002314587800356094
759.0 0.0024611787011963315
760.0 0.0026077696020365693
761.0 0.004674957745010033
762.0 0.006742146797478199
763.0 0.006482311437139288
764.0 0.006222476076800376
765.0 0.0056401000620098785
766.0 0.005057725502410904
767.0 0.004814019848708995
768.0 0.004570314195007086
769.0 0.004697352051152848
770.0 0.004824390634894371
771.0 0.005012983092456125
772.0 0.005201575913815759
773.0 0.004651387644116767
774.0 0.004101199374417774
775.0 0.008364296081708744
776.0 0.0646663538645953
777.0 1.7057277899162893e-10
778.0 0.0597122882027179
779.0 1.7057277899162893e-10
780.0 1.7057277899162893e-10
781.0 1.7057277899162893e-10
782.0 0.06777410162612796
783.0 1.7057277899162893e-10
784.0 0.008786989928921685
785.0 0.03170165291521698
786.0 0.009945943747879937
787.0 0.00947436856222339
788.0 0.005794265234726481
789.0 0.0958350719884038
790.0 0.057041418040171266
791.0 0.05832610768266022
792.0 1.7057277899162893e-10
793.0 0.02776772016659379
794.0 1.7057277899162893e-10
795.0 0.0322544074151665
796.0 0.14470574678853154
797.0 0.1796351745724678
798.0 0.07229926413856447
799.0 0.18025885801762342
800.0 0.3150454256683588
801.0 0.5952355917543173
802.0 1.2445233762264252
803.0 1.8613995984196663
804.0 3.0748585239052773
805.0 4.560477659106255
806.0 6.567858904600143
807.0 9.070780128240585
808.0 11.686466634273529
809.0 14.774222671985626
810.0 18.2879239320755
811.0 21.368305385112762
812.0 24.859866499900818
813.0 29.060441255569458
814.0 33.37605595588684
815.0 38.72042894363403
816.0 44.528985023498535
817.0 51.397424936294556
818.0 58.21324586868286
819.0 64.7854208946228
820.0 72.57108092308044
821.0 79.44181561470032
822.0 84.41811203956604
823.0 88.53399157524109
824.0 92.43932962417603
825.0 95.49209475517273
826.0 96.88860774040222
827.0 97.86633253097534
828.0 99.23353791236877
829.0 99.179208278656
830.0 98.29776883125305
831.0 98.93157482147217
832.0 98.33131432533264
833.0 99.50153827667236
834.0 98.0250895023346
835.0 98.97614121437073
836.0 98.80510568618774
837.0 99.06327724456787
838.0 97.9110062122345
839.0 98.06545376777649
840.0 98.69189858436584
841.0 99.21044707298279
842.0 99.22016859054565
843.0 99.6366798877716
844.0 98.1165885925293
845.0 98.46286177635193
846.0 98.74268174171448
847.0 98.44549894332886
848.0 99.74104762077332
849.0 98.65134954452515
850.0 98.38129878044128
851.0 99.43661689758301
852.0 99.1647481918335
853.0 98.38733673095703
854.0 99.62965250015259
855.0 98.48053455352783
856.0 98.61621856689453
857.0 97.80863523483276
858.0 98.47598671913147
859.0 98.99717569351196
860.0 98.2809841632843
861.0 98.63491654396057
862.0 99.09316301345825
863.0 98.18584322929382
864.0 99.32025671005249
865.0 99.66458082199097
866.0 98.84535670280457
867.0 99.20570850372314
868.0 99.38187003135681
869.0 98.99973273277283
870.0 98.22791814804077
871.0 99.1110622882843
872.0 99.01832342147827
873.0 99.22086000442505
874.0 99.51167702674866
875.0 99.15750026702881
876.0 98.6959457397461
877.0 99.47532415390015
878.0 98.80601167678833
879.0 98.55546951293945
880.0 98.24970960617065
881.0 99.61128830909729
882.0 98.62955808639526
883.0 98.86934161186218
884.0 99.22054409980774
885.0 99.2122232913971
886.0 98.72545599937439
887.0 98.45404624938965
888.0 98.70595335960388
889.0 99.32602047920227
890.0 98.04445505142212
891.0 99.11630749702454
892.0 98.92523884773254
893.0 98.55810403823853
894.0 98.04558157920837
895.0 99.91468787193298
