lsstCam/transmission_filter_detector/r21_s10/g_6/19700101T000000.ecsv
# %ECSV 1.0
# ---
# datatype:
# - {name: wavelength, unit: nm, datatype: float32}
# - {name: efficiency, unit: '%', datatype: float64}
# meta: !!omap
# - {MODE: DETECTOR}
# - {TYPE: transmission_filter_detector}
# - {CALIBDATE: '1970-01-01T00:00:00'}
# - {INSTRUME: LSSTCam}
# - {OBSTYPE: transmission_filter_detector}
# - {CALIBCLS: lsst.ip.isr.IntermediateFilterDetectorTransmissionCurve}
# - {SOURCE: Materion (DM-46256)}
# - {DETECTOR: 84}
# - {FILTER: g_6}
# - {CALIB_ID: 'calibDate=1970-01-01T00:00:00 filter=g_6 detector=84'}
# - {DATE: '2025-04-02T15:59:42.417254'}
# - {CALIB_CREATION_DATE: '2025-04-02'}
# - {CALIB_CREATION_TIME: '15:59:42'}
# - __serialized_columns__:
#     efficiency:
#       __class__: astropy.units.quantity.Quantity
#       unit: !astropy.units.Unit {unit: '%'}
#       value: !astropy.table.SerializedColumn {name: efficiency}
#     wavelength:
#       __class__: astropy.units.quantity.Quantity
#       unit: !astropy.units.Unit {unit: nm}
#       value: !astropy.table.SerializedColumn {name: wavelength}
# schema: astropy-2.0
wavelength efficiency
[from data line 608]
908.0 0.0004053022621519631
909.0 0.00029407522106339457
910.0 0.00035632579056255054
911.0 0.00041857633732433897
912.0 0.00045681358642468695
913.0 0.0004950507900502998
914.0 0.000449719482276123
915.0 0.0004043881290272111
916.0 0.0003616378762671957
917.0 0.0003188876007698127
918.0 0.00037521629110415233
919.0 0.0004315449587011244
920.0 0.0005064462584414287
921.0 0.0005813475581817329
922.0 0.000615082353760954
923.0 0.0006488171493401751
924.0 0.0005448582214739872
925.0 0.00044089920265832916
926.0 0.0005413722192315618
927.0 0.0006418452812795294
928.0 0.0006110280082793906
929.0 0.0005802107352792518
930.0 0.0005064549441158306
931.0 0.0004326990165282041
932.0 0.000534316677658353
933.0 0.0006359344297379721
934.0 0.0004931674993713386
935.0 0.00035040065995417535
936.0 0.0004429705313668819
937.0 0.0005355404937290587
938.0 0.0006156799372547539
939.0 0.0006958195626793895
940.0 0.0006420188128686277
941.0 0.0005882179721083958
942.0 0.0007293536327779293
943.0 0.0008704892934474628
944.0 0.0008596137377026025
945.0 0.0008487381819577422
946.0 0.0008245113349403255
947.0 0.0008002843969734386
948.0 0.0009642648365115747
949.0 0.0011282454579486512
950.0 0.0010566848686721642
951.0 0.000985124188446207
952.0 0.00103720967672416
953.0 0.0010892949831031729
954.0 0.0009676070476416498
955.0 0.0008459192940790672
956.0 0.0007638152055733372
957.0 0.000681711071592872
958.0 0.0007569495210191235
959.0 0.0008321879249706399
960.0 0.00076056430771132
961.0 0.0006889404176035896
962.0 0.0006739929176546866
963.0 0.0006590452812815784
964.0 0.000630401245871326
965.0 0.0006017570285621332
966.0 0.000610585993854329
967.0 0.0006194149136717897
968.0 0.0006581026809726609
969.0 0.0006967903573240619
970.0 0.0006861467227281537
971.0 0.0006755029971827753
972.0 0.0008174756658263505
973.0 0.0009594484254193958
974.0 0.0009590132322045974
975.0 0.0009585781299392693
976.0 0.0009037525160238147
977.0 0.0008489270840073004
978.0 0.0009068236067832913
979.0 0.0009647203114582226
980.0 0.0010190894499828573
981.0 0.0010734586794569623
982.0 0.0009618041076464579
983.0 0.0008501495358359534
984.0 0.0009690471415524371
985.0 0.0010879447472689208
986.0 0.001148391038441332
987.0 0.001208837147714803
988.0 0.001281758159166202
989.0 0.0013546788068197202
990.0 0.0013689656952919904
991.0 0.0013832524928147905
992.0 0.001331242765445495
993.0 0.0012792330380761996
994.0 0.0013009895155846607
995.0 0.0013227461749920622
996.0 0.0012479643373808358
997.0 0.00117318277261802
998.0 0.0012535080713860225
999.0 0.0013338335520529654
1000.0 0.0012436792530934326
1001.0 0.0011535248631844297
1002.0 0.0012429772141331341
1003.0 0.0013324294741323683
1004.0 0.0012745407730108127
1005.0 0.0012166519809397869
1006.0 0.0014291063052951358
1007.0 0.0016415606296504848
1008.0 0.001620757939235773
1009.0 0.0015999554307200015
1010.0 0.001747980059008114
1011.0 0.0018960046872962266
1012.0 0.002045544533757493
1013.0 0.002195084380218759
1014.0 0.002230789505119901
1015.0 0.0022664948119199835
1016.0 0.0025348250346723944
1017.0 0.0028031552574248053
1018.0 0.002984023558383342
1019.0 0.003164892041240819
1020.0 0.0033514879760332406
1021.0 0.0035380839108256623
1022.0 0.0037156274629523978
1023.0 0.0038931717426748946
1024.0 0.004096694465260953
1025.0 0.0043002175516448915
1026.0 0.004420689219841734
1027.0 0.004541160524240695
1028.0 0.004822426853934303
1029.0 0.005103693183627911
1030.0 0.005055735528003424
1031.0 0.005007777872378938
1032.0 0.0053074880270287395
1033.0 0.00560719781788066
1034.0 0.005650173261528835
1035.0 0.0056931494327727705
1036.0 0.005725166920456104
1037.0 0.005757184044341557
1038.0 0.005949447586317547
1039.0 0.006141710764495656
1040.0 0.006351650517899543
1041.0 0.006561588816111907
1042.0 0.006883060996187851
1043.0 0.007204533176263794
1044.0 0.007431378617184237
1045.0 0.007658223330508918
1046.0 0.008768332190811634
1047.0 0.00987844032351859
1048.0 0.011399814684409648
1049.0 0.012921186862513423
1050.0 0.015315579366870224
1051.0 0.017709970416035503
1052.0 0.021401673438958824
1053.0 0.025093380827456713
1054.0 0.03051492676604539
1055.0 0.035936475615017116
1056.0 0.042773340828716755
1057.0 0.04961020895279944
1058.0 0.05739249172620475
1059.0 0.06517477449961007
1060.0 0.0731086591258645
1061.0 0.08104253793135285
1062.0 0.08874461054801941
1063.0 0.09644664241932333
1064.0 0.10253577493131161
1065.0 0.10862487833946943
1066.0 0.11555845849215984
1067.0 0.12249206192791462
1068.0 0.13039479963481426
1069.0 0.13829757226631045
1070.0 0.14895618660375476
1071.0 0.15961478929966688
1072.0 0.17068558372557163
1073.0 0.1817563665099442
1074.0 0.1933255116455257
1075.0 0.20489466842263937
1076.0 0.2166532212868333
1077.0 0.22841175086796284
1078.0 0.24086905177682638
1079.0 0.2533263061195612
1080.0 0.2708166604861617
1081.0 0.28830699156969786
1082.0 0.3156932070851326
1083.0 0.34307942260056734
1084.0 0.38581115659326315
1085.0 0.42854296043515205
1086.0 0.46478789299726486
1087.0 0.5010328721255064
1088.0 0.5667376331984997
1089.0 0.6324423477053642
1090.0 0.7094412110745907
1091.0 0.7864400744438171
1092.0 0.8205276913940907
1093.0 0.8546151220798492
1094.0 0.8999929763376713
1095.0 0.9453705511987209
1096.0 1.0031442157924175
1097.0 1.0609178803861141
1098.0 1.131563913077116
1099.0 1.2022101320326328
1100.0 1.3820725493133068
1101.0 1.5619348734617233
