lsstCam/transmission_filter_detector/r21_s10/g_6/19700101T000000.ecsv
# %ECSV 1.0
# ---
# datatype:
# - {name: wavelength, unit: nm, datatype: float32}
# - {name: efficiency, unit: '%', datatype: float64}
# meta: !!omap
# - {MODE: DETECTOR}
# - {TYPE: transmission_filter_detector}
# - {CALIBDATE: '1970-01-01T00:00:00'}
# - {INSTRUME: LSSTCam}
# - {OBSTYPE: transmission_filter_detector}
# - {CALIBCLS: lsst.ip.isr.IntermediateFilterDetectorTransmissionCurve}
# - {SOURCE: Materion (DM-46256)}
# - {DETECTOR: 84}
# - {FILTER: g_6}
# - {CALIB_ID: 'calibDate=1970-01-01T00:00:00 filter=g_6 detector=84'}
# - {DATE: '2025-04-02T15:59:42.417254'}
# - {CALIB_CREATION_DATE: '2025-04-02'}
# - {CALIB_CREATION_TIME: '15:59:42'}
# - __serialized_columns__:
#     efficiency:
#       __class__: astropy.units.quantity.Quantity
#       unit: !astropy.units.Unit {unit: '%'}
#       value: !astropy.table.SerializedColumn {name: efficiency}
#     wavelength:
#       __class__: astropy.units.quantity.Quantity
#       unit: !astropy.units.Unit {unit: nm}
#       value: !astropy.table.SerializedColumn {name: wavelength}
# schema: astropy-2.0
wavelength efficiency
300.0 0.442110700532794
301.0 0.34403158351778984
302.0 0.24595244321972132
303.0 0.22238700184971094
304.0 0.1988215371966362
305.0 0.20546268206089735
306.0 0.21210378035902977
307.0 0.21292348392307758
308.0 0.2137431874871254
309.0 0.21446358878165483
310.0 0.21518401335924864
311.0 0.20627155900001526
312.0 0.19735912792384624
313.0 0.19331821240484715
314.0 0.18927728524431586
315.0 0.18523717299103737
316.0 0.18119708402082324
317.0 0.1752585405483842
318.0 0.1693200203590095
319.0 0.16031613340601325
320.0 0.151312246453017
321.0 0.14192218659445643
322.0 0.1325321733020246
323.0 0.11587482877075672
324.0 0.09921749588102102
325.0 0.09014264796860516
326.0 0.08106779423542321
327.0 0.07258171099238098
328.0 0.06409563357010484
329.0 0.06103769992478192
330.0 0.05797977210022509
331.0 0.0536953448317945
332.0 0.04941091756336391
333.0 0.046754651702940464
334.0 0.04409838293213397
335.0 0.04214055079501122
336.0 0.04018271283712238
337.0 0.04077265039086342
338.0 0.041362582123838365
339.0 0.04021534405183047
340.0 0.03906810306943953
341.0 0.03728830779436976
342.0 0.035508512519299984
343.0 0.03228483546990901
344.0 0.029061161330901086
345.0 0.02569072530604899
346.0 0.022320286370813847
347.0 0.020995928207412362
348.0 0.019671570044010878
349.0 0.01804351923055947
350.0 0.7162937428802252
351.0 0.9645347483456135
352.0 0.8236068300902843
353.0 0.9852479211986065
354.0 0.7727168034762144
355.0 0.8448177017271519
356.0 0.6438041105866432
357.0 0.8537598885595798
358.0 0.6254199426621199
359.0 0.8151181042194366
360.0 0.7045094855129719
361.0 0.8428530767560005
362.0 0.5856642499566078
363.0 0.7432918064296246
364.0 0.5796691868454218
365.0 0.7747863885015249
366.0 0.4927968606352806
367.0 0.6639160215854645
368.0 0.3939503338187933
369.0 0.6726272869855165
370.0 0.4728706553578377
371.0 0.6754006259143353
372.0 0.42539616115391254
373.0 0.6061558611690998
374.0 0.38301132153719664
375.0 0.5193219520151615
376.0 0.39693680591881275
377.0 0.5339846946299076
378.0 0.3624840872362256
379.0 0.523826852440834
380.0 0.42843217961490154
381.0 0.5656227935105562
382.0 0.4959620535373688
383.0 0.5089179147034883
384.0 0.6050391588360071
385.0 0.6403660867363214
386.0 0.6156956311315298
387.0 0.7340431679040194
388.0 0.8929590694606304
389.0 1.1935416609048843
390.0 1.6199860721826553
391.0 2.5094736367464066
392.0 4.032883793115616
393.0 6.445790082216263
394.0 9.716304391622543
395.0 14.182545244693756
396.0 19.712160527706146
397.0 26.851370930671692
398.0 35.165587067604065
399.0 44.38413381576538
400.0 53.80023121833801
401.0 62.93441653251648
402.0 71.48062586784363
403.0 78.94967198371887
404.0 84.34932827949524
405.0 88.61033916473389
406.0 91.07748866081238
407.0 92.95918345451355
408.0 94.09155249595642
409.0 94.68713402748108
410.0 94.89811658859253
411.0 94.80493664741516
412.0 94.45565938949585
413.0 94.25240755081177
414.0 94.05542612075806
415.0 94.19357180595398
416.0 94.5646345615387
417.0 94.8244571685791
418.0 95.31749486923218
419.0 95.90863585472107
420.0 96.44299745559692
421.0 97.0211923122406
422.0 97.15630412101746
423.0 97.4143385887146
424.0 97.23815321922302
425.0 97.11254239082336
426.0 97.11151123046875
427.0 97.14421033859253
428.0 96.93486094474792
429.0 96.71308398246765
430.0 96.57375812530518
431.0 96.63534760475159
432.0 96.63528203964233
433.0 96.69491052627563
434.0 96.81181311607361
435.0 96.98172807693481
436.0 97.03842997550964
437.0 97.05032706260681
438.0 97.12240695953369
439.0 97.15582132339478
440.0 97.10942506790161
441.0 97.26145267486572
442.0 97.20926880836487
443.0 97.27221131324768
444.0 97.20052480697632
445.0 96.93007469177246
446.0 96.83436751365662
447.0 96.64928317070007
448.0 96.6718077659607
449.0 96.78676128387451
450.0 97.02286720275879
451.0 97.23068475723267
452.0 97.4287211894989
453.0 97.52642512321472
454.0 97.597736120224
455.0 97.88123369216919
456.0 97.95185327529907
457.0 98.07560443878174
458.0 98.09693098068237
459.0 98.18748831748962
460.0 98.21281433105469
461.0 98.34569692611694
462.0 98.24396967887878
463.0 98.19134473800659
464.0 98.2944905757904
465.0 98.24801683425903
466.0 98.25666546821594
467.0 98.24516773223877
468.0 98.27777147293091
469.0 98.28245043754578
470.0 98.17178249359131
471.0 98.06694984436035
472.0 98.1101393699646
473.0 97.99580574035645
474.0 97.89305329322815
475.0 97.91826009750366
476.0 97.9008674621582
477.0 97.92431592941284
478.0 98.01750183105469
479.0 97.98768758773804
480.0 98.15030097961426
481.0 98.29259514808655
482.0 98.4377920627594
483.0 98.33539724349976
484.0 98.49700927734375
485.0 98.48694205284119
486.0 98.54405522346497
487.0 98.59167337417603
488.0 98.5669195652008
489.0 98.70381951332092
490.0 98.61263036727905
491.0 98.61451983451843
492.0 98.56075048446655
493.0 98.54825139045715
494.0 98.50894808769226
495.0 98.56495261192322
496.0 98.35910201072693
497.0 98.3021080493927
498.0 98.11925292015076
499.0 98.15249443054199
500.0 98.08042645454407
501.0 98.04233312606812
502.0 97.95621037483215
503.0 98.03059101104736
504.0 97.94099926948547
505.0 97.95252084732056
506.0 97.95042276382446
507.0 97.93480038642883
508.0 97.9329764842987
509.0 97.89644479751587
510.0 97.84923195838928
511.0 97.83253073692322
512.0 97.7756142616272
513.0 97.8484034538269
514.0 97.82078266143799
515.0 97.83241748809814
516.0 97.93352484703064
517.0 97.90002703666687
518.0 98.00589680671692
519.0 98.03950786590576
520.0 98.08714389801025
521.0 98.2252299785614
522.0 98.2523262500763
523.0 98.2133150100708
524.0 98.28338623046875
525.0 98.24612736701965
526.0 98.35127592086792
527.0 98.38217496871948
528.0 98.4103798866272
529.0 98.53160381317139
530.0 98.52389097213745
531.0 98.73165488243103
532.0 98.57106804847717
533.0 98.53793978691101
534.0 98.55822324752808
535.0 98.38871359825134
536.0 98.06721806526184
537.0 97.57105112075806
538.0 96.84867858886719
539.0 95.56527733802795
540.0 93.8826858997345
541.0 91.35570526123047
542.0 88.67425918579102
543.0 85.10054349899292
544.0 80.5537760257721
545.0 76.54722929000854
546.0 71.60988450050354
547.0 67.03677177429199
548.0 62.36894130706787
549.0 58.14865827560425
550.0 54.79736328125
551.0 51.592063903808594
552.0 49.13526773452759
553.0 46.61512076854706
554.0 43.80735158920288
555.0 40.71583449840546
556.0 36.62495315074921
557.0 31.869465112686157
558.0 26.5623539686203
559.0 21.2663933634758
560.0 16.044868528842926
561.0 11.155060678720474
562.0 7.29953795671463
563.0 4.381337761878967
564.0 2.453937567770481
565.0 1.214456744492054
566.0 0.6396558601409197
567.0 0.3243749728426337
568.0 0.20476786885410547
569.0 0.1184168504551053
570.0 0.08640082087367773
571.0 0.0628089823294431
572.0 0.06563837523572147
573.0 0.04095406038686633
574.0 0.05175760015845299
575.0 0.03705504641402513
576.0 0.029512649052776396
577.0 0.03000793803948909
578.0 0.033428450115025043
579.0 0.02656824653968215
580.0 0.03319198149256408
581.0 0.0223893832298927
582.0 0.02715056762099266
583.0 0.017914141062647104
584.0 0.022878368326928467
585.0 0.017270112584810704
586.0 0.03165807866025716
587.0 0.01748368376865983
588.0 0.028259094688110054
589.0 0.012873324158135802
590.0 0.01731294032651931
591.0 0.017607337213121355
592.0 0.01675664243521169
593.0 0.018087065836880356
594.0 0.01528463326394558
595.0 0.017414278408978134
596.0 0.015072898531798273
597.0 0.019325423636473715
598.0 0.007326394552364945
599.0 0.006654957542195916
600.0 0.01073277453542687
601.0 0.002145014332199935
602.0 0.002202445102739148
603.0 0.0022598756913794205
604.0 0.0021032659788033925
605.0 0.001946656448126305
606.0 0.002030158975685481
607.0 0.002113661503244657
608.0 0.001906504803628195
609.0 0.001699348104011733
610.0 0.0017863336324808188
611.0 0.0018733191609499045
612.0 0.0018388847820460796
613.0 0.0018044504031422548
614.0 0.0017835796825238504
615.0 0.001762708961905446
616.0 0.0017311551346210763
617.0 0.001699600943538826
618.0 0.0017088426830014214
619.0 0.0017180846043629572
620.0 0.0017037493307725526
621.0 0.0016894144209800288
622.0 0.0016059118934208527
623.0 0.001522409093013266
624.0 0.0014325871234177612
625.0 0.001342765062872786
626.0 0.0013541076441470068
627.0 0.0013654504073201679
628.0 0.0014716283658344764
629.0 0.0015778065062477253
630.0 0.0014528517567669041
631.0 0.0013278967344376724
632.0 0.0012717906429315917
633.0 0.0012156842785771005
634.0 0.0012939168300363235
635.0 0.0013721489267481957
636.0 0.0013872147974325344
637.0 0.001402281122864224
638.0 0.0012024590432702098
639.0 0.0010026370546256658
640.0 0.0010602529073366895
641.0 0.0011178684871993028
642.0 0.0011761480891436804
643.0 0.0012344276001385879
644.0 0.0011796017133747227
645.0 0.0011247758266108576
646.0 0.0011734211511793546
647.0 0.0012220663847983815
648.0 0.0011555771379789803
649.0 0.0010890877092606388
650.0 0.0011798868399637286
651.0 0.001270685788767878
652.0 0.0012055902516294736
653.0 0.0011404948054405395
654.0 0.0011234435987717006
655.0 0.0011063926649512723
656.0 0.0011392016858735587
657.0 0.0011720108886947855
658.0 0.0010780084267025813
659.0 0.0009840062375587877
660.0 0.000937188360694563
661.0 0.0008903704838303383
662.0 0.00104838763945736
663.0 0.0012064051588822622
664.0 0.0012854438864451367
665.0 0.0013644823411596008
666.0 0.0012224789315951057
667.0 0.0010804752491822
668.0 0.0011620895747910254
669.0 0.001243704082298791
670.0 0.0011744417861336842
671.0 0.0011051794899685774
672.0 0.0010438049685035367
673.0 0.0009824303560890257
674.0 0.0010184867278439924
675.0 0.001054543008649489
676.0 0.0010989501788571943
677.0 0.001143356985267019
678.0 0.0011075270776927937
679.0 0.0010716972610680386
680.0 0.0010385077075625304
681.0 0.0010053182450064924
682.0 0.0010358307918068022
683.0 0.0010663431567081716
684.0 0.0009722446520754602
685.0 0.0008781459655438084
686.0 0.0009491714990872424
687.0 0.0010201969416812062
688.0 0.001060588692780584
689.0 0.0011009802619810216
690.0 0.0010725655556598213
691.0 0.001044150849338621
692.0 0.0010359109182900283
693.0 0.0010276708053424954
694.0 0.0010499315976630896
695.0 0.001072192480933154
696.0 0.001104304647014942
697.0 0.0011364166311977897
698.0 0.0011615416951826774
699.0 0.0011866666682180949
700.0 0.0011428814104874618
701.0 0.001099096243706299
702.0 0.0011207538591406774
703.0 0.0011424113836255856
704.0 0.0011381232980056666
705.0 0.0011338351214362774
706.0 0.0011122453543066513
707.0 0.0010906557690759655
708.0 0.0011012642971763853
709.0 0.0011118729162262753
710.0 0.001262354817299638
711.0 0.001412836900271941
712.0 0.0012899091416329611
713.0 0.0011669815648929216
714.0 0.0011951861779380124
715.0 0.0012233910638315137
716.0 0.0014394183381227776
717.0 0.0016554457033635117
718.0 0.001895640161819756
719.0 0.0021358346202760004
720.0 0.0018367896700510755
721.0 0.0015377445379272103
722.0 0.0015600166079821065
723.0 0.001582288859935943
724.0 0.0017081503756344318
725.0 0.0018340118913329206
726.0 0.0019120161596219987
727.0 0.0019900202460121363
728.0 0.0021072877643746324
729.0 0.002224555464636069
730.0 0.002183957076340448
731.0 0.0021433586880448274
732.0 0.0019431801774771884
733.0 0.0017430018488084897
734.0 0.0014863136129861232
735.0 0.001229625559062697
736.0 0.0011744858966267202
737.0 0.0011193462341907434
738.0 0.0010710923561418895
739.0 0.0010228384780930355
740.0 0.0008800846444501076
741.0 0.0007373306289082393
742.0 0.0008036253348109312
743.0 0.0008699202226125635
744.0 0.0008918285857362207
745.0 0.0009137372217082884
746.0 0.0008683485248184297
747.0 0.0008229599188780412
748.0 0.0009731398677104153
749.0 0.0011233198165427893
750.0 0.0009993918865802698
751.0 0.0008754643204156309
752.0 0.0009058583600562997
753.0 0.0009362523996969685
754.0 0.0009049352229340002
755.0 0.0008736179552215617
756.0 0.0008948644790507387
757.0 0.0009161110028799158
758.0 0.0008455846909782849
759.0 0.0007750583790766541
760.0 0.0007094849934219383
761.0 0.0006439114258682821
762.0 0.0006536806267831707
763.0 0.0006634497822233243
764.0 0.0007809358066879213
765.0 0.0008984220585261937
766.0 0.0007369361355813453
767.0 0.0005754501216870267
768.0 0.000567490724279196
769.0 0.0005595312359218951
770.0 0.0004998983968107495
771.0 0.0004402654667501338
772.0 0.0005852614322066074
773.0 0.000730257352188346
774.0 0.0007457354968209984
775.0 0.0007612136869283859
776.0 0.0007685226592002437
777.0 0.0007758316314721014
778.0 0.0007461027962563094
779.0 0.0007163740519899875
780.0 0.0006291279532888439
781.0 0.000541881718163495
782.0 0.0005708575827156892
783.0 0.0005998333108436782
784.0 0.0006656788627878996
785.0 0.0007315243692573858
786.0 0.0006718442364217481
787.0 0.0006121642400103156
788.0 0.0004902625732938759
789.0 0.00036836099752690643
790.0 0.0004027932845929172
791.0 0.00043722561713366304
792.0 0.00032484722396475263
793.0 0.00021246885353320977
794.0 0.0003171470098095597
795.0 0.00042182514334854204
796.0 0.00048192291615123395
797.0 0.0005420206434791908
798.0 0.00048457927732670214
799.0 0.0004271379111742135
800.0 0.00046175609895726666
801.0 0.0004963743322150549
802.0 0.00042618689803930465
803.0 0.00035599944112618687
804.0 0.0003270944262112607
805.0 0.00029818945677106967
806.0 0.0003726889872268657
807.0 0.0004471885858947644
808.0 0.0004903525677946163
809.0 0.0005335164587449981
810.0 0.00048133688324014656
811.0 0.00042915726226055995
812.0 0.00041176735976478085
813.0 0.0003943773663195316
814.0 0.00037320023693609983
815.0 0.0003520231075526681
816.0 0.00042210231185890734
817.0 0.0004921814706904115
818.0 0.0003857739102386404
819.0 0.0002793663725242368
820.0 0.00038711468732799403
821.0 0.0004948629339196486
822.0 0.0005333592525857966
823.0 0.0005718554803024745
824.0 0.0005260858415567782
825.0 0.0004803161118616117
826.0 0.0005865023467777064
827.0 0.000692688536219066
828.0 0.0005767202765127877
829.0 0.00046075201680650935
830.0 0.0004561051355267409
831.0 0.0004514582542469725
832.0 0.0006190727617649827
833.0 0.0007866871783335228
834.0 0.0005644444627250778
835.0 0.0003422017243792652
836.0 0.00048118081394932233
837.0 0.0006201600172062172
838.0 0.0005504628006747225
839.0 0.000480765629617963
840.0 0.0004993212314730044
841.0 0.0005178766969038406
842.0 0.0004461015123524703
843.0 0.00037432625958899735
844.0 0.0003674486151794554
845.0 0.00036057103898201603
846.0 0.00047791040742595214
847.0 0.0005952498213446233
848.0 0.0004987045485904673
849.0 0.00040215932131104637
850.0 0.0004476897629501764
851.0 0.0004932202045893064
852.0 0.0004040261501359055
853.0 0.00031483191378356423
854.0 0.00047698963498987723
855.0 0.00063914726524672
856.0 0.0006074528300814563
857.0 0.0005757584858656628
858.0 0.000612098301644437
859.0 0.0006484381174232112
860.0 0.0005858669737790478
861.0 0.0005232958301348845
862.0 0.000536604102308047
863.0 0.0005499124199559446
864.0 0.0004851021003560163
865.0 0.0004202917352813529
866.0 0.0005209985374676762
867.0 0.0006217053396539995
868.0 0.0006013432994222967
869.0 0.0005809812591905938
870.0 0.0005345520094124367
871.0 0.00048812266868480947
872.0 0.0004364498636277858
873.0 0.0003847768766718218
874.0 0.00042589604163367767
875.0 0.00046701516112079844
876.0 0.0005369274731492624
877.0 0.0006068397397029912
878.0 0.0006266062882787082
879.0 0.0006463727913796902
880.0 0.0007457161700585857
881.0 0.0008450598215858918
882.0 0.0006028806183167035
883.0 0.00036070155147172045
884.0 0.0004991719379177084
885.0 0.0006376424607879017
886.0 0.0006476610906247515
887.0 0.0006576798568858067
888.0 0.000721104606782319
889.0 0.0007845293112040963
890.0 0.0006726271294610342
891.0 0.000560724902243237
892.0 0.0005578032414632617
893.0 0.0005548817171074916
894.0 0.0004596691724145785
895.0 0.0003644566731964005
896.0 0.0003017735252797138
897.0 0.00023909040010039462
898.0 0.0003334246002850705
899.0 0.0004277588232071139
900.0 0.0004157177045271965
901.0 0.00040367658584727906
902.0 0.00043996674321533646
903.0 0.0004762568551086588
904.0 0.00037126919778529555
905.0 0.0002662814722498297
906.0 0.00039140545595728327
