lsstCam/transmission_filter_detector/r23_s20/r_57/19700101T000000.ecsv
# %ECSV 1.0
# ---
# datatype:
# - {name: wavelength, unit: nm, datatype: float32}
# - {name: efficiency, unit: '%', datatype: float64}
# meta: !!omap
# - {MODE: DETECTOR}
# - {TYPE: transmission_filter_detector}
# - {CALIBDATE: '1970-01-01T00:00:00'}
# - {INSTRUME: LSSTCam}
# - {OBSTYPE: transmission_filter_detector}
# - {CALIBCLS: lsst.ip.isr.IntermediateFilterDetectorTransmissionCurve}
# - {SOURCE: Materion (DM-46256)}
# - {DETECTOR: 105}
# - {FILTER: r_57}
# - {CALIB_ID: 'calibDate=1970-01-01T00:00:00 filter=r_57 detector=105'}
# - {DATE: '2025-04-02T15:59:44.668891'}
# - {CALIB_CREATION_DATE: '2025-04-02'}
# - {CALIB_CREATION_TIME: '15:59:44'}
# - __serialized_columns__:
#     efficiency:
#       __class__: astropy.units.quantity.Quantity
#       unit: !astropy.units.Unit {unit: '%'}
#       value: !astropy.table.SerializedColumn {name: efficiency}
#     wavelength:
#       __class__: astropy.units.quantity.Quantity
#       unit: !astropy.units.Unit {unit: nm}
#       value: !astropy.table.SerializedColumn {name: wavelength}
# schema: astropy-2.0
wavelength efficiency
300.0 0.001650210288062226
301.0 0.00415568174503278
302.0 0.006661153020104393
303.0 0.008872819307725877
304.0 0.011084487050538883
305.0 0.010479415504960343
306.0 0.009874343959381804
307.0 0.008409037400269881
308.0 0.0069437301135621965
309.0 0.006282710091909394
310.0 0.005621691525448114
311.0 0.005317790055414662
312.0 0.00501388858538121
313.0 0.004528886347543448
314.0 0.004043883382109925
315.0 0.0037535115552600473
316.0 0.0034631371818250045
317.0 0.003490358722046949
318.0 0.0035175788070773706
319.0 0.0031340299756266177
320.0 0.0027504815079737455
321.0 0.002925904846051708
322.0 0.0031013281841296703
323.0 0.0025460374672547914
324.0 0.0019907456589862704
325.0 0.0018710057702264749
326.0 0.00175126624526456
327.0 0.001988384065043647
328.0 0.0022255022486206144
329.0 0.002320222120033577
330.0 0.0024149418095475994
331.0 0.002256178231618833
332.0 0.002097414471791126
333.0 0.0018793161871144548
334.0 0.0016612180843367241
335.0 0.0014459386875387281
336.0 0.001230659199791262
337.0 0.001186234294436872
338.0 0.0011418095709814224
339.0 0.001051875005941838
340.0 0.0009619405318517238
341.0 0.0008909654752642382
342.0 0.0008199903277272824
343.0 0.000771852683101315
344.0 0.0007237149475258775
345.0 0.0006873327947687358
346.0 0.0006509507784357993
347.0 0.0006610999207623536
348.0 0.0006712490176141728
349.0 0.000669892779114889
350.0 0.00373806688003242
351.0 0.004819183959625661
352.0 0.005900300675421022
353.0 0.005805717592011206
354.0 0.00571113450860139
355.0 0.004501145303947851
356.0 0.0032911568268900737
357.0 0.0039889084291644394
358.0 0.004686660395236686
359.0 0.004227952376822941
360.0 0.0037692436308134347
361.0 0.002980391036544461
362.0 0.0021915386241744272
363.0 0.002543285154388286
364.0 0.002895031684602145
365.0 0.0024890519853215665
366.0 0.002083072467939928
367.0 0.002324504566786345
368.0 0.0025659363018348813
369.0 0.002559064159868285
370.0 0.0025521912903059274
371.0 0.002414791379123926
372.0 0.002277391467941925
373.0 0.0022369275029632263
374.0 0.002196463174186647
375.0 0.00163442764460342
376.0 0.0010723921150201932
377.0 0.0012045437870256137
378.0 0.0013366955499805044
379.0 0.00150560554175172
380.0 0.0016745159882702865
381.0 0.0021346224457374774
382.0 0.0025947290851036087
383.0 0.0031078765459824353
384.0 0.0036210236430633813
385.0 0.004327939677750692
386.0 0.0050348553486401215
387.0 0.0045472392230294645
388.0 0.004059623461216688
389.0 0.0035627737815957516
390.0 0.0030659233743790537
391.0 0.0024062024749582633
392.0 0.0017464817574364133
393.0 0.0015966703358571976
394.0 0.0014468587323790416
395.0 0.0011137650290038437
396.0 0.0007806712346791755
397.0 0.0008105997949314769
398.0 0.0008405285370827187
399.0 0.0008118991900118999
400.0 0.0007832695700926706
401.0 0.0004723563961306354
402.0 0.00016144290384545457
403.0 0.0002765660156001104
404.0 0.0003916892183042364
405.0 0.0008023945156310219
406.0 0.0012130997674830724
407.0 0.0014568087863153778
408.0 0.0017005175322992727
409.0 0.0012066450835845899
410.0 0.0007127726803446421
411.0 0.0008288746357720811
412.0 0.0009449767276237253
413.0 0.0011248928785789758
414.0 0.0013048093023826368
415.0 0.0013800176020595245
416.0 0.0014552261745848227
417.0 0.0015204173905658536
418.0 0.0015856086974963546
419.0 0.0020958281311322935
420.0 0.0026060472009703517
421.0 0.0038716065319022164
422.0 0.0051371654990362
423.0 0.008115218952298164
424.0 0.011093272041762248
425.0 0.014726707013323903
426.0 0.018360141257289797
427.0 0.01902421790873632
428.0 0.019688297470565885
429.0 0.015362426347564906
430.0 0.011036553769372404
431.0 0.007680297858314589
432.0 0.004324041947256774
433.0 0.0034583434171508998
434.0 0.0025926447051460855
435.0 0.002104501618305221
436.0 0.0016163587133632973
437.0 0.0011895725947397295
438.0 0.0007627867944393074
439.0 0.0007568664386781165
440.0 0.0007509461738663958
441.0 0.0009053561370819807
442.0 0.0010597662367217708
443.0 0.0014614187421102542
444.0 0.0018630711565492675
445.0 0.001757573954819236
446.0 0.0016520767530892044
447.0 0.0015245910617522895
448.0 0.0013971056432637852
449.0 0.001349667309114011
450.0 0.0013022286111663561
451.0 0.0013348756510822568
452.0 0.0013675225090992171
453.0 0.0014877397916279733
454.0 0.0016079569832072593
455.0 0.0014117795217316598
456.0 0.0012156023331044707
457.0 0.0008883204827725422
458.0 0.0005610384505416732
459.0 0.0008100456398096867
460.0 0.0010590528290777002
461.0 0.0015312294635805301
462.0 0.0020034061890328303
463.0 0.002703130121517461
464.0 0.0034028540540020913
465.0 0.004342636384535581
466.0 0.00528241835127119
467.0 0.005915918882237747
468.0 0.006549419049406424
469.0 0.00570620977669023
470.0 0.004863000867771916
471.0 0.00366317544830963
472.0 0.0024633500288473442
473.0 0.001904577948153019
474.0 0.0013458052308124024
475.0 0.0010064551133837085
476.0 0.0006671050869044848
477.0 0.0006855043920950266
478.0 0.0007039036518108333
479.0 0.0007581558747915551
480.0 0.0008124080522975419
481.0 0.0006280699381022714
482.0 0.0004437320058059413
483.0 0.000535959770786576
484.0 0.0006281875812419457
485.0 0.0006371598828991409
486.0 0.0006461321845563361
487.0 0.0004809330221178243
488.0 0.0003157339278914151
489.0 0.0004547874141280772
490.0 0.0005938409231021069
491.0 0.0006791701252950588
492.0 0.0007644994184374809
493.0 0.0008756694114708807
494.0 0.0009868394954537507
495.0 0.0009407924153492786
496.0 0.0008947452442953363
497.0 0.0010496741197130177
498.0 0.0012046030860801693
499.0 0.0012352131307125092
500.0 0.0012658233572437894
501.0 0.0012841329407820012
502.0 0.001302442433370743
503.0 0.0016900698028621264
504.0 0.00207769717235351
505.0 0.002528940785850864
506.0 0.002980184399348218
507.0 0.003615205059759319
508.0 0.00425022590206936
509.0 0.0047029276174725965
510.0 0.005155629696673714
511.0 0.004739170253742486
512.0 0.004322710810811259
513.0 0.003694653423735872
514.0 0.003066596036660485
515.0 0.002846596726158168
516.0 0.002626597233756911
517.0 0.0025864384952001274
518.0 0.0025462792109465227
519.0 0.02574688696768135
520.0 0.04786346689797938
521.0 0.11097120586782694
522.0 0.08387800771743059
523.0 0.07073272136040032
524.0 0.14386585680767894
525.0 0.04194623325020075
526.0 0.1408382086083293
527.0 0.13590952148661017
528.0 0.1517048804089427
529.0 0.12188764521852136
530.0 0.15333931660279632
531.0 0.17864465480670333
532.0 0.22137837950140238
533.0 0.24539637379348278
534.0 0.3313478780910373
535.0 0.3383818781003356
536.0 0.4784866236150265
537.0 0.6807724945247173
538.0 1.0040029883384705
539.0 1.5688128769397736
540.0 2.394619956612587
541.0 3.783845901489258
542.0 5.655403062701225
543.0 8.241400122642517
544.0 11.348067224025726
545.0 15.054351091384888
546.0 19.35703158378601
547.0 24.786846339702606
548.0 31.78613781929016
549.0 39.41051363945007
550.0 46.45717740058899
551.0 54.47194576263428
552.0 60.9147846698761
553.0 66.64517521858215
554.0 71.50766849517822
555.0 75.97460150718689
556.0 79.96993660926819
557.0 83.07051658630371
558.0 86.31643056869507
559.0 89.87771272659302
560.0 90.95666408538818
561.0 93.40128898620605
562.0 94.23161149024963
563.0 94.20755505561829
564.0 95.10307908058167
565.0 94.5404052734375
566.0 95.38211822509766
567.0 94.69676613807678
568.0 95.15565037727356
569.0 95.97144722938538
570.0 95.12341022491455
571.0 96.26895785331726
572.0 95.93692421913147
573.0 96.13786935806274
574.0 96.30065560340881
575.0 96.27388119697571
576.0 96.55601978302002
577.0 96.51772975921631
578.0 96.56844735145569
579.0 96.1982786655426
580.0 95.87026238441467
581.0 95.72214484214783
582.0 96.42165303230286
583.0 96.0030198097229
584.0 95.79633474349976
585.0 95.63162326812744
586.0 96.1864709854126
587.0 95.70045471191406
588.0 95.99111080169678
589.0 96.78460359573364
590.0 96.02718949317932
591.0 95.44544816017151
592.0 95.55451273918152
593.0 95.1772928237915
594.0 95.34112811088562
595.0 96.05923295021057
596.0 96.48159742355347
597.0 96.71351313591003
598.0 96.4043378829956
599.0 95.94610333442688
600.0 96.20612859725952
601.0 95.50815224647522
602.0 96.13103866577148
603.0 96.09101414680481
604.0 95.85764408111572
605.0 96.31260633468628
606.0 95.67868709564209
607.0 95.9223985671997
608.0 95.85354328155518
609.0 94.75733041763306
610.0 95.35965919494629
611.0 95.21356225013733
612.0 95.65449953079224
613.0 96.41045331954956
614.0 96.33602499961853
615.0 95.68564295768738
616.0 95.87529301643372
617.0 95.90290188789368
618.0 95.76456546783447
619.0 96.29634022712708
620.0 95.68611979484558
621.0 95.37246823310852
622.0 96.10200524330139
623.0 96.08739614486694
624.0 95.82156538963318
625.0 96.25270962715149
626.0 95.54155468940735
627.0 94.54050660133362
628.0 96.61778807640076
629.0 94.6765124797821
630.0 95.78105807304382
631.0 95.41769623756409
632.0 96.25869393348694
633.0 95.9479808807373
634.0 95.37232518196106
635.0 95.56630849838257
636.0 95.48010230064392
637.0 95.04676461219788
638.0 94.84980702400208
639.0 95.1486885547638
640.0 95.14148831367493
641.0 95.0212299823761
642.0 95.51049470901489
643.0 95.35642266273499
644.0 95.14932036399841
645.0 95.63530087471008
646.0 95.62281966209412
647.0 96.33371233940125
648.0 95.69593071937561
649.0 95.0840413570404
650.0 95.76049447059631
651.0 95.99417448043823
652.0 96.04946970939636
653.0 95.33669948577881
654.0 95.76100707054138
655.0 95.98979949951172
656.0 95.1495110988617
657.0 95.54983377456665
658.0 95.83126306533813
659.0 95.84181308746338
660.0 94.81120109558105
661.0 95.04344463348389
662.0 95.35779356956482
663.0 95.5610990524292
664.0 95.2189564704895
665.0 95.07616758346558
666.0 94.89006400108337
667.0 95.28847932815552
668.0 94.69547867774963
669.0 95.42001485824585
670.0 95.31480669975281
671.0 95.198655128479
672.0 95.05566358566284
673.0 95.00430822372437
674.0 94.38504576683044
675.0 94.92976665496826
676.0 94.37662363052368
677.0 93.47378015518188
678.0 92.73496270179749
679.0 91.8600857257843
680.0 91.00918769836426
681.0 89.73054885864258
682.0 87.47999668121338
683.0 84.81459617614746
684.0 80.91274499893188
685.0 77.39877104759216
686.0 73.2251226902008
687.0 68.44201683998108
688.0 63.85548114776611
689.0 59.416645765304565
690.0 54.12459969520569
691.0 49.65946078300476
692.0 45.05983889102936
693.0 40.74856638908386
694.0 35.886016488075256
695.0 30.929571390151978
696.0 25.813430547714233
697.0 21.03240191936493
698.0 15.432511270046234
699.0 11.205337196588516
700.0 7.841962575912476
701.0 5.007613450288773
702.0 3.16297709941864
703.0 1.8117692321538925
704.0 1.0403424501419067
705.0 0.6157658994197845
706.0 0.4074558615684509
707.0 0.2673103706911206
708.0 0.16385706840083003
709.0 0.16658217646181583
710.0 0.08461832767352462
711.0 0.12619741028174758
712.0 0.09611460263840854
713.0 0.06714691407978535
714.0 0.08271418628282845
715.0 0.05593925016000867
716.0 0.07882899371907115
717.0 0.014701118925586343
718.0 0.0925161992199719
719.0 0.07981894887052476
720.0 1.5744064038591965e-10
721.0 0.004580874883686192
722.0 0.004236743552610278
723.0 0.003892612221534364
724.0 0.0036827565054409206
725.0 0.003472901153145358
726.0 0.0031863466574577615
727.0 0.0028997925255680457
728.0 0.0027860322006745264
729.0 0.0026722720576799475
730.0 0.002511205639166292
731.0 0.0023501394025515765
732.0 0.0022981621441431344
733.0 0.002246184885734692
734.0 0.0021518615540117025
735.0 0.0020575380403897725
736.0 0.0018806935258908197
737.0 0.001703849011391867
738.0 0.001670120946073439
739.0 0.0016363926988560706
740.0 0.0015823959984118119
741.0 0.0015283996617654338
742.0 0.0014486234249488916
743.0 0.0013688470971828792
744.0 0.0014701301552122459
745.0 0.001571412940393202
746.0 0.001417933435732266
747.0 0.0012644539310713299
748.0 0.0012258431524969637
749.0 0.0011872324648720678
750.0 0.0011603679013205692
751.0 0.001133503519668011
752.0 0.0011803611414507031
753.0 0.0012272186722839251
754.0 0.0012358304047666024
755.0 0.0012444424100976903
756.0 0.0010941733307845425
757.0 0.0009439041605219245
758.0 0.0009837921425059903
759.0 0.001023680033540586
760.0 0.0009558032616041601
761.0 0.0008879264896677341
762.0 0.0009378393770020921
763.0 0.0009877524462353904
764.0 0.001032345971907489
765.0 0.0010769395885290578
766.0 0.0008915723810787313
767.0 0.0007062050826789346
768.0 0.0006787406164221466
769.0 0.0006512759227916831
770.0 0.0006369360562530346
771.0 0.0006225963261385914
772.0 0.0006689811471005669
773.0 0.0007153657406888669
774.0 0.0008446346328128129
775.0 0.0009739034794620238
776.0 0.0010003150237025693
777.0 0.0010267268407915253
778.0 0.0008845926458889153
779.0 0.0007424586783599807
780.0 0.000717274087946862
781.0 0.0006920897249074187
782.0 0.000742018664823263
783.0 0.0007919477866380475
784.0 0.0007561395250377245
785.0 0.0007203312179626664
786.0 0.0007899224328866694
787.0 0.0008595136023359373
788.0 0.0006901405413373141
789.0 0.0005207674348639557
790.0 0.0006234629836399108
791.0 0.0007261586233653361
792.0 0.0007619899406563491
793.0 0.0007978212124726269
794.0 0.0008095997145574074
795.0 0.0008213783075916581
796.0 0.0006694537660223432
797.0 0.0005175292244530283
798.0 0.0006754494279448409
799.0 0.0008333697223861236
800.0 0.0008427342436334584
801.0 0.0008520984920323826
802.0 0.0008244973287219182
803.0 0.0007968961654114537
804.0 0.0007153484602895333
805.0 0.000633800846117083
806.0 0.0006663476142421132
807.0 0.0006988942914176732
808.0 0.0006720363671774976
809.0 0.0006451783065131167
810.0 0.0006415903953893576
811.0 0.0006380023933161283
812.0 0.0006192258751980262
813.0 0.0006004492661304539
814.0 0.0005179944309929851
815.0 0.00043553964133025147
816.0 0.0005409207005868666
817.0 0.0006463019417424221
818.0 0.0006038862011337187
819.0 0.0005614703695755452
820.0 0.0005233354386291467
821.0 0.00048520055315748323
822.0 0.0005486765985551756
823.0 0.000612152689427603
824.0 0.0005310849246598082
825.0 0.00045001697799307294
826.0 0.0005025313839723822
827.0 0.0005550457444769563
828.0 0.0004903512490272988
829.0 0.0004256567990523763
830.0 0.0001849381305873976
831.0 1.5744064038591965e-10
832.0 1.5744064038591965e-10
833.0 1.5744064038591965e-10
834.0 1.5744064038591965e-10
835.0 8.626865906080639e-05
836.0 0.00019307426555315033
837.0 0.00029987991183588747
838.0 0.0006851625130366301
839.0 0.0010704451597121079
840.0 0.0014045101124793291
841.0 0.0017385751561960205
842.0 0.0019914643416996114
843.0 0.0022443537091021426
844.0 0.002139944990631193
845.0 0.0020355364540591836
846.0 0.001788474946806673
847.0 0.001541413257655222
848.0 0.0014627750715590082
849.0 0.0013841365216649137
850.0 0.0012959681043867022
851.0 0.0012077996871084906
852.0 0.0011631093002506532
853.0 0.0011184189133928157
854.0 0.0009505753041594289
855.0 0.0007827314220776316
856.0 0.0006138172011560528
857.0 0.0004449027983355336
858.0 0.00048624860937707126
859.0 0.0005275944204186089
860.0 0.00042812662286451086
861.0 0.0003286588253104128
862.0 0.0003910379746230319
863.0 0.0004534171694103861
864.0 0.00024314113034051843
865.0 3.286515948275337e-05
866.0 2.134588044100383e-05
867.0 9.826575109173064e-06
868.0 9.318814022662991e-05
869.0 0.00017654967905400554
870.0 8.912081739254063e-05
871.0 1.6919466716558418e-06
872.0 1.5744064038591965e-10
873.0 1.5744064038591965e-10
874.0 1.5744064038591965e-10
875.0 1.5744064038591965e-10
876.0 1.5744064038591965e-10
877.0 4.104687718609057e-05
878.0 0.00016235372868322884
879.0 0.0002836605744960252
880.0 0.00017956641613636748
881.0 7.54722350393422e-05
882.0 8.113204899018456e-05
883.0 8.679184020365938e-05
884.0 6.305720603450027e-05
885.0 3.932257186534116e-05
886.0 0.00013142229136064998
887.0 0.00022352203359332634
888.0 0.00021188666323723737
889.0 0.0002002512928811484
890.0 0.00013005329719817382
891.0 5.985529583085736e-05
892.0 1.5744064038591965e-10
893.0 1.5744064038591965e-10
894.0 2.9397489242910524e-05
895.0 0.00012304619758651825
896.0 3.594034865272988e-05
897.0 1.5744064038591965e-10
898.0 2.6056471824631444e-05
899.0 0.00010327838708690251
900.0 8.982219696918037e-05
