lsstCam/transmission_filter_detector/r23_s20/r_57/19700101T000000.ecsv
# %ECSV 1.0
# ---
# datatype:
# - {name: wavelength, unit: nm, datatype: float32}
# - {name: efficiency, unit: '%', datatype: float64}
# meta: !!omap
# - {MODE: DETECTOR}
# - {TYPE: transmission_filter_detector}
# - {CALIBDATE: '1970-01-01T00:00:00'}
# - {INSTRUME: LSSTCam}
# - {OBSTYPE: transmission_filter_detector}
# - {CALIBCLS: lsst.ip.isr.IntermediateFilterDetectorTransmissionCurve}
# - {SOURCE: Materion (DM-46256)}
# - {DETECTOR: 105}
# - {FILTER: r_57}
# - {CALIB_ID: 'calibDate=1970-01-01T00:00:00 filter=r_57 detector=105'}
# - {DATE: '2025-04-02T15:59:44.668891'}
# - {CALIB_CREATION_DATE: '2025-04-02'}
# - {CALIB_CREATION_TIME: '15:59:44'}
# - __serialized_columns__:
#     efficiency:
#       __class__: astropy.units.quantity.Quantity
#       unit: !astropy.units.Unit {unit: '%'}
#       value: !astropy.table.SerializedColumn {name: efficiency}
#     wavelength:
#       __class__: astropy.units.quantity.Quantity
#       unit: !astropy.units.Unit {unit: nm}
#       value: !astropy.table.SerializedColumn {name: wavelength}
# schema: astropy-2.0
wavelength efficiency
[from data line 602]
902.0 2.5997704256042198e-05
903.0 1.5744064038591965e-10
904.0 1.5744064038591965e-10
905.0 1.5744064038591965e-10
906.0 1.5744064038591965e-10
907.0 3.907160817107069e-05
908.0 4.445437582489831e-05
909.0 4.9837149163067807e-05
910.0 1.5744064038591965e-10
911.0 1.5744064038591965e-10
912.0 1.5744064038591965e-10
913.0 1.5744064038591965e-10
914.0 5.005061609608674e-06
915.0 1.0279926243583759e-05
916.0 3.931107244170562e-05
917.0 6.834221153440012e-05
918.0 0.00013022093980907812
919.0 0.0001920996282933629
920.0 0.0001411470293533057
921.0 9.019440767588094e-05
922.0 0.00016966760085779242
923.0 0.0002491407940397039
924.0 0.0002024842387982062
925.0 0.0001558276835567085
926.0 0.00016937971167862997
927.0 0.00018293172843186767
928.0 0.0001545837562844099
929.0 0.00012623578413695213
930.0 0.00014099796317168511
931.0 0.00015576013083773432
932.0 5.519814294530079e-05
933.0 1.5744064038591965e-10
934.0 8.520966154890175e-07
935.0 4.7068033381947316e-05
936.0 0.00015074487009769655
937.0 0.00025442168407607824
938.0 0.00023822988168831216
939.0 0.0002220380793005461
940.0 0.00022201311367098242
941.0 0.00022198810256668366
942.0 0.00035149466839357046
943.0 0.00048100127969519235
944.0 0.0003602027845772682
945.0 0.00023940431219671154
946.0 0.00036163642107567284
947.0 0.0004838685981667368
948.0 0.0004321398591855541
949.0 0.0003804112793659442
950.0 0.0004886326223640935
951.0 0.0005968540790490806
952.0 0.0006955169283173745
953.0 0.000794180050434079
954.0 0.0010139457117475104
955.0 0.0012337116459093522
956.0 0.0013640078577736858
957.0 0.0014943039786885493
958.0 0.001663410512264818
959.0 0.0018325174096389674
960.0 0.001980979141080752
961.0 0.0021294412363204174
962.0 0.0022798638383392245
963.0 0.002430286622256972
964.0 0.0024802655389066786
965.0 0.0025302440917585045
966.0 0.0025704230210976675
967.0 0.0026106019504368305
968.0 0.0025812405510805547
969.0 0.0025518793336232193
970.0 0.0025833745894487947
971.0 0.0026148700271733105
972.0 0.002706933082663454
973.0 0.0027989961381535977
974.0 0.002949937515950296
975.0 0.0031008788937469944
976.0 0.0030998129659565166
977.0 0.0030987470381660387
978.0 0.0030816634534858167
979.0 0.003064579505007714
980.0 0.003031822416232899
981.0 0.002999065509357024
982.0 0.0029955754143884405
983.0 0.002992085319419857
984.0 0.0028564762033056468
985.0 0.0027208670871914364
986.0 0.0026205399990431033
987.0 0.00252021291089477
988.0 0.0024744667825871147
989.0 0.00242872101807734
990.0 0.002438687988615129
991.0 0.0024486549591529183
992.0 0.002483428943378385
993.0 0.002518202927603852
994.0 0.002544286508054938
995.0 0.002570369906607084
996.0 0.002672013215487823
997.0 0.002773656706267502
998.0 0.002923189094872214
999.0 0.0030727220291737467
1000.0 0.0031910178222460672
1001.0 0.0033093136153183877
1002.0 0.0035459441278362647
1003.0 0.0037825746403541416
1004.0 0.00382952275685966
1005.0 0.0038764708733651787
1006.0 0.004081755105289631
1007.0 0.004287040064809844
1008.0 0.00427150989708025
1009.0 0.0042559793655527756
1010.0 0.004189597530057654
1011.0 0.004123216422158293
1012.0 0.004069888018420897
1013.0 0.004016559250885621
1014.0 0.003778257450903766
1015.0 0.003539955650921911
1016.0 0.003287397339590825
1017.0 0.0030348392101586796
1018.0 0.0027756899726227857
1019.0 0.0025165410988847725
1020.0 0.0022212956537259743
1021.0 0.0019260503904661164
1022.0 0.0016335989130311646
1023.0 0.0013411473446467426
1024.0 0.0013018065146752633
1025.0 0.0012624655937543139
1026.0 0.0011194513717782684
1027.0 0.0009764371498022228
1028.0 0.0009592459718987811
1029.0 0.0009420547030458692
1030.0 0.0009725859854370356
1031.0 0.0010031169949797913
1032.0 0.0009469552423979621
1033.0 0.0008907934898161329
1034.0 0.000782782444730401
1035.0 0.0006747712632204639
1036.0 0.0006986444077483611
1037.0 0.0007225174613267882
1038.0 0.0006832922736066394
1039.0 0.0006440670404117554
1040.0 0.0006391786428139312
1041.0 0.0006342902906908421
1042.0 0.0007024314072623383
1043.0 0.0007705722964601591
1044.0 0.0008178969437722117
1045.0 0.0008652216820337344
1046.0 0.0008808780876279343
1047.0 0.0008965345841716044
1048.0 0.0006898041647218633
1049.0 0.0004830738816963276
1050.0 0.0006573719474545214
1051.0 0.0008316699677379802
1052.0 0.0009036149094754364
1053.0 0.0009755593055160716
1054.0 0.0008641623935545795
1055.0 0.000752765345168882
1056.0 0.0007486896720365621
1057.0 0.0007446140443789773
1058.0 0.0008287739547085948
1059.0 0.0009129337740887422
1060.0 0.000919431204238208
1061.0 0.0009259283615392633
1062.0 0.001272726967727067
1063.0 0.0016195253920159303
1064.0 0.0013535190191760194
1065.0 0.001087512464437168
1066.0 0.001355278436676599
1067.0 0.00162304440891603
1068.0 0.0018230237401439808
1069.0 0.002023002707574051
1070.0 0.0019154842448187992
1071.0 0.0018079657820635475
1072.0 0.0017334106814814731
1073.0 0.0016588555808993988
1074.0 0.0020645984477596357
1075.0 0.0024703411327209324
1076.0 0.0028109809136367403
1077.0 0.003151621058350429
1078.0 0.003368527177372016
1079.0 0.003585433660191484
1080.0 0.0037726291338913143
1081.0 0.003959824243793264
1082.0 0.003971517799072899
1083.0 0.0039832117181504145
1084.0 0.004402430568006821
1085.0 0.004821648690267466
1086.0 0.004475816604099236
1087.0 0.004129984517931007
1088.0 0.004021655331598595
1089.0 0.003913326509064063
1090.0 0.003613812441471964
1091.0 0.0033142987376777455
1092.0 0.0037133813748368993
1093.0 0.004112464375793934
1094.0 0.0039164624467957765
1095.0 0.0037204608815955
1096.0 0.0033604879718041047
1097.0 0.0030005156077095307
1098.0 0.003113079219474457
1099.0 0.003225643013138324
1100.0 0.002623649561428465
1101.0 0.002021655745920725
