ts8/transmission_sensor/rtm-025_s10/19700101T000000.ecsv
# %ECSV 0.9
# ---
# datatype:
# - {name: amp_name, datatype: string}
# - {name: wavelength, unit: nm, datatype: float32}
# - {name: efficiency, unit: '%', datatype: float32}
# meta: !!omap
# - {MODE: AMP}
# - {TYPE: transmission_sensor}
# - {CALIBDATE: '1970-01-01T00:00:00'}
# - {INSTRUME: TS8}
# - {OBSTYPE: transmission_sensor}
# - {DETECTOR: 183}
# - {CALIBCLS: lsst.ip.isr.IntermediateSensorTransmissionCurve}
# - {PICKLEFILE: RaftRun10722.p}
# - {CALIB_ID: 'raftName=RTM-025 detectorName=S10 detector=183 calibDate=1970-01-01T00:00:00 ccd=183 ccdnum=183 filter=None'}
# - {DATE: '2020-07-23T19:15:50.763312'}
# - {CALIB_CREATION_DATE: '2020-07-23'}
# - {CALIB_CREATION_TIME: '19:15:50'}
# - __serialized_columns__:
#     efficiency:
#       __class__: astropy.units.quantity.Quantity
#       unit: !astropy.units.Unit {unit: '%'}
#       value: !astropy.table.SerializedColumn {name: efficiency}
#     wavelength:
#       __class__: astropy.units.quantity.Quantity
#       unit: !astropy.units.Unit {unit: nm}
#       value: !astropy.table.SerializedColumn {name: wavelength}
# schema: astropy-2.0
amp_name wavelength efficiency
C07 349.982 69.9939
C07 450.035 86.912544
C07 500.018 91.54569
C07 619.997 97.67693
C07 750.022 97.05702
C07 869.967 89.39179
C07 999.976 26.31037
C12 349.982 63.291714
C12 450.035 85.69684
C12 500.018 91.129036
C12 619.997 97.683235
C12 750.022 97.35813
C12 869.967 89.81441
C12 999.976 26.501478
C13 349.982 64.13941
C13 450.035 85.6565
C13 500.018 90.93991
C13 619.997 97.42269
C13 750.022 97.07865
C13 869.967 89.49617
C13 999.976 26.36479
C15 349.982 66.10694
C15 450.035 86.395874
C15 500.018 91.5039
C15 619.997 97.90872
C15 750.022 97.41589
C15 869.967 89.65508
C15 999.976 26.37258
C03 349.982 67.23549
C03 450.035 86.41586
C03 500.018 91.36644
C03 619.997 97.679985
C03 750.022 97.359406
C03 869.967 89.83089
C03 999.976 26.275461
C01 349.982 65.6144
C01 450.035 86.06147
C01 500.018 91.22977
C01 619.997 97.60841
C01 750.022 97.24309
C01 869.967 89.58635
C01 999.976 26.424486
C00 349.982 64.50218
C00 450.035 85.80329
C00 500.018 91.10366
C00 619.997 97.54074
C00 750.022 97.02491
C00 869.967 89.38015
C00 999.976 26.527777
C06 349.982 69.49155
C06 450.035 86.929276
C06 500.018 91.62392
C06 619.997 97.79363
C06 750.022 97.249466
C06 869.967 89.64916
C06 999.976 26.392267
C04 349.982 67.22979
C04 450.035 85.38671
C04 500.018 90.159935
C04 619.997 96.33244
C04 750.022 95.9577
C04 869.967 88.548706
C04 999.976 26.019405
C05 349.982 68.05347
C05 450.035 85.73159
C05 500.018 90.4425
C05 619.997 96.57253
C05 750.022 96.09222
C05 869.967 88.644264
C05 999.976 26.08876
C02 349.982 66.36632
C02 450.035 86.18691
C02 500.018 91.25012
C02 619.997 97.587166
C02 750.022 97.26662
C02 869.967 89.648094
C02 999.976 26.197289
C10 349.982 60.531937
C10 450.035 84.933914
C10 500.018 90.65627
C10 619.997 97.34276
C10 750.022 96.83355
C10 869.967 89.306984
C10 999.976 26.477045
C14 349.982 65.44672
C14 450.035 86.23918
C14 500.018 91.4171
C14 619.997 97.88552
C14 750.022 97.488525
C14 869.967 89.82742
C14 999.976 26.319298
C11 349.982 62.096184
C11 450.035 85.28893
C11 500.018 90.836586
C11 619.997 97.427925
C11 750.022 97.055756
C11 869.967 89.56597
C11 999.976 26.492474
C16 349.982 66.95339
C16 450.035 86.67643
C16 500.018 91.71433
C16 619.997 98.08074
C16 750.022 97.50797
C16 869.967 89.67874
C16 999.976 26.375288
C17 349.982 67.5596
C17 450.035 86.679
C17 500.018 91.64386
C17 619.997 97.96203
C17 750.022 97.308304
C17 869.967 89.439575
C17 999.976 26.307632
