lsstCam/transmission_sensor/r41_s01/19700101T000000.ecsv
# %ECSV 1.0
# ---
# datatype:
# - {name: amp_name, datatype: string}
# - {name: wavelength, unit: nm, datatype: float32}
# - {name: efficiency, unit: '%', datatype: float64}
# meta: !!omap
# - {MODE: AMP}
# - {TYPE: transmission_sensor}
# - {CALIBDATE: '1970-01-01T00:00:00'}
# - {INSTRUME: LSSTCam}
# - {OBSTYPE: transmission_sensor}
# - {DETECTOR: 163}
# - {PARQUETFILE: qe_raft_allvalues_nircorrected_20230725_adjust.parquet}
# - {CORRFILE: qe_corr_factor_bydetnum.parquet}
# - {CALIBCLS: lsst.ip.isr.IntermediateSensorTransmissionCurve}
# - {CALIB_ID: 'raftName=R41 detectorName=S01 detector=163 calibDate=1970-01-01T00:00:00 ccd=163 ccdnum=163 filter=None'}
# - {DATE: '2025-03-03T21:56:48.302873'}
# - {CALIB_CREATION_DATE: '2025-03-03'}
# - {CALIB_CREATION_TIME: '21:56:48'}
# - __serialized_columns__:
#     efficiency:
#       __class__: astropy.units.quantity.Quantity
#       unit: !astropy.units.Unit {unit: '%'}
#       value: !astropy.table.SerializedColumn {name: efficiency}
#     wavelength:
#       __class__: astropy.units.quantity.Quantity
#       unit: !astropy.units.Unit {unit: nm}
#       value: !astropy.table.SerializedColumn {name: wavelength}
# schema: astropy-2.0
amp_name wavelength efficiency
C00 319.994 57.84462963864273
C00 324.969 60.434086138195134
C00 349.982 69.60894557776122
C00 374.975 76.2256876200265
C00 400.019 82.7240197646126
C00 424.965 82.4758377871598
C00 450.035 82.87802103269179
C00 475.003 83.99053446222837
C00 500.018 85.55682836421245
C00 525.002 86.710929660251
C00 550.029 89.36603221187042
C00 575.023 91.33512496925246
C00 599.982 92.89877402884937
C00 619.997 94.44386359100515
C00 624.979 94.55074410391033
C00 650.012 95.70044492942537
C00 675.004 96.46117152110075
C00 700.03 96.9197400702837
C00 725.012 97.49104122615955
C00 750.022 98.28283711576256
C00 774.987 99.69967462250523
C00 799.976 98.9633520219369
C00 824.988 98.24051963756759
C00 850.022 96.64683489660815
C00 869.967 94.39399159173873
C00 875.002 93.68737786729544
C00 899.999 87.07866155365333
C00 919.999 79.5560685938985
C00 925.012 76.36317382342939
C00 949.965 64.72486410373148
C00 975.002 49.02227904850906
C00 999.976 30.80853964863248
C00 1025.028 15.126347620235983
C00 1050.014 6.309150387691856
C00 1075.002 0.9363272522924025
C00 1099.99 0.09290152978628308
C01 319.994 57.43595588909162
C01 324.969 60.03091107676796
C01 349.982 69.42992470870898
C01 374.975 76.37111595071275
C01 400.019 82.86366440260733
C01 424.965 82.50466504915578
C01 450.035 82.7535766383016
C01 475.003 83.67190695579043
C01 500.018 85.11118762221516
C01 525.002 86.21387409426141
C01 550.029 88.83879656220405
C01 575.023 90.86093816976587
C01 599.982 92.5238524202221
C01 619.997 94.14279996605225
C01 624.979 94.26588393863985
C01 650.012 95.4802238000831
C01 675.004 96.28453709029444
C01 700.03 96.77074728247219
C01 725.012 97.3637467860935
C01 750.022 98.16533163257783
C01 774.987 99.58165993115973
C01 799.976 98.85010260696143
C01 824.988 98.11804367472416
C01 850.022 96.55251738504211
C01 869.967 94.28989272341317
C01 875.002 93.56834475962845
C01 899.999 86.93418323819238
C01 919.999 79.54171196381404
C01 925.012 76.39903879821425
C01 949.965 64.66312071420991
C01 975.002 48.69048433104871
C01 999.976 30.704683984204603
C01 1025.028 15.22212815524896
C01 1050.014 6.376931598977697
C01 1075.002 0.9352077172594989
C01 1099.99 0.09279045054881407
C02 319.994 57.00754082315915
C02 324.969 59.60072138239465
C02 349.982 69.1797438992222
C02 374.975 76.48426656410479
C02 400.019 83.05128860953971
C02 424.965 82.65011618020743
C02 450.035 82.8299502622925
C02 475.003 83.67603382192905
C02 500.018 85.05427791015984
C02 525.002 86.1227182333651
C02 550.029 88.7242703267658
C02 575.023 90.74030143639861
C02 599.982 92.41799032363842
C02 619.997 94.05118809784781
C02 624.979 94.18141618492953
C02 650.012 95.41699078668829
C02 675.004 96.23955196934685
C02 700.03 96.74314364008639
C02 725.012 97.35518144882235
C02 750.022 98.17626820785128
C02 774.987 99.60762194723625
C02 799.976 98.88994244544887
C02 824.988 98.17015770992226
C02 850.022 96.61592520123835
C02 869.967 94.34665043303245
C02 875.002 93.6304149543875
C02 899.999 87.0133385067629
C02 919.999 79.63608267623269
C02 925.012 76.4967003633733
C02 949.965 64.7313470076288
C02 975.002 48.71044985102325
C02 999.976 30.742133584385236
C02 1025.028 15.261608887981248
C02 1050.014 6.398311691622679
C02 1075.002 0.9353117437103219
C02 1099.99 0.0928007719576976
C03 319.994 56.639200920012634
C03 324.969 59.22437855099036
C03 349.982 68.95440788790701
C03 374.975 76.59872439844682
C03 400.019 83.2604667619033
C03 424.965 82.83349951917415
C03 450.035 82.94919617336996
C03 475.003 83.73276873118293
C03 500.018 85.06272924560395
C03 525.002 86.1018558990179
C03 550.029 88.68935536720622
C03 575.023 90.71052415917735
C03 599.982 92.39755359611215
C03 619.997 94.0451232006496
C03 624.979 94.1769321130662
C03 650.012 95.42920418242453
C03 675.004 96.27541694413172
C03 700.03 96.80059296078966
C03 725.012 97.43212508194843
C03 750.022 98.27672661783355
C03 774.987 99.72733146574365
C03 799.976 99.02384899148288
C03 824.988 98.3115427758097
C03 850.022 96.74684489940408
C03 869.967 94.45260373107776
C03 875.002 93.72873013002153
C03 899.999 87.11945900748786
C03 919.999 79.73671588901641
C03 925.012 76.59466593340441
C03 949.965 64.85464378362686
C03 975.002 48.81844378177246
C03 999.976 30.745424437125614
C03 1025.028 15.239406082151174
C03 1050.014 6.377305429968845
C03 1075.002 0.9362686045292699
C03 1099.99 0.09289571080910365
C04 319.994 56.32957955791038
C04 324.969 58.909414303261116
C04 349.982 68.77624583261843
C04 374.975 76.7348577801689
C04 400.019 83.49077325287718
C04 424.965 83.03785159419331
C04 450.035 83.10062860027998
C04 475.003 83.83230752642712
C04 500.018 85.12621306301823
C04 525.002 86.14364136868673
C04 550.029 88.7252735428437
C04 575.023 90.75120001106305
C04 599.982 92.44900642071345
C04 619.997 94.11288588663855
C04 624.979 94.24632122512082
C04 650.012 95.51606597450255
C04 675.004 96.38114983864476
C04 700.03 96.92386693642231
C04 725.012 97.58480392883402
C04 750.022 98.45396905838405
C04 774.987 99.93153153832675
C04 799.976 99.24564334603824
C04 824.988 98.55343945253202
C04 850.022 96.9954524836778
C04 869.967 94.67957376858044
C04 875.002 93.9486016537609
C04 899.999 87.30644480418886
C04 919.999 79.9098922644027
C04 925.012 76.77919689076327
C04 949.965 65.13178222514625
C04 975.002 49.159582848988684
C04 999.976 30.880360799663833
C04 1025.028 15.293301395896671
C04 1050.014 6.393935446487415
C04 1075.002 0.9379569592862794
C04 1099.99 0.0930632278170345
C05 319.994 55.920160996422645
C05 324.969 58.48728833812001
C05 349.982 68.44602054031024
C05 374.975 76.66060459016082
C05 400.019 83.4962529406966
C05 424.965 83.03078348091721
C05 450.035 83.04550491684819
C05 475.003 83.73336914080531
C05 500.018 85.00294668750738
C05 525.002 86.00387512874318
C05 550.029 88.57834798816242
C05 575.023 90.60601488427449
C05 599.982 92.31073740476494
C05 619.997 93.97396326021504
C05 624.979 94.113022688831
C05 650.012 95.39544444137888
C05 675.004 96.27497613706718
C05 700.03 96.84147401596402
C05 725.012 97.5292014377287
C05 750.022 98.4352955591159
C05 774.987 99.94005887498889
C05 799.976 99.26912012228541
C05 824.988 98.58802000673231
C05 850.022 97.04103041412596
C05 869.967 94.7107342679697
C05 875.002 93.97206322976449
C05 899.999 87.27299666813711
C05 919.999 79.86073467658568
C05 925.012 76.7392658508142
C05 949.965 65.19827569079423
C05 975.002 49.36432253021976
C05 999.976 30.967674798989094
C05 1025.028 15.328467159475727
C05 1050.014 6.410065754997485
C05 1075.002 0.937778751114611
C05 1099.99 0.09304554616595805
C06 319.994 55.71390509089202
C06 324.969 58.27565534641428
C06 349.982 68.3038906624862
C06 374.975 76.70438889186364
C06 400.019 83.61881250487984
C06 424.965 83.13153829564976
C06 450.035 83.09013283207105
C06 475.003 83.72284297210918
C06 500.018 84.95807556838683
C06 525.002 85.94258014640795
C06 550.029 88.52624155308612
C06 575.023 90.58202889986656
C06 599.982 92.31820072437475
C06 619.997 94.00690218810604
C06 624.979 94.14865205983999
C06 650.012 95.45565260629638
C06 675.004 96.35478501611271
C06 700.03 96.94615049354654
C06 725.012 97.66996329362834
C06 750.022 98.61050876714519
C06 774.987 100.14849221541587
C06 799.976 99.49263970448986
C06 824.988 98.82569101573257
C06 850.022 97.29191043481855
C06 869.967 94.96331671594601
C06 875.002 94.21785116884956
C06 899.999 87.45669161209773
C06 919.999 80.03929953832977
C06 925.012 76.92099996334984
C06 949.965 65.4181548146554
C06 975.002 49.56805139525113
C06 999.976 31.095455646850485
C06 1025.028 15.395927740623035
C06 1050.014 6.4520626030539345
C06 1075.002 0.9394476958274507
C06 1099.99 0.093211137327138
C07 319.994 55.301457880866096
C07 324.969 57.851359546498635
C07 349.982 67.91056915897565
C07 374.975 76.41715748859083
C07 400.019 83.45064460976124
C07 424.965 83.01467882281823
C07 450.035 82.9812762874973
C07 475.003 83.6318011130399
C07 500.018 84.88937046729441
C07 525.002 85.88848247941947
C07 550.029 88.50403399717992
C07 575.023 90.56045215406994
C07 599.982 92.27583764544896
C07 619.997 93.94750723622138
C07 624.979 94.08529744449635
C07 650.012 95.3847206695159
C07 675.004 96.29225881404552
C07 700.03 96.90201658624082
C07 725.012 97.659368723836
C07 750.022 98.6465257443661
C07 774.987 100.22692547241519
C07 799.976 99.60227906160927
C07 824.988 98.9556454984294
C07 850.022 97.44033321349487
C07 869.967 95.1318038161803
C07 875.002 94.39627162827941
C07 899.999 87.62506471050499
C07 919.999 80.2418655847254
C07 925.012 77.1276928758841
C07 949.965 65.64270801342496
C07 975.002 49.77536751777317
C07 999.976 31.159598774831107
C07 1025.028 15.382324472612215
C07 1050.014 6.4460471066474465
C07 1075.002 0.9397904257815305
C07 1099.99 0.09324514267832225
C10 319.994 58.61744802410551
C10 324.969 61.22911587962501
C10 349.982 70.28179196103706
C10 374.975 76.59110907640095
C10 400.019 83.0089103303703
C10 424.965 82.7623319786178
C10 450.035 83.22660821927423
C10 475.003 84.41763090702814
C10 500.018 86.04976466418522
C10 525.002 87.24177536777343
C10 550.029 89.93464292462828
C10 575.023 91.92273598651597
C10 599.982 93.49694161529622
C10 619.997 95.05623580510043
C10 624.979 95.15508298926062
C10 650.012 96.29700129005013
C10 675.004 97.04176002581897
C10 700.03 97.3738473479687
C10 725.012 97.63279109789349
C10 750.022 98.05664989080552
C10 774.987 99.097524572234
C10 799.976 98.19646933160169
C10 824.988 97.49674891763304
C10 850.022 95.73484308070239
C10 869.967 93.28288418473558
C10 875.002 92.58048852789254
C10 899.999 86.01152845139805
C10 919.999 79.12199523728424
C10 925.012 76.13697899835053
C10 949.965 64.73054899483957
C10 975.002 49.31662036572787
C10 999.976 30.554180672184906
C10 1025.028 14.952834939459944
C10 1050.014 6.26585011874632
C10 1075.002 0.9341758408607228
C10 1099.99 0.09268806872049289
C11 319.994 58.13711272608089
C11 324.969 60.75236023896926
C11 349.982 70.03376958614213
C11 374.975 76.72303199064459
C11 400.019 83.18645677579289
C11 424.965 82.86315519444656
C11 450.035 83.20007619406255
C11 475.003 84.24405172518634
C11 500.018 85.78484721852385
C11 525.002 86.93649367522026
C11 550.029 89.6132185733671
C11 575.023 91.64489833379076
C11 599.982 93.28952669119074
C11 619.997 94.90287294725263
C11 624.979 95.01270230741709
C11 650.012 96.20548062330732
C11 675.004 96.98768515919589
C11 700.03 97.34916215235496
C11 725.012 97.61653443735847
C11 750.022 98.04933097350994
C11 774.987 99.08970404689947
C11 799.976 98.19758654950662
C11 824.988 97.50099738572051
C11 850.022 95.74248880323546
C11 869.967 93.29885964076392
C11 875.002 92.59780160535809
C11 899.999 86.15980682776014
C11 919.999 79.4938463967034
C11 925.012 76.52772406057011
C11 949.965 64.94075316364646
C11 975.002 49.13457844825925
C11 999.976 30.449249590522005
C11 1025.028 15.0578771729042
C11 1050.014 6.346667913961099
C11 1075.002 0.9341060394485566
C11 1099.99 0.09268114308850299
C12 319.994 57.669401230369836
C12 324.969 60.28102348515852
C12 349.982 69.75800676666893
C12 374.975 76.8115506092755
C12 400.019 83.36065916762249
C12 424.965 82.9850231475458
C12 450.035 83.24225687006508
C12 475.003 84.20062462920822
C12 500.018 85.68034554374277
C12 525.002 86.79849066353482
C12 550.029 89.46334417142654
C12 575.023 91.50684972137452
C12 599.982 93.17914252213473
C12 619.997 94.81626195919408
C12 624.979 94.93321263348726
C12 650.012 96.15434700382173
C12 675.004 96.96175354360658
C12 700.03 97.34360646331751
C12 725.012 97.62748621287551
C12 750.022 98.07433537423937
C12 774.987 99.12571342399858
C12 799.976 98.24375728945535
C12 824.988 97.55501145136917
C12 850.022 95.80216495962681
C12 869.967 93.36397748436569
C12 875.002 92.66267624506217
C12 899.999 86.25156309827881
C12 919.999 79.5970560507781
C12 925.012 76.62698925142942
C12 949.965 64.99114957131724
C12 975.002 49.1404799428387
C12 999.976 30.477932450203735
C12 1025.028 15.08264501984254
C12 1050.014 6.354911196070875
C12 1075.002 0.9343441223534317
C12 1099.99 0.09270476545560241
C13 319.994 57.26390053167117
C13 324.969 59.86819626904248
C13 349.982 69.49495135084912
C13 374.975 76.8814945302217
C13 400.019 83.51318601207204
C13 424.965 83.11142837336098
C13 450.035 83.30039020173056
C13 475.003 84.1930929085022
C13 500.018 85.62301782498834
C13 525.002 86.71504892626781
C13 550.029 89.36359257277189
C13 575.023 91.40623170883441
C13 599.982 93.09001589375963
C13 619.997 94.73899152083051
C13 624.979 94.85987905821725
C13 650.012 96.09841770747889
C13 675.004 96.92101689074647
C13 700.03 97.32397534870228
C13 725.012 97.62801062127987
C13 750.022 98.08925441333722
C13 774.987 99.152716656762
C13 799.976 98.2852995552265
C13 824.988 97.61255197353408
C13 850.022 95.8586262644958
C13 869.967 93.43262938460549
C13 875.002 92.74093469926004
C13 899.999 86.35627757647035
C13 919.999 79.69344079547434
C13 925.012 76.71563707213099
C13 949.965 65.04057316339734
C13 975.002 49.192996784492315
C13 999.976 30.524004388569033
C13 1025.028 15.085752519644439
C13 1050.014 6.359520669943945
C13 1075.002 0.9344861190582876
C13 1099.99 0.09271885423820853
C14 319.994 56.810899071708384
C14 324.969 59.40224800158955
C14 349.982 69.14991342114833
C14 374.975 76.86134660732391
C14 400.019 83.58841961779261
C14 424.965 83.16439362220093
C14 450.035 83.29750975556752
C14 475.003 84.12869707647164
C14 500.018 85.51986897188807
C14 525.002 86.58254080264543
C14 550.029 89.21961586534988
C14 575.023 91.26444383649145
C14 599.982 92.96182463932092
C14 619.997 94.6212732342353
C14 624.979 94.74797486480078
C14 650.012 96.00368978933552
C14 675.004 96.8451220744291
C14 700.03 97.27203611630563
C14 725.012 97.60787029850388
C14 750.022 98.09278846997526
C14 774.987 99.17937788404433
C14 799.976 98.32942586241042
C14 824.988 97.66865607267836
C14 850.022 95.93285665413846
C14 869.967 93.50647216803625
C14 875.002 92.81401747051058
C14 899.999 86.46899498291967
C14 919.999 79.8305393926653
C14 925.012 76.84890520793361
C14 949.965 65.14024116071216
C14 975.002 49.22379247803507
C14 999.976 30.543223196576495
C14 1025.028 15.129476020372838
C14 1050.014 6.383200274441723
C14 1075.002 0.934519560487916
C14 1099.99 0.09272217226613426
C15 319.994 56.40810781643222
C15 324.969 58.98732695191698
C15 349.982 68.83390795673218
C15 374.975 76.8045204966084
C15 400.019 83.60268504641544
C15 424.965 83.16149797579428
C15 450.035 83.24310808370694
C15 475.003 84.02946988622134
C15 500.018 85.38622082999532
C15 525.002 86.43327441044904
C15 550.029 89.06147253088847
C15 575.023 91.11163578753522
C15 599.982 92.81294585333646
C15 619.997 94.47788933631388
C15 624.979 94.60505457430928
C15 650.012 95.87406971199799
C15 675.004 96.73247306907601
C15 700.03 97.17800740936808
C15 725.012 97.54358846830037
C15 750.022 98.06144556766274
C15 774.987 99.17609463142576
C15 799.976 98.34796255948613
C15 824.988 97.68892559752499
C15 850.022 95.9874255286787
C15 869.967 93.5466388117612
C15 875.002 92.84392394980246
C15 899.999 86.56341129606913
C15 919.999 79.962690310563
C15 925.012 76.97350920488165
C15 949.965 65.20695502989241
C15 975.002 49.17248025568712
C15 999.976 30.520947239574074
C15 1025.028 15.191539565025316
C15 1050.014 6.421107781960944
C15 1075.002 0.9342206516871782
C15 1099.99 0.09269251480952692
C16 319.994 56.117729962733286
C16 324.969 58.69026479109296
C16 349.982 68.62955588171302
C16 374.975 76.813876246547
C16 400.019 83.66906451023638
C16 424.965 83.20978154960403
C16 450.035 83.25671230173297
C16 475.003 84.02042574127665
C16 500.018 85.35490832817003
C16 525.002 86.38118317561636
C16 550.029 88.99846752114773
C16 575.023 91.03787660544428
C16 599.982 92.7313433455456
C16 619.997 94.39057153692771
C16 624.979 94.5213392326574
C16 650.012 95.79331081772717
C16 675.004 96.66017311037112
C16 700.03 97.1246013534636
C16 725.012 97.52028649485464
C16 750.022 98.07612140286291
C16 774.987 99.22962228927906
C16 799.976 98.41777727836168
C16 824.988 97.75696948802062
C16 850.022 96.07136887398465
C16 869.967 93.6142418951923
C16 875.002 92.90272609218654
C16 899.999 86.7223526433198
C16 919.999 80.1372803086045
C16 925.012 77.10977178867437
C16 949.965 65.13836393062701
C16 975.002 48.94121234930526
C16 999.976 30.4451835253578
C16 1025.028 15.201723728240344
C16 1050.014 6.426199863568458
C16 1075.002 0.9343601073736001
C16 1099.99 0.0927063514746184
C17 319.994 55.82433106061796
C17 324.969 58.385359304569
C17 349.982 68.37196495346903
C17 374.975 76.72329799490765
C17 400.019 83.67284937089391
C17 424.965 83.22191894412224
C17 450.035 83.26143957749399
C17 475.003 84.03681920400412
C17 500.018 85.3807259419323
C17 525.002 86.40844481252105
C17 550.029 89.03700773880699
C17 575.023 91.06064657036386
C17 599.982 92.72376602410874
C17 619.997 94.37008920867062
C17 624.979 94.49505041134337
C17 650.012 95.7600906853295
C17 675.004 96.62980302364929
C17 700.03 97.11341397417067
C17 725.012 97.54818654199075
C17 750.022 98.155793479716
C17 774.987 99.35462909268263
C17 799.976 98.56402642220257
C17 824.988 97.9132963933713
C17 850.022 96.21739761429326
C17 869.967 93.76574272319854
C17 875.002 93.05502493298202
C17 899.999 86.96367171078514
C17 919.999 80.26916522223912
C17 925.012 77.16646869731922
C17 949.965 65.05916306132566
C17 975.002 48.870949223243365
C17 999.976 30.457930829650635
C17 1025.028 15.14486911706809
C17 1050.014 6.3534894982862395
C17 1075.002 0.9351186678008885
C17 1099.99 0.09278161514333881
