lsstCam/transmission_sensor/r41_s01/19700101T000000.ecsv
# %ECSV 1.0
# ---
# datatype:
# - {name: amp_name, datatype: string}
# - {name: wavelength, unit: nm, datatype: float32}
# - {name: efficiency, unit: '%', datatype: float64}
# meta: !!omap
# - {MODE: AMP}
# - {TYPE: transmission_sensor}
# - {CALIBDATE: '1970-01-01T00:00:00'}
# - {INSTRUME: LSSTCAM}
# - {OBSTYPE: transmission_sensor}
# - {DETECTOR: 163}
# - {PARQUETFILE: qe_raft_allvalues_nircorrected_20230725.parquet}
# - {CALIBCLS: lsst.ip.isr.IntermediateSensorTransmissionCurve}
# - {CALIB_ID: 'raftName=R41 detectorName=S01 detector=163 calibDate=1970-01-01T00:00:00 ccd=163 ccdnum=163 filter=None'}
# - {DATE: '2023-08-02T16:57:56.074305'}
# - {CALIB_CREATION_DATE: '2023-08-02'}
# - {CALIB_CREATION_TIME: '16:57:56'}
# - __serialized_columns__:
#     efficiency:
#       __class__: astropy.units.quantity.Quantity
#       unit: !astropy.units.Unit {unit: '%'}
#       value: !astropy.table.SerializedColumn {name: efficiency}
#     wavelength:
#       __class__: astropy.units.quantity.Quantity
#       unit: !astropy.units.Unit {unit: nm}
#       value: !astropy.table.SerializedColumn {name: wavelength}
# schema: astropy-2.0
amp_name wavelength efficiency
C00 319.994 58.06742477416992
C00 324.969 60.66685485839844
C00 349.982 69.8770523071289
C00 374.975 76.51927947998047
C00 400.019 83.04264068603516
C00 424.965 82.79350280761719
C00 450.035 83.19723510742188
C00 475.003 84.31403350830078
C00 500.018 85.88636016845703
C00 525.002 87.04490661621094
C00 550.029 89.71023559570312
C00 575.023 91.6869125366211
C00 599.982 93.25658416748047
C00 619.997 94.80762481689453
C00 624.979 94.9149169921875
C00 650.012 96.06904602050781
C00 675.004 96.83270263671875
C00 700.03 97.29303741455078
C00 725.012 97.86653900146484
C00 750.022 98.66138458251953
C00 774.987 100.08367919921875
C00 799.976 99.34452056884766
C00 824.988 98.61890411376953
C00 850.022 97.01908111572266
C00 869.967 94.75756072998047
C00 875.002 94.04822540283203
C00 899.999 87.41405487060547
C00 919.999 79.86248779296875
C00 925.012 76.65729522705078
C00 949.965 64.97415924072266
C00 975.002 49.21109390258789
C00 999.976 30.927202224731445
C00 1025.028 15.184608459472656
C00 1050.014 6.333450794219971
C00 1075.002 0.9399336226395804
C00 1099.99 0.09325935053902572
C01 319.994 57.65717697143555
C01 324.969 60.26212692260742
C01 349.982 69.69734191894531
C01 374.975 76.66526794433594
C01 400.019 83.18282318115234
C01 424.965 82.82244110107422
C01 450.035 83.07231140136719
C01 475.003 83.99417877197266
C01 500.018 85.43900299072266
C01 525.002 86.54593658447266
C01 550.029 89.18096923828125
C01 575.023 91.21089935302734
C01 599.982 92.88021850585938
C01 619.997 94.50540161132812
C01 624.979 94.62895965576172
C01 650.012 95.84797668457031
C01 675.004 96.65538787841797
C01 700.03 97.14347076416016
C01 725.012 97.73875427246094
C01 750.022 98.54342651367188
C01 774.987 99.9652099609375
C01 799.976 99.2308349609375
C01 824.988 98.49595642089844
C01 850.022 96.92440032958984
C01 869.967 94.65306091308594
C01 875.002 93.9287338256836
C01 899.999 87.2690200805664
C01 919.999 79.84807586669922
C01 925.012 76.69329833984375
C01 949.965 64.91217803955078
C01 975.002 48.878021240234375
C01 999.976 30.822946548461914
C01 1025.028 15.280757904052734
C01 1050.014 6.401493072509766
C01 1075.002 0.9388097755908347
C01 1099.99 0.09314784346730623
C02 319.994 57.22711181640625
C02 324.969 59.83028030395508
C02 349.982 69.44619750976562
C02 374.975 76.77885437011719
C02 400.019 83.37117004394531
C02 424.965 82.96845245361328
C02 450.035 83.14897918701172
C02 475.003 83.99832153320312
C02 500.018 85.38187408447266
C02 525.002 86.45442962646484
C02 550.029 89.06600189208984
C02 575.023 91.08979797363281
C02 599.982 92.7739486694336
C02 619.997 94.41343688964844
C02 624.979 94.5441665649414
C02 650.012 95.78450012207031
C02 675.004 96.6102294921875
C02 700.03 97.11576080322266
C02 725.012 97.73015594482422
C02 750.022 98.55440521240234
C02 774.987 99.99127197265625
C02 799.976 99.27082824707031
C02 824.988 98.54827117919922
C02 850.022 96.98805236816406
C02 869.967 94.71003723144531
C02 875.002 93.99104309082031
C02 899.999 87.34848022460938
C02 919.999 79.94281005859375
C02 925.012 76.79133605957031
C02 949.965 64.98066711425781
C02 975.002 48.89806365966797
C02 999.976 30.86054039001465
C02 1025.028 15.320390701293945
C02 1050.014 6.422955513000488
C02 1075.002 0.9389142027113024
C02 1099.99 0.09315820463026382
C03 319.994 56.85735321044922
C03 324.969 59.45248794555664
C03 349.982 69.2199935913086
C03 374.975 76.89375305175781
C03 400.019 83.5811538696289
C03 424.965 83.15254211425781
C03 450.035 83.26868438720703
C03 475.003 84.0552749633789
C03 500.018 85.3903579711914
C03 525.002 86.43348693847656
C03 550.029 89.03095245361328
C03 575.023 91.05990600585938
C03 599.982 92.75343322753906
C03 619.997 94.4073486328125
C03 624.979 94.53966522216797
C03 650.012 95.79676055908203
C03 675.004 96.64623260498047
C03 700.03 97.17343139648438
C03 725.012 97.8073959350586
C03 750.022 98.6552505493164
C03 774.987 100.11144256591797
C03 799.976 99.4052505493164
C03 824.988 98.69020080566406
C03 850.022 97.11947631835938
C03 869.967 94.81639862060547
C03 875.002 94.08973693847656
C03 899.999 87.45500946044922
C03 919.999 80.04383087158203
C03 925.012 76.88967895507812
C03 949.965 65.10443878173828
C03 975.002 49.006473541259766
C03 999.976 30.86384391784668
C03 1025.028 15.298102378845215
C03 1050.014 6.4018683433532715
C03 1075.002 0.9398747489879526
C03 1099.99 0.09325350914939733
C04 319.994 56.546539306640625
C04 324.969 59.13631057739258
C04 349.982 69.04114532470703
C04 374.975 77.03041076660156
C04 400.019 83.81234741210938
C04 424.965 83.35768127441406
C04 450.035 83.42070007324219
C04 475.003 84.15519714355469
C04 500.018 85.45408630371094
C04 525.002 86.47543334960938
C04 550.029 89.06700897216797
C04 575.023 91.10073852539062
C04 599.982 92.80508422851562
C04 619.997 94.47537231445312
C04 624.979 94.60932159423828
C04 650.012 95.88395690917969
C04 675.004 96.75237274169922
C04 700.03 97.29718017578125
C04 725.012 97.96066284179688
C04 750.022 98.83317565917969
C04 774.987 100.3164291381836
C04 799.976 99.62789916992188
C04 824.988 98.93302917480469
C04 850.022 97.3690414428711
C04 869.967 95.04424285888672
C04 875.002 94.31045532226562
C04 899.999 87.64271545410156
C04 919.999 80.2176742553711
C04 925.012 77.07492065429688
C04 949.965 65.38264465332031
C04 975.002 49.34892654418945
C04 999.976 30.999300003051758
C04 1025.028 15.352205276489258
C04 1050.014 6.418562412261963
C04 1075.002 0.9415696066343273
C04 1099.99 0.09342167136803689
C05 319.994 56.13554382324219
C05 324.969 58.71255874633789
C05 349.982 68.70964813232422
C05 374.975 76.95587158203125
C05 400.019 83.8178482055664
C05 424.965 83.3505859375
C05 450.035 83.36536407470703
C05 475.003 84.05587768554688
C05 500.018 85.3303451538086
C05 525.002 86.33512878417969
C05 550.029 88.91951751708984
C05 575.023 90.95499420166016
C05 599.982 92.6662826538086
C05 619.997 94.3359146118164
C05 624.979 94.47550964355469
C05 650.012 95.76287078857422
C05 675.004 96.64579010009766
C05 700.03 97.21446990966797
C05 725.012 97.90484619140625
C05 750.022 98.8144302368164
C05 774.987 100.32498931884766
C05 799.976 99.6514663696289
C05 824.988 98.96774291992188
C05 850.022 97.414794921875
C05 869.967 95.07552337646484
C05 875.002 94.3340072631836
C05 899.999 87.60913848876953
C05 919.999 80.16832733154297
C05 925.012 77.03483581542969
C05 949.965 65.44939422607422
C05 975.002 49.5544548034668
C05 999.976 31.086950302124023
C05 1025.028 15.387506484985352
C05 1050.014 6.434754848480225
C05 1075.002 0.9413907120737235
C05 1099.99 0.09340392161408084
C06 319.994 55.92849349975586
C06 324.969 58.5001106262207
C06 349.982 68.56697082519531
C06 374.975 76.99982452392578
C06 400.019 83.94087982177734
C06 424.965 83.45172882080078
C06 450.035 83.41016387939453
C06 475.003 84.0453109741211
C06 500.018 85.2853012084961
C06 525.002 86.27359771728516
C06 550.029 88.8672103881836
C06 575.023 90.93091583251953
C06 599.982 92.67377471923828
C06 619.997 94.36898040771484
C06 624.979 94.51127624511719
C06 650.012 95.82331085205078
C06 675.004 96.72590637207031
C06 700.03 97.31954956054688
C06 725.012 98.04615020751953
C06 750.022 98.99031829833984
C06 774.987 100.53422546386719
C06 799.976 99.87584686279297
C06 824.988 99.20632934570312
C06 850.022 97.66664123535156
C06 869.967 95.3290786743164
C06 875.002 94.58074188232422
C06 899.999 87.79354095458984
C06 919.999 80.34757995605469
C06 925.012 77.21726989746094
C06 949.965 65.67012023925781
C06 975.002 49.758968353271484
C06 999.976 31.21522331237793
C06 1025.028 15.45522689819336
C06 1050.014 6.4769134521484375
C06 1075.002 0.9430660849159471
C06 1099.99 0.09357015056835287
C07 319.994 55.51445770263672
C07 324.969 58.074180603027344
C07 349.982 68.17213439941406
C07 374.975 76.71148681640625
C07 400.019 83.77206420898438
C07 424.965 83.33441925048828
C07 450.035 83.30088806152344
C07 475.003 83.95391845703125
C07 500.018 85.2163314819336
C07 525.002 86.21929168701172
C07 550.029 88.84491729736328
C07 575.023 90.90925598144531
C07 599.982 92.6312484741211
C07 619.997 94.30935668945312
C07 624.979 94.44767761230469
C07 650.012 95.75210571289062
C07 675.004 96.66313934326172
C07 700.03 97.2752456665039
C07 725.012 98.03551483154297
C07 750.022 99.02647399902344
C07 774.987 100.61296081542969
C07 799.976 99.98590850830078
C07 824.988 99.33678436279297
C07 850.022 97.81563568115234
C07 869.967 95.49821472167969
C07 875.002 94.75984954833984
C07 899.999 87.96256256103516
C07 919.999 80.5509262084961
C07 925.012 77.42475891113281
C07 949.965 65.89553833007812
C07 975.002 49.96708297729492
C07 999.976 31.279613494873047
C07 1025.028 15.441571235656738
C07 1050.014 6.470874786376953
C07 1075.002 0.9434101349332211
C07 1099.99 0.09360428689499453
C10 319.994 58.84321975708008
C10 324.969 61.46494674682617
C10 349.982 70.552490234375
C10 374.975 76.8861083984375
C10 400.019 83.32862854003906
C10 424.965 83.08110046386719
C10 450.035 83.54716491699219
C10 475.003 84.7427749633789
C10 500.018 86.38119506835938
C10 525.002 87.57779693603516
C10 550.029 90.28103637695312
C10 575.023 92.27678680419922
C10 599.982 93.8570556640625
C10 619.997 95.42235565185547
C10 624.979 95.5215835571289
C10 650.012 96.66790008544922
C10 675.004 97.41552734375
C10 700.03 97.74889373779297
C10 725.012 98.00883483886719
C10 750.022 98.434326171875
C10 774.987 99.47920989990234
C10 799.976 98.5746841430664
C10 824.988 97.87226867675781
C10 850.022 96.10357666015625
C10 869.967 93.64217376708984
C10 875.002 92.93707275390625
C10 899.999 86.34281158447266
C10 919.999 79.42674255371094
C10 925.012 76.43022918701172
C10 949.965 64.97986602783203
C10 975.002 49.506568908691406
C10 999.976 30.671863555908203
C10 1025.028 15.010427474975586
C10 1050.014 6.289983749389648
C10 1075.002 0.9377739248033634
C10 1099.99 0.09304506730378989
C11 319.994 58.36103439331055
C11 324.969 60.98635482788086
C11 349.982 70.30351257324219
C11 374.975 77.01853942871094
C11 400.019 83.5068588256836
C11 424.965 83.18231201171875
C11 450.035 83.5205307006836
C11 475.003 84.56852722167969
C11 500.018 86.1152572631836
C11 525.002 87.2713394165039
C11 550.029 89.9583740234375
C11 575.023 91.99787902832031
C11 599.982 93.64884185791016
C11 619.997 95.26840209960938
C11 624.979 95.37865447998047
C11 650.012 96.5760269165039
C11 675.004 97.36124420166016
C11 700.03 97.72411346435547
C11 725.012 97.99251556396484
C11 750.022 98.4269790649414
C11 774.987 99.47135925292969
C11 799.976 98.5758056640625
C11 824.988 97.87653350830078
C11 850.022 96.11125183105469
C11 869.967 93.65821075439453
C11 875.002 92.95445251464844
C11 899.999 86.49166107177734
C11 919.999 79.8000259399414
C11 925.012 76.82247924804688
C11 949.965 65.19087982177734
C11 975.002 49.32382583618164
C11 999.976 30.5665283203125
C11 1025.028 15.115874290466309
C11 1050.014 6.371112823486328
C11 1075.002 0.937703854543161
C11 1099.99 0.09303811499694484
C12 319.994 57.89152145385742
C12 324.969 60.51320266723633
C12 349.982 70.02668762207031
C12 374.975 77.1073989868164
C12 400.019 83.68173217773438
C12 424.965 83.30464935302734
C12 450.035 83.56287384033203
C12 475.003 84.52493286132812
C12 500.018 86.0103530883789
C12 525.002 87.13280487060547
C12 550.029 89.80792236328125
C12 575.023 91.85929870605469
C12 599.982 93.53803253173828
C12 619.997 95.18145751953125
C12 624.979 95.29885864257812
C12 650.012 96.52469635009766
C12 675.004 97.33521270751953
C12 700.03 97.71853637695312
C12 725.012 98.00350952148438
C12 750.022 98.45207977294922
C12 774.987 99.50750732421875
C12 799.976 98.62215423583984
C12 824.988 97.93075561523438
C12 850.022 96.17115783691406
C12 869.967 93.72357940673828
C12 875.002 93.01957702636719
C12 899.999 86.58377075195312
C12 919.999 79.90363311767578
C12 925.012 76.92212677001953
C12 949.965 65.24147033691406
C12 975.002 49.329750061035156
C12 999.976 30.595321655273438
C12 1025.028 15.140737533569336
C12 1050.014 6.379387855529785
C12 1075.002 0.9379428544512806
C12 1099.99 0.09306182834826375
C13 319.994 57.484458923339844
C13 324.969 60.098785400390625
C13 349.982 69.76261901855469
C13 374.975 77.1776123046875
C13 400.019 83.83484649658203
C13 424.965 83.4315414428711
C13 450.035 83.62123107910156
C13 475.003 84.51737213134766
C13 500.018 85.95280456542969
C13 525.002 87.04904174804688
C13 550.029 89.7077865600586
C13 575.023 91.75829315185547
C13 599.982 93.44856262207031
C13 619.997 95.10388946533203
C13 624.979 95.2252426147461
C13 650.012 96.46855163574219
C13 675.004 97.29431915283203
C13 700.03 97.6988296508789
C13 725.012 98.00403594970703
C13 750.022 98.46705627441406
C13 774.987 99.53461456298828
C13 799.976 98.66385650634766
C13 824.988 97.98851776123047
C13 850.022 96.22783660888672
C13 869.967 93.79249572753906
C13 875.002 93.09813690185547
C13 899.999 86.68888854980469
C13 919.999 80.0003890991211
C13 925.012 77.01111602783203
C13 949.965 65.29108428955078
C13 975.002 49.382469177246094
C13 999.976 30.641571044921875
C13 1025.028 15.1438570022583
C13 1050.014 6.384015083312988
C13 1075.002 0.9380853980725106
C13 1099.99 0.09307597139541006
C14 319.994 57.02971267700195
C14 324.969 59.63104248046875
C14 349.982 69.41625213623047
C14 374.975 77.15738677978516
C14 400.019 83.91036987304688
C14 424.965 83.48471069335938
C14 450.035 83.61833953857422
C14 475.003 84.45272827148438
C14 500.018 85.84925842285156
C14 525.002 86.91602325439453
C14 550.029 89.5632553100586
C14 575.023 91.61595916748047
C14 599.982 93.31987762451172
C14 619.997 94.9857177734375
C14 624.979 95.11290740966797
C14 650.012 96.37345886230469
C14 675.004 97.21813201904297
C14 700.03 97.64669036865234
C14 725.012 97.98381805419922
C14 750.022 98.4706039428711
C14 774.987 99.5613784790039
C14 799.976 98.7081527709961
C14 824.988 98.04483795166016
C14 850.022 96.30235290527344
C14 869.967 93.86662292480469
C14 875.002 93.17150115966797
C14 899.999 86.80204010009766
C14 919.999 80.13801574707031
C14 925.012 77.1448974609375
C14 949.965 65.3911361694336
C14 975.002 49.41338348388672
C14 999.976 30.660863876342773
C14 1025.028 15.187748908996582
C14 1050.014 6.407785892486572
C14 1075.002 0.9381189683055887
C14 1099.99 0.09307930220309574
C15 319.994 56.625370025634766
C15 324.969 59.21452331542969
C15 349.982 69.09902954101562
C15 374.975 77.100341796875
C15 400.019 83.92469024658203
C15 424.965 83.48180389404297
C15 450.035 83.56372833251953
C15 475.003 84.35311889648438
C15 500.018 85.71509552001953
C15 525.002 86.76618194580078
C15 550.029 89.40450286865234
C15 575.023 91.46256256103516
C15 599.982 93.17042541503906
C15 619.997 94.84178161621094
C15 624.979 94.96943664550781
C15 650.012 96.24333953857422
C15 675.004 97.10504913330078
C15 700.03 97.55229949951172
C15 725.012 97.9192886352539
C15 750.022 98.43914031982422
C15 774.987 99.5580825805664
C15 799.976 98.72676086425781
C15 824.988 98.065185546875
C15 850.022 96.35713195800781
C15 869.967 93.90694427490234
C15 875.002 93.20152282714844
C15 899.999 86.89682006835938
C15 919.999 80.27067565917969
C15 925.012 77.26998138427734
C15 949.965 65.4581069946289
C15 975.002 49.361873626708984
C15 999.976 30.63850212097168
C15 1025.028 15.250051498413086
C15 1050.014 6.4458394050598145
C15 1075.002 0.9378189082237867
C15 1099.99 0.09304953051743887
C16 319.994 56.3338737487793
C16 324.969 58.916316986083984
C16 349.982 68.89389038085938
C16 374.975 77.10973358154297
C16 400.019 83.99132537841797
C16 424.965 83.5302734375
C16 450.035 83.57738494873047
C16 475.003 84.34403991699219
C16 500.018 85.68366241455078
C16 525.002 86.7138900756836
C16 550.029 89.34125518798828
C16 575.023 91.38851928710938
C16 599.982 93.08850860595703
C16 619.997 94.7541275024414
C16 624.979 94.8853988647461
C16 650.012 96.16226959228516
C16 675.004 97.032470703125
C16 700.03 97.49868774414062
C16 725.012 97.8958969116211
C16 750.022 98.45387268066406
C16 774.987 99.61181640625
C16 799.976 98.79684448242188
C16 824.988 98.13349151611328
C16 850.022 96.44139862060547
C16 869.967 93.97480773925781
C16 875.002 93.26055145263672
C16 899.999 87.0563735961914
C16 919.999 80.44593811035156
C16 925.012 77.40676879882812
C16 949.965 65.38925170898438
C16 975.002 49.12971496582031
C16 999.976 30.56244659423828
C16 1025.028 15.260274887084961
C16 1050.014 6.450951099395752
C16 1075.002 0.9379589010395627
C16 1099.99 0.09306342047601142
C17 319.994 56.039344787597656
C17 324.969 58.61023712158203
C17 349.982 68.63530731201172
C17 374.975 77.01880645751953
C17 400.019 83.99512481689453
C17 424.965 83.5424575805664
C17 450.035 83.5821304321289
C17 475.003 84.3604965209961
C17 500.018 85.70957946777344
C17 525.002 86.74125671386719
C17 550.029 89.37994384765625
C17 575.023 91.411376953125
C17 599.982 93.08090209960938
C17 619.997 94.73356628417969
C17 624.979 94.8590087890625
C17 650.012 96.12892150878906
C17 675.004 97.00198364257812
C17 700.03 97.48745727539062
C17 725.012 97.92390441894531
C17 750.022 98.53385162353516
C17 774.987 99.7373046875
C17 799.976 98.94365692138672
C17 824.988 98.29042053222656
C17 850.022 96.5879898071289
C17 869.967 94.12689208984375
C17 875.002 93.41343688964844
C17 899.999 87.29862213134766
C17 919.999 80.57833099365234
C17 925.012 77.46368408203125
C17 949.965 65.30974578857422
C17 975.002 49.059181213378906
C17 999.976 30.57524299621582
C17 1025.028 15.203201293945312
C17 1050.014 6.377960681915283
C17 1075.002 0.9387203831481594
C17 1099.99 0.09313897403126714
