lsstCam/transmission_sensor/r33_s02/19700101T000000.ecsv
# %ECSV 0.9
# ---
# datatype:
# - {name: amp_name, datatype: string}
# - {name: wavelength, unit: nm, datatype: float32}
# - {name: efficiency, unit: '%', datatype: float32}
# meta: !!omap
# - {MODE: AMP}
# - {TYPE: transmission_sensor}
# - {CALIBDATE: '1970-01-01T00:00:00'}
# - {INSTRUME: LSSTCAM}
# - {OBSTYPE: transmission_sensor}
# - {DETECTOR: 146}
# - {CALIBCLS: lsst.ip.isr.IntermediateSensorTransmissionCurve}
# - {PICKLEFILE: RaftRun12139.p}
# - {CALIB_ID: 'raftName=R33 detectorName=S02 detector=146 calibDate=1970-01-01T00:00:00 ccd=146 ccdnum=146 filter=None'}
# - {DATE: '2020-07-23T19:16:20.601627'}
# - {CALIB_CREATION_DATE: '2020-07-23'}
# - {CALIB_CREATION_TIME: '19:16:20'}
# - __serialized_columns__:
#     efficiency:
#       __class__: astropy.units.quantity.Quantity
#       unit: !astropy.units.Unit {unit: '%'}
#       value: !astropy.table.SerializedColumn {name: efficiency}
#     wavelength:
#       __class__: astropy.units.quantity.Quantity
#       unit: !astropy.units.Unit {unit: nm}
#       value: !astropy.table.SerializedColumn {name: wavelength}
# schema: astropy-2.0
amp_name wavelength efficiency
C07 319.994 42.80384
C07 324.969 48.422413
C07 349.982 72.041176
C07 374.975 75.80634
C07 400.019 82.487015
C07 424.965 84.50594
C07 450.035 87.112946
C07 475.003 89.449394
C07 500.018 91.32571
C07 525.002 93.02017
C07 550.029 94.58789
C07 575.023 96.14916
C07 599.982 97.24011
C07 619.997 97.168434
C07 624.979 97.63045
C07 650.012 97.99052
C07 675.004 97.99171
C07 700.03 97.63327
C07 725.012 97.9444
C07 750.022 98.10119
C07 774.987 98.74493
C07 799.976 98.37348
C07 824.988 96.35911
C07 850.022 94.28138
C07 869.967 91.058846
C07 875.002 90.150406
C07 899.999 82.64782
C07 919.999 74.02662
C07 925.012 71.28503
C07 949.965 59.48645
C07 975.002 43.966297
C07 999.976 27.011847
C07 1025.028 11.86999
C07 1050.014 4.308661
C07 1075.002 2.3579917
C07 1099.99 1.8469708
C15 319.994 41.49386
C15 324.969 46.92975
C15 349.982 69.557495
C15 374.975 73.48366
C15 400.019 81.27322
C15 424.965 83.874794
C15 450.035 86.798904
C15 475.003 89.33324
C15 500.018 91.339134
C15 525.002 93.11663
C15 550.029 94.74074
C15 575.023 96.3429
C15 599.982 97.4601
C15 619.997 97.39716
C15 624.979 97.85982
C15 650.012 98.232796
C15 675.004 98.22901
C15 700.03 97.8027
C15 725.012 97.94257
C15 750.022 97.90516
C15 774.987 98.39701
C15 799.976 97.97533
C15 824.988 96.02263
C15 850.022 94.00177
C15 869.967 90.76327
C15 875.002 89.87594
C15 899.999 82.72484
C15 919.999 74.24971
C15 925.012 71.53792
C15 949.965 59.517113
C15 975.002 44.04742
C15 999.976 27.0741
C15 1025.028 11.7717
C15 1050.014 4.2234325
C15 1075.002 2.3417823
C15 1099.99 1.8489828
C10 319.994 39.198193
C10 324.969 44.316788
C10 349.982 65.42961
C10 374.975 69.62803
C10 400.019 79.004395
C10 424.965 82.484116
C10 450.035 85.87295
C10 475.003 88.69145
C10 500.018 90.882576
C10 525.002 92.781425
C10 550.029 94.479805
C10 575.023 96.12501
C10 599.982 97.27266
C10 619.997 97.22913
C10 624.979 97.694145
C10 650.012 98.07824
C10 675.004 98.07455
C10 700.03 97.59398
C10 725.012 97.5668
C10 750.022 97.3094
C10 774.987 97.591965
C10 799.976 97.10603
C10 824.988 95.20817
C10 850.022 93.18234
C10 869.967 90.0373
C10 875.002 89.21688
C10 899.999 82.21716
C10 919.999 73.94409
C10 925.012 71.18838
C10 949.965 58.933083
C10 975.002 43.887535
C10 999.976 26.99767
C10 1025.028 11.809836
C10 1050.014 4.2787547
C10 1075.002 2.3295517
C10 1099.99 1.8254211
C05 319.994 42.44545
C05 324.969 48.0115
C05 349.982 71.37807
C05 374.975 75.1875
C05 400.019 82.13634
C05 424.965 84.30059
C05 450.035 86.98513
C05 475.003 89.37152
C05 500.018 91.276306
C05 525.002 92.9908
C05 550.029 94.572395
C05 575.023 96.14257
C05 599.982 97.240326
C05 619.997 97.17292
C05 624.979 97.63484
C05 650.012 97.999344
C05 675.004 98.00793
C05 700.03 97.66686
C05 725.012 98.034584
C05 750.022 98.26989
C05 774.987 99.01221
C05 799.976 98.68364
C05 824.988 96.67171
C05 850.022 94.6616
C05 869.967 91.35118
C05 875.002 90.43342
C05 899.999 82.84789
C05 919.999 74.29714
C05 925.012 71.56881
C05 949.965 59.557373
C05 975.002 44.174618
C05 999.976 27.037165
C05 1025.028 11.866558
C05 1050.014 4.2576523
C05 1075.002 2.343077
C05 1099.99 1.8466991
C00 319.994 41.131207
C00 324.969 46.51343
C00 349.982 68.702835
C00 374.975 72.4815
C00 400.019 80.6099
C00 424.965 83.43801
C00 450.035 86.48671
C00 475.003 89.09161
C00 500.018 91.14545
C00 525.002 92.94546
C00 550.029 94.57242
C00 575.023 96.17054
C00 599.982 97.27781
C00 619.997 97.21101
C00 624.979 97.674736
C00 650.012 98.032974
C00 675.004 98.02587
C00 700.03 97.63022
C00 725.012 97.86886
C00 750.022 97.9496
C00 774.987 98.55516
C00 799.976 98.181915
C00 824.988 96.211876
C00 850.022 94.187706
C00 869.967 90.95666
C00 875.002 90.11894
C00 899.999 82.48693
C00 919.999 73.91802
C00 925.012 71.22571
C00 949.965 59.26698
C00 975.002 44.51271
C00 999.976 27.14168
C00 1025.028 11.873186
C00 1050.014 4.2931623
C00 1075.002 2.352413
C00 1099.99 1.8442136
C04 319.994 42.119347
C04 324.969 47.643948
C04 349.982 70.79767
C04 374.975 74.66407
C04 400.019 81.86461
C04 424.965 84.15283
C04 450.035 86.90683
C04 475.003 89.332275
C04 500.018 91.26687
C04 525.002 93.00068
C04 550.029 94.590065
C04 575.023 96.17481
C04 599.982 97.27131
C04 619.997 97.20773
C04 624.979 97.669334
C04 650.012 98.03715
C04 675.004 98.04263
C04 700.03 97.6971
C04 725.012 98.05085
C04 750.022 98.27295
C04 774.987 99.00293
C04 799.976 98.67385
C04 824.988 96.66697
C04 850.022 94.65819
C04 869.967 91.355865
C04 875.002 90.4298
C04 899.999 82.86569
C04 919.999 74.31894
C04 925.012 71.59436
C04 949.965 59.61837
C04 975.002 44.20802
C04 999.976 27.075815
C04 1025.028 11.8674135
C04 1050.014 4.252845
C04 1075.002 2.3396637
C04 1099.99 1.8449866
C02 319.994 41.71531
C02 324.969 47.17765
C02 349.982 69.93221
C02 374.975 73.79472
C02 400.019 81.40355
C02 424.965 83.927635
C02 450.035 86.80759
C02 475.003 89.313156
C02 500.018 91.298195
C02 525.002 93.05957
C02 550.029 94.671104
C02 575.023 96.25943
C02 599.982 97.36606
C02 619.997 97.29807
C02 624.979 97.76152
C02 650.012 98.125114
C02 675.004 98.127686
C02 700.03 97.7567
C02 725.012 98.0523
C02 750.022 98.20516
C02 774.987 98.877106
C02 799.976 98.52439
C02 824.988 96.52578
C02 850.022 94.52646
C02 869.967 91.19331
C02 875.002 90.30899
C02 899.999 82.762054
C02 919.999 74.28515
C02 925.012 71.525444
C02 949.965 59.46238
C02 975.002 44.189583
C02 999.976 27.081276
C02 1025.028 11.86012
C02 1050.014 4.233269
C02 1075.002 2.3286622
C02 1099.99 1.8438756
C03 319.994 41.903446
C03 324.969 47.397762
C03 349.982 70.333084
C03 374.975 74.18879
C03 400.019 81.59874
C03 424.965 84.01092
C03 450.035 86.828865
C03 475.003 89.29682
C03 500.018 91.2575
C03 525.002 93.0059
C03 550.029 94.60687
C03 575.023 96.19222
C03 599.982 97.293205
C03 619.997 97.22478
C03 624.979 97.68932
C03 650.012 98.05514
C03 675.004 98.05499
C03 700.03 97.69629
C03 725.012 98.0226
C03 750.022 98.20885
C03 774.987 98.91106
C03 799.976 98.571495
C03 824.988 96.564735
C03 850.022 94.56354
C03 869.967 91.2569
C03 875.002 90.351494
C03 899.999 82.819824
C03 919.999 74.26323
C03 925.012 71.56016
C03 949.965 59.503864
C03 975.002 44.171642
C03 999.976 27.05054
C03 1025.028 11.855834
C03 1050.014 4.2416706
C03 1075.002 2.3326833
C03 1099.99 1.8431813
C17 319.994 42.00019
C17 324.969 47.502674
C17 349.982 70.42412
C17 374.975 74.284035
C17 400.019 81.77297
C17 424.965 84.20832
C17 450.035 87.04544
C17 475.003 89.52596
C17 500.018 91.49389
C17 525.002 93.248375
C17 550.029 94.85123
C17 575.023 96.44074
C17 599.982 97.54337
C17 619.997 97.47418
C17 624.979 97.93977
C17 650.012 98.30356
C17 675.004 98.29219
C17 700.03 97.84903
C17 725.012 97.94368
C17 750.022 97.83859
C17 774.987 98.254135
C17 799.976 97.80241
C17 824.988 95.855225
C17 850.022 93.828186
C17 869.967 90.58283
C17 875.002 89.736305
C17 899.999 82.63323
C17 919.999 74.25786
C17 925.012 71.559456
C17 949.965 59.409145
C17 975.002 44.031166
C17 999.976 26.98789
C17 1025.028 11.811706
C17 1050.014 4.2835007
C17 1075.002 2.361982
C17 1099.99 1.8545854
C14 319.994 40.992863
C14 324.969 46.360516
C14 349.982 68.70033
C14 374.975 72.69451
C14 400.019 80.715065
C14 424.965 83.45371
C14 450.035 86.44353
C14 475.003 89.02232
C14 500.018 91.057175
C14 525.002 92.853096
C14 550.029 94.4885
C14 575.023 96.09217
C14 599.982 97.21229
C14 619.997 97.15797
C14 624.979 97.62072
C14 650.012 97.99766
C14 675.004 97.99701
C14 700.03 97.56703
C14 725.012 97.68199
C14 750.022 97.61966
C14 774.987 98.08166
C14 799.976 97.65408
C14 824.988 95.7252
C14 850.022 93.71992
C14 869.967 90.41451
C14 875.002 89.609955
C14 899.999 82.40812
C14 919.999 74.134735
C14 925.012 71.52919
C14 949.965 59.035694
C14 975.002 44.20589
C14 999.976 26.851458
C14 1025.028 11.745327
C14 1050.014 4.233523
C14 1075.002 2.3401344
C14 1099.99 1.8427944
C11 319.994 39.865993
C11 324.969 45.07547
C11 349.982 66.616196
C11 374.975 70.78329
C11 400.019 79.78793
C11 424.965 83.04774
C11 450.035 86.32221
C11 475.003 89.07047
C11 500.018 91.2152
C11 525.002 93.08331
C11 550.029 94.76196
C11 575.023 96.39735
C11 599.982 97.536476
C11 619.997 97.49096
C11 624.979 97.95377
C11 650.012 98.337234
C11 675.004 98.331375
C11 700.03 97.85982
C11 725.012 97.86401
C11 750.022 97.65223
C11 774.987 97.977356
C11 799.976 97.50127
C11 824.988 95.590744
C11 850.022 93.54193
C11 869.967 90.40256
C11 875.002 89.54818
C11 899.999 82.481804
C11 919.999 74.160355
C11 925.012 71.38389
C11 949.965 59.3145
C11 975.002 43.876354
C11 999.976 27.060171
C11 1025.028 11.808825
C11 1050.014 4.253026
C11 1075.002 2.33906
C11 1099.99 1.8345463
C16 319.994 41.73504
C16 324.969 47.198395
C16 349.982 69.944405
C16 374.975 73.82131
C16 400.019 81.44845
C16 424.965 83.96282
C16 450.035 86.83577
C16 475.003 89.33551
C16 500.018 91.31927
C16 525.002 93.082825
C16 550.029 94.69158
C16 575.023 96.28369
C16 599.982 97.38801
C16 619.997 97.32367
C16 624.979 97.78691
C16 650.012 98.15156
C16 675.004 98.14223
C16 700.03 97.71941
C16 725.012 97.853424
C16 750.022 97.81207
C16 774.987 98.29203
C16 799.976 97.869026
C16 824.988 95.91309
C16 850.022 93.88725
C16 869.967 90.66925
C16 875.002 89.78016
C16 899.999 82.64997
C16 919.999 74.155655
C16 925.012 71.420555
C16 949.965 59.50884
C16 975.002 43.9399
C16 999.976 27.061655
C16 1025.028 11.761033
C16 1050.014 4.230135
C16 1075.002 2.3461976
C16 1099.99 1.850851
C06 319.994 42.619804
C06 324.969 48.211132
C06 349.982 71.68425
C06 374.975 75.46496
C06 400.019 82.289055
C06 424.965 84.38179
C06 450.035 87.030754
C06 475.003 89.38879
C06 500.018 91.28229
C06 525.002 92.98468
C06 550.029 94.55722
C06 575.023 96.12374
C06 599.982 97.21669
C06 619.997 97.14524
C06 624.979 97.60467
C06 650.012 97.96457
C06 675.004 97.9742
C06 700.03 97.636055
C06 725.012 97.98835
C06 750.022 98.21
C06 774.987 98.923836
C06 799.976 98.58848
C06 824.988 96.570915
C06 850.022 94.534065
C06 869.967 91.25847
C06 875.002 90.33999
C06 899.999 82.75248
C06 919.999 74.16225
C06 925.012 71.4476
C06 949.965 59.522804
C06 975.002 44.105534
C06 999.976 27.003946
C06 1025.028 11.847503
C06 1050.014 4.2691436
C06 1075.002 2.34671
C06 1099.99 1.8479472
C13 319.994 40.7634
C13 324.969 46.094063
C13 349.982 68.230515
C13 374.975 72.254295
C13 400.019 80.51926
C13 424.965 83.3893
C13 450.035 86.4529
C13 475.003 89.07174
C13 500.018 91.13132
C13 525.002 92.944855
C13 550.029 94.58498
C13 575.023 96.1983
C13 599.982 97.32074
C13 619.997 97.26177
C13 624.979 97.7253
C13 650.012 98.09869
C13 675.004 98.09092
C13 700.03 97.64585
C13 725.012 97.719475
C13 750.022 97.60694
C13 774.987 98.02399
C13 799.976 97.57975
C13 824.988 95.65812
C13 850.022 93.63582
C13 869.967 90.3751
C13 875.002 89.627205
C13 899.999 82.34469
C13 919.999 74.262924
C13 925.012 71.4291
C13 949.965 59.106014
C13 975.002 44.109478
C13 999.976 26.67645
C13 1025.028 11.800925
C13 1050.014 4.2462964
C13 1075.002 2.3412595
C13 1099.99 1.8396001
C01 319.994 41.40966
C01 324.969 46.827744
C01 349.982 69.29913
C01 374.975 73.15784
C01 400.019 81.035866
C01 424.965 83.70605
C01 450.035 86.66798
C01 475.003 89.219574
C01 500.018 91.23271
C01 525.002 93.00981
C01 550.029 94.630844
C01 575.023 96.222275
C01 599.982 97.32705
C01 619.997 97.26334
C01 624.979 97.72153
C01 650.012 98.087395
C01 675.004 98.087074
C01 700.03 97.7051
C01 725.012 97.97281
C01 750.022 98.088295
C01 774.987 98.727776
C01 799.976 98.36007
C01 824.988 96.387474
C01 850.022 94.37285
C01 869.967 91.07457
C01 875.002 90.197624
C01 899.999 82.73116
C01 919.999 74.15524
C01 925.012 71.44012
C01 949.965 59.345047
C01 975.002 44.30646
C01 999.976 27.116287
C01 1025.028 11.826654
C01 1050.014 4.2504086
C01 1075.002 2.3474987
C01 1099.99 1.8542466
C12 319.994 40.35446
C12 324.969 45.630524
C12 349.982 67.51717
C12 374.975 71.61098
C12 400.019 80.18269
C12 424.965 83.20628
C12 450.035 86.35298
C12 475.003 89.02005
C12 500.018 91.11258
C12 525.002 92.94583
C12 550.029 94.60093
C12 575.023 96.22519
C12 599.982 97.356804
C12 619.997 97.3027
C12 624.979 97.76519
C12 650.012 98.14281
C12 675.004 98.138245
C12 700.03 97.682175
C12 725.012 97.721146
C12 750.022 97.55635
C12 774.987 97.929665
C12 799.976 97.467834
C12 824.988 95.55985
C12 850.022 93.51514
C12 869.967 90.31761
C12 875.002 89.54724
C12 899.999 82.342026
C12 919.999 74.228
C12 925.012 71.2808
C12 949.965 59.196667
C12 975.002 43.939785
C12 999.976 26.750244
C12 1025.028 11.816286
C12 1050.014 4.25427
C12 1075.002 2.3392541
C12 1099.99 1.8349159
