lsstCam/transmission_sensor/r33_s02/19700101T000000.ecsv
# %ECSV 1.0
# ---
# datatype:
# - {name: amp_name, datatype: string}
# - {name: wavelength, unit: nm, datatype: float32}
# - {name: efficiency, unit: '%', datatype: float64}
# meta: !!omap
# - {MODE: AMP}
# - {TYPE: transmission_sensor}
# - {CALIBDATE: '1970-01-01T00:00:00'}
# - {INSTRUME: LSSTCam}
# - {OBSTYPE: transmission_sensor}
# - {DETECTOR: 146}
# - {PARQUETFILE: qe_raft_allvalues_nircorrected_20230725_adjust.parquet}
# - {CORRFILE: qe_corr_factor_bydetnum.parquet}
# - {CALIBCLS: lsst.ip.isr.IntermediateSensorTransmissionCurve}
# - {CALIB_ID: 'raftName=R33 detectorName=S02 detector=146 calibDate=1970-01-01T00:00:00 ccd=146 ccdnum=146 filter=None'}
# - {DATE: '2025-03-03T21:56:48.204338'}
# - {CALIB_CREATION_DATE: '2025-03-03'}
# - {CALIB_CREATION_TIME: '21:56:48'}
# - __serialized_columns__:
#     efficiency:
#       __class__: astropy.units.quantity.Quantity
#       unit: !astropy.units.Unit {unit: '%'}
#       value: !astropy.table.SerializedColumn {name: efficiency}
#     wavelength:
#       __class__: astropy.units.quantity.Quantity
#       unit: !astropy.units.Unit {unit: nm}
#       value: !astropy.table.SerializedColumn {name: wavelength}
# schema: astropy-2.0
amp_name wavelength efficiency
C00 319.994 41.29135084054825
C00 324.969 46.69453156714882
C00 349.982 68.97032953054857
C00 374.975 72.7637053904193
C00 400.019 80.92375603149782
C00 424.965 83.7628770163044
C00 450.035 86.8234455471033
C00 475.003 89.43849191476356
C00 500.018 91.50032152017063
C00 525.002 93.30734054183965
C00 550.029 94.94063586696393
C00 575.023 96.54497979569727
C00 599.982 97.65656023511755
C00 619.997 97.58950481834438
C00 624.979 98.05503254957115
C00 650.012 98.41466557008337
C00 675.004 98.40753494837968
C00 700.03 98.01034170355499
C00 725.012 98.24991067914016
C00 750.022 98.3309669299352
C00 774.987 98.93888498134817
C00 799.976 98.56418651197326
C00 824.988 96.58647679719094
C00 850.022 94.55442577092882
C00 869.967 91.31079710120407
C00 875.002 90.4698203088441
C00 899.999 82.8080936633696
C00 919.999 74.20582193106897
C00 925.012 71.50302525958573
C00 949.965 59.497735165868946
C00 975.002 44.686020783428376
C00 999.976 27.24735587781416
C00 1025.028 11.919414354514599
C00 1050.014 4.30987777092696
C00 1075.002 0.9367930927653358
C00 1099.99 0.09294775005004868
C01 319.994 41.57088882726201
C01 324.969 47.0100673218619
C01 349.982 69.56894943507831
C01 374.975 73.44267690858324
C01 400.019 81.35137887893129
C01 424.965 84.03195650254942
C01 450.035 87.00541809388959
C01 475.003 89.56695033282406
C01 500.018 91.58792630110172
C01 525.002 93.37194504674905
C01 550.029 94.99928925150407
C01 575.023 96.59691614991074
C01 599.982 97.70599206377021
C01 619.997 97.64203858232464
C01 624.979 98.10200580726045
C01 650.012 98.469297927347
C01 675.004 98.46897624516488
C01 700.03 98.08551576587695
C01 725.012 98.35426591084028
C01 750.022 98.47020170109677
C01 774.987 99.11217210921717
C01 799.976 98.74303414613321
C01 824.988 96.7627586329935
C01 850.022 94.74028914029884
C01 869.967 91.4291684851252
C01 875.002 90.54880860275408
C01 899.999 83.05327675894274
C01 919.999 74.4439663141333
C01 925.012 71.71826893492285
C01 949.965 59.576106902263184
C01 975.002 44.47896851508598
C01 999.976 27.221864479655927
C01 1025.028 11.872701506210817
C01 1050.014 4.266957612993638
C01 1075.002 0.9381191289974392
C01 1099.99 0.09307931814679352
C02 319.994 41.87772767440844
C02 324.969 47.361336605638954
C02 349.982 70.20449385865585
C02 374.975 74.08204322284837
C02 400.019 81.72049386471652
C02 424.965 84.254407390586
C02 450.035 87.14557195700007
C02 475.003 89.66089684820267
C02 500.018 91.65366435274811
C02 525.002 93.42189769417276
C02 550.029 95.03970631995776
C02 575.023 96.63421596483768
C02 599.982 97.74515303989372
C02 619.997 97.67690280358694
C02 624.979 98.14215480722905
C02 650.012 98.50716451564244
C02 675.004 98.50974563219899
C02 700.03 98.13731425629808
C02 725.012 98.43406606930512
C02 750.022 98.58752378837622
C02 774.987 99.26208366518534
C02 799.976 98.90799583276493
C02 824.988 96.90160279007678
C02 850.022 94.89449745112822
C02 869.967 91.54837471089992
C02 875.002 90.66060847924044
C02 899.999 83.08428845311917
C02 919.999 74.57437780258526
C02 925.012 71.80392830456205
C02 949.965 59.693896194616656
C02 975.002 44.36163493915718
C02 999.976 27.186716871709372
C02 1025.028 11.906297189106127
C02 1050.014 4.249751445799927
C02 1075.002 0.9392364018204687
C02 1099.99 0.09319017292987705
C03 319.994 42.066597240361396
C03 324.969 47.582305457907886
C03 349.982 70.60692592758937
C03 374.975 74.4776433749616
C03 400.019 81.91644426822593
C03 424.965 84.33801412153927
C03 450.035 87.16693318571285
C03 475.003 89.64449871601406
C03 500.018 91.61281071561868
C03 525.002 93.36801592866742
C03 550.029 94.97522436064156
C03 575.023 96.56674695668748
C03 599.982 97.67201629805854
C03 619.997 97.60332183397645
C03 624.979 98.06967674795725
C03 650.012 98.43691525434677
C03 675.004 98.43676973145486
C03 700.03 98.07666950586861
C03 725.012 98.4042491946623
C03 750.022 98.5912231334706
C03 774.987 99.29616665829107
C03 799.976 98.95528311353678
C03 824.988 96.94071015250326
C03 850.022 94.93172067505941
C03 869.967 91.61220564675232
C03 875.002 90.70327732296897
C03 899.999 83.14228315509592
C03 919.999 74.55237320950825
C03 925.012 71.83877720762521
C03 949.965 59.735542548552026
C03 975.002 44.34362456650816
C03 999.976 27.15586218907422
C03 1025.028 11.901994689920253
C03 1050.014 4.258185550512423
C03 1075.002 0.9392712642020463
C03 1099.99 0.09319363194334977
C04 319.994 42.28333826966531
C04 324.969 47.829449282972064
C04 349.982 71.07331913706804
C04 374.975 74.95477464204347
C04 400.019 82.18334857019185
C04 424.965 84.48048103272122
C04 450.035 87.24520152426284
C04 475.003 89.68009055173592
C04 500.018 91.62221608989594
C04 525.002 93.36277710455857
C04 550.029 94.95835136427932
C04 575.023 96.54926889145888
C04 599.982 97.65003468228024
C04 619.997 97.58621140552742
C04 624.979 98.04960990707254
C04 650.012 98.41885509755052
C04 675.004 98.42436199014446
C04 700.03 98.07748137042348
C04 725.012 98.432610840386
C04 750.022 98.65557488809405
C04 774.987 99.38839753536503
C04 799.976 99.05803759342587
C04 824.988 97.04334208679916
C04 850.022 95.02673946437844
C04 869.967 91.71155948643039
C04 875.002 90.78189032099979
C04 899.999 83.18832966173674
C04 919.999 74.60829995459993
C04 925.012 71.87311295101689
C04 949.965 59.85049414451321
C04 975.002 44.380143153278524
C04 999.976 27.18123487118905
C04 1025.028 11.913619288299177
C04 1050.014 4.269403259226463
C04 1075.002 0.9398839521466469
C04 1099.99 0.09325442227834821
C05 319.994 42.610711162770485
C05 324.969 48.19843406406453
C05 349.982 71.6559774780849
C05 374.975 75.48024248653887
C05 400.019 82.45613506063086
C05 424.965 84.62881481417708
C05 450.035 87.32380686319408
C05 475.003 89.71948895994622
C05 500.018 91.63169039606939
C05 525.002 93.35285857060984
C05 550.029 94.9406128896652
C05 575.023 96.51690153665781
C05 599.982 97.61893107890891
C05 619.997 97.5512629341698
C05 624.979 98.01498311789703
C05 650.012 98.38090425915976
C05 675.004 98.38952074618088
C05 700.03 98.04712835881045
C05 725.012 98.41628164009356
C05 750.022 98.65250358916475
C05 774.987 99.39771100044742
C05 799.976 99.06786421817972
C05 824.988 97.04809838763481
C05 850.022 95.03016308188816
C05 869.967 91.70685679929176
C05 875.002 90.78552073419803
C05 899.999 83.17046098242986
C05 919.999 74.5864179071161
C05 925.012 71.8474626265425
C05 949.965 59.78925964341652
C05 975.002 44.34661161534215
C05 999.976 27.142433872745546
C05 1025.028 11.912760511759407
C05 1050.014 4.274229449345731
C05 1075.002 0.9398545511365534
C05 1099.99 0.09325150513713687
C06 319.994 42.78574456534243
C06 324.969 48.398842063526196
C06 349.982 71.96335246220153
C06 374.975 75.75878096075819
C06 400.019 82.60944725681003
C06 424.965 84.71033061094657
C06 450.035 87.36960827864853
C06 475.003 89.73682150228291
C06 500.018 91.63769513013565
C06 525.002 93.34671597275123
C06 550.029 94.92537894061188
C06 575.023 96.49799887890839
C06 599.982 97.59520318842767
C06 619.997 97.52347572091416
C06 624.979 97.98469137908059
C06 650.012 98.34599408330001
C06 675.004 98.35565986696281
C06 700.03 98.01620091472934
C06 725.012 98.36986749667317
C06 750.022 98.59237965750633
C06 774.987 99.30899565007806
C06 799.976 98.97233226918922
C06 824.988 96.94691402315846
C06 850.022 94.90213357340382
C06 869.967 91.61378342126461
C06 875.002 90.69172740081089
C06 899.999 83.07467628315341
C06 919.999 74.45099736754254
C06 925.012 71.72578251160526
C06 949.965 59.75455626324528
C06 975.002 44.27725846869667
C06 999.976 27.10908615319895
C06 1025.028 11.893630953185095
C06 1050.014 4.285765489385828
C06 1075.002 0.9392819136804191
C06 1099.99 0.09319468857481045
C07 319.994 42.97049736527419
C07 324.969 48.61094550803786
C07 349.982 72.32166811758697
C07 374.975 76.10149503031073
C07 400.019 82.80817791346492
C07 424.965 84.83496713831948
C07 450.035 87.45211975836267
C07 475.003 89.79766538930132
C07 500.018 91.6812830658131
C07 525.002 93.38234610397097
C07 550.029 94.95616852090065
C07 575.023 96.52351899869002
C07 599.982 97.61871662412084
C07 619.997 97.5467593836201
C07 624.979 98.01057147654222
C07 650.012 98.37204268095228
C07 675.004 98.37323750048587
C07 700.03 98.01340534338472
C07 725.012 98.3257434240255
C07 750.022 98.48314557937736
C07 774.987 99.12938976506024
C07 799.976 98.75649884318487
C07 824.988 96.73428210077617
C07 850.022 94.64846419550231
C07 869.967 91.41338308090252
C07 875.002 90.5014064354886
C07 899.999 82.96960875519288
C07 919.999 74.31484155440984
C07 925.012 71.56257475877607
C07 949.965 59.71806065377364
C07 975.002 44.137479901465326
C07 999.976 27.117017150808163
C07 1025.028 11.916206149180404
C07 1050.014 4.325436753018468
C07 1075.002 0.9382419696725984
C07 1099.99 0.0930915062857314
C10 319.994 39.350810736000106
C10 324.969 44.489335106359825
C10 349.982 65.68436135837698
C10 374.975 69.89912555862769
C10 400.019 79.31199809437653
C10 424.965 82.80526745562668
C10 450.035 86.20729396364794
C10 475.003 89.03677214209044
C10 500.018 91.23642724433742
C10 525.002 93.14266990099176
C10 550.029 94.84766205723125
C10 575.023 96.49927028943772
C10 599.982 97.65139034290489
C10 619.997 97.60769517983339
C10 624.979 98.07451729888822
C10 650.012 98.46010700785781
C10 675.004 98.45640000366384
C10 700.03 97.97396098057696
C10 725.012 97.94667926789324
C10 750.022 97.68827656645482
C10 774.987 97.97193897828934
C10 799.976 97.48411560820172
C10 824.988 95.57886097539247
C10 850.022 93.54514792452272
C10 869.967 90.38786028429931
C10 875.002 89.56424667067432
C10 899.999 82.5372755615212
C10 919.999 74.23199307431442
C10 925.012 71.46554928536857
C10 949.965 59.1625385025486
C10 975.002 44.05841118700983
C10 999.976 27.102784629024182
C10 1025.028 11.855817978586675
C10 1050.014 4.295414040074578
C10 1075.002 0.9306714151560865
C10 1099.99 0.0923403628215286
C11 319.994 40.02121172174038
C11 324.969 45.2509712862294
C11 349.982 66.8755657969719
C11 374.975 71.05888173437044
C11 400.019 80.09858762065926
C11 424.965 83.37108343667961
C11 450.035 86.65830770118137
C11 475.003 89.41726854984312
C11 500.018 91.57034866757864
C11 525.002 93.44573281204805
C11 550.029 95.13091853678834
C11 575.023 96.77266950784266
C11 599.982 97.91623434708532
C11 619.997 97.87054015902491
C11 624.979 98.33515645740235
C11 650.012 98.72011046110727
C11 675.004 98.71422827263419
C11 700.03 98.24083464614459
C11 725.012 98.24504715091047
C11 750.022 98.0324382058269
C11 774.987 98.35883073418657
C11 799.976 97.88088760254982
C11 824.988 95.96292652354678
C11 850.022 93.9061366056596
C11 869.967 90.7545396764199
C11 875.002 89.89683541058962
C11 899.999 82.80294674845565
C11 919.999 74.44909791084811
C11 925.012 71.66182137106011
C11 949.965 59.5454398675676
C11 975.002 44.047186776583665
C11 999.976 27.16552988751191
C11 1025.028 11.85480219050563
C11 1050.014 4.269585162841353
C11 1075.002 0.9339502255333492
C11 1099.99 0.09266568337497941
C12 319.994 40.51158174243646
C12 324.969 45.80818609846037
C12 349.982 67.78005184300213
C12 374.975 71.88979446988976
C12 400.019 80.49488475083375
C12 424.965 83.53024718493356
C12 450.035 86.68919684976461
C12 475.003 89.36664956075643
C12 500.018 91.46732611920446
C12 525.002 93.30771583771879
C12 550.029 94.96925792207315
C12 575.023 96.59984192594813
C12 599.982 97.73586255211006
C12 619.997 97.68154421792899
C12 624.979 98.14583883412429
C12 650.012 98.52492596755529
C12 675.004 98.52034582600984
C12 700.03 98.06250017165611
C12 725.012 98.10162285228174
C12 750.022 97.93618630147643
C12 774.987 98.3109537027475
C12 799.976 97.84732542821516
C12 824.988 95.93191482937036
C12 850.022 93.87923784795458
C12 869.967 90.66926326175941
C12 875.002 89.89589334134197
C12 899.999 82.66262438515453
C12 919.999 74.51700348767403
C12 925.012 71.55833161761188
C12 949.965 59.42714890419201
C12 975.002 44.110864530444566
C12 999.976 26.85439620027918
C12 1025.028 11.862292789889315
C12 1050.014 4.27083407476569
C12 1075.002 0.9330332373310007
C12 1099.99 0.09257470064796215
C13 319.994 40.92211330916983
C13 324.969 46.27353001129736
C13 349.982 68.49616999410152
C13 374.975 72.53561740509603
C13 400.019 80.83275826945533
C13 424.965 83.71397366552236
C13 450.035 86.78950807688949
C13 475.003 89.41853996037244
C13 500.018 91.486136867759
C13 525.002 93.30673547297327
C13 550.029 94.95324274486326
C13 575.023 96.57285125904822
C13 599.982 97.69965798842226
C13 619.997 97.64046080781233
C13 624.979 98.10579706154975
C13 650.012 98.48063339471699
C13 675.004 98.47283643135033
C13 700.03 98.02603519858278
C13 725.012 98.09994550947496
C13 750.022 97.98697379075374
C13 774.987 98.40564315078483
C13 799.976 97.95967675987086
C13 824.988 96.03056403188761
C13 850.022 94.00038948502119
C13 869.967 90.72697457705192
C13 875.002 89.97616836398042
C13 899.999 82.66529741090596
C13 919.999 74.55206684552527
C13 925.012 71.70720919513754
C13 949.965 59.33614348304993
C13 975.002 44.2812182231766
C13 999.976 26.780315474421457
C13 1025.028 11.846872150283868
C13 1050.014 4.262829358323079
C13 1075.002 0.933517086088603
C13 1099.99 0.09262270767718872
C14 319.994 41.1524683879671
C14 324.969 46.54102023438072
C14 349.982 68.96781734588818
C14 374.975 72.97754745053433
C14 400.019 81.02932906003026
C14 424.965 83.77863944322834
C14 450.035 86.78009504351265
C14 475.003 89.36893197242958
C14 500.018 91.41170573809575
C14 525.002 93.21461948239292
C14 550.029 94.85639343074597
C14 575.023 96.46630552486985
C14 599.982 97.59078388797329
C14 619.997 97.53625109900412
C14 624.979 98.00080612458495
C14 650.012 98.37921159815384
C14 675.004 98.37856057469003
C14 700.03 97.94690904088047
C14 725.012 98.06231635326633
C14 750.022 97.99974150974413
C14 774.987 98.4635382844671
C14 799.976 98.03429936702346
C14 824.988 96.09790283534502
C14 850.022 94.08481573962892
C14 869.967 90.76654148545286
C14 875.002 89.95885113984289
C14 899.999 82.72897516476687
C14 919.999 74.42337865447753
C14 925.012 71.80768892245304
C14 949.965 59.26554956227342
C14 975.002 44.37800626449729
C14 999.976 26.95600373000701
C14 1025.028 11.791057419523455
C14 1050.014 4.250006110860773
C14 1075.002 0.9336387224088096
C14 1099.99 0.09263477632113462
C15 319.994 41.65541465016421
C15 324.969 47.11246948317056
C15 349.982 69.82831718306309
C15 374.975 73.76976641500417
C15 400.019 81.5896534666884
C15 424.965 84.20136046693425
C15 450.035 87.1368559016845
C15 475.003 89.68105559828228
C15 500.018 91.69476308106391
C15 525.002 93.4791800998891
C15 550.029 95.10961092177259
C15 575.023 96.71801417328031
C15 599.982 97.83955910124679
C15 619.997 97.77637918885823
C15 624.979 98.24083464614459
C15 650.012 98.6152650470344
C15 675.004 98.61146613364554
C15 700.03 98.18349096763166
C15 725.012 98.32391289922725
C15 750.022 98.28635267491478
C15 774.987 98.78011950627207
C15 799.976 98.3567934136998
C15 824.988 96.39649283224992
C15 850.022 94.36776585520305
C15 869.967 91.1166542451942
C15 875.002 90.22587032830242
C15 899.999 83.04692736539563
C15 919.999 74.53880128506255
C15 925.012 71.81645093236607
C15 949.965 59.74884257496283
C15 975.002 44.218919107239074
C15 999.976 27.179513488559724
C15 1025.028 11.817533011976987
C15 1050.014 4.2398764729800105
C15 1075.002 0.9363692523419734
C15 1099.99 0.09290569699261686
C16 319.994 41.89753410590763
C16 324.969 47.382161697381534
C16 349.982 70.21673309977561
C16 374.975 74.10873518486487
C16 400.019 81.76556766571139
C16 424.965 84.28973115782276
C16 450.035 87.17386467082761
C16 475.003 89.68333800995543
C16 500.018 91.67481878577237
C16 525.002 93.44524262967529
C16 550.029 95.06026334321524
C16 575.023 96.65857190148401
C16 599.982 97.76718826936904
C16 619.997 97.7025990826588
C16 624.979 98.16764429061239
C16 650.012 98.53371095476703
C16 675.004 98.52434387598764
C16 700.03 98.09988423667838
C16 725.012 98.23441632070131
C16 750.022 98.1929040010085
C16 774.987 98.67473029612943
C16 799.976 98.2500791793308
C16 824.988 96.28653113966139
C16 850.022 94.2528027705925
C16 869.967 91.02227116113984
C16 875.002 90.1297179922464
C16 899.999 82.97176862127283
C16 919.999 74.44437990551033
C16 925.012 71.6986310036143
C16 949.965 59.74053628147448
C16 975.002 44.11097941693818
C16 999.976 27.167019582379112
C16 1025.028 11.80682463338464
C16 1050.014 4.246604991956051
C16 1075.002 0.9354789715054679
C16 1099.99 0.09281736414590297
C17 319.994 42.16371845251357
C17 324.969 47.687625736154374
C17 349.982 70.69831430371016
C17 374.975 74.57325957404741
C17 400.019 82.09135512520469
C17 424.965 84.53618566392524
C17 450.035 87.3843520453291
C17 475.003 89.8745321126292
C17 500.018 91.85012025682943
C17 525.002 93.61143743133847
C17 550.029 95.22053000180789
C17 575.023 96.8162344662214
C17 599.982 97.9231581731005
C17 619.997 97.85369779906098
C17 624.979 98.32110200968347
C17 650.012 98.68630319558622
C17 675.004 98.67489113722048
C17 700.03 98.23000467934651
C17 725.012 98.32502346866552
C17 750.022 98.21952703112883
C17 774.987 98.63668754854378
C17 799.976 98.18319992184783
C17 824.988 96.22843686939018
C17 850.022 94.19350602168811
C17 869.967 90.93551654026152
C17 875.002 90.08569348789321
C17 899.999 82.95496455680677
C17 919.999 74.54698120340792
C17 925.012 71.83807257046438
C17 949.965 59.64045482733683
C17 975.002 44.202601395595984
C17 999.976 27.092967578144794
C17 1025.028 11.857694457982383
C17 1050.014 4.300178478703529
C17 1075.002 0.9357326092156911
C17 1099.99 0.09284252984649916
