lsstCam/transmission_sensor/r33_s02/19700101T000000.ecsv
# %ECSV 1.0
# ---
# datatype:
# - {name: amp_name, datatype: string}
# - {name: wavelength, unit: nm, datatype: float32}
# - {name: efficiency, unit: '%', datatype: float64}
# meta: !!omap
# - {MODE: AMP}
# - {TYPE: transmission_sensor}
# - {CALIBDATE: '1970-01-01T00:00:00'}
# - {INSTRUME: LSSTCAM}
# - {OBSTYPE: transmission_sensor}
# - {DETECTOR: 146}
# - {PARQUETFILE: qe_raft_allvalues_nircorrected_20230725.parquet}
# - {CALIBCLS: lsst.ip.isr.IntermediateSensorTransmissionCurve}
# - {CALIB_ID: 'raftName=R33 detectorName=S02 detector=146 calibDate=1970-01-01T00:00:00 ccd=146 ccdnum=146 filter=None'}
# - {DATE: '2023-08-02T16:57:56.009420'}
# - {CALIB_CREATION_DATE: '2023-08-02'}
# - {CALIB_CREATION_TIME: '16:57:56'}
# - __serialized_columns__:
#     efficiency:
#       __class__: astropy.units.quantity.Quantity
#       unit: !astropy.units.Unit {unit: '%'}
#       value: !astropy.table.SerializedColumn {name: efficiency}
#     wavelength:
#       __class__: astropy.units.quantity.Quantity
#       unit: !astropy.units.Unit {unit: nm}
#       value: !astropy.table.SerializedColumn {name: wavelength}
# schema: astropy-2.0
amp_name wavelength efficiency
C00 319.994 41.13120651245117
C00 324.969 46.513431549072266
C00 349.982 68.70283508300781
C00 374.975 72.48149871826172
C00 400.019 80.60990142822266
C00 424.965 83.4380111694336
C00 450.035 86.48670959472656
C00 475.003 89.09161376953125
C00 500.018 91.14544677734375
C00 525.002 92.9454574584961
C00 550.029 94.57241821289062
C00 575.023 96.17053985595703
C00 599.982 97.2778091430664
C00 619.997 97.21101379394531
C00 624.979 97.67473602294922
C00 650.012 98.03297424316406
C00 675.004 98.02587127685547
C00 700.03 97.63021850585938
C00 725.012 97.86885833740234
C00 750.022 97.94960021972656
C00 774.987 98.55516052246094
C00 799.976 98.18191528320312
C00 824.988 96.21187591552734
C00 850.022 94.18770599365234
C00 869.967 90.95665740966797
C00 875.002 90.11894226074219
C00 899.999 82.48693084716797
C00 919.999 73.91802215576172
C00 925.012 71.2257080078125
C00 949.965 59.2669792175293
C00 975.002 44.51271057128906
C00 999.976 27.141679763793945
C00 1025.028 11.873186111450195
C00 1050.014 4.2931623458862305
C00 1075.002 0.9331598355007281
C00 1099.99 0.09258726160205916
C01 319.994 41.40966033935547
C01 324.969 46.82774353027344
C01 349.982 69.29913330078125
C01 374.975 73.1578369140625
C01 400.019 81.0358657836914
C01 424.965 83.70604705810547
C01 450.035 86.66797637939453
C01 475.003 89.21957397460938
C01 500.018 91.23271179199219
C01 525.002 93.00981140136719
C01 550.029 94.63084411621094
C01 575.023 96.22227478027344
C01 599.982 97.3270492553711
C01 619.997 97.26334381103516
C01 624.979 97.72152709960938
C01 650.012 98.08739471435547
C01 675.004 98.08707427978516
C01 700.03 97.7051010131836
C01 725.012 97.97280883789062
C01 750.022 98.08829498291016
C01 774.987 98.72777557373047
C01 799.976 98.36006927490234
C01 824.988 96.3874740600586
C01 850.022 94.37284851074219
C01 869.967 91.07456970214844
C01 875.002 90.19762420654297
C01 899.999 82.73116302490234
C01 919.999 74.15524291992188
C01 925.012 71.44011688232422
C01 949.965 59.34504699707031
C01 975.002 44.306461334228516
C01 999.976 27.116287231445312
C01 1025.028 11.826654434204102
C01 1050.014 4.25040864944458
C01 1075.002 0.9344807288354183
C01 1099.99 0.09271831942524734
C02 319.994 41.715309143066406
C02 324.969 47.177650451660156
C02 349.982 69.93221282958984
C02 374.975 73.79472351074219
C02 400.019 81.40354919433594
C02 424.965 83.9276351928711
C02 450.035 86.80758666992188
C02 475.003 89.31315612792969
C02 500.018 91.2981948852539
C02 525.002 93.0595703125
C02 550.029 94.67110443115234
C02 575.023 96.25942993164062
C02 599.982 97.36605834960938
C02 619.997 97.2980728149414
C02 624.979 97.76152038574219
C02 650.012 98.12511444091797
C02 675.004 98.127685546875
C02 700.03 97.75669860839844
C02 725.012 98.05229949951172
C02 750.022 98.20516204833984
C02 774.987 98.87710571289062
C02 799.976 98.5243911743164
C02 824.988 96.5257797241211
C02 850.022 94.52645874023438
C02 869.967 91.19331359863281
C02 875.002 90.30899047851562
C02 899.999 82.76205444335938
C02 919.999 74.28514862060547
C02 925.012 71.52544403076172
C02 949.965 59.462379455566406
C02 975.002 44.18958282470703
C02 999.976 27.081275939941406
C02 1025.028 11.860119819641113
C02 1050.014 4.233269214630127
C02 1075.002 0.9355936684288029
C02 1099.99 0.09282874426926636
C03 319.994 41.903446197509766
C03 324.969 47.397762298583984
C03 349.982 70.33308410644531
C03 374.975 74.18878936767578
C03 400.019 81.59873962402344
C03 424.965 84.01091766357422
C03 450.035 86.82886505126953
C03 475.003 89.29682159423828
C03 500.018 91.25749969482422
C03 525.002 93.00589752197266
C03 550.029 94.60687255859375
C03 575.023 96.19222259521484
C03 599.982 97.29320526123047
C03 619.997 97.22477722167969
C03 624.979 97.68932342529297
C03 650.012 98.05513763427734
C03 675.004 98.05499267578125
C03 700.03 97.6962890625
C03 725.012 98.02259826660156
C03 750.022 98.20884704589844
C03 774.987 98.91105651855469
C03 799.976 98.57149505615234
C03 824.988 96.56473541259766
C03 850.022 94.56353759765625
C03 869.967 91.25689697265625
C03 875.002 90.35149383544922
C03 899.999 82.81982421875
C03 919.999 74.26322937011719
C03 925.012 71.5601577758789
C03 949.965 59.50386428833008
C03 975.002 44.1716423034668
C03 999.976 27.050540924072266
C03 1025.028 11.855834007263184
C03 1050.014 4.241670608520508
C03 1075.002 0.9356283956001594
C03 1099.99 0.09283218986730517
C04 319.994 42.119346618652344
C04 324.969 47.64394760131836
C04 349.982 70.79766845703125
C04 374.975 74.66407012939453
C04 400.019 81.86460876464844
C04 424.965 84.15283203125
C04 450.035 86.90682983398438
C04 475.003 89.332275390625
C04 500.018 91.2668685913086
C04 525.002 93.00067901611328
C04 550.029 94.5900650024414
C04 575.023 96.17481231689453
C04 599.982 97.27130889892578
C04 619.997 97.20773315429688
C04 624.979 97.6693344116211
C04 650.012 98.03714752197266
C04 675.004 98.04263305664062
C04 700.03 97.69709777832031
C04 725.012 98.05084991455078
C04 750.022 98.27294921875
C04 774.987 99.0029296875
C04 799.976 98.6738510131836
C04 824.988 96.6669692993164
C04 850.022 94.65818786621094
C04 869.967 91.35586547851562
C04 875.002 90.42980194091797
C04 899.999 82.86569213867188
C04 919.999 74.31893920898438
C04 925.012 71.5943603515625
C04 949.965 59.618370056152344
C04 975.002 44.2080192565918
C04 999.976 27.075815200805664
C04 1025.028 11.867413520812988
C04 1050.014 4.25284481048584
C04 1075.002 0.9362387072965331
C04 1099.99 0.09289274443313754
C05 319.994 42.44544982910156
C05 324.969 48.01150131225586
C05 349.982 71.37806701660156
C05 374.975 75.1875
C05 400.019 82.13633728027344
C05 424.965 84.30059051513672
C05 450.035 86.9851303100586
C05 475.003 89.37152099609375
C05 500.018 91.27630615234375
C05 525.002 92.99079895019531
C05 550.029 94.57239532470703
C05 575.023 96.14257049560547
C05 599.982 97.24032592773438
C05 619.997 97.17292022705078
C05 624.979 97.63484191894531
C05 650.012 97.99934387207031
C05 675.004 98.00792694091797
C05 700.03 97.66686248779297
C05 725.012 98.03458404541016
C05 750.022 98.26988983154297
C05 774.987 99.01220703125
C05 799.976 98.68363952636719
C05 824.988 96.67170715332031
C05 850.022 94.6615982055664
C05 869.967 91.35118103027344
C05 875.002 90.43341827392578
C05 899.999 82.84789276123047
C05 919.999 74.2971420288086
C05 925.012 71.56880950927734
C05 949.965 59.557373046875
C05 975.002 44.174617767333984
C05 999.976 27.03716468811035
C05 1025.028 11.866558074951172
C05 1050.014 4.257652282714844
C05 1075.002 0.9362094203152836
C05 1099.99 0.09288983860576336
C06 319.994 42.61980438232422
C06 324.969 48.21113204956055
C06 349.982 71.68424987792969
C06 374.975 75.46495819091797
C06 400.019 82.28905487060547
C06 424.965 84.38179016113281
C06 450.035 87.03075408935547
C06 475.003 89.38878631591797
C06 500.018 91.28228759765625
C06 525.002 92.98468017578125
C06 550.029 94.55722045898438
C06 575.023 96.12374114990234
C06 599.982 97.21669006347656
C06 619.997 97.1452407836914
C06 624.979 97.60466766357422
C06 650.012 97.96456909179688
C06 675.004 97.97419738769531
C06 700.03 97.63605499267578
C06 725.012 97.98834991455078
C06 750.022 98.20999908447266
C06 774.987 98.92383575439453
C06 799.976 98.5884780883789
C06 824.988 96.57091522216797
C06 850.022 94.53406524658203
C06 869.967 91.25846862792969
C06 875.002 90.3399887084961
C06 899.999 82.75247955322266
C06 919.999 74.16224670410156
C06 925.012 71.44760131835938
C06 949.965 59.522804260253906
C06 975.002 44.105533599853516
C06 999.976 27.00394630432129
C06 1025.028 11.847502708435059
C06 1050.014 4.269143581390381
C06 1075.002 0.9356390037756075
C06 1099.99 0.09283324240072759
C07 319.994 42.80384063720703
C07 324.969 48.42241287231445
C07 349.982 72.04117584228516
C07 374.975 75.80634307861328
C07 400.019 82.48701477050781
C07 424.965 84.50594329833984
C07 450.035 87.11294555664062
C07 475.003 89.44939422607422
C07 500.018 91.3257064819336
C07 525.002 93.02017211914062
C07 550.029 94.587890625
C07 575.023 96.14916229248047
C07 599.982 97.2401123046875
C07 619.997 97.1684341430664
C07 624.979 97.63044738769531
C07 650.012 97.99051666259766
C07 675.004 97.99170684814453
C07 700.03 97.63327026367188
C07 725.012 97.94439697265625
C07 750.022 98.10118865966797
C07 774.987 98.74492645263672
C07 799.976 98.37348175048828
C07 824.988 96.3591079711914
C07 850.022 94.28137969970703
C07 869.967 91.05884552001953
C07 875.002 90.15040588378906
C07 899.999 82.64781951904297
C07 919.999 74.02661895751953
C07 925.012 71.28502655029297
C07 949.965 59.4864501953125
C07 975.002 43.9662971496582
C07 999.976 27.0118465423584
C07 1025.028 11.869990348815918
C07 1050.014 4.308660984039307
C07 1075.002 0.9346030930854429
C07 1099.99 0.09273046029372105
C10 319.994 39.19819259643555
C10 324.969 44.31678771972656
C10 349.982 65.42961120605469
C10 374.975 69.6280288696289
C10 400.019 79.00439453125
C10 424.965 82.48411560058594
C10 450.035 85.8729476928711
C10 475.003 88.69145202636719
C10 500.018 90.88257598876953
C10 525.002 92.78142547607422
C10 550.029 94.47980499267578
C10 575.023 96.12500762939453
C10 599.982 97.27265930175781
C10 619.997 97.22913360595703
C10 624.979 97.69414520263672
C10 650.012 98.07823944091797
C10 675.004 98.07454681396484
C10 700.03 97.59397888183594
C10 725.012 97.56680297851562
C10 750.022 97.30940246582031
C10 774.987 97.59196472167969
C10 799.976 97.10603332519531
C10 824.988 95.20816802978516
C10 850.022 93.18234252929688
C10 869.967 90.03730010986328
C10 875.002 89.21688079833984
C10 899.999 82.2171630859375
C10 919.999 73.944091796875
C10 925.012 71.1883773803711
C10 949.965 58.933082580566406
C10 975.002 43.887535095214844
C10 999.976 26.997669219970703
C10 1025.028 11.809836387634277
C10 1050.014 4.278754711151123
C10 1075.002 0.9270619001989501
C10 1099.99 0.09198223006347477
C11 319.994 39.86599349975586
C11 324.969 45.075469970703125
C11 349.982 66.61619567871094
C11 374.975 70.78328704833984
C11 400.019 79.78793334960938
C11 424.965 83.04773712158203
C11 450.035 86.32221221923828
C11 475.003 89.07047271728516
C11 500.018 91.21520233154297
C11 525.002 93.08331298828125
C11 550.029 94.761962890625
C11 575.023 96.39734649658203
C11 599.982 97.5364761352539
C11 619.997 97.49095916748047
C11 624.979 97.95377349853516
C11 650.012 98.33723449707031
C11 675.004 98.33137512207031
C11 700.03 97.85981750488281
C11 725.012 97.864013671875
C11 750.022 97.65222930908203
C11 774.987 97.97735595703125
C11 799.976 97.50126647949219
C11 824.988 95.59074401855469
C11 850.022 93.54193115234375
C11 869.967 90.40255737304688
C11 875.002 89.54817962646484
C11 899.999 82.48180389404297
C11 919.999 74.16035461425781
C11 925.012 71.3838882446289
C11 949.965 59.31449890136719
C11 975.002 43.8763542175293
C11 999.976 27.060171127319336
C11 1025.028 11.80882453918457
C11 1050.014 4.253026008605957
C11 1075.002 0.9303279940417779
C11 1099.99 0.0923062888940614
C12 319.994 40.354461669921875
C12 324.969 45.630523681640625
C12 349.982 67.51717376708984
C12 374.975 71.61097717285156
C12 400.019 80.18269348144531
C12 424.965 83.20628356933594
C12 450.035 86.35298156738281
C12 475.003 89.02005004882812
C12 500.018 91.11257934570312
C12 525.002 92.94583129882812
C12 550.029 94.6009292602539
C12 575.023 96.22518920898438
C12 599.982 97.35680389404297
C12 619.997 97.30269622802734
C12 624.979 97.76519012451172
C12 650.012 98.14280700683594
C12 675.004 98.13824462890625
C12 700.03 97.68217468261719
C12 725.012 97.72114562988281
C12 750.022 97.55635070800781
C12 774.987 97.9296646118164
C12 799.976 97.46783447265625
C12 824.988 95.55985260009766
C12 850.022 93.51513671875
C12 869.967 90.31761169433594
C12 875.002 89.5472412109375
C12 899.999 82.34202575683594
C12 919.999 74.22799682617188
C12 925.012 71.28079986572266
C12 949.965 59.1966667175293
C12 975.002 43.93978500366211
C12 999.976 26.750244140625
C12 1025.028 11.816286087036133
C12 1050.014 4.254270076751709
C12 1075.002 0.9294145622854296
C12 1099.99 0.09221565903434903
C13 319.994 40.76340103149414
C13 324.969 46.09406280517578
C13 349.982 68.23051452636719
C13 374.975 72.2542953491211
C13 400.019 80.51925659179688
C13 424.965 83.38929748535156
C13 450.035 86.4529037475586
C13 475.003 89.07173919677734
C13 500.018 91.13131713867188
C13 525.002 92.94485473632812
C13 550.029 94.58497619628906
C13 575.023 96.19830322265625
C13 599.982 97.32073974609375
C13 619.997 97.26177215576172
C13 624.979 97.72530364990234
C13 650.012 98.09868621826172
C13 675.004 98.0909194946289
C13 700.03 97.6458511352539
C13 725.012 97.71947479248047
C13 750.022 97.60694122314453
C13 774.987 98.02398681640625
C13 799.976 97.57975006103516
C13 824.988 95.65811920166016
C13 850.022 93.63581848144531
C13 869.967 90.3750991821289
C13 875.002 89.62720489501953
C13 899.999 82.34468841552734
C13 919.999 74.26292419433594
C13 925.012 71.4291000366211
C13 949.965 59.106014251708984
C13 975.002 44.10947799682617
C13 999.976 26.676450729370117
C13 1025.028 11.800925254821777
C13 1050.014 4.246296405792236
C13 1075.002 0.9298965344845611
C13 1099.99 0.09226347987316809
C14 319.994 40.992862701416016
C14 324.969 46.36051559448242
C14 349.982 68.70033264160156
C14 374.975 72.69451141357422
C14 400.019 80.7150650024414
C14 424.965 83.4537124633789
C14 450.035 86.44352722167969
C14 475.003 89.02232360839844
C14 500.018 91.05717468261719
C14 525.002 92.85309600830078
C14 550.029 94.4885025024414
C14 575.023 96.09217071533203
C14 599.982 97.21228790283203
C14 619.997 97.15796661376953
C14 624.979 97.62071990966797
C14 650.012 97.9976577758789
C14 675.004 97.99700927734375
C14 700.03 97.56703186035156
C14 725.012 97.68199157714844
C14 750.022 97.61965942382812
C14 774.987 98.08165740966797
C14 799.976 97.65408325195312
C14 824.988 95.7251968383789
C14 850.022 93.71991729736328
C14 869.967 90.41451263427734
C14 875.002 89.60995483398438
C14 899.999 82.40811920166016
C14 919.999 74.13473510742188
C14 925.012 71.52919006347656
C14 949.965 59.03569412231445
C14 975.002 44.20589065551758
C14 999.976 26.851457595825195
C14 1025.028 11.74532699584961
C14 1050.014 4.233522891998291
C14 1075.002 0.9300176990506019
C14 1099.99 0.09227550171009906
C15 319.994 41.493858337402344
C15 324.969 46.92974853515625
C15 349.982 69.5574951171875
C15 374.975 73.48365783691406
C15 400.019 81.2732162475586
C15 424.965 83.87479400634766
C15 450.035 86.79890441894531
C15 475.003 89.33323669433594
C15 500.018 91.3391342163086
C15 525.002 93.11663055419922
C15 550.029 94.74073791503906
C15 575.023 96.34290313720703
C15 599.982 97.46009826660156
C15 619.997 97.39716339111328
C15 624.979 97.85981750488281
C15 650.012 98.23279571533203
C15 675.004 98.22901153564453
C15 700.03 97.80269622802734
C15 725.012 97.94257354736328
C15 750.022 97.90515899658203
C15 774.987 98.39701080322266
C15 799.976 97.97532653808594
C15 824.988 96.02262878417969
C15 850.022 94.00177001953125
C15 869.967 90.76326751708984
C15 875.002 89.87593841552734
C15 899.999 82.72483825683594
C15 919.999 74.24971008300781
C15 925.012 71.53791809082031
C15 949.965 59.517112731933594
C15 975.002 44.047420501708984
C15 999.976 27.074100494384766
C15 1025.028 11.771699905395508
C15 1050.014 4.223432540893555
C15 1075.002 0.9327376388995813
C15 1099.99 0.0925453716431574
C16 319.994 41.73503875732422
C16 324.969 47.198394775390625
C16 349.982 69.94440460205078
C16 374.975 73.8213119506836
C16 400.019 81.44844818115234
C16 424.965 83.96282196044922
C16 450.035 86.83576965332031
C16 475.003 89.33551025390625
C16 500.018 91.31926727294922
C16 525.002 93.08282470703125
C16 550.029 94.69158172607422
C16 575.023 96.28369140625
C16 599.982 97.38800811767578
C16 619.997 97.32366943359375
C16 624.979 97.78691101074219
C16 650.012 98.15155792236328
C16 675.004 98.14222717285156
C16 700.03 97.71941375732422
C16 725.012 97.85342407226562
C16 750.022 97.81207275390625
C16 774.987 98.29203033447266
C16 799.976 97.86902618408203
C16 824.988 95.91309356689453
C16 850.022 93.88725280761719
C16 869.967 90.66925048828125
C16 875.002 89.78015899658203
C16 899.999 82.64997100830078
C16 919.999 74.15565490722656
C16 925.012 71.4205551147461
C16 949.965 59.50883865356445
C16 975.002 43.93989944458008
C16 999.976 27.061655044555664
C16 1025.028 11.761033058166504
C16 1050.014 4.230134963989258
C16 1075.002 0.9318508109272585
C16 1099.99 0.09245738138645566
C17 319.994 42.00019073486328
C17 324.969 47.5026741027832
C17 349.982 70.42411804199219
C17 374.975 74.2840347290039
C17 400.019 81.7729721069336
C17 424.965 84.20832061767578
C17 450.035 87.04544067382812
C17 475.003 89.52596282958984
C17 500.018 91.49388885498047
C17 525.002 93.24837493896484
C17 550.029 94.85122680664062
C17 575.023 96.44074249267578
C17 599.982 97.54337310791016
C17 619.997 97.47418212890625
C17 624.979 97.93977355957031
C17 650.012 98.30355834960938
C17 675.004 98.29219055175781
C17 700.03 97.84902954101562
C17 725.012 97.94367980957031
C17 750.022 97.83859252929688
C17 774.987 98.25413513183594
C17 799.976 97.80240631103516
C17 824.988 95.855224609375
C17 850.022 93.82818603515625
C17 869.967 90.58283233642578
C17 875.002 89.7363052368164
C17 899.999 82.63323211669922
C17 919.999 74.25785827636719
C17 925.012 71.55945587158203
C17 949.965 59.40914535522461
C17 975.002 44.031166076660156
C17 999.976 26.987890243530273
C17 1025.028 11.811705589294434
C17 1050.014 4.283500671386719
C17 1075.002 0.9321034649292752
C17 1099.99 0.0924824494844273
