lsstCam/transmission_filter_detector/r31_s02/r_57/19700101T000000.ecsv
# %ECSV 1.0
# ---
# datatype:
# - {name: wavelength, unit: nm, datatype: float32}
# - {name: efficiency, unit: '%', datatype: float64}
# meta: !!omap
# - {MODE: DETECTOR}
# - {TYPE: transmission_filter_detector}
# - {CALIBDATE: '1970-01-01T00:00:00'}
# - {INSTRUME: LSSTCam}
# - {OBSTYPE: transmission_filter_detector}
# - {CALIBCLS: lsst.ip.isr.IntermediateFilterDetectorTransmissionCurve}
# - {SOURCE: Materion (DM-46256)}
# - {DETECTOR: 128}
# - {FILTER: r_57}
# - {CALIB_ID: 'calibDate=1970-01-01T00:00:00 filter=r_57 detector=128'}
# - {DATE: '2025-04-02T15:59:44.776359'}
# - {CALIB_CREATION_DATE: '2025-04-02'}
# - {CALIB_CREATION_TIME: '15:59:44'}
# - __serialized_columns__:
#     efficiency:
#       __class__: astropy.units.quantity.Quantity
#       unit: !astropy.units.Unit {unit: '%'}
#       value: !astropy.table.SerializedColumn {name: efficiency}
#     wavelength:
#       __class__: astropy.units.quantity.Quantity
#       unit: !astropy.units.Unit {unit: nm}
#       value: !astropy.table.SerializedColumn {name: wavelength}
# schema: astropy-2.0
wavelength efficiency
300.0 0.0016292933651129715
301.0 0.005126628821017221
302.0 0.00862396409502253
303.0 0.011141862341901287
304.0 0.013659762043971568
305.0 0.011953910143347457
306.0 0.010248057515127584
307.0 0.00856734041008167
308.0 0.006886622577439994
309.0 0.006145738734630868
310.0 0.005404853436630219
311.0 0.004901110514765605
312.0 0.004397366501507349
313.0 0.004150130916968919
314.0 0.0039028949686326087
315.0 0.0038313552067847922
316.0 0.003759815081139095
317.0 0.003511083559715189
318.0 0.00326235058309976
319.0 0.003227602064725943
320.0 0.0031928524549584836
321.0 0.0031257615773938596
322.0 0.003058671791222878
323.0 0.002669358582352288
324.0 0.0022800453734816983
325.0 0.002159387804567814
326.0 0.002038730053754989
327.0 0.002217319888586644
328.0 0.002395909723418299
329.0 0.0023757575036142953
330.0 0.002355605465709232
331.0 0.002177806345571298
332.0 0.002000006861635484
333.0 0.001758102371240966
334.0 0.001516197789896978
335.0 0.001411176344845444
336.0 0.0013061548088444397
337.0 0.0011856062883452978
338.0 0.001065057858795626
339.0 0.0009941682947101071
340.0 0.0009232785487256479
341.0 0.0008555831300327554
342.0 0.0007878876203903928
343.0 0.0007691815881116781
344.0 0.0007504753739340231
345.0 0.0007412592822220176
346.0 0.0007320433269342175
347.0 0.0007316428309422918
348.0 0.0007312425168493064
349.0 0.0007298471246031113
350.0 0.00283186964225024
351.0 0.005140194116393104
352.0 0.0074485185905359685
353.0 0.007222011481644586
354.0 0.006995504372753203
355.0 0.005121450885781087
356.0 0.0032473981264047325
357.0 0.0037038069422123954
358.0 0.00416021648561582
359.0 0.004180912583251484
360.0 0.004201608680887148
361.0 0.0028880722311441787
362.0 0.0015745357814012095
363.0 0.0020869774743914604
364.0 0.0025994193492806517
365.0 0.0019540668290574104
366.0 0.0013087143997836392
367.0 0.002224978379672393
368.0 0.0031412419048137963
369.0 0.003646424738690257
370.0 0.0041516068449709564
371.0 0.0038261146983131766
372.0 0.003500622551655397
373.0 0.0026589726985548623
374.0 0.0018173226635553874
375.0 0.00130625239762594
376.0 0.0007951819497975521
377.0 0.0017407659470336512
378.0 0.0026863499442697503
379.0 0.0021911890144110657
380.0 0.0016960282664513215
381.0 0.0021173624190851115
382.0 0.002538696935516782
383.0 0.0032482486858498305
384.0 0.00395780079998076
385.0 0.004457139948499389
386.0 0.004956478369422257
387.0 0.004582012843457051
388.0 0.004207547317491844
389.0 0.0035929107980336994
390.0 0.0029782733690808527
391.0 0.0025079232727875933
392.0 0.0020375735402922146
393.0 0.0018483557141735218
394.0 0.0016591382518527098
395.0 0.0014013415238878224
396.0 0.0011435447049734648
397.0 0.0009622614925319795
398.0 0.0007809784619894344
399.0 0.0005918467650189996
400.0 0.0004027150680485647
401.0 0.0005294733000482665
402.0 0.0006562314865732333
403.0 0.0005978963599773124
404.0 0.0005395614152803319
405.0 0.0009865694664767943
406.0 0.0014335774721985217
407.0 0.0014872419342282228
408.0 0.0015409061234095134
409.0 0.0009641330507292878
410.0 0.0003873600235237973
411.0 0.0006747586667188443
412.0 0.0009621573553886265
413.0 0.0014335507330542896
414.0 0.001904944292618893
415.0 0.0017919359379447997
416.0 0.001678927947068587
417.0 0.0014730218026670627
418.0 0.0012671158401644789
419.0 0.0020165927708148956
420.0 0.0027660693376674317
421.0 0.003970927355112508
422.0 0.005175785190658644
423.0 0.008244107448263094
424.0 0.011312428978271782
425.0 0.014953291974961758
426.0 0.01859415351646021
427.0 0.0190572754945606
428.0 0.01952039747266099
429.0 0.015331266331486404
430.0 0.01114213519031182
431.0 0.007706936594331637
432.0 0.0042717383621493354
433.0 0.0033686315873637795
434.0 0.0024655246306792833
435.0 0.002006131580856163
436.0 0.0015467383491341025
437.0 0.0010929215022770222
438.0 0.0006391049737430876
439.0 0.0008013698789000046
440.0 0.000963634556683246
441.0 0.0010266657227475662
442.0 0.0010896969797613565
443.0 0.0014839853065495845
444.0 0.0018782735423883423
445.0 0.0017180276699946262
446.0 0.0015577819794998504
447.0 0.0014817669580224901
448.0 0.0014057521184440702
449.0 0.0012891502592538018
450.0 0.0011725484910130035
451.0 0.001307842194364639
452.0 0.001443135624867864
453.0 0.0015941614037728868
454.0 0.001745186818880029
455.0 0.0015654888557037339
456.0 0.0013857909834769089
457.0 0.0010470781489857472
458.0 0.00070836499617144
459.0 0.0009326716281066183
460.0 0.0011569783964660019
461.0 0.0015782867194502614
462.0 0.001999595042434521
463.0 0.0028138983907410875
464.0 0.003628201739047654
465.0 0.004502058436628431
466.0 0.005375914042815566
467.0 0.005963650983176194
468.0 0.006551387923536822
469.0 0.005692576814908534
470.0 0.004833766433876008
471.0 0.0037027624784968793
472.0 0.0025717588869156316
473.0 0.0018699982319958508
474.0 0.0011682372132781893
475.0 0.0008171398803824559
476.0 0.00046604263843619265
477.0 0.000669149994791951
478.0 0.0008722572601982392
479.0 0.0008113370313367341
480.0 0.0007504168934246991
481.0 0.0006261081125558121
482.0 0.0005017994226363953
483.0 0.0006238090463739354
484.0 0.0007458187155862106
485.0 0.0007224508408398833
486.0 0.0006990830570430262
487.0 0.0004623784661816899
488.0 0.00022567392079508863
489.0 0.00047228008952515665
490.0 0.0007188862127804896
491.0 0.000793345407146262
492.0 0.0008678046469867695
493.0 0.0009083928489417303
494.0 0.0009489812327956315
495.0 0.0009915973350871354
496.0 0.001034213255479699
497.0 0.0010623864000081085
498.0 0.0010905594535870478
499.0 0.0011364846614014823
500.0 0.0011824101420643274
501.0 0.001205809985549422
502.0 0.0012292096471355762
503.0 0.0016435922589153051
504.0 0.0020579745978466235
505.0 0.0024556815333198756
506.0 0.0028533888325910084
507.0 0.003576768358470872
508.0 0.004300148430047557
509.0 0.004663467188947834
510.0 0.0050267870392417535
511.0 0.004685649037128314
512.0 0.004344511398812756
513.0 0.0036862766137346625
514.0 0.0030280416467576288
515.0 0.002791389124467969
516.0 0.0025547364202793688
517.0 0.0026669200451578945
518.0 0.0027791033062385395
519.0 1.5868230123991522e-10
520.0 0.06347537855617702
521.0 0.018626997189130634
522.0 0.11567816836759448
523.0 0.0806457013823092
524.0 0.07870274130254984
525.0 0.11241676984354854
526.0 0.03951039689127356
527.0 0.12128921225667
528.0 0.13236276572570205
529.0 0.0803103088401258
530.0 0.1629839651286602
531.0 0.13924443628638983
532.0 0.19973863381892443
533.0 0.18938968423753977
534.0 0.29699611477553844
535.0 0.3888035658746958
536.0 0.5135070998221636
537.0 0.6414662580937147
538.0 1.0670503601431847
539.0 1.6185717657208443
540.0 2.61213481426239
541.0 3.9511434733867645
542.0 5.888728052377701
543.0 8.605320006608963
544.0 11.762160807847977
545.0 15.493319928646088
546.0 19.86263543367386
547.0 25.37563443183899
548.0 32.302361726760864
549.0 40.27322828769684
550.0 47.449991106987
551.0 55.372798442840576
552.0 61.27820611000061
553.0 66.99294447898865
554.0 72.03554511070251
555.0 76.06472969055176
556.0 80.06428480148315
557.0 83.10346603393555
558.0 86.49737238883972
559.0 90.16410112380981
560.0 91.02674126625061
561.0 93.24655532836914
562.0 94.39542889595032
563.0 94.35693025588989
564.0 94.77401375770569
565.0 94.66128349304199
566.0 95.15727758407593
567.0 94.33801174163818
568.0 95.08204460144043
569.0 95.45513391494751
570.0 95.20421624183655
571.0 96.22106552124023
572.0 95.86783051490784
573.0 96.48522138595581
574.0 96.33347988128662
575.0 96.14137411117554
576.0 96.69174551963806
577.0 96.60025238990784
578.0 96.46732807159424
579.0 96.50799036026001
580.0 96.06788754463196
581.0 95.85323333740234
582.0 95.97134590148926
583.0 95.91580033302307
584.0 95.27912735939026
585.0 95.59705853462219
586.0 95.94329595565796
587.0 95.51300406455994
588.0 95.80565690994263
589.0 96.5986430644989
590.0 95.94393372535706
591.0 95.36710381507874
592.0 95.49906253814697
593.0 95.16897201538086
594.0 95.39264440536499
595.0 95.732980966568
596.0 96.5888261795044
597.0 96.26189470291138
598.0 96.12211585044861
599.0 96.11093997955322
600.0 95.964115858078
601.0 95.21260261535645
602.0 95.87534666061401
603.0 95.73405981063843
604.0 95.93307375907898
605.0 96.22140526771545
606.0 95.78178524971008
607.0 95.71030735969543
608.0 95.87936997413635
609.0 95.18201351165771
610.0 95.44233679771423
611.0 95.46072483062744
612.0 95.54584622383118
613.0 96.34010195732117
614.0 96.26757502555847
615.0 95.87488770484924
616.0 95.6175684928894
617.0 96.0708498954773
618.0 95.65338492393494
619.0 96.29115462303162
620.0 95.49055695533752
621.0 95.12903094291687
622.0 96.0317313671112
623.0 96.01517915725708
624.0 95.70923447608948
625.0 96.22120261192322
626.0 95.60475945472717
627.0 94.54953074455261
628.0 96.43864631652832
629.0 94.76577043533325
630.0 96.00504040718079
631.0 95.33075094223022
632.0 96.18449211120605
633.0 95.84600329399109
634.0 95.48131227493286
635.0 95.79397439956665
636.0 95.35417556762695
637.0 95.17250061035156
638.0 94.75078582763672
639.0 94.77428793907166
640.0 95.01017928123474
641.0 94.87338066101074
642.0 95.2942430973053
643.0 95.53461074829102
644.0 95.23952603340149
645.0 95.28084397315979
646.0 95.45718431472778
647.0 96.34819030761719
648.0 95.82394361495972
649.0 94.95076537132263
650.0 95.73603868484497
651.0 96.28385305404663
652.0 96.13264799118042
653.0 95.58702111244202
654.0 95.81218957901001
655.0 95.99277973175049
656.0 95.22451162338257
657.0 95.22971510887146
658.0 95.81570625305176
659.0 95.85583806037903
660.0 94.80491876602173
661.0 94.62423324584961
662.0 95.32886147499084
663.0 95.45305967330933
664.0 95.06214261054993
665.0 94.7649896144867
666.0 95.06294131278992
667.0 95.18221616744995
668.0 94.89800930023193
669.0 95.23724913597107
670.0 95.02115249633789
671.0 95.00863552093506
672.0 94.9267566204071
673.0 94.91294026374817
674.0 94.54235434532166
675.0 94.95527744293213
676.0 94.74623799324036
677.0 93.46792101860046
678.0 92.84706115722656
679.0 92.13131070137024
680.0 91.3587749004364
681.0 90.06827473640442
682.0 87.99253702163696
683.0 85.08290648460388
684.0 81.56227469444275
685.0 77.73311138153076
686.0 74.07834529876709
687.0 69.11947131156921
688.0 64.67121243476868
689.0 60.24941802024841
690.0 54.85512614250183
691.0 50.80385208129883
692.0 45.996496081352234
693.0 41.65785610675812
694.0 36.8508517742157
695.0 31.77747130393982
696.0 26.742875576019287
697.0 21.65941298007965
698.0 16.190144419670105
699.0 11.795823276042938
700.0 8.314123004674911
701.0 5.232258886098862
702.0 3.3479783684015274
703.0 1.9090976566076279
704.0 1.118069514632225
705.0 0.7021646946668625
706.0 0.4595302976667881
707.0 0.2834360580891371
708.0 0.2116482937708497
709.0 0.225156475789845
710.0 0.0929693749640137
711.0 0.03604918601922691
712.0 0.12424752349033952
713.0 0.06043633329682052
714.0 0.09855281095951796
715.0 0.04507570120040327
716.0 0.021452430519275367
717.0 0.09645750978961587
718.0 0.05693397833965719
719.0 0.03954160783905536
720.0 1.5868230123991522e-10
721.0 0.0047341713070636615
722.0 0.004367600922705606
723.0 0.004001030174549669
724.0 0.0037560093915089965
725.0 0.003510988608468324
726.0 0.0032216623367276043
727.0 0.0029323364287847653
728.0 0.0027788581064669415
729.0 0.002625379966048058
730.0 0.002486792436684482
731.0 0.0023482049073209055
732.0 0.002280745866301004
733.0 0.002213286825281102
734.0 0.002105739440594334
735.0 0.0019981922378065065
736.0 0.001887317921500653
737.0 0.00177644378709374
738.0 0.0017624157408135943
739.0 0.0017483876945334487
740.0 0.001660330053709913
741.0 0.0015722724128863774
742.0 0.0014389648640644737
743.0 0.0013056569514446892
744.0 0.0014586908946512267
745.0 0.0016117246559588239
746.0 0.0014307567653304432
747.0 0.0012497887837525923
748.0 0.0012560323739307933
749.0 0.001262275873159524
750.0 0.001236807929672068
751.0 0.0012113401680835523
752.0 0.0012539482668216806
753.0 0.0012965567293576896
754.0 0.0012233836969244294
755.0 0.0011502108463901095
756.0 0.0010670053598005325
757.0 0.0009837999641604256
758.0 0.0009882420272333547
759.0 0.0009926839993568137
760.0 0.0009261864761356264
761.0 0.0008596887710154988
762.0 0.0009276091077481396
763.0 0.000995529717329191
764.0 0.0010184709026361816
765.0 0.001041412087943172
766.0 0.0009275542652176227
767.0 0.0008136960786941927
768.0 0.0007308787644433323
769.0 0.0006480610863945913
770.0 0.0006130302153906086
771.0 0.0005779992079624208
772.0 0.0007016511062829522
773.0 0.0008253025953308679
774.0 0.0009264965228794608
775.0 0.0010276903594785836
776.0 0.0010731299880717415
777.0 0.0011185701623617206
778.0 0.0009535385288472753
779.0 0.0007885074410296511
780.0 0.0008151174370141234
781.0 0.0008417277967964765
782.0 0.0008672564035805408
783.0 0.0008927852832130156
784.0 0.0008473320121993311
785.0 0.0008018788321351167
786.0 0.0008552842700737529
787.0 0.0009086895261134487
788.0 0.0007233835731312865
789.0 0.000538077392775449
790.0 0.0006896019840496592
791.0 0.0008411268026975449
792.0 0.0008543923286197241
793.0 0.0008676577635924332
794.0 0.0008257175068138167
795.0 0.0007837775228836108
796.0 0.0006717316864524037
797.0 0.0005596859409706667
798.0 0.000675732644594973
799.0 0.0007917797120171599
800.0 0.0008236717803811189
801.0 0.0008555636668461375
802.0 0.0008433466973656323
803.0 0.0008311297278851271
804.0 0.0007318710686377017
805.0 0.0006326125003397465
806.0 0.0006842229595349636
807.0 0.0007358332368312404
808.0 0.0006802264124416979
809.0 0.0006246194061532151
810.0 0.0006680375008727424
811.0 0.0007114553682185942
812.0 0.0005737229912483599
813.0 0.0004359905688033905
814.0 0.00044423854888009373
815.0 0.00045248657443153206
816.0 0.0005835043339175172
817.0 0.0007145223207771778
818.0 0.000628517045697663
819.0 0.0005425115432444727
820.0 0.0005441834218800068
821.0 0.0005458553005155409
822.0 0.0005954765583737753
823.0 0.0006450978162320098
824.0 0.0005059318027633708
825.0 0.00036676551644632127
826.0 0.00040301688386534806
827.0 0.00043926825128437486
828.0 0.00043037648538302165
829.0 0.00042148471948166844
830.0 0.00020430466065590736
831.0 1.5868230123991522e-10
832.0 1.5868230123991522e-10
833.0 1.5868230123991522e-10
834.0 1.5868230123991522e-10
835.0 0.000137804795485863
836.0 0.000158212833412108
837.0 0.00017862084860098548
838.0 0.0006505206783913309
839.0 0.0011224205081816763
840.0 0.0014301673218142241
841.0 0.0017379143173457123
842.0 0.0019581277229008265
843.0 0.0021783416741527617
844.0 0.0021491487132152542
845.0 0.002119955752277747
846.0 0.0018112261386704631
847.0 0.0015024965250631794
848.0 0.0014222449863154907
849.0 0.0013419932656688616
850.0 0.0013293803021952044
851.0 0.001316767156822607
852.0 0.0012539363524410874
853.0 0.0011911059118574485
854.0 0.0009888482964015566
855.0 0.0007865906809456646
856.0 0.0006546546501340345
857.0 0.0005227183464739937
858.0 0.00047401363190147094
859.0 0.00042530891732894816
860.0 0.0003052819238291704
861.0 0.00018525490759202512
862.0 0.0002893015107474639
863.0 0.00039334809116553515
864.0 0.0002870692924261675
865.0 0.00018079055053021875
866.0 0.0001409315245837206
867.0 0.00010107246453117114
868.0 8.41462963308004e-05
869.0 6.722012244608777e-05
870.0 1.1011767497848268e-05
871.0 1.5868230123991522e-10
872.0 1.5868230123991522e-10
873.0 1.5868230123991522e-10
874.0 1.5868230123991522e-10
875.0 1.5868230123991522e-10
876.0 7.860460016217985e-06
877.0 0.0001599927713868965
878.0 0.000142925978252606
879.0 0.00012585920785568305
880.0 8.601262493357353e-05
881.0 4.6166042011464015e-05
882.0 0.00014290210401668446
883.0 0.0002396381660219049
884.0 6.963326768527622e-05
885.0 1.5868230123991522e-10
886.0 1.3506172535926453e-05
887.0 0.00012738400982925668
888.0 0.0001378085130454565
889.0 0.00014823303899902385
890.0 0.00011064112186431885
891.0 7.304923315132328e-05
892.0 2.9428920811369608e-05
893.0 1.5868230123991522e-10
894.0 1.5868230123991522e-10
895.0 1.5868230123991522e-10
896.0 1.5868230123991522e-10
897.0 1.5868230123991522e-10
898.0 7.453876946783566e-05
899.0 0.00016460758160974365
900.0 9.983117479350767e-05
