lsstCam/transmission_filter_detector/r31_s02/r_57/19700101T000000.ecsv
# %ECSV 1.0
# ---
# datatype:
# - {name: wavelength, unit: nm, datatype: float32}
# - {name: efficiency, unit: '%', datatype: float64}
# meta: !!omap
# - {MODE: DETECTOR}
# - {TYPE: transmission_filter_detector}
# - {CALIBDATE: '1970-01-01T00:00:00'}
# - {INSTRUME: LSSTCam}
# - {OBSTYPE: transmission_filter_detector}
# - {CALIBCLS: lsst.ip.isr.IntermediateFilterDetectorTransmissionCurve}
# - {SOURCE: Materion (DM-46256)}
# - {DETECTOR: 128}
# - {FILTER: r_57}
# - {CALIB_ID: 'calibDate=1970-01-01T00:00:00 filter=r_57 detector=128'}
# - {DATE: '2025-04-02T15:59:44.776359'}
# - {CALIB_CREATION_DATE: '2025-04-02'}
# - {CALIB_CREATION_TIME: '15:59:44'}
# - __serialized_columns__:
#     efficiency:
#       __class__: astropy.units.quantity.Quantity
#       unit: !astropy.units.Unit {unit: '%'}
#       value: !astropy.table.SerializedColumn {name: efficiency}
#     wavelength:
#       __class__: astropy.units.quantity.Quantity
#       unit: !astropy.units.Unit {unit: nm}
#       value: !astropy.table.SerializedColumn {name: wavelength}
# schema: astropy-2.0
wavelength efficiency
[from data line 602]
902.0 3.860330650695687e-05
903.0 4.215183366795827e-05
904.0 2.8761115800080006e-05
905.0 1.5370402195458155e-05
906.0 0.00011493268630147213
907.0 0.00021449500309245195
908.0 0.00021880107397009851
909.0 0.00022310714484774508
910.0 5.550004971155431e-05
911.0 1.5868230123991522e-10
912.0 8.797179873454297e-06
913.0 0.0001297014478041092
914.0 9.590264653525082e-05
915.0 6.210385663507623e-05
916.0 8.069446266745217e-05
917.0 9.928505733114434e-05
918.0 0.00014489942259388044
919.0 0.00019051377648793277
920.0 0.00014081515473662876
921.0 9.111651593229908e-05
922.0 0.00014441964140132768
923.0 0.0001977227611860144
924.0 0.00016664911299812957
925.0 0.0001355754420728772
926.0 0.00013516678336600307
927.0 0.0001347581019217614
928.0 0.00010930575626844075
929.0 8.385338219341065e-05
930.0 0.00012578279893205035
931.0 0.00016771216451161308
932.0 0.00010538651622482575
933.0 4.3060856569354655e-05
934.0 2.8544710062305967e-05
935.0 1.402859339805218e-05
936.0 6.626855224567407e-05
937.0 0.00011850846703964635
938.0 9.945223382601398e-05
939.0 8.039597219067218e-05
940.0 0.00012790266055162647
941.0 0.00017540928638482
942.0 0.00030373516892723273
943.0 0.00043206105146964546
944.0 0.0003594243480620207
945.0 0.00028678766739176353
946.0 0.0004158617230132222
947.0 0.0005449358468467835
948.0 0.00041272373891843017
949.0 0.0002805117901516496
950.0 0.0003824353370873723
951.0 0.00048435899770993274
952.0 0.0006570205187017564
953.0 0.0008296822670672555
954.0 0.0009696046618046239
955.0 0.001109527420339873
956.0 0.0012494426300690975
957.0 0.0013893577488488518
958.0 0.0016253155990852974
959.0 0.0018612736312206835
960.0 0.0019802346287178807
961.0 0.002099195626215078
962.0 0.0022656549845123664
963.0 0.002432113979011774
964.0 0.0024933986424002796
965.0 0.002554683123889845
966.0 0.00260650813288521
967.0 0.002658332959981635
968.0 0.0026018688004114665
969.0 0.0025454050046391785
970.0 0.0025670151444501244
971.0 0.0025886254661600105
972.0 0.0026920268282992765
973.0 0.0027954285542364232
974.0 0.0029458917197189294
975.0 0.003096354703302495
976.0 0.0030229428375605494
977.0 0.0029495309718186036
978.0 0.0030399378374568187
979.0 0.0031303447030950338
980.0 0.0030741619411855936
981.0 0.003017978997377213
982.0 0.003003574238391593
983.0 0.0029891692975070328
984.0 0.002864873022190295
985.0 0.0027405767468735576
986.0 0.002664369822014123
987.0 0.002588163079053629
988.0 0.0025268747776863165
989.0 0.002465587022015825
990.0 0.0024956654669949785
991.0 0.0025257437300751917
992.0 0.0025451869078096934
993.0 0.0025646302674431354
994.0 0.0026178089683526196
995.0 0.002670987851161044
996.0 0.0027403253625379875
997.0 0.0028096630558138713
998.0 0.002995551039930433
999.0 0.0031814390240469947
1000.0 0.003256935815443285
1001.0 0.0033324329706374556
1002.0 0.0035237346310168505
1003.0 0.0037150359275983647
1004.0 0.0037095232983119786
1005.0 0.0037040106690255925
1006.0 0.003960737376473844
1007.0 0.004217464447719976
1008.0 0.004199314207653515
1009.0 0.004181163603789173
1010.0 0.004142255420447327
1011.0 0.004103347964701243
1012.0 0.004037596227135509
1013.0 0.003971844489569776
1014.0 0.003720457971212454
1015.0 0.003469071089057252
1016.0 0.0031793217203812674
1017.0 0.0028895721698063426
1018.0 0.002653702176758088
1019.0 0.002417832365608774
1020.0 0.0022229778551263735
1021.0 0.002028123526542913
1022.0 0.0017047865185304545
1023.0 0.001381449601467466
1024.0 0.0013404373930825386
1025.0 0.0012994251846976113
1026.0 0.0011764896044041961
1027.0 0.001053554024110781
1028.0 0.0010072968507301994
1029.0 0.0009610395864001475
1030.0 0.0009128829333349131
1031.0 0.0008647265531180892
1032.0 0.00086395748439827
1033.0 0.0008631883247289807
1034.0 0.0007392107818304794
1035.0 0.0006152329660835676
1036.0 0.0006449761258409126
1037.0 0.0006747192855982576
1038.0 0.0006559397661476396
1039.0 0.0006371602012222866
1040.0 0.0005708232492906973
1041.0 0.0005044863428338431
1042.0 0.0005249848072708119
1043.0 0.0005454831807583105
1044.0 0.0006783058779546991
1045.0 0.0008111285751510877
1046.0 0.0008388827154703904
1047.0 0.0008666370376886334
1048.0 0.0007747690688120201
1049.0 0.0006829012818343472
1050.0 0.0008147454536810983
1051.0 0.0009465897164773196
1052.0 0.0009373439752380364
1053.0 0.0009280976883019321
1054.0 0.0008940216503106058
1055.0 0.0008599454304203391
1056.0 0.0009239323844667524
1057.0 0.0009879191566142254
1058.0 0.0010435352123749908
1059.0 0.001099151086236816
1060.0 0.0011874263691424858
1061.0 0.0012757014701492153
1062.0 0.0013317800039658323
1063.0 0.001387858355883509
1064.0 0.001311865071329521
1065.0 0.001235871695826063
1066.0 0.0015855628589633852
1067.0 0.0019352541130501777
1068.0 0.0019309834897285327
1069.0 0.0019267126845079474
1070.0 0.0021724303223891184
1071.0 0.002418147778371349
1072.0 0.0019745331883314066
1073.0 0.0015309182344935834
1074.0 0.0019804510884569027
1075.0 0.002429983578622341
1076.0 0.0027021886126021855
1077.0 0.0029743936465820298
1078.0 0.0031663599656894803
1079.0 0.00335832592099905
1080.0 0.0038601367123192176
1081.0 0.004361947139841504
1082.0 0.004077146149938926
1083.0 0.0037923455238342285
1084.0 0.00402792684326414
1085.0 0.0042635074350982904
1086.0 0.004233018626109697
1087.0 0.004202529089525342
1088.0 0.004075961987837218
1089.0 0.0039493948861490935
1090.0 0.003138971806038171
1091.0 0.002328548362129368
1092.0 0.003405660027056001
1093.0 0.004482771328184754
1094.0 0.004105349944438785
1095.0 0.0037279289244906977
1096.0 0.0033180363971041515
1097.0 0.0029081435059197247
1098.0 0.0035271747037768364
1099.0 0.004146206265431829
1100.0 0.0034330994822084904
1101.0 0.0027199923351872712
