lsstCam/transmission_filter_detector/r10_s01/y_10/19700101T000000.ecsv
# %ECSV 1.0
# ---
# datatype:
# - {name: wavelength, unit: nm, datatype: float32}
# - {name: efficiency, unit: '%', datatype: float64}
# meta: !!omap
# - {MODE: DETECTOR}
# - {TYPE: transmission_filter_detector}
# - {CALIBDATE: '1970-01-01T00:00:00'}
# - {INSTRUME: LSSTCam}
# - {OBSTYPE: transmission_filter_detector}
# - {CALIBCLS: lsst.ip.isr.IntermediateFilterDetectorTransmissionCurve}
# - {SOURCE: Materion (DM-46256)}
# - {DETECTOR: 28}
# - {FILTER: y_10}
# - {CALIB_ID: 'calibDate=1970-01-01T00:00:00 filter=y_10 detector=28'}
# - {DATE: '2025-04-02T15:59:50.871966'}
# - {CALIB_CREATION_DATE: '2025-04-02'}
# - {CALIB_CREATION_TIME: '15:59:50'}
# - __serialized_columns__:
#     efficiency:
#       __class__: astropy.units.quantity.Quantity
#       unit: !astropy.units.Unit {unit: '%'}
#       value: !astropy.table.SerializedColumn {name: efficiency}
#     wavelength:
#       __class__: astropy.units.quantity.Quantity
#       unit: !astropy.units.Unit {unit: nm}
#       value: !astropy.table.SerializedColumn {name: wavelength}
# schema: astropy-2.0
wavelength efficiency
300.0 0.5286832340061665
301.0 0.28205718845129013
302.0 0.03543112543411553
303.0 0.031329275225289166
304.0 0.02722742792684585
305.0 0.018122426990885288
306.0 0.009017420961754397
307.0 0.016322842566296458
308.0 0.02362825907766819
309.0 0.016370925004594028
310.0 0.009113589476328343
311.0 0.008108899055514485
312.0 0.007104206451913342
313.0 0.00736009533284232
314.0 0.0076159842137712985
315.0 0.006634125747950748
316.0 0.005652270192513242
317.0 0.0054963889851933345
318.0 0.005340503776096739
319.0 0.0028032462068949826
320.0 0.0002659872734511737
321.0 0.0022442793124355376
322.0 0.004222571442369372
323.0 0.003427190677030012
324.0 0.0026318099116906524
325.0 0.0011235854799451772
326.0 1.713854752560806e-10
327.0 0.0006713787115586456
328.0 0.0017273967387154698
329.0 0.003224280590075068
330.0 0.0047211644414346665
331.0 0.003995942824985832
332.0 0.0032707208447391167
333.0 0.0022362924937624484
334.0 0.001201863597088959
335.0 0.0017736376321408898
336.0 0.002345411849091761
337.0 0.002661165672179777
338.0 0.002976919131469913
339.0 0.001491580951551441
340.0 6.242628813879492e-06
341.0 1.713854752560806e-10
342.0 1.713854752560806e-10
343.0 0.00033258456824114546
344.0 0.0010283973097102717
345.0 0.00127759676615824
346.0 0.0015267967683030292
347.0 0.0015670097127440386
348.0 0.0016072224752861075
349.0 0.0013294710697664414
350.0 0.0010517193913983647
351.0 0.0014301679584605154
352.0 0.0018086160707753152
353.0 0.0014201959857018664
354.0 0.0010317758096789476
355.0 0.0010690270755731035
356.0 0.0011062782505177893
357.0 0.0008534047992725391
358.0 0.0006005312570778187
359.0 0.0007912172804935835
360.0 0.0009819032129598781
361.0 0.0012513847650552634
362.0 0.0015208661352517083
363.0 0.0011530958545336034
364.0 0.0007853252100176178
365.0 0.0011162984264956322
366.0 0.0014472721886704676
367.0 0.0020204124666634016
368.0 0.0025935527446563356
369.0 0.002278468673466705
370.0 0.0019633847841760144
371.0 0.0018890306819230318
372.0 0.001814676397771109
373.0 0.0022077132598496974
374.0 0.002600750303827226
375.0 0.0033490450732642785
376.0 0.004097339842701331
377.0 0.003952440602006391
378.0 0.0038075413613114506
379.0 0.003372451465111226
380.0 0.0029373613870120607
381.0 0.002048956412181724
382.0 0.0011605511645029765
383.0 0.0011521718988660723
384.0 0.0011437924513302278
385.0 0.0009444900570088066
386.0 0.0007451875262631802
387.0 0.0007423167062370339
388.0 0.0007394459316856228
389.0 0.0006372005373123102
390.0 0.0005349552338884678
391.0 0.0005126465111970901
392.0 0.0004903378339804476
393.0 0.0006023320565873291
394.0 0.000714326461093151
395.0 0.0006948080226720776
396.0 0.0006752897661499446
397.0 0.000842145618662471
398.0 0.0010090015166497324
399.0 0.0012725548913294915
400.0 0.0015361083569587208
401.0 0.0016822903489810415
402.0 0.001828472341003362
403.0 0.0017733716958900914
404.0 0.0017182710507768206
405.0 0.001707116825855337
406.0 0.0016959631466306746
407.0 0.0014165373613650445
408.0 0.0011371117579983547
409.0 0.0009308707376476377
410.0 0.0007246295353979804
411.0 0.00047987987272790633
412.0 0.0002351302555325674
413.0 0.0009630756721890066
414.0 0.0016910209524212405
415.0 0.0019343071471666917
416.0 0.0021775935238110833
417.0 0.0008164940481947269
418.0 1.713854752560806e-10
419.0 1.713854752560806e-10
420.0 1.713854752560806e-10
421.0 1.713854752560806e-10
422.0 0.000841405380924698
423.0 0.000535719209437957
424.0 0.00023003278784017311
425.0 1.713854752560806e-10
426.0 1.713854752560806e-10
427.0 1.713854752560806e-10
428.0 0.0003101544962191838
429.0 1.713854752560806e-10
430.0 1.713854752560806e-10
431.0 0.0004540969257504912
432.0 0.0014528180145134684
433.0 0.0010469104381627403
434.0 0.0006410034075088333
435.0 0.0002346938572372892
436.0 1.713854752560806e-10
437.0 1.713854752560806e-10
438.0 0.0001566837795508036
439.0 1.713854752560806e-10
440.0 1.713854752560806e-10
441.0 1.713854752560806e-10
442.0 1.713854752560806e-10
443.0 1.713854752560806e-10
444.0 1.713854752560806e-10
445.0 4.4252877273720514e-05
446.0 0.0004126301973883528
447.0 0.0005781066647614352
448.0 0.0007435830411850475
449.0 0.000811224163044244
450.0 0.0008788650120550301
451.0 0.00046375712372537237
452.0 4.864927518610784e-05
453.0 8.348344522346451e-05
454.0 0.00011831749588964158
455.0 1.713854752560806e-10
456.0 1.713854752560806e-10
457.0 1.713854752560806e-10
458.0 0.00011596182503126329
459.0 0.00014770320149182226
460.0 0.00017944468027053517
461.0 0.00020055238110217033
462.0 0.00022166004782775417
463.0 0.00031666534141550073
464.0 0.0004116706350032473
465.0 0.0005139886070537614
466.0 0.0006163066700537456
467.0 0.0011364004421920981
468.0 0.0016564939869567752
469.0 0.0015868490663706325
470.0 0.0015172035091381986
471.0 0.0015097849427547771
472.0 0.001502366012573475
473.0 0.002106381725752726
474.0 0.0027103975298814476
475.0 0.002641146238602232
476.0 0.002571895129221957
477.0 0.0029513243134715594
478.0 0.003330753679620102
479.0 0.0038912505260668695
480.0 0.004451747736311518
481.0 0.004459380579646677
482.0 0.004467013422981836
483.0 0.0038465655961772427
484.0 0.003226117041776888
485.0 0.003440559157752432
486.0 0.0036550005461322144
487.0 0.0030962692108005285
488.0 0.0025375376935699023
489.0 0.002221573049610015
490.0 0.001905608587549068
491.0 0.001697735206107609
492.0 0.0014898614608682692
493.0 0.0011765171620936599
494.0 0.000863173136167461
495.0 0.0010891633792198263
496.0 0.0013151537132216617
497.0 0.0019252205675002187
498.0 0.002535287603677716
499.0 0.0025116924007306807
500.0 0.0024880973796825856
501.0 0.002386089909123257
502.0 0.0022840828023618087
503.0 0.002328602204215713
504.0 0.002373121606069617
505.0 0.002995293471030891
506.0 0.003617465335992165
507.0 0.002704990220081527
508.0 0.0017925145584740676
509.0 0.0021354129785322584
510.0 0.0024783110347925685
511.0 0.002387547829130199
512.0 0.002296784623467829
513.0 0.001950631667568814
514.0 0.0016044790754676796
515.0 0.0013279327504278626
516.0 0.0010513865163375158
517.0 0.0012709339898719918
518.0 0.001490481099608587
519.0 0.0015369956599897705
520.0 0.0015835101294214837
521.0 0.0017545533410157077
522.0 0.001925596188812051
523.0 0.0016523539670743048
524.0 0.0013791114724881481
525.0 0.0017687203580862843
526.0 0.0021583298803307116
527.0 0.0024007560568861663
528.0 0.0026431824153405614
529.0 0.002900787330872845
530.0 0.0031583917007083073
531.0 0.0028303951694397256
532.0 0.002502398274373263
533.0 0.002603480788820889
534.0 0.0027045627575716935
535.0 0.002332654366909992
536.0 0.00196074579434935
537.0 0.002235694591945503
538.0 0.0025106432076427154
539.0 0.0031832769309403375
540.0 0.0038559101085411385
541.0 0.004086250191903673
542.0 0.004316590275266208
543.0 0.004406861262395978
544.0 0.004497132249525748
545.0 0.004620093750418164
546.0 0.0047430552513105795
547.0 0.003988483877037652
548.0 0.003233912502764724
549.0 0.002926560955529567
550.0 0.002619209226395469
551.0 0.002684729224711191
552.0 0.0027502490411279723
553.0 0.002993380985572003
554.0 0.0032365125662181526
555.0 0.003609603299992159
556.0 0.003982694761361927
557.0 0.0038137673982419074
558.0 0.003644839671324007
559.0 0.0034982611396117136
560.0 0.00335168260789942
561.0 0.0033460575650678948
562.0 0.003340432158438489
563.0 0.0032009371352614835
564.0 0.003061442112084478
565.0 0.0038174468500074
566.0 0.004573451587930322
567.0 0.0049365058657713234
568.0 0.005299560143612325
569.0 0.006118883175076917
570.0 0.0069382062065415084
571.0 0.006839386333012953
572.0 0.00674056718708016
573.0 0.006870823563076556
574.0 0.007001080666668713
575.0 0.006592745921807364
576.0 0.006184411176946014
577.0 0.00546461706107948
578.0 0.004744823672808707
579.0 0.005374752799980342
580.0 0.006004682290949859
581.0 0.006853105878690258
582.0 0.0077015283750370145
583.0 0.008993729716166854
584.0 0.010285928146913648
585.0 0.010839474271051586
586.0 0.011393021122785285
587.0 0.010755123366834596
588.0 0.010117224155692384
589.0 0.01020301497192122
590.0 0.01028880724334158
591.0 0.009366973245050758
592.0 0.008445139246759936
593.0 0.006976079748710617
594.0 0.005507023524842225
595.0 0.005569824861595407
596.0 0.005632626198348589
597.0 0.006024523463565856
598.0 0.006416421092581004
599.0 0.007616054062964395
600.0 0.008815687033347785
601.0 0.009275925549445674
602.0 0.009736161882756278
603.0 0.010509817366255447
604.0 0.011283476487733424
605.0 0.011129905033158138
606.0 0.010976333578582853
607.0 0.009560344187775627
608.0 0.008144357707351446
609.0 0.006347642192849889
610.0 0.004550928861135617
611.0 0.003924826887669042
612.0 0.0032987249142024666
613.0 0.003785246008192189
614.0 0.00427176637458615
615.0 0.0048686644731787965
616.0 0.005465562935569324
617.0 0.006706138083245605
618.0 0.007946712139528245
619.0 0.008923546556616202
620.0 0.00990038170129992
621.0 0.01063614763552323
622.0 0.011371913569746539
623.0 0.011488416203064844
624.0 0.011604917381191626
625.0 0.010201298573520035
626.0 0.008797676855465397
627.0 0.006907847273396328
628.0 0.005018015144742094
629.0 0.004186054866295308
630.0 0.0033540945878485218
631.0 0.00291000833385624
632.0 0.002465922079863958
633.0 0.0027554298867471516
634.0 0.003044938057428226
635.0 0.003314253262942657
636.0 0.003583568468457088
637.0 0.004324514884501696
638.0 0.005065460936748423
639.0 0.005132013757247478
640.0 0.005198566213948652
641.0 0.00549665346625261
642.0 0.005794740718556568
643.0 0.0053940540965413675
644.0 0.004993367474526167
645.0 0.004598600571625866
646.0 0.004203833668725565
647.0 0.0034636075724847615
648.0 0.002723381476243958
649.0 0.0020505476641119458
650.0 0.0013777137610304635
651.0 0.0014894171727064531
652.0 0.0016011210391297936
653.0 0.001705452086753212
654.0 0.0018097831343766302
655.0 0.0018371929400018416
656.0 0.001864602745627053
657.0 0.0016809422959340736
658.0 0.001497281755291624
659.0 0.0017785810996429063
660.0 0.002059880171145778
661.0 0.0018068321878672577
662.0 0.0015537842045887373
663.0 0.0023049358787829988
664.0 0.0030560880986740813
665.0 0.003562243000487797
666.0 0.004068397538503632
667.0 0.004728771091322415
668.0 0.005389143188949674
669.0 0.005608202627627179
670.0 0.005827258792123757
671.0 0.006432055670302361
672.0 0.007036852912278846
673.0 0.007886254752520472
674.0 0.008735655865166336
675.0 0.008049975440371782
676.0 0.00736429647076875
677.0 0.005990649879095145
678.0 0.004617002923623659
679.0 0.003029579238500446
680.0 0.0014421564628719352
681.0 0.0006438049240387045
682.0 1.713854752560806e-10
683.0 0.00017587647107575322
684.0 0.0005062996024207678
685.0 0.0003444417416176293
686.0 0.00018258383533975575
687.0 0.00015092293779161992
688.0 0.0001192620743495354
689.0 0.00018396734731140896
690.0 0.0002486726316419663
691.0 0.00036675858154922025
692.0 0.0004848445769312093
693.0 0.00033694718695187476
694.0 0.0001890497628664889
695.0 0.00040144286685972475
696.0 0.0006138359367469093
697.0 0.0005523358595382888
698.0 0.0004908356913801981
699.0 0.0004756055204779841
700.0 0.00046037507672735956
701.0 0.000355814563590684
702.0 0.0002512541641408461
703.0 0.0003638336465883185
704.0 0.00047641310629842337
705.0 0.0003947429831896443
706.0 0.0003130727009192924
707.0 4.804342665920558e-05
708.0 1.713854752560806e-10
709.0 3.5551408927858574e-06
710.0 0.0002240961521238205
711.0 0.00040756258385954425
712.0 0.0005910290838073706
713.0 0.0004231254024489317
714.0 0.0002552218347773305
715.0 0.0003635465645857039
716.0 0.0004718713626061799
717.0 0.00032256243684969377
718.0 0.00017325362478004536
719.0 0.00032619839203107404
720.0 0.0004791430910700001
721.0 0.00029921393434051424
722.0 0.00011928485719181481
723.0 0.00022829246972833062
724.0 0.00033730007089616265
725.0 0.0004487826117838267
726.0 0.0005602652890956961
727.0 0.0002518872406653827
728.0 1.713854752560806e-10
729.0 0.0002583159812274971
730.0 0.0005731227247451898
731.0 0.000760508373787161
732.0 0.0009478942956775427
733.0 0.0003375806045369245
734.0 1.713854752560806e-10
735.0 1.713854752560806e-10
736.0 1.713854752560806e-10
737.0 0.00021383775674621575
738.0 0.0008601346053183079
739.0 0.0005614924702967983
740.0 0.00026285001695214305
741.0 0.00014169571613820153
742.0 2.0541426692943787e-05
743.0 1.713854752560806e-10
744.0 1.713854752560806e-10
745.0 0.00037753111428173725
746.0 0.0008266853910754435
747.0 0.0004991822152078385
748.0 0.00017167915302707115
749.0 1.713854752560806e-10
750.0 1.713854752560806e-10
751.0 1.713854752560806e-10
752.0 0.00016688613868609536
753.0 0.0002247860720672179
754.0 0.00028268595997360535
755.0 1.713854752560806e-10
756.0 1.713854752560806e-10
757.0 1.713854752560806e-10
758.0 1.713854752560806e-10
759.0 0.00018427427903588978
760.0 0.000754277607484255
761.0 0.0003624798637247295
762.0 1.713854752560806e-10
763.0 1.713854752560806e-10
764.0 1.713854752560806e-10
765.0 1.3241067620128888e-05
766.0 0.0001960196414074744
767.0 1.713854752560806e-10
768.0 1.713854752560806e-10
769.0 1.713854752560806e-10
770.0 1.713854752560806e-10
771.0 1.713854752560806e-10
772.0 1.713854752560806e-10
773.0 0.00021102596292621456
774.0 0.0007892535904829856
775.0 0.00048352617341151927
776.0 0.00017779863128453144
777.0 0.00027600565317698056
778.0 0.00037421268643811345
779.0 0.00048222773330053315
780.0 0.0005902427801629528
781.0 0.0005212699761614203
782.0 0.0004522970812104177
783.0 0.000367415850632824
784.0 0.0002825346427925979
785.0 0.00011864639191117021
786.0 1.713854752560806e-10
787.0 0.0005361610874388134
788.0 0.0011175641702720895
789.0 0.0008985432032204699
790.0 0.0006795223725930555
791.0 0.0005277903255773708
792.0 0.00037605807392537827
793.0 0.000587868225920829
794.0 0.0007996780368557665
795.0 0.0008373987839149777
796.0 0.0008751195309741888
797.0 0.0004996304141968722
798.0 0.00012414138836902566
799.0 0.0005631975454889471
800.0 0.0010022537935583387
801.0 0.0005952831998001784
802.0 0.00018831266288543702
803.0 0.00032527814255445264
804.0 0.00046224363359215204
805.0 0.0007570529760414502
806.0 0.0010518622730160132
807.0 0.0006059472980268765
808.0 0.0001600323457751074
809.0 1.713854752560806e-10
810.0 1.713854752560806e-10
811.0 0.0002046611598416348
812.0 0.0007127370736270677
813.0 0.0007768506293359678
814.0 0.0008409642759943381
815.0 0.0008639273801236413
816.0 0.0008868898476066533
817.0 0.0008294196049973834
818.0 0.0007719494533375837
819.0 0.0008340607564605307
820.0 0.0008961720595834777
821.0 0.0006609431238757679
822.0 0.0004257140517438529
823.0 0.0005076238267065492
824.0 0.0005895338745176559
825.0 0.0005788858743471792
826.0 0.0005682379196514376
827.0 0.0006430489520425908
828.0 0.0007178600753832143
829.0 0.00037789031921420246
830.0 3.792053462348122e-05
831.0 0.00012809988447770593
832.0 0.0002182794105465291
833.0 0.00043167133298993576
834.0 0.0006450632099586073
835.0 8.906130233299336e-05
836.0 1.713854752560806e-10
837.0 1.713854752560806e-10
838.0 1.713854752560806e-10
839.0 0.00043530308175832033
840.0 0.0009004175808513537
841.0 0.0010717972145357635
842.0 0.0012431768482201733
843.0 0.000972030102275312
844.0 0.0007008829925325699
845.0 0.000599567511017085
846.0 0.00049825193855213
847.0 0.0007655955414520577
848.0 0.0010329391443519853
849.0 0.0008902991794457193
850.0 0.0007476589416910429
851.0 0.0010361021850258112
852.0 0.0013245453374111094
853.0 0.0004818162778974511
854.0 1.713854752560806e-10
855.0 1.713854752560806e-10
856.0 1.713854752560806e-10
857.0 0.0005255184532870771
858.0 0.0015185312804533169
859.0 0.0013060350283922162
860.0 0.0010935384125332348
861.0 0.001443233668396715
862.0 0.001792929288058076
863.0 0.0018016440662904643
864.0 0.0018103590264217928
865.0 0.0018833698050002567
866.0 0.0019563809473766014
867.0 0.002638830483192578
868.0 0.003321279655210674
869.0 0.002976486211991869
870.0 0.0026316925868741237
871.0 0.0032327647204510868
872.0 0.0038338366721291095
873.0 0.0027665910238283686
874.0 0.0016993455574265681
875.0 0.0024302766178152524
876.0 0.0031612074963049963
