lsstCam/transmission_filter_detector/r10_s01/y_10/19700101T000000.ecsv
# %ECSV 1.0
# ---
# datatype:
# - {name: wavelength, unit: nm, datatype: float32}
# - {name: efficiency, unit: '%', datatype: float64}
# meta: !!omap
# - {MODE: DETECTOR}
# - {TYPE: transmission_filter_detector}
# - {CALIBDATE: '1970-01-01T00:00:00'}
# - {INSTRUME: LSSTCam}
# - {OBSTYPE: transmission_filter_detector}
# - {CALIBCLS: lsst.ip.isr.IntermediateFilterDetectorTransmissionCurve}
# - {SOURCE: Materion (DM-46256)}
# - {DETECTOR: 28}
# - {FILTER: y_10}
# - {CALIB_ID: 'calibDate=1970-01-01T00:00:00 filter=y_10 detector=28'}
# - {DATE: '2025-04-02T15:59:50.871966'}
# - {CALIB_CREATION_DATE: '2025-04-02'}
# - {CALIB_CREATION_TIME: '15:59:50'}
# - __serialized_columns__:
#     efficiency:
#       __class__: astropy.units.quantity.Quantity
#       unit: !astropy.units.Unit {unit: '%'}
#       value: !astropy.table.SerializedColumn {name: efficiency}
#     wavelength:
#       __class__: astropy.units.quantity.Quantity
#       unit: !astropy.units.Unit {unit: nm}
#       value: !astropy.table.SerializedColumn {name: wavelength}
# schema: astropy-2.0
wavelength efficiency
[from data line 578]
878.0 0.0006300500444922363
879.0 0.0015959729353198782
880.0 0.06140598561614752
881.0 0.09000196005217731
882.0 0.0512899539899081
883.0 0.09402657742612064
884.0 0.061821495182812214
885.0 0.07743219030089676
886.0 0.08607785566709936
887.0 0.08855659398250282
888.0 0.06119763711467385
889.0 0.10690613416954875
890.0 0.06657250924035907
891.0 0.08537681424058974
892.0 0.0735095760319382
893.0 0.09896315168589354
894.0 0.0802095397375524
895.0 0.10356318671256304
896.0 0.07424959330819547
897.0 0.10030606063082814
898.0 0.07759619620628655
899.0 0.11405909899622202
900.0 0.07455790182575583
901.0 0.1247075735591352
902.0 0.1268150983378291
903.0 0.13287747278809547
904.0 0.14853979228064418
905.0 0.17210880760103464
906.0 0.19163890974596143
907.0 0.22322081495076418
908.0 0.2711850916966796
909.0 0.3389365738257766
910.0 0.4515321459621191
911.0 0.5907426588237286
912.0 0.8390781469643116
913.0 1.2244628742337227
914.0 1.7413681373000145
915.0 2.5313932448625565
916.0 3.611704334616661
917.0 4.943307489156723
918.0 6.6231608390808105
919.0 8.384398370981216
920.0 10.930945724248886
921.0 13.740615546703339
922.0 16.51942878961563
923.0 19.71200555562973
924.0 23.131099343299866
925.0 26.892974972724915
926.0 31.58441185951233
927.0 36.83061897754669
928.0 41.86118841171265
929.0 47.61437475681305
930.0 53.28505039215088
931.0 59.39262509346008
932.0 65.73418378829956
933.0 71.87308669090271
934.0 77.0553469657898
935.0 81.35967254638672
936.0 85.23842096328735
937.0 88.36570382118225
938.0 90.7698392868042
939.0 92.44905114173889
940.0 93.51121783256531
941.0 94.26538944244385
942.0 94.86497044563293
943.0 95.19158601760864
944.0 95.7554578781128
945.0 95.99663019180298
946.0 96.38583064079285
947.0 96.57142758369446
948.0 96.8667209148407
949.0 96.89493179321289
950.0 96.9933569431305
951.0 97.00283408164978
952.0 96.98545336723328
953.0 97.05556631088257
954.0 97.05323576927185
955.0 97.01346158981323
956.0 97.20060229301453
957.0 97.3543643951416
958.0 97.52255082130432
959.0 97.66045212745667
960.0 97.86244630813599
961.0 98.01278114318848
962.0 98.131263256073
963.0 98.27424883842468
964.0 98.41113686561584
965.0 98.51332306861877
966.0 98.59099388122559
967.0 98.71098399162292
968.0 98.71217608451843
969.0 98.74043464660645
970.0 98.76719117164612
971.0 98.7784743309021
972.0 98.84960055351257
973.0 98.9119291305542
974.0 98.92112612724304
975.0 98.86223077774048
976.0 98.92570972442627
977.0 98.91396760940552
978.0 98.99863600730896
979.0 98.98402094841003
980.0 98.9439606666565
981.0 98.89566898345947
982.0 98.89478087425232
983.0 98.94200563430786
984.0 98.88560175895691
985.0 98.90053272247314
986.0 98.78235459327698
987.0 98.84651899337769
988.0 98.69256019592285
989.0 98.6606240272522
990.0 98.59787821769714
991.0 98.60076308250427
992.0 98.62802028656006
993.0 98.56146574020386
994.0 98.49399328231812
995.0 98.48650097846985
996.0 98.46401810646057
997.0 98.56753945350647
998.0 98.56495261192322
999.0 98.6204743385315
1000.0 98.63715171813965
1001.0 98.64563941955566
1002.0 98.78262281417847
1003.0 98.8211989402771
1004.0 98.90626668930054
1005.0 98.87145757675171
1006.0 99.01663661003113
1007.0 99.03966784477234
1008.0 99.0422785282135
1009.0 98.97961616516113
1010.0 99.06194806098938
1011.0 99.04070496559143
1012.0 98.97500276565552
1013.0 98.99057745933533
1014.0 98.96376729011536
1015.0 98.94779920578003
1016.0 98.89095425605774
1017.0 98.91209602355957
1018.0 98.94822835922241
1019.0 98.82048964500427
1020.0 98.87939095497131
1021.0 98.99070262908936
1022.0 98.83208274841309
1023.0 98.85404706001282
1024.0 98.86393547058105
1025.0 98.82529377937317
1026.0 98.82146120071411
1027.0 98.9596962928772
1028.0 98.87736439704895
1029.0 98.96642565727234
1030.0 98.96739721298218
1031.0 98.97418022155762
1032.0 98.98203611373901
1033.0 98.97279739379883
1034.0 99.026620388031
1035.0 99.06687140464783
1036.0 98.9755630493164
1037.0 99.04597997665405
1038.0 99.01804327964783
1039.0 98.93441200256348
1040.0 98.89779090881348
1041.0 98.96920919418335
1042.0 98.90859723091125
1043.0 98.87993335723877
1044.0 98.88042211532593
1045.0 98.6417293548584
1046.0 98.7852156162262
1047.0 98.71883392333984
1048.0 98.73602390289307
1049.0 98.68603348731995
1050.0 98.63942265510559
1051.0 98.56448173522949
1052.0 98.52474927902222
1053.0 98.4241247177124
1054.0 98.71004819869995
1055.0 98.71712327003479
1056.0 98.63464832305908
1057.0 98.6410915851593
1058.0 98.60951900482178
1059.0 98.55315089225769
1060.0 98.70225787162781
1061.0 98.58338236808777
1062.0 98.6778199672699
1063.0 98.62943887710571
1064.0 98.87300729751587
1065.0 98.85656833648682
1066.0 98.84950518608093
1067.0 98.83549213409424
1068.0 98.92708659172058
1069.0 98.62385392189026
1070.0 98.9857017993927
1071.0 98.77394437789917
1072.0 98.93997311592102
1073.0 98.97301197052002
1074.0 98.61087799072266
1075.0 98.63723516464233
1076.0 98.42362999916077
1077.0 98.76177310943604
1078.0 98.86810779571533
1079.0 98.53389859199524
1080.0 99.37433004379272
1081.0 98.6056387424469
1082.0 98.53954315185547
1083.0 98.44191074371338
1084.0 98.67753386497498
1085.0 98.76839518547058
1086.0 98.65654706954956
1087.0 98.45050573348999
1088.0 98.46283793449402
1089.0 98.34744930267334
1090.0 98.32430481910706
1091.0 98.45019578933716
1092.0 98.64128232002258
1093.0 98.48000407218933
1094.0 98.31228256225586
1095.0 98.1956958770752
1096.0 98.36780428886414
1097.0 98.22376370429993
1098.0 97.56268858909607
1099.0 98.41959476470947
1100.0 98.13306331634521
