lsstCam/transmission_filter_detector/r12_s01/g_6/19700101T000000.ecsv
# %ECSV 1.0
# ---
# datatype:
# - {name: wavelength, unit: nm, datatype: float32}
# - {name: efficiency, unit: '%', datatype: float64}
# meta: !!omap
# - {MODE: DETECTOR}
# - {TYPE: transmission_filter_detector}
# - {CALIBDATE: '1970-01-01T00:00:00'}
# - {INSTRUME: LSSTCam}
# - {OBSTYPE: transmission_filter_detector}
# - {CALIBCLS: lsst.ip.isr.IntermediateFilterDetectorTransmissionCurve}
# - {SOURCE: Materion (DM-46256)}
# - {DETECTOR: 46}
# - {FILTER: g_6}
# - {CALIB_ID: 'calibDate=1970-01-01T00:00:00 filter=g_6 detector=46'}
# - {DATE: '2025-04-02T15:59:42.239891'}
# - {CALIB_CREATION_DATE: '2025-04-02'}
# - {CALIB_CREATION_TIME: '15:59:42'}
# - __serialized_columns__:
#     efficiency:
#       __class__: astropy.units.quantity.Quantity
#       unit: !astropy.units.Unit {unit: '%'}
#       value: !astropy.table.SerializedColumn {name: efficiency}
#     wavelength:
#       __class__: astropy.units.quantity.Quantity
#       unit: !astropy.units.Unit {unit: nm}
#       value: !astropy.table.SerializedColumn {name: wavelength}
# schema: astropy-2.0
wavelength efficiency
300.0 0.4908842034637928
301.0 0.36749469581991434
302.0 0.24410511832684278
303.0 0.2164044650271535
304.0 0.18870380008593202
305.0 0.20177476108074188
306.0 0.21484571043401957
307.0 0.21950590889900923
308.0 0.22416608408093452
309.0 0.21959601435810328
310.0 0.2150259679183364
311.0 0.21058463025838137
312.0 0.20614336244761944
313.0 0.20272627007216215
314.0 0.1993091544136405
315.0 0.18869716441258788
316.0 0.1780852093361318
317.0 0.1757766935043037
318.0 0.17346821259707212
319.0 0.1591883134096861
320.0 0.1449083909392357
321.0 0.13951469445601106
322.0 0.13412098633125424
323.0 0.11493752244859934
324.0 0.09575409349054098
325.0 0.08791558793745935
326.0 0.08007708238437772
327.0 0.07215812802314758
328.0 0.06423916784115136
329.0 0.06173891597427428
330.0 0.059238652465865016
331.0 0.055134849390015006
332.0 0.051031040493398905
333.0 0.04716620605904609
334.0 0.04330137453507632
335.0 0.04234170773997903
336.0 0.04138204094488174
337.0 0.04189929459244013
338.0 0.042416545329615474
339.0 0.04062936641275883
340.0 0.038842190406285226
341.0 0.03716402570717037
342.0 0.0354858668288216
343.0 0.03216899640392512
344.0 0.028852128889411688
345.0 0.025520229246467352
346.0 0.02218833105871454
347.0 0.02108539192704484
348.0 0.019982451340183616
349.0 0.018234651361126453
350.0 0.6101306993514299
351.0 1.1075988411903381
352.0 0.8113443851470947
353.0 0.9022216312587261
354.0 0.6973265670239925
355.0 0.7810689508914948
356.0 0.656638853251934
357.0 0.9731162339448929
358.0 0.5542084109038115
359.0 0.9108788333833218
360.0 0.667800847440958
361.0 0.9738922119140625
362.0 0.6463005673140287
363.0 0.7290137931704521
364.0 0.5236857105046511
365.0 0.7540635764598846
366.0 0.5643517710268497
367.0 0.7402259390801191
368.0 0.5008266307413578
369.0 0.6766779348254204
370.0 0.4394364543259144
371.0 0.5764150992035866
372.0 0.4158414900302887
373.0 0.5712974816560745
374.0 0.447629950940609
375.0 0.47010593116283417
376.0 0.37775274831801653
377.0 0.5163394380360842
378.0 0.434886384755373
379.0 0.6244209595024586
380.0 0.39763068780303
381.0 0.5320652853697538
382.0 0.5697735585272312
383.0 0.5786885973066092
384.0 0.536552257835865
385.0 0.632359879091382
386.0 0.6513229571282864
387.0 0.8048308081924915
388.0 0.8853080682456493
389.0 1.178575772792101
390.0 1.6670193523168564
391.0 2.5882424786686897
392.0 4.046834632754326
393.0 6.406986713409424
394.0 9.760770946741104
395.0 14.246998727321625
396.0 19.821912050247192
397.0 26.969927549362183
398.0 35.31946837902069
399.0 44.53803598880768
400.0 53.95307540893555
401.0 63.140153884887695
402.0 71.69009447097778
403.0 79.10856008529663
404.0 84.49047803878784
405.0 88.67376446723938
406.0 91.0157859325409
407.0 92.9029643535614
408.0 94.03719902038574
409.0 94.62194442749023
410.0 94.79984641075134
411.0 94.7222352027893
412.0 94.26945447921753
413.0 94.09088492393494
414.0 93.91182065010071
415.0 94.07376646995544
416.0 94.40528154373169
417.0 94.7416603565216
418.0 95.25536894798279
419.0 95.82836031913757
420.0 96.35860323905945
421.0 96.91848754882812
422.0 97.04846143722534
423.0 97.30618000030518
424.0 97.10311889648438
425.0 97.03121781349182
426.0 97.03050255775452
427.0 97.0521092414856
428.0 96.83924913406372
429.0 96.65735960006714
430.0 96.50640487670898
431.0 96.52835726737976
432.0 96.51206135749817
433.0 96.61906957626343
434.0 96.70737385749817
435.0 96.90558314323425
436.0 96.98077440261841
437.0 96.97672724723816
438.0 96.98651432991028
439.0 97.06030488014221
440.0 97.00130224227905
441.0 97.19186425209045
442.0 97.15570211410522
443.0 97.19139337539673
444.0 97.09286093711853
445.0 96.85003757476807
446.0 96.7503547668457
447.0 96.47749066352844
448.0 96.55535221099854
449.0 96.74485325813293
450.0 96.95733189582825
451.0 97.14853167533875
452.0 97.35198020935059
453.0 97.46728539466858
454.0 97.52624034881592
455.0 97.77783155441284
456.0 97.87544012069702
457.0 97.96886444091797
458.0 98.02002906799316
459.0 98.07605743408203
460.0 98.07788729667664
461.0 98.26738238334656
462.0 98.19191694259644
463.0 98.10358881950378
464.0 98.21432828903198
465.0 98.14109206199646
466.0 98.10929298400879
467.0 98.1278121471405
468.0 98.1789231300354
469.0 98.22354912757874
470.0 98.08551669120789
471.0 97.98166751861572
472.0 98.02283048629761
473.0 97.84874320030212
474.0 97.75863289833069
475.0 97.82655835151672
476.0 97.79819250106812
477.0 97.84994721412659
478.0 97.94145822525024
479.0 97.90613651275635
480.0 98.04509282112122
481.0 98.15980792045593
482.0 98.35247993469238
483.0 98.2347309589386
484.0 98.35407137870789
485.0 98.4343409538269
486.0 98.4343945980072
487.0 98.49026203155518
488.0 98.4764814376831
489.0 98.53163361549377
490.0 98.49289059638977
491.0 98.53013157844543
492.0 98.46757054328918
493.0 98.40605854988098
494.0 98.36355447769165
495.0 98.46518635749817
496.0 98.25998544692993
497.0 98.20005893707275
498.0 97.98884391784668
499.0 98.04145693778992
500.0 98.01033735275269
501.0 97.92298674583435
502.0 97.78304696083069
503.0 97.93272614479065
504.0 97.77756929397583
505.0 97.798752784729
506.0 97.82783389091492
507.0 97.7947473526001
508.0 97.84860610961914
509.0 97.79841303825378
510.0 97.76613116264343
511.0 97.71742224693298
512.0 97.59578704833984
513.0 97.71850109100342
514.0 97.70262241363525
515.0 97.72104620933533
516.0 97.82177209854126
517.0 97.83145785331726
518.0 97.84128665924072
519.0 97.88339734077454
520.0 97.96686172485352
521.0 98.10757040977478
522.0 98.0844795703888
523.0 98.08990359306335
524.0 98.1138527393341
525.0 98.1241762638092
526.0 98.22749495506287
527.0 98.24391603469849
528.0 98.3339250087738
529.0 98.43046069145203
530.0 98.42731952667236
531.0 98.58788251876831
532.0 98.42170476913452
533.0 98.4484851360321
534.0 98.45580458641052
535.0 98.330157995224
536.0 97.97831177711487
537.0 97.4616527557373
538.0 96.71298861503601
539.0 95.41556239128113
540.0 93.77586245536804
541.0 91.21646285057068
542.0 88.5017991065979
543.0 84.9333643913269
544.0 80.34493923187256
545.0 76.31993889808655
546.0 71.33236527442932
547.0 66.7284369468689
548.0 62.12788224220276
549.0 57.91509747505188
550.0 54.60902452468872
551.0 51.400649547576904
552.0 49.03692603111267
553.0 46.49702608585358
554.0 43.70332062244415
555.0 40.590494871139526
556.0 36.46712899208069
557.0 31.644120812416077
558.0 26.30445957183838
559.0 20.97713053226471
560.0 15.777154266834259
561.0 10.86452603340149
562.0 7.053744792938232
563.0 4.216164723038673
564.0 2.333361841738224
565.0 1.156123448163271
566.0 0.6015597376972437
567.0 0.30688694678246975
568.0 0.18656178144738078
569.0 0.11279236059635878
570.0 0.07940942887216806
571.0 0.05734264850616455
572.0 0.05895056528970599
573.0 0.03564210783224553
574.0 0.044396729208528996
575.0 0.03202250809408724
576.0 0.03725652350112796
577.0 0.02476597437635064
578.0 0.02717711904551834
579.0 0.022632959007751197
580.0 0.035340196336619556
581.0 0.013220522669143975
582.0 0.03273836919106543
583.0 0.017327968089375645
584.0 0.020877861243207008
585.0 0.017662098980508745
586.0 0.024459254927933216
587.0 0.018606765661388636
588.0 0.019203276315238327
589.0 0.018928645295090973
590.0 0.014030135935172439
591.0 0.01457140751881525
592.0 0.03401372523512691
593.0 0.01050934661179781
594.0 0.01464943925384432
595.0 0.016436241276096553
596.0 0.01195793884107843
597.0 0.01580198877491057
598.0 0.01672905927989632
599.0 0.008975846139946952
600.0 0.01123552501667291
601.0 0.002442853292450309
602.0 0.0024390323233092204
603.0 0.0024352111722691916
604.0 0.00227322343562264
605.0 0.0021112358808750287
606.0 0.0021501491573872045
607.0 0.0021890620701014996
608.0 0.0018869866835302673
609.0 0.001584911296959035
610.0 0.0018400191038381308
611.0 0.002095126546919346
612.0 0.002000232598220464
613.0 0.0019053386495215818
614.0 0.0018729146177065559
615.0 0.0018404913134872913
616.0 0.0019574003090383485
617.0 0.002074309486488346
618.0 0.0019326247638673522
619.0 0.001790939859347418
620.0 0.0016885696823010221
621.0 0.0015861995052546263
622.0 0.0014916038708179258
623.0 0.0013970079635328148
624.0 0.0014056899999559391
625.0 0.0014143721273285337
626.0 0.0014142898180580232
627.0 0.0014142077816359233
628.0 0.0014582189578504767
629.0 0.001502230588812381
630.0 0.0014515643670165446
631.0 0.001400897599523887
632.0 0.0015195560081338044
633.0 0.0016382138710469007
634.0 0.0015709976651123725
635.0 0.0015037810953799635
636.0 0.0014006817764311563
637.0 0.0012975830031791702
638.0 0.0012564402823045384
639.0 0.0012152974704804365
640.0 0.0011843405445688404
641.0 0.0011533832548593637
642.0 0.0013415003195405006
643.0 0.0015296174751711078
644.0 0.0014747606655873824
645.0 0.0014199034922057763
646.0 0.0013719823073188309
647.0 0.0013240611224318855
648.0 0.0011535827979969326
649.0 0.0009831042916630395
650.0 0.0012204449376440607
651.0 0.0014577849469787907
652.0 0.0011914748029084876
653.0 0.0009251645678887144
654.0 0.001067327775672311
655.0 0.001209491256304318
656.0 0.001236603293364169
657.0 0.0012637154213734902
658.0 0.0011701989024004433
659.0 0.0010766829291242175
660.0 0.0009765730283106677
661.0 0.0008764629455981776
662.0 0.001067050834535621
663.0 0.0012576388144225348
664.0 0.0012297954526729882
665.0 0.0012019519090245012
666.0 0.0011255019671807531
667.0 0.0010490518434380647
668.0 0.0011416414963605348
669.0 0.001234231149283005
670.0 0.001239651464857161
671.0 0.001245071689481847
672.0 0.0012034986866638064
673.0 0.0011619256838457659
674.0 0.0011719620488293003
675.0 0.0011819983228633646
676.0 0.0011414975233492441
677.0 0.001100996360037243
678.0 0.0011538068974914495
679.0 0.0012066173439961858
680.0 0.0010959430255752522
681.0 0.0009852687071543187
682.0 0.0010428592759126332
683.0 0.0011004499356204178
684.0 0.0009630453860154375
685.0 0.0008256407454609871
686.0 0.0010039441804110538
687.0 0.001182247797260061
688.0 0.001176678779302165
689.0 0.001171109852293739
690.0 0.0010291108083038125
691.0 0.0008871117643138859
692.0 0.0009396451787324622
693.0 0.0009921786841005087
694.0 0.0010504979400138836
695.0 0.0011088171959272586
696.0 0.0011271014955127612
697.0 0.0011453853403509129
698.0 0.0012493976100813597
699.0 0.0013534098798118066
700.0 0.0011585215361265
701.0 0.0009636331924411934
702.0 0.0011321715646772645
703.0 0.0013007097550143953
704.0 0.001265165519725997
705.0 0.0012296210115891881
706.0 0.0011822650776593946
707.0 0.0011349093256285414
708.0 0.0010197748451901134
709.0 0.0009046405466506258
710.0 0.0011400721632526256
711.0 0.001375504052703036
712.0 0.0012612125829036813
713.0 0.0011469211131043267
714.0 0.00119568258014624
715.0 0.001244444320036564
716.0 0.0015216064639389515
717.0 0.0017987687897402793
718.0 0.0019854376660077833
719.0 0.002172106360376347
720.0 0.0018035125322057866
721.0 0.001434918522136286
722.0 0.0016261201380984858
723.0 0.0018173222997575067
724.0 0.0018256996554555371
725.0 0.0018340768292546272
726.0 0.001926461663970258
727.0 0.0020188466805848293
728.0 0.0020405037503223866
729.0 0.002062160820059944
730.0 0.0020612504158634692
731.0 0.0020603400116669945
732.0 0.0019332906958879903
733.0 0.0018062415620079264
734.0 0.0015568935850751586
735.0 0.0013075458809908014
736.0 0.001228473865921842
737.0 0.0011494017599034123
738.0 0.0010886085874517448
739.0 0.0010278153240506072
740.0 0.0008920455002225935
741.0 0.0007562754035461694
742.0 0.0007423072929668706
743.0 0.0007283391823875718
744.0 0.0009151238373306114
745.0 0.0011019087651220616
746.0 0.0010598115295579191
747.0 0.001017714475892717
748.0 0.0011102284588559996
749.0 0.0012027425327687524
750.0 0.001051031176757533
751.0 0.0008993201845441945
752.0 0.0007921338692540303
753.0 0.0006849477358628064
754.0 0.0008228890692407731
755.0 0.0009608304026187398
756.0 0.0009242909982276615
757.0 0.0008877514119376428
758.0 0.0009002447768580168
759.0 0.0009127385055762716
760.0 0.0007450477824022528
761.0 0.000577357059228234
762.0 0.0006592376848857384
763.0 0.0007411181286443025
764.0 0.0008986034117697272
765.0 0.0010560888767940924
766.0 0.0009158538887277246
767.0 0.0007756189916108269
768.0 0.0006210761966940481
769.0 0.00046653335630253423
770.0 0.00035731140997086186
771.0 0.0002480894636391895
772.0 0.00046974796532595064
773.0 0.0006914066489116522
774.0 0.0008090856681519654
775.0 0.0009267648238164838
776.0 0.0008595195140514988
777.0 0.0007922742042865139
778.0 0.0006758058589184657
779.0 0.0005593376499746228
780.0 0.0005158091880730353
781.0 0.0004722807261714479
782.0 0.0006111961283750134
783.0 0.0007501113486796385
784.0 0.0008697989869688172
785.0 0.0009894865797832608
786.0 0.0007911330612841994
787.0 0.0005927799520577537
788.0 0.00047671005631855223
789.0 0.0003606403197409236
790.0 0.00020348875295894686
791.0 4.6337166281773534e-05
792.0 0.00015051825812406605
793.0 0.00025469937554589706
794.0 0.00031933063837641384
795.0 0.0003839618784695631
796.0 0.00047133044063230045
797.0 0.0005586990027950378
798.0 0.0005356332167139044
799.0 0.000512567430632771
800.0 0.0005508522008312866
801.0 0.0005891371074540075
802.0 0.0005281507583276834
803.0 0.00046716454562556464
804.0 0.00039928486330609303
805.0 0.00033140529467345914
806.0 0.0003257999878769624
807.0 0.00032019472655520076
808.0 0.00039021629163471516
809.0 0.000460237833976862
810.0 0.00035722732718568295
811.0 0.00025421679765713634
812.0 0.0002991730752910371
813.0 0.00034412930745020276
814.0 0.0003718660309459665
815.0 0.00039960277717909776
816.0 0.0004894948233413743
817.0 0.0005793867330794455
818.0 0.00042725223465822637
819.0 0.0002751178044491098
820.0 0.00046367904360522516
821.0 0.0006522401690745028
822.0 0.0005111062819196377
823.0 0.00036997241750214016
824.0 0.00043974887375952676
825.0 0.0005095252163300756
826.0 0.0006423063041438581
827.0 0.0007750873919576406
828.0 0.0005598757525149267
829.0 0.00034466404486011015
830.0 0.00034645088362594834
831.0 0.0003482377678665216
832.0 0.0005038366452936316
833.0 0.0006594354090339039
834.0 0.0005216126737650484
835.0 0.00038378989302145783
836.0 0.0004571008503262419
837.0 0.0005304118531057611
838.0 0.00046423178901022766
839.0 0.0003980517703894293
840.0 0.0005327156031853519
841.0 0.0006673793450318044
842.0 0.00038284574657154735
843.0 9.831198894971749e-05
844.0 0.00015537807485088706
845.0 0.00021244418348942418
846.0 0.00045159745241107885
847.0 0.0006907509032316739
848.0 0.0005844196493853815
849.0 0.00047808853196329437
850.0 0.000509901428813464
851.0 0.0005417143256636336
852.0 0.0005526929726329399
853.0 0.0005636713012791006
854.0 0.0005717519343306776
855.0 0.0005798323854833143
856.0 0.0006243175903364317
857.0 0.0006688028861390194
858.0 0.0006028607913322048
859.0 0.0005369186965253903
860.0 0.0005651468200085219
861.0 0.0005933748980169185
862.0 0.0005273407168715494
863.0 0.0004613065812009154
864.0 0.00038772141124354675
865.0 0.00031413626402354566
866.0 0.00040804766285873484
867.0 0.0005019591299060266
868.0 0.0006502619271486765
869.0 0.0007985648153407965
870.0 0.0006388597284967545
871.0 0.0004791545507032424
872.0 0.0003905879111698596
873.0 0.0003020212034243741
874.0 0.00035120799566357164
875.0 0.0004003947651654016
876.0 0.0005880297521798639
877.0 0.0007756647391943261
878.0 0.0007042795004963409
879.0 0.0006328942617983557
880.0 0.0006049232979421504
881.0 0.0005769526524090907
882.0 0.0005787357167719165
883.0 0.0005805191904073581
884.0 0.0006012681751599303
885.0 0.0006220174327609129
886.0 0.0006743632638972485
887.0 0.0007267093678819947
888.0 0.0006125795607658802
889.0 0.0004984498445992358
890.0 0.0005204894932830939
891.0 0.0005425292329164222
892.0 0.0004892478955298429
893.0 0.00043596660361799877
894.0 0.0004352019459474832
895.0 0.0004344372882769676
896.0 0.000280971630672866
897.0 0.0001275059503313969
898.0 0.00028487463623605436
899.0 0.00044224334487807937
900.0 0.0003782739895541454
901.0 0.00031430461149284383
902.0 0.00041612306631577667
903.0 0.000517941543876077
904.0 0.0002976599034809624
905.0 7.737821192677075e-05
906.0 0.00031281172141461866
