lsstCam/transmission_filter_detector/r12_s01/g_6/19700101T000000.ecsv
# %ECSV 1.0
# ---
# datatype:
# - {name: wavelength, unit: nm, datatype: float32}
# - {name: efficiency, unit: '%', datatype: float64}
# meta: !!omap
# - {MODE: DETECTOR}
# - {TYPE: transmission_filter_detector}
# - {CALIBDATE: '1970-01-01T00:00:00'}
# - {INSTRUME: LSSTCam}
# - {OBSTYPE: transmission_filter_detector}
# - {CALIBCLS: lsst.ip.isr.IntermediateFilterDetectorTransmissionCurve}
# - {SOURCE: Materion (DM-46256)}
# - {DETECTOR: 46}
# - {FILTER: g_6}
# - {CALIB_ID: 'calibDate=1970-01-01T00:00:00 filter=g_6 detector=46'}
# - {DATE: '2025-04-02T15:59:42.239891'}
# - {CALIB_CREATION_DATE: '2025-04-02'}
# - {CALIB_CREATION_TIME: '15:59:42'}
# - __serialized_columns__:
#     efficiency:
#       __class__: astropy.units.quantity.Quantity
#       unit: !astropy.units.Unit {unit: '%'}
#       value: !astropy.table.SerializedColumn {name: efficiency}
#     wavelength:
#       __class__: astropy.units.quantity.Quantity
#       unit: !astropy.units.Unit {unit: nm}
#       value: !astropy.table.SerializedColumn {name: wavelength}
# schema: astropy-2.0
wavelength efficiency
[from data line 608]
908.0 0.0004647065907192882
909.0 0.00038116811538202455
910.0 0.0003911706699000206
911.0 0.00040117320168064907
912.0 0.00045445685827871785
913.0 0.0005077405148767866
914.0 0.00030564308417524444
915.0 0.00010354568757975358
916.0 0.00018919655531135504
917.0 0.0002748473889369052
918.0 0.0002675453515621484
919.0 0.00026024331418739166
920.0 0.0002645245558596798
921.0 0.000268805797531968
922.0 0.0004681761311076116
923.0 0.0006675464646832552
924.0 0.0006059421593818115
925.0 0.0005443377631308977
926.0 0.0005769910785602406
927.0 0.0006096445304137887
928.0 0.0005584629889199277
929.0 0.0005072815383755369
930.0 0.0005978492481517605
931.0 0.0006884169579279842
932.0 0.0005971966402285034
933.0 0.0005059763225290226
934.0 0.0005253859853837639
935.0 0.0005447956027637701
936.0 0.0005875719125469914
937.0 0.0006303483132796828
938.0 0.0007188169547589496
939.0 0.0008072855962382164
940.0 0.0006403730367310345
941.0 0.0004734602498501772
942.0 0.000659408806313877
943.0 0.0008453573173028417
944.0 0.0007241621460707393
945.0 0.0006029669293639017
946.0 0.0006012231096974574
947.0 0.000599479244556278
948.0 0.0009024051905726083
949.0 0.0012053312275384087
950.0 0.0010678042599465698
951.0 0.0009302772923547309
952.0 0.0009486076123721432
953.0 0.0009669379323895555
954.0 0.0008841044291330036
955.0 0.000801271107775392
956.0 0.0007431987796735484
957.0 0.0006851262696727645
958.0 0.000828226166049717
959.0 0.0009713260624266695
960.0 0.0007385157459793845
961.0 0.0005057052476331592
962.0 0.0005735207196266856
963.0 0.000641336146145477
964.0 0.000721979267837014
965.0 0.0008026222531043459
966.0 0.0008578885172028095
967.0 0.0009131546903518029
968.0 0.0008466469807899557
969.0 0.0007801393621775787
970.0 0.0007527597517764661
971.0 0.0007253802323248237
972.0 0.0008088943104667123
973.0 0.0008924084795580711
974.0 0.0008284250725409947
975.0 0.0007644419383723289
976.0 0.00084344301285455
977.0 0.0009224444511346519
978.0 0.000946276486502029
979.0 0.0009701086128188763
980.0 0.0010331285920983646
981.0 0.001096148571377853
982.0 0.001051815979735693
983.0 0.001007483388093533
984.0 0.0009922539902618155
985.0 0.0009770249562279787
986.0 0.0011156799700984266
987.0 0.0012543349839688744
988.0 0.0012128628441132605
989.0 0.0011713905223587062
990.0 0.0013114443390804809
991.0 0.0014514982467517257
992.0 0.0014046187061467208
993.0 0.001357739256491186
994.0 0.0013802016837871633
995.0 0.0014026642020326108
996.0 0.0012708282156381756
997.0 0.0011389924111426808
998.0 0.0012894664905616082
999.0 0.0014399406609300058
1000.0 0.0013530534488381818
1001.0 0.0012661661457968876
1002.0 0.0011767355317715555
1003.0 0.0010873049177462235
1004.0 0.0010804246812767815
1005.0 0.001073544262908399
1006.0 0.0013395974747254513
1007.0 0.0016056506865425035
1008.0 0.0015986161088221706
1009.0 0.0015915822586975992
1010.0 0.0017682423276710324
1011.0 0.001944902578543406
1012.0 0.0020233093891874887
1013.0 0.0021017161998315714
1014.0 0.0021630790797644295
1015.0 0.002224442141596228
1016.0 0.0025161707526422106
1017.0 0.0028078995455871336
1018.0 0.003104589632130228
1019.0 0.0034012799005722627
1020.0 0.003453978933976032
1021.0 0.0035066783311776817
1022.0 0.0038339490856742486
1023.0 0.004161220203968696
1024.0 0.004294141763239168
1025.0 0.00442706368630752
1026.0 0.0045319156924961135
1027.0 0.004636768062482588
1028.0 0.004690681089414284
1029.0 0.004744594116345979
1030.0 0.004988262298866175
1031.0 0.00523193011758849
1032.0 0.005572356894845143
1033.0 0.005912783672101796
1034.0 0.005655477070831694
1035.0 0.0053981708333594725
1036.0 0.005506724846782163
1037.0 0.005615278496406972
1038.0 0.005924703873461112
1039.0 0.006234129250515252
1040.0 0.006581148045370355
1041.0 0.006928165385033935
1042.0 0.007054475281620398
1043.0 0.0071807844506111
1044.0 0.007538086356362328
1045.0 0.007895386079326272
1046.0 0.008872519538272172
1047.0 0.00984965154202655
1048.0 0.011430827726144344
1049.0 0.013012000999879092
1050.0 0.0154567722347565
1051.0 0.01790153910405934
1052.0 0.02165620098821819
1053.0 0.02541086869314313
1054.0 0.030329727451317012
1055.0 0.035248586209490895
1056.0 0.04229412006679922
1057.0 0.04933964810334146
1058.0 0.05707998643629253
1059.0 0.06482031312771142
1060.0 0.07254705997183919
1061.0 0.08027377189137042
1062.0 0.08761410135775805
1063.0 0.09495439589954913
1064.0 0.10120049118995667
1065.0 0.10744658065959811
1066.0 0.11412430321797729
1067.0 0.12080203741788864
1068.0 0.1283727353438735
1069.0 0.1359434681944549
1070.0 0.14618185814470053
1071.0 0.15642025973647833
1072.0 0.16813107067719102
1073.0 0.17984183505177498
1074.0 0.19171037711203098
1075.0 0.20357898902148008
1076.0 0.21558303851634264
1077.0 0.2275870880112052
1078.0 0.2403018530458212
1079.0 0.25301657151430845
1080.0 0.2700472716242075
1081.0 0.28707797173410654
1082.0 0.3152382094413042
1083.0 0.3433984238654375
1084.0 0.383425853215158
1085.0 0.4234533291310072
1086.0 0.4595068283379078
1087.0 0.4955603275448084
1088.0 0.5604980979114771
1089.0 0.6254358682781458
1090.0 0.7033592090010643
1091.0 0.7812825031578541
1092.0 0.8147098124027252
1093.0 0.848136842250824
1094.0 0.8915114216506481
1095.0 0.9348858147859573
1096.0 0.9901911020278931
1097.0 1.0454964824020863
1098.0 1.0883204638957977
1099.0 1.1311445385217667
1100.0 1.326476875692606
1101.0 1.5218090265989304
