lsstCam/transmission_filter_detector/r01_s11/r_57/19700101T000000.ecsv
# %ECSV 1.0
# ---
# datatype:
# - {name: wavelength, unit: nm, datatype: float32}
# - {name: efficiency, unit: '%', datatype: float64}
# meta: !!omap
# - {MODE: DETECTOR}
# - {TYPE: transmission_filter_detector}
# - {CALIBDATE: '1970-01-01T00:00:00'}
# - {INSTRUME: LSSTCam}
# - {OBSTYPE: transmission_filter_detector}
# - {CALIBCLS: lsst.ip.isr.IntermediateFilterDetectorTransmissionCurve}
# - {SOURCE: Materion (DM-46256)}
# - {DETECTOR: 4}
# - {FILTER: r_57}
# - {CALIB_ID: 'calibDate=1970-01-01T00:00:00 filter=r_57 detector=4'}
# - {DATE: '2025-04-02T15:59:44.203857'}
# - {CALIB_CREATION_DATE: '2025-04-02'}
# - {CALIB_CREATION_TIME: '15:59:44'}
# - __serialized_columns__:
#     efficiency:
#       __class__: astropy.units.quantity.Quantity
#       unit: !astropy.units.Unit {unit: '%'}
#       value: !astropy.table.SerializedColumn {name: efficiency}
#     wavelength:
#       __class__: astropy.units.quantity.Quantity
#       unit: !astropy.units.Unit {unit: nm}
#       value: !astropy.table.SerializedColumn {name: wavelength}
# schema: astropy-2.0
wavelength efficiency
300.0 0.0035004541132366285
301.0 0.008450705354334787
302.0 0.013400957686826587
303.0 0.016326943296007812
304.0 0.019252931815572083
305.0 0.017108855536207557
306.0 0.014964780712034553
307.0 0.01296595874009654
308.0 0.010967135312967002
309.0 0.010180118988500908
310.0 0.00939310120884329
311.0 0.008831087325233966
312.0 0.008269071986433119
313.0 0.007599296804983169
314.0 0.006929520895937458
315.0 0.00650356596452184
316.0 0.0060776095779147
317.0 0.005748940020566806
318.0 0.0054202704632189125
319.0 0.004995218478143215
320.0 0.004570165037875995
321.0 0.004376563083496876
322.0 0.004182960765319876
323.0 0.003914351327694021
324.0 0.0036457411624724045
325.0 0.003524051862768829
326.0 0.0034023618354694918
327.0 0.003462439781287685
328.0 0.003522518090903759
329.0 0.0035640088754007593
330.0 0.0036055011150892824
331.0 0.0032940813980530947
332.0 0.002982662590511609
333.0 0.0026149115001317114
334.0 0.002247160409751814
335.0 0.002103365295624826
336.0 0.0019595703633967787
337.0 0.0018172955606132746
338.0 0.0016750209397287108
339.0 0.001494753178121755
340.0 0.0013144852346158586
341.0 0.0012950948075740598
342.0 0.0012757042895827908
343.0 0.0012574428183143027
344.0 0.0012391811651468743
345.0 0.0012554886779980734
346.0 0.0012717962817987427
347.0 0.0011906126019312069
348.0 0.0011094287401647307
349.0 0.0011384453500795644
350.0 0.005919255272601731
351.0 0.006169827975099906
352.0 0.006420401041395962
353.0 0.005866149513167329
354.0 0.0053118987125344574
355.0 0.005097429675515741
356.0 0.004882961729890667
357.0 0.00679318472975865
358.0 0.008703407365828753
359.0 0.006556941661983728
360.0 0.004410475594340824
361.0 0.0028182053938508034
362.0 0.0012259351933607832
363.0 0.002809213037835434
364.0 0.004392490518512204
365.0 0.004552353493636474
366.0 0.004712216468760744
367.0 0.0039523820305475965
368.0 0.0031925475923344493
369.0 0.0021920957806287333
370.0 0.0011916439689230174
371.0 0.0018705351976677775
372.0 0.0025494267902104184
373.0 0.0030017097742529586
374.0 0.003453992758295499
375.0 0.003318841481814161
376.0 0.003183690569130704
377.0 0.0016203888662857935
378.0 5.7087345339823514e-05
379.0 0.0008262046321760863
380.0 0.0015953222828102298
381.0 0.002440769094391726
382.0 0.0032862160878721625
383.0 0.003560809636837803
384.0 0.003835403549601324
385.0 0.004866620656684972
386.0 0.00589783739997074
387.0 0.005030980173614807
388.0 0.004164122583460994
389.0 0.0036897119571221992
390.0 0.003215300603187643
391.0 0.002194013177359011
392.0 0.0011727258424798492
393.0 0.0015261795851984061
394.0 0.0018796328731696121
395.0 0.0013184361705498304
396.0 0.0007572395134047838
397.0 0.00072044590524456
398.0 0.000683652706356952
399.0 0.0006395799118763534
400.0 0.0005955066171736689
401.0 0.0003314873538329266
402.0 6.746748795194435e-05
403.0 0.0003207502686564112
404.0 0.0005740334927395452
405.0 0.0010153125003853347
406.0 0.001456591326132184
407.0 0.0019515362509991974
408.0 0.0024464810849167407
409.0 0.002088388464471791
410.0 0.0017302954802289605
411.0 0.0012736730241158511
412.0 0.0008170504770532716
413.0 0.000784914936957648
414.0 0.0007527793968620244
415.0 0.0007059866675263038
416.0 0.0006591941655642586
417.0 0.001251170124305645
418.0 0.0018431464923196472
419.0 0.002309567207703367
420.0 0.0027759882868849672
421.0 0.004416498995851725
422.0 0.006057009522919543
423.0 0.009435531683266163
424.0 0.01281405275221914
425.0 0.017184125317726284
426.0 0.021554194972850382
427.0 0.021898165869060904
428.0 0.022242138220462948
429.0 0.016936830070335418
430.0 0.011631521920207888
431.0 0.008348184928763658
432.0 0.005064846845925786
433.0 0.004167015504208393
434.0 0.003269184162491001
435.0 0.0025653607735875994
436.0 0.001861537020886317
437.0 0.0016319476344506256
438.0 0.0014023584299138747
439.0 0.0011277572411927395
440.0 0.0008531561434210744
441.0 0.001132031775341602
442.0 0.0014109074072621297
443.0 0.0017501468391856179
444.0 0.002089386180159636
445.0 0.0019041910491068847
446.0 0.0017189957361551933
447.0 0.001625044569664169
448.0 0.0015310937669710256
449.0 0.0016538595446036197
450.0 0.0017766249584383331
451.0 0.0019014471035916358
452.0 0.002026269430643879
453.0 0.0018696888218983077
454.0 0.0017131083950516768
455.0 0.0014735563127032947
456.0 0.0012340045032033231
457.0 0.0009040957593242638
458.0 0.0005741870609199395
459.0 0.0008202496246667579
460.0 0.0010663119610399008
461.0 0.00171912233781768
462.0 0.0023719323507975787
463.0 0.0031835705158300698
464.0 0.00399520831706468
465.0 0.005147080082679167
466.0 0.006298952212091535
467.0 0.006891019438626245
468.0 0.007483088120352477
469.0 0.006367378955474123
470.0 0.005251670881989412
471.0 0.003954532076022588
472.0 0.0026573929062578827
473.0 0.002224329909950029
474.0 0.0017912665498442948
475.0 0.0014723835192853585
476.0 0.0011535007615748327
477.0 0.0009426370525034145
478.0 0.000731773252482526
479.0 0.0009441001566301566
480.0 0.0011564268788788468
481.0 0.0008531245839549229
482.0 0.0005498225164046744
483.0 0.000635531159787206
484.0 0.0007212397576950025
485.0 0.0006856545496702893
486.0 0.000650069296170841
487.0 0.0006646580914093647
488.0 0.0006792467502236832
489.0 0.0006260812824621098
490.0 0.0005729157692258013
491.0 0.0007512710908486042
492.0 0.000929626366996672
493.0 0.0010803510122059379
494.0 0.001231075748364674
495.0 0.0010859266694751568
496.0 0.0009407776815351099
497.0 0.0011837276360893156
498.0 0.001426677408744581
499.0 0.0014857387213851325
500.0 0.0015448002159246244
501.0 0.0016384748960263096
502.0 0.0017321497580269352
503.0 0.00209948393603554
504.0 0.0024668181140441447
505.0 0.0031402661988977343
506.0 0.0038137146475492045
507.0 0.004463476943783462
508.0 0.00511323924001772
509.0 0.005552967922994867
510.0 0.005992695878376253
511.0 0.005335693640518002
512.0 0.00467869067506399
513.0 0.003963524432037957
514.0 0.003248358189011924
515.0 0.003101271067862399
516.0 0.0029541841286118142
517.0 0.0027311747544445097
518.0 0.0025081653802772053
519.0 0.0654222909361124
520.0 0.06944318301975727
521.0 1.6751821284299862e-10
522.0 0.15998769085854292
523.0 1.6751821284299862e-10
524.0 0.12702083913609385
525.0 0.09872943628579378
526.0 0.14448367292061448
527.0 0.09824259905144572
528.0 0.15371826011687517
529.0 0.11844334658235312
530.0 0.16635004431009293
531.0 0.13604643754661083
532.0 0.2926517045125365
533.0 0.35470526199787855
534.0 0.4146090243011713
535.0 0.6720405537635088
536.0 0.9999546222388744
537.0 1.5880553051829338
538.0 2.535449340939522
539.0 3.7770412862300873
540.0 5.9830304235219955
541.0 8.375396579504013
542.0 11.57475858926773
543.0 15.520453453063965
544.0 20.302101969718933
545.0 25.636300444602966
546.0 32.17345476150513
547.0 39.487627148628235
548.0 48.0661004781723
549.0 55.944156646728516
550.0 61.76561117172241
551.0 68.31040978431702
552.0 72.60743975639343
553.0 76.66718363761902
554.0 80.41529059410095
555.0 83.74531865119934
556.0 87.12853193283081
557.0 89.88500237464905
558.0 92.27811098098755
559.0 94.38796639442444
560.0 94.30486559867859
561.0 95.53174376487732
562.0 95.55431008338928
563.0 95.36702036857605
564.0 95.83527445793152
565.0 95.54057121276855
566.0 96.21407985687256
567.0 95.66878080368042
568.0 95.96649408340454
569.0 97.15778827667236
570.0 96.5613305568695
571.0 97.18651175498962
572.0 97.41842150688171
573.0 97.05448150634766
574.0 97.57885336875916
575.0 97.23075032234192
576.0 97.61509299278259
577.0 97.01973795890808
578.0 97.29809761047363
579.0 97.1784770488739
580.0 96.7061698436737
581.0 96.82093262672424
582.0 96.7339277267456
583.0 96.86698913574219
584.0 96.39496207237244
585.0 96.53642773628235
586.0 97.0562756061554
587.0 96.27392292022705
588.0 96.86260223388672
589.0 97.6963460445404
590.0 96.93722724914551
591.0 96.0024893283844
592.0 96.2911307811737
593.0 95.84041237831116
594.0 96.26988768577576
595.0 96.34159207344055
596.0 97.27283120155334
597.0 97.49967455863953
598.0 96.86218500137329
599.0 97.0562219619751
600.0 96.94492816925049
601.0 96.02764844894409
602.0 97.15694785118103
603.0 96.1846113204956
604.0 96.10186815261841
605.0 96.83719277381897
606.0 95.97250819206238
607.0 96.40830159187317
608.0 96.63253426551819
609.0 95.99241018295288
610.0 95.98934054374695
611.0 95.84410190582275
612.0 96.11626267433167
613.0 96.93119525909424
614.0 97.04166054725647
615.0 96.68968915939331
616.0 96.60939574241638
617.0 96.96898460388184
618.0 96.41295671463013
619.0 97.24414348602295
620.0 96.13500833511353
621.0 95.55531144142151
622.0 96.77116870880127
623.0 97.07896709442139
624.0 96.44148349761963
625.0 96.99405431747437
626.0 96.22486233711243
627.0 95.08969187736511
628.0 97.05429077148438
629.0 95.81946730613708
630.0 96.81198000907898
631.0 96.34242653846741
632.0 97.14686870574951
633.0 96.9938576221466
634.0 96.03970050811768
635.0 96.4637815952301
636.0 96.2795615196228
637.0 95.94959616661072
638.0 95.57000994682312
639.0 95.81557512283325
640.0 95.74746489524841
641.0 95.7324743270874
642.0 96.10852599143982
643.0 96.16008400917053
644.0 96.20217680931091
645.0 96.2725579738617
646.0 96.43213748931885
647.0 97.49151468276978
648.0 96.52037620544434
649.0 96.10831141471863
650.0 96.48165106773376
651.0 97.12676405906677
652.0 97.01882600784302
653.0 96.14648222923279
654.0 96.98294401168823
655.0 96.76687717437744
656.0 96.07371687889099
657.0 95.55424451828003
658.0 96.22588157653809
659.0 96.47876024246216
660.0 95.68166136741638
661.0 95.84260582923889
662.0 96.13956212997437
663.0 95.75751423835754
664.0 95.52867412567139
665.0 95.68014740943909
666.0 95.50853967666626
667.0 95.97645998001099
668.0 95.1919674873352
669.0 95.91667652130127
670.0 95.39921283721924
671.0 95.72791457176208
672.0 95.32650709152222
673.0 95.61541080474854
674.0 94.5131003856659
675.0 95.82241773605347
676.0 94.79279518127441
677.0 94.17012333869934
678.0 92.99175143241882
679.0 91.94286465644836
680.0 91.10762476921082
681.0 89.25338387489319
682.0 86.91446185112
683.0 84.08693075180054
684.0 80.53686618804932
685.0 77.01024413108826
686.0 73.1161117553711
687.0 67.96573996543884
688.0 63.85529637336731
689.0 59.45226550102234
690.0 54.61186766624451
691.0 50.57945251464844
692.0 45.90936899185181
693.0 41.5329247713089
694.0 35.96512973308563
695.0 30.587270855903625
696.0 24.866749346256256
697.0 19.651024043560028
698.0 14.10890519618988
699.0 9.903591126203537
700.0 6.675657629966736
701.0 4.036622494459152
702.0 2.455604448914528
703.0 1.4891489408910275
704.0 0.8242366835474968
705.0 0.49084690399467945
706.0 0.3062485018745065
707.0 0.22691742051392794
708.0 0.15737446956336498
709.0 0.09747915319167078
710.0 0.07594740600325167
711.0 0.06105105276219547
712.0 0.07300256984308362
713.0 0.06792023777961731
714.0 0.07078312337398529
715.0 0.06582013447768986
716.0 0.05000312230549753
717.0 0.06548650562763214
718.0 0.04511461884249002
719.0 0.016970046272035688
720.0 1.6751821284299862e-10
721.0 0.004268849079380743
722.0 0.0040310311305802315
723.0 0.00379321318177972
724.0 0.0035118569940095767
725.0 0.003230500442441553
726.0 0.0030111348678474315
727.0 0.00279176929325331
728.0 0.0026280451493221335
729.0 0.0024643206415930763
730.0 0.0022858997908770107
731.0 0.002107479485857766
732.0 0.0020891611711704172
733.0 0.0020708430383820087
734.0 0.0020124509319430217
735.0 0.001954058461706154
736.0 0.0017607015251996927
737.0 0.0015673447705921717
738.0 0.0015610665286658332
739.0 0.001554788468638435
740.0 0.001520166733826045
741.0 0.0014855454537610058
742.0 0.0013606049833470024
743.0 0.001235664512932999
744.0 0.0013164394658815581
745.0 0.0013972141459817067
746.0 0.001308075115957763
747.0 0.0012189359949843492
748.0 0.0011003209692717064
749.0 0.0009817057616601232
750.0 0.000961710793490056
751.0 0.0009417161891178694
752.0 0.0010040717825177126
753.0 0.0010664275578164961
754.0 0.001060454269463662
755.0 0.0010544811630097684
756.0 0.00099675007732003
757.0 0.0009390186278324109
758.0 0.0009908422725857235
759.0 0.001042665826389566
760.0 0.0010665888112271205
761.0 0.0010905119779636152
762.0 0.001062544106389396
763.0 0.0010345765986130573
764.0 0.0009826539098867215
765.0 0.0009307313121098559
766.0 0.000790162812336348
767.0 0.0006495944489870453
768.0 0.0006126875632617157
769.0 0.0005757805411121808
770.0 0.0006984158517298056
771.0 0.0008210514351958409
772.0 0.0007626107162650442
773.0 0.0007041699973342475
774.0 0.0008040187822189182
775.0 0.000903867567103589
776.0 0.0008450506356894039
777.0 0.0007862337042752188
778.0 0.0007906623977760319
779.0 0.0007950912731757853
780.0 0.0006937631042092107
781.0 0.0005924349352426361
782.0 0.0006593040325242328
783.0 0.0007261730388563592
784.0 0.0008274728315882385
785.0 0.0009287723514717072
786.0 0.0007902909601398278
787.0 0.0006518096597574186
788.0 0.0006218339422048302
789.0 0.0005918584065511823
790.0 0.0006294160812103655
791.0 0.0006669737558695488
792.0 0.000731871250536642
793.0 0.0007967687452037353
794.0 0.0008118493497022428
795.0 0.0008269297723018099
796.0 0.0006760043106623925
797.0 0.0005250788035482401
798.0 0.0007115168500604341
799.0 0.000897954851097893
800.0 0.0008483172678097617
801.0 0.0007986794116732199
802.0 0.0006071082225389546
803.0 0.00041553680603101384
804.0 0.0005525480446522124
805.0 0.000689559283273411
806.0 0.0006038259925844613
807.0 0.0005180927018955117
808.0 0.0006727907475578832
809.0 0.0008274887477455195
810.0 0.0006847913482488366
811.0 0.0005420942216005642
812.0 0.0006123563707660651
813.0 0.0006826184744568309
814.0 0.0005615664122160524
815.0 0.00044051439545000903
816.0 0.000547708805243019
817.0 0.0006549033059854992
818.0 0.0005781169420515653
819.0 0.0005013305326428963
820.0 0.0003940279384551104
821.0 0.00028672525331785437
822.0 0.0003163041355946916
823.0 0.0003458830406088964
824.0 0.0003706112238432979
825.0 0.0003953393843403319
826.0 0.0004686615284299478
827.0 0.0005419836725195637
828.0 0.00040661843740963377
829.0 0.00027125320229970384
830.0 0.00018221585378341842
831.0 9.317852232015866e-05
832.0 2.0451695093015587e-05
833.0 1.6751821284299862e-10
834.0 1.6751821284299862e-10
835.0 1.6751821284299862e-10
836.0 0.0002300336973348749
837.0 0.0005222159870754695
838.0 0.0006781415322620887
839.0 0.0008340671229234431
840.0 0.0011515815458551515
841.0 0.0014690959687868599
842.0 0.0021179004761506803
843.0 0.002766705074463971
844.0 0.00326926056004595
845.0 0.00377181640942581
846.0 0.004175795766059309
847.0 0.004579776214086451
848.0 0.004026888564112596
849.0 0.0034740023693302646
850.0 0.0026087229343829677
851.0 0.0017434445908293128
852.0 0.0014518336683977395
853.0 0.0011602227459661663
854.0 0.0010216556802333798
855.0 0.000883088432601653
856.0 0.0006796711204515304
857.0 0.0004762539447256131
858.0 0.0005785561825177865
859.0 0.0006808583748352248
860.0 0.0005491996034834301
861.0 0.0004175407866569003
862.0 0.0004249486210028408
863.0 0.0004323565008235164
864.0 0.0003180567546223756
865.0 0.00020375707663333742
866.0 0.00017246031802642392
867.0 0.00014116351394477533
868.0 0.00018277437447977718
869.0 0.0002243851668026764
870.0 0.00012123232409066986
871.0 1.8079444430441072e-05
872.0 1.6751821284299862e-10
873.0 1.6751821284299862e-10
874.0 1.6751821284299862e-10
875.0 1.6751821284299862e-10
876.0 1.6751821284299862e-10
877.0 1.6751821284299862e-10
878.0 0.00010372032193117775
879.0 0.0002075265683743055
880.0 0.00018976880937771057
881.0 0.00017201105038111564
882.0 0.00014810366337769665
883.0 0.00012419631048032898
884.0 1.6751821284299862e-10
885.0 1.6751821284299862e-10
886.0 1.6751821284299862e-10
887.0 0.00012374363222988904
888.0 0.00021558596472459612
889.0 0.00030742828585061943
890.0 0.00023250756839843234
891.0 0.00015758681684019393
892.0 2.2265001575760834e-05
893.0 1.6751821284299862e-10
894.0 1.6751821284299862e-10
895.0 2.27175632971921e-05
896.0 2.5269426373597526e-05
897.0 2.782133492473804e-05
898.0 3.765368035146821e-05
899.0 4.748602577819838e-05
900.0 1.6751821284299862e-10
901.0 1.6751821284299862e-10
