lsstCam/transmission_filter_detector/r01_s11/r_57/19700101T000000.ecsv
# %ECSV 1.0
# ---
# datatype:
# - {name: wavelength, unit: nm, datatype: float32}
# - {name: efficiency, unit: '%', datatype: float64}
# meta: !!omap
# - {MODE: DETECTOR}
# - {TYPE: transmission_filter_detector}
# - {CALIBDATE: '1970-01-01T00:00:00'}
# - {INSTRUME: LSSTCam}
# - {OBSTYPE: transmission_filter_detector}
# - {CALIBCLS: lsst.ip.isr.IntermediateFilterDetectorTransmissionCurve}
# - {SOURCE: Materion (DM-46256)}
# - {DETECTOR: 4}
# - {FILTER: r_57}
# - {CALIB_ID: 'calibDate=1970-01-01T00:00:00 filter=r_57 detector=4'}
# - {DATE: '2025-04-02T15:59:44.203857'}
# - {CALIB_CREATION_DATE: '2025-04-02'}
# - {CALIB_CREATION_TIME: '15:59:44'}
# - __serialized_columns__:
#     efficiency:
#       __class__: astropy.units.quantity.Quantity
#       unit: !astropy.units.Unit {unit: '%'}
#       value: !astropy.table.SerializedColumn {name: efficiency}
#     wavelength:
#       __class__: astropy.units.quantity.Quantity
#       unit: !astropy.units.Unit {unit: nm}
#       value: !astropy.table.SerializedColumn {name: wavelength}
# schema: astropy-2.0
wavelength efficiency
[from data line 603]
903.0 1.6751821284299862e-10
904.0 1.6751821284299862e-10
905.0 0.00013375162097872817
906.0 5.1260457212265464e-05
907.0 1.6751821284299862e-10
908.0 1.6751821284299862e-10
909.0 1.6751821284299862e-10
910.0 1.6751821284299862e-10
911.0 1.6751821284299862e-10
912.0 1.6751821284299862e-10
913.0 1.6751821284299862e-10
914.0 1.2451243946998147e-05
915.0 0.00013950609627499944
916.0 0.00011335470162521233
917.0 8.720332402845088e-05
918.0 0.00013919458297095844
919.0 0.00019118581349175656
920.0 8.911521263144095e-05
921.0 1.6751821284299862e-10
922.0 8.561938784623635e-05
923.0 0.00018419419802739867
924.0 0.00018265175185661064
925.0 0.0001811093170545064
926.0 0.000128727947412699
927.0 7.634656640220783e-05
928.0 9.721252354211174e-05
929.0 0.00011807845794464811
930.0 0.00018393839127384126
931.0 0.0002497983359717182
932.0 0.00011550229146450874
933.0 1.6751821284299862e-10
934.0 0.00011031825124518946
935.0 0.00023943016458360944
936.0 0.0002741345952017582
937.0 0.0003088390030825394
938.0 0.0003270053639425896
939.0 0.00034517174754000735
940.0 0.00026827447072719224
941.0 0.00019137719391437713
942.0 0.00034057970879075583
943.0 0.0004897822236671345
944.0 0.0003797975296038203
945.0 0.00026981288101524115
946.0 0.0002852237457773299
947.0 0.00030063456506468356
948.0 0.0004472994532989105
949.0 0.0005939643415331375
950.0 0.0005919913292018464
951.0 0.0005900183623452904
952.0 0.0007019145868980559
953.0 0.0008138109478750266
954.0 0.001151756714534713
955.0 0.0014897027540428098
956.0 0.0014941977497073822
957.0 0.0014986927453719545
958.0 0.0016976804545265622
959.0 0.0018966686184285209
960.0 0.001992446595977526
961.0 0.002088225301122293
962.0 0.002216544817201793
963.0 0.0023448646970791742
964.0 0.002341044455533847
965.0 0.0023372238501906395
966.0 0.0023184005840448663
967.0 0.002299577317899093
968.0 0.002252107151434757
969.0 0.0022046373487683013
970.0 0.0022941279894439504
971.0 0.00238361899391748
972.0 0.002445420432195533
973.0 0.0025072215066757053
974.0 0.0028308539185673
975.0 0.0031544863304588944
976.0 0.0032415286113973707
977.0 0.003328570892335847
978.0 0.0032565509172854945
979.0 0.0031845313060330227
980.0 0.003108662713202648
981.0 0.0030327943022712134
982.0 0.003115663639619015
983.0 0.0031985331588657573
984.0 0.003205048415111378
985.0 0.0032115633075591177
986.0 0.0030659470212413
987.0 0.0029203310987213627
988.0 0.0027596508516580798
989.0 0.0025989707864937373
990.0 0.0026284667910658754
991.0 0.002657962977536954
992.0 0.002691301597224083
993.0 0.0027246405807090923
994.0 0.0027530408260645345
995.0 0.002781440707622096
996.0 0.002865622991521377
997.0 0.0029498052754206583
998.0 0.0030643277568742633
999.0 0.0031788498745299876
1000.0 0.003275998096796684
1001.0 0.003373146682861261
1002.0 0.003586908133001998
1003.0 0.0038006703107384965
1004.0 0.003926481076632626
1005.0 0.004052291842526756
1006.0 0.0042725689127109945
1007.0 0.0044928463466931134
1008.0 0.0044376840378390625
1009.0 0.004382521728985012
1010.0 0.0044063090172130615
1011.0 0.004430096305441111
1012.0 0.004362571780802682
1013.0 0.0042950476199621335
1014.0 0.004071813964401372
1015.0 0.00384858030884061
1016.0 0.0036093522794544697
1017.0 0.0033701238862704486
1018.0 0.002988365486089606
1019.0 0.0026066072678077035
1020.0 0.002175466033804696
1021.0 0.001744324981700629
1022.0 0.0015531102690147236
1023.0 0.0013618951015814673
1024.0 0.0013803032743453514
1025.0 0.001398711719957646
1026.0 0.001274136684514815
1027.0 0.0011495614671730436
1028.0 0.0010470182132849004
1029.0 0.0009444747774978168
1030.0 0.0008587557204009499
1031.0 0.000773036117607262
1032.0 0.0008346066351805348
1033.0 0.0008961767889559269
1034.0 0.0008321429049829021
1035.0 0.0007681087481614668
1036.0 0.0008819346476229839
1037.0 0.0009957602742360905
1038.0 0.0008834839718474541
1039.0 0.0007712077604082879
1040.0 0.0008311423698614817
1041.0 0.0008910769793146756
1042.0 0.0009922340723278467
1043.0 0.0010933906196441967
1044.0 0.0009835384844336659
1045.0 0.0008736865311220754
1046.0 0.0009081121788767632
1047.0 0.0009425379175809212
1048.0 0.0007575473773613339
1049.0 0.0005725568826164817
1050.0 0.0007305152848857688
1051.0 0.0008884738235792611
1052.0 0.0011190598343091551
1053.0 0.0013496455721906386
1054.0 0.0011782669389504008
1055.0 0.0010068881238112226
1056.0 0.0009981098628486507
1057.0 0.000989331783785019
1058.0 0.000881360665516695
1059.0 0.0007733896381978411
1060.0 0.0010300355825165752
1061.0 0.0012866809811384883
1062.0 0.0014714088138134684
1063.0 0.0016561367374379188
1064.0 0.001120537672250066
1065.0 0.0005849384706380079
1066.0 0.0009618989679438528
1067.0 0.0013388594197749626
1068.0 0.0016671720004524104
1069.0 0.001995483944483567
1070.0 0.0014581168215954676
1071.0 0.000920749607757898
1072.0 0.0011363419616827741
1073.0 0.0013519344975065906
1074.0 0.002055135519185569
1075.0 0.0027583364499150775
1076.0 0.00305603607557714
1077.0 0.0033537362469360232
1078.0 0.0037184090615483
1079.0 0.004083082239958458
1080.0 0.004190273830317892
1081.0 0.004297465420677327
1082.0 0.004049174458486959
1083.0 0.0038008842238923535
1084.0 0.004358272417448461
1085.0 0.004915660247206688
1086.0 0.005075169610790908
1087.0 0.005234678974375129
1088.0 0.005385053373174742
1089.0 0.005535427771974355
1090.0 0.0050575254135765135
1091.0 0.004579623055178672
1092.0 0.00396593204641249
1093.0 0.003352240310050547
1094.0 0.003940340684494004
1095.0 0.0045284406951395795
1096.0 0.0035079134249826893
1097.0 0.002487385972926859
1098.0 0.002061472878267523
1099.0 0.0016355599655071273
1100.0 0.001976851672225166
1101.0 0.002318142833246384
