lsstCam/transmission_filter_detector/r11_s02/g_6/19700101T000000.ecsv
# %ECSV 1.0
# ---
# datatype:
# - {name: wavelength, unit: nm, datatype: float32}
# - {name: efficiency, unit: '%', datatype: float64}
# meta: !!omap
# - {MODE: DETECTOR}
# - {TYPE: transmission_filter_detector}
# - {CALIBDATE: '1970-01-01T00:00:00'}
# - {INSTRUME: LSSTCam}
# - {OBSTYPE: transmission_filter_detector}
# - {CALIBCLS: lsst.ip.isr.IntermediateFilterDetectorTransmissionCurve}
# - {SOURCE: Materion (DM-46256)}
# - {DETECTOR: 38}
# - {FILTER: g_6}
# - {CALIB_ID: 'calibDate=1970-01-01T00:00:00 filter=g_6 detector=38'}
# - {DATE: '2025-04-02T15:59:42.203160'}
# - {CALIB_CREATION_DATE: '2025-04-02'}
# - {CALIB_CREATION_TIME: '15:59:42'}
# - __serialized_columns__:
#     efficiency:
#       __class__: astropy.units.quantity.Quantity
#       unit: !astropy.units.Unit {unit: '%'}
#       value: !astropy.table.SerializedColumn {name: efficiency}
#     wavelength:
#       __class__: astropy.units.quantity.Quantity
#       unit: !astropy.units.Unit {unit: nm}
#       value: !astropy.table.SerializedColumn {name: wavelength}
# schema: astropy-2.0
wavelength efficiency
[from data line 608]
908.0 0.000519787772645941
909.0 0.00048270521801896393
910.0 0.00043653271859511733
911.0 0.0003903603101207409
912.0 0.00048156121010833886
913.0 0.0005727622465201421
914.0 0.00032255591122520855
915.0 7.2349627089352e-05
916.0 0.00014491588444798253
917.0 0.00021748210201621987
918.0 0.00023778359263815219
919.0 0.00025808510599745205
920.0 0.000279303390016139
921.0 0.00030052169677219354
922.0 0.00048527099352213554
923.0 0.0006700202902720775
924.0 0.0005709854121960234
925.0 0.00047195039769576397
926.0 0.0005385398708313005
927.0 0.0006051294803910423
928.0 0.000558502097192104
929.0 0.0005118747594679007
930.0 0.0005532451268663863
931.0 0.0005946155397396069
932.0 0.0005301493729348294
933.0 0.0004656832516047871
934.0 0.00044419803089112975
935.0 0.00042271276470273733
936.0 0.0005200276063987985
937.0 0.0006173424026201246
938.0 0.0006828367531852564
939.0 0.000748331058275653
940.0 0.0005287926796881948
941.0 0.0003092540964644286
942.0 0.0006689751899102703
943.0 0.0010286963515682146
944.0 0.0008690881259099115
945.0 0.0007094799912010785
946.0 0.0006396611297532218
947.0 0.000569842268305365
948.0 0.0008839389010972809
949.0 0.0011980357157881372
950.0 0.0010180172466789372
951.0 0.0008379987775697373
952.0 0.000899801125342492
953.0 0.0009616034731152467
954.0 0.0009075573871086817
955.0 0.0008535113920515869
956.0 0.0007311403351195622
957.0 0.000608769005339127
958.0 0.0007132075097615598
959.0 0.0008176459232345223
960.0 0.0006575455245183548
961.0 0.0004974450348527171
962.0 0.0005838927336299093
963.0 0.0006703403414576314
964.0 0.0007322748842852889
965.0 0.0007942092452140059
966.0 0.0008151358088070992
967.0 0.0008360623724001925
968.0 0.0008186028026102576
969.0 0.0008011433237697929
970.0 0.0008085430636128876
971.0 0.0008159428944054525
972.0 0.000851664663059637
973.0 0.0008873866136127617
974.0 0.00087338621597155
975.0 0.0008593861821282189
976.0 0.0009011110705614556
977.0 0.0009428362318431027
978.0 0.0009567510460328776
979.0 0.0009706658602226526
980.0 0.0009744631825014949
981.0 0.0009782605957298074
982.0 0.0009631717148295138
983.0 0.0009480826520302799
984.0 0.0010014055987994652
985.0 0.001054728727467591
986.0 0.0011845943845401052
987.0 0.0013144598597136792
988.0 0.0012471582522266544
989.0 0.001179856280941749
990.0 0.001328946109424578
991.0 0.001478035937907407
992.0 0.0013943002159066964
993.0 0.001310564584855456
994.0 0.0013178427252569236
995.0 0.0013251208656583913
996.0 0.0011980027011304628
997.0 0.0010708845366025344
998.0 0.0012602806236827746
999.0 0.0014496766198135447
1000.0 0.0013885070075048134
1001.0 0.0013273372132971417
1002.0 0.0012261134543223307
1003.0 0.0011248896953475196
1004.0 0.0011113432265119627
1005.0 0.0010977966667269357
1006.0 0.001355702079308685
1007.0 0.0016136074918904342
1008.0 0.0016635347492410801
1009.0 0.0017134623703896068
1010.0 0.0018205842934548855
1011.0 0.0019277063984191045
1012.0 0.0020243962353561074
1013.0 0.002121086436090991
1014.0 0.002152007982658688
1015.0 0.0021829298930242658
1016.0 0.002537111686251592
1017.0 0.0028912938432767987
1018.0 0.0030923762096790597
1019.0 0.00329345821228344
1020.0 0.003347040546941571
1021.0 0.0034006232453975827
1022.0 0.003757630111067556
1023.0 0.004114636976737529
1024.0 0.004230369086144492
1025.0 0.004346101195551455
1026.0 0.00447866041213274
1027.0 0.004611219264916144
1028.0 0.0046355853555724025
1029.0 0.00465995108243078
1030.0 0.00487547877128236
1031.0 0.005091006096336059
1032.0 0.00551028861082159
1033.0 0.00592957112530712
1034.0 0.005667916775564663
1035.0 0.0054062627896200866
1036.0 0.005536510070669465
1037.0 0.005666757351718843
1038.0 0.005785296161775477
1039.0 0.0059038349718321115
1040.0 0.006369161565089598
1041.0 0.006834487430751324
1042.0 0.007044021913316101
1043.0 0.0072535556682851166
1044.0 0.007550494046881795
1045.0 0.00784743097028695
1046.0 0.008834923937683925
1047.0 0.0098224169050809
1048.0 0.011435518536018208
1049.0 0.013048616528976709
1050.0 0.015560902829747647
1051.0 0.018073184764944017
1052.0 0.02173746033804491
1053.0 0.025401741731911898
1054.0 0.030478104599751532
1055.0 0.035554467467591166
1056.0 0.042517660767771304
1057.0 0.04948084242641926
1058.0 0.05730174598284066
1059.0 0.06512263789772987
1060.0 0.0727619742974639
1061.0 0.08040128741413355
1062.0 0.08774827583692968
1063.0 0.09509522933512926
1064.0 0.10104450630024076
1065.0 0.10699378326535225
1066.0 0.113455590326339
1067.0 0.11991739738732576
1068.0 0.1274712849408388
1069.0 0.1350252074189484
1070.0 0.1451360178180039
1071.0 0.15524682821705937
1072.0 0.1673086197115481
1073.0 0.17937038792297244
1074.0 0.19188845762982965
1075.0 0.20440658554434776
1076.0 0.21645228844136
1077.0 0.22849799133837223
1078.0 0.2417653100565076
1079.0 0.2550325822085142
1080.0 0.2720950869843364
1081.0 0.28915759176015854
1082.0 0.31752169597893953
1083.0 0.34588577691465616
1084.0 0.3862537210807204
1085.0 0.42662168852984905
1086.0 0.4628264345228672
1087.0 0.4990312270820141
1088.0 0.56374273262918
1089.0 0.6284542381763458
1090.0 0.7065739016979933
1091.0 0.7846935652196407
1092.0 0.817668903619051
1093.0 0.8506438694894314
1094.0 0.892702117562294
1095.0 0.9347599931061268
1096.0 0.9882330894470215
1097.0 1.0417062789201736
1098.0 1.0799959301948547
1099.0 1.1182857677340508
1100.0 1.3062132522463799
1101.0 1.494140364229679
