lsstCam/transmission_filter_detector/r11_s02/g_6/19700101T000000.ecsv
# %ECSV 1.0
# ---
# datatype:
# - {name: wavelength, unit: nm, datatype: float32}
# - {name: efficiency, unit: '%', datatype: float64}
# meta: !!omap
# - {MODE: DETECTOR}
# - {TYPE: transmission_filter_detector}
# - {CALIBDATE: '1970-01-01T00:00:00'}
# - {INSTRUME: LSSTCam}
# - {OBSTYPE: transmission_filter_detector}
# - {CALIBCLS: lsst.ip.isr.IntermediateFilterDetectorTransmissionCurve}
# - {SOURCE: Materion (DM-46256)}
# - {DETECTOR: 38}
# - {FILTER: g_6}
# - {CALIB_ID: 'calibDate=1970-01-01T00:00:00 filter=g_6 detector=38'}
# - {DATE: '2025-04-02T15:59:42.203160'}
# - {CALIB_CREATION_DATE: '2025-04-02'}
# - {CALIB_CREATION_TIME: '15:59:42'}
# - __serialized_columns__:
#     efficiency:
#       __class__: astropy.units.quantity.Quantity
#       unit: !astropy.units.Unit {unit: '%'}
#       value: !astropy.table.SerializedColumn {name: efficiency}
#     wavelength:
#       __class__: astropy.units.quantity.Quantity
#       unit: !astropy.units.Unit {unit: nm}
#       value: !astropy.table.SerializedColumn {name: wavelength}
# schema: astropy-2.0
wavelength efficiency
300.0 0.4897400736808777
301.0 0.3689137054607272
302.0 0.24808731395751238
303.0 0.21970828529447317
304.0 0.1913292333483696
305.0 0.1991400495171547
306.0 0.2069508656859398
307.0 0.21468705963343382
308.0 0.22242325358092785
309.0 0.21825984586030245
310.0 0.21409650798887014
311.0 0.21004059817641973
312.0 0.20598473493009806
313.0 0.20194805692881346
314.0 0.19791137892752886
315.0 0.18766012508422136
316.0 0.17740889452397823
317.0 0.17712857807055116
318.0 0.17684828490018845
319.0 0.16129768919199705
320.0 0.1457470702007413
321.0 0.14087400631979108
322.0 0.13600094243884087
323.0 0.11504869908094406
324.0 0.0940964964684099
325.0 0.08682570769451559
326.0 0.07955492474138737
327.0 0.07143908878788352
328.0 0.06332325865514576
329.0 0.061319663655012846
330.0 0.059316057013347745
331.0 0.0556149345356971
332.0 0.05191380623728037
333.0 0.04770189116243273
334.0 0.04348997899796814
335.0 0.04231998464092612
336.0 0.041149993194267154
337.0 0.041897728806361556
338.0 0.04264546150807291
339.0 0.0406011997256428
340.0 0.038556940853595734
341.0 0.03726970753632486
342.0 0.03598247712943703
343.0 0.03255164192523807
344.0 0.029120806721039116
345.0 0.02571891527622938
346.0 0.022317022376228124
347.0 0.021112681133672595
348.0 0.019908335525542498
349.0 0.018156690930482
350.0 0.6908169947564602
351.0 1.2140252627432346
352.0 0.6940502673387527
353.0 0.9601845405995846
354.0 0.8222776465117931
355.0 0.7571582682430744
356.0 0.7671408820897341
357.0 1.0236569680273533
358.0 0.49595655873417854
359.0 0.8540208451449871
360.0 0.4656977951526642
361.0 0.8123880252242088
362.0 0.5888770334422588
363.0 0.9023264981806278
364.0 0.5982494447380304
365.0 0.7874771021306515
366.0 0.496614258736372
367.0 0.6542662158608437
368.0 0.41861855424940586
369.0 0.6360317580401897
370.0 0.42057791724801064
371.0 0.6212327163666487
372.0 0.3657363820821047
373.0 0.6057837978005409
374.0 0.44020451605319977
375.0 0.4937304649502039
376.0 0.3375766333192587
377.0 0.49557872116565704
378.0 0.40502743795514107
379.0 0.5662755109369755
380.0 0.3936382941901684
381.0 0.5585421808063984
382.0 0.5830786656588316
383.0 0.5928038153797388
384.0 0.5746334791183472
385.0 0.5922754295170307
386.0 0.6795496679842472
387.0 0.7312082685530186
388.0 0.8774068206548691
389.0 1.1602910235524178
390.0 1.6898583620786667
391.0 2.585134655237198
392.0 4.065965861082077
393.0 6.430806964635849
394.0 9.762538969516754
395.0 14.23124372959137
396.0 19.801123440265656
397.0 26.928886771202087
398.0 35.20369827747345
399.0 44.40833628177643
400.0 53.81208658218384
401.0 62.95320391654968
402.0 71.51577472686768
403.0 78.92309427261353
404.0 84.40690636634827
405.0 88.52237462997437
406.0 90.84646701812744
407.0 92.7855908870697
408.0 93.88052821159363
409.0 94.44855451583862
410.0 94.62541341781616
411.0 94.58650350570679
412.0 94.20755505561829
413.0 93.91639232635498
414.0 93.77984404563904
415.0 93.94693970680237
416.0 94.24148797988892
417.0 94.57457065582275
418.0 95.06608843803406
419.0 95.66591382026672
420.0 96.20686769485474
421.0 96.75034284591675
422.0 96.89139127731323
423.0 97.1377432346344
424.0 96.92511558532715
425.0 96.90613746643066
426.0 96.88782691955566
427.0 96.91671133041382
428.0 96.74507975578308
429.0 96.5331494808197
430.0 96.40379548072815
431.0 96.42471075057983
432.0 96.41411900520325
433.0 96.50217890739441
434.0 96.57995104789734
435.0 96.80203199386597
436.0 96.81708812713623
437.0 96.83718085289001
438.0 96.88141345977783
439.0 96.98507189750671
440.0 96.9051718711853
441.0 97.02971577644348
442.0 97.0071017742157
443.0 97.03606963157654
444.0 96.97969555854797
445.0 96.7414915561676
446.0 96.70186638832092
447.0 96.3674545288086
448.0 96.40762209892273
449.0 96.57684564590454
450.0 96.81110978126526
451.0 97.0252275466919
452.0 97.20720052719116
453.0 97.33437299728394
454.0 97.35703468322754
455.0 97.62506484985352
456.0 97.7097749710083
457.0 97.81365394592285
458.0 97.86112904548645
459.0 97.90920615196228
460.0 97.95425534248352
461.0 98.0729877948761
462.0 98.0394721031189
463.0 97.94895648956299
464.0 98.08490872383118
465.0 98.0098009109497
466.0 97.97247648239136
467.0 97.95913100242615
468.0 98.04585576057434
469.0 98.05270433425903
470.0 97.95508980751038
471.0 97.81515002250671
472.0 97.89658188819885
473.0 97.74269461631775
474.0 97.63489365577698
475.0 97.675621509552
476.0 97.65819311141968
477.0 97.68142104148865
478.0 97.79265522956848
479.0 97.74235486984253
480.0 97.92742729187012
481.0 98.03499579429626
482.0 98.19309115409851
483.0 98.09631109237671
484.0 98.28896522521973
485.0 98.28817844390869
486.0 98.28859567642212
487.0 98.35342168807983
488.0 98.34433197975159
489.0 98.45598340034485
490.0 98.35371971130371
491.0 98.40603470802307
492.0 98.38066101074219
493.0 98.3070433139801
494.0 98.26560020446777
495.0 98.36971759796143
496.0 98.1825590133667
497.0 98.11000227928162
498.0 97.89974093437195
499.0 97.94901609420776
500.0 97.88424968719482
501.0 97.81678915023804
502.0 97.70918488502502
503.0 97.84315228462219
504.0 97.6868748664856
505.0 97.68662452697754
506.0 97.76496291160583
507.0 97.69560098648071
508.0 97.71366715431213
509.0 97.73045778274536
510.0 97.65281677246094
511.0 97.58561849594116
512.0 97.49826192855835
513.0 97.58948683738708
514.0 97.54630923271179
515.0 97.5810170173645
516.0 97.69198298454285
517.0 97.73886203765869
518.0 97.74104356765747
519.0 97.80392050743103
520.0 97.86916971206665
521.0 97.9618489742279
522.0 97.96635508537292
523.0 98.0040967464447
524.0 98.01707863807678
525.0 97.99451231956482
526.0 98.08543920516968
527.0 98.10662865638733
528.0 98.21169376373291
529.0 98.30343723297119
530.0 98.31699132919312
531.0 98.4503984451294
532.0 98.30559492111206
533.0 98.33403825759888
534.0 98.31603169441223
535.0 98.14883470535278
536.0 97.83380031585693
537.0 97.33996987342834
538.0 96.60915732383728
539.0 95.3078031539917
540.0 93.6940610408783
541.0 91.19132161140442
542.0 88.48328590393066
543.0 84.95025038719177
544.0 80.40056228637695
545.0 76.43360495567322
546.0 71.49624228477478
547.0 66.93142652511597
548.0 62.301433086395264
549.0 58.104097843170166
550.0 54.778921604156494
551.0 51.54784917831421
552.0 49.149900674819946
553.0 46.57188653945923
554.0 43.774983286857605
555.0 40.68704545497894
556.0 36.59628927707672
557.0 31.84865117073059
558.0 26.5453964471817
559.0 21.233129501342773
560.0 16.01274311542511
561.0 11.104364693164825
562.0 7.246115803718567
563.0 4.368068277835846
564.0 2.4287404492497444
565.0 1.2142907828092575
566.0 0.6406821776181459
567.0 0.3198988502845168
568.0 0.19498501205816865
569.0 0.1089113182388246
570.0 0.08764087688177824
571.0 0.04841304908040911
572.0 0.058646389516070485
573.0 0.03459068830125034
574.0 0.04418240569066256
575.0 0.029862334486097097
576.0 0.047013527364470065
577.0 0.02433000481687486
578.0 0.03047602076549083
579.0 0.027852499624714255
580.0 0.03964673087466508
581.0 0.01836090232245624
582.0 0.027840252732858062
583.0 0.015392921341117471
584.0 0.01625900185899809
585.0 0.017887000285554677
586.0 0.02244966453872621
587.0 0.015097415598575026
588.0 0.020018534269183874
589.0 0.014243971963878721
590.0 0.02107978507410735
591.0 0.014366881805472076
592.0 0.021662964718416333
593.0 0.012023640010738745
594.0 0.008707213419256732
595.0 0.014234616537578404
596.0 0.0018510085283196531
597.0 0.016637785302009434
598.0 0.01950722507899627
599.0 0.011421432282077149
600.0 0.011584580352064222
601.0 0.0023485859856009483
602.0 0.002459412826283369
603.0 0.0025702393031679094
604.0 0.002345661232538987
605.0 0.0021210835257079452
606.0 0.0021112095055286773
607.0 0.002101335303450469
608.0 0.001890430758066941
609.0 0.0016795263945823535
610.0 0.0018831733541446738
611.0 0.0020868201318080537
612.0 0.001983260335691739
613.0 0.001879700539575424
614.0 0.001875175985333044
615.0 0.0018706519767874852
616.0 0.0019759921997319907
617.0 0.002081332422676496
618.0 0.0019500039343256503
619.0 0.0018186754459748045
620.0 0.0017773303625290282
621.0 0.0017359854609821923
622.0 0.001541334313515108
623.0 0.0013466828931996133
624.0 0.0014015426131663844
625.0 0.0014564023331331555
626.0 0.0014208099855750334
627.0 0.001385218001814792
628.0 0.001480194077885244
629.0 0.0015751702449051663
630.0 0.0014890851161908358
631.0 0.0014029994417796843
632.0 0.0014966942217142787
633.0 0.0015903886378509924
634.0 0.001519678426120663
635.0 0.0014489680324913934
636.0 0.001412140773027204
637.0 0.0013753139683103655
638.0 0.0013027997738390695
639.0 0.0012302854884183034
640.0 0.0011533790711837355
641.0 0.001076472381100757
642.0 0.001301810971199302
643.0 0.0015271498341462575
644.0 0.001464619163016323
645.0 0.001402088219037978
646.0 0.001320007231697673
647.0 0.001237926244357368
648.0 0.0010997100616805255
649.0 0.0009614937880542129
650.0 0.0012289271580812056
651.0 0.0014963599824113771
652.0 0.0012115279787394684
653.0 0.0009266960660170298
654.0 0.001068656911229482
655.0 0.0012106179383408744
656.0 0.0012566316399897914
657.0 0.0013026454325881787
658.0 0.001191652972920565
659.0 0.0010806610589497723
660.0 0.000994587844616035
661.0 0.0009085146302822977
662.0 0.0010748720342235174
663.0 0.0012412296200636774
664.0 0.0012788322237611283
665.0 0.0013164346455596387
666.0 0.0012005819371552207
667.0 0.0010847291378013324
668.0 0.0011391692169127055
669.0 0.0011936093869735487
670.0 0.0011695055945892818
671.0 0.0011454016203060746
672.0 0.00116507753773476
673.0 0.001184753273264505
674.0 0.0011730369806173258
675.0 0.0011613207789196167
676.0 0.0010779104741232004
677.0 0.0009944998964783736
678.0 0.0010764684702735394
679.0 0.0011584369531192351
680.0 0.0010635480066412129
681.0 0.0009686589692137204
682.0 0.001038128448271891
683.0 0.0011075979273300618
684.0 0.0009751826837600674
685.0 0.0008427672582911327
686.0 0.0010551843843131792
687.0 0.0012676015103352256
688.0 0.0011475367500679567
689.0 0.0010274721716996282
690.0 0.0009431079888599925
691.0 0.0008587438969698269
692.0 0.0008802084266790189
693.0 0.0009016731382871512
694.0 0.0010007869605033193
695.0 0.001099900600820547
696.0 0.001147464536188636
697.0 0.0011950281077588443
698.0 0.0012935447557538282
699.0 0.0013920615856477525
700.0 0.001198304471472511
701.0 0.0010045471753983293
702.0 0.0011376857401046436
703.0 0.0012708242138614878
704.0 0.0012209400665597059
705.0 0.0011710556464095134
706.0 0.0011651674867607653
707.0 0.0011592794180614874
708.0 0.0010589411431283224
709.0 0.0009586030500940979
710.0 0.0011443905350461137
711.0 0.0013301783837960102
712.0 0.001195392178487964
713.0 0.001060606064129388
714.0 0.0011896727301063947
715.0 0.0013187397598812822
716.0 0.0015595338481944054
717.0 0.0018003282093559392
718.0 0.0019998860807390884
719.0 0.002199443770223297
720.0 0.0018182952771894634
721.0 0.0014371467841556296
722.0 0.0015860025087022223
723.0 0.0017348585970466956
724.0 0.0017439630028093234
725.0 0.001753067408571951
726.0 0.0019082790458924137
727.0 0.0020634906832128763
728.0 0.002081853017443791
729.0 0.0021002151697757654
730.0 0.0020729288735310547
731.0 0.0020456422134884633
732.0 0.001964918919838965
733.0 0.0018841959899873473
734.0 0.0016236197552643716
735.0 0.0013630437024403363
736.0 0.0012527876606327482
737.0 0.0011425315278756898
738.0 0.0011104308214271441
739.0 0.0010783301149785984
740.0 0.0008858733053784817
741.0 0.0006934163138794247
742.0 0.0006761192707926966
743.0 0.0006588221822312335
744.0 0.0008171703484549653
745.0 0.0009755186511029024
746.0 0.0009922981007548515
747.0 0.0010090776413562708
748.0 0.0011058919881179463
749.0 0.0012027063348796219
750.0 0.00100296756500029
751.0 0.0008032290679693688
752.0 0.0007681764145672787
753.0 0.0007331238975893939
754.0 0.0008437126780336257
755.0 0.0009543014130031224
756.0 0.0009255290024157148
757.0 0.0008967565918283071
758.0 0.0009114481144933961
759.0 0.0009261400009563658
760.0 0.0007368611932179192
761.0 0.0005475823854794726
762.0 0.0005977686669211835
763.0 0.000647954766463954
764.0 0.0008062607776082586
765.0 0.0009645669706515037
766.0 0.0007962559720908757
767.0 0.0006279451554291882
768.0 0.0005612157110590488
769.0 0.0004944862666889094
770.0 0.0004254985469742678
771.0 0.00035651087273436133
772.0 0.0005475025318446569
773.0 0.0007384944183286279
774.0 0.0008569651981815696
775.0 0.0009754360689839814
776.0 0.0008931440788728651
777.0 0.0008108519068628084
778.0 0.000711220809535007
779.0 0.0006115897122072056
780.0 0.0005521799721464049
781.0 0.0004927701866108691
782.0 0.0005452207005873788
783.0 0.0005976710326649481
784.0 0.0007091614861565176
785.0 0.0008206518032238819
786.0 0.0007399319201795151
787.0 0.000659212355458294
788.0 0.00043255777200101875
789.0 0.00020590332496794872
790.0 0.00017063871382561047
791.0 0.00013537407994590467
792.0 0.00021845576156920288
793.0 0.00030153746592986863
794.0 0.0003529085915943142
795.0 0.0004042797172587598
796.0 0.0004365885615698062
797.0 0.0004688973604061175
798.0 0.0005267537289910251
799.0 0.0005846100975759327
800.0 0.0005832507213199278
801.0 0.0005818914360133931
802.0 0.0005179280378797557
803.0 0.0004539647761703236
804.0 0.00040253435145132244
805.0 0.0003511040858938941
806.0 0.0003392928647372173
807.0 0.00032748168905527564
808.0 0.0003939620000892319
809.0 0.00046044233386055566
810.0 0.00039273404581763316
811.0 0.00032502571229997557
812.0 0.00033270409858232597
813.0 0.0003403824621273088
814.0 0.0003710604460138711
815.0 0.00040173840716306586
816.0 0.00046083882807579357
817.0 0.000519939112564316
818.0 0.0003162634357067873
819.0 0.0001125877702179423
820.0 0.0003889331765094539
821.0 0.000665278457745444
822.0 0.0005215072633291129
823.0 0.0003777360234380467
824.0 0.0004469844043342164
825.0 0.0005162326488061808
826.0 0.0006808154921600362
827.0 0.0008453983355138917
828.0 0.0006414950348698767
829.0 0.00043759168875112664
830.0 0.0003696603243952268
831.0 0.00030172902825142955
832.0 0.00047939483920345083
833.0 0.0006570605364686344
834.0 0.0005523630534298718
835.0 0.0004476655249163741
836.0 0.0004701066245615948
837.0 0.0004925478151562857
838.0 0.0005094372681924142
839.0 0.0005263268121780129
840.0 0.0006063855835236609
841.0 0.0006864442639198387
842.0 0.0004037116013932973
843.0 0.0001209788251799182
844.0 0.00015066214018588653
845.0 0.00018034546656053863
846.0 0.0004597165116138058
847.0 0.0007390876817225944
848.0 0.000585664429308963
849.0 0.0004322412223700667
850.0 0.0004559794433589559
851.0 0.00047971766434784513
852.0 0.0005804563897982007
853.0 0.0006811947969254106
854.0 0.0006078237220208393
855.0 0.0005344524652173277
856.0 0.000576797401663498
857.0 0.0006191424290591385
858.0 0.0006280345587583724
859.0 0.0006369266884576064
860.0 0.0006183072400745004
861.0 0.0005996877916913945
862.0 0.0004980345238436712
863.0 0.00039638125599594787
864.0 0.00040469963096256834
865.0 0.0004130179604544537
866.0 0.0004672977411246393
867.0 0.0005215775217948249
868.0 0.0006295119874266675
869.0 0.0007374464985332452
870.0 0.0006149630280560814
871.0 0.0004924794211547123
872.0 0.0004217088189761853
873.0 0.00035093812584818806
874.0 0.00041121857066173106
875.0 0.00047149906095000915
876.0 0.0006473361281678081
877.0 0.0008231731044361368
878.0 0.0007480521162506193
879.0 0.0006729310825903667
880.0 0.0006053773176972754
881.0 0.0005378238256525947
882.0 0.0005415996383817401
883.0 0.000545375723959296
884.0 0.0005977069122309331
885.0 0.0006500383278762456
886.0 0.0006959503934922395
887.0 0.000741862731956644
888.0 0.0005614710062218364
889.0 0.0003810794396486017
890.0 0.0004431191882758867
891.0 0.0005051590960647445
892.0 0.00047359267227875534
893.0 0.00044202629396750126
894.0 0.0004100604201084934
895.0 0.0003780945462494856
896.0 0.00019229287318012211
897.0 6.491178794476582e-06
898.0 0.0002096197249557008
899.0 0.00041274824980064295
900.0 0.00035304121865920024
901.0 0.00029333414204302244
902.0 0.00043545473999984097
903.0 0.0005775754289061297
904.0 0.0003447843255344196
905.0 0.00011199319942534203
906.0 0.0003344318201925489
