lsstCam/transmission_filter_detector/r30_s01/r_57/19700101T000000.ecsv
# %ECSV 1.0
# ---
# datatype:
# - {name: wavelength, unit: nm, datatype: float32}
# - {name: efficiency, unit: '%', datatype: float64}
# meta: !!omap
# - {MODE: DETECTOR}
# - {TYPE: transmission_filter_detector}
# - {CALIBDATE: '1970-01-01T00:00:00'}
# - {INSTRUME: LSSTCam}
# - {OBSTYPE: transmission_filter_detector}
# - {CALIBCLS: lsst.ip.isr.IntermediateFilterDetectorTransmissionCurve}
# - {SOURCE: Materion (DM-46256)}
# - {DETECTOR: 118}
# - {FILTER: r_57}
# - {CALIB_ID: 'calibDate=1970-01-01T00:00:00 filter=r_57 detector=118'}
# - {DATE: '2025-04-02T15:59:44.728829'}
# - {CALIB_CREATION_DATE: '2025-04-02'}
# - {CALIB_CREATION_TIME: '15:59:44'}
# - __serialized_columns__:
#     efficiency:
#       __class__: astropy.units.quantity.Quantity
#       unit: !astropy.units.Unit {unit: '%'}
#       value: !astropy.table.SerializedColumn {name: efficiency}
#     wavelength:
#       __class__: astropy.units.quantity.Quantity
#       unit: !astropy.units.Unit {unit: nm}
#       value: !astropy.table.SerializedColumn {name: wavelength}
# schema: astropy-2.0
wavelength efficiency
300.0 0.0023983209757716395
301.0 0.006192130240378901
302.0 0.009985938959289342
303.0 0.012536457506939769
304.0 0.015086976054590195
305.0 0.013759448484051973
306.0 0.012431922368705273
307.0 0.010717963596107438
308.0 0.009004005551105365
309.0 0.008150699432007968
310.0 0.007297391857719049
311.0 0.0064841166022233665
312.0 0.005670841346727684
313.0 0.005543495717574842
314.0 0.005416150452219881
315.0 0.0055218886700458825
316.0 0.005627625796478242
317.0 0.005286362647893839
318.0 0.004945098407915793
319.0 0.004644047294277698
320.0 0.004342994725448079
321.0 0.0038693375245202333
322.0 0.0033956795959966257
323.0 0.003093924169661477
324.0 0.0027921681976295076
325.0 0.0028098005714127794
326.0 0.002827432945196051
327.0 0.002932978532044217
328.0 0.0030385239369934425
329.0 0.003031337291758973
330.0 0.003024151192221325
331.0 0.0028197075153002515
332.0 0.0026152640202781186
333.0 0.0023893129764473997
334.0 0.002163362478313502
335.0 0.0018819133401848376
336.0 0.001600464565854054
337.0 0.001434191199223278
338.0 0.0012679178325925022
339.0 0.0012375042388157453
340.0 0.0012070907359884586
341.0 0.0011722205272235442
342.0 0.0011373503184586298
343.0 0.0010752408343250863
344.0 0.001013131441141013
345.0 0.0010043692782346625
346.0 0.000995607206277782
347.0 0.0010322491107217502
348.0 0.0010688912880141288
349.0 0.0010316471161786467
350.0 0.002996838702529203
351.0 0.005341182986740023
352.0 0.007685527089051902
353.0 0.00797134343883954
354.0 0.008257160516222939
355.0 0.005744115696870722
356.0 0.003231070877518505
357.0 0.003176601603627205
358.0 0.0031221330573316664
359.0 0.0033605534554226324
360.0 0.0035989734897157177
361.0 0.0031509232940152287
362.0 0.0027028734621126205
363.0 0.0024884302547434345
364.0 0.002273987229273189
365.0 0.0018848459149012342
366.0 0.0014957049643271603
367.0 0.0022449765310739167
368.0 0.002994247915921733
369.0 0.0032951247703749686
370.0 0.003596001261030324
371.0 0.003496519275358878
372.0 0.0033970369258895516
373.0 0.0027275504180579446
374.0 0.0020580637283273973
375.0 0.0012019320820400026
376.0 0.00034580057217681315
377.0 0.0018067021301249042
378.0 0.0032676038244972005
379.0 0.0023160957425716333
380.0 0.0013645882972923573
381.0 0.0019231294572819024
382.0 0.002481670890119858
383.0 0.0035656776162795722
384.0 0.004649684342439286
385.0 0.005111668360768817
386.0 0.005573652015300468
387.0 0.005055145811638795
388.0 0.004536639607977122
389.0 0.003663958705146797
390.0 0.002791277256619651
391.0 0.002391917587374337
392.0 0.0019925581000279635
393.0 0.0019647217413876206
394.0 0.0019368853827472776
395.0 0.0014742191524419468
396.0 0.001011552922136616
397.0 0.000768699828768149
398.0 0.0005258470991975628
399.0 0.0006945997483853716
400.0 0.0008633524885226507
401.0 0.0008965026609075721
402.0 0.0009296529242419638
403.0 0.0009499957741354592
404.0 0.0009703387149784248
405.0 0.0014182999620970804
406.0 0.0018662613001652062
407.0 0.001726692971715238
408.0 0.0015871244613663293
409.0 0.001053284177032765
410.0 0.0005194441200728761
411.0 0.0007943936907395255
412.0 0.00106934330688091
413.0 0.0014299725080491044
414.0 0.0017906020730151795
415.0 0.002030811083386652
416.0 0.002271020639454946
417.0 0.0019047940440941602
418.0 0.0015385674487333745
419.0 0.0020930481696268544
420.0 0.0026475285267224535
421.0 0.004088538116775453
422.0 0.005529547706828453
423.0 0.00896178898983635
424.0 0.012394030636642128
425.0 0.016294457600452006
426.0 0.020194886019453406
427.0 0.020467210561037064
428.0 0.020739536557812244
429.0 0.016189515008591115
430.0 0.011639494186965749
431.0 0.00811095887911506
432.0 0.004582423207466491
433.0 0.0037224686820991337
434.0 0.002862514156731777
435.0 0.0023907839931780472
436.0 0.0019190538296243176
437.0 0.001276461080124136
438.0 0.00063386855799763
439.0 0.0007960383300087415
440.0 0.0009582078746461775
441.0 0.0010351116543461103
442.0 0.0011120156159449834
443.0 0.0014786632164032198
444.0 0.001845310725911986
445.0 0.001699116728559602
446.0 0.001552923276904039
447.0 0.0013994534128869418
448.0 0.001245983821718255
449.0 0.0012476878509914968
450.0 0.0012493918802647386
451.0 0.0014251590982894413
452.0 0.0016009258615667932
453.0 0.0017580317944521084
454.0 0.0019151375454384834
455.0 0.001656474887568038
456.0 0.001397812411596533
457.0 0.001118904310715152
458.0 0.0008399959369853605
459.0 0.001020890886138659
460.0 0.0012017859262414277
461.0 0.001665953459450975
462.0 0.002130121174559463
463.0 0.0030473949664155953
464.0 0.003964668576372787
465.0 0.005015647548134439
466.0 0.006066625064704567
467.0 0.006568856770172715
468.0 0.007071087748045102
469.0 0.006140265759313479
470.0 0.005209444134379737
471.0 0.003967356678913347
472.0 0.002725268859649077
473.0 0.0019354729374754243
474.0 0.0011456765605544206
475.0 0.0008067994713201188
476.0 0.0004679222001868766
477.0 0.0006513152129627997
478.0 0.0008347082257387228
479.0 0.0007694242412981112
480.0 0.0007041402113827644
481.0 0.0006645677331107436
482.0 0.0006249953457881929
483.0 0.0006504859811684582
484.0 0.0006759766620234586
485.0 0.0007582172656839248
486.0 0.0008404580512433313
487.0 0.0005761830379924504
488.0 0.0003119080702163046
489.0 0.0005637266895064386
490.0 0.0008155452633218374
491.0 0.0008492103006574325
492.0 0.0008828753379930276
493.0 0.0009315555871580727
494.0 0.0009802360182220582
495.0 0.0010264518095937092
496.0 0.0010726674190664198
497.0 0.0010623050002322998
498.0 0.00105194267234765
499.0 0.001139282903750427
500.0 0.001226623589900555
501.0 0.0012940849046572112
502.0 0.0013615460375149269
503.0 0.0018189264665124938
504.0 0.00227630662266165
505.0 0.002741534262895584
506.0 0.003206761903129518
507.0 0.003992760684923269
508.0 0.0047787598305149
509.0 0.005097433677292429
510.0 0.0054161086154635996
511.0 0.005036659422330558
512.0 0.004657210229197517
513.0 0.0038983391277724877
514.0 0.003139468390145339
515.0 0.0029219370844657533
516.0 0.002704405960685108
517.0 0.00282262553810142
518.0 0.0029408449336187914
519.0 1.6561775822293567e-10
520.0 1.6561775822293567e-10
521.0 0.1159709645435214
522.0 0.10529432911425829
523.0 0.051844975678250194
524.0 0.0430339714512229
525.0 0.04296721890568733
526.0 0.07621568511240184
527.0 0.1263660960830748
528.0 0.1007224665954709
529.0 0.18492648378014565
530.0 0.12721859384328127
531.0 0.2019600011408329
532.0 0.2701109042391181
533.0 0.25383499450981617
534.0 0.37377625703811646
535.0 0.5632487591356039
536.0 0.8577070198953152
537.0 1.2204388156533241
538.0 1.9233770668506622
539.0 2.9557887464761734
540.0 4.767995327711105
541.0 6.8929605185985565
542.0 9.666525572538376
543.0 13.18482905626297
544.0 17.505134642124176
545.0 22.143448889255524
546.0 28.194141387939453
547.0 35.13265550136566
548.0 43.37448179721832
549.0 51.618629693984985
550.0 58.058905601501465
551.0 64.90381360054016
552.0 69.6515142917633
553.0 74.39920902252197
554.0 78.08183431625366
555.0 81.56248331069946
556.0 85.29580235481262
557.0 88.12804222106934
558.0 90.48277735710144
559.0 93.36192011833191
560.0 93.75846982002258
561.0 95.28350830078125
562.0 95.65913081169128
563.0 95.38213014602661
564.0 95.58628797531128
565.0 95.18731832504272
566.0 96.04911804199219
567.0 95.27178406715393
568.0 96.02510333061218
569.0 96.64880633354187
570.0 96.42345905303955
571.0 96.78635597229004
572.0 97.04228043556213
573.0 97.0471739768982
574.0 97.18584418296814
575.0 96.96297645568848
576.0 97.37721085548401
577.0 97.05709218978882
578.0 97.28868007659912
579.0 97.43855595588684
580.0 96.75539135932922
581.0 96.8235194683075
582.0 96.82292342185974
583.0 96.83480262756348
584.0 96.30921483039856
585.0 96.72061800956726
586.0 96.89924120903015
587.0 96.50332927703857
588.0 96.72281742095947
589.0 97.4438726902008
590.0 96.55084013938904
591.0 96.03791236877441
592.0 96.1983323097229
593.0 96.0821807384491
594.0 96.03433012962341
595.0 96.22505307197571
596.0 97.10530638694763
597.0 97.19437956809998
598.0 96.81456089019775
599.0 97.09323644638062
600.0 97.14239835739136
601.0 96.06989026069641
602.0 96.79309129714966
603.0 96.40096426010132
604.0 96.60094976425171
605.0 96.98759913444519
606.0 96.155446767807
607.0 96.30869030952454
608.0 96.33305072784424
609.0 95.91118693351746
610.0 95.94414234161377
611.0 96.1516797542572
612.0 96.10966444015503
613.0 97.1131682395935
614.0 96.66842818260193
615.0 96.5105414390564
616.0 96.81735634803772
617.0 96.18844389915466
618.0 96.36924266815186
619.0 97.06947803497314
620.0 96.14377617835999
621.0 95.57871222496033
622.0 96.91162109375
623.0 96.89844846725464
624.0 96.5043842792511
625.0 97.01106548309326
626.0 96.33731245994568
627.0 95.25417685508728
628.0 97.34889268875122
629.0 95.64483165740967
630.0 96.48598432540894
631.0 96.09058499336243
632.0 96.79596424102783
633.0 96.4268684387207
634.0 96.10564112663269
635.0 96.62612676620483
636.0 95.95710635185242
637.0 95.5631971359253
638.0 95.33863067626953
639.0 95.34115791320801
640.0 95.6978440284729
641.0 95.71831822395325
642.0 96.32042646408081
643.0 96.4209794998169
644.0 96.37881517410278
645.0 96.29293084144592
646.0 96.49720788002014
647.0 97.2186028957367
648.0 96.74946665763855
649.0 95.53872346878052
650.0 96.48839235305786
651.0 97.01480865478516
652.0 96.93644642829895
653.0 96.24359011650085
654.0 96.7196524143219
655.0 96.79506421089172
656.0 95.8250641822815
657.0 96.01194858551025
658.0 96.43657803535461
659.0 96.71085476875305
660.0 95.9700345993042
661.0 95.51317095756531
662.0 95.73639035224915
663.0 95.47480940818787
664.0 95.68032026290894
665.0 95.39709687232971
666.0 95.34711241722107
667.0 95.9892213344574
668.0 95.20314335823059
669.0 95.96608877182007
670.0 95.31740546226501
671.0 95.64451575279236
672.0 95.57713270187378
673.0 95.48563957214355
674.0 95.00160813331604
675.0 95.77828049659729
676.0 95.2892541885376
677.0 93.81742477416992
678.0 93.36733818054199
679.0 92.65081882476807
680.0 91.95277094841003
681.0 90.26865363121033
682.0 87.80853748321533
683.0 85.42193174362183
684.0 82.03794956207275
685.0 78.66387963294983
686.0 74.62553977966309
687.0 70.05873322486877
688.0 65.56467413902283
689.0 61.504948139190674
690.0 56.23026490211487
691.0 52.347660064697266
692.0 47.667524218559265
693.0 43.301621079444885
694.0 38.239383697509766
695.0 32.82903730869293
696.0 27.401641011238098
697.0 22.054798901081085
698.0 16.123953461647034
699.0 11.601448804140091
700.0 8.031771332025528
701.0 5.00614307820797
702.0 3.085860423743725
703.0 1.706894114613533
704.0 0.9718949906527996
705.0 0.568525493144989
706.0 0.3910475876182318
707.0 0.21732610184699297
708.0 0.18507573986425996
709.0 0.11545781744644046
710.0 0.12578793102875352
711.0 0.08017737418413162
712.0 0.0347694760421291
713.0 0.03416551917325705
714.0 0.025588215794414282
715.0 0.05487334565259516
716.0 0.07389925885945559
717.0 0.059172819601371884
718.0 0.02448985178489238
719.0 1.6561775822293567e-10
720.0 1.6561775822293567e-10
721.0 0.0045697979658143595
722.0 0.004215817898511887
723.0 0.0038618378312094137
724.0 0.0036587196518667042
725.0 0.0034556018363218755
726.0 0.003180574276484549
727.0 0.0029055470804451033
728.0 0.002747645885392558
729.0 0.0025897446903400123
730.0 0.0024611521439510398
731.0 0.002332559597562067
732.0 0.00225467374548316
733.0 0.002176788439101074
734.0 0.0021094034309498966
735.0 0.0020420186046976596
736.0 0.0019017212252947502
737.0 0.0017614242096897215
738.0 0.0017358521290589124
739.0 0.0017102802303270437
740.0 0.0016315208995365538
741.0 0.0015527617506450042
742.0 0.0014086544069868978
743.0 0.001264546881429851
744.0 0.001423466073902091
745.0 0.0015823854482732713
746.0 0.001361311205982929
747.0 0.0011402368727431167
748.0 0.0011746366908482742
749.0 0.0012090365089534316
750.0 0.0011805356734839734
751.0 0.0011520352018123958
752.0 0.001199888083647238
753.0 0.001247741329279961
754.0 0.001199736198032042
755.0 0.0011517313396325335
756.0 0.0010617004591040313
757.0 0.0009716698514239397
758.0 0.0009753492122399621
759.0 0.000979028845904395
760.0 0.0009391460480401292
761.0 0.0008992631592263933
762.0 0.0009220726497005671
763.0 0.0009448825039726216
764.0 0.0010093099263031036
765.0 0.0010737372576841153
766.0 0.0009073552973859478
767.0 0.0007409730187646346
768.0 0.0006857066637167009
769.0 0.0006304399903456215
770.0 0.0005901811618969077
771.0 0.000549922333448194
772.0 0.0006891882549098227
773.0 0.0008284539944725111
774.0 0.0009683236385171767
775.0 0.0011081931916123722
776.0 0.0011089842701039743
777.0 0.0011097758033429272
778.0 0.0009397297617397271
779.0 0.0007696841748838779
780.0 0.0007709919373155572
781.0 0.0007723000635451172
782.0 0.0007880307748564519
783.0 0.0008037618499656674
784.0 0.0007581925729027716
785.0 0.0007126234322640812
786.0 0.000783629911893513
787.0 0.0008546363460482098
788.0 0.0006586354629689595
789.0 0.00046263444346550386
790.0 0.0005846889962413115
791.0 0.0007067437763907947
792.0 0.0007575559266115306
793.0 0.0008083678949333262
794.0 0.0008085813533398323
795.0 0.0008087949936452787
796.0 0.0006727074833179358
797.0 0.0005366199729905929
798.0 0.0006158275027701166
799.0 0.0006950352599233156
800.0 0.0007739507054793648
801.0 0.0008528660146112088
802.0 0.0008603295100328978
803.0 0.0008677930054545868
804.0 0.0007574177288915962
805.0 0.0006470424523286056
806.0 0.0006819846930739004
807.0 0.0007169266154960496
808.0 0.0006582793503184803
809.0 0.0005996317668177653
810.0 0.0005897838036617031
811.0 0.0005799355676572304
812.0 0.0004384150088299066
813.0 0.0002968943135783775
814.0 0.0003252043597967713
815.0 0.00035351440601516515
816.0 0.0005450915523397271
817.0 0.0007366688350884942
818.0 0.0005689054432878038
819.0 0.00040114173316396773
820.0 0.0004941421593684936
821.0 0.0005871424946235493
822.0 0.0007000505320320372
823.0 0.000812958569440525
824.0 0.0006411849426513072
825.0 0.00046941108848841395
826.0 0.000452508083981229
827.0 0.00043560507947404403
828.0 0.0004267570602678461
829.0 0.0004179089955869131
830.0 0.00019135843558615306
831.0 1.6561775822293567e-10
832.0 1.6561775822293567e-10
833.0 1.6561775822293567e-10
834.0 1.6561775822293567e-10
835.0 9.3482384500021e-05
836.0 0.00014277070476964582
837.0 0.0001920589966175612
838.0 0.0006750879038008861
839.0 0.001158116810984211
840.0 0.0014399965039046947
841.0 0.0017218762877746485
842.0 0.002015306381508708
843.0 0.002308736839040648
844.0 0.002535921703383792
845.0 0.002763106567726936
846.0 0.002983420381497126
847.0 0.0032037340133683756
848.0 0.0030445460652117617
849.0 0.0028853579351562075
850.0 0.0024043378289206885
851.0 0.001923317540786229
852.0 0.0016461859559058212
853.0 0.001369054734823294
854.0 0.0010792803550430108
855.0 0.0007895058843132574
856.0 0.0006356436188070802
857.0 0.00048178112592722755
858.0 0.000435120273323264
859.0 0.0003884594207193004
860.0 0.0003406411906325957
861.0 0.0002928229378085234
862.0 0.00031607648907083785
863.0 0.00033933001759578474
864.0 0.0003025792238986469
865.0 0.0002658284756762441
866.0 0.00019999436062789755
867.0 0.00013416022284218343
868.0 6.518262694044097e-05
869.0 1.6561775822293567e-10
870.0 1.6561775822293567e-10
871.0 1.6561775822293567e-10
872.0 1.6561775822293567e-10
873.0 1.6561775822293567e-10
874.0 1.6561775822293567e-10
875.0 1.6561775822293567e-10
876.0 4.545711078662862e-05
877.0 0.00013600916872746893
878.0 0.00012682331771429745
879.0 0.0001176374894384935
880.0 0.00015779528439452406
881.0 0.00019795306798187084
882.0 0.00021645732886099722
883.0 0.0002349615442653885
884.0 7.591824555674975e-05
885.0 1.6561775822293567e-10
886.0 8.167653504642658e-05
887.0 0.0002464781573507935
888.0 0.00024230680537584703
889.0 0.00023813549887563568
890.0 0.00017474070546086296
891.0 0.00011134595752082532
892.0 3.7841297739760194e-05
893.0 1.6561775822293567e-10
894.0 1.6561775822293567e-10
895.0 3.1673863531977986e-05
896.0 3.9948687913238246e-06
897.0 1.6561775822293567e-10
898.0 4.51158342684721e-05
899.0 0.0001139157461693685
900.0 7.610494776599808e-05
