lsstCam/transmission_filter_detector/r30_s01/r_57/19700101T000000.ecsv
# %ECSV 1.0
# ---
# datatype:
# - {name: wavelength, unit: nm, datatype: float32}
# - {name: efficiency, unit: '%', datatype: float64}
# meta: !!omap
# - {MODE: DETECTOR}
# - {TYPE: transmission_filter_detector}
# - {CALIBDATE: '1970-01-01T00:00:00'}
# - {INSTRUME: LSSTCam}
# - {OBSTYPE: transmission_filter_detector}
# - {CALIBCLS: lsst.ip.isr.IntermediateFilterDetectorTransmissionCurve}
# - {SOURCE: Materion (DM-46256)}
# - {DETECTOR: 118}
# - {FILTER: r_57}
# - {CALIB_ID: 'calibDate=1970-01-01T00:00:00 filter=r_57 detector=118'}
# - {DATE: '2025-04-02T15:59:44.728829'}
# - {CALIB_CREATION_DATE: '2025-04-02'}
# - {CALIB_CREATION_TIME: '15:59:44'}
# - __serialized_columns__:
#     efficiency:
#       __class__: astropy.units.quantity.Quantity
#       unit: !astropy.units.Unit {unit: '%'}
#       value: !astropy.table.SerializedColumn {name: efficiency}
#     wavelength:
#       __class__: astropy.units.quantity.Quantity
#       unit: !astropy.units.Unit {unit: nm}
#       value: !astropy.table.SerializedColumn {name: wavelength}
# schema: astropy-2.0
wavelength efficiency
[from data line 602]
902.0 3.740262854989851e-05
903.0 3.651108784197277e-05
904.0 1.6561775822293567e-10
905.0 1.6561775822293567e-10
906.0 2.3673129589951714e-05
907.0 0.000123681661534647
908.0 0.00018611489167597028
909.0 0.0002485481218172936
910.0 0.00010394566061222577
911.0 1.6561775822293567e-10
912.0 7.401123980343982e-05
913.0 0.00018867932567445678
914.0 0.0001130164491769392
915.0 3.7353575521592575e-05
916.0 4.588991373566387e-05
917.0 5.442623205453856e-05
918.0 0.00010741896403487772
919.0 0.00016041169601521688
920.0 0.00014005993307364406
921.0 0.00011970818150075502
922.0 0.0001575187980051851
923.0 0.0001953294031409314
924.0 0.00017213241108038346
925.0 0.000148935396282468
926.0 0.00016596588920947397
927.0 0.0001829963593991124
928.0 0.0001652691821618646
929.0 0.00014754198218724923
930.0 0.0001991128101508366
931.0 0.0002506835699023213
932.0 0.00016326061995641794
933.0 7.583763022012135e-05
934.0 3.691088465984649e-05
935.0 1.6561775822293567e-10
936.0 1.846843247221841e-05
937.0 3.895266047493351e-05
938.0 2.7623758569461643e-05
939.0 1.6294819715767517e-05
940.0 5.1792687827401096e-05
941.0 8.729049341127393e-05
942.0 0.00022641361283604056
943.0 0.0003655367663668585
944.0 0.00030384999263333157
945.0 0.00024216321889980463
946.0 0.0003857386218442116
947.0 0.0005293141384754563
948.0 0.00042968786146957427
949.0 0.00033006169815053
950.0 0.00040958889258035924
951.0 0.0004891162006970262
952.0 0.0005810890343127539
953.0 0.0006730620953021571
954.0 0.0008096860256046057
955.0 0.000946310319704935
956.0 0.001147074726759456
957.0 0.001347839042864507
958.0 0.0016091427823994309
959.0 0.0018704467947827652
960.0 0.0019745557438000105
961.0 0.0020786650566151366
962.0 0.002289602161908988
963.0 0.0025005389034049585
964.0 0.0024393451894866303
965.0 0.0023781512936693616
966.0 0.0024498882339685224
967.0 0.002521625174267683
968.0 0.0024177290470106527
969.0 0.0023138334654504433
970.0 0.002329528797417879
971.0 0.002345224675082136
972.0 0.002539709566917736
973.0 0.002734194822551217
974.0 0.0029314125640667044
975.0 0.003128630487481132
976.0 0.003114070204901509
977.0 0.003099509922321886
978.0 0.0031550029234495014
979.0 0.003210495924577117
980.0 0.003209382703062147
981.0 0.003208269117749296
982.0 0.0032135652872966602
983.0 0.0032188610930461437
984.0 0.0030080416763667017
985.0 0.0027972220777883194
986.0 0.002722221688600257
987.0 0.0026472216632100753
988.0 0.002620703526190482
989.0 0.00259418593486771
990.0 0.0026215731850243174
991.0 0.002648960071383044
992.0 0.0026574729417916387
993.0 0.002665986175998114
994.0 0.0026894489565165713
995.0 0.0027129121008329093
996.0 0.00274892954621464
997.0 0.0027849471734953113
998.0 0.0029526549042202532
999.0 0.0031203628168441355
1000.0 0.0031648207368562
1001.0 0.003209279020666145
1002.0 0.003434775135247037
1003.0 0.0036602716136258096
1004.0 0.0036555931728798896
1005.0 0.0036509140045382082
1006.0 0.003895787085639313
1007.0 0.0041406601667404175
1008.0 0.004189147148281336
1009.0 0.004237634129822254
1010.0 0.004224840449751355
1011.0 0.004212047497276217
1012.0 0.004138946314924397
1013.0 0.004065844768774696
1014.0 0.003905067205778323
1015.0 0.00374428927898407
1016.0 0.0034575885365484282
1017.0 0.0031708877941127867
1018.0 0.0028576458134921268
1019.0 0.0025444040147704072
1020.0 0.00223800670937635
1021.0 0.0019316094039822929
1022.0 0.0016263002180494368
1023.0 0.001320991123066051
1024.0 0.0012414457160048187
1025.0 0.0011619003998930566
1026.0 0.0010783050129248295
1027.0 0.0009947097169060726
1028.0 0.0009635779861127958
1029.0 0.0009324463462689891
1030.0 0.0008786108082858846
1031.0 0.0008247754522017203
1032.0 0.0008536740097042639
1033.0 0.0008825724762573373
1034.0 0.0007200079380709212
1035.0 0.0005574431270360947
1036.0 0.0006337510512821609
1037.0 0.0007100589300534921
1038.0 0.0007418935638270341
1039.0 0.000773728152125841
1040.0 0.0006495354682556354
1041.0 0.0005253426934359595
1042.0 0.0006071236384741496
1043.0 0.0006889044016133994
1044.0 0.0007463570000254549
1045.0 0.0008038095074880403
1046.0 0.0008993703886517324
1047.0 0.0009949316336133052
1048.0 0.0008650858035252895
1049.0 0.0007352401553362142
1050.0 0.0008714078830962535
1051.0 0.0010075756108562928
1052.0 0.0009690545994089916
1053.0 0.0009305330422648694
1054.0 0.0008561251888750121
1055.0 0.0007817173354851548
1056.0 0.0007516872301494004
1057.0 0.0007216570338641759
1058.0 0.0008323394467879552
1059.0 0.000943021586863324
1060.0 0.0010721398211899213
1061.0 0.0012012577826681081
1062.0 0.0013828392184223048
1063.0 0.001564420381328091
1064.0 0.001503465318819508
1065.0 0.0014425100744119845
1066.0 0.0016326170225511305
1067.0 0.0018227241525892168
1068.0 0.0019299108316772617
1069.0 0.0020370973288663663
1070.0 0.0021304831534507684
1071.0 0.0022238687961362302
1072.0 0.002139639764209278
1073.0 0.0020554107322823256
1074.0 0.0022423149857786484
1075.0 0.002429219239274971
1076.0 0.002669739660632331
1077.0 0.0029102599000907503
1078.0 0.0031097592000151053
1079.0 0.0033092586818384007
1080.0 0.0039038499380694702
1081.0 0.00449844119430054
1082.0 0.004205685036140494
1083.0 0.003912928877980448
1084.0 0.0041997038351837546
1085.0 0.004486477700993419
1086.0 0.004544711919152178
1087.0 0.004602945773513056
1088.0 0.00436457157775294
1089.0 0.004126197381992824
1090.0 0.003438321073190309
1091.0 0.002750445310084615
1092.0 0.003804975494858809
1093.0 0.004859506225329824
1094.0 0.004616948353941552
1095.0 0.004374391210149042
1096.0 0.0034563334338599816
1097.0 0.0025382760213688016
1098.0 0.0035008572012884542
1099.0 0.004463438745005988
1100.0 0.003471048330538906
1101.0 0.0024786579160718247
