lsstCam/transmission_sensor/r20_s21/19700101T000000.ecsv
# %ECSV 1.0
# ---
# datatype:
# - {name: amp_name, datatype: string}
# - {name: wavelength, unit: nm, datatype: float32}
# - {name: efficiency, unit: '%', datatype: float64}
# meta: !!omap
# - {MODE: AMP}
# - {TYPE: transmission_sensor}
# - {CALIBDATE: '1970-01-01T00:00:00'}
# - {INSTRUME: LSSTCam}
# - {OBSTYPE: transmission_sensor}
# - {DETECTOR: 79}
# - {PARQUETFILE: qe_raft_allvalues_nircorrected_20230725_adjust.parquet}
# - {CORRFILE: qe_corr_factor_bydetnum.parquet}
# - {CALIBCLS: lsst.ip.isr.IntermediateSensorTransmissionCurve}
# - {CALIB_ID: 'raftName=R20 detectorName=S21 detector=79 calibDate=1970-01-01T00:00:00 ccd=79 ccdnum=79 filter=None'}
# - {DATE: '2025-03-03T21:56:47.820298'}
# - {CALIB_CREATION_DATE: '2025-03-03'}
# - {CALIB_CREATION_TIME: '21:56:47'}
# - __serialized_columns__:
#     efficiency:
#       __class__: astropy.units.quantity.Quantity
#       unit: !astropy.units.Unit {unit: '%'}
#       value: !astropy.table.SerializedColumn {name: efficiency}
#     wavelength:
#       __class__: astropy.units.quantity.Quantity
#       unit: !astropy.units.Unit {unit: nm}
#       value: !astropy.table.SerializedColumn {name: wavelength}
# schema: astropy-2.0
amp_name wavelength efficiency
C00 319.994 48.37447675752354
C00 324.969 48.83839288341042
C00 349.982 53.482441733816316
C00 374.975 67.56053964044878
C00 400.019 82.07216959141122
C00 424.965 85.82603096270303
C00 450.035 86.00671517150363
C00 475.003 85.89207268040727
C00 500.018 85.76268716495592
C00 525.002 85.85742771959795
C00 550.029 86.80429826772645
C00 575.023 88.27480221535392
C00 599.982 89.95155564729647
C00 619.997 91.05492848143699
C00 624.979 91.48813188395916
C00 650.012 92.8634519926457
C00 675.004 94.53184416557096
C00 700.03 95.577727611843
C00 725.012 96.62528483848506
C00 750.022 98.00259208368394
C00 774.987 99.15429819207067
C00 799.976 99.82651590286326
C00 824.988 99.57105421853687
C00 850.022 98.84920395193231
C00 869.967 96.47258104034472
C00 875.002 95.34597399467535
C00 899.999 89.55992925487858
C00 919.999 82.07876535606563
C00 925.012 79.41649921366236
C00 949.965 65.9691184360456
C00 975.002 50.09708336448826
C00 999.976 32.27695901306151
C00 1025.028 15.824377232654497
C00 1050.014 6.537940892609507
C00 1075.002 0.9336553654892942
C00 1099.99 0.09263642763229063
C01 319.994 48.30449133812558
C01 324.969 48.71013086437181
C01 349.982 53.16548199584948
C01 374.975 67.3348926466402
C01 400.019 82.14069522975588
C01 424.965 86.12002016687052
C01 450.035 86.39636971307466
C01 475.003 86.27377103309621
C01 500.018 86.07167160695882
C01 525.002 86.09248304050918
C01 550.029 86.96091519622955
C01 575.023 88.37490803857926
C01 599.982 90.01666493940647
C01 619.997 91.1105835894479
C01 624.979 91.54154764197732
C01 650.012 92.90682506844381
C01 675.004 94.56711583866493
C01 700.03 95.6098886520119
C01 725.012 96.66038072642603
C01 750.022 98.03178770474982
C01 774.987 99.18625287575559
C01 799.976 99.87294611175729
C01 824.988 99.61843213869064
C01 850.022 98.8790950707775
C01 869.967 96.56111561480206
C01 875.002 95.46087634208486
C01 899.999 89.86206571874666
C01 919.999 82.30622370123353
C01 925.012 79.59877313167283
C01 949.965 65.9056217816437
C01 975.002 49.9958769733484
C01 999.976 32.28389870518921
C01 1025.028 15.925987738575474
C01 1050.014 6.567506235709164
C01 1075.002 0.933933517780694
C01 1099.99 0.09266402564711006
C02 319.994 48.23248821088433
C02 324.969 48.56735892737679
C02 349.982 52.76554784424348
C02 374.975 66.91008871729902
C02 400.019 81.94735448993825
C02 424.965 86.13467147723263
C02 450.035 86.50103830744563
C02 475.003 86.38445453683337
C02 500.018 86.134954262044
C02 525.002 86.10688213739088
C02 550.029 86.92300674584035
C02 575.023 88.29783771323154
C02 599.982 89.9109416341174
C02 619.997 90.98838233677192
C02 624.979 91.41358369341556
C02 650.012 92.76788601206776
C02 675.004 94.42411843810407
C02 700.03 95.47071266782093
C02 725.012 96.52193081134533
C02 750.022 97.89952084135558
C02 774.987 99.05870164016179
C02 799.976 99.755452844049
C02 824.988 99.51570482383556
C02 850.022 98.7802656006197
C02 869.967 96.461177933897
C02 875.002 95.36879549323626
C02 899.999 89.80274969385341
C02 919.999 82.23260029345145
C02 925.012 79.52441601194774
C02 949.965 65.79576370384244
C02 975.002 49.90736914880564
C02 999.976 32.259712960984245
C02 1025.028 15.941646947505145
C02 1050.014 6.552490935437819
C02 1075.002 0.9326733729007975
C02 1099.99 0.09253899522979804
C03 319.994 48.08058308876529
C03 324.969 48.35252272047858
C03 349.982 52.31664606327384
C03 374.975 66.40188619710162
C03 400.019 81.62658479985065
C03 424.965 85.99000793913451
C03 450.035 86.43558508786235
C03 475.003 86.31372776265967
C03 500.018 86.03675150417087
C03 525.002 85.96198931431057
C03 550.029 86.73954054592248
C03 575.023 88.08020040813423
C03 599.982 89.67253110963343
C03 619.997 90.73218694050252
C03 624.979 91.15616544390781
C03 650.012 92.49763544638996
C03 675.004 94.15125402362928
C03 700.03 95.20446694649875
C03 725.012 96.25575387551781
C03 750.022 97.64848435718551
C03 774.987 98.81546084538628
C03 799.976 99.51953388303818
C03 824.988 99.30296657452442
C03 850.022 98.58770442974152
C03 869.967 96.26646148418621
C03 875.002 95.1834262279662
C03 899.999 89.640767496767
C03 919.999 82.10706676570095
C03 925.012 79.40336882701546
C03 949.965 65.7025975727448
C03 975.002 49.859039695975795
C03 999.976 32.22723092184028
C03 1025.028 15.932404852014592
C03 1050.014 6.541085918281917
C03 1075.002 0.9302816690631476
C03 1099.99 0.09230169257223958
C04 319.994 48.11679865170263
C04 324.969 48.31599762281528
C04 349.982 51.999644289726945
C04 374.975 65.98062854215168
C04 400.019 81.37954551720348
C04 424.965 85.92882706305276
C04 450.035 86.46067650774697
C04 475.003 86.36347496096275
C04 500.018 86.07936793952776
C04 525.002 85.968936649271
C04 550.029 86.71368484276388
C04 575.023 88.01325683616669
C04 599.982 89.58086297375279
C04 619.997 90.61810237619616
C04 624.979 91.03571439992923
C04 650.012 92.37237706061808
C04 675.004 94.0213640812171
C04 700.03 95.08239562197934
C04 725.012 96.14461944464901
C04 750.022 97.56155477760352
C04 774.987 98.74566649680682
C04 799.976 99.47570988010841
C04 824.988 99.27635423092458
C04 850.022 98.58181180569916
C04 869.967 96.27970651332421
C04 875.002 95.2024186673245
C04 899.999 89.67997522872196
C04 919.999 82.16437272558365
C04 925.012 79.46527577220749
C04 949.965 65.80999465840387
C04 975.002 49.91120585084101
C04 999.976 32.25943399758925
C04 1025.028 16.003352312983665
C04 1050.014 6.558181979766661
C04 1075.002 0.9294533258271817
C04 1099.99 0.09221950511735032
C05 319.994 48.25300539537421
C05 324.969 48.38099227243418
C05 349.982 51.785090867640115
C05 374.975 65.63800799326111
C05 400.019 81.17887530078842
C05 424.965 85.88389484937572
C05 450.035 86.50036573816453
C05 475.003 86.43963578921442
C05 500.018 86.15523834013533
C05 525.002 86.02057927009355
C05 550.029 86.73425170566658
C05 575.023 88.00573628875077
C05 599.982 89.53441747919328
C05 619.997 90.55741064140976
C05 624.979 90.97292852897213
C05 650.012 92.29195917453036
C05 675.004 93.94203912021116
C05 700.03 95.00759521795536
C05 725.012 96.09478817518578
C05 750.022 97.53621114423848
C05 774.987 98.75426468363905
C05 799.976 99.5057920697721
C05 824.988 99.3269344979963
C05 850.022 98.64574410156723
C05 869.967 96.40141862470485
C05 875.002 95.34042529810628
C05 899.999 89.87334653987054
C05 919.999 82.35039927446934
C05 925.012 79.64403398715767
C05 949.965 65.91594724867512
C05 975.002 49.921913459509405
C05 999.976 32.30059447330921
C05 1025.028 16.097659136867712
C05 1050.014 6.603151929930345
C05 1075.002 0.9292116249347933
C05 1099.99 0.0921955237768536
C06 319.994 48.37759503328136
C06 324.969 48.455685676799824
C06 349.982 51.69682379232866
C06 374.975 65.50025357595973
C06 400.019 81.19754674117165
C06 424.965 86.04144420347308
C06 450.035 86.71006978287798
C06 475.003 86.64580120236937
C06 500.018 86.34360359583937
C06 525.002 86.18969987295888
C06 550.029 86.88661157633364
C06 575.023 88.14115964206653
C06 599.982 89.65937015165557
C06 619.997 90.6940033481347
C06 624.979 91.10654053092856
C06 650.012 92.43151730035832
C06 675.004 94.08108517624557
C06 700.03 95.15805966610294
C06 725.012 96.2846055691104
C06 750.022 97.7524803822754
C06 774.987 99.01113264918953
C06 799.976 99.80160026813165
C06 824.988 99.60826717114675
C06 850.022 98.92026701074657
C06 869.967 96.78029677211282
C06 875.002 95.7343445403461
C06 899.999 90.31257249459163
C06 919.999 82.69013083258427
C06 925.012 79.94999186739562
C06 949.965 65.88687391293308
C06 975.002 49.83146053403438
C06 999.976 32.328036064261305
C06 1025.028 16.1559433793411
C06 1050.014 6.645822342793455
C06 1075.002 0.931271719368297
C06 1099.99 0.09239992445397598
C07 319.994 48.346098919560816
C07 324.969 48.29663068465274
C07 349.982 51.02952806582047
C07 374.975 64.48715788214125
C07 400.019 80.28415180044328
C07 424.965 85.35301604443946
C07 450.035 86.2032735439047
C07 475.003 86.33015985305013
C07 500.018 86.12099844946121
C07 525.002 86.0400455650817
C07 550.029 86.82501798728393
C07 575.023 88.02465229978168
C07 599.982 89.41410400620403
C07 619.997 90.34960966204851
C07 624.979 90.74409447391106
C07 650.012 91.99651018930957
C07 675.004 93.60408069929184
C07 700.03 94.6794349086084
C07 725.012 95.83775206731502
C07 750.022 97.35172080473349
C07 774.987 98.66948274005692
C07 799.976 99.50423293189318
C07 824.988 99.32357929442354
C07 850.022 98.66708289057664
C07 869.967 96.65243218037668
C07 875.002 95.63097522754089
C07 899.999 90.19890828608598
C07 919.999 82.48719833767825
C07 925.012 79.68302007696317
C07 949.965 65.34577664062377
C07 975.002 49.59475053983499
C07 999.976 32.26090906430802
C07 1025.028 16.02553563501081
C07 1050.014 6.575769093254934
C07 1075.002 0.9274532516786024
C07 1099.99 0.09202105959775865
C10 319.994 48.282059624034396
C10 324.969 48.704463703895286
C10 349.982 53.199102817071676
C10 374.975 67.29508877373154
C10 400.019 81.97992060024235
C10 424.965 85.92447829122383
C10 450.035 86.19479764239631
C10 475.003 86.11683310561804
C10 500.018 85.95800739845315
C10 525.002 85.97810804855871
C10 550.029 86.8954084768171
C10 575.023 88.25270678590329
C10 599.982 89.9113237757544
C10 619.997 90.93746578505966
C10 624.979 91.36189521559659
C10 650.012 92.7062618516871
C10 675.004 94.38303821212789
C10 700.03 95.52652063248664
C10 725.012 96.76208390169397
C10 750.022 98.50591083376064
C10 774.987 99.97002537321768
C10 799.976 100.78251963611577
C10 824.988 100.5022034597197
C10 850.022 99.94319138746839
C10 869.967 97.7763795202526
C10 875.002 96.70471679914935
C10 899.999 90.3921114549143
C10 919.999 82.25734014303005
C10 925.012 79.4889991250317
C10 949.965 65.86154556523353
C10 975.002 50.29905668388545
C10 999.976 32.74123435208716
C10 1025.028 16.00979904239965
C10 1050.014 6.569605626327366
C10 1075.002 0.9384476311223413
C10 1099.99 0.0931119118258376
C11 319.994 48.123100167296556
C11 324.969 48.46888867035776
C11 349.982 52.680960792896215
C11 374.975 66.71751226075536
C11 400.019 81.61023678062031
C11 424.965 85.7760621222505
C11 450.035 86.14618922617144
C11 475.003 86.07628787793364
C11 500.018 85.87526609121254
C11 525.002 85.83770921112938
C11 550.029 86.68810428158392
C11 575.023 88.00323708244487
C11 599.982 89.62308962463995
C11 619.997 90.63547453501364
C11 624.979 91.05428648348685
C11 650.012 92.38693665698732
C11 675.004 94.05757582273807
C11 700.03 95.1909238468839
C11 725.012 96.43374016436127
C11 750.022 98.1799058032463
C11 774.987 99.65533173515819
C11 799.976 100.47677575519452
C11 824.988 100.2101937492318
C11 850.022 99.66230199861684
C11 869.967 97.51418450028251
C11 875.002 96.45160910730682
C11 899.999 90.2157913036081
C11 919.999 82.09536558877639
C11 925.012 79.2713465342689
C11 949.965 65.46057963120765
C11 975.002 50.09334601927852
C11 999.976 32.70171326398987
C11 1025.028 15.974663029586802
C11 1050.014 6.607611045156947
C11 1075.002 0.9353417333123982
C11 1099.99 0.09280374749846473
C12 319.994 48.189757133036345
C12 324.969 48.46485325467116
C12 349.982 52.40945298123272
C12 374.975 66.42035128100086
C12 400.019 81.58921134775323
C12 424.965 85.9831981751634
C12 450.035 86.45242989122077
C12 475.003 86.39267058202861
C12 500.018 86.16132203499618
C12 525.002 86.07482809688034
C12 550.029 86.87842610246935
C12 575.023 88.15510781181659
C12 599.982 89.75423299162144
C12 619.997 90.7510800230352
C12 624.979 91.16648326810648
C12 650.012 92.49408917199871
C12 675.004 94.16245077359302
C12 700.03 95.30334991648573
C12 725.012 96.55721012727204
C12 750.022 98.31873021713125
C12 774.987 99.81473829761129
C12 799.976 100.65566389830128
C12 824.988 100.40533055474327
C12 850.022 99.86842155477534
C12 869.967 97.7170711381921
C12 875.002 96.65380024743709
C12 899.999 90.4226216432114
C12 919.999 82.2884159009499
C12 925.012 79.44749854325482
C12 949.965 65.6000001860463
C12 975.002 50.20902029279475
C12 999.976 32.78159615178582
C12 1025.028 16.01788324873013
C12 1050.014 6.646314350151076
C12 1075.002 0.9366641515365431
C12 1099.99 0.09293495661978374
C13 319.994 48.209040000038755
C13 324.969 48.419313435791324
C13 349.982 52.12768466661609
C13 374.975 66.10103372913382
C13 400.019 81.49503636273394
C13 424.965 86.0847408509438
C13 450.035 86.63567444898919
C13 475.003 86.57739784934854
C13 500.018 86.3175033220331
C13 525.002 86.18869101903724
C13 550.029 86.95648999607323
C13 575.023 88.20831721335078
C13 599.982 89.78275604340621
C13 619.997 90.77654594172407
C13 624.979 91.19250711358535
C13 650.012 92.5129822545314
C13 675.004 94.18476784519311
C13 700.03 95.33107811366557
C13 725.012 96.60169141381743
C13 750.022 98.38140144559726
C13 774.987 99.89393333046065
C13 799.976 100.75346158603921
C13 824.988 100.51531091786838
C13 850.022 99.97874584537374
C13 869.967 97.81992838120375
C13 875.002 96.75492256741683
C13 899.999 90.5220090401592
C13 919.999 82.38525823459537
C13 925.012 79.54196395591822
C13 949.965 65.69180589291626
C13 975.002 50.26025784348208
C13 999.976 32.792876972909696
C13 1025.028 16.02997994224898
C13 1050.014 6.6554226960686815
C13 1075.002 0.937261071996542
C13 1099.99 0.09299418251944526
C14 319.994 48.11804443343921
C14 324.969 48.2571936677156
C14 349.982 51.70307180809341
C14 374.975 65.56678443495932
C14 400.019 81.10815616944744
C14 424.965 85.86957218082142
C14 450.035 86.51643861541623
C14 475.003 86.48110579966034
C14 500.018 86.21720642798927
C14 525.002 86.0546739469456
C14 550.029 86.77837377907319
C14 575.023 87.99449368179059
C14 599.982 89.5284025698271
C14 619.997 90.4988818282887
C14 624.979 90.91109036927476
C14 650.012 92.21028786387332
C14 675.004 93.87156455951786
C14 700.03 95.01548262134278
C14 725.012 96.30193187093143
C14 750.022 98.09199794107361
C14 774.987 99.62671696938052
C14 799.976 100.50412945357012
C14 824.988 100.28108102289305
C14 850.022 99.76286639180655
C14 869.967 97.58072300211484
C14 875.002 96.50423001072005
C14 899.999 90.25272911423934
C14 919.999 82.15558346793293
C14 925.012 79.33128162861408
C14 949.965 65.57895182468101
C14 975.002 50.14915398394423
C14 999.976 32.69034837170586
C14 1025.028 15.969491697884264
C14 1050.014 6.631664472820101
C14 1075.002 0.9345037942004017
C14 1099.99 0.0927206079495713
C15 319.994 47.9667813092703
C15 324.969 48.05261032093778
C15 349.982 51.29300708169086
C15 374.975 65.06439811047687
C15 400.019 80.71853984204012
C15 424.965 85.6198502638826
C15 450.035 86.32005602816818
C15 475.003 86.28705427639791
C15 500.018 85.99932455224427
C15 525.002 85.80516602932349
C15 550.029 86.49662839295479
C15 575.023 87.68463031402263
C15 599.982 89.19989833300686
C15 619.997 90.1607552650491
C15 624.979 90.56400640606417
C15 650.012 91.86159890578737
C15 675.004 93.5181599736315
C15 700.03 94.66398110080861
C15 725.012 95.96519630325047
C15 750.022 97.7714193218045
C15 774.987 99.33216219559029
C15 799.976 100.22391263399966
C15 824.988 100.02713261944913
C15 850.022 99.54908107441008
C15 869.967 97.34660774963059
C15 875.002 96.25906322209413
C15 899.999 89.98631525059689
C15 919.999 82.00158803105957
C15 925.012 79.22769067365941
C15 949.965 65.66753989896753
C15 975.002 50.17489504461173
C15 999.976 32.670033722283584
C15 1025.028 15.997784509332751
C15 1050.014 6.633470092054869
C15 1075.002 0.9314494736944072
C15 1099.99 0.0924175610749131
C16 319.994 48.09047291433053
C16 324.969 48.11743300682003
C16 349.982 51.14380370094532
C16 374.975 64.84306167433351
C16 400.019 80.6463150726494
C16 424.965 85.72660535159153
C16 450.035 86.52593865651176
C16 475.003 86.55065557759212
C16 500.018 86.2786318747187
C16 525.002 86.05548408721602
C16 550.029 86.73504656027151
C16 575.023 87.86764558680885
C16 599.982 89.3330135508352
C16 619.997 90.24755491647453
C16 624.979 90.64690821279231
C16 650.012 91.91323388377718
C16 675.004 93.56395582740812
C16 700.03 94.71499700934649
C16 725.012 96.02865474348867
C16 750.022 97.87669169996192
C16 774.987 99.46938925743262
C16 799.976 100.38607825907182
C16 824.988 100.21021667773002
C16 850.022 99.76302689129409
C16 869.967 97.56823461341807
C16 875.002 96.48519935719806
C16 899.999 90.21286409866877
C16 919.999 82.29699115928392
C16 925.012 79.54333966581137
C16 949.965 65.90729556201372
C16 975.002 50.27810767934578
C16 999.976 32.72609007901333
C16 1025.028 16.079218892174865
C16 1050.014 6.664642818415106
C16 1075.002 0.9324520936309705
C16 1099.99 0.0925170401039309
C17 319.994 48.176133783677734
C17 324.969 48.08856984897834
C17 349.982 50.63504707537428
C17 374.975 64.05368315905682
C17 400.019 80.0173481523311
C17 424.965 85.34230843577106
C17 450.035 86.34818165265048
C17 475.003 86.54572595047499
C17 500.018 86.34218967178252
C17 525.002 86.18272196666749
C17 550.029 86.88272901730184
C17 575.023 87.91827935370974
C17 599.982 89.23400829552439
C17 619.997 90.05892980445732
C17 624.979 90.43801430834927
C17 650.012 91.63682319491113
C17 675.004 93.24841383491452
C17 700.03 94.39820159228356
C17 725.012 95.73720295979078
C17 750.022 97.62844484974187
C17 774.987 99.2643626263559
C17 799.976 100.22890340377873
C17 824.988 100.08537100492609
C17 850.022 99.67799273423155
C17 869.967 97.55345337489938
C17 875.002 96.49160405103397
C17 899.999 90.29543726358911
C17 919.999 82.38138331839632
C17 925.012 79.60264040503914
C17 949.965 65.78144867812088
C17 975.002 50.17877378222716
C17 999.976 32.74431059226491
C17 1025.028 16.173976643190557
C17 1050.014 6.670870771743916
C17 1075.002 0.9300866940457468
C17 1099.99 0.09228234733013295
