lsstCam/transmission_sensor/r20_s21/19700101T000000.ecsv
# %ECSV 1.0
# ---
# datatype:
# - {name: amp_name, datatype: string}
# - {name: wavelength, unit: nm, datatype: float32}
# - {name: efficiency, unit: '%', datatype: float64}
# meta: !!omap
# - {MODE: AMP}
# - {TYPE: transmission_sensor}
# - {CALIBDATE: '1970-01-01T00:00:00'}
# - {INSTRUME: LSSTCAM}
# - {OBSTYPE: transmission_sensor}
# - {DETECTOR: 79}
# - {PARQUETFILE: qe_raft_allvalues_nircorrected_20230725.parquet}
# - {CALIBCLS: lsst.ip.isr.IntermediateSensorTransmissionCurve}
# - {CALIB_ID: 'raftName=R20 detectorName=S21 detector=79 calibDate=1970-01-01T00:00:00 ccd=79 ccdnum=79 filter=None'}
# - {DATE: '2024-01-18T22:42:25.254026'}
# - {CALIB_CREATION_DATE: '2024-01-18'}
# - {CALIB_CREATION_TIME: '22:42:25'}
# - __serialized_columns__:
#     efficiency:
#       __class__: astropy.units.quantity.Quantity
#       unit: !astropy.units.Unit {unit: '%'}
#       value: !astropy.table.SerializedColumn {name: efficiency}
#     wavelength:
#       __class__: astropy.units.quantity.Quantity
#       unit: !astropy.units.Unit {unit: nm}
#       value: !astropy.table.SerializedColumn {name: wavelength}
# schema: astropy-2.0
amp_name wavelength efficiency
C00 319.994 48.28942108154297
C00 324.969 48.75252151489258
C00 349.982 53.388404846191406
C00 374.975 67.4417495727539
C00 400.019 81.92786407470703
C00 424.965 85.67512512207031
C00 450.035 85.8554916381836
C00 475.003 85.74105072021484
C00 500.018 85.61189270019531
C00 525.002 85.70646667480469
C00 550.029 86.65167236328125
C00 575.023 88.11959075927734
C00 599.982 89.79339599609375
C00 619.997 90.89482879638672
C00 624.979 91.3272705078125
C00 650.012 92.7001724243164
C00 675.004 94.36563110351562
C00 700.03 95.40967559814453
C00 725.012 96.45539093017578
C00 750.022 97.83027648925781
C00 774.987 98.9799575805664
C00 799.976 99.65099334716797
C00 824.988 99.39598083496094
C00 850.022 98.67539978027344
C00 869.967 96.3029556274414
C00 875.002 95.17832946777344
C00 899.999 89.40245819091797
C00 919.999 81.9344482421875
C00 925.012 79.27686309814453
C00 949.965 65.8531265258789
C00 975.002 50.00899887084961
C00 999.976 32.22020721435547
C00 1025.028 15.796553611755371
C00 1050.014 6.526445388793945
C00 1075.002 0.9320137417743208
C00 1099.99 0.09247354723541969
C01 319.994 48.21955871582031
C01 324.969 48.62448501586914
C01 349.982 53.07200241088867
C01 374.975 67.21649932861328
C01 400.019 81.99626922607422
C01 424.965 85.96859741210938
C01 450.035 86.24446105957031
C01 475.003 86.12207794189453
C01 500.018 85.92033386230469
C01 525.002 85.94110870361328
C01 550.029 86.80801391601562
C01 575.023 88.21952056884766
C01 599.982 89.85839080810547
C01 619.997 90.95038604736328
C01 624.979 91.3805923461914
C01 650.012 92.74346923828125
C01 675.004 94.40084075927734
C01 700.03 95.44178009033203
C01 725.012 96.49042510986328
C01 750.022 97.85942077636719
C01 774.987 99.01185607910156
C01 799.976 99.69734191894531
C01 824.988 99.44327545166016
C01 850.022 98.70523834228516
C01 869.967 96.3913345336914
C01 875.002 95.29302978515625
C01 899.999 89.70406341552734
C01 919.999 82.16150665283203
C01 925.012 79.45881652832031
C01 949.965 65.78974151611328
C01 975.002 49.9079704284668
C01 999.976 32.227134704589844
C01 1025.028 15.897985458374023
C01 1050.014 6.5559587478637695
C01 1075.002 0.932291404997254
C01 1099.99 0.09250109672531516
C02 319.994 48.147682189941406
C02 324.969 48.481964111328125
C02 349.982 52.67277145385742
C02 374.975 66.79244232177734
C02 400.019 81.80326843261719
C02 424.965 85.98322296142578
C02 450.035 86.34894561767578
C02 475.003 86.2325668334961
C02 500.018 85.98350524902344
C02 525.002 85.95548248291016
C02 550.029 86.77017211914062
C02 575.023 88.14258575439453
C02 599.982 89.75285339355469
C02 619.997 90.82839965820312
C02 624.979 91.25285339355469
C02 650.012 92.60477447509766
C02 675.004 94.25809478759766
C02 700.03 95.30284881591797
C02 725.012 96.35221862792969
C02 750.022 97.72738647460938
C02 774.987 98.88452911376953
C02 799.976 99.5800552368164
C02 824.988 99.34072875976562
C02 850.022 98.60658264160156
C02 869.967 96.29157257080078
C02 875.002 95.20111083984375
C02 899.999 89.64485168457031
C02 919.999 82.0880126953125
C02 925.012 79.38459014892578
C02 949.965 65.6800765991211
C02 975.002 49.819618225097656
C02 999.976 32.2029914855957
C02 1025.028 15.913617134094238
C02 1050.014 6.5409698486328125
C02 1075.002 0.9310334757997129
C02 1099.99 0.09237628614597092
C03 319.994 47.99604415893555
C03 324.969 48.26750564575195
C03 349.982 52.22465896606445
C03 374.975 66.2851333618164
C03 400.019 81.48306274414062
C03 424.965 85.83881378173828
C03 450.035 86.28360748291016
C03 475.003 86.1619644165039
C03 500.018 85.8854751586914
C03 525.002 85.81084442138672
C03 550.029 86.58702850341797
C03 575.023 87.92533111572266
C03 599.982 89.51486206054688
C03 619.997 90.5726547241211
C03 624.979 90.99588775634766
C03 650.012 92.33499908447266
C03 675.004 93.98571014404297
C03 700.03 95.03707122802734
C03 725.012 96.08650970458984
C03 750.022 97.47679138183594
C03 774.987 98.64171600341797
C03 799.976 99.34455108642578
C03 824.988 99.12836456298828
C03 850.022 98.41436004638672
C03 869.967 96.09719848632812
C03 875.002 95.01606750488281
C03 899.999 89.483154296875
C03 919.999 81.96269989013672
C03 925.012 79.26375579833984
C03 949.965 65.58707427978516
C03 975.002 49.7713737487793
C03 999.976 32.17056655883789
C03 1025.028 15.904391288757324
C03 1050.014 6.529584884643555
C03 1075.002 0.9286459772372471
C03 1099.99 0.09213940073195293
C04 319.994 48.032196044921875
C04 324.969 48.23104476928711
C04 349.982 51.9082145690918
C04 374.975 65.86461639404297
C04 400.019 81.23645782470703
C04 424.965 85.77774047851562
C04 450.035 86.30865478515625
C04 475.003 86.21162414550781
C04 500.018 85.92801666259766
C04 525.002 85.81777954101562
C04 550.029 86.56121826171875
C04 575.023 87.85850524902344
C04 599.982 89.42335510253906
C04 619.997 90.45877075195312
C04 624.979 90.87564849853516
C04 650.012 92.2099609375
C04 675.004 93.85604858398438
C04 700.03 94.91521453857422
C04 725.012 95.97557067871094
C04 750.022 97.3900146484375
C04 774.987 98.5720443725586
C04 799.976 99.3008041381836
C04 824.988 99.10179901123047
C04 850.022 98.40847778320312
C04 869.967 96.11042022705078
C04 875.002 95.03502655029297
C04 899.999 89.52229309082031
C04 919.999 82.01990509033203
C04 925.012 79.32555389404297
C04 949.965 65.69428253173828
C04 975.002 49.823448181152344
C04 999.976 32.20271301269531
C04 1025.028 15.975214004516602
C04 1050.014 6.5466508865356445
C04 1075.002 0.9278190904572182
C04 1099.99 0.09205735778528373
C05 319.994 48.16816329956055
C05 324.969 48.29592514038086
C05 349.982 51.69403839111328
C05 374.975 65.52259826660156
C05 400.019 81.03614044189453
C05 424.965 85.7328872680664
C05 450.035 86.34827423095703
C05 475.003 86.28765106201172
C05 500.018 86.00375366210938
C05 525.002 85.86933135986328
C05 550.029 86.58174896240234
C05 575.023 87.85099792480469
C05 599.982 89.37699127197266
C05 619.997 90.39818572998047
C05 624.979 90.81297302246094
C05 650.012 92.12968444824219
C05 675.004 93.77686309814453
C05 700.03 94.84054565429688
C05 725.012 95.92582702636719
C05 750.022 97.36471557617188
C05 774.987 98.58062744140625
C05 799.976 99.3308334350586
C05 824.988 99.15229034423828
C05 850.022 98.47229766845703
C05 869.967 96.23191833496094
C05 875.002 95.17279052734375
C05 899.999 89.71532440185547
C05 919.999 82.20560455322266
C05 925.012 79.50399780273438
C05 949.965 65.800048828125
C05 975.002 49.834136962890625
C05 999.976 32.24380111694336
C05 1025.028 16.069355010986328
C05 1050.014 6.591541767120361
C05 1075.002 0.9275778145416805
C05 1099.99 0.09203341861059972
C06 319.994 48.29253387451172
C06 324.969 48.370487213134766
C06 349.982 51.605926513671875
C06 374.975 65.38508605957031
C06 400.019 81.05477905273438
C06 424.965 85.8901596069336
C06 450.035 86.55760955810547
C06 475.003 86.49345397949219
C06 500.018 86.19178771972656
C06 525.002 86.03815460205078
C06 550.029 86.73384094238281
C06 575.023 87.9861831665039
C06 599.982 89.50172424316406
C06 619.997 90.53453826904297
C06 624.979 90.94635009765625
C06 650.012 92.26899719238281
C06 675.004 93.91566467285156
C06 700.03 94.9907455444336
C06 725.012 96.11531066894531
C06 750.022 97.58060455322266
C06 774.987 98.83704376220703
C06 799.976 99.6261215209961
C06 824.988 99.4331283569336
C06 850.022 98.746337890625
C06 869.967 96.6101303100586
C06 875.002 95.5660171508789
C06 899.999 90.15377807617188
C06 919.999 82.54473876953125
C06 925.012 79.80941772460938
C06 949.965 65.77102661132812
C06 975.002 49.74384307861328
C06 999.976 32.27119445800781
C06 1025.028 16.12753677368164
C06 1050.014 6.634137153625488
C06 1075.002 0.929634286760819
C06 1099.99 0.09223745989494044
C07 319.994 48.26109313964844
C07 324.969 48.21171188354492
C07 349.982 50.93980407714844
C07 374.975 64.37377166748047
C07 400.019 80.14299011230469
C07 424.965 85.20294189453125
C07 450.035 86.05170440673828
C07 475.003 86.1783676147461
C07 500.018 85.96957397460938
C07 525.002 85.88876342773438
C07 550.029 86.67235565185547
C07 575.023 87.86988067626953
C07 599.982 89.25688934326172
C07 619.997 90.19075012207031
C07 624.979 90.58454132080078
C07 650.012 91.83475494384766
C07 675.004 93.43949890136719
C07 700.03 94.5129623413086
C07 725.012 95.66924285888672
C07 750.022 97.18054962158203
C07 774.987 98.4959945678711
C07 799.976 99.32927703857422
C07 824.988 99.14894104003906
C07 850.022 98.49359893798828
C07 869.967 96.48249053955078
C07 875.002 95.46282958984375
C07 899.999 90.04031372070312
C07 919.999 82.3421630859375
C07 925.012 79.54291534423828
C07 949.965 65.23088073730469
C07 975.002 49.50754928588867
C07 999.976 32.204185485839844
C07 1025.028 15.997358322143555
C07 1050.014 6.564207077026367
C07 1075.002 0.9258225329907847
C07 1099.99 0.09185926118766384
C10 319.994 48.197166442871094
C10 324.969 48.61882781982422
C10 349.982 53.10556411743164
C10 374.975 67.17676544189453
C10 400.019 81.83577728271484
C10 424.965 85.77339935302734
C10 450.035 86.04324340820312
C10 475.003 85.96541595458984
C10 500.018 85.80686950683594
C10 525.002 85.82693481445312
C10 550.029 86.74262237548828
C10 575.023 88.0975341796875
C10 599.982 89.75323486328125
C10 619.997 90.77757263183594
C10 624.979 91.20125579833984
C10 650.012 92.54325866699219
C10 675.004 94.21708679199219
C10 700.03 95.35855865478516
C10 725.012 96.59194946289062
C10 750.022 98.33271026611328
C10 774.987 99.79425048828125
C10 799.976 100.60531616210938
C10 824.988 100.32549285888672
C10 850.022 99.76746368408203
C10 869.967 97.60446166992188
C10 875.002 96.53468322753906
C10 899.999 90.2331771850586
C10 919.999 82.11270904541016
C10 925.012 79.34923553466797
C10 949.965 65.74574279785156
C10 975.002 50.21061706542969
C10 999.976 32.68366622924805
C10 1025.028 15.981649398803711
C10 1050.014 6.558054447174072
C10 1075.002 0.9367975812822661
C10 1099.99 0.09294819539657498
C11 319.994 48.03848648071289
C11 324.969 48.3836669921875
C11 349.982 52.58833312988281
C11 374.975 66.60020446777344
C11 400.019 81.46674346923828
C11 424.965 85.625244140625
C11 450.035 85.99472045898438
C11 475.003 85.92494201660156
C11 500.018 85.72427368164062
C11 525.002 85.68678283691406
C11 550.029 86.53568267822266
C11 575.023 87.84850311279297
C11 599.982 89.46550750732422
C11 619.997 90.47611236572266
C11 624.979 90.8941879272461
C11 650.012 92.22449493408203
C11 675.004 93.89219665527344
C11 700.03 95.02355194091797
C11 725.012 96.2641830444336
C11 750.022 98.00727844238281
C11 774.987 99.48011016845703
C11 799.976 100.30010986328125
C11 824.988 100.03399658203125
C11 850.022 99.48706817626953
C11 869.967 97.34272766113281
C11 875.002 96.28202056884766
C11 899.999 90.05716705322266
C11 919.999 81.95101928710938
C11 925.012 79.13196563720703
C11 949.965 65.3454818725586
C11 975.002 50.00526809692383
C11 999.976 32.64421463012695
C11 1025.028 15.946575164794922
C11 1050.014 6.5959930419921875
C11 1075.002 0.9336971444975466
C11 1099.99 0.09264057290710785
C12 319.994 48.10502624511719
C12 324.969 48.379638671875
C12 349.982 52.31730270385742
C12 374.975 66.3035659790039
C12 400.019 81.44575500488281
C12 424.965 85.83201599121094
C12 450.035 86.30042266845703
C12 475.003 86.24076843261719
C12 500.018 86.00982666015625
C12 525.002 85.9234848022461
C12 550.029 86.72566986083984
C12 575.023 88.00010681152344
C12 599.982 89.59642028808594
C12 619.997 90.59151458740234
C12 624.979 91.00618743896484
C12 650.012 92.33145904541016
C12 675.004 93.99688720703125
C12 700.03 95.13578033447266
C12 725.012 96.38743591308594
C12 750.022 98.14585876464844
C12 774.987 99.63923645019531
C12 799.976 100.47868347167969
C12 824.988 100.22879028320312
C12 850.022 99.69282531738281
C12 869.967 97.54525756835938
C12 875.002 96.48385620117188
C12 899.999 90.26363372802734
C12 919.999 82.14373016357422
C12 925.012 79.30780792236328
C12 949.965 65.48465728759766
C12 975.002 50.1207389831543
C12 999.976 32.72395706176758
C12 1025.028 15.98971939086914
C12 1050.014 6.6346282958984375
C12 1075.002 0.9350172375456168
C12 1099.99 0.09277155132659282
C13 319.994 48.12427520751953
C13 324.969 48.33417892456055
C13 349.982 52.03602981567383
C13 374.975 65.98480987548828
C13 400.019 81.35174560546875
C13 424.965 85.93338012695312
C13 450.035 86.48334503173828
C13 475.003 86.4251708984375
C13 500.018 86.16573333740234
C13 525.002 86.03714752197266
C13 550.029 86.80359649658203
C13 575.023 88.05322265625
C13 599.982 89.62489318847656
C13 619.997 90.61693572998047
C13 624.979 91.03216552734375
C13 650.012 92.3503189086914
C13 675.004 94.0191650390625
C13 700.03 95.16345977783203
C13 725.012 96.43183898925781
C13 750.022 98.20841979980469
C13 774.987 99.71829223632812
C13 799.976 100.57630920410156
C13 824.988 100.33857727050781
C13 850.022 99.8029556274414
C13 869.967 97.64793395996094
C13 875.002 96.58480072021484
C13 899.999 90.36284637451172
C13 919.999 82.24040222167969
C13 925.012 79.40210723876953
C13 949.965 65.57630157470703
C13 975.002 50.1718864440918
C13 999.976 32.7352180480957
C13 1025.028 16.001794815063477
C13 1050.014 6.643720626831055
C13 1075.002 0.935613108454765
C13 1099.99 0.09283067309078313
C14 319.994 48.03343963623047
C14 324.969 48.17234420776367
C14 349.982 51.61216354370117
C14 374.975 65.45149993896484
C14 400.019 80.96554565429688
C14 424.965 85.71858978271484
C14 450.035 86.36431884765625
C14 475.003 86.32904815673828
C14 500.018 86.06561279296875
C14 525.002 85.90336608886719
C14 550.029 86.62579345703125
C14 575.023 87.83977508544922
C14 599.982 89.37098693847656
C14 619.997 90.33975982666016
C14 624.979 90.7512435913086
C14 650.012 92.04815673828125
C14 675.004 93.70651245117188
C14 700.03 94.84841918945312
C14 725.012 96.13260650634766
C14 750.022 97.91952514648438
C14 774.987 99.45154571533203
C14 799.976 100.3274154663086
C14 824.988 100.1047592163086
C14 850.022 99.58745574951172
C14 869.967 97.40914916992188
C14 875.002 96.33454895019531
C14 899.999 90.09403991699219
C14 919.999 82.0111312866211
C14 925.012 79.1917953491211
C14 949.965 65.4636459350586
C14 975.002 50.060977935791016
C14 999.976 32.632869720458984
C14 1025.028 15.941412925720215
C14 1050.014 6.620004177093506
C14 1075.002 0.9328606787136847
C14 1099.99 0.0925575795404784
C15 319.994 47.882442474365234
C15 324.969 47.96812057495117
C15 349.982 51.20281982421875
C15 374.975 64.94999694824219
C15 400.019 80.57661437988281
C15 424.965 85.46930694580078
C15 450.035 86.16828155517578
C15 475.003 86.13533782958984
C15 500.018 85.84811401367188
C15 525.002 85.654296875
C15 550.029 86.34454345703125
C15 575.023 87.53045654296875
C15 599.982 89.04306030273438
C15 619.997 90.00222778320312
C15 624.979 90.40476989746094
C15 650.012 91.70008087158203
C15 675.004 93.35372924804688
C15 700.03 94.4975357055664
C15 725.012 95.79646301269531
C15 750.022 97.5995101928711
C15 774.987 99.15750885009766
C15 799.976 100.04769134521484
C15 824.988 99.85125732421875
C15 850.022 99.3740463256836
C15 869.967 97.17544555664062
C15 875.002 96.08981323242188
C15 899.999 89.82809448242188
C15 919.999 81.85740661621094
C15 925.012 79.08838653564453
C15 949.965 65.55207824707031
C15 975.002 50.086673736572266
C15 999.976 32.61259078979492
C15 1025.028 15.969655990600586
C15 1050.014 6.621806621551514
C15 1075.002 0.929811728545784
C15 1099.99 0.09225506550583225
C16 319.994 48.005916595458984
C16 324.969 48.03282928466797
C16 349.982 51.05387878417969
C16 374.975 64.72904968261719
C16 400.019 80.5045166015625
C16 424.965 85.57587432861328
C16 450.035 86.3738021850586
C16 475.003 86.39847564697266
C16 500.018 86.1269302368164
C16 525.002 85.9041748046875
C16 550.029 86.5825424194336
C16 575.023 87.71315002441406
C16 599.982 89.17594146728516
C16 619.997 90.08887481689453
C16 624.979 90.4875259399414
C16 650.012 91.75162506103516
C16 675.004 93.39944458007812
C16 700.03 94.5484619140625
C16 725.012 95.85980987548828
C16 750.022 97.70459747314453
C16 774.987 99.29449462890625
C16 799.976 100.2095718383789
C16 824.988 100.03401947021484
C16 850.022 99.58761596679688
C16 869.967 97.39668273925781
C16 875.002 96.3155517578125
C16 899.999 90.05424499511719
C16 919.999 82.15229034423828
C16 925.012 79.40348052978516
C16 949.965 65.79141235351562
C16 975.002 50.18970489501953
C16 999.976 32.668548583984375
C16 1025.028 16.050947189331055
C16 1050.014 6.652924537658691
C16 1075.002 0.93081258559989
C16 1099.99 0.09235436962327216
C17 319.994 48.091426849365234
C17 324.969 48.0040168762207
C17 349.982 50.546016693115234
C17 374.975 63.94105911254883
C17 400.019 79.87665557861328
C17 424.965 85.19225311279297
C17 450.035 86.19635772705078
C17 475.003 86.3935546875
C17 500.018 86.19037628173828
C17 525.002 86.03118896484375
C17 550.029 86.72996520996094
C17 575.023 87.7636947631836
C17 599.982 89.07711029052734
C17 619.997 89.90058135986328
C17 624.979 90.27899932861328
C17 650.012 91.47570037841797
C17 675.004 93.08445739746094
C17 700.03 94.23222351074219
C17 725.012 95.5688705444336
C17 750.022 97.456787109375
C17 774.987 99.08982849121094
C17 799.976 100.05267333984375
C17 824.988 99.90939331054688
C17 850.022 99.50273132324219
C17 869.967 97.38192749023438
C17 875.002 96.32194519042969
C17 899.999 90.13667297363281
C17 919.999 82.23653411865234
C17 925.012 79.46267700195312
C17 949.965 65.66578674316406
C17 975.002 50.090545654296875
C17 999.976 32.686737060546875
C17 1025.028 16.145538330078125
C17 1050.014 6.659141540527344
C17 1075.002 0.9284513450397178
C17 1099.99 0.092120089504119
